65535, 0, 7, 0, 255, [0, 42, 0, 13, 1, 0, 43], 
65535, 0, 7, 0, 255, [0, 42, 0, 44, 1, 0, 78], 
65535, 0, 7, 0, 255, [0, 42, 0, 41, 1, 0, 93], 
65535, 0, 7, 0, 255, [0, 42, 0, 45, 1, 0, 98], 
65535, 0, 7, 0, 255, [0, 42, 0, 43, 1, 0, 99], 
65535, 0, 7, 0, 255, [0, 42, 0, 17, 1, 0, 1], 
65535, 0, 7, 0, 255, [0, 42, 0, 41, 2, 0, 93], 
65535, 0, 7, 0, 255, [0, 42, 0, 12, 2, 0, 35], 
65535, 0, 7, 0, 255, [0, 42, 0, 20, 2, 0, 90], 
65535, 0, 7, 0, 255, [0, 42, 0, 14, 2, 0, 93], 
65535, 0, 7, 0, 255, [0, 42, 0, 45, 2, 0, 97], 
65535, 0, 7, 0, 255, [0, 42, 0, 16, 2, 0, 93], 
65535, 0, 7, 0, 255, [0, 42, 0, 44, 2, 0, 91], 
65535, 0, 7, 0, 255, [0, 42, 0, 43, 2, 0, 20], 
65535, 0, 7, 0, 255, [0, 42, 0, 38, 2, 0, 17], 
65535, 0, 7, 0, 255, [0, 35, 0, 32, 1, 0, 80], 
65535, 0, 7, 0, 255, [0, 35, 0, 37, 1, 0, 53], 
65535, 0, 7, 0, 255, [0, 35, 0, 40, 1, 0, 45], 
65535, 0, 7, 0, 255, [0, 35, 0, 33, 1, 0, 88], 
65535, 0, 7, 0, 255, [0, 35, 0, 38, 1, 0, 15], 
65535, 0, 7, 0, 255, [0, 35, 0, 34, 1, 0, 99], 
65535, 0, 7, 0, 255, [0, 35, 0, 11, 1, 0, 80], 
65535, 0, 7, 0, 255, [0, 35, 0, 39, 1, 0, 44], 
65535, 0, 7, 0, 255, [0, 35, 0, 31, 1, 0, 98], 
65535, 0, 7, 0, 255, [0, 35, 0, 36, 1, 0, 41], 
65535, 0, 7, 0, 255, [0, 35, 0, 28, 1, 0, 3], 
65535, 0, 7, 0, 255, [0, 35, 0, 12, 1, 0, 17], 
65535, 0, 7, 0, 255, [0, 35, 0, 29, 1, 0, 24], 
65535, 0, 7, 0, 255, [0, 35, 0, 6, 1, 0, 67], 
65535, 0, 7, 0, 255, [0, 35, 0, 15, 1, 0, 3], 
65535, 0, 7, 0, 255, [0, 35, 0, 13, 1, 0, 9], 
65535, 0, 7, 0, 255, [0, 35, 0, 8, 1, 0, 95], 
65535, 0, 7, 0, 255, [0, 35, 0, 7, 1, 0, 94], 
65535, 0, 7, 0, 255, [0, 35, 0, 14, 1, 0, 1], 
65535, 0, 7, 0, 255, [0, 35, 0, 12, 2, 0, 86], 
65535, 0, 7, 0, 255, [0, 35, 0, 41, 2, 0, 81], 
65535, 0, 7, 0, 255, [0, 35, 0, 32, 2, 0, 80], 
65535, 0, 7, 0, 255, [0, 35, 0, 37, 2, 0, 88], 
65535, 0, 7, 0, 255, [0, 35, 0, 14, 2, 0, 87], 
65535, 0, 7, 0, 255, [0, 35, 0, 16, 2, 0, 36], 
65535, 0, 7, 0, 255, [0, 35, 0, 33, 2, 0, 86], 
65535, 0, 7, 0, 255, [0, 35, 0, 40, 2, 0, 91], 
65535, 0, 7, 0, 255, [0, 35, 0, 44, 2, 0, 20], 
65535, 0, 7, 0, 255, [0, 35, 0, 38, 2, 0, 93], 
65535, 0, 7, 0, 255, [0, 35, 0, 13, 2, 0, 93], 
65535, 0, 7, 0, 255, [0, 35, 0, 15, 2, 0, 89], 
65535, 0, 7, 0, 255, [0, 35, 0, 43, 2, 0, 81], 
65535, 0, 7, 0, 255, [0, 35, 0, 29, 2, 0, 58], 
65535, 0, 7, 0, 255, [0, 35, 0, 34, 2, 0, 96], 
65535, 0, 7, 0, 255, [0, 35, 0, 11, 2, 0, 93], 
65535, 0, 7, 0, 255, [0, 35, 0, 45, 2, 0, 81], 
65535, 0, 7, 0, 255, [0, 35, 0, 39, 2, 0, 96], 
65535, 0, 7, 0, 255, [0, 35, 0, 31, 2, 0, 91], 
65535, 0, 7, 0, 255, [0, 35, 0, 36, 2, 0, 95], 
65535, 0, 7, 0, 255, [0, 35, 0, 6, 2, 0, 93], 
65535, 0, 7, 0, 255, [0, 35, 0, 46, 2, 0, 1], 
65535, 0, 7, 0, 255, [0, 35, 0, 28, 2, 0, 53], 
65535, 0, 7, 0, 255, [0, 35, 0, 8, 2, 0, 96], 
65535, 0, 7, 0, 255, [0, 35, 0, 7, 2, 0, 97], 
65535, 0, 7, 0, 255, [0, 35, 0, 26, 2, 0, 9], 
65535, 0, 7, 0, 255, [0, 35, 0, 27, 2, 0, 16], 
65535, 0, 7, 0, 255, [0, 35, 0, 20, 2, 0, 3], 
65535, 0, 7, 0, 255, [0, 32, 0, 33, 1, 0, 87], 
65535, 0, 7, 0, 255, [0, 32, 0, 37, 1, 0, 13], 
65535, 0, 7, 0, 255, [0, 32, 0, 29, 1, 0, 65], 
65535, 0, 7, 0, 255, [0, 32, 0, 35, 1, 0, 88], 
65535, 0, 7, 0, 255, [0, 32, 0, 34, 1, 0, 95], 
65535, 0, 7, 0, 255, [0, 32, 0, 31, 1, 0, 69], 
65535, 0, 7, 0, 255, [0, 32, 0, 27, 1, 0, 42], 
65535, 0, 7, 0, 255, [0, 32, 0, 38, 1, 0, 15], 
65535, 0, 7, 0, 255, [0, 32, 0, 36, 1, 0, 33], 
65535, 0, 7, 0, 255, [0, 32, 0, 28, 1, 0, 55], 
65535, 0, 7, 0, 255, [0, 32, 0, 41, 1, 0, 1], 
65535, 0, 7, 0, 255, [0, 32, 0, 39, 1, 0, 7], 
65535, 0, 7, 0, 255, [0, 32, 0, 6, 1, 0, 94], 
65535, 0, 7, 0, 255, [0, 32, 0, 40, 1, 0, 6], 
65535, 0, 7, 0, 255, [0, 32, 0, 8, 1, 0, 89], 
65535, 0, 7, 0, 255, [0, 32, 0, 7, 1, 0, 88], 
65535, 0, 7, 0, 255, [0, 32, 0, 33, 2, 0, 99], 
65535, 0, 7, 0, 255, [0, 32, 0, 15, 2, 0, 76], 
65535, 0, 7, 0, 255, [0, 32, 0, 12, 2, 0, 74], 
65535, 0, 7, 0, 255, [0, 32, 0, 37, 2, 0, 97], 
65535, 0, 7, 0, 255, [0, 32, 0, 40, 2, 0, 94], 
65535, 0, 7, 0, 255, [0, 32, 0, 29, 2, 0, 92], 
65535, 0, 7, 0, 255, [0, 32, 0, 35, 2, 0, 97], 
65535, 0, 7, 0, 255, [0, 32, 0, 34, 2, 0, 98], 
65535, 0, 7, 0, 255, [0, 32, 0, 11, 2, 0, 89], 
65535, 0, 7, 0, 255, [0, 32, 0, 38, 2, 0, 55], 
65535, 0, 7, 0, 255, [0, 32, 0, 31, 2, 0, 99], 
65535, 0, 7, 0, 255, [0, 32, 0, 28, 2, 0, 88], 
65535, 0, 7, 0, 255, [0, 32, 0, 27, 2, 0, 85], 
65535, 0, 7, 0, 255, [0, 32, 0, 36, 2, 0, 96], 
65535, 0, 7, 0, 255, [0, 32, 0, 30, 2, 0, 10], 
65535, 0, 7, 0, 255, [0, 32, 0, 39, 2, 0, 30], 
65535, 0, 7, 0, 255, [0, 32, 0, 6, 2, 0, 99], 
65535, 0, 7, 0, 255, [0, 32, 0, 8, 2, 0, 97], 
65535, 0, 7, 0, 255, [0, 32, 0, 7, 2, 0, 97], 
65535, 0, 7, 0, 255, [0, 32, 0, 13, 2, 0, 11], 
65535, 0, 7, 0, 255, [0, 11, 0, 14, 1, 0, 90], 
65535, 0, 7, 0, 255, [0, 11, 0, 15, 1, 0, 90], 
65535, 0, 7, 0, 255, [0, 11, 0, 37, 1, 0, 77], 
65535, 0, 7, 0, 255, [0, 11, 0, 33, 1, 0, 12], 
65535, 0, 7, 0, 255, [0, 11, 0, 13, 1, 0, 93], 
65535, 0, 7, 0, 255, [0, 11, 0, 40, 1, 0, 55], 
65535, 0, 7, 0, 255, [0, 11, 0, 39, 1, 0, 26], 
65535, 0, 7, 0, 255, [0, 11, 0, 35, 1, 0, 61], 
65535, 0, 7, 0, 255, [0, 11, 0, 38, 1, 0, 39], 
65535, 0, 7, 0, 255, [0, 11, 0, 31, 1, 0, 35], 
65535, 0, 7, 0, 255, [0, 11, 0, 34, 1, 0, 15], 
65535, 0, 7, 0, 255, [0, 11, 0, 36, 1, 0, 22], 
65535, 0, 7, 0, 255, [0, 11, 0, 43, 1, 0, 9], 
65535, 0, 7, 0, 255, [0, 11, 0, 41, 1, 0, 3], 
65535, 0, 7, 0, 255, [0, 11, 0, 12, 1, 0, 22], 
65535, 0, 7, 0, 255, [0, 11, 0, 17, 1, 0, 1], 
65535, 0, 7, 0, 255, [0, 11, 0, 7, 1, 0, 21], 
65535, 0, 7, 0, 255, [0, 11, 0, 45, 1, 0, 5], 
65535, 0, 7, 0, 255, [0, 11, 0, 8, 1, 0, 23], 
65535, 0, 7, 0, 255, [0, 11, 0, 6, 1, 0, 5], 
65535, 0, 7, 0, 255, [0, 11, 0, 44, 1, 0, 1], 
65535, 0, 7, 0, 255, [0, 11, 0, 20, 2, 0, 77], 
65535, 0, 7, 0, 255, [0, 11, 0, 41, 2, 0, 90], 
65535, 0, 7, 0, 255, [0, 11, 0, 32, 2, 0, 69], 
65535, 0, 7, 0, 255, [0, 11, 0, 12, 2, 0, 92], 
65535, 0, 7, 0, 255, [0, 11, 0, 14, 2, 0, 88], 
65535, 0, 7, 0, 255, [0, 11, 0, 37, 2, 0, 88], 
65535, 0, 7, 0, 255, [0, 11, 0, 16, 2, 0, 81], 
65535, 0, 7, 0, 255, [0, 11, 0, 33, 2, 0, 78], 
65535, 0, 7, 0, 255, [0, 11, 0, 40, 2, 0, 90], 
65535, 0, 7, 0, 255, [0, 11, 0, 43, 2, 0, 87], 
65535, 0, 7, 0, 255, [0, 11, 0, 38, 2, 0, 91], 
65535, 0, 7, 0, 255, [0, 11, 0, 13, 2, 0, 94], 
65535, 0, 7, 0, 255, [0, 11, 0, 35, 2, 0, 96], 
65535, 0, 7, 0, 255, [0, 11, 0, 15, 2, 0, 92], 
65535, 0, 7, 0, 255, [0, 11, 0, 45, 2, 0, 86], 
65535, 0, 7, 0, 255, [0, 11, 0, 39, 2, 0, 82], 
65535, 0, 7, 0, 255, [0, 11, 0, 31, 2, 0, 91], 
65535, 0, 7, 0, 255, [0, 11, 0, 36, 2, 0, 95], 
65535, 0, 7, 0, 255, [0, 11, 0, 44, 2, 0, 66], 
65535, 0, 7, 0, 255, [0, 11, 0, 34, 2, 0, 42], 
65535, 0, 7, 0, 255, [0, 11, 0, 6, 2, 0, 78], 
65535, 0, 7, 0, 255, [0, 11, 0, 8, 2, 0, 95], 
65535, 0, 7, 0, 255, [0, 11, 0, 7, 2, 0, 90], 
65535, 0, 7, 0, 255, [0, 11, 0, 24, 2, 0, 5], 
65535, 0, 7, 0, 255, [0, 16, 0, 14, 1, 0, 61], 
65535, 0, 7, 0, 255, [0, 16, 0, 41, 1, 0, 96], 
65535, 0, 7, 0, 255, [0, 16, 0, 44, 1, 0, 86], 
65535, 0, 7, 0, 255, [0, 16, 0, 15, 1, 0, 45], 
65535, 0, 7, 0, 255, [0, 16, 0, 20, 1, 0, 95], 
65535, 0, 7, 0, 255, [0, 16, 0, 48, 1, 0, 25], 
65535, 0, 7, 0, 255, [0, 16, 0, 13, 1, 0, 85], 
65535, 0, 7, 0, 255, [0, 16, 0, 43, 1, 0, 86], 
65535, 0, 7, 0, 255, [0, 16, 0, 46, 1, 0, 32], 
65535, 0, 7, 0, 255, [0, 16, 0, 45, 1, 0, 55], 
65535, 0, 7, 0, 255, [0, 16, 0, 19, 1, 0, 99], 
65535, 0, 7, 0, 255, [0, 16, 0, 18, 1, 0, 30], 
65535, 0, 7, 0, 255, [0, 16, 0, 17, 1, 0, 100], 
65535, 0, 7, 0, 255, [0, 16, 0, 12, 1, 0, 16], 
65535, 0, 7, 0, 255, [0, 16, 0, 22, 1, 0, 13], 
65535, 0, 7, 0, 255, [0, 16, 0, 25, 1, 0, 8], 
65535, 0, 7, 0, 255, [0, 16, 0, 24, 1, 0, 17], 
65535, 0, 7, 0, 255, [0, 16, 0, 23, 1, 0, 10], 
65535, 0, 7, 0, 255, [0, 16, 0, 11, 1, 0, 6], 
65535, 0, 7, 0, 255, [0, 16, 0, 21, 1, 0, 20], 
65535, 0, 7, 0, 255, [0, 16, 0, 47, 1, 0, 1], 
65535, 0, 7, 0, 255, [0, 16, 0, 44, 2, 0, 89], 
65535, 0, 7, 0, 255, [0, 16, 0, 20, 2, 0, 92], 
65535, 0, 7, 0, 255, [0, 16, 0, 18, 2, 0, 90], 
65535, 0, 7, 0, 255, [0, 16, 0, 49, 2, 0, 28], 
65535, 0, 7, 0, 255, [0, 16, 0, 12, 2, 0, 91], 
65535, 0, 7, 0, 255, [0, 16, 0, 15, 2, 0, 91], 
65535, 0, 7, 0, 255, [0, 16, 0, 14, 2, 0, 86], 
65535, 0, 7, 0, 255, [0, 16, 0, 41, 2, 0, 89], 
65535, 0, 7, 0, 255, [0, 16, 0, 23, 2, 0, 85], 
65535, 0, 7, 0, 255, [0, 16, 0, 48, 2, 0, 79], 
65535, 0, 7, 0, 255, [0, 16, 0, 13, 2, 0, 91], 
65535, 0, 7, 0, 255, [0, 16, 0, 22, 2, 0, 75], 
65535, 0, 7, 0, 255, [0, 16, 0, 40, 2, 0, 3], 
65535, 0, 7, 0, 255, [0, 16, 0, 46, 2, 0, 83], 
65535, 0, 7, 0, 255, [0, 16, 0, 43, 2, 0, 92], 
65535, 0, 7, 0, 255, [0, 16, 0, 25, 2, 0, 17], 
65535, 0, 7, 0, 255, [0, 16, 0, 35, 2, 0, 33], 
65535, 0, 7, 0, 255, [0, 16, 0, 50, 2, 0, 67], 
65535, 0, 7, 0, 255, [0, 16, 0, 11, 2, 0, 91], 
65535, 0, 7, 0, 255, [0, 16, 0, 45, 2, 0, 92], 
65535, 0, 7, 0, 255, [0, 16, 0, 39, 2, 0, 77], 
65535, 0, 7, 0, 255, [0, 16, 0, 24, 2, 0, 82], 
65535, 0, 7, 0, 255, [0, 16, 0, 42, 2, 0, 74], 
65535, 0, 7, 0, 255, [0, 16, 0, 19, 2, 0, 87], 
65535, 0, 7, 0, 255, [0, 16, 0, 36, 2, 0, 37], 
65535, 0, 7, 0, 255, [0, 16, 0, 17, 2, 0, 90], 
65535, 0, 7, 0, 255, [0, 16, 0, 21, 2, 0, 61], 
65535, 0, 7, 0, 255, [0, 16, 0, 47, 2, 0, 12], 
65535, 0, 7, 0, 255, [0, 16, 0, 8, 2, 0, 53], 
65535, 0, 7, 0, 255, [0, 16, 0, 7, 2, 0, 77], 
65535, 0, 7, 0, 255, [0, 16, 0, 38, 2, 0, 21], 
65535, 0, 7, 0, 255, [0, 16, 0, 31, 2, 0, 15], 
65535, 0, 7, 0, 255, [0, 16, 0, 34, 2, 0, 1], 
65535, 0, 7, 0, 255, [0, 33, 0, 32, 1, 0, 88], 
65535, 0, 7, 0, 255, [0, 33, 0, 37, 1, 0, 59], 
65535, 0, 7, 0, 255, [0, 33, 0, 29, 1, 0, 77], 
65535, 0, 7, 0, 255, [0, 33, 0, 38, 1, 0, 36], 
65535, 0, 7, 0, 255, [0, 33, 0, 40, 1, 0, 1], 
65535, 0, 7, 0, 255, [0, 33, 0, 41, 1, 0, 5], 
65535, 0, 7, 0, 255, [0, 33, 0, 35, 1, 0, 93], 
65535, 0, 7, 0, 255, [0, 33, 0, 34, 1, 0, 96], 
65535, 0, 7, 0, 255, [0, 33, 0, 28, 1, 0, 63], 
65535, 0, 7, 0, 255, [0, 33, 0, 31, 1, 0, 89], 
65535, 0, 7, 0, 255, [0, 33, 0, 11, 1, 0, 41], 
65535, 0, 7, 0, 255, [0, 33, 0, 27, 1, 0, 42], 
65535, 0, 7, 0, 255, [0, 33, 0, 15, 1, 0, 11], 
65535, 0, 7, 0, 255, [0, 33, 0, 36, 1, 0, 33], 
65535, 0, 7, 0, 255, [0, 33, 0, 30, 1, 0, 9], 
65535, 0, 7, 0, 255, [0, 33, 0, 39, 1, 0, 7], 
65535, 0, 7, 0, 255, [0, 33, 0, 6, 1, 0, 85], 
65535, 0, 7, 0, 255, [0, 33, 0, 26, 1, 0, 1], 
65535, 0, 7, 0, 255, [0, 33, 0, 8, 1, 0, 89], 
65535, 0, 7, 0, 255, [0, 33, 0, 7, 1, 0, 92], 
65535, 0, 7, 0, 255, [0, 33, 0, 32, 2, 0, 90], 
65535, 0, 7, 0, 255, [0, 33, 0, 41, 2, 0, 93], 
65535, 0, 7, 0, 255, [0, 33, 0, 15, 2, 0, 93], 
65535, 0, 7, 0, 255, [0, 33, 0, 30, 2, 0, 59], 
65535, 0, 7, 0, 255, [0, 33, 0, 37, 2, 0, 97], 
65535, 0, 7, 0, 255, [0, 33, 0, 40, 2, 0, 94], 
65535, 0, 7, 0, 255, [0, 33, 0, 29, 2, 0, 86], 
65535, 0, 7, 0, 255, [0, 33, 0, 38, 2, 0, 94], 
65535, 0, 7, 0, 255, [0, 33, 0, 13, 2, 0, 90], 
65535, 0, 7, 0, 255, [0, 33, 0, 35, 2, 0, 97], 
65535, 0, 7, 0, 255, [0, 33, 0, 43, 2, 0, 77], 
65535, 0, 7, 0, 255, [0, 33, 0, 34, 2, 0, 97], 
65535, 0, 7, 0, 255, [0, 33, 0, 11, 2, 0, 92], 
65535, 0, 7, 0, 255, [0, 33, 0, 39, 2, 0, 95], 
65535, 0, 7, 0, 255, [0, 33, 0, 31, 2, 0, 99], 
65535, 0, 7, 0, 255, [0, 33, 0, 28, 2, 0, 82], 
65535, 0, 7, 0, 255, [0, 33, 0, 36, 2, 0, 89], 
65535, 0, 7, 0, 255, [0, 33, 0, 6, 2, 0, 98], 
65535, 0, 7, 0, 255, [0, 33, 0, 8, 2, 0, 96], 
65535, 0, 7, 0, 255, [0, 33, 0, 7, 2, 0, 97], 
65535, 0, 7, 0, 255, [0, 33, 0, 45, 2, 0, 1], 
65535, 0, 7, 0, 255, [0, 33, 0, 27, 2, 0, 6], 
65535, 0, 7, 0, 255, [0, 33, 0, 12, 2, 0, 18], 
65535, 0, 7, 0, 255, [0, 20, 0, 18, 1, 0, 92], 
65535, 0, 7, 0, 255, [0, 20, 0, 41, 1, 0, 48], 
65535, 0, 7, 0, 255, [0, 20, 0, 44, 1, 0, 72], 
65535, 0, 7, 0, 255, [0, 20, 0, 16, 1, 0, 96], 
65535, 0, 7, 0, 255, [0, 20, 0, 48, 1, 0, 35], 
65535, 0, 7, 0, 255, [0, 20, 0, 13, 1, 0, 32], 
65535, 0, 7, 0, 255, [0, 20, 0, 14, 1, 0, 29], 
65535, 0, 7, 0, 255, [0, 20, 0, 47, 1, 0, 28], 
65535, 0, 7, 0, 255, [0, 20, 0, 23, 1, 0, 39], 
65535, 0, 7, 0, 255, [0, 20, 0, 45, 1, 0, 34], 
65535, 0, 7, 0, 255, [0, 20, 0, 19, 1, 0, 99], 
65535, 0, 7, 0, 255, [0, 20, 0, 17, 1, 0, 99], 
65535, 0, 7, 0, 255, [0, 20, 0, 43, 1, 0, 75], 
65535, 0, 7, 0, 255, [0, 20, 0, 22, 1, 0, 14], 
65535, 0, 7, 0, 255, [0, 20, 0, 25, 1, 0, 19], 
65535, 0, 7, 0, 255, [0, 20, 0, 12, 1, 0, 20], 
65535, 0, 7, 0, 255, [0, 20, 0, 24, 1, 0, 23], 
65535, 0, 7, 0, 255, [0, 20, 0, 50, 1, 0, 3], 
65535, 0, 7, 0, 255, [0, 20, 0, 49, 1, 0, 8], 
65535, 0, 7, 0, 255, [0, 20, 0, 46, 1, 0, 3], 
65535, 0, 7, 0, 255, [0, 20, 0, 18, 2, 0, 96], 
65535, 0, 7, 0, 255, [0, 20, 0, 14, 2, 0, 86], 
65535, 0, 7, 0, 255, [0, 20, 0, 41, 2, 0, 90], 
65535, 0, 7, 0, 255, [0, 20, 0, 44, 2, 0, 94], 
65535, 0, 7, 0, 255, [0, 20, 0, 25, 2, 0, 84], 
65535, 0, 7, 0, 255, [0, 20, 0, 49, 2, 0, 79], 
65535, 0, 7, 0, 255, [0, 20, 0, 12, 2, 0, 80], 
65535, 0, 7, 0, 255, [0, 20, 0, 16, 2, 0, 96], 
65535, 0, 7, 0, 255, [0, 20, 0, 23, 2, 0, 94], 
65535, 0, 7, 0, 255, [0, 20, 0, 48, 2, 0, 97], 
65535, 0, 7, 0, 255, [0, 20, 0, 47, 2, 0, 71], 
65535, 0, 7, 0, 255, [0, 20, 0, 46, 2, 0, 82], 
65535, 0, 7, 0, 255, [0, 20, 0, 43, 2, 0, 97], 
65535, 0, 7, 0, 255, [0, 20, 0, 50, 2, 0, 43], 
65535, 0, 7, 0, 255, [0, 20, 0, 11, 2, 0, 84], 
65535, 0, 7, 0, 255, [0, 20, 0, 45, 2, 0, 92], 
65535, 0, 7, 0, 255, [0, 20, 0, 24, 2, 0, 94], 
65535, 0, 7, 0, 255, [0, 20, 0, 19, 2, 0, 95], 
65535, 0, 7, 0, 255, [0, 20, 0, 17, 2, 0, 93], 
65535, 0, 7, 0, 255, [0, 20, 0, 13, 2, 0, 49], 
65535, 0, 7, 0, 255, [0, 20, 0, 22, 2, 0, 8], 
65535, 0, 7, 0, 255, [0, 20, 0, 21, 2, 0, 12], 
65535, 0, 7, 0, 255, [0, 20, 0, 15, 2, 0, 3], 
65535, 0, 7, 0, 255, [0, 50, 0, 44, 1, 0, 8], 
65535, 0, 7, 0, 255, [0, 50, 0, 47, 1, 0, 87], 
65535, 0, 7, 0, 255, [0, 50, 0, 48, 1, 0, 93], 
65535, 0, 7, 0, 255, [0, 50, 0, 25, 1, 0, 66], 
65535, 0, 7, 0, 255, [0, 50, 0, 49, 1, 0, 90], 
65535, 0, 7, 0, 255, [0, 50, 0, 23, 1, 0, 67], 
65535, 0, 7, 0, 255, [0, 50, 0, 46, 1, 0, 70], 
65535, 0, 7, 0, 255, [0, 50, 0, 18, 1, 0, 53], 
65535, 0, 7, 0, 255, [0, 50, 0, 21, 1, 0, 50], 
65535, 0, 7, 0, 255, [0, 50, 0, 24, 1, 0, 80], 
65535, 0, 7, 0, 255, [0, 50, 0, 19, 1, 0, 47], 
65535, 0, 7, 0, 255, [0, 50, 0, 22, 1, 0, 47], 
65535, 0, 7, 0, 255, [0, 50, 0, 39, 1, 0, 15], 
65535, 0, 7, 0, 255, [0, 50, 0, 20, 1, 0, 3], 
65535, 0, 7, 0, 255, [0, 50, 0, 38, 1, 0, 1], 
65535, 0, 7, 0, 255, [0, 50, 0, 36, 1, 0, 2], 
65535, 0, 7, 0, 255, [0, 50, 0, 40, 1, 0, 3], 
65535, 0, 7, 0, 255, [0, 50, 0, 43, 1, 0, 5], 
65535, 0, 7, 0, 255, [0, 50, 0, 17, 1, 0, 1], 
65535, 0, 7, 0, 255, [0, 50, 0, 20, 2, 0, 67], 
65535, 0, 7, 0, 255, [0, 50, 0, 21, 2, 0, 98], 
65535, 0, 7, 0, 255, [0, 50, 0, 49, 2, 0, 88], 
65535, 0, 7, 0, 255, [0, 50, 0, 37, 2, 0, 11], 
65535, 0, 7, 0, 255, [0, 50, 0, 16, 2, 0, 67], 
65535, 0, 7, 0, 255, [0, 50, 0, 40, 2, 0, 51], 
65535, 0, 7, 0, 255, [0, 50, 0, 47, 2, 0, 94], 
65535, 0, 7, 0, 255, [0, 50, 0, 43, 2, 0, 86], 
65535, 0, 7, 0, 255, [0, 50, 0, 48, 2, 0, 98], 
65535, 0, 7, 0, 255, [0, 50, 0, 25, 2, 0, 85], 
65535, 0, 7, 0, 255, [0, 50, 0, 46, 2, 0, 97], 
65535, 0, 7, 0, 255, [0, 50, 0, 23, 2, 0, 94], 
65535, 0, 7, 0, 255, [0, 50, 0, 22, 2, 0, 91], 
65535, 0, 7, 0, 255, [0, 50, 0, 18, 2, 0, 86], 
65535, 0, 7, 0, 255, [0, 50, 0, 45, 2, 0, 57], 
65535, 0, 7, 0, 255, [0, 50, 0, 39, 2, 0, 75], 
65535, 0, 7, 0, 255, [0, 50, 0, 24, 2, 0, 94], 
65535, 0, 7, 0, 255, [0, 50, 0, 19, 2, 0, 91], 
65535, 0, 7, 0, 255, [0, 50, 0, 41, 2, 0, 26], 
65535, 0, 7, 0, 255, [0, 50, 0, 17, 2, 0, 17], 
65535, 0, 7, 0, 255, [0, 50, 0, 36, 2, 0, 50], 
65535, 0, 7, 0, 255, [0, 50, 0, 44, 2, 0, 81], 
65535, 0, 7, 0, 255, [0, 50, 0, 38, 2, 0, 78], 
65535, 0, 7, 0, 255, [0, 44, 0, 41, 1, 0, 90], 
65535, 0, 7, 0, 255, [0, 44, 0, 18, 1, 0, 63], 
65535, 0, 7, 0, 255, [0, 44, 0, 20, 1, 0, 76], 
65535, 0, 7, 0, 255, [0, 44, 0, 15, 1, 0, 7], 
65535, 0, 7, 0, 255, [0, 44, 0, 16, 1, 0, 89], 
65535, 0, 7, 0, 255, [0, 44, 0, 37, 1, 0, 15], 
65535, 0, 7, 0, 255, [0, 44, 0, 38, 1, 0, 41], 
65535, 0, 7, 0, 255, [0, 44, 0, 48, 1, 0, 37], 
65535, 0, 7, 0, 255, [0, 44, 0, 13, 1, 0, 54], 
65535, 0, 7, 0, 255, [0, 44, 0, 47, 1, 0, 38], 
65535, 0, 7, 0, 255, [0, 44, 0, 43, 1, 0, 98], 
65535, 0, 7, 0, 255, [0, 44, 0, 25, 1, 0, 4], 
65535, 0, 7, 0, 255, [0, 44, 0, 45, 1, 0, 82], 
65535, 0, 7, 0, 255, [0, 44, 0, 42, 1, 0, 14], 
65535, 0, 7, 0, 255, [0, 44, 0, 19, 1, 0, 85], 
65535, 0, 7, 0, 255, [0, 44, 0, 17, 1, 0, 86], 
65535, 0, 7, 0, 255, [0, 44, 0, 50, 1, 0, 8], 
65535, 0, 7, 0, 255, [0, 44, 0, 39, 1, 0, 20], 
65535, 0, 7, 0, 255, [0, 44, 0, 21, 1, 0, 10], 
65535, 0, 7, 0, 255, [0, 44, 0, 49, 1, 0, 2], 
65535, 0, 7, 0, 255, [0, 44, 0, 46, 1, 0, 8], 
65535, 0, 7, 0, 255, [0, 44, 0, 14, 1, 0, 2], 
65535, 0, 7, 0, 255, [0, 44, 0, 11, 1, 0, 1], 
65535, 0, 7, 0, 255, [0, 44, 0, 49, 2, 0, 28], 
65535, 0, 7, 0, 255, [0, 44, 0, 14, 2, 0, 88], 
65535, 0, 7, 0, 255, [0, 44, 0, 41, 2, 0, 92], 
65535, 0, 7, 0, 255, [0, 44, 0, 15, 2, 0, 96], 
65535, 0, 7, 0, 255, [0, 44, 0, 18, 2, 0, 92], 
65535, 0, 7, 0, 255, [0, 44, 0, 37, 2, 0, 69], 
65535, 0, 7, 0, 255, [0, 44, 0, 20, 2, 0, 92], 
65535, 0, 7, 0, 255, [0, 44, 0, 12, 2, 0, 75], 
65535, 0, 7, 0, 255, [0, 44, 0, 40, 2, 0, 76], 
65535, 0, 7, 0, 255, [0, 44, 0, 16, 2, 0, 92], 
65535, 0, 7, 0, 255, [0, 44, 0, 25, 2, 0, 12], 
65535, 0, 7, 0, 255, [0, 44, 0, 38, 2, 0, 66], 
65535, 0, 7, 0, 255, [0, 44, 0, 48, 2, 0, 65], 
65535, 0, 7, 0, 255, [0, 44, 0, 13, 2, 0, 87], 
65535, 0, 7, 0, 255, [0, 44, 0, 46, 2, 0, 66], 
65535, 0, 7, 0, 255, [0, 44, 0, 21, 2, 0, 56], 
65535, 0, 7, 0, 255, [0, 44, 0, 43, 2, 0, 96], 
65535, 0, 7, 0, 255, [0, 44, 0, 50, 2, 0, 83], 
65535, 0, 7, 0, 255, [0, 44, 0, 11, 2, 0, 86], 
65535, 0, 7, 0, 255, [0, 44, 0, 45, 2, 0, 93], 
65535, 0, 7, 0, 255, [0, 44, 0, 39, 2, 0, 85], 
65535, 0, 7, 0, 255, [0, 44, 0, 24, 2, 0, 9], 
65535, 0, 7, 0, 255, [0, 44, 0, 42, 2, 0, 83], 
65535, 0, 7, 0, 255, [0, 44, 0, 47, 2, 0, 16], 
65535, 0, 7, 0, 255, [0, 44, 0, 19, 2, 0, 85], 
65535, 0, 7, 0, 255, [0, 44, 0, 36, 2, 0, 63], 
65535, 0, 7, 0, 255, [0, 44, 0, 22, 2, 0, 19], 
65535, 0, 7, 0, 255, [0, 44, 0, 17, 2, 0, 92], 
65535, 0, 7, 0, 255, [0, 44, 0, 35, 2, 0, 11], 
65535, 0, 7, 0, 255, [0, 44, 0, 23, 2, 0, 18], 
65535, 0, 7, 0, 255, [0, 21, 0, 22, 1, 0, 88], 
65535, 0, 7, 0, 255, [0, 21, 0, 41, 1, 0, 45], 
65535, 0, 7, 0, 255, [0, 21, 0, 47, 1, 0, 52], 
65535, 0, 7, 0, 255, [0, 21, 0, 48, 1, 0, 53], 
65535, 0, 7, 0, 255, [0, 21, 0, 16, 1, 0, 15], 
65535, 0, 7, 0, 255, [0, 21, 0, 25, 1, 0, 85], 
65535, 0, 7, 0, 255, [0, 21, 0, 23, 1, 0, 94], 
65535, 0, 7, 0, 255, [0, 21, 0, 13, 1, 0, 35], 
65535, 0, 7, 0, 255, [0, 21, 0, 46, 1, 0, 98], 
65535, 0, 7, 0, 255, [0, 21, 0, 49, 1, 0, 42], 
65535, 0, 7, 0, 255, [0, 21, 0, 50, 1, 0, 67], 
65535, 0, 7, 0, 255, [0, 21, 0, 45, 1, 0, 30], 
65535, 0, 7, 0, 255, [0, 21, 0, 24, 1, 0, 94], 
65535, 0, 7, 0, 255, [0, 21, 0, 19, 1, 0, 50], 
65535, 0, 7, 0, 255, [0, 21, 0, 18, 1, 0, 15], 
65535, 0, 7, 0, 255, [0, 21, 0, 44, 1, 0, 14], 
65535, 0, 7, 0, 255, [0, 21, 0, 43, 1, 0, 29], 
65535, 0, 7, 0, 255, [0, 21, 0, 17, 1, 0, 2], 
65535, 0, 7, 0, 255, [0, 21, 0, 40, 1, 0, 1], 
65535, 0, 7, 0, 255, [0, 21, 0, 39, 1, 0, 1], 
65535, 0, 7, 0, 255, [0, 21, 0, 22, 2, 0, 95], 
65535, 0, 7, 0, 255, [0, 21, 0, 12, 2, 0, 69], 
65535, 0, 7, 0, 255, [0, 21, 0, 47, 2, 0, 95], 
65535, 0, 7, 0, 255, [0, 21, 0, 48, 2, 0, 98], 
65535, 0, 7, 0, 255, [0, 21, 0, 25, 2, 0, 82], 
65535, 0, 7, 0, 255, [0, 21, 0, 13, 2, 0, 60], 
65535, 0, 7, 0, 255, [0, 21, 0, 46, 2, 0, 91], 
65535, 0, 7, 0, 255, [0, 21, 0, 23, 2, 0, 93], 
65535, 0, 7, 0, 255, [0, 21, 0, 15, 2, 0, 78], 
65535, 0, 7, 0, 255, [0, 21, 0, 18, 2, 0, 87], 
65535, 0, 7, 0, 255, [0, 21, 0, 41, 2, 0, 85], 
65535, 0, 7, 0, 255, [0, 21, 0, 49, 2, 0, 84], 
65535, 0, 7, 0, 255, [0, 21, 0, 14, 2, 0, 44], 
65535, 0, 7, 0, 255, [0, 21, 0, 43, 2, 0, 43], 
65535, 0, 7, 0, 255, [0, 21, 0, 44, 2, 0, 49], 
65535, 0, 7, 0, 255, [0, 21, 0, 50, 2, 0, 93], 
65535, 0, 7, 0, 255, [0, 21, 0, 45, 2, 0, 88], 
65535, 0, 7, 0, 255, [0, 21, 0, 24, 2, 0, 95], 
65535, 0, 7, 0, 255, [0, 21, 0, 17, 2, 0, 92], 
65535, 0, 7, 0, 255, [0, 21, 0, 16, 2, 0, 35], 
65535, 0, 7, 0, 255, [0, 21, 0, 19, 2, 0, 51], 
65535, 0, 7, 0, 255, [0, 21, 0, 20, 2, 0, 41], 
65535, 0, 7, 0, 255, [0, 21, 0, 39, 2, 0, 26], 
65535, 0, 7, 0, 255, [0, 21, 0, 38, 2, 0, 1], 
65535, 0, 7, 0, 255, [0, 21, 0, 36, 2, 0, 1], 
65535, 0, 7, 0, 255, [0, 46, 0, 49, 1, 0, 79], 
65535, 0, 7, 0, 255, [0, 46, 0, 22, 1, 0, 61], 
65535, 0, 7, 0, 255, [0, 46, 0, 18, 1, 0, 57], 
65535, 0, 7, 0, 255, [0, 46, 0, 47, 1, 0, 81], 
65535, 0, 7, 0, 255, [0, 46, 0, 48, 1, 0, 89], 
65535, 0, 7, 0, 255, [0, 46, 0, 25, 1, 0, 80], 
65535, 0, 7, 0, 255, [0, 46, 0, 23, 1, 0, 89], 
65535, 0, 7, 0, 255, [0, 46, 0, 21, 1, 0, 94], 
65535, 0, 7, 0, 255, [0, 46, 0, 44, 1, 0, 5], 
65535, 0, 7, 0, 255, [0, 46, 0, 38, 1, 0, 50], 
65535, 0, 7, 0, 255, [0, 46, 0, 50, 1, 0, 83], 
65535, 0, 7, 0, 255, [0, 46, 0, 40, 1, 0, 46], 
65535, 0, 7, 0, 255, [0, 46, 0, 19, 1, 0, 42], 
65535, 0, 7, 0, 255, [0, 46, 0, 24, 1, 0, 80], 
65535, 0, 7, 0, 255, [0, 46, 0, 37, 1, 0, 8], 
65535, 0, 7, 0, 255, [0, 46, 0, 39, 1, 0, 35], 
65535, 0, 7, 0, 255, [0, 46, 0, 36, 1, 0, 13], 
65535, 0, 7, 0, 255, [0, 46, 0, 43, 1, 0, 17], 
65535, 0, 7, 0, 255, [0, 46, 0, 41, 1, 0, 14], 
65535, 0, 7, 0, 255, [0, 46, 0, 16, 1, 0, 14], 
65535, 0, 7, 0, 255, [0, 46, 0, 17, 1, 0, 1], 
65535, 0, 7, 0, 255, [0, 46, 0, 20, 1, 0, 2], 
65535, 0, 7, 0, 255, [0, 46, 0, 45, 1, 0, 1], 
65535, 0, 7, 0, 255, [0, 46, 0, 23, 2, 0, 93], 
65535, 0, 7, 0, 255, [0, 46, 0, 22, 2, 0, 92], 
65535, 0, 7, 0, 255, [0, 46, 0, 20, 2, 0, 81], 
65535, 0, 7, 0, 255, [0, 46, 0, 49, 2, 0, 84], 
65535, 0, 7, 0, 255, [0, 46, 0, 37, 2, 0, 69], 
65535, 0, 7, 0, 255, [0, 46, 0, 16, 2, 0, 84], 
65535, 0, 7, 0, 255, [0, 46, 0, 40, 2, 0, 80], 
65535, 0, 7, 0, 255, [0, 46, 0, 47, 2, 0, 94], 
65535, 0, 7, 0, 255, [0, 46, 0, 44, 2, 0, 72], 
65535, 0, 7, 0, 255, [0, 46, 0, 38, 2, 0, 88], 
65535, 0, 7, 0, 255, [0, 46, 0, 48, 2, 0, 98], 
65535, 0, 7, 0, 255, [0, 46, 0, 25, 2, 0, 84], 
65535, 0, 7, 0, 255, [0, 46, 0, 21, 2, 0, 95], 
65535, 0, 7, 0, 255, [0, 46, 0, 41, 2, 0, 80], 
65535, 0, 7, 0, 255, [0, 46, 0, 43, 2, 0, 89], 
65535, 0, 7, 0, 255, [0, 46, 0, 18, 2, 0, 58], 
65535, 0, 7, 0, 255, [0, 46, 0, 50, 2, 0, 93], 
65535, 0, 7, 0, 255, [0, 46, 0, 45, 2, 0, 84], 
65535, 0, 7, 0, 255, [0, 46, 0, 39, 2, 0, 85], 
65535, 0, 7, 0, 255, [0, 46, 0, 24, 2, 0, 95], 
65535, 0, 7, 0, 255, [0, 46, 0, 31, 2, 0, 2], 
65535, 0, 7, 0, 255, [0, 46, 0, 19, 2, 0, 82], 
65535, 0, 7, 0, 255, [0, 46, 0, 17, 2, 0, 86], 
65535, 0, 7, 0, 255, [0, 46, 0, 36, 2, 0, 78], 
65535, 0, 7, 0, 255, [0, 46, 0, 12, 2, 0, 3], 
65535, 0, 7, 0, 255, [0, 25, 0, 49, 1, 0, 42], 
65535, 0, 7, 0, 255, [0, 25, 0, 16, 1, 0, 9], 
65535, 0, 7, 0, 255, [0, 25, 0, 23, 1, 0, 81], 
65535, 0, 7, 0, 255, [0, 25, 0, 38, 1, 0, 9], 
65535, 0, 7, 0, 255, [0, 25, 0, 48, 1, 0, 64], 
65535, 0, 7, 0, 255, [0, 25, 0, 22, 1, 0, 81], 
65535, 0, 7, 0, 255, [0, 25, 0, 47, 1, 0, 45], 
65535, 0, 7, 0, 255, [0, 25, 0, 46, 1, 0, 88], 
65535, 0, 7, 0, 255, [0, 25, 0, 21, 1, 0, 79], 
65535, 0, 7, 0, 255, [0, 25, 0, 44, 1, 0, 4], 
65535, 0, 7, 0, 255, [0, 25, 0, 50, 1, 0, 64], 
65535, 0, 7, 0, 255, [0, 25, 0, 24, 1, 0, 96], 
65535, 0, 7, 0, 255, [0, 25, 0, 19, 1, 0, 83], 
65535, 0, 7, 0, 255, [0, 25, 0, 18, 1, 0, 42], 
65535, 0, 7, 0, 255, [0, 25, 0, 39, 1, 0, 1], 
65535, 0, 7, 0, 255, [0, 25, 0, 20, 1, 0, 14], 
65535, 0, 7, 0, 255, [0, 25, 0, 45, 1, 0, 3], 
65535, 0, 7, 0, 255, [0, 25, 0, 17, 1, 0, 27], 
65535, 0, 7, 0, 255, [0, 25, 0, 40, 1, 0, 10], 
65535, 0, 7, 0, 255, [0, 25, 0, 49, 2, 0, 89], 
65535, 0, 7, 0, 255, [0, 25, 0, 18, 2, 0, 96], 
65535, 0, 7, 0, 255, [0, 25, 0, 20, 2, 0, 90], 
65535, 0, 7, 0, 255, [0, 25, 0, 23, 2, 0, 97], 
65535, 0, 7, 0, 255, [0, 25, 0, 48, 2, 0, 99], 
65535, 0, 7, 0, 255, [0, 25, 0, 22, 2, 0, 99], 
65535, 0, 7, 0, 255, [0, 25, 0, 47, 2, 0, 97], 
65535, 0, 7, 0, 255, [0, 25, 0, 46, 2, 0, 99], 
65535, 0, 7, 0, 255, [0, 25, 0, 21, 2, 0, 99], 
65535, 0, 7, 0, 255, [0, 25, 0, 50, 2, 0, 97], 
65535, 0, 7, 0, 255, [0, 25, 0, 24, 2, 0, 96], 
65535, 0, 7, 0, 255, [0, 25, 0, 19, 2, 0, 59], 
65535, 0, 7, 0, 255, [0, 25, 0, 38, 2, 0, 9], 
65535, 0, 7, 0, 255, [0, 25, 0, 17, 2, 0, 54], 
65535, 0, 7, 0, 255, [0, 25, 0, 44, 2, 0, 1], 
65535, 0, 7, 0, 255, [0, 25, 0, 13, 2, 0, 7], 
65535, 0, 7, 0, 255, [0, 25, 0, 45, 2, 0, 2], 
65535, 0, 7, 0, 255, [0, 38, 0, 14, 1, 0, 57], 
65535, 0, 7, 0, 255, [0, 38, 0, 41, 1, 0, 30], 
65535, 0, 7, 0, 255, [0, 38, 0, 37, 1, 0, 78], 
65535, 0, 7, 0, 255, [0, 38, 0, 40, 1, 0, 87], 
65535, 0, 7, 0, 255, [0, 38, 0, 15, 1, 0, 56], 
65535, 0, 7, 0, 255, [0, 38, 0, 12, 1, 0, 51], 
65535, 0, 7, 0, 255, [0, 38, 0, 25, 1, 0, 9], 
65535, 0, 7, 0, 255, [0, 38, 0, 46, 1, 0, 23], 
65535, 0, 7, 0, 255, [0, 38, 0, 44, 1, 0, 21], 
65535, 0, 7, 0, 255, [0, 38, 0, 43, 1, 0, 37], 
65535, 0, 7, 0, 255, [0, 38, 0, 13, 1, 0, 23], 
65535, 0, 7, 0, 255, [0, 38, 0, 32, 1, 0, 6], 
65535, 0, 7, 0, 255, [0, 38, 0, 11, 1, 0, 50], 
65535, 0, 7, 0, 255, [0, 38, 0, 39, 1, 0, 97], 
65535, 0, 7, 0, 255, [0, 38, 0, 33, 1, 0, 21], 
65535, 0, 7, 0, 255, [0, 38, 0, 36, 1, 0, 48], 
65535, 0, 7, 0, 255, [0, 38, 0, 31, 1, 0, 13], 
65535, 0, 7, 0, 255, [0, 38, 0, 45, 1, 0, 20], 
65535, 0, 7, 0, 255, [0, 38, 0, 35, 1, 0, 12], 
65535, 0, 7, 0, 255, [0, 38, 0, 47, 1, 0, 7], 
65535, 0, 7, 0, 255, [0, 38, 0, 44, 2, 0, 53], 
65535, 0, 7, 0, 255, [0, 38, 0, 25, 2, 0, 51], 
65535, 0, 7, 0, 255, [0, 38, 0, 15, 2, 0, 90], 
65535, 0, 7, 0, 255, [0, 38, 0, 32, 2, 0, 52], 
65535, 0, 7, 0, 255, [0, 38, 0, 14, 2, 0, 87], 
65535, 0, 7, 0, 255, [0, 38, 0, 37, 2, 0, 85], 
65535, 0, 7, 0, 255, [0, 38, 0, 41, 2, 0, 91], 
65535, 0, 7, 0, 255, [0, 38, 0, 12, 2, 0, 93], 
65535, 0, 7, 0, 255, [0, 38, 0, 40, 2, 0, 94], 
65535, 0, 7, 0, 255, [0, 38, 0, 33, 2, 0, 77], 
65535, 0, 7, 0, 255, [0, 38, 0, 48, 2, 0, 39], 
65535, 0, 7, 0, 255, [0, 38, 0, 13, 2, 0, 91], 
65535, 0, 7, 0, 255, [0, 38, 0, 47, 2, 0, 35], 
65535, 0, 7, 0, 255, [0, 38, 0, 46, 2, 0, 84], 
65535, 0, 7, 0, 255, [0, 38, 0, 35, 2, 0, 89], 
65535, 0, 7, 0, 255, [0, 38, 0, 43, 2, 0, 87], 
65535, 0, 7, 0, 255, [0, 38, 0, 34, 2, 0, 88], 
65535, 0, 7, 0, 255, [0, 38, 0, 50, 2, 0, 70], 
65535, 0, 7, 0, 255, [0, 38, 0, 11, 2, 0, 94], 
65535, 0, 7, 0, 255, [0, 38, 0, 45, 2, 0, 84], 
65535, 0, 7, 0, 255, [0, 38, 0, 39, 2, 0, 96], 
65535, 0, 7, 0, 255, [0, 38, 0, 24, 2, 0, 34], 
65535, 0, 7, 0, 255, [0, 38, 0, 31, 2, 0, 84], 
65535, 0, 7, 0, 255, [0, 38, 0, 36, 2, 0, 89], 
65535, 0, 7, 0, 255, [0, 38, 0, 8, 2, 0, 83], 
65535, 0, 7, 0, 255, [0, 38, 0, 20, 2, 0, 7], 
65535, 0, 7, 0, 255, [0, 38, 0, 16, 2, 0, 10], 
65535, 0, 7, 0, 255, [0, 38, 0, 7, 2, 0, 40], 
65535, 0, 7, 0, 255, [0, 38, 0, 49, 2, 0, 6], 
65535, 0, 7, 0, 255, [0, 38, 0, 22, 2, 0, 2], 
65535, 0, 7, 0, 255, [0, 38, 0, 21, 2, 0, 3], 
65535, 0, 7, 0, 255, [0, 38, 0, 23, 2, 0, 1], 
65535, 0, 7, 0, 255, [0, 41, 0, 44, 1, 0, 61], 
65535, 0, 7, 0, 255, [0, 41, 0, 12, 1, 0, 52], 
65535, 0, 7, 0, 255, [0, 41, 0, 14, 1, 0, 59], 
65535, 0, 7, 0, 255, [0, 41, 0, 15, 1, 0, 30], 
65535, 0, 7, 0, 255, [0, 41, 0, 40, 1, 0, 16], 
65535, 0, 7, 0, 255, [0, 41, 0, 16, 1, 0, 71], 
65535, 0, 7, 0, 255, [0, 41, 0, 38, 1, 0, 52], 
65535, 0, 7, 0, 255, [0, 41, 0, 13, 1, 0, 78], 
65535, 0, 7, 0, 255, [0, 41, 0, 20, 1, 0, 29], 
65535, 0, 7, 0, 255, [0, 41, 0, 21, 1, 0, 41], 
65535, 0, 7, 0, 255, [0, 41, 0, 43, 1, 0, 100], 
65535, 0, 7, 0, 255, [0, 41, 0, 46, 1, 0, 11], 
65535, 0, 7, 0, 255, [0, 41, 0, 19, 1, 0, 43], 
65535, 0, 7, 0, 255, [0, 41, 0, 39, 1, 0, 63], 
65535, 0, 7, 0, 255, [0, 41, 0, 45, 1, 0, 92], 
65535, 0, 7, 0, 255, [0, 41, 0, 42, 1, 0, 39], 
65535, 0, 7, 0, 255, [0, 41, 0, 33, 1, 0, 9], 
65535, 0, 7, 0, 255, [0, 41, 0, 36, 1, 0, 25], 
65535, 0, 7, 0, 255, [0, 41, 0, 37, 1, 0, 6], 
65535, 0, 7, 0, 255, [0, 41, 0, 11, 1, 0, 13], 
65535, 0, 7, 0, 255, [0, 41, 0, 24, 1, 0, 5], 
65535, 0, 7, 0, 255, [0, 41, 0, 17, 1, 0, 26], 
65535, 0, 7, 0, 255, [0, 41, 0, 18, 1, 0, 3], 
65535, 0, 7, 0, 255, [0, 41, 0, 48, 1, 0, 1], 
65535, 0, 7, 0, 255, [0, 41, 0, 22, 1, 0, 2], 
65535, 0, 7, 0, 255, [0, 41, 0, 47, 1, 0, 1], 
65535, 0, 7, 0, 255, [0, 41, 0, 14, 2, 0, 92], 
65535, 0, 7, 0, 255, [0, 41, 0, 33, 2, 0, 77], 
65535, 0, 7, 0, 255, [0, 41, 0, 15, 2, 0, 96], 
65535, 0, 7, 0, 255, [0, 41, 0, 44, 2, 0, 84], 
65535, 0, 7, 0, 255, [0, 41, 0, 18, 2, 0, 34], 
65535, 0, 7, 0, 255, [0, 41, 0, 12, 2, 0, 93], 
65535, 0, 7, 0, 255, [0, 41, 0, 37, 2, 0, 80], 
65535, 0, 7, 0, 255, [0, 41, 0, 20, 2, 0, 84], 
65535, 0, 7, 0, 255, [0, 41, 0, 40, 2, 0, 83], 
65535, 0, 7, 0, 255, [0, 41, 0, 16, 2, 0, 92], 
65535, 0, 7, 0, 255, [0, 41, 0, 38, 2, 0, 89], 
65535, 0, 7, 0, 255, [0, 41, 0, 48, 2, 0, 25], 
65535, 0, 7, 0, 255, [0, 41, 0, 13, 2, 0, 90], 
65535, 0, 7, 0, 255, [0, 41, 0, 22, 2, 0, 54], 
65535, 0, 7, 0, 255, [0, 41, 0, 21, 2, 0, 91], 
65535, 0, 7, 0, 255, [0, 41, 0, 47, 2, 0, 18], 
65535, 0, 7, 0, 255, [0, 41, 0, 43, 2, 0, 98], 
65535, 0, 7, 0, 255, [0, 41, 0, 23, 2, 0, 42], 
65535, 0, 7, 0, 255, [0, 41, 0, 35, 2, 0, 59], 
65535, 0, 7, 0, 255, [0, 41, 0, 11, 2, 0, 94], 
65535, 0, 7, 0, 255, [0, 41, 0, 45, 2, 0, 91], 
65535, 0, 7, 0, 255, [0, 41, 0, 39, 2, 0, 91], 
65535, 0, 7, 0, 255, [0, 41, 0, 42, 2, 0, 76], 
65535, 0, 7, 0, 255, [0, 41, 0, 31, 2, 0, 60], 
65535, 0, 7, 0, 255, [0, 41, 0, 46, 2, 0, 56], 
65535, 0, 7, 0, 255, [0, 41, 0, 19, 2, 0, 12], 
65535, 0, 7, 0, 255, [0, 41, 0, 50, 2, 0, 12], 
65535, 0, 7, 0, 255, [0, 41, 0, 36, 2, 0, 80], 
65535, 0, 7, 0, 255, [0, 41, 0, 17, 2, 0, 62], 
65535, 0, 7, 0, 255, [0, 41, 0, 24, 2, 0, 5], 
65535, 0, 7, 0, 255, [0, 41, 0, 25, 2, 0, 3], 
65535, 0, 7, 0, 255, [0, 41, 0, 34, 2, 0, 4], 
65535, 0, 7, 0, 255, [0, 41, 0, 8, 2, 0, 1], 
65535, 0, 7, 0, 255, [0, 39, 0, 40, 1, 0, 88], 
65535, 0, 7, 0, 255, [0, 39, 0, 38, 1, 0, 96], 
65535, 0, 7, 0, 255, [0, 39, 0, 43, 1, 0, 23], 
65535, 0, 7, 0, 255, [0, 39, 0, 37, 1, 0, 50], 
65535, 0, 7, 0, 255, [0, 39, 0, 13, 1, 0, 52], 
65535, 0, 7, 0, 255, [0, 39, 0, 47, 1, 0, 26], 
65535, 0, 7, 0, 255, [0, 39, 0, 41, 1, 0, 38], 
65535, 0, 7, 0, 255, [0, 39, 0, 15, 1, 0, 22], 
65535, 0, 7, 0, 255, [0, 39, 0, 36, 1, 0, 57], 
65535, 0, 7, 0, 255, [0, 39, 0, 34, 1, 0, 10], 
65535, 0, 7, 0, 255, [0, 39, 0, 45, 1, 0, 20], 
65535, 0, 7, 0, 255, [0, 39, 0, 35, 1, 0, 18], 
65535, 0, 7, 0, 255, [0, 39, 0, 14, 1, 0, 37], 
65535, 0, 7, 0, 255, [0, 39, 0, 11, 1, 0, 42], 
65535, 0, 7, 0, 255, [0, 39, 0, 12, 1, 0, 25], 
65535, 0, 7, 0, 255, [0, 39, 0, 49, 1, 0, 5], 
65535, 0, 7, 0, 255, [0, 39, 0, 44, 1, 0, 8], 
65535, 0, 7, 0, 255, [0, 39, 0, 46, 1, 0, 14], 
65535, 0, 7, 0, 255, [0, 39, 0, 48, 1, 0, 10], 
65535, 0, 7, 0, 255, [0, 39, 0, 50, 1, 0, 5], 
65535, 0, 7, 0, 255, [0, 39, 0, 33, 1, 0, 3], 
65535, 0, 7, 0, 255, [0, 39, 0, 21, 1, 0, 1], 
65535, 0, 7, 0, 255, [0, 39, 0, 16, 2, 0, 58], 
65535, 0, 7, 0, 255, [0, 39, 0, 33, 2, 0, 74], 
65535, 0, 7, 0, 255, [0, 39, 0, 40, 2, 0, 87], 
65535, 0, 7, 0, 255, [0, 39, 0, 47, 2, 0, 67], 
65535, 0, 7, 0, 255, [0, 39, 0, 43, 2, 0, 90], 
65535, 0, 7, 0, 255, [0, 39, 0, 48, 2, 0, 43], 
65535, 0, 7, 0, 255, [0, 39, 0, 38, 2, 0, 87], 
65535, 0, 7, 0, 255, [0, 39, 0, 13, 2, 0, 90], 
65535, 0, 7, 0, 255, [0, 39, 0, 25, 2, 0, 2], 
65535, 0, 7, 0, 255, [0, 39, 0, 46, 2, 0, 83], 
65535, 0, 7, 0, 255, [0, 39, 0, 23, 2, 0, 21], 
65535, 0, 7, 0, 255, [0, 39, 0, 35, 2, 0, 87], 
65535, 0, 7, 0, 255, [0, 39, 0, 15, 2, 0, 53], 
65535, 0, 7, 0, 255, [0, 39, 0, 41, 2, 0, 88], 
65535, 0, 7, 0, 255, [0, 39, 0, 50, 2, 0, 67], 
65535, 0, 7, 0, 255, [0, 39, 0, 11, 2, 0, 75], 
65535, 0, 7, 0, 255, [0, 39, 0, 12, 2, 0, 85], 
65535, 0, 7, 0, 255, [0, 39, 0, 49, 2, 0, 48], 
65535, 0, 7, 0, 255, [0, 39, 0, 37, 2, 0, 84], 
65535, 0, 7, 0, 255, [0, 39, 0, 45, 2, 0, 64], 
65535, 0, 7, 0, 255, [0, 39, 0, 24, 2, 0, 64], 
65535, 0, 7, 0, 255, [0, 39, 0, 31, 2, 0, 84], 
65535, 0, 7, 0, 255, [0, 39, 0, 34, 2, 0, 74], 
65535, 0, 7, 0, 255, [0, 39, 0, 22, 2, 0, 74], 
65535, 0, 7, 0, 255, [0, 39, 0, 14, 2, 0, 81], 
65535, 0, 7, 0, 255, [0, 39, 0, 36, 2, 0, 92], 
65535, 0, 7, 0, 255, [0, 39, 0, 32, 2, 0, 42], 
65535, 0, 7, 0, 255, [0, 39, 0, 44, 2, 0, 64], 
65535, 0, 7, 0, 255, [0, 39, 0, 21, 2, 0, 22], 
65535, 0, 7, 0, 255, [0, 39, 0, 7, 2, 0, 67], 
65535, 0, 7, 0, 255, [0, 39, 0, 8, 2, 0, 33], 
65535, 0, 7, 0, 255, [0, 39, 0, 6, 2, 0, 2], 
65535, 0, 7, 0, 255, [0, 6, 0, 34, 1, 0, 86], 
65535, 0, 7, 0, 255, [0, 6, 0, 33, 1, 0, 81], 
65535, 0, 7, 0, 255, [0, 6, 0, 32, 1, 0, 79], 
65535, 0, 7, 0, 255, [0, 6, 0, 29, 1, 0, 46], 
65535, 0, 7, 0, 255, [0, 6, 0, 28, 1, 0, 30], 
65535, 0, 7, 0, 255, [0, 6, 0, 31, 1, 0, 50], 
65535, 0, 7, 0, 255, [0, 6, 0, 35, 1, 0, 64], 
65535, 0, 7, 0, 255, [0, 6, 0, 15, 1, 0, 25], 
65535, 0, 7, 0, 255, [0, 6, 0, 13, 1, 0, 19], 
65535, 0, 7, 0, 255, [0, 6, 0, 11, 1, 0, 22], 
65535, 0, 7, 0, 255, [0, 6, 0, 8, 1, 0, 96], 
65535, 0, 7, 0, 255, [0, 6, 0, 7, 1, 0, 100], 
65535, 0, 7, 0, 255, [0, 6, 0, 15, 2, 0, 52], 
65535, 0, 7, 0, 255, [0, 6, 0, 39, 2, 0, 35], 
65535, 0, 7, 0, 255, [0, 6, 0, 32, 2, 0, 78], 
65535, 0, 7, 0, 255, [0, 6, 0, 36, 2, 0, 11], 
65535, 0, 7, 0, 255, [0, 6, 0, 33, 2, 0, 81], 
65535, 0, 7, 0, 255, [0, 6, 0, 28, 2, 0, 85], 
65535, 0, 7, 0, 255, [0, 6, 0, 31, 2, 0, 88], 
65535, 0, 7, 0, 255, [0, 6, 0, 37, 2, 0, 81], 
65535, 0, 7, 0, 255, [0, 6, 0, 14, 2, 0, 44], 
65535, 0, 7, 0, 255, [0, 6, 0, 34, 2, 0, 90], 
65535, 0, 7, 0, 255, [0, 6, 0, 35, 2, 0, 88], 
65535, 0, 7, 0, 255, [0, 6, 0, 27, 2, 0, 63], 
65535, 0, 7, 0, 255, [0, 6, 0, 11, 2, 0, 78], 
65535, 0, 7, 0, 255, [0, 6, 0, 29, 2, 0, 78], 
65535, 0, 7, 0, 255, [0, 6, 0, 12, 2, 0, 74], 
65535, 0, 7, 0, 255, [0, 6, 0, 8, 2, 0, 98], 
65535, 0, 7, 0, 255, [0, 6, 0, 26, 2, 0, 32], 
65535, 0, 7, 0, 255, [0, 6, 0, 7, 2, 0, 97], 
65535, 0, 7, 0, 255, [0, 6, 0, 30, 2, 0, 13], 
65535, 0, 7, 0, 255, [0, 6, 0, 38, 2, 0, 6], 
65535, 0, 7, 0, 255, [0, 14, 0, 41, 1, 0, 73], 
65535, 0, 7, 0, 255, [0, 14, 0, 15, 1, 0, 86], 
65535, 0, 7, 0, 255, [0, 14, 0, 12, 1, 0, 93], 
65535, 0, 7, 0, 255, [0, 14, 0, 37, 1, 0, 75], 
65535, 0, 7, 0, 255, [0, 14, 0, 40, 1, 0, 38], 
65535, 0, 7, 0, 255, [0, 14, 0, 38, 1, 0, 83], 
65535, 0, 7, 0, 255, [0, 14, 0, 16, 1, 0, 37], 
65535, 0, 7, 0, 255, [0, 14, 0, 13, 1, 0, 99], 
65535, 0, 7, 0, 255, [0, 14, 0, 43, 1, 0, 61], 
65535, 0, 7, 0, 255, [0, 14, 0, 11, 1, 0, 90], 
65535, 0, 7, 0, 255, [0, 14, 0, 39, 1, 0, 59], 
65535, 0, 7, 0, 255, [0, 14, 0, 18, 1, 0, 24], 
65535, 0, 7, 0, 255, [0, 14, 0, 36, 1, 0, 37], 
65535, 0, 7, 0, 255, [0, 14, 0, 19, 1, 0, 20], 
65535, 0, 7, 0, 255, [0, 14, 0, 45, 1, 0, 21], 
65535, 0, 7, 0, 255, [0, 14, 0, 20, 1, 0, 18], 
65535, 0, 7, 0, 255, [0, 14, 0, 17, 1, 0, 29], 
65535, 0, 7, 0, 255, [0, 14, 0, 7, 1, 0, 21], 
65535, 0, 7, 0, 255, [0, 14, 0, 31, 1, 0, 4], 
65535, 0, 7, 0, 255, [0, 14, 0, 8, 1, 0, 5], 
65535, 0, 7, 0, 255, [0, 14, 0, 44, 2, 0, 79], 
65535, 0, 7, 0, 255, [0, 14, 0, 41, 2, 0, 98], 
65535, 0, 7, 0, 255, [0, 14, 0, 15, 2, 0, 99], 
65535, 0, 7, 0, 255, [0, 14, 0, 12, 2, 0, 98], 
65535, 0, 7, 0, 255, [0, 14, 0, 37, 2, 0, 84], 
65535, 0, 7, 0, 255, [0, 14, 0, 20, 2, 0, 90], 
65535, 0, 7, 0, 255, [0, 14, 0, 40, 2, 0, 76], 
65535, 0, 7, 0, 255, [0, 14, 0, 16, 2, 0, 83], 
65535, 0, 7, 0, 255, [0, 14, 0, 38, 2, 0, 97], 
65535, 0, 7, 0, 255, [0, 14, 0, 13, 2, 0, 98], 
65535, 0, 7, 0, 255, [0, 14, 0, 35, 2, 0, 97], 
65535, 0, 7, 0, 255, [0, 14, 0, 43, 2, 0, 82], 
65535, 0, 7, 0, 255, [0, 14, 0, 34, 2, 0, 58], 
65535, 0, 7, 0, 255, [0, 14, 0, 11, 2, 0, 96], 
65535, 0, 7, 0, 255, [0, 14, 0, 45, 2, 0, 93], 
65535, 0, 7, 0, 255, [0, 14, 0, 39, 2, 0, 93], 
65535, 0, 7, 0, 255, [0, 14, 0, 19, 2, 0, 29], 
65535, 0, 7, 0, 255, [0, 14, 0, 36, 2, 0, 80], 
65535, 0, 7, 0, 255, [0, 14, 0, 17, 2, 0, 56], 
65535, 0, 7, 0, 255, [0, 14, 0, 31, 2, 0, 6], 
65535, 0, 7, 0, 255, [0, 14, 0, 8, 2, 0, 92], 
65535, 0, 7, 0, 255, [0, 14, 0, 7, 2, 0, 91], 
65535, 0, 7, 0, 255, [0, 14, 0, 21, 2, 0, 4], 
65535, 0, 7, 0, 255, [0, 31, 0, 35, 1, 0, 99], 
65535, 0, 7, 0, 255, [0, 31, 0, 34, 1, 0, 97], 
65535, 0, 7, 0, 255, [0, 31, 0, 32, 1, 0, 53], 
65535, 0, 7, 0, 255, [0, 31, 0, 11, 1, 0, 70], 
65535, 0, 7, 0, 255, [0, 31, 0, 40, 1, 0, 62], 
65535, 0, 7, 0, 255, [0, 31, 0, 37, 1, 0, 72], 
65535, 0, 7, 0, 255, [0, 31, 0, 33, 1, 0, 85], 
65535, 0, 7, 0, 255, [0, 31, 0, 14, 1, 0, 12], 
65535, 0, 7, 0, 255, [0, 31, 0, 12, 1, 0, 20], 
65535, 0, 7, 0, 255, [0, 31, 0, 38, 1, 0, 19], 
65535, 0, 7, 0, 255, [0, 31, 0, 36, 1, 0, 75], 
65535, 0, 7, 0, 255, [0, 31, 0, 13, 1, 0, 39], 
65535, 0, 7, 0, 255, [0, 31, 0, 28, 1, 0, 9], 
65535, 0, 7, 0, 255, [0, 31, 0, 41, 1, 0, 1], 
65535, 0, 7, 0, 255, [0, 31, 0, 29, 1, 0, 20], 
65535, 0, 7, 0, 255, [0, 31, 0, 6, 1, 0, 53], 
65535, 0, 7, 0, 255, [0, 31, 0, 8, 1, 0, 92], 
65535, 0, 7, 0, 255, [0, 31, 0, 7, 1, 0, 98], 
65535, 0, 7, 0, 255, [0, 31, 0, 15, 1, 0, 2], 
65535, 0, 7, 0, 255, [0, 31, 0, 39, 1, 0, 1], 
65535, 0, 7, 0, 255, [0, 31, 0, 29, 2, 0, 68], 
65535, 0, 7, 0, 255, [0, 31, 0, 34, 2, 0, 97], 
65535, 0, 7, 0, 255, [0, 31, 0, 35, 2, 0, 96], 
65535, 0, 7, 0, 255, [0, 31, 0, 15, 2, 0, 88], 
65535, 0, 7, 0, 255, [0, 31, 0, 41, 2, 0, 78], 
65535, 0, 7, 0, 255, [0, 31, 0, 11, 2, 0, 93], 
65535, 0, 7, 0, 255, [0, 31, 0, 12, 2, 0, 87], 
65535, 0, 7, 0, 255, [0, 31, 0, 32, 2, 0, 79], 
65535, 0, 7, 0, 255, [0, 31, 0, 37, 2, 0, 88], 
65535, 0, 7, 0, 255, [0, 31, 0, 45, 2, 0, 81], 
65535, 0, 7, 0, 255, [0, 31, 0, 39, 2, 0, 96], 
65535, 0, 7, 0, 255, [0, 31, 0, 40, 2, 0, 75], 
65535, 0, 7, 0, 255, [0, 31, 0, 33, 2, 0, 88], 
65535, 0, 7, 0, 255, [0, 31, 0, 30, 2, 0, 25], 
65535, 0, 7, 0, 255, [0, 31, 0, 13, 2, 0, 93], 
65535, 0, 7, 0, 255, [0, 31, 0, 38, 2, 0, 93], 
65535, 0, 7, 0, 255, [0, 31, 0, 28, 2, 0, 75], 
65535, 0, 7, 0, 255, [0, 31, 0, 36, 2, 0, 96], 
65535, 0, 7, 0, 255, [0, 31, 0, 26, 2, 0, 1], 
65535, 0, 7, 0, 255, [0, 31, 0, 27, 2, 0, 17], 
65535, 0, 7, 0, 255, [0, 31, 0, 14, 2, 0, 33], 
65535, 0, 7, 0, 255, [0, 31, 0, 6, 2, 0, 95], 
65535, 0, 7, 0, 255, [0, 31, 0, 8, 2, 0, 98], 
65535, 0, 7, 0, 255, [0, 31, 0, 7, 2, 0, 96], 
65535, 0, 7, 0, 255, [0, 31, 0, 16, 2, 0, 2], 
65535, 0, 7, 0, 255, [0, 12, 0, 14, 1, 0, 76], 
65535, 0, 7, 0, 255, [0, 12, 0, 41, 1, 0, 56], 
65535, 0, 7, 0, 255, [0, 12, 0, 15, 1, 0, 98], 
65535, 0, 7, 0, 255, [0, 12, 0, 40, 1, 0, 71], 
65535, 0, 7, 0, 255, [0, 12, 0, 37, 1, 0, 53], 
65535, 0, 7, 0, 255, [0, 12, 0, 38, 1, 0, 78], 
65535, 0, 7, 0, 255, [0, 12, 0, 13, 1, 0, 79], 
65535, 0, 7, 0, 255, [0, 12, 0, 43, 1, 0, 41], 
65535, 0, 7, 0, 255, [0, 12, 0, 11, 1, 0, 58], 
65535, 0, 7, 0, 255, [0, 12, 0, 39, 1, 0, 50], 
65535, 0, 7, 0, 255, [0, 12, 0, 45, 1, 0, 36], 
65535, 0, 7, 0, 255, [0, 12, 0, 36, 1, 0, 14], 
65535, 0, 7, 0, 255, [0, 12, 0, 34, 1, 0, 10], 
65535, 0, 7, 0, 255, [0, 12, 0, 18, 1, 0, 17], 
65535, 0, 7, 0, 255, [0, 12, 0, 20, 1, 0, 17], 
65535, 0, 7, 0, 255, [0, 12, 0, 31, 1, 0, 13], 
65535, 0, 7, 0, 255, [0, 12, 0, 16, 1, 0, 12], 
65535, 0, 7, 0, 255, [0, 12, 0, 35, 1, 0, 11], 
65535, 0, 7, 0, 255, [0, 12, 0, 8, 1, 0, 53], 
65535, 0, 7, 0, 255, [0, 12, 0, 7, 1, 0, 12], 
65535, 0, 7, 0, 255, [0, 12, 0, 32, 2, 0, 14], 
65535, 0, 7, 0, 255, [0, 12, 0, 14, 2, 0, 96], 
65535, 0, 7, 0, 255, [0, 12, 0, 33, 2, 0, 15], 
65535, 0, 7, 0, 255, [0, 12, 0, 41, 2, 0, 98], 
65535, 0, 7, 0, 255, [0, 12, 0, 15, 2, 0, 99], 
65535, 0, 7, 0, 255, [0, 12, 0, 44, 2, 0, 23], 
65535, 0, 7, 0, 255, [0, 12, 0, 18, 2, 0, 27], 
65535, 0, 7, 0, 255, [0, 12, 0, 37, 2, 0, 88], 
65535, 0, 7, 0, 255, [0, 12, 0, 20, 2, 0, 61], 
65535, 0, 7, 0, 255, [0, 12, 0, 40, 2, 0, 88], 
65535, 0, 7, 0, 255, [0, 12, 0, 16, 2, 0, 92], 
65535, 0, 7, 0, 255, [0, 12, 0, 38, 2, 0, 94], 
65535, 0, 7, 0, 255, [0, 12, 0, 13, 2, 0, 94], 
65535, 0, 7, 0, 255, [0, 12, 0, 43, 2, 0, 86], 
65535, 0, 7, 0, 255, [0, 12, 0, 34, 2, 0, 67], 
65535, 0, 7, 0, 255, [0, 12, 0, 35, 2, 0, 96], 
65535, 0, 7, 0, 255, [0, 12, 0, 11, 2, 0, 98], 
65535, 0, 7, 0, 255, [0, 12, 0, 45, 2, 0, 92], 
65535, 0, 7, 0, 255, [0, 12, 0, 39, 2, 0, 95], 
65535, 0, 7, 0, 255, [0, 12, 0, 31, 2, 0, 90], 
65535, 0, 7, 0, 255, [0, 12, 0, 19, 2, 0, 73], 
65535, 0, 7, 0, 255, [0, 12, 0, 36, 2, 0, 89], 
65535, 0, 7, 0, 255, [0, 12, 0, 17, 2, 0, 32], 
65535, 0, 7, 0, 255, [0, 12, 0, 6, 2, 0, 59], 
65535, 0, 7, 0, 255, [0, 12, 0, 8, 2, 0, 90], 
65535, 0, 7, 0, 255, [0, 12, 0, 7, 2, 0, 88], 
65535, 0, 7, 0, 255, [0, 12, 0, 21, 2, 0, 4], 
65535, 0, 7, 0, 255, [0, 40, 0, 14, 1, 0, 23], 
65535, 0, 7, 0, 255, [0, 40, 0, 41, 1, 0, 13], 
65535, 0, 7, 0, 255, [0, 40, 0, 37, 1, 0, 94], 
65535, 0, 7, 0, 255, [0, 40, 0, 38, 1, 0, 91], 
65535, 0, 7, 0, 255, [0, 40, 0, 12, 1, 0, 31], 
65535, 0, 7, 0, 255, [0, 40, 0, 48, 1, 0, 6], 
65535, 0, 7, 0, 255, [0, 40, 0, 46, 1, 0, 27], 
65535, 0, 7, 0, 255, [0, 40, 0, 13, 1, 0, 21], 
65535, 0, 7, 0, 255, [0, 40, 0, 39, 1, 0, 97], 
65535, 0, 7, 0, 255, [0, 40, 0, 49, 1, 0, 5], 
65535, 0, 7, 0, 255, [0, 40, 0, 15, 1, 0, 35], 
65535, 0, 7, 0, 255, [0, 40, 0, 36, 1, 0, 50], 
65535, 0, 7, 0, 255, [0, 40, 0, 31, 1, 0, 35], 
65535, 0, 7, 0, 255, [0, 40, 0, 11, 1, 0, 54], 
65535, 0, 7, 0, 255, [0, 40, 0, 34, 1, 0, 19], 
65535, 0, 7, 0, 255, [0, 40, 0, 33, 1, 0, 5], 
65535, 0, 7, 0, 255, [0, 40, 0, 35, 1, 0, 18], 
65535, 0, 7, 0, 255, [0, 40, 0, 32, 1, 0, 2], 
65535, 0, 7, 0, 255, [0, 40, 0, 47, 1, 0, 13], 
65535, 0, 7, 0, 255, [0, 40, 0, 43, 1, 0, 5], 
65535, 0, 7, 0, 255, [0, 40, 0, 45, 1, 0, 9], 
65535, 0, 7, 0, 255, [0, 40, 0, 50, 1, 0, 1], 
65535, 0, 7, 0, 255, [0, 40, 0, 8, 1, 0, 1], 
65535, 0, 7, 0, 255, [0, 40, 0, 41, 2, 0, 90], 
65535, 0, 7, 0, 255, [0, 40, 0, 44, 2, 0, 69], 
65535, 0, 7, 0, 255, [0, 40, 0, 32, 2, 0, 74], 
65535, 0, 7, 0, 255, [0, 40, 0, 12, 2, 0, 93], 
65535, 0, 7, 0, 255, [0, 40, 0, 15, 2, 0, 93], 
65535, 0, 7, 0, 255, [0, 40, 0, 14, 2, 0, 81], 
65535, 0, 7, 0, 255, [0, 40, 0, 37, 2, 0, 93], 
65535, 0, 7, 0, 255, [0, 40, 0, 33, 2, 0, 82], 
65535, 0, 7, 0, 255, [0, 40, 0, 38, 2, 0, 95], 
65535, 0, 7, 0, 255, [0, 40, 0, 48, 2, 0, 51], 
65535, 0, 7, 0, 255, [0, 40, 0, 13, 2, 0, 91], 
65535, 0, 7, 0, 255, [0, 40, 0, 47, 2, 0, 86], 
65535, 0, 7, 0, 255, [0, 40, 0, 46, 2, 0, 79], 
65535, 0, 7, 0, 255, [0, 40, 0, 35, 2, 0, 85], 
65535, 0, 7, 0, 255, [0, 40, 0, 34, 2, 0, 62], 
65535, 0, 7, 0, 255, [0, 40, 0, 50, 2, 0, 32], 
65535, 0, 7, 0, 255, [0, 40, 0, 11, 2, 0, 96], 
65535, 0, 7, 0, 255, [0, 40, 0, 45, 2, 0, 82], 
65535, 0, 7, 0, 255, [0, 40, 0, 39, 2, 0, 99], 
65535, 0, 7, 0, 255, [0, 40, 0, 43, 2, 0, 64], 
65535, 0, 7, 0, 255, [0, 40, 0, 31, 2, 0, 63], 
65535, 0, 7, 0, 255, [0, 40, 0, 36, 2, 0, 97], 
65535, 0, 7, 0, 255, [0, 40, 0, 24, 2, 0, 9], 
65535, 0, 7, 0, 255, [0, 40, 0, 8, 2, 0, 86], 
65535, 0, 7, 0, 255, [0, 40, 0, 7, 2, 0, 92], 
65535, 0, 7, 0, 255, [0, 37, 0, 41, 1, 0, 3], 
65535, 0, 7, 0, 255, [0, 37, 0, 33, 1, 0, 50], 
65535, 0, 7, 0, 255, [0, 37, 0, 12, 1, 0, 30], 
65535, 0, 7, 0, 255, [0, 37, 0, 14, 1, 0, 49], 
65535, 0, 7, 0, 255, [0, 37, 0, 40, 1, 0, 94], 
65535, 0, 7, 0, 255, [0, 37, 0, 38, 1, 0, 88], 
65535, 0, 7, 0, 255, [0, 37, 0, 15, 1, 0, 38], 
65535, 0, 7, 0, 255, [0, 37, 0, 43, 1, 0, 14], 
65535, 0, 7, 0, 255, [0, 37, 0, 13, 1, 0, 39], 
65535, 0, 7, 0, 255, [0, 37, 0, 32, 1, 0, 4], 
65535, 0, 7, 0, 255, [0, 37, 0, 11, 1, 0, 82], 
65535, 0, 7, 0, 255, [0, 37, 0, 39, 1, 0, 74], 
65535, 0, 7, 0, 255, [0, 37, 0, 36, 1, 0, 97], 
65535, 0, 7, 0, 255, [0, 37, 0, 34, 1, 0, 41], 
65535, 0, 7, 0, 255, [0, 37, 0, 45, 1, 0, 31], 
65535, 0, 7, 0, 255, [0, 37, 0, 31, 1, 0, 47], 
65535, 0, 7, 0, 255, [0, 37, 0, 35, 1, 0, 20], 
65535, 0, 7, 0, 255, [0, 37, 0, 44, 1, 0, 9], 
65535, 0, 7, 0, 255, [0, 37, 0, 8, 1, 0, 22], 
65535, 0, 7, 0, 255, [0, 37, 0, 47, 1, 0, 4], 
65535, 0, 7, 0, 255, [0, 37, 0, 29, 1, 0, 1], 
65535, 0, 7, 0, 255, [0, 37, 0, 7, 1, 0, 8], 
65535, 0, 7, 0, 255, [0, 37, 0, 46, 1, 0, 2], 
65535, 0, 7, 0, 255, [0, 37, 0, 33, 2, 0, 89], 
65535, 0, 7, 0, 255, [0, 37, 0, 41, 2, 0, 92], 
65535, 0, 7, 0, 255, [0, 37, 0, 15, 2, 0, 96], 
65535, 0, 7, 0, 255, [0, 37, 0, 44, 2, 0, 50], 
65535, 0, 7, 0, 255, [0, 37, 0, 12, 2, 0, 92], 
65535, 0, 7, 0, 255, [0, 37, 0, 32, 2, 0, 80], 
65535, 0, 7, 0, 255, [0, 37, 0, 14, 2, 0, 89], 
65535, 0, 7, 0, 255, [0, 37, 0, 40, 2, 0, 98], 
65535, 0, 7, 0, 255, [0, 37, 0, 38, 2, 0, 97], 
65535, 0, 7, 0, 255, [0, 37, 0, 13, 2, 0, 92], 
65535, 0, 7, 0, 255, [0, 37, 0, 47, 2, 0, 76], 
65535, 0, 7, 0, 255, [0, 37, 0, 46, 2, 0, 62], 
65535, 0, 7, 0, 255, [0, 37, 0, 35, 2, 0, 96], 
65535, 0, 7, 0, 255, [0, 37, 0, 43, 2, 0, 84], 
65535, 0, 7, 0, 255, [0, 37, 0, 48, 2, 0, 27], 
65535, 0, 7, 0, 255, [0, 37, 0, 34, 2, 0, 91], 
65535, 0, 7, 0, 255, [0, 37, 0, 11, 2, 0, 95], 
65535, 0, 7, 0, 255, [0, 37, 0, 39, 2, 0, 99], 
65535, 0, 7, 0, 255, [0, 37, 0, 31, 2, 0, 90], 
65535, 0, 7, 0, 255, [0, 37, 0, 36, 2, 0, 95], 
65535, 0, 7, 0, 255, [0, 37, 0, 6, 2, 0, 87], 
65535, 0, 7, 0, 255, [0, 37, 0, 8, 2, 0, 93], 
65535, 0, 7, 0, 255, [0, 37, 0, 7, 2, 0, 94], 
65535, 0, 7, 0, 255, [0, 37, 0, 50, 2, 0, 2], 
65535, 0, 7, 0, 255, [0, 37, 0, 45, 2, 0, 10], 
65535, 0, 7, 0, 255, [0, 18, 0, 44, 1, 0, 34], 
65535, 0, 7, 0, 255, [0, 18, 0, 15, 1, 0, 6], 
65535, 0, 7, 0, 255, [0, 18, 0, 25, 1, 0, 51], 
65535, 0, 7, 0, 255, [0, 18, 0, 41, 1, 0, 11], 
65535, 0, 7, 0, 255, [0, 18, 0, 16, 1, 0, 25], 
65535, 0, 7, 0, 255, [0, 18, 0, 20, 1, 0, 89], 
65535, 0, 7, 0, 255, [0, 18, 0, 12, 1, 0, 24], 
65535, 0, 7, 0, 255, [0, 18, 0, 49, 1, 0, 23], 
65535, 0, 7, 0, 255, [0, 18, 0, 48, 1, 0, 44], 
65535, 0, 7, 0, 255, [0, 18, 0, 47, 1, 0, 55], 
65535, 0, 7, 0, 255, [0, 18, 0, 23, 1, 0, 55], 
65535, 0, 7, 0, 255, [0, 18, 0, 22, 1, 0, 38], 
65535, 0, 7, 0, 255, [0, 18, 0, 46, 1, 0, 42], 
65535, 0, 7, 0, 255, [0, 18, 0, 50, 1, 0, 58], 
65535, 0, 7, 0, 255, [0, 18, 0, 19, 1, 0, 94], 
65535, 0, 7, 0, 255, [0, 18, 0, 14, 1, 0, 21], 
65535, 0, 7, 0, 255, [0, 18, 0, 21, 1, 0, 25], 
65535, 0, 7, 0, 255, [0, 18, 0, 43, 1, 0, 38], 
65535, 0, 7, 0, 255, [0, 18, 0, 17, 1, 0, 60], 
65535, 0, 7, 0, 255, [0, 18, 0, 24, 1, 0, 32], 
65535, 0, 7, 0, 255, [0, 18, 0, 45, 1, 0, 4], 
65535, 0, 7, 0, 255, [0, 18, 0, 49, 2, 0, 85], 
65535, 0, 7, 0, 255, [0, 18, 0, 41, 2, 0, 40], 
65535, 0, 7, 0, 255, [0, 18, 0, 44, 2, 0, 95], 
65535, 0, 7, 0, 255, [0, 18, 0, 25, 2, 0, 89], 
65535, 0, 7, 0, 255, [0, 18, 0, 20, 2, 0, 97], 
65535, 0, 7, 0, 255, [0, 18, 0, 12, 2, 0, 74], 
65535, 0, 7, 0, 255, [0, 18, 0, 16, 2, 0, 97], 
65535, 0, 7, 0, 255, [0, 18, 0, 23, 2, 0, 97], 
65535, 0, 7, 0, 255, [0, 18, 0, 48, 2, 0, 99], 
65535, 0, 7, 0, 255, [0, 18, 0, 13, 2, 0, 86], 
65535, 0, 7, 0, 255, [0, 18, 0, 22, 2, 0, 79], 
65535, 0, 7, 0, 255, [0, 18, 0, 47, 2, 0, 92], 
65535, 0, 7, 0, 255, [0, 18, 0, 21, 2, 0, 96], 
65535, 0, 7, 0, 255, [0, 18, 0, 43, 2, 0, 95], 
65535, 0, 7, 0, 255, [0, 18, 0, 46, 2, 0, 40], 
65535, 0, 7, 0, 255, [0, 18, 0, 50, 2, 0, 90], 
65535, 0, 7, 0, 255, [0, 18, 0, 45, 2, 0, 61], 
65535, 0, 7, 0, 255, [0, 18, 0, 24, 2, 0, 87], 
65535, 0, 7, 0, 255, [0, 18, 0, 19, 2, 0, 98], 
65535, 0, 7, 0, 255, [0, 18, 0, 17, 2, 0, 96], 
65535, 0, 7, 0, 255, [0, 30, 0, 26, 1, 0, 97], 
65535, 0, 7, 0, 255, [0, 30, 0, 29, 1, 0, 91], 
65535, 0, 7, 0, 255, [0, 30, 0, 33, 1, 0, 21], 
65535, 0, 7, 0, 255, [0, 30, 0, 28, 1, 0, 93], 
65535, 0, 7, 0, 255, [0, 30, 0, 27, 1, 0, 70], 
65535, 0, 7, 0, 255, [0, 30, 0, 32, 2, 0, 46], 
65535, 0, 7, 0, 255, [0, 30, 0, 33, 2, 0, 99], 
65535, 0, 7, 0, 255, [0, 30, 0, 26, 2, 0, 98], 
65535, 0, 7, 0, 255, [0, 30, 0, 29, 2, 0, 100], 
65535, 0, 7, 0, 255, [0, 30, 0, 31, 2, 0, 67], 
65535, 0, 7, 0, 255, [0, 30, 0, 28, 2, 0, 100], 
65535, 0, 7, 0, 255, [0, 30, 0, 27, 2, 0, 99], 
65535, 0, 7, 0, 255, [0, 30, 0, 34, 2, 0, 69], 
65535, 0, 7, 0, 255, [0, 30, 0, 6, 2, 0, 19], 
65535, 0, 7, 0, 255, [0, 30, 0, 7, 2, 0, 96], 
65535, 0, 7, 0, 255, [0, 34, 0, 32, 1, 0, 86], 
65535, 0, 7, 0, 255, [0, 34, 0, 35, 1, 0, 99], 
65535, 0, 7, 0, 255, [0, 34, 0, 37, 1, 0, 65], 
65535, 0, 7, 0, 255, [0, 34, 0, 33, 1, 0, 90], 
65535, 0, 7, 0, 255, [0, 34, 0, 11, 1, 0, 66], 
65535, 0, 7, 0, 255, [0, 34, 0, 40, 1, 0, 47], 
65535, 0, 7, 0, 255, [0, 34, 0, 39, 1, 0, 36], 
65535, 0, 7, 0, 255, [0, 34, 0, 28, 1, 0, 40], 
65535, 0, 7, 0, 255, [0, 34, 0, 31, 1, 0, 98], 
65535, 0, 7, 0, 255, [0, 34, 0, 12, 1, 0, 10], 
65535, 0, 7, 0, 255, [0, 34, 0, 36, 1, 0, 79], 
65535, 0, 7, 0, 255, [0, 34, 0, 29, 1, 0, 45], 
65535, 0, 7, 0, 255, [0, 34, 0, 6, 1, 0, 83], 
65535, 0, 7, 0, 255, [0, 34, 0, 8, 1, 0, 97], 
65535, 0, 7, 0, 255, [0, 34, 0, 7, 1, 0, 91], 
65535, 0, 7, 0, 255, [0, 34, 0, 15, 1, 0, 1], 
65535, 0, 7, 0, 255, [0, 34, 0, 15, 2, 0, 90], 
65535, 0, 7, 0, 255, [0, 34, 0, 35, 2, 0, 97], 
65535, 0, 7, 0, 255, [0, 34, 0, 32, 2, 0, 80], 
65535, 0, 7, 0, 255, [0, 34, 0, 12, 2, 0, 83], 
65535, 0, 7, 0, 255, [0, 34, 0, 14, 2, 0, 83], 
65535, 0, 7, 0, 255, [0, 34, 0, 37, 2, 0, 92], 
65535, 0, 7, 0, 255, [0, 34, 0, 33, 2, 0, 86], 
65535, 0, 7, 0, 255, [0, 34, 0, 40, 2, 0, 85], 
65535, 0, 7, 0, 255, [0, 34, 0, 43, 2, 0, 56], 
65535, 0, 7, 0, 255, [0, 34, 0, 38, 2, 0, 91], 
65535, 0, 7, 0, 255, [0, 34, 0, 13, 2, 0, 91], 
65535, 0, 7, 0, 255, [0, 34, 0, 29, 2, 0, 85], 
65535, 0, 7, 0, 255, [0, 34, 0, 45, 2, 0, 81], 
65535, 0, 7, 0, 255, [0, 34, 0, 39, 2, 0, 96], 
65535, 0, 7, 0, 255, [0, 34, 0, 31, 2, 0, 95], 
65535, 0, 7, 0, 255, [0, 34, 0, 28, 2, 0, 83], 
65535, 0, 7, 0, 255, [0, 34, 0, 11, 2, 0, 39], 
65535, 0, 7, 0, 255, [0, 34, 0, 36, 2, 0, 96], 
65535, 0, 7, 0, 255, [0, 34, 0, 41, 2, 0, 22], 
65535, 0, 7, 0, 255, [0, 34, 0, 30, 2, 0, 19], 
65535, 0, 7, 0, 255, [0, 34, 0, 6, 2, 0, 95], 
65535, 0, 7, 0, 255, [0, 34, 0, 8, 2, 0, 97], 
65535, 0, 7, 0, 255, [0, 34, 0, 7, 2, 0, 97], 
65535, 0, 7, 0, 255, [0, 34, 0, 27, 2, 0, 5], 
65535, 0, 7, 0, 255, [0, 22, 0, 49, 1, 0, 51], 
65535, 0, 7, 0, 255, [0, 22, 0, 48, 1, 0, 53], 
65535, 0, 7, 0, 255, [0, 22, 0, 25, 1, 0, 90], 
65535, 0, 7, 0, 255, [0, 22, 0, 23, 1, 0, 97], 
65535, 0, 7, 0, 255, [0, 22, 0, 18, 1, 0, 37], 
65535, 0, 7, 0, 255, [0, 22, 0, 47, 1, 0, 85], 
65535, 0, 7, 0, 255, [0, 22, 0, 46, 1, 0, 60], 
65535, 0, 7, 0, 255, [0, 22, 0, 21, 1, 0, 90], 
65535, 0, 7, 0, 255, [0, 22, 0, 50, 1, 0, 65], 
65535, 0, 7, 0, 255, [0, 22, 0, 19, 1, 0, 65], 
65535, 0, 7, 0, 255, [0, 22, 0, 20, 1, 0, 12], 
65535, 0, 7, 0, 255, [0, 22, 0, 24, 1, 0, 59], 
65535, 0, 7, 0, 255, [0, 22, 0, 17, 1, 0, 25], 
65535, 0, 7, 0, 255, [0, 22, 0, 16, 1, 0, 7], 
65535, 0, 7, 0, 255, [0, 22, 0, 49, 2, 0, 88], 
65535, 0, 7, 0, 255, [0, 22, 0, 41, 2, 0, 82], 
65535, 0, 7, 0, 255, [0, 22, 0, 48, 2, 0, 100], 
65535, 0, 7, 0, 255, [0, 22, 0, 44, 2, 0, 17], 
65535, 0, 7, 0, 255, [0, 22, 0, 25, 2, 0, 89], 
65535, 0, 7, 0, 255, [0, 22, 0, 18, 2, 0, 80], 
65535, 0, 7, 0, 255, [0, 22, 0, 23, 2, 0, 95], 
65535, 0, 7, 0, 255, [0, 22, 0, 16, 2, 0, 69], 
65535, 0, 7, 0, 255, [0, 22, 0, 47, 2, 0, 96], 
65535, 0, 7, 0, 255, [0, 22, 0, 46, 2, 0, 96], 
65535, 0, 7, 0, 255, [0, 22, 0, 21, 2, 0, 98], 
65535, 0, 7, 0, 255, [0, 22, 0, 50, 2, 0, 92], 
65535, 0, 7, 0, 255, [0, 22, 0, 45, 2, 0, 27], 
65535, 0, 7, 0, 255, [0, 22, 0, 39, 2, 0, 84], 
65535, 0, 7, 0, 255, [0, 22, 0, 43, 2, 0, 44], 
65535, 0, 7, 0, 255, [0, 22, 0, 24, 2, 0, 97], 
65535, 0, 7, 0, 255, [0, 22, 0, 19, 2, 0, 93], 
65535, 0, 7, 0, 255, [0, 22, 0, 20, 2, 0, 31], 
65535, 0, 7, 0, 255, [0, 22, 0, 17, 2, 0, 10], 
65535, 0, 7, 0, 255, [0, 22, 0, 40, 2, 0, 2], 
65535, 0, 7, 0, 255, [0, 22, 0, 38, 2, 0, 4], 
65535, 0, 7, 0, 255, [0, 26, 0, 30, 1, 0, 96], 
65535, 0, 7, 0, 255, [0, 26, 0, 29, 1, 0, 79], 
65535, 0, 7, 0, 255, [0, 26, 0, 28, 1, 0, 82], 
65535, 0, 7, 0, 255, [0, 26, 0, 27, 1, 0, 96], 
65535, 0, 7, 0, 255, [0, 26, 0, 33, 1, 0, 4], 
65535, 0, 7, 0, 255, [0, 26, 0, 30, 2, 0, 99], 
65535, 0, 7, 0, 255, [0, 26, 0, 29, 2, 0, 100], 
65535, 0, 7, 0, 255, [0, 26, 0, 31, 2, 0, 18], 
65535, 0, 7, 0, 255, [0, 26, 0, 28, 2, 0, 100], 
65535, 0, 7, 0, 255, [0, 26, 0, 27, 2, 0, 99], 
65535, 0, 7, 0, 255, [0, 26, 0, 7, 2, 0, 29], 
65535, 0, 7, 0, 255, [0, 26, 0, 6, 2, 0, 7], 
65535, 0, 7, 0, 255, [0, 28, 0, 34, 1, 0, 51], 
65535, 0, 7, 0, 255, [0, 28, 0, 32, 1, 0, 54], 
65535, 0, 7, 0, 255, [0, 28, 0, 30, 1, 0, 87], 
65535, 0, 7, 0, 255, [0, 28, 0, 26, 1, 0, 77], 
65535, 0, 7, 0, 255, [0, 28, 0, 33, 1, 0, 85], 
65535, 0, 7, 0, 255, [0, 28, 0, 29, 1, 0, 94], 
65535, 0, 7, 0, 255, [0, 28, 0, 27, 1, 0, 97], 
65535, 0, 7, 0, 255, [0, 28, 0, 31, 1, 0, 21], 
65535, 0, 7, 0, 255, [0, 28, 0, 35, 1, 0, 20], 
65535, 0, 7, 0, 255, [0, 28, 0, 6, 1, 0, 40], 
65535, 0, 7, 0, 255, [0, 28, 0, 7, 1, 0, 15], 
65535, 0, 7, 0, 255, [0, 28, 0, 29, 2, 0, 96], 
65535, 0, 7, 0, 255, [0, 28, 0, 34, 2, 0, 98], 
65535, 0, 7, 0, 255, [0, 28, 0, 32, 2, 0, 87], 
65535, 0, 7, 0, 255, [0, 28, 0, 33, 2, 0, 92], 
65535, 0, 7, 0, 255, [0, 28, 0, 26, 2, 0, 84], 
65535, 0, 7, 0, 255, [0, 28, 0, 30, 2, 0, 89], 
65535, 0, 7, 0, 255, [0, 28, 0, 31, 2, 0, 97], 
65535, 0, 7, 0, 255, [0, 28, 0, 27, 2, 0, 99], 
65535, 0, 7, 0, 255, [0, 28, 0, 6, 2, 0, 99], 
65535, 0, 7, 0, 255, [0, 28, 0, 36, 2, 0, 9], 
65535, 0, 7, 0, 255, [0, 28, 0, 35, 2, 0, 70], 
65535, 0, 7, 0, 255, [0, 28, 0, 8, 2, 0, 88], 
65535, 0, 7, 0, 255, [0, 28, 0, 7, 2, 0, 96], 
65535, 0, 7, 0, 255, [0, 13, 0, 12, 1, 0, 81], 
65535, 0, 7, 0, 255, [0, 13, 0, 14, 1, 0, 84], 
65535, 0, 7, 0, 255, [0, 13, 0, 37, 1, 0, 58], 
65535, 0, 7, 0, 255, [0, 13, 0, 15, 1, 0, 86], 
65535, 0, 7, 0, 255, [0, 13, 0, 16, 1, 0, 48], 
65535, 0, 7, 0, 255, [0, 13, 0, 44, 1, 0, 22], 
65535, 0, 7, 0, 255, [0, 13, 0, 23, 1, 0, 10], 
65535, 0, 7, 0, 255, [0, 13, 0, 21, 1, 0, 26], 
65535, 0, 7, 0, 255, [0, 13, 0, 41, 1, 0, 75], 
65535, 0, 7, 0, 255, [0, 13, 0, 43, 1, 0, 78], 
65535, 0, 7, 0, 255, [0, 13, 0, 20, 1, 0, 20], 
65535, 0, 7, 0, 255, [0, 13, 0, 11, 1, 0, 90], 
65535, 0, 7, 0, 255, [0, 13, 0, 40, 1, 0, 42], 
65535, 0, 7, 0, 255, [0, 13, 0, 39, 1, 0, 77], 
65535, 0, 7, 0, 255, [0, 13, 0, 38, 1, 0, 29], 
65535, 0, 7, 0, 255, [0, 13, 0, 45, 1, 0, 78], 
65535, 0, 7, 0, 255, [0, 13, 0, 31, 1, 0, 31], 
65535, 0, 7, 0, 255, [0, 13, 0, 6, 1, 0, 7], 
65535, 0, 7, 0, 255, [0, 13, 0, 17, 1, 0, 27], 
65535, 0, 7, 0, 255, [0, 13, 0, 36, 1, 0, 11], 
65535, 0, 7, 0, 255, [0, 13, 0, 7, 1, 0, 23], 
65535, 0, 7, 0, 255, [0, 13, 0, 35, 1, 0, 7], 
65535, 0, 7, 0, 255, [0, 13, 0, 8, 1, 0, 23], 
65535, 0, 7, 0, 255, [0, 13, 0, 19, 1, 0, 13], 
65535, 0, 7, 0, 255, [0, 13, 0, 42, 1, 0, 1], 
65535, 0, 7, 0, 255, [0, 13, 0, 23, 2, 0, 75], 
65535, 0, 7, 0, 255, [0, 13, 0, 18, 2, 0, 79], 
65535, 0, 7, 0, 255, [0, 13, 0, 15, 2, 0, 96], 
65535, 0, 7, 0, 255, [0, 13, 0, 20, 2, 0, 76], 
65535, 0, 7, 0, 255, [0, 13, 0, 12, 2, 0, 92], 
65535, 0, 7, 0, 255, [0, 13, 0, 14, 2, 0, 89], 
65535, 0, 7, 0, 255, [0, 13, 0, 41, 2, 0, 92], 
65535, 0, 7, 0, 255, [0, 13, 0, 37, 2, 0, 85], 
65535, 0, 7, 0, 255, [0, 13, 0, 16, 2, 0, 90], 
65535, 0, 7, 0, 255, [0, 13, 0, 33, 2, 0, 76], 
65535, 0, 7, 0, 255, [0, 13, 0, 38, 2, 0, 93], 
65535, 0, 7, 0, 255, [0, 13, 0, 44, 2, 0, 74], 
65535, 0, 7, 0, 255, [0, 13, 0, 25, 2, 0, 57], 
65535, 0, 7, 0, 255, [0, 13, 0, 40, 2, 0, 84], 
65535, 0, 7, 0, 255, [0, 13, 0, 21, 2, 0, 70], 
65535, 0, 7, 0, 255, [0, 13, 0, 43, 2, 0, 95], 
65535, 0, 7, 0, 255, [0, 13, 0, 34, 2, 0, 84], 
65535, 0, 7, 0, 255, [0, 13, 0, 35, 2, 0, 93], 
65535, 0, 7, 0, 255, [0, 13, 0, 11, 2, 0, 94], 
65535, 0, 7, 0, 255, [0, 13, 0, 45, 2, 0, 84], 
65535, 0, 7, 0, 255, [0, 13, 0, 39, 2, 0, 91], 
65535, 0, 7, 0, 255, [0, 13, 0, 31, 2, 0, 83], 
65535, 0, 7, 0, 255, [0, 13, 0, 36, 2, 0, 91], 
65535, 0, 7, 0, 255, [0, 13, 0, 17, 2, 0, 87], 
65535, 0, 7, 0, 255, [0, 13, 0, 8, 2, 0, 90], 
65535, 0, 7, 0, 255, [0, 13, 0, 7, 2, 0, 88], 
65535, 0, 7, 0, 255, [0, 13, 0, 19, 2, 0, 13], 
65535, 0, 7, 0, 255, [0, 13, 0, 32, 2, 0, 13], 
65535, 0, 7, 0, 255, [0, 45, 0, 38, 1, 0, 42], 
65535, 0, 7, 0, 255, [0, 45, 0, 43, 1, 0, 97], 
65535, 0, 7, 0, 255, [0, 45, 0, 37, 1, 0, 45], 
65535, 0, 7, 0, 255, [0, 45, 0, 25, 1, 0, 3], 
65535, 0, 7, 0, 255, [0, 45, 0, 13, 1, 0, 82], 
65535, 0, 7, 0, 255, [0, 45, 0, 20, 1, 0, 35], 
65535, 0, 7, 0, 255, [0, 45, 0, 44, 1, 0, 69], 
65535, 0, 7, 0, 255, [0, 45, 0, 41, 1, 0, 93], 
65535, 0, 7, 0, 255, [0, 45, 0, 42, 1, 0, 41], 
65535, 0, 7, 0, 255, [0, 45, 0, 19, 1, 0, 33], 
65535, 0, 7, 0, 255, [0, 45, 0, 12, 1, 0, 55], 
65535, 0, 7, 0, 255, [0, 45, 0, 17, 1, 0, 62], 
65535, 0, 7, 0, 255, [0, 45, 0, 39, 1, 0, 55], 
65535, 0, 7, 0, 255, [0, 45, 0, 40, 1, 0, 23], 
65535, 0, 7, 0, 255, [0, 45, 0, 16, 1, 0, 38], 
65535, 0, 7, 0, 255, [0, 45, 0, 21, 1, 0, 40], 
65535, 0, 7, 0, 255, [0, 45, 0, 14, 1, 0, 24], 
65535, 0, 7, 0, 255, [0, 45, 0, 47, 1, 0, 12], 
65535, 0, 7, 0, 255, [0, 45, 0, 48, 1, 0, 3], 
65535, 0, 7, 0, 255, [0, 45, 0, 11, 1, 0, 15], 
65535, 0, 7, 0, 255, [0, 45, 0, 46, 1, 0, 12], 
65535, 0, 7, 0, 255, [0, 45, 0, 18, 1, 0, 1], 
65535, 0, 7, 0, 255, [0, 45, 0, 22, 1, 0, 1], 
65535, 0, 7, 0, 255, [0, 45, 0, 16, 2, 0, 87], 
65535, 0, 7, 0, 255, [0, 45, 0, 33, 2, 0, 5], 
65535, 0, 7, 0, 255, [0, 45, 0, 40, 2, 0, 77], 
65535, 0, 7, 0, 255, [0, 45, 0, 47, 2, 0, 66], 
65535, 0, 7, 0, 255, [0, 45, 0, 43, 2, 0, 94], 
65535, 0, 7, 0, 255, [0, 45, 0, 48, 2, 0, 34], 
65535, 0, 7, 0, 255, [0, 45, 0, 13, 2, 0, 74], 
65535, 0, 7, 0, 255, [0, 45, 0, 46, 2, 0, 65], 
65535, 0, 7, 0, 255, [0, 45, 0, 23, 2, 0, 66], 
65535, 0, 7, 0, 255, [0, 45, 0, 34, 2, 0, 68], 
65535, 0, 7, 0, 255, [0, 45, 0, 35, 2, 0, 82], 
65535, 0, 7, 0, 255, [0, 45, 0, 18, 2, 0, 53], 
65535, 0, 7, 0, 255, [0, 45, 0, 15, 2, 0, 84], 
65535, 0, 7, 0, 255, [0, 45, 0, 41, 2, 0, 85], 
65535, 0, 7, 0, 255, [0, 45, 0, 50, 2, 0, 32], 
65535, 0, 7, 0, 255, [0, 45, 0, 11, 2, 0, 92], 
65535, 0, 7, 0, 255, [0, 45, 0, 12, 2, 0, 84], 
65535, 0, 7, 0, 255, [0, 45, 0, 20, 2, 0, 83], 
65535, 0, 7, 0, 255, [0, 45, 0, 21, 2, 0, 85], 
65535, 0, 7, 0, 255, [0, 45, 0, 14, 2, 0, 81], 
65535, 0, 7, 0, 255, [0, 45, 0, 39, 2, 0, 61], 
65535, 0, 7, 0, 255, [0, 45, 0, 42, 2, 0, 70], 
65535, 0, 7, 0, 255, [0, 45, 0, 31, 2, 0, 64], 
65535, 0, 7, 0, 255, [0, 45, 0, 19, 2, 0, 80], 
65535, 0, 7, 0, 255, [0, 45, 0, 36, 2, 0, 83], 
65535, 0, 7, 0, 255, [0, 45, 0, 44, 2, 0, 77], 
65535, 0, 7, 0, 255, [0, 45, 0, 38, 2, 0, 80], 
65535, 0, 7, 0, 255, [0, 45, 0, 17, 2, 0, 89], 
65535, 0, 7, 0, 255, [0, 45, 0, 22, 2, 0, 13], 
65535, 0, 7, 0, 255, [0, 45, 0, 24, 2, 0, 5], 
65535, 0, 7, 0, 255, [0, 45, 0, 37, 2, 0, 3], 
65535, 0, 7, 0, 255, [0, 47, 0, 48, 1, 0, 94], 
65535, 0, 7, 0, 255, [0, 47, 0, 23, 1, 0, 91], 
65535, 0, 7, 0, 255, [0, 47, 0, 49, 1, 0, 87], 
65535, 0, 7, 0, 255, [0, 47, 0, 20, 1, 0, 28], 
65535, 0, 7, 0, 255, [0, 47, 0, 22, 1, 0, 80], 
65535, 0, 7, 0, 255, [0, 47, 0, 18, 1, 0, 68], 
65535, 0, 7, 0, 255, [0, 47, 0, 46, 1, 0, 74], 
65535, 0, 7, 0, 255, [0, 47, 0, 44, 1, 0, 26], 
65535, 0, 7, 0, 255, [0, 47, 0, 25, 1, 0, 55], 
65535, 0, 7, 0, 255, [0, 47, 0, 50, 1, 0, 91], 
65535, 0, 7, 0, 255, [0, 47, 0, 21, 1, 0, 43], 
65535, 0, 7, 0, 255, [0, 47, 0, 40, 1, 0, 26], 
65535, 0, 7, 0, 255, [0, 47, 0, 24, 1, 0, 96], 
65535, 0, 7, 0, 255, [0, 47, 0, 19, 1, 0, 52], 
65535, 0, 7, 0, 255, [0, 47, 0, 39, 1, 0, 52], 
65535, 0, 7, 0, 255, [0, 47, 0, 36, 1, 0, 21], 
65535, 0, 7, 0, 255, [0, 47, 0, 45, 1, 0, 11], 
65535, 0, 7, 0, 255, [0, 47, 0, 17, 1, 0, 27], 
65535, 0, 7, 0, 255, [0, 47, 0, 43, 1, 0, 6], 
65535, 0, 7, 0, 255, [0, 47, 0, 38, 1, 0, 11], 
65535, 0, 7, 0, 255, [0, 47, 0, 37, 1, 0, 2], 
65535, 0, 7, 0, 255, [0, 47, 0, 41, 1, 0, 1], 
65535, 0, 7, 0, 255, [0, 47, 0, 38, 2, 0, 21], 
65535, 0, 7, 0, 255, [0, 47, 0, 48, 2, 0, 99], 
65535, 0, 7, 0, 255, [0, 47, 0, 44, 2, 0, 2], 
65535, 0, 7, 0, 255, [0, 47, 0, 25, 2, 0, 87], 
65535, 0, 7, 0, 255, [0, 47, 0, 18, 2, 0, 88], 
65535, 0, 7, 0, 255, [0, 47, 0, 23, 2, 0, 95], 
65535, 0, 7, 0, 255, [0, 47, 0, 22, 2, 0, 96], 
65535, 0, 7, 0, 255, [0, 47, 0, 20, 2, 0, 51], 
65535, 0, 7, 0, 255, [0, 47, 0, 49, 2, 0, 89], 
65535, 0, 7, 0, 255, [0, 47, 0, 37, 2, 0, 59], 
65535, 0, 7, 0, 255, [0, 47, 0, 40, 2, 0, 77], 
65535, 0, 7, 0, 255, [0, 47, 0, 46, 2, 0, 98], 
65535, 0, 7, 0, 255, [0, 47, 0, 21, 2, 0, 97], 
65535, 0, 7, 0, 255, [0, 47, 0, 50, 2, 0, 94], 
65535, 0, 7, 0, 255, [0, 47, 0, 45, 2, 0, 60], 
65535, 0, 7, 0, 255, [0, 47, 0, 39, 2, 0, 54], 
65535, 0, 7, 0, 255, [0, 47, 0, 24, 2, 0, 97], 
65535, 0, 7, 0, 255, [0, 47, 0, 19, 2, 0, 89], 
65535, 0, 7, 0, 255, [0, 47, 0, 36, 2, 0, 49], 
65535, 0, 7, 0, 255, [0, 47, 0, 43, 2, 0, 8], 
65535, 0, 7, 0, 255, [0, 47, 0, 17, 2, 0, 13], 
65535, 0, 7, 0, 255, [0, 47, 0, 41, 2, 0, 5], 
65535, 0, 7, 0, 255, [0, 49, 0, 25, 1, 0, 48], 
65535, 0, 7, 0, 255, [0, 49, 0, 20, 1, 0, 11], 
65535, 0, 7, 0, 255, [0, 49, 0, 23, 1, 0, 81], 
65535, 0, 7, 0, 255, [0, 49, 0, 48, 1, 0, 83], 
65535, 0, 7, 0, 255, [0, 49, 0, 47, 1, 0, 80], 
65535, 0, 7, 0, 255, [0, 49, 0, 22, 1, 0, 49], 
65535, 0, 7, 0, 255, [0, 49, 0, 46, 1, 0, 64], 
65535, 0, 7, 0, 255, [0, 49, 0, 18, 1, 0, 36], 
65535, 0, 7, 0, 255, [0, 49, 0, 50, 1, 0, 95], 
65535, 0, 7, 0, 255, [0, 49, 0, 21, 1, 0, 38], 
65535, 0, 7, 0, 255, [0, 49, 0, 40, 1, 0, 13], 
65535, 0, 7, 0, 255, [0, 49, 0, 24, 1, 0, 69], 
65535, 0, 7, 0, 255, [0, 49, 0, 19, 1, 0, 31], 
65535, 0, 7, 0, 255, [0, 49, 0, 39, 1, 0, 17], 
65535, 0, 7, 0, 255, [0, 49, 0, 41, 1, 0, 1], 
65535, 0, 7, 0, 255, [0, 49, 0, 44, 1, 0, 9], 
65535, 0, 7, 0, 255, [0, 49, 0, 17, 1, 0, 5], 
65535, 0, 7, 0, 255, [0, 49, 0, 38, 1, 0, 2], 
65535, 0, 7, 0, 255, [0, 49, 0, 43, 1, 0, 1], 
65535, 0, 7, 0, 255, [0, 49, 0, 25, 2, 0, 91], 
65535, 0, 7, 0, 255, [0, 49, 0, 44, 2, 0, 47], 
65535, 0, 7, 0, 255, [0, 49, 0, 18, 2, 0, 92], 
65535, 0, 7, 0, 255, [0, 49, 0, 20, 2, 0, 92], 
65535, 0, 7, 0, 255, [0, 49, 0, 16, 2, 0, 28], 
65535, 0, 7, 0, 255, [0, 49, 0, 23, 2, 0, 96], 
65535, 0, 7, 0, 255, [0, 49, 0, 48, 2, 0, 100], 
65535, 0, 7, 0, 255, [0, 49, 0, 22, 2, 0, 94], 
65535, 0, 7, 0, 255, [0, 49, 0, 47, 2, 0, 97], 
65535, 0, 7, 0, 255, [0, 49, 0, 46, 2, 0, 98], 
65535, 0, 7, 0, 255, [0, 49, 0, 21, 2, 0, 97], 
65535, 0, 7, 0, 255, [0, 49, 0, 43, 2, 0, 89], 
65535, 0, 7, 0, 255, [0, 49, 0, 39, 2, 0, 53], 
65535, 0, 7, 0, 255, [0, 49, 0, 24, 2, 0, 97], 
65535, 0, 7, 0, 255, [0, 49, 0, 19, 2, 0, 92], 
65535, 0, 7, 0, 255, [0, 49, 0, 50, 2, 0, 94], 
65535, 0, 7, 0, 255, [0, 49, 0, 17, 2, 0, 71], 
65535, 0, 7, 0, 255, [0, 49, 0, 36, 2, 0, 6], 
65535, 0, 7, 0, 255, [0, 49, 0, 45, 2, 0, 9], 
65535, 0, 7, 0, 255, [0, 49, 0, 38, 2, 0, 13], 
65535, 0, 7, 0, 255, [0, 49, 0, 37, 2, 0, 4], 
65535, 0, 7, 0, 255, [0, 49, 0, 40, 2, 0, 1], 
65535, 0, 7, 0, 255, [0, 49, 0, 41, 2, 0, 2], 
65535, 0, 7, 0, 255, [0, 36, 0, 37, 1, 0, 88], 
65535, 0, 7, 0, 255, [0, 36, 0, 32, 1, 0, 18], 
65535, 0, 7, 0, 255, [0, 36, 0, 11, 1, 0, 60], 
65535, 0, 7, 0, 255, [0, 36, 0, 14, 1, 0, 42], 
65535, 0, 7, 0, 255, [0, 36, 0, 39, 1, 0, 76], 
65535, 0, 7, 0, 255, [0, 36, 0, 41, 1, 0, 24], 
65535, 0, 7, 0, 255, [0, 36, 0, 40, 1, 0, 67], 
65535, 0, 7, 0, 255, [0, 36, 0, 38, 1, 0, 65], 
65535, 0, 7, 0, 255, [0, 36, 0, 15, 1, 0, 42], 
65535, 0, 7, 0, 255, [0, 36, 0, 31, 1, 0, 53], 
65535, 0, 7, 0, 255, [0, 36, 0, 33, 1, 0, 24], 
65535, 0, 7, 0, 255, [0, 36, 0, 34, 1, 0, 65], 
65535, 0, 7, 0, 255, [0, 36, 0, 35, 1, 0, 24], 
65535, 0, 7, 0, 255, [0, 36, 0, 12, 1, 0, 13], 
65535, 0, 7, 0, 255, [0, 36, 0, 47, 1, 0, 10], 
65535, 0, 7, 0, 255, [0, 36, 0, 43, 1, 0, 6], 
65535, 0, 7, 0, 255, [0, 36, 0, 13, 1, 0, 8], 
65535, 0, 7, 0, 255, [0, 36, 0, 46, 1, 0, 6], 
65535, 0, 7, 0, 255, [0, 36, 0, 7, 1, 0, 13], 
65535, 0, 7, 0, 255, [0, 36, 0, 29, 1, 0, 5], 
65535, 0, 7, 0, 255, [0, 36, 0, 8, 1, 0, 38], 
65535, 0, 7, 0, 255, [0, 36, 0, 45, 1, 0, 2], 
65535, 0, 7, 0, 255, [0, 36, 0, 43, 2, 0, 74], 
65535, 0, 7, 0, 255, [0, 36, 0, 47, 2, 0, 73], 
65535, 0, 7, 0, 255, [0, 36, 0, 48, 2, 0, 54], 
65535, 0, 7, 0, 255, [0, 36, 0, 13, 2, 0, 88], 
65535, 0, 7, 0, 255, [0, 36, 0, 38, 2, 0, 89], 
65535, 0, 7, 0, 255, [0, 36, 0, 31, 2, 0, 88], 
65535, 0, 7, 0, 255, [0, 36, 0, 46, 2, 0, 67], 
65535, 0, 7, 0, 255, [0, 36, 0, 29, 2, 0, 61], 
65535, 0, 7, 0, 255, [0, 36, 0, 34, 2, 0, 93], 
65535, 0, 7, 0, 255, [0, 36, 0, 35, 2, 0, 92], 
65535, 0, 7, 0, 255, [0, 36, 0, 50, 2, 0, 43], 
65535, 0, 7, 0, 255, [0, 36, 0, 12, 2, 0, 85], 
65535, 0, 7, 0, 255, [0, 36, 0, 41, 2, 0, 81], 
65535, 0, 7, 0, 255, [0, 36, 0, 15, 2, 0, 86], 
65535, 0, 7, 0, 255, [0, 36, 0, 11, 2, 0, 90], 
65535, 0, 7, 0, 255, [0, 36, 0, 14, 2, 0, 81], 
65535, 0, 7, 0, 255, [0, 36, 0, 32, 2, 0, 69], 
65535, 0, 7, 0, 255, [0, 36, 0, 39, 2, 0, 96], 
65535, 0, 7, 0, 255, [0, 36, 0, 37, 2, 0, 89], 
65535, 0, 7, 0, 255, [0, 36, 0, 45, 2, 0, 83], 
65535, 0, 7, 0, 255, [0, 36, 0, 40, 2, 0, 88], 
65535, 0, 7, 0, 255, [0, 36, 0, 33, 2, 0, 76], 
65535, 0, 7, 0, 255, [0, 36, 0, 16, 2, 0, 6], 
65535, 0, 7, 0, 255, [0, 36, 0, 44, 2, 0, 44], 
65535, 0, 7, 0, 255, [0, 36, 0, 8, 2, 0, 92], 
65535, 0, 7, 0, 255, [0, 36, 0, 7, 2, 0, 88], 
65535, 0, 7, 0, 255, [0, 36, 0, 49, 2, 0, 1], 
65535, 0, 7, 0, 255, [0, 36, 0, 28, 2, 0, 2], 
65535, 0, 7, 0, 255, [0, 36, 0, 24, 2, 0, 1], 
65535, 0, 7, 0, 255, [0, 36, 0, 6, 2, 0, 4], 
65535, 0, 7, 0, 255, [0, 36, 0, 21, 2, 0, 1], 
65535, 0, 7, 0, 255, [0, 24, 0, 48, 1, 0, 47], 
65535, 0, 7, 0, 255, [0, 24, 0, 25, 1, 0, 82], 
65535, 0, 7, 0, 255, [0, 24, 0, 49, 1, 0, 45], 
65535, 0, 7, 0, 255, [0, 24, 0, 23, 1, 0, 96], 
65535, 0, 7, 0, 255, [0, 24, 0, 46, 1, 0, 50], 
65535, 0, 7, 0, 255, [0, 24, 0, 50, 1, 0, 59], 
65535, 0, 7, 0, 255, [0, 24, 0, 21, 1, 0, 56], 
65535, 0, 7, 0, 255, [0, 24, 0, 47, 1, 0, 70], 
65535, 0, 7, 0, 255, [0, 24, 0, 19, 1, 0, 41], 
65535, 0, 7, 0, 255, [0, 24, 0, 18, 1, 0, 34], 
65535, 0, 7, 0, 255, [0, 24, 0, 16, 1, 0, 11], 
65535, 0, 7, 0, 255, [0, 24, 0, 20, 1, 0, 15], 
65535, 0, 7, 0, 255, [0, 24, 0, 22, 1, 0, 49], 
65535, 0, 7, 0, 255, [0, 24, 0, 17, 1, 0, 34], 
65535, 0, 7, 0, 255, [0, 24, 0, 41, 1, 0, 7], 
65535, 0, 7, 0, 255, [0, 24, 0, 48, 2, 0, 98], 
65535, 0, 7, 0, 255, [0, 24, 0, 25, 2, 0, 85], 
65535, 0, 7, 0, 255, [0, 24, 0, 46, 2, 0, 90], 
65535, 0, 7, 0, 255, [0, 24, 0, 23, 2, 0, 93], 
65535, 0, 7, 0, 255, [0, 24, 0, 22, 2, 0, 94], 
65535, 0, 7, 0, 255, [0, 24, 0, 18, 2, 0, 78], 
65535, 0, 7, 0, 255, [0, 24, 0, 15, 2, 0, 14], 
65535, 0, 7, 0, 255, [0, 24, 0, 41, 2, 0, 31], 
65535, 0, 7, 0, 255, [0, 24, 0, 50, 2, 0, 90], 
65535, 0, 7, 0, 255, [0, 24, 0, 20, 2, 0, 88], 
65535, 0, 7, 0, 255, [0, 24, 0, 21, 2, 0, 98], 
65535, 0, 7, 0, 255, [0, 24, 0, 49, 2, 0, 83], 
65535, 0, 7, 0, 255, [0, 24, 0, 39, 2, 0, 77], 
65535, 0, 7, 0, 255, [0, 24, 0, 40, 2, 0, 47], 
65535, 0, 7, 0, 255, [0, 24, 0, 16, 2, 0, 79], 
65535, 0, 7, 0, 255, [0, 24, 0, 47, 2, 0, 94], 
65535, 0, 7, 0, 255, [0, 24, 0, 19, 2, 0, 91], 
65535, 0, 7, 0, 255, [0, 24, 0, 17, 2, 0, 90], 
65535, 0, 7, 0, 255, [0, 24, 0, 43, 2, 0, 18], 
65535, 0, 7, 0, 255, [0, 24, 0, 38, 2, 0, 45], 
65535, 0, 7, 0, 255, [0, 24, 0, 44, 2, 0, 9], 
65535, 0, 7, 0, 255, [0, 24, 0, 45, 2, 0, 14], 
65535, 0, 7, 0, 255, [0, 24, 0, 12, 2, 0, 6], 
65535, 0, 7, 0, 255, [0, 24, 0, 11, 2, 0, 3], 
65535, 0, 7, 0, 255, [0, 24, 0, 36, 2, 0, 2], 
65535, 0, 7, 0, 255, [0, 43, 0, 16, 1, 0, 59], 
65535, 0, 7, 0, 255, [0, 43, 0, 13, 1, 0, 75], 
65535, 0, 7, 0, 255, [0, 43, 0, 20, 1, 0, 62], 
65535, 0, 7, 0, 255, [0, 43, 0, 18, 1, 0, 45], 
65535, 0, 7, 0, 255, [0, 43, 0, 41, 1, 0, 87], 
65535, 0, 7, 0, 255, [0, 43, 0, 14, 1, 0, 54], 
65535, 0, 7, 0, 255, [0, 43, 0, 44, 1, 0, 78], 
65535, 0, 7, 0, 255, [0, 43, 0, 38, 1, 0, 58], 
65535, 0, 7, 0, 255, [0, 43, 0, 37, 1, 0, 21], 
65535, 0, 7, 0, 255, [0, 43, 0, 11, 1, 0, 34], 
65535, 0, 7, 0, 255, [0, 43, 0, 45, 1, 0, 90], 
65535, 0, 7, 0, 255, [0, 43, 0, 42, 1, 0, 58], 
65535, 0, 7, 0, 255, [0, 43, 0, 48, 1, 0, 13], 
65535, 0, 7, 0, 255, [0, 43, 0, 19, 1, 0, 32], 
65535, 0, 7, 0, 255, [0, 43, 0, 12, 1, 0, 43], 
65535, 0, 7, 0, 255, [0, 43, 0, 17, 1, 0, 80], 
65535, 0, 7, 0, 255, [0, 43, 0, 15, 1, 0, 24], 
65535, 0, 7, 0, 255, [0, 43, 0, 39, 1, 0, 43], 
65535, 0, 7, 0, 255, [0, 43, 0, 40, 1, 0, 3], 
65535, 0, 7, 0, 255, [0, 43, 0, 21, 1, 0, 13], 
65535, 0, 7, 0, 255, [0, 43, 0, 46, 1, 0, 8], 
65535, 0, 7, 0, 255, [0, 43, 0, 36, 1, 0, 8], 
65535, 0, 7, 0, 255, [0, 43, 0, 47, 1, 0, 3], 
65535, 0, 7, 0, 255, [0, 43, 0, 44, 2, 0, 86], 
65535, 0, 7, 0, 255, [0, 43, 0, 38, 2, 0, 84], 
65535, 0, 7, 0, 255, [0, 43, 0, 13, 2, 0, 92], 
65535, 0, 7, 0, 255, [0, 43, 0, 15, 2, 0, 88], 
65535, 0, 7, 0, 255, [0, 43, 0, 18, 2, 0, 87], 
65535, 0, 7, 0, 255, [0, 43, 0, 20, 2, 0, 85], 
65535, 0, 7, 0, 255, [0, 43, 0, 21, 2, 0, 30], 
65535, 0, 7, 0, 255, [0, 43, 0, 41, 2, 0, 86], 
65535, 0, 7, 0, 255, [0, 43, 0, 14, 2, 0, 82], 
65535, 0, 7, 0, 255, [0, 43, 0, 37, 2, 0, 79], 
65535, 0, 7, 0, 255, [0, 43, 0, 16, 2, 0, 86], 
65535, 0, 7, 0, 255, [0, 43, 0, 33, 2, 0, 65], 
65535, 0, 7, 0, 255, [0, 43, 0, 40, 2, 0, 65], 
65535, 0, 7, 0, 255, [0, 43, 0, 47, 2, 0, 28], 
65535, 0, 7, 0, 255, [0, 43, 0, 48, 2, 0, 43], 
65535, 0, 7, 0, 255, [0, 43, 0, 46, 2, 0, 57], 
65535, 0, 7, 0, 255, [0, 43, 0, 35, 2, 0, 84], 
65535, 0, 7, 0, 255, [0, 43, 0, 50, 2, 0, 64], 
65535, 0, 7, 0, 255, [0, 43, 0, 11, 2, 0, 89], 
65535, 0, 7, 0, 255, [0, 43, 0, 12, 2, 0, 87], 
65535, 0, 7, 0, 255, [0, 43, 0, 49, 2, 0, 54], 
65535, 0, 7, 0, 255, [0, 43, 0, 45, 2, 0, 92], 
65535, 0, 7, 0, 255, [0, 43, 0, 39, 2, 0, 91], 
65535, 0, 7, 0, 255, [0, 43, 0, 34, 2, 0, 32], 
65535, 0, 7, 0, 255, [0, 43, 0, 19, 2, 0, 84], 
65535, 0, 7, 0, 255, [0, 43, 0, 36, 2, 0, 67], 
65535, 0, 7, 0, 255, [0, 43, 0, 17, 2, 0, 78], 
65535, 0, 7, 0, 255, [0, 43, 0, 22, 2, 0, 16], 
65535, 0, 7, 0, 255, [0, 43, 0, 42, 2, 0, 1], 
65535, 0, 7, 0, 255, [0, 43, 0, 24, 2, 0, 7], 
65535, 0, 7, 0, 255, [0, 43, 0, 32, 2, 0, 1], 
65535, 0, 7, 0, 255, [0, 17, 0, 44, 1, 0, 83], 
65535, 0, 7, 0, 255, [0, 17, 0, 45, 1, 0, 71], 
65535, 0, 7, 0, 255, [0, 17, 0, 15, 1, 0, 15], 
65535, 0, 7, 0, 255, [0, 17, 0, 43, 1, 0, 95], 
65535, 0, 7, 0, 255, [0, 17, 0, 24, 1, 0, 51], 
65535, 0, 7, 0, 255, [0, 17, 0, 16, 1, 0, 90], 
65535, 0, 7, 0, 255, [0, 17, 0, 48, 1, 0, 65], 
65535, 0, 7, 0, 255, [0, 17, 0, 23, 1, 0, 24], 
65535, 0, 7, 0, 255, [0, 17, 0, 20, 1, 0, 90], 
65535, 0, 7, 0, 255, [0, 17, 0, 19, 1, 0, 98], 
65535, 0, 7, 0, 255, [0, 17, 0, 18, 1, 0, 86], 
65535, 0, 7, 0, 255, [0, 17, 0, 25, 1, 0, 42], 
65535, 0, 7, 0, 255, [0, 17, 0, 13, 1, 0, 49], 
65535, 0, 7, 0, 255, [0, 17, 0, 47, 1, 0, 30], 
65535, 0, 7, 0, 255, [0, 17, 0, 41, 1, 0, 38], 
65535, 0, 7, 0, 255, [0, 17, 0, 22, 1, 0, 39], 
65535, 0, 7, 0, 255, [0, 17, 0, 14, 1, 0, 43], 
65535, 0, 7, 0, 255, [0, 17, 0, 21, 1, 0, 2], 
65535, 0, 7, 0, 255, [0, 17, 0, 46, 1, 0, 3], 
65535, 0, 7, 0, 255, [0, 17, 0, 11, 1, 0, 2], 
65535, 0, 7, 0, 255, [0, 17, 0, 49, 1, 0, 3], 
65535, 0, 7, 0, 255, [0, 17, 0, 12, 2, 0, 80], 
65535, 0, 7, 0, 255, [0, 17, 0, 20, 2, 0, 92], 
65535, 0, 7, 0, 255, [0, 17, 0, 21, 2, 0, 95], 
65535, 0, 7, 0, 255, [0, 17, 0, 14, 2, 0, 79], 
65535, 0, 7, 0, 255, [0, 17, 0, 49, 2, 0, 76], 
65535, 0, 7, 0, 255, [0, 17, 0, 45, 2, 0, 90], 
65535, 0, 7, 0, 255, [0, 17, 0, 16, 2, 0, 92], 
65535, 0, 7, 0, 255, [0, 17, 0, 43, 2, 0, 94], 
65535, 0, 7, 0, 255, [0, 17, 0, 24, 2, 0, 93], 
65535, 0, 7, 0, 255, [0, 17, 0, 47, 2, 0, 80], 
65535, 0, 7, 0, 255, [0, 17, 0, 48, 2, 0, 93], 
65535, 0, 7, 0, 255, [0, 17, 0, 13, 2, 0, 89], 
65535, 0, 7, 0, 255, [0, 17, 0, 44, 2, 0, 88], 
65535, 0, 7, 0, 255, [0, 17, 0, 46, 2, 0, 86], 
65535, 0, 7, 0, 255, [0, 17, 0, 25, 2, 0, 74], 
65535, 0, 7, 0, 255, [0, 17, 0, 19, 2, 0, 95], 
65535, 0, 7, 0, 255, [0, 17, 0, 23, 2, 0, 88], 
65535, 0, 7, 0, 255, [0, 17, 0, 50, 2, 0, 39], 
65535, 0, 7, 0, 255, [0, 17, 0, 18, 2, 0, 91], 
65535, 0, 7, 0, 255, [0, 17, 0, 41, 2, 0, 79], 
65535, 0, 7, 0, 255, [0, 17, 0, 15, 2, 0, 82], 
65535, 0, 7, 0, 255, [0, 17, 0, 39, 2, 0, 10], 
65535, 0, 7, 0, 255, [0, 17, 0, 22, 2, 0, 23], 
65535, 0, 7, 0, 255, [0, 17, 0, 38, 2, 0, 5], 
65535, 0, 7, 0, 255, [0, 17, 0, 11, 2, 0, 2], 
65535, 0, 7, 0, 255, [0, 8, 0, 31, 1, 0, 78], 
65535, 0, 7, 0, 255, [0, 8, 0, 6, 1, 0, 90], 
65535, 0, 7, 0, 255, [0, 8, 0, 11, 1, 0, 35], 
65535, 0, 7, 0, 255, [0, 8, 0, 35, 1, 0, 77], 
65535, 0, 7, 0, 255, [0, 8, 0, 34, 1, 0, 79], 
65535, 0, 7, 0, 255, [0, 8, 0, 33, 1, 0, 70], 
65535, 0, 7, 0, 255, [0, 8, 0, 32, 1, 0, 68], 
65535, 0, 7, 0, 255, [0, 8, 0, 12, 1, 0, 30], 
65535, 0, 7, 0, 255, [0, 8, 0, 15, 1, 0, 5], 
65535, 0, 7, 0, 255, [0, 8, 0, 7, 1, 0, 100], 
65535, 0, 7, 0, 255, [0, 8, 0, 13, 1, 0, 10], 
65535, 0, 7, 0, 255, [0, 8, 0, 14, 1, 0, 3], 
65535, 0, 7, 0, 255, [0, 8, 0, 37, 1, 0, 8], 
65535, 0, 7, 0, 255, [0, 8, 0, 36, 1, 0, 31], 
65535, 0, 7, 0, 255, [0, 8, 0, 29, 1, 0, 2], 
65535, 0, 7, 0, 255, [0, 8, 0, 29, 2, 0, 27], 
65535, 0, 7, 0, 255, [0, 8, 0, 41, 2, 0, 22], 
65535, 0, 7, 0, 255, [0, 8, 0, 12, 2, 0, 68], 
65535, 0, 7, 0, 255, [0, 8, 0, 40, 2, 0, 72], 
65535, 0, 7, 0, 255, [0, 8, 0, 15, 2, 0, 72], 
65535, 0, 7, 0, 255, [0, 8, 0, 6, 2, 0, 90], 
65535, 0, 7, 0, 255, [0, 8, 0, 34, 2, 0, 80], 
65535, 0, 7, 0, 255, [0, 8, 0, 33, 2, 0, 70], 
65535, 0, 7, 0, 255, [0, 8, 0, 37, 2, 0, 73], 
65535, 0, 7, 0, 255, [0, 8, 0, 36, 2, 0, 80], 
65535, 0, 7, 0, 255, [0, 8, 0, 13, 2, 0, 75], 
65535, 0, 7, 0, 255, [0, 8, 0, 45, 2, 0, 10], 
65535, 0, 7, 0, 255, [0, 8, 0, 32, 2, 0, 63], 
65535, 0, 7, 0, 255, [0, 8, 0, 35, 2, 0, 79], 
65535, 0, 7, 0, 255, [0, 8, 0, 11, 2, 0, 75], 
65535, 0, 7, 0, 255, [0, 8, 0, 31, 2, 0, 82], 
65535, 0, 7, 0, 255, [0, 8, 0, 16, 2, 0, 34], 
65535, 0, 7, 0, 255, [0, 8, 0, 38, 2, 0, 74], 
65535, 0, 7, 0, 255, [0, 8, 0, 27, 2, 0, 5], 
65535, 0, 7, 0, 255, [0, 8, 0, 14, 2, 0, 66], 
65535, 0, 7, 0, 255, [0, 8, 0, 28, 2, 0, 56], 
65535, 0, 7, 0, 255, [0, 8, 0, 7, 2, 0, 97], 
65535, 0, 7, 0, 255, [0, 8, 0, 39, 2, 0, 47], 
65535, 0, 7, 0, 255, [0, 15, 0, 14, 1, 0, 95], 
65535, 0, 7, 0, 255, [0, 15, 0, 12, 1, 0, 96], 
65535, 0, 7, 0, 255, [0, 15, 0, 41, 1, 0, 23], 
65535, 0, 7, 0, 255, [0, 15, 0, 40, 1, 0, 67], 
65535, 0, 7, 0, 255, [0, 15, 0, 37, 1, 0, 57], 
65535, 0, 7, 0, 255, [0, 15, 0, 38, 1, 0, 83], 
65535, 0, 7, 0, 255, [0, 15, 0, 16, 1, 0, 34], 
65535, 0, 7, 0, 255, [0, 15, 0, 13, 1, 0, 97], 
65535, 0, 7, 0, 255, [0, 15, 0, 43, 1, 0, 28], 
65535, 0, 7, 0, 255, [0, 15, 0, 11, 1, 0, 94], 
65535, 0, 7, 0, 255, [0, 15, 0, 39, 1, 0, 21], 
65535, 0, 7, 0, 255, [0, 15, 0, 36, 1, 0, 51], 
65535, 0, 7, 0, 255, [0, 15, 0, 33, 1, 0, 5], 
65535, 0, 7, 0, 255, [0, 15, 0, 6, 1, 0, 20], 
65535, 0, 7, 0, 255, [0, 15, 0, 44, 1, 0, 1], 
65535, 0, 7, 0, 255, [0, 15, 0, 17, 1, 0, 2], 
65535, 0, 7, 0, 255, [0, 15, 0, 7, 1, 0, 41], 
65535, 0, 7, 0, 255, [0, 15, 0, 8, 1, 0, 31], 
65535, 0, 7, 0, 255, [0, 15, 0, 35, 1, 0, 1], 
65535, 0, 7, 0, 255, [0, 15, 0, 32, 2, 0, 72], 
65535, 0, 7, 0, 255, [0, 15, 0, 14, 2, 0, 94], 
65535, 0, 7, 0, 255, [0, 15, 0, 33, 2, 0, 82], 
65535, 0, 7, 0, 255, [0, 15, 0, 41, 2, 0, 90], 
65535, 0, 7, 0, 255, [0, 15, 0, 44, 2, 0, 77], 
65535, 0, 7, 0, 255, [0, 15, 0, 12, 2, 0, 98], 
65535, 0, 7, 0, 255, [0, 15, 0, 37, 2, 0, 92], 
65535, 0, 7, 0, 255, [0, 15, 0, 40, 2, 0, 88], 
65535, 0, 7, 0, 255, [0, 15, 0, 16, 2, 0, 83], 
65535, 0, 7, 0, 255, [0, 15, 0, 20, 2, 0, 39], 
65535, 0, 7, 0, 255, [0, 15, 0, 38, 2, 0, 94], 
65535, 0, 7, 0, 255, [0, 15, 0, 13, 2, 0, 96], 
65535, 0, 7, 0, 255, [0, 15, 0, 21, 2, 0, 85], 
65535, 0, 7, 0, 255, [0, 15, 0, 43, 2, 0, 86], 
65535, 0, 7, 0, 255, [0, 15, 0, 34, 2, 0, 89], 
65535, 0, 7, 0, 255, [0, 15, 0, 35, 2, 0, 94], 
65535, 0, 7, 0, 255, [0, 15, 0, 11, 2, 0, 97], 
65535, 0, 7, 0, 255, [0, 15, 0, 45, 2, 0, 85], 
65535, 0, 7, 0, 255, [0, 15, 0, 39, 2, 0, 75], 
65535, 0, 7, 0, 255, [0, 15, 0, 31, 2, 0, 86], 
65535, 0, 7, 0, 255, [0, 15, 0, 19, 2, 0, 75], 
65535, 0, 7, 0, 255, [0, 15, 0, 36, 2, 0, 92], 
65535, 0, 7, 0, 255, [0, 15, 0, 17, 2, 0, 84], 
65535, 0, 7, 0, 255, [0, 15, 0, 18, 2, 0, 14], 
65535, 0, 7, 0, 255, [0, 15, 0, 24, 2, 0, 31], 
65535, 0, 7, 0, 255, [0, 15, 0, 6, 2, 0, 42], 
65535, 0, 7, 0, 255, [0, 15, 0, 8, 2, 0, 90], 
65535, 0, 7, 0, 255, [0, 15, 0, 7, 2, 0, 92], 
65535, 0, 7, 0, 255, [0, 27, 0, 26, 1, 0, 94], 
65535, 0, 7, 0, 255, [0, 27, 0, 28, 1, 0, 100], 
65535, 0, 7, 0, 255, [0, 27, 0, 29, 1, 0, 94], 
65535, 0, 7, 0, 255, [0, 27, 0, 30, 1, 0, 82], 
65535, 0, 7, 0, 255, [0, 27, 0, 33, 1, 0, 42], 
65535, 0, 7, 0, 255, [0, 27, 0, 32, 1, 0, 30], 
65535, 0, 7, 0, 255, [0, 27, 0, 34, 1, 0, 1], 
65535, 0, 7, 0, 255, [0, 27, 0, 31, 1, 0, 1], 
65535, 0, 7, 0, 255, [0, 27, 0, 32, 2, 0, 87], 
65535, 0, 7, 0, 255, [0, 27, 0, 33, 2, 0, 42], 
65535, 0, 7, 0, 255, [0, 27, 0, 26, 2, 0, 88], 
65535, 0, 7, 0, 255, [0, 27, 0, 30, 2, 0, 90], 
65535, 0, 7, 0, 255, [0, 27, 0, 31, 2, 0, 29], 
65535, 0, 7, 0, 255, [0, 27, 0, 28, 2, 0, 100], 
65535, 0, 7, 0, 255, [0, 27, 0, 29, 2, 0, 95], 
65535, 0, 7, 0, 255, [0, 27, 0, 6, 2, 0, 47], 
65535, 0, 7, 0, 255, [0, 27, 0, 34, 2, 0, 4], 
65535, 0, 7, 0, 255, [0, 27, 0, 8, 2, 0, 2], 
65535, 0, 7, 0, 255, [0, 27, 0, 35, 2, 0, 3], 
65535, 0, 7, 0, 255, [0, 29, 0, 37, 1, 0, 12], 
65535, 0, 7, 0, 255, [0, 29, 0, 26, 1, 0, 76], 
65535, 0, 7, 0, 255, [0, 29, 0, 30, 1, 0, 91], 
65535, 0, 7, 0, 255, [0, 29, 0, 33, 1, 0, 91], 
65535, 0, 7, 0, 255, [0, 29, 0, 32, 1, 0, 65], 
65535, 0, 7, 0, 255, [0, 29, 0, 34, 1, 0, 55], 
65535, 0, 7, 0, 255, [0, 29, 0, 28, 1, 0, 99], 
65535, 0, 7, 0, 255, [0, 29, 0, 27, 1, 0, 95], 
65535, 0, 7, 0, 255, [0, 29, 0, 35, 1, 0, 45], 
65535, 0, 7, 0, 255, [0, 29, 0, 31, 1, 0, 34], 
65535, 0, 7, 0, 255, [0, 29, 0, 36, 1, 0, 16], 
65535, 0, 7, 0, 255, [0, 29, 0, 6, 1, 0, 66], 
65535, 0, 7, 0, 255, [0, 29, 0, 7, 1, 0, 53], 
65535, 0, 7, 0, 255, [0, 29, 0, 8, 1, 0, 14], 
65535, 0, 7, 0, 255, [0, 29, 0, 32, 2, 0, 91], 
65535, 0, 7, 0, 255, [0, 29, 0, 33, 2, 0, 97], 
65535, 0, 7, 0, 255, [0, 29, 0, 26, 2, 0, 88], 
65535, 0, 7, 0, 255, [0, 29, 0, 30, 2, 0, 94], 
65535, 0, 7, 0, 255, [0, 29, 0, 35, 2, 0, 74], 
65535, 0, 7, 0, 255, [0, 29, 0, 34, 2, 0, 98], 
65535, 0, 7, 0, 255, [0, 29, 0, 31, 2, 0, 86], 
65535, 0, 7, 0, 255, [0, 29, 0, 28, 2, 0, 100], 
65535, 0, 7, 0, 255, [0, 29, 0, 27, 2, 0, 98], 
65535, 0, 7, 0, 255, [0, 29, 0, 36, 2, 0, 92], 
65535, 0, 7, 0, 255, [0, 29, 0, 6, 2, 0, 96], 
65535, 0, 7, 0, 255, [0, 29, 0, 8, 2, 0, 28], 
65535, 0, 7, 0, 255, [0, 29, 0, 7, 2, 0, 96], 
65535, 0, 7, 0, 255, [0, 48, 0, 25, 1, 0, 73], 
65535, 0, 7, 0, 255, [0, 48, 0, 23, 1, 0, 85], 
65535, 0, 7, 0, 255, [0, 48, 0, 20, 1, 0, 29], 
65535, 0, 7, 0, 255, [0, 48, 0, 49, 1, 0, 91], 
65535, 0, 7, 0, 255, [0, 48, 0, 44, 1, 0, 22], 
65535, 0, 7, 0, 255, [0, 48, 0, 18, 1, 0, 59], 
65535, 0, 7, 0, 255, [0, 48, 0, 47, 1, 0, 96], 
65535, 0, 7, 0, 255, [0, 48, 0, 16, 1, 0, 17], 
65535, 0, 7, 0, 255, [0, 48, 0, 22, 1, 0, 52], 
65535, 0, 7, 0, 255, [0, 48, 0, 46, 1, 0, 88], 
65535, 0, 7, 0, 255, [0, 48, 0, 21, 1, 0, 59], 
65535, 0, 7, 0, 255, [0, 48, 0, 50, 1, 0, 95], 
65535, 0, 7, 0, 255, [0, 48, 0, 39, 1, 0, 32], 
65535, 0, 7, 0, 255, [0, 48, 0, 19, 1, 0, 65], 
65535, 0, 7, 0, 255, [0, 48, 0, 41, 1, 0, 7], 
65535, 0, 7, 0, 255, [0, 48, 0, 24, 1, 0, 73], 
65535, 0, 7, 0, 255, [0, 48, 0, 40, 1, 0, 8], 
65535, 0, 7, 0, 255, [0, 48, 0, 43, 1, 0, 16], 
65535, 0, 7, 0, 255, [0, 48, 0, 17, 1, 0, 52], 
65535, 0, 7, 0, 255, [0, 48, 0, 38, 1, 0, 4], 
65535, 0, 7, 0, 255, [0, 48, 0, 36, 1, 0, 1], 
65535, 0, 7, 0, 255, [0, 48, 0, 45, 1, 0, 2], 
65535, 0, 7, 0, 255, [0, 48, 0, 44, 2, 0, 62], 
65535, 0, 7, 0, 255, [0, 48, 0, 25, 2, 0, 87], 
65535, 0, 7, 0, 255, [0, 48, 0, 23, 2, 0, 96], 
65535, 0, 7, 0, 255, [0, 48, 0, 18, 2, 0, 91], 
65535, 0, 7, 0, 255, [0, 48, 0, 20, 2, 0, 90], 
65535, 0, 7, 0, 255, [0, 48, 0, 49, 2, 0, 89], 
65535, 0, 7, 0, 255, [0, 48, 0, 41, 2, 0, 52], 
65535, 0, 7, 0, 255, [0, 48, 0, 37, 2, 0, 46], 
65535, 0, 7, 0, 255, [0, 48, 0, 38, 2, 0, 52], 
65535, 0, 7, 0, 255, [0, 48, 0, 22, 2, 0, 94], 
65535, 0, 7, 0, 255, [0, 48, 0, 47, 2, 0, 95], 
65535, 0, 7, 0, 255, [0, 48, 0, 46, 2, 0, 96], 
65535, 0, 7, 0, 255, [0, 48, 0, 21, 2, 0, 97], 
65535, 0, 7, 0, 255, [0, 48, 0, 16, 2, 0, 70], 
65535, 0, 7, 0, 255, [0, 48, 0, 43, 2, 0, 63], 
65535, 0, 7, 0, 255, [0, 48, 0, 50, 2, 0, 95], 
65535, 0, 7, 0, 255, [0, 48, 0, 45, 2, 0, 57], 
65535, 0, 7, 0, 255, [0, 48, 0, 40, 2, 0, 61], 
65535, 0, 7, 0, 255, [0, 48, 0, 24, 2, 0, 96], 
65535, 0, 7, 0, 255, [0, 48, 0, 19, 2, 0, 91], 
65535, 0, 7, 0, 255, [0, 48, 0, 17, 2, 0, 92], 
65535, 0, 7, 0, 255, [0, 48, 0, 39, 2, 0, 58], 
65535, 0, 7, 0, 255, [0, 48, 0, 36, 2, 0, 67], 
65535, 0, 7, 0, 255, [0, 7, 0, 6, 1, 0, 90], 
65535, 0, 7, 0, 255, [0, 7, 0, 31, 1, 0, 82], 
65535, 0, 7, 0, 255, [0, 7, 0, 13, 1, 0, 34], 
65535, 0, 7, 0, 255, [0, 7, 0, 8, 1, 0, 97], 
65535, 0, 7, 0, 255, [0, 7, 0, 11, 1, 0, 57], 
65535, 0, 7, 0, 255, [0, 7, 0, 35, 1, 0, 79], 
65535, 0, 7, 0, 255, [0, 7, 0, 15, 1, 0, 41], 
65535, 0, 7, 0, 255, [0, 7, 0, 34, 1, 0, 78], 
65535, 0, 7, 0, 255, [0, 7, 0, 32, 1, 0, 70], 
65535, 0, 7, 0, 255, [0, 7, 0, 29, 1, 0, 52], 
65535, 0, 7, 0, 255, [0, 7, 0, 33, 1, 0, 72], 
65535, 0, 7, 0, 255, [0, 7, 0, 14, 1, 0, 26], 
65535, 0, 7, 0, 255, [0, 7, 0, 12, 1, 0, 4], 
65535, 0, 7, 0, 255, [0, 7, 0, 37, 1, 0, 9], 
65535, 0, 7, 0, 255, [0, 7, 0, 28, 1, 0, 5], 
65535, 0, 7, 0, 255, [0, 7, 0, 36, 1, 0, 11], 
65535, 0, 7, 0, 255, [0, 7, 0, 8, 2, 0, 98], 
65535, 0, 7, 0, 255, [0, 7, 0, 29, 2, 0, 66], 
65535, 0, 7, 0, 255, [0, 7, 0, 12, 2, 0, 67], 
65535, 0, 7, 0, 255, [0, 7, 0, 40, 2, 0, 71], 
65535, 0, 7, 0, 255, [0, 7, 0, 34, 2, 0, 80], 
65535, 0, 7, 0, 255, [0, 7, 0, 6, 2, 0, 89], 
65535, 0, 7, 0, 255, [0, 7, 0, 33, 2, 0, 70], 
65535, 0, 7, 0, 255, [0, 7, 0, 36, 2, 0, 66], 
65535, 0, 7, 0, 255, [0, 7, 0, 37, 2, 0, 68], 
65535, 0, 7, 0, 255, [0, 7, 0, 13, 2, 0, 72], 
65535, 0, 7, 0, 255, [0, 7, 0, 14, 2, 0, 65], 
65535, 0, 7, 0, 255, [0, 7, 0, 28, 2, 0, 63], 
65535, 0, 7, 0, 255, [0, 7, 0, 32, 2, 0, 64], 
65535, 0, 7, 0, 255, [0, 7, 0, 11, 2, 0, 71], 
65535, 0, 7, 0, 255, [0, 7, 0, 35, 2, 0, 78], 
65535, 0, 7, 0, 255, [0, 7, 0, 31, 2, 0, 78], 
65535, 0, 7, 0, 255, [0, 7, 0, 26, 2, 0, 1], 
65535, 0, 7, 0, 255, [0, 7, 0, 30, 2, 0, 45], 
65535, 0, 7, 0, 255, [0, 7, 0, 15, 2, 0, 70], 
65535, 0, 7, 0, 255, [0, 7, 0, 39, 2, 0, 31], 
65535, 0, 7, 0, 255, [0, 7, 0, 16, 2, 0, 6], 
65535, 0, 7, 0, 255, [0, 7, 0, 38, 2, 0, 16], 
65535, 0, 7, 0, 255, [0, 19, 0, 20, 1, 0, 86], 
65535, 0, 7, 0, 255, [0, 19, 0, 18, 1, 0, 83], 
65535, 0, 7, 0, 255, [0, 19, 0, 44, 1, 0, 46], 
65535, 0, 7, 0, 255, [0, 19, 0, 50, 1, 0, 41], 
65535, 0, 7, 0, 255, [0, 19, 0, 16, 1, 0, 45], 
65535, 0, 7, 0, 255, [0, 19, 0, 48, 1, 0, 38], 
65535, 0, 7, 0, 255, [0, 19, 0, 25, 1, 0, 68], 
65535, 0, 7, 0, 255, [0, 19, 0, 49, 1, 0, 25], 
65535, 0, 7, 0, 255, [0, 19, 0, 21, 1, 0, 38], 
65535, 0, 7, 0, 255, [0, 19, 0, 23, 1, 0, 50], 
65535, 0, 7, 0, 255, [0, 19, 0, 41, 1, 0, 32], 
65535, 0, 7, 0, 255, [0, 19, 0, 47, 1, 0, 36], 
65535, 0, 7, 0, 255, [0, 19, 0, 43, 1, 0, 32], 
65535, 0, 7, 0, 255, [0, 19, 0, 24, 1, 0, 45], 
65535, 0, 7, 0, 255, [0, 19, 0, 13, 1, 0, 23], 
65535, 0, 7, 0, 255, [0, 19, 0, 22, 1, 0, 44], 
65535, 0, 7, 0, 255, [0, 19, 0, 46, 1, 0, 41], 
65535, 0, 7, 0, 255, [0, 19, 0, 17, 1, 0, 76], 
65535, 0, 7, 0, 255, [0, 19, 0, 14, 1, 0, 19], 
65535, 0, 7, 0, 255, [0, 19, 0, 45, 1, 0, 21], 
65535, 0, 7, 0, 255, [0, 19, 0, 15, 1, 0, 1], 
65535, 0, 7, 0, 255, [0, 19, 0, 50, 2, 0, 89], 
65535, 0, 7, 0, 255, [0, 19, 0, 12, 2, 0, 80], 
65535, 0, 7, 0, 255, [0, 19, 0, 20, 2, 0, 92], 
65535, 0, 7, 0, 255, [0, 19, 0, 49, 2, 0, 83], 
65535, 0, 7, 0, 255, [0, 19, 0, 45, 2, 0, 88], 
65535, 0, 7, 0, 255, [0, 19, 0, 16, 2, 0, 90], 
65535, 0, 7, 0, 255, [0, 19, 0, 43, 2, 0, 93], 
65535, 0, 7, 0, 255, [0, 19, 0, 24, 2, 0, 96], 
65535, 0, 7, 0, 255, [0, 19, 0, 47, 2, 0, 91], 
65535, 0, 7, 0, 255, [0, 19, 0, 48, 2, 0, 96], 
65535, 0, 7, 0, 255, [0, 19, 0, 44, 2, 0, 83], 
65535, 0, 7, 0, 255, [0, 19, 0, 46, 2, 0, 63], 
65535, 0, 7, 0, 255, [0, 19, 0, 25, 2, 0, 58], 
65535, 0, 7, 0, 255, [0, 19, 0, 22, 2, 0, 93], 
65535, 0, 7, 0, 255, [0, 19, 0, 23, 2, 0, 89], 
65535, 0, 7, 0, 255, [0, 19, 0, 18, 2, 0, 90], 
65535, 0, 7, 0, 255, [0, 19, 0, 15, 2, 0, 76], 
65535, 0, 7, 0, 255, [0, 19, 0, 14, 2, 0, 69], 
65535, 0, 7, 0, 255, [0, 19, 0, 17, 2, 0, 94], 
65535, 0, 7, 0, 255, [0, 19, 0, 21, 2, 0, 41], 
65535, 0, 7, 0, 255, [0, 19, 0, 41, 2, 0, 16], 
65535, 0, 7, 0, 255, [0, 19, 0, 13, 2, 0, 1], 
65535, 0, 7, 0, 255, [0, 23, 0, 20, 1, 0, 39], 
65535, 0, 7, 0, 255, [0, 23, 0, 49, 1, 0, 63], 
65535, 0, 7, 0, 255, [0, 23, 0, 16, 1, 0, 8], 
65535, 0, 7, 0, 255, [0, 23, 0, 25, 1, 0, 62], 
65535, 0, 7, 0, 255, [0, 23, 0, 48, 1, 0, 51], 
65535, 0, 7, 0, 255, [0, 23, 0, 22, 1, 0, 79], 
65535, 0, 7, 0, 255, [0, 23, 0, 18, 1, 0, 50], 
65535, 0, 7, 0, 255, [0, 23, 0, 47, 1, 0, 90], 
65535, 0, 7, 0, 255, [0, 23, 0, 13, 1, 0, 18], 
65535, 0, 7, 0, 255, [0, 23, 0, 46, 1, 0, 74], 
65535, 0, 7, 0, 255, [0, 23, 0, 21, 1, 0, 63], 
65535, 0, 7, 0, 255, [0, 23, 0, 50, 1, 0, 59], 
65535, 0, 7, 0, 255, [0, 23, 0, 24, 1, 0, 98], 
65535, 0, 7, 0, 255, [0, 23, 0, 19, 1, 0, 53], 
65535, 0, 7, 0, 255, [0, 23, 0, 17, 1, 0, 20], 
65535, 0, 7, 0, 255, [0, 23, 0, 18, 2, 0, 92], 
65535, 0, 7, 0, 255, [0, 23, 0, 20, 2, 0, 94], 
65535, 0, 7, 0, 255, [0, 23, 0, 16, 2, 0, 91], 
65535, 0, 7, 0, 255, [0, 23, 0, 44, 2, 0, 18], 
65535, 0, 7, 0, 255, [0, 23, 0, 25, 2, 0, 86], 
65535, 0, 7, 0, 255, [0, 23, 0, 49, 2, 0, 91], 
65535, 0, 7, 0, 255, [0, 23, 0, 41, 2, 0, 76], 
65535, 0, 7, 0, 255, [0, 23, 0, 48, 2, 0, 98], 
65535, 0, 7, 0, 255, [0, 23, 0, 13, 2, 0, 83], 
65535, 0, 7, 0, 255, [0, 23, 0, 22, 2, 0, 98], 
65535, 0, 7, 0, 255, [0, 23, 0, 47, 2, 0, 97], 
65535, 0, 7, 0, 255, [0, 23, 0, 38, 2, 0, 8], 
65535, 0, 7, 0, 255, [0, 23, 0, 46, 2, 0, 94], 
65535, 0, 7, 0, 255, [0, 23, 0, 21, 2, 0, 100], 
65535, 0, 7, 0, 255, [0, 23, 0, 50, 2, 0, 95], 
65535, 0, 7, 0, 255, [0, 23, 0, 45, 2, 0, 84], 
65535, 0, 7, 0, 255, [0, 23, 0, 39, 2, 0, 32], 
65535, 0, 7, 0, 255, [0, 23, 0, 24, 2, 0, 95], 
65535, 0, 7, 0, 255, [0, 23, 0, 19, 2, 0, 92], 
65535, 0, 7, 0, 255, [0, 23, 0, 17, 2, 0, 87], 
65535, 0, 7, 0, 255, [0, 23, 0, 40, 2, 0, 2], 
65535, 0, 7, 0, 255, [0, 23, 0, 43, 2, 0, 1], 
