
11	SOURCE_NODE 11
11	84 1
11	84 2
11	84 3
11	84 4
11	84 5
11	84 6
11	84 7
11	84 8
11	84 9
11	84 10
11	84 11
11	84 12
11	84 13
11	84 14
11	84 15
11	84 16
11	84 17
11	84 18
11	84 19
11	84 20
11	84 1
11	84 2
11	84 3
11	84 4
11	84 5
11	84 6
11	84 7
11	84 8
11	84 9
11	84 10
11	84 11
11	84 12
11	84 13
11	84 14
11	84 15
11	84 16
11	84 17
11	84 18
11	84 19
11	84 20
11	84 1
11	84 2
11	84 3
11	84 4
11	84 5
11	84 6
11	84 7
11	84 8
11	84 9
11	84 10
11	84 11
11	84 12
11	84 13
11	84 14
11	84 15
11	84 16
11	84 17
11	84 18
11	84 19
11	84 20
11	84 1
11	84 2
11	84 3
11	84 4
11	84 5
11	84 6
11	84 7
11	84 8
11	84 9
11	84 10
11	84 11
11	84 12
11	84 13
11	84 14
11	84 15
11	84 16
11	84 17
11	84 18
11	84 19
11	84 20
11	84 1
11	84 2
11	84 3
11	84 4
11	84 5
11	84 6
11	84 7
11	84 8
11	84 9
11	84 10
11	84 11
11	84 12
11	84 13
11	84 14
11	84 15
11	84 16
11	84 17
11	84 18
11	84 19
11	84 20
11	84 1
11	84 2
11	84 3
11	84 4
11	84 5
11	84 6
11	84 7
11	84 8
11	84 9
11	84 10
11	84 11
11	84 12
11	84 13
11	84 14
11	84 15
11	84 16
11	84 17
11	84 18
11	84 19
11	84 20
11	84 1
11	84 2
11	84 3
11	84 4
11	84 5
11	84 6
11	84 7
11	84 8
11	84 9
11	84 10
11	84 11
11	84 12
11	84 13
11	84 14
11	84 15
11	84 16
11	84 17
11	84 18
11	84 19
11	84 20
11	84 1
11	84 2
11	84 3
11	84 4
11	84 5
11	84 6
11	84 7
11	84 8
11	84 9
11	84 10
11	84 11
11	84 12
11	84 13
11	84 14
11	84 15
11	84 16
11	84 17
11	84 18
11	84 19
11	84 20
11	84 1
11	84 2
11	84 3
11	84 4
11	84 5
11	84 6
11	84 7
11	84 8
11	84 9
11	84 10
11	84 11
11	84 12
11	84 13
11	84 14
11	84 15
11	84 16
11	84 17
11	84 18
11	84 19
11	84 20
11	84 1
11	84 2
11	84 3
11	84 4
11	84 5
11	84 6
11	84 7
11	84 8
11	84 9
11	84 10
11	84 11
11	84 12
11	84 13
11	84 14
11	84 15
11	84 16
11	84 17
11	84 18
11	84 19
11	84 20
11	84 1
11	84 2
11	84 3
11	84 4
11	84 5
11	84 6
11	84 7
11	84 8
11	84 9
11	84 10
11	84 11
11	84 12
11	84 13
11	84 14
11	84 15
11	84 16
11	84 17
11	84 18
11	84 19
11	84 20
11	84 1
11	84 2
11	84 3
11	84 4
11	84 5
11	84 6
11	84 7
11	84 8
11	84 9
11	84 10
11	84 11
11	84 12
11	84 13
11	84 14
11	84 15
11	84 16
11	84 17
11	84 18
11	84 19
11	84 20
11	84 1
11	84 2
11	84 3
11	84 4
11	84 5
11	84 6
11	84 7
11	84 8
11	84 9
11	84 10
11	TEST_NUMBER 0
11	SENT_TOTAL 250
11	RECEIVED_TOTAL 0
11	TIME_TOTAL 0
11	RECEIVED_RADIO_1 0
11	RECEIVED_RADIO_2 0
11	SENT_RADIO_1 0
11	SENT_RADIO_2 0
11	RADIO_TIME_1 19843
11	RADIO_TIME_2 19754
11	RETRANSMISSIONS_1 1236
11	RETRANSMISSIONS_2 1234
11	DROPPED_1 124
11	DROPPED_2 123
11	MAX_QUEUE 2
11	DUPLICATED_1 0
11	DUPLICATED_2 0
11	EBUSY_RADIO_1 0
11	EBUSY_RADIO_2 0
11	84 1
11	84 2
11	84 3
11	84 4
11	84 5
11	84 6
11	84 7
11	84 8
11	84 9
11	84 10
11	84 11
11	84 12
11	84 13
11	84 14
11	84 15
11	84 16
11	84 17
11	84 18
11	84 19
11	84 20
11	84 1
11	84 2
11	84 3
11	84 4
11	84 5
11	84 6
11	84 7
11	84 8
11	84 9
11	84 10
11	84 11
11	84 12
11	84 13
11	84 14
11	84 15
11	84 16
11	84 17
11	84 18
11	84 19
11	84 20
11	84 1
11	84 2
11	84 3
11	84 4
11	84 5
11	84 6
11	84 7
11	84 8
11	84 9
11	84 10
11	84 11
11	84 12
11	84 13
11	84 14
11	84 15
11	84 16
11	84 17
11	84 18
11	84 19
11	84 20
11	84 1
11	84 2
11	84 3
11	84 4
11	84 5
11	84 6
11	84 7
11	84 8
11	84 9
11	84 10
11	84 11
11	84 12
11	84 13
11	84 14
11	84 15
11	84 16
11	84 17
11	84 18
11	84 19
11	84 20
11	84 1
11	84 2
11	84 3
11	84 4
11	84 5
11	84 6
11	84 7
11	84 8
11	84 9
11	84 10
11	84 11
11	84 12
11	84 13
11	84 14
11	84 15
11	84 16
11	84 17
11	84 18
11	84 19
11	84 20
11	84 1
11	84 2
11	84 3
11	84 4
11	84 5
11	84 6
11	84 7
11	84 8
11	84 9
11	84 10
11	84 11
11	84 12
11	84 13
11	84 14
11	84 15
11	84 16
11	84 17
11	84 18
11	84 19
11	84 20
11	84 1
11	84 2
11	84 3
11	84 4
11	84 5
11	84 6
11	84 7
11	84 8
11	84 9
11	84 10
11	84 11
11	84 12
11	84 13
11	84 14
11	84 15
11	84 16
11	84 17
11	84 18
11	84 19
11	84 20
11	84 1
11	84 2
11	84 3
11	84 4
11	84 5
11	84 6
11	84 7
11	84 8
11	84 9
11	84 10
11	84 11
11	84 12
11	84 13
11	84 14
11	84 15
11	84 16
11	84 17
11	84 18
11	84 19
11	84 20
11	84 1
11	84 2
11	84 3
11	84 4
11	84 5
11	84 6
11	84 7
11	84 8
11	84 9
11	84 10
11	84 11
11	84 12
11	84 13
11	84 14
11	84 15
11	84 16
11	84 17
11	84 18
11	84 19
11	84 20
11	84 1
11	84 2
11	84 3
11	84 4
11	84 5
11	84 6
11	84 7
11	84 8
11	84 9
11	84 10
11	84 11
11	84 12
11	84 13
11	84 14
11	84 15
11	84 16
11	84 17
11	84 18
11	84 19
11	84 20
11	84 1
11	84 2
11	84 3
11	84 4
11	84 5
11	84 6
11	84 7
11	84 8
11	84 9
11	84 10
11	84 11
11	84 12
11	84 13
11	84 14
11	84 15
11	84 16
11	84 17
11	84 18
11	84 19
11	84 20
11	84 1
11	84 2
11	84 3
11	84 4
11	84 5
11	84 6
11	84 7
11	84 8
11	84 9
11	84 10
11	84 11
11	84 12
11	84 13
11	84 14
11	84 15
11	84 16
11	84 17
11	84 18
11	84 19
11	84 20
11	84 1
11	84 2
11	84 3
11	84 4
11	84 5
11	84 6
11	84 7
11	84 8
11	84 9
11	84 10
11	TEST_NUMBER 1
11	SENT_TOTAL 250
11	RECEIVED_TOTAL 0
11	TIME_TOTAL 0
11	RECEIVED_RADIO_1 0
11	RECEIVED_RADIO_2 0
11	SENT_RADIO_1 0
11	SENT_RADIO_2 0
11	RADIO_TIME_1 29875
11	RADIO_TIME_2 29872
11	RETRANSMISSIONS_1 1246
11	RETRANSMISSIONS_2 1246
11	DROPPED_1 125
11	DROPPED_2 125
11	MAX_QUEUE 2
11	DUPLICATED_1 0
11	DUPLICATED_2 0
11	EBUSY_RADIO_1 0
11	EBUSY_RADIO_2 0
11	84 1
11	84 2
11	84 3
11	84 4
11	84 5
11	84 6
11	84 7
11	84 8
11	84 9
11	84 10
11	84 11
11	84 12
11	84 13
11	84 14
11	84 15
11	84 16
11	84 17
11	84 18
11	84 19
11	84 20
11	84 1
11	84 2
11	84 3
11	84 4
11	84 5
11	84 6
11	84 7
11	84 8
11	84 9
11	84 10
11	84 11
11	84 12
11	84 13
11	84 14
11	84 15
11	84 16
11	84 17
11	84 18
11	84 19
11	84 20
11	84 1
11	84 2
11	84 3
11	84 4
11	84 5
11	84 6
11	84 7
11	84 8
11	84 9
11	84 10
11	84 11
11	84 12
11	84 13
11	84 14
11	84 15
11	84 16
11	84 17
11	84 18
11	84 19
11	84 20
11	84 1
11	84 2
11	84 3
11	84 4
11	84 5
11	84 6
11	84 7
11	84 8
11	84 9
11	84 10
11	84 11
11	84 12
11	84 13
11	84 14
11	84 15
11	84 16
11	84 17
11	84 18
11	84 19
11	84 20
11	84 1
11	84 2
11	84 3
11	84 4
11	84 5
11	84 6
11	84 7
11	84 8
11	84 9
11	84 10
11	84 11
11	84 12
11	84 13
11	84 14
11	84 15
11	84 16
11	84 17
11	84 18
11	84 19
11	84 20
11	84 1
11	84 2
11	84 3
11	84 4
11	84 5
11	84 6
11	84 7
11	84 8
11	84 9
11	84 10
11	84 11
11	84 12
11	84 13
11	84 14
11	84 15
11	84 16
11	84 17
11	84 18
11	84 19
11	84 20
11	84 1
11	84 2
11	84 3
11	84 4
11	84 5
11	84 6
11	84 7
11	84 8
11	84 9
11	84 10
11	84 11
11	84 12
11	84 13
11	84 14
11	84 15
11	84 16
11	84 17
11	84 18
11	84 19
11	84 20
11	84 1
11	84 2
11	84 3
11	84 4
11	84 5
11	84 6
11	84 7
11	84 8
11	84 9
11	84 10
11	84 11
11	84 12
11	84 13
11	84 14
11	84 15
11	84 16
11	84 17
11	84 18
11	84 19
11	84 20
11	84 1
11	84 2
11	84 3
11	84 4
11	84 5
11	84 6
11	84 7
11	84 8
11	84 9
11	84 10
11	84 11
11	84 12
11	84 13
11	84 14
11	84 15
11	84 16
11	84 17
11	84 18
11	84 19
11	84 20
11	84 1
11	84 2
11	84 3
11	84 4
11	84 5
11	84 6
11	84 7
11	84 8
11	84 9
11	84 10
11	84 11
11	84 12
11	84 13
11	84 14
11	84 15
11	84 16
11	84 17
11	84 18
11	84 19
11	84 20
11	84 1
11	84 2
11	84 3
11	84 4
11	84 5
11	84 6
11	84 7
11	84 8
11	84 9
11	84 10
11	84 11
11	84 12
11	84 13
11	84 14
11	84 15
11	84 16
11	84 17
11	84 18
11	84 19
11	84 20
11	84 1
11	84 2
11	84 3
11	84 4
11	84 5
11	84 6
11	84 7
11	84 8
11	84 9
11	84 10
11	84 11
11	84 12
11	84 13
11	84 14
11	84 15
11	84 16
11	84 17
11	84 18
11	84 19
11	84 20
11	84 1
11	84 2
11	84 3
11	84 4
11	84 5
11	84 6
11	84 7
11	84 8
11	84 9
11	84 10
11	TEST_NUMBER 2
11	SENT_TOTAL 250
11	RECEIVED_TOTAL 0
11	TIME_TOTAL 0
11	RECEIVED_RADIO_1 0
11	RECEIVED_RADIO_2 0
11	SENT_RADIO_1 0
11	SENT_RADIO_2 0
11	RADIO_TIME_1 29831
11	RADIO_TIME_2 29881
11	RETRANSMISSIONS_1 1247
11	RETRANSMISSIONS_2 1243
11	DROPPED_1 125
11	DROPPED_2 125
11	MAX_QUEUE 2
11	DUPLICATED_1 0
11	DUPLICATED_2 0
11	EBUSY_RADIO_1 0
11	EBUSY_RADIO_2 0
11	84 1
11	84 2
11	84 3
11	84 4
11	84 5
11	84 6
11	84 7
11	84 8
11	84 9
11	84 10
11	84 11
11	84 12
11	84 13
11	84 14
11	84 15
11	84 16
11	84 17
11	84 18
11	84 19
11	84 20
11	84 1
11	84 2
11	84 3
11	84 4
11	84 5
11	84 6
11	84 7
11	84 8
11	84 9
11	84 10
11	84 11
11	84 12
11	84 13
11	84 14
11	84 15
11	84 16
11	84 17
11	84 18
11	84 19
11	84 20
11	84 1
11	84 2
11	84 3
11	84 4
11	84 5
11	84 6
11	84 7
11	84 8
11	84 9
11	84 10
11	84 11
11	84 12
11	84 13
11	84 14
11	84 15
11	84 16
11	84 17
11	84 18
11	84 19
11	84 20
11	84 1
11	84 2
11	84 3
11	84 4
11	84 5
11	84 6
11	84 7
11	84 8
11	84 9
11	84 10
11	84 11
11	84 12
11	84 13
11	84 14
11	84 15
11	84 16
11	84 17
11	84 18
11	84 19
11	84 20
11	84 1
11	84 2
11	84 3
11	84 4
11	84 5
11	84 6
11	84 7
11	84 8
11	84 9
11	84 10
11	84 11
11	84 12
11	84 13
11	84 14
11	84 15
11	84 16
11	84 17
11	84 18
11	84 19
11	84 20
11	84 1
11	84 2
11	84 3
11	84 4
11	84 5
11	84 6
11	84 7
11	84 8
11	84 9
11	84 10
11	84 11
11	84 12
11	84 13
11	84 14
11	84 15
11	84 16
11	84 17
11	84 18
11	84 19
11	84 20
11	84 1
11	84 2
11	84 3
11	84 4
11	84 5
11	84 6
11	84 7
11	84 8
11	84 9
11	84 10
11	84 11
11	84 12
11	84 13
11	84 14
11	84 15
11	84 16
11	84 17
11	84 18
11	84 19
11	84 20
11	84 1
11	84 2
11	84 3
11	84 4
11	84 5
11	84 6
11	84 7
11	84 8
11	84 9
11	84 10
11	84 11
11	84 12
11	84 13
11	84 14
11	84 15
11	84 16
11	84 17
11	84 18
11	84 19
11	84 20
11	84 1
11	84 2
11	84 3
11	84 4
11	84 5
11	84 6
11	84 7
11	84 8
11	84 9
11	84 10
11	84 11
11	84 12
11	84 13
11	84 14
11	84 15
11	84 16
11	84 17
11	84 18
11	84 19
11	84 20
11	84 1
11	84 2
11	84 3
11	84 4
11	84 5
11	84 6
11	84 7
11	84 8
11	84 9
11	84 10
11	84 11
11	84 12
11	84 13
11	84 14
11	84 15
11	84 16
11	84 17
11	84 18
11	84 19
11	84 20
11	84 1
11	84 2
11	84 3
11	84 4
11	84 5
11	84 6
11	84 7
11	84 8
11	84 9
11	84 10
11	84 11
11	84 12
11	84 13
11	84 14
11	84 15
11	84 16
11	84 17
11	84 18
11	84 19
11	84 20
11	84 1
11	84 2
11	84 3
11	84 4
11	84 5
11	84 6
11	84 7
11	84 8
11	84 9
11	84 10
11	84 11
11	84 12
11	84 13
11	84 14
11	84 15
11	84 16
11	84 17
11	84 18
11	84 19
11	84 20
11	84 1
11	84 2
11	84 3
11	84 4
11	84 5
11	84 6
11	84 7
11	84 8
11	84 9
11	84 10
11	TEST_NUMBER 3
11	SENT_TOTAL 250
11	RECEIVED_TOTAL 0
11	TIME_TOTAL 0
11	RECEIVED_RADIO_1 0
11	RECEIVED_RADIO_2 0
11	SENT_RADIO_1 0
11	SENT_RADIO_2 0
11	RADIO_TIME_1 29872
11	RADIO_TIME_2 29863
11	RETRANSMISSIONS_1 1245
11	RETRANSMISSIONS_2 1249
11	DROPPED_1 125
11	DROPPED_2 125
11	MAX_QUEUE 2
11	DUPLICATED_1 0
11	DUPLICATED_2 0
11	EBUSY_RADIO_1 0
11	EBUSY_RADIO_2 0
11	84 1
11	84 2
11	84 3
11	84 4
11	84 5
11	84 6
11	84 7
11	84 8
11	84 9
11	84 10
11	84 11
11	84 12
11	84 13
11	84 14
11	84 15
11	84 16
11	84 17
11	84 18
11	84 19
11	84 20
11	84 1
11	84 2
11	84 3
11	84 4
11	84 5
11	84 6
11	84 7
11	84 8
11	84 9
11	84 10
11	84 11
11	84 12
11	84 13
11	84 14
11	84 15
11	84 16
11	84 17
11	84 18
11	84 19
11	84 20
11	84 1
11	84 2
11	84 3
11	84 4
11	84 5
11	84 6
11	84 7
11	84 8
11	84 9
11	84 10
11	84 11
11	84 12
11	84 13
11	84 14
11	84 15
11	84 16
11	84 17
11	84 18
11	84 19
11	84 20
11	84 1
11	84 2
11	84 3
11	84 4
11	84 5
11	84 6
11	84 7
11	84 8
11	84 9
11	84 10
11	84 11
11	84 12
11	84 13
11	84 14
11	84 15
11	84 16
11	84 17
11	84 18
11	84 19
11	84 20
11	84 1
11	84 2
11	84 3
11	84 4
11	84 5
11	84 6
11	84 7
11	84 8
11	84 9
11	84 10
11	84 11
11	84 12
11	84 13
11	84 14
11	84 15
11	84 16
11	84 17
11	84 18
11	84 19
11	84 20
11	84 1
11	84 2
11	84 3
11	84 4
11	84 5
11	84 6
11	84 7
11	84 8
11	84 9
11	84 10
11	84 11
11	84 12
11	84 13
11	84 14
11	84 15
11	84 16
11	84 17
11	84 18
11	84 19
11	84 20
11	84 1
11	84 2
11	84 3
11	84 4
11	84 5
11	84 6
11	84 7
11	84 8
11	84 9
11	84 10
11	84 11
11	84 12
11	84 13
11	84 14
11	84 15
11	84 16
11	84 17
11	84 18
11	84 19
11	84 20
11	84 1
11	84 2
11	84 3
11	84 4
11	84 5
11	84 6
11	84 7
11	84 8
11	84 9
11	84 10
11	84 11
11	84 12
11	84 13
11	84 14
11	84 15
11	84 16
11	84 17
11	84 18
11	84 19
11	84 20
11	84 1
11	84 2
11	84 3
11	84 4
11	84 5
11	84 6
11	84 7
11	84 8
11	84 9
11	84 10
11	84 11
11	84 12
11	84 13
11	84 14
11	84 15
11	84 16
11	84 17
11	84 18
11	84 19
11	84 20
11	84 1
11	84 2
11	84 3
11	84 4
11	84 5
11	84 6
11	84 7
11	84 8
11	84 9
11	84 10
11	84 11
11	84 12
11	84 13
11	84 14
11	84 15
11	84 16
11	84 17
11	84 18
11	84 19
11	84 20
11	84 1
11	84 2
11	84 3
11	84 4
11	84 5
11	84 6
11	84 7
11	84 8
11	84 9
11	84 10
11	84 11
11	84 12
11	84 13
11	84 14
11	84 15
11	84 16
11	84 17
11	84 18
11	84 19
11	84 20
11	84 1
11	84 2
11	84 3
11	84 4
11	84 5
11	84 6
11	84 7
11	84 8
11	84 9
11	84 10
11	84 11
11	84 12
11	84 13
11	84 14
11	84 15
11	84 16
11	84 17
11	84 18
11	84 19
11	84 20
11	84 1
11	84 2
11	84 3
11	84 4
11	84 5
11	84 6
11	84 7
11	84 8
11	84 9
11	84 10
11	TEST_NUMBER 4
11	SENT_TOTAL 250
11	RECEIVED_TOTAL 0
11	TIME_TOTAL 0
11	RECEIVED_RADIO_1 0
11	RECEIVED_RADIO_2 0
11	SENT_RADIO_1 0
11	SENT_RADIO_2 0
11	RADIO_TIME_1 29857
11	RADIO_TIME_2 29880
11	RETRANSMISSIONS_1 1247
11	RETRANSMISSIONS_2 1245
11	DROPPED_1 125
11	DROPPED_2 125
11	MAX_QUEUE 2
11	DUPLICATED_1 0
11	DUPLICATED_2 0
11	EBUSY_RADIO_1 0
11	EBUSY_RADIO_2 0
11	84 1
11	84 2
11	84 3
11	84 4
11	84 5
11	84 6
11	84 7
11	84 8
11	84 9
11	84 10
11	84 11
11	84 12
11	84 13
11	84 14
11	84 15
11	84 16
11	84 17
11	84 18
11	84 19
11	84 20
11	84 1
11	84 2
11	84 3
11	84 4
11	84 5
11	84 6
11	84 7
11	84 8
11	84 9
11	84 10
11	84 11
11	84 12
11	84 13
11	84 14
11	84 15
11	84 16
11	84 17
11	84 18
11	84 19
11	84 20
11	84 1
11	84 2
11	84 3
11	84 4
11	84 5
11	84 6
11	84 7
11	84 8
11	84 9
11	84 10
11	84 11
11	84 12
11	84 13
11	84 14
11	84 15
11	84 16
11	84 17
11	84 18
11	84 19
11	84 20
11	84 1
11	84 2
11	84 3
11	84 4
11	84 5
11	84 6
11	84 7
11	84 8
11	84 9
11	84 10
11	84 11
11	84 12
11	84 13
11	84 14
11	84 15
11	84 16
11	84 17
11	84 18
11	84 19
11	84 20
11	84 1
11	84 2
11	84 3
11	84 4
11	84 5
11	84 6
11	84 7
11	84 8
11	84 9
11	84 10
11	84 11
11	84 12
11	84 13
11	84 14
11	84 15
11	84 16
11	84 17
11	84 18
11	84 19
11	84 20
11	84 1
11	84 2
11	84 3
11	84 4
11	84 5
11	84 6
11	84 7
11	84 8
11	84 9
11	84 10
11	84 11
11	84 12
11	84 13
11	84 14
11	84 15
11	84 16
11	84 17
11	84 18
11	84 19
11	84 20
11	84 1
11	84 2
11	84 3
11	84 4
11	84 5
11	84 6
11	84 7
11	84 8
11	84 9
11	84 10
11	84 11
11	84 12
11	84 13
11	84 14
11	84 15
11	84 16
11	84 17
11	84 18
11	84 19
11	84 20
11	84 1
11	84 2
11	84 3
11	84 4
11	84 5
11	84 6
11	84 7
11	84 8
11	84 9
11	84 10
11	84 11
11	84 12
11	84 13
11	84 14
11	84 15
11	84 16
11	84 17
11	84 18
11	84 19
11	84 20
11	84 1
11	84 2
11	84 3
11	84 4
11	84 5
11	84 6
11	84 7
11	84 8
11	84 9
11	84 10
11	84 11
11	84 12
11	84 13
11	84 14
11	84 15
11	84 16
11	84 17
11	84 18
11	84 19
11	84 20
11	84 1
11	84 2
11	84 3
11	84 4
11	84 5
11	84 6
11	84 7
11	84 8
11	84 9
11	84 10
11	84 11
11	84 12
11	84 13
11	84 14
11	84 15
11	84 16
11	84 17
11	84 18
11	84 19
11	84 20
11	84 1
11	84 2
11	84 3
11	84 4
11	84 5
11	84 6
11	84 7
11	84 8
11	84 9
11	84 10
11	84 11
11	84 12
11	84 13
11	84 14
11	84 15
11	84 16
11	84 17
11	84 18
11	84 19
11	84 20
11	84 1
11	84 2
11	84 3
11	84 4
11	84 5
11	84 6
11	84 7
11	84 8
11	84 9
11	84 10
11	84 11
11	84 12
11	84 13
11	84 14
11	84 15
11	84 16
11	84 17
11	84 18
11	84 19
11	84 20
11	84 1
11	84 2
11	84 3
11	84 4
11	84 5
11	84 6
11	84 7
11	84 8
11	84 9
11	84 10
11	TEST_NUMBER 5
11	SENT_TOTAL 250
11	RECEIVED_TOTAL 0
11	TIME_TOTAL 0
11	RECEIVED_RADIO_1 0
11	RECEIVED_RADIO_2 0
11	SENT_RADIO_1 0
11	SENT_RADIO_2 0
11	RADIO_TIME_1 29859
11	RADIO_TIME_2 29873
11	RETRANSMISSIONS_1 1246
11	RETRANSMISSIONS_2 1247
11	DROPPED_1 125
11	DROPPED_2 125
11	MAX_QUEUE 2
11	DUPLICATED_1 0
11	DUPLICATED_2 0
11	EBUSY_RADIO_1 0
11	EBUSY_RADIO_2 0
11	84 1
11	84 2
11	84 3
11	84 4
11	84 5
11	84 6
11	84 7
11	84 8
11	84 9
11	84 10
11	84 11
11	84 12
11	84 13
11	84 14
11	84 15
11	84 16
11	84 17
11	84 18
11	84 19
11	84 20
11	84 1
11	84 2
11	84 3
11	84 4
11	84 5
11	84 6
11	84 7
11	84 8
11	84 9
11	84 10
11	84 11
11	84 12
11	84 13
11	84 14
11	84 15
11	84 16
11	84 17
11	84 18
11	84 19
11	84 20
11	84 1
11	84 2
11	84 3
11	84 4
11	84 5
11	84 6
11	84 7
11	84 8
11	84 9
11	84 10
11	84 11
11	84 12
11	84 13
11	84 14
11	84 15
11	84 16
11	84 17
11	84 18
11	84 19
11	84 20
11	84 1
11	84 2
11	84 3
11	84 4
11	84 5
11	84 6
11	84 7
11	84 8
11	84 9
11	84 10
11	84 11
11	84 12
11	84 13
11	84 14
11	84 15
11	84 16
11	84 17
11	84 18
11	84 19
11	84 20
11	84 1
11	84 2
11	84 3
11	84 4
11	84 5
11	84 6
11	84 7
11	84 8
11	84 9
11	84 10
11	84 11
11	84 12
11	84 13
11	84 14
11	84 15
11	84 16
11	84 17
11	84 18
11	84 19
11	84 20
11	84 1
11	84 2
11	84 3
11	84 4
11	84 5
11	84 6
11	84 7
11	84 8
11	84 9
11	84 10
11	84 11
11	84 12
11	84 13
11	84 14
11	84 15
11	84 16
11	84 17
11	84 18
11	84 19
11	84 20
11	84 1
11	84 2
11	84 3
11	84 4
11	84 5
11	84 6
11	84 7
11	84 8
11	84 9
11	84 10
11	84 11
11	84 12
11	84 13
11	84 14
11	84 15
11	84 16
11	84 17
11	84 18
11	84 19
11	84 20
11	84 1
11	84 2
11	84 3
11	84 4
11	84 5
11	84 6
11	84 7
11	84 8
11	84 9
11	84 10
11	84 11
11	84 12
11	84 13
11	84 14
11	84 15
11	84 16
11	84 17
11	84 18
11	84 19
11	84 20
11	84 1
11	84 2
11	84 3
11	84 4
11	84 5
11	84 6
11	84 7
11	84 8
11	84 9
11	84 10
11	84 11
11	84 12
11	84 13
11	84 14
11	84 15
11	84 16
11	84 17
11	84 18
11	84 19
11	84 20
11	84 1
11	84 2
11	84 3
11	84 4
11	84 5
11	84 6
11	84 7
11	84 8
11	84 9
11	84 10
11	84 11
11	84 12
11	84 13
11	84 14
11	84 15
11	84 16
11	84 17
11	84 18
11	84 19
11	84 20
11	84 1
11	84 2
11	84 3
11	84 4
11	84 5
11	84 6
11	84 7
11	84 8
11	84 9
11	84 10
11	84 11
11	84 12
11	84 13
11	84 14
11	84 15
11	84 16
11	84 17
11	84 18
11	84 19
11	84 20
11	84 1
11	84 2
11	84 3
11	84 4
11	84 5
11	84 6
11	84 7
11	84 8
11	84 9
11	84 10
11	84 11
11	84 12
11	84 13
11	84 14
11	84 15
11	84 16
11	84 17
11	84 18
11	84 19
11	84 20
11	84 1
11	84 2
11	84 3
11	84 4
11	84 5
11	84 6
11	84 7
11	84 8
11	84 9
11	84 10
11	TEST_NUMBER 6
11	SENT_TOTAL 250
11	RECEIVED_TOTAL 0
11	TIME_TOTAL 0
11	RECEIVED_RADIO_1 0
11	RECEIVED_RADIO_2 0
11	SENT_RADIO_1 0
11	SENT_RADIO_2 0
11	RADIO_TIME_1 29873
11	RADIO_TIME_2 29868
11	RETRANSMISSIONS_1 1245
11	RETRANSMISSIONS_2 1247
11	DROPPED_1 125
11	DROPPED_2 125
11	MAX_QUEUE 2
11	DUPLICATED_1 0
11	DUPLICATED_2 0
11	EBUSY_RADIO_1 0
11	EBUSY_RADIO_2 0
