
11	SOURCE_NODE 11
11	84 1
11	84 2
11	83 2
11	85 2
11	79 19
11	84 3
11	84 4
11	83 4
11	85 3
11	79 106
11	83 4
11	85 4
11	79 41
11	84 5
11	84 6
11	84 7
11	84 8
11	83 8
11	85 6
11	79 187
11	83 8
11	85 7
11	79 113
11	83 8
11	85 8
11	79 41
11	84 9
11	83 9
11	85 9
11	79 41
11	84 10
11	84 11
11	83 11
11	85 11
11	79 29
11	84 12
11	84 13
11	83 13
11	85 12
11	79 108
11	83 13
11	85 13
11	79 36
11	84 14
11	84 15
11	83 15
11	85 15
11	79 27
11	84 16
11	84 17
11	83 17
11	85 16
11	79 111
11	84 18
11	84 19
11	83 19
11	85 18
11	79 108
11	83 19
11	85 19
11	79 35
11	84 20
11	83 20
11	85 20
11	79 36
11	84 1
11	84 2
11	83 2
11	85 2
11	79 30
11	84 3
11	84 4
11	83 4
11	85 3
11	79 108
11	83 4
11	85 4
11	79 48
11	84 5
11	83 5
11	85 5
11	79 34
11	84 6
11	84 7
11	83 7
11	85 7
11	79 30
11	84 8
11	84 9
11	83 9
11	85 8
11	79 111
11	83 9
11	85 9
11	79 38
11	84 10
11	84 11
11	83 11
11	85 11
11	79 28
11	84 12
11	84 13
11	83 13
11	85 12
11	79 111
11	83 13
11	85 13
11	79 38
11	84 14
11	84 15
11	83 15
11	85 15
11	79 28
11	84 16
11	84 17
11	83 17
11	85 16
11	79 111
11	83 17
11	85 17
11	79 48
11	84 18
11	84 19
11	83 19
11	85 19
11	79 27
11	84 20
11	84 1
11	83 1
11	85 20
11	79 105
11	84 2
11	83 2
11	85 2
11	79 28
11	84 3
11	84 4
11	83 4
11	85 3
11	79 113
11	83 4
11	85 4
11	79 43
11	84 5
11	83 5
11	85 5
11	79 36
11	84 6
11	84 7
11	83 7
11	85 7
11	79 30
11	84 8
11	84 9
11	83 9
11	85 8
11	79 105
11	83 9
11	85 9
11	79 35
11	84 10
11	83 10
11	85 10
11	79 37
11	84 11
11	84 12
11	83 12
11	85 12
11	79 25
11	84 13
11	84 14
11	83 14
11	85 13
11	79 104
11	83 14
11	85 14
11	79 45
11	84 15
11	84 16
11	83 16
11	85 16
11	79 30
11	84 17
11	84 18
11	83 18
11	85 17
11	79 112
11	83 18
11	85 18
11	79 46
11	84 19
11	84 20
11	83 20
11	85 20
11	79 39
11	84 1
11	84 2
11	83 2
11	85 1
11	79 108
11	83 2
11	85 2
11	79 39
11	84 3
11	83 3
11	85 3
11	79 33
11	84 4
11	84 5
11	83 5
11	85 5
11	79 25
11	84 6
11	84 7
11	83 7
11	85 6
11	79 105
11	83 7
11	85 7
11	79 33
11	84 8
11	83 8
11	85 8
11	79 37
11	84 9
11	84 10
11	84 11
11	83 11
11	85 9
11	79 190
11	83 11
11	85 11
11	79 38
11	84 12
11	84 13
11	83 13
11	85 12
11	79 105
11	83 13
11	85 13
11	79 42
11	84 14
11	84 15
11	83 15
11	85 15
11	79 29
11	84 16
11	84 17
11	83 17
11	85 16
11	79 110
11	83 17
11	85 17
11	79 36
11	84 18
11	83 18
11	85 18
11	79 35
11	84 19
11	84 20
11	83 20
11	85 20
11	79 33
11	84 1
11	84 2
11	83 2
11	85 1
11	79 106
11	84 3
11	83 3
11	85 3
11	79 28
11	84 4
11	84 5
11	83 5
11	85 4
11	79 106
11	83 5
11	85 5
11	79 42
11	84 6
11	83 6
11	85 6
11	79 33
11	84 7
11	84 8
11	83 8
11	85 8
11	79 28
11	84 9
11	84 10
11	83 10
11	85 9
11	79 110
11	83 10
11	85 10
11	79 37
11	84 11
11	84 12
11	83 12
11	85 12
11	79 32
11	84 13
11	84 14
11	83 14
11	85 13
11	79 110
11	83 14
11	85 14
11	79 38
11	84 15
11	84 16
11	83 16
11	85 16
11	79 27
11	84 17
11	84 18
11	83 18
11	85 17
11	79 111
11	83 18
11	85 18
11	79 38
11	84 19
11	83 19
11	85 19
11	79 40
11	84 20
11	84 1
11	83 1
11	85 1
11	79 26
11	84 2
11	84 3
11	83 3
11	85 2
11	79 104
11	83 3
11	85 3
11	79 32
11	84 4
11	83 4
11	85 4
11	79 42
11	84 5
11	84 6
11	83 6
11	85 6
11	79 31
11	84 7
11	84 8
11	83 8
11	85 7
11	79 106
11	84 9
11	83 9
11	85 9
11	79 25
11	84 10
11	84 11
11	83 11
11	85 10
11	79 109
11	83 11
11	85 11
11	79 38
11	84 12
11	83 12
11	85 12
11	79 44
11	84 13
11	84 14
11	83 14
11	85 14
11	79 29
11	84 15
11	84 16
11	83 16
11	85 15
11	79 109
11	83 16
11	85 16
11	79 37
11	84 17
11	84 18
11	83 18
11	85 18
11	79 31
11	84 19
11	84 20
11	83 20
11	85 19
11	79 108
11	83 20
11	85 20
11	79 37
11	84 1
11	84 2
11	83 2
11	85 2
11	79 30
11	84 3
11	84 4
11	83 4
11	85 3
11	79 107
11	83 4
11	85 4
11	79 46
11	84 5
11	84 6
11	83 6
11	85 6
11	79 27
11	84 7
11	84 8
11	83 8
11	85 7
11	79 107
11	83 8
11	85 8
11	79 42
11	84 9
11	83 9
11	85 9
11	79 40
11	84 10
11	84 11
11	83 11
11	85 11
11	79 25
11	84 12
11	84 13
11	83 13
11	85 12
11	79 117
11	83 13
11	85 13
11	79 44
11	84 14
11	84 15
11	83 15
11	85 15
11	79 28
11	84 16
11	84 17
11	83 17
11	85 16
11	79 108
11	83 17
11	85 17
11	79 38
11	84 18
11	83 18
11	85 18
11	79 36
11	84 19
11	84 20
11	83 20
11	85 20
11	79 25
11	84 1
11	84 2
11	83 2
11	85 1
11	79 108
11	83 2
11	85 2
11	79 36
11	84 3
11	84 4
11	83 4
11	85 4
11	79 28
11	84 5
11	84 6
11	83 6
11	85 5
11	79 108
11	84 7
11	83 7
11	85 7
11	79 27
11	84 8
11	84 9
11	83 9
11	85 8
11	79 108
11	83 9
11	85 9
11	79 44
11	84 10
11	83 10
11	85 10
11	79 39
11	84 11
11	84 12
11	83 12
11	85 12
11	79 21
11	84 13
11	84 14
11	83 14
11	85 13
11	79 108
11	84 15
11	83 15
11	85 15
11	79 34
11	84 16
11	84 17
11	83 17
11	85 16
11	79 105
11	83 17
11	85 17
11	79 38
11	84 18
11	84 19
11	83 19
11	85 19
11	79 28
11	84 20
11	84 1
11	83 1
11	85 20
11	79 106
11	83 1
11	85 1
11	79 35
11	84 2
11	83 2
11	85 2
11	79 34
11	84 3
11	84 4
11	83 4
11	85 4
11	79 25
11	84 5
11	84 6
11	83 6
11	85 5
11	79 110
11	83 6
11	85 6
11	79 39
11	84 7
11	84 8
11	83 8
11	85 8
11	79 38
11	84 9
11	84 10
11	83 10
11	85 9
11	79 104
11	83 10
11	85 10
11	79 40
11	84 11
11	84 12
11	83 12
11	85 12
11	79 30
11	84 13
11	84 14
11	83 14
11	85 13
11	79 109
11	83 14
11	85 14
11	79 45
11	84 15
11	84 16
11	83 16
11	85 16
11	79 27
11	84 17
11	84 18
11	83 18
11	85 17
11	79 104
11	83 18
11	85 18
11	79 33
11	84 19
11	83 19
11	85 19
11	79 41
11	84 20
11	84 1
11	83 1
11	85 1
11	79 25
11	84 2
11	84 3
11	83 3
11	85 2
11	79 104
11	83 3
11	85 3
11	79 52
11	84 4
11	84 5
11	83 5
11	85 5
11	79 30
11	84 6
11	84 7
11	83 7
11	85 6
11	79 111
11	83 7
11	85 7
11	79 43
11	84 8
11	84 9
11	83 9
11	85 9
11	79 21
11	84 10
11	84 11
11	83 11
11	85 10
11	79 109
11	83 11
11	85 11
11	79 38
11	84 12
11	83 12
11	85 12
11	79 36
11	84 13
11	84 14
11	83 14
11	85 14
11	79 28
11	84 15
11	84 16
11	83 16
11	85 15
11	79 105
11	83 16
11	85 16
11	79 42
11	84 17
11	84 18
11	83 18
11	85 18
11	79 34
11	84 19
11	84 20
11	83 20
11	85 19
11	79 108
11	83 20
11	85 20
11	79 37
11	84 1
11	83 1
11	85 1
11	79 36
11	84 2
11	84 3
11	83 3
11	85 3
11	79 27
11	84 4
11	84 5
11	83 5
11	85 4
11	79 105
11	83 5
11	85 5
11	79 45
11	84 6
11	83 6
11	85 6
11	79 33
11	84 7
11	84 8
11	83 8
11	85 8
11	79 27
11	84 9
11	84 10
11	83 10
11	85 9
11	79 106
11	83 10
11	85 10
11	79 34
11	84 11
11	84 12
11	83 12
11	85 12
11	79 28
11	84 13
11	84 14
11	83 14
11	85 13
11	79 106
11	84 15
11	83 15
11	85 15
11	79 24
11	84 16
11	84 17
11	83 17
11	85 16
11	79 110
11	83 17
11	85 17
11	79 38
11	84 18
11	83 18
11	85 18
11	79 33
11	84 19
11	84 20
11	83 20
11	85 20
11	79 30
11	84 1
11	84 2
11	83 2
11	85 1
11	79 108
11	83 2
11	85 2
11	79 37
11	84 3
11	84 4
11	83 4
11	85 4
11	79 28
11	84 5
11	84 6
11	83 6
11	85 5
11	79 108
11	83 6
11	85 6
11	79 39
11	84 7
11	84 8
11	83 8
11	85 8
11	79 31
11	84 9
11	84 10
11	83 10
11	85 9
11	79 111
11	83 10
11	85 10
11	79 47
11	84 11
11	84 12
11	83 12
11	85 12
11	79 25
11	84 13
11	84 14
11	83 14
11	85 13
11	79 105
11	83 14
11	85 14
11	79 33
11	84 15
11	83 15
11	85 15
11	79 35
11	84 16
11	84 17
11	83 17
11	85 17
11	79 26
11	84 18
11	84 19
11	83 19
11	85 18
11	79 111
11	84 20
11	83 20
11	85 20
11	79 25
11	84 1
11	84 2
11	83 2
11	85 1
11	79 105
11	83 2
11	85 2
11	79 31
11	84 3
11	84 4
11	83 4
11	85 4
11	79 27
11	84 5
11	84 6
11	83 6
11	85 5
11	79 106
11	84 7
11	83 7
11	85 7
11	79 36
11	84 8
11	84 9
11	83 9
11	85 8
11	79 114
11	83 9
11	85 9
11	79 42
11	84 10
11	TEST_NUMBER 0
11	SENT_TOTAL 250
11	RECEIVED_TOTAL 190
11	TIME_TOTAL 19706
11	RECEIVED_RADIO_1 190
11	RECEIVED_RADIO_2 0
11	SENT_RADIO_1 124
11	SENT_RADIO_2 125
11	RADIO_TIME_1 19843
11	RADIO_TIME_2 19683
11	RETRANSMISSIONS_1 1
11	RETRANSMISSIONS_2 0
11	DROPPED_1 0
11	DROPPED_2 0
11	MAX_QUEUE 1
11	DUPLICATED_1 14
11	DUPLICATED_2 0
11	EBUSY_RADIO_1 0
11	EBUSY_RADIO_2 0
11	83 0
11	85 10
11	86 0
11	84 1
11	84 2
11	83 2
11	85 2
11	79 28
11	84 3
11	84 4
11	83 4
11	85 3
11	79 108
11	83 4
11	85 4
11	79 39
11	84 5
11	84 6
11	83 6
11	85 6
11	79 31
11	84 7
11	84 8
11	83 8
11	85 7
11	79 103
11	83 8
11	85 8
11	79 30
11	84 9
11	83 9
11	85 9
11	79 38
11	84 10
11	84 11
11	83 11
11	85 11
11	79 26
11	84 12
11	84 13
11	83 13
11	85 12
11	79 105
11	83 13
11	85 13
11	79 36
11	84 14
11	83 14
11	85 14
11	79 29
11	84 15
11	84 16
11	83 16
11	85 16
11	79 24
11	84 17
11	84 18
11	83 18
11	85 17
11	79 102
11	83 18
11	85 18
11	79 29
11	84 19
11	84 20
11	83 20
11	85 20
11	79 31
11	84 1
11	84 2
11	83 2
11	85 1
11	79 108
11	83 2
11	85 2
11	79 37
11	84 3
11	83 3
11	85 3
11	79 40
11	84 4
11	84 5
11	83 5
11	85 5
11	79 28
11	84 6
11	84 7
11	83 7
11	85 6
11	79 107
11	83 7
11	85 7
11	79 43
11	84 8
11	84 9
11	83 9
11	85 9
11	79 25
11	84 10
11	84 11
11	83 11
11	85 10
11	79 110
11	83 11
11	85 11
11	79 39
11	84 12
11	83 12
11	85 12
11	79 36
11	84 13
11	84 14
11	83 14
11	85 14
11	79 30
11	84 15
11	84 16
11	83 16
11	85 15
11	79 109
11	83 16
11	85 16
11	79 38
11	84 17
11	83 17
11	85 17
11	79 32
11	84 18
11	84 19
11	83 19
11	85 19
11	79 30
11	84 20
11	84 1
11	83 1
11	85 20
11	79 105
11	83 1
11	85 1
11	79 31
11	84 2
11	83 2
11	85 2
11	79 38
11	84 3
11	84 4
11	83 4
11	85 4
11	79 33
11	84 5
11	84 6
11	83 6
11	85 5
11	79 109
11	83 6
11	85 6
11	79 39
11	84 7
11	84 8
11	83 8
11	85 8
11	79 27
11	84 9
11	84 10
11	83 10
11	85 9
11	79 109
11	83 10
11	85 10
11	79 35
11	84 11
11	84 12
11	83 12
11	85 12
11	79 31
11	84 13
11	84 14
11	83 14
11	85 13
11	79 105
11	83 14
11	85 14
11	79 42
11	84 15
11	83 15
11	85 15
11	79 40
11	84 16
11	84 17
11	83 17
11	85 17
11	79 30
11	84 18
11	84 19
11	83 19
11	85 18
11	79 106
11	83 19
11	85 19
11	79 36
11	84 20
11	83 20
11	85 20
11	79 35
11	84 1
11	84 2
11	83 2
11	85 2
11	79 23
11	84 3
11	84 4
11	83 4
11	85 3
11	79 108
11	83 4
11	85 4
11	79 48
11	84 5
11	84 6
11	83 6
11	85 6
11	79 25
11	84 7
11	84 8
11	83 8
11	85 7
11	79 104
11	83 8
11	85 8
11	79 35
11	84 9
11	84 10
11	83 10
11	85 10
11	79 27
11	84 11
11	84 12
11	83 12
11	85 11
11	79 110
11	83 12
11	85 12
11	79 39
11	84 13
11	84 14
11	83 14
11	85 14
11	79 26
11	84 15
11	84 16
11	83 16
11	85 15
11	79 104
11	83 16
11	85 16
11	79 33
11	84 17
11	84 18
11	83 18
11	85 18
11	79 25
11	84 19
11	84 20
11	83 20
11	85 19
11	79 109
11	83 20
11	85 20
11	79 49
11	84 1
11	84 2
11	83 2
11	85 2
11	79 28
11	84 3
11	84 4
11	83 4
11	85 3
11	79 130
11	84 5
11	84 6
11	83 6
11	85 4
11	79 189
11	83 6
11	85 6
11	79 37
11	84 7
11	84 8
11	83 8
11	85 7
11	79 104
11	84 9
11	83 9
11	85 9
11	79 26
11	84 10
11	84 11
11	83 11
11	85 10
11	79 107
11	83 11
11	85 11
11	79 35
11	84 12
11	84 13
11	83 13
11	85 13
11	79 28
11	84 14
11	84 15
11	83 15
11	85 14
11	79 108
11	83 15
11	85 15
11	79 34
11	84 16
11	84 17
11	83 17
11	85 17
11	79 24
11	84 18
11	84 19
11	83 19
11	85 18
11	79 105
11	83 19
11	85 19
11	79 44
11	84 20
11	84 1
11	83 1
11	85 1
11	79 26
11	84 2
11	84 3
11	83 3
11	85 2
11	79 109
11	83 3
11	85 3
11	79 39
11	84 4
11	84 5
11	83 5
11	85 5
11	79 27
11	84 6
11	84 7
11	83 7
11	85 6
11	79 105
11	83 7
11	85 7
11	79 33
11	84 8
11	84 9
11	83 9
11	85 9
11	79 29
11	84 10
11	84 11
11	83 11
11	85 10
11	79 107
11	83 11
11	85 11
11	79 35
11	84 12
11	84 13
11	83 13
11	85 13
11	79 30
11	84 14
11	84 15
11	83 15
11	85 14
11	79 106
11	83 15
11	85 15
11	79 33
11	84 16
11	83 16
11	85 16
11	79 36
11	84 17
11	84 18
11	83 18
11	85 18
11	79 29
11	84 19
11	84 20
11	83 20
11	85 19
11	79 106
11	83 20
11	85 20
11	79 37
11	84 1
11	84 2
11	83 2
11	85 2
11	79 28
11	84 3
11	84 4
11	83 4
11	85 3
11	79 106
11	83 4
11	85 4
11	79 44
11	84 5
11	83 5
11	85 5
11	79 35
11	84 6
11	84 7
11	83 7
11	85 7
11	79 30
11	84 8
11	84 9
11	83 9
11	85 8
11	79 108
11	84 10
11	83 10
11	85 9
11	79 119
11	83 10
11	85 10
11	79 45
11	84 11
11	84 12
11	83 12
11	85 12
11	79 27
11	84 13
11	84 14
11	83 14
11	85 13
11	79 108
11	83 14
11	85 14
11	79 39
11	84 15
11	83 15
11	85 15
11	79 33
11	84 16
11	84 17
11	83 17
11	85 17
11	79 28
11	84 18
11	84 19
11	83 19
11	85 18
11	79 106
11	83 19
11	85 19
11	79 33
11	84 20
11	84 1
11	83 1
11	85 1
11	79 24
11	84 2
11	84 3
11	83 3
11	85 2
11	79 107
11	84 4
11	83 4
11	85 3
11	79 112
11	83 4
11	85 4
11	79 38
11	84 5
11	84 6
11	83 6
11	85 6
11	79 24
11	84 7
11	84 8
11	83 8
11	85 7
11	79 109
11	83 8
11	85 8
11	79 38
11	84 9
11	83 9
11	85 9
11	79 40
11	84 10
11	84 11
11	83 11
11	85 11
11	79 27
11	84 12
11	84 13
11	83 13
11	85 12
11	79 106
11	84 14
11	83 14
11	85 14
11	79 23
11	84 15
11	84 16
11	83 16
11	85 15
11	79 107
11	83 16
11	85 16
11	79 39
11	84 17
11	84 18
11	84 19
11	83 19
11	85 17
11	79 190
11	83 19
11	85 19
11	79 36
11	84 20
11	84 1
11	83 1
11	85 20
11	79 112
11	83 1
11	85 1
11	79 53
11	84 2
11	84 3
11	83 3
11	85 3
11	79 30
11	84 4
11	84 5
11	83 5
11	85 4
11	79 107
11	84 6
11	84 7
11	83 7
11	85 6
11	79 110
11	83 7
11	85 7
11	79 36
11	84 8
11	84 9
11	83 9
11	85 9
11	79 27
11	84 10
11	84 11
11	83 11
11	85 10
11	79 117
11	83 11
11	85 11
11	79 44
11	84 12
11	84 13
11	83 13
11	85 13
11	79 28
11	84 14
11	84 15
11	83 15
11	85 14
11	79 108
11	83 15
11	85 15
11	79 36
11	84 16
11	84 17
11	83 17
11	85 17
11	79 25
11	84 18
11	84 19
11	83 19
11	85 18
11	79 104
11	83 19
11	85 19
11	79 44
11	84 20
11	83 20
11	85 20
11	79 29
11	84 1
11	84 2
11	83 2
11	85 2
11	79 30
11	84 3
11	84 4
11	83 4
11	85 3
11	79 111
11	83 4
11	85 4
11	79 37
11	84 5
11	84 6
11	83 6
11	85 6
11	79 25
11	84 7
11	84 8
11	83 8
11	85 7
11	79 106
11	83 8
11	85 8
11	79 38
11	84 9
11	83 9
11	85 9
11	79 36
11	84 10
11	84 11
11	83 11
11	85 11
11	79 28
11	84 12
11	84 13
11	83 13
11	85 12
11	79 113
11	83 13
11	85 13
11	79 38
11	84 14
11	83 14
11	85 14
11	79 40
11	84 15
11	84 16
11	83 16
11	85 16
11	79 25
11	84 17
11	84 18
11	83 18
11	85 17
11	79 110
11	83 18
11	85 18
11	79 38
11	84 19
11	83 19
11	85 19
11	79 35
11	84 20
11	84 1
11	83 1
11	85 1
11	79 27
11	84 2
11	84 3
11	83 3
11	85 2
11	79 106
11	83 3
11	85 3
11	79 36
11	84 4
11	84 5
11	83 5
11	85 5
11	79 30
11	84 6
11	84 7
11	83 7
11	85 6
11	79 113
11	83 7
11	85 7
11	79 42
11	84 8
11	84 9
11	83 9
11	85 9
11	79 28
11	84 10
11	84 11
11	83 11
11	85 10
11	79 107
11	83 11
11	85 11
11	79 35
11	84 12
11	84 13
11	84 14
11	83 14
11	85 14
11	79 29
11	84 15
11	83 15
11	85 13
11	79 198
11	83 15
11	85 15
11	79 54
11	84 16
11	84 17
11	83 17
11	85 16
11	79 103
11	84 18
11	83 18
11	85 18
11	79 24
11	84 19
11	84 20
11	83 20
11	85 19
11	79 113
11	84 1
11	84 2
11	83 2
11	85 20
11	79 188
11	84 3
11	83 3
11	85 2
11	79 105
11	83 3
11	85 3
11	79 33
11	84 4
11	83 4
11	85 4
11	79 50
11	84 5
11	84 6
11	83 6
11	85 6
11	79 24
11	84 7
11	84 8
11	83 8
11	85 7
11	79 109
11	83 8
11	85 8
11	79 39
11	84 9
11	84 10
11	83 10
11	85 10
11	79 26
11	84 11
11	84 12
11	83 12
11	85 11
11	79 106
11	83 12
11	85 12
11	79 35
11	84 13
11	83 13
11	85 13
11	79 37
11	84 14
11	84 15
11	83 15
11	85 15
11	79 30
11	84 16
11	84 17
11	83 17
11	85 16
11	79 111
11	83 17
11	85 17
11	79 41
11	84 18
11	84 19
11	83 19
11	85 19
11	79 28
11	84 20
11	84 1
11	83 1
11	85 20
11	79 109
11	83 1
11	85 1
11	79 39
11	84 2
11	83 2
11	85 2
11	79 34
11	84 3
11	84 4
11	83 4
11	85 4
11	79 29
11	84 5
11	84 6
11	83 6
11	85 5
11	79 106
11	83 6
11	85 6
11	79 33
11	84 7
11	83 7
11	85 7
11	79 40
11	84 8
11	84 9
11	83 9
11	85 9
11	79 29
11	84 10
11	TEST_NUMBER 1
11	SENT_TOTAL 250
11	RECEIVED_TOTAL 191
11	TIME_TOTAL 29800
11	RECEIVED_RADIO_1 192
11	RECEIVED_RADIO_2 0
11	SENT_RADIO_1 124
11	SENT_RADIO_2 126
11	RADIO_TIME_1 29800
11	RADIO_TIME_2 19843
11	RETRANSMISSIONS_1 3
11	RETRANSMISSIONS_2 0
11	DROPPED_1 0
11	DROPPED_2 0
11	MAX_QUEUE 1
11	DUPLICATED_1 7
11	DUPLICATED_2 0
11	EBUSY_RADIO_1 0
11	EBUSY_RADIO_2 0
11	83 0
11	85 10
11	86 1
11	84 1
11	84 2
11	83 2
11	85 2
11	79 26
11	84 3
11	84 4
11	83 4
11	85 3
11	79 109
11	84 5
11	83 5
11	85 5
11	79 27
11	84 6
11	84 7
11	83 7
11	85 6
11	79 110
11	83 7
11	85 7
11	79 43
11	84 8
11	83 8
11	85 8
11	79 37
11	84 9
11	84 10
11	83 10
11	85 10
11	79 25
11	84 11
11	84 12
11	83 12
11	85 11
11	79 122
11	84 13
11	84 14
11	83 14
11	85 12
11	79 188
11	84 15
11	83 15
11	85 14
11	79 106
11	83 15
11	85 15
11	79 35
11	84 16
11	83 16
11	85 16
11	79 39
11	84 17
11	84 18
11	83 18
11	85 18
11	79 27
11	84 19
11	84 20
11	83 20
11	85 19
11	79 116
11	84 1
11	83 1
11	85 1
11	79 26
11	84 2
11	84 3
11	83 3
11	85 2
11	79 105
11	83 3
11	85 3
11	79 35
11	84 4
11	84 5
11	83 5
11	85 5
11	79 26
11	84 6
11	84 7
11	83 7
11	85 6
11	79 105
11	83 7
11	85 7
11	79 33
11	84 8
11	83 8
11	85 8
11	79 35
11	84 9
11	84 10
11	83 10
11	85 10
11	79 29
11	84 11
11	84 12
11	83 12
11	85 11
11	79 104
11	83 12
11	85 12
11	79 30
11	84 13
11	83 13
11	85 13
11	79 35
11	84 14
11	84 15
11	83 15
11	85 15
11	79 28
11	84 16
11	84 17
11	83 17
11	85 16
11	79 106
11	83 17
11	85 17
11	79 34
11	84 18
11	84 19
11	83 19
11	85 19
11	79 28
11	84 20
11	84 1
11	83 1
11	85 20
11	79 111
11	83 1
11	85 1
11	79 37
11	84 2
11	84 3
11	83 3
11	85 3
11	79 27
11	84 4
11	84 5
11	83 5
11	85 4
11	79 110
11	83 5
11	85 5
11	79 37
11	84 6
11	84 7
11	83 7
11	85 7
11	79 28
11	84 8
11	84 9
11	83 9
11	85 8
11	79 105
11	83 9
11	85 9
11	79 34
11	84 10
11	83 10
11	85 10
11	79 41
11	84 11
11	84 12
11	83 12
11	85 12
11	79 27
11	84 13
11	84 14
11	83 14
11	85 13
11	79 117
11	83 14
11	85 14
11	79 46
11	84 15
11	84 16
11	83 16
11	85 16
11	79 25
11	84 17
11	84 18
11	83 18
11	85 17
11	79 108
11	83 18
11	85 18
11	79 45
11	84 19
11	84 20
11	83 20
11	85 20
11	79 27
11	84 1
11	84 2
11	83 2
11	85 1
11	79 104
11	83 2
11	85 2
11	79 44
11	84 3
11	84 4
11	83 4
11	85 4
11	79 28
11	84 5
11	84 6
11	83 6
11	85 5
11	79 107
11	83 6
11	85 6
11	79 34
11	84 7
11	84 8
11	83 8
11	85 8
11	79 30
11	84 9
11	84 10
11	83 10
11	85 9
11	79 111
11	84 11
11	84 12
11	83 12
11	85 11
11	79 104
11	83 12
11	85 12
11	79 31
11	84 13
11	83 13
11	85 13
11	79 55
11	84 14
11	84 15
11	83 15
11	85 15
11	79 33
11	84 16
11	84 17
11	83 17
11	85 16
11	79 108
11	83 17
11	85 17
11	79 35
11	84 18
11	84 19
11	83 19
11	85 19
11	79 24
11	84 20
11	84 1
11	83 1
11	85 20
11	79 105
11	83 1
11	85 1
11	79 33
11	84 2
11	84 3
11	83 3
11	85 3
11	79 27
11	84 4
11	84 5
11	83 5
11	85 4
11	79 109
11	83 5
11	85 5
11	79 40
11	84 6
11	84 7
11	83 7
11	85 7
11	79 33
11	84 8
11	84 9
11	83 9
11	85 8
11	79 107
11	83 9
11	85 9
11	79 34
11	84 10
11	83 10
11	85 10
11	79 33
11	84 11
11	84 12
11	83 12
11	85 12
11	79 23
11	84 13
11	84 14
11	83 14
11	85 13
11	79 104
11	83 14
11	85 14
11	79 33
11	84 15
11	83 15
11	85 15
11	79 38
11	84 16
11	84 17
11	83 17
11	85 17
11	79 30
11	84 18
11	84 19
11	83 19
11	85 18
11	79 109
11	83 19
11	85 19
11	79 37
11	84 20
11	84 1
11	83 1
11	85 1
11	79 29
11	84 2
11	84 3
11	83 3
11	85 2
11	79 109
11	83 3
11	85 3
11	79 37
11	84 4
11	84 5
11	83 5
11	85 5
11	79 25
11	84 6
11	84 7
11	83 7
11	85 6
11	79 105
11	83 7
11	85 7
11	79 35
11	84 8
11	83 8
11	85 8
11	79 38
11	84 9
11	84 10
11	83 10
11	85 10
11	79 26
11	84 11
11	84 12
11	83 12
11	85 11
11	79 111
11	83 12
11	85 12
11	79 40
11	84 13
11	84 14
11	83 14
11	85 14
11	79 26
11	84 15
11	84 16
11	83 16
11	85 15
11	79 109
11	84 17
11	83 17
11	85 17
11	79 34
11	84 18
11	84 19
11	83 19
11	85 18
11	79 111
11	84 20
11	83 20
11	85 20
11	79 26
11	84 1
11	84 2
11	83 2
11	85 1
11	79 109
11	83 2
11	85 2
11	79 39
11	84 3
11	83 3
11	85 3
11	79 33
11	84 4
11	84 5
11	83 5
11	85 5
11	79 27
11	84 6
11	84 7
11	83 7
11	85 6
11	79 108
11	83 7
11	85 7
11	79 35
11	84 8
11	84 9
11	83 9
11	85 9
11	79 25
11	84 10
11	84 11
11	83 11
11	85 10
11	79 111
11	84 12
11	83 12
11	85 12
11	79 26
11	84 13
11	84 14
11	83 14
11	85 13
11	79 105
11	83 14
11	85 14
11	79 37
11	84 15
11	84 16
11	83 16
11	85 16
11	79 23
11	84 17
11	84 18
11	83 18
11	85 17
11	79 108
11	83 18
11	85 18
11	79 46
11	84 19
11	84 20
11	83 20
11	85 20
11	79 27
11	84 1
11	84 2
11	83 2
11	85 1
11	79 102
11	83 2
11	85 2
11	79 39
11	84 3
11	83 3
11	85 3
11	79 33
11	84 4
11	84 5
11	83 5
11	85 5
11	79 27
11	84 6
11	84 7
11	83 7
11	85 6
11	79 103
11	83 7
11	85 7
11	79 39
11	84 8
11	84 9
11	83 9
11	85 9
11	79 32
11	84 10
11	84 11
11	83 11
11	85 10
11	79 105
11	83 11
11	85 11
11	79 45
11	84 12
11	83 12
11	85 12
11	79 34
11	84 13
11	84 14
11	83 14
11	85 14
11	79 26
11	84 15
11	84 16
11	83 16
11	85 15
11	79 102
11	83 16
11	85 16
11	79 29
11	84 17
11	83 17
11	85 17
11	79 32
11	84 18
11	84 19
11	84 20
11	83 20
11	85 20
11	79 23
11	84 1
11	83 1
11	85 18
11	79 264
11	83 1
11	85 19
11	79 194
11	83 1
11	85 1
11	79 44
11	84 2
11	83 2
11	85 2
11	79 28
11	84 3
11	83 3
11	85 3
11	79 31
11	84 4
11	83 4
11	85 4
11	79 27
11	84 5
11	83 5
11	85 5
11	79 30
11	84 6
11	83 6
11	85 6
11	79 28
11	84 7
11	83 7
11	85 7
11	79 24
11	84 8
11	83 8
11	85 8
11	79 27
11	84 9
11	83 9
11	85 9
11	79 30
11	84 10
11	83 10
11	85 10
11	79 30
11	84 11
11	83 11
11	85 11
11	79 28
11	84 12
11	83 12
11	85 12
11	79 30
11	84 13
11	83 13
11	85 13
11	79 32
11	84 14
11	83 14
11	85 14
11	79 29
11	84 15
11	83 15
11	85 15
11	79 25
11	84 16
11	83 16
11	85 16
11	79 23
11	84 17
11	83 17
11	85 17
11	79 29
11	84 18
11	83 18
11	85 18
11	79 34
11	84 19
11	83 19
11	85 19
11	79 31
11	84 20
11	83 20
11	85 20
11	79 30
11	84 1
11	83 1
11	85 1
11	79 33
11	84 2
11	83 2
11	85 2
11	79 23
11	84 3
11	83 3
11	85 3
11	79 26
11	84 4
11	83 4
11	85 4
11	79 30
11	84 5
11	83 5
11	85 5
11	79 28
11	84 6
11	83 6
11	85 6
11	79 26
11	84 7
11	83 7
11	85 7
11	79 26
11	84 8
11	83 8
11	85 8
11	79 26
11	84 9
11	83 9
11	85 9
11	79 29
11	84 10
11	83 10
11	85 10
11	79 27
11	84 11
11	83 11
11	85 11
11	79 31
11	84 12
11	83 12
11	85 12
11	79 34
11	84 13
11	83 13
11	85 13
11	79 29
11	84 14
11	83 14
11	85 14
11	79 26
11	84 15
11	83 15
11	85 15
11	79 27
11	84 16
11	83 16
11	85 16
11	79 28
11	84 17
11	83 17
11	85 17
11	79 29
11	84 18
11	83 18
11	85 18
11	79 26
11	84 19
11	83 19
11	85 19
11	79 29
11	84 20
11	83 20
11	85 20
11	79 26
11	84 1
11	83 1
11	85 1
11	79 32
11	84 2
11	83 2
11	85 2
11	79 24
11	84 3
11	83 3
11	85 3
11	79 33
11	84 4
11	84 5
11	83 5
11	85 5
11	79 27
11	84 6
11	83 6
11	85 4
11	79 188
11	83 6
11	85 6
11	79 38
11	84 7
11	83 7
11	85 7
11	79 33
11	84 8
11	83 8
11	85 8
11	79 27
11	84 9
11	83 9
11	85 9
11	79 27
11	84 10
11	83 10
11	85 10
11	79 24
11	84 11
11	83 11
11	85 11
11	79 29
11	84 12
11	83 12
11	85 12
11	79 27
11	84 13
11	83 13
11	85 13
11	79 30
11	84 14
11	83 14
11	85 14
11	79 29
11	84 15
11	83 15
11	85 15
11	79 28
11	84 16
11	83 16
11	85 16
11	79 30
11	84 17
11	83 17
11	85 17
11	79 28
11	84 18
11	83 18
11	85 18
11	79 30
11	84 19
11	83 19
11	85 19
11	79 28
11	84 20
11	83 20
11	85 20
11	79 33
11	84 1
11	83 1
11	85 1
11	79 28
11	84 2
11	83 2
11	85 2
11	79 26
11	84 3
11	83 3
11	85 3
11	79 26
11	84 4
11	83 4
11	85 4
11	79 27
11	84 5
11	83 5
11	85 5
11	79 25
11	84 6
11	83 6
11	85 6
11	79 28
11	84 7
11	83 7
11	85 7
11	79 28
11	84 8
11	83 8
11	85 8
11	79 31
11	84 9
11	83 9
11	85 9
11	79 30
11	84 10
11	83 10
11	85 10
11	79 26
11	84 11
11	83 11
11	85 11
11	79 30
11	84 12
11	84 13
11	83 13
11	85 13
11	79 22
11	84 14
11	83 14
11	85 14
11	79 33
11	83 14
11	85 12
11	79 194
11	84 15
11	83 15
11	85 15
11	79 37
11	84 16
11	83 16
11	85 16
11	79 31
11	84 17
11	83 17
11	85 17
11	79 28
11	84 18
11	83 18
11	85 18
11	79 26
11	84 19
11	83 19
11	85 19
11	79 29
11	84 20
11	83 20
11	85 20
11	79 30
11	84 1
11	83 1
11	85 1
11	79 27
11	84 2
11	83 2
11	85 2
11	79 29
11	84 3
11	83 3
11	85 3
11	79 28
11	84 4
11	83 4
11	85 4
11	79 27
11	84 5
11	83 5
11	85 5
11	79 27
11	84 6
11	83 6
11	85 6
11	79 28
11	84 7
11	83 7
11	85 7
11	79 30
11	84 8
11	83 8
11	85 8
11	79 27
11	84 9
11	83 9
11	85 9
11	79 24
11	84 10
11	TEST_NUMBER 2
11	SENT_TOTAL 250
11	RECEIVED_TOTAL 211
11	TIME_TOTAL 29699
11	RECEIVED_RADIO_1 167
11	RECEIVED_RADIO_2 45
11	SENT_RADIO_1 124
11	SENT_RADIO_2 126
11	RADIO_TIME_1 29699
11	RADIO_TIME_2 19763
11	RETRANSMISSIONS_1 2
11	RETRANSMISSIONS_2 0
11	DROPPED_1 0
11	DROPPED_2 0
11	MAX_QUEUE 1
11	DUPLICATED_1 3
11	DUPLICATED_2 0
11	EBUSY_RADIO_1 0
11	EBUSY_RADIO_2 0
11	83 0
11	85 10
11	86 2
11	84 1
11	83 1
11	85 1
11	79 27
11	84 2
11	83 2
11	85 2
11	79 27
11	84 3
11	83 3
11	85 3
11	79 25
11	84 4
11	83 4
11	85 4
11	79 27
11	84 5
11	83 5
11	85 5
11	79 25
11	84 6
11	83 6
11	85 6
11	79 30
11	84 7
11	83 7
11	85 7
11	79 28
11	84 8
11	83 8
11	85 8
11	79 28
11	84 9
11	83 9
11	85 9
11	79 28
11	84 10
11	83 10
11	85 10
11	79 25
11	84 11
11	83 11
11	85 11
11	79 31
11	84 12
11	83 12
11	85 12
11	79 25
11	84 13
11	83 13
11	85 13
11	79 25
11	84 14
11	83 14
11	85 14
11	79 26
11	84 15
11	83 15
11	85 15
11	79 23
11	84 16
11	83 16
11	85 16
11	79 34
11	84 17
11	84 18
11	83 18
11	85 18
11	79 23
11	84 19
11	83 19
11	85 19
11	79 37
11	83 19
11	85 17
11	79 198
11	84 20
11	84 1
11	83 1
11	85 1
11	79 27
11	84 2
11	83 2
11	85 20
11	79 186
11	83 2
11	85 2
11	79 32
11	84 3
11	83 3
11	85 3
11	79 26
11	84 4
11	83 4
11	85 4
11	79 33
11	84 5
11	83 5
11	85 5
11	79 30
11	84 6
11	83 6
11	85 6
11	79 31
11	84 7
11	83 7
11	85 7
11	79 29
11	84 8
11	83 8
11	85 8
11	79 31
11	84 9
11	83 9
11	85 9
11	79 28
11	84 10
11	83 10
11	85 10
11	79 26
11	84 11
11	83 11
11	85 11
11	79 23
11	84 12
11	83 12
11	85 12
11	79 27
11	84 13
11	83 13
11	85 13
11	79 30
11	84 14
11	83 14
11	85 14
11	79 25
11	84 15
11	83 15
11	85 15
11	79 33
11	84 16
11	83 16
11	85 16
11	79 29
11	84 17
11	83 17
11	85 17
11	79 29
11	84 18
11	83 18
11	85 18
11	79 30
11	84 19
11	83 19
11	85 19
11	79 30
11	84 20
11	83 20
11	85 20
11	79 27
11	84 1
11	83 1
11	85 1
11	79 29
11	84 2
11	83 2
11	85 2
11	79 26
11	84 3
11	83 3
11	85 3
11	79 24
11	84 4
11	83 4
11	85 4
11	79 26
11	84 5
11	83 5
11	85 5
11	79 28
11	84 6
11	83 6
11	85 6
11	79 28
11	84 7
11	83 7
11	85 7
11	79 26
11	84 8
11	84 9
11	83 9
11	85 9
11	79 29
11	84 10
11	83 10
11	85 8
11	79 191
11	83 10
11	85 10
11	79 40
11	84 11
11	83 11
11	85 11
11	79 30
11	84 12
11	83 12
11	85 12
11	79 23
11	84 13
11	83 13
11	85 13
11	79 30
11	84 14
11	83 14
11	85 14
11	79 32
11	84 15
11	83 15
11	85 15
11	79 27
11	84 16
11	83 16
11	85 16
11	79 28
11	84 17
11	83 17
11	85 17
11	79 30
11	84 18
11	83 18
11	85 18
11	79 31
11	84 19
11	83 19
11	85 19
11	79 28
11	84 20
11	83 20
11	85 20
11	79 31
11	84 1
11	83 1
11	85 1
11	79 25
11	84 2
11	83 2
11	85 2
11	79 30
11	84 3
11	83 3
11	85 3
11	79 27
11	84 4
11	83 4
11	85 4
11	79 21
11	84 5
11	83 5
11	85 5
11	79 30
11	84 6
11	83 6
11	85 6
11	79 27
11	84 7
11	83 7
11	85 7
11	79 25
11	84 8
11	83 8
11	85 8
11	79 29
11	84 9
11	83 9
11	85 9
11	79 31
11	84 10
11	83 10
11	85 10
11	79 29
11	84 11
11	83 11
11	85 11
11	79 30
11	84 12
11	83 12
11	85 12
11	79 28
11	84 13
11	83 13
11	85 13
11	79 30
11	84 14
11	83 14
11	85 14
11	79 27
11	84 15
11	83 15
11	85 15
11	79 29
11	84 16
11	83 16
11	85 16
11	79 27
11	84 17
11	83 17
11	85 17
11	79 27
11	84 18
11	83 18
11	85 18
11	79 34
11	84 19
11	83 19
11	85 19
11	79 29
11	84 20
11	83 20
11	85 20
11	79 26
11	84 1
11	83 1
11	85 1
11	79 26
11	84 2
11	83 2
11	85 2
11	79 29
11	84 3
11	83 3
11	85 3
11	79 28
11	84 4
11	83 4
11	85 4
11	79 28
11	84 5
11	83 5
11	85 5
11	79 28
11	84 6
11	83 6
11	85 6
11	79 26
11	84 7
11	83 7
11	85 7
11	79 29
11	84 8
11	83 8
11	85 8
11	79 31
11	84 9
11	83 9
11	85 9
11	79 32
11	84 10
11	83 10
11	85 10
11	79 32
11	84 11
11	83 11
11	85 11
11	79 25
11	84 12
11	83 12
11	85 12
11	79 32
11	84 13
11	83 13
11	85 13
11	79 26
11	84 14
11	83 14
11	85 14
11	79 27
11	84 15
11	83 15
11	85 15
11	79 28
11	84 16
11	83 16
11	85 16
11	79 27
11	84 17
11	84 18
11	83 18
11	85 18
11	79 32
11	84 19
11	83 19
11	85 17
11	79 188
11	83 19
11	85 19
11	79 41
11	84 20
11	83 20
11	85 20
11	79 28
11	84 1
11	83 1
11	85 1
11	79 27
11	84 2
11	83 2
11	85 2
11	79 26
11	84 3
11	83 3
11	85 3
11	79 29
11	84 4
11	83 4
11	85 4
11	79 35
11	84 5
11	83 5
11	85 5
11	79 34
11	84 6
11	83 6
11	85 6
11	79 25
11	84 7
11	83 7
11	85 7
11	79 25
11	84 8
11	83 8
11	85 8
11	79 24
11	84 9
11	83 9
11	85 9
11	79 30
11	84 10
11	83 10
11	85 10
11	79 31
11	84 11
11	83 11
11	85 11
11	79 30
11	84 12
11	83 12
11	85 12
11	79 26
11	84 13
11	83 13
11	85 13
11	79 29
11	84 14
11	83 14
11	85 14
11	79 23
11	84 15
11	83 15
11	85 15
11	79 26
11	84 16
11	83 16
11	85 16
11	79 26
11	84 17
11	83 17
11	85 17
11	79 30
11	84 18
11	83 18
11	85 18
11	79 29
11	84 19
11	83 19
11	85 19
11	79 29
11	84 20
11	83 20
11	85 20
11	79 28
11	84 1
11	83 1
11	85 1
11	79 27
11	84 2
11	83 2
11	85 2
11	79 33
11	84 3
11	83 3
11	85 3
11	79 30
11	84 4
11	83 4
11	85 4
11	79 33
11	84 5
11	83 5
11	85 5
11	79 23
11	84 6
11	83 6
11	85 6
11	79 28
11	84 7
11	83 7
11	85 7
11	79 30
11	84 8
11	83 8
11	85 8
11	79 25
11	84 9
11	83 9
11	85 9
11	79 25
11	84 10
11	83 10
11	85 10
11	79 31
11	84 11
11	83 11
11	85 11
11	79 29
11	84 12
11	83 12
11	85 12
11	79 28
11	84 13
11	83 13
11	85 13
11	79 28
11	84 14
11	83 14
11	85 14
11	79 24
11	84 15
11	83 15
11	85 15
11	79 24
11	84 16
11	83 16
11	85 16
11	79 28
11	84 17
11	83 17
11	85 17
11	79 30
11	84 18
11	83 18
11	85 18
11	79 32
11	84 19
11	83 19
11	85 19
11	79 25
11	84 20
11	83 20
11	85 20
11	79 23
11	84 1
11	83 1
11	85 1
11	79 26
11	84 2
11	83 2
11	85 2
11	79 32
11	84 3
11	83 3
11	85 3
11	79 25
11	84 4
11	83 4
11	85 4
11	79 32
11	84 5
11	83 5
11	85 5
11	79 29
11	84 6
11	83 6
11	85 6
11	79 32
11	84 7
11	83 7
11	85 7
11	79 31
11	84 8
11	83 8
11	85 8
11	79 29
11	84 9
11	83 9
11	85 9
11	79 35
11	84 10
11	83 10
11	85 10
11	79 32
11	84 11
11	83 11
11	85 11
11	79 30
11	84 12
11	83 12
11	85 12
11	79 27
11	84 13
11	83 13
11	85 13
11	79 26
11	84 14
11	83 14
11	85 14
11	79 27
11	84 15
11	83 15
11	85 15
11	79 27
11	84 16
11	83 16
11	85 16
11	79 35
11	84 17
11	83 17
11	85 17
11	79 23
11	84 18
11	83 18
11	85 18
11	79 24
11	84 19
11	83 19
11	85 19
11	79 28
11	84 20
11	83 20
11	85 20
11	79 28
11	84 1
11	83 1
11	85 1
11	79 25
11	84 2
11	83 2
11	85 2
11	79 27
11	84 3
11	83 3
11	85 3
11	79 24
11	84 4
11	83 4
11	85 4
11	79 28
11	84 5
11	83 5
11	85 5
11	79 29
11	84 6
11	83 6
11	85 6
11	79 26
11	84 7
11	83 7
11	85 7
11	79 22
11	84 8
11	83 8
11	85 8
11	79 31
11	84 9
11	83 9
11	85 9
11	79 27
11	84 10
11	84 11
11	83 11
11	85 11
11	79 28
11	84 12
11	83 12
11	85 10
11	79 185
11	83 12
11	85 12
11	79 32
11	84 13
11	83 13
11	85 13
11	79 24
11	84 14
11	83 14
11	85 14
11	79 26
11	84 15
11	83 15
11	85 15
11	79 25
11	84 16
11	83 16
11	85 16
11	79 27
11	84 17
11	83 17
11	85 17
11	79 24
11	84 18
11	83 18
11	85 18
11	79 28
11	84 19
11	83 19
11	85 19
11	79 28
11	84 20
11	83 20
11	85 20
11	79 24
11	84 1
11	83 1
11	85 1
11	79 25
11	84 2
11	83 2
11	85 2
11	79 31
11	84 3
11	83 3
11	85 3
11	79 24
11	84 4
11	83 4
11	85 4
11	79 25
11	84 5
11	83 5
11	85 5
11	79 29
11	84 6
11	83 6
11	85 6
11	79 30
11	84 7
11	83 7
11	85 7
11	79 22
11	84 8
11	83 8
11	85 8
11	79 25
11	84 9
11	83 9
11	85 9
11	79 25
11	84 10
11	83 10
11	85 10
11	79 26
11	84 11
11	83 11
11	85 11
11	79 27
11	84 12
11	83 12
11	85 12
11	79 27
11	84 13
11	83 13
11	85 13
11	79 27
11	84 14
11	83 14
11	85 14
11	79 23
11	84 15
11	83 15
11	85 15
11	79 27
11	84 16
11	83 16
11	85 16
11	79 28
11	84 17
11	83 17
11	85 17
11	79 25
11	84 18
11	83 18
11	85 18
11	79 24
11	84 19
11	83 19
11	85 19
11	79 30
11	84 20
11	83 20
11	85 20
11	79 31
11	84 1
11	83 1
11	85 1
11	79 30
11	84 2
11	83 2
11	85 2
11	79 34
11	84 3
11	83 3
11	85 3
11	79 27
11	84 4
11	83 4
11	85 4
11	79 27
11	84 5
11	83 5
11	85 5
11	79 25
11	84 6
11	83 6
11	85 6
11	79 21
11	84 7
11	83 7
11	85 7
11	79 24
11	84 8
11	83 8
11	85 8
11	79 24
11	84 9
11	83 9
11	85 9
11	79 26
11	84 10
11	83 10
11	85 10
11	79 28
11	84 11
11	83 11
11	85 11
11	79 28
11	84 12
11	83 12
11	85 12
11	79 26
11	84 13
11	83 13
11	85 13
11	79 24
11	84 14
11	83 14
11	85 14
11	79 26
11	84 15
11	83 15
11	85 15
11	79 26
11	84 16
11	83 16
11	85 16
11	79 22
11	84 17
11	83 17
11	85 17
11	79 27
11	84 18
11	83 18
11	85 18
11	79 26
11	84 19
11	83 19
11	85 19
11	79 24
11	84 20
11	83 20
11	85 20
11	79 23
11	84 1
11	83 1
11	85 1
11	79 26
11	84 2
11	83 2
11	85 2
11	79 26
11	84 3
11	83 3
11	85 3
11	79 26
11	84 4
11	83 4
11	85 4
11	79 23
11	84 5
11	83 5
11	85 5
11	79 23
11	84 6
11	83 6
11	85 6
11	79 23
11	84 7
11	83 7
11	85 7
11	79 26
11	84 8
11	83 8
11	85 8
11	79 28
11	84 9
11	83 9
11	85 9
11	79 28
11	84 10
11	83 10
11	85 10
11	79 29
11	84 11
11	83 11
11	85 11
11	79 27
11	84 12
11	83 12
11	85 12
11	79 23
11	84 13
11	83 13
11	85 13
11	79 38
11	84 14
11	83 14
11	85 14
11	79 27
11	84 15
11	83 15
11	85 15
11	79 29
11	84 16
11	83 16
11	85 16
11	79 25
11	84 17
11	83 17
11	85 17
11	79 25
11	84 18
11	83 18
11	85 18
11	79 29
11	84 19
11	83 19
11	85 19
11	79 31
11	84 20
11	83 20
11	85 20
11	79 30
11	84 1
11	83 1
11	85 1
11	79 24
11	84 2
11	83 2
11	85 2
11	79 29
11	84 3
11	83 3
11	85 3
11	79 30
11	84 4
11	83 4
11	85 4
11	79 29
11	84 5
11	83 5
11	85 5
11	79 32
11	84 6
11	83 6
11	85 6
11	79 28
11	84 7
11	83 7
11	85 7
11	79 26
11	84 8
11	83 8
11	85 8
11	79 24
11	84 9
11	83 9
11	85 9
11	79 28
11	84 10
11	TEST_NUMBER 3
11	SENT_TOTAL 250
11	RECEIVED_TOTAL 249
11	TIME_TOTAL 29806
11	RECEIVED_RADIO_1 125
11	RECEIVED_RADIO_2 125
11	SENT_RADIO_1 122
11	SENT_RADIO_2 128
11	RADIO_TIME_1 19843
11	RADIO_TIME_2 29806
11	RETRANSMISSIONS_1 5
11	RETRANSMISSIONS_2 0
11	DROPPED_1 0
11	DROPPED_2 0
11	MAX_QUEUE 1
11	DUPLICATED_1 0
11	DUPLICATED_2 0
11	EBUSY_RADIO_1 0
11	EBUSY_RADIO_2 0
11	83 0
11	85 10
11	86 3
11	84 1
11	83 1
11	85 1
11	79 37
11	84 2
11	83 2
11	85 2
11	79 28
11	84 3
11	83 3
11	85 3
11	79 30
11	84 4
11	83 4
11	85 4
11	79 34
11	84 5
11	83 5
11	85 5
11	79 29
11	84 6
11	83 6
11	85 6
11	79 32
11	84 7
11	83 7
11	85 7
11	79 25
11	84 8
11	83 8
11	85 8
11	79 26
11	84 9
11	83 9
11	85 9
11	79 29
11	84 10
11	83 10
11	85 10
11	79 24
11	84 11
11	83 11
11	85 11
11	79 26
11	84 12
11	83 12
11	85 12
11	79 29
11	84 13
11	83 13
11	85 13
11	79 26
11	84 14
11	83 14
11	85 14
11	79 25
11	84 15
11	83 15
11	85 15
11	79 33
11	84 16
11	83 16
11	85 16
11	79 24
11	84 17
11	83 17
11	85 17
11	79 27
11	84 18
11	83 18
11	85 18
11	79 28
11	84 19
11	83 19
11	85 19
11	79 26
11	84 20
11	83 20
11	85 20
11	79 33
11	84 1
11	83 1
11	85 1
11	79 34
11	84 2
11	83 2
11	85 2
11	79 29
11	84 3
11	83 3
11	85 3
11	79 29
11	84 4
11	83 4
11	85 4
11	79 28
11	84 5
11	83 5
11	85 5
11	79 33
11	84 6
11	83 6
11	85 6
11	79 28
11	84 7
11	83 7
11	85 7
11	79 31
11	84 8
11	83 8
11	85 8
11	79 29
11	84 9
11	83 9
11	85 9
11	79 27
11	84 10
11	83 10
11	85 10
11	79 25
11	84 11
11	83 11
11	85 11
11	79 28
11	84 12
11	83 12
11	85 12
11	79 27
11	84 13
11	83 13
11	85 13
11	79 33
11	84 14
11	83 14
11	85 14
11	79 29
11	84 15
11	83 15
11	85 15
11	79 33
11	84 16
11	83 16
11	85 16
11	79 31
11	84 17
11	83 17
11	85 17
11	79 33
11	84 18
11	83 18
11	85 18
11	79 30
11	84 19
11	83 19
11	85 19
11	79 25
11	84 20
11	83 20
11	85 20
11	79 31
11	84 1
11	83 1
11	85 1
11	79 30
11	84 2
11	83 2
11	85 2
11	79 27
11	84 3
11	83 3
11	85 3
11	79 23
11	84 4
11	83 4
11	85 4
11	79 23
11	84 5
11	83 5
11	85 5
11	79 29
11	84 6
11	83 6
11	85 6
11	79 24
11	84 7
11	83 7
11	85 7
11	79 32
11	84 8
11	83 8
11	85 8
11	79 32
11	84 9
11	83 9
11	85 9
11	79 29
11	84 10
11	83 10
11	85 10
11	79 28
11	84 11
11	83 11
11	85 11
11	79 29
11	84 12
11	83 12
11	85 12
11	79 31
11	84 13
11	83 13
11	85 13
11	79 27
11	84 14
11	83 14
11	85 14
11	79 28
11	84 15
11	83 15
11	85 15
11	79 25
11	84 16
11	83 16
11	85 16
11	79 26
11	84 17
11	83 17
11	85 17
11	79 25
11	84 18
11	83 18
11	85 18
11	79 28
11	84 19
11	83 19
11	85 19
11	79 27
11	84 20
11	83 20
11	85 20
11	79 25
11	84 1
11	83 1
11	85 1
11	79 29
11	84 2
11	83 2
11	85 2
11	79 25
11	84 3
11	83 3
11	85 3
11	79 29
11	84 4
11	83 4
11	85 4
11	79 28
11	84 5
11	83 5
11	85 5
11	79 29
11	84 6
11	83 6
11	85 6
11	79 28
11	84 7
11	83 7
11	85 7
11	79 28
11	84 8
11	83 8
11	85 8
11	79 32
11	84 9
11	83 9
11	85 9
11	79 26
11	84 10
11	83 10
11	85 10
11	79 25
11	84 11
11	83 11
11	85 11
11	79 28
11	84 12
11	83 12
11	85 12
11	79 37
11	84 13
11	83 13
11	85 13
11	79 28
11	84 14
11	83 14
11	85 14
11	79 26
11	84 15
11	83 15
11	85 15
11	79 25
11	84 16
11	83 16
11	85 16
11	79 28
11	84 17
11	83 17
11	85 17
11	79 25
11	84 18
11	83 18
11	85 18
11	79 24
11	84 19
11	83 19
11	85 19
11	79 24
11	84 20
11	83 20
11	85 20
11	79 25
11	84 1
11	83 1
11	85 1
11	79 28
11	84 2
11	83 2
11	85 2
11	79 27
11	84 3
11	83 3
11	85 3
11	79 27
11	84 4
11	83 4
11	85 4
11	79 29
11	84 5
11	83 5
11	85 5
11	79 29
11	84 6
11	83 6
11	85 6
11	79 22
11	84 7
11	83 7
11	85 7
11	79 29
11	84 8
11	83 8
11	85 8
11	79 26
11	84 9
11	83 9
11	85 9
11	79 23
11	84 10
11	83 10
11	85 10
11	79 27
11	84 11
11	84 12
11	83 12
11	85 12
11	79 25
11	84 13
11	83 13
11	85 11
11	79 189
11	83 13
11	85 13
11	79 32
11	84 14
11	83 14
11	85 14
11	79 31
11	84 15
11	83 15
11	85 15
11	79 29
11	84 16
11	83 16
11	85 16
11	79 28
11	84 17
11	83 17
11	85 17
11	79 29
11	84 18
11	83 18
11	85 18
11	79 31
11	84 19
11	83 19
11	85 19
11	79 28
11	84 20
11	83 20
11	85 20
11	79 30
11	84 1
11	83 1
11	85 1
11	79 28
11	84 2
11	83 2
11	85 2
11	79 26
11	84 3
11	83 3
11	85 3
11	79 29
11	84 4
11	83 4
11	85 4
11	79 26
11	84 5
11	83 5
11	85 5
11	79 28
11	84 6
11	83 6
11	85 6
11	79 31
11	84 7
11	83 7
11	85 7
11	79 29
11	84 8
11	83 8
11	85 8
11	79 24
11	84 9
11	83 9
11	85 9
11	79 26
11	84 10
11	83 10
11	85 10
11	79 25
11	84 11
11	83 11
11	85 11
11	79 27
11	84 12
11	83 12
11	85 12
11	79 28
11	84 13
11	83 13
11	85 13
11	79 24
11	84 14
11	83 14
11	85 14
11	79 28
11	84 15
11	83 15
11	85 15
11	79 27
11	84 16
11	83 16
11	85 16
11	79 28
11	84 17
11	83 17
11	85 17
11	79 27
11	84 18
11	83 18
11	85 18
11	79 27
11	84 19
11	83 19
11	85 19
11	79 30
11	84 20
11	83 20
11	85 20
11	79 26
11	84 1
11	83 1
11	85 1
11	79 30
11	84 2
11	83 2
11	85 2
11	79 30
11	84 3
11	83 3
11	85 3
11	79 28
11	84 4
11	83 4
11	85 4
11	79 30
11	84 5
11	83 5
11	85 5
11	79 32
11	84 6
11	83 6
11	85 6
11	79 25
11	84 7
11	83 7
11	85 7
11	79 28
11	84 8
11	83 8
11	85 8
11	79 27
11	84 9
11	83 9
11	85 9
11	79 29
11	84 10
11	83 10
11	85 10
11	79 28
11	84 11
11	83 11
11	85 11
11	79 32
11	84 12
11	83 12
11	85 12
11	79 29
11	84 13
11	83 13
11	85 13
11	79 29
11	84 14
11	83 14
11	85 14
11	79 23
11	84 15
11	83 15
11	85 15
11	79 24
11	84 16
11	83 16
11	85 16
11	79 28
11	84 17
11	83 17
11	85 17
11	79 32
11	84 18
11	83 18
11	85 18
11	79 29
11	84 19
11	83 19
11	85 19
11	79 28
11	84 20
11	83 20
11	85 20
11	79 29
11	84 1
11	83 1
11	85 1
11	79 27
11	84 2
11	83 2
11	85 2
11	79 27
11	84 3
11	83 3
11	85 3
11	79 29
11	84 4
11	83 4
11	85 4
11	79 25
11	84 5
11	83 5
11	85 5
11	79 31
11	84 6
11	83 6
11	85 6
11	79 34
11	84 7
11	83 7
11	85 7
11	79 27
11	84 8
11	83 8
11	85 8
11	79 24
11	84 9
11	83 9
11	85 9
11	79 32
11	84 10
11	83 10
11	85 10
11	79 24
11	84 11
11	83 11
11	85 11
11	79 26
11	84 12
11	83 12
11	85 12
11	79 27
11	84 13
11	83 13
11	85 13
11	79 29
11	84 14
11	83 14
11	85 14
11	79 28
11	84 15
11	83 15
11	85 15
11	79 25
11	84 16
11	83 16
11	85 16
11	79 34
11	84 17
11	83 17
11	85 17
11	79 26
11	84 18
11	83 18
11	85 18
11	79 25
11	84 19
11	83 19
11	85 19
11	79 30
11	84 20
11	83 20
11	85 20
11	79 26
11	84 1
11	83 1
11	85 1
11	79 28
11	84 2
11	83 2
11	85 2
11	79 25
11	84 3
11	83 3
11	85 3
11	79 27
11	84 4
11	83 4
11	85 4
11	79 26
11	84 5
11	83 5
11	85 5
11	79 24
11	84 6
11	83 6
11	85 6
11	79 31
11	84 7
11	83 7
11	85 7
11	79 29
11	84 8
11	83 8
11	85 8
11	79 22
11	84 9
11	83 9
11	85 9
11	79 30
11	84 10
11	83 10
11	85 10
11	79 26
11	84 11
11	83 11
11	85 11
11	79 31
11	84 12
11	83 12
11	85 12
11	79 24
11	84 13
11	83 13
11	85 13
11	79 27
11	84 14
11	83 14
11	85 14
11	79 30
11	84 15
11	83 15
11	85 15
11	79 24
11	84 16
11	83 16
11	85 16
11	79 23
11	84 17
11	83 17
11	85 17
11	79 36
11	84 18
11	83 18
11	85 18
11	79 29
11	84 19
11	83 19
11	85 19
11	79 27
11	84 20
11	83 20
11	85 20
11	79 32
11	84 1
11	83 1
11	85 1
11	79 26
11	84 2
11	83 2
11	85 2
11	79 29
11	84 3
11	83 3
11	85 3
11	79 30
11	84 4
11	83 4
11	85 4
11	79 27
11	84 5
11	83 5
11	85 5
11	79 33
11	84 6
11	83 6
11	85 6
11	79 25
11	84 7
11	83 7
11	85 7
11	79 28
11	84 8
11	83 8
11	85 8
11	79 27
11	84 9
11	83 9
11	85 9
11	79 30
11	84 10
11	83 10
11	85 10
11	79 26
11	84 11
11	83 11
11	85 11
11	79 27
11	84 12
11	83 12
11	85 12
11	79 27
11	84 13
11	83 13
11	85 13
11	79 25
11	84 14
11	83 14
11	85 14
11	79 30
11	84 15
11	83 15
11	85 15
11	79 29
11	84 16
11	83 16
11	85 16
11	79 28
11	84 17
11	83 17
11	85 17
11	79 29
11	84 18
11	83 18
11	85 18
11	79 28
11	84 19
11	83 19
11	85 19
11	79 33
11	84 20
11	83 20
11	85 20
11	79 31
11	84 1
11	83 1
11	85 1
11	79 29
11	84 2
11	83 2
11	85 2
11	79 29
11	84 3
11	83 3
11	85 3
11	79 24
11	84 4
11	83 4
11	85 4
11	79 30
11	84 5
11	83 5
11	85 5
11	79 28
11	84 6
11	83 6
11	85 6
11	79 29
11	84 7
11	83 7
11	85 7
11	79 25
11	84 8
11	83 8
11	85 8
11	79 34
11	84 9
11	83 9
11	85 9
11	79 29
11	84 10
11	83 10
11	85 10
11	79 29
11	84 11
11	83 11
11	85 11
11	79 27
11	84 12
11	83 12
11	85 12
11	79 25
11	84 13
11	83 13
11	85 13
11	79 33
11	84 14
11	83 14
11	85 14
11	79 26
11	84 15
11	83 15
11	85 15
11	79 27
11	84 16
11	83 16
11	85 16
11	79 27
11	84 17
11	83 17
11	85 17
11	79 27
11	84 18
11	83 18
11	85 18
11	79 30
11	84 19
11	83 19
11	85 19
11	79 32
11	84 20
11	83 20
11	85 20
11	79 30
11	84 1
11	83 1
11	85 1
11	79 28
11	84 2
11	83 2
11	85 2
11	79 32
11	84 3
11	83 3
11	85 3
11	79 28
11	84 4
11	83 4
11	85 4
11	79 28
11	84 5
11	83 5
11	85 5
11	79 29
11	84 6
11	83 6
11	85 6
11	79 32
11	84 7
11	84 8
11	83 8
11	85 8
11	79 29
11	84 9
11	83 9
11	85 7
11	79 191
11	83 9
11	85 9
11	79 40
11	84 10
11	83 10
11	85 10
11	79 29
11	84 11
11	83 11
11	85 11
11	79 28
11	84 12
11	83 12
11	85 12
11	79 29
11	84 13
11	83 13
11	85 13
11	79 29
11	84 14
11	84 15
11	83 15
11	85 15
11	79 29
11	84 16
11	83 16
11	85 14
11	79 186
11	83 16
11	85 16
11	79 41
11	84 17
11	83 17
11	85 17
11	79 25
11	84 18
11	83 18
11	85 18
11	79 36
11	84 19
11	83 19
11	85 19
11	79 24
11	84 20
11	83 20
11	85 20
11	79 26
11	84 1
11	83 1
11	85 1
11	79 27
11	84 2
11	83 2
11	85 2
11	79 25
11	84 3
11	83 3
11	85 3
11	79 25
11	84 4
11	83 4
11	85 4
11	79 23
11	84 5
11	83 5
11	85 5
11	79 28
11	84 6
11	83 6
11	85 6
11	79 25
11	84 7
11	83 7
11	85 7
11	79 27
11	84 8
11	83 8
11	85 8
11	79 28
11	84 9
11	83 9
11	85 9
11	79 27
11	84 10
11	TEST_NUMBER 4
11	SENT_TOTAL 250
11	RECEIVED_TOTAL 249
11	TIME_TOTAL 29802
11	RECEIVED_RADIO_1 125
11	RECEIVED_RADIO_2 125
11	SENT_RADIO_1 123
11	SENT_RADIO_2 127
11	RADIO_TIME_1 29775
11	RADIO_TIME_2 19843
11	RETRANSMISSIONS_1 5
11	RETRANSMISSIONS_2 0
11	DROPPED_1 0
11	DROPPED_2 0
11	MAX_QUEUE 1
11	DUPLICATED_1 0
11	DUPLICATED_2 0
11	EBUSY_RADIO_1 0
11	EBUSY_RADIO_2 0
11	83 0
11	85 10
11	86 4
11	84 1
11	83 1
11	85 1
11	79 28
11	84 2
11	83 2
11	85 2
11	79 23
11	84 3
11	83 3
11	85 3
11	79 24
11	84 4
11	83 4
11	85 4
11	79 32
11	84 5
11	83 5
11	85 5
11	79 27
11	84 6
11	83 6
11	85 6
11	79 28
11	84 7
11	83 7
11	85 7
11	79 25
11	84 8
11	83 8
11	85 8
11	79 22
11	84 9
11	83 9
11	85 9
11	79 30
11	84 10
11	83 10
11	85 10
11	79 25
11	84 11
11	83 11
11	85 11
11	79 30
11	84 12
11	83 12
11	85 12
11	79 29
11	84 13
11	83 13
11	85 13
11	79 28
11	84 14
11	83 14
11	85 14
11	79 23
11	84 15
11	83 15
11	85 15
11	79 24
11	84 16
11	83 16
11	85 16
11	79 25
11	84 17
11	83 17
11	85 17
11	79 27
11	84 18
11	83 18
11	85 18
11	79 29
11	84 19
11	83 19
11	85 19
11	79 27
11	84 20
11	83 20
11	85 20
11	79 29
11	84 1
11	83 1
11	85 1
11	79 25
11	84 2
11	83 2
11	85 2
11	79 29
11	84 3
11	83 3
11	85 3
11	79 26
11	84 4
11	83 4
11	85 4
11	79 30
11	84 5
11	83 5
11	85 5
11	79 29
11	84 6
11	83 6
11	85 6
11	79 33
11	84 7
11	83 7
11	85 7
11	79 28
11	84 8
11	83 8
11	85 8
11	79 26
11	84 9
11	83 9
11	85 9
11	79 28
11	84 10
11	83 10
11	85 10
11	79 28
11	84 11
11	83 11
11	85 11
11	79 26
11	84 12
11	83 12
11	85 12
11	79 27
11	84 13
11	83 13
11	85 13
11	79 26
11	84 14
11	83 14
11	85 14
11	79 29
11	84 15
11	83 15
11	85 15
11	79 23
11	84 16
11	83 16
11	85 16
11	79 28
11	84 17
11	83 17
11	85 17
11	79 23
11	84 18
11	83 18
11	85 18
11	79 31
11	84 19
11	83 19
11	85 19
11	79 26
11	84 20
11	83 20
11	85 20
11	79 30
11	84 1
11	83 1
11	85 1
11	79 27
11	84 2
11	83 2
11	85 2
11	79 27
11	84 3
11	83 3
11	85 3
11	79 29
11	84 4
11	83 4
11	85 4
11	79 30
11	84 5
11	83 5
11	85 5
11	79 27
11	84 6
11	83 6
11	85 6
11	79 27
11	84 7
11	83 7
11	85 7
11	79 29
11	84 8
11	83 8
11	85 8
11	79 29
11	84 9
11	83 9
11	85 9
11	79 23
11	84 10
11	83 10
11	85 10
11	79 28
11	84 11
11	83 11
11	85 11
11	79 28
11	84 12
11	83 12
11	85 12
11	79 30
11	84 13
11	83 13
11	85 13
11	79 27
11	84 14
11	83 14
11	85 14
11	79 21
11	84 15
11	83 15
11	85 15
11	79 30
11	84 16
11	83 16
11	85 16
11	79 27
11	84 17
11	83 17
11	85 17
11	79 23
11	84 18
11	83 18
11	85 18
11	79 24
11	84 19
11	83 19
11	85 19
11	79 31
11	84 20
11	83 20
11	85 20
11	79 27
11	84 1
11	83 1
11	85 1
11	79 29
11	84 2
11	83 2
11	85 2
11	79 28
11	84 3
11	83 3
11	85 3
11	79 26
11	84 4
11	83 4
11	85 4
11	79 29
11	84 5
11	83 5
11	85 5
11	79 27
11	84 6
11	83 6
11	85 6
11	79 24
11	84 7
11	83 7
11	85 7
11	79 26
11	84 8
11	83 8
11	85 8
11	79 30
11	84 9
11	83 9
11	85 9
11	79 23
11	84 10
11	83 10
11	85 10
11	79 26
11	84 11
11	83 11
11	85 11
11	79 27
11	84 12
11	83 12
11	85 12
11	79 28
11	84 13
11	83 13
11	85 13
11	79 29
11	84 14
11	83 14
11	85 14
11	79 24
11	84 15
11	83 15
11	85 15
11	79 26
11	84 16
11	83 16
11	85 16
11	79 24
11	84 17
11	83 17
11	85 17
11	79 26
11	84 18
11	83 18
11	85 18
11	79 29
11	84 19
11	83 19
11	85 19
11	79 23
11	84 20
11	83 20
11	85 20
11	79 31
11	84 1
11	83 1
11	85 1
11	79 24
11	84 2
11	83 2
11	85 2
11	79 25
11	84 3
11	83 3
11	85 3
11	79 26
11	84 4
11	83 4
11	85 4
11	79 29
11	84 5
11	83 5
11	85 5
11	79 29
11	84 6
11	83 6
11	85 6
11	79 30
11	84 7
11	83 7
11	85 7
11	79 24
11	84 8
11	83 8
11	85 8
11	79 26
11	84 9
11	83 9
11	85 9
11	79 25
11	84 10
11	83 10
11	85 10
11	79 28
11	84 11
11	83 11
11	85 11
11	79 26
11	84 12
11	84 13
11	83 13
11	85 13
11	79 25
11	84 14
11	83 14
11	85 12
11	79 188
11	83 14
11	85 14
11	79 37
11	84 15
11	83 15
11	85 15
11	79 26
11	84 16
11	83 16
11	85 16
11	79 26
11	84 17
11	83 17
11	85 17
11	79 30
11	84 18
11	83 18
11	85 18
11	79 26
11	84 19
11	83 19
11	85 19
11	79 25
11	84 20
11	83 20
11	85 20
11	79 27
11	84 1
11	83 1
11	85 1
11	79 25
11	84 2
11	83 2
11	85 2
11	79 26
11	84 3
11	83 3
11	85 3
11	79 28
11	84 4
11	83 4
11	85 4
11	79 27
11	84 5
11	83 5
11	85 5
11	79 24
11	84 6
11	83 6
11	85 6
11	79 24
11	84 7
11	83 7
11	85 7
11	79 23
11	84 8
11	83 8
11	85 8
11	79 27
11	84 9
11	83 9
11	85 9
11	79 26
11	84 10
11	83 10
11	85 10
11	79 30
11	84 11
11	83 11
11	85 11
11	79 24
11	84 12
11	83 12
11	85 12
11	79 26
11	84 13
11	83 13
11	85 13
11	79 27
11	84 14
11	83 14
11	85 14
11	79 22
11	84 15
11	83 15
11	85 15
11	79 28
11	84 16
11	83 16
11	85 16
11	79 25
11	84 17
11	83 17
11	85 17
11	79 26
11	84 18
11	83 18
11	85 18
11	79 27
11	84 19
11	83 19
11	85 19
11	79 24
11	84 20
11	83 20
11	85 20
11	79 24
11	84 1
11	83 1
11	85 1
11	79 27
11	84 2
11	83 2
11	85 2
11	79 27
11	84 3
11	83 3
11	85 3
11	79 27
11	84 4
11	83 4
11	85 4
11	79 25
11	84 5
11	83 5
11	85 5
11	79 25
11	84 6
11	83 6
11	85 6
11	79 32
11	84 7
11	83 7
11	85 7
11	79 22
11	84 8
11	83 8
11	85 8
11	79 30
11	84 9
11	83 9
11	85 9
11	79 27
11	84 10
11	83 10
11	85 10
11	79 28
11	84 11
11	83 11
11	85 11
11	79 26
11	84 12
11	83 12
11	85 12
11	79 28
11	84 13
11	83 13
11	85 13
11	79 23
11	84 14
11	83 14
11	85 14
11	79 28
11	84 15
11	83 15
11	85 15
11	79 29
11	84 16
11	83 16
11	85 16
11	79 26
11	84 17
11	83 17
11	85 17
11	79 25
11	84 18
11	83 18
11	85 18
11	79 25
11	84 19
11	83 19
11	85 19
11	79 25
11	84 20
11	83 20
11	85 20
11	79 28
11	84 1
11	83 1
11	85 1
11	79 30
11	84 2
11	83 2
11	85 2
11	79 27
11	84 3
11	83 3
11	85 3
11	79 22
11	84 4
11	83 4
11	85 4
11	79 22
11	84 5
11	83 5
11	85 5
11	79 26
11	84 6
11	83 6
11	85 6
11	79 27
11	84 7
11	83 7
11	85 7
11	79 24
11	84 8
11	83 8
11	85 8
11	79 24
11	84 9
11	83 9
11	85 9
11	79 26
11	84 10
11	83 10
11	85 10
11	79 29
11	84 11
11	83 11
11	85 11
11	79 23
11	84 12
11	83 12
11	85 12
11	79 26
11	84 13
11	83 13
11	85 13
11	79 30
11	84 14
11	83 14
11	85 14
11	79 23
11	84 15
11	83 15
11	85 15
11	79 23
11	84 16
11	83 16
11	85 16
11	79 29
11	84 17
11	83 17
11	85 17
11	79 24
11	84 18
11	84 19
11	83 19
11	85 19
11	79 24
11	84 20
11	83 20
11	85 18
11	79 185
11	83 20
11	85 20
11	79 36
11	84 1
11	83 1
11	85 1
11	79 29
11	84 2
11	83 2
11	85 2
11	79 29
11	84 3
11	83 3
11	85 3
11	79 28
11	84 4
11	83 4
11	85 4
11	79 25
11	84 5
11	83 5
11	85 5
11	79 21
11	84 6
11	83 6
11	85 6
11	79 28
11	84 7
11	83 7
11	85 7
11	79 23
11	84 8
11	83 8
11	85 8
11	79 28
11	84 9
11	83 9
11	85 9
11	79 25
11	84 10
11	83 10
11	85 10
11	79 24
11	84 11
11	83 11
11	85 11
11	79 25
11	84 12
11	83 12
11	85 12
11	79 28
11	84 13
11	83 13
11	85 13
11	79 25
11	84 14
11	83 14
11	85 14
11	79 26
11	84 15
11	83 15
11	85 15
11	79 24
11	84 16
11	83 16
11	85 16
11	79 26
11	84 17
11	83 17
11	85 17
11	79 27
11	84 18
11	83 18
11	85 18
11	79 25
11	84 19
11	83 19
11	85 19
11	79 23
11	84 20
11	83 20
11	85 20
11	79 29
11	84 1
11	83 1
11	85 1
11	79 23
11	84 2
11	83 2
11	85 2
11	79 26
11	84 3
11	83 3
11	85 3
11	79 29
11	84 4
11	83 4
11	85 4
11	79 27
11	84 5
11	83 5
11	85 5
11	79 23
11	84 6
11	83 6
11	85 6
11	79 25
11	84 7
11	83 7
11	85 7
11	79 26
11	84 8
11	83 8
11	85 8
11	79 23
11	84 9
11	83 9
11	85 9
11	79 31
11	84 10
11	83 10
11	85 10
11	79 25
11	84 11
11	83 11
11	85 11
11	79 25
11	84 12
11	83 12
11	85 12
11	79 25
11	84 13
11	83 13
11	85 13
11	79 32
11	84 14
11	83 14
11	85 14
11	79 25
11	84 15
11	83 15
11	85 15
11	79 28
11	84 16
11	83 16
11	85 16
11	79 29
11	84 17
11	83 17
11	85 17
11	79 26
11	84 18
11	83 18
11	85 18
11	79 25
11	84 19
11	83 19
11	85 19
11	79 21
11	84 20
11	83 20
11	85 20
11	79 23
11	84 1
11	83 1
11	85 1
11	79 25
11	84 2
11	83 2
11	85 2
11	79 25
11	84 3
11	83 3
11	85 3
11	79 22
11	84 4
11	83 4
11	85 4
11	79 27
11	84 5
11	83 5
11	85 5
11	79 25
11	84 6
11	83 6
11	85 6
11	79 22
11	84 7
11	83 7
11	85 7
11	79 26
11	84 8
11	83 8
11	85 8
11	79 25
11	84 9
11	83 9
11	85 9
11	79 22
11	84 10
11	83 10
11	85 10
11	79 27
11	84 11
11	83 11
11	85 11
11	79 26
11	84 12
11	83 12
11	85 12
11	79 28
11	84 13
11	83 13
11	85 13
11	79 29
11	84 14
11	83 14
11	85 14
11	79 24
11	84 15
11	83 15
11	85 15
11	79 24
11	84 16
11	83 16
11	85 16
11	79 23
11	84 17
11	83 17
11	85 17
11	79 28
11	84 18
11	83 18
11	85 18
11	79 33
11	84 19
11	83 19
11	85 19
11	79 26
11	84 20
11	83 20
11	85 20
11	79 21
11	84 1
11	83 1
11	85 1
11	79 29
11	84 2
11	83 2
11	85 2
11	79 23
11	84 3
11	83 3
11	85 3
11	79 24
11	84 4
11	83 4
11	85 4
11	79 23
11	84 5
11	83 5
11	85 5
11	79 23
11	84 6
11	83 6
11	85 6
11	79 27
11	84 7
11	83 7
11	85 7
11	79 28
11	84 8
11	83 8
11	85 8
11	79 23
11	84 9
11	83 9
11	85 9
11	79 26
11	84 10
11	83 10
11	85 10
11	79 23
11	84 11
11	83 11
11	85 11
11	79 26
11	84 12
11	83 12
11	85 12
11	79 28
11	84 13
11	83 13
11	85 13
11	79 33
11	84 14
11	83 14
11	85 14
11	79 29
11	84 15
11	83 15
11	85 15
11	79 30
11	84 16
11	83 16
11	85 16
11	79 27
11	84 17
11	83 17
11	85 17
11	79 27
11	84 18
11	83 18
11	85 18
11	79 21
11	84 19
11	83 19
11	85 19
11	79 25
11	84 20
11	83 20
11	85 20
11	79 24
11	84 1
11	83 1
11	85 1
11	79 36
11	84 2
11	83 2
11	85 2
11	79 28
11	84 3
11	83 3
11	85 3
11	79 25
11	84 4
11	83 4
11	85 4
11	79 29
11	84 5
11	83 5
11	85 5
11	79 28
11	84 6
11	83 6
11	85 6
11	79 24
11	84 7
11	83 7
11	85 7
11	79 25
11	84 8
11	83 8
11	85 8
11	79 28
11	84 9
11	83 9
11	85 9
11	79 28
11	84 10
11	TEST_NUMBER 5
11	SENT_TOTAL 250
11	RECEIVED_TOTAL 249
11	TIME_TOTAL 29806
11	RECEIVED_RADIO_1 125
11	RECEIVED_RADIO_2 125
11	SENT_RADIO_1 125
11	SENT_RADIO_2 125
11	RADIO_TIME_1 29778
11	RADIO_TIME_2 19815
11	RETRANSMISSIONS_1 0
11	RETRANSMISSIONS_2 0
11	DROPPED_1 0
11	DROPPED_2 0
11	MAX_QUEUE 1
11	DUPLICATED_1 0
11	DUPLICATED_2 0
11	EBUSY_RADIO_1 0
11	EBUSY_RADIO_2 0
11	83 0
11	85 10
11	86 5
11	84 1
11	83 1
11	85 1
11	79 27
11	84 2
11	83 2
11	85 2
11	79 27
11	84 3
11	83 3
11	85 3
11	79 27
11	84 4
11	83 4
11	85 4
11	79 25
11	84 5
11	83 5
11	85 5
11	79 27
11	84 6
11	83 6
11	85 6
11	79 25
11	84 7
11	83 7
11	85 7
11	79 25
11	84 8
11	83 8
11	85 8
11	79 26
11	84 9
11	83 9
11	85 9
11	79 24
11	84 10
11	83 10
11	85 10
11	79 27
11	84 11
11	83 11
11	85 11
11	79 27
11	84 12
11	83 12
11	85 12
11	79 26
11	84 13
11	83 13
11	85 13
11	79 27
11	84 14
11	83 14
11	85 14
11	79 20
11	84 15
11	83 15
11	85 15
11	79 34
11	84 16
11	83 16
11	85 16
11	79 27
11	84 17
11	83 17
11	85 17
11	79 27
11	84 18
11	83 18
11	85 18
11	79 27
11	84 19
11	83 19
11	85 19
11	79 29
11	84 20
11	83 20
11	85 20
11	79 31
11	84 1
11	83 1
11	85 1
11	79 24
11	84 2
11	83 2
11	85 2
11	79 26
11	84 3
11	83 3
11	85 3
11	79 28
11	84 4
11	83 4
11	85 4
11	79 25
11	84 5
11	83 5
11	85 5
11	79 22
11	84 6
11	83 6
11	85 6
11	79 23
11	84 7
11	83 7
11	85 7
11	79 30
11	84 8
11	83 8
11	85 8
11	79 28
11	84 9
11	83 9
11	85 9
11	79 29
11	84 10
11	83 10
11	85 10
11	79 23
11	84 11
11	84 12
11	83 12
11	85 12
11	79 27
11	84 13
11	83 13
11	85 11
11	79 186
11	83 13
11	85 13
11	79 34
11	84 14
11	83 14
11	85 14
11	79 29
11	84 15
11	83 15
11	85 15
11	79 29
11	84 16
11	83 16
11	85 16
11	79 31
11	84 17
11	83 17
11	85 17
11	79 32
11	84 18
11	83 18
11	85 18
11	79 28
11	84 19
11	83 19
11	85 19
11	79 31
11	84 20
11	83 20
11	85 20
11	79 36
11	84 1
11	84 2
11	83 2
11	85 2
11	79 28
11	84 3
11	83 3
11	85 1
11	79 186
11	83 3
11	85 3
11	79 39
11	84 4
11	83 4
11	85 4
11	79 25
11	84 5
11	83 5
11	85 5
11	79 24
11	84 6
11	83 6
11	85 6
11	79 23
11	84 7
11	83 7
11	85 7
11	79 25
11	84 8
11	83 8
11	85 8
11	79 30
11	84 9
11	83 9
11	85 9
11	79 22
11	84 10
11	83 10
11	85 10
11	79 25
11	84 11
11	83 11
11	85 11
11	79 27
11	84 12
11	83 12
11	85 12
11	79 25
11	84 13
11	83 13
11	85 13
11	79 23
11	84 14
11	83 14
11	85 14
11	79 24
11	84 15
11	83 15
11	85 15
11	79 27
11	84 16
11	83 16
11	85 16
11	79 24
11	84 17
11	83 17
11	85 17
11	79 22
11	84 18
11	83 18
11	85 18
11	79 23
11	84 19
11	83 19
11	85 19
11	79 34
11	84 20
11	83 20
11	85 20
11	79 29
11	84 1
11	83 1
11	85 1
11	79 26
11	84 2
11	83 2
11	85 2
11	79 21
11	84 3
11	83 3
11	85 3
11	79 27
11	84 4
11	83 4
11	85 4
11	79 27
11	84 5
11	84 6
11	83 6
11	85 6
11	79 24
11	84 7
11	83 7
11	85 5
11	79 186
11	83 7
11	85 7
11	79 35
11	84 8
11	83 8
11	85 8
11	79 28
11	84 9
11	83 9
11	85 9
11	79 27
11	84 10
11	83 10
11	85 10
11	79 28
11	84 11
11	83 11
11	85 11
11	79 28
11	84 12
11	83 12
11	85 12
11	79 25
11	84 13
11	83 13
11	85 13
11	79 29
11	84 14
11	83 14
11	85 14
11	79 31
11	84 15
11	83 15
11	85 15
11	79 21
11	84 16
11	83 16
11	85 16
11	79 30
11	84 17
11	83 17
11	85 17
11	79 23
11	84 18
11	83 18
11	85 18
11	79 28
11	84 19
11	83 19
11	85 19
11	79 26
11	84 20
11	83 20
11	85 20
11	79 23
11	84 1
11	83 1
11	85 1
11	79 28
11	84 2
11	83 2
11	85 2
11	79 27
11	84 3
11	83 3
11	85 3
11	79 33
11	84 4
11	83 4
11	85 4
11	79 21
11	84 5
11	83 5
11	85 5
11	79 23
11	84 6
11	83 6
11	85 6
11	79 25
11	84 7
11	83 7
11	85 7
11	79 26
11	84 8
11	83 8
11	85 8
11	79 24
11	84 9
11	83 9
11	85 9
11	79 29
11	84 10
11	83 10
11	85 10
11	79 25
11	84 11
11	83 11
11	85 11
11	79 27
11	84 12
11	83 12
11	85 12
11	79 23
11	84 13
11	83 13
11	85 13
11	79 25
11	84 14
11	83 14
11	85 14
11	79 24
11	84 15
11	83 15
11	85 15
11	79 26
11	84 16
11	83 16
11	85 16
11	79 31
11	84 17
11	83 17
11	85 17
11	79 28
11	84 18
11	83 18
11	85 18
11	79 24
11	84 19
11	83 19
11	85 19
11	79 24
11	84 20
11	83 20
11	85 20
11	79 26
11	84 1
11	83 1
11	85 1
11	79 27
11	84 2
11	83 2
11	85 2
11	79 25
11	84 3
11	83 3
11	85 3
11	79 28
11	84 4
11	83 4
11	85 4
11	79 25
11	84 5
11	83 5
11	85 5
11	79 24
11	84 6
11	83 6
11	85 6
11	79 30
11	84 7
11	83 7
11	85 7
11	79 23
11	84 8
11	83 8
11	85 8
11	79 26
11	84 9
11	83 9
11	85 9
11	79 30
11	84 10
11	83 10
11	85 10
11	79 28
11	84 11
11	83 11
11	85 11
11	79 27
11	84 12
11	83 12
11	85 12
11	79 27
11	84 13
11	83 13
11	85 13
11	79 22
11	84 14
11	84 15
11	83 15
11	85 15
11	79 32
11	84 16
11	83 16
11	85 14
11	79 187
11	83 16
11	85 16
11	79 39
11	84 17
11	83 17
11	85 17
11	79 28
11	84 18
11	83 18
11	85 18
11	79 29
11	84 19
11	83 19
11	85 19
11	79 28
11	84 20
11	83 20
11	85 20
11	79 31
11	84 1
11	84 2
11	83 2
11	85 2
11	79 26
11	84 3
11	83 3
11	85 1
11	79 189
11	83 3
11	85 3
11	79 30
11	84 4
11	83 4
11	85 4
11	79 32
11	84 5
11	83 5
11	85 5
11	79 34
11	84 6
11	83 6
11	85 6
11	79 27
11	84 7
11	83 7
11	85 7
11	79 30
11	84 8
11	83 8
11	85 8
11	79 31
11	84 9
11	83 9
11	85 9
11	79 27
11	84 10
11	83 10
11	85 10
11	79 30
11	84 11
11	83 11
11	85 11
11	79 32
11	84 12
11	83 12
11	85 12
11	79 29
11	84 13
11	83 13
11	85 13
11	79 28
11	84 14
11	83 14
11	85 14
11	79 28
11	84 15
11	83 15
11	85 15
11	79 28
11	84 16
11	83 16
11	85 16
11	79 24
11	84 17
11	83 17
11	85 17
11	79 28
11	84 18
11	83 18
11	85 18
11	79 28
11	84 19
11	83 19
11	85 19
11	79 27
11	84 20
11	83 20
11	85 20
11	79 28
11	84 1
11	83 1
11	85 1
11	79 29
11	84 2
11	83 2
11	85 2
11	79 24
11	84 3
11	83 3
11	85 3
11	79 29
11	84 4
11	83 4
11	85 4
11	79 29
11	84 5
11	83 5
11	85 5
11	79 29
11	84 6
11	83 6
11	85 6
11	79 27
11	84 7
11	83 7
11	85 7
11	79 27
11	84 8
11	83 8
11	85 8
11	79 28
11	84 9
11	83 9
11	85 9
11	79 30
11	84 10
11	83 10
11	85 10
11	79 30
11	84 11
11	83 11
11	85 11
11	79 31
11	84 12
11	83 12
11	85 12
11	79 31
11	84 13
11	83 13
11	85 13
11	79 27
11	84 14
11	83 14
11	85 14
11	79 34
11	84 15
11	83 15
11	85 15
11	79 28
11	84 16
11	83 16
11	85 16
11	79 31
11	84 17
11	83 17
11	85 17
11	79 30
11	84 18
11	83 18
11	85 18
11	79 25
11	84 19
11	83 19
11	85 19
11	79 36
11	84 20
11	83 20
11	85 20
11	79 31
11	84 1
11	83 1
11	85 1
11	79 28
11	84 2
11	83 2
11	85 2
11	79 31
11	84 3
11	83 3
11	85 3
11	79 33
11	84 4
11	83 4
11	85 4
11	79 28
11	84 5
11	83 5
11	85 5
11	79 26
11	84 6
11	83 6
11	85 6
11	79 27
11	84 7
11	83 7
11	85 7
11	79 27
11	84 8
11	83 8
11	85 8
11	79 33
11	84 9
11	83 9
11	85 9
11	79 31
11	84 10
11	83 10
11	85 10
11	79 31
11	84 11
11	83 11
11	85 11
11	79 26
11	84 12
11	83 12
11	85 12
11	79 32
11	84 13
11	83 13
11	85 13
11	79 28
11	84 14
11	83 14
11	85 14
11	79 25
11	84 15
11	83 15
11	85 15
11	79 28
11	84 16
11	83 16
11	85 16
11	79 32
11	84 17
11	83 17
11	85 17
11	79 25
11	84 18
11	83 18
11	85 18
11	79 32
11	84 19
11	83 19
11	85 19
11	79 28
11	84 20
11	84 1
11	83 1
11	85 1
11	79 27
11	84 2
11	83 2
11	85 20
11	79 187
11	83 2
11	85 2
11	79 35
11	84 3
11	83 3
11	85 3
11	79 28
11	84 4
11	83 4
11	85 4
11	79 28
11	84 5
11	83 5
11	85 5
11	79 26
11	84 6
11	83 6
11	85 6
11	79 27
11	84 7
11	83 7
11	85 7
11	79 28
11	84 8
11	83 8
11	85 8
11	79 28
11	84 9
11	83 9
11	85 9
11	79 32
11	84 10
11	83 10
11	85 10
11	79 27
11	84 11
11	83 11
11	85 11
11	79 26
11	84 12
11	83 12
11	85 12
11	79 29
11	84 13
11	83 13
11	85 13
11	79 28
11	84 14
11	83 14
11	85 14
11	79 29
11	84 15
11	83 15
11	85 15
11	79 24
11	84 16
11	83 16
11	85 16
11	79 30
11	84 17
11	83 17
11	85 17
11	79 27
11	84 18
11	83 18
11	85 18
11	79 28
11	84 19
11	83 19
11	85 19
11	79 23
11	84 20
11	83 20
11	85 20
11	79 29
11	84 1
11	83 1
11	85 1
11	79 27
11	84 2
11	83 2
11	85 2
11	79 32
11	84 3
11	83 3
11	85 3
11	79 27
11	84 4
11	83 4
11	85 4
11	79 23
11	84 5
11	83 5
11	85 5
11	79 34
11	84 6
11	83 6
11	85 6
11	79 26
11	84 7
11	83 7
11	85 7
11	79 28
11	84 8
11	83 8
11	85 8
11	79 23
11	84 9
11	83 9
11	85 9
11	79 24
11	84 10
11	83 10
11	85 10
11	79 25
11	84 11
11	83 11
11	85 11
11	79 27
11	84 12
11	83 12
11	85 12
11	79 28
11	84 13
11	83 13
11	85 13
11	79 24
11	84 14
11	83 14
11	85 14
11	79 28
11	84 15
11	83 15
11	85 15
11	79 31
11	84 16
11	83 16
11	85 16
11	79 31
11	84 17
11	83 17
11	85 17
11	79 27
11	84 18
11	83 18
11	85 18
11	79 28
11	84 19
11	83 19
11	85 19
11	79 28
11	84 20
11	83 20
11	85 20
11	79 23
11	84 1
11	83 1
11	85 1
11	79 29
11	84 2
11	84 3
11	83 3
11	85 3
11	79 28
11	84 4
11	83 4
11	85 2
11	79 184
11	83 4
11	85 4
11	79 35
11	84 5
11	83 5
11	85 5
11	79 30
11	84 6
11	83 6
11	85 6
11	79 29
11	84 7
11	83 7
11	85 7
11	79 28
11	84 8
11	83 8
11	85 8
11	79 30
11	84 9
11	84 10
11	83 10
11	85 10
11	79 29
11	84 11
11	83 11
11	85 9
11	79 189
11	83 11
11	85 11
11	79 37
11	84 12
11	83 12
11	85 12
11	79 26
11	84 13
11	83 13
11	85 13
11	79 30
11	84 14
11	83 14
11	85 14
11	79 31
11	84 15
11	83 15
11	85 15
11	79 24
11	84 16
11	84 17
11	83 17
11	85 17
11	79 25
11	84 18
11	83 18
11	85 16
11	79 187
11	83 18
11	85 18
11	79 36
11	84 19
11	83 19
11	85 19
11	79 31
11	84 20
11	83 20
11	85 20
11	79 26
11	84 1
11	83 1
11	85 1
11	79 25
11	84 2
11	83 2
11	85 2
11	79 25
11	84 3
11	84 4
11	83 4
11	85 4
11	79 27
11	84 5
11	83 5
11	85 3
11	79 186
11	83 5
11	85 5
11	79 37
11	84 6
11	83 6
11	85 6
11	79 30
11	84 7
11	83 7
11	85 7
11	79 25
11	84 8
11	83 8
11	85 8
11	79 28
11	84 9
11	83 9
11	85 9
11	79 30
11	84 10
11	TEST_NUMBER 6
11	SENT_TOTAL 250
11	RECEIVED_TOTAL 249
11	TIME_TOTAL 29807
11	RECEIVED_RADIO_1 126
11	RECEIVED_RADIO_2 124
11	SENT_RADIO_1 121
11	SENT_RADIO_2 129
11	RADIO_TIME_1 29856
11	RADIO_TIME_2 19766
11	RETRANSMISSIONS_1 7
11	RETRANSMISSIONS_2 0
11	DROPPED_1 0
11	DROPPED_2 0
11	MAX_QUEUE 1
11	DUPLICATED_1 0
11	DUPLICATED_2 0
11	EBUSY_RADIO_1 0
11	EBUSY_RADIO_2 0
11	83 0
11	85 10
11	86 6

13	RELAY_NODE 13
13	TEST_NUMBER 0
13	SENT_TOTAL 0
13	RECEIVED_TOTAL 0
13	TIME_TOTAL 0
13	RECEIVED_RADIO_1 0
13	RECEIVED_RADIO_2 110
13	SENT_RADIO_1 110
13	SENT_RADIO_2 0
13	RADIO_TIME_1 17295
13	RADIO_TIME_2 17295
13	RETRANSMISSIONS_1 0
13	RETRANSMISSIONS_2 0
13	DROPPED_1 0
13	DROPPED_2 0
13	MAX_QUEUE 1
13	DUPLICATED_1 0
13	DUPLICATED_2 0
13	EBUSY_RADIO_1 0
13	EBUSY_RADIO_2 0
13	TEST_NUMBER 1
13	SENT_TOTAL 0
13	RECEIVED_TOTAL 0
13	TIME_TOTAL 0
13	RECEIVED_RADIO_1 0
13	RECEIVED_RADIO_2 126
13	SENT_RADIO_1 126
13	SENT_RADIO_2 0
13	RADIO_TIME_1 29725
13	RADIO_TIME_2 29725
13	RETRANSMISSIONS_1 0
13	RETRANSMISSIONS_2 0
13	DROPPED_1 0
13	DROPPED_2 0
13	MAX_QUEUE 1
13	DUPLICATED_1 0
13	DUPLICATED_2 0
13	EBUSY_RADIO_1 0
13	EBUSY_RADIO_2 0
13	TEST_NUMBER 2
13	SENT_TOTAL 0
13	RECEIVED_TOTAL 0
13	TIME_TOTAL 0
13	RECEIVED_RADIO_1 31
13	RECEIVED_RADIO_2 126
13	SENT_RADIO_1 126
13	SENT_RADIO_2 31
13	RADIO_TIME_1 29737
13	RADIO_TIME_2 29737
13	RETRANSMISSIONS_1 1
13	RETRANSMISSIONS_2 0
13	DROPPED_1 0
13	DROPPED_2 0
13	MAX_QUEUE 1
13	DUPLICATED_1 0
13	DUPLICATED_2 0
13	EBUSY_RADIO_1 0
13	EBUSY_RADIO_2 0
13	TEST_NUMBER 3
13	SENT_TOTAL 0
13	RECEIVED_TOTAL 0
13	TIME_TOTAL 0
13	RECEIVED_RADIO_1 124
13	RECEIVED_RADIO_2 128
13	SENT_RADIO_1 128
13	SENT_RADIO_2 124
13	RADIO_TIME_1 29802
13	RADIO_TIME_2 29802
13	RETRANSMISSIONS_1 0
13	RETRANSMISSIONS_2 0
13	DROPPED_1 0
13	DROPPED_2 0
13	MAX_QUEUE 1
13	DUPLICATED_1 2
13	DUPLICATED_2 0
13	EBUSY_RADIO_1 0
13	EBUSY_RADIO_2 0
13	TEST_NUMBER 4
13	SENT_TOTAL 0
13	RECEIVED_TOTAL 0
13	TIME_TOTAL 0
13	RECEIVED_RADIO_1 125
13	RECEIVED_RADIO_2 126
13	SENT_RADIO_1 126
13	SENT_RADIO_2 125
13	RADIO_TIME_1 29731
13	RADIO_TIME_2 29731
13	RETRANSMISSIONS_1 0
13	RETRANSMISSIONS_2 0
13	DROPPED_1 0
13	DROPPED_2 0
13	MAX_QUEUE 1
13	DUPLICATED_1 0
13	DUPLICATED_2 0
13	EBUSY_RADIO_1 0
13	EBUSY_RADIO_2 0
13	TEST_NUMBER 5
13	SENT_TOTAL 0
13	RECEIVED_TOTAL 0
13	TIME_TOTAL 0
13	RECEIVED_RADIO_1 125
13	RECEIVED_RADIO_2 127
13	SENT_RADIO_1 127
13	SENT_RADIO_2 125
13	RADIO_TIME_1 29801
13	RADIO_TIME_2 29801
13	RETRANSMISSIONS_1 1
13	RETRANSMISSIONS_2 0
13	DROPPED_1 0
13	DROPPED_2 0
13	MAX_QUEUE 1
13	DUPLICATED_1 0
13	DUPLICATED_2 0
13	EBUSY_RADIO_1 0
13	EBUSY_RADIO_2 0
13	TEST_NUMBER 6
13	SENT_TOTAL 0
13	RECEIVED_TOTAL 0
13	TIME_TOTAL 0
13	RECEIVED_RADIO_1 124
13	RECEIVED_RADIO_2 126
13	SENT_RADIO_1 126
13	SENT_RADIO_2 124
13	RADIO_TIME_1 29721
13	RADIO_TIME_2 29721
13	RETRANSMISSIONS_1 0
13	RETRANSMISSIONS_2 0
13	DROPPED_1 0
13	DROPPED_2 0
13	MAX_QUEUE 1
13	DUPLICATED_1 1
13	DUPLICATED_2 0
13	EBUSY_RADIO_1 0
13	EBUSY_RADIO_2 0

14	DESTINATION_NODE 14
14	TEST_NUMBER 0
14	SENT_TOTAL 213
14	RECEIVED_TOTAL 213
14	TIME_TOTAL 16895
14	RECEIVED_RADIO_1 107
14	RECEIVED_RADIO_2 106
14	SENT_RADIO_1 0
14	SENT_RADIO_2 162
14	RADIO_TIME_1 16895
14	RADIO_TIME_2 16821
14	RETRANSMISSIONS_1 490
14	RETRANSMISSIONS_2 4
14	DROPPED_1 49
14	DROPPED_2 0
14	MAX_QUEUE 2
14	DUPLICATED_1 0
14	DUPLICATED_2 0
14	EBUSY_RADIO_1 0
14	EBUSY_RADIO_2 0
14	86 0
14	86 0
14	86 0
14	86 0
14	86 0
14	86 0
14	86 0
14	86 0
14	86 0
14	86 0
14	86 0
14	86 0
14	86 0
14	86 0
14	86 0
14	86 0
14	86 0
14	86 0
14	86 0
14	86 0
14	86 0
14	86 0
14	86 0
14	86 0
14	86 0
14	86 0
14	86 0
14	86 0
14	86 0
14	86 0
14	86 0
14	86 0
14	86 0
14	86 0
14	86 0
14	86 0
14	86 0
14	TEST_NUMBER 1
14	SENT_TOTAL 249
14	RECEIVED_TOTAL 212
14	TIME_TOTAL 29731
14	RECEIVED_RADIO_1 125
14	RECEIVED_RADIO_2 124
14	SENT_RADIO_1 0
14	SENT_RADIO_2 191
14	RADIO_TIME_1 29802
14	RADIO_TIME_2 29652
14	RETRANSMISSIONS_1 588
14	RETRANSMISSIONS_2 1
14	DROPPED_1 59
14	DROPPED_2 0
14	MAX_QUEUE 2
14	DUPLICATED_1 0
14	DUPLICATED_2 0
14	EBUSY_RADIO_1 0
14	EBUSY_RADIO_2 0
14	86 1
14	86 1
14	86 1
14	86 1
14	86 1
14	86 1
14	86 1
14	86 1
14	86 1
14	86 1
14	86 1
14	86 1
14	86 1
14	86 1
14	86 1
14	86 1
14	86 1
14	86 1
14	86 1
14	86 1
14	86 1
14	86 1
14	86 1
14	86 1
14	86 1
14	86 1
14	86 1
14	86 1
14	86 1
14	86 1
14	86 1
14	86 1
14	86 1
14	86 1
14	86 1
14	86 1
14	86 1
14	86 1
14	TEST_NUMBER 2
14	SENT_TOTAL 250
14	RECEIVED_TOTAL 212
14	TIME_TOTAL 29718
14	RECEIVED_RADIO_1 126
14	RECEIVED_RADIO_2 124
14	SENT_RADIO_1 27
14	SENT_RADIO_2 177
14	RADIO_TIME_1 29640
14	RADIO_TIME_2 29718
14	RETRANSMISSIONS_1 469
14	RETRANSMISSIONS_2 1
14	DROPPED_1 47
14	DROPPED_2 0
14	MAX_QUEUE 2
14	DUPLICATED_1 0
14	DUPLICATED_2 0
14	EBUSY_RADIO_1 0
14	EBUSY_RADIO_2 0
14	86 2
14	86 2
14	86 2
14	86 2
14	86 2
14	86 2
14	86 2
14	86 2
14	86 2
14	86 2
14	86 2
14	86 2
14	86 2
14	86 2
14	86 2
14	86 2
14	86 2
14	86 2
14	86 2
14	86 2
14	86 2
14	86 2
14	86 2
14	86 2
14	86 2
14	86 2
14	86 2
14	86 2
14	86 2
14	86 2
14	86 2
14	86 2
14	86 2
14	86 2
14	86 2
14	86 2
14	86 2
14	86 2
14	TEST_NUMBER 3
14	SENT_TOTAL 250
14	RECEIVED_TOTAL 212
14	TIME_TOTAL 29804
14	RECEIVED_RADIO_1 128
14	RECEIVED_RADIO_2 122
14	SENT_RADIO_1 124
14	SENT_RADIO_2 126
14	RADIO_TIME_1 29804
14	RADIO_TIME_2 29723
14	RETRANSMISSIONS_1 2
14	RETRANSMISSIONS_2 0
14	DROPPED_1 0
14	DROPPED_2 0
14	MAX_QUEUE 1
14	DUPLICATED_1 0
14	DUPLICATED_2 0
14	EBUSY_RADIO_1 0
14	EBUSY_RADIO_2 0
14	86 3
14	86 3
14	86 3
14	86 3
14	86 3
14	86 3
14	86 3
14	86 3
14	86 3
14	86 3
14	86 3
14	86 3
14	86 3
14	86 3
14	86 3
14	86 3
14	86 3
14	86 3
14	86 3
14	86 3
14	86 3
14	86 3
14	86 3
14	86 3
14	86 3
14	86 3
14	86 3
14	86 3
14	86 3
14	86 3
14	86 3
14	86 3
14	86 3
14	86 3
14	86 3
14	86 3
14	86 3
14	86 3
14	TEST_NUMBER 4
14	SENT_TOTAL 250
14	RECEIVED_TOTAL 212
14	TIME_TOTAL 29804
14	RECEIVED_RADIO_1 126
14	RECEIVED_RADIO_2 124
14	SENT_RADIO_1 125
14	SENT_RADIO_2 125
14	RADIO_TIME_1 29722
14	RADIO_TIME_2 29804
14	RETRANSMISSIONS_1 0
14	RETRANSMISSIONS_2 0
14	DROPPED_1 0
14	DROPPED_2 0
14	MAX_QUEUE 1
14	DUPLICATED_1 0
14	DUPLICATED_2 0
14	EBUSY_RADIO_1 0
14	EBUSY_RADIO_2 0
14	86 4
14	86 4
14	86 4
14	86 4
14	86 4
14	86 4
14	86 4
14	86 4
14	86 4
14	86 4
14	86 4
14	86 4
14	86 4
14	86 4
14	86 4
14	86 4
14	86 4
14	86 4
14	86 4
14	86 4
14	86 4
14	86 4
14	86 4
14	86 4
14	86 4
14	86 4
14	86 4
14	86 4
14	86 4
14	86 4
14	86 4
14	86 4
14	86 4
14	86 4
14	86 4
14	86 4
14	86 4
14	86 4
14	TEST_NUMBER 5
14	SENT_TOTAL 250
14	RECEIVED_TOTAL 212
14	TIME_TOTAL 29802
14	RECEIVED_RADIO_1 127
14	RECEIVED_RADIO_2 123
14	SENT_RADIO_1 125
14	SENT_RADIO_2 125
14	RADIO_TIME_1 29802
14	RADIO_TIME_2 29727
14	RETRANSMISSIONS_1 0
14	RETRANSMISSIONS_2 0
14	DROPPED_1 0
14	DROPPED_2 0
14	MAX_QUEUE 1
14	DUPLICATED_1 1
14	DUPLICATED_2 0
14	EBUSY_RADIO_1 0
14	EBUSY_RADIO_2 0
14	86 5
14	86 5
14	86 5
14	86 5
14	86 5
14	86 5
14	86 5
14	86 5
14	86 5
14	86 5
14	86 5
14	86 5
14	86 5
14	86 5
14	86 5
14	86 5
14	86 5
14	86 5
14	86 5
14	86 5
14	86 5
14	86 5
14	86 5
14	86 5
14	86 5
14	86 5
14	86 5
14	86 5
14	86 5
14	86 5
14	86 5
14	86 5
14	86 5
14	86 5
14	86 5
14	86 5
14	86 5
14	86 5
14	TEST_NUMBER 6
14	SENT_TOTAL 251
14	RECEIVED_TOTAL 213
14	TIME_TOTAL 29878
14	RECEIVED_RADIO_1 127
14	RECEIVED_RADIO_2 124
14	SENT_RADIO_1 124
14	SENT_RADIO_2 126
14	RADIO_TIME_1 29878
14	RADIO_TIME_2 29806
14	RETRANSMISSIONS_1 2
14	RETRANSMISSIONS_2 0
14	DROPPED_1 0
14	DROPPED_2 0
14	MAX_QUEUE 1
14	DUPLICATED_1 0
14	DUPLICATED_2 0
14	EBUSY_RADIO_1 0
14	EBUSY_RADIO_2 0
14	86 6
14	86 6
14	86 6
14	86 6
14	86 6
14	86 6
14	86 6
14	86 6
14	86 6
14	86 6
14	86 6
14	86 6
14	86 6
14	86 6
14	86 6
14	86 6
14	86 6
14	86 6
14	86 6
14	86 6
14	86 6
14	86 6
14	86 6
14	86 6
14	86 6
14	86 6
14	86 6
14	86 6
14	86 6
14	86 6
14	86 6
14	86 6
14	86 6
14	86 6
14	86 6
14	86 6
14	86 6

15	RELAY_NODE 15
15	TEST_NUMBER 0
15	SENT_TOTAL 0
15	RECEIVED_TOTAL 0
15	TIME_TOTAL 0
15	RECEIVED_RADIO_1 111
15	RECEIVED_RADIO_2 170
15	SENT_RADIO_1 170
15	SENT_RADIO_2 111
15	RADIO_TIME_1 17635
15	RADIO_TIME_2 17635
15	RETRANSMISSIONS_1 13
15	RETRANSMISSIONS_2 0
15	DROPPED_1 0
15	DROPPED_2 0
15	MAX_QUEUE 1
15	DUPLICATED_1 0
15	DUPLICATED_2 4
15	EBUSY_RADIO_1 0
15	EBUSY_RADIO_2 0
15	TEST_NUMBER 1
15	SENT_TOTAL 0
15	RECEIVED_TOTAL 0
15	TIME_TOTAL 0
15	RECEIVED_RADIO_1 124
15	RECEIVED_RADIO_2 192
15	SENT_RADIO_1 192
15	SENT_RADIO_2 124
15	RADIO_TIME_1 29824
15	RADIO_TIME_2 29824
15	RETRANSMISSIONS_1 13
15	RETRANSMISSIONS_2 0
15	DROPPED_1 0
15	DROPPED_2 0
15	MAX_QUEUE 1
15	DUPLICATED_1 0
15	DUPLICATED_2 1
15	EBUSY_RADIO_1 0
15	EBUSY_RADIO_2 0
15	TEST_NUMBER 2
15	SENT_TOTAL 0
15	RECEIVED_TOTAL 0
15	TIME_TOTAL 0
15	RECEIVED_RADIO_1 124
15	RECEIVED_RADIO_2 173
15	SENT_RADIO_1 173
15	SENT_RADIO_2 124
15	RADIO_TIME_1 29697
15	RADIO_TIME_2 29697
15	RETRANSMISSIONS_1 4
15	RETRANSMISSIONS_2 0
15	DROPPED_1 0
15	DROPPED_2 0
15	MAX_QUEUE 1
15	DUPLICATED_1 0
15	DUPLICATED_2 1
15	EBUSY_RADIO_1 0
15	EBUSY_RADIO_2 0
15	TEST_NUMBER 3
15	SENT_TOTAL 0
15	RECEIVED_TOTAL 0
15	TIME_TOTAL 0
15	RECEIVED_RADIO_1 123
15	RECEIVED_RADIO_2 126
15	SENT_RADIO_1 126
15	SENT_RADIO_2 123
15	RADIO_TIME_1 29806
15	RADIO_TIME_2 29806
15	RETRANSMISSIONS_1 3
15	RETRANSMISSIONS_2 0
15	DROPPED_1 0
15	DROPPED_2 0
15	MAX_QUEUE 1
15	DUPLICATED_1 2
15	DUPLICATED_2 0
15	EBUSY_RADIO_1 0
15	EBUSY_RADIO_2 0
15	TEST_NUMBER 4
15	SENT_TOTAL 0
15	RECEIVED_TOTAL 0
15	TIME_TOTAL 0
15	RECEIVED_RADIO_1 123
15	RECEIVED_RADIO_2 125
15	SENT_RADIO_1 125
15	SENT_RADIO_2 123
15	RADIO_TIME_1 29793
15	RADIO_TIME_2 29793
15	RETRANSMISSIONS_1 0
15	RETRANSMISSIONS_2 0
15	DROPPED_1 0
15	DROPPED_2 0
15	MAX_QUEUE 1
15	DUPLICATED_1 3
15	DUPLICATED_2 0
15	EBUSY_RADIO_1 0
15	EBUSY_RADIO_2 0
15	TEST_NUMBER 5
15	SENT_TOTAL 0
15	RECEIVED_TOTAL 0
15	TIME_TOTAL 0
15	RECEIVED_RADIO_1 124
15	RECEIVED_RADIO_2 125
15	SENT_RADIO_1 125
15	SENT_RADIO_2 124
15	RADIO_TIME_1 29790
15	RADIO_TIME_2 29790
15	RETRANSMISSIONS_1 2
15	RETRANSMISSIONS_2 0
15	DROPPED_1 0
15	DROPPED_2 0
15	MAX_QUEUE 1
15	DUPLICATED_1 0
15	DUPLICATED_2 0
15	EBUSY_RADIO_1 0
15	EBUSY_RADIO_2 0
15	TEST_NUMBER 6
15	SENT_TOTAL 0
15	RECEIVED_TOTAL 0
15	TIME_TOTAL 0
15	RECEIVED_RADIO_1 122
15	RECEIVED_RADIO_2 126
15	SENT_RADIO_1 126
15	SENT_RADIO_2 122
15	RADIO_TIME_1 29809
15	RADIO_TIME_2 29809
15	RETRANSMISSIONS_1 2
15	RETRANSMISSIONS_2 0
15	DROPPED_1 0
15	DROPPED_2 0
15	MAX_QUEUE 1
15	DUPLICATED_1 0
15	DUPLICATED_2 0
15	EBUSY_RADIO_1 0
15	EBUSY_RADIO_2 0
