
76	SOURCE_NODE 76
76	84 1
76	84 2
76	83 2
76	85 2
76	79 19
76	84 3
76	84 4
76	83 4
76	85 4
76	79 13
76	84 5
76	84 6
76	84 7
76	84 8
76	83 8
76	85 8
76	79 16
76	84 9
76	84 10
76	84 11
76	84 12
76	83 12
76	85 12
76	79 19
76	84 13
76	84 14
76	84 15
76	84 16
76	83 16
76	85 16
76	79 15
76	84 17
76	84 18
76	84 19
76	84 20
76	83 20
76	85 20
76	79 17
76	84 1
76	84 2
76	84 3
76	84 4
76	83 4
76	85 4
76	79 14
76	84 5
76	84 6
76	84 7
76	84 8
76	83 8
76	85 8
76	79 14
76	84 9
76	84 10
76	84 11
76	84 12
76	83 12
76	85 12
76	79 17
76	84 13
76	84 14
76	84 15
76	84 16
76	83 16
76	85 16
76	79 12
76	84 17
76	84 18
76	84 19
76	84 20
76	83 20
76	85 20
76	79 14
76	84 1
76	84 2
76	84 3
76	84 4
76	83 4
76	85 4
76	79 14
76	84 5
76	84 6
76	84 7
76	84 8
76	83 8
76	85 8
76	79 19
76	84 9
76	84 10
76	83 10
76	85 10
76	79 22
76	84 11
76	84 12
76	84 13
76	84 14
76	83 14
76	85 14
76	79 11
76	84 15
76	84 16
76	84 17
76	84 18
76	83 18
76	85 18
76	79 18
76	84 19
76	84 20
76	83 20
76	85 20
76	79 19
76	84 1
76	84 2
76	84 3
76	84 4
76	83 4
76	85 4
76	79 14
76	84 5
76	84 6
76	84 7
76	84 8
76	83 8
76	85 8
76	79 17
76	84 9
76	84 10
76	84 11
76	84 12
76	83 12
76	85 12
76	79 16
76	84 13
76	84 14
76	84 15
76	84 16
76	83 16
76	85 16
76	79 17
76	84 17
76	84 18
76	84 19
76	84 20
76	84 1
76	84 2
76	84 3
76	84 4
76	84 5
76	84 6
76	84 7
76	84 8
76	84 9
76	84 10
76	84 11
76	84 12
76	84 13
76	84 14
76	84 15
76	84 16
76	84 17
76	84 18
76	84 19
76	84 20
76	84 1
76	84 2
76	84 3
76	84 4
76	84 5
76	84 6
76	84 7
76	84 8
76	84 9
76	84 10
76	84 11
76	84 12
76	84 13
76	84 14
76	84 15
76	84 16
76	84 17
76	84 18
76	84 19
76	84 20
76	84 1
76	84 2
76	84 3
76	84 4
76	84 5
76	84 6
76	84 7
76	84 8
76	84 9
76	84 10
76	84 11
76	84 12
76	84 13
76	84 14
76	84 15
76	84 16
76	84 17
76	84 18
76	84 19
76	84 20
76	84 1
76	84 2
76	84 3
76	84 4
76	84 5
76	84 6
76	84 7
76	84 8
76	84 9
76	84 10
76	84 11
76	84 12
76	84 13
76	84 14
76	84 15
76	84 16
76	84 17
76	84 18
76	84 19
76	84 20
76	84 1
76	84 2
76	84 3
76	84 4
76	84 5
76	84 6
76	84 7
76	84 8
76	84 9
76	84 10
76	84 11
76	84 12
76	84 13
76	84 14
76	84 15
76	84 16
76	84 17
76	84 18
76	84 19
76	84 20
76	84 1
76	84 2
76	84 3
76	84 4
76	84 5
76	84 6
76	84 7
76	84 8
76	84 9
76	84 10
76	84 11
76	84 12
76	84 13
76	84 14
76	84 15
76	84 16
76	84 17
76	84 18
76	84 19
76	84 20
76	84 1
76	84 2
76	84 3
76	84 4
76	84 5
76	84 6
76	84 7
76	84 8
76	84 9
76	84 10
76	84 11
76	84 12
76	84 13
76	84 14
76	84 15
76	84 16
76	84 17
76	84 18
76	84 19
76	84 20
76	84 1
76	84 2
76	84 3
76	84 4
76	84 5
76	84 6
76	84 7
76	84 8
76	84 9
76	84 10
76	84 11
76	84 12
76	84 13
76	84 14
76	84 15
76	84 16
76	84 17
76	84 18
76	84 19
76	84 20
76	84 1
76	84 2
76	84 3
76	84 4
76	84 5
76	84 6
76	84 7
76	84 8
76	84 9
76	84 10
76	TEST_NUMBER 0
76	SENT_TOTAL 250
76	RECEIVED_TOTAL 21
76	TIME_TOTAL 5895
76	RECEIVED_RADIO_1 1
76	RECEIVED_RADIO_2 20
76	SENT_RADIO_1 161
76	SENT_RADIO_2 39
76	RADIO_TIME_1 19843
76	RADIO_TIME_2 19753
76	RETRANSMISSIONS_1 57
76	RETRANSMISSIONS_2 478
76	DROPPED_1 0
76	DROPPED_2 47
76	MAX_QUEUE 2
76	DUPLICATED_1 0
76	DUPLICATED_2 0
76	EBUSY_RADIO_1 0
76	EBUSY_RADIO_2 0
76	84 1
76	84 2
76	84 3
76	84 4
76	84 5
76	84 6
76	84 7
76	84 8
76	84 9
76	84 10
76	84 11
76	84 12
76	84 13
76	84 14
76	84 15
76	84 16
76	84 17
76	84 18
76	84 19
76	84 20
76	84 1
76	84 2
76	84 3
76	84 4
76	84 5
76	84 6
76	84 7
76	84 8
76	84 9
76	84 10
76	84 11
76	84 12
76	84 13
76	84 14
76	84 15
76	84 16
76	84 17
76	84 18
76	84 19
76	84 20
76	84 1
76	84 2
76	84 3
76	84 4
76	84 5
76	84 6
76	84 7
76	84 8
76	84 9
76	84 10
76	84 11
76	84 12
76	84 13
76	84 14
76	84 15
76	84 16
76	84 17
76	84 18
76	84 19
76	84 20
76	84 1
76	84 2
76	84 3
76	84 4
76	84 5
76	84 6
76	84 7
76	84 8
76	84 9
76	84 10
76	84 11
76	84 12
76	84 13
76	84 14
76	84 15
76	84 16
76	84 17
76	84 18
76	84 19
76	84 20
76	84 1
76	84 2
76	84 3
76	84 4
76	84 5
76	84 6
76	84 7
76	84 8
76	84 9
76	84 10
76	84 11
76	84 12
76	84 13
76	84 14
76	84 15
76	84 16
76	84 17
76	84 18
76	84 19
76	84 20
76	84 1
76	84 2
76	84 3
76	84 4
76	84 5
76	84 6
76	84 7
76	84 8
76	84 9
76	84 10
76	84 11
76	84 12
76	84 13
76	84 14
76	84 15
76	84 16
76	84 17
76	84 18
76	84 19
76	84 20
76	84 1
76	84 2
76	84 3
76	84 4
76	84 5
76	84 6
76	84 7
76	84 8
76	84 9
76	84 10
76	84 11
76	84 12
76	84 13
76	84 14
76	84 15
76	84 16
76	84 17
76	84 18
76	84 19
76	84 20
76	84 1
76	84 2
76	84 3
76	84 4
76	84 5
76	84 6
76	84 7
76	84 8
76	84 9
76	84 10
76	84 11
76	84 12
76	84 13
76	84 14
76	84 15
76	84 16
76	84 17
76	84 18
76	84 19
76	84 20
76	84 1
76	84 2
76	84 3
76	84 4
76	84 5
76	84 6
76	84 7
76	84 8
76	84 9
76	84 10
76	84 11
76	84 12
76	84 13
76	84 14
76	84 15
76	84 16
76	84 17
76	84 18
76	84 19
76	84 20
76	84 1
76	84 2
76	84 3
76	84 4
76	84 5
76	84 6
76	84 7
76	84 8
76	84 9
76	84 10
76	84 11
76	84 12
76	84 13
76	84 14
76	84 15
76	84 16
76	84 17
76	84 18
76	84 19
76	84 20
76	84 1
76	84 2
76	84 3
76	84 4
76	84 5
76	84 6
76	84 7
76	84 8
76	84 9
76	84 10
76	84 11
76	84 12
76	84 13
76	84 14
76	84 15
76	84 16
76	84 17
76	84 18
76	84 19
76	84 20
76	84 1
76	84 2
76	84 3
76	84 4
76	84 5
76	84 6
76	84 7
76	84 8
76	84 9
76	84 10
76	84 11
76	84 12
76	84 13
76	84 14
76	84 15
76	84 16
76	84 17
76	84 18
76	84 19
76	84 20
76	84 1
76	84 2
76	84 3
76	84 4
76	84 5
76	84 6
76	84 7
76	84 8
76	84 9
76	84 10
76	TEST_NUMBER 1
76	SENT_TOTAL 250
76	RECEIVED_TOTAL 0
76	TIME_TOTAL 0
76	RECEIVED_RADIO_1 0
76	RECEIVED_RADIO_2 0
76	SENT_RADIO_1 180
76	SENT_RADIO_2 0
76	RADIO_TIME_1 29795
76	RADIO_TIME_2 29882
76	RETRANSMISSIONS_1 88
76	RETRANSMISSIONS_2 700
76	DROPPED_1 0
76	DROPPED_2 71
76	MAX_QUEUE 2
76	DUPLICATED_1 0
76	DUPLICATED_2 0
76	EBUSY_RADIO_1 0
76	EBUSY_RADIO_2 0
76	84 1
76	84 2
76	84 3
76	84 4
76	84 5
76	84 6
76	84 7
76	84 8
76	84 9
76	84 10
76	84 11
76	84 12
76	84 13
76	84 14
76	84 15
76	84 16
76	84 17
76	84 18
76	84 19
76	84 20
76	84 1
76	84 2
76	84 3
76	84 4
76	84 5
76	84 6
76	84 7
76	84 8
76	84 9
76	84 10
76	84 11
76	84 12
76	84 13
76	84 14
76	84 15
76	84 16
76	84 17
76	84 18
76	84 19
76	84 20
76	84 1
76	84 2
76	84 3
76	84 4
76	84 5
76	84 6
76	84 7
76	84 8
76	84 9
76	84 10
76	84 11
76	84 12
76	84 13
76	84 14
76	84 15
76	84 16
76	84 17
76	84 18
76	84 19
76	84 20
76	84 1
76	84 2
76	84 3
76	84 4
76	84 5
76	84 6
76	84 7
76	84 8
76	84 9
76	84 10
76	84 11
76	84 12
76	84 13
76	84 14
76	84 15
76	84 16
76	84 17
76	84 18
76	84 19
76	84 20
76	84 1
76	84 2
76	84 3
76	84 4
76	84 5
76	84 6
76	84 7
76	84 8
76	84 9
76	84 10
76	84 11
76	84 12
76	84 13
76	84 14
76	84 15
76	84 16
76	84 17
76	84 18
76	84 19
76	84 20
76	84 1
76	84 2
76	84 3
76	84 4
76	84 5
76	84 6
76	84 7
76	84 8
76	84 9
76	84 10
76	84 11
76	84 12
76	84 13
76	84 14
76	84 15
76	84 16
76	84 17
76	84 18
76	84 19
76	84 20
76	84 1
76	84 2
76	84 3
76	84 4
76	84 5
76	84 6
76	84 7
76	84 8
76	84 9
76	84 10
76	84 11
76	84 12
76	84 13
76	84 14
76	84 15
76	84 16
76	84 17
76	84 18
76	84 19
76	84 20
76	84 1
76	84 2
76	84 3
76	84 4
76	84 5
76	84 6
76	84 7
76	84 8
76	84 9
76	84 10
76	84 11
76	84 12
76	84 13
76	84 14
76	84 15
76	84 16
76	84 17
76	84 18
76	84 19
76	84 20
76	84 1
76	84 2
76	84 3
76	84 4
76	84 5
76	84 6
76	84 7
76	84 8
76	84 9
76	84 10
76	84 11
76	84 12
76	84 13
76	84 14
76	84 15
76	84 16
76	84 17
76	84 18
76	84 19
76	84 20
76	84 1
76	84 2
76	84 3
76	84 4
76	84 5
76	84 6
76	84 7
76	84 8
76	84 9
76	84 10
76	84 11
76	84 12
76	84 13
76	84 14
76	84 15
76	84 16
76	84 17
76	84 18
76	84 19
76	84 20
76	84 1
76	84 2
76	84 3
76	84 4
76	84 5
76	84 6
76	84 7
76	84 8
76	84 9
76	84 10
76	84 11
76	84 12
76	84 13
76	84 14
76	84 15
76	84 16
76	84 17
76	84 18
76	84 19
76	84 20
76	84 1
76	84 2
76	84 3
76	84 4
76	84 5
76	84 6
76	84 7
76	84 8
76	84 9
76	84 10
76	84 11
76	84 12
76	84 13
76	84 14
76	84 15
76	84 16
76	84 17
76	84 18
76	84 19
76	84 20
76	84 1
76	84 2
76	84 3
76	84 4
76	84 5
76	84 6
76	84 7
76	84 8
76	84 9
76	84 10
76	TEST_NUMBER 2
76	SENT_TOTAL 250
76	RECEIVED_TOTAL 0
76	TIME_TOTAL 0
76	RECEIVED_RADIO_1 0
76	RECEIVED_RADIO_2 0
76	SENT_RADIO_1 177
76	SENT_RADIO_2 0
76	RADIO_TIME_1 29782
76	RADIO_TIME_2 29817
76	RETRANSMISSIONS_1 85
76	RETRANSMISSIONS_2 718
76	DROPPED_1 0
76	DROPPED_2 72
76	MAX_QUEUE 2
76	DUPLICATED_1 0
76	DUPLICATED_2 0
76	EBUSY_RADIO_1 0
76	EBUSY_RADIO_2 0
76	84 1
76	84 2
76	84 3
76	84 4
76	84 5
76	84 6
76	84 7
76	84 8
76	84 9
76	84 10
76	84 11
76	84 12
76	84 13
76	84 14
76	84 15
76	84 16
76	84 17
76	84 18
76	84 19
76	84 20
76	84 1
76	84 2
76	84 3
76	84 4
76	84 5
76	84 6
76	84 7
76	84 8
76	84 9
76	84 10
76	84 11
76	84 12
76	84 13
76	84 14
76	84 15
76	84 16
76	84 17
76	84 18
76	84 19
76	84 20
76	84 1
76	84 2
76	84 3
76	84 4
76	84 5
76	84 6
76	84 7
76	84 8
76	84 9
76	84 10
76	84 11
76	84 12
76	84 13
76	84 14
76	84 15
76	84 16
76	84 17
76	84 18
76	84 19
76	84 20
76	84 1
76	84 2
76	84 3
76	84 4
76	84 5
76	84 6
76	84 7
76	84 8
76	84 9
76	84 10
76	84 11
76	84 12
76	84 13
76	84 14
76	84 15
76	84 16
76	84 17
76	84 18
76	84 19
76	84 20
76	84 1
76	84 2
76	84 3
76	84 4
76	84 5
76	84 6
76	84 7
76	84 8
76	84 9
76	84 10
76	84 11
76	84 12
76	84 13
76	84 14
76	84 15
76	84 16
76	84 17
76	84 18
76	84 19
76	84 20
76	84 1
76	84 2
76	84 3
76	84 4
76	84 5
76	84 6
76	84 7
76	84 8
76	84 9
76	84 10
76	84 11
76	84 12
76	84 13
76	84 14
76	84 15
76	84 16
76	84 17
76	84 18
76	84 19
76	84 20
76	84 1
76	84 2
76	84 3
76	84 4
76	84 5
76	84 6
76	84 7
76	84 8
76	84 9
76	84 10
76	84 11
76	84 12
76	84 13
76	84 14
76	84 15
76	84 16
76	84 17
76	84 18
76	84 19
76	84 20
76	84 1
76	84 2
76	84 3
76	84 4
76	84 5
76	84 6
76	84 7
76	84 8
76	84 9
76	84 10
76	84 11
76	84 12
76	84 13
76	84 14
76	84 15
76	84 16
76	84 17
76	84 18
76	84 19
76	84 20
76	84 1
76	84 2
76	84 3
76	84 4
76	84 5
76	84 6
76	84 7
76	84 8
76	84 9
76	84 10
76	84 11
76	84 12
76	84 13
76	84 14
76	84 15
76	84 16
76	84 17
76	84 18
76	84 19
76	84 20
76	84 1
76	84 2
76	84 3
76	84 4
76	84 5
76	84 6
76	84 7
76	84 8
76	84 9
76	84 10
76	84 11
76	84 12
76	84 13
76	84 14
76	84 15
76	84 16
76	84 17
76	84 18
76	84 19
76	84 20
76	84 1
76	84 2
76	84 3
76	84 4
76	84 5
76	84 6
76	84 7
76	84 8
76	84 9
76	84 10
76	84 11
76	84 12
76	84 13
76	84 14
76	84 15
76	84 16
76	84 17
76	84 18
76	84 19
76	84 20
76	84 1
76	84 2
76	84 3
76	84 4
76	84 5
76	84 6
76	84 7
76	84 8
76	84 9
76	84 10
76	84 11
76	84 12
76	84 13
76	84 14
76	84 15
76	84 16
76	84 17
76	84 18
76	84 19
76	84 20
76	84 1
76	84 2
76	84 3
76	84 4
76	84 5
76	84 6
76	84 7
76	84 8
76	84 9
76	84 10
76	TEST_NUMBER 3
76	SENT_TOTAL 250
76	RECEIVED_TOTAL 0
76	TIME_TOTAL 0
76	RECEIVED_RADIO_1 0
76	RECEIVED_RADIO_2 0
76	SENT_RADIO_1 176
76	SENT_RADIO_2 0
76	RADIO_TIME_1 29779
76	RADIO_TIME_2 29798
76	RETRANSMISSIONS_1 95
76	RETRANSMISSIONS_2 748
76	DROPPED_1 0
76	DROPPED_2 75
76	MAX_QUEUE 2
76	DUPLICATED_1 0
76	DUPLICATED_2 0
76	EBUSY_RADIO_1 0
76	EBUSY_RADIO_2 0
76	84 1
76	84 2
76	84 3
76	84 4
76	84 5
76	84 6
76	84 7
76	84 8
76	84 9
76	84 10
76	84 11
76	84 12
76	84 13
76	84 14
76	84 15
76	84 16
76	84 17
76	84 18
76	84 19
76	84 20
76	84 1
76	84 2
76	84 3
76	84 4
76	84 5
76	84 6
76	84 7
76	84 8
76	84 9
76	84 10
76	84 11
76	84 12
76	84 13
76	84 14
76	84 15
76	84 16
76	84 17
76	84 18
76	84 19
76	84 20
76	84 1
76	84 2
76	84 3
76	84 4
76	84 5
76	84 6
76	84 7
76	84 8
76	84 9
76	84 10
76	84 11
76	84 12
76	84 13
76	84 14
76	84 15
76	84 16
76	84 17
76	84 18
76	84 19
76	84 20
76	84 1
76	84 2
76	84 3
76	84 4
76	84 5
76	84 6
76	84 7
76	84 8
76	84 9
76	84 10
76	84 11
76	84 12
76	84 13
76	84 14
76	84 15
76	84 16
76	84 17
76	84 18
76	84 19
76	84 20
76	84 1
76	84 2
76	84 3
76	84 4
76	84 5
76	84 6
76	84 7
76	84 8
76	84 9
76	84 10
76	84 11
76	84 12
76	84 13
76	84 14
76	84 15
76	84 16
76	84 17
76	84 18
76	84 19
76	84 20
76	84 1
76	84 2
76	84 3
76	84 4
76	84 5
76	84 6
76	84 7
76	84 8
76	84 9
76	84 10
76	84 11
76	84 12
76	84 13
76	84 14
76	84 15
76	84 16
76	84 17
76	84 18
76	84 19
76	84 20
76	84 1
76	84 2
76	84 3
76	84 4
76	84 5
76	84 6
76	84 7
76	84 8
76	84 9
76	84 10
76	84 11
76	84 12
76	84 13
76	84 14
76	84 15
76	84 16
76	84 17
76	84 18
76	84 19
76	84 20
76	84 1
76	84 2
76	84 3
76	84 4
76	84 5
76	84 6
76	84 7
76	84 8
76	84 9
76	84 10
76	84 11
76	84 12
76	84 13
76	84 14
76	84 15
76	84 16
76	84 17
76	84 18
76	84 19
76	84 20
76	84 1
76	84 2
76	84 3
76	84 4
76	84 5
76	84 6
76	84 7
76	84 8
76	84 9
76	84 10
76	84 11
76	84 12
76	84 13
76	84 14
76	84 15
76	84 16
76	84 17
76	84 18
76	84 19
76	84 20
76	84 1
76	84 2
76	84 3
76	84 4
76	84 5
76	84 6
76	84 7
76	84 8
76	84 9
76	84 10
76	84 11
76	84 12
76	84 13
76	84 14
76	84 15
76	84 16
76	84 17
76	84 18
76	84 19
76	84 20
76	84 1
76	84 2
76	84 3
76	84 4
76	84 5
76	84 6
76	84 7
76	84 8
76	84 9
76	84 10
76	84 11
76	84 12
76	84 13
76	84 14
76	84 15
76	84 16
76	84 17
76	84 18
76	84 19
76	84 20
76	84 1
76	84 2
76	84 3
76	84 4
76	84 5
76	84 6
76	84 7
76	84 8
76	84 9
76	84 10
76	84 11
76	84 12
76	84 13
76	84 14
76	84 15
76	84 16
76	84 17
76	84 18
76	84 19
76	84 20
76	84 1
76	84 2
76	84 3
76	84 4
76	84 5
76	84 6
76	84 7
76	84 8
76	84 9
76	84 10
76	TEST_NUMBER 4
76	SENT_TOTAL 250
76	RECEIVED_TOTAL 0
76	TIME_TOTAL 0
76	RECEIVED_RADIO_1 0
76	RECEIVED_RADIO_2 0
76	SENT_RADIO_1 175
76	SENT_RADIO_2 0
76	RADIO_TIME_1 19683
76	RADIO_TIME_2 19843
76	RETRANSMISSIONS_1 106
76	RETRANSMISSIONS_2 748
76	DROPPED_1 0
76	DROPPED_2 75
76	MAX_QUEUE 2
76	DUPLICATED_1 0
76	DUPLICATED_2 0
76	EBUSY_RADIO_1 0
76	EBUSY_RADIO_2 0
76	84 1
76	84 2
76	84 3
76	84 4
76	84 5
76	84 6
76	84 7
76	84 8
76	84 9
76	84 10
76	84 11
76	84 12
76	84 13
76	84 14
76	84 15
76	84 16
76	84 17
76	84 18
76	84 19
76	84 20
76	84 1
76	84 2
76	84 3
76	84 4
76	84 5
76	84 6
76	84 7
76	84 8
76	84 9
76	84 10
76	84 11
76	84 12
76	84 13
76	84 14
76	84 15
76	84 16
76	84 17
76	84 18
76	84 19
76	84 20
76	84 1
76	84 2
76	84 3
76	84 4
76	84 5
76	84 6
76	84 7
76	84 8
76	84 9
76	84 10
76	84 11
76	84 12
76	84 13
76	84 14
76	84 15
76	84 16
76	84 17
76	84 18
76	84 19
76	84 20
76	84 1
76	84 2
76	84 3
76	84 4
76	84 5
76	84 6
76	84 7
76	84 8
76	84 9
76	84 10
76	84 11
76	84 12
76	84 13
76	84 14
76	84 15
76	84 16
76	84 17
76	84 18
76	84 19
76	84 20
76	84 1
76	84 2
76	84 3
76	84 4
76	84 5
76	84 6
76	84 7
76	84 8
76	84 9
76	84 10
76	84 11
76	84 12
76	84 13
76	84 14
76	84 15
76	84 16
76	84 17
76	84 18
76	84 19
76	84 20
76	84 1
76	84 2
76	84 3
76	84 4
76	84 5
76	84 6
76	84 7
76	84 8
76	84 9
76	84 10
76	84 11
76	84 12
76	84 13
76	84 14
76	84 15
76	84 16
76	84 17
76	84 18
76	84 19
76	84 20
76	84 1
76	84 2
76	84 3
76	84 4
76	84 5
76	84 6
76	84 7
76	84 8
76	84 9
76	84 10
76	84 11
76	84 12
76	84 13
76	84 14
76	84 15
76	84 16
76	84 17
76	84 18
76	84 19
76	84 20
76	84 1
76	84 2
76	84 3
76	84 4
76	84 5
76	84 6
76	84 7
76	84 8
76	84 9
76	84 10
76	84 11
76	84 12
76	84 13
76	84 14
76	84 15
76	84 16
76	84 17
76	84 18
76	84 19
76	84 20
76	84 1
76	84 2
76	84 3
76	84 4
76	84 5
76	84 6
76	84 7
76	84 8
76	84 9
76	84 10
76	84 11
76	84 12
76	84 13
76	84 14
76	84 15
76	84 16
76	84 17
76	84 18
76	84 19
76	84 20
76	84 1
76	84 2
76	84 3
76	84 4
76	84 5
76	84 6
76	84 7
76	84 8
76	84 9
76	84 10
76	84 11
76	84 12
76	84 13
76	84 14
76	84 15
76	84 16
76	84 17
76	84 18
76	84 19
76	84 20
76	84 1
76	84 2
76	84 3
76	84 4
76	84 5
76	84 6
76	84 7
76	84 8
76	84 9
76	84 10
76	84 11
76	84 12
76	84 13
76	84 14
76	84 15
76	84 16
76	84 17
76	84 18
76	84 19
76	84 20
76	84 1
76	84 2
76	84 3
76	84 4
76	84 5
76	84 6
76	84 7
76	84 8
76	84 9
76	84 10
76	84 11
76	84 12
76	84 13
76	84 14
76	84 15
76	84 16
76	84 17
76	84 18
76	84 19
76	84 20
76	84 1
76	84 2
76	84 3
76	84 4
76	84 5
76	84 6
76	84 7
76	84 8
76	84 9
76	84 10
76	TEST_NUMBER 5
76	SENT_TOTAL 250
76	RECEIVED_TOTAL 0
76	TIME_TOTAL 0
76	RECEIVED_RADIO_1 0
76	RECEIVED_RADIO_2 0
76	SENT_RADIO_1 177
76	SENT_RADIO_2 0
76	RADIO_TIME_1 29715
76	RADIO_TIME_2 29874
76	RETRANSMISSIONS_1 97
76	RETRANSMISSIONS_2 728
76	DROPPED_1 0
76	DROPPED_2 73
76	MAX_QUEUE 2
76	DUPLICATED_1 0
76	DUPLICATED_2 0
76	EBUSY_RADIO_1 0
76	EBUSY_RADIO_2 0
76	84 1
76	84 2
76	84 3
76	84 4
76	84 5
76	84 6
76	84 7
76	84 8
76	84 9
76	84 10
76	84 11
76	84 12
76	84 13
76	84 14
76	84 15
76	84 16
76	84 17
76	84 18
76	84 19
76	84 20
76	84 1
76	84 2
76	84 3
76	84 4
76	84 5
76	84 6
76	84 7
76	84 8
76	84 9
76	84 10
76	84 11
76	84 12
76	84 13
76	84 14
76	84 15
76	84 16
76	84 17
76	84 18
76	84 19
76	84 20
76	84 1
76	84 2
76	84 3
76	84 4
76	84 5
76	84 6
76	84 7
76	84 8
76	84 9
76	84 10
76	84 11
76	84 12
76	84 13
76	84 14
76	84 15
76	84 16
76	84 17
76	84 18
76	84 19
76	84 20
76	84 1
76	84 2
76	84 3
76	84 4
76	84 5
76	84 6
76	84 7
76	84 8
76	84 9
76	84 10
76	84 11
76	84 12
76	84 13
76	84 14
76	84 15
76	84 16
76	84 17
76	84 18
76	84 19
76	84 20
76	84 1
76	84 2
76	84 3
76	84 4
76	84 5
76	84 6
76	84 7
76	84 8
76	84 9
76	84 10
76	84 11
76	84 12
76	84 13
76	84 14
76	84 15
76	84 16
76	84 17
76	84 18
76	84 19
76	84 20
76	84 1
76	84 2
76	84 3
76	84 4
76	84 5
76	84 6
76	84 7
76	84 8
76	84 9
76	84 10
76	84 11
76	84 12
76	84 13
76	84 14
76	84 15
76	84 16
76	84 17
76	84 18
76	84 19
76	84 20
76	84 1
76	84 2
76	84 3
76	84 4
76	84 5
76	84 6
76	84 7
76	84 8
76	84 9
76	84 10
76	84 11
76	84 12
76	84 13
76	84 14
76	84 15
76	84 16
76	84 17
76	84 18
76	84 19
76	84 20
76	84 1
76	84 2
76	84 3
76	84 4
76	84 5
76	84 6
76	84 7
76	84 8
76	84 9
76	84 10
76	84 11
76	84 12
76	84 13
76	84 14
76	84 15
76	84 16
76	84 17
76	84 18
76	84 19
76	84 20
76	84 1
76	84 2
76	84 3
76	84 4
76	84 5
76	84 6
76	84 7
76	84 8
76	84 9
76	84 10
76	84 11
76	84 12
76	84 13
76	84 14
76	84 15
76	84 16
76	84 17
76	84 18
76	84 19
76	84 20
76	84 1
76	84 2
76	84 3
76	84 4
76	84 5
76	84 6
76	84 7
76	84 8
76	84 9
76	84 10
76	84 11
76	84 12
76	84 13
76	84 14
76	84 15
76	84 16
76	84 17
76	84 18
76	84 19
76	84 20
76	84 1
76	84 2
76	84 3
76	84 4
76	84 5
76	84 6
76	84 7
76	84 8
76	84 9
76	84 10
76	84 11
76	84 12
76	84 13
76	84 14
76	84 15
76	84 16
76	84 17
76	84 18
76	84 19
76	84 20
76	84 1
76	84 2
76	84 3
76	84 4
76	84 5
76	84 6
76	84 7
76	84 8
76	84 9
76	84 10
76	84 11
76	84 12
76	84 13
76	84 14
76	84 15
76	84 16
76	84 17
76	84 18
76	84 19
76	84 20
76	84 1
76	84 2
76	84 3
76	84 4
76	84 5
76	84 6
76	84 7
76	84 8
76	84 9
76	84 10
76	TEST_NUMBER 6
76	SENT_TOTAL 250
76	RECEIVED_TOTAL 0
76	TIME_TOTAL 0
76	RECEIVED_RADIO_1 0
76	RECEIVED_RADIO_2 0
76	SENT_RADIO_1 179
76	SENT_RADIO_2 0
76	RADIO_TIME_1 29791
76	RADIO_TIME_2 29816
76	RETRANSMISSIONS_1 74
76	RETRANSMISSIONS_2 698
76	DROPPED_1 0
76	DROPPED_2 70
76	MAX_QUEUE 2
76	DUPLICATED_1 0
76	DUPLICATED_2 0
76	EBUSY_RADIO_1 0
76	EBUSY_RADIO_2 0

77	RELAY_NODE 77
77	TEST_NUMBER 0
77	SENT_TOTAL 0
77	RECEIVED_TOTAL 0
77	TIME_TOTAL 0
77	RECEIVED_RADIO_1 140
77	RECEIVED_RADIO_2 1
77	SENT_RADIO_1 1
77	SENT_RADIO_2 140
77	RADIO_TIME_1 17455
77	RADIO_TIME_2 17455
77	RETRANSMISSIONS_1 0
77	RETRANSMISSIONS_2 3
77	DROPPED_1 0
77	DROPPED_2 0
77	MAX_QUEUE 1
77	DUPLICATED_1 55
77	DUPLICATED_2 0
77	EBUSY_RADIO_1 0
77	EBUSY_RADIO_2 0
77	TEST_NUMBER 1
77	SENT_TOTAL 0
77	RECEIVED_TOTAL 0
77	TIME_TOTAL 0
77	RECEIVED_RADIO_1 180
77	RECEIVED_RADIO_2 0
77	SENT_RADIO_1 0
77	SENT_RADIO_2 180
77	RADIO_TIME_1 29642
77	RADIO_TIME_2 29642
77	RETRANSMISSIONS_1 0
77	RETRANSMISSIONS_2 9
77	DROPPED_1 0
77	DROPPED_2 0
77	MAX_QUEUE 1
77	DUPLICATED_1 75
77	DUPLICATED_2 0
77	EBUSY_RADIO_1 0
77	EBUSY_RADIO_2 0
77	TEST_NUMBER 2
77	SENT_TOTAL 0
77	RECEIVED_TOTAL 0
77	TIME_TOTAL 0
77	RECEIVED_RADIO_1 180
77	RECEIVED_RADIO_2 0
77	SENT_RADIO_1 0
77	SENT_RADIO_2 180
77	RADIO_TIME_1 29804
77	RADIO_TIME_2 29804
77	RETRANSMISSIONS_1 0
77	RETRANSMISSIONS_2 9
77	DROPPED_1 0
77	DROPPED_2 0
77	MAX_QUEUE 2
77	DUPLICATED_1 82
77	DUPLICATED_2 0
77	EBUSY_RADIO_1 0
77	EBUSY_RADIO_2 0
77	TEST_NUMBER 3
77	SENT_TOTAL 0
77	RECEIVED_TOTAL 0
77	TIME_TOTAL 0
77	RECEIVED_RADIO_1 173
77	RECEIVED_RADIO_2 0
77	SENT_RADIO_1 0
77	SENT_RADIO_2 173
77	RADIO_TIME_1 29646
77	RADIO_TIME_2 29646
77	RETRANSMISSIONS_1 0
77	RETRANSMISSIONS_2 1
77	DROPPED_1 0
77	DROPPED_2 0
77	MAX_QUEUE 2
77	DUPLICATED_1 102
77	DUPLICATED_2 0
77	EBUSY_RADIO_1 0
77	EBUSY_RADIO_2 0
77	TEST_NUMBER 4
77	SENT_TOTAL 0
77	RECEIVED_TOTAL 0
77	TIME_TOTAL 0
77	RECEIVED_RADIO_1 177
77	RECEIVED_RADIO_2 0
77	SENT_RADIO_1 0
77	SENT_RADIO_2 177
77	RADIO_TIME_1 29816
77	RADIO_TIME_2 29816
77	RETRANSMISSIONS_1 0
77	RETRANSMISSIONS_2 4
77	DROPPED_1 0
77	DROPPED_2 0
77	MAX_QUEUE 2
77	DUPLICATED_1 104
77	DUPLICATED_2 0
77	EBUSY_RADIO_1 0
77	EBUSY_RADIO_2 0
77	TEST_NUMBER 5
77	SENT_TOTAL 0
77	RECEIVED_TOTAL 0
77	TIME_TOTAL 0
77	RECEIVED_RADIO_1 175
77	RECEIVED_RADIO_2 0
77	SENT_RADIO_1 0
77	SENT_RADIO_2 175
77	RADIO_TIME_1 29724
77	RADIO_TIME_2 29724
77	RETRANSMISSIONS_1 0
77	RETRANSMISSIONS_2 5
77	DROPPED_1 0
77	DROPPED_2 0
77	MAX_QUEUE 1
77	DUPLICATED_1 97
77	DUPLICATED_2 0
77	EBUSY_RADIO_1 0
77	EBUSY_RADIO_2 0
77	TEST_NUMBER 6
77	SENT_TOTAL 0
77	RECEIVED_TOTAL 0
77	TIME_TOTAL 0
77	RECEIVED_RADIO_1 180
77	RECEIVED_RADIO_2 0
77	SENT_RADIO_1 0
77	SENT_RADIO_2 180
77	RADIO_TIME_1 29725
77	RADIO_TIME_2 29725
77	RETRANSMISSIONS_1 0
77	RETRANSMISSIONS_2 3
77	DROPPED_1 0
77	DROPPED_2 0
77	MAX_QUEUE 1
77	DUPLICATED_1 77
77	DUPLICATED_2 0
77	EBUSY_RADIO_1 0
77	EBUSY_RADIO_2 0

79	RELAY_NODE 79
79	TEST_NUMBER 0
79	SENT_TOTAL 0
79	RECEIVED_TOTAL 0
79	TIME_TOTAL 0
79	RECEIVED_RADIO_1 18
79	RECEIVED_RADIO_2 160
79	SENT_RADIO_1 3
79	SENT_RADIO_2 1
79	RADIO_TIME_1 19559
79	RADIO_TIME_2 19543
79	RETRANSMISSIONS_1 1547
79	RETRANSMISSIONS_2 170
79	DROPPED_1 154
79	DROPPED_2 17
79	MAX_QUEUE 3
79	DUPLICATED_1 0
79	DUPLICATED_2 3
79	EBUSY_RADIO_1 0
79	EBUSY_RADIO_2 0
79	TEST_NUMBER 1
79	SENT_TOTAL 0
79	RECEIVED_TOTAL 0
79	TIME_TOTAL 0
79	RECEIVED_RADIO_1 0
79	RECEIVED_RADIO_2 178
79	SENT_RADIO_1 0
79	SENT_RADIO_2 0
79	RADIO_TIME_1 29857
79	RADIO_TIME_2 29643
79	RETRANSMISSIONS_1 1789
79	RETRANSMISSIONS_2 0
79	DROPPED_1 180
79	DROPPED_2 0
79	MAX_QUEUE 3
79	DUPLICATED_1 0
79	DUPLICATED_2 9
79	EBUSY_RADIO_1 0
79	EBUSY_RADIO_2 0
79	TEST_NUMBER 2
79	SENT_TOTAL 0
79	RECEIVED_TOTAL 0
79	TIME_TOTAL 0
79	RECEIVED_RADIO_1 0
79	RECEIVED_RADIO_2 179
79	SENT_RADIO_1 0
79	SENT_RADIO_2 0
79	RADIO_TIME_1 29842
79	RADIO_TIME_2 29737
79	RETRANSMISSIONS_1 1775
79	RETRANSMISSIONS_2 0
79	DROPPED_1 178
79	DROPPED_2 0
79	MAX_QUEUE 3
79	DUPLICATED_1 0
79	DUPLICATED_2 9
79	EBUSY_RADIO_1 0
79	EBUSY_RADIO_2 0
79	TEST_NUMBER 3
79	SENT_TOTAL 0
79	RECEIVED_TOTAL 0
79	TIME_TOTAL 0
79	RECEIVED_RADIO_1 0
79	RECEIVED_RADIO_2 175
79	SENT_RADIO_1 0
79	SENT_RADIO_2 0
79	RADIO_TIME_1 29873
79	RADIO_TIME_2 29807
79	RETRANSMISSIONS_1 1747
79	RETRANSMISSIONS_2 0
79	DROPPED_1 175
79	DROPPED_2 0
79	MAX_QUEUE 3
79	DUPLICATED_1 0
79	DUPLICATED_2 2
79	EBUSY_RADIO_1 0
79	EBUSY_RADIO_2 0
79	TEST_NUMBER 4
79	SENT_TOTAL 0
79	RECEIVED_TOTAL 0
79	TIME_TOTAL 0
79	RECEIVED_RADIO_1 0
79	RECEIVED_RADIO_2 174
79	SENT_RADIO_1 0
79	SENT_RADIO_2 0
79	RADIO_TIME_1 29876
79	RADIO_TIME_2 29647
79	RETRANSMISSIONS_1 1739
79	RETRANSMISSIONS_2 0
79	DROPPED_1 175
79	DROPPED_2 0
79	MAX_QUEUE 3
79	DUPLICATED_1 0
79	DUPLICATED_2 4
79	EBUSY_RADIO_1 0
79	EBUSY_RADIO_2 0
79	TEST_NUMBER 5
79	SENT_TOTAL 0
79	RECEIVED_TOTAL 0
79	TIME_TOTAL 0
79	RECEIVED_RADIO_1 0
79	RECEIVED_RADIO_2 178
79	SENT_RADIO_1 0
79	SENT_RADIO_2 0
79	RADIO_TIME_1 29837
79	RADIO_TIME_2 29811
79	RETRANSMISSIONS_1 1757
79	RETRANSMISSIONS_2 0
79	DROPPED_1 176
79	DROPPED_2 0
79	MAX_QUEUE 3
79	DUPLICATED_1 0
79	DUPLICATED_2 4
79	EBUSY_RADIO_1 0
79	EBUSY_RADIO_2 0
79	TEST_NUMBER 6
79	SENT_TOTAL 0
79	RECEIVED_TOTAL 0
79	TIME_TOTAL 0
79	RECEIVED_RADIO_1 0
79	RECEIVED_RADIO_2 180
79	SENT_RADIO_1 0
79	SENT_RADIO_2 0
79	RADIO_TIME_1 29877
79	RADIO_TIME_2 29717
79	RETRANSMISSIONS_1 1807
79	RETRANSMISSIONS_2 0
79	DROPPED_1 181
79	DROPPED_2 0
79	MAX_QUEUE 3
79	DUPLICATED_1 0
79	DUPLICATED_2 3
79	EBUSY_RADIO_1 0
79	EBUSY_RADIO_2 0

80	DESTINATION_NODE 80
