
12	DESTINATION_NODE 12
12	TEST_NUMBER 0
12	SENT_TOTAL 236
12	RECEIVED_TOTAL 236
12	TIME_TOTAL 19052
12	RECEIVED_RADIO_1 120
12	RECEIVED_RADIO_2 116
12	SENT_RADIO_1 118
12	SENT_RADIO_2 118
12	RADIO_TIME_1 18972
12	RADIO_TIME_2 18967
12	RETRANSMISSIONS_1 0
12	RETRANSMISSIONS_2 0
12	DROPPED_1 0
12	DROPPED_2 0
12	MAX_QUEUE 1
12	DUPLICATED_1 0
12	DUPLICATED_2 0
12	EBUSY_RADIO_1 0
12	EBUSY_RADIO_2 0
12	86 0
12	86 0
12	86 0
12	86 0
12	86 0
12	86 0
12	86 0
12	86 0
12	TEST_NUMBER 1
12	SENT_TOTAL 241
12	RECEIVED_TOTAL 233
12	TIME_TOTAL 29802
12	RECEIVED_RADIO_1 125
12	RECEIVED_RADIO_2 116
12	SENT_RADIO_1 121
12	SENT_RADIO_2 120
12	RADIO_TIME_1 29802
12	RADIO_TIME_2 29728
12	RETRANSMISSIONS_1 0
12	RETRANSMISSIONS_2 0
12	DROPPED_1 0
12	DROPPED_2 0
12	MAX_QUEUE 1
12	DUPLICATED_1 0
12	DUPLICATED_2 0
12	EBUSY_RADIO_1 0
12	EBUSY_RADIO_2 0
12	86 1
12	86 1
12	86 1
12	86 1
12	86 1
12	86 1
12	86 1
12	86 1
12	TEST_NUMBER 2
12	SENT_TOTAL 245
12	RECEIVED_TOTAL 237
12	TIME_TOTAL 29808
12	RECEIVED_RADIO_1 125
12	RECEIVED_RADIO_2 120
12	SENT_RADIO_1 122
12	SENT_RADIO_2 123
12	RADIO_TIME_1 29724
12	RADIO_TIME_2 29808
12	RETRANSMISSIONS_1 0
12	RETRANSMISSIONS_2 0
12	DROPPED_1 0
12	DROPPED_2 0
12	MAX_QUEUE 1
12	DUPLICATED_1 0
12	DUPLICATED_2 0
12	EBUSY_RADIO_1 0
12	EBUSY_RADIO_2 0
12	86 2
12	86 2
12	86 2
12	86 2
12	86 2
12	86 2
12	86 2
12	86 2
12	86 2
12	TEST_NUMBER 3
12	SENT_TOTAL 242
12	RECEIVED_TOTAL 233
12	TIME_TOTAL 29804
12	RECEIVED_RADIO_1 125
12	RECEIVED_RADIO_2 117
12	SENT_RADIO_1 121
12	SENT_RADIO_2 121
12	RADIO_TIME_1 29726
12	RADIO_TIME_2 29722
12	RETRANSMISSIONS_1 0
12	RETRANSMISSIONS_2 0
12	DROPPED_1 0
12	DROPPED_2 0
12	MAX_QUEUE 1
12	DUPLICATED_1 0
12	DUPLICATED_2 0
12	EBUSY_RADIO_1 0
12	EBUSY_RADIO_2 0
12	86 3
12	86 3
12	86 3
12	86 3
12	86 3
12	86 3
12	86 3
12	86 3
12	86 3
12	TEST_NUMBER 4
12	SENT_TOTAL 246
12	RECEIVED_TOTAL 237
12	TIME_TOTAL 29805
12	RECEIVED_RADIO_1 125
12	RECEIVED_RADIO_2 121
12	SENT_RADIO_1 123
12	SENT_RADIO_2 123
12	RADIO_TIME_1 29721
12	RADIO_TIME_2 29722
12	RETRANSMISSIONS_1 0
12	RETRANSMISSIONS_2 0
12	DROPPED_1 0
12	DROPPED_2 0
12	MAX_QUEUE 1
12	DUPLICATED_1 0
12	DUPLICATED_2 0
12	EBUSY_RADIO_1 0
12	EBUSY_RADIO_2 0
12	86 4
12	86 4
12	86 4
12	86 4
12	86 4
12	86 4
12	86 4
12	86 4
12	86 4
12	TEST_NUMBER 5
12	SENT_TOTAL 247
12	RECEIVED_TOTAL 238
12	TIME_TOTAL 29805
12	RECEIVED_RADIO_1 125
12	RECEIVED_RADIO_2 122
12	SENT_RADIO_1 124
12	SENT_RADIO_2 123
12	RADIO_TIME_1 29805
12	RADIO_TIME_2 29729
12	RETRANSMISSIONS_1 0
12	RETRANSMISSIONS_2 0
12	DROPPED_1 0
12	DROPPED_2 0
12	MAX_QUEUE 1
12	DUPLICATED_1 0
12	DUPLICATED_2 0
12	EBUSY_RADIO_1 0
12	EBUSY_RADIO_2 0
12	86 5
12	86 5
12	86 5
12	86 5
12	86 5
12	86 5
12	86 5
12	86 5
12	86 5
12	TEST_NUMBER 6
12	SENT_TOTAL 250
12	RECEIVED_TOTAL 241
12	TIME_TOTAL 29805
12	RECEIVED_RADIO_1 125
12	RECEIVED_RADIO_2 125
12	SENT_RADIO_1 125
12	SENT_RADIO_2 125
12	RADIO_TIME_1 29805
12	RADIO_TIME_2 29805
12	RETRANSMISSIONS_1 0
12	RETRANSMISSIONS_2 0
12	DROPPED_1 0
12	DROPPED_2 0
12	MAX_QUEUE 1
12	DUPLICATED_1 0
12	DUPLICATED_2 0
12	EBUSY_RADIO_1 0
12	EBUSY_RADIO_2 0
12	86 6
12	86 6
12	86 6
12	86 6
12	86 6
12	86 6
12	86 6
12	86 6
12	86 6

13	SOURCE_NODE 13
13	84 1
13	84 2
13	84 3
13	83 3
13	85 3
13	79 23
13	84 4
13	84 5
13	83 5
13	85 5
13	79 31
13	84 6
13	84 7
13	83 7
13	85 7
13	79 28
13	84 8
13	84 9
13	83 9
13	85 9
13	79 34
13	84 10
13	84 11
13	83 11
13	85 11
13	79 35
13	84 12
13	84 13
13	84 14
13	84 15
13	83 15
13	85 15
13	79 27
13	84 16
13	84 17
13	83 17
13	85 17
13	79 26
13	84 18
13	84 19
13	83 19
13	85 19
13	79 27
13	84 20
13	84 1
13	83 1
13	85 1
13	79 27
13	84 2
13	84 3
13	83 3
13	85 3
13	79 32
13	84 4
13	84 5
13	83 5
13	85 5
13	79 32
13	84 6
13	84 7
13	83 7
13	85 7
13	79 36
13	84 8
13	84 9
13	83 9
13	85 9
13	79 24
13	84 10
13	84 11
13	83 11
13	85 11
13	79 26
13	84 12
13	84 13
13	83 13
13	85 13
13	79 30
13	84 14
13	84 15
13	83 15
13	85 15
13	79 28
13	84 16
13	84 17
13	83 17
13	85 17
13	79 29
13	84 18
13	84 19
13	83 19
13	85 19
13	79 32
13	84 20
13	84 1
13	83 1
13	85 1
13	79 27
13	84 2
13	84 3
13	83 3
13	85 3
13	79 30
13	84 4
13	84 5
13	83 5
13	85 5
13	79 30
13	84 6
13	84 7
13	83 7
13	85 7
13	79 27
13	84 8
13	84 9
13	83 9
13	85 9
13	79 26
13	84 10
13	84 11
13	83 11
13	85 11
13	79 23
13	84 12
13	84 13
13	83 13
13	85 13
13	79 27
13	84 14
13	84 15
13	83 15
13	85 15
13	79 29
13	84 16
13	84 17
13	83 17
13	85 17
13	79 32
13	84 18
13	84 19
13	83 19
13	85 19
13	79 27
13	84 20
13	84 1
13	83 1
13	85 1
13	79 29
13	84 2
13	84 3
13	83 3
13	85 3
13	79 33
13	84 4
13	84 5
13	83 5
13	85 5
13	79 31
13	84 6
13	84 7
13	83 7
13	85 7
13	79 33
13	84 8
13	84 9
13	84 10
13	83 10
13	85 10
13	79 32
13	84 11
13	84 12
13	83 12
13	85 12
13	79 27
13	84 13
13	84 14
13	84 15
13	84 16
13	83 16
13	85 16
13	79 29
13	84 17
13	84 18
13	84 19
13	84 20
13	83 20
13	85 20
13	79 29
13	84 1
13	84 2
13	83 2
13	85 2
13	79 32
13	84 3
13	84 4
13	84 5
13	83 5
13	85 5
13	79 31
13	84 6
13	84 7
13	83 7
13	85 7
13	79 26
13	84 8
13	84 9
13	83 9
13	85 9
13	79 31
13	84 10
13	84 11
13	83 11
13	85 11
13	79 33
13	84 12
13	84 13
13	83 13
13	85 13
13	79 32
13	84 14
13	84 15
13	83 15
13	85 15
13	79 27
13	84 16
13	84 17
13	83 17
13	85 17
13	79 27
13	84 18
13	84 19
13	83 19
13	85 19
13	79 24
13	84 20
13	84 1
13	83 1
13	85 1
13	79 29
13	84 2
13	84 3
13	83 3
13	85 3
13	79 31
13	84 4
13	84 5
13	83 5
13	85 5
13	79 26
13	84 6
13	84 7
13	83 7
13	85 7
13	79 26
13	84 8
13	84 9
13	83 9
13	85 9
13	79 30
13	84 10
13	84 11
13	83 11
13	85 11
13	79 30
13	84 12
13	84 13
13	83 13
13	85 13
13	79 29
13	84 14
13	84 15
13	83 15
13	85 15
13	79 31
13	84 16
13	84 17
13	83 17
13	85 17
13	79 26
13	84 18
13	84 19
13	83 19
13	85 19
13	79 31
13	84 20
13	84 1
13	83 1
13	85 1
13	79 27
13	84 2
13	84 3
13	83 3
13	85 3
13	79 26
13	84 4
13	84 5
13	83 5
13	85 5
13	79 28
13	84 6
13	84 7
13	83 7
13	85 7
13	79 24
13	84 8
13	84 9
13	83 9
13	85 9
13	79 33
13	84 10
13	84 11
13	83 11
13	85 11
13	79 29
13	84 12
13	84 13
13	83 13
13	85 13
13	79 33
13	84 14
13	84 15
13	83 15
13	85 15
13	79 30
13	84 16
13	84 17
13	83 17
13	85 17
13	79 30
13	84 18
13	84 19
13	83 19
13	85 19
13	79 30
13	84 20
13	84 1
13	83 1
13	85 1
13	79 31
13	84 2
13	84 3
13	83 3
13	85 3
13	79 26
13	84 4
13	84 5
13	83 5
13	85 5
13	79 28
13	84 6
13	84 7
13	84 8
13	84 9
13	83 9
13	85 9
13	79 28
13	84 10
13	84 11
13	83 11
13	85 11
13	79 30
13	84 12
13	84 13
13	83 13
13	85 13
13	79 26
13	84 14
13	84 15
13	83 15
13	85 15
13	79 25
13	84 16
13	84 17
13	83 17
13	85 17
13	79 31
13	84 18
13	84 19
13	83 19
13	85 19
13	79 30
13	84 20
13	84 1
13	83 1
13	85 1
13	79 33
13	84 2
13	84 3
13	83 3
13	85 3
13	79 35
13	84 4
13	84 5
13	83 5
13	85 5
13	79 26
13	84 6
13	84 7
13	83 7
13	85 7
13	79 28
13	84 8
13	84 9
13	83 9
13	85 9
13	79 22
13	84 10
13	84 11
13	83 11
13	85 11
13	79 30
13	84 12
13	84 13
13	83 13
13	85 13
13	79 22
13	84 14
13	84 15
13	83 15
13	85 15
13	79 25
13	84 16
13	84 17
13	83 17
13	85 17
13	79 29
13	84 18
13	84 19
13	83 19
13	85 19
13	79 28
13	84 20
13	84 1
13	83 1
13	85 1
13	79 29
13	84 2
13	84 3
13	83 3
13	85 3
13	79 36
13	84 4
13	84 5
13	83 5
13	85 5
13	79 30
13	84 6
13	84 7
13	83 7
13	85 7
13	79 27
13	84 8
13	84 9
13	83 9
13	85 9
13	79 31
13	84 10
13	84 11
13	83 11
13	85 11
13	79 34
13	84 12
13	84 13
13	83 13
13	85 13
13	79 26
13	84 14
13	84 15
13	83 15
13	85 15
13	79 35
13	84 16
13	84 17
13	83 17
13	85 17
13	79 31
13	84 18
13	84 19
13	83 19
13	85 19
13	79 28
13	84 20
13	84 1
13	83 1
13	85 1
13	79 35
13	84 2
13	84 3
13	84 4
13	83 4
13	85 4
13	79 28
13	84 5
13	84 6
13	83 6
13	85 6
13	79 31
13	84 7
13	84 8
13	83 8
13	85 8
13	79 25
13	84 9
13	84 10
13	83 10
13	85 10
13	79 28
13	84 11
13	84 12
13	83 12
13	85 12
13	79 26
13	84 13
13	84 14
13	83 14
13	85 14
13	79 25
13	84 15
13	84 16
13	83 16
13	85 16
13	79 29
13	84 17
13	84 18
13	83 18
13	85 18
13	79 30
13	84 19
13	84 20
13	83 20
13	85 20
13	79 27
13	84 1
13	84 2
13	84 3
13	83 3
13	85 3
13	79 29
13	84 4
13	84 5
13	83 5
13	85 5
13	79 31
13	84 6
13	84 7
13	83 7
13	85 7
13	79 28
13	84 8
13	84 9
13	84 10
13	84 11
13	83 11
13	85 11
13	79 29
13	84 12
13	84 13
13	83 13
13	85 13
13	79 27
13	84 14
13	84 15
13	83 15
13	85 15
13	79 30
13	84 16
13	84 17
13	83 17
13	85 17
13	79 28
13	84 18
13	84 19
13	83 19
13	85 19
13	79 34
13	84 20
13	84 1
13	83 1
13	85 1
13	79 31
13	84 2
13	84 3
13	83 3
13	85 3
13	79 30
13	84 4
13	84 5
13	84 6
13	84 7
13	84 8
13	83 8
13	85 8
13	79 31
13	84 9
13	84 10
13	TEST_NUMBER 0
13	SENT_TOTAL 250
13	RECEIVED_TOTAL 115
13	TIME_TOTAL 19532
13	RECEIVED_RADIO_1 115
13	RECEIVED_RADIO_2 0
13	SENT_RADIO_1 125
13	SENT_RADIO_2 124
13	RADIO_TIME_1 19763
13	RADIO_TIME_2 19763
13	RETRANSMISSIONS_1 0
13	RETRANSMISSIONS_2 0
13	DROPPED_1 0
13	DROPPED_2 0
13	MAX_QUEUE 1
13	DUPLICATED_1 0
13	DUPLICATED_2 0
13	EBUSY_RADIO_1 0
13	EBUSY_RADIO_2 0
13	83 0
13	85 10
13	86 0
13	84 1
13	84 2
13	84 3
13	84 4
13	83 4
13	85 4
13	79 30
13	84 5
13	84 6
13	83 6
13	85 6
13	79 30
13	84 7
13	84 8
13	83 8
13	85 8
13	79 32
13	84 9
13	84 10
13	83 10
13	85 10
13	79 30
13	84 11
13	84 12
13	84 13
13	83 13
13	85 13
13	79 30
13	84 14
13	84 15
13	83 15
13	85 15
13	79 33
13	84 16
13	84 17
13	83 17
13	85 17
13	79 30
13	84 18
13	84 19
13	83 19
13	85 19
13	79 28
13	84 20
13	84 1
13	83 1
13	85 1
13	79 30
13	84 2
13	84 3
13	83 3
13	85 3
13	79 25
13	84 4
13	84 5
13	83 5
13	85 5
13	79 28
13	84 6
13	84 7
13	83 7
13	85 7
13	79 37
13	84 8
13	84 9
13	84 10
13	84 11
13	83 11
13	85 11
13	79 30
13	84 12
13	84 13
13	83 13
13	85 13
13	79 30
13	84 14
13	84 15
13	83 15
13	85 15
13	79 25
13	84 16
13	84 17
13	83 17
13	85 17
13	79 34
13	84 18
13	84 19
13	83 19
13	85 19
13	79 33
13	84 20
13	84 1
13	83 1
13	85 1
13	79 31
13	84 2
13	84 3
13	83 3
13	85 3
13	79 28
13	84 4
13	84 5
13	83 5
13	85 5
13	79 29
13	84 6
13	84 7
13	83 7
13	85 7
13	79 26
13	84 8
13	84 9
13	83 9
13	85 9
13	79 31
13	84 10
13	84 11
13	83 11
13	85 11
13	79 33
13	84 12
13	84 13
13	83 13
13	85 13
13	79 25
13	84 14
13	84 15
13	83 15
13	85 15
13	79 30
13	84 16
13	84 17
13	83 17
13	85 17
13	79 28
13	84 18
13	84 19
13	83 19
13	85 19
13	79 31
13	84 20
13	84 1
13	83 1
13	85 1
13	79 31
13	84 2
13	84 3
13	83 3
13	85 3
13	79 25
13	84 4
13	84 5
13	83 5
13	85 5
13	79 28
13	84 6
13	84 7
13	83 7
13	85 7
13	79 28
13	84 8
13	84 9
13	83 9
13	85 9
13	79 30
13	84 10
13	84 11
13	83 11
13	85 11
13	79 28
13	84 12
13	84 13
13	83 13
13	85 13
13	79 30
13	84 14
13	84 15
13	83 15
13	85 15
13	79 28
13	84 16
13	84 17
13	83 17
13	85 17
13	79 27
13	84 18
13	84 19
13	83 19
13	85 19
13	79 23
13	84 20
13	84 1
13	83 1
13	85 1
13	79 33
13	84 2
13	84 3
13	84 4
13	84 5
13	84 6
13	84 7
13	83 7
13	85 7
13	79 28
13	84 8
13	84 9
13	83 9
13	85 9
13	79 30
13	84 10
13	84 11
13	83 11
13	85 11
13	79 29
13	84 12
13	84 13
13	83 13
13	85 13
13	79 26
13	84 14
13	84 15
13	84 16
13	83 16
13	85 16
13	79 29
13	84 17
13	84 18
13	83 18
13	85 18
13	79 29
13	84 19
13	84 20
13	83 20
13	85 20
13	79 34
13	84 1
13	84 2
13	83 2
13	85 2
13	79 25
13	84 3
13	84 4
13	84 5
13	84 6
13	83 6
13	85 6
13	79 32
13	84 7
13	84 8
13	84 9
13	84 10
13	84 11
13	83 11
13	85 11
13	79 32
13	84 12
13	84 13
13	83 13
13	85 13
13	79 29
13	84 14
13	84 15
13	83 15
13	85 15
13	79 35
13	84 16
13	84 17
13	83 17
13	85 17
13	79 30
13	84 18
13	84 19
13	83 19
13	85 19
13	79 24
13	84 20
13	84 1
13	83 1
13	85 1
13	79 31
13	84 2
13	84 3
13	84 4
13	83 4
13	85 4
13	79 32
13	84 5
13	84 6
13	83 6
13	85 6
13	79 27
13	84 7
13	84 8
13	84 9
13	83 9
13	85 9
13	79 34
13	84 10
13	84 11
13	83 11
13	85 11
13	79 28
13	84 12
13	84 13
13	83 13
13	85 13
13	79 29
13	84 14
13	84 15
13	83 15
13	85 15
13	79 31
13	84 16
13	84 17
13	83 17
13	85 17
13	79 27
13	84 18
13	84 19
13	83 19
13	85 19
13	79 32
13	84 20
13	84 1
13	83 1
13	85 1
13	79 25
13	84 2
13	84 3
13	83 3
13	85 3
13	79 29
13	84 4
13	84 5
13	83 5
13	85 5
13	79 26
13	84 6
13	84 7
13	83 7
13	85 7
13	79 26
13	84 8
13	84 9
13	83 9
13	85 9
13	79 24
13	84 10
13	84 11
13	83 11
13	85 11
13	79 29
13	84 12
13	84 13
13	83 13
13	85 13
13	79 27
13	84 14
13	84 15
13	83 15
13	85 15
13	79 30
13	84 16
13	84 17
13	83 17
13	85 17
13	79 31
13	84 18
13	84 19
13	83 19
13	85 19
13	79 32
13	84 20
13	84 1
13	83 1
13	85 1
13	79 33
13	84 2
13	84 3
13	83 3
13	85 3
13	79 37
13	84 4
13	84 5
13	84 6
13	84 7
13	83 7
13	85 7
13	79 34
13	84 8
13	84 9
13	83 9
13	85 9
13	79 32
13	84 10
13	84 11
13	83 11
13	85 11
13	79 35
13	84 12
13	84 13
13	83 13
13	85 13
13	79 29
13	84 14
13	84 15
13	83 15
13	85 15
13	79 31
13	84 16
13	84 17
13	84 18
13	83 18
13	85 18
13	79 26
13	84 19
13	84 20
13	83 20
13	85 20
13	79 29
13	84 1
13	84 2
13	83 2
13	85 2
13	79 32
13	84 3
13	84 4
13	83 4
13	85 4
13	79 26
13	84 5
13	84 6
13	83 6
13	85 6
13	79 26
13	84 7
13	84 8
13	83 8
13	85 8
13	79 28
13	84 9
13	84 10
13	83 10
13	85 10
13	79 27
13	84 11
13	84 12
13	84 13
13	84 14
13	83 14
13	85 14
13	79 29
13	84 15
13	84 16
13	83 16
13	85 16
13	79 32
13	84 17
13	84 18
13	83 18
13	85 18
13	79 32
13	84 19
13	84 20
13	83 20
13	85 20
13	79 30
13	84 1
13	84 2
13	83 2
13	85 2
13	79 26
13	84 3
13	84 4
13	83 4
13	85 4
13	79 28
13	84 5
13	84 6
13	84 7
13	83 7
13	85 7
13	79 30
13	84 8
13	84 9
13	83 9
13	85 9
13	79 33
13	84 10
13	84 11
13	83 11
13	85 11
13	79 34
13	84 12
13	84 13
13	83 13
13	85 13
13	79 23
13	84 14
13	84 15
13	83 15
13	85 15
13	79 29
13	84 16
13	84 17
13	83 17
13	85 17
13	79 33
13	84 18
13	84 19
13	83 19
13	85 19
13	79 25
13	84 20
13	84 1
13	84 2
13	84 3
13	83 3
13	85 3
13	79 32
13	84 4
13	84 5
13	83 5
13	85 5
13	79 28
13	84 6
13	84 7
13	84 8
13	84 9
13	83 9
13	85 9
13	79 32
13	84 10
13	84 11
13	84 12
13	84 13
13	84 14
13	83 14
13	85 14
13	79 33
13	84 15
13	84 16
13	83 16
13	85 16
13	79 27
13	84 17
13	84 18
13	83 18
13	85 18
13	79 36
13	84 19
13	84 20
13	83 20
13	85 20
13	79 28
13	84 1
13	84 2
13	83 2
13	85 2
13	79 21
13	84 3
13	84 4
13	84 5
13	83 5
13	85 5
13	79 33
13	84 6
13	84 7
13	83 7
13	85 7
13	79 34
13	84 8
13	84 9
13	83 9
13	85 9
13	79 23
13	84 10
13	TEST_NUMBER 1
13	SENT_TOTAL 250
13	RECEIVED_TOTAL 109
13	TIME_TOTAL 29798
13	RECEIVED_RADIO_1 110
13	RECEIVED_RADIO_2 0
13	SENT_RADIO_1 125
13	SENT_RADIO_2 125
13	RADIO_TIME_1 29798
13	RADIO_TIME_2 19763
13	RETRANSMISSIONS_1 0
13	RETRANSMISSIONS_2 0
13	DROPPED_1 0
13	DROPPED_2 0
13	MAX_QUEUE 1
13	DUPLICATED_1 0
13	DUPLICATED_2 0
13	EBUSY_RADIO_1 0
13	EBUSY_RADIO_2 0
13	84 1
13	83 1
13	85 1
13	79 29
13	84 2
13	84 3
13	84 4
13	84 5
13	84 6
13	84 7
13	83 7
13	85 7
13	79 34
13	84 8
13	84 9
13	83 9
13	85 9
13	79 30
13	84 10
13	84 11
13	83 11
13	85 11
13	79 27
13	84 12
13	84 13
13	84 14
13	84 15
13	83 15
13	85 15
13	79 33
13	84 16
13	84 17
13	83 17
13	85 17
13	79 25
13	84 18
13	84 19
13	83 19
13	85 19
13	79 31
13	84 20
13	84 1
13	83 1
13	85 1
13	79 23
13	84 2
13	84 3
13	83 3
13	85 3
13	79 22
13	84 4
13	84 5
13	83 5
13	85 5
13	79 32
13	84 6
13	84 7
13	83 7
13	85 7
13	79 29
13	84 8
13	84 9
13	83 9
13	85 9
13	79 29
13	84 10
13	84 11
13	83 11
13	85 11
13	79 31
13	84 12
13	84 13
13	83 13
13	85 13
13	79 27
13	84 14
13	84 15
13	83 15
13	85 15
13	79 27
13	84 16
13	84 17
13	83 17
13	85 17
13	79 29
13	84 18
13	84 19
13	83 19
13	85 19
13	79 30
13	84 20
13	84 1
13	83 1
13	85 1
13	79 26
13	84 2
13	84 3
13	83 3
13	85 3
13	79 31
13	84 4
13	84 5
13	83 5
13	85 5
13	79 26
13	84 6
13	84 7
13	83 7
13	85 7
13	79 33
13	84 8
13	84 9
13	83 9
13	85 9
13	79 26
13	84 10
13	84 11
13	83 11
13	85 11
13	79 22
13	84 12
13	84 13
13	84 14
13	83 14
13	85 14
13	79 30
13	84 15
13	84 16
13	83 16
13	85 16
13	79 31
13	84 17
13	84 18
13	83 18
13	85 18
13	79 33
13	84 19
13	84 20
13	83 20
13	85 20
13	79 33
13	84 1
13	84 2
13	83 2
13	85 2
13	79 27
13	84 3
13	84 4
13	83 4
13	85 4
13	79 33
13	84 5
13	84 6
13	84 7
13	83 7
13	85 7
13	79 30
13	84 8
13	84 9
13	83 9
13	85 9
13	79 35
13	84 10
13	84 11
13	83 11
13	85 11
13	79 32
13	84 12
13	84 13
13	83 13
13	85 13
13	79 32
13	84 14
13	84 15
13	83 15
13	85 15
13	79 32
13	84 16
13	84 17
13	83 17
13	85 17
13	79 29
13	84 18
13	84 19
13	83 19
13	85 19
13	79 29
13	84 20
13	84 1
13	83 1
13	85 1
13	79 27
13	84 2
13	84 3
13	83 3
13	85 3
13	79 27
13	84 4
13	84 5
13	83 5
13	85 5
13	79 29
13	84 6
13	84 7
13	83 7
13	85 7
13	79 27
13	84 8
13	84 9
13	83 9
13	85 9
13	79 31
13	84 10
13	84 11
13	83 11
13	85 11
13	79 31
13	84 12
13	84 13
13	83 13
13	85 13
13	79 29
13	84 14
13	84 15
13	83 15
13	85 15
13	79 32
13	84 16
13	84 17
13	83 17
13	85 17
13	79 25
13	84 18
13	84 19
13	83 19
13	85 19
13	79 22
13	84 20
13	84 1
13	83 1
13	85 1
13	79 34
13	84 2
13	84 3
13	83 3
13	85 3
13	79 32
13	84 4
13	84 5
13	83 5
13	85 5
13	79 29
13	84 6
13	84 7
13	83 7
13	85 7
13	79 25
13	84 8
13	84 9
13	84 10
13	84 11
13	83 11
13	85 11
13	79 29
13	84 12
13	84 13
13	83 13
13	85 13
13	79 28
13	84 14
13	84 15
13	83 15
13	85 15
13	79 29
13	84 16
13	84 17
13	83 17
13	85 17
13	79 32
13	84 18
13	84 19
13	83 19
13	85 19
13	79 30
13	84 20
13	84 1
13	84 2
13	84 3
13	83 3
13	85 3
13	79 26
13	84 4
13	84 5
13	83 5
13	85 5
13	79 28
13	84 6
13	84 7
13	83 7
13	85 7
13	79 29
13	84 8
13	84 9
13	83 9
13	85 9
13	79 35
13	84 10
13	84 11
13	83 11
13	85 11
13	79 34
13	84 12
13	84 13
13	83 13
13	85 13
13	79 28
13	84 14
13	84 15
13	83 15
13	85 15
13	79 30
13	84 16
13	84 17
13	83 17
13	85 17
13	79 31
13	84 18
13	84 19
13	83 19
13	85 19
13	79 24
13	84 20
13	84 1
13	84 2
13	84 3
13	83 3
13	85 3
13	79 29
13	84 4
13	84 5
13	83 5
13	85 5
13	79 32
13	84 6
13	84 7
13	83 7
13	85 7
13	79 29
13	84 8
13	84 9
13	83 9
13	85 9
13	79 26
13	84 10
13	84 11
13	83 11
13	85 11
13	79 23
13	84 12
13	84 13
13	83 13
13	85 13
13	79 27
13	84 14
13	84 15
13	83 15
13	85 15
13	79 34
13	84 16
13	84 17
13	83 17
13	85 17
13	79 25
13	84 18
13	84 19
13	83 19
13	85 19
13	79 31
13	84 20
13	84 1
13	83 1
13	85 1
13	79 25
13	84 2
13	84 3
13	84 4
13	83 4
13	85 4
13	79 26
13	84 5
13	84 6
13	83 6
13	85 6
13	79 30
13	84 7
13	84 8
13	83 8
13	85 8
13	79 27
13	84 9
13	84 10
13	83 10
13	85 10
13	79 33
13	84 11
13	84 12
13	83 12
13	85 12
13	79 34
13	84 13
13	84 14
13	83 14
13	85 14
13	79 28
13	84 15
13	84 16
13	83 16
13	85 16
13	79 22
13	84 17
13	84 18
13	83 18
13	85 18
13	79 27
13	84 19
13	84 20
13	84 1
13	84 2
13	83 2
13	85 2
13	79 30
13	84 3
13	84 4
13	83 4
13	85 4
13	79 34
13	84 5
13	84 6
13	83 6
13	85 6
13	79 32
13	84 7
13	84 8
13	83 8
13	85 8
13	79 32
13	84 9
13	84 10
13	84 11
13	84 12
13	83 12
13	85 12
13	79 28
13	84 13
13	84 14
13	83 14
13	85 14
13	79 30
13	84 15
13	84 16
13	83 16
13	85 16
13	79 28
13	84 17
13	84 18
13	83 18
13	85 18
13	79 28
13	84 19
13	84 20
13	83 20
13	85 20
13	79 28
13	84 1
13	84 2
13	83 2
13	85 2
13	79 27
13	84 3
13	84 4
13	83 4
13	85 4
13	79 28
13	84 5
13	84 6
13	83 6
13	85 6
13	79 33
13	84 7
13	84 8
13	83 8
13	85 8
13	79 27
13	84 9
13	84 10
13	83 10
13	85 10
13	79 23
13	84 11
13	84 12
13	83 12
13	85 12
13	79 30
13	84 13
13	84 14
13	83 14
13	85 14
13	79 31
13	84 15
13	84 16
13	83 16
13	85 16
13	79 28
13	84 17
13	84 18
13	83 18
13	85 18
13	79 28
13	84 19
13	84 20
13	83 20
13	85 20
13	79 33
13	84 1
13	84 2
13	83 2
13	85 2
13	79 31
13	84 3
13	84 4
13	83 4
13	85 4
13	79 31
13	84 5
13	84 6
13	83 6
13	85 6
13	79 28
13	84 7
13	84 8
13	83 8
13	85 8
13	79 28
13	84 9
13	84 10
13	83 10
13	85 10
13	79 27
13	84 11
13	84 12
13	83 12
13	85 12
13	79 22
13	84 13
13	84 14
13	83 14
13	85 14
13	79 27
13	84 15
13	84 16
13	83 16
13	85 16
13	79 30
13	84 17
13	84 18
13	83 18
13	85 18
13	79 28
13	84 19
13	84 20
13	84 1
13	83 1
13	85 1
13	79 28
13	84 2
13	84 3
13	83 3
13	85 3
13	79 28
13	84 4
13	84 5
13	83 5
13	85 5
13	79 30
13	84 6
13	84 7
13	83 7
13	85 7
13	79 27
13	84 8
13	84 9
13	83 9
13	85 9
13	79 28
13	84 10
13	TEST_NUMBER 2
13	SENT_TOTAL 250
13	RECEIVED_TOTAL 115
13	TIME_TOTAL 19762
13	RECEIVED_RADIO_1 115
13	RECEIVED_RADIO_2 0
13	SENT_RADIO_1 125
13	SENT_RADIO_2 125
13	RADIO_TIME_1 19791
13	RADIO_TIME_2 19763
13	RETRANSMISSIONS_1 0
13	RETRANSMISSIONS_2 0
13	DROPPED_1 0
13	DROPPED_2 0
13	MAX_QUEUE 1
13	DUPLICATED_1 0
13	DUPLICATED_2 0
13	EBUSY_RADIO_1 0
13	EBUSY_RADIO_2 0
13	84 1
13	83 1
13	85 1
13	79 33
13	84 2
13	84 3
13	83 3
13	85 3
13	79 29
13	84 4
13	84 5
13	83 5
13	85 5
13	79 28
13	84 6
13	84 7
13	83 7
13	85 7
13	79 33
13	84 8
13	84 9
13	83 9
13	85 9
13	79 31
13	84 10
13	84 11
13	83 11
13	85 11
13	79 25
13	84 12
13	84 13
13	83 13
13	85 13
13	79 33
13	84 14
13	84 15
13	83 15
13	85 15
13	79 30
13	84 16
13	84 17
13	83 17
13	85 17
13	79 21
13	84 18
13	84 19
13	83 19
13	85 19
13	79 31
13	84 20
13	84 1
13	83 1
13	85 1
13	79 28
13	84 2
13	84 3
13	83 3
13	85 3
13	79 36
13	84 4
13	84 5
13	83 5
13	85 5
13	79 25
13	84 6
13	84 7
13	83 7
13	85 7
13	79 31
13	84 8
13	84 9
13	83 9
13	85 9
13	79 25
13	84 10
13	84 11
13	84 12
13	83 12
13	85 12
13	79 30
13	84 13
13	84 14
13	83 14
13	85 14
13	79 22
13	84 15
13	84 16
13	83 16
13	85 16
13	79 31
13	84 17
13	84 18
13	83 18
13	85 18
13	79 34
13	84 19
13	84 20
13	83 20
13	85 20
13	79 28
13	84 1
13	84 2
13	84 3
13	84 4
13	83 4
13	85 4
13	79 28
13	84 5
13	84 6
13	84 7
13	83 7
13	85 7
13	79 24
13	84 8
13	84 9
13	84 10
13	84 11
13	84 12
13	83 12
13	85 12
13	79 25
13	84 13
13	84 14
13	84 15
13	84 16
13	84 17
13	83 17
13	85 17
13	79 32
13	84 18
13	84 19
13	84 20
13	84 1
13	83 1
13	85 1
13	79 29
13	84 2
13	84 3
13	83 3
13	85 3
13	79 23
13	84 4
13	84 5
13	83 5
13	85 5
13	79 29
13	84 6
13	84 7
13	84 8
13	84 9
13	84 10
13	83 10
13	85 10
13	79 30
13	84 11
13	84 12
13	83 12
13	85 12
13	79 31
13	84 13
13	84 14
13	83 14
13	85 14
13	79 28
13	84 15
13	84 16
13	83 16
13	85 16
13	79 33
13	84 17
13	84 18
13	83 18
13	85 18
13	79 24
13	84 19
13	84 20
13	83 20
13	85 20
13	79 34
13	84 1
13	84 2
13	83 2
13	85 2
13	79 29
13	84 3
13	84 4
13	83 4
13	85 4
13	79 28
13	84 5
13	84 6
13	83 6
13	85 6
13	79 26
13	84 7
13	84 8
13	83 8
13	85 8
13	79 30
13	84 9
13	84 10
13	84 11
13	84 12
13	83 12
13	85 12
13	79 34
13	84 13
13	84 14
13	83 14
13	85 14
13	79 28
13	84 15
13	84 16
13	83 16
13	85 16
13	79 35
13	84 17
13	84 18
13	84 19
13	84 20
13	83 20
13	85 20
13	79 31
13	84 1
13	84 2
13	83 2
13	85 2
13	79 28
13	84 3
13	84 4
13	83 4
13	85 4
13	79 26
13	84 5
13	84 6
13	83 6
13	85 6
13	79 29
13	84 7
13	84 8
13	83 8
13	85 8
13	79 30
13	84 9
13	84 10
13	84 11
13	83 11
13	85 11
13	79 30
13	84 12
13	84 13
13	83 13
13	85 13
13	79 31
13	84 14
13	84 15
13	83 15
13	85 15
13	79 36
13	84 16
13	84 17
13	83 17
13	85 17
13	79 28
13	84 18
13	84 19
13	83 19
13	85 19
13	79 25
13	84 20
13	84 1
13	83 1
13	85 1
13	79 29
13	84 2
13	84 3
13	83 3
13	85 3
13	79 31
13	84 4
13	84 5
13	84 6
13	84 7
13	83 7
13	85 7
13	79 30
13	84 8
13	84 9
13	83 9
13	85 9
13	79 32
13	84 10
13	84 11
13	83 11
13	85 11
13	79 27
13	84 12
13	84 13
13	83 13
13	85 13
13	79 30
13	84 14
13	84 15
13	83 15
13	85 15
13	79 25
13	84 16
13	84 17
13	84 18
13	84 19
13	83 19
13	85 19
13	79 27
13	84 20
13	84 1
13	83 1
13	85 1
13	79 25
13	84 2
13	84 3
13	83 3
13	85 3
13	79 32
13	84 4
13	84 5
13	83 5
13	85 5
13	79 31
13	84 6
13	84 7
13	83 7
13	85 7
13	79 27
13	84 8
13	84 9
13	83 9
13	85 9
13	79 30
13	84 10
13	84 11
13	83 11
13	85 11
13	79 38
13	84 12
13	84 13
13	83 13
13	85 13
13	79 26
13	84 14
13	84 15
13	83 15
13	85 15
13	79 29
13	84 16
13	84 17
13	83 17
13	85 17
13	79 29
13	84 18
13	84 19
13	84 20
13	84 1
13	83 1
13	85 1
13	79 28
13	84 2
13	84 3
13	83 3
13	85 3
13	79 30
13	84 4
13	84 5
13	83 5
13	85 5
13	79 29
13	84 6
13	84 7
13	83 7
13	85 7
13	79 28
13	84 8
13	84 9
13	83 9
13	85 9
13	79 30
13	84 10
13	84 11
13	84 12
13	83 12
13	85 12
13	79 28
13	84 13
13	84 14
13	83 14
13	85 14
13	79 20
13	84 15
13	84 16
13	83 16
13	85 16
13	79 29
13	84 17
13	84 18
13	83 18
13	85 18
13	79 26
13	84 19
13	84 20
13	83 20
13	85 20
13	79 30
13	84 1
13	84 2
13	83 2
13	85 2
13	79 31
13	84 3
13	84 4
13	83 4
13	85 4
13	79 26
13	84 5
13	84 6
13	84 7
13	84 8
13	83 8
13	85 8
13	79 30
13	84 9
13	84 10
13	83 10
13	85 10
13	79 32
13	84 11
13	84 12
13	83 12
13	85 12
13	79 26
13	84 13
13	84 14
13	83 14
13	85 14
13	79 27
13	84 15
13	84 16
13	83 16
13	85 16
13	79 26
13	84 17
13	84 18
13	83 18
13	85 18
13	79 28
13	84 19
13	84 20
13	83 20
13	85 20
13	79 31
13	84 1
13	84 2
13	83 2
13	85 2
13	79 31
13	84 3
13	84 4
13	83 4
13	85 4
13	79 27
13	84 5
13	84 6
13	84 7
13	84 8
13	83 8
13	85 8
13	79 28
13	84 9
13	84 10
13	83 10
13	85 10
13	79 32
13	84 11
13	84 12
13	83 12
13	85 12
13	79 28
13	84 13
13	84 14
13	83 14
13	85 14
13	79 28
13	84 15
13	84 16
13	83 16
13	85 16
13	79 30
13	84 17
13	84 18
13	83 18
13	85 18
13	79 33
13	84 19
13	84 20
13	84 1
13	84 2
13	83 2
13	85 2
13	79 30
13	84 3
13	84 4
13	83 4
13	85 4
13	79 28
13	84 5
13	84 6
13	83 6
13	85 6
13	79 34
13	84 7
13	84 8
13	83 8
13	85 8
13	79 28
13	84 9
13	84 10
13	83 10
13	85 10
13	79 33
13	84 11
13	84 12
13	83 12
13	85 12
13	79 29
13	84 13
13	84 14
13	84 15
13	83 15
13	85 15
13	79 31
13	84 16
13	84 17
13	83 17
13	85 17
13	79 28
13	84 18
13	84 19
13	83 19
13	85 19
13	79 29
13	84 20
13	84 1
13	83 1
13	85 1
13	79 32
13	84 2
13	84 3
13	83 3
13	85 3
13	79 29
13	84 4
13	84 5
13	83 5
13	85 5
13	79 26
13	84 6
13	84 7
13	83 7
13	85 7
13	79 21
13	84 8
13	84 9
13	83 9
13	85 9
13	79 31
13	84 10
13	TEST_NUMBER 3
13	SENT_TOTAL 250
13	RECEIVED_TOTAL 108
13	TIME_TOTAL 19761
13	RECEIVED_RADIO_1 108
13	RECEIVED_RADIO_2 0
13	SENT_RADIO_1 125
13	SENT_RADIO_2 125
13	RADIO_TIME_1 19794
13	RADIO_TIME_2 19763
13	RETRANSMISSIONS_1 0
13	RETRANSMISSIONS_2 0
13	DROPPED_1 0
13	DROPPED_2 0
13	MAX_QUEUE 1
13	DUPLICATED_1 0
13	DUPLICATED_2 0
13	EBUSY_RADIO_1 0
13	EBUSY_RADIO_2 0
13	84 1
13	83 1
13	85 1
13	79 31
13	84 2
13	84 3
13	84 4
13	84 5
13	83 5
13	85 5
13	79 24
13	84 6
13	84 7
13	84 8
13	83 8
13	85 8
13	79 26
13	84 9
13	84 10
13	83 10
13	85 10
13	79 23
13	84 11
13	84 12
13	83 12
13	85 12
13	79 32
13	84 13
13	84 14
13	83 14
13	85 14
13	79 33
13	84 15
13	84 16
13	84 17
13	84 18
13	84 19
13	84 20
13	83 20
13	85 20
13	79 31
13	84 1
13	84 2
13	83 2
13	85 2
13	79 29
13	84 3
13	84 4
13	83 4
13	85 4
13	79 30
13	84 5
13	84 6
13	83 6
13	85 6
13	79 30
13	84 7
13	84 8
13	83 8
13	85 8
13	79 24
13	84 9
13	84 10
13	83 10
13	85 10
13	79 27
13	84 11
13	84 12
13	83 12
13	85 12
13	79 27
13	84 13
13	84 14
13	83 14
13	85 14
13	79 28
13	84 15
13	84 16
13	83 16
13	85 16
13	79 33
13	84 17
13	84 18
13	83 18
13	85 18
13	79 28
13	84 19
13	84 20
13	83 20
13	85 20
13	79 23
13	84 1
13	84 2
13	83 2
13	85 2
13	79 29
13	84 3
13	84 4
13	83 4
13	85 4
13	79 34
13	84 5
13	84 6
13	83 6
13	85 6
13	79 34
13	84 7
13	84 8
13	83 8
13	85 8
13	79 33
13	84 9
13	84 10
13	84 11
13	83 11
13	85 11
13	79 28
13	84 12
13	84 13
13	84 14
13	83 14
13	85 14
13	79 29
13	84 15
13	84 16
13	83 16
13	85 16
13	79 30
13	84 17
13	84 18
13	83 18
13	85 18
13	79 24
13	84 19
13	84 20
13	84 1
13	84 2
13	83 2
13	85 2
13	79 29
13	84 3
13	84 4
13	83 4
13	85 4
13	79 24
13	84 5
13	84 6
13	83 6
13	85 6
13	79 30
13	84 7
13	84 8
13	83 8
13	85 8
13	79 35
13	84 9
13	84 10
13	84 11
13	83 11
13	85 11
13	79 28
13	84 12
13	84 13
13	83 13
13	85 13
13	79 26
13	84 14
13	84 15
13	83 15
13	85 15
13	79 31
13	84 16
13	84 17
13	83 17
13	85 17
13	79 30
13	84 18
13	84 19
13	83 19
13	85 19
13	79 30
13	84 20
13	84 1
13	83 1
13	85 1
13	79 34
13	84 2
13	84 3
13	83 3
13	85 3
13	79 29
13	84 4
13	84 5
13	83 5
13	85 5
13	79 24
13	84 6
13	84 7
13	83 7
13	85 7
13	79 28
13	84 8
13	84 9
13	83 9
13	85 9
13	79 31
13	84 10
13	84 11
13	83 11
13	85 11
13	79 26
13	84 12
13	84 13
13	83 13
13	85 13
13	79 33
13	84 14
13	84 15
13	83 15
13	85 15
13	79 34
13	84 16
13	84 17
13	83 17
13	85 17
13	79 31
13	84 18
13	84 19
13	84 20
13	84 1
13	84 2
13	84 3
13	83 3
13	85 3
13	79 25
13	84 4
13	84 5
13	83 5
13	85 5
13	79 22
13	84 6
13	84 7
13	84 8
13	84 9
13	83 9
13	85 9
13	79 32
13	84 10
13	84 11
13	83 11
13	85 11
13	79 28
13	84 12
13	84 13
13	83 13
13	85 13
13	79 25
13	84 14
13	84 15
13	84 16
13	84 17
13	83 17
13	85 17
13	79 31
13	84 18
13	84 19
13	83 19
13	85 19
13	79 29
13	84 20
13	84 1
13	83 1
13	85 1
13	79 29
13	84 2
13	84 3
13	83 3
13	85 3
13	79 33
13	84 4
13	84 5
13	83 5
13	85 5
13	79 27
13	84 6
13	84 7
13	83 7
13	85 7
13	79 29
13	84 8
13	84 9
13	83 9
13	85 9
13	79 29
13	84 10
13	84 11
13	83 11
13	85 11
13	79 32
13	84 12
13	84 13
13	83 13
13	85 13
13	79 31
13	84 14
13	84 15
13	83 15
13	85 15
13	79 28
13	84 16
13	84 17
13	83 17
13	85 17
13	79 30
13	84 18
13	84 19
13	83 19
13	85 19
13	79 29
13	84 20
13	84 1
13	83 1
13	85 1
13	79 28
13	84 2
13	84 3
13	83 3
13	85 3
13	79 26
13	84 4
13	84 5
13	83 5
13	85 5
13	79 33
13	84 6
13	84 7
13	83 7
13	85 7
13	79 29
13	84 8
13	84 9
13	83 9
13	85 9
13	79 29
13	84 10
13	84 11
13	83 11
13	85 11
13	79 27
13	84 12
13	84 13
13	83 13
13	85 13
13	79 27
13	84 14
13	84 15
13	83 15
13	85 15
13	79 29
13	84 16
13	84 17
13	83 17
13	85 17
13	79 25
13	84 18
13	84 19
13	83 19
13	85 19
13	79 30
13	84 20
13	84 1
13	83 1
13	85 1
13	79 27
13	84 2
13	84 3
13	83 3
13	85 3
13	79 24
13	84 4
13	84 5
13	83 5
13	85 5
13	79 34
13	84 6
13	84 7
13	83 7
13	85 7
13	79 28
13	84 8
13	84 9
13	83 9
13	85 9
13	79 33
13	84 10
13	84 11
13	83 11
13	85 11
13	79 31
13	84 12
13	84 13
13	83 13
13	85 13
13	79 31
13	84 14
13	84 15
13	83 15
13	85 15
13	79 21
13	84 16
13	84 17
13	83 17
13	85 17
13	79 33
13	84 18
13	84 19
13	83 19
13	85 19
13	79 28
13	84 20
13	84 1
13	83 1
13	85 1
13	79 31
13	84 2
13	84 3
13	83 3
13	85 3
13	79 30
13	84 4
13	84 5
13	83 5
13	85 5
13	79 31
13	84 6
13	84 7
13	83 7
13	85 7
13	79 29
13	84 8
13	84 9
13	84 10
13	84 11
13	83 11
13	85 11
13	79 31
13	84 12
13	84 13
13	83 13
13	85 13
13	79 34
13	84 14
13	84 15
13	83 15
13	85 15
13	79 33
13	84 16
13	84 17
13	83 17
13	85 17
13	79 26
13	84 18
13	84 19
13	83 19
13	85 19
13	79 26
13	84 20
13	84 1
13	83 1
13	85 1
13	79 30
13	84 2
13	84 3
13	83 3
13	85 3
13	79 31
13	84 4
13	84 5
13	84 6
13	84 7
13	83 7
13	85 7
13	79 28
13	84 8
13	84 9
13	84 10
13	84 11
13	83 11
13	85 11
13	79 30
13	84 12
13	84 13
13	83 13
13	85 13
13	79 24
13	84 14
13	84 15
13	83 15
13	85 15
13	79 31
13	84 16
13	84 17
13	83 17
13	85 17
13	79 27
13	84 18
13	84 19
13	83 19
13	85 19
13	79 26
13	84 20
13	84 1
13	84 2
13	84 3
13	84 4
13	84 5
13	83 5
13	85 5
13	79 30
13	84 6
13	84 7
13	83 7
13	85 7
13	79 30
13	84 8
13	84 9
13	83 9
13	85 9
13	79 26
13	84 10
13	84 11
13	83 11
13	85 11
13	79 32
13	84 12
13	84 13
13	83 13
13	85 13
13	79 32
13	84 14
13	84 15
13	83 15
13	85 15
13	79 34
13	84 16
13	84 17
13	84 18
13	84 19
13	83 19
13	85 19
13	79 28
13	84 20
13	84 1
13	83 1
13	85 1
13	79 29
13	84 2
13	84 3
13	83 3
13	85 3
13	79 26
13	84 4
13	84 5
13	83 5
13	85 5
13	79 28
13	84 6
13	84 7
13	83 7
13	85 7
13	79 27
13	84 8
13	84 9
13	83 9
13	85 9
13	79 29
13	84 10
13	TEST_NUMBER 4
13	SENT_TOTAL 250
13	RECEIVED_TOTAL 109
13	TIME_TOTAL 19761
13	RECEIVED_RADIO_1 109
13	RECEIVED_RADIO_2 0
13	SENT_RADIO_1 125
13	SENT_RADIO_2 125
13	RADIO_TIME_1 19792
13	RADIO_TIME_2 19763
13	RETRANSMISSIONS_1 0
13	RETRANSMISSIONS_2 0
13	DROPPED_1 0
13	DROPPED_2 0
13	MAX_QUEUE 1
13	DUPLICATED_1 0
13	DUPLICATED_2 0
13	EBUSY_RADIO_1 0
13	EBUSY_RADIO_2 0
13	84 1
13	83 1
13	85 1
13	79 27
13	84 2
13	84 3
13	83 3
13	85 3
13	79 32
13	84 4
13	84 5
13	83 5
13	85 5
13	79 29
13	84 6
13	84 7
13	83 7
13	85 7
13	79 30
13	84 8
13	84 9
13	83 9
13	85 9
13	79 27
13	84 10
13	84 11
13	83 11
13	85 11
13	79 28
13	84 12
13	84 13
13	83 13
13	85 13
13	79 28
13	84 14
13	84 15
13	83 15
13	85 15
13	79 23
13	84 16
13	84 17
13	83 17
13	85 17
13	79 28
13	84 18
13	84 19
13	83 19
13	85 19
13	79 31
13	84 20
13	84 1
13	83 1
13	85 1
13	79 30
13	84 2
13	84 3
13	83 3
13	85 3
13	79 29
13	84 4
13	84 5
13	83 5
13	85 5
13	79 29
13	84 6
13	84 7
13	83 7
13	85 7
13	79 26
13	84 8
13	84 9
13	83 9
13	85 9
13	79 29
13	84 10
13	84 11
13	83 11
13	85 11
13	79 33
13	84 12
13	84 13
13	83 13
13	85 13
13	79 28
13	84 14
13	84 15
13	83 15
13	85 15
13	79 27
13	84 16
13	84 17
13	83 17
13	85 17
13	79 32
13	84 18
13	84 19
13	83 19
13	85 19
13	79 27
13	84 20
13	84 1
13	83 1
13	85 1
13	79 30
13	84 2
13	84 3
13	83 3
13	85 3
13	79 31
13	84 4
13	84 5
13	83 5
13	85 5
13	79 33
13	84 6
13	84 7
13	83 7
13	85 7
13	79 24
13	84 8
13	84 9
13	83 9
13	85 9
13	79 33
13	84 10
13	84 11
13	83 11
13	85 11
13	79 30
13	84 12
13	84 13
13	83 13
13	85 13
13	79 24
13	84 14
13	84 15
13	83 15
13	85 15
13	79 25
13	84 16
13	84 17
13	83 17
13	85 17
13	79 24
13	84 18
13	84 19
13	83 19
13	85 19
13	79 30
13	84 20
13	84 1
13	84 2
13	84 3
13	84 4
13	84 5
13	83 5
13	85 5
13	79 21
13	84 6
13	84 7
13	83 7
13	85 7
13	79 32
13	84 8
13	84 9
13	83 9
13	85 9
13	79 30
13	84 10
13	84 11
13	83 11
13	85 11
13	79 32
13	84 12
13	84 13
13	83 13
13	85 13
13	79 30
13	84 14
13	84 15
13	83 15
13	85 15
13	79 29
13	84 16
13	84 17
13	84 18
13	84 19
13	83 19
13	85 19
13	79 29
13	84 20
13	84 1
13	83 1
13	85 1
13	79 26
13	84 2
13	84 3
13	83 3
13	85 3
13	79 33
13	84 4
13	84 5
13	84 6
13	84 7
13	83 7
13	85 7
13	79 29
13	84 8
13	84 9
13	84 10
13	83 10
13	85 10
13	79 28
13	84 11
13	84 12
13	83 12
13	85 12
13	79 33
13	84 13
13	84 14
13	83 14
13	85 14
13	79 29
13	84 15
13	84 16
13	83 16
13	85 16
13	79 32
13	84 17
13	84 18
13	83 18
13	85 18
13	79 32
13	84 19
13	84 20
13	83 20
13	85 20
13	79 26
13	84 1
13	84 2
13	83 2
13	85 2
13	79 26
13	84 3
13	84 4
13	84 5
13	83 5
13	85 5
13	79 29
13	84 6
13	84 7
13	83 7
13	85 7
13	79 28
13	84 8
13	84 9
13	83 9
13	85 9
13	79 28
13	84 10
13	84 11
13	83 11
13	85 11
13	79 30
13	84 12
13	84 13
13	83 13
13	85 13
13	79 28
13	84 14
13	84 15
13	83 15
13	85 15
13	79 28
13	84 16
13	84 17
13	83 17
13	85 17
13	79 26
13	84 18
13	84 19
13	83 19
13	85 19
13	79 30
13	84 20
13	84 1
13	83 1
13	85 1
13	79 31
13	84 2
13	84 3
13	83 3
13	85 3
13	79 33
13	84 4
13	84 5
13	83 5
13	85 5
13	79 25
13	84 6
13	84 7
13	83 7
13	85 7
13	79 24
13	84 8
13	84 9
13	83 9
13	85 9
13	79 32
13	84 10
13	84 11
13	83 11
13	85 11
13	79 29
13	84 12
13	84 13
13	83 13
13	85 13
13	79 27
13	84 14
13	84 15
13	83 15
13	85 15
13	79 26
13	84 16
13	84 17
13	83 17
13	85 17
13	79 28
13	84 18
13	84 19
13	83 19
13	85 19
13	79 35
13	84 20
13	84 1
13	84 2
13	83 2
13	85 2
13	79 28
13	84 3
13	84 4
13	83 4
13	85 4
13	79 24
13	84 5
13	84 6
13	83 6
13	85 6
13	79 35
13	84 7
13	84 8
13	84 9
13	84 10
13	83 10
13	85 10
13	79 31
13	84 11
13	84 12
13	83 12
13	85 12
13	79 25
13	84 13
13	84 14
13	83 14
13	85 14
13	79 36
13	84 15
13	84 16
13	83 16
13	85 16
13	79 29
13	84 17
13	84 18
13	84 19
13	84 20
13	83 20
13	85 20
13	79 32
13	84 1
13	84 2
13	83 2
13	85 2
13	79 30
13	84 3
13	84 4
13	83 4
13	85 4
13	79 31
13	84 5
13	84 6
13	83 6
13	85 6
13	79 30
13	84 7
13	84 8
13	83 8
13	85 8
13	79 30
13	84 9
13	84 10
13	83 10
13	85 10
13	79 25
13	84 11
13	84 12
13	83 12
13	85 12
13	79 27
13	84 13
13	84 14
13	83 14
13	85 14
13	79 29
13	84 15
13	84 16
13	83 16
13	85 16
13	79 27
13	84 17
13	84 18
13	83 18
13	85 18
13	79 31
13	84 19
13	84 20
13	83 20
13	85 20
13	79 32
13	84 1
13	84 2
13	83 2
13	85 2
13	79 27
13	84 3
13	84 4
13	83 4
13	85 4
13	79 26
13	84 5
13	84 6
13	83 6
13	85 6
13	79 31
13	84 7
13	84 8
13	83 8
13	85 8
13	79 24
13	84 9
13	84 10
13	83 10
13	85 10
13	79 29
13	84 11
13	84 12
13	83 12
13	85 12
13	79 24
13	84 13
13	84 14
13	83 14
13	85 14
13	79 29
13	84 15
13	84 16
13	83 16
13	85 16
13	79 31
13	84 17
13	84 18
13	83 18
13	85 18
13	79 31
13	84 19
13	84 20
13	83 20
13	85 20
13	79 27
13	84 1
13	84 2
13	83 2
13	85 2
13	79 26
13	84 3
13	84 4
13	83 4
13	85 4
13	79 28
13	84 5
13	84 6
13	84 7
13	84 8
13	83 8
13	85 8
13	79 29
13	84 9
13	84 10
13	83 10
13	85 10
13	79 29
13	84 11
13	84 12
13	83 12
13	85 12
13	79 31
13	84 13
13	84 14
13	83 14
13	85 14
13	79 28
13	84 15
13	84 16
13	83 16
13	85 16
13	79 29
13	84 17
13	84 18
13	83 18
13	85 18
13	79 25
13	84 19
13	84 20
13	83 20
13	85 20
13	79 34
13	84 1
13	84 2
13	83 2
13	85 2
13	79 25
13	84 3
13	84 4
13	83 4
13	85 4
13	79 25
13	84 5
13	84 6
13	83 6
13	85 6
13	79 29
13	84 7
13	84 8
13	83 8
13	85 8
13	79 31
13	84 9
13	84 10
13	83 10
13	85 10
13	79 30
13	84 11
13	84 12
13	83 12
13	85 12
13	79 27
13	84 13
13	84 14
13	83 14
13	85 14
13	79 31
13	84 15
13	84 16
13	83 16
13	85 16
13	79 34
13	84 17
13	84 18
13	83 18
13	85 18
13	79 28
13	84 19
13	84 20
13	83 20
13	85 20
13	79 26
13	84 1
13	84 2
13	83 2
13	85 2
13	79 27
13	84 3
13	84 4
13	83 4
13	85 4
13	79 27
13	84 5
13	84 6
13	83 6
13	85 6
13	79 34
13	84 7
13	84 8
13	83 8
13	85 8
13	79 26
13	84 9
13	84 10
13	TEST_NUMBER 5
13	SENT_TOTAL 250
13	RECEIVED_TOTAL 116
13	TIME_TOTAL 19682
13	RECEIVED_RADIO_1 116
13	RECEIVED_RADIO_2 0
13	SENT_RADIO_1 125
13	SENT_RADIO_2 125
13	RADIO_TIME_1 19763
13	RADIO_TIME_2 19763
13	RETRANSMISSIONS_1 0
13	RETRANSMISSIONS_2 0
13	DROPPED_1 0
13	DROPPED_2 0
13	MAX_QUEUE 1
13	DUPLICATED_1 0
13	DUPLICATED_2 0
13	EBUSY_RADIO_1 0
13	EBUSY_RADIO_2 0
13	83 0
13	85 10
13	86 5
13	84 1
13	84 2
13	83 2
13	85 2
13	79 30
13	84 3
13	84 4
13	83 4
13	85 4
13	79 26
13	84 5
13	84 6
13	83 6
13	85 6
13	79 29
13	84 7
13	84 8
13	83 8
13	85 8
13	79 32
13	84 9
13	84 10
13	83 10
13	85 10
13	79 28
13	84 11
13	84 12
13	83 12
13	85 12
13	79 33
13	84 13
13	84 14
13	83 14
13	85 14
13	79 30
13	84 15
13	84 16
13	83 16
13	85 16
13	79 32
13	84 17
13	84 18
13	83 18
13	85 18
13	79 27
13	84 19
13	84 20
13	83 20
13	85 20
13	79 33
13	84 1
13	84 2
13	83 2
13	85 2
13	79 27
13	84 3
13	84 4
13	84 5
13	84 6
13	83 6
13	85 6
13	79 26
13	84 7
13	84 8
13	83 8
13	85 8
13	79 32
13	84 9
13	84 10
13	83 10
13	85 10
13	79 25
13	84 11
13	84 12
13	83 12
13	85 12
13	79 27
13	84 13
13	84 14
13	83 14
13	85 14
13	79 28
13	84 15
13	84 16
13	83 16
13	85 16
13	79 32
13	84 17
13	84 18
13	83 18
13	85 18
13	79 28
13	84 19
13	84 20
13	83 20
13	85 20
13	79 31
13	84 1
13	84 2
13	83 2
13	85 2
13	79 25
13	84 3
13	84 4
13	83 4
13	85 4
13	79 32
13	84 5
13	84 6
13	83 6
13	85 6
13	79 30
13	84 7
13	84 8
13	84 9
13	84 10
13	83 10
13	85 10
13	79 29
13	84 11
13	84 12
13	83 12
13	85 12
13	79 28
13	84 13
13	84 14
13	83 14
13	85 14
13	79 31
13	84 15
13	84 16
13	83 16
13	85 16
13	79 22
13	84 17
13	84 18
13	83 18
13	85 18
13	79 27
13	84 19
13	84 20
13	83 20
13	85 20
13	79 24
13	84 1
13	84 2
13	83 2
13	85 2
13	79 33
13	84 3
13	84 4
13	83 4
13	85 4
13	79 32
13	84 5
13	84 6
13	83 6
13	85 6
13	79 28
13	84 7
13	84 8
13	83 8
13	85 8
13	79 32
13	84 9
13	84 10
13	83 10
13	85 10
13	79 24
13	84 11
13	84 12
13	83 12
13	85 12
13	79 28
13	84 13
13	84 14
13	83 14
13	85 14
13	79 36
13	84 15
13	84 16
13	83 16
13	85 16
13	79 27
13	84 17
13	84 18
13	83 18
13	85 18
13	79 29
13	84 19
13	84 20
13	83 20
13	85 20
13	79 27
13	84 1
13	84 2
13	83 2
13	85 2
13	79 25
13	84 3
13	84 4
13	83 4
13	85 4
13	79 29
13	84 5
13	84 6
13	83 6
13	85 6
13	79 26
13	84 7
13	84 8
13	84 9
13	84 10
13	83 10
13	85 10
13	79 32
13	84 11
13	84 12
13	84 13
13	84 14
13	83 14
13	85 14
13	79 30
13	84 15
13	84 16
13	83 16
13	85 16
13	79 23
13	84 17
13	84 18
13	83 18
13	85 18
13	79 27
13	84 19
13	84 20
13	83 20
13	85 20
13	79 32
13	84 1
13	84 2
13	83 2
13	85 2
13	79 24
13	84 3
13	84 4
13	83 4
13	85 4
13	79 33
13	84 5
13	84 6
13	83 6
13	85 6
13	79 27
13	84 7
13	84 8
13	83 8
13	85 8
13	79 31
13	84 9
13	84 10
13	83 10
13	85 10
13	79 36
13	84 11
13	84 12
13	83 12
13	85 12
13	79 23
13	84 13
13	84 14
13	83 14
13	85 14
13	79 23
13	84 15
13	84 16
13	83 16
13	85 16
13	79 30
13	84 17
13	84 18
13	83 18
13	85 18
13	79 25
13	84 19
13	84 20
13	83 20
13	85 20
13	79 30
13	84 1
13	84 2
13	83 2
13	85 2
13	79 32
13	84 3
13	84 4
13	83 4
13	85 4
13	79 27
13	84 5
13	84 6
13	83 6
13	85 6
13	79 35
13	84 7
13	84 8
13	83 8
13	85 8
13	79 31
13	84 9
13	84 10
13	83 10
13	85 10
13	79 34
13	84 11
13	84 12
13	83 12
13	85 12
13	79 29
13	84 13
13	84 14
13	83 14
13	85 14
13	79 28
13	84 15
13	84 16
13	83 16
13	85 16
13	79 24
13	84 17
13	84 18
13	83 18
13	85 18
13	79 30
13	84 19
13	84 20
13	83 20
13	85 20
13	79 27
13	84 1
13	84 2
13	83 2
13	85 2
13	79 27
13	84 3
13	84 4
13	83 4
13	85 4
13	79 31
13	84 5
13	84 6
13	83 6
13	85 6
13	79 28
13	84 7
13	84 8
13	83 8
13	85 8
13	79 29
13	84 9
13	84 10
13	83 10
13	85 10
13	79 33
13	84 11
13	84 12
13	83 12
13	85 12
13	79 31
13	84 13
13	84 14
13	83 14
13	85 14
13	79 30
13	84 15
13	84 16
13	83 16
13	85 16
13	79 30
13	84 17
13	84 18
13	83 18
13	85 18
13	79 25
13	84 19
13	84 20
13	83 20
13	85 20
13	79 30
13	84 1
13	84 2
13	83 2
13	85 2
13	79 28
13	84 3
13	84 4
13	83 4
13	85 4
13	79 26
13	84 5
13	84 6
13	83 6
13	85 6
13	79 29
13	84 7
13	84 8
13	83 8
13	85 8
13	79 30
13	84 9
13	84 10
13	83 10
13	85 10
13	79 29
13	84 11
13	84 12
13	83 12
13	85 12
13	79 30
13	84 13
13	84 14
13	83 14
13	85 14
13	79 32
13	84 15
13	84 16
13	83 16
13	85 16
13	79 32
13	84 17
13	84 18
13	84 19
13	84 20
13	83 20
13	85 20
13	79 28
13	84 1
13	84 2
13	83 2
13	85 2
13	79 25
13	84 3
13	84 4
13	83 4
13	85 4
13	79 25
13	84 5
13	84 6
13	84 7
13	84 8
13	83 8
13	85 8
13	79 26
13	84 9
13	84 10
13	83 10
13	85 10
13	79 28
13	84 11
13	84 12
13	83 12
13	85 12
13	79 32
13	84 13
13	84 14
13	83 14
13	85 14
13	79 24
13	84 15
13	84 16
13	83 16
13	85 16
13	79 30
13	84 17
13	84 18
13	84 19
13	84 20
13	83 20
13	85 20
13	79 29
13	84 1
13	84 2
13	83 2
13	85 2
13	79 31
13	84 3
13	84 4
13	83 4
13	85 4
13	79 30
13	84 5
13	84 6
13	83 6
13	85 6
13	79 29
13	84 7
13	84 8
13	83 8
13	85 8
13	79 24
13	84 9
13	84 10
13	83 10
13	85 10
13	79 30
13	84 11
13	84 12
13	83 12
13	85 12
13	79 28
13	84 13
13	84 14
13	83 14
13	85 14
13	79 27
13	84 15
13	84 16
13	83 16
13	85 16
13	79 33
13	84 17
13	84 18
13	83 18
13	85 18
13	79 29
13	84 19
13	84 20
13	83 20
13	85 20
13	79 29
13	84 1
13	84 2
13	83 2
13	85 2
13	79 28
13	84 3
13	84 4
13	83 4
13	85 4
13	79 25
13	84 5
13	84 6
13	83 6
13	85 6
13	79 33
13	84 7
13	84 8
13	83 8
13	85 8
13	79 26
13	84 9
13	84 10
13	83 10
13	85 10
13	79 29
13	84 11
13	84 12
13	83 12
13	85 12
13	79 29
13	84 13
13	84 14
13	83 14
13	85 14
13	79 32
13	84 15
13	84 16
13	83 16
13	85 16
13	79 27
13	84 17
13	84 18
13	83 18
13	85 18
13	79 25
13	84 19
13	84 20
13	83 20
13	85 20
13	79 30
13	84 1
13	84 2
13	83 2
13	85 2
13	79 30
13	84 3
13	84 4
13	83 4
13	85 4
13	79 28
13	84 5
13	84 6
13	83 6
13	85 6
13	79 25
13	84 7
13	84 8
13	83 8
13	85 8
13	79 26
13	84 9
13	84 10
13	TEST_NUMBER 6
13	SENT_TOTAL 250
13	RECEIVED_TOTAL 117
13	TIME_TOTAL 29717
13	RECEIVED_RADIO_1 118
13	RECEIVED_RADIO_2 0
13	SENT_RADIO_1 125
13	SENT_RADIO_2 125
13	RADIO_TIME_1 29771
13	RADIO_TIME_2 19763
13	RETRANSMISSIONS_1 0
13	RETRANSMISSIONS_2 0
13	DROPPED_1 0
13	DROPPED_2 0
13	MAX_QUEUE 1
13	DUPLICATED_1 0
13	DUPLICATED_2 0
13	EBUSY_RADIO_1 0
13	EBUSY_RADIO_2 0
13	83 0
13	85 10
13	86 6

14	RELAY_NODE 14
14	TEST_NUMBER 0
14	SENT_TOTAL 0
14	RECEIVED_TOTAL 0
14	TIME_TOTAL 0
14	RECEIVED_RADIO_1 114
14	RECEIVED_RADIO_2 116
14	SENT_RADIO_1 116
14	SENT_RADIO_2 114
14	RADIO_TIME_1 18660
14	RADIO_TIME_2 18660
14	RETRANSMISSIONS_1 0
14	RETRANSMISSIONS_2 0
14	DROPPED_1 0
14	DROPPED_2 0
14	MAX_QUEUE 1
14	DUPLICATED_1 0
14	DUPLICATED_2 0
14	EBUSY_RADIO_1 0
14	EBUSY_RADIO_2 0
14	TEST_NUMBER 1
14	SENT_TOTAL 0
14	RECEIVED_TOTAL 0
14	TIME_TOTAL 0
14	RECEIVED_RADIO_1 116
14	RECEIVED_RADIO_2 120
14	SENT_RADIO_1 120
14	SENT_RADIO_2 116
14	RADIO_TIME_1 29723
14	RADIO_TIME_2 29723
14	RETRANSMISSIONS_1 0
14	RETRANSMISSIONS_2 0
14	DROPPED_1 0
14	DROPPED_2 0
14	MAX_QUEUE 1
14	DUPLICATED_1 0
14	DUPLICATED_2 0
14	EBUSY_RADIO_1 0
14	EBUSY_RADIO_2 0
14	TEST_NUMBER 2
14	SENT_TOTAL 0
14	RECEIVED_TOTAL 0
14	TIME_TOTAL 0
14	RECEIVED_RADIO_1 121
14	RECEIVED_RADIO_2 123
14	SENT_RADIO_1 123
14	SENT_RADIO_2 121
14	RADIO_TIME_1 29786
14	RADIO_TIME_2 29786
14	RETRANSMISSIONS_1 0
14	RETRANSMISSIONS_2 0
14	DROPPED_1 0
14	DROPPED_2 0
14	MAX_QUEUE 1
14	DUPLICATED_1 0
14	DUPLICATED_2 0
14	EBUSY_RADIO_1 0
14	EBUSY_RADIO_2 0
14	TEST_NUMBER 3
14	SENT_TOTAL 0
14	RECEIVED_TOTAL 0
14	TIME_TOTAL 0
14	RECEIVED_RADIO_1 116
14	RECEIVED_RADIO_2 121
14	SENT_RADIO_1 121
14	SENT_RADIO_2 116
14	RADIO_TIME_1 29806
14	RADIO_TIME_2 29806
14	RETRANSMISSIONS_1 0
14	RETRANSMISSIONS_2 0
14	DROPPED_1 0
14	DROPPED_2 0
14	MAX_QUEUE 1
14	DUPLICATED_1 0
14	DUPLICATED_2 0
14	EBUSY_RADIO_1 0
14	EBUSY_RADIO_2 0
14	TEST_NUMBER 4
14	SENT_TOTAL 0
14	RECEIVED_TOTAL 0
14	TIME_TOTAL 0
14	RECEIVED_RADIO_1 121
14	RECEIVED_RADIO_2 123
14	SENT_RADIO_1 123
14	SENT_RADIO_2 121
14	RADIO_TIME_1 29738
14	RADIO_TIME_2 29738
14	RETRANSMISSIONS_1 0
14	RETRANSMISSIONS_2 0
14	DROPPED_1 0
14	DROPPED_2 0
14	MAX_QUEUE 1
14	DUPLICATED_1 0
14	DUPLICATED_2 0
14	EBUSY_RADIO_1 0
14	EBUSY_RADIO_2 0
14	TEST_NUMBER 5
14	SENT_TOTAL 0
14	RECEIVED_TOTAL 0
14	TIME_TOTAL 0
14	RECEIVED_RADIO_1 122
14	RECEIVED_RADIO_2 123
14	SENT_RADIO_1 123
14	SENT_RADIO_2 122
14	RADIO_TIME_1 29724
14	RADIO_TIME_2 29724
14	RETRANSMISSIONS_1 0
14	RETRANSMISSIONS_2 0
14	DROPPED_1 0
14	DROPPED_2 0
14	MAX_QUEUE 1
14	DUPLICATED_1 0
14	DUPLICATED_2 0
14	EBUSY_RADIO_1 0
14	EBUSY_RADIO_2 0
14	TEST_NUMBER 6
14	SENT_TOTAL 0
14	RECEIVED_TOTAL 0
14	TIME_TOTAL 0
14	RECEIVED_RADIO_1 125
14	RECEIVED_RADIO_2 125
14	SENT_RADIO_1 125
14	SENT_RADIO_2 125
14	RADIO_TIME_1 29792
14	RADIO_TIME_2 29792
14	RETRANSMISSIONS_1 0
14	RETRANSMISSIONS_2 0
14	DROPPED_1 0
14	DROPPED_2 0
14	MAX_QUEUE 1
14	DUPLICATED_1 0
14	DUPLICATED_2 0
14	EBUSY_RADIO_1 0
14	EBUSY_RADIO_2 0

15	RELAY_NODE 15
15	TEST_NUMBER 0
15	SENT_TOTAL 0
15	RECEIVED_TOTAL 0
15	TIME_TOTAL 0
15	RECEIVED_RADIO_1 0
15	RECEIVED_RADIO_2 125
15	SENT_RADIO_1 125
15	SENT_RADIO_2 0
15	RADIO_TIME_1 19767
15	RADIO_TIME_2 19767
15	RETRANSMISSIONS_1 0
15	RETRANSMISSIONS_2 0
15	DROPPED_1 0
15	DROPPED_2 0
15	MAX_QUEUE 1
15	DUPLICATED_1 0
15	DUPLICATED_2 0
15	EBUSY_RADIO_1 0
15	EBUSY_RADIO_2 0
15	TEST_NUMBER 1
15	SENT_TOTAL 0
15	RECEIVED_TOTAL 0
15	TIME_TOTAL 0
15	RECEIVED_RADIO_1 0
15	RECEIVED_RADIO_2 125
15	SENT_RADIO_1 125
15	SENT_RADIO_2 0
15	RADIO_TIME_1 19761
15	RADIO_TIME_2 19761
15	RETRANSMISSIONS_1 0
15	RETRANSMISSIONS_2 0
15	DROPPED_1 0
15	DROPPED_2 0
15	MAX_QUEUE 1
15	DUPLICATED_1 0
15	DUPLICATED_2 0
15	EBUSY_RADIO_1 0
15	EBUSY_RADIO_2 0
15	TEST_NUMBER 2
15	SENT_TOTAL 0
15	RECEIVED_TOTAL 0
15	TIME_TOTAL 0
15	RECEIVED_RADIO_1 0
15	RECEIVED_RADIO_2 125
15	SENT_RADIO_1 125
15	SENT_RADIO_2 0
15	RADIO_TIME_1 19764
15	RADIO_TIME_2 19765
15	RETRANSMISSIONS_1 0
15	RETRANSMISSIONS_2 0
15	DROPPED_1 0
15	DROPPED_2 0
15	MAX_QUEUE 1
15	DUPLICATED_1 0
15	DUPLICATED_2 0
15	EBUSY_RADIO_1 0
15	EBUSY_RADIO_2 0
15	TEST_NUMBER 3
15	SENT_TOTAL 0
15	RECEIVED_TOTAL 0
15	TIME_TOTAL 0
15	RECEIVED_RADIO_1 0
15	RECEIVED_RADIO_2 125
15	SENT_RADIO_1 125
15	SENT_RADIO_2 0
15	RADIO_TIME_1 19761
15	RADIO_TIME_2 19761
15	RETRANSMISSIONS_1 0
15	RETRANSMISSIONS_2 0
15	DROPPED_1 0
15	DROPPED_2 0
15	MAX_QUEUE 1
15	DUPLICATED_1 0
15	DUPLICATED_2 0
15	EBUSY_RADIO_1 0
15	EBUSY_RADIO_2 0
15	TEST_NUMBER 4
15	SENT_TOTAL 0
15	RECEIVED_TOTAL 0
15	TIME_TOTAL 0
15	RECEIVED_RADIO_1 0
15	RECEIVED_RADIO_2 125
15	SENT_RADIO_1 125
15	SENT_RADIO_2 0
15	RADIO_TIME_1 19766
15	RADIO_TIME_2 19766
15	RETRANSMISSIONS_1 0
15	RETRANSMISSIONS_2 0
15	DROPPED_1 0
15	DROPPED_2 0
15	MAX_QUEUE 1
15	DUPLICATED_1 0
15	DUPLICATED_2 0
15	EBUSY_RADIO_1 0
15	EBUSY_RADIO_2 0
15	TEST_NUMBER 5
15	SENT_TOTAL 0
15	RECEIVED_TOTAL 0
15	TIME_TOTAL 0
15	RECEIVED_RADIO_1 0
15	RECEIVED_RADIO_2 125
15	SENT_RADIO_1 125
15	SENT_RADIO_2 0
15	RADIO_TIME_1 19764
15	RADIO_TIME_2 19764
15	RETRANSMISSIONS_1 0
15	RETRANSMISSIONS_2 0
15	DROPPED_1 0
15	DROPPED_2 0
15	MAX_QUEUE 1
15	DUPLICATED_1 0
15	DUPLICATED_2 0
15	EBUSY_RADIO_1 0
15	EBUSY_RADIO_2 0
15	TEST_NUMBER 6
15	SENT_TOTAL 0
15	RECEIVED_TOTAL 0
15	TIME_TOTAL 0
15	RECEIVED_RADIO_1 0
15	RECEIVED_RADIO_2 125
15	SENT_RADIO_1 125
15	SENT_RADIO_2 0
15	RADIO_TIME_1 19764
15	RADIO_TIME_2 19764
15	RETRANSMISSIONS_1 0
15	RETRANSMISSIONS_2 0
15	DROPPED_1 0
15	DROPPED_2 0
15	MAX_QUEUE 1
15	DUPLICATED_1 0
15	DUPLICATED_2 0
15	EBUSY_RADIO_1 0
15	EBUSY_RADIO_2 0
