
6	DESTINATION_NODE 6
6	TEST_NUMBER 0
6	SENT_TOTAL 250
6	RECEIVED_TOTAL 250
6	TIME_TOTAL 19847
6	RECEIVED_RADIO_1 122
6	RECEIVED_RADIO_2 128
6	SENT_RADIO_1 119
6	SENT_RADIO_2 131
6	RADIO_TIME_1 19847
6	RADIO_TIME_2 19767
6	RETRANSMISSIONS_1 12
6	RETRANSMISSIONS_2 0
6	DROPPED_1 0
6	DROPPED_2 0
6	MAX_QUEUE 1
6	DUPLICATED_1 0
6	DUPLICATED_2 0
6	EBUSY_RADIO_1 0
6	EBUSY_RADIO_2 0
6	TEST_NUMBER 1
6	SENT_TOTAL 250
6	RECEIVED_TOTAL 250
6	TIME_TOTAL 19852
6	RECEIVED_RADIO_1 120
6	RECEIVED_RADIO_2 130
6	SENT_RADIO_1 122
6	SENT_RADIO_2 128
6	RADIO_TIME_1 19842
6	RADIO_TIME_2 19852
6	RETRANSMISSIONS_1 6
6	RETRANSMISSIONS_2 0
6	DROPPED_1 0
6	DROPPED_2 0
6	MAX_QUEUE 1
6	DUPLICATED_1 0
6	DUPLICATED_2 0
6	EBUSY_RADIO_1 0
6	EBUSY_RADIO_2 0
6	TEST_NUMBER 2
6	SENT_TOTAL 250
6	RECEIVED_TOTAL 250
6	TIME_TOTAL 19765
6	RECEIVED_RADIO_1 120
6	RECEIVED_RADIO_2 130
6	SENT_RADIO_1 123
6	SENT_RADIO_2 127
6	RADIO_TIME_1 19682
6	RADIO_TIME_2 19765
6	RETRANSMISSIONS_1 4
6	RETRANSMISSIONS_2 0
6	DROPPED_1 0
6	DROPPED_2 0
6	MAX_QUEUE 1
6	DUPLICATED_1 1
6	DUPLICATED_2 2
6	EBUSY_RADIO_1 0
6	EBUSY_RADIO_2 0
6	TEST_NUMBER 3
6	SENT_TOTAL 250
6	RECEIVED_TOTAL 250
6	TIME_TOTAL 19840
6	RECEIVED_RADIO_1 119
6	RECEIVED_RADIO_2 131
6	SENT_RADIO_1 122
6	SENT_RADIO_2 128
6	RADIO_TIME_1 19765
6	RADIO_TIME_2 19761
6	RETRANSMISSIONS_1 7
6	RETRANSMISSIONS_2 0
6	DROPPED_1 0
6	DROPPED_2 0
6	MAX_QUEUE 1
6	DUPLICATED_1 2
6	DUPLICATED_2 0
6	EBUSY_RADIO_1 0
6	EBUSY_RADIO_2 0
6	TEST_NUMBER 4
6	SENT_TOTAL 250
6	RECEIVED_TOTAL 250
6	TIME_TOTAL 19847
6	RECEIVED_RADIO_1 121
6	RECEIVED_RADIO_2 129
6	SENT_RADIO_1 119
6	SENT_RADIO_2 131
6	RADIO_TIME_1 19847
6	RADIO_TIME_2 19763
6	RETRANSMISSIONS_1 19
6	RETRANSMISSIONS_2 0
6	DROPPED_1 0
6	DROPPED_2 0
6	MAX_QUEUE 1
6	DUPLICATED_1 4
6	DUPLICATED_2 0
6	EBUSY_RADIO_1 0
6	EBUSY_RADIO_2 0
6	TEST_NUMBER 5
6	SENT_TOTAL 250
6	RECEIVED_TOTAL 250
6	TIME_TOTAL 19839
6	RECEIVED_RADIO_1 121
6	RECEIVED_RADIO_2 129
6	SENT_RADIO_1 120
6	SENT_RADIO_2 130
6	RADIO_TIME_1 19839
6	RADIO_TIME_2 19762
6	RETRANSMISSIONS_1 11
6	RETRANSMISSIONS_2 0
6	DROPPED_1 0
6	DROPPED_2 0
6	MAX_QUEUE 1
6	DUPLICATED_1 1
6	DUPLICATED_2 0
6	EBUSY_RADIO_1 0
6	EBUSY_RADIO_2 0
6	TEST_NUMBER 6
6	SENT_TOTAL 250
6	RECEIVED_TOTAL 250
6	TIME_TOTAL 19845
6	RECEIVED_RADIO_1 123
6	RECEIVED_RADIO_2 127
6	SENT_RADIO_1 120
6	SENT_RADIO_2 130
6	RADIO_TIME_1 19766
6	RADIO_TIME_2 19845
6	RETRANSMISSIONS_1 9
6	RETRANSMISSIONS_2 0
6	DROPPED_1 0
6	DROPPED_2 0
6	MAX_QUEUE 1
6	DUPLICATED_1 0
6	DUPLICATED_2 0
6	EBUSY_RADIO_1 0
6	EBUSY_RADIO_2 0

8	SOURCE_NODE 8
8	84 1
8	83 1
8	85 1
8	79 10
8	84 2
8	83 2
8	85 2
8	79 10
8	84 3
8	83 3
8	85 3
8	79 13
8	84 4
8	83 4
8	85 4
8	79 15
8	84 5
8	84 6
8	83 6
8	85 6
8	79 15
8	84 7
8	83 7
8	85 5
8	79 175
8	83 7
8	85 7
8	79 26
8	84 8
8	84 9
8	83 9
8	85 9
8	79 20
8	84 10
8	83 10
8	85 8
8	79 179
8	83 10
8	85 10
8	79 24
8	84 11
8	83 11
8	85 11
8	79 26
8	84 12
8	83 12
8	85 12
8	79 13
8	84 13
8	83 13
8	85 13
8	79 13
8	84 14
8	83 14
8	85 14
8	79 14
8	84 15
8	83 15
8	85 15
8	79 10
8	84 16
8	83 16
8	85 16
8	79 16
8	84 17
8	83 17
8	85 17
8	79 15
8	84 18
8	83 18
8	85 18
8	79 14
8	84 19
8	83 19
8	85 19
8	79 11
8	84 20
8	83 20
8	85 20
8	79 16
8	84 1
8	83 1
8	85 1
8	79 13
8	84 2
8	83 2
8	85 2
8	79 15
8	84 3
8	83 3
8	85 3
8	79 11
8	84 4
8	83 4
8	85 4
8	79 11
8	84 5
8	83 5
8	85 5
8	79 12
8	84 6
8	83 6
8	85 6
8	79 15
8	84 7
8	83 7
8	85 7
8	79 15
8	84 8
8	83 8
8	85 8
8	79 14
8	84 9
8	83 9
8	85 9
8	79 10
8	84 10
8	83 10
8	85 10
8	79 14
8	84 11
8	83 11
8	85 11
8	79 14
8	84 12
8	83 12
8	85 12
8	79 15
8	84 13
8	83 13
8	85 13
8	79 14
8	84 14
8	83 14
8	85 14
8	79 13
8	84 15
8	83 15
8	85 15
8	79 18
8	84 16
8	83 16
8	85 16
8	79 17
8	84 17
8	83 17
8	85 17
8	79 12
8	84 18
8	83 18
8	85 18
8	79 14
8	84 19
8	83 19
8	85 19
8	79 13
8	84 20
8	83 20
8	85 20
8	79 16
8	84 1
8	83 1
8	85 1
8	79 15
8	84 2
8	83 2
8	85 2
8	79 16
8	84 3
8	83 3
8	85 3
8	79 12
8	84 4
8	83 4
8	85 4
8	79 16
8	84 5
8	83 5
8	85 5
8	79 15
8	84 6
8	83 6
8	85 6
8	79 14
8	84 7
8	83 7
8	85 7
8	79 13
8	84 8
8	83 8
8	85 8
8	79 16
8	84 9
8	83 9
8	85 9
8	79 16
8	84 10
8	83 10
8	85 10
8	79 14
8	84 11
8	83 11
8	85 11
8	79 13
8	84 12
8	83 12
8	85 12
8	79 13
8	84 13
8	83 13
8	85 13
8	79 17
8	84 14
8	83 14
8	85 14
8	79 14
8	84 15
8	84 16
8	83 16
8	85 16
8	79 11
8	84 17
8	83 17
8	85 15
8	79 180
8	83 17
8	85 17
8	79 24
8	84 18
8	83 18
8	85 18
8	79 25
8	84 19
8	83 19
8	85 19
8	79 11
8	84 20
8	83 20
8	85 20
8	79 12
8	84 1
8	83 1
8	85 1
8	79 17
8	84 2
8	83 2
8	85 2
8	79 13
8	84 3
8	83 3
8	85 3
8	79 15
8	84 4
8	83 4
8	85 4
8	79 15
8	84 5
8	83 5
8	85 5
8	79 13
8	84 6
8	83 6
8	85 6
8	79 10
8	84 7
8	83 7
8	85 7
8	79 15
8	84 8
8	83 8
8	85 8
8	79 17
8	84 9
8	83 9
8	85 9
8	79 14
8	84 10
8	83 10
8	85 10
8	79 13
8	84 11
8	83 11
8	85 11
8	79 12
8	84 12
8	83 12
8	85 12
8	79 13
8	84 13
8	83 13
8	85 13
8	79 15
8	84 14
8	83 14
8	85 14
8	79 11
8	84 15
8	83 15
8	85 15
8	79 14
8	84 16
8	83 16
8	85 16
8	79 14
8	84 17
8	83 17
8	85 17
8	79 18
8	84 18
8	83 18
8	85 18
8	79 13
8	84 19
8	83 19
8	85 19
8	79 16
8	84 20
8	83 20
8	85 20
8	79 14
8	84 1
8	83 1
8	85 1
8	79 12
8	84 2
8	83 2
8	85 2
8	79 17
8	84 3
8	83 3
8	85 3
8	79 13
8	84 4
8	83 4
8	85 4
8	79 15
8	84 5
8	83 5
8	85 5
8	79 14
8	84 6
8	83 6
8	85 6
8	79 14
8	84 7
8	83 7
8	85 7
8	79 15
8	84 8
8	83 8
8	85 8
8	79 11
8	84 9
8	83 9
8	85 9
8	79 16
8	84 10
8	84 11
8	83 11
8	85 11
8	79 13
8	84 12
8	83 12
8	85 10
8	79 177
8	83 12
8	85 12
8	79 25
8	84 13
8	83 13
8	85 13
8	79 16
8	84 14
8	83 14
8	85 14
8	79 14
8	84 15
8	84 16
8	83 16
8	85 16
8	79 16
8	84 17
8	83 17
8	85 15
8	79 181
8	83 17
8	85 17
8	79 21
8	84 18
8	83 18
8	85 18
8	79 10
8	84 19
8	83 19
8	85 19
8	79 19
8	84 20
8	83 20
8	85 20
8	79 19
8	84 1
8	83 1
8	85 1
8	79 15
8	84 2
8	83 2
8	85 2
8	79 14
8	84 3
8	83 3
8	85 3
8	79 16
8	84 4
8	83 4
8	85 4
8	79 18
8	84 5
8	83 5
8	85 5
8	79 16
8	84 6
8	83 6
8	85 6
8	79 17
8	84 7
8	83 7
8	85 7
8	79 19
8	84 8
8	83 8
8	85 8
8	79 19
8	84 9
8	83 9
8	85 9
8	79 17
8	84 10
8	83 10
8	85 10
8	79 15
8	84 11
8	83 11
8	85 11
8	79 17
8	84 12
8	83 12
8	85 12
8	79 15
8	84 13
8	83 13
8	85 13
8	79 14
8	84 14
8	83 14
8	85 14
8	79 13
8	84 15
8	83 15
8	85 15
8	79 17
8	84 16
8	83 16
8	85 16
8	79 16
8	84 17
8	83 17
8	85 17
8	79 13
8	84 18
8	83 18
8	85 18
8	79 13
8	84 19
8	83 19
8	85 19
8	79 14
8	84 20
8	83 20
8	85 20
8	79 18
8	84 1
8	83 1
8	85 1
8	79 18
8	84 2
8	83 2
8	85 2
8	79 15
8	84 3
8	83 3
8	85 3
8	79 14
8	84 4
8	83 4
8	85 4
8	79 14
8	84 5
8	83 5
8	85 5
8	79 16
8	84 6
8	83 6
8	85 6
8	79 11
8	84 7
8	83 7
8	85 7
8	79 13
8	84 8
8	83 8
8	85 8
8	79 13
8	84 9
8	83 9
8	85 9
8	79 14
8	84 10
8	83 10
8	85 10
8	79 14
8	84 11
8	83 11
8	85 11
8	79 17
8	84 12
8	83 12
8	85 12
8	79 13
8	84 13
8	83 13
8	85 13
8	79 19
8	84 14
8	83 14
8	85 14
8	79 12
8	84 15
8	85 15
8	79 19
8	84 16
8	83 16
8	85 16
8	79 13
8	84 17
8	83 17
8	85 17
8	79 17
8	84 18
8	83 18
8	85 18
8	79 16
8	84 19
8	83 19
8	85 19
8	79 16
8	84 20
8	84 1
8	83 1
8	85 1
8	79 17
8	84 2
8	84 3
8	83 3
8	85 20
8	79 254
8	83 3
8	85 3
8	79 24
8	84 4
8	83 4
8	85 2
8	79 175
8	83 4
8	85 4
8	79 19
8	84 5
8	83 5
8	85 5
8	79 23
8	84 6
8	83 6
8	85 6
8	79 14
8	84 7
8	83 7
8	85 7
8	79 14
8	84 8
8	83 8
8	85 8
8	79 11
8	84 9
8	83 9
8	85 9
8	79 13
8	84 10
8	84 11
8	83 11
8	85 11
8	79 14
8	84 12
8	83 12
8	85 10
8	79 173
8	83 12
8	85 12
8	79 21
8	84 13
8	84 14
8	83 14
8	85 14
8	79 15
8	84 15
8	83 15
8	85 13
8	79 177
8	83 15
8	85 15
8	79 26
8	84 16
8	84 17
8	83 17
8	85 17
8	79 15
8	84 18
8	83 18
8	85 16
8	79 175
8	83 18
8	85 18
8	79 23
8	84 19
8	84 20
8	83 20
8	85 20
8	79 14
8	84 1
8	83 1
8	85 19
8	79 178
8	83 1
8	85 1
8	79 26
8	84 2
8	83 2
8	85 2
8	79 12
8	84 3
8	83 3
8	85 3
8	79 16
8	84 4
8	84 5
8	83 5
8	85 5
8	79 14
8	84 6
8	83 6
8	85 4
8	79 173
8	83 6
8	85 6
8	79 19
8	84 7
8	83 7
8	85 7
8	79 17
8	84 8
8	83 8
8	85 8
8	79 18
8	84 9
8	83 9
8	85 9
8	79 17
8	84 10
8	83 10
8	85 10
8	79 14
8	84 11
8	83 11
8	85 11
8	79 19
8	84 12
8	83 12
8	85 12
8	79 15
8	84 13
8	83 13
8	85 13
8	79 18
8	84 14
8	83 14
8	85 14
8	79 13
8	84 15
8	83 15
8	85 15
8	79 15
8	84 16
8	83 16
8	85 16
8	79 16
8	84 17
8	83 17
8	85 17
8	79 21
8	84 18
8	83 18
8	85 18
8	79 15
8	84 19
8	83 19
8	85 19
8	79 15
8	84 20
8	83 20
8	85 20
8	79 16
8	84 1
8	83 1
8	85 1
8	79 15
8	84 2
8	83 2
8	85 2
8	79 16
8	84 3
8	84 4
8	83 4
8	85 4
8	79 12
8	84 5
8	83 5
8	85 3
8	79 184
8	83 5
8	85 5
8	79 41
8	84 6
8	83 6
8	85 6
8	79 12
8	84 7
8	83 7
8	85 7
8	79 11
8	83 6
8	85 6
8	79 15
8	84 7
8	83 7
8	85 7
8	79 15
8	84 8
8	83 8
8	85 8
8	79 14
8	84 9
8	83 9
8	85 9
8	79 17
8	84 10
8	83 10
8	85 10
8	79 12
8	84 11
8	83 11
8	85 11
8	79 12
8	84 12
8	83 12
8	85 12
8	79 13
8	84 13
8	83 13
8	85 13
8	79 17
8	84 14
8	83 14
8	85 14
8	79 12
8	84 15
8	83 15
8	85 15
8	79 13
8	84 16
8	83 16
8	85 16
8	79 12
8	84 17
8	83 17
8	85 17
8	79 11
8	84 18
8	83 18
8	85 18
8	79 15
8	84 19
8	83 19
8	85 19
8	79 15
8	84 20
8	83 20
8	85 20
8	79 16
8	84 1
8	83 1
8	85 1
8	79 16
8	84 2
8	83 2
8	85 2
8	79 19
8	84 3
8	83 3
8	85 3
8	79 15
8	84 4
8	83 4
8	85 4
8	79 15
8	84 5
8	83 5
8	85 5
8	79 14
8	84 6
8	83 6
8	85 6
8	79 14
8	84 7
8	83 7
8	85 7
8	79 14
8	84 8
8	83 8
8	85 8
8	79 15
8	84 9
8	83 9
8	85 9
8	79 16
8	84 10
8	TEST_NUMBER 0
8	SENT_TOTAL 250
8	RECEIVED_TOTAL 249
8	TIME_TOTAL 19769
8	RECEIVED_RADIO_1 119
8	RECEIVED_RADIO_2 130
8	SENT_RADIO_1 121
8	SENT_RADIO_2 128
8	RADIO_TIME_1 19843
8	RADIO_TIME_2 19683
8	RETRANSMISSIONS_1 8
8	RETRANSMISSIONS_2 0
8	DROPPED_1 0
8	DROPPED_2 0
8	MAX_QUEUE 1
8	DUPLICATED_1 4
8	DUPLICATED_2 0
8	EBUSY_RADIO_1 0
8	EBUSY_RADIO_2 0
8	83 0
8	85 10
8	86 0
8	84 1
8	83 1
8	85 1
8	79 15
8	84 2
8	83 2
8	85 2
8	79 14
8	84 3
8	83 3
8	85 3
8	79 14
8	84 4
8	83 4
8	85 4
8	79 13
8	84 5
8	83 5
8	85 5
8	79 10
8	84 6
8	83 6
8	85 6
8	79 14
8	84 7
8	83 7
8	85 7
8	79 13
8	84 8
8	83 8
8	85 8
8	79 14
8	84 9
8	83 9
8	85 9
8	79 15
8	84 10
8	83 10
8	85 10
8	79 15
8	84 11
8	83 11
8	85 11
8	79 14
8	84 12
8	83 12
8	85 12
8	79 14
8	84 13
8	83 13
8	85 13
8	79 12
8	84 14
8	83 14
8	85 14
8	79 10
8	84 15
8	83 15
8	85 15
8	79 15
8	84 16
8	83 16
8	85 16
8	79 14
8	84 17
8	83 17
8	85 17
8	79 10
8	84 18
8	83 18
8	85 18
8	79 13
8	84 19
8	83 19
8	85 19
8	79 16
8	84 20
8	83 20
8	85 20
8	79 14
8	84 1
8	83 1
8	85 1
8	79 13
8	84 2
8	83 2
8	85 2
8	79 16
8	84 3
8	83 3
8	85 3
8	79 12
8	84 4
8	83 4
8	85 4
8	79 14
8	84 5
8	83 5
8	85 5
8	79 17
8	84 6
8	83 6
8	85 6
8	79 15
8	84 7
8	83 7
8	85 7
8	79 11
8	84 8
8	83 8
8	85 8
8	79 14
8	84 9
8	83 9
8	85 9
8	79 14
8	84 10
8	83 10
8	85 10
8	79 10
8	84 11
8	83 11
8	85 11
8	79 16
8	84 12
8	83 12
8	85 12
8	79 15
8	84 13
8	83 13
8	85 13
8	79 16
8	84 14
8	84 15
8	83 15
8	85 15
8	79 15
8	84 16
8	83 16
8	85 14
8	79 172
8	83 16
8	85 16
8	79 25
8	84 17
8	83 17
8	85 17
8	79 12
8	84 18
8	83 18
8	85 18
8	79 16
8	84 19
8	84 20
8	83 20
8	85 20
8	79 15
8	84 1
8	83 1
8	85 19
8	79 175
8	83 1
8	85 1
8	79 28
8	84 2
8	83 2
8	85 2
8	79 15
8	84 3
8	83 3
8	85 3
8	79 13
8	84 4
8	83 4
8	85 4
8	79 14
8	84 5
8	83 5
8	85 5
8	79 13
8	84 6
8	83 6
8	85 6
8	79 13
8	84 7
8	83 7
8	85 7
8	79 12
8	84 8
8	83 8
8	85 8
8	79 14
8	84 9
8	83 9
8	85 9
8	79 16
8	84 10
8	83 10
8	85 10
8	79 17
8	84 11
8	83 11
8	85 11
8	79 14
8	84 12
8	83 12
8	85 12
8	79 15
8	84 13
8	83 13
8	85 13
8	79 16
8	84 14
8	83 14
8	85 14
8	79 11
8	84 15
8	83 15
8	85 15
8	79 15
8	84 16
8	83 16
8	85 16
8	79 11
8	84 17
8	83 17
8	85 17
8	79 12
8	84 18
8	83 18
8	85 18
8	79 16
8	84 19
8	83 19
8	85 19
8	79 15
8	84 20
8	83 20
8	85 20
8	79 11
8	84 1
8	83 1
8	85 1
8	79 12
8	84 2
8	83 2
8	85 2
8	79 10
8	84 3
8	83 3
8	85 3
8	79 17
8	84 4
8	83 4
8	85 4
8	79 13
8	84 5
8	83 5
8	85 5
8	79 10
8	84 6
8	83 6
8	85 6
8	79 14
8	84 7
8	83 7
8	85 7
8	79 10
8	84 8
8	83 8
8	85 8
8	79 13
8	84 9
8	83 9
8	85 9
8	79 13
8	84 10
8	83 10
8	85 10
8	79 15
8	84 11
8	83 11
8	85 11
8	79 10
8	84 12
8	83 12
8	85 12
8	79 11
8	84 13
8	83 13
8	85 13
8	79 16
8	84 14
8	83 14
8	85 14
8	79 10
8	84 15
8	83 15
8	85 15
8	79 15
8	84 16
8	83 16
8	85 16
8	79 14
8	84 17
8	83 17
8	85 17
8	79 12
8	84 18
8	83 18
8	85 18
8	79 11
8	84 19
8	83 19
8	85 19
8	79 12
8	84 20
8	83 20
8	85 20
8	79 14
8	84 1
8	83 1
8	85 1
8	79 14
8	84 2
8	83 2
8	85 2
8	79 13
8	84 3
8	83 3
8	85 3
8	79 12
8	84 4
8	83 4
8	85 4
8	79 12
8	84 5
8	83 5
8	85 5
8	79 13
8	84 6
8	83 6
8	85 6
8	79 17
8	84 7
8	83 7
8	85 7
8	79 14
8	84 8
8	83 8
8	85 8
8	79 15
8	84 9
8	83 9
8	85 9
8	79 16
8	84 10
8	83 10
8	85 10
8	79 15
8	84 11
8	83 11
8	85 11
8	79 13
8	84 12
8	83 12
8	85 12
8	79 14
8	84 13
8	83 13
8	85 13
8	79 12
8	84 14
8	83 14
8	85 14
8	79 10
8	84 15
8	83 15
8	85 15
8	79 14
8	84 16
8	83 16
8	85 16
8	79 13
8	84 17
8	83 17
8	85 17
8	79 13
8	84 18
8	83 18
8	85 18
8	79 12
8	84 19
8	83 19
8	85 19
8	79 10
8	84 20
8	83 20
8	85 20
8	79 15
8	84 1
8	83 1
8	85 1
8	79 14
8	84 2
8	83 2
8	85 2
8	79 12
8	84 3
8	83 3
8	85 3
8	79 14
8	84 4
8	84 5
8	83 5
8	85 5
8	79 16
8	84 6
8	83 6
8	85 4
8	79 173
8	83 6
8	85 6
8	79 18
8	84 7
8	84 8
8	83 8
8	85 8
8	79 11
8	84 9
8	83 9
8	85 7
8	79 171
8	83 9
8	85 9
8	79 24
8	84 10
8	83 10
8	85 10
8	79 17
8	84 11
8	83 11
8	85 11
8	79 12
8	84 12
8	83 12
8	85 12
8	79 11
8	84 13
8	83 13
8	85 13
8	79 12
8	84 14
8	83 14
8	85 14
8	79 16
8	84 15
8	83 15
8	85 15
8	79 12
8	84 16
8	83 16
8	85 16
8	79 16
8	84 17
8	83 17
8	85 17
8	79 14
8	84 18
8	83 18
8	85 18
8	79 13
8	84 19
8	83 19
8	85 19
8	79 14
8	84 20
8	83 20
8	85 20
8	79 11
8	84 1
8	83 1
8	85 1
8	79 10
8	84 2
8	83 2
8	85 2
8	79 15
8	84 3
8	83 3
8	85 3
8	79 12
8	84 4
8	83 4
8	85 4
8	79 16
8	84 5
8	83 5
8	85 5
8	79 13
8	84 6
8	83 6
8	85 6
8	79 14
8	84 7
8	83 7
8	85 7
8	79 13
8	84 8
8	83 8
8	85 8
8	79 15
8	84 9
8	83 9
8	85 9
8	79 16
8	84 10
8	83 10
8	85 10
8	79 13
8	84 11
8	83 11
8	85 11
8	79 18
8	84 12
8	83 12
8	85 12
8	79 13
8	84 13
8	83 13
8	85 13
8	79 21
8	84 14
8	83 14
8	85 14
8	79 15
8	84 15
8	83 15
8	85 15
8	79 16
8	84 16
8	83 16
8	85 16
8	79 14
8	84 17
8	83 17
8	85 17
8	79 15
8	84 18
8	83 18
8	85 18
8	79 16
8	84 19
8	83 19
8	85 19
8	79 17
8	84 20
8	83 20
8	85 20
8	79 13
8	84 1
8	83 1
8	85 1
8	79 13
8	84 2
8	83 2
8	85 2
8	79 11
8	84 3
8	83 3
8	85 3
8	79 16
8	84 4
8	83 4
8	85 4
8	79 12
8	84 5
8	83 5
8	85 5
8	79 14
8	84 6
8	83 6
8	85 6
8	79 12
8	84 7
8	83 7
8	85 7
8	79 14
8	84 8
8	83 8
8	85 8
8	79 17
8	84 9
8	83 9
8	85 9
8	79 18
8	84 10
8	83 10
8	85 10
8	79 12
8	84 11
8	83 11
8	85 11
8	79 16
8	84 12
8	83 12
8	85 12
8	79 19
8	84 13
8	83 13
8	85 13
8	79 12
8	84 14
8	84 15
8	83 15
8	85 15
8	79 18
8	84 16
8	83 16
8	85 14
8	79 178
8	83 16
8	85 16
8	79 24
8	84 17
8	83 17
8	85 17
8	79 13
8	84 18
8	83 18
8	85 18
8	79 11
8	84 19
8	83 19
8	85 19
8	79 18
8	84 20
8	84 1
8	83 1
8	85 1
8	79 16
8	84 2
8	83 2
8	85 20
8	79 175
8	83 2
8	85 2
8	79 20
8	84 3
8	84 4
8	83 4
8	85 4
8	79 27
8	84 5
8	83 5
8	85 3
8	79 174
8	83 5
8	85 5
8	79 19
8	84 6
8	83 6
8	85 6
8	79 22
8	84 7
8	83 7
8	85 7
8	79 17
8	84 8
8	84 7
8	83 7
8	85 7
8	79 12
8	84 8
8	83 8
8	85 8
8	79 17
8	84 9
8	83 9
8	85 9
8	79 11
8	84 10
8	83 10
8	85 10
8	79 12
8	84 11
8	83 11
8	85 11
8	79 15
8	84 12
8	83 12
8	85 12
8	79 12
8	84 13
8	83 13
8	85 13
8	79 13
8	84 14
8	84 15
8	83 15
8	85 15
8	79 16
8	84 16
8	83 16
8	85 14
8	79 172
8	83 16
8	85 16
8	79 22
8	84 17
8	84 18
8	83 18
8	85 18
8	79 11
8	84 19
8	83 19
8	85 17
8	79 175
8	83 19
8	85 19
8	79 29
8	84 20
8	83 20
8	85 20
8	79 11
8	84 1
8	83 1
8	85 1
8	79 12
8	84 2
8	83 2
8	85 2
8	79 13
8	84 3
8	83 3
8	85 3
8	79 13
8	84 4
8	83 4
8	85 4
8	79 13
8	84 5
8	83 5
8	85 5
8	79 12
8	84 6
8	83 6
8	85 6
8	79 10
8	84 7
8	83 7
8	85 7
8	79 15
8	84 8
8	83 8
8	85 8
8	79 15
8	84 9
8	83 9
8	85 9
8	79 15
8	84 10
8	83 10
8	85 10
8	79 12
8	84 11
8	83 11
8	85 11
8	79 15
8	84 12
8	83 12
8	85 12
8	79 12
8	84 13
8	83 13
8	85 13
8	79 15
8	84 14
8	83 14
8	85 14
8	79 15
8	84 15
8	83 15
8	85 15
8	79 12
8	84 16
8	83 16
8	85 16
8	79 10
8	84 17
8	83 17
8	85 17
8	79 14
8	84 18
8	83 18
8	85 18
8	79 17
8	84 19
8	83 19
8	85 19
8	79 15
8	84 20
8	83 20
8	85 20
8	79 17
8	84 1
8	83 1
8	85 1
8	79 15
8	84 2
8	83 2
8	85 2
8	79 12
8	84 3
8	83 3
8	85 3
8	79 12
8	84 4
8	83 4
8	85 4
8	79 12
8	84 5
8	83 5
8	85 5
8	79 15
8	84 6
8	83 6
8	85 6
8	79 15
8	84 7
8	83 7
8	85 7
8	79 14
8	84 8
8	84 9
8	83 9
8	85 9
8	79 15
8	84 10
8	TEST_NUMBER 1
8	SENT_TOTAL 250
8	RECEIVED_TOTAL 248
8	TIME_TOTAL 29805
8	RECEIVED_RADIO_1 121
8	RECEIVED_RADIO_2 128
8	SENT_RADIO_1 120
8	SENT_RADIO_2 129
8	RADIO_TIME_1 19828
8	RADIO_TIME_2 29805
8	RETRANSMISSIONS_1 9
8	RETRANSMISSIONS_2 0
8	DROPPED_1 0
8	DROPPED_2 0
8	MAX_QUEUE 1
8	DUPLICATED_1 3
8	DUPLICATED_2 0
8	EBUSY_RADIO_1 0
8	EBUSY_RADIO_2 0
8	83 0
8	85 8
8	86 1
8	83 0
8	85 10
8	86 1
8	84 1
8	84 2
8	83 2
8	85 2
8	79 11
8	84 3
8	83 3
8	85 1
8	79 172
8	83 3
8	85 3
8	79 24
8	84 4
8	83 4
8	85 4
8	79 15
8	84 5
8	83 5
8	85 5
8	79 14
8	84 6
8	83 6
8	85 6
8	79 11
8	84 7
8	83 7
8	85 7
8	79 13
8	84 8
8	83 8
8	85 8
8	79 14
8	84 9
8	83 9
8	85 9
8	79 14
8	84 10
8	83 10
8	85 10
8	79 13
8	84 11
8	83 11
8	85 11
8	79 17
8	84 12
8	83 12
8	85 12
8	79 12
8	84 13
8	83 13
8	85 13
8	79 16
8	84 14
8	83 14
8	85 14
8	79 14
8	84 15
8	83 15
8	85 15
8	79 15
8	84 16
8	83 16
8	85 16
8	79 17
8	84 17
8	83 17
8	85 17
8	79 10
8	84 18
8	83 18
8	85 18
8	79 11
8	84 19
8	83 19
8	85 19
8	79 12
8	84 20
8	83 20
8	85 20
8	79 12
8	84 1
8	83 1
8	85 1
8	79 11
8	84 2
8	83 2
8	85 2
8	79 17
8	84 3
8	83 3
8	85 3
8	79 18
8	84 4
8	83 4
8	85 4
8	79 17
8	84 5
8	83 5
8	85 5
8	79 10
8	84 6
8	83 6
8	85 6
8	79 14
8	84 7
8	83 7
8	85 7
8	79 12
8	84 8
8	83 8
8	85 8
8	79 11
8	84 9
8	83 9
8	85 9
8	79 15
8	84 10
8	83 10
8	85 10
8	79 15
8	84 11
8	83 11
8	85 11
8	79 14
8	84 12
8	83 12
8	85 12
8	79 14
8	84 13
8	83 13
8	85 13
8	79 17
8	84 14
8	83 14
8	85 14
8	79 15
8	84 15
8	83 15
8	85 15
8	79 13
8	84 16
8	83 16
8	85 16
8	79 13
8	84 17
8	83 17
8	85 17
8	79 14
8	84 18
8	83 18
8	85 18
8	79 13
8	84 19
8	83 19
8	85 19
8	79 12
8	84 20
8	83 20
8	85 20
8	79 14
8	84 1
8	83 1
8	85 1
8	79 13
8	84 2
8	83 2
8	85 2
8	79 13
8	84 3
8	83 3
8	85 3
8	79 13
8	84 4
8	84 5
8	83 5
8	85 5
8	79 17
8	84 6
8	83 6
8	85 4
8	79 177
8	83 6
8	85 6
8	79 26
8	84 7
8	83 7
8	85 7
8	79 12
8	84 8
8	83 8
8	85 8
8	79 16
8	84 9
8	83 9
8	85 9
8	79 17
8	84 10
8	83 10
8	85 10
8	79 16
8	84 11
8	83 11
8	85 11
8	79 20
8	84 12
8	83 12
8	85 12
8	79 13
8	84 13
8	83 13
8	85 13
8	79 13
8	84 14
8	83 14
8	85 14
8	79 13
8	84 15
8	83 15
8	85 15
8	79 15
8	84 16
8	83 16
8	85 16
8	79 14
8	84 17
8	83 17
8	85 17
8	79 18
8	84 18
8	83 18
8	85 18
8	79 16
8	84 19
8	83 19
8	85 19
8	79 19
8	84 20
8	83 20
8	85 20
8	79 15
8	84 1
8	83 1
8	85 1
8	79 17
8	84 2
8	83 2
8	85 2
8	79 12
8	84 3
8	83 3
8	85 3
8	79 15
8	84 4
8	83 4
8	85 4
8	79 17
8	84 5
8	83 5
8	85 5
8	79 13
8	84 6
8	83 6
8	85 6
8	79 19
8	84 7
8	83 7
8	85 7
8	79 13
8	84 8
8	83 8
8	85 8
8	79 16
8	84 9
8	83 9
8	85 9
8	79 16
8	84 10
8	83 10
8	85 10
8	79 15
8	84 11
8	83 11
8	85 11
8	79 17
8	84 12
8	83 12
8	85 12
8	79 15
8	84 13
8	83 13
8	85 13
8	79 19
8	84 14
8	83 14
8	85 14
8	79 12
8	84 15
8	83 15
8	85 15
8	79 16
8	84 16
8	83 16
8	85 16
8	79 18
8	84 17
8	83 17
8	85 17
8	79 14
8	84 18
8	83 18
8	85 18
8	79 16
8	84 19
8	83 19
8	85 19
8	79 13
8	84 20
8	83 20
8	85 20
8	79 17
8	84 1
8	83 1
8	85 1
8	79 14
8	84 2
8	83 2
8	85 2
8	79 12
8	84 3
8	83 3
8	85 3
8	79 14
8	84 4
8	83 4
8	85 4
8	79 15
8	84 5
8	83 5
8	85 5
8	79 17
8	84 6
8	83 6
8	85 6
8	79 18
8	84 7
8	83 7
8	85 7
8	79 17
8	84 8
8	83 8
8	85 8
8	79 12
8	84 9
8	83 9
8	85 9
8	79 17
8	84 10
8	83 10
8	85 10
8	79 11
8	84 11
8	84 12
8	83 12
8	85 12
8	79 12
8	84 13
8	83 13
8	85 11
8	79 173
8	85 13
8	79 29
8	84 14
8	83 14
8	85 14
8	79 11
8	84 15
8	83 15
8	85 15
8	79 17
8	84 16
8	84 17
8	83 17
8	85 17
8	79 13
8	84 18
8	83 18
8	85 16
8	79 173
8	83 18
8	85 18
8	79 22
8	84 19
8	83 19
8	85 19
8	79 13
8	84 20
8	83 20
8	85 20
8	79 20
8	84 1
8	83 1
8	85 1
8	79 11
8	84 2
8	83 2
8	85 2
8	79 17
8	84 3
8	83 3
8	85 3
8	79 15
8	84 4
8	83 4
8	85 4
8	79 14
8	84 5
8	83 5
8	85 5
8	79 15
8	84 6
8	83 6
8	85 6
8	79 14
8	84 7
8	83 7
8	85 7
8	79 13
8	84 8
8	83 8
8	85 8
8	79 17
8	84 9
8	83 9
8	85 9
8	79 12
8	84 10
8	83 10
8	85 10
8	79 16
8	84 11
8	83 11
8	85 11
8	79 17
8	84 12
8	83 12
8	85 12
8	79 13
8	84 13
8	83 13
8	85 13
8	79 15
8	84 14
8	83 14
8	85 14
8	79 14
8	84 15
8	83 15
8	85 15
8	79 14
8	84 16
8	83 16
8	85 16
8	79 14
8	84 17
8	83 17
8	85 17
8	79 16
8	84 18
8	83 18
8	85 18
8	79 13
8	84 19
8	83 19
8	85 19
8	79 15
8	84 20
8	83 20
8	85 20
8	79 12
8	84 1
8	83 1
8	85 1
8	79 12
8	84 2
8	83 2
8	85 2
8	79 17
8	84 3
8	83 3
8	85 3
8	79 16
8	84 4
8	84 5
8	83 5
8	85 5
8	79 17
8	84 6
8	83 6
8	85 4
8	79 180
8	83 6
8	85 6
8	79 29
8	84 7
8	84 8
8	83 8
8	85 7
8	79 101
8	83 8
8	85 8
8	79 28
8	84 9
8	83 9
8	85 9
8	79 24
8	84 10
8	83 10
8	85 10
8	79 16
8	84 11
8	83 11
8	85 11
8	79 13
8	84 12
8	83 12
8	85 12
8	79 13
8	84 13
8	83 13
8	85 13
8	79 13
8	84 14
8	83 14
8	85 14
8	79 13
8	84 15
8	84 16
8	83 16
8	85 16
8	79 15
8	84 17
8	83 17
8	85 15
8	79 178
8	83 17
8	85 17
8	79 24
8	84 18
8	83 18
8	85 18
8	79 18
8	84 19
8	83 19
8	85 19
8	79 12
8	84 20
8	83 20
8	85 20
8	79 16
8	84 1
8	83 1
8	85 1
8	79 10
8	84 2
8	83 2
8	85 2
8	79 14
8	84 3
8	83 3
8	85 3
8	79 18
8	84 4
8	83 4
8	85 4
8	79 13
8	84 5
8	83 5
8	85 5
8	79 14
8	84 3
8	84 4
8	83 4
8	85 4
8	79 11
8	84 5
8	83 5
8	85 3
8	79 174
8	83 5
8	85 5
8	79 27
8	84 6
8	83 6
8	85 6
8	79 14
8	84 7
8	83 7
8	85 7
8	79 11
8	84 8
8	83 8
8	85 8
8	79 13
8	84 9
8	83 9
8	85 9
8	79 10
8	84 10
8	85 10
8	79 15
8	84 11
8	83 11
8	85 11
8	79 14
8	84 12
8	83 12
8	85 12
8	79 14
8	84 13
8	83 13
8	85 13
8	79 12
8	84 14
8	83 14
8	85 14
8	79 12
8	84 15
8	83 15
8	85 15
8	79 13
8	84 16
8	83 16
8	85 16
8	79 14
8	84 17
8	83 17
8	85 17
8	79 11
8	84 18
8	83 18
8	85 18
8	79 15
8	84 19
8	83 19
8	85 19
8	79 14
8	84 20
8	83 20
8	85 20
8	79 11
8	84 1
8	83 1
8	85 1
8	79 18
8	84 2
8	83 2
8	85 2
8	79 13
8	84 3
8	83 3
8	85 3
8	79 14
8	84 4
8	83 4
8	85 4
8	79 15
8	84 5
8	83 5
8	85 5
8	79 15
8	84 6
8	83 6
8	85 6
8	79 15
8	84 7
8	83 7
8	85 7
8	79 11
8	84 8
8	83 8
8	85 8
8	79 16
8	84 9
8	83 9
8	85 9
8	79 14
8	84 10
8	84 11
8	83 11
8	85 11
8	79 16
8	84 12
8	83 12
8	85 12
8	79 25
8	84 13
8	83 13
8	85 10
8	79 255
8	83 13
8	85 13
8	79 23
8	84 14
8	83 14
8	85 14
8	79 13
8	84 15
8	83 15
8	85 15
8	79 12
8	84 16
8	83 16
8	85 16
8	79 13
8	84 17
8	83 17
8	85 17
8	79 14
8	84 18
8	83 18
8	85 18
8	79 16
8	84 19
8	83 19
8	85 19
8	79 15
8	84 20
8	83 20
8	85 20
8	79 14
8	84 1
8	83 1
8	85 1
8	79 23
8	84 2
8	83 2
8	85 2
8	79 16
8	84 3
8	83 3
8	85 3
8	79 18
8	84 4
8	83 4
8	85 4
8	79 16
8	84 5
8	83 5
8	85 5
8	79 11
8	84 6
8	83 6
8	85 6
8	79 16
8	84 7
8	83 7
8	85 7
8	79 15
8	84 8
8	83 8
8	85 8
8	79 15
8	84 9
8	83 9
8	85 9
8	79 14
8	84 10
8	83 10
8	85 10
8	79 16
8	84 11
8	83 11
8	85 11
8	79 14
8	84 12
8	83 12
8	85 12
8	79 18
8	84 13
8	83 13
8	85 13
8	79 15
8	84 14
8	83 14
8	85 14
8	79 14
8	84 15
8	83 15
8	85 15
8	79 17
8	84 16
8	83 16
8	85 16
8	79 13
8	84 17
8	83 17
8	85 17
8	79 17
8	84 18
8	84 19
8	83 19
8	85 19
8	79 14
8	84 20
8	83 20
8	85 18
8	79 174
8	84 1
8	83 1
8	85 1
8	79 15
8	84 2
8	83 2
8	85 20
8	79 175
8	83 2
8	85 2
8	79 23
8	84 1
8	83 1
8	85 1
8	79 17
8	84 2
8	83 2
8	85 2
8	79 16
8	84 3
8	83 3
8	85 3
8	79 12
8	84 4
8	83 4
8	85 4
8	79 12
8	84 5
8	83 5
8	85 5
8	79 12
8	84 6
8	83 6
8	85 6
8	79 15
8	84 7
8	83 7
8	85 7
8	79 17
8	84 8
8	83 8
8	85 8
8	79 16
8	84 9
8	83 9
8	85 9
8	79 15
8	84 10
8	83 10
8	85 10
8	79 12
8	84 11
8	83 11
8	85 11
8	79 19
8	84 12
8	83 12
8	85 12
8	79 11
8	84 13
8	84 14
8	83 14
8	85 14
8	79 11
8	84 15
8	83 15
8	85 13
8	79 178
8	83 15
8	85 15
8	79 19
8	84 16
8	83 16
8	85 16
8	79 12
8	84 17
8	83 17
8	85 17
8	79 14
8	84 18
8	83 18
8	85 18
8	79 16
8	84 19
8	83 19
8	85 19
8	79 17
8	84 20
8	83 20
8	85 20
8	79 12
8	84 1
8	83 1
8	85 1
8	79 18
8	84 2
8	83 2
8	85 2
8	79 17
8	84 3
8	83 3
8	85 3
8	79 15
8	84 4
8	83 4
8	85 4
8	79 13
8	84 5
8	83 5
8	85 5
8	79 12
8	84 6
8	83 6
8	85 6
8	79 15
8	84 7
8	83 7
8	85 7
8	79 16
8	84 8
8	83 8
8	85 8
8	79 11
8	84 9
8	83 9
8	85 9
8	79 13
8	84 10
8	83 10
8	85 10
8	79 15
8	84 11
8	83 11
8	85 11
8	79 13
8	84 12
8	83 12
8	85 12
8	79 13
8	84 13
8	83 13
8	85 13
8	79 13
8	84 14
8	83 14
8	85 14
8	79 15
8	84 15
8	83 15
8	85 15
8	79 14
8	84 16
8	83 16
8	85 16
8	79 15
8	84 17
8	83 17
8	85 17
8	79 12
8	84 18
8	83 18
8	85 18
8	79 15
8	84 19
8	83 19
8	85 19
8	79 15
8	84 20
8	83 20
8	85 20
8	79 11
8	84 1
8	83 1
8	85 1
8	79 14
8	84 2
8	83 2
8	85 2
8	79 16
8	84 3
8	83 3
8	85 3
8	79 12
8	84 4
8	83 4
8	85 4
8	79 14
8	84 5
8	83 5
8	85 5
8	79 16
8	84 6
8	83 6
8	85 6
8	79 14
8	84 7
8	83 7
8	85 7
8	79 14
8	84 8
8	83 8
8	85 8
8	79 16
8	84 9
8	83 9
8	85 9
8	79 16
8	84 10
8	83 10
8	85 10
8	79 11
8	84 11
8	83 11
8	85 11
8	79 10
8	84 12
8	84 13
8	83 13
8	85 13
8	79 12
8	84 14
8	83 14
8	85 12
8	79 175
8	83 14
8	85 14
8	79 21
8	84 15
8	83 15
8	85 15
8	79 18
8	84 16
8	83 16
8	85 16
8	79 18
8	84 17
8	83 17
8	85 17
8	79 18
8	84 18
8	83 18
8	85 18
8	79 18
8	84 19
8	83 19
8	85 19
8	79 18
8	84 20
8	83 20
8	85 20
8	79 14
8	84 1
8	83 1
8	85 1
8	79 14
8	84 2
8	83 2
8	85 2
8	79 18
8	84 3
8	83 3
8	85 3
8	79 12
8	84 4
8	83 4
8	85 4
8	79 15
8	84 5
8	83 5
8	85 5
8	79 13
8	84 6
8	83 6
8	85 6
8	79 16
8	84 7
8	83 7
8	85 7
8	79 15
8	84 8
8	83 8
8	85 8
8	79 18
8	84 9
8	83 9
8	85 9
8	79 18
8	84 10
8	83 10
8	85 10
8	79 15
8	84 11
8	83 11
8	85 11
8	79 18
8	84 12
8	83 12
8	85 12
8	79 12
8	84 13
8	83 13
8	85 13
8	79 18
8	84 14
8	83 14
8	85 14
8	79 17
8	84 15
8	83 15
8	85 15
8	79 16
8	84 16
8	83 16
8	85 16
8	79 15
8	84 17
8	83 17
8	85 17
8	79 14
8	84 18
8	83 18
8	85 18
8	79 16
8	84 19
8	83 19
8	85 19
8	79 16
8	84 20
8	83 20
8	85 20
8	79 14
8	84 1
8	83 1
8	85 1
8	79 14
8	84 2
8	83 2
8	85 2
8	79 18
8	84 3
8	83 3
8	85 3
8	79 15
8	84 4
8	83 4
8	85 4
8	79 14
8	84 5
8	83 5
8	85 5
8	79 14
8	84 6
8	83 6
8	85 6
8	79 15
8	84 7
8	84 8
8	83 8
8	85 8
8	79 11
8	84 9
8	83 9
8	85 7
8	79 171
8	83 9
8	85 9
8	79 24
8	84 10
8	83 10
8	85 10
8	79 15
8	84 11
8	83 11
8	85 11
8	79 16
8	84 12
8	84 13
8	83 13
8	85 13
8	79 14
8	84 14
8	83 14
8	85 12
8	79 173
8	83 14
8	85 14
8	79 24
8	84 15
8	83 15
8	85 15
8	79 15
8	84 16
8	83 16
8	85 16
8	79 15
8	84 17
8	83 17
8	85 17
8	79 13
8	84 18
8	83 18
8	85 18
8	79 12
8	84 19
8	83 19
8	85 19
8	79 16
8	84 20
8	83 20
8	85 20
8	79 15
8	84 1
8	83 1
8	85 1
8	79 18
8	84 2
8	83 2
8	85 2
8	79 15
8	84 3
8	83 3
8	85 3
8	79 13
8	84 4
8	83 4
8	85 4
8	79 15
8	84 5
8	83 5
8	85 5
8	79 15
8	84 6
8	83 6
8	85 6
8	79 17
8	84 7
8	83 7
8	85 7
8	79 16
8	84 8
8	83 8
8	85 8
8	79 16
8	84 9
8	83 9
8	85 9
8	79 19
8	84 10
8	83 10
8	85 10
8	79 15
8	84 11
8	83 11
8	85 11
8	79 15
8	84 12
8	85 12
8	79 13
8	84 13
8	83 13
8	85 13
8	79 16
8	84 14
8	83 14
8	85 14
8	79 13
8	84 15
8	83 15
8	85 15
8	79 14
8	84 16
8	83 16
8	85 16
8	79 12
8	84 17
8	83 17
8	85 17
8	79 16
8	84 18
8	83 18
8	85 18
8	79 19
8	84 19
8	83 19
8	85 19
8	79 16
8	84 20
8	83 20
8	85 20
8	79 19
8	84 1
8	83 1
8	85 1
8	79 15
8	84 2
8	83 2
8	85 2
8	79 11
8	84 3
8	83 3
8	85 3
8	79 13
8	84 4
8	83 4
8	85 4
8	79 15
8	84 5
8	84 6
8	83 6
8	85 6
8	79 17
8	84 7
8	83 7
8	85 5
8	79 173
8	83 7
8	85 7
8	79 25
8	84 8
8	83 8
8	85 8
8	79 14
8	84 9
8	83 9
8	85 9
8	79 13
8	84 10
8	83 10
8	85 10
8	79 14
8	84 11
8	83 11
8	85 11
8	79 11
8	84 12
8	83 12
8	85 12
8	79 15
8	84 13
8	83 13
8	85 13
8	79 14
8	84 14
8	83 14
8	85 14
8	79 13
8	84 15
8	83 15
8	85 15
8	79 12
8	84 16
8	83 16
8	85 16
8	79 12
8	84 17
8	83 17
8	85 17
8	79 13
8	84 18
8	83 18
8	85 18
8	79 12
8	84 19
8	83 19
8	85 19
8	79 14
8	84 20
8	83 20
8	85 20
8	79 16
8	84 1
8	84 2
8	83 2
8	85 2
8	79 30
8	84 3
8	84 4
8	83 4
8	85 1
8	79 253
8	83 4
8	85 4
8	79 19
8	84 5
8	83 5
8	85 3
8	79 177
8	83 5
8	85 5
8	79 21
8	84 6
8	83 6
8	85 6
8	79 15
8	84 7
8	83 7
8	85 7
8	79 14
8	84 8
8	83 8
8	85 8
8	79 14
8	84 9
8	83 9
8	85 9
8	79 15
8	84 10
8	84 11
8	83 11
8	85 11
8	79 14
8	84 12
8	83 12
8	85 10
8	79 176
8	83 12
8	85 12
8	79 21
8	84 13
8	84 14
8	83 14
8	85 14
8	79 17
8	84 15
8	83 15
8	85 13
8	79 180
8	83 15
8	85 15
8	79 27
8	84 16
8	83 16
8	85 16
8	79 16
8	84 17
8	83 17
8	85 17
8	79 12
8	84 18
8	84 19
8	83 19
8	85 19
8	79 14
8	84 20
8	83 20
8	85 18
8	79 175
8	83 20
8	85 20
8	79 29
8	84 1
8	83 1
8	85 1
8	79 12
8	84 2
8	83 2
8	85 2
8	79 14
8	84 3
8	83 3
8	85 3
8	79 11
8	84 4
8	84 5
8	83 5
8	85 5
8	84 3
8	83 3
8	85 1
8	79 175
8	83 3
8	85 3
8	79 19
8	84 4
8	83 4
8	85 4
8	79 18
8	84 5
8	83 5
8	85 5
8	79 15
8	84 6
8	83 6
8	85 6
8	79 15
8	84 7
8	83 7
8	85 7
8	79 16
8	84 8
8	83 8
8	85 8
8	79 14
8	84 9
8	83 9
8	85 9
8	79 12
8	84 10
8	83 10
8	85 10
8	79 18
8	84 11
8	83 11
8	85 11
8	79 13
8	84 12
8	83 12
8	85 12
8	79 19
8	84 13
8	83 13
8	85 13
8	79 15
8	84 14
8	83 14
8	85 14
8	79 15
8	84 15
8	83 15
8	85 15
8	79 12
8	84 16
8	84 17
8	83 17
8	85 17
8	79 15
8	84 18
8	83 18
8	85 16
8	79 173
8	83 18
8	85 18
8	79 31
8	84 19
8	83 19
8	85 19
8	79 15
8	84 20
8	83 20
8	85 20
8	79 16
8	84 1
8	83 1
8	85 1
8	79 13
8	84 2
8	83 2
8	85 2
8	79 17
8	84 3
8	83 3
8	85 3
8	79 17
8	84 4
8	83 4
8	85 4
8	79 13
8	84 5
8	83 5
8	85 5
8	79 13
8	84 6
8	83 6
8	85 6
8	79 14
8	84 7
8	83 7
8	85 7
8	79 14
8	84 8
8	83 8
8	85 8
8	79 14
8	84 9
8	83 9
8	85 9
8	79 16
8	84 10
8	83 10
8	85 10
8	79 14
8	84 11
8	83 11
8	85 11
8	79 14
8	84 12
8	83 12
8	85 12
8	79 11
8	84 13
8	83 13
8	85 13
8	79 16
8	84 14
8	83 14
8	85 14
8	79 13
8	84 15
8	83 15
8	85 15
8	79 13
8	84 16
8	83 16
8	85 16
8	79 15
8	84 17
8	83 17
8	85 17
8	79 20
8	84 18
8	83 18
8	85 18
8	79 16
8	84 19
8	83 19
8	85 19
8	79 14
8	84 20
8	83 20
8	85 20
8	79 15
8	84 1
8	83 1
8	85 1
8	79 16
8	84 2
8	83 2
8	85 2
8	79 19
8	84 3
8	83 3
8	85 3
8	79 11
8	84 4
8	84 5
8	83 5
8	85 5
8	79 16
8	84 6
8	83 6
8	85 4
8	79 179
8	83 6
8	85 6
8	79 19
8	84 7
8	83 7
8	85 7
8	79 17
8	84 8
8	83 8
8	85 8
8	79 19
8	84 9
8	83 9
8	85 9
8	79 15
8	84 10
8	TEST_NUMBER 3
8	SENT_TOTAL 250
8	RECEIVED_TOTAL 249
8	TIME_TOTAL 29804
8	RECEIVED_RADIO_1 122
8	RECEIVED_RADIO_2 128
8	SENT_RADIO_1 119
8	SENT_RADIO_2 131
8	RADIO_TIME_1 19778
8	RADIO_TIME_2 29868
8	RETRANSMISSIONS_1 12
8	RETRANSMISSIONS_2 0
8	DROPPED_1 0
8	DROPPED_2 0
8	MAX_QUEUE 1
8	DUPLICATED_1 2
8	DUPLICATED_2 0
8	EBUSY_RADIO_1 0
8	EBUSY_RADIO_2 0
8	83 0
8	85 10
8	86 3
8	84 1
8	83 1
8	85 1
8	79 15
8	84 2
8	83 2
8	85 2
8	79 16
8	84 3
8	83 3
8	85 3
8	79 17
8	84 4
8	83 4
8	85 4
8	79 16
8	84 5
8	83 5
8	85 5
8	79 11
8	84 6
8	83 6
8	85 6
8	79 13
8	84 7
8	83 7
8	85 7
8	79 12
8	84 8
8	83 8
8	85 8
8	79 19
8	84 9
8	83 9
8	85 9
8	79 17
8	84 10
8	83 10
8	85 10
8	79 19
8	84 11
8	83 11
8	85 11
8	79 19
8	84 12
8	83 12
8	85 12
8	79 16
8	84 13
8	83 13
8	85 13
8	79 15
8	84 14
8	83 14
8	85 14
8	79 14
8	84 15
8	83 15
8	85 15
8	79 21
8	84 16
8	83 16
8	85 16
8	79 14
8	84 17
8	83 17
8	85 17
8	79 11
8	84 18
8	83 18
8	85 18
8	79 16
8	84 19
8	83 19
8	85 19
8	79 16
8	84 20
8	83 20
8	85 20
8	79 13
8	84 1
8	83 1
8	85 1
8	79 18
8	84 2
8	83 2
8	85 2
8	79 11
8	84 3
8	83 3
8	85 3
8	79 10
8	84 4
8	83 4
8	85 4
8	79 16
8	84 5
8	83 5
8	85 5
8	79 11
8	84 6
8	83 6
8	85 6
8	79 14
8	84 7
8	83 7
8	85 7
8	79 13
8	84 8
8	83 8
8	85 8
8	79 14
8	84 9
8	84 10
8	83 10
8	85 10
8	79 12
8	84 11
8	83 11
8	85 9
8	79 176
8	83 11
8	85 11
8	79 22
8	84 12
8	83 12
8	85 12
8	79 15
8	84 13
8	83 13
8	85 13
8	79 15
8	84 14
8	83 14
8	85 14
8	79 15
8	84 15
8	83 15
8	85 15
8	79 14
8	84 16
8	83 16
8	85 16
8	79 18
8	84 17
8	83 17
8	85 17
8	79 17
8	84 18
8	84 19
8	83 19
8	85 19
8	79 17
8	84 20
8	83 20
8	85 18
8	79 173
8	83 20
8	85 20
8	79 22
8	84 1
8	83 1
8	85 1
8	79 12
8	84 2
8	83 2
8	85 2
8	79 15
8	84 3
8	83 3
8	85 3
8	79 14
8	84 4
8	83 4
8	85 4
8	79 12
8	84 5
8	83 5
8	85 5
8	79 13
8	84 6
8	83 6
8	85 6
8	79 16
8	84 7
8	83 7
8	85 7
8	79 17
8	84 8
8	83 8
8	85 8
8	79 13
8	84 9
8	83 9
8	85 9
8	79 11
8	84 10
8	83 10
8	85 10
8	79 12
8	84 11
8	83 11
8	85 11
8	79 12
8	84 12
8	83 12
8	85 12
8	79 13
8	84 13
8	83 13
8	85 13
8	79 13
8	84 14
8	83 14
8	85 14
8	79 12
8	84 15
8	83 15
8	85 15
8	79 13
8	84 16
8	83 16
8	85 16
8	79 12
8	84 17
8	83 17
8	85 17
8	79 13
8	84 18
8	83 18
8	85 18
8	79 14
8	84 19
8	83 19
8	85 19
8	79 16
8	84 20
8	83 20
8	85 20
8	79 13
8	84 1
8	83 1
8	85 1
8	79 16
8	84 2
8	83 2
8	85 2
8	79 16
8	84 3
8	83 3
8	85 3
8	79 12
8	84 4
8	83 4
8	85 4
8	79 13
8	84 5
8	83 5
8	85 5
8	79 15
8	84 6
8	83 6
8	85 6
8	79 16
8	84 7
8	83 7
8	85 7
8	79 11
8	84 8
8	83 8
8	85 8
8	79 13
8	84 9
8	83 9
8	85 9
8	79 12
8	84 10
8	83 10
8	85 10
8	79 27
8	84 11
8	83 11
8	85 11
8	79 16
8	84 12
8	83 12
8	85 12
8	79 17
8	84 13
8	83 13
8	85 13
8	79 15
8	84 14
8	83 14
8	85 14
8	79 13
8	84 15
8	84 16
8	83 16
8	85 16
8	79 12
8	84 17
8	83 17
8	85 15
8	79 174
8	83 17
8	85 17
8	79 24
8	84 18
8	83 18
8	85 18
8	79 14
8	84 19
8	83 19
8	85 19
8	79 15
8	84 20
8	83 20
8	85 20
8	79 12
8	84 1
8	84 2
8	83 2
8	85 2
8	79 15
8	84 3
8	83 3
8	85 1
8	79 173
8	83 3
8	85 3
8	79 21
8	84 4
8	83 4
8	85 4
8	79 13
8	84 5
8	83 5
8	85 5
8	79 16
8	84 6
8	83 6
8	85 6
8	79 16
8	84 7
8	83 7
8	85 7
8	79 14
8	84 8
8	84 9
8	83 9
8	85 9
8	79 15
8	84 10
8	83 10
8	85 8
8	79 174
8	83 10
8	79 28
8	84 11
8	83 11
8	85 11
8	79 14
8	84 12
8	83 12
8	85 12
8	79 16
8	84 13
8	83 13
8	85 13
8	79 16
8	84 14
8	83 14
8	85 14
8	79 11
8	84 15
8	83 15
8	85 15
8	79 16
8	84 16
8	84 17
8	83 17
8	85 17
8	79 13
8	84 18
8	83 18
8	85 16
8	79 173
8	83 18
8	85 18
8	79 21
8	84 19
8	83 19
8	85 19
8	79 16
8	84 20
8	83 20
8	85 20
8	79 15
8	84 1
8	83 1
8	85 1
8	79 15
8	84 2
8	83 2
8	85 2
8	79 16
8	84 3
8	84 4
8	83 4
8	85 4
8	79 11
8	84 5
8	83 5
8	85 3
8	79 174
8	83 5
8	85 5
8	79 22
8	84 6
8	83 6
8	85 6
8	79 13
8	84 7
8	83 7
8	85 7
8	79 12
8	84 8
8	83 8
8	85 8
8	79 16
8	84 9
8	83 9
8	85 9
8	79 18
8	84 10
8	83 10
8	85 10
8	79 19
8	84 11
8	83 11
8	85 11
8	79 13
8	84 12
8	83 12
8	85 12
8	79 13
8	84 13
8	83 13
8	85 13
8	79 18
8	84 14
8	84 15
8	83 15
8	85 15
8	79 13
8	84 16
8	83 16
8	85 14
8	79 171
8	83 16
8	85 16
8	79 18
8	84 17
8	83 17
8	85 17
8	79 14
8	84 18
8	83 18
8	85 18
8	79 14
8	84 19
8	83 19
8	85 19
8	79 18
8	84 20
8	83 20
8	85 20
8	79 14
8	84 1
8	83 1
8	85 1
8	79 17
8	84 2
8	83 2
8	85 2
8	79 16
8	84 3
8	83 3
8	85 3
8	79 15
8	84 4
8	83 4
8	85 4
8	79 13
8	84 5
8	84 6
8	83 6
8	85 6
8	79 13
8	84 7
8	83 7
8	85 5
8	79 176
8	83 7
8	85 7
8	79 29
8	84 8
8	83 8
8	85 8
8	79 11
8	84 9
8	83 9
8	85 9
8	79 16
8	84 10
8	83 10
8	85 10
8	79 13
8	84 11
8	83 11
8	85 11
8	79 17
8	84 12
8	83 12
8	85 12
8	79 14
8	84 13
8	83 13
8	85 13
8	79 11
8	84 14
8	83 14
8	85 14
8	79 15
8	84 15
8	83 15
8	85 15
8	79 10
8	84 16
8	83 16
8	85 16
8	79 13
8	84 17
8	83 17
8	85 17
8	79 13
8	84 18
8	83 18
8	85 18
8	79 11
8	84 19
8	83 19
8	85 19
8	79 13
8	84 20
8	83 20
8	85 20
8	79 12
8	84 1
8	83 1
8	85 1
8	79 15
8	84 2
8	83 2
8	85 2
8	79 15
8	84 3
8	83 2
8	79 15
8	84 3
8	83 3
8	85 3
8	79 11
8	84 4
8	83 4
8	85 4
8	79 13
8	84 5
8	83 5
8	85 5
8	79 10
8	84 6
8	83 6
8	85 6
8	79 12
8	84 7
8	83 7
8	85 7
8	79 17
8	84 8
8	83 8
8	85 8
8	79 12
8	84 9
8	83 9
8	85 9
8	79 13
8	84 10
8	83 10
8	85 10
8	79 16
8	84 11
8	83 11
8	85 11
8	79 15
8	84 12
8	83 12
8	85 12
8	79 11
8	84 13
8	83 13
8	85 13
8	79 16
8	84 14
8	83 14
8	85 14
8	79 13
8	84 15
8	84 16
8	83 16
8	85 16
8	79 15
8	84 17
8	83 17
8	85 15
8	79 175
8	83 17
8	85 17
8	79 22
8	84 18
8	83 18
8	85 18
8	79 21
8	84 19
8	83 19
8	85 19
8	79 16
8	84 20
8	83 20
8	85 20
8	79 11
8	84 1
8	83 1
8	85 1
8	79 13
8	84 2
8	83 2
8	85 2
8	79 12
8	84 3
8	83 3
8	85 3
8	79 18
8	84 4
8	83 4
8	85 4
8	79 12
8	84 5
8	83 5
8	85 5
8	79 15
8	84 6
8	83 6
8	85 6
8	79 10
8	84 7
8	83 7
8	85 7
8	79 12
8	84 8
8	83 8
8	85 8
8	79 11
8	84 9
8	83 9
8	85 9
8	79 22
8	84 10
8	83 10
8	85 10
8	79 14
8	84 11
8	83 11
8	85 11
8	79 16
8	84 12
8	83 12
8	85 12
8	79 17
8	84 13
8	83 13
8	85 13
8	79 12
8	84 14
8	83 14
8	85 14
8	79 13
8	84 15
8	83 15
8	85 15
8	79 12
8	84 16
8	83 16
8	85 16
8	79 17
8	84 17
8	83 17
8	85 17
8	79 12
8	84 18
8	83 18
8	85 18
8	79 17
8	84 19
8	83 19
8	85 19
8	79 13
8	84 20
8	83 20
8	85 20
8	79 19
8	84 1
8	83 1
8	85 1
8	79 17
8	84 2
8	83 2
8	85 2
8	79 17
8	84 3
8	83 3
8	85 3
8	79 13
8	84 4
8	83 4
8	85 4
8	79 14
8	84 5
8	83 5
8	85 5
8	79 16
8	84 6
8	83 6
8	85 6
8	79 18
8	84 7
8	83 7
8	85 7
8	79 14
8	84 8
8	83 8
8	85 8
8	79 17
8	84 9
8	83 9
8	85 9
8	79 12
8	84 10
8	83 10
8	85 10
8	79 18
8	84 11
8	83 11
8	85 11
8	79 18
8	84 12
8	83 12
8	85 12
8	79 16
8	84 13
8	83 13
8	85 13
8	79 13
8	84 14
8	83 14
8	85 14
8	79 28
8	84 15
8	83 15
8	85 15
8	79 15
8	84 16
8	83 16
8	85 16
8	79 14
8	84 17
8	83 17
8	85 17
8	79 12
8	84 18
8	83 18
8	85 18
8	79 10
8	84 19
8	83 19
8	85 19
8	79 11
8	84 20
8	83 20
8	85 20
8	79 13
8	84 1
8	83 1
8	85 1
8	79 12
8	84 2
8	83 2
8	84 1
8	83 1
8	85 1
8	79 15
8	84 2
8	83 2
8	85 2
8	79 12
8	84 3
8	84 4
8	83 4
8	85 4
8	79 11
8	84 5
8	83 5
8	85 3
8	79 175
8	83 5
8	85 5
8	79 17
8	84 6
8	83 6
8	85 6
8	79 15
8	84 7
8	83 7
8	85 7
8	79 12
8	84 8
8	83 8
8	85 8
8	79 12
8	84 9
8	83 9
8	85 9
8	79 15
8	84 10
8	83 10
8	85 10
8	79 17
8	84 11
8	83 11
8	85 11
8	79 16
8	84 12
8	83 12
8	85 12
8	79 17
8	84 13
8	83 13
8	85 13
8	79 13
8	84 14
8	83 14
8	85 14
8	79 13
8	84 15
8	83 15
8	85 15
8	79 15
8	84 16
8	83 16
8	85 16
8	79 17
8	84 17
8	83 17
8	85 17
8	79 16
8	84 18
8	83 18
8	85 18
8	79 15
8	84 19
8	83 19
8	85 19
8	79 14
8	84 20
8	83 20
8	85 20
8	79 13
8	84 1
8	83 1
8	85 1
8	79 15
8	84 2
8	83 2
8	85 2
8	79 15
8	84 3
8	83 3
8	85 3
8	79 17
8	84 4
8	83 4
8	85 4
8	79 15
8	84 5
8	83 5
8	85 5
8	79 13
8	84 6
8	83 6
8	85 6
8	79 12
8	84 7
8	83 7
8	85 7
8	79 16
8	84 8
8	83 8
8	85 8
8	79 13
8	84 9
8	83 9
8	85 9
8	79 18
8	84 10
8	83 10
8	85 10
8	79 17
8	84 11
8	83 11
8	85 11
8	79 15
8	84 12
8	83 12
8	85 12
8	79 19
8	84 13
8	83 13
8	85 13
8	79 14
8	84 14
8	83 14
8	85 14
8	79 15
8	84 15
8	83 15
8	85 15
8	79 14
8	84 16
8	83 16
8	85 16
8	79 15
8	84 17
8	83 17
8	85 17
8	79 17
8	84 18
8	84 19
8	83 19
8	85 19
8	79 15
8	84 20
8	83 20
8	85 18
8	79 173
8	83 20
8	85 20
8	79 32
8	84 1
8	83 1
8	85 1
8	79 13
8	84 2
8	83 2
8	85 2
8	79 19
8	84 3
8	83 3
8	85 3
8	79 17
8	84 4
8	83 4
8	85 4
8	79 16
8	84 5
8	83 5
8	85 5
8	79 17
8	84 6
8	83 6
8	85 6
8	79 15
8	84 7
8	83 7
8	85 7
8	79 17
8	84 8
8	83 8
8	85 8
8	79 16
8	84 9
8	83 9
8	85 9
8	79 19
8	84 10
8	83 10
8	85 10
8	79 16
8	84 11
8	83 11
8	85 11
8	79 19
8	84 12
8	83 12
8	85 12
8	79 19
8	84 13
8	83 13
8	85 13
8	79 13
8	84 14
8	83 14
8	85 14
8	79 16
8	84 15
8	83 15
8	85 15
8	79 17
8	84 16
8	83 16
8	85 16
8	79 20
8	84 17
8	83 17
8	85 17
8	79 14
8	84 18
8	83 18
8	85 18
8	79 12
8	84 19
8	83 19
8	85 19
8	79 15
8	84 20
8	83 20
8	85 20
8	79 14
8	84 1
8	83 1
8	85 1
8	79 18
8	84 2
8	83 2
8	85 2
8	79 20
8	84 3
8	83 3
8	85 3
8	79 17
8	84 4
8	83 4
8	85 4
8	79 14
8	84 5
8	83 5
8	85 5
8	79 12
8	84 6
8	83 6
8	85 6
8	79 18
8	84 7
8	83 7
8	85 7
8	79 12
8	84 8
8	83 8
8	85 8
8	79 16
8	84 9
8	83 9
8	85 9
8	79 16
8	84 10
8	83 10
8	85 10
8	79 15
8	84 11
8	83 11
8	85 11
8	79 14
8	84 12
8	83 12
8	85 12
8	79 16
8	84 13
8	83 13
8	85 13
8	79 17
8	84 14
8	83 14
8	85 14
8	79 12
8	84 15
8	83 15
8	85 15
8	79 18
8	84 16
8	83 16
8	85 16
8	79 12
8	84 17
8	83 17
8	85 17
8	79 18
8	84 18
8	83 18
8	85 18
8	79 16
8	84 19
8	84 20
8	83 20
8	85 20
8	79 14
8	84 1
8	83 1
8	85 19
8	79 175
8	83 1
8	85 1
8	79 23
8	84 2
8	83 2
8	85 2
8	79 13
8	84 3
8	83 3
8	85 3
8	79 17
8	84 4
8	83 4
8	85 4
8	79 22
8	84 5
8	84 6
8	83 6
8	85 6
8	79 18
8	84 7
8	83 7
8	85 5
8	79 174
8	83 7
8	85 7
8	79 25
8	84 8
8	83 8
8	85 8
8	79 14
8	84 9
8	83 9
8	85 9
8	79 11
8	84 10
8	83 10
8	85 10
8	79 14
8	84 11
8	83 11
8	85 11
8	79 15
8	84 12
8	83 12
8	85 12
8	79 12
8	84 13
8	83 13
8	85 13
8	79 17
8	84 14
8	83 14
8	85 14
8	79 13
8	84 15
8	83 15
8	85 15
8	79 14
8	84 16
8	83 16
8	85 16
8	79 15
8	84 17
8	83 17
8	85 17
8	79 15
8	84 18
8	83 18
8	85 18
8	79 14
8	84 19
8	83 19
8	85 19
8	79 14
8	84 20
8	83 20
8	85 20
8	79 12
8	84 1
8	83 1
8	85 1
8	79 10
8	84 2
8	83 2
8	85 2
8	79 14
8	84 3
8	83 3
8	85 3
8	79 13
8	84 4
8	83 4
8	85 4
8	79 23
8	84 5
8	84 6
8	83 6
8	85 6
8	79 11
8	84 7
8	83 7
8	85 5
8	79 173
8	83 7
8	85 7
8	79 24
8	84 8
8	83 8
8	85 8
8	79 10
8	84 9
8	83 9
8	85 9
8	79 15
8	84 10
8	83 10
8	85 10
8	79 12
8	84 11
8	83 11
8	85 11
8	79 12
8	84 12
8	83 12
8	85 12
8	79 12
8	84 13
8	83 13
8	85 13
8	79 14
8	84 14
8	83 14
8	85 14
8	79 14
8	84 15
8	83 15
8	85 15
8	79 14
8	84 16
8	83 16
8	85 16
8	79 13
8	84 17
8	83 17
8	85 17
8	79 17
8	84 18
8	83 18
8	85 18
8	79 14
8	84 19
8	83 19
8	85 19
8	79 12
8	84 20
8	83 20
8	85 20
8	79 12
8	84 1
8	83 1
8	85 1
8	79 12
8	84 2
8	83 2
8	85 2
8	79 15
8	84 3
8	83 3
8	85 3
8	79 15
8	84 4
8	83 4
8	85 4
8	79 15
8	84 5
8	83 5
8	85 5
8	79 12
8	84 6
8	83 6
8	85 6
8	79 13
8	84 7
8	83 7
8	85 7
8	79 13
8	84 8
8	83 8
8	85 8
8	79 12
8	84 9
8	83 9
8	85 9
8	79 12
8	84 10
8	83 10
8	85 10
8	79 15
8	84 11
8	83 11
8	85 11
8	79 17
8	84 12
8	83 12
8	85 12
8	79 15
8	84 13
8	83 13
8	85 13
8	79 11
8	84 14
8	83 14
8	85 14
8	79 17
8	84 15
8	83 15
8	85 15
8	79 11
8	84 16
8	83 16
8	85 16
8	79 14
8	84 17
8	83 17
8	85 17
8	79 16
8	84 18
8	84 19
8	83 19
8	85 19
8	79 14
8	84 20
8	83 20
8	85 18
8	79 175
8	83 20
8	85 20
8	79 20
8	84 1
8	84 2
8	83 2
8	85 2
8	79 18
8	84 3
8	83 3
8	85 1
8	79 179
8	83 3
8	85 3
8	79 23
8	84 4
8	83 4
8	85 4
8	79 23
8	84 5
8	83 5
8	85 5
8	79 13
8	84 6
8	83 6
8	85 6
8	79 12
8	84 7
8	83 7
8	85 7
8	79 11
8	84 8
8	83 8
8	85 8
8	79 20
8	84 9
8	83 9
8	85 9
8	79 10
8	84 10
8	83 10
8	85 10
8	79 12
8	84 11
8	83 11
8	85 11
8	79 13
8	84 12
8	83 12
8	85 12
8	79 10
8	84 13
8	83 13
8	85 13
8	79 16
8	84 14
8	83 14
8	85 14
8	79 15
8	84 15
8	83 15
8	85 15
8	79 15
8	84 16
8	83 16
8	85 16
8	79 15
8	84 17
8	83 17
8	85 17
8	79 14
8	84 18
8	84 19
8	84 20
8	83 20
8	85 18
8	79 174
8	83 20
8	85 19
8	79 114
8	83 20
8	85 20
8	79 42
8	84 1
8	84 2
8	83 2
8	85 2
8	79 14
8	84 3
8	83 3
8	85 1
8	79 173
8	83 3
8	85 3
8	79 25
8	84 4
8	83 4
8	85 4
8	79 15
8	84 5
8	83 5
8	85 5
8	79 15
8	84 6
8	83 6
8	85 6
8	79 13
8	84 7
8	83 7
8	85 7
8	79 16
8	84 8
8	83 8
8	85 8
8	79 13
8	84 9
8	83 9
8	85 9
8	79 11
8	84 10
8	83 10
8	85 10
8	79 18
8	84 11
8	83 11
8	85 11
8	79 10
8	84 12
8	83 12
8	85 12
8	79 14
8	84 13
8	83 13
8	85 13
8	79 11
8	84 14
8	83 14
8	85 14
8	79 14
8	84 15
8	83 15
8	85 15
8	79 10
8	84 16
8	83 16
8	85 16
8	79 13
8	84 17
8	83 17
8	85 17
8	79 15
8	84 18
8	83 18
8	85 18
8	79 17
8	84 19
8	83 19
8	85 19
8	79 13
8	84 20
8	83 20
8	85 20
8	79 13
8	84 1
8	83 1
8	85 1
8	79 10
8	84 2
8	83 2
8	85 2
8	79 16
8	84 3
8	84 4
8	83 4
8	85 4
8	79 13
8	84 5
8	83 5
8	85 3
8	79 175
8	83 5
8	85 5
8	79 24
8	84 6
8	83 6
8	85 6
8	79 13
8	84 7
8	83 7
8	85 7
8	79 16
8	84 8
8	83 8
8	85 8
8	79 14
8	84 9
8	83 9
8	85 9
8	79 18
8	84 10
8	84 11
8	83 11
8	85 11
8	79 14
8	84 12
8	83 12
8	85 10
8	79 177
8	83 12
8	85 12
8	79 25
8	84 13
8	83 13
8	85 13
8	79 11
8	84 14
8	83 14
8	85 14
8	79 18
8	84 15
8	83 15
8	85 15
8	79 14
8	84 16
8	83 16
8	85 16
8	79 12
8	84 17
8	83 17
8	85 17
8	79 16
8	84 18
8	83 18
8	85 18
8	79 17
8	84 19
8	84 20
8	83 20
8	85 20
8	79 17
8	84 1
8	83 1
8	85 19
8	79 171
8	83 1
8	85 1
8	79 17
8	84 2
8	83 2
8	85 2
8	79 19
8	84 3
8	83 3
8	85 3
8	79 15
8	84 4
8	83 4
8	85 4
8	79 16
8	84 5
8	83 5
8	85 5
8	79 15
8	84 6
8	83 6
8	85 6
8	79 18
8	84 7
8	83 7
8	85 7
8	79 18
8	84 8
8	83 8
8	85 8
8	79 18
8	84 9
8	83 9
8	85 9
8	79 15
8	84 10
8	TEST_NUMBER 5
8	SENT_TOTAL 250
8	RECEIVED_TOTAL 249
8	TIME_TOTAL 29804
8	RECEIVED_RADIO_1 120
8	RECEIVED_RADIO_2 130
8	SENT_RADIO_1 120
8	SENT_RADIO_2 130
8	RADIO_TIME_1 29868
8	RADIO_TIME_2 19763
8	RETRANSMISSIONS_1 9
8	RETRANSMISSIONS_2 0
8	DROPPED_1 0
8	DROPPED_2 0
8	MAX_QUEUE 1
8	DUPLICATED_1 4
8	DUPLICATED_2 0
8	EBUSY_RADIO_1 0
8	EBUSY_RADIO_2 0
8	84 1
8	83 1
8	85 1
8	79 12
8	84 2
8	83 2
8	85 2
8	79 11
8	84 3
8	83 3
8	85 3
8	79 17
8	84 4
8	83 4
8	85 4
8	79 18
8	84 5
8	83 5
8	85 5
8	79 13
8	84 6
8	83 6
8	85 6
8	79 14
8	84 7
8	83 7
8	85 7
8	79 14
8	84 8
8	83 8
8	85 8
8	79 18
8	84 9
8	83 9
8	85 9
8	79 15
8	84 10
8	83 10
8	85 10
8	79 16
8	84 11
8	83 11
8	85 11
8	79 11
8	84 12
8	83 12
8	85 12
8	79 13
8	84 13
8	83 13
8	85 13
8	79 14
8	84 14
8	83 14
8	85 14
8	79 13
8	84 15
8	83 15
8	85 15
8	79 16
8	84 16
8	83 16
8	85 16
8	79 17
8	84 17
8	83 17
8	85 17
8	79 14
8	84 18
8	84 19
8	83 19
8	85 19
8	79 18
8	84 20
8	83 20
8	85 18
8	79 170
8	83 20
8	85 20
8	79 25
8	84 1
8	83 1
8	85 1
8	79 16
8	84 2
8	83 2
8	85 2
8	79 14
8	84 3
8	83 3
8	85 3
8	79 13
8	84 4
8	83 4
8	85 4
8	79 16
8	84 5
8	83 5
8	85 5
8	79 13
8	84 6
8	83 6
8	85 6
8	79 14
8	84 7
8	83 7
8	85 7
8	79 16
8	84 8
8	83 8
8	85 8
8	79 13
8	84 9
8	83 9
8	85 9
8	79 15
8	84 10
8	83 10
8	85 10
8	79 15
8	84 11
8	83 11
8	85 11
8	79 12
8	84 12
8	83 12
8	85 12
8	79 14
8	84 13
8	83 13
8	85 13
8	79 14
8	84 14
8	83 14
8	85 14
8	79 13
8	84 15
8	83 15
8	85 15
8	79 12
8	84 16
8	83 16
8	85 16
8	79 11
8	84 17
8	83 17
8	85 17
8	79 15
8	84 18
8	83 18
8	85 18
8	79 15
8	84 19
8	83 19
8	85 19
8	79 15
8	84 20
8	83 20
8	85 20
8	79 10
8	84 1
8	83 1
8	85 1
8	79 15
8	84 2
8	83 2
8	85 2
8	79 11
8	84 3
8	83 3
8	85 3
8	79 14
8	84 4
8	83 4
8	85 4
8	79 16
8	84 5
8	83 5
8	85 5
8	79 16
8	84 6
8	83 6
8	85 6
8	79 14
8	84 7
8	83 7
8	85 7
8	79 13
8	84 8
8	83 8
8	85 8
8	79 13
8	84 9
8	83 9
8	85 9
8	79 15
8	84 10
8	83 10
8	85 10
8	79 16
8	84 11
8	83 11
8	85 11
8	79 16
8	84 12
8	83 12
8	85 12
8	79 11
8	84 13
8	83 13
8	85 13
8	79 12
8	84 14
8	83 14
8	85 14
8	79 17
8	84 15
8	83 15
8	85 15
8	79 11
8	84 16
8	83 16
8	85 16
8	79 10
8	84 17
8	83 17
8	85 17
8	79 14
8	84 18
8	83 18
8	85 18
8	79 18
8	84 19
8	83 19
8	85 19
8	79 14
8	84 20
8	83 20
8	85 20
8	79 17
8	84 1
8	83 1
8	85 1
8	79 12
8	84 2
8	83 2
8	85 2
8	79 12
8	84 3
8	83 3
8	85 3
8	79 10
8	84 4
8	83 4
8	85 4
8	79 14
8	84 5
8	83 5
8	85 5
8	79 11
8	84 6
8	83 6
8	85 6
8	79 14
8	84 7
8	83 7
8	85 7
8	79 13
8	84 8
8	83 8
8	85 8
8	79 11
8	84 9
8	83 9
8	85 9
8	79 13
8	84 10
8	83 10
8	85 10
8	79 13
8	84 11
8	83 11
8	85 11
8	79 10
8	84 12
8	83 12
8	85 12
8	79 12
8	84 13
8	83 13
8	85 13
8	79 16
8	84 14
8	83 14
8	85 14
8	84 15
8	83 15
8	85 15
8	79 14
8	84 16
8	83 16
8	85 16
8	79 13
8	84 17
8	83 17
8	85 17
8	79 15
8	84 18
8	83 18
8	85 18
8	79 13
8	84 19
8	84 20
8	83 20
8	85 20
8	79 19
8	84 1
8	83 1
8	85 19
8	79 178
8	83 1
8	85 1
8	79 26
8	84 2
8	85 2
8	79 25
8	84 3
8	83 3
8	85 3
8	79 13
8	84 4
8	83 4
8	85 4
8	79 14
8	84 5
8	83 5
8	85 5
8	79 17
8	84 6
8	83 6
8	85 6
8	79 14
8	84 7
8	83 7
8	85 7
8	79 16
8	84 8
8	83 8
8	85 8
8	79 15
8	84 9
8	83 9
8	85 9
8	79 11
8	84 10
8	83 10
8	85 10
8	79 13
8	84 11
8	83 11
8	85 11
8	79 11
8	84 12
8	83 12
8	85 12
8	79 16
8	84 13
8	83 13
8	85 13
8	79 10
8	84 14
8	83 14
8	85 14
8	79 12
8	84 15
8	83 15
8	85 15
8	79 12
8	84 16
8	83 16
8	85 16
8	79 11
8	84 17
8	83 17
8	85 17
8	79 12
8	84 18
8	83 18
8	85 18
8	79 11
8	84 19
8	83 19
8	85 19
8	79 13
8	84 20
8	83 20
8	85 20
8	79 15
8	84 1
8	83 1
8	85 1
8	79 13
8	84 2
8	83 2
8	85 2
8	79 12
8	84 3
8	83 3
8	85 3
8	79 16
8	84 4
8	83 4
8	85 4
8	79 14
8	84 5
8	83 5
8	85 5
8	79 11
8	84 6
8	83 6
8	85 6
8	79 13
8	84 7
8	83 7
8	85 7
8	79 10
8	84 8
8	83 8
8	85 8
8	79 14
8	84 9
8	83 9
8	85 9
8	79 14
8	84 10
8	83 10
8	85 10
8	79 16
8	84 11
8	83 11
8	85 11
8	79 14
8	84 12
8	83 12
8	85 12
8	79 15
8	84 13
8	83 13
8	85 13
8	79 16
8	84 14
8	83 14
8	85 14
8	79 14
8	84 15
8	83 15
8	85 15
8	79 14
8	84 16
8	83 16
8	85 16
8	79 14
8	84 17
8	83 17
8	85 17
8	79 12
8	84 18
8	83 18
8	85 18
8	79 12
8	84 19
8	83 19
8	85 19
8	79 12
8	84 20
8	83 20
8	85 20
8	79 17
8	84 1
8	83 1
8	85 1
8	79 16
8	84 2
8	83 2
8	85 2
8	79 16
8	84 3
8	83 3
8	85 3
8	79 12
8	84 4
8	83 4
8	85 4
8	79 18
8	84 5
8	83 5
8	85 5
8	79 12
8	84 6
8	83 6
8	85 6
8	79 14
8	84 7
8	83 7
8	85 7
8	79 12
8	84 8
8	83 8
8	85 8
8	79 17
8	84 9
8	83 9
8	85 9
8	79 11
8	84 10
8	83 10
8	85 10
8	79 15
8	84 11
8	83 11
8	85 11
8	79 16
8	84 12
8	83 12
8	85 12
8	79 11
8	84 13
8	83 13
8	85 13
8	79 17
8	84 14
8	83 14
8	85 14
8	79 16
8	84 16
8	83 16
8	85 14
8	79 173
8	83 16
8	85 16
8	79 25
8	84 17
8	83 17
8	85 17
8	79 12
8	84 18
8	83 18
8	85 18
8	79 13
8	84 19
8	84 20
8	83 20
8	85 20
8	79 17
8	84 1
8	83 1
8	85 19
8	79 175
8	83 1
8	85 1
8	79 25
8	84 2
8	83 2
8	85 2
8	79 14
8	84 3
8	83 3
8	85 3
8	79 14
8	84 4
8	83 4
8	85 4
8	79 18
8	84 5
8	83 5
8	85 5
8	79 17
8	84 6
8	83 6
8	85 6
8	79 14
8	84 7
8	83 7
8	85 7
8	79 16
8	84 8
8	83 8
8	85 8
8	79 15
8	84 9
8	83 9
8	85 9
8	79 16
8	84 10
8	83 10
8	85 10
8	79 16
8	84 11
8	83 11
8	85 11
8	79 15
8	84 12
8	83 12
8	85 12
8	79 13
8	84 13
8	83 13
8	85 13
8	79 18
8	84 14
8	83 14
8	85 14
8	79 13
8	84 15
8	83 15
8	85 15
8	79 14
8	84 16
8	83 16
8	85 16
8	79 14
8	84 17
8	83 17
8	85 17
8	79 18
8	84 18
8	83 18
8	85 18
8	79 18
8	84 19
8	83 19
8	85 19
8	79 20
8	84 20
8	83 20
8	85 20
8	79 15
8	84 1
8	83 1
8	85 1
8	79 18
8	84 2
8	83 2
8	85 2
8	79 14
8	84 3
8	84 4
8	83 4
8	85 4
8	79 12
8	84 5
8	83 5
8	85 3
8	79 174
8	83 5
8	85 5
8	79 24
8	84 6
8	83 6
8	85 6
8	79 10
8	84 7
8	83 7
8	85 7
8	79 14
8	84 8
8	83 8
8	85 8
8	79 15
8	84 9
8	83 9
8	85 9
8	79 15
8	84 10
8	83 10
8	85 10
8	79 13
8	84 11
8	83 11
8	85 11
8	79 15
8	84 12
8	83 12
8	85 12
8	79 15
8	84 13
8	83 13
8	85 13
8	79 16
8	84 14
8	83 14
8	85 14
8	79 13
8	84 15
8	83 15
8	85 15
8	79 13
8	84 16
8	83 16
8	85 16
8	79 13
8	84 17
8	83 17
8	85 17
8	79 13
8	84 18
8	83 18
8	85 18
8	79 15
8	84 19
8	83 19
8	85 19
8	79 14
8	84 20
8	83 20
8	85 20
8	79 12
8	84 1
8	83 1
8	85 1
8	79 15
8	84 2
8	83 2
8	85 2
8	79 17
8	84 3
8	83 3
8	85 3
8	79 14
8	84 4
8	83 4
8	85 4
8	79 14
8	84 5
8	83 5
8	85 5
8	79 13
8	84 6
8	83 6
8	85 6
8	79 15
8	84 7
8	83 7
8	85 7
8	79 14
8	84 8
8	83 8
8	85 8
8	79 12
8	84 9
8	83 9
8	85 9
8	79 13
8	84 10
8	83 10
8	85 10
8	79 15
8	84 11
8	83 11
8	85 11
8	79 13
8	84 12
8	83 12
8	85 12
8	79 17
8	84 13
8	83 13
8	85 13
8	79 15
8	84 14
8	83 14
8	85 14
8	79 16
8	84 15
