
39	RELAY_NODE 39
39	TEST_NUMBER 0
39	SENT_TOTAL 0
39	RECEIVED_TOTAL 0
39	TIME_TOTAL 0
39	RECEIVED_RADIO_1 0
39	RECEIVED_RADIO_2 120
39	SENT_RADIO_1 120
39	SENT_RADIO_2 0
39	RADIO_TIME_1 19129
39	RADIO_TIME_2 19129
39	RETRANSMISSIONS_1 0
39	RETRANSMISSIONS_2 0
39	DROPPED_1 0
39	DROPPED_2 0
39	MAX_QUEUE 1
39	DUPLICATED_1 0
39	DUPLICATED_2 0
39	EBUSY_RADIO_1 0
39	EBUSY_RADIO_2 0
39	TEST_NUMBER 1
39	SENT_TOTAL 0
39	RECEIVED_TOTAL 0
39	TIME_TOTAL 0
39	RECEIVED_RADIO_1 0
39	RECEIVED_RADIO_2 124
39	SENT_RADIO_1 124
39	SENT_RADIO_2 0
39	RADIO_TIME_1 29720
39	RADIO_TIME_2 29720
39	RETRANSMISSIONS_1 0
39	RETRANSMISSIONS_2 0
39	DROPPED_1 0
39	DROPPED_2 0
39	MAX_QUEUE 1
39	DUPLICATED_1 0
39	DUPLICATED_2 0
39	EBUSY_RADIO_1 0
39	EBUSY_RADIO_2 0
39	TEST_NUMBER 2
39	SENT_TOTAL 0
39	RECEIVED_TOTAL 0
39	TIME_TOTAL 0
39	RECEIVED_RADIO_1 0
39	RECEIVED_RADIO_2 124
39	SENT_RADIO_1 124
39	SENT_RADIO_2 0
39	RADIO_TIME_1 29804
39	RADIO_TIME_2 29804
39	RETRANSMISSIONS_1 0
39	RETRANSMISSIONS_2 0
39	DROPPED_1 0
39	DROPPED_2 0
39	MAX_QUEUE 1
39	DUPLICATED_1 0
39	DUPLICATED_2 0
39	EBUSY_RADIO_1 0
39	EBUSY_RADIO_2 0
39	TEST_NUMBER 3
39	SENT_TOTAL 0
39	RECEIVED_TOTAL 0
39	TIME_TOTAL 0
39	RECEIVED_RADIO_1 0
39	RECEIVED_RADIO_2 123
39	SENT_RADIO_1 123
39	SENT_RADIO_2 0
39	RADIO_TIME_1 29644
39	RADIO_TIME_2 29644
39	RETRANSMISSIONS_1 0
39	RETRANSMISSIONS_2 0
39	DROPPED_1 0
39	DROPPED_2 0
39	MAX_QUEUE 1
39	DUPLICATED_1 0
39	DUPLICATED_2 0
39	EBUSY_RADIO_1 0
39	EBUSY_RADIO_2 0
39	TEST_NUMBER 4
39	SENT_TOTAL 0
39	RECEIVED_TOTAL 0
39	TIME_TOTAL 0
39	RECEIVED_RADIO_1 0
39	RECEIVED_RADIO_2 124
39	SENT_RADIO_1 124
39	SENT_RADIO_2 0
39	RADIO_TIME_1 29721
39	RADIO_TIME_2 29721
39	RETRANSMISSIONS_1 0
39	RETRANSMISSIONS_2 0
39	DROPPED_1 0
39	DROPPED_2 0
39	MAX_QUEUE 1
39	DUPLICATED_1 0
39	DUPLICATED_2 0
39	EBUSY_RADIO_1 0
39	EBUSY_RADIO_2 0
39	TEST_NUMBER 5
39	SENT_TOTAL 0
39	RECEIVED_TOTAL 0
39	TIME_TOTAL 0
39	RECEIVED_RADIO_1 0
39	RECEIVED_RADIO_2 123
39	SENT_RADIO_1 123
39	SENT_RADIO_2 0
39	RADIO_TIME_1 29723
39	RADIO_TIME_2 29723
39	RETRANSMISSIONS_1 0
39	RETRANSMISSIONS_2 0
39	DROPPED_1 0
39	DROPPED_2 0
39	MAX_QUEUE 1
39	DUPLICATED_1 0
39	DUPLICATED_2 0
39	EBUSY_RADIO_1 0
39	EBUSY_RADIO_2 0
39	TEST_NUMBER 6
39	SENT_TOTAL 0
39	RECEIVED_TOTAL 0
39	TIME_TOTAL 0
39	RECEIVED_RADIO_1 0
39	RECEIVED_RADIO_2 124
39	SENT_RADIO_1 124
39	SENT_RADIO_2 0
39	RADIO_TIME_1 29806
39	RADIO_TIME_2 29806
39	RETRANSMISSIONS_1 0
39	RETRANSMISSIONS_2 0
39	DROPPED_1 0
39	DROPPED_2 0
39	MAX_QUEUE 1
39	DUPLICATED_1 0
39	DUPLICATED_2 0
39	EBUSY_RADIO_1 0
39	EBUSY_RADIO_2 0

40	DESTINATION_NODE 40
40	TEST_NUMBER 0
40	SENT_TOTAL 209
40	RECEIVED_TOTAL 209
40	TIME_TOTAL 16576
40	RECEIVED_RADIO_1 103
40	RECEIVED_RADIO_2 106
40	SENT_RADIO_1 0
40	SENT_RADIO_2 158
40	RADIO_TIME_1 16624
40	RADIO_TIME_2 16576
40	RETRANSMISSIONS_1 495
40	RETRANSMISSIONS_2 3
40	DROPPED_1 49
40	DROPPED_2 0
40	MAX_QUEUE 2
40	DUPLICATED_1 0
40	DUPLICATED_2 0
40	EBUSY_RADIO_1 0
40	EBUSY_RADIO_2 0
40	86 0
40	86 0
40	86 0
40	86 0
40	86 0
40	86 0
40	86 0
40	86 0
40	86 0
40	86 0
40	86 0
40	86 0
40	86 0
40	86 0
40	86 0
40	86 0
40	86 0
40	86 0
40	86 0
40	86 0
40	86 0
40	86 0
40	86 0
40	86 0
40	86 0
40	86 0
40	86 0
40	86 0
40	86 0
40	86 0
40	86 0
40	86 0
40	86 0
40	86 0
40	86 0
40	86 0
40	86 0
40	86 0
40	86 0
40	86 0
40	86 0
40	TEST_NUMBER 1
40	SENT_TOTAL 250
40	RECEIVED_TOTAL 209
40	TIME_TOTAL 29811
40	RECEIVED_RADIO_1 125
40	RECEIVED_RADIO_2 125
40	SENT_RADIO_1 0
40	SENT_RADIO_2 193
40	RADIO_TIME_1 29835
40	RADIO_TIME_2 29818
40	RETRANSMISSIONS_1 582
40	RETRANSMISSIONS_2 2
40	DROPPED_1 58
40	DROPPED_2 0
40	MAX_QUEUE 2
40	DUPLICATED_1 0
40	DUPLICATED_2 0
40	EBUSY_RADIO_1 0
40	EBUSY_RADIO_2 0
40	86 1
40	86 1
40	86 1
40	86 1
40	86 1
40	86 1
40	86 1
40	86 1
40	86 1
40	86 1
40	86 1
40	86 1
40	86 1
40	86 1
40	86 1
40	86 1
40	86 1
40	86 1
40	86 1
40	86 1
40	86 1
40	86 1
40	86 1
40	86 1
40	86 1
40	86 1
40	86 1
40	86 1
40	86 1
40	86 1
40	86 1
40	86 1
40	86 1
40	86 1
40	86 1
40	86 1
40	86 1
40	86 1
40	86 1
40	86 1
40	86 1
40	TEST_NUMBER 2
40	SENT_TOTAL 250
40	RECEIVED_TOTAL 209
40	TIME_TOTAL 29803
40	RECEIVED_RADIO_1 123
40	RECEIVED_RADIO_2 127
40	SENT_RADIO_1 0
40	SENT_RADIO_2 189
40	RADIO_TIME_1 29803
40	RADIO_TIME_2 29742
40	RETRANSMISSIONS_1 599
40	RETRANSMISSIONS_2 7
40	DROPPED_1 61
40	DROPPED_2 0
40	MAX_QUEUE 2
40	DUPLICATED_1 0
40	DUPLICATED_2 0
40	EBUSY_RADIO_1 0
40	EBUSY_RADIO_2 0
40	86 2
40	86 2
40	86 2
40	86 2
40	86 2
40	86 2
40	86 2
40	86 2
40	86 2
40	86 2
40	86 2
40	86 2
40	86 2
40	86 2
40	86 2
40	86 2
40	86 2
40	86 2
40	86 2
40	86 2
40	86 2
40	86 2
40	86 2
40	86 2
40	86 2
40	86 2
40	86 2
40	86 2
40	86 2
40	86 2
40	86 2
40	86 2
40	86 2
40	86 2
40	86 2
40	86 2
40	86 2
40	86 2
40	86 2
40	86 2
40	86 2
40	TEST_NUMBER 3
40	SENT_TOTAL 250
40	RECEIVED_TOTAL 209
40	TIME_TOTAL 29806
40	RECEIVED_RADIO_1 123
40	RECEIVED_RADIO_2 127
40	SENT_RADIO_1 0
40	SENT_RADIO_2 192
40	RADIO_TIME_1 29646
40	RADIO_TIME_2 29806
40	RETRANSMISSIONS_1 578
40	RETRANSMISSIONS_2 5
40	DROPPED_1 58
40	DROPPED_2 0
40	MAX_QUEUE 2
40	DUPLICATED_1 0
40	DUPLICATED_2 0
40	EBUSY_RADIO_1 0
40	EBUSY_RADIO_2 0
40	86 3
40	86 3
40	86 3
40	86 3
40	86 3
40	86 3
40	86 3
40	86 3
40	86 3
40	86 3
40	86 3
40	86 3
40	86 3
40	86 3
40	86 3
40	86 3
40	86 3
40	86 3
40	86 3
40	86 3
40	86 3
40	86 3
40	86 3
40	86 3
40	86 3
40	86 3
40	86 3
40	86 3
40	86 3
40	86 3
40	86 3
40	86 3
40	86 3
40	86 3
40	86 3
40	86 3
40	86 3
40	86 3
40	86 3
40	86 3
40	86 3
40	TEST_NUMBER 4
40	SENT_TOTAL 250
40	RECEIVED_TOTAL 209
40	TIME_TOTAL 29800
40	RECEIVED_RADIO_1 125
40	RECEIVED_RADIO_2 125
40	SENT_RADIO_1 0
40	SENT_RADIO_2 193
40	RADIO_TIME_1 29808
40	RADIO_TIME_2 29728
40	RETRANSMISSIONS_1 577
40	RETRANSMISSIONS_2 6
40	DROPPED_1 58
40	DROPPED_2 0
40	MAX_QUEUE 2
40	DUPLICATED_1 0
40	DUPLICATED_2 0
40	EBUSY_RADIO_1 0
40	EBUSY_RADIO_2 0
40	86 4
40	86 4
40	86 4
40	86 4
40	86 4
40	86 4
40	86 4
40	86 4
40	86 4
40	86 4
40	86 4
40	86 4
40	86 4
40	86 4
40	86 4
40	86 4
40	86 4
40	86 4
40	86 4
40	86 4
40	86 4
40	86 4
40	86 4
40	86 4
40	86 4
40	86 4
40	86 4
40	86 4
40	86 4
40	86 4
40	86 4
40	86 4
40	86 4
40	86 4
40	86 4
40	86 4
40	86 4
40	86 4
40	86 4
40	86 4
40	86 4
40	TEST_NUMBER 5
40	SENT_TOTAL 250
40	RECEIVED_TOTAL 209
40	TIME_TOTAL 29804
40	RECEIVED_RADIO_1 123
40	RECEIVED_RADIO_2 127
40	SENT_RADIO_1 0
40	SENT_RADIO_2 192
40	RADIO_TIME_1 29804
40	RADIO_TIME_2 29734
40	RETRANSMISSIONS_1 569
40	RETRANSMISSIONS_2 4
40	DROPPED_1 57
40	DROPPED_2 0
40	MAX_QUEUE 2
40	DUPLICATED_1 0
40	DUPLICATED_2 0
40	EBUSY_RADIO_1 0
40	EBUSY_RADIO_2 0
40	86 5
40	86 5
40	86 5
40	86 5
40	86 5
40	86 5
40	86 5
40	86 5
40	86 5
40	86 5
40	86 5
40	86 5
40	86 5
40	86 5
40	86 5
40	86 5
40	86 5
40	86 5
40	86 5
40	86 5
40	86 5
40	86 5
40	86 5
40	86 5
40	86 5
40	86 5
40	86 5
40	86 5
40	86 5
40	86 5
40	86 5
40	86 5
40	86 5
40	86 5
40	86 5
40	86 5
40	86 5
40	86 5
40	86 5
40	86 5
40	86 5
40	TEST_NUMBER 6
40	SENT_TOTAL 250
40	RECEIVED_TOTAL 209
40	TIME_TOTAL 29807
40	RECEIVED_RADIO_1 123
40	RECEIVED_RADIO_2 127
40	SENT_RADIO_1 0
40	SENT_RADIO_2 191
40	RADIO_TIME_1 29725
40	RADIO_TIME_2 29730
40	RETRANSMISSIONS_1 588
40	RETRANSMISSIONS_2 6
40	DROPPED_1 59
40	DROPPED_2 0
40	MAX_QUEUE 2
40	DUPLICATED_1 0
40	DUPLICATED_2 1
40	EBUSY_RADIO_1 0
40	EBUSY_RADIO_2 0
40	86 6
40	86 6
40	86 6
40	86 6
40	86 6
40	86 6
40	86 6
40	86 6
40	86 6
40	86 6
40	86 6
40	86 6
40	86 6
40	86 6
40	86 6
40	86 6
40	86 6
40	86 6
40	86 6
40	86 6
40	86 6
40	86 6
40	86 6
40	86 6
40	86 6
40	86 6
40	86 6
40	86 6
40	86 6
40	86 6
40	86 6
40	86 6
40	86 6
40	86 6
40	86 6
40	86 6
40	86 6
40	86 6
40	86 6
40	86 6
40	86 6

47	RELAY_NODE 47
47	TEST_NUMBER 0
47	SENT_TOTAL 0
47	RECEIVED_TOTAL 0
47	TIME_TOTAL 0
47	RECEIVED_RADIO_1 112
47	RECEIVED_RADIO_2 167
47	SENT_RADIO_1 167
47	SENT_RADIO_2 112
47	RADIO_TIME_1 17533
47	RADIO_TIME_2 17533
47	RETRANSMISSIONS_1 7
47	RETRANSMISSIONS_2 1
47	DROPPED_1 0
47	DROPPED_2 0
47	MAX_QUEUE 1
47	DUPLICATED_1 0
47	DUPLICATED_2 3
47	EBUSY_RADIO_1 0
47	EBUSY_RADIO_2 0
47	TEST_NUMBER 1
47	SENT_TOTAL 0
47	RECEIVED_TOTAL 0
47	TIME_TOTAL 0
47	RECEIVED_RADIO_1 125
47	RECEIVED_RADIO_2 193
47	SENT_RADIO_1 193
47	SENT_RADIO_2 125
47	RADIO_TIME_1 29732
47	RADIO_TIME_2 29732
47	RETRANSMISSIONS_1 4
47	RETRANSMISSIONS_2 0
47	DROPPED_1 0
47	DROPPED_2 0
47	MAX_QUEUE 1
47	DUPLICATED_1 0
47	DUPLICATED_2 1
47	EBUSY_RADIO_1 0
47	EBUSY_RADIO_2 0
47	TEST_NUMBER 2
47	SENT_TOTAL 0
47	RECEIVED_TOTAL 0
47	TIME_TOTAL 0
47	RECEIVED_RADIO_1 127
47	RECEIVED_RADIO_2 189
47	SENT_RADIO_1 189
47	SENT_RADIO_2 127
47	RADIO_TIME_1 29737
47	RADIO_TIME_2 29737
47	RETRANSMISSIONS_1 13
47	RETRANSMISSIONS_2 1
47	DROPPED_1 0
47	DROPPED_2 0
47	MAX_QUEUE 2
47	DUPLICATED_1 0
47	DUPLICATED_2 6
47	EBUSY_RADIO_1 0
47	EBUSY_RADIO_2 0
47	TEST_NUMBER 3
47	SENT_TOTAL 0
47	RECEIVED_TOTAL 0
47	TIME_TOTAL 0
47	RECEIVED_RADIO_1 127
47	RECEIVED_RADIO_2 192
47	SENT_RADIO_1 192
47	SENT_RADIO_2 127
47	RADIO_TIME_1 29800
47	RADIO_TIME_2 29800
47	RETRANSMISSIONS_1 8
47	RETRANSMISSIONS_2 1
47	DROPPED_1 0
47	DROPPED_2 0
47	MAX_QUEUE 2
47	DUPLICATED_1 0
47	DUPLICATED_2 3
47	EBUSY_RADIO_1 0
47	EBUSY_RADIO_2 0
47	TEST_NUMBER 4
47	SENT_TOTAL 0
47	RECEIVED_TOTAL 0
47	TIME_TOTAL 0
47	RECEIVED_RADIO_1 125
47	RECEIVED_RADIO_2 192
47	SENT_RADIO_1 192
47	SENT_RADIO_2 125
47	RADIO_TIME_1 29788
47	RADIO_TIME_2 29788
47	RETRANSMISSIONS_1 5
47	RETRANSMISSIONS_2 0
47	DROPPED_1 0
47	DROPPED_2 0
47	MAX_QUEUE 1
47	DUPLICATED_1 0
47	DUPLICATED_2 3
47	EBUSY_RADIO_1 0
47	EBUSY_RADIO_2 0
47	TEST_NUMBER 5
47	SENT_TOTAL 0
47	RECEIVED_TOTAL 0
47	TIME_TOTAL 0
47	RECEIVED_RADIO_1 127
47	RECEIVED_RADIO_2 193
47	SENT_RADIO_1 193
47	SENT_RADIO_2 127
47	RADIO_TIME_1 29746
47	RADIO_TIME_2 29746
47	RETRANSMISSIONS_1 6
47	RETRANSMISSIONS_2 1
47	DROPPED_1 0
47	DROPPED_2 0
47	MAX_QUEUE 1
47	DUPLICATED_1 0
47	DUPLICATED_2 3
47	EBUSY_RADIO_1 0
47	EBUSY_RADIO_2 0
47	TEST_NUMBER 6
47	SENT_TOTAL 0
47	RECEIVED_TOTAL 0
47	TIME_TOTAL 0
47	RECEIVED_RADIO_1 127
47	RECEIVED_RADIO_2 190
47	SENT_RADIO_1 190
47	SENT_RADIO_2 127
47	RADIO_TIME_1 29741
47	RADIO_TIME_2 29741
47	RETRANSMISSIONS_1 9
47	RETRANSMISSIONS_2 2
47	DROPPED_1 0
47	DROPPED_2 0
47	MAX_QUEUE 2
47	DUPLICATED_1 0
47	DUPLICATED_2 4
47	EBUSY_RADIO_1 0
47	EBUSY_RADIO_2 0

50	SOURCE_NODE 50
50	84 1
50	84 2
50	83 2
50	85 2
50	79 19
50	84 3
50	84 4
50	83 4
50	85 3
50	79 111
50	84 5
50	83 5
50	85 5
50	79 31
50	84 6
50	84 7
50	83 7
50	85 6
50	79 104
50	83 7
50	85 7
50	79 53
50	84 8
50	84 9
50	83 9
50	85 9
50	79 25
50	84 10
50	84 11
50	83 11
50	85 10
50	79 107
50	83 11
50	85 11
50	79 36
50	84 12
50	84 13
50	83 13
50	85 13
50	79 28
50	84 14
50	84 15
50	83 15
50	85 14
50	79 106
50	83 15
50	85 15
50	79 37
50	84 16
50	84 17
50	83 17
50	85 17
50	79 33
50	84 18
50	84 19
50	83 19
50	85 18
50	79 114
50	83 19
50	85 19
50	79 44
50	84 20
50	84 1
50	83 1
50	85 1
50	79 28
50	84 2
50	84 3
50	83 3
50	85 2
50	79 108
50	83 3
50	85 3
50	79 47
50	84 4
50	84 5
50	83 5
50	85 5
50	79 28
50	84 6
50	84 7
50	83 7
50	85 6
50	79 106
50	83 7
50	85 7
50	79 33
50	84 8
50	84 9
50	83 9
50	85 9
50	79 31
50	84 10
50	84 11
50	83 11
50	85 10
50	79 109
50	83 11
50	85 11
50	79 47
50	84 12
50	83 12
50	85 12
50	79 39
50	84 13
50	84 14
50	83 14
50	85 14
50	79 32
50	84 15
50	84 16
50	83 16
50	85 15
50	79 111
50	83 16
50	85 16
50	79 40
50	84 17
50	83 17
50	85 17
50	79 30
50	84 18
50	84 19
50	83 19
50	85 19
50	79 24
50	84 20
50	84 1
50	83 1
50	85 20
50	79 106
50	83 1
50	85 1
50	79 36
50	84 2
50	84 3
50	83 3
50	85 3
50	79 29
50	84 4
50	83 4
50	85 4
50	79 48
50	84 5
50	84 6
50	83 6
50	85 5
50	79 102
50	84 7
50	83 7
50	85 7
50	79 27
50	84 8
50	84 9
50	83 9
50	85 8
50	79 110
50	83 9
50	85 9
50	79 47
50	84 10
50	84 11
50	83 11
50	85 11
50	79 30
50	84 12
50	84 13
50	83 13
50	85 12
50	79 108
50	83 13
50	85 13
50	79 36
50	84 14
50	84 15
50	83 15
50	85 15
50	79 26
50	84 16
50	84 17
50	83 17
50	85 16
50	79 107
50	83 17
50	85 17
50	79 37
50	84 18
50	83 18
50	85 18
50	79 38
50	84 19
50	84 20
50	83 20
50	85 20
50	79 24
50	84 1
50	84 2
50	83 2
50	85 1
50	79 106
50	83 2
50	85 2
50	79 32
50	84 3
50	83 3
50	85 3
50	79 45
50	84 4
50	84 5
50	83 5
50	85 5
50	79 25
50	84 6
50	84 7
50	83 7
50	85 6
50	79 106
50	83 7
50	85 7
50	79 41
50	84 8
50	84 9
50	83 9
50	85 9
50	79 28
50	84 10
50	84 11
50	83 11
50	85 10
50	79 109
50	83 11
50	85 11
50	79 36
50	84 12
50	84 13
50	83 13
50	85 13
50	79 32
50	84 14
50	84 15
50	83 15
50	85 14
50	79 107
50	83 15
50	85 15
50	79 35
50	84 16
50	84 17
50	83 17
50	85 17
50	79 30
50	84 18
50	84 19
50	83 19
50	85 18
50	79 106
50	83 19
50	85 19
50	79 34
50	84 20
50	84 1
50	83 1
50	85 1
50	79 27
50	84 2
50	84 3
50	83 3
50	85 2
50	79 104
50	83 3
50	85 3
50	79 34
50	84 4
50	83 4
50	85 4
50	79 37
50	84 5
50	84 6
50	83 6
50	85 6
50	79 25
50	84 7
50	84 8
50	83 8
50	85 7
50	79 106
50	83 8
50	85 8
50	79 33
50	84 9
50	83 9
50	85 9
50	79 34
50	84 10
50	84 11
50	83 11
50	85 11
50	79 27
50	84 12
50	84 13
50	83 13
50	85 12
50	79 111
50	84 14
50	83 14
50	85 14
50	79 25
50	84 15
50	84 16
50	83 16
50	85 15
50	79 108
50	83 16
50	85 16
50	79 37
50	84 17
50	83 17
50	85 17
50	79 36
50	84 18
50	84 19
50	83 19
50	85 19
50	79 28
50	84 20
50	84 1
50	83 1
50	85 20
50	79 109
50	83 1
50	85 1
50	79 39
50	84 2
50	84 3
50	83 3
50	85 3
50	79 32
50	84 4
50	84 5
50	83 5
50	85 4
50	79 107
50	84 6
50	83 6
50	85 6
50	79 29
50	84 7
50	84 8
50	83 8
50	85 7
50	79 117
50	83 8
50	85 8
50	79 43
50	84 9
50	84 10
50	83 10
50	85 10
50	79 29
50	84 11
50	84 12
50	83 12
50	85 11
50	79 109
50	83 12
50	85 12
50	79 36
50	84 13
50	83 13
50	85 13
50	79 31
50	84 14
50	84 15
50	83 15
50	85 15
50	79 26
50	84 16
50	84 17
50	84 18
50	83 18
50	85 17
50	79 104
50	83 18
50	85 16
50	79 196
50	83 18
50	85 18
50	79 54
50	84 19
50	84 20
50	83 20
50	85 20
50	79 26
50	84 1
50	84 2
50	83 2
50	85 1
50	79 108
50	83 2
50	85 2
50	79 34
50	84 3
50	84 4
50	83 4
50	85 4
50	79 28
50	84 5
50	84 6
50	83 6
50	85 5
50	79 107
50	83 6
50	85 6
50	79 36
50	84 7
50	83 7
50	85 7
50	79 35
50	84 8
50	84 9
50	83 9
50	85 9
50	79 27
50	84 10
50	84 11
50	83 11
50	85 10
50	79 106
50	83 11
50	85 11
50	79 36
50	84 12
50	84 13
50	83 13
50	85 13
50	79 24
50	84 14
50	84 15
50	83 15
50	85 14
50	79 107
50	83 15
50	85 15
50	79 34
50	84 16
50	83 16
50	85 16
50	79 33
50	84 17
50	84 18
50	83 18
50	85 18
50	79 33
50	84 19
50	84 20
50	83 20
50	85 19
50	79 107
50	83 20
50	85 20
50	79 36
50	84 1
50	83 1
50	85 1
50	79 40
50	84 2
50	84 3
50	83 3
50	85 3
50	79 27
50	84 4
50	84 5
50	83 5
50	85 4
50	79 112
50	84 6
50	83 6
50	85 6
50	79 28
50	84 7
50	84 8
50	83 8
50	85 7
50	79 109
50	83 8
50	85 8
50	79 44
50	84 9
50	84 10
50	83 10
50	85 10
50	79 26
50	84 11
50	84 12
50	83 12
50	85 11
50	79 108
50	84 13
50	83 13
50	85 13
50	79 26
50	84 14
50	84 15
50	83 15
50	85 14
50	79 103
50	83 15
50	85 15
50	79 31
50	84 16
50	83 16
50	85 16
50	79 38
50	84 17
50	84 18
50	83 18
50	85 18
50	79 22
50	84 19
50	84 20
50	83 20
50	85 19
50	79 108
50	83 20
50	85 20
50	79 35
50	84 1
50	84 2
50	83 2
50	85 2
50	79 32
50	84 3
50	84 4
50	83 4
50	85 3
50	79 103
50	83 4
50	85 4
50	79 31
50	84 5
50	83 5
50	85 5
50	79 30
50	84 6
50	84 7
50	83 7
50	85 7
50	79 26
50	84 8
50	84 9
50	83 9
50	85 8
50	79 126
50	84 10
50	84 11
50	83 11
50	85 9
50	79 183
50	84 12
50	83 12
50	85 11
50	79 114
50	83 12
50	85 12
50	79 43
50	84 13
50	83 13
50	85 13
50	79 47
50	84 14
50	84 15
50	83 15
50	85 15
50	79 26
50	84 16
50	84 17
50	83 17
50	85 16
50	79 127
50	84 18
50	84 19
50	83 19
50	85 17
50	79 196
50	83 19
50	85 19
50	79 44
50	84 20
50	84 1
50	83 1
50	85 20
50	79 106
50	83 1
50	85 1
50	79 34
50	84 2
50	84 3
50	83 3
50	85 3
50	79 27
50	84 4
50	84 5
50	83 5
50	85 4
50	79 111
50	83 5
50	85 5
50	79 40
50	84 6
50	84 7
50	83 7
50	85 7
50	79 27
50	84 8
50	84 9
50	83 9
50	85 8
50	79 107
50	84 10
50	83 10
50	85 10
50	79 29
50	84 11
50	84 12
50	83 12
50	85 11
50	79 103
50	83 12
50	85 12
50	79 30
50	84 13
50	83 13
50	85 13
50	79 30
50	84 14
50	84 15
50	83 15
50	85 15
50	79 31
50	84 16
50	84 17
50	83 17
50	85 16
50	79 107
50	83 17
50	85 17
50	79 43
50	84 18
50	84 19
50	83 19
50	85 19
50	79 28
50	84 20
50	84 1
50	83 1
50	85 20
50	79 106
50	83 1
50	85 1
50	79 42
50	84 2
50	84 3
50	83 3
50	85 3
50	79 27
50	84 4
50	84 5
50	83 5
50	85 4
50	79 107
50	83 5
50	85 5
50	79 39
50	84 6
50	83 6
50	85 6
50	79 41
50	84 7
50	84 8
50	83 8
50	85 8
50	79 31
50	84 9
50	84 10
50	83 10
50	85 9
50	79 105
50	83 10
50	85 10
50	79 41
50	84 11
50	84 12
50	83 12
50	85 12
50	79 31
50	84 13
50	84 14
50	83 14
50	85 13
50	79 114
50	83 14
50	85 14
50	79 43
50	84 15
50	83 15
50	85 15
50	79 36
50	84 16
50	84 17
50	83 17
50	85 17
50	79 30
50	84 18
50	84 19
50	83 19
50	85 18
50	79 109
50	84 20
50	83 20
50	85 20
50	79 26
50	84 1
50	84 2
50	83 2
50	85 1
50	79 104
50	83 2
50	85 2
50	79 30
50	84 3
50	83 3
50	85 3
50	79 35
50	84 4
50	84 5
50	83 5
50	85 5
50	79 24
50	84 6
50	84 7
50	83 7
50	85 6
50	79 107
50	83 7
50	85 7
50	79 36
50	84 8
50	84 9
50	83 9
50	85 9
50	79 34
50	84 10
50	84 11
50	83 11
50	85 10
50	79 105
50	84 12
50	83 12
50	85 12
50	79 27
50	84 13
50	84 14
50	83 14
50	85 13
50	79 106
50	83 14
50	85 14
50	79 34
50	84 15
50	84 16
50	83 16
50	85 16
50	79 27
50	84 17
50	84 18
50	83 18
50	85 17
50	79 105
50	83 18
50	85 18
50	79 36
50	84 19
50	84 20
50	83 20
50	85 20
50	79 27
50	84 1
50	84 2
50	83 2
50	85 1
50	79 108
50	83 2
50	85 2
50	79 38
50	84 3
50	84 4
50	83 4
50	85 4
50	79 28
50	84 5
50	84 6
50	83 6
50	85 5
50	79 107
50	83 6
50	85 6
50	79 38
50	84 7
50	84 8
50	83 8
50	85 8
50	79 26
50	84 9
50	84 10
50	TEST_NUMBER 0
50	SENT_TOTAL 250
50	RECEIVED_TOTAL 188
50	TIME_TOTAL 19611
50	RECEIVED_RADIO_1 188
50	RECEIVED_RADIO_2 0
50	SENT_RADIO_1 126
50	SENT_RADIO_2 123
50	RADIO_TIME_1 19763
50	RADIO_TIME_2 19763
50	RETRANSMISSIONS_1 0
50	RETRANSMISSIONS_2 2
50	DROPPED_1 0
50	DROPPED_2 0
50	MAX_QUEUE 1
50	DUPLICATED_1 7
50	DUPLICATED_2 0
50	EBUSY_RADIO_1 0
50	EBUSY_RADIO_2 0
50	83 0
50	85 9
50	86 0
50	83 0
50	85 10
50	86 0
50	84 1
50	84 2
50	83 2
50	85 2
50	79 26
50	84 3
50	84 4
50	83 4
50	85 3
50	79 109
50	83 4
50	85 4
50	79 38
50	84 5
50	83 5
50	85 5
50	79 34
50	84 6
50	84 7
50	83 7
50	85 7
50	79 33
50	84 8
50	84 9
50	83 9
50	85 8
50	79 106
50	83 9
50	85 9
50	79 47
50	84 10
50	83 10
50	85 10
50	79 41
50	84 11
50	84 12
50	83 12
50	85 12
50	79 29
50	84 13
50	84 14
50	83 14
50	85 13
50	79 109
50	83 14
50	85 14
50	79 37
50	84 15
50	84 16
50	83 16
50	85 16
50	79 22
50	84 17
50	84 18
50	83 18
50	85 17
50	79 109
50	83 18
50	85 18
50	79 43
50	84 19
50	84 20
50	83 20
50	85 20
50	79 26
50	84 1
50	84 2
50	83 2
50	85 1
50	79 103
50	83 2
50	85 2
50	79 35
50	84 3
50	84 4
50	83 4
50	85 4
50	79 27
50	84 5
50	84 6
50	83 6
50	85 5
50	79 110
50	83 6
50	85 6
50	79 40
50	84 7
50	84 8
50	83 8
50	85 8
50	79 27
50	84 9
50	84 10
50	83 10
50	85 9
50	79 111
50	83 10
50	85 10
50	79 44
50	84 11
50	84 12
50	83 12
50	85 12
50	79 24
50	84 13
50	84 14
50	83 14
50	85 13
50	79 114
50	84 15
50	83 15
50	85 15
50	79 30
50	84 16
50	84 17
50	83 17
50	85 16
50	79 108
50	83 17
50	85 17
50	79 45
50	84 18
50	84 19
50	83 19
50	85 19
50	79 26
50	84 20
50	84 1
50	83 1
50	85 20
50	79 111
50	83 1
50	85 1
50	79 37
50	84 2
50	84 3
50	83 3
50	85 3
50	79 29
50	84 4
50	84 5
50	83 5
50	85 4
50	79 109
50	83 5
50	85 5
50	79 36
50	84 6
50	83 6
50	85 6
50	79 39
50	84 7
50	84 8
50	83 8
50	85 8
50	79 26
50	84 9
50	84 10
50	83 10
50	85 9
50	79 105
50	83 10
50	85 10
50	79 35
50	84 11
50	83 11
50	85 11
50	79 33
50	84 12
50	84 13
50	83 13
50	85 13
50	79 27
50	84 14
50	84 15
50	83 15
50	85 14
50	79 112
50	83 15
50	85 15
50	79 40
50	84 16
50	83 16
50	85 16
50	79 37
50	84 17
50	84 18
50	83 18
50	85 18
50	79 21
50	84 19
50	84 20
50	83 20
50	85 19
50	79 102
50	83 20
50	85 20
50	79 33
50	84 1
50	83 1
50	85 1
50	79 36
50	84 2
50	84 3
50	83 3
50	85 3
50	79 28
50	84 4
50	84 5
50	83 5
50	85 4
50	79 105
50	83 5
50	85 5
50	79 33
50	84 6
50	84 7
50	83 7
50	85 7
50	79 28
50	84 8
50	84 9
50	83 9
50	85 8
50	79 108
50	83 9
50	85 9
50	79 36
50	84 10
50	84 11
50	83 11
50	85 11
50	79 25
50	84 12
50	84 13
50	83 13
50	85 12
50	79 106
50	83 13
50	85 13
50	79 39
50	84 14
50	83 14
50	85 14
50	79 34
50	84 15
50	84 16
50	83 16
50	85 16
50	79 26
50	84 17
50	84 18
50	83 18
50	85 17
50	79 106
50	83 18
50	85 18
50	79 33
50	84 19
50	83 19
50	85 19
50	79 28
50	84 20
50	84 1
50	83 1
50	85 1
50	79 32
50	84 2
50	84 3
50	83 3
50	85 2
50	79 107
50	83 3
50	85 3
50	79 38
50	84 4
50	84 5
50	83 5
50	85 5
50	79 28
50	84 6
50	84 7
50	83 7
50	85 6
50	79 109
50	83 7
50	85 7
50	79 34
50	84 8
50	84 9
50	83 9
50	85 9
50	79 25
50	84 10
50	84 11
50	83 11
50	85 10
50	79 104
50	83 11
50	85 11
50	79 31
50	84 12
50	83 12
50	85 12
50	79 37
50	84 13
50	84 14
50	83 14
50	85 14
50	79 29
50	84 15
50	84 16
50	83 16
50	85 15
50	79 107
50	83 16
50	85 16
50	79 44
50	84 17
50	84 18
50	83 18
50	85 18
50	79 31
50	84 19
50	84 20
50	83 20
50	85 19
50	79 110
50	83 20
50	85 20
50	79 40
50	84 1
50	83 1
50	85 1
50	79 37
50	84 2
50	84 3
50	83 3
50	85 3
50	79 28
50	84 4
50	84 5
50	83 5
50	85 4
50	79 104
50	83 5
50	85 5
50	79 40
50	84 6
50	84 7
50	83 7
50	85 7
50	79 26
50	84 8
50	84 9
50	83 9
50	85 8
50	79 104
50	83 9
50	85 9
50	79 31
50	84 10
50	83 10
50	85 10
50	79 38
50	84 11
50	84 12
50	83 12
50	85 12
50	79 27
50	84 13
50	84 14
50	83 14
50	85 13
50	79 110
50	83 14
50	85 14
50	79 47
50	84 15
50	84 16
50	83 16
50	85 16
50	79 24
50	84 17
50	84 18
50	83 18
50	85 17
50	79 110
50	83 18
50	85 18
50	79 47
50	84 19
50	84 20
50	83 20
50	85 20
50	79 25
50	84 1
50	84 2
50	83 2
50	85 1
50	79 110
50	83 2
50	85 2
50	79 39
50	84 3
50	83 3
50	85 3
50	79 33
50	84 4
50	84 5
50	83 5
50	85 5
50	79 35
50	84 6
50	84 7
50	83 7
50	85 6
50	79 109
50	83 7
50	85 7
50	79 47
50	84 8
50	84 9
50	83 9
50	85 9
50	79 27
50	84 10
50	84 11
50	83 11
50	85 10
50	79 106
50	84 12
50	84 13
50	83 13
50	85 12
50	79 107
50	83 13
50	85 13
50	79 38
50	84 14
50	83 14
50	85 14
50	79 40
50	84 15
50	84 16
50	83 16
50	85 16
50	79 27
50	84 17
50	84 18
50	83 18
50	85 17
50	79 107
50	83 18
50	85 18
50	79 39
50	84 19
50	83 19
50	85 19
50	79 33
50	84 20
50	84 1
50	83 1
50	85 1
50	79 27
50	84 2
50	84 3
50	83 3
50	85 2
50	79 107
50	83 3
50	85 3
50	79 42
50	84 4
50	83 4
50	85 4
50	79 33
50	84 5
50	84 6
50	83 6
50	85 6
50	79 27
50	84 7
50	84 8
50	83 8
50	85 7
50	79 106
50	83 8
50	85 8
50	79 39
50	84 9
50	84 10
50	83 10
50	85 10
50	79 22
50	84 11
50	84 12
50	83 12
50	85 11
50	79 109
50	83 12
50	85 12
50	79 38
50	84 13
50	84 14
50	83 14
50	85 14
50	79 28
50	84 15
50	84 16
50	83 16
50	85 15
50	79 108
50	83 16
50	85 16
50	79 34
50	84 17
50	83 17
50	85 17
50	79 35
50	84 18
50	84 19
50	83 19
50	85 19
50	79 25
50	84 20
50	84 1
50	83 1
50	85 20
50	79 109
50	83 1
50	85 1
50	79 37
50	84 2
50	84 3
50	83 3
50	85 3
50	79 28
50	84 4
50	84 5
50	83 5
50	85 4
50	79 106
50	83 5
50	85 5
50	79 41
50	84 6
50	84 7
50	83 7
50	85 7
50	79 30
50	84 8
50	84 9
50	83 9
50	85 8
50	79 107
50	83 9
50	85 9
50	79 40
50	84 10
50	84 11
50	83 11
50	85 11
50	79 28
50	84 12
50	84 13
50	83 13
50	85 12
50	79 105
50	83 13
50	85 13
50	79 33
50	84 14
50	84 15
50	83 15
50	85 15
50	79 33
50	84 16
50	83 16
50	85 16
50	79 49
50	84 17
50	84 18
50	83 18
50	85 17
50	79 111
50	83 18
50	85 18
50	79 37
50	84 19
50	84 20
50	83 20
50	85 20
50	79 25
50	84 1
50	84 2
50	83 2
50	85 1
50	79 110
50	83 2
50	85 2
50	79 36
50	84 3
50	84 4
50	83 4
50	85 4
50	79 31
50	84 5
50	84 6
50	83 6
50	85 5
50	79 105
50	83 6
50	85 6
50	79 37
50	84 7
50	83 7
50	85 7
50	79 36
50	84 8
50	84 9
50	83 9
50	85 9
50	79 24
50	84 10
50	84 11
50	83 11
50	85 10
50	79 107
50	83 11
50	85 11
50	79 35
50	84 12
50	83 12
50	85 12
50	79 31
50	84 13
50	84 14
50	84 15
50	83 15
50	85 14
50	79 115
50	83 15
50	85 15
50	79 44
50	84 16
50	84 17
50	83 17
50	85 16
50	79 105
50	84 18
50	83 18
50	85 18
50	79 23
50	84 19
50	84 20
50	83 20
50	85 19
50	79 108
50	83 20
50	85 20
50	79 44
50	84 1
50	84 2
50	83 2
50	85 2
50	79 30
50	84 3
50	84 4
50	83 4
50	85 3
50	79 104
50	83 4
50	85 4
50	79 30
50	84 5
50	83 5
50	85 5
50	79 37
50	84 6
50	84 7
50	83 7
50	85 7
50	79 28
50	84 8
50	84 9
50	83 9
50	85 8
50	79 112
50	83 9
50	85 9
50	79 38
50	84 10
50	83 10
50	85 10
50	79 36
50	84 11
50	84 12
50	83 12
50	85 12
50	79 28
50	84 13
50	84 14
50	83 14
50	85 13
50	79 109
50	83 14
50	85 14
50	79 39
50	84 15
50	83 15
50	85 15
50	79 32
50	84 16
50	84 17
50	83 17
50	85 17
50	79 30
50	84 18
50	84 19
50	83 19
50	85 18
50	79 108
50	83 19
50	85 19
50	79 38
50	84 20
50	83 20
50	85 20
50	79 32
50	84 1
50	84 2
50	83 2
50	85 2
50	79 27
50	84 3
50	84 4
50	83 4
50	85 3
50	79 106
50	83 4
50	85 4
50	79 31
50	84 5
50	84 6
50	83 6
50	85 6
50	79 27
50	84 7
50	84 8
50	83 8
50	85 7
50	79 112
50	83 8
50	85 8
50	79 50
50	84 9
50	84 10
50	84 11
50	83 11
50	85 9
50	79 195
50	83 11
50	85 11
50	79 46
50	84 12
50	84 13
50	83 13
50	85 12
50	79 104
50	83 13
50	85 13
50	79 40
50	84 14
50	84 15
50	83 15
50	85 15
50	79 30
50	84 16
50	84 17
50	83 17
50	85 16
50	79 109
50	84 18
50	83 18
50	85 18
50	79 24
50	84 19
50	84 20
50	83 20
50	85 19
50	79 108
50	83 20
50	85 20
50	79 35
50	84 1
50	83 1
50	85 1
50	79 31
50	84 2
50	84 3
50	83 3
50	85 3
50	79 30
50	84 4
50	84 5
50	83 5
50	85 4
50	79 106
50	84 6
50	83 6
50	85 6
50	79 30
50	84 7
50	84 8
50	83 8
50	85 7
50	79 108
50	83 8
50	85 8
50	79 37
50	84 9
50	84 10
50	TEST_NUMBER 1
50	SENT_TOTAL 250
50	RECEIVED_TOTAL 191
50	TIME_TOTAL 29740
50	RECEIVED_RADIO_1 193
50	RECEIVED_RADIO_2 0
50	SENT_RADIO_1 126
50	SENT_RADIO_2 124
50	RADIO_TIME_1 29783
50	RADIO_TIME_2 19763
50	RETRANSMISSIONS_1 0
50	RETRANSMISSIONS_2 3
50	DROPPED_1 0
50	DROPPED_2 0
50	MAX_QUEUE 1
50	DUPLICATED_1 5
50	DUPLICATED_2 0
50	EBUSY_RADIO_1 0
50	EBUSY_RADIO_2 0
50	83 0
50	85 10
50	86 1
50	84 1
50	84 2
50	83 2
50	85 1
50	79 110
50	83 2
50	85 2
50	79 45
50	84 3
50	84 4
50	84 5
50	83 5
50	85 4
50	79 105
50	83 5
50	85 5
50	79 35
50	84 6
50	83 6
50	85 6
50	79 42
50	84 7
50	84 8
50	83 8
50	85 8
50	79 26
50	84 9
50	84 10
50	83 10
50	85 9
50	79 112
50	83 10
50	85 10
50	79 40
50	84 11
50	84 12
50	83 12
50	85 12
50	79 29
50	84 13
50	84 14
50	83 14
50	85 13
50	79 114
50	83 14
50	85 14
50	79 40
50	84 15
50	83 15
50	85 15
50	79 33
50	84 16
50	84 17
50	83 17
50	85 17
50	79 29
50	84 18
50	84 19
50	83 19
50	85 18
50	79 113
50	83 19
50	85 19
50	79 41
50	84 20
50	84 1
50	83 1
50	85 1
50	79 26
50	84 2
50	84 3
50	83 3
50	85 2
50	79 103
50	84 4
50	83 4
50	85 4
50	79 25
50	84 5
50	84 6
50	83 6
50	85 5
50	79 111
50	83 6
50	85 6
50	79 51
50	84 7
50	83 7
50	85 7
50	79 37
50	84 8
50	84 9
50	83 9
50	85 9
50	79 26
50	84 10
50	84 11
50	84 12
50	83 12
50	85 11
50	79 103
50	83 12
50	85 10
50	79 203
50	83 12
50	85 12
50	79 53
50	84 13
50	84 14
50	83 14
50	85 14
50	79 24
50	84 15
50	84 16
50	83 16
50	85 15
50	79 109
50	83 16
50	85 16
50	79 36
50	84 17
50	84 18
50	83 18
50	85 18
50	79 30
50	84 19
50	84 20
50	83 20
50	85 19
50	79 111
50	83 20
50	85 20
50	79 40
50	84 1
50	83 1
50	85 1
50	79 41
50	84 2
50	84 3
50	83 3
50	85 3
50	79 27
50	84 4
50	84 5
50	83 5
50	85 4
50	79 107
50	83 5
50	85 5
50	79 35
50	84 6
50	83 6
50	85 6
50	79 35
50	84 7
50	84 8
50	83 8
50	85 8
50	79 26
50	84 9
50	83 9
50	85 9
50	79 41
50	84 10
50	84 11
50	83 11
50	85 10
50	79 110
50	83 11
50	85 11
50	79 47
50	84 12
50	84 13
50	83 13
50	85 13
50	79 26
50	84 14
50	84 15
50	83 15
50	85 14
50	79 113
50	83 15
50	85 15
50	79 49
50	84 16
50	84 17
50	83 17
50	85 17
50	79 30
50	84 18
50	84 19
50	83 19
50	85 18
50	79 120
50	84 20
50	84 1
50	83 1
50	85 19
50	79 183
50	84 2
50	83 2
50	85 1
50	79 112
50	83 2
50	85 2
50	79 54
50	84 3
50	84 4
50	83 4
50	85 4
50	79 28
50	84 5
50	84 6
50	83 6
50	85 5
50	79 108
50	83 6
50	85 6
50	79 43
50	84 7
50	83 7
50	85 7
50	79 31
50	84 8
50	84 9
50	83 9
50	85 9
50	79 27
50	84 10
50	84 11
50	83 11
50	85 10
50	79 122
50	84 12
50	84 13
50	83 13
50	85 11
50	79 185
50	84 14
50	83 14
50	85 13
50	79 111
50	83 14
50	85 14
50	79 39
50	84 15
50	83 15
50	85 15
50	79 48
50	84 16
50	84 17
50	83 17
50	85 17
50	79 26
50	84 18
50	84 19
50	83 19
50	85 18
50	79 104
50	83 19
50	85 19
50	79 32
50	84 20
50	84 1
50	83 1
50	85 1
50	79 32
50	84 2
50	84 3
50	83 3
50	85 2
50	79 108
50	84 4
50	83 4
50	85 4
50	79 32
50	84 5
50	84 6
50	83 6
50	85 5
50	79 105
50	83 6
50	85 6
50	79 31
50	84 7
50	83 7
50	85 7
50	79 34
50	84 8
50	84 9
50	83 9
50	85 9
50	79 27
50	84 10
50	84 11
50	84 12
50	83 12
50	85 10
50	79 185
50	84 13
50	83 13
50	85 12
50	79 108
50	83 13
50	85 13
50	79 34
50	84 14
50	83 14
50	85 14
50	79 41
50	84 15
50	84 16
50	83 16
50	85 16
50	79 30
50	84 17
50	84 18
50	83 18
50	85 17
50	79 113
50	83 18
50	85 18
50	79 39
50	84 19
50	84 20
50	83 20
50	85 20
50	79 28
50	84 1
50	84 2
50	83 2
50	85 1
50	79 113
50	84 3
50	83 3
50	85 3
50	79 26
50	84 4
50	84 5
50	83 5
50	85 4
50	79 108
50	84 6
50	83 6
50	85 6
50	79 25
50	84 7
50	84 8
50	83 8
50	85 7
50	79 111
50	83 8
50	85 8
50	79 38
50	84 9
50	83 9
50	85 9
50	79 33
50	84 10
50	84 11
50	83 11
50	85 11
50	79 34
50	84 12
50	84 13
50	83 13
50	85 12
50	79 105
50	83 13
50	85 13
50	79 39
50	84 14
50	84 15
50	83 15
50	85 15
50	79 29
50	84 16
50	84 17
50	83 17
50	85 16
50	79 106
50	83 17
50	85 17
50	79 34
50	84 18
50	84 19
50	83 19
50	85 19
50	79 35
50	84 20
50	84 1
50	83 1
50	85 20
50	79 108
50	84 2
50	83 2
50	85 2
50	79 27
50	84 3
50	84 4
50	83 4
50	85 3
50	79 109
50	83 4
50	85 4
50	79 44
50	84 5
50	83 5
50	85 5
50	79 34
50	84 6
50	84 7
50	83 7
50	85 7
50	79 29
50	84 8
50	84 9
50	83 9
50	85 8
50	79 106
50	83 9
50	85 9
50	79 34
50	84 10
50	84 11
50	83 11
50	85 11
50	79 27
50	84 12
50	84 13
50	83 13
50	85 12
50	79 105
50	83 13
50	85 13
50	79 33
50	84 14
50	84 15
50	83 15
50	85 15
50	79 29
50	84 16
50	84 17
50	83 17
50	85 16
50	79 108
50	83 17
50	85 17
50	79 36
50	84 18
50	84 19
50	83 19
50	85 19
50	79 25
50	84 20
50	84 1
50	83 1
50	85 20
50	79 109
50	84 2
50	83 2
50	85 2
50	79 28
50	84 3
50	84 4
50	83 4
50	85 3
50	79 109
50	83 4
50	85 4
50	79 36
50	84 5
50	84 6
50	83 6
50	85 6
50	79 26
50	84 7
50	84 8
50	83 8
50	85 7
50	79 114
50	83 8
50	85 8
50	79 43
50	84 9
50	84 10
50	83 10
50	85 10
50	79 28
50	84 11
50	84 12
50	83 12
50	85 11
50	79 113
50	83 12
50	85 12
50	79 54
50	84 13
50	84 14
50	83 14
50	85 14
50	79 25
50	84 15
50	84 16
50	83 16
50	85 15
50	79 109
50	83 16
50	85 16
50	79 38
50	84 17
50	83 17
50	85 17
50	79 33
50	84 18
50	84 19
50	83 19
50	85 19
50	79 25
50	84 20
50	84 1
50	83 1
50	85 20
50	79 107
50	84 2
50	83 2
50	85 2
50	79 27
50	84 3
50	84 4
50	83 4
50	85 3
50	79 105
50	83 4
50	85 4
50	79 35
50	84 5
50	83 5
50	85 5
50	79 35
50	84 6
50	84 7
50	83 7
50	85 7
50	79 29
50	84 8
50	84 9
50	83 9
50	85 8
50	79 106
50	83 9
50	85 9
50	79 42
50	84 10
50	84 11
50	83 11
50	85 11
50	79 24
50	84 12
50	84 13
50	83 13
50	85 12
50	79 109
50	83 13
50	85 13
50	79 37
50	84 14
50	83 14
50	85 14
50	79 37
50	84 15
50	84 16
50	83 16
50	85 16
50	79 27
50	84 17
50	84 18
50	83 18
50	85 17
50	79 109
50	83 18
50	85 18
50	79 38
50	84 19
50	83 19
50	85 19
50	79 45
50	84 20
50	84 1
50	83 1
50	85 1
50	79 26
50	84 2
50	84 3
50	83 3
50	85 2
50	79 108
50	83 3
50	85 3
50	79 40
50	84 4
50	84 5
50	83 5
50	85 5
50	79 30
50	84 6
50	84 7
50	83 7
50	85 6
50	79 106
50	84 8
50	83 8
50	85 8
50	79 26
50	84 9
50	84 10
50	83 10
50	85 9
50	79 108
50	83 10
50	85 10
50	79 37
50	84 11
50	83 11
50	85 11
50	79 31
50	84 12
50	84 13
50	83 13
50	85 13
50	79 29
50	84 14
50	84 15
50	83 15
50	85 14
50	79 104
50	83 15
50	85 15
50	79 33
50	84 16
50	84 17
50	83 17
50	85 17
50	79 26
50	84 18
50	84 19
50	83 19
50	85 18
50	79 105
50	83 19
50	85 19
50	79 35
50	84 20
50	84 1
50	83 1
50	85 1
50	79 28
50	84 2
50	84 3
50	83 3
50	85 2
50	79 109
50	83 3
50	85 3
50	79 36
50	84 4
50	84 5
50	84 6
50	83 6
50	85 4
50	79 190
50	84 7
50	83 7
50	85 6
50	79 111
50	83 7
50	85 7
50	79 37
50	84 8
50	83 8
50	85 8
50	79 42
50	84 9
50	84 10
50	83 10
50	85 10
50	79 29
50	84 11
50	84 12
50	83 12
50	85 11
50	79 110
50	83 12
50	85 12
50	79 39
50	84 13
50	83 13
50	85 13
50	79 37
50	84 14
50	84 15
50	83 15
50	85 15
50	79 30
50	84 16
50	84 17
50	83 17
50	85 16
50	79 105
50	83 17
50	85 17
50	79 32
50	84 18
50	83 18
50	85 18
50	79 42
50	84 19
50	84 20
50	83 20
50	85 20
50	79 24
50	84 1
50	84 2
50	83 2
50	85 1
50	79 109
50	84 3
50	83 3
50	85 3
50	79 26
50	84 4
50	84 5
50	83 5
50	85 4
50	79 105
50	83 5
50	85 5
50	79 32
50	84 6
50	83 6
50	85 6
50	79 34
50	84 7
50	84 8
50	83 8
50	85 8
50	79 25
50	84 9
50	84 10
50	83 10
50	85 9
50	79 104
50	83 10
50	85 10
50	79 40
50	84 11
50	84 12
50	83 12
50	85 12
50	79 25
50	84 13
50	84 14
50	83 14
50	85 13
50	79 110
50	83 14
50	85 14
50	79 43
50	84 15
50	83 15
50	85 15
50	79 36
50	84 16
50	84 17
50	83 17
50	85 17
50	79 31
50	84 18
50	84 19
50	83 19
50	85 18
50	79 109
50	83 19
50	85 19
50	79 45
50	84 20
50	83 20
50	85 20
50	79 37
50	84 1
50	84 2
50	83 2
50	85 2
50	79 33
50	84 3
50	84 4
50	83 4
50	85 3
50	79 106
50	83 4
50	85 4
50	79 34
50	84 5
50	83 5
50	85 5
50	79 38
50	84 6
50	84 7
50	83 7
50	85 7
50	79 30
50	84 8
50	84 9
50	83 9
50	85 8
50	79 115
50	84 10
50	TEST_NUMBER 2
50	SENT_TOTAL 250
50	RECEIVED_TOTAL 189
50	TIME_TOTAL 29808
50	RECEIVED_RADIO_1 190
50	RECEIVED_RADIO_2 0
50	SENT_RADIO_1 126
50	SENT_RADIO_2 124
50	RADIO_TIME_1 29852
50	RADIO_TIME_2 19683
50	RETRANSMISSIONS_1 0
50	RETRANSMISSIONS_2 3
50	DROPPED_1 0
50	DROPPED_2 0
50	MAX_QUEUE 1
50	DUPLICATED_1 14
50	DUPLICATED_2 0
50	EBUSY_RADIO_1 0
50	EBUSY_RADIO_2 0
50	83 0
50	85 10
50	86 2
50	84 1
50	84 2
50	83 2
50	85 1
50	79 107
50	84 3
50	84 4
50	83 4
50	85 3
50	79 107
50	83 4
50	85 4
50	79 44
50	84 5
50	84 6
50	83 6
50	85 6
50	79 29
50	84 7
50	84 8
50	83 8
50	85 7
50	79 106
50	83 8
50	85 8
50	79 35
50	84 9
50	83 9
50	85 9
50	79 34
50	84 10
50	84 11
50	83 11
50	85 11
50	79 24
50	84 12
50	84 13
50	83 13
50	85 12
50	79 104
50	83 13
50	85 13
50	79 33
50	84 14
50	83 14
50	85 14
50	79 36
50	84 15
50	84 16
50	83 16
50	85 16
50	79 29
50	84 17
50	84 18
50	83 18
50	85 17
50	79 112
50	83 18
50	85 18
50	79 42
50	84 19
50	84 20
50	83 20
50	85 20
50	79 28
50	84 1
50	84 2
50	83 2
50	85 1
50	79 104
50	83 2
50	85 2
50	79 34
50	84 3
50	83 3
50	85 3
50	79 39
50	84 4
50	84 5
50	83 5
50	85 5
50	79 30
50	84 6
50	84 7
50	83 7
50	85 6
50	79 116
50	83 7
50	85 7
50	79 43
50	84 8
50	84 9
50	83 9
50	85 9
50	79 26
50	84 10
50	84 11
50	83 11
50	85 10
50	79 106
50	83 11
50	85 11
50	79 35
50	84 12
50	83 12
50	85 12
50	79 36
50	84 13
50	84 14
50	83 14
50	85 14
50	79 26
50	84 15
50	84 16
50	83 16
50	85 15
50	79 108
50	83 16
50	85 16
50	79 37
50	84 17
50	84 18
50	83 18
50	85 18
50	79 30
50	84 19
50	84 20
50	84 1
50	83 1
50	85 19
50	79 193
50	84 2
50	83 2
50	85 1
50	79 105
50	83 2
50	85 2
50	79 34
50	84 3
50	83 3
50	85 3
50	79 45
50	84 4
50	84 5
50	83 5
50	85 5
50	79 28
50	84 6
50	84 7
50	83 7
50	85 6
50	79 110
50	83 7
50	85 7
50	79 46
50	84 8
50	84 9
50	83 9
50	85 9
50	79 25
50	84 10
50	84 11
50	83 11
50	85 10
50	79 105
50	83 11
50	85 11
50	79 33
50	84 12
50	83 12
50	85 12
50	79 38
50	84 13
50	84 14
50	84 15
50	83 15
50	85 13
50	79 196
50	83 15
50	85 15
50	79 44
50	84 16
50	84 17
50	83 17
50	85 16
50	79 104
50	83 17
50	85 17
50	79 33
50	84 18
50	84 19
50	83 19
50	85 19
50	79 26
50	84 20
50	84 1
50	83 1
50	85 20
50	79 109
50	83 1
50	85 1
50	79 35
50	84 2
50	83 2
50	85 2
50	79 37
50	84 3
50	84 4
50	83 4
50	85 4
50	79 23
50	84 5
50	84 6
50	83 6
50	85 5
50	79 107
50	83 6
50	85 6
50	79 47
50	84 7
50	83 7
50	85 7
50	79 31
50	84 8
50	84 9
50	83 9
50	85 9
50	79 28
50	84 10
50	84 11
50	83 11
50	85 10
50	79 107
50	83 11
50	85 11
50	79 37
50	84 12
50	84 13
50	83 13
50	85 13
50	79 32
50	84 14
50	84 15
50	83 15
50	85 14
50	79 108
50	83 15
50	85 15
50	79 40
50	84 16
50	84 17
50	83 17
50	85 17
50	79 27
50	84 18
50	84 19
50	83 19
50	85 18
50	79 104
50	84 20
50	84 1
50	83 1
50	85 20
50	79 107
50	83 1
50	85 1
50	79 43
50	84 2
50	84 3
50	83 3
50	85 3
50	79 30
50	84 4
50	84 5
50	83 5
50	85 4
50	79 107
50	83 5
50	85 5
50	79 37
50	84 6
50	84 7
50	83 7
50	85 7
50	79 29
50	84 8
50	84 9
50	84 10
50	83 10
50	85 9
50	79 103
50	83 10
50	85 8
50	79 198
50	83 10
50	85 10
50	79 45
50	84 11
50	84 12
50	83 12
50	85 12
50	79 29
50	84 13
50	84 14
50	83 14
50	85 13
50	79 107
50	84 15
50	83 15
50	85 15
50	79 24
50	84 16
50	84 17
50	83 17
50	85 16
50	79 109
50	83 17
50	85 17
50	79 38
50	84 18
50	83 18
50	85 18
50	79 36
50	84 19
50	84 20
50	83 20
50	85 20
50	79 36
50	84 1
50	84 2
50	83 2
50	85 1
50	79 110
50	83 2
50	85 2
50	79 40
50	84 3
50	83 3
50	85 3
50	79 28
50	84 4
50	84 5
50	83 5
50	85 5
50	79 27
50	84 6
50	84 7
50	83 7
50	85 6
50	79 110
50	83 7
50	85 7
50	79 43
50	84 8
50	84 9
50	83 9
50	85 9
50	79 29
50	84 10
50	84 11
50	83 11
50	85 10
50	79 105
50	83 11
50	85 11
50	79 35
50	84 12
50	83 12
50	85 12
50	79 38
50	84 13
50	84 14
50	83 14
50	85 14
50	79 27
50	84 15
50	84 16
50	83 16
50	85 15
50	79 103
50	83 16
50	85 16
50	79 32
50	84 17
50	83 17
50	85 17
50	79 38
50	84 18
50	84 19
50	83 19
50	85 19
50	79 29
50	84 20
50	84 1
50	83 1
50	85 20
50	79 112
50	84 2
50	83 2
50	85 2
50	79 33
50	84 3
50	84 4
50	83 4
50	85 3
50	79 110
50	84 5
50	83 5
50	85 5
50	79 30
50	84 6
50	84 7
50	83 7
50	85 6
50	79 106
50	83 7
50	85 7
50	79 35
50	84 8
50	83 8
50	85 8
50	79 28
50	84 9
50	84 10
50	83 10
50	85 10
50	79 33
50	84 11
50	84 12
50	83 12
50	85 11
50	79 105
50	83 12
50	85 12
50	79 33
50	84 13
50	84 14
50	83 14
50	85 14
50	79 30
50	84 15
50	84 16
50	83 16
50	85 15
50	79 105
50	83 16
50	85 16
50	79 31
50	84 17
50	83 17
50	85 17
50	79 32
50	84 18
50	84 19
50	83 19
50	85 19
50	79 23
50	84 20
50	84 1
50	83 1
50	85 20
50	79 111
50	83 1
50	85 1
50	79 49
50	84 2
50	83 2
50	85 2
50	79 37
50	84 3
50	84 4
50	84 5
50	83 5
50	85 3
50	79 192
50	84 6
50	83 6
50	85 5
50	79 113
50	83 6
50	85 6
50	79 42
50	84 7
50	83 7
50	85 7
50	79 57
50	84 8
50	84 9
50	83 9
50	85 9
50	79 29
50	84 10
50	84 11
50	83 11
50	85 10
50	79 118
50	83 11
50	85 11
50	79 50
50	84 12
50	84 13
50	83 13
50	85 13
50	79 29
50	84 14
50	84 15
50	83 15
50	85 14
50	79 109
50	83 15
50	85 15
50	79 38
50	84 16
50	84 17
50	83 17
50	85 17
50	79 28
50	84 18
50	84 19
50	83 19
50	85 18
50	79 110
50	83 19
50	85 19
50	79 40
50	84 20
50	84 1
50	83 1
50	85 1
50	79 24
50	84 2
50	84 3
50	83 3
50	85 2
50	79 107
50	83 3
50	85 3
50	79 33
50	84 4
50	83 4
50	85 4
50	79 34
50	84 5
50	84 6
50	83 6
50	85 6
50	79 26
50	84 7
50	84 8
50	83 8
50	85 7
50	79 106
50	83 8
50	85 8
50	79 43
50	84 9
50	84 10
50	83 10
50	85 10
50	79 26
50	84 11
50	84 12
50	83 12
50	85 11
50	79 114
50	83 12
50	85 12
50	79 45
50	84 13
50	84 14
50	83 14
50	85 14
50	79 27
50	84 15
50	84 16
50	83 16
50	85 15
50	79 109
50	83 16
50	85 16
50	79 46
50	84 17
50	83 17
50	85 17
50	79 40
50	84 18
50	84 19
50	83 19
50	85 19
50	79 29
50	84 20
50	84 1
50	83 1
50	85 20
50	79 105
50	83 1
50	85 1
50	79 43
50	84 2
50	84 3
50	83 3
50	85 3
50	79 27
50	84 4
50	84 5
50	83 5
50	85 4
50	79 108
50	83 5
50	85 5
50	79 38
50	84 6
50	84 7
50	83 7
50	85 7
50	79 25
50	84 8
50	84 9
50	83 9
50	85 8
50	79 103
50	83 9
50	85 9
50	79 31
50	84 10
50	83 10
50	85 10
50	79 45
50	84 11
50	84 12
50	83 12
50	85 12
50	79 30
50	84 13
50	84 14
50	83 14
50	85 13
50	79 111
50	83 14
50	85 14
50	79 37
50	84 15
50	83 15
50	85 15
50	79 38
50	84 16
50	84 17
50	83 17
50	85 17
50	79 28
50	84 18
50	84 19
50	83 19
50	85 18
50	79 104
50	83 19
50	85 19
50	79 43
50	84 20
50	84 1
50	83 1
50	85 1
50	79 30
50	84 2
50	84 3
50	83 3
50	85 2
50	79 134
50	84 4
50	84 5
50	83 5
50	85 3
50	79 181
50	84 6
50	83 6
50	85 5
50	79 120
50	83 6
50	85 6
50	79 47
50	84 7
50	83 7
50	85 7
50	79 49
50	84 8
50	84 9
50	83 9
50	85 9
50	79 32
50	84 10
50	84 11
50	83 11
50	85 10
50	79 110
50	83 11
50	85 11
50	79 45
50	84 12
50	84 13
50	83 13
50	85 13
50	79 26
50	84 14
50	84 15
50	83 15
50	85 14
50	79 104
50	83 15
50	85 15
50	79 31
50	84 16
50	83 16
50	85 16
50	79 42
50	84 17
50	84 18
50	83 18
50	85 18
50	79 26
50	84 19
50	84 20
50	83 20
50	85 19
50	79 102
50	83 20
50	85 20
50	79 29
50	84 1
50	83 1
50	85 1
50	79 43
50	84 2
50	84 3
50	83 3
50	85 3
50	79 31
50	84 4
50	84 5
50	83 5
50	85 4
50	79 110
50	83 5
50	85 5
50	79 36
50	84 6
50	84 7
50	83 7
50	85 7
50	79 27
50	84 8
50	84 9
50	83 9
50	85 8
50	79 104
50	84 10
50	83 10
50	85 10
50	79 24
50	84 11
50	84 12
50	83 12
50	85 11
50	79 106
50	83 12
50	85 12
50	79 33
50	84 13
50	83 13
50	85 13
50	79 49
50	84 14
50	84 15
50	83 15
50	85 15
50	79 29
50	84 16
50	84 17
50	83 17
50	85 16
50	79 103
50	83 17
50	85 17
50	79 32
50	84 18
50	83 18
50	85 18
50	79 35
50	84 19
50	84 20
50	83 20
50	85 20
50	79 24
50	84 1
50	84 2
50	83 2
50	85 1
50	79 106
50	83 2
50	85 2
50	79 34
50	84 3
50	83 3
50	85 3
50	79 31
50	84 4
50	84 5
50	83 5
50	85 5
50	79 33
50	84 6
50	84 7
50	83 7
50	85 6
50	79 106
50	83 7
50	85 7
50	79 36
50	84 8
50	84 9
50	83 9
50	85 9
50	79 25
50	84 10
50	TEST_NUMBER 3
50	SENT_TOTAL 250
50	RECEIVED_TOTAL 191
50	TIME_TOTAL 29800
50	RECEIVED_RADIO_1 192
50	RECEIVED_RADIO_2 0
50	SENT_RADIO_1 127
50	SENT_RADIO_2 123
50	RADIO_TIME_1 29800
50	RADIO_TIME_2 19843
50	RETRANSMISSIONS_1 0
50	RETRANSMISSIONS_2 3
50	DROPPED_1 0
50	DROPPED_2 0
50	MAX_QUEUE 1
50	DUPLICATED_1 6
50	DUPLICATED_2 0
50	EBUSY_RADIO_1 0
50	EBUSY_RADIO_2 0
50	83 0
50	85 10
50	86 3
50	84 1
50	84 2
50	83 2
50	85 2
50	79 25
50	84 3
50	84 4
50	83 4
50	85 3
50	79 106
50	83 4
50	85 4
50	79 37
50	84 5
50	83 5
50	85 5
50	79 32
50	84 6
50	84 7
50	83 7
50	85 7
50	79 25
50	84 8
50	84 9
50	83 9
50	85 8
50	79 103
50	83 9
50	85 9
50	79 32
50	84 10
50	84 11
50	83 11
50	85 11
50	79 31
50	84 12
50	84 13
50	83 13
50	85 12
50	79 105
50	83 13
50	85 13
50	79 31
50	84 14
50	84 15
50	83 15
50	85 15
50	79 23
50	84 16
50	84 17
50	83 17
50	85 16
50	79 107
50	83 17
50	85 17
50	79 39
50	84 18
50	84 19
50	83 19
50	85 19
50	79 31
50	84 20
50	84 1
50	83 1
50	85 20
50	79 107
50	83 1
50	85 1
50	79 37
50	84 2
50	84 3
50	83 3
50	85 3
50	79 26
50	84 4
50	84 5
50	83 5
50	85 4
50	79 107
50	83 5
50	85 5
50	79 34
50	84 6
50	83 6
50	85 6
50	79 34
50	84 7
50	84 8
50	83 8
50	85 8
50	79 25
50	84 9
50	84 10
50	83 10
50	85 9
50	79 109
50	83 10
50	85 10
50	79 35
50	84 11
50	83 11
50	85 11
50	79 33
50	84 12
50	84 13
50	83 13
50	85 13
50	79 31
50	84 14
50	84 15
50	83 15
50	85 14
50	79 108
50	83 15
50	85 15
50	79 34
50	84 16
50	83 16
50	85 16
50	79 41
50	84 17
50	84 18
50	83 18
50	85 18
50	79 30
50	84 19
50	84 20
50	83 20
50	85 19
50	79 106
50	84 1
50	83 1
50	85 1
50	79 31
50	84 2
50	84 3
50	83 3
50	85 2
50	79 110
50	83 3
50	85 3
50	79 36
50	84 4
50	83 4
50	85 4
50	79 39
50	84 5
50	84 6
50	83 6
50	85 6
50	79 30
50	84 7
50	84 8
50	83 8
50	85 7
50	79 108
50	83 8
50	85 8
50	79 37
50	84 9
50	83 9
50	85 9
50	79 33
50	84 10
50	84 11
50	83 11
50	85 11
50	79 27
50	84 12
50	84 13
50	83 13
50	85 12
50	79 108
50	83 13
50	85 13
50	79 36
50	84 14
50	83 14
50	85 14
50	79 35
50	84 15
50	84 16
50	83 16
50	85 16
50	79 26
50	84 17
50	84 18
50	83 18
50	85 17
50	79 108
50	83 18
50	85 18
50	79 36
50	84 19
50	84 20
50	83 20
50	85 20
50	79 22
50	84 1
50	84 2
50	83 2
50	85 1
50	79 111
50	83 2
50	85 2
50	79 38
50	84 3
50	83 3
50	85 3
50	79 33
50	84 4
50	84 5
50	83 5
50	85 5
50	79 32
50	84 6
50	84 7
50	83 7
50	85 6
50	79 105
50	83 7
50	85 7
50	79 34
50	84 8
50	83 8
50	85 8
50	79 36
50	84 9
50	84 10
50	83 10
50	85 10
50	79 24
50	84 11
50	84 12
50	83 12
50	85 11
50	79 107
50	83 12
50	85 12
50	79 53
50	84 13
50	84 14
50	83 14
50	85 14
50	79 23
50	84 15
50	84 16
50	83 16
50	85 15
50	79 108
50	83 16
50	85 16
50	79 34
50	84 17
50	84 18
50	83 18
50	85 18
50	79 27
50	84 19
50	84 20
50	83 20
50	85 19
50	79 110
50	83 20
50	85 20
50	79 35
50	84 1
50	83 1
50	85 1
50	79 32
50	84 2
50	84 3
50	83 3
50	85 3
50	79 28
50	84 4
50	84 5
50	83 5
50	85 4
50	79 104
50	83 5
50	85 5
50	79 32
50	84 6
50	84 7
50	83 7
50	85 7
50	79 27
50	84 8
50	84 9
50	83 9
50	85 8
50	79 111
50	83 9
50	85 9
50	79 37
50	84 10
50	84 11
50	83 11
50	85 11
50	79 28
50	84 12
50	84 13
50	83 13
50	85 12
50	79 107
50	83 13
50	85 13
50	79 36
50	84 14
50	83 14
50	85 14
50	79 35
50	84 15
50	84 16
50	83 16
50	85 16
50	79 28
50	84 17
50	84 18
50	83 18
50	85 17
50	79 114
50	83 18
50	85 18
50	79 49
50	84 19
50	84 20
50	84 1
50	83 1
50	85 20
50	79 115
50	83 1
50	85 1
50	79 45
50	84 2
50	84 3
50	83 3
50	85 2
50	79 106
50	84 4
50	83 4
50	85 4
50	79 27
50	84 5
50	84 6
50	83 6
50	85 5
50	79 111
50	83 6
50	85 6
50	79 46
50	84 7
50	84 8
50	83 8
50	85 8
50	79 24
50	84 9
50	84 10
50	83 10
50	85 9
50	79 111
50	83 10
50	85 10
50	79 45
50	84 11
50	83 11
50	85 11
50	79 36
50	84 12
50	84 13
50	83 13
50	85 13
50	79 31
50	84 14
50	84 15
50	83 15
50	85 14
50	79 108
50	83 15
50	85 15
50	79 47
50	84 16
50	84 17
50	83 17
50	85 17
50	79 27
50	84 18
50	84 19
50	84 20
50	83 20
50	85 19
50	79 112
50	83 20
50	85 20
50	79 38
50	83 20
50	85 18
50	79 207
50	84 1
50	84 2
50	83 2
50	85 2
50	79 31
50	84 3
50	84 4
50	83 4
50	85 3
50	79 112
50	83 4
50	85 4
50	79 40
50	84 5
50	84 6
50	83 6
50	85 6
50	79 32
50	84 7
50	84 8
50	83 8
50	85 7
50	79 111
50	83 8
50	85 8
50	79 38
50	84 9
50	84 10
50	83 10
50	85 10
50	79 26
50	84 11
50	84 12
50	83 12
50	85 11
50	79 107
50	83 12
50	85 12
50	79 39
50	84 13
50	83 13
50	85 13
50	79 36
50	84 14
50	84 15
50	83 15
50	85 15
50	79 23
50	84 16
50	84 17
50	83 17
50	85 16
50	79 108
50	83 17
50	85 17
50	79 39
50	84 18
50	83 18
50	85 18
50	79 36
50	84 19
50	84 20
50	83 20
50	85 20
50	79 32
50	84 1
50	84 2
50	83 2
50	85 1
50	79 104
50	83 2
50	85 2
50	79 43
50	84 3
50	84 4
50	83 4
50	85 4
50	79 31
50	84 5
50	84 6
50	83 6
50	85 5
50	79 107
50	84 7
50	83 7
50	85 7
50	79 24
50	84 8
50	84 9
50	83 9
50	85 8
50	79 109
50	83 9
50	85 9
50	79 39
50	84 10
50	84 11
50	83 11
50	85 11
50	79 24
50	84 12
50	84 13
50	83 13
50	85 12
50	79 109
50	83 13
50	85 13
50	79 38
50	84 14
50	84 15
50	83 15
50	85 15
50	79 23
50	84 16
50	84 17
50	83 17
50	85 16
50	79 105
50	83 17
50	85 17
50	79 34
50	84 18
50	83 18
50	85 18
50	79 33
50	84 19
50	84 20
50	83 20
50	85 20
50	79 26
50	84 1
50	84 2
50	83 2
50	85 1
50	79 106
50	83 2
50	85 2
50	79 33
50	84 3
50	83 3
50	85 3
50	79 32
50	84 4
50	84 5
50	83 5
50	85 5
50	79 28
50	84 6
50	84 7
50	83 7
50	85 6
50	79 107
50	83 7
50	85 7
50	79 39
50	84 8
50	84 9
50	84 10
50	83 10
50	85 8
50	79 187
50	84 11
50	83 11
50	85 10
50	79 106
50	83 11
50	85 11
50	79 46
50	84 12
50	83 12
50	85 12
50	79 41
50	84 13
50	84 14
50	83 14
50	85 14
50	79 27
50	84 15
50	84 16
50	83 16
50	85 15
50	79 110
50	83 16
50	85 16
50	79 36
50	84 17
50	83 17
50	85 17
50	79 36
50	84 18
50	84 19
50	83 19
50	85 19
50	79 26
50	84 20
50	84 1
50	83 1
50	85 20
50	79 106
50	83 1
50	85 1
50	79 35
50	84 2
50	83 2
50	85 2
50	79 37
50	84 3
50	84 4
50	83 4
50	85 4
50	79 27
50	84 5
50	84 6
50	83 6
50	85 5
50	79 103
50	83 6
50	85 6
50	79 50
50	84 7
50	84 8
50	83 8
50	85 8
50	79 27
50	84 9
50	84 10
50	83 10
50	85 9
50	79 104
50	84 11
50	84 12
50	83 12
50	85 11
50	79 115
50	83 12
50	85 12
50	79 51
50	84 13
50	84 14
50	83 14
50	85 13
50	79 107
50	84 15
50	83 15
50	85 15
50	79 24
50	84 16
50	84 17
50	83 17
50	85 16
50	79 116
50	83 17
50	85 17
50	79 51
50	84 18
50	84 19
50	83 19
50	85 19
50	79 28
50	84 20
50	84 1
50	83 1
50	85 20
50	79 108
50	83 1
50	85 1
50	79 38
50	84 2
50	83 2
50	85 2
50	79 33
50	84 3
50	84 4
50	83 4
50	85 4
50	79 25
50	84 5
50	84 6
50	83 6
50	85 5
50	79 104
50	84 7
50	83 7
50	85 7
50	79 25
50	84 8
50	84 9
50	83 9
50	85 8
50	79 108
50	83 9
50	85 9
50	79 34
50	84 10
50	84 11
50	83 11
50	85 11
50	79 26
50	84 12
50	84 13
50	83 13
50	85 12
50	79 106
50	83 13
50	85 13
50	79 36
50	84 14
50	83 14
50	85 14
50	79 40
50	84 15
50	84 16
50	83 16
50	85 16
50	79 29
50	84 17
50	84 18
50	83 18
50	85 17
50	79 107
50	83 18
50	85 18
50	79 33
50	84 19
50	84 20
50	83 20
50	85 20
50	79 27
50	84 1
50	84 2
50	83 2
50	85 1
50	79 108
50	83 2
50	85 2
50	79 35
50	84 3
50	84 4
50	83 4
50	85 4
50	79 27
50	84 5
50	84 6
50	83 6
50	85 5
50	79 108
50	83 6
50	85 6
50	79 36
50	84 7
50	84 8
50	83 8
50	85 8
50	79 30
50	84 9
50	84 10
50	83 10
50	85 9
50	79 109
50	83 10
50	85 10
50	79 39
50	84 11
50	84 12
50	83 12
50	85 12
50	79 40
50	84 13
50	83 13
50	85 13
50	79 39
50	84 14
50	84 15
50	83 15
50	85 14
50	79 109
50	83 15
50	85 15
50	79 35
50	84 16
50	83 16
50	85 16
50	79 35
50	84 17
50	84 18
50	83 18
50	85 18
50	79 25
50	84 19
50	84 20
50	83 20
50	85 19
50	79 108
50	84 1
50	84 2
50	83 2
50	85 1
50	79 103
50	83 2
50	85 2
50	79 33
50	84 3
50	83 3
50	85 3
50	79 40
50	84 4
50	84 5
50	83 5
50	85 5
50	79 29
50	84 6
50	84 7
50	83 7
50	85 6
50	79 108
50	84 8
50	83 8
50	85 8
50	79 26
50	84 9
50	84 10
50	TEST_NUMBER 4
50	SENT_TOTAL 250
50	RECEIVED_TOTAL 190
50	TIME_TOTAL 29630
50	RECEIVED_RADIO_1 191
50	RECEIVED_RADIO_2 0
50	SENT_RADIO_1 126
50	SENT_RADIO_2 124
50	RADIO_TIME_1 29684
50	RADIO_TIME_2 19763
50	RETRANSMISSIONS_1 0
50	RETRANSMISSIONS_2 2
50	DROPPED_1 0
50	DROPPED_2 0
50	MAX_QUEUE 1
50	DUPLICATED_1 5
50	DUPLICATED_2 0
50	EBUSY_RADIO_1 0
50	EBUSY_RADIO_2 0
50	83 0
50	85 9
50	86 4
50	83 0
50	85 10
50	86 4
50	84 1
50	83 1
50	85 1
50	79 39
50	84 2
50	84 3
50	84 4
50	83 4
50	85 2
50	79 207
50	83 4
50	85 4
50	79 56
50	84 5
50	84 6
50	83 6
50	85 5
50	79 106
50	84 7
50	83 7
50	85 7
50	79 28
50	84 8
50	84 9
50	83 9
50	85 8
50	79 104
50	83 9
50	85 9
50	79 36
50	84 10
50	83 10
50	85 10
50	79 39
50	84 11
50	84 12
50	83 12
50	85 12
50	79 28
50	84 13
50	84 14
50	83 14
50	85 13
50	79 107
50	83 14
50	85 14
50	79 39
50	84 15
50	83 15
50	85 15
50	79 44
50	84 16
50	84 17
50	83 17
50	85 17
50	79 25
50	84 18
50	84 19
50	83 19
50	85 18
50	79 107
50	83 19
50	85 19
50	79 36
50	84 20
50	84 1
50	83 1
50	85 1
50	79 25
50	84 2
50	84 3
50	83 3
50	85 2
50	79 105
50	83 3
50	85 3
50	79 34
50	84 4
50	83 4
50	85 4
50	79 33
50	84 5
50	84 6
50	83 6
50	85 6
50	79 33
50	84 7
50	84 8
50	83 8
50	85 7
50	79 106
50	83 8
50	85 8
50	79 44
50	84 9
50	84 10
50	83 10
50	85 10
50	79 28
50	84 11
50	84 12
50	83 12
50	85 11
50	79 107
50	83 12
50	85 12
50	79 34
50	84 13
50	84 14
50	83 14
50	85 14
50	79 27
50	84 15
50	84 16
50	83 16
50	85 15
50	79 102
50	83 16
50	85 16
50	79 31
50	84 17
50	83 17
50	85 17
50	79 38
50	84 18
50	84 19
50	83 19
50	85 19
50	79 27
50	84 20
50	84 1
50	83 1
50	85 20
50	79 113
50	83 1
50	85 1
50	79 47
50	84 2
50	84 3
50	83 3
50	85 3
50	79 32
50	84 4
50	84 5
50	83 5
50	85 4
50	79 109
50	83 5
50	85 5
50	79 36
50	84 6
50	83 6
50	85 6
50	79 35
50	84 7
50	84 8
50	83 8
50	85 8
50	79 25
50	84 9
50	84 10
50	83 10
50	85 9
50	79 108
50	83 10
50	85 10
50	79 35
50	84 11
50	84 12
50	83 12
50	85 12
50	79 30
50	84 13
50	84 14
50	83 14
50	85 13
50	79 107
50	83 14
50	85 14
50	79 37
50	84 15
50	84 16
50	83 16
50	85 16
50	79 29
50	84 17
50	84 18
50	84 19
50	83 19
50	85 18
50	79 104
50	83 19
50	85 17
50	79 210
50	84 20
50	83 20
50	85 20
50	79 25
50	84 1
50	84 2
50	83 2
50	85 1
50	79 108
50	83 2
50	85 2
50	79 34
50	84 3
50	84 4
50	83 4
50	85 4
50	79 28
50	84 5
50	84 6
50	83 6
50	85 5
50	79 114
50	83 6
50	85 6
50	79 43
50	84 7
50	83 7
50	85 7
50	79 35
50	84 8
50	84 9
50	83 9
50	85 9
50	79 27
50	84 10
50	84 11
50	83 11
50	85 10
50	79 106
50	83 11
50	85 11
50	79 36
50	84 12
50	84 13
50	83 13
50	85 13
50	79 31
50	84 14
50	84 15
50	83 15
50	85 14
50	79 105
50	83 15
50	85 15
50	79 32
50	84 16
50	83 16
50	85 16
50	79 43
50	84 17
50	84 18
50	83 18
50	85 18
50	79 24
50	84 19
50	84 20
50	83 20
50	85 19
50	79 110
50	83 20
50	85 20
50	79 37
50	84 1
50	84 2
50	83 2
50	85 2
50	79 30
50	84 3
50	84 4
50	83 4
50	85 3
50	79 107
50	83 4
50	85 4
50	79 46
50	84 5
50	84 6
50	83 6
50	85 6
50	79 26
50	84 7
50	84 8
50	83 8
50	85 7
50	79 106
50	84 9
50	84 10
50	83 10
50	85 9
50	79 111
50	83 10
50	85 10
50	79 40
50	84 11
50	83 11
50	85 11
50	79 42
50	84 12
50	84 13
50	83 13
50	85 13
50	79 24
50	84 14
50	84 15
50	83 15
50	85 14
50	79 105
50	83 15
50	85 15
50	79 35
50	84 16
50	83 16
50	85 16
50	79 36
50	84 17
50	84 18
50	83 18
50	85 18
50	79 30
50	84 19
50	84 20
50	83 20
50	85 19
50	79 103
50	83 20
50	85 20
50	79 29
50	84 1
50	83 1
50	85 1
50	79 49
50	84 2
50	84 3
50	83 3
50	85 3
50	79 29
50	84 4
50	84 5
50	83 5
50	85 4
50	79 106
50	83 5
50	85 5
50	79 44
50	84 6
50	83 6
50	85 6
50	79 38
50	84 7
50	84 8
50	83 8
50	85 8
50	79 30
50	84 9
50	84 10
50	83 10
50	85 9
50	79 114
50	83 10
50	85 10
50	79 51
50	84 11
50	84 12
50	83 12
50	85 12
50	79 30
50	84 13
50	84 14
50	83 14
50	85 13
50	79 115
50	84 15
50	83 15
50	85 15
50	79 25
50	84 16
50	84 17
50	83 17
50	85 16
50	79 126
50	84 18
50	84 19
50	83 19
50	85 17
50	79 188
50	84 20
50	83 20
50	85 19
50	79 107
50	83 20
50	85 20
50	79 36
50	84 1
50	83 1
50	85 1
50	79 44
50	84 2
50	84 3
50	83 3
50	85 3
50	79 25
50	84 4
50	84 5
50	83 5
50	85 4
50	79 107
50	83 5
50	85 5
50	79 33
50	84 6
50	84 7
50	83 7
50	85 7
50	79 31
50	84 8
50	84 9
50	83 9
50	85 8
50	79 105
50	83 9
50	85 9
50	79 34
50	84 10
50	83 10
50	85 10
50	79 40
50	84 11
50	84 12
50	83 12
50	85 12
50	79 26
50	84 13
50	84 14
50	83 14
50	85 13
50	79 105
50	83 14
50	85 14
50	79 31
50	84 15
50	83 15
50	85 15
50	79 35
50	84 16
50	84 17
50	83 17
50	85 17
50	79 33
50	84 18
50	84 19
50	83 19
50	85 18
50	79 104
50	83 19
50	85 19
50	79 34
50	84 20
50	83 20
50	85 20
50	79 33
50	84 1
50	84 2
50	83 2
50	85 2
50	79 25
50	84 3
50	84 4
50	83 4
50	85 3
50	79 108
50	83 4
50	85 4
50	79 34
50	84 5
50	83 5
50	85 5
50	79 31
50	84 6
50	84 7
50	83 7
50	85 7
50	79 26
50	84 8
50	84 9
50	83 9
50	85 8
50	79 105
50	83 9
50	85 9
50	79 49
50	84 10
50	84 11
50	83 11
50	85 11
50	79 30
50	84 12
50	84 13
50	83 13
50	85 12
50	79 105
50	83 13
50	85 13
50	79 33
50	84 14
50	83 14
50	85 14
50	79 32
50	84 15
50	84 16
50	83 16
50	85 16
50	79 25
50	84 17
50	84 18
50	83 18
50	85 17
50	79 106
50	83 18
50	85 18
50	79 41
50	84 19
50	83 19
50	85 19
50	79 34
50	84 20
50	84 1
50	83 1
50	85 1
50	79 24
50	84 2
50	84 3
50	83 3
50	85 2
50	79 105
50	83 3
50	85 3
50	79 33
50	84 4
50	84 5
50	83 5
50	85 5
50	79 25
50	84 6
50	84 7
50	83 7
50	85 6
50	79 106
50	83 7
50	85 7
50	79 33
50	84 8
50	84 9
50	83 9
50	85 9
50	79 25
50	84 10
50	84 11
50	83 11
50	85 10
50	79 108
50	83 11
50	85 11
50	79 35
50	84 12
50	84 13
50	83 13
50	85 13
50	79 26
50	84 14
50	84 15
50	83 15
50	85 14
50	79 103
50	83 15
50	85 15
50	79 31
50	84 16
50	83 16
50	85 16
50	79 40
50	84 17
50	84 18
50	84 19
50	83 19
50	85 19
50	79 28
50	84 20
50	83 20
50	85 18
50	79 196
50	83 20
50	85 20
50	79 45
50	84 1
50	84 2
50	83 2
50	85 1
50	79 96
50	84 3
50	83 3
50	85 3
50	79 36
50	84 4
50	84 5
50	83 5
50	85 4
50	79 105
50	83 5
50	85 5
50	79 35
50	84 6
50	83 6
50	85 6
50	79 30
50	84 7
50	84 8
50	83 8
50	85 8
50	79 27
50	84 9
50	84 10
50	83 10
50	85 9
50	79 107
50	83 10
50	85 10
50	79 37
50	84 11
50	83 11
50	85 11
50	79 32
50	84 12
50	84 13
50	83 13
50	85 13
50	79 27
50	84 14
50	84 15
50	83 15
50	85 14
50	79 110
50	83 15
50	85 15
50	79 38
50	84 16
50	83 16
50	85 16
50	79 32
50	84 17
50	84 18
50	83 18
50	85 18
50	79 30
50	84 19
50	84 20
50	83 20
50	85 19
50	79 105
50	83 20
50	85 20
50	79 32
50	84 1
50	84 2
50	83 2
50	85 2
50	79 30
50	84 3
50	84 4
50	83 4
50	85 3
50	79 108
50	83 4
50	85 4
50	79 36
50	84 5
50	84 6
50	83 6
50	85 6
50	79 30
50	84 7
50	84 8
50	83 8
50	85 7
50	79 109
50	83 8
50	85 8
50	79 37
50	84 9
50	84 10
50	83 10
50	85 10
50	79 30
50	84 11
50	84 12
50	83 12
50	85 11
50	79 107
50	83 12
50	85 12
50	79 36
50	84 13
50	84 14
50	83 14
50	85 14
50	79 33
50	84 15
50	84 16
50	83 16
50	85 15
50	79 108
50	84 17
50	83 17
50	85 17
50	79 25
50	84 18
50	84 19
50	83 19
50	85 18
50	79 105
50	83 19
50	85 19
50	79 33
50	84 20
50	83 20
50	85 20
50	79 37
50	84 1
50	84 2
50	83 2
50	85 2
50	79 23
50	84 3
50	84 4
50	83 4
50	85 3
50	79 107
50	83 4
50	85 4
50	79 32
50	84 5
50	84 6
50	83 6
50	85 6
50	79 32
50	84 7
50	84 8
50	83 8
50	85 7
50	79 107
50	84 9
50	83 9
50	85 9
50	79 24
50	84 10
50	84 11
50	83 11
50	85 10
50	79 124
50	84 12
50	84 13
50	83 13
50	85 11
50	79 184
50	84 14
50	83 14
50	85 13
50	79 117
50	83 14
50	85 14
50	79 45
50	84 15
50	83 15
50	85 15
50	79 44
50	84 16
50	84 17
50	83 17
50	85 17
50	79 24
50	84 18
50	84 19
50	83 19
50	85 18
50	79 111
50	83 19
50	85 19
50	79 48
50	84 20
50	84 1
50	83 1
50	85 1
50	79 27
50	84 2
50	84 3
50	83 3
50	85 2
50	79 102
50	83 3
50	85 3
50	79 39
50	84 4
50	84 5
50	83 5
50	85 5
50	79 31
50	84 6
50	84 7
50	83 7
50	85 6
50	79 105
50	83 7
50	85 7
50	79 33
50	84 8
50	83 8
50	85 8
50	79 37
50	84 9
50	84 10
50	TEST_NUMBER 5
50	SENT_TOTAL 250
50	RECEIVED_TOTAL 191
50	TIME_TOTAL 29738
50	RECEIVED_RADIO_1 193
50	RECEIVED_RADIO_2 0
50	SENT_RADIO_1 127
50	SENT_RADIO_2 123
50	RADIO_TIME_1 29781
50	RADIO_TIME_2 19763
50	RETRANSMISSIONS_1 0
50	RETRANSMISSIONS_2 5
50	DROPPED_1 0
50	DROPPED_2 0
50	MAX_QUEUE 1
50	DUPLICATED_1 9
50	DUPLICATED_2 0
50	EBUSY_RADIO_1 0
50	EBUSY_RADIO_2 0
50	83 0
50	85 10
50	86 5
50	84 1
50	84 2
50	83 2
50	85 1
50	79 107
50	83 2
50	85 2
50	79 33
50	84 3
50	83 3
50	85 3
50	79 38
50	84 4
50	84 5
50	83 5
50	85 5
50	79 25
50	84 6
50	84 7
50	83 7
50	85 6
50	79 104
50	83 7
50	85 7
50	79 40
50	84 8
50	84 9
50	84 10
50	83 10
50	85 9
50	79 106
50	83 10
50	85 10
50	79 37
50	84 11
50	83 11
50	85 11
50	79 38
50	84 12
50	84 13
50	83 13
50	85 13
50	79 30
50	84 14
50	84 15
50	83 15
50	85 14
50	79 106
50	83 15
50	85 15
50	79 32
50	84 16
50	84 17
50	83 17
50	85 17
50	79 29
50	84 18
50	84 19
50	83 19
50	85 18
50	79 106
50	83 19
50	85 19
50	79 33
50	84 20
50	84 1
50	83 1
50	85 1
50	79 31
50	84 2
50	84 3
50	83 3
50	85 2
50	79 110
50	83 3
50	85 3
50	79 39
50	84 4
50	84 5
50	83 5
50	85 5
50	79 25
50	84 6
50	84 7
50	83 7
50	85 6
50	79 112
50	83 7
50	85 7
50	79 41
50	84 8
50	84 9
50	83 9
50	85 9
50	79 27
50	84 10
50	84 11
50	83 11
50	85 10
50	79 108
50	83 11
50	85 11
50	79 43
50	84 12
50	84 13
50	83 13
50	85 13
50	79 30
50	84 14
50	84 15
50	83 15
50	85 14
50	79 111
50	83 15
50	85 15
50	79 41
50	84 16
50	84 17
50	83 17
50	85 17
50	79 28
50	84 18
50	84 19
50	83 19
50	85 18
50	79 112
50	83 19
50	85 19
50	79 43
50	84 20
50	83 20
50	85 20
50	79 33
50	84 1
50	84 2
50	83 2
50	85 2
50	79 24
50	84 3
50	84 4
50	83 4
50	85 3
50	79 105
50	83 4
50	85 4
50	79 35
50	84 5
50	83 5
50	85 5
50	79 42
50	84 6
50	84 7
50	83 7
50	85 7
50	79 28
50	84 8
50	84 9
50	83 9
50	85 8
50	79 106
50	83 9
50	85 9
50	79 36
50	84 10
50	84 11
50	83 11
50	85 11
50	79 27
50	84 12
50	84 13
50	83 13
50	85 12
50	79 107
50	83 13
50	85 13
50	79 45
50	84 14
50	84 15
50	83 15
50	85 15
50	79 30
50	84 16
50	84 17
50	83 17
50	85 16
50	79 104
50	83 17
50	85 17
50	79 33
50	84 18
50	83 18
50	85 18
50	79 42
50	84 19
50	84 20
50	83 20
50	85 20
50	79 25
50	84 1
50	84 2
50	83 2
50	85 1
50	79 124
50	84 3
50	84 4
50	83 4
50	85 2
50	79 192
50	83 4
50	85 4
50	79 39
50	84 5
50	84 6
50	83 6
50	85 5
50	79 109
50	83 6
50	85 6
50	79 39
50	84 7
50	84 8
50	83 8
50	85 8
50	79 28
50	84 9
50	84 10
50	83 10
50	85 9
50	79 107
50	83 10
50	85 10
50	79 44
50	84 11
50	84 12
50	83 12
50	85 12
50	79 28
50	84 13
50	84 14
50	83 14
50	85 13
50	79 104
50	83 14
50	85 14
50	79 30
50	84 15
50	83 15
50	85 15
50	79 35
50	84 16
50	84 17
50	83 17
50	85 17
50	79 30
50	84 18
50	84 19
50	83 19
50	85 18
50	79 108
50	84 20
50	83 20
50	85 20
50	79 27
50	84 1
50	84 2
50	83 2
50	85 1
50	79 109
50	84 3
50	84 4
50	83 4
50	85 2
50	79 187
50	84 5
50	83 5
50	85 4
50	79 109
50	83 5
50	85 5
50	79 37
50	84 6
50	83 6
50	85 6
50	79 35
50	84 7
50	84 8
50	84 9
50	83 9
50	85 7
50	79 189
50	84 10
50	83 10
50	85 9
50	79 110
50	83 10
50	85 10
50	79 36
50	84 11
50	83 11
50	85 11
50	79 50
50	84 12
50	84 13
50	83 13
50	85 13
50	79 26
50	84 14
50	84 15
50	83 15
50	85 14
50	79 103
50	83 15
50	85 15
50	79 41
50	84 16
50	84 17
50	83 17
50	85 17
50	79 30
50	84 18
50	84 19
50	83 19
50	85 18
50	79 109
50	83 19
50	85 19
50	79 48
50	84 20
50	84 1
50	83 1
50	85 1
50	79 28
50	84 2
50	84 3
50	83 3
50	85 2
50	79 107
50	83 3
50	85 3
50	79 36
50	84 4
50	83 4
50	85 4
50	79 37
50	84 5
50	84 6
50	83 6
50	85 6
50	79 31
50	84 7
50	84 8
50	83 8
50	85 7
50	79 106
50	83 8
50	85 8
50	79 32
50	84 9
50	83 9
50	85 9
50	79 32
50	84 10
50	84 11
50	83 11
50	85 11
50	79 31
50	84 12
50	84 13
50	83 13
50	85 12
50	79 106
50	83 13
50	85 13
50	79 46
50	84 14
50	84 15
50	83 15
50	85 15
50	79 26
50	84 16
50	84 17
50	84 18
50	83 18
50	85 17
50	79 104
50	83 18
50	85 16
50	79 200
50	84 19
50	83 19
50	85 19
50	79 25
50	84 20
50	84 1
50	83 1
50	85 20
50	79 110
50	83 1
50	85 1
50	79 37
50	84 2
50	83 2
50	85 2
50	79 35
50	84 3
50	84 4
50	83 4
50	85 4
50	79 27
50	84 5
50	84 6
50	83 6
50	85 5
50	79 106
50	83 6
50	85 6
50	79 35
50	84 7
50	84 8
50	83 8
50	85 8
50	79 31
50	84 9
50	84 10
50	83 10
50	85 9
50	79 106
50	83 10
50	85 10
50	79 37
50	84 11
50	83 11
50	85 11
50	79 33
50	84 12
50	84 13
50	83 13
50	85 13
50	79 22
50	84 14
50	84 15
50	83 15
50	85 14
50	79 106
50	83 15
50	85 15
50	79 38
50	84 16
50	83 16
50	85 16
50	79 32
50	84 17
50	84 18
50	83 18
50	85 18
50	79 32
50	84 19
50	84 20
50	83 20
50	85 19
50	79 107
50	83 20
50	85 20
50	79 34
50	84 1
50	83 1
50	85 1
50	79 42
50	84 2
50	84 3
50	83 3
50	85 3
50	79 26
50	84 4
50	84 5
50	83 5
50	85 4
50	79 103
50	83 5
50	85 5
50	79 32
50	84 6
50	83 6
50	85 6
50	79 37
50	84 7
50	84 8
50	84 9
50	83 9
50	85 9
50	79 28
50	84 10
50	83 10
50	85 8
50	79 197
50	83 10
50	85 10
50	79 51
50	84 11
50	84 12
50	83 12
50	85 11
50	79 104
50	84 13
50	83 13
50	85 13
50	79 26
50	84 14
50	84 15
50	83 15
50	85 14
50	79 107
50	83 15
50	85 15
50	79 35
50	84 16
50	83 16
50	85 16
50	79 37
50	84 17
50	84 18
50	83 18
50	85 18
50	79 24
50	84 19
50	84 20
50	83 20
50	85 19
50	79 108
50	83 20
50	85 20
50	79 37
50	84 1
50	84 2
50	83 2
50	85 2
50	79 24
50	84 3
50	84 4
50	83 4
50	85 3
50	79 108
50	83 4
50	85 4
50	79 42
50	84 5
50	84 6
50	83 6
50	85 6
50	79 30
50	84 7
50	84 8
50	83 8
50	85 7
50	79 112
50	84 9
50	83 9
50	85 9
50	79 24
50	84 10
50	84 11
50	83 11
50	85 10
50	79 105
50	83 11
50	85 11
50	79 33
50	84 12
50	83 12
50	85 12
50	79 33
50	84 13
50	84 14
50	83 14
50	85 14
50	79 25
50	84 15
50	84 16
50	83 16
50	85 15
50	79 106
50	84 17
50	84 18
50	83 18
50	85 17
50	79 114
50	83 18
50	85 18
50	79 43
50	84 19
50	84 20
50	83 20
50	85 19
50	79 109
50	84 1
50	83 1
50	85 1
50	79 24
50	84 2
50	84 3
50	83 3
50	85 2
50	79 111
50	84 4
50	83 4
50	85 4
50	79 29
50	84 5
50	84 6
50	83 6
50	85 5
50	79 104
50	83 6
50	85 6
50	79 30
50	84 7
50	84 8
50	83 8
50	85 8
50	79 25
50	84 9
50	84 10
50	83 10
50	85 9
50	79 108
50	83 10
50	85 10
50	79 39
50	84 11
50	83 11
50	85 11
50	79 32
50	84 12
50	84 13
50	83 13
50	85 13
50	79 26
50	84 14
50	84 15
50	83 15
50	85 14
50	79 109
50	83 15
50	85 15
50	79 37
50	84 16
50	83 16
50	85 16
50	79 33
50	84 17
50	84 18
50	83 18
50	85 18
50	79 27
50	84 19
50	84 20
50	83 20
50	85 19
50	79 106
50	83 20
50	85 20
50	79 32
50	84 1
50	84 2
50	83 2
50	85 2
50	79 27
50	84 3
50	84 4
50	83 4
50	85 3
50	79 110
50	83 4
50	85 4
50	79 40
50	84 5
50	84 6
50	83 6
50	85 6
50	79 23
50	84 7
50	84 8
50	83 8
50	85 7
50	79 104
50	83 8
50	85 8
50	79 34
50	84 9
50	84 10
50	83 10
50	85 10
50	79 25
50	84 11
50	84 12
50	83 12
50	85 11
50	79 111
50	83 12
50	85 12
50	79 48
50	84 13
50	84 14
50	83 14
50	85 14
50	79 27
50	84 15
50	84 16
50	83 16
50	85 15
50	79 109
50	83 16
50	85 16
50	79 38
50	84 17
50	84 18
50	83 18
50	85 18
50	79 28
50	84 19
50	84 20
50	83 20
50	85 19
50	79 108
50	84 1
50	84 2
50	83 2
50	85 20
50	79 182
50	84 3
50	83 3
50	85 2
50	79 109
50	83 3
50	85 3
50	79 38
50	84 4
50	83 4
50	85 4
50	79 38
50	84 5
50	84 6
50	83 6
50	85 6
50	79 24
50	84 7
50	84 8
50	83 8
50	85 7
50	79 110
50	83 8
50	85 8
50	79 47
50	84 9
50	84 10
50	83 10
50	85 10
50	79 29
50	84 11
50	84 12
50	83 12
50	85 11
50	79 110
50	84 13
50	83 13
50	85 13
50	79 23
50	84 14
50	84 15
50	83 15
50	85 14
50	79 109
50	83 15
50	85 15
50	79 37
50	84 16
50	83 16
50	85 16
50	79 37
50	84 17
50	84 18
50	83 18
50	85 18
50	79 30
50	84 19
50	84 20
50	83 20
50	85 19
50	79 101
50	83 20
50	85 20
50	79 28
50	84 1
50	84 2
50	83 2
50	85 2
50	79 26
50	84 3
50	84 4
50	83 4
50	85 3
50	79 108
50	83 4
50	85 4
50	79 38
50	84 5
50	84 6
50	83 6
50	85 6
50	79 28
50	84 7
50	84 8
50	83 8
50	85 7
50	79 108
50	83 8
50	85 8
50	79 37
50	84 9
50	84 10
50	TEST_NUMBER 6
50	SENT_TOTAL 250
50	RECEIVED_TOTAL 190
50	TIME_TOTAL 29731
50	RECEIVED_RADIO_1 191
50	RECEIVED_RADIO_2 0
50	SENT_RADIO_1 126
50	SENT_RADIO_2 124
50	RADIO_TIME_1 29853
50	RADIO_TIME_2 19683
50	RETRANSMISSIONS_1 0
50	RETRANSMISSIONS_2 3
50	DROPPED_1 0
50	DROPPED_2 0
50	MAX_QUEUE 1
50	DUPLICATED_1 7
50	DUPLICATED_2 0
50	EBUSY_RADIO_1 0
50	EBUSY_RADIO_2 0
50	83 0
50	85 10
50	86 6
