
16	RELAY_NODE 16
16	TEST_NUMBER 0
16	SENT_TOTAL 0
16	RECEIVED_TOTAL 0
16	TIME_TOTAL 0
16	RECEIVED_RADIO_1 54
16	RECEIVED_RADIO_2 110
16	SENT_RADIO_1 0
16	SENT_RADIO_2 1
16	RADIO_TIME_1 17329
16	RADIO_TIME_2 17322
16	RETRANSMISSIONS_1 1080
16	RETRANSMISSIONS_2 528
16	DROPPED_1 108
16	DROPPED_2 53
16	MAX_QUEUE 2
16	DUPLICATED_1 0
16	DUPLICATED_2 0
16	EBUSY_RADIO_1 0
16	EBUSY_RADIO_2 0
16	TEST_NUMBER 1
16	SENT_TOTAL 0
16	RECEIVED_TOTAL 0
16	TIME_TOTAL 0
16	RECEIVED_RADIO_1 63
16	RECEIVED_RADIO_2 124
16	SENT_RADIO_1 0
16	SENT_RADIO_2 2
16	RADIO_TIME_1 29848
16	RADIO_TIME_2 29759
16	RETRANSMISSIONS_1 1252
16	RETRANSMISSIONS_2 593
16	DROPPED_1 126
16	DROPPED_2 59
16	MAX_QUEUE 3
16	DUPLICATED_1 0
16	DUPLICATED_2 0
16	EBUSY_RADIO_1 0
16	EBUSY_RADIO_2 0
16	TEST_NUMBER 2
16	SENT_TOTAL 0
16	RECEIVED_TOTAL 0
16	TIME_TOTAL 0
16	RECEIVED_RADIO_1 64
16	RECEIVED_RADIO_2 124
16	SENT_RADIO_1 0
16	SENT_RADIO_2 5
16	RADIO_TIME_1 29833
16	RADIO_TIME_2 29773
16	RETRANSMISSIONS_1 1207
16	RETRANSMISSIONS_2 623
16	DROPPED_1 121
16	DROPPED_2 63
16	MAX_QUEUE 2
16	DUPLICATED_1 0
16	DUPLICATED_2 1
16	EBUSY_RADIO_1 0
16	EBUSY_RADIO_2 0
16	TEST_NUMBER 3
16	SENT_TOTAL 0
16	RECEIVED_TOTAL 0
16	TIME_TOTAL 0
16	RECEIVED_RADIO_1 63
16	RECEIVED_RADIO_2 125
16	SENT_RADIO_1 0
16	SENT_RADIO_2 3
16	RADIO_TIME_1 29819
16	RADIO_TIME_2 29748
16	RETRANSMISSIONS_1 1236
16	RETRANSMISSIONS_2 608
16	DROPPED_1 124
16	DROPPED_2 61
16	MAX_QUEUE 2
16	DUPLICATED_1 0
16	DUPLICATED_2 0
16	EBUSY_RADIO_1 0
16	EBUSY_RADIO_2 0
16	TEST_NUMBER 4
16	SENT_TOTAL 0
16	RECEIVED_TOTAL 0
16	TIME_TOTAL 0
16	RECEIVED_RADIO_1 63
16	RECEIVED_RADIO_2 126
16	SENT_RADIO_1 0
16	SENT_RADIO_2 3
16	RADIO_TIME_1 29843
16	RADIO_TIME_2 29822
16	RETRANSMISSIONS_1 1239
16	RETRANSMISSIONS_2 608
16	DROPPED_1 124
16	DROPPED_2 61
16	MAX_QUEUE 2
16	DUPLICATED_1 0
16	DUPLICATED_2 0
16	EBUSY_RADIO_1 0
16	EBUSY_RADIO_2 0
16	TEST_NUMBER 5
16	SENT_TOTAL 0
16	RECEIVED_TOTAL 0
16	TIME_TOTAL 0
16	RECEIVED_RADIO_1 62
16	RECEIVED_RADIO_2 125
16	SENT_RADIO_1 0
16	SENT_RADIO_2 3
16	RADIO_TIME_1 29874
16	RADIO_TIME_2 29728
16	RETRANSMISSIONS_1 1227
16	RETRANSMISSIONS_2 608
16	DROPPED_1 123
16	DROPPED_2 61
16	MAX_QUEUE 2
16	DUPLICATED_1 0
16	DUPLICATED_2 0
16	EBUSY_RADIO_1 0
16	EBUSY_RADIO_2 0
16	TEST_NUMBER 6
16	SENT_TOTAL 0
16	RECEIVED_TOTAL 0
16	TIME_TOTAL 0
16	RECEIVED_RADIO_1 63
16	RECEIVED_RADIO_2 125
16	SENT_RADIO_1 0
16	SENT_RADIO_2 3
16	RADIO_TIME_1 29871
16	RADIO_TIME_2 29800
16	RETRANSMISSIONS_1 1226
16	RETRANSMISSIONS_2 618
16	DROPPED_1 123
16	DROPPED_2 62
16	MAX_QUEUE 2
16	DUPLICATED_1 0
16	DUPLICATED_2 0
16	EBUSY_RADIO_1 0
16	EBUSY_RADIO_2 0

21	SOURCE_NODE 21
21	84 1
21	84 2
21	83 2
21	85 2
21	79 19
21	84 3
21	84 4
21	83 4
21	85 4
21	79 14
21	84 5
21	84 6
21	84 7
21	84 8
21	83 8
21	85 8
21	79 17
21	84 9
21	84 10
21	84 11
21	84 12
21	83 12
21	85 12
21	79 19
21	84 13
21	84 14
21	84 15
21	84 16
21	83 16
21	85 16
21	79 19
21	84 17
21	84 18
21	84 19
21	84 20
21	83 20
21	85 20
21	79 14
21	84 1
21	84 2
21	84 3
21	84 4
21	83 4
21	85 4
21	79 15
21	84 5
21	84 6
21	84 7
21	84 8
21	83 8
21	85 8
21	79 14
21	84 9
21	84 10
21	84 11
21	84 12
21	83 12
21	85 12
21	79 17
21	84 13
21	84 14
21	84 15
21	84 16
21	83 16
21	85 16
21	79 19
21	84 17
21	84 18
21	83 18
21	85 18
21	79 30
21	84 19
21	84 20
21	84 1
21	84 2
21	83 2
21	85 2
21	79 14
21	84 3
21	84 4
21	84 5
21	84 6
21	83 6
21	85 6
21	79 18
21	84 7
21	84 8
21	84 9
21	84 10
21	83 10
21	85 10
21	79 20
21	84 11
21	84 12
21	84 13
21	84 14
21	83 14
21	85 14
21	79 15
21	84 15
21	84 16
21	84 17
21	84 18
21	84 19
21	83 19
21	85 19
21	79 15
21	84 20
21	84 1
21	84 2
21	84 3
21	83 3
21	85 3
21	79 19
21	84 4
21	84 5
21	84 6
21	84 7
21	83 7
21	85 7
21	79 16
21	84 8
21	84 9
21	84 10
21	84 11
21	83 11
21	85 11
21	79 17
21	84 12
21	84 13
21	84 14
21	84 15
21	83 15
21	85 15
21	79 12
21	84 16
21	84 17
21	84 18
21	84 19
21	83 19
21	85 19
21	79 15
21	84 20
21	84 1
21	84 2
21	84 3
21	83 3
21	85 3
21	79 18
21	84 4
21	84 5
21	84 6
21	84 7
21	83 7
21	85 7
21	79 11
21	84 8
21	84 9
21	84 10
21	84 11
21	83 11
21	85 11
21	79 17
21	84 12
21	84 13
21	84 14
21	84 15
21	83 15
21	85 15
21	79 15
21	84 16
21	84 17
21	84 18
21	84 19
21	83 19
21	85 19
21	79 12
21	84 20
21	84 1
21	84 2
21	84 3
21	83 3
21	85 3
21	79 15
21	84 4
21	84 5
21	84 6
21	84 7
21	83 7
21	85 7
21	79 14
21	84 8
21	84 9
21	84 10
21	84 11
21	83 11
21	85 11
21	79 13
21	84 12
21	84 13
21	84 14
21	84 15
21	83 15
21	85 15
21	79 11
21	84 16
21	84 17
21	84 18
21	84 19
21	83 19
21	85 19
21	79 16
21	84 20
21	84 1
21	84 2
21	84 3
21	83 3
21	85 3
21	79 17
21	84 4
21	84 5
21	84 6
21	84 7
21	83 7
21	85 7
21	79 16
21	84 8
21	84 9
21	84 10
21	84 11
21	83 11
21	85 11
21	79 17
21	84 12
21	84 13
21	84 14
21	84 15
21	83 15
21	85 15
21	79 13
21	84 16
21	84 17
21	84 18
21	84 19
21	83 19
21	85 19
21	79 15
21	84 20
21	84 1
21	84 2
21	84 3
21	83 3
21	85 3
21	79 17
21	84 4
21	84 5
21	84 6
21	84 7
21	83 7
21	85 7
21	79 15
21	84 8
21	84 9
21	84 10
21	84 11
21	83 11
21	85 11
21	79 15
21	84 12
21	84 13
21	84 14
21	84 15
21	83 15
21	85 15
21	79 13
21	84 16
21	84 17
21	84 18
21	84 19
21	83 19
21	85 19
21	79 17
21	84 20
21	84 1
21	84 2
21	84 3
21	83 3
21	85 3
21	79 14
21	84 4
21	84 5
21	84 6
21	84 7
21	83 7
21	85 7
21	79 13
21	84 8
21	84 9
21	84 10
21	84 11
21	83 11
21	85 11
21	79 15
21	84 12
21	84 13
21	84 14
21	84 15
21	83 15
21	85 15
21	79 17
21	84 16
21	84 17
21	84 18
21	84 19
21	83 19
21	85 19
21	79 15
21	84 20
21	84 1
21	84 2
21	84 3
21	83 3
21	85 3
21	79 16
21	84 4
21	84 5
21	84 6
21	84 7
21	83 7
21	85 7
21	79 13
21	84 8
21	84 9
21	84 10
21	84 11
21	83 11
21	85 11
21	79 15
21	84 12
21	84 13
21	84 14
21	84 15
21	83 15
21	85 15
21	79 13
21	84 16
21	84 17
21	84 18
21	84 19
21	83 19
21	85 19
21	79 18
21	84 20
21	84 1
21	84 2
21	84 3
21	83 3
21	85 3
21	79 16
21	84 4
21	84 5
21	84 6
21	84 7
21	83 7
21	85 7
21	79 17
21	84 8
21	84 9
21	84 10
21	84 11
21	83 11
21	85 11
21	79 15
21	84 12
21	84 13
21	84 14
21	84 15
21	83 15
21	85 15
21	79 15
21	84 16
21	84 17
21	84 18
21	84 19
21	83 19
21	85 19
21	79 14
21	84 20
21	84 1
21	84 2
21	84 3
21	83 3
21	85 3
21	79 15
21	84 4
21	84 5
21	84 6
21	84 7
21	83 7
21	85 7
21	79 13
21	84 8
21	84 9
21	84 10
21	84 11
21	83 11
21	85 11
21	79 19
21	84 12
21	84 13
21	84 14
21	84 15
21	83 15
21	85 15
21	79 16
21	84 16
21	84 17
21	84 18
21	84 19
21	83 19
21	85 19
21	79 14
21	84 20
21	84 1
21	84 2
21	84 3
21	83 3
21	85 3
21	79 13
21	84 4
21	84 5
21	84 6
21	84 7
21	83 7
21	85 7
21	79 13
21	84 8
21	84 9
21	84 10
21	TEST_NUMBER 0
21	SENT_TOTAL 250
21	RECEIVED_TOTAL 63
21	TIME_TOTAL 19518
21	RECEIVED_RADIO_1 1
21	RECEIVED_RADIO_2 62
21	SENT_RADIO_1 125
21	SENT_RADIO_2 124
21	RADIO_TIME_1 19843
21	RADIO_TIME_2 19683
21	RETRANSMISSIONS_1 0
21	RETRANSMISSIONS_2 2
21	DROPPED_1 0
21	DROPPED_2 0
21	MAX_QUEUE 1
21	DUPLICATED_1 0
21	DUPLICATED_2 0
21	EBUSY_RADIO_1 0
21	EBUSY_RADIO_2 0
21	84 1
21	83 1
21	85 1
21	79 17
21	84 2
21	84 3
21	84 4
21	84 5
21	83 5
21	85 5
21	79 16
21	84 6
21	84 7
21	84 8
21	84 9
21	83 9
21	85 9
21	79 17
21	84 10
21	84 11
21	84 12
21	84 13
21	83 13
21	85 13
21	79 12
21	84 14
21	84 15
21	84 16
21	84 17
21	83 17
21	85 17
21	79 14
21	84 18
21	84 19
21	84 20
21	84 1
21	83 1
21	85 1
21	79 18
21	84 2
21	84 3
21	83 3
21	85 3
21	79 30
21	84 4
21	84 5
21	83 5
21	85 5
21	79 16
21	84 6
21	84 7
21	84 8
21	84 9
21	83 9
21	85 9
21	79 16
21	84 10
21	84 11
21	84 12
21	84 13
21	83 13
21	85 13
21	79 19
21	84 14
21	84 15
21	84 16
21	84 17
21	83 17
21	85 17
21	79 15
21	84 18
21	84 19
21	84 20
21	84 1
21	83 1
21	85 1
21	79 12
21	84 2
21	84 3
21	84 4
21	84 5
21	83 5
21	85 5
21	79 15
21	84 6
21	84 7
21	84 8
21	84 9
21	83 9
21	85 9
21	79 10
21	84 10
21	84 11
21	84 12
21	84 13
21	83 13
21	85 13
21	79 12
21	84 14
21	84 15
21	84 16
21	84 17
21	83 17
21	85 17
21	79 12
21	84 18
21	84 19
21	84 20
21	84 1
21	83 1
21	85 1
21	79 13
21	84 2
21	84 3
21	84 4
21	84 5
21	83 5
21	85 5
21	79 12
21	84 6
21	84 7
21	84 8
21	84 9
21	83 9
21	85 9
21	79 13
21	84 10
21	84 11
21	84 12
21	84 13
21	83 13
21	85 13
21	79 18
21	84 14
21	84 15
21	84 16
21	84 17
21	83 17
21	85 17
21	79 16
21	84 18
21	84 19
21	84 20
21	84 1
21	84 2
21	84 3
21	84 4
21	84 5
21	83 5
21	85 1
21	79 335
21	84 6
21	84 7
21	83 7
21	85 7
21	79 17
21	84 8
21	84 9
21	84 10
21	84 11
21	83 11
21	85 11
21	79 15
21	84 12
21	84 13
21	84 14
21	84 15
21	83 15
21	85 15
21	79 15
21	84 16
21	84 17
21	84 18
21	84 19
21	83 19
21	85 19
21	79 10
21	84 20
21	84 1
21	84 2
21	84 3
21	83 3
21	85 3
21	79 12
21	84 4
21	84 5
21	84 6
21	84 7
21	83 7
21	85 7
21	79 15
21	84 8
21	84 9
21	84 10
21	84 11
21	83 11
21	85 11
21	79 15
21	84 12
21	84 13
21	84 14
21	84 15
21	83 15
21	85 15
21	79 20
21	84 16
21	84 17
21	84 18
21	84 19
21	83 19
21	85 19
21	79 14
21	84 20
21	84 1
21	84 2
21	84 3
21	83 3
21	85 3
21	79 16
21	84 4
21	84 5
21	84 6
21	84 7
21	83 7
21	85 7
21	79 11
21	84 8
21	84 9
21	84 10
21	84 11
21	83 11
21	85 11
21	79 14
21	84 12
21	84 13
21	84 14
21	84 15
21	83 15
21	85 15
21	79 17
21	84 16
21	84 17
21	84 18
21	84 19
21	83 19
21	85 19
21	79 17
21	84 20
21	84 1
21	84 2
21	84 3
21	83 3
21	85 3
21	79 12
21	84 4
21	84 5
21	84 6
21	84 7
21	84 8
21	84 9
21	83 9
21	85 7
21	79 179
21	84 10
21	84 11
21	83 11
21	85 11
21	79 14
21	84 12
21	84 13
21	84 14
21	84 15
21	83 15
21	85 15
21	79 14
21	84 16
21	84 17
21	84 18
21	84 19
21	83 19
21	85 19
21	79 13
21	84 20
21	84 1
21	84 2
21	84 3
21	83 3
21	85 3
21	79 15
21	84 4
21	84 5
21	84 6
21	84 7
21	83 7
21	85 7
21	79 17
21	84 8
21	84 9
21	84 10
21	84 11
21	83 11
21	85 11
21	79 15
21	84 12
21	84 13
21	84 14
21	84 15
21	83 15
21	85 15
21	79 16
21	84 16
21	84 17
21	84 18
21	84 19
21	83 19
21	85 19
21	79 12
21	84 20
21	84 1
21	84 2
21	84 3
21	83 3
21	85 3
21	79 13
21	84 4
21	84 5
21	84 6
21	84 7
21	83 7
21	85 7
21	79 14
21	84 8
21	84 9
21	84 10
21	84 11
21	83 11
21	85 11
21	79 12
21	84 12
21	84 13
21	84 14
21	84 15
21	83 15
21	85 15
21	79 15
21	84 16
21	83 16
21	85 16
21	79 39
21	84 17
21	84 18
21	83 18
21	85 18
21	79 14
21	84 19
21	84 20
21	84 1
21	84 2
21	83 2
21	85 2
21	79 15
21	84 3
21	84 4
21	84 5
21	84 6
21	83 6
21	85 6
21	79 17
21	84 7
21	84 8
21	84 9
21	84 10
21	83 10
21	85 10
21	79 13
21	84 11
21	84 12
21	83 12
21	85 12
21	79 29
21	84 13
21	84 14
21	84 15
21	84 16
21	83 16
21	85 16
21	79 12
21	84 17
21	84 18
21	84 19
21	84 20
21	83 20
21	85 20
21	79 15
21	84 1
21	84 2
21	84 3
21	84 4
21	83 4
21	85 4
21	79 14
21	84 5
21	84 6
21	84 7
21	84 8
21	83 8
21	85 8
21	79 16
21	84 9
21	84 10
21	84 11
21	84 12
21	83 12
21	85 12
21	79 16
21	84 13
21	84 14
21	84 15
21	84 16
21	83 16
21	85 16
21	79 14
21	84 17
21	84 18
21	84 19
21	84 20
21	83 20
21	85 20
21	79 13
21	84 1
21	84 2
21	84 3
21	84 4
21	83 4
21	85 4
21	79 14
21	84 5
21	84 6
21	84 7
21	84 8
21	83 8
21	85 8
21	79 11
21	84 9
21	84 10
21	TEST_NUMBER 1
21	SENT_TOTAL 250
21	RECEIVED_TOTAL 65
21	TIME_TOTAL 19677
21	RECEIVED_RADIO_1 2
21	RECEIVED_RADIO_2 63
21	SENT_RADIO_1 125
21	SENT_RADIO_2 125
21	RADIO_TIME_1 19683
21	RADIO_TIME_2 19843
21	RETRANSMISSIONS_1 1
21	RETRANSMISSIONS_2 0
21	DROPPED_1 0
21	DROPPED_2 0
21	MAX_QUEUE 1
21	DUPLICATED_1 0
21	DUPLICATED_2 0
21	EBUSY_RADIO_1 0
21	EBUSY_RADIO_2 0
21	83 0
21	85 10
21	86 1
21	84 1
21	84 2
21	84 3
21	84 4
21	84 5
21	84 6
21	83 6
21	85 2
21	79 332
21	84 7
21	84 8
21	83 8
21	85 8
21	79 14
21	84 9
21	84 10
21	84 11
21	84 12
21	83 12
21	85 12
21	79 14
21	84 13
21	84 14
21	84 15
21	84 16
21	83 16
21	85 16
21	79 15
21	84 17
21	84 18
21	84 19
21	84 20
21	83 20
21	85 20
21	79 14
21	84 1
21	84 2
21	84 3
21	84 4
21	83 4
21	85 4
21	79 20
21	84 5
21	84 6
21	84 7
21	84 8
21	83 8
21	85 8
21	79 17
21	84 9
21	84 10
21	84 11
21	84 12
21	83 12
21	85 12
21	79 14
21	84 13
21	84 14
21	84 15
21	84 16
21	83 16
21	85 16
21	79 11
21	84 17
21	84 18
21	84 19
21	84 20
21	83 20
21	85 20
21	79 12
21	84 1
21	84 2
21	84 3
21	84 4
21	83 4
21	85 4
21	79 17
21	84 5
21	84 6
21	84 7
21	84 8
21	83 8
21	85 8
21	79 16
21	84 9
21	83 9
21	85 9
21	79 34
21	84 10
21	84 11
21	83 11
21	85 11
21	79 15
21	84 12
21	84 13
21	84 14
21	84 15
21	83 15
21	85 15
21	79 15
21	84 16
21	84 17
21	84 18
21	84 19
21	83 19
21	85 19
21	79 14
21	84 20
21	84 1
21	84 2
21	84 3
21	83 3
21	85 3
21	79 15
21	84 4
21	84 5
21	84 6
21	84 7
21	83 7
21	85 7
21	79 13
21	84 8
21	84 9
21	84 10
21	84 11
21	83 11
21	85 11
21	79 16
21	84 12
21	84 13
21	84 14
21	84 15
21	83 15
21	85 15
21	79 15
21	84 16
21	84 17
21	84 18
21	84 19
21	83 19
21	85 19
21	79 18
21	84 20
21	84 1
21	84 2
21	84 3
21	83 3
21	85 3
21	79 15
21	84 4
21	84 5
21	84 6
21	84 7
21	83 7
21	85 7
21	79 15
21	84 8
21	84 9
21	84 10
21	84 11
21	83 11
21	85 11
21	79 14
21	84 12
21	84 13
21	84 14
21	84 15
21	83 15
21	85 15
21	79 14
21	84 16
21	84 17
21	84 18
21	84 19
21	83 19
21	85 19
21	79 17
21	84 20
21	84 1
21	84 2
21	84 3
21	83 3
21	85 3
21	79 14
21	84 4
21	84 5
21	84 6
21	84 7
21	83 7
21	85 7
21	79 14
21	84 8
21	84 9
21	84 10
21	84 11
21	83 11
21	85 11
21	79 12
21	84 12
21	84 13
21	84 14
21	84 15
21	83 15
21	85 15
21	79 18
21	84 16
21	84 17
21	84 18
21	84 19
21	83 19
21	85 19
21	79 18
21	84 20
21	84 1
21	84 2
21	84 3
21	84 4
21	84 5
21	84 6
21	84 7
21	83 7
21	85 3
21	79 331
21	84 8
21	83 8
21	85 7
21	79 136
21	84 9
21	83 9
21	85 9
21	79 13
21	84 10
21	84 11
21	84 12
21	84 13
21	83 13
21	85 13
21	79 19
21	84 14
21	84 15
21	84 16
21	84 17
21	83 17
21	85 17
21	79 14
21	84 18
21	84 19
21	84 20
21	84 1
21	84 2
21	84 3
21	84 4
21	84 5
21	83 5
21	85 1
21	79 331
21	84 6
21	84 7
21	83 7
21	85 7
21	79 19
21	84 8
21	84 9
21	84 10
21	84 11
21	83 11
21	85 11
21	79 16
21	84 12
21	84 13
21	84 14
21	84 15
21	83 15
21	85 15
21	79 14
21	84 16
21	84 17
21	84 18
21	84 19
21	83 19
21	85 19
21	79 14
21	84 20
21	84 1
21	84 2
21	84 3
21	83 3
21	85 3
21	79 16
21	84 4
21	84 5
21	84 6
21	84 7
21	83 7
21	85 7
21	79 12
21	84 8
21	84 9
21	83 9
21	85 9
21	79 23
21	84 10
21	84 11
21	84 12
21	84 13
21	83 13
21	85 13
21	79 16
21	84 14
21	84 15
21	84 16
21	84 17
21	83 17
21	85 17
21	79 17
21	84 18
21	84 19
21	84 20
21	84 1
21	83 1
21	85 1
21	79 14
21	84 2
21	84 3
21	84 4
21	84 5
21	83 5
21	85 5
21	79 14
21	84 6
21	84 7
21	84 8
21	84 9
21	83 9
21	85 9
21	79 15
21	84 10
21	84 11
21	84 12
21	84 13
21	83 13
21	85 13
21	79 14
21	84 14
21	84 15
21	84 16
21	84 17
21	84 18
21	84 19
21	84 20
21	84 1
21	83 1
21	85 17
21	79 335
21	84 2
21	83 2
21	85 2
21	79 23
21	83 2
21	85 1
21	79 142
21	84 3
21	84 4
21	83 4
21	85 4
21	79 25
21	84 5
21	84 6
21	83 6
21	85 6
21	79 14
21	84 7
21	84 8
21	84 9
21	84 10
21	83 10
21	85 10
21	79 17
21	84 11
21	84 12
21	84 13
21	84 14
21	83 14
21	85 14
21	79 13
21	84 15
21	84 16
21	84 17
21	84 18
21	83 18
21	85 18
21	79 12
21	84 19
21	84 20
21	84 1
21	84 2
21	84 3
21	83 3
21	85 3
21	79 13
21	84 4
21	84 5
21	84 6
21	84 7
21	83 7
21	85 7
21	79 13
21	84 8
21	84 9
21	84 10
21	84 11
21	84 12
21	84 13
21	84 14
21	84 15
21	83 15
21	85 11
21	79 334
21	84 16
21	84 17
21	83 17
21	85 17
21	79 12
21	84 18
21	84 19
21	84 20
21	84 1
21	83 1
21	85 1
21	79 15
21	84 2
21	84 3
21	84 4
21	84 5
21	83 5
21	85 5
21	79 15
21	84 6
21	84 7
21	84 8
21	84 9
21	83 9
21	85 9
21	79 14
21	84 10
21	TEST_NUMBER 2
21	SENT_TOTAL 250
21	RECEIVED_TOTAL 65
21	TIME_TOTAL 29679
21	RECEIVED_RADIO_1 5
21	RECEIVED_RADIO_2 61
21	SENT_RADIO_1 124
21	SENT_RADIO_2 126
21	RADIO_TIME_1 29745
21	RADIO_TIME_2 19697
21	RETRANSMISSIONS_1 2
21	RETRANSMISSIONS_2 1
21	DROPPED_1 0
21	DROPPED_2 0
21	MAX_QUEUE 1
21	DUPLICATED_1 0
21	DUPLICATED_2 0
21	EBUSY_RADIO_1 0
21	EBUSY_RADIO_2 0
21	84 1
21	83 1
21	85 1
21	79 32
21	84 2
21	84 3
21	83 3
21	85 3
21	79 11
21	84 4
21	84 5
21	84 6
21	84 7
21	83 7
21	85 7
21	79 16
21	84 8
21	84 9
21	84 10
21	84 11
21	83 11
21	85 11
21	79 18
21	84 12
21	84 13
21	84 14
21	84 15
21	83 15
21	85 15
21	79 17
21	84 16
21	84 17
21	84 18
21	84 19
21	83 19
21	85 19
21	79 17
21	84 20
21	84 1
21	84 2
21	84 3
21	83 3
21	85 3
21	79 14
21	84 4
21	84 5
21	84 6
21	84 7
21	83 7
21	85 7
21	79 17
21	84 8
21	84 9
21	84 10
21	84 11
21	83 11
21	85 11
21	79 14
21	84 12
21	84 13
21	84 14
21	84 15
21	83 15
21	85 15
21	79 17
21	84 16
21	84 17
21	84 18
21	84 19
21	83 19
21	85 19
21	79 16
21	84 20
21	84 1
21	84 2
21	84 3
21	83 3
21	85 3
21	79 15
21	84 4
21	84 5
21	84 6
21	84 7
21	83 7
21	85 7
21	79 18
21	84 8
21	84 9
21	84 10
21	84 11
21	83 11
21	85 11
21	79 20
21	84 12
21	84 13
21	84 14
21	84 15
21	83 15
21	85 15
21	79 17
21	84 16
21	84 17
21	84 18
21	84 19
21	83 19
21	85 19
21	79 15
21	84 20
21	84 1
21	84 2
21	84 3
21	83 3
21	85 3
21	79 14
21	84 4
21	84 5
21	84 6
21	84 7
21	83 7
21	85 7
21	79 16
21	84 8
21	84 9
21	84 10
21	84 11
21	83 11
21	85 11
21	79 17
21	84 12
21	84 13
21	84 14
21	84 15
21	83 15
21	85 15
21	79 17
21	84 16
21	84 17
21	84 18
21	84 19
21	83 19
21	85 19
21	79 12
21	84 20
21	84 1
21	84 2
21	84 3
21	83 3
21	85 3
21	79 15
21	84 4
21	84 5
21	84 6
21	83 6
21	85 5
21	79 136
21	84 7
21	83 7
21	85 7
21	79 18
21	84 8
21	84 9
21	84 10
21	84 11
21	83 11
21	85 11
21	79 15
21	84 12
21	84 13
21	84 14
21	84 15
21	83 15
21	85 15
21	79 16
21	84 16
21	84 17
21	84 18
21	84 19
21	83 19
21	85 19
21	79 13
21	84 20
21	83 20
21	85 20
21	79 34
21	84 1
21	84 2
21	83 2
21	85 2
21	79 12
21	84 3
21	84 4
21	84 5
21	84 6
21	83 6
21	85 6
21	79 16
21	84 7
21	84 8
21	84 9
21	84 10
21	83 10
21	85 10
21	79 11
21	84 11
21	84 12
21	84 13
21	84 14
21	83 14
21	85 14
21	79 14
21	84 15
21	84 16
21	84 17
21	84 18
21	83 18
21	85 18
21	79 16
21	84 19
21	84 20
21	84 1
21	84 2
21	83 2
21	85 2
21	79 16
21	84 3
21	84 4
21	84 5
21	84 6
21	83 6
21	85 6
21	79 14
21	84 7
21	84 8
21	84 9
21	84 10
21	83 10
21	85 10
21	79 11
21	84 11
21	84 12
21	84 13
21	84 14
21	83 14
21	85 14
21	79 17
21	84 15
21	84 16
21	84 17
21	84 18
21	83 18
21	85 18
21	79 15
21	84 19
21	84 20
21	84 1
21	84 2
21	83 2
21	85 2
21	79 11
21	84 3
21	84 4
21	84 5
21	84 6
21	83 6
21	85 6
21	79 14
21	84 7
21	84 8
21	84 9
21	84 10
21	83 10
21	85 10
21	79 15
21	84 11
21	84 12
21	84 13
21	84 14
21	83 14
21	85 14
21	79 15
21	84 15
21	84 16
21	84 17
21	84 18
21	83 18
21	85 18
21	79 15
21	84 19
21	84 20
21	84 1
21	84 2
21	83 2
21	85 2
21	79 15
21	84 3
21	84 4
21	84 5
21	84 6
21	83 6
21	85 6
21	79 16
21	84 7
21	84 8
21	84 9
21	84 10
21	83 10
21	85 10
21	79 19
21	84 11
21	84 12
21	84 13
21	84 14
21	83 14
21	85 14
21	79 12
21	84 15
21	84 16
21	84 17
21	84 18
21	83 18
21	85 18
21	79 13
21	84 19
21	84 20
21	84 1
21	84 2
21	83 2
21	85 2
21	79 13
21	84 3
21	84 4
21	84 5
21	84 6
21	83 6
21	85 6
21	79 17
21	84 7
21	84 8
21	84 9
21	84 10
21	83 10
21	85 10
21	79 12
21	84 11
21	84 12
21	84 13
21	84 14
21	83 14
21	85 14
21	79 14
21	84 15
21	84 16
21	84 17
21	84 18
21	83 18
21	85 18
21	79 16
21	84 19
21	84 20
21	84 1
21	84 2
21	83 2
21	85 2
21	79 13
21	84 3
21	84 4
21	84 5
21	84 6
21	83 6
21	85 6
21	79 18
21	84 7
21	84 8
21	84 9
21	84 10
21	83 10
21	85 10
21	79 14
21	84 11
21	84 12
21	84 13
21	84 14
21	83 14
21	85 14
21	79 16
21	84 15
21	84 16
21	84 17
21	84 18
21	83 18
21	85 18
21	79 15
21	84 19
21	84 20
21	84 1
21	84 2
21	83 2
21	85 2
21	79 16
21	84 3
21	84 4
21	84 5
21	84 6
21	83 6
21	85 6
21	79 18
21	84 7
21	84 8
21	84 9
21	84 10
21	83 10
21	85 10
21	79 15
21	84 11
21	84 12
21	84 13
21	84 14
21	83 14
21	85 14
21	79 20
21	84 15
21	84 16
21	84 17
21	84 18
21	84 19
21	84 20
21	84 1
21	84 2
21	83 2
21	85 18
21	79 332
21	84 3
21	84 4
21	83 4
21	85 4
21	79 14
21	84 5
21	84 6
21	84 7
21	84 8
21	83 8
21	85 8
21	79 18
21	84 9
21	84 10
21	TEST_NUMBER 3
21	SENT_TOTAL 250
21	RECEIVED_TOTAL 65
21	TIME_TOTAL 19669
21	RECEIVED_RADIO_1 3
21	RECEIVED_RADIO_2 62
21	SENT_RADIO_1 125
21	SENT_RADIO_2 125
21	RADIO_TIME_1 19731
21	RADIO_TIME_2 19843
21	RETRANSMISSIONS_1 1
21	RETRANSMISSIONS_2 0
21	DROPPED_1 0
21	DROPPED_2 0
21	MAX_QUEUE 1
21	DUPLICATED_1 0
21	DUPLICATED_2 0
21	EBUSY_RADIO_1 0
21	EBUSY_RADIO_2 0
21	83 0
21	85 10
21	86 3
21	84 1
21	84 2
21	83 2
21	85 2
21	79 13
21	84 3
21	84 4
21	84 5
21	84 6
21	83 6
21	85 6
21	79 13
21	84 7
21	84 8
21	84 9
21	84 10
21	83 10
21	85 10
21	79 16
21	84 11
21	84 12
21	84 13
21	84 14
21	83 14
21	85 14
21	79 13
21	84 15
21	84 16
21	84 17
21	84 18
21	83 18
21	85 18
21	79 10
21	84 19
21	84 20
21	84 1
21	84 2
21	83 2
21	85 2
21	79 12
21	84 3
21	84 4
21	84 5
21	84 6
21	83 6
21	85 6
21	79 17
21	84 7
21	84 8
21	84 9
21	84 10
21	83 10
21	85 10
21	79 15
21	84 11
21	84 12
21	84 13
21	84 14
21	83 14
21	85 14
21	79 15
21	84 15
21	84 16
21	83 16
21	85 16
21	79 33
21	84 17
21	84 18
21	83 18
21	85 18
21	79 18
21	84 19
21	84 20
21	84 1
21	84 2
21	83 2
21	85 2
21	79 14
21	84 3
21	84 4
21	83 4
21	85 4
21	79 28
21	84 5
21	84 6
21	83 6
21	85 6
21	79 13
21	84 7
21	84 8
21	84 9
21	84 10
21	83 10
21	85 10
21	79 12
21	84 11
21	84 12
21	84 13
21	84 14
21	83 14
21	85 14
21	79 13
21	84 15
21	84 16
21	84 17
21	84 18
21	83 18
21	85 18
21	79 12
21	84 19
21	84 20
21	84 1
21	84 2
21	83 2
21	85 2
21	79 15
21	84 3
21	84 4
21	84 5
21	84 6
21	83 6
21	85 6
21	79 16
21	84 7
21	84 8
21	84 9
21	84 10
21	83 10
21	85 10
21	79 14
21	84 11
21	84 12
21	84 13
21	84 14
21	83 14
21	85 14
21	79 19
21	84 15
21	84 16
21	84 17
21	84 18
21	83 18
21	85 18
21	79 17
21	84 19
21	84 20
21	84 1
21	84 2
21	84 3
21	83 3
21	85 3
21	79 13
21	84 4
21	84 5
21	84 6
21	84 7
21	83 7
21	85 7
21	79 16
21	84 8
21	84 9
21	84 10
21	84 11
21	83 11
21	85 11
21	79 15
21	84 12
21	84 13
21	84 14
21	84 15
21	83 15
21	85 15
21	79 15
21	84 16
21	84 17
21	84 18
21	84 19
21	83 19
21	85 19
21	79 18
21	84 20
21	84 1
21	84 2
21	84 3
21	83 3
21	85 3
21	79 13
21	84 4
21	84 5
21	84 6
21	84 7
21	83 7
21	85 7
21	79 13
21	84 8
21	84 9
21	84 10
21	84 11
21	84 12
21	84 13
21	84 14
21	84 15
21	83 15
21	85 11
21	79 337
21	84 16
21	84 17
21	83 17
21	85 17
21	79 18
21	84 18
21	84 19
21	84 20
21	84 1
21	83 1
21	85 1
21	79 17
21	84 2
21	84 3
21	84 4
21	84 5
21	83 5
21	85 5
21	79 12
21	84 6
21	84 7
21	84 8
21	84 9
21	83 9
21	85 9
21	79 17
21	84 10
21	84 11
21	84 12
21	84 13
21	83 13
21	85 13
21	79 14
21	84 14
21	84 15
21	84 16
21	84 17
21	83 17
21	85 17
21	79 14
21	84 18
21	84 19
21	84 20
21	84 1
21	83 1
21	85 1
21	79 15
21	84 2
21	84 3
21	84 4
21	84 5
21	83 5
21	85 5
21	79 20
21	84 6
21	84 7
21	84 8
21	84 9
21	83 9
21	85 9
21	79 13
21	84 10
21	84 11
21	84 12
21	84 13
21	83 13
21	85 13
21	79 15
21	84 14
21	84 15
21	84 16
21	84 17
21	83 17
21	85 17
21	79 18
21	84 18
21	84 19
21	84 20
21	84 1
21	83 1
21	85 1
21	79 16
21	84 2
21	84 3
21	84 4
21	84 5
21	83 5
21	85 5
21	79 16
21	84 6
21	84 7
21	84 8
21	84 9
21	83 9
21	85 9
21	79 15
21	84 10
21	84 11
21	84 12
21	84 13
21	83 13
21	85 13
21	79 15
21	84 14
21	84 15
21	84 16
21	84 17
21	83 17
21	85 17
21	79 16
21	84 18
21	84 19
21	84 20
21	84 1
21	83 1
21	85 1
21	79 17
21	84 2
21	84 3
21	84 4
21	84 5
21	83 5
21	85 5
21	79 14
21	84 6
21	84 7
21	84 8
21	84 9
21	83 9
21	85 9
21	79 15
21	84 10
21	84 11
21	84 12
21	84 13
21	83 13
21	85 13
21	79 14
21	84 14
21	84 15
21	83 15
21	85 15
21	79 28
21	84 16
21	84 17
21	84 18
21	84 19
21	83 19
21	85 19
21	79 16
21	84 20
21	84 1
21	84 2
21	84 3
21	83 3
21	85 3
21	79 13
21	84 4
21	84 5
21	84 6
21	84 7
21	83 7
21	85 7
21	79 14
21	84 8
21	84 9
21	84 10
21	84 11
21	83 11
21	85 11
21	79 15
21	84 12
21	84 13
21	84 14
21	84 15
21	83 15
21	85 15
21	79 17
21	84 16
21	84 17
21	84 18
21	84 19
21	83 19
21	85 19
21	79 11
21	84 20
21	84 1
21	84 2
21	84 3
21	83 3
21	85 3
21	79 18
21	84 4
21	84 5
21	84 6
21	84 7
21	83 7
21	85 7
21	79 13
21	84 8
21	84 9
21	84 10
21	84 11
21	83 11
21	85 11
21	79 15
21	84 12
21	84 13
21	84 14
21	84 15
21	83 15
21	85 15
21	79 15
21	84 16
21	84 17
21	84 18
21	84 19
21	83 19
21	85 19
21	79 18
21	84 20
21	84 1
21	84 2
21	84 3
21	83 3
21	85 3
21	79 12
21	84 4
21	84 5
21	83 5
21	85 5
21	79 31
21	84 6
21	84 7
21	83 7
21	85 7
21	79 14
21	84 8
21	84 9
21	84 10
21	TEST_NUMBER 4
21	SENT_TOTAL 250
21	RECEIVED_TOTAL 65
21	TIME_TOTAL 29522
21	RECEIVED_RADIO_1 4
21	RECEIVED_RADIO_2 62
21	SENT_RADIO_1 125
21	SENT_RADIO_2 125
21	RADIO_TIME_1 29747
21	RADIO_TIME_2 19683
21	RETRANSMISSIONS_1 0
21	RETRANSMISSIONS_2 1
21	DROPPED_1 0
21	DROPPED_2 0
21	MAX_QUEUE 1
21	DUPLICATED_1 0
21	DUPLICATED_2 0
21	EBUSY_RADIO_1 0
21	EBUSY_RADIO_2 0
21	84 1
21	83 1
21	85 1
21	79 13
21	84 2
21	84 3
21	84 4
21	84 5
21	83 5
21	85 5
21	79 16
21	84 6
21	84 7
21	84 8
21	84 9
21	83 9
21	85 9
21	79 12
21	84 10
21	84 11
21	84 12
21	84 13
21	83 13
21	85 13
21	79 15
21	84 14
21	84 15
21	84 16
21	84 17
21	83 17
21	85 17
21	79 18
21	84 18
21	84 19
21	84 20
21	84 1
21	83 1
21	85 1
21	79 18
21	84 2
21	84 3
21	84 4
21	84 5
21	83 5
21	85 5
21	79 12
21	84 6
21	84 7
21	84 8
21	84 9
21	83 9
21	85 9
21	79 11
21	84 10
21	84 11
21	84 12
21	84 13
21	83 13
21	85 13
21	79 14
21	84 14
21	84 15
21	84 16
21	84 17
21	83 17
21	85 17
21	79 17
21	84 18
21	84 19
21	84 20
21	84 1
21	83 1
21	85 1
21	79 17
21	84 2
21	84 3
21	84 4
21	84 5
21	83 5
21	85 5
21	79 15
21	84 6
21	84 7
21	84 8
21	84 9
21	83 9
21	85 9
21	79 16
21	84 10
21	84 11
21	84 12
21	84 13
21	83 13
21	85 13
21	79 14
21	84 14
21	84 15
21	84 16
21	84 17
21	83 17
21	85 17
21	79 14
21	84 18
21	84 19
21	84 20
21	84 1
21	83 1
21	85 1
21	79 17
21	84 2
21	84 3
21	84 4
21	84 5
21	83 5
21	85 5
21	79 15
21	84 6
21	84 7
21	84 8
21	84 9
21	83 9
21	85 9
21	79 14
21	84 10
21	84 11
21	84 12
21	84 13
21	83 13
21	85 13
21	79 12
21	84 14
21	84 15
21	84 16
21	84 17
21	83 17
21	85 17
21	79 15
21	84 18
21	84 19
21	84 20
21	84 1
21	83 1
21	85 1
21	79 12
21	84 2
21	84 3
21	84 4
21	84 5
21	83 5
21	85 5
21	79 15
21	84 6
21	84 7
21	84 8
21	84 9
21	83 9
21	85 9
21	79 13
21	84 10
21	84 11
21	84 12
21	84 13
21	83 13
21	85 13
21	79 12
21	84 14
21	84 15
21	84 16
21	84 17
21	83 17
21	85 17
21	79 13
21	84 18
21	84 19
21	84 20
21	84 1
21	83 1
21	85 1
21	79 13
21	84 2
21	84 3
21	84 4
21	84 5
21	83 5
21	85 5
21	79 12
21	84 6
21	84 7
21	84 8
21	84 9
21	83 9
21	85 9
21	79 16
21	84 10
21	84 11
21	84 12
21	84 13
21	83 13
21	85 13
21	79 12
21	84 14
21	84 15
21	84 16
21	84 17
21	83 17
21	85 17
21	79 18
21	84 18
21	84 19
21	84 20
21	84 1
21	83 1
21	85 1
21	79 15
21	84 2
21	84 3
21	84 4
21	84 5
21	83 5
21	85 5
21	79 15
21	84 6
21	84 7
21	84 8
21	84 9
21	83 9
21	85 9
21	79 16
21	84 10
21	84 11
21	84 12
21	84 13
21	83 13
21	85 13
21	79 16
21	84 14
21	84 15
21	84 16
21	83 16
21	85 15
21	79 137
21	84 17
21	83 17
21	85 17
21	79 15
21	84 18
21	84 19
21	84 20
21	84 1
21	83 1
21	85 1
21	79 16
21	84 2
21	84 3
21	84 4
21	84 5
21	83 5
21	85 5
21	79 14
21	84 6
21	84 7
21	84 8
21	84 9
21	83 9
21	85 9
21	79 14
21	84 10
21	84 11
21	84 12
21	84 13
21	83 13
21	85 13
21	79 16
21	84 14
21	84 15
21	84 16
21	84 17
21	83 17
21	85 17
21	79 14
21	84 18
21	84 19
21	84 20
21	84 1
21	83 1
21	85 1
21	79 15
21	84 2
21	84 3
21	84 4
21	84 5
21	83 5
21	85 5
21	79 16
21	84 6
21	84 7
21	84 8
21	84 9
21	83 9
21	85 9
21	79 13
21	84 10
21	84 11
21	84 12
21	84 13
21	84 14
21	84 15
21	84 16
21	84 17
21	83 17
21	85 13
21	79 336
21	84 18
21	84 19
21	83 19
21	85 19
21	79 18
21	84 20
21	84 1
21	84 2
21	84 3
21	83 3
21	85 3
21	79 16
21	84 4
21	84 5
21	84 6
21	84 7
21	83 7
21	85 7
21	79 19
21	84 8
21	84 9
21	84 10
21	84 11
21	83 11
21	85 11
21	79 14
21	84 12
21	84 13
21	84 14
21	84 15
21	83 15
21	85 15
21	79 15
21	84 16
21	84 17
21	84 18
21	84 19
21	83 19
21	85 19
21	79 15
21	84 20
21	84 1
21	84 2
21	84 3
21	83 3
21	85 3
21	79 19
21	84 4
21	84 5
21	84 6
21	83 6
21	85 5
21	79 136
21	84 7
21	83 7
21	85 7
21	79 17
21	84 8
21	84 9
21	84 10
21	84 11
21	83 11
21	85 11
21	79 18
21	84 12
21	84 13
21	84 14
21	84 15
21	83 15
21	85 15
21	79 14
21	84 16
21	84 17
21	84 18
21	84 19
21	84 20
21	83 20
21	85 20
21	79 19
21	84 1
21	84 2
21	84 3
21	84 4
21	83 4
21	85 4
21	79 16
21	84 5
21	84 6
21	84 7
21	84 8
21	83 8
21	85 8
21	79 14
21	84 9
21	84 10
21	84 11
21	84 12
21	83 12
21	85 12
21	79 15
21	84 13
21	84 14
21	84 15
21	84 16
21	83 16
21	85 16
21	79 16
21	84 17
21	84 18
21	84 19
21	84 20
21	83 20
21	85 20
21	79 18
21	84 1
21	84 2
21	84 3
21	84 4
21	83 4
21	85 4
21	79 17
21	84 5
21	84 6
21	84 7
21	84 8
21	83 8
21	85 8
21	79 15
21	84 9
21	84 10
21	TEST_NUMBER 5
21	SENT_TOTAL 250
21	RECEIVED_TOTAL 64
21	TIME_TOTAL 19685
21	RECEIVED_RADIO_1 2
21	RECEIVED_RADIO_2 62
21	SENT_RADIO_1 126
21	SENT_RADIO_2 124
21	RADIO_TIME_1 19683
21	RADIO_TIME_2 19843
21	RETRANSMISSIONS_1 0
21	RETRANSMISSIONS_2 1
21	DROPPED_1 0
21	DROPPED_2 0
21	MAX_QUEUE 1
21	DUPLICATED_1 0
21	DUPLICATED_2 0
21	EBUSY_RADIO_1 0
21	EBUSY_RADIO_2 0
21	83 0
21	85 10
21	86 5
21	84 1
21	84 2
21	83 2
21	85 2
21	79 17
21	84 3
21	84 4
21	84 5
21	84 6
21	83 6
21	85 6
21	79 13
21	84 7
21	84 8
21	84 9
21	84 10
21	83 10
21	85 10
21	79 12
21	84 11
21	84 12
21	84 13
21	84 14
21	83 14
21	85 14
21	79 13
21	84 15
21	84 16
21	84 17
21	84 18
21	83 18
21	85 18
21	79 14
21	84 19
21	84 20
21	84 1
21	84 2
21	83 2
21	85 2
21	79 15
21	84 3
21	84 4
21	84 5
21	84 6
21	83 6
21	85 6
21	79 15
21	84 7
21	84 8
21	84 9
21	84 10
21	83 10
21	85 10
21	79 18
21	84 11
21	84 12
21	84 13
21	84 14
21	83 14
21	85 14
21	79 15
21	84 15
21	84 16
21	84 17
21	84 18
21	83 18
21	85 18
21	79 15
21	84 19
21	84 20
21	84 1
21	84 2
21	83 2
21	85 2
21	79 12
21	84 3
21	84 4
21	84 5
21	84 6
21	83 6
21	85 6
21	79 17
21	84 7
21	84 8
21	84 9
21	84 10
21	83 10
21	85 10
21	79 15
21	84 11
21	84 12
21	84 13
21	84 14
21	83 14
21	85 14
21	79 16
21	84 15
21	84 16
21	84 17
21	84 18
21	83 18
21	85 18
21	79 17
21	84 19
21	84 20
21	84 1
21	84 2
21	83 2
21	85 2
21	79 16
21	84 3
21	84 4
21	84 5
21	84 6
21	83 6
21	85 6
21	79 16
21	84 7
21	84 8
21	84 9
21	84 10
21	83 10
21	85 10
21	79 14
21	84 11
21	84 12
21	84 13
21	84 14
21	83 14
21	85 14
21	79 13
21	84 15
21	84 16
21	84 17
21	84 18
21	83 18
21	85 18
21	79 15
21	84 19
21	84 20
21	84 1
21	84 2
21	83 2
21	85 2
21	79 15
21	84 3
21	84 4
21	84 5
21	84 6
21	83 6
21	85 6
21	79 13
21	84 7
21	84 8
21	84 9
21	84 10
21	83 10
21	85 10
21	79 16
21	84 11
21	84 12
21	84 13
21	84 14
21	83 14
21	85 14
21	79 15
21	84 15
21	84 16
21	84 17
21	84 18
21	83 18
21	85 18
21	79 16
21	84 19
21	84 20
21	84 1
21	84 2
21	83 2
21	85 2
21	79 14
21	84 3
21	84 4
21	84 5
21	84 6
21	83 6
21	85 6
21	79 16
21	84 7
21	84 8
21	84 9
21	83 9
21	85 8
21	79 130
21	84 10
21	83 10
21	85 10
21	79 16
21	84 11
21	83 11
21	85 11
21	79 32
21	84 12
21	84 13
21	83 13
21	85 13
21	79 15
21	84 14
21	84 15
21	84 16
21	84 17
21	83 17
21	85 17
21	79 17
21	84 18
21	84 19
21	84 20
21	84 1
21	83 1
21	85 1
21	79 16
21	84 2
21	84 3
21	84 4
21	84 5
21	83 5
21	85 5
21	79 18
21	84 6
21	84 7
21	84 8
21	84 9
21	83 9
21	85 9
21	79 15
21	84 10
21	84 11
21	84 12
21	84 13
21	83 13
21	85 13
21	79 12
21	84 14
21	84 15
21	84 16
21	84 17
21	83 17
21	85 17
21	79 15
21	84 18
21	84 19
21	84 20
21	84 1
21	83 1
21	85 1
21	79 12
21	84 2
21	84 3
21	84 4
21	84 5
21	83 5
21	85 5
21	79 18
21	84 6
21	84 7
21	84 8
21	84 9
21	83 9
21	85 9
21	79 17
21	84 10
21	84 11
21	84 12
21	84 13
21	83 13
21	85 13
21	79 17
21	84 14
21	84 15
21	84 16
21	84 17
21	83 17
21	85 17
21	79 12
21	84 18
21	84 19
21	84 20
21	84 1
21	83 1
21	85 1
21	79 12
21	84 2
21	84 3
21	84 4
21	84 5
21	83 5
21	85 5
21	79 17
21	84 6
21	84 7
21	84 8
21	84 9
21	83 9
21	85 9
21	79 14
21	84 10
21	84 11
21	84 12
21	84 13
21	83 13
21	85 13
21	79 13
21	84 14
21	84 15
21	84 16
21	84 17
21	83 17
21	85 17
21	79 13
21	84 18
21	84 19
21	84 20
21	84 1
21	83 1
21	85 1
21	79 15
21	84 2
21	84 3
21	84 4
21	84 5
21	83 5
21	85 5
21	79 16
21	84 6
21	84 7
21	84 8
21	84 9
21	83 9
21	85 9
21	79 14
21	84 10
21	84 11
21	84 12
21	84 13
21	83 13
21	85 13
21	79 15
21	84 14
21	84 15
21	84 16
21	84 17
21	83 17
21	85 17
21	79 13
21	84 18
21	84 19
21	84 20
21	84 1
21	83 1
21	85 1
21	79 14
21	84 2
21	84 3
21	84 4
21	84 5
21	83 5
21	85 5
21	79 12
21	84 6
21	84 7
21	84 8
21	84 9
21	83 9
21	85 9
21	79 17
21	84 10
21	84 11
21	84 12
21	84 13
21	83 13
21	85 13
21	79 18
21	84 14
21	84 15
21	84 16
21	84 17
21	83 17
21	85 17
21	79 14
21	84 18
21	84 19
21	84 20
21	84 1
21	83 1
21	85 1
21	79 15
21	84 2
21	84 3
21	84 4
21	84 5
21	84 6
21	83 6
21	85 6
21	79 14
21	84 7
21	84 8
21	84 9
21	84 10
21	83 10
21	85 10
21	79 12
21	84 11
21	84 12
21	84 13
21	84 14
21	83 14
21	85 14
21	79 17
21	84 15
21	84 16
21	84 17
21	84 18
21	83 18
21	85 18
21	79 14
21	84 19
21	84 20
21	84 1
21	84 2
21	83 2
21	85 2
21	79 19
21	84 3
21	84 4
21	84 5
21	84 6
21	83 6
21	85 6
21	79 15
21	84 7
21	84 8
21	84 9
21	84 10
21	TEST_NUMBER 6
21	SENT_TOTAL 250
21	RECEIVED_TOTAL 64
21	TIME_TOTAL 29447
21	RECEIVED_RADIO_1 3
21	RECEIVED_RADIO_2 62
21	SENT_RADIO_1 125
21	SENT_RADIO_2 125
21	RADIO_TIME_1 29671
21	RADIO_TIME_2 19763
21	RETRANSMISSIONS_1 1
21	RETRANSMISSIONS_2 1
21	DROPPED_1 0
21	DROPPED_2 0
21	MAX_QUEUE 1
21	DUPLICATED_1 0
21	DUPLICATED_2 0
21	EBUSY_RADIO_1 0
21	EBUSY_RADIO_2 0
21	83 0
21	85 10
21	86 6

44	DESTINATION_NODE 44
44	TEST_NUMBER 0
44	SENT_TOTAL 113
44	RECEIVED_TOTAL 113
44	TIME_TOTAL 17932
44	RECEIVED_RADIO_1 0
44	RECEIVED_RADIO_2 113
44	SENT_RADIO_1 56
44	SENT_RADIO_2 57
44	RADIO_TIME_1 17772
44	RADIO_TIME_2 17932
44	RETRANSMISSIONS_1 1
44	RETRANSMISSIONS_2 0
44	DROPPED_1 0
44	DROPPED_2 0
44	MAX_QUEUE 1
44	DUPLICATED_1 0
44	DUPLICATED_2 2
44	EBUSY_RADIO_1 0
44	EBUSY_RADIO_2 0
44	86 0
44	86 0
44	86 0
44	86 0
44	86 0
44	86 0
44	86 0
44	86 0
44	86 0
44	86 0
44	86 0
44	TEST_NUMBER 1
44	SENT_TOTAL 126
44	RECEIVED_TOTAL 115
44	TIME_TOTAL 29806
44	RECEIVED_RADIO_1 0
44	RECEIVED_RADIO_2 126
44	SENT_RADIO_1 63
44	SENT_RADIO_2 63
44	RADIO_TIME_1 29646
44	RADIO_TIME_2 29806
44	RETRANSMISSIONS_1 2
44	RETRANSMISSIONS_2 2
44	DROPPED_1 0
44	DROPPED_2 0
44	MAX_QUEUE 1
44	DUPLICATED_1 0
44	DUPLICATED_2 0
44	EBUSY_RADIO_1 0
44	EBUSY_RADIO_2 0
44	86 1
44	86 1
44	86 1
44	86 1
44	86 1
44	86 1
44	86 1
44	86 1
44	86 1
44	86 1
44	86 1
44	TEST_NUMBER 2
44	SENT_TOTAL 125
44	RECEIVED_TOTAL 114
44	TIME_TOTAL 29645
44	RECEIVED_RADIO_1 0
44	RECEIVED_RADIO_2 125
44	SENT_RADIO_1 64
44	SENT_RADIO_2 61
44	RADIO_TIME_1 29485
44	RADIO_TIME_2 29645
44	RETRANSMISSIONS_1 1
44	RETRANSMISSIONS_2 4
44	DROPPED_1 0
44	DROPPED_2 0
44	MAX_QUEUE 1
44	DUPLICATED_1 0
44	DUPLICATED_2 1
44	EBUSY_RADIO_1 0
44	EBUSY_RADIO_2 0
44	86 2
44	86 2
44	86 2
44	86 2
44	86 2
44	86 2
44	86 2
44	86 2
44	86 2
44	86 2
44	86 2
44	TEST_NUMBER 3
44	SENT_TOTAL 126
44	RECEIVED_TOTAL 115
44	TIME_TOTAL 29805
44	RECEIVED_RADIO_1 0
44	RECEIVED_RADIO_2 126
44	SENT_RADIO_1 64
44	SENT_RADIO_2 62
44	RADIO_TIME_1 29805
44	RADIO_TIME_2 29805
44	RETRANSMISSIONS_1 0
44	RETRANSMISSIONS_2 1
44	DROPPED_1 0
44	DROPPED_2 0
44	MAX_QUEUE 1
44	DUPLICATED_1 0
44	DUPLICATED_2 0
44	EBUSY_RADIO_1 0
44	EBUSY_RADIO_2 0
44	86 3
44	86 3
44	86 3
44	86 3
44	86 3
44	86 3
44	86 3
44	86 3
44	86 3
44	86 3
44	86 3
44	TEST_NUMBER 4
44	SENT_TOTAL 124
44	RECEIVED_TOTAL 113
44	TIME_TOTAL 29641
44	RECEIVED_RADIO_1 0
44	RECEIVED_RADIO_2 124
44	SENT_RADIO_1 62
44	SENT_RADIO_2 62
44	RADIO_TIME_1 29324
44	RADIO_TIME_2 29641
44	RETRANSMISSIONS_1 1
44	RETRANSMISSIONS_2 2
44	DROPPED_1 0
44	DROPPED_2 0
44	MAX_QUEUE 1
44	DUPLICATED_1 0
44	DUPLICATED_2 1
44	EBUSY_RADIO_1 0
44	EBUSY_RADIO_2 0
44	86 4
44	86 4
44	86 4
44	86 4
44	86 4
44	86 4
44	86 4
44	86 4
44	86 4
44	86 4
44	86 4
44	TEST_NUMBER 5
44	SENT_TOTAL 125
44	RECEIVED_TOTAL 114
44	TIME_TOTAL 29805
44	RECEIVED_RADIO_1 0
44	RECEIVED_RADIO_2 125
44	SENT_RADIO_1 63
44	SENT_RADIO_2 62
44	RADIO_TIME_1 29646
44	RADIO_TIME_2 29805
44	RETRANSMISSIONS_1 0
44	RETRANSMISSIONS_2 1
44	DROPPED_1 0
44	DROPPED_2 0
44	MAX_QUEUE 1
44	DUPLICATED_1 0
44	DUPLICATED_2 0
44	EBUSY_RADIO_1 0
44	EBUSY_RADIO_2 0
44	86 5
44	86 5
44	86 5
44	86 5
44	86 5
44	86 5
44	86 5
44	86 5
44	86 5
44	86 5
44	86 5
44	TEST_NUMBER 6
44	SENT_TOTAL 125
44	RECEIVED_TOTAL 114
44	TIME_TOTAL 29723
44	RECEIVED_RADIO_1 0
44	RECEIVED_RADIO_2 125
44	SENT_RADIO_1 62
44	SENT_RADIO_2 62
44	RADIO_TIME_1 29723
44	RADIO_TIME_2 29723
44	RETRANSMISSIONS_1 0
44	RETRANSMISSIONS_2 0
44	DROPPED_1 0
44	DROPPED_2 0
44	MAX_QUEUE 1
44	DUPLICATED_1 0
44	DUPLICATED_2 1
44	EBUSY_RADIO_1 0
44	EBUSY_RADIO_2 0
44	86 6
44	86 6
44	86 6
44	86 6
44	86 6
44	86 6
44	86 6
44	86 6
44	86 6
44	86 6
44	86 6

46	RELAY_NODE 46
46	TEST_NUMBER 0
46	SENT_TOTAL 0
46	RECEIVED_TOTAL 0
46	TIME_TOTAL 0
46	RECEIVED_RADIO_1 106
46	RECEIVED_RADIO_2 1
46	SENT_RADIO_1 1
46	SENT_RADIO_2 106
46	RADIO_TIME_1 16657
46	RADIO_TIME_2 16657
46	RETRANSMISSIONS_1 0
46	RETRANSMISSIONS_2 0
46	DROPPED_1 0
46	DROPPED_2 0
46	MAX_QUEUE 1
46	DUPLICATED_1 0
46	DUPLICATED_2 0
46	EBUSY_RADIO_1 0
46	EBUSY_RADIO_2 0
46	TEST_NUMBER 1
46	SENT_TOTAL 0
46	RECEIVED_TOTAL 0
46	TIME_TOTAL 0
46	RECEIVED_RADIO_1 125
46	RECEIVED_RADIO_2 2
46	SENT_RADIO_1 2
46	SENT_RADIO_2 125
46	RADIO_TIME_1 29802
46	RADIO_TIME_2 29802
46	RETRANSMISSIONS_1 0
46	RETRANSMISSIONS_2 0
46	DROPPED_1 0
46	DROPPED_2 0
46	MAX_QUEUE 1
46	DUPLICATED_1 1
46	DUPLICATED_2 0
46	EBUSY_RADIO_1 0
46	EBUSY_RADIO_2 0
46	TEST_NUMBER 2
46	SENT_TOTAL 0
46	RECEIVED_TOTAL 0
46	TIME_TOTAL 0
46	RECEIVED_RADIO_1 124
46	RECEIVED_RADIO_2 5
46	SENT_RADIO_1 5
46	SENT_RADIO_2 124
46	RADIO_TIME_1 29723
46	RADIO_TIME_2 29723
46	RETRANSMISSIONS_1 0
46	RETRANSMISSIONS_2 2
46	DROPPED_1 0
46	DROPPED_2 0
46	MAX_QUEUE 1
46	DUPLICATED_1 2
46	DUPLICATED_2 0
46	EBUSY_RADIO_1 0
46	EBUSY_RADIO_2 0
46	TEST_NUMBER 3
46	SENT_TOTAL 0
46	RECEIVED_TOTAL 0
46	TIME_TOTAL 0
46	RECEIVED_RADIO_1 125
46	RECEIVED_RADIO_2 3
46	SENT_RADIO_1 3
46	SENT_RADIO_2 125
46	RADIO_TIME_1 29724
46	RADIO_TIME_2 29724
46	RETRANSMISSIONS_1 0
46	RETRANSMISSIONS_2 1
46	DROPPED_1 0
46	DROPPED_2 0
46	MAX_QUEUE 1
46	DUPLICATED_1 1
46	DUPLICATED_2 0
46	EBUSY_RADIO_1 0
46	EBUSY_RADIO_2 0
46	TEST_NUMBER 4
46	SENT_TOTAL 0
46	RECEIVED_TOTAL 0
46	TIME_TOTAL 0
46	RECEIVED_RADIO_1 125
46	RECEIVED_RADIO_2 3
46	SENT_RADIO_1 3
46	SENT_RADIO_2 125
46	RADIO_TIME_1 29640
46	RADIO_TIME_2 29640
46	RETRANSMISSIONS_1 0
46	RETRANSMISSIONS_2 0
46	DROPPED_1 0
46	DROPPED_2 0
46	MAX_QUEUE 1
46	DUPLICATED_1 0
46	DUPLICATED_2 0
46	EBUSY_RADIO_1 0
46	EBUSY_RADIO_2 0
46	TEST_NUMBER 5
46	SENT_TOTAL 0
46	RECEIVED_TOTAL 0
46	TIME_TOTAL 0
46	RECEIVED_RADIO_1 125
46	RECEIVED_RADIO_2 3
46	SENT_RADIO_1 3
46	SENT_RADIO_2 125
46	RADIO_TIME_1 29719
46	RADIO_TIME_2 29719
46	RETRANSMISSIONS_1 0
46	RETRANSMISSIONS_2 2
46	DROPPED_1 0
46	DROPPED_2 0
46	MAX_QUEUE 1
46	DUPLICATED_1 0
46	DUPLICATED_2 0
46	EBUSY_RADIO_1 0
46	EBUSY_RADIO_2 0
46	TEST_NUMBER 6
46	SENT_TOTAL 0
46	RECEIVED_TOTAL 0
46	TIME_TOTAL 0
46	RECEIVED_RADIO_1 125
46	RECEIVED_RADIO_2 3
46	SENT_RADIO_1 3
46	SENT_RADIO_2 125
46	RADIO_TIME_1 29724
46	RADIO_TIME_2 29724
46	RETRANSMISSIONS_1 0
46	RETRANSMISSIONS_2 1
46	DROPPED_1 0
46	DROPPED_2 0
46	MAX_QUEUE 1
46	DUPLICATED_1 1
46	DUPLICATED_2 0
46	EBUSY_RADIO_1 0
46	EBUSY_RADIO_2 0
