
7	SOURCE_NODE 7
7	84 1
7	83 1
7	85 1
7	79 30
7	84 2
7	84 3
7	84 4
7	84 5
7	83 5
7	85 3
7	79 226
7	84 6
7	84 7
7	83 7
7	85 7
7	79 54
7	84 8
7	84 9
7	84 10
7	84 11
7	83 11
7	85 9
7	79 202
7	83 11
7	85 5
7	79 539
7	83 11
7	85 11
7	79 64
7	84 12
7	84 13
7	84 14
7	84 15
7	83 15
7	85 15
7	79 40
7	84 16
7	84 17
7	83 17
7	85 13
7	79 377
7	83 17
7	85 17
7	79 67
7	84 18
7	84 19
7	84 20
7	84 1
7	83 1
7	85 1
7	79 40
7	84 2
7	84 3
7	84 4
7	84 5
7	83 5
7	85 3
7	79 208
7	83 5
7	85 19
7	79 527
7	84 6
7	84 7
7	84 8
7	83 8
7	85 5
7	79 240
7	84 9
7	83 9
7	85 9
7	79 53
7	84 10
7	84 11
7	83 11
7	85 7
7	79 384
7	83 11
7	85 11
7	79 73
7	84 12
7	84 13
7	83 13
7	85 13
7	79 41
7	84 14
7	84 15
7	83 15
7	85 15
7	79 38
7	84 16
7	84 17
7	84 18
7	84 19
7	83 19
7	85 19
7	79 40
7	84 20
7	84 1
7	84 2
7	84 3
7	83 3
7	85 1
7	79 204
7	83 3
7	85 3
7	79 63
7	84 4
7	84 5
7	83 5
7	85 17
7	79 699
7	83 5
7	85 5
7	79 64
7	84 6
7	84 7
7	84 8
7	84 9
7	83 9
7	85 9
7	79 36
7	84 10
7	84 11
7	84 12
7	84 13
7	83 13
7	85 11
7	79 210
7	83 13
7	85 13
7	79 56
7	84 14
7	84 15
7	84 16
7	83 16
7	85 7
7	79 728
7	84 17
7	83 17
7	85 15
7	79 227
7	84 18
7	84 19
7	83 19
7	85 19
7	79 35
7	84 20
7	84 1
7	83 1
7	85 17
7	79 367
7	83 1
7	85 1
7	79 51
7	84 2
7	84 3
7	84 4
7	84 5
7	83 5
7	85 5
7	79 41
7	84 6
7	84 7
7	83 7
7	85 3
7	79 357
7	83 7
7	85 7
7	79 49
7	84 8
7	84 9
7	84 10
7	84 11
7	83 11
7	85 11
7	79 48
7	84 12
7	84 13
7	83 13
7	85 9
7	79 384
7	83 13
7	85 13
7	79 74
7	84 14
7	84 15
7	84 16
7	84 17
7	83 17
7	85 17
7	79 38
7	84 18
7	84 19
7	84 20
7	83 20
7	85 15
7	79 419
7	84 1
7	83 1
7	85 19
7	79 208
7	83 1
7	85 1
7	79 48
7	84 2
7	84 3
7	83 3
7	85 3
7	79 37
7	84 4
7	84 5
7	83 5
7	85 5
7	79 37
7	84 6
7	84 7
7	83 7
7	85 7
7	79 41
7	84 8
7	84 9
7	84 10
7	84 11
7	84 12
7	83 12
7	85 8
7	79 375
7	83 12
7	85 12
7	79 61
7	84 13
7	84 14
7	84 15
7	84 16
7	83 16
7	85 16
7	79 41
7	84 17
7	84 18
7	83 18
7	85 14
7	79 377
7	83 18
7	85 18
7	79 68
7	84 19
7	84 20
7	84 1
7	84 2
7	83 2
7	85 2
7	79 53
7	84 3
7	84 4
7	83 4
7	85 20
7	79 377
7	83 4
7	85 4
7	79 60
7	84 5
7	84 6
7	84 7
7	84 8
7	83 8
7	85 8
7	79 38
7	84 9
7	84 10
7	84 11
7	84 12
7	83 12
7	85 6
7	79 540
7	83 12
7	85 10
7	79 226
7	84 13
7	84 14
7	83 14
7	85 14
7	79 50
7	84 15
7	84 16
7	84 17
7	84 18
7	83 18
7	85 16
7	79 208
7	83 18
7	85 18
7	79 57
7	84 19
7	84 20
7	84 1
7	84 2
7	83 2
7	85 2
7	79 42
7	84 3
7	83 3
7	85 20
7	79 252
7	84 4
7	84 5
7	84 6
7	83 6
7	85 4
7	79 199
7	84 7
7	84 8
7	83 8
7	85 8
7	79 44
7	84 9
7	84 10
7	83 10
7	85 6
7	79 359
7	83 10
7	85 10
7	79 49
7	84 11
7	84 12
7	84 13
7	84 14
7	83 14
7	85 14
7	79 77
7	84 15
7	84 16
7	84 17
7	84 18
7	83 18
7	85 16
7	79 209
7	83 18
7	85 18
7	79 57
7	84 19
7	84 20
7	83 20
7	85 12
7	79 676
7	83 20
7	85 20
7	79 48
7	84 1
7	84 2
7	84 3
7	84 4
7	83 4
7	85 4
7	79 47
7	84 5
7	84 6
7	83 6
7	85 2
7	79 382
7	83 6
7	85 6
7	79 68
7	84 7
7	84 8
7	84 9
7	84 10
7	84 11
7	84 12
7	83 12
7	85 10
7	79 204
7	84 13
7	83 13
7	85 8
7	79 410
7	84 14
7	83 14
7	85 14
7	79 45
7	83 14
7	85 12
7	79 208
7	84 15
7	84 16
7	83 16
7	85 16
7	79 42
7	84 17
7	84 18
7	84 19
7	84 20
7	83 20
7	85 20
7	79 39
7	84 1
7	84 2
7	83 2
7	85 18
7	79 360
7	83 2
7	85 2
7	79 47
7	84 3
7	84 4
7	83 4
7	85 4
7	79 41
7	84 5
7	84 6
7	83 6
7	85 6
7	79 36
7	84 7
7	84 8
7	83 8
7	85 8
7	79 47
7	84 9
7	84 10
7	84 11
7	84 12
7	83 12
7	85 10
7	79 201
7	84 13
7	84 14
7	84 15
7	84 16
7	83 16
7	85 14
7	79 201
7	83 16
7	85 12
7	79 368
7	83 16
7	85 16
7	79 62
7	84 17
7	84 18
7	84 19
7	84 20
7	83 20
7	85 20
7	79 47
7	84 1
7	84 2
7	83 2
7	85 18
7	79 361
7	83 2
7	85 2
7	79 46
7	84 3
7	84 4
7	84 5
7	84 6
7	83 6
7	85 4
7	79 201
7	83 6
7	85 6
7	79 53
7	84 7
7	84 8
7	83 8
7	85 8
7	79 63
7	84 9
7	84 10
7	83 10
7	85 10
7	79 37
7	84 11
7	84 12
7	84 13
7	84 14
7	84 15
7	84 16
7	83 16
7	85 14
7	79 200
7	83 16
7	85 12
7	79 395
7	84 17
7	83 17
7	85 16
7	79 82
7	84 18
7	84 19
7	84 20
7	83 20
7	85 20
7	79 49
7	84 1
7	84 2
7	83 2
7	85 18
7	79 370
7	84 3
7	83 3
7	85 2
7	79 104
7	84 4
7	84 5
7	84 6
7	83 6
7	85 6
7	79 44
7	84 7
7	84 8
7	83 8
7	85 4
7	79 356
7	83 8
7	85 8
7	79 45
7	84 9
7	84 10
7	83 10
7	85 10
7	79 41
7	84 11
7	84 12
7	83 12
7	85 12
7	79 41
7	84 13
7	84 14
7	84 15
7	84 16
7	83 16
7	85 16
7	79 41
7	84 17
7	84 18
7	84 19
7	84 20
7	83 20
7	85 14
7	79 517
7	83 20
7	85 18
7	79 205
7	83 20
7	85 20
7	79 54
7	84 1
7	84 2
7	83 2
7	85 2
7	79 51
7	84 3
7	84 4
7	84 5
7	84 6
7	84 7
7	84 8
7	83 8
7	85 6
7	79 195
7	83 8
7	85 4
7	79 370
7	83 8
7	85 8
7	79 69
7	84 9
7	84 10
7	84 11
7	84 12
7	83 12
7	85 12
7	79 51
7	84 13
7	84 14
7	83 14
7	85 10
7	79 363
7	83 14
7	85 14
7	79 56
7	84 15
7	84 16
7	84 17
7	84 18
7	83 18
7	85 18
7	79 49
7	84 19
7	84 20
7	83 20
7	85 16
7	79 371
7	83 20
7	85 20
7	79 66
7	84 1
7	84 2
7	83 2
7	85 2
7	79 37
7	84 3
7	84 4
7	83 4
7	85 4
7	79 44
7	84 5
7	84 6
7	84 7
7	84 8
7	83 8
7	85 8
7	79 46
7	83 8
7	85 6
7	79 209
7	84 9
7	84 10
7	TEST_NUMBER 0
7	SENT_TOTAL 250
7	RECEIVED_TOTAL 123
7	TIME_TOTAL 19702
7	RECEIVED_RADIO_1 42
7	RECEIVED_RADIO_2 81
7	SENT_RADIO_1 125
7	SENT_RADIO_2 124
7	RADIO_TIME_1 19843
7	RADIO_TIME_2 19683
7	RETRANSMISSIONS_1 0
7	RETRANSMISSIONS_2 1
7	DROPPED_1 0
7	DROPPED_2 0
7	MAX_QUEUE 1
7	DUPLICATED_1 0
7	DUPLICATED_2 1
7	EBUSY_RADIO_1 0
7	EBUSY_RADIO_2 0
7	83 0
7	85 10
7	86 0
7	84 1
7	84 2
7	83 2
7	85 2
7	79 40
7	84 3
7	84 4
7	83 4
7	85 4
7	79 43
7	84 5
7	84 6
7	83 6
7	85 6
7	79 42
7	84 7
7	84 8
7	83 8
7	85 8
7	79 33
7	84 9
7	84 10
7	83 10
7	85 10
7	79 42
7	84 11
7	84 12
7	83 12
7	85 12
7	79 54
7	84 13
7	84 14
7	84 15
7	84 16
7	83 16
7	85 16
7	79 58
7	84 17
7	84 18
7	83 18
7	85 14
7	79 386
7	83 18
7	85 18
7	79 79
7	84 19
7	84 20
7	84 1
7	84 2
7	83 2
7	85 2
7	79 56
7	84 3
7	84 4
7	83 4
7	85 20
7	79 358
7	83 4
7	85 4
7	79 47
7	84 5
7	84 6
7	84 7
7	84 8
7	83 8
7	85 8
7	79 38
7	84 9
7	84 10
7	83 10
7	85 6
7	79 368
7	83 10
7	85 10
7	79 58
7	84 11
7	84 12
7	83 12
7	85 12
7	79 40
7	84 13
7	84 14
7	83 14
7	85 14
7	79 45
7	84 15
7	84 16
7	83 16
7	85 16
7	79 36
7	84 17
7	84 18
7	83 18
7	85 18
7	79 38
7	84 19
7	84 20
7	84 1
7	84 2
7	83 2
7	85 2
7	79 45
7	84 3
7	84 4
7	83 4
7	85 20
7	79 360
7	83 4
7	85 4
7	79 52
7	84 5
7	84 6
7	84 7
7	84 8
7	83 8
7	85 8
7	79 39
7	84 9
7	84 10
7	84 11
7	83 11
7	85 6
7	79 405
7	84 12
7	83 12
7	85 10
7	79 205
7	84 13
7	84 14
7	84 15
7	84 16
7	83 16
7	85 14
7	79 195
7	83 16
7	85 12
7	79 366
7	83 16
7	85 16
7	79 53
7	84 17
7	84 18
7	84 19
7	84 20
7	84 1
7	84 2
7	83 2
7	85 20
7	79 199
7	83 2
7	85 18
7	79 385
7	83 2
7	85 2
7	79 71
7	84 3
7	84 4
7	83 4
7	85 4
7	79 44
7	84 5
7	84 6
7	83 6
7	85 6
7	79 39
7	84 7
7	84 8
7	84 9
7	84 10
7	84 11
7	84 12
7	83 12
7	85 10
7	79 202
7	84 13
7	84 14
7	84 15
7	83 15
7	85 12
7	79 257
7	84 16
7	83 16
7	85 16
7	79 36
7	84 17
7	84 18
7	83 18
7	85 14
7	79 374
7	83 18
7	85 18
7	79 65
7	84 19
7	84 20
7	84 1
7	84 2
7	83 2
7	85 20
7	79 199
7	83 2
7	85 2
7	79 51
7	84 3
7	84 4
7	83 4
7	85 4
7	79 50
7	84 5
7	84 6
7	83 6
7	85 6
7	79 37
7	84 7
7	84 8
7	84 9
7	84 10
7	83 10
7	85 10
7	79 64
7	84 11
7	84 12
7	84 13
7	84 14
7	83 14
7	85 12
7	79 212
7	83 14
7	85 8
7	79 534
7	83 14
7	85 14
7	79 58
7	84 15
7	84 16
7	84 17
7	84 18
7	83 18
7	85 16
7	79 216
7	83 18
7	85 18
7	79 64
7	84 19
7	84 20
7	83 20
7	85 20
7	79 50
7	84 1
7	84 2
7	84 3
7	84 4
7	83 4
7	85 2
7	79 203
7	84 5
7	84 6
7	83 6
7	85 4
7	79 208
7	84 7
7	84 8
7	83 8
7	85 8
7	79 39
7	84 9
7	84 10
7	83 10
7	85 6
7	79 359
7	83 10
7	85 10
7	79 48
7	84 11
7	84 12
7	83 12
7	85 12
7	79 43
7	84 13
7	84 14
7	83 14
7	85 14
7	79 40
7	84 15
7	84 16
7	84 17
7	84 18
7	83 18
7	85 18
7	79 36
7	84 19
7	84 20
7	84 1
7	84 2
7	83 2
7	85 16
7	79 518
7	83 2
7	85 20
7	79 207
7	84 3
7	84 4
7	83 4
7	85 4
7	79 44
7	83 4
7	85 2
7	79 206
7	84 5
7	84 6
7	83 6
7	85 6
7	79 49
7	84 7
7	84 8
7	83 8
7	85 8
7	79 44
7	84 9
7	84 10
7	84 11
7	84 12
7	83 12
7	85 10
7	79 204
7	84 13
7	84 14
7	84 15
7	84 16
7	83 16
7	85 14
7	79 202
7	83 16
7	85 12
7	79 399
7	84 17
7	83 17
7	85 16
7	79 92
7	84 18
7	83 18
7	85 18
7	79 50
7	84 19
7	84 20
7	83 20
7	85 20
7	79 42
7	84 1
7	84 2
7	84 3
7	84 4
7	83 4
7	85 4
7	79 37
7	84 5
7	84 6
7	83 6
7	85 2
7	79 362
7	83 6
7	85 6
7	79 49
7	84 7
7	84 8
7	84 9
7	84 10
7	83 10
7	85 10
7	79 44
7	84 11
7	84 12
7	83 12
7	85 8
7	79 375
7	83 12
7	85 12
7	79 61
7	84 13
7	84 14
7	83 14
7	85 14
7	79 39
7	84 15
7	84 16
7	84 17
7	84 18
7	83 18
7	85 16
7	79 204
7	84 19
7	84 20
7	83 20
7	85 20
7	79 39
7	84 1
7	84 2
7	83 2
7	85 18
7	79 362
7	83 2
7	85 2
7	79 48
7	84 3
7	84 4
7	84 5
7	84 6
7	83 6
7	85 6
7	79 40
7	84 7
7	84 8
7	84 9
7	84 10
7	83 10
7	85 8
7	79 208
7	84 11
7	83 11
7	85 4
7	79 563
7	84 12
7	83 12
7	85 10
7	79 193
7	84 13
7	84 14
7	83 14
7	85 14
7	79 56
7	84 15
7	84 16
7	83 16
7	85 12
7	79 373
7	83 16
7	85 16
7	79 64
7	84 17
7	84 18
7	84 19
7	84 20
7	84 1
7	84 2
7	83 2
7	85 20
7	79 202
7	83 2
7	85 18
7	79 364
7	83 2
7	85 2
7	79 51
7	84 3
7	84 4
7	83 4
7	85 4
7	79 43
7	84 5
7	84 6
7	84 7
7	84 8
7	83 8
7	85 6
7	79 208
7	83 8
7	85 8
7	79 57
7	84 9
7	84 10
7	84 11
7	84 12
7	83 12
7	85 10
7	79 202
7	84 13
7	84 14
7	84 15
7	84 16
7	83 16
7	85 12
7	79 356
7	84 17
7	84 18
7	83 18
7	85 16
7	79 205
7	83 18
7	85 18
7	79 48
7	84 19
7	84 20
7	83 20
7	85 20
7	79 39
7	84 1
7	83 1
7	85 1
7	79 46
7	84 2
7	84 3
7	83 3
7	85 3
7	79 48
7	84 4
7	84 5
7	84 6
7	84 7
7	84 8
7	84 9
7	83 9
7	85 7
7	79 201
7	84 10
7	84 11
7	83 11
7	85 9
7	79 204
7	83 11
7	85 11
7	79 51
7	84 12
7	84 13
7	83 13
7	85 5
7	79 690
7	83 13
7	85 13
7	79 63
7	84 14
7	84 15
7	83 15
7	85 15
7	79 38
7	84 16
7	84 17
7	83 17
7	85 17
7	79 35
7	84 18
7	84 19
7	83 19
7	85 19
7	79 41
7	84 20
7	84 1
7	83 1
7	85 1
7	79 39
7	84 2
7	84 3
7	84 4
7	84 5
7	83 5
7	85 5
7	79 38
7	84 6
7	84 7
7	83 7
7	85 3
7	79 364
7	83 7
7	85 7
7	79 50
7	84 8
7	84 9
7	83 9
7	85 9
7	79 39
7	84 10
7	84 11
7	83 11
7	85 11
7	79 43
7	84 12
7	84 13
7	84 14
7	84 15
7	83 15
7	85 15
7	79 38
7	84 16
7	84 17
7	84 18
7	84 19
7	83 19
7	85 13
7	79 543
7	83 19
7	85 17
7	79 227
7	83 19
7	85 19
7	79 75
7	84 20
7	84 1
7	83 1
7	85 1
7	79 42
7	84 2
7	84 3
7	83 3
7	85 3
7	79 40
7	84 4
7	84 5
7	83 5
7	85 5
7	79 37
7	84 6
7	84 7
7	84 8
7	84 9
7	84 10
7	TEST_NUMBER 1
7	SENT_TOTAL 250
7	RECEIVED_TOTAL 121
7	TIME_TOTAL 29443
7	RECEIVED_RADIO_1 44
7	RECEIVED_RADIO_2 78
7	SENT_RADIO_1 126
7	SENT_RADIO_2 124
7	RADIO_TIME_1 19683
7	RADIO_TIME_2 29805
7	RETRANSMISSIONS_1 0
7	RETRANSMISSIONS_2 1
7	DROPPED_1 0
7	DROPPED_2 0
7	MAX_QUEUE 1
7	DUPLICATED_1 0
7	DUPLICATED_2 0
7	EBUSY_RADIO_1 0
7	EBUSY_RADIO_2 0
7	84 1
7	83 1
7	85 9
7	86 1
7	84 2
7	83 2
7	85 7
7	86 1
7	84 3
7	83 3
7	85 3
7	79 39
7	83 3
7	85 1
7	79 237
7	84 4
7	84 5
7	83 5
7	85 5
7	79 39
7	84 6
7	84 7
7	84 8
7	84 9
7	83 9
7	85 9
7	79 36
7	84 10
7	84 11
7	83 11
7	85 7
7	79 370
7	83 11
7	85 11
7	79 56
7	84 12
7	84 13
7	83 13
7	85 13
7	79 36
7	84 14
7	84 15
7	83 15
7	85 15
7	79 37
7	84 16
7	84 17
7	83 17
7	85 17
7	79 51
7	84 18
7	84 19
7	83 19
7	85 19
7	79 41
7	84 20
7	84 1
7	84 2
7	84 3
7	83 3
7	85 3
7	79 50
7	84 4
7	84 5
7	83 5
7	85 1
7	79 363
7	83 5
7	85 5
7	79 53
7	84 6
7	84 7
7	83 7
7	85 7
7	79 44
7	84 8
7	84 9
7	83 9
7	85 9
7	79 41
7	84 10
7	84 11
7	84 12
7	84 13
7	83 13
7	85 11
7	79 203
7	83 13
7	85 13
7	79 49
7	84 14
7	84 15
7	84 16
7	83 16
7	85 15
7	79 88
7	84 17
7	83 17
7	85 17
7	79 42
7	84 18
7	84 19
7	83 19
7	85 19
7	79 38
7	84 20
7	84 1
7	84 2
7	84 3
7	84 4
7	84 5
7	83 5
7	85 3
7	79 210
7	83 5
7	85 5
7	79 57
7	84 6
7	84 7
7	83 7
7	85 1
7	79 536
7	83 7
7	85 7
7	79 63
7	84 8
7	84 9
7	83 9
7	85 9
7	79 43
7	84 10
7	84 11
7	83 11
7	85 11
7	79 56
7	84 12
7	84 13
7	84 14
7	84 15
7	83 15
7	85 15
7	79 59
7	84 16
7	84 17
7	83 17
7	85 13
7	79 374
7	83 17
7	85 17
7	79 65
7	84 18
7	84 19
7	84 20
7	84 1
7	83 1
7	85 1
7	79 39
7	84 2
7	84 3
7	83 3
7	85 19
7	79 387
7	84 4
7	83 4
7	85 3
7	79 81
7	84 5
7	84 6
7	84 7
7	83 7
7	85 7
7	79 51
7	84 8
7	84 9
7	83 9
7	85 5
7	79 361
7	83 9
7	85 9
7	79 47
7	84 10
7	84 11
7	84 12
7	84 13
7	84 14
7	84 15
7	83 15
7	85 13
7	79 198
7	83 15
7	85 11
7	79 387
7	83 15
7	85 15
7	79 77
7	84 16
7	84 17
7	83 17
7	85 17
7	79 42
7	84 18
7	84 19
7	83 19
7	85 19
7	79 54
7	84 20
7	84 1
7	84 2
7	84 3
7	84 4
7	84 5
7	83 5
7	85 3
7	79 198
7	84 6
7	84 7
7	83 7
7	85 5
7	79 212
7	83 7
7	85 7
7	79 67
7	84 8
7	84 9
7	84 10
7	83 10
7	85 1
7	79 745
7	84 11
7	83 11
7	85 9
7	79 221
7	84 12
7	84 13
7	83 13
7	85 13
7	79 45
7	83 13
7	85 11
7	79 210
7	84 14
7	84 15
7	84 16
7	84 17
7	83 17
7	85 17
7	79 37
7	84 18
7	84 19
7	83 19
7	85 15
7	79 387
7	84 20
7	83 20
7	85 19
7	79 88
7	84 1
7	83 1
7	85 1
7	79 43
7	84 2
7	84 3
7	83 3
7	85 3
7	79 45
7	84 4
7	84 5
7	84 6
7	84 7
7	83 7
7	85 5
7	79 199
7	83 7
7	85 7
7	79 56
7	84 8
7	84 9
7	84 10
7	84 11
7	83 11
7	85 11
7	79 45
7	84 12
7	84 13
7	83 13
7	85 9
7	79 378
7	83 13
7	85 13
7	79 77
7	84 14
7	84 15
7	84 16
7	84 17
7	84 18
7	84 19
7	83 19
7	85 17
7	79 198
7	84 20
7	84 1
7	83 1
7	85 15
7	79 528
7	83 1
7	85 19
7	79 212
7	83 1
7	85 1
7	79 65
7	84 2
7	84 3
7	84 4
7	84 5
7	83 5
7	85 5
7	79 46
7	84 6
7	84 7
7	84 8
7	84 9
7	83 9
7	85 3
7	79 521
7	83 9
7	85 7
7	79 211
7	84 10
7	84 11
7	83 11
7	85 9
7	79 203
7	83 11
7	85 11
7	79 57
7	84 12
7	84 13
7	83 13
7	85 13
7	79 44
7	84 14
7	84 15
7	83 15
7	85 15
7	79 41
7	84 16
7	84 17
7	83 17
7	85 17
7	79 48
7	84 18
7	84 19
7	83 19
7	85 19
7	79 33
7	84 20
7	84 1
7	83 1
7	85 1
7	79 40
7	84 2
7	84 3
7	83 3
7	85 3
7	79 45
7	84 4
7	84 5
7	84 6
7	84 7
7	84 8
7	83 8
7	85 7
7	79 84
7	84 9
7	83 9
7	85 5
7	79 365
7	83 9
7	85 9
7	79 56
7	84 10
7	84 11
7	84 12
7	84 13
7	84 14
7	84 15
7	83 15
7	85 13
7	79 203
7	84 16
7	83 16
7	85 11
7	79 416
7	84 17
7	83 17
7	85 15
7	79 200
7	84 18
7	84 19
7	84 20
7	84 1
7	83 1
7	85 19
7	79 197
7	84 2
7	84 3
7	83 3
7	85 1
7	79 225
7	83 3
7	85 17
7	79 544
7	84 4
7	83 4
7	85 3
7	79 82
7	84 5
7	84 6
7	84 7
7	83 7
7	85 7
7	79 44
7	84 8
7	84 9
7	83 9
7	85 5
7	79 389
7	83 9
7	85 9
7	79 79
7	84 10
7	84 11
7	83 11
7	85 11
7	79 46
7	84 12
7	84 13
7	84 14
7	84 15
7	84 16
7	84 17
7	83 17
7	85 17
7	79 41
7	84 18
7	84 19
7	84 20
7	83 20
7	85 15
7	79 421
7	84 1
7	83 1
7	85 1
7	79 36
7	83 1
7	85 19
7	79 208
7	84 2
7	84 3
7	84 4
7	83 4
7	85 4
7	79 37
7	84 5
7	83 5
7	85 5
7	79 51
7	84 6
7	84 7
7	84 8
7	84 9
7	84 10
7	84 11
7	83 11
7	85 9
7	79 205
7	83 11
7	85 11
7	79 49
7	84 12
7	84 13
7	83 13
7	85 13
7	79 55
7	84 14
7	84 15
7	84 16
7	84 17
7	83 17
7	85 17
7	79 42
7	84 18
7	84 19
7	84 20
7	84 1
7	83 1
7	85 19
7	79 215
7	83 1
7	85 1
7	79 71
7	84 2
7	84 3
7	84 4
7	84 5
7	83 5
7	85 3
7	79 208
7	83 5
7	85 15
7	79 856
7	83 5
7	85 5
7	79 64
7	84 6
7	84 7
7	84 8
7	84 9
7	84 10
7	84 11
7	83 11
7	85 9
7	79 234
7	84 12
7	83 12
7	85 7
7	79 428
7	84 13
7	83 13
7	85 13
7	79 41
7	83 13
7	85 11
7	79 224
7	84 14
7	84 15
7	83 15
7	85 15
7	79 39
7	84 16
7	84 17
7	83 17
7	85 17
7	79 42
7	84 18
7	84 19
7	83 19
7	85 19
7	79 37
7	84 20
7	84 1
7	83 1
7	85 1
7	79 41
7	84 2
7	84 3
7	83 3
7	85 3
7	79 39
7	84 4
7	84 5
7	83 5
7	85 5
7	79 43
7	84 6
7	84 7
7	83 7
7	85 7
7	79 38
7	84 8
7	84 9
7	83 9
7	85 9
7	79 42
7	84 10
7	84 11
7	83 11
7	85 11
7	79 36
7	84 12
7	84 13
7	84 14
7	84 15
7	83 15
7	85 15
7	79 44
7	84 16
7	84 17
7	84 18
7	84 19
7	83 19
7	85 17
7	79 201
7	83 19
7	85 19
7	79 50
7	84 20
7	84 1
7	84 2
7	84 3
7	83 3
7	85 1
7	79 203
7	83 3
7	85 13
7	79 868
7	84 4
7	84 5
7	83 5
7	85 3
7	79 233
7	84 6
7	84 7
7	83 7
7	85 7
7	79 41
7	84 8
7	84 9
7	83 9
7	85 5
7	79 353
7	83 9
7	85 9
7	79 39
7	84 10
7	TEST_NUMBER 2
7	SENT_TOTAL 250
7	RECEIVED_TOTAL 123
7	TIME_TOTAL 19766
7	RECEIVED_RADIO_1 46
7	RECEIVED_RADIO_2 79
7	SENT_RADIO_1 125
7	SENT_RADIO_2 125
7	RADIO_TIME_1 19797
7	RADIO_TIME_2 19807
7	RETRANSMISSIONS_1 1
7	RETRANSMISSIONS_2 1
7	DROPPED_1 0
7	DROPPED_2 0
7	MAX_QUEUE 1
7	DUPLICATED_1 0
7	DUPLICATED_2 0
7	EBUSY_RADIO_1 0
7	EBUSY_RADIO_2 0
7	84 1
7	83 1
7	85 1
7	79 40
7	84 2
7	84 3
7	83 3
7	85 3
7	79 46
7	84 4
7	84 5
7	83 5
7	85 5
7	79 45
7	84 6
7	84 7
7	83 7
7	85 7
7	79 46
7	84 8
7	84 9
7	83 9
7	85 9
7	79 38
7	84 10
7	84 11
7	83 11
7	85 11
7	79 36
7	84 12
7	84 13
7	84 14
7	84 15
7	83 15
7	85 15
7	79 46
7	84 16
7	84 17
7	83 17
7	85 13
7	79 387
7	83 17
7	85 17
7	79 78
7	84 18
7	84 19
7	84 20
7	84 1
7	83 1
7	85 19
7	79 206
7	83 1
7	85 1
7	79 59
7	84 2
7	84 3
7	84 4
7	84 5
7	83 5
7	85 5
7	79 53
7	83 5
7	85 3
7	79 214
7	84 6
7	84 7
7	84 8
7	84 9
7	83 9
7	85 7
7	79 207
7	83 9
7	85 9
7	79 58
7	84 10
7	84 11
7	84 12
7	84 13
7	83 13
7	85 11
7	79 210
7	84 14
7	84 15
7	84 16
7	84 17
7	83 17
7	85 15
7	79 204
7	83 17
7	85 17
7	79 54
7	84 18
7	84 19
7	83 19
7	85 13
7	79 541
7	83 19
7	85 19
7	79 70
7	84 20
7	84 1
7	83 1
7	85 1
7	79 49
7	84 2
7	84 3
7	83 3
7	85 3
7	79 35
7	84 4
7	84 5
7	83 5
7	85 5
7	79 40
7	84 6
7	84 7
7	84 8
7	84 9
7	83 9
7	85 7
7	79 197
7	84 10
7	84 11
7	83 11
7	85 11
7	79 62
7	84 12
7	84 13
7	83 13
7	85 9
7	79 373
7	83 13
7	85 13
7	79 60
7	84 14
7	84 15
7	84 16
7	84 17
7	83 17
7	85 15
7	79 209
7	84 18
7	84 19
7	83 19
7	85 17
7	79 202
7	83 19
7	85 19
7	79 56
7	84 20
7	84 1
7	83 1
7	85 1
7	79 37
7	84 2
7	84 3
7	83 3
7	85 3
7	79 41
7	84 4
7	84 5
7	84 6
7	84 7
7	83 7
7	85 5
7	79 202
7	84 8
7	84 9
7	84 10
7	84 11
7	83 11
7	85 9
7	79 201
7	83 11
7	85 11
7	79 50
7	84 12
7	84 13
7	83 13
7	85 7
7	79 528
7	83 13
7	85 13
7	79 51
7	84 14
7	84 15
7	83 15
7	85 15
7	79 39
7	84 16
7	84 17
7	83 17
7	85 17
7	79 42
7	84 18
7	84 19
7	84 20
7	84 1
7	83 1
7	85 1
7	79 48
7	84 2
7	84 3
7	83 3
7	85 19
7	79 387
7	83 3
7	85 3
7	79 76
7	84 4
7	84 5
7	84 6
7	84 7
7	83 7
7	85 7
7	79 52
7	84 8
7	84 9
7	83 9
7	85 5
7	79 381
7	83 9
7	85 9
7	79 69
7	84 10
7	84 11
7	84 12
7	84 13
7	83 13
7	85 13
7	79 41
7	84 14
7	84 15
7	83 15
7	85 11
7	79 370
7	84 16
7	83 16
7	85 15
7	79 96
7	84 17
7	84 18
7	84 19
7	83 19
7	85 19
7	79 63
7	84 20
7	84 1
7	83 1
7	85 17
7	79 379
7	83 1
7	85 1
7	79 66
7	84 2
7	84 3
7	84 4
7	84 5
7	83 5
7	85 5
7	79 43
7	84 6
7	84 7
7	84 8
7	84 9
7	83 9
7	85 3
7	79 524
7	83 9
7	85 7
7	79 211
7	83 9
7	85 9
7	79 59
7	84 10
7	84 11
7	83 11
7	85 11
7	79 69
7	84 12
7	84 13
7	84 14
7	84 15
7	83 15
7	85 15
7	79 47
7	84 16
7	84 17
7	84 18
7	84 19
7	83 19
7	85 19
7	79 52
7	84 20
7	83 20
7	85 17
7	79 244
7	84 1
7	83 1
7	85 1
7	79 42
7	84 2
7	84 3
7	84 4
7	84 5
7	83 5
7	85 5
7	79 45
7	84 6
7	84 7
7	83 7
7	85 3
7	79 373
7	83 7
7	85 7
7	79 60
7	84 8
7	84 9
7	84 10
7	84 11
7	83 11
7	85 11
7	79 38
7	84 12
7	84 13
7	84 14
7	84 15
7	83 15
7	85 13
7	79 212
7	83 15
7	85 9
7	79 548
7	83 15
7	85 15
7	79 79
7	84 16
7	84 17
7	84 18
7	84 19
7	83 19
7	85 19
7	79 40
7	84 20
7	84 1
7	84 2
7	84 3
7	83 3
7	85 17
7	79 528
7	83 3
7	85 1
7	79 217
7	84 4
7	84 5
7	83 5
7	85 3
7	79 205
7	84 6
7	84 7
7	83 7
7	85 5
7	79 205
7	84 8
7	84 9
7	84 10
7	84 11
7	83 11
7	85 9
7	79 207
7	84 12
7	83 12
7	85 7
7	79 401
7	83 12
7	85 11
7	79 85
7	84 13
7	84 14
7	84 15
7	83 15
7	85 15
7	79 38
7	84 16
7	84 17
7	83 17
7	85 13
7	79 368
7	83 17
7	85 17
7	79 62
7	84 18
7	84 19
7	84 20
7	84 1
7	83 1
7	85 1
7	79 45
7	84 2
7	84 3
7	83 3
7	85 19
7	79 383
7	83 3
7	85 3
7	79 70
7	84 4
7	84 5
7	83 5
7	85 5
7	79 41
7	84 6
7	84 7
7	83 7
7	85 7
7	79 35
7	84 8
7	84 9
7	83 9
7	85 9
7	79 44
7	84 10
7	84 11
7	83 11
7	85 11
7	79 39
7	84 12
7	84 13
7	84 14
7	84 15
7	83 15
7	85 15
7	79 35
7	84 16
7	84 17
7	84 18
7	84 19
7	83 19
7	85 13
7	79 520
7	83 19
7	85 17
7	79 207
7	83 19
7	85 15
7	79 387
7	83 19
7	85 19
7	79 74
7	83 19
7	85 19
7	79 77
7	84 20
7	83 20
7	85 17
7	79 240
7	83 20
7	85 15
7	79 411
7	83 20
7	85 19
7	79 96
7	83 20
7	85 17
7	79 288
7	84 1
7	83 1
7	85 17
7	79 330
7	83 1
7	85 17
7	79 361
7	83 1
7	85 15
7	79 525
7	83 1
7	85 19
7	79 215
7	83 1
7	85 15
7	79 539
7	83 1
7	85 17
7	79 390
7	84 2
7	83 2
7	85 19
7	79 240
7	83 2
7	85 17
7	79 405
7	83 2
7	85 15
7	79 570
7	83 2
7	85 15
7	79 582
7	83 2
7	85 15
7	79 587
7	83 2
7	85 17
7	79 429
7	83 2
7	85 19
7	79 277
7	83 2
7	85 15
7	79 602
7	83 2
7	85 17
7	79 449
7	83 2
7	85 19
7	79 297
7	83 2
7	85 15
7	79 623
7	83 2
7	85 15
7	79 623
7	84 3
7	83 3
7	85 19
7	79 343
7	84 4
7	83 4
7	85 15
7	79 753
7	83 4
7	85 19
7	79 471
7	84 5
7	83 5
7	85 17
7	79 660
7	83 5
7	85 15
7	79 844
7	83 5
7	85 19
7	79 540
7	83 5
7	85 17
7	79 709
7	84 6
7	83 6
7	85 17
7	79 740
7	84 7
7	83 7
7	85 15
7	79 960
7	83 7
7	85 19
7	79 657
7	84 8
7	83 8
7	85 17
7	79 944
7	83 8
7	85 15
7	79 1112
7	84 9
7	83 9
7	85 19
7	79 799
7	83 9
7	85 17
7	79 971
7	83 9
7	85 19
7	79 818
7	84 10
7	83 10
7	85 17
7	79 1076
7	83 10
7	85 15
7	79 1243
7	83 10
7	85 19
7	79 930
7	83 10
7	85 17
7	79 1097
7	83 10
7	85 15
7	79 1264
7	83 10
7	85 19
7	79 952
7	84 11
7	84 12
7	83 12
7	85 17
7	79 1199
7	83 12
7	85 15
7	79 1386
7	83 12
7	85 1
7	79 921
7	84 13
7	84 14
7	84 15
7	84 16
7	83 16
7	85 5
7	79 926
7	84 17
7	84 18
7	84 19
7	84 20
7	83 20
7	85 16
7	79 391
7	84 1
7	84 2
7	84 3
7	84 4
7	84 5
7	84 6
7	84 7
7	83 7
7	85 2
7	79 441
7	84 8
7	83 8
7	85 8
7	79 37
7	84 9
7	84 10
7	84 11
7	84 12
7	84 13
7	84 14
7	84 15
7	84 16
7	84 17
7	84 18
7	83 18
7	85 12
7	79 540
7	84 19
7	84 20
7	84 1
7	84 2
7	84 3
7	84 4
7	83 4
7	85 2
7	79 196
7	84 5
7	84 6
7	84 7
7	84 8
7	84 9
7	84 10
7	83 10
7	85 6
7	79 360
7	84 11
7	84 12
7	83 12
7	85 12
7	79 37
7	84 13
7	84 14
7	84 15
7	84 16
7	83 16
7	85 16
7	79 49
7	84 17
7	84 18
7	84 19
7	84 20
7	83 20
7	85 20
7	79 37
7	84 1
7	84 2
7	84 3
7	84 4
7	84 5
7	84 6
7	84 7
7	84 8
7	84 9
7	84 10
7	TEST_NUMBER 3
7	SENT_TOTAL 250
7	RECEIVED_TOTAL 147
7	TIME_TOTAL 19043
7	RECEIVED_RADIO_1 73
7	RECEIVED_RADIO_2 74
7	SENT_RADIO_1 124
7	SENT_RADIO_2 126
7	RADIO_TIME_1 19843
7	RADIO_TIME_2 19683
7	RETRANSMISSIONS_1 1
7	RETRANSMISSIONS_2 0
7	DROPPED_1 0
7	DROPPED_2 0
7	MAX_QUEUE 1
7	DUPLICATED_1 2
7	DUPLICATED_2 1
7	EBUSY_RADIO_1 0
7	EBUSY_RADIO_2 0
7	83 0
7	85 6
7	86 3
7	84 1
7	84 2
7	83 2
7	85 2
7	79 41
7	84 3
7	84 4
7	84 5
7	84 6
7	84 7
7	84 8
7	84 9
7	84 10
7	83 10
7	85 6
7	79 368
7	84 11
7	84 12
7	84 13
7	84 14
7	84 15
7	84 16
7	83 16
7	85 12
7	79 358
7	84 17
7	84 18
7	84 19
7	84 20
7	84 1
7	84 2
7	83 2
7	85 18
7	79 363
7	84 3
7	84 4
7	84 5
7	84 6
7	84 7
7	84 8
7	83 8
7	85 4
7	79 375
7	84 9
7	84 10
7	83 10
7	85 10
7	79 43
7	84 11
7	84 12
7	84 13
7	84 14
7	83 14
7	85 14
7	79 37
7	84 15
7	84 16
7	84 17
7	84 18
7	84 19
7	84 20
7	83 20
7	85 18
7	79 208
7	84 1
7	84 2
7	84 3
7	84 4
7	84 5
7	84 6
7	83 6
7	85 2
7	79 382
7	84 7
7	84 8
7	83 8
7	85 8
7	79 41
7	84 9
7	84 10
7	84 11
7	84 12
7	84 13
7	84 14
7	84 15
7	84 16
7	83 16
7	85 12
7	79 358
7	84 17
7	84 18
7	83 18
7	85 18
7	79 37
7	84 19
7	84 20
7	84 1
7	84 2
7	84 3
7	84 4
7	84 5
7	84 6
7	83 6
7	85 2
7	79 373
7	84 7
7	84 8
7	84 9
7	84 10
7	83 10
7	85 8
7	79 197
7	84 11
7	84 12
7	84 13
7	84 14
7	84 15
7	84 16
7	83 16
7	85 12
7	79 357
7	84 17
7	84 18
7	84 19
7	84 20
7	84 1
7	84 2
7	84 3
7	84 4
7	83 4
7	85 18
7	79 518
7	84 5
7	84 6
7	84 7
7	84 8
7	84 9
7	84 10
7	83 10
7	85 6
7	79 366
7	84 11
7	84 12
7	83 12
7	85 12
7	79 43
7	84 13
7	84 14
7	84 15
7	84 16
7	84 17
7	84 18
7	84 19
7	84 20
7	84 1
7	84 2
7	84 3
7	84 4
7	83 4
7	85 16
7	79 680
7	84 5
7	84 6
7	84 7
7	84 8
7	83 8
7	85 6
7	79 222
7	84 9
7	84 10
7	84 11
7	84 12
7	83 12
7	85 12
7	79 43
7	84 13
7	84 14
7	84 15
7	84 16
7	84 17
7	84 18
7	84 19
7	84 20
7	84 1
7	84 2
7	84 3
7	83 3
7	85 16
7	79 567
7	84 4
7	84 5
7	84 6
7	84 7
7	84 8
7	83 8
7	85 4
7	79 389
7	84 9
7	84 10
7	84 11
7	84 12
7	84 13
7	84 14
7	84 15
7	84 16
7	83 16
7	85 10
7	79 525
7	84 17
7	84 18
7	84 19
7	84 20
7	84 1
7	84 2
7	84 3
7	84 4
7	84 5
7	83 5
7	85 20
7	79 409
7	84 6
7	83 6
7	85 6
7	79 45
7	84 7
7	84 8
7	84 9
7	84 10
7	84 11
7	84 12
7	84 13
7	84 14
7	84 15
7	84 16
7	83 16
7	85 10
7	79 548
7	84 17
7	84 18
7	83 18
7	85 16
7	79 209
7	84 19
7	84 20
7	84 1
7	84 2
7	84 3
7	84 4
7	83 4
7	85 2
7	79 201
7	84 5
7	84 6
7	84 7
7	84 8
7	83 8
7	85 6
7	79 207
7	84 9
7	84 10
7	84 11
7	84 12
7	84 13
7	84 14
7	83 14
7	85 10
7	79 382
7	84 15
7	84 16
7	83 16
7	85 16
7	79 40
7	84 17
7	84 18
7	84 19
7	84 20
7	84 1
7	84 2
7	83 2
7	85 20
7	79 213
7	84 3
7	84 4
7	84 5
7	84 6
7	83 6
7	85 6
7	79 46
7	84 7
7	84 8
7	84 9
7	84 10
7	83 10
7	85 10
7	79 45
7	84 11
7	84 12
7	84 13
7	84 14
7	84 15
7	84 16
7	84 17
7	84 18
7	83 18
7	85 14
7	79 396
7	84 19
7	84 20
7	83 20
7	85 20
7	79 43
7	84 1
7	84 2
7	84 3
7	84 4
7	84 5
7	84 6
7	84 7
7	84 8
7	83 8
7	85 4
7	79 360
7	84 9
7	84 10
7	84 11
7	84 12
7	84 13
7	84 14
7	84 15
7	84 16
7	83 16
7	85 10
7	79 519
7	84 17
7	84 18
7	83 18
7	85 18
7	79 38
7	84 19
7	84 20
7	84 1
7	84 2
7	83 2
7	85 2
7	79 48
7	84 3
7	84 4
7	84 5
7	84 6
7	84 7
7	84 8
7	84 9
7	84 10
7	83 10
7	85 6
7	79 360
7	84 11
7	84 12
7	84 13
7	84 14
7	84 15
7	84 16
7	84 17
7	83 17
7	85 12
7	79 403
7	84 18
7	84 19
7	84 20
7	84 1
7	84 2
7	83 2
7	85 18
7	79 365
7	84 3
7	84 4
7	84 5
7	84 6
7	83 6
7	85 6
7	79 48
7	84 7
7	84 8
7	84 9
7	84 10
7	TEST_NUMBER 4
7	SENT_TOTAL 250
7	RECEIVED_TOTAL 45
7	TIME_TOTAL 29573
7	RECEIVED_RADIO_1 46
7	RECEIVED_RADIO_2 0
7	SENT_RADIO_1 125
7	SENT_RADIO_2 125
7	RADIO_TIME_1 29843
7	RADIO_TIME_2 19763
7	RETRANSMISSIONS_1 0
7	RETRANSMISSIONS_2 0
7	DROPPED_1 0
7	DROPPED_2 0
7	MAX_QUEUE 1
7	DUPLICATED_1 0
7	DUPLICATED_2 0
7	EBUSY_RADIO_1 0
7	EBUSY_RADIO_2 0
7	83 0
7	85 10
7	86 4
7	84 1
7	84 2
7	84 3
7	84 4
7	84 5
7	84 6
7	83 6
7	85 4
7	79 203
7	84 7
7	84 8
7	84 9
7	84 10
7	84 11
7	84 12
7	84 13
7	84 14
7	84 15
7	84 16
7	84 17
7	84 18
7	84 19
7	84 20
7	83 20
7	85 14
7	79 540
7	84 1
7	84 2
7	84 3
7	84 4
7	84 5
7	84 6
7	84 7
7	84 8
7	83 8
7	85 4
7	79 377
7	84 9
7	83 9
7	85 9
7	79 46
7	84 10
7	84 11
7	84 12
7	84 13
7	84 14
7	84 15
7	84 16
7	84 17
7	83 17
7	85 13
7	79 382
7	84 18
7	84 19
7	84 20
7	84 1
7	84 2
7	84 3
7	84 4
7	84 5
7	83 5
7	85 19
7	79 534
7	84 6
7	84 7
7	84 8
7	84 9
7	84 10
7	84 11
7	84 12
7	84 13
7	84 14
7	84 15
7	84 16
7	84 17
7	83 17
7	85 9
7	79 686
7	84 18
7	84 19
7	84 20
7	84 1
7	84 2
7	83 2
7	85 17
7	79 407
7	84 3
7	84 4
7	84 5
7	84 6
7	84 7
7	83 7
7	85 3
7	79 360
7	84 8
7	84 9
7	84 10
7	84 11
7	83 11
7	85 11
7	79 36
7	84 12
7	84 13
7	84 14
7	84 15
7	83 15
7	85 15
7	79 45
7	84 16
7	84 17
7	84 18
7	84 19
7	84 20
7	84 1
7	84 2
7	84 3
7	83 3
7	85 19
7	79 371
7	84 4
7	84 5
7	84 6
7	84 7
7	84 8
7	84 9
7	83 9
7	85 5
7	79 344
7	84 10
7	84 11
7	84 12
7	84 13
7	83 13
7	85 11
7	79 220
7	84 14
7	84 15
7	84 16
7	84 17
7	84 18
7	84 19
7	83 19
7	85 17
7	79 200
7	84 20
7	84 1
7	84 2
7	84 3
7	84 4
7	84 5
7	84 6
7	83 6
7	85 1
7	79 410
7	84 7
7	83 7
7	85 7
7	79 43
7	84 8
7	84 9
7	84 10
7	84 11
7	83 11
7	85 11
7	79 46
7	84 12
7	84 13
7	84 14
7	84 15
7	84 16
7	84 17
7	84 18
7	84 19
7	84 20
7	84 1
7	83 1
7	85 15
7	79 521
7	84 2
7	84 3
7	84 4
7	84 5
7	83 5
7	85 3
7	79 204
7	84 6
7	84 7
7	84 8
7	84 9
7	83 9
7	85 9
7	79 44
7	84 10
7	84 11
7	84 12
7	84 13
7	84 14
7	84 15
7	84 16
7	84 17
7	83 17
7	85 13
7	79 369
7	84 18
7	84 19
7	84 20
7	84 1
7	84 2
7	84 3
7	84 4
7	84 5
7	84 6
7	84 7
7	83 7
7	85 19
7	79 681
7	84 8
7	84 9
7	83 9
7	85 9
7	79 41
7	84 10
7	84 11
7	84 12
7	84 13
7	84 14
7	84 15
7	84 16
7	84 17
7	83 17
7	85 13
7	79 377
7	84 18
7	84 19
7	84 20
7	84 1
7	84 2
7	84 3
7	84 4
7	84 5
7	83 5
7	85 19
7	79 543
7	83 5
7	85 5
7	79 73
7	84 6
7	84 7
7	84 8
7	84 9
7	84 10
7	84 11
7	83 11
7	85 9
7	79 205
7	84 12
7	84 13
7	84 14
7	84 15
7	84 16
7	84 17
7	84 18
7	84 19
7	84 20
7	84 1
7	83 1
7	85 13
7	79 683
7	84 2
7	84 3
7	84 4
7	84 5
7	84 6
7	84 7
7	83 7
7	85 3
7	79 359
7	84 8
7	84 9
7	83 9
7	85 9
7	79 41
7	84 10
7	84 11
7	84 12
7	84 13
7	83 13
7	85 13
7	79 47
7	84 14
7	84 15
7	84 16
7	84 17
7	83 17
7	85 17
7	79 44
7	84 18
7	84 19
7	84 20
7	84 1
7	83 1
7	85 1
7	79 43
7	84 2
7	84 3
7	84 4
7	84 5
7	84 6
7	84 7
7	84 8
7	84 9
7	83 9
7	85 5
7	79 358
7	84 10
7	84 11
7	83 11
7	85 11
7	79 73
7	84 12
7	84 13
7	84 14
7	84 15
7	83 15
7	85 15
7	79 37
7	84 16
7	84 17
7	84 18
7	84 19
7	83 19
7	85 19
7	79 37
7	84 20
7	84 1
7	84 2
7	84 3
7	84 4
7	84 5
7	84 6
7	84 7
7	84 8
7	83 8
7	85 3
7	79 409
7	84 9
7	84 10
7	84 11
7	84 12
7	84 13
7	83 13
7	85 9
7	79 395
7	84 14
7	84 15
7	83 15
7	85 15
7	79 41
7	84 16
7	84 17
7	84 18
7	84 19
7	84 20
7	84 1
7	84 2
7	84 3
7	83 3
7	85 19
7	79 398
7	84 4
7	84 5
7	84 6
7	84 7
7	83 7
7	85 5
7	79 209
7	84 8
7	84 9
7	84 10
7	TEST_NUMBER 5
7	SENT_TOTAL 250
7	RECEIVED_TOTAL 43
7	TIME_TOTAL 29637
7	RECEIVED_RADIO_1 44
7	RECEIVED_RADIO_2 0
7	SENT_RADIO_1 126
7	SENT_RADIO_2 124
7	RADIO_TIME_1 29748
7	RADIO_TIME_2 19843
7	RETRANSMISSIONS_1 0
7	RETRANSMISSIONS_2 1
7	DROPPED_1 0
7	DROPPED_2 0
7	MAX_QUEUE 1
7	DUPLICATED_1 0
7	DUPLICATED_2 0
7	EBUSY_RADIO_1 0
7	EBUSY_RADIO_2 0
7	84 1
7	83 1
7	85 9
7	86 5
7	84 2
7	84 3
7	84 4
7	84 5
7	84 6
7	84 7
7	83 7
7	85 7
7	79 37
7	84 8
7	84 9
7	84 10
7	84 11
7	84 12
7	84 13
7	84 14
7	84 15
7	83 15
7	85 11
7	79 387
7	84 16
7	84 17
7	84 18
7	84 19
7	84 20
7	84 1
7	84 2
7	83 2
7	85 17
7	79 402
7	84 3
7	84 4
7	84 5
7	84 6
7	84 7
7	83 7
7	85 3
7	79 374
7	84 8
7	84 9
7	84 10
7	84 11
7	84 12
7	83 12
7	85 9
7	79 248
7	84 13
7	84 14
7	84 15
7	84 16
7	84 17
7	84 18
7	83 18
7	85 14
7	79 397
7	84 19
7	84 20
7	83 20
7	85 20
7	79 43
7	84 1
7	84 2
7	84 3
7	84 4
7	84 5
7	84 6
7	84 7
7	84 8
7	83 8
7	85 4
7	79 396
7	84 9
7	84 10
7	84 11
7	84 12
7	84 13
7	84 14
7	83 14
7	85 10
7	79 358
7	84 15
7	84 16
7	83 16
7	85 16
7	79 37
7	84 17
7	84 18
7	84 19
7	83 19
7	85 19
7	79 48
7	84 20
7	84 1
7	84 2
7	84 3
7	83 3
7	85 3
7	79 41
7	84 4
7	84 5
7	84 6
7	84 7
7	84 8
7	84 9
7	84 10
7	84 11
7	83 11
7	85 7
7	79 389
7	84 12
7	84 13
7	84 14
7	84 15
7	84 16
7	84 17
7	84 18
7	84 19
7	84 20
7	84 1
7	83 1
7	85 13
7	79 684
7	84 2
7	84 3
7	84 4
7	84 5
7	83 5
7	85 3
7	79 196
7	84 6
7	84 7
7	84 8
7	84 9
7	84 10
7	84 11
7	83 11
7	85 7
7	79 379
7	84 12
7	84 13
7	84 14
7	84 15
7	83 15
7	85 13
7	79 212
7	84 16
7	84 17
7	83 17
7	85 17
7	79 64
7	84 18
7	84 19
7	84 20
7	84 1
7	84 2
7	84 3
7	83 3
7	85 19
7	79 357
7	84 4
7	84 5
7	83 5
7	85 5
7	79 41
7	84 6
7	84 7
7	84 8
7	84 9
7	84 10
7	84 11
7	84 12
7	84 13
7	84 14
7	83 14
7	85 9
7	79 419
7	84 15
7	84 16
7	84 17
7	84 18
7	84 19
7	83 19
7	85 15
7	79 353
7	84 20
7	84 1
7	83 1
7	85 1
7	79 55
7	84 2
7	84 3
7	84 4
7	84 5
7	84 6
7	84 7
7	83 7
7	85 5
7	79 198
7	84 8
7	84 9
7	83 9
7	85 9
7	79 46
7	84 10
7	84 11
7	84 12
7	84 13
7	83 13
7	85 13
7	79 42
7	84 14
7	84 15
7	84 16
7	84 17
7	84 18
7	84 19
7	84 20
7	84 1
7	83 1
7	85 17
7	79 364
7	84 2
7	84 3
7	83 3
7	85 3
7	79 39
7	84 4
7	84 5
7	84 6
7	84 7
7	83 7
7	85 7
7	79 52
7	84 8
7	84 9
7	84 10
7	84 11
7	83 11
7	85 11
7	79 41
7	84 12
7	84 13
7	84 14
7	84 15
7	83 15
7	85 15
7	79 46
7	84 16
7	84 17
7	84 18
7	84 19
7	83 19
7	85 19
7	79 43
7	84 20
7	84 1
7	84 2
7	84 3
7	84 4
7	84 5
7	84 6
7	84 7
7	84 8
7	84 9
7	84 10
7	84 11
7	83 11
7	85 3
7	79 677
7	84 12
7	84 13
7	84 14
7	84 15
7	83 15
7	85 11
7	79 384
7	84 16
7	84 17
7	84 18
7	84 19
7	84 20
7	84 1
7	83 1
7	85 17
7	79 397
7	84 2
7	84 3
7	84 4
7	84 5
7	83 5
7	85 3
7	79 202
7	84 6
7	84 7
7	83 7
7	85 7
7	79 39
7	84 8
7	84 9
7	84 10
7	84 11
7	84 12
7	84 13
7	83 13
7	85 11
7	79 213
7	84 14
7	84 15
7	84 16
7	84 17
7	84 18
7	84 19
7	83 19
7	85 15
7	79 384
7	84 20
7	84 1
7	83 1
7	85 1
7	79 44
7	84 2
7	84 3
7	84 4
7	84 5
7	84 6
7	84 7
7	84 8
7	84 9
7	83 9
7	85 5
7	79 362
7	84 10
7	84 11
7	84 12
7	84 13
7	84 14
7	84 15
7	83 15
7	85 11
7	79 375
7	84 16
7	84 17
7	84 18
7	84 19
7	84 20
7	84 1
7	83 1
7	85 17
7	79 391
7	84 2
7	84 3
7	84 4
7	84 5
7	84 6
7	84 7
7	83 7
7	85 3
7	79 396
7	84 8
7	84 9
7	83 9
7	85 9
7	79 40
7	84 10
7	84 11
7	84 12
7	84 13
7	83 13
7	85 13
7	79 42
7	84 14
7	84 15
7	84 16
7	84 17
7	84 18
7	84 19
7	84 20
7	84 1
7	84 2
7	84 3
7	83 3
7	85 17
7	79 522
7	84 4
7	84 5
7	84 6
7	84 7
7	84 8
7	83 8
7	85 3
7	79 412
7	84 9
7	83 9
7	85 9
7	79 42
7	84 10
7	TEST_NUMBER 6
7	SENT_TOTAL 250
7	RECEIVED_TOTAL 49
7	TIME_TOTAL 19740
7	RECEIVED_RADIO_1 50
7	RECEIVED_RADIO_2 0
7	SENT_RADIO_1 126
7	SENT_RADIO_2 124
7	RADIO_TIME_1 19805
7	RADIO_TIME_2 19763
7	RETRANSMISSIONS_1 0
7	RETRANSMISSIONS_2 2
7	DROPPED_1 0
7	DROPPED_2 0
7	MAX_QUEUE 1
7	DUPLICATED_1 0
7	DUPLICATED_2 0
7	EBUSY_RADIO_1 0
7	EBUSY_RADIO_2 0

8	RELAY_NODE 8
8	TEST_NUMBER 0
8	SENT_TOTAL 0
8	RECEIVED_TOTAL 0
8	TIME_TOTAL 0
8	RECEIVED_RADIO_1 126
8	RECEIVED_RADIO_2 42
8	SENT_RADIO_1 42
8	SENT_RADIO_2 126
8	RADIO_TIME_1 19845
8	RADIO_TIME_2 19845
8	RETRANSMISSIONS_1 0
8	RETRANSMISSIONS_2 0
8	DROPPED_1 0
8	DROPPED_2 0
8	MAX_QUEUE 1
8	DUPLICATED_1 0
8	DUPLICATED_2 0
8	EBUSY_RADIO_1 0
8	EBUSY_RADIO_2 0
8	TEST_NUMBER 1
8	SENT_TOTAL 0
8	RECEIVED_TOTAL 0
8	TIME_TOTAL 0
8	RECEIVED_RADIO_1 125
8	RECEIVED_RADIO_2 44
8	SENT_RADIO_1 44
8	SENT_RADIO_2 125
8	RADIO_TIME_1 19686
8	RADIO_TIME_2 19686
8	RETRANSMISSIONS_1 0
8	RETRANSMISSIONS_2 0
8	DROPPED_1 0
8	DROPPED_2 0
8	MAX_QUEUE 1
8	DUPLICATED_1 0
8	DUPLICATED_2 0
8	EBUSY_RADIO_1 0
8	EBUSY_RADIO_2 0
8	TEST_NUMBER 2
8	SENT_TOTAL 0
8	RECEIVED_TOTAL 0
8	TIME_TOTAL 0
8	RECEIVED_RADIO_1 125
8	RECEIVED_RADIO_2 46
8	SENT_RADIO_1 46
8	SENT_RADIO_2 125
8	RADIO_TIME_1 19781
8	RADIO_TIME_2 19781
8	RETRANSMISSIONS_1 0
8	RETRANSMISSIONS_2 0
8	DROPPED_1 0
8	DROPPED_2 0
8	MAX_QUEUE 1
8	DUPLICATED_1 1
8	DUPLICATED_2 0
8	EBUSY_RADIO_1 0
8	EBUSY_RADIO_2 0
8	TEST_NUMBER 3
8	SENT_TOTAL 0
8	RECEIVED_TOTAL 0
8	TIME_TOTAL 0
8	RECEIVED_RADIO_1 125
8	RECEIVED_RADIO_2 75
8	SENT_RADIO_1 74
8	SENT_RADIO_2 124
8	RADIO_TIME_1 19872
8	RADIO_TIME_2 19872
8	RETRANSMISSIONS_1 12
8	RETRANSMISSIONS_2 10
8	DROPPED_1 1
8	DROPPED_2 1
8	MAX_QUEUE 4
8	DUPLICATED_1 1
8	DUPLICATED_2 1
8	EBUSY_RADIO_1 0
8	EBUSY_RADIO_2 0
8	TEST_NUMBER 4
8	SENT_TOTAL 0
8	RECEIVED_TOTAL 0
8	TIME_TOTAL 0
8	RECEIVED_RADIO_1 125
8	RECEIVED_RADIO_2 46
8	SENT_RADIO_1 46
8	SENT_RADIO_2 125
8	RADIO_TIME_1 19803
8	RADIO_TIME_2 19803
8	RETRANSMISSIONS_1 0
8	RETRANSMISSIONS_2 0
8	DROPPED_1 0
8	DROPPED_2 0
8	MAX_QUEUE 1
8	DUPLICATED_1 0
8	DUPLICATED_2 0
8	EBUSY_RADIO_1 0
8	EBUSY_RADIO_2 0
8	TEST_NUMBER 5
8	SENT_TOTAL 0
8	RECEIVED_TOTAL 0
8	TIME_TOTAL 0
8	RECEIVED_RADIO_1 125
8	RECEIVED_RADIO_2 43
8	SENT_RADIO_1 43
8	SENT_RADIO_2 125
8	RADIO_TIME_1 19680
8	RADIO_TIME_2 19681
8	RETRANSMISSIONS_1 0
8	RETRANSMISSIONS_2 0
8	DROPPED_1 0
8	DROPPED_2 0
8	MAX_QUEUE 1
8	DUPLICATED_1 0
8	DUPLICATED_2 0
8	EBUSY_RADIO_1 0
8	EBUSY_RADIO_2 0
8	TEST_NUMBER 6
8	SENT_TOTAL 0
8	RECEIVED_TOTAL 0
8	TIME_TOTAL 0
8	RECEIVED_RADIO_1 126
8	RECEIVED_RADIO_2 50
8	SENT_RADIO_1 50
8	SENT_RADIO_2 126
8	RADIO_TIME_1 19790
8	RADIO_TIME_2 19790
8	RETRANSMISSIONS_1 0
8	RETRANSMISSIONS_2 0
8	DROPPED_1 0
8	DROPPED_2 0
8	MAX_QUEUE 1
8	DUPLICATED_1 0
8	DUPLICATED_2 1
8	EBUSY_RADIO_1 0
8	EBUSY_RADIO_2 0

12	RELAY_NODE 12
12	TEST_NUMBER 0
12	SENT_TOTAL 0
12	RECEIVED_TOTAL 0
12	TIME_TOTAL 0
12	RECEIVED_RADIO_1 0
12	RECEIVED_RADIO_2 81
12	SENT_RADIO_1 81
12	SENT_RADIO_2 0
12	RADIO_TIME_1 19018
12	RADIO_TIME_2 19018
12	RETRANSMISSIONS_1 0
12	RETRANSMISSIONS_2 0
12	DROPPED_1 0
12	DROPPED_2 0
12	MAX_QUEUE 1
12	DUPLICATED_1 0
12	DUPLICATED_2 0
12	EBUSY_RADIO_1 0
12	EBUSY_RADIO_2 0
12	TEST_NUMBER 1
12	SENT_TOTAL 0
12	RECEIVED_TOTAL 0
12	TIME_TOTAL 0
12	RECEIVED_RADIO_1 0
12	RECEIVED_RADIO_2 80
12	SENT_RADIO_1 80
12	SENT_RADIO_2 0
12	RADIO_TIME_1 29637
12	RADIO_TIME_2 29637
12	RETRANSMISSIONS_1 0
12	RETRANSMISSIONS_2 0
12	DROPPED_1 0
12	DROPPED_2 0
12	MAX_QUEUE 1
12	DUPLICATED_1 0
12	DUPLICATED_2 0
12	EBUSY_RADIO_1 0
12	EBUSY_RADIO_2 0
12	TEST_NUMBER 2
12	SENT_TOTAL 0
12	RECEIVED_TOTAL 0
12	TIME_TOTAL 0
12	RECEIVED_RADIO_1 0
12	RECEIVED_RADIO_2 79
12	SENT_RADIO_1 79
12	SENT_RADIO_2 0
12	RADIO_TIME_1 19378
12	RADIO_TIME_2 19378
12	RETRANSMISSIONS_1 2
12	RETRANSMISSIONS_2 0
12	DROPPED_1 0
12	DROPPED_2 0
12	MAX_QUEUE 1
12	DUPLICATED_1 0
12	DUPLICATED_2 0
12	EBUSY_RADIO_1 0
12	EBUSY_RADIO_2 0
12	TEST_NUMBER 3
12	SENT_TOTAL 0
12	RECEIVED_TOTAL 0
12	TIME_TOTAL 0
12	RECEIVED_RADIO_1 0
12	RECEIVED_RADIO_2 144
12	SENT_RADIO_1 82
12	SENT_RADIO_2 0
12	RADIO_TIME_1 29784
12	RADIO_TIME_2 29483
12	RETRANSMISSIONS_1 414
12	RETRANSMISSIONS_2 0
12	DROPPED_1 41
12	DROPPED_2 0
12	MAX_QUEUE 38
12	DUPLICATED_1 0
12	DUPLICATED_2 6
12	EBUSY_RADIO_1 0
12	EBUSY_RADIO_2 0
12	TEST_NUMBER 4
12	SENT_TOTAL 0
12	RECEIVED_TOTAL 0
12	TIME_TOTAL 0
12	RECEIVED_RADIO_1 0
12	RECEIVED_RADIO_2 81
12	SENT_RADIO_1 0
12	SENT_RADIO_2 0
12	RADIO_TIME_1 29865
12	RADIO_TIME_2 29740
12	RETRANSMISSIONS_1 1001
12	RETRANSMISSIONS_2 0
12	DROPPED_1 100
12	DROPPED_2 0
12	MAX_QUEUE 21
12	DUPLICATED_1 0
12	DUPLICATED_2 1
12	EBUSY_RADIO_1 0
12	EBUSY_RADIO_2 0
12	TEST_NUMBER 5
12	SENT_TOTAL 0
12	RECEIVED_TOTAL 0
12	TIME_TOTAL 0
12	RECEIVED_RADIO_1 0
12	RECEIVED_RADIO_2 80
12	SENT_RADIO_1 0
12	SENT_RADIO_2 0
12	RADIO_TIME_1 29877
12	RADIO_TIME_2 29370
12	RETRANSMISSIONS_1 799
12	RETRANSMISSIONS_2 0
12	DROPPED_1 80
12	DROPPED_2 0
12	MAX_QUEUE 2
12	DUPLICATED_1 0
12	DUPLICATED_2 1
12	EBUSY_RADIO_1 0
12	EBUSY_RADIO_2 0
12	TEST_NUMBER 6
12	SENT_TOTAL 0
12	RECEIVED_TOTAL 0
12	TIME_TOTAL 0
12	RECEIVED_RADIO_1 0
12	RECEIVED_RADIO_2 77
12	SENT_RADIO_1 0
12	SENT_RADIO_2 0
12	RADIO_TIME_1 29868
12	RADIO_TIME_2 29720
12	RETRANSMISSIONS_1 764
12	RETRANSMISSIONS_2 0
12	DROPPED_1 77
12	DROPPED_2 0
12	MAX_QUEUE 2
12	DUPLICATED_1 0
12	DUPLICATED_2 1
12	EBUSY_RADIO_1 0
12	EBUSY_RADIO_2 0

13	RELAY_NODE 13
13	TEST_NUMBER 0
13	SENT_TOTAL 0
13	RECEIVED_TOTAL 0
13	TIME_TOTAL 0
13	RECEIVED_RADIO_1 83
13	RECEIVED_RADIO_2 124
13	SENT_RADIO_1 0
13	SENT_RADIO_2 82
13	RADIO_TIME_1 19830
13	RADIO_TIME_2 19831
13	RETRANSMISSIONS_1 1177
13	RETRANSMISSIONS_2 62
13	DROPPED_1 118
13	DROPPED_2 6
13	MAX_QUEUE 2
13	DUPLICATED_1 0
13	DUPLICATED_2 0
13	EBUSY_RADIO_1 0
13	EBUSY_RADIO_2 0
13	TEST_NUMBER 1
13	SENT_TOTAL 0
13	RECEIVED_TOTAL 0
13	TIME_TOTAL 0
13	RECEIVED_RADIO_1 78
13	RECEIVED_RADIO_2 125
13	SENT_RADIO_1 0
13	SENT_RADIO_2 77
13	RADIO_TIME_1 19932
13	RADIO_TIME_2 19846
13	RETRANSMISSIONS_1 1206
13	RETRANSMISSIONS_2 50
13	DROPPED_1 121
13	DROPPED_2 5
13	MAX_QUEUE 2
13	DUPLICATED_1 0
13	DUPLICATED_2 0
13	EBUSY_RADIO_1 0
13	EBUSY_RADIO_2 0
13	TEST_NUMBER 2
13	SENT_TOTAL 0
13	RECEIVED_TOTAL 0
13	TIME_TOTAL 0
13	RECEIVED_RADIO_1 81
13	RECEIVED_RADIO_2 125
13	SENT_RADIO_1 0
13	SENT_RADIO_2 79
13	RADIO_TIME_1 19905
13	RADIO_TIME_2 19819
13	RETRANSMISSIONS_1 1186
13	RETRANSMISSIONS_2 80
13	DROPPED_1 119
13	DROPPED_2 8
13	MAX_QUEUE 2
13	DUPLICATED_1 2
13	DUPLICATED_2 0
13	EBUSY_RADIO_1 0
13	EBUSY_RADIO_2 0
13	TEST_NUMBER 3
13	SENT_TOTAL 0
13	RECEIVED_TOTAL 0
13	TIME_TOTAL 0
13	RECEIVED_RADIO_1 80
13	RECEIVED_RADIO_2 125
13	SENT_RADIO_1 0
13	SENT_RADIO_2 74
13	RADIO_TIME_1 19791
13	RADIO_TIME_2 19678
13	RETRANSMISSIONS_1 1275
13	RETRANSMISSIONS_2 31
13	DROPPED_1 128
13	DROPPED_2 3
13	MAX_QUEUE 10
13	DUPLICATED_1 1
13	DUPLICATED_2 0
13	EBUSY_RADIO_1 1
13	EBUSY_RADIO_2 0
13	TEST_NUMBER 4
13	SENT_TOTAL 0
13	RECEIVED_TOTAL 0
13	TIME_TOTAL 0
13	RECEIVED_RADIO_1 0
13	RECEIVED_RADIO_2 125
13	SENT_RADIO_1 0
13	SENT_RADIO_2 0
13	RADIO_TIME_1 19855
13	RADIO_TIME_2 19763
13	RETRANSMISSIONS_1 1246
13	RETRANSMISSIONS_2 0
13	DROPPED_1 125
13	DROPPED_2 0
13	MAX_QUEUE 1
13	DUPLICATED_1 0
13	DUPLICATED_2 0
13	EBUSY_RADIO_1 0
13	EBUSY_RADIO_2 0
13	TEST_NUMBER 5
13	SENT_TOTAL 0
13	RECEIVED_TOTAL 0
13	TIME_TOTAL 0
13	RECEIVED_RADIO_1 0
13	RECEIVED_RADIO_2 125
13	SENT_RADIO_1 0
13	SENT_RADIO_2 0
13	RADIO_TIME_1 19934
13	RADIO_TIME_2 19845
13	RETRANSMISSIONS_1 1246
13	RETRANSMISSIONS_2 0
13	DROPPED_1 125
13	DROPPED_2 0
13	MAX_QUEUE 2
13	DUPLICATED_1 0
13	DUPLICATED_2 0
13	EBUSY_RADIO_1 0
13	EBUSY_RADIO_2 0
13	TEST_NUMBER 6
13	SENT_TOTAL 0
13	RECEIVED_TOTAL 0
13	TIME_TOTAL 0
13	RECEIVED_RADIO_1 0
13	RECEIVED_RADIO_2 124
13	SENT_RADIO_1 0
13	SENT_RADIO_2 0
13	RADIO_TIME_1 19861
13	RADIO_TIME_2 19760
13	RETRANSMISSIONS_1 1236
13	RETRANSMISSIONS_2 0
13	DROPPED_1 124
13	DROPPED_2 0
13	MAX_QUEUE 2
13	DUPLICATED_1 0
13	DUPLICATED_2 1
13	EBUSY_RADIO_1 0
13	EBUSY_RADIO_2 0

14	RELAY_NODE 14
14	TEST_NUMBER 0
14	SENT_TOTAL 0
14	RECEIVED_TOTAL 0
14	TIME_TOTAL 0
14	RECEIVED_RADIO_1 42
14	RECEIVED_RADIO_2 126
14	SENT_RADIO_1 126
14	SENT_RADIO_2 42
14	RADIO_TIME_1 19846
14	RADIO_TIME_2 19846
14	RETRANSMISSIONS_1 43
14	RETRANSMISSIONS_2 0
14	DROPPED_1 0
14	DROPPED_2 0
14	MAX_QUEUE 1
14	DUPLICATED_1 3
14	DUPLICATED_2 0
14	EBUSY_RADIO_1 0
14	EBUSY_RADIO_2 0
14	TEST_NUMBER 1
14	SENT_TOTAL 0
14	RECEIVED_TOTAL 0
14	TIME_TOTAL 0
14	RECEIVED_RADIO_1 44
14	RECEIVED_RADIO_2 125
14	SENT_RADIO_1 124
14	SENT_RADIO_2 44
14	RADIO_TIME_1 19686
14	RADIO_TIME_2 19686
14	RETRANSMISSIONS_1 46
14	RETRANSMISSIONS_2 0
14	DROPPED_1 0
14	DROPPED_2 0
14	MAX_QUEUE 1
14	DUPLICATED_1 4
14	DUPLICATED_2 0
14	EBUSY_RADIO_1 0
14	EBUSY_RADIO_2 0
14	TEST_NUMBER 2
14	SENT_TOTAL 0
14	RECEIVED_TOTAL 0
14	TIME_TOTAL 0
14	RECEIVED_RADIO_1 46
14	RECEIVED_RADIO_2 125
14	SENT_RADIO_1 126
14	SENT_RADIO_2 46
14	RADIO_TIME_1 19770
14	RADIO_TIME_2 19770
14	RETRANSMISSIONS_1 54
14	RETRANSMISSIONS_2 0
14	DROPPED_1 0
14	DROPPED_2 0
14	MAX_QUEUE 1
14	DUPLICATED_1 7
14	DUPLICATED_2 0
14	EBUSY_RADIO_1 0
14	EBUSY_RADIO_2 0
14	TEST_NUMBER 3
14	SENT_TOTAL 0
14	RECEIVED_TOTAL 0
14	TIME_TOTAL 0
14	RECEIVED_RADIO_1 75
14	RECEIVED_RADIO_2 124
14	SENT_RADIO_1 123
14	SENT_RADIO_2 75
14	RADIO_TIME_1 19858
14	RADIO_TIME_2 19858
14	RETRANSMISSIONS_1 65
14	RETRANSMISSIONS_2 11
14	DROPPED_1 0
14	DROPPED_2 1
14	MAX_QUEUE 5
14	DUPLICATED_1 21
14	DUPLICATED_2 0
14	EBUSY_RADIO_1 0
14	EBUSY_RADIO_2 0
14	TEST_NUMBER 4
14	SENT_TOTAL 0
14	RECEIVED_TOTAL 0
14	TIME_TOTAL 0
14	RECEIVED_RADIO_1 46
14	RECEIVED_RADIO_2 125
14	SENT_RADIO_1 125
14	SENT_RADIO_2 46
14	RADIO_TIME_1 19793
14	RADIO_TIME_2 19793
14	RETRANSMISSIONS_1 45
14	RETRANSMISSIONS_2 0
14	DROPPED_1 0
14	DROPPED_2 0
14	MAX_QUEUE 1
14	DUPLICATED_1 7
14	DUPLICATED_2 0
14	EBUSY_RADIO_1 0
14	EBUSY_RADIO_2 0
14	TEST_NUMBER 5
14	SENT_TOTAL 0
14	RECEIVED_TOTAL 0
14	TIME_TOTAL 0
14	RECEIVED_RADIO_1 43
14	RECEIVED_RADIO_2 125
14	SENT_RADIO_1 123
14	SENT_RADIO_2 43
14	RADIO_TIME_1 19680
14	RADIO_TIME_2 19680
14	RETRANSMISSIONS_1 58
14	RETRANSMISSIONS_2 10
14	DROPPED_1 0
14	DROPPED_2 1
14	MAX_QUEUE 2
14	DUPLICATED_1 10
14	DUPLICATED_2 0
14	EBUSY_RADIO_1 0
14	EBUSY_RADIO_2 0
14	TEST_NUMBER 6
14	SENT_TOTAL 0
14	RECEIVED_TOTAL 0
14	TIME_TOTAL 0
14	RECEIVED_RADIO_1 50
14	RECEIVED_RADIO_2 126
14	SENT_RADIO_1 127
14	SENT_RADIO_2 50
14	RADIO_TIME_1 19779
14	RADIO_TIME_2 19779
14	RETRANSMISSIONS_1 67
14	RETRANSMISSIONS_2 1
14	DROPPED_1 0
14	DROPPED_2 0
14	MAX_QUEUE 1
14	DUPLICATED_1 2
14	DUPLICATED_2 0
14	EBUSY_RADIO_1 0
14	EBUSY_RADIO_2 0

16	DESTINATION_NODE 16
16	TEST_NUMBER 0
16	SENT_TOTAL 126
16	RECEIVED_TOTAL 126
16	TIME_TOTAL 19848
16	RECEIVED_RADIO_1 126
16	RECEIVED_RADIO_2 0
16	SENT_RADIO_1 40
16	SENT_RADIO_2 83
16	RADIO_TIME_1 19875
16	RADIO_TIME_2 19529
16	RETRANSMISSIONS_1 93
16	RETRANSMISSIONS_2 0
16	DROPPED_1 3
16	DROPPED_2 0
16	MAX_QUEUE 2
16	DUPLICATED_1 8
16	DUPLICATED_2 0
16	EBUSY_RADIO_1 0
16	EBUSY_RADIO_2 0
16	TEST_NUMBER 1
16	SENT_TOTAL 124
16	RECEIVED_TOTAL 124
16	TIME_TOTAL 19530
16	RECEIVED_RADIO_1 124
16	RECEIVED_RADIO_2 0
16	SENT_RADIO_1 44
16	SENT_RADIO_2 78
16	RADIO_TIME_1 19530
16	RADIO_TIME_2 19204
16	RETRANSMISSIONS_1 61
16	RETRANSMISSIONS_2 0
16	DROPPED_1 1
16	DROPPED_2 0
16	MAX_QUEUE 2
16	DUPLICATED_1 14
16	DUPLICATED_2 0
16	EBUSY_RADIO_1 0
16	EBUSY_RADIO_2 0
16	86 1
16	TEST_NUMBER 2
16	SENT_TOTAL 126
16	RECEIVED_TOTAL 125
16	TIME_TOTAL 19759
16	RECEIVED_RADIO_1 126
16	RECEIVED_RADIO_2 0
16	SENT_RADIO_1 46
16	SENT_RADIO_2 81
16	RADIO_TIME_1 19759
16	RADIO_TIME_2 19766
16	RETRANSMISSIONS_1 93
16	RETRANSMISSIONS_2 0
16	DROPPED_1 0
16	DROPPED_2 0
16	MAX_QUEUE 2
16	DUPLICATED_1 14
16	DUPLICATED_2 0
16	EBUSY_RADIO_1 0
16	EBUSY_RADIO_2 0
16	TEST_NUMBER 3
16	SENT_TOTAL 221
16	RECEIVED_TOTAL 377
16	TIME_TOTAL 19842
16	RECEIVED_RADIO_1 377
16	RECEIVED_RADIO_2 0
16	SENT_RADIO_1 74
16	SENT_RADIO_2 145
16	RADIO_TIME_1 19852
16	RADIO_TIME_2 19698
16	RETRANSMISSIONS_1 142
16	RETRANSMISSIONS_2 6
16	DROPPED_1 2
16	DROPPED_2 0
16	MAX_QUEUE 98
16	DUPLICATED_1 18
16	DUPLICATED_2 0
16	EBUSY_RADIO_1 0
16	EBUSY_RADIO_2 0
16	TEST_NUMBER 4
16	SENT_TOTAL 125
16	RECEIVED_TOTAL 125
16	TIME_TOTAL 19777
16	RECEIVED_RADIO_1 125
16	RECEIVED_RADIO_2 0
16	SENT_RADIO_1 46
16	SENT_RADIO_2 79
16	RADIO_TIME_1 19777
16	RADIO_TIME_2 19609
16	RETRANSMISSIONS_1 65
16	RETRANSMISSIONS_2 1
16	DROPPED_1 0
16	DROPPED_2 0
16	MAX_QUEUE 2
16	DUPLICATED_1 12
16	DUPLICATED_2 0
16	EBUSY_RADIO_1 0
16	EBUSY_RADIO_2 0
16	TEST_NUMBER 5
16	SENT_TOTAL 123
16	RECEIVED_TOTAL 123
16	TIME_TOTAL 19547
16	RECEIVED_RADIO_1 123
16	RECEIVED_RADIO_2 0
16	SENT_RADIO_1 43
16	SENT_RADIO_2 80
16	RADIO_TIME_1 19547
16	RADIO_TIME_2 19547
16	RETRANSMISSIONS_1 69
16	RETRANSMISSIONS_2 1
16	DROPPED_1 0
16	DROPPED_2 0
16	MAX_QUEUE 2
16	DUPLICATED_1 11
16	DUPLICATED_2 0
16	EBUSY_RADIO_1 0
16	EBUSY_RADIO_2 0
16	86 5
16	TEST_NUMBER 6
16	SENT_TOTAL 127
16	RECEIVED_TOTAL 126
16	TIME_TOTAL 19743
16	RECEIVED_RADIO_1 127
16	RECEIVED_RADIO_2 0
16	SENT_RADIO_1 50
16	SENT_RADIO_2 77
16	RADIO_TIME_1 19743
16	RADIO_TIME_2 19639
16	RETRANSMISSIONS_1 69
16	RETRANSMISSIONS_2 1
16	DROPPED_1 0
16	DROPPED_2 0
16	MAX_QUEUE 2
16	DUPLICATED_1 9
16	DUPLICATED_2 0
16	EBUSY_RADIO_1 0
16	EBUSY_RADIO_2 0
