
32	RELAY_NODE 32
32	TEST_NUMBER 0
32	SENT_TOTAL 0
32	RECEIVED_TOTAL 0
32	TIME_TOTAL 0
32	RECEIVED_RADIO_1 0
32	RECEIVED_RADIO_2 112
32	SENT_RADIO_1 112
32	SENT_RADIO_2 0
32	RADIO_TIME_1 17695
32	RADIO_TIME_2 17695
32	RETRANSMISSIONS_1 0
32	RETRANSMISSIONS_2 0
32	DROPPED_1 0
32	DROPPED_2 0
32	MAX_QUEUE 1
32	DUPLICATED_1 0
32	DUPLICATED_2 0
32	EBUSY_RADIO_1 0
32	EBUSY_RADIO_2 0
32	TEST_NUMBER 1
32	SENT_TOTAL 0
32	RECEIVED_TOTAL 0
32	TIME_TOTAL 0
32	RECEIVED_RADIO_1 0
32	RECEIVED_RADIO_2 123
32	SENT_RADIO_1 123
32	SENT_RADIO_2 0
32	RADIO_TIME_1 29725
32	RADIO_TIME_2 29725
32	RETRANSMISSIONS_1 0
32	RETRANSMISSIONS_2 0
32	DROPPED_1 0
32	DROPPED_2 0
32	MAX_QUEUE 1
32	DUPLICATED_1 0
32	DUPLICATED_2 0
32	EBUSY_RADIO_1 0
32	EBUSY_RADIO_2 0
32	TEST_NUMBER 2
32	SENT_TOTAL 0
32	RECEIVED_TOTAL 0
32	TIME_TOTAL 0
32	RECEIVED_RADIO_1 0
32	RECEIVED_RADIO_2 125
32	SENT_RADIO_1 125
32	SENT_RADIO_2 0
32	RADIO_TIME_1 29727
32	RADIO_TIME_2 29727
32	RETRANSMISSIONS_1 0
32	RETRANSMISSIONS_2 0
32	DROPPED_1 0
32	DROPPED_2 0
32	MAX_QUEUE 1
32	DUPLICATED_1 0
32	DUPLICATED_2 0
32	EBUSY_RADIO_1 0
32	EBUSY_RADIO_2 0
32	TEST_NUMBER 3
32	SENT_TOTAL 0
32	RECEIVED_TOTAL 0
32	TIME_TOTAL 0
32	RECEIVED_RADIO_1 0
32	RECEIVED_RADIO_2 125
32	SENT_RADIO_1 125
32	SENT_RADIO_2 0
32	RADIO_TIME_1 29725
32	RADIO_TIME_2 29725
32	RETRANSMISSIONS_1 0
32	RETRANSMISSIONS_2 0
32	DROPPED_1 0
32	DROPPED_2 0
32	MAX_QUEUE 1
32	DUPLICATED_1 0
32	DUPLICATED_2 0
32	EBUSY_RADIO_1 0
32	EBUSY_RADIO_2 0
32	TEST_NUMBER 4
32	SENT_TOTAL 0
32	RECEIVED_TOTAL 0
32	TIME_TOTAL 0
32	RECEIVED_RADIO_1 0
32	RECEIVED_RADIO_2 125
32	SENT_RADIO_1 125
32	SENT_RADIO_2 0
32	RADIO_TIME_1 29720
32	RADIO_TIME_2 29720
32	RETRANSMISSIONS_1 0
32	RETRANSMISSIONS_2 0
32	DROPPED_1 0
32	DROPPED_2 0
32	MAX_QUEUE 1
32	DUPLICATED_1 0
32	DUPLICATED_2 0
32	EBUSY_RADIO_1 0
32	EBUSY_RADIO_2 0
32	TEST_NUMBER 5
32	SENT_TOTAL 0
32	RECEIVED_TOTAL 0
32	TIME_TOTAL 0
32	RECEIVED_RADIO_1 0
32	RECEIVED_RADIO_2 125
32	SENT_RADIO_1 125
32	SENT_RADIO_2 0
32	RADIO_TIME_1 29727
32	RADIO_TIME_2 29727
32	RETRANSMISSIONS_1 0
32	RETRANSMISSIONS_2 0
32	DROPPED_1 0
32	DROPPED_2 0
32	MAX_QUEUE 1
32	DUPLICATED_1 0
32	DUPLICATED_2 0
32	EBUSY_RADIO_1 0
32	EBUSY_RADIO_2 0
32	TEST_NUMBER 6
32	SENT_TOTAL 0
32	RECEIVED_TOTAL 0
32	TIME_TOTAL 0
32	RECEIVED_RADIO_1 0
32	RECEIVED_RADIO_2 124
32	SENT_RADIO_1 124
32	SENT_RADIO_2 0
32	RADIO_TIME_1 29721
32	RADIO_TIME_2 29720
32	RETRANSMISSIONS_1 0
32	RETRANSMISSIONS_2 0
32	DROPPED_1 0
32	DROPPED_2 0
32	MAX_QUEUE 1
32	DUPLICATED_1 0
32	DUPLICATED_2 0
32	EBUSY_RADIO_1 0
32	EBUSY_RADIO_2 0

34	RELAY_NODE 34
34	TEST_NUMBER 0
34	SENT_TOTAL 0
34	RECEIVED_TOTAL 0
34	TIME_TOTAL 0
34	RECEIVED_RADIO_1 105
34	RECEIVED_RADIO_2 107
34	SENT_RADIO_1 107
34	SENT_RADIO_2 105
34	RADIO_TIME_1 19605
34	RADIO_TIME_2 19605
34	RETRANSMISSIONS_1 0
34	RETRANSMISSIONS_2 0
34	DROPPED_1 0
34	DROPPED_2 0
34	MAX_QUEUE 1
34	DUPLICATED_1 0
34	DUPLICATED_2 0
34	EBUSY_RADIO_1 0
34	EBUSY_RADIO_2 0
34	TEST_NUMBER 1
34	SENT_TOTAL 0
34	RECEIVED_TOTAL 0
34	TIME_TOTAL 0
34	RECEIVED_RADIO_1 104
34	RECEIVED_RADIO_2 111
34	SENT_RADIO_1 111
34	SENT_RADIO_2 104
34	RADIO_TIME_1 29786
34	RADIO_TIME_2 29786
34	RETRANSMISSIONS_1 0
34	RETRANSMISSIONS_2 0
34	DROPPED_1 0
34	DROPPED_2 0
34	MAX_QUEUE 1
34	DUPLICATED_1 0
34	DUPLICATED_2 0
34	EBUSY_RADIO_1 0
34	EBUSY_RADIO_2 0
34	TEST_NUMBER 2
34	SENT_TOTAL 0
34	RECEIVED_TOTAL 0
34	TIME_TOTAL 0
34	RECEIVED_RADIO_1 100
34	RECEIVED_RADIO_2 109
34	SENT_RADIO_1 109
34	SENT_RADIO_2 100
34	RADIO_TIME_1 29809
34	RADIO_TIME_2 29809
34	RETRANSMISSIONS_1 0
34	RETRANSMISSIONS_2 0
34	DROPPED_1 0
34	DROPPED_2 0
34	MAX_QUEUE 1
34	DUPLICATED_1 0
34	DUPLICATED_2 0
34	EBUSY_RADIO_1 0
34	EBUSY_RADIO_2 0
34	TEST_NUMBER 3
34	SENT_TOTAL 0
34	RECEIVED_TOTAL 0
34	TIME_TOTAL 0
34	RECEIVED_RADIO_1 106
34	RECEIVED_RADIO_2 109
34	SENT_RADIO_1 109
34	SENT_RADIO_2 106
34	RADIO_TIME_1 29645
34	RADIO_TIME_2 29645
34	RETRANSMISSIONS_1 0
34	RETRANSMISSIONS_2 0
34	DROPPED_1 0
34	DROPPED_2 0
34	MAX_QUEUE 1
34	DUPLICATED_1 0
34	DUPLICATED_2 0
34	EBUSY_RADIO_1 0
34	EBUSY_RADIO_2 0
34	TEST_NUMBER 4
34	SENT_TOTAL 0
34	RECEIVED_TOTAL 0
34	TIME_TOTAL 0
34	RECEIVED_RADIO_1 110
34	RECEIVED_RADIO_2 109
34	SENT_RADIO_1 109
34	SENT_RADIO_2 110
34	RADIO_TIME_1 29739
34	RADIO_TIME_2 29739
34	RETRANSMISSIONS_1 0
34	RETRANSMISSIONS_2 0
34	DROPPED_1 0
34	DROPPED_2 0
34	MAX_QUEUE 1
34	DUPLICATED_1 0
34	DUPLICATED_2 0
34	EBUSY_RADIO_1 0
34	EBUSY_RADIO_2 0
34	TEST_NUMBER 5
34	SENT_TOTAL 0
34	RECEIVED_TOTAL 0
34	TIME_TOTAL 0
34	RECEIVED_RADIO_1 113
34	RECEIVED_RADIO_2 113
34	SENT_RADIO_1 113
34	SENT_RADIO_2 113
34	RADIO_TIME_1 29726
34	RADIO_TIME_2 29726
34	RETRANSMISSIONS_1 0
34	RETRANSMISSIONS_2 0
34	DROPPED_1 0
34	DROPPED_2 0
34	MAX_QUEUE 1
34	DUPLICATED_1 0
34	DUPLICATED_2 0
34	EBUSY_RADIO_1 0
34	EBUSY_RADIO_2 0
34	TEST_NUMBER 6
34	SENT_TOTAL 0
34	RECEIVED_TOTAL 0
34	TIME_TOTAL 0
34	RECEIVED_RADIO_1 110
34	RECEIVED_RADIO_2 107
34	SENT_RADIO_1 107
34	SENT_RADIO_2 110
34	RADIO_TIME_1 29790
34	RADIO_TIME_2 29790
34	RETRANSMISSIONS_1 0
34	RETRANSMISSIONS_2 0
34	DROPPED_1 0
34	DROPPED_2 0
34	MAX_QUEUE 1
34	DUPLICATED_1 0
34	DUPLICATED_2 0
34	EBUSY_RADIO_1 0
34	EBUSY_RADIO_2 0

36	SOURCE_NODE 36
36	84 1
36	84 2
36	83 2
36	85 2
36	79 19
36	84 3
36	84 4
36	84 5
36	83 5
36	85 5
36	79 37
36	84 6
36	84 7
36	84 8
36	84 9
36	83 9
36	85 9
36	79 25
36	84 10
36	84 11
36	84 12
36	83 12
36	85 12
36	79 30
36	84 13
36	84 14
36	83 14
36	85 14
36	79 28
36	84 15
36	84 16
36	83 16
36	85 16
36	79 28
36	84 17
36	84 18
36	84 19
36	84 20
36	83 20
36	85 20
36	79 23
36	84 1
36	84 2
36	84 3
36	84 4
36	84 5
36	84 6
36	83 6
36	85 6
36	79 28
36	84 7
36	84 8
36	83 8
36	85 8
36	79 27
36	84 9
36	84 10
36	84 11
36	83 11
36	85 11
36	79 29
36	84 12
36	84 13
36	83 13
36	85 13
36	79 28
36	84 14
36	84 15
36	84 16
36	84 17
36	83 17
36	85 17
36	79 28
36	84 18
36	84 19
36	84 20
36	84 1
36	84 2
36	83 2
36	85 2
36	79 30
36	84 3
36	84 4
36	84 5
36	83 5
36	85 5
36	79 31
36	84 6
36	84 7
36	83 7
36	85 7
36	79 32
36	84 8
36	84 9
36	83 9
36	85 9
36	79 29
36	84 10
36	84 11
36	83 11
36	85 11
36	79 26
36	84 12
36	84 13
36	84 14
36	84 15
36	84 16
36	83 16
36	85 16
36	79 27
36	84 17
36	84 18
36	84 19
36	84 20
36	83 20
36	85 20
36	79 25
36	84 1
36	84 2
36	83 2
36	85 2
36	79 21
36	84 3
36	84 4
36	83 4
36	85 4
36	79 30
36	84 5
36	84 6
36	83 6
36	85 6
36	79 32
36	84 7
36	84 8
36	84 9
36	84 10
36	84 11
36	84 12
36	84 13
36	84 14
36	83 14
36	85 14
36	79 27
36	84 15
36	84 16
36	84 17
36	84 18
36	83 18
36	85 18
36	79 28
36	84 19
36	84 20
36	84 1
36	84 2
36	84 3
36	84 4
36	84 5
36	84 6
36	83 6
36	85 6
36	79 34
36	84 7
36	84 8
36	84 9
36	83 9
36	85 9
36	79 25
36	84 10
36	84 11
36	83 11
36	85 11
36	79 29
36	84 12
36	84 13
36	84 14
36	83 14
36	85 14
36	79 29
36	84 15
36	84 16
36	83 16
36	85 16
36	79 27
36	84 17
36	84 18
36	83 18
36	85 18
36	79 31
36	84 19
36	84 20
36	83 20
36	85 20
36	79 29
36	84 1
36	84 2
36	83 2
36	85 2
36	79 24
36	84 3
36	84 4
36	83 4
36	85 4
36	79 34
36	84 5
36	84 6
36	83 6
36	85 6
36	79 33
36	84 7
36	84 8
36	84 9
36	84 10
36	84 11
36	83 11
36	85 11
36	79 23
36	84 12
36	84 13
36	84 14
36	83 14
36	85 14
36	79 34
36	84 15
36	84 16
36	83 16
36	85 16
36	79 31
36	84 17
36	84 18
36	84 19
36	84 20
36	83 20
36	85 20
36	79 33
36	84 1
36	84 2
36	83 2
36	85 2
36	79 28
36	84 3
36	84 4
36	84 5
36	84 6
36	83 6
36	85 6
36	79 33
36	84 7
36	84 8
36	83 8
36	85 8
36	79 30
36	84 9
36	84 10
36	83 10
36	85 10
36	79 24
36	84 11
36	84 12
36	83 12
36	85 12
36	79 30
36	84 13
36	84 14
36	84 15
36	84 16
36	83 16
36	85 16
36	79 29
36	84 17
36	84 18
36	83 18
36	85 18
36	79 26
36	84 19
36	84 20
36	84 1
36	83 1
36	85 1
36	79 26
36	84 2
36	84 3
36	83 3
36	85 3
36	79 32
36	84 4
36	84 5
36	83 5
36	85 5
36	79 30
36	84 6
36	84 7
36	83 7
36	85 7
36	79 27
36	84 8
36	84 9
36	83 9
36	85 9
36	79 30
36	84 10
36	84 11
36	83 11
36	85 11
36	79 32
36	84 12
36	84 13
36	83 13
36	85 13
36	79 35
36	84 14
36	84 15
36	83 15
36	85 15
36	79 30
36	84 16
36	84 17
36	83 17
36	85 17
36	79 29
36	84 18
36	84 19
36	83 19
36	85 19
36	79 26
36	84 20
36	84 1
36	84 2
36	83 2
36	85 2
36	79 29
36	84 3
36	84 4
36	83 4
36	85 4
36	79 27
36	84 5
36	84 6
36	83 6
36	85 6
36	79 32
36	84 7
36	84 8
36	83 8
36	85 8
36	79 33
36	84 9
36	84 10
36	83 10
36	85 10
36	79 30
36	84 11
36	84 12
36	84 13
36	84 14
36	83 14
36	85 14
36	79 25
36	84 15
36	84 16
36	84 17
36	84 18
36	84 19
36	84 20
36	83 20
36	85 20
36	79 27
36	84 1
36	84 2
36	83 2
36	85 2
36	79 24
36	84 3
36	84 4
36	83 4
36	85 4
36	79 31
36	84 5
36	84 6
36	83 6
36	85 6
36	79 33
36	84 7
36	84 8
36	84 9
36	83 9
36	85 9
36	79 30
36	84 10
36	84 11
36	83 11
36	85 11
36	79 31
36	84 12
36	84 13
36	83 13
36	85 13
36	79 24
36	84 14
36	84 15
36	84 16
36	84 17
36	83 17
36	85 17
36	79 31
36	84 18
36	84 19
36	84 20
36	84 1
36	83 1
36	85 1
36	79 31
36	84 2
36	84 3
36	83 3
36	85 3
36	79 27
36	84 4
36	84 5
36	83 5
36	85 5
36	79 25
36	84 6
36	84 7
36	83 7
36	85 7
36	79 32
36	84 8
36	84 9
36	83 9
36	85 9
36	79 27
36	84 10
36	84 11
36	83 11
36	85 11
36	79 32
36	84 12
36	84 13
36	84 14
36	83 14
36	85 14
36	79 35
36	84 15
36	84 16
36	83 16
36	85 16
36	79 25
36	84 17
36	84 18
36	84 19
36	83 19
36	85 19
36	79 33
36	84 20
36	84 1
36	83 1
36	85 1
36	79 30
36	84 2
36	84 3
36	83 3
36	85 3
36	79 25
36	84 4
36	84 5
36	83 5
36	85 5
36	79 31
36	84 6
36	84 7
36	84 8
36	84 9
36	83 9
36	85 9
36	79 35
36	84 10
36	84 11
36	83 11
36	85 11
36	79 37
36	84 12
36	84 13
36	84 14
36	84 15
36	83 15
36	85 15
36	79 26
36	84 16
36	84 17
36	84 18
36	83 18
36	85 18
36	79 30
36	84 19
36	84 20
36	83 20
36	85 20
36	79 27
36	84 1
36	84 2
36	84 3
36	84 4
36	83 4
36	85 4
36	79 23
36	84 5
36	84 6
36	83 6
36	85 6
36	79 28
36	84 7
36	84 8
36	84 9
36	84 10
36	TEST_NUMBER 0
36	SENT_TOTAL 250
36	RECEIVED_TOTAL 88
36	TIME_TOTAL 19453
36	RECEIVED_RADIO_1 88
36	RECEIVED_RADIO_2 0
36	SENT_RADIO_1 125
36	SENT_RADIO_2 124
36	RADIO_TIME_1 19763
36	RADIO_TIME_2 19763
36	RETRANSMISSIONS_1 0
36	RETRANSMISSIONS_2 0
36	DROPPED_1 0
36	DROPPED_2 0
36	MAX_QUEUE 1
36	DUPLICATED_1 0
36	DUPLICATED_2 0
36	EBUSY_RADIO_1 0
36	EBUSY_RADIO_2 0
36	83 0
36	85 10
36	86 0
36	84 1
36	84 2
36	84 3
36	84 4
36	83 4
36	85 4
36	79 26
36	84 5
36	84 6
36	83 6
36	85 6
36	79 30
36	84 7
36	84 8
36	83 8
36	85 8
36	79 26
36	84 9
36	84 10
36	84 11
36	84 12
36	83 12
36	85 12
36	79 23
36	84 13
36	84 14
36	83 14
36	85 14
36	79 24
36	84 15
36	84 16
36	84 17
36	83 17
36	85 17
36	79 29
36	84 18
36	84 19
36	84 20
36	84 1
36	83 1
36	85 1
36	79 28
36	84 2
36	84 3
36	83 3
36	85 3
36	79 29
36	84 4
36	84 5
36	83 5
36	85 5
36	79 29
36	84 6
36	84 7
36	83 7
36	85 7
36	79 33
36	84 8
36	84 9
36	83 9
36	85 9
36	79 32
36	84 10
36	84 11
36	83 11
36	85 11
36	79 33
36	84 12
36	84 13
36	84 14
36	84 15
36	84 16
36	83 16
36	85 16
36	79 37
36	84 17
36	84 18
36	83 18
36	85 18
36	79 31
36	84 19
36	84 20
36	83 20
36	85 20
36	79 32
36	84 1
36	84 2
36	84 3
36	84 4
36	84 5
36	84 6
36	84 7
36	84 8
36	83 8
36	85 8
36	79 29
36	84 9
36	84 10
36	83 10
36	85 10
36	79 33
36	84 11
36	84 12
36	84 13
36	83 13
36	85 13
36	79 28
36	84 14
36	84 15
36	83 15
36	85 15
36	79 28
36	84 16
36	84 17
36	83 17
36	85 17
36	79 27
36	84 18
36	84 19
36	83 19
36	85 19
36	79 27
36	84 20
36	84 1
36	83 1
36	85 1
36	79 30
36	84 2
36	84 3
36	84 4
36	83 4
36	85 4
36	79 30
36	84 5
36	84 6
36	84 7
36	84 8
36	83 8
36	85 8
36	79 21
36	84 9
36	84 10
36	83 10
36	85 10
36	79 29
36	84 11
36	84 12
36	83 12
36	85 12
36	79 26
36	84 13
36	84 14
36	83 14
36	85 14
36	79 27
36	84 15
36	84 16
36	83 16
36	85 16
36	79 31
36	84 17
36	84 18
36	84 19
36	84 20
36	83 20
36	85 20
36	79 26
36	84 1
36	84 2
36	83 2
36	85 2
36	79 32
36	84 3
36	84 4
36	83 4
36	85 4
36	79 22
36	84 5
36	84 6
36	84 7
36	83 7
36	85 7
36	79 30
36	84 8
36	84 9
36	84 10
36	83 10
36	85 10
36	79 31
36	84 11
36	84 12
36	83 12
36	85 12
36	79 27
36	84 13
36	84 14
36	84 15
36	84 16
36	83 16
36	85 16
36	79 27
36	84 17
36	84 18
36	83 18
36	85 18
36	79 28
36	84 19
36	84 20
36	83 20
36	85 20
36	79 32
36	84 1
36	84 2
36	83 2
36	85 2
36	79 25
36	84 3
36	84 4
36	84 5
36	84 6
36	83 6
36	85 6
36	79 29
36	84 7
36	84 8
36	84 9
36	84 10
36	83 10
36	85 10
36	79 32
36	84 11
36	84 12
36	83 12
36	85 12
36	79 30
36	84 13
36	84 14
36	83 14
36	85 14
36	79 25
36	84 15
36	84 16
36	83 16
36	85 16
36	79 35
36	84 17
36	84 18
36	83 18
36	85 18
36	79 31
36	84 19
36	84 20
36	83 20
36	85 20
36	79 32
36	84 1
36	84 2
36	84 3
36	84 4
36	83 4
36	85 4
36	79 33
36	84 5
36	84 6
36	83 6
36	85 6
36	79 33
36	84 7
36	84 8
36	83 8
36	85 8
36	79 31
36	84 9
36	84 10
36	83 10
36	85 10
36	79 31
36	84 11
36	84 12
36	83 12
36	85 12
36	79 29
36	84 13
36	84 14
36	84 15
36	84 16
36	83 16
36	85 16
36	79 28
36	84 17
36	84 18
36	84 19
36	83 19
36	85 19
36	79 29
36	84 20
36	84 1
36	83 1
36	85 1
36	79 29
36	84 2
36	84 3
36	84 4
36	84 5
36	84 6
36	83 6
36	85 6
36	79 26
36	84 7
36	84 8
36	83 8
36	85 8
36	79 23
36	84 9
36	84 10
36	84 11
36	84 12
36	84 13
36	83 13
36	85 13
36	79 26
36	84 14
36	84 15
36	83 15
36	85 15
36	79 26
36	84 16
36	84 17
36	83 17
36	85 17
36	79 31
36	84 18
36	84 19
36	83 19
36	85 19
36	79 31
36	84 20
36	84 1
36	84 2
36	84 3
36	84 4
36	84 5
36	84 6
36	83 6
36	85 6
36	79 30
36	84 7
36	84 8
36	84 9
36	84 10
36	84 11
36	84 12
36	83 12
36	85 12
36	79 35
36	84 13
36	84 14
36	83 14
36	85 14
36	79 27
36	84 15
36	84 16
36	83 16
36	85 16
36	79 30
36	84 17
36	84 18
36	84 19
36	84 20
36	83 20
36	85 20
36	79 26
36	84 1
36	84 2
36	84 3
36	84 4
36	83 4
36	85 4
36	79 32
36	84 5
36	84 6
36	83 6
36	85 6
36	79 26
36	84 7
36	84 8
36	84 9
36	84 10
36	83 10
36	85 10
36	79 31
36	84 11
36	84 12
36	83 12
36	85 12
36	79 28
36	84 13
36	84 14
36	83 14
36	85 14
36	79 29
36	84 15
36	84 16
36	83 16
36	85 16
36	79 29
36	84 17
36	84 18
36	83 18
36	85 18
36	79 32
36	84 19
36	84 20
36	83 20
36	85 20
36	79 33
36	84 1
36	84 2
36	83 2
36	85 2
36	79 28
36	84 3
36	84 4
36	83 4
36	85 4
36	79 27
36	84 5
36	84 6
36	83 6
36	85 6
36	79 28
36	84 7
36	84 8
36	84 9
36	83 9
36	85 9
36	79 25
36	84 10
36	84 11
36	83 11
36	85 11
36	79 28
36	84 12
36	84 13
36	83 13
36	85 13
36	79 29
36	84 14
36	84 15
36	84 16
36	84 17
36	83 17
36	85 17
36	79 27
36	84 18
36	84 19
36	83 19
36	85 19
36	79 24
36	84 20
36	84 1
36	83 1
36	85 1
36	79 28
36	84 2
36	84 3
36	83 3
36	85 3
36	79 24
36	84 4
36	84 5
36	83 5
36	85 5
36	79 30
36	84 6
36	84 7
36	83 7
36	85 7
36	79 28
36	84 8
36	84 9
36	83 9
36	85 9
36	79 26
36	84 10
36	84 11
36	84 12
36	84 13
36	84 14
36	84 15
36	84 16
36	84 17
36	84 18
36	83 18
36	85 18
36	79 29
36	84 19
36	84 20
36	83 20
36	85 20
36	79 31
36	84 1
36	84 2
36	83 2
36	85 2
36	79 25
36	84 3
36	84 4
36	83 4
36	85 4
36	79 31
36	84 5
36	84 6
36	83 6
36	85 6
36	79 29
36	84 7
36	84 8
36	83 8
36	85 8
36	79 29
36	84 9
36	84 10
36	TEST_NUMBER 1
36	SENT_TOTAL 250
36	RECEIVED_TOTAL 91
36	TIME_TOTAL 29727
36	RECEIVED_RADIO_1 92
36	RECEIVED_RADIO_2 0
36	SENT_RADIO_1 125
36	SENT_RADIO_2 125
36	RADIO_TIME_1 29778
36	RADIO_TIME_2 19763
36	RETRANSMISSIONS_1 0
36	RETRANSMISSIONS_2 0
36	DROPPED_1 0
36	DROPPED_2 0
36	MAX_QUEUE 1
36	DUPLICATED_1 0
36	DUPLICATED_2 0
36	EBUSY_RADIO_1 0
36	EBUSY_RADIO_2 0
36	83 0
36	85 10
36	86 1
36	84 1
36	84 2
36	83 2
36	85 2
36	79 30
36	84 3
36	84 4
36	83 4
36	85 4
36	79 27
36	84 5
36	84 6
36	83 6
36	85 6
36	79 28
36	84 7
36	84 8
36	83 8
36	85 8
36	79 33
36	84 9
36	84 10
36	83 10
36	85 10
36	79 29
36	84 11
36	84 12
36	84 13
36	83 13
36	85 13
36	79 31
36	84 14
36	84 15
36	83 15
36	85 15
36	79 26
36	84 16
36	84 17
36	83 17
36	85 17
36	79 33
36	84 18
36	84 19
36	84 20
36	84 1
36	83 1
36	85 1
36	79 33
36	84 2
36	84 3
36	83 3
36	85 3
36	79 34
36	84 4
36	84 5
36	83 5
36	85 5
36	79 37
36	84 6
36	84 7
36	83 7
36	85 7
36	79 25
36	84 8
36	84 9
36	83 9
36	85 9
36	79 26
36	84 10
36	84 11
36	84 12
36	84 13
36	84 14
36	84 15
36	83 15
36	85 15
36	79 28
36	84 16
36	84 17
36	83 17
36	85 17
36	79 24
36	84 18
36	84 19
36	83 19
36	85 19
36	79 26
36	84 20
36	84 1
36	83 1
36	85 1
36	79 32
36	84 2
36	84 3
36	83 3
36	85 3
36	79 32
36	84 4
36	84 5
36	84 6
36	83 6
36	85 6
36	79 30
36	84 7
36	84 8
36	84 9
36	84 10
36	83 10
36	85 10
36	79 28
36	84 11
36	84 12
36	83 12
36	85 12
36	79 29
36	84 13
36	84 14
36	83 14
36	85 14
36	79 31
36	84 15
36	84 16
36	83 16
36	85 16
36	79 30
36	84 17
36	84 18
36	83 18
36	85 18
36	79 28
36	84 19
36	84 20
36	83 20
36	85 20
36	79 31
36	84 1
36	84 2
36	83 2
36	85 2
36	79 32
36	84 3
36	84 4
36	83 4
36	85 4
36	79 28
36	84 5
36	84 6
36	84 7
36	84 8
36	83 8
36	85 8
36	79 28
36	84 9
36	84 10
36	83 10
36	85 10
36	79 33
36	84 11
36	84 12
36	84 13
36	83 13
36	85 13
36	79 26
36	84 14
36	84 15
36	84 16
36	83 16
36	85 16
36	79 28
36	84 17
36	84 18
36	83 18
36	85 18
36	79 31
36	84 19
36	84 20
36	84 1
36	84 2
36	83 2
36	85 2
36	79 29
36	84 3
36	84 4
36	83 4
36	85 4
36	79 32
36	84 5
36	84 6
36	83 6
36	85 6
36	79 30
36	84 7
36	84 8
36	84 9
36	84 10
36	84 11
36	84 12
36	83 12
36	85 12
36	79 30
36	84 13
36	84 14
36	83 14
36	85 14
36	79 24
36	84 15
36	84 16
36	83 16
36	85 16
36	79 29
36	84 17
36	84 18
36	83 18
36	85 18
36	79 35
36	84 19
36	84 20
36	83 20
36	85 20
36	79 29
36	84 1
36	84 2
36	83 2
36	85 2
36	79 30
36	84 3
36	84 4
36	84 5
36	83 5
36	85 5
36	79 27
36	84 6
36	84 7
36	83 7
36	85 7
36	79 30
36	84 8
36	84 9
36	83 9
36	85 9
36	79 30
36	84 10
36	84 11
36	83 11
36	85 11
36	79 30
36	84 12
36	84 13
36	83 13
36	85 13
36	79 28
36	84 14
36	84 15
36	84 16
36	83 16
36	85 16
36	79 24
36	84 17
36	84 18
36	83 18
36	85 18
36	79 26
36	84 19
36	84 20
36	83 20
36	85 20
36	79 27
36	84 1
36	84 2
36	83 2
36	85 2
36	79 30
36	84 3
36	84 4
36	83 4
36	85 4
36	79 26
36	84 5
36	84 6
36	84 7
36	84 8
36	84 9
36	83 9
36	85 9
36	79 29
36	84 10
36	84 11
36	84 12
36	84 13
36	83 13
36	85 13
36	79 28
36	84 14
36	84 15
36	83 15
36	85 15
36	79 30
36	84 16
36	84 17
36	83 17
36	85 17
36	79 29
36	84 18
36	84 19
36	84 20
36	84 1
36	83 1
36	85 1
36	79 28
36	84 2
36	84 3
36	84 4
36	83 4
36	85 4
36	79 26
36	84 5
36	84 6
36	83 6
36	85 6
36	79 30
36	84 7
36	84 8
36	83 8
36	85 8
36	79 32
36	84 9
36	84 10
36	83 10
36	85 10
36	79 29
36	84 11
36	84 12
36	83 12
36	85 12
36	79 29
36	84 13
36	84 14
36	84 15
36	84 16
36	84 17
36	83 17
36	85 17
36	79 28
36	84 18
36	84 19
36	84 20
36	83 20
36	85 20
36	79 20
36	84 1
36	84 2
36	83 2
36	85 2
36	79 24
36	84 3
36	84 4
36	84 5
36	83 5
36	85 5
36	79 34
36	84 6
36	84 7
36	83 7
36	85 7
36	79 29
36	84 8
36	84 9
36	84 10
36	84 11
36	83 11
36	85 11
36	79 26
36	84 12
36	84 13
36	84 14
36	84 15
36	84 16
36	84 17
36	83 17
36	85 17
36	79 26
36	84 18
36	84 19
36	83 19
36	85 19
36	79 27
36	84 20
36	84 1
36	83 1
36	85 1
36	79 28
36	84 2
36	84 3
36	83 3
36	85 3
36	79 29
36	84 4
36	84 5
36	83 5
36	85 5
36	79 29
36	84 6
36	84 7
36	83 7
36	85 7
36	79 32
36	84 8
36	84 9
36	83 9
36	85 9
36	79 34
36	84 10
36	84 11
36	84 12
36	83 12
36	85 12
36	79 25
36	84 13
36	84 14
36	83 14
36	85 14
36	79 27
36	84 15
36	84 16
36	83 16
36	85 16
36	79 28
36	84 17
36	84 18
36	83 18
36	85 18
36	79 30
36	84 19
36	84 20
36	83 20
36	85 20
36	79 29
36	84 1
36	84 2
36	84 3
36	83 3
36	85 3
36	79 34
36	84 4
36	84 5
36	84 6
36	83 6
36	85 6
36	79 31
36	84 7
36	84 8
36	84 9
36	84 10
36	83 10
36	85 10
36	79 27
36	84 11
36	84 12
36	84 13
36	83 13
36	85 13
36	79 26
36	84 14
36	84 15
36	83 15
36	85 15
36	79 29
36	84 16
36	84 17
36	83 17
36	85 17
36	79 29
36	84 18
36	84 19
36	83 19
36	85 19
36	79 25
36	84 20
36	84 1
36	84 2
36	83 2
36	85 2
36	79 33
36	84 3
36	84 4
36	83 4
36	85 4
36	79 31
36	84 5
36	84 6
36	84 7
36	83 7
36	85 7
36	79 29
36	84 8
36	84 9
36	84 10
36	84 11
36	83 11
36	85 11
36	79 32
36	84 12
36	84 13
36	83 13
36	85 13
36	79 27
36	84 14
36	84 15
36	83 15
36	85 15
36	79 30
36	84 16
36	84 17
36	84 18
36	84 19
36	84 20
36	83 20
36	85 20
36	79 27
36	84 1
36	84 2
36	83 2
36	85 2
36	79 31
36	84 3
36	84 4
36	84 5
36	83 5
36	85 5
36	79 28
36	84 6
36	84 7
36	84 8
36	84 9
36	84 10
36	TEST_NUMBER 2
36	SENT_TOTAL 250
36	RECEIVED_TOTAL 95
36	TIME_TOTAL 29484
36	RECEIVED_RADIO_1 96
36	RECEIVED_RADIO_2 0
36	SENT_RADIO_1 125
36	SENT_RADIO_2 125
36	RADIO_TIME_1 29775
36	RADIO_TIME_2 19763
36	RETRANSMISSIONS_1 0
36	RETRANSMISSIONS_2 0
36	DROPPED_1 0
36	DROPPED_2 0
36	MAX_QUEUE 1
36	DUPLICATED_1 0
36	DUPLICATED_2 0
36	EBUSY_RADIO_1 0
36	EBUSY_RADIO_2 0
36	83 0
36	85 10
36	86 2
36	84 1
36	84 2
36	84 3
36	83 3
36	85 3
36	79 33
36	84 4
36	84 5
36	84 6
36	83 6
36	85 6
36	79 23
36	84 7
36	84 8
36	84 9
36	83 9
36	85 9
36	79 26
36	84 10
36	84 11
36	84 12
36	83 12
36	85 12
36	79 29
36	84 13
36	84 14
36	84 15
36	83 15
36	85 15
36	79 35
36	84 16
36	84 17
36	84 18
36	84 19
36	83 19
36	85 19
36	79 29
36	84 20
36	84 1
36	84 2
36	83 2
36	85 2
36	79 28
36	84 3
36	84 4
36	83 4
36	85 4
36	79 34
36	84 5
36	84 6
36	83 6
36	85 6
36	79 28
36	84 7
36	84 8
36	83 8
36	85 8
36	79 25
36	84 9
36	84 10
36	83 10
36	85 10
36	79 30
36	84 11
36	84 12
36	84 13
36	83 13
36	85 13
36	79 32
36	84 14
36	84 15
36	83 15
36	85 15
36	79 29
36	84 16
36	84 17
36	84 18
36	84 19
36	83 19
36	85 19
36	79 32
36	84 20
36	84 1
36	84 2
36	84 3
36	83 3
36	85 3
36	79 31
36	84 4
36	84 5
36	83 5
36	85 5
36	79 28
36	84 6
36	84 7
36	84 8
36	84 9
36	83 9
36	85 9
36	79 31
36	84 10
36	84 11
36	83 11
36	85 11
36	79 29
36	84 12
36	84 13
36	83 13
36	85 13
36	79 32
36	84 14
36	84 15
36	83 15
36	85 15
36	79 29
36	84 16
36	84 17
36	83 17
36	85 17
36	79 27
36	84 18
36	84 19
36	83 19
36	85 19
36	79 29
36	84 20
36	84 1
36	83 1
36	85 1
36	79 29
36	84 2
36	84 3
36	83 3
36	85 3
36	79 29
36	84 4
36	84 5
36	83 5
36	85 5
36	79 29
36	84 6
36	84 7
36	83 7
36	85 7
36	79 31
36	84 8
36	84 9
36	83 9
36	85 9
36	79 27
36	84 10
36	84 11
36	83 11
36	85 11
36	79 27
36	84 12
36	84 13
36	83 13
36	85 13
36	79 29
36	84 14
36	84 15
36	83 15
36	85 15
36	79 32
36	84 16
36	84 17
36	83 17
36	85 17
36	79 28
36	84 18
36	84 19
36	84 20
36	84 1
36	83 1
36	85 1
36	79 34
36	84 2
36	84 3
36	83 3
36	85 3
36	79 27
36	84 4
36	84 5
36	83 5
36	85 5
36	79 31
36	84 6
36	84 7
36	84 8
36	84 9
36	84 10
36	84 11
36	84 12
36	83 12
36	85 12
36	79 28
36	84 13
36	84 14
36	83 14
36	85 14
36	79 24
36	84 15
36	84 16
36	83 16
36	85 16
36	79 25
36	84 17
36	84 18
36	83 18
36	85 18
36	79 32
36	84 19
36	84 20
36	84 1
36	83 1
36	85 1
36	79 32
36	84 2
36	84 3
36	84 4
36	84 5
36	84 6
36	83 6
36	85 6
36	79 33
36	84 7
36	84 8
36	84 9
36	83 9
36	85 9
36	79 29
36	84 10
36	84 11
36	84 12
36	83 12
36	85 12
36	79 28
36	84 13
36	84 14
36	83 14
36	85 14
36	79 27
36	84 15
36	84 16
36	83 16
36	85 16
36	79 26
36	84 17
36	84 18
36	83 18
36	85 18
36	79 31
36	84 19
36	84 20
36	84 1
36	83 1
36	85 1
36	79 27
36	84 2
36	84 3
36	83 3
36	85 3
36	79 30
36	84 4
36	84 5
36	83 5
36	85 5
36	79 33
36	84 6
36	84 7
36	83 7
36	85 7
36	79 28
36	84 8
36	84 9
36	83 9
36	85 9
36	79 31
36	84 10
36	84 11
36	83 11
36	85 11
36	79 23
36	84 12
36	84 13
36	84 14
36	84 15
36	83 15
36	85 15
36	79 30
36	84 16
36	84 17
36	83 17
36	85 17
36	79 22
36	84 18
36	84 19
36	83 19
36	85 19
36	79 28
36	84 20
36	84 1
36	83 1
36	85 1
36	79 24
36	84 2
36	84 3
36	83 3
36	85 3
36	79 27
36	84 4
36	84 5
36	84 6
36	84 7
36	84 8
36	84 9
36	84 10
36	84 11
36	83 11
36	85 11
36	79 31
36	84 12
36	84 13
36	83 13
36	85 13
36	79 31
36	84 14
36	84 15
36	83 15
36	85 15
36	79 28
36	84 16
36	84 17
36	84 18
36	84 19
36	83 19
36	85 19
36	79 35
36	84 20
36	84 1
36	84 2
36	83 2
36	85 2
36	79 28
36	84 3
36	84 4
36	84 5
36	84 6
36	83 6
36	85 6
36	79 26
36	84 7
36	84 8
36	83 8
36	85 8
36	79 24
36	84 9
36	84 10
36	83 10
36	85 10
36	79 27
36	84 11
36	84 12
36	83 12
36	85 12
36	79 33
36	84 13
36	84 14
36	83 14
36	85 14
36	79 26
36	84 15
36	84 16
36	83 16
36	85 16
36	79 31
36	84 17
36	84 18
36	83 18
36	85 18
36	79 30
36	84 19
36	84 20
36	84 1
36	84 2
36	84 3
36	84 4
36	83 4
36	85 4
36	79 25
36	84 5
36	84 6
36	83 6
36	85 6
36	79 29
36	84 7
36	84 8
36	83 8
36	85 8
36	79 25
36	84 9
36	84 10
36	83 10
36	85 10
36	79 30
36	84 11
36	84 12
36	83 12
36	85 12
36	79 26
36	84 13
36	84 14
36	84 15
36	84 16
36	83 16
36	85 16
36	79 26
36	84 17
36	84 18
36	83 18
36	85 18
36	79 28
36	84 19
36	84 20
36	83 20
36	85 20
36	79 26
36	84 1
36	84 2
36	83 2
36	85 2
36	79 30
36	84 3
36	84 4
36	84 5
36	84 6
36	84 7
36	84 8
36	83 8
36	85 8
36	79 30
36	84 9
36	84 10
36	83 10
36	85 10
36	79 33
36	84 11
36	84 12
36	83 12
36	85 12
36	79 25
36	84 13
36	84 14
36	83 14
36	85 14
36	79 26
36	84 15
36	84 16
36	84 17
36	84 18
36	83 18
36	85 18
36	79 31
36	84 19
36	84 20
36	83 20
36	85 20
36	79 22
36	84 1
36	84 2
36	83 2
36	85 2
36	79 26
36	84 3
36	84 4
36	83 4
36	85 4
36	79 30
36	84 5
36	84 6
36	83 6
36	85 6
36	79 28
36	84 7
36	84 8
36	84 9
36	83 9
36	85 9
36	79 27
36	84 10
36	84 11
36	84 12
36	84 13
36	83 13
36	85 13
36	79 29
36	84 14
36	84 15
36	83 15
36	85 15
36	79 31
36	84 16
36	84 17
36	83 17
36	85 17
36	79 28
36	84 18
36	84 19
36	83 19
36	85 19
36	79 29
36	84 20
36	84 1
36	83 1
36	85 1
36	79 32
36	84 2
36	84 3
36	83 3
36	85 3
36	79 33
36	84 4
36	84 5
36	83 5
36	85 5
36	79 30
36	84 6
36	84 7
36	83 7
36	85 7
36	79 32
36	84 8
36	84 9
36	83 9
36	85 9
36	79 28
36	84 10
36	TEST_NUMBER 3
36	SENT_TOTAL 250
36	RECEIVED_TOTAL 96
36	TIME_TOTAL 29803
36	RECEIVED_RADIO_1 97
36	RECEIVED_RADIO_2 0
36	SENT_RADIO_1 125
36	SENT_RADIO_2 125
36	RADIO_TIME_1 29803
36	RADIO_TIME_2 19763
36	RETRANSMISSIONS_1 0
36	RETRANSMISSIONS_2 0
36	DROPPED_1 0
36	DROPPED_2 0
36	MAX_QUEUE 1
36	DUPLICATED_1 0
36	DUPLICATED_2 0
36	EBUSY_RADIO_1 0
36	EBUSY_RADIO_2 0
36	84 1
36	84 2
36	84 3
36	83 3
36	85 3
36	79 31
36	84 4
36	84 5
36	83 5
36	85 5
36	79 26
36	84 6
36	84 7
36	83 7
36	85 7
36	79 27
36	84 8
36	84 9
36	84 10
36	83 10
36	85 10
36	79 30
36	84 11
36	84 12
36	83 12
36	85 12
36	79 28
36	84 13
36	84 14
36	84 15
36	83 15
36	85 15
36	79 23
36	84 16
36	84 17
36	83 17
36	85 17
36	79 30
36	84 18
36	84 19
36	84 20
36	83 20
36	85 20
36	79 27
36	84 1
36	84 2
36	83 2
36	85 2
36	79 28
36	84 3
36	84 4
36	84 5
36	83 5
36	85 5
36	79 24
36	84 6
36	84 7
36	83 7
36	85 7
36	79 30
36	84 8
36	84 9
36	83 9
36	85 9
36	79 31
36	84 10
36	84 11
36	84 12
36	84 13
36	83 13
36	85 13
36	79 30
36	84 14
36	84 15
36	83 15
36	85 15
36	79 28
36	84 16
36	84 17
36	84 18
36	83 18
36	85 18
36	79 32
36	84 19
36	84 20
36	83 20
36	85 20
36	79 30
36	84 1
36	84 2
36	84 3
36	84 4
36	83 4
36	85 4
36	79 32
36	84 5
36	84 6
36	83 6
36	85 6
36	79 25
36	84 7
36	84 8
36	84 9
36	84 10
36	84 11
36	84 12
36	84 13
36	83 13
36	85 13
36	79 33
36	84 14
36	84 15
36	84 16
36	83 16
36	85 16
36	79 27
36	84 17
36	84 18
36	83 18
36	85 18
36	79 31
36	84 19
36	84 20
36	83 20
36	85 20
36	79 32
36	84 1
36	84 2
36	83 2
36	85 2
36	79 28
36	84 3
36	84 4
36	84 5
36	84 6
36	83 6
36	85 6
36	79 37
36	84 7
36	84 8
36	84 9
36	84 10
36	83 10
36	85 10
36	79 31
36	84 11
36	84 12
36	84 13
36	83 13
36	85 13
36	79 30
36	84 14
36	84 15
36	83 15
36	85 15
36	79 27
36	84 16
36	84 17
36	83 17
36	85 17
36	79 27
36	84 18
36	84 19
36	84 20
36	83 20
36	85 20
36	79 24
36	84 1
36	84 2
36	83 2
36	85 2
36	79 29
36	84 3
36	84 4
36	84 5
36	83 5
36	85 5
36	79 33
36	84 6
36	84 7
36	84 8
36	83 8
36	85 8
36	79 27
36	84 9
36	84 10
36	83 10
36	85 10
36	79 28
36	84 11
36	84 12
36	84 13
36	84 14
36	84 15
36	84 16
36	83 16
36	85 16
36	79 29
36	84 17
36	84 18
36	84 19
36	83 19
36	85 19
36	79 22
36	84 20
36	84 1
36	83 1
36	85 1
36	79 30
36	84 2
36	84 3
36	83 3
36	85 3
36	79 28
36	84 4
36	84 5
36	83 5
36	85 5
36	79 29
36	84 6
36	84 7
36	84 8
36	84 9
36	83 9
36	85 9
36	79 31
36	84 10
36	84 11
36	83 11
36	85 11
36	79 23
36	84 12
36	84 13
36	83 13
36	85 13
36	79 25
36	84 14
36	84 15
36	83 15
36	85 15
36	79 27
36	84 16
36	84 17
36	84 18
36	84 19
36	84 20
36	84 1
36	83 1
36	85 1
36	79 32
36	84 2
36	84 3
36	83 3
36	85 3
36	79 32
36	84 4
36	84 5
36	83 5
36	85 5
36	79 32
36	84 6
36	84 7
36	83 7
36	85 7
36	79 31
36	84 8
36	84 9
36	84 10
36	83 10
36	85 10
36	79 26
36	84 11
36	84 12
36	83 12
36	85 12
36	79 30
36	84 13
36	84 14
36	83 14
36	85 14
36	79 26
36	84 15
36	84 16
36	83 16
36	85 16
36	79 29
36	84 17
36	84 18
36	83 18
36	85 18
36	79 25
36	84 19
36	84 20
36	83 20
36	85 20
36	79 34
36	84 1
36	84 2
36	84 3
36	83 3
36	85 3
36	79 35
36	84 4
36	84 5
36	83 5
36	85 5
36	79 25
36	84 6
36	84 7
36	83 7
36	85 7
36	79 28
36	84 8
36	84 9
36	84 10
36	84 11
36	83 11
36	85 11
36	79 28
36	84 12
36	84 13
36	83 13
36	85 13
36	79 33
36	84 14
36	84 15
36	83 15
36	85 15
36	79 32
36	84 16
36	84 17
36	84 18
36	83 18
36	85 18
36	79 31
36	84 19
36	84 20
36	84 1
36	83 1
36	85 1
36	79 26
36	84 2
36	84 3
36	83 3
36	85 3
36	79 31
36	84 4
36	84 5
36	83 5
36	85 5
36	79 30
36	84 6
36	84 7
36	83 7
36	85 7
36	79 28
36	84 8
36	84 9
36	83 9
36	85 9
36	79 26
36	84 10
36	84 11
36	84 12
36	83 12
36	85 12
36	79 25
36	84 13
36	84 14
36	84 15
36	83 15
36	85 15
36	79 31
36	84 16
36	84 17
36	83 17
36	85 17
36	79 33
36	84 18
36	84 19
36	83 19
36	85 19
36	79 30
36	84 20
36	84 1
36	83 1
36	85 1
36	79 30
36	84 2
36	84 3
36	83 3
36	85 3
36	79 28
36	84 4
36	84 5
36	83 5
36	85 5
36	79 33
36	84 6
36	84 7
36	83 7
36	85 7
36	79 31
36	84 8
36	84 9
36	83 9
36	85 9
36	79 32
36	84 10
36	84 11
36	83 11
36	85 11
36	79 23
36	84 12
36	84 13
36	83 13
36	85 13
36	79 32
36	84 14
36	84 15
36	84 16
36	83 16
36	85 16
36	79 33
36	84 17
36	84 18
36	83 18
36	85 18
36	79 32
36	84 19
36	84 20
36	83 20
36	85 20
36	79 32
36	84 1
36	84 2
36	83 2
36	85 2
36	79 32
36	84 3
36	84 4
36	83 4
36	85 4
36	79 24
36	84 5
36	84 6
36	83 6
36	85 6
36	79 25
36	84 7
36	84 8
36	83 8
36	85 8
36	79 27
36	84 9
36	84 10
36	83 10
36	85 10
36	79 29
36	84 11
36	84 12
36	84 13
36	84 14
36	83 14
36	85 14
36	79 24
36	84 15
36	84 16
36	84 17
36	83 17
36	85 17
36	79 30
36	84 18
36	84 19
36	84 20
36	84 1
36	83 1
36	85 1
36	79 29
36	84 2
36	84 3
36	83 3
36	85 3
36	79 28
36	84 4
36	84 5
36	83 5
36	85 5
36	79 32
36	84 6
36	84 7
36	83 7
36	85 7
36	79 28
36	84 8
36	84 9
36	84 10
36	84 11
36	83 11
36	85 11
36	79 30
36	84 12
36	84 13
36	83 13
36	85 13
36	79 22
36	84 14
36	84 15
36	83 15
36	85 15
36	79 30
36	84 16
36	84 17
36	83 17
36	85 17
36	79 34
36	84 18
36	84 19
36	83 19
36	85 19
36	79 34
36	84 20
36	84 1
36	83 1
36	85 1
36	79 22
36	84 2
36	84 3
36	83 3
36	85 3
36	79 26
36	84 4
36	84 5
36	83 5
36	85 5
36	79 33
36	84 6
36	84 7
36	83 7
36	85 7
36	79 28
36	84 8
36	84 9
36	83 9
36	85 9
36	79 26
36	84 10
36	TEST_NUMBER 4
36	SENT_TOTAL 250
36	RECEIVED_TOTAL 99
36	TIME_TOTAL 19599
36	RECEIVED_RADIO_1 99
36	RECEIVED_RADIO_2 0
36	SENT_RADIO_1 125
36	SENT_RADIO_2 125
36	RADIO_TIME_1 19789
36	RADIO_TIME_2 19763
36	RETRANSMISSIONS_1 0
36	RETRANSMISSIONS_2 0
36	DROPPED_1 0
36	DROPPED_2 0
36	MAX_QUEUE 1
36	DUPLICATED_1 0
36	DUPLICATED_2 0
36	EBUSY_RADIO_1 0
36	EBUSY_RADIO_2 0
36	84 1
36	84 2
36	84 3
36	83 3
36	85 3
36	79 33
36	84 4
36	84 5
36	83 5
36	85 5
36	79 28
36	84 6
36	84 7
36	84 8
36	83 8
36	85 8
36	79 28
36	84 9
36	84 10
36	83 10
36	85 10
36	79 32
36	84 11
36	84 12
36	83 12
36	85 12
36	79 31
36	84 13
36	84 14
36	83 14
36	85 14
36	79 30
36	84 15
36	84 16
36	83 16
36	85 16
36	79 30
36	84 17
36	84 18
36	83 18
36	85 18
36	79 33
36	84 19
36	84 20
36	84 1
36	84 2
36	83 2
36	85 2
36	79 31
36	84 3
36	84 4
36	83 4
36	85 4
36	79 22
36	84 5
36	84 6
36	83 6
36	85 6
36	79 25
36	84 7
36	84 8
36	83 8
36	85 8
36	79 30
36	84 9
36	84 10
36	83 10
36	85 10
36	79 29
36	84 11
36	84 12
36	83 12
36	85 12
36	79 29
36	84 13
36	84 14
36	84 15
36	84 16
36	83 16
36	85 16
36	79 26
36	84 17
36	84 18
36	83 18
36	85 18
36	79 28
36	84 19
36	84 20
36	84 1
36	84 2
36	84 3
36	84 4
36	83 4
36	85 4
36	79 25
36	84 5
36	84 6
36	83 6
36	85 6
36	79 29
36	84 7
36	84 8
36	84 9
36	84 10
36	84 11
36	83 11
36	85 11
36	79 29
36	84 12
36	84 13
36	84 14
36	84 15
36	83 15
36	85 15
36	79 30
36	84 16
36	84 17
36	84 18
36	83 18
36	85 18
36	79 32
36	84 19
36	84 20
36	83 20
36	85 20
36	79 32
36	84 1
36	84 2
36	83 2
36	85 2
36	79 29
36	84 3
36	84 4
36	84 5
36	84 6
36	83 6
36	85 6
36	79 25
36	84 7
36	84 8
36	84 9
36	84 10
36	83 10
36	85 10
36	79 33
36	84 11
36	84 12
36	84 13
36	83 13
36	85 13
36	79 30
36	84 14
36	84 15
36	83 15
36	85 15
36	79 26
36	84 16
36	84 17
36	84 18
36	84 19
36	83 19
36	85 19
36	79 32
36	84 20
36	84 1
36	83 1
36	85 1
36	79 31
36	84 2
36	84 3
36	83 3
36	85 3
36	79 33
36	84 4
36	84 5
36	83 5
36	85 5
36	79 24
36	84 6
36	84 7
36	83 7
36	85 7
36	79 28
36	84 8
36	84 9
36	84 10
36	83 10
36	85 10
36	79 32
36	84 11
36	84 12
36	83 12
36	85 12
36	79 33
36	84 13
36	84 14
36	84 15
36	84 16
36	83 16
36	85 16
36	79 29
36	84 17
36	84 18
36	83 18
36	85 18
36	79 30
36	84 19
36	84 20
36	83 20
36	85 20
36	79 30
36	84 1
36	84 2
36	83 2
36	85 2
36	79 25
36	84 3
36	84 4
36	83 4
36	85 4
36	79 29
36	84 5
36	84 6
36	83 6
36	85 6
36	79 24
36	84 7
36	84 8
36	83 8
36	85 8
36	79 28
36	84 9
36	84 10
36	83 10
36	85 10
36	79 27
36	84 11
36	84 12
36	83 12
36	85 12
36	79 27
36	84 13
36	84 14
36	83 14
36	85 14
36	79 26
36	84 15
36	84 16
36	83 16
36	85 16
36	79 25
36	84 17
36	84 18
36	83 18
36	85 18
36	79 30
36	84 19
36	84 20
36	83 20
36	85 20
36	79 30
36	84 1
36	84 2
36	84 3
36	83 3
36	85 3
36	79 30
36	84 4
36	84 5
36	84 6
36	84 7
36	84 8
36	83 8
36	85 8
36	79 31
36	84 9
36	84 10
36	84 11
36	84 12
36	84 13
36	83 13
36	85 13
36	79 28
36	84 14
36	84 15
36	83 15
36	85 15
36	79 26
36	84 16
36	84 17
36	84 18
36	84 19
36	83 19
36	85 19
36	79 29
36	84 20
36	84 1
36	83 1
36	85 1
36	79 29
36	84 2
36	84 3
36	83 3
36	85 3
36	79 32
36	84 4
36	84 5
36	83 5
36	85 5
36	79 32
36	84 6
36	84 7
36	84 8
36	84 9
36	83 9
36	85 9
36	79 27
36	84 10
36	84 11
36	84 12
36	83 12
36	85 12
36	79 30
36	84 13
36	84 14
36	83 14
36	85 14
36	79 31
36	84 15
36	84 16
36	83 16
36	85 16
36	79 27
36	84 17
36	84 18
36	83 18
36	85 18
36	79 30
36	84 19
36	84 20
36	83 20
36	85 20
36	79 28
36	84 1
36	84 2
36	84 3
36	84 4
36	84 5
36	84 6
36	83 6
36	85 6
36	79 27
36	84 7
36	84 8
36	83 8
36	85 8
36	79 27
36	84 9
36	84 10
36	83 10
36	85 10
36	79 33
36	84 11
36	84 12
36	83 12
36	85 12
36	79 29
36	84 13
36	84 14
36	84 15
36	84 16
36	84 17
36	84 18
36	83 18
36	85 18
36	79 29
36	84 19
36	84 20
36	84 1
36	83 1
36	85 1
36	79 33
36	84 2
36	84 3
36	84 4
36	83 4
36	85 4
36	79 24
36	84 5
36	84 6
36	83 6
36	85 6
36	79 26
36	84 7
36	84 8
36	83 8
36	85 8
36	79 31
36	84 9
36	84 10
36	83 10
36	85 10
36	79 28
36	84 11
36	84 12
36	83 12
36	85 12
36	79 34
36	84 13
36	84 14
36	83 14
36	85 14
36	79 33
36	84 15
36	84 16
36	83 16
36	85 16
36	79 31
36	84 17
36	84 18
36	83 18
36	85 18
36	79 32
36	84 19
36	84 20
36	83 20
36	85 20
36	79 30
36	84 1
36	84 2
36	83 2
36	85 2
36	79 32
36	84 3
36	84 4
36	84 5
36	83 5
36	85 5
36	79 32
36	84 6
36	84 7
36	84 8
36	83 8
36	85 8
36	79 28
36	84 9
36	84 10
36	83 10
36	85 10
36	79 28
36	84 11
36	84 12
36	83 12
36	85 12
36	79 27
36	84 13
36	84 14
36	83 14
36	85 14
36	79 29
36	84 15
36	84 16
36	84 17
36	83 17
36	85 17
36	79 32
36	84 18
36	84 19
36	83 19
36	85 19
36	79 30
36	84 20
36	84 1
36	83 1
36	85 1
36	79 29
36	84 2
36	84 3
36	83 3
36	85 3
36	79 32
36	84 4
36	84 5
36	84 6
36	84 7
36	84 8
36	83 8
36	85 8
36	79 32
36	84 9
36	84 10
36	83 10
36	85 10
36	79 29
36	84 11
36	84 12
36	83 12
36	85 12
36	79 24
36	84 13
36	84 14
36	83 14
36	85 14
36	79 30
36	84 15
36	84 16
36	83 16
36	85 16
36	79 28
36	84 17
36	84 18
36	83 18
36	85 18
36	79 29
36	84 19
36	84 20
36	83 20
36	85 20
36	79 26
36	84 1
36	84 2
36	83 2
36	85 2
36	79 27
36	84 3
36	84 4
36	83 4
36	85 4
36	79 30
36	84 5
36	84 6
36	83 6
36	85 6
36	79 33
36	84 7
36	84 8
36	83 8
36	85 8
36	79 28
36	84 9
36	84 10
36	TEST_NUMBER 5
36	SENT_TOTAL 250
36	RECEIVED_TOTAL 97
36	TIME_TOTAL 19519
36	RECEIVED_RADIO_1 97
36	RECEIVED_RADIO_2 0
36	SENT_RADIO_1 125
36	SENT_RADIO_2 125
36	RADIO_TIME_1 19763
36	RADIO_TIME_2 19763
36	RETRANSMISSIONS_1 0
36	RETRANSMISSIONS_2 0
36	DROPPED_1 0
36	DROPPED_2 0
36	MAX_QUEUE 1
36	DUPLICATED_1 0
36	DUPLICATED_2 0
36	EBUSY_RADIO_1 0
36	EBUSY_RADIO_2 0
36	83 0
36	85 10
36	86 5
36	84 1
36	84 2
36	83 2
36	85 2
36	79 29
36	84 3
36	84 4
36	83 4
36	85 4
36	79 30
36	84 5
36	84 6
36	83 6
36	85 6
36	79 25
36	84 7
36	84 8
36	83 8
36	85 8
36	79 31
36	84 9
36	84 10
36	84 11
36	84 12
36	84 13
36	83 13
36	85 13
36	79 27
36	84 14
36	84 15
36	83 15
36	85 15
36	79 22
36	84 16
36	84 17
36	84 18
36	84 19
36	83 19
36	85 19
36	79 29
36	84 20
36	84 1
36	84 2
36	83 2
36	85 2
36	79 33
36	84 3
36	84 4
36	83 4
36	85 4
36	79 32
36	84 5
36	84 6
36	84 7
36	84 8
36	83 8
36	85 8
36	79 37
36	84 9
36	84 10
36	83 10
36	85 10
36	79 26
36	84 11
36	84 12
36	83 12
36	85 12
36	79 27
36	84 13
36	84 14
36	84 15
36	84 16
36	83 16
36	85 16
36	79 34
36	84 17
36	84 18
36	83 18
36	85 18
36	79 28
36	84 19
36	84 20
36	83 20
36	85 20
36	79 29
36	84 1
36	84 2
36	83 2
36	85 2
36	79 33
36	84 3
36	84 4
36	83 4
36	85 4
36	79 24
36	84 5
36	84 6
36	83 6
36	85 6
36	79 31
36	84 7
36	84 8
36	84 9
36	83 9
36	85 9
36	79 30
36	84 10
36	84 11
36	83 11
36	85 11
36	79 25
36	84 12
36	84 13
36	83 13
36	85 13
36	79 31
36	84 14
36	84 15
36	83 15
36	85 15
36	79 31
36	84 16
36	84 17
36	83 17
36	85 17
36	79 33
36	84 18
36	84 19
36	83 19
36	85 19
36	79 24
36	84 20
36	84 1
36	83 1
36	85 1
36	79 32
36	84 2
36	84 3
36	84 4
36	84 5
36	83 5
36	85 5
36	79 28
36	84 6
36	84 7
36	84 8
36	84 9
36	83 9
36	85 9
36	79 28
36	84 10
36	84 11
36	83 11
36	85 11
36	79 29
36	84 12
36	84 13
36	83 13
36	85 13
36	79 32
36	84 14
36	84 15
36	83 15
36	85 15
36	79 27
36	84 16
36	84 17
36	83 17
36	85 17
36	79 31
36	84 18
36	84 19
36	83 19
36	85 19
36	79 31
36	84 20
36	84 1
36	83 1
36	85 1
36	79 31
36	84 2
36	84 3
36	83 3
36	85 3
36	79 27
36	84 4
36	84 5
36	84 6
36	84 7
36	84 8
36	84 9
36	84 10
36	84 11
36	84 12
36	84 13
36	84 14
36	84 15
36	84 16
36	84 17
36	84 18
36	83 18
36	85 18
36	79 28
36	84 19
36	84 20
36	84 1
36	84 2
36	84 3
36	84 4
36	83 4
36	85 4
36	79 29
36	84 5
36	84 6
36	83 6
36	85 6
36	79 29
36	84 7
36	84 8
36	83 8
36	85 8
36	79 30
36	84 9
36	84 10
36	83 10
36	85 10
36	79 28
36	84 11
36	84 12
36	83 12
36	85 12
36	79 33
36	84 13
36	84 14
36	83 14
36	85 14
36	79 26
36	84 15
36	84 16
36	84 17
36	84 18
36	83 18
36	85 18
36	79 23
36	84 19
36	84 20
36	84 1
36	84 2
36	84 3
36	84 4
36	84 5
36	84 6
36	83 6
36	85 6
36	79 36
36	84 7
36	84 8
36	83 8
36	85 8
36	79 30
36	84 9
36	84 10
36	84 11
36	83 11
36	85 11
36	79 27
36	84 12
36	84 13
36	84 14
36	84 15
36	84 16
36	83 16
36	85 16
36	79 33
36	84 17
36	84 18
36	83 18
36	85 18
36	79 28
36	84 19
36	84 20
36	83 20
36	85 20
36	79 26
36	84 1
36	84 2
36	83 2
36	85 2
36	79 25
36	84 3
36	84 4
36	83 4
36	85 4
36	79 28
36	84 5
36	84 6
36	84 7
36	84 8
36	83 8
36	85 8
36	79 29
36	84 9
36	84 10
36	83 10
36	85 10
36	79 31
36	84 11
36	84 12
36	83 12
36	85 12
36	79 27
36	84 13
36	84 14
36	83 14
36	85 14
36	79 31
36	84 15
36	84 16
36	84 17
36	83 17
36	85 17
36	79 29
36	84 18
36	84 19
36	83 19
36	85 19
36	79 30
36	84 20
36	84 1
36	83 1
36	85 1
36	79 31
36	84 2
36	84 3
36	83 3
36	85 3
36	79 32
36	84 4
36	84 5
36	83 5
36	85 5
36	79 27
36	84 6
36	84 7
36	83 7
36	85 7
36	79 28
36	84 8
36	84 9
36	84 10
36	83 10
36	85 10
36	79 31
36	84 11
36	84 12
36	83 12
36	85 12
36	79 29
36	84 13
36	84 14
36	83 14
36	85 14
36	79 35
36	84 15
36	84 16
36	83 16
36	85 16
36	79 37
36	84 17
36	84 18
36	83 18
36	85 18
36	79 33
36	84 19
36	84 20
36	83 20
36	85 20
36	79 31
36	84 1
36	84 2
36	83 2
36	85 2
36	79 29
36	84 3
36	84 4
36	83 4
36	85 4
36	79 31
36	84 5
36	84 6
36	83 6
36	85 6
36	79 33
36	84 7
36	84 8
36	83 8
36	85 8
36	79 33
36	84 9
36	84 10
36	83 10
36	85 10
36	79 29
36	84 11
36	84 12
36	83 12
36	85 12
36	79 30
36	84 13
36	84 14
36	83 14
36	85 14
36	79 29
36	84 15
36	84 16
36	84 17
36	83 17
36	85 17
36	79 31
36	84 18
36	84 19
36	83 19
36	85 19
36	79 29
36	84 20
36	84 1
36	84 2
36	84 3
36	84 4
36	83 4
36	85 4
36	79 27
36	84 5
36	84 6
36	84 7
36	83 7
36	85 7
36	79 33
36	84 8
36	84 9
36	84 10
36	84 11
36	84 12
36	84 13
36	83 13
36	85 13
36	79 31
36	84 14
36	84 15
36	83 15
36	85 15
36	79 30
36	84 16
36	84 17
36	83 17
36	85 17
36	79 29
36	84 18
36	84 19
36	83 19
36	85 19
36	79 28
36	84 20
36	84 1
36	84 2
36	83 2
36	85 2
36	79 29
36	84 3
36	84 4
36	83 4
36	85 4
36	79 20
36	84 5
36	84 6
36	84 7
36	84 8
36	84 9
36	84 10
36	84 11
36	84 12
36	83 12
36	85 12
36	79 24
36	84 13
36	84 14
36	84 15
36	84 16
36	83 16
36	85 16
36	79 30
36	84 17
36	84 18
36	84 19
36	84 20
36	84 1
36	84 2
36	84 3
36	84 4
36	84 5
36	84 6
36	84 7
36	84 8
36	84 9
36	84 10
36	TEST_NUMBER 6
36	SENT_TOTAL 250
36	RECEIVED_TOTAL 85
36	TIME_TOTAL 28768
36	RECEIVED_RADIO_1 86
36	RECEIVED_RADIO_2 0
36	SENT_RADIO_1 125
36	SENT_RADIO_2 125
36	RADIO_TIME_1 29774
36	RADIO_TIME_2 19763
36	RETRANSMISSIONS_1 0
36	RETRANSMISSIONS_2 0
36	DROPPED_1 0
36	DROPPED_2 0
36	MAX_QUEUE 1
36	DUPLICATED_1 0
36	DUPLICATED_2 0
36	EBUSY_RADIO_1 0
36	EBUSY_RADIO_2 0

55	DESTINATION_NODE 55
55	TEST_NUMBER 0
55	SENT_TOTAL 212
55	RECEIVED_TOTAL 212
55	TIME_TOTAL 19050
55	RECEIVED_RADIO_1 111
55	RECEIVED_RADIO_2 101
55	SENT_RADIO_1 106
55	SENT_RADIO_2 106
55	RADIO_TIME_1 19050
55	RADIO_TIME_2 19051
55	RETRANSMISSIONS_1 0
55	RETRANSMISSIONS_2 0
55	DROPPED_1 0
55	DROPPED_2 0
55	MAX_QUEUE 1
55	DUPLICATED_1 0
55	DUPLICATED_2 0
55	EBUSY_RADIO_1 0
55	EBUSY_RADIO_2 0
55	86 0
55	86 0
55	86 0
55	86 0
55	86 0
55	86 0
55	86 0
55	86 0
55	TEST_NUMBER 1
55	SENT_TOTAL 220
55	RECEIVED_TOTAL 212
55	TIME_TOTAL 29723
55	RECEIVED_RADIO_1 119
55	RECEIVED_RADIO_2 101
55	SENT_RADIO_1 110
55	SENT_RADIO_2 110
55	RADIO_TIME_1 29723
55	RADIO_TIME_2 29570
55	RETRANSMISSIONS_1 0
55	RETRANSMISSIONS_2 0
55	DROPPED_1 0
55	DROPPED_2 0
55	MAX_QUEUE 1
55	DUPLICATED_1 0
55	DUPLICATED_2 0
55	EBUSY_RADIO_1 0
55	EBUSY_RADIO_2 0
55	86 1
55	86 1
55	86 1
55	86 1
55	86 1
55	86 1
55	86 1
55	86 1
55	86 1
55	86 1
55	TEST_NUMBER 2
55	SENT_TOTAL 219
55	RECEIVED_TOTAL 209
55	TIME_TOTAL 29880
55	RECEIVED_RADIO_1 117
55	RECEIVED_RADIO_2 102
55	SENT_RADIO_1 109
55	SENT_RADIO_2 109
55	RADIO_TIME_1 29880
55	RADIO_TIME_2 29880
55	RETRANSMISSIONS_1 0
55	RETRANSMISSIONS_2 0
55	DROPPED_1 0
55	DROPPED_2 0
55	MAX_QUEUE 1
55	DUPLICATED_1 0
55	DUPLICATED_2 0
55	EBUSY_RADIO_1 0
55	EBUSY_RADIO_2 0
55	86 2
55	86 2
55	86 2
55	86 2
55	86 2
55	86 2
55	86 2
55	TEST_NUMBER 3
55	SENT_TOTAL 217
55	RECEIVED_TOTAL 210
55	TIME_TOTAL 29806
55	RECEIVED_RADIO_1 115
55	RECEIVED_RADIO_2 102
55	SENT_RADIO_1 109
55	SENT_RADIO_2 108
55	RADIO_TIME_1 29725
55	RADIO_TIME_2 29806
55	RETRANSMISSIONS_1 0
55	RETRANSMISSIONS_2 0
55	DROPPED_1 0
55	DROPPED_2 0
55	MAX_QUEUE 1
55	DUPLICATED_1 0
55	DUPLICATED_2 0
55	EBUSY_RADIO_1 0
55	EBUSY_RADIO_2 0
55	86 3
55	86 3
55	86 3
55	86 3
55	86 3
55	86 3
55	86 3
55	86 3
55	86 3
55	TEST_NUMBER 4
55	SENT_TOTAL 220
55	RECEIVED_TOTAL 211
55	TIME_TOTAL 29804
55	RECEIVED_RADIO_1 112
55	RECEIVED_RADIO_2 108
55	SENT_RADIO_1 110
55	SENT_RADIO_2 110
55	RADIO_TIME_1 29724
55	RADIO_TIME_2 29721
55	RETRANSMISSIONS_1 0
55	RETRANSMISSIONS_2 0
55	DROPPED_1 0
55	DROPPED_2 0
55	MAX_QUEUE 1
55	DUPLICATED_1 0
55	DUPLICATED_2 0
55	EBUSY_RADIO_1 0
55	EBUSY_RADIO_2 0
55	86 4
55	86 4
55	86 4
55	86 4
55	86 4
55	86 4
55	86 4
55	86 4
55	TEST_NUMBER 5
55	SENT_TOTAL 229
55	RECEIVED_TOTAL 221
55	TIME_TOTAL 29808
55	RECEIVED_RADIO_1 117
55	RECEIVED_RADIO_2 112
55	SENT_RADIO_1 114
55	SENT_RADIO_2 115
55	RADIO_TIME_1 29808
55	RADIO_TIME_2 29728
55	RETRANSMISSIONS_1 0
55	RETRANSMISSIONS_2 0
55	DROPPED_1 0
55	DROPPED_2 0
55	MAX_QUEUE 1
55	DUPLICATED_1 0
55	DUPLICATED_2 0
55	EBUSY_RADIO_1 0
55	EBUSY_RADIO_2 0
55	86 5
55	86 5
55	86 5
55	86 5
55	86 5
55	86 5
55	86 5
55	86 5
55	86 5
55	TEST_NUMBER 6
55	SENT_TOTAL 222
55	RECEIVED_TOTAL 213
55	TIME_TOTAL 29727
55	RECEIVED_RADIO_1 113
55	RECEIVED_RADIO_2 109
55	SENT_RADIO_1 112
55	SENT_RADIO_2 111
55	RADIO_TIME_1 29727
55	RADIO_TIME_2 29642
55	RETRANSMISSIONS_1 0
55	RETRANSMISSIONS_2 0
55	DROPPED_1 0
55	DROPPED_2 0
55	MAX_QUEUE 1
55	DUPLICATED_1 0
55	DUPLICATED_2 0
55	EBUSY_RADIO_1 0
55	EBUSY_RADIO_2 0
55	86 6
55	86 6
55	86 6
