
54	RELAY_NODE 54
54	TEST_NUMBER 0
54	SENT_TOTAL 0
54	RECEIVED_TOTAL 0
54	TIME_TOTAL 0
54	RECEIVED_RADIO_1 125
54	RECEIVED_RADIO_2 190
54	SENT_RADIO_1 190
54	SENT_RADIO_2 125
54	RADIO_TIME_1 19876
54	RADIO_TIME_2 19876
54	RETRANSMISSIONS_1 10
54	RETRANSMISSIONS_2 0
54	DROPPED_1 0
54	DROPPED_2 0
54	MAX_QUEUE 1
54	DUPLICATED_1 0
54	DUPLICATED_2 2
54	EBUSY_RADIO_1 0
54	EBUSY_RADIO_2 0
54	TEST_NUMBER 1
54	SENT_TOTAL 0
54	RECEIVED_TOTAL 0
54	TIME_TOTAL 0
54	RECEIVED_RADIO_1 125
54	RECEIVED_RADIO_2 123
54	SENT_RADIO_1 123
54	SENT_RADIO_2 125
54	RADIO_TIME_1 19866
54	RADIO_TIME_2 19866
54	RETRANSMISSIONS_1 5
54	RETRANSMISSIONS_2 0
54	DROPPED_1 0
54	DROPPED_2 0
54	MAX_QUEUE 1
54	DUPLICATED_1 0
54	DUPLICATED_2 0
54	EBUSY_RADIO_1 0
54	EBUSY_RADIO_2 0
54	TEST_NUMBER 2
54	SENT_TOTAL 0
54	RECEIVED_TOTAL 0
54	TIME_TOTAL 0
54	RECEIVED_RADIO_1 125
54	RECEIVED_RADIO_2 103
54	SENT_RADIO_1 103
54	SENT_RADIO_2 125
54	RADIO_TIME_1 19763
54	RADIO_TIME_2 19763
54	RETRANSMISSIONS_1 2
54	RETRANSMISSIONS_2 0
54	DROPPED_1 0
54	DROPPED_2 0
54	MAX_QUEUE 1
54	DUPLICATED_1 0
54	DUPLICATED_2 0
54	EBUSY_RADIO_1 0
54	EBUSY_RADIO_2 0
54	TEST_NUMBER 3
54	SENT_TOTAL 0
54	RECEIVED_TOTAL 0
54	TIME_TOTAL 0
54	RECEIVED_RADIO_1 125
54	RECEIVED_RADIO_2 84
54	SENT_RADIO_1 84
54	SENT_RADIO_2 125
54	RADIO_TIME_1 19874
54	RADIO_TIME_2 19874
54	RETRANSMISSIONS_1 0
54	RETRANSMISSIONS_2 0
54	DROPPED_1 0
54	DROPPED_2 0
54	MAX_QUEUE 1
54	DUPLICATED_1 0
54	DUPLICATED_2 0
54	EBUSY_RADIO_1 0
54	EBUSY_RADIO_2 0
54	TEST_NUMBER 4
54	SENT_TOTAL 0
54	RECEIVED_TOTAL 0
54	TIME_TOTAL 0
54	RECEIVED_RADIO_1 125
54	RECEIVED_RADIO_2 83
54	SENT_RADIO_1 83
54	SENT_RADIO_2 125
54	RADIO_TIME_1 19783
54	RADIO_TIME_2 19783
54	RETRANSMISSIONS_1 0
54	RETRANSMISSIONS_2 0
54	DROPPED_1 0
54	DROPPED_2 0
54	MAX_QUEUE 1
54	DUPLICATED_1 0
54	DUPLICATED_2 0
54	EBUSY_RADIO_1 0
54	EBUSY_RADIO_2 0
54	TEST_NUMBER 5
54	SENT_TOTAL 0
54	RECEIVED_TOTAL 0
54	TIME_TOTAL 0
54	RECEIVED_RADIO_1 125
54	RECEIVED_RADIO_2 83
54	SENT_RADIO_1 83
54	SENT_RADIO_2 125
54	RADIO_TIME_1 19763
54	RADIO_TIME_2 19763
54	RETRANSMISSIONS_1 0
54	RETRANSMISSIONS_2 0
54	DROPPED_1 0
54	DROPPED_2 0
54	MAX_QUEUE 1
54	DUPLICATED_1 0
54	DUPLICATED_2 0
54	EBUSY_RADIO_1 0
54	EBUSY_RADIO_2 0
54	TEST_NUMBER 6
54	SENT_TOTAL 0
54	RECEIVED_TOTAL 0
54	TIME_TOTAL 0
54	RECEIVED_RADIO_1 125
54	RECEIVED_RADIO_2 84
54	SENT_RADIO_1 84
54	SENT_RADIO_2 125
54	RADIO_TIME_1 19885
54	RADIO_TIME_2 19885
54	RETRANSMISSIONS_1 0
54	RETRANSMISSIONS_2 0
54	DROPPED_1 0
54	DROPPED_2 0
54	MAX_QUEUE 1
54	DUPLICATED_1 0
54	DUPLICATED_2 0
54	EBUSY_RADIO_1 0
54	EBUSY_RADIO_2 0

55	SOURCE_NODE 55
55	84 1
55	84 2
55	83 2
55	85 2
55	79 19
55	84 3
55	84 4
55	83 4
55	85 3
55	79 111
55	83 4
55	85 4
55	79 37
55	84 5
55	84 6
55	83 6
55	85 6
55	79 31
55	84 7
55	84 8
55	83 8
55	85 7
55	79 108
55	83 8
55	85 8
55	79 34
55	84 9
55	83 9
55	85 9
55	79 35
55	84 10
55	84 11
55	83 11
55	85 11
55	79 29
55	84 12
55	84 13
55	83 13
55	85 12
55	79 102
55	83 13
55	85 13
55	79 29
55	84 14
55	83 14
55	85 14
55	79 34
55	84 15
55	84 16
55	83 16
55	85 16
55	79 28
55	84 17
55	84 18
55	83 18
55	85 17
55	79 105
55	83 18
55	85 18
55	79 42
55	84 19
55	83 19
55	85 19
55	79 43
55	84 20
55	84 1
55	83 1
55	85 1
55	79 29
55	84 2
55	84 3
55	83 3
55	85 2
55	79 104
55	83 3
55	85 3
55	79 33
55	84 4
55	84 5
55	83 5
55	85 5
55	79 26
55	84 6
55	84 7
55	83 7
55	85 6
55	79 105
55	83 7
55	85 7
55	79 35
55	84 8
55	83 8
55	85 8
55	79 35
55	84 9
55	84 10
55	83 10
55	85 10
55	79 26
55	84 11
55	84 12
55	83 12
55	85 11
55	79 111
55	83 12
55	85 12
55	79 39
55	84 13
55	83 13
55	85 13
55	79 33
55	84 14
55	84 15
55	83 15
55	85 15
55	79 24
55	84 16
55	84 17
55	83 17
55	85 16
55	79 108
55	84 18
55	83 18
55	85 18
55	79 29
55	84 19
55	84 20
55	83 20
55	85 19
55	79 110
55	83 20
55	85 20
55	79 48
55	84 1
55	84 2
55	83 2
55	85 2
55	79 24
55	84 3
55	84 4
55	83 4
55	85 3
55	79 107
55	83 4
55	85 4
55	79 35
55	84 5
55	83 5
55	85 5
55	79 42
55	84 6
55	84 7
55	83 7
55	85 7
55	79 32
55	84 8
55	84 9
55	83 9
55	85 8
55	79 104
55	83 9
55	85 9
55	79 41
55	84 10
55	83 10
55	85 10
55	79 36
55	84 11
55	84 12
55	83 12
55	85 12
55	79 25
55	84 13
55	84 14
55	83 14
55	85 13
55	79 106
55	83 14
55	85 14
55	79 34
55	84 15
55	83 15
55	85 15
55	79 30
55	84 16
55	84 17
55	83 17
55	85 17
55	79 32
55	84 18
55	84 19
55	83 19
55	85 18
55	79 106
55	83 19
55	85 19
55	79 34
55	84 20
55	84 1
55	83 1
55	85 1
55	79 29
55	84 2
55	84 3
55	83 3
55	85 2
55	79 111
55	83 3
55	85 3
55	79 45
55	84 4
55	84 5
55	83 5
55	85 5
55	79 28
55	84 6
55	84 7
55	83 7
55	85 6
55	79 106
55	83 7
55	85 7
55	79 35
55	84 8
55	84 9
55	83 9
55	85 9
55	79 32
55	84 10
55	84 11
55	83 11
55	85 10
55	79 108
55	84 12
55	83 12
55	85 12
55	79 26
55	84 13
55	84 14
55	83 14
55	85 13
55	79 101
55	83 14
55	85 14
55	79 31
55	84 15
55	83 15
55	85 15
55	79 34
55	84 16
55	84 17
55	83 17
55	85 17
55	79 28
55	84 18
55	84 19
55	83 19
55	85 18
55	79 107
55	83 19
55	85 19
55	79 36
55	84 20
55	84 1
55	83 1
55	85 1
55	79 27
55	84 2
55	84 3
55	83 3
55	85 2
55	79 107
55	83 3
55	85 3
55	79 37
55	84 4
55	84 5
55	83 5
55	85 5
55	79 28
55	84 6
55	84 7
55	83 7
55	85 6
55	79 110
55	83 7
55	85 7
55	79 45
55	84 8
55	84 9
55	83 9
55	85 9
55	79 28
55	84 10
55	84 11
55	83 11
55	85 10
55	79 110
55	84 12
55	83 12
55	85 12
55	79 24
55	84 13
55	84 14
55	83 14
55	85 13
55	79 106
55	83 14
55	85 14
55	79 42
55	84 15
55	83 15
55	85 15
55	79 39
55	84 16
55	84 17
55	83 17
55	85 17
55	79 25
55	84 18
55	84 19
55	83 19
55	85 18
55	79 106
55	84 20
55	83 20
55	85 20
55	79 30
55	84 1
55	84 2
55	83 2
55	85 1
55	79 110
55	83 2
55	85 2
55	79 38
55	84 3
55	84 4
55	83 4
55	85 4
55	79 26
55	84 5
55	84 6
55	83 6
55	85 5
55	79 103
55	83 6
55	85 6
55	79 33
55	84 7
55	83 7
55	85 7
55	79 35
55	84 8
55	84 9
55	83 9
55	85 9
55	79 23
55	84 10
55	84 11
55	83 11
55	85 10
55	79 111
55	83 11
55	85 11
55	79 37
55	84 12
55	84 13
55	83 13
55	85 13
55	79 26
55	84 14
55	84 15
55	83 15
55	85 14
55	79 108
55	83 15
55	85 15
55	79 34
55	84 16
55	84 17
55	83 17
55	85 17
55	79 28
55	84 18
55	84 19
55	83 19
55	85 18
55	79 102
55	83 19
55	85 19
55	79 36
55	84 20
55	84 1
55	83 1
55	85 1
55	79 28
55	84 2
55	84 3
55	83 3
55	85 2
55	79 104
55	84 4
55	83 4
55	85 4
55	79 26
55	84 5
55	84 6
55	83 6
55	85 5
55	79 112
55	83 6
55	85 6
55	79 40
55	84 7
55	84 8
55	83 8
55	85 8
55	79 27
55	84 9
55	84 10
55	83 10
55	85 9
55	79 104
55	83 10
55	85 10
55	79 33
55	84 11
55	83 11
55	85 11
55	79 31
55	84 12
55	84 13
55	83 13
55	85 13
55	79 27
55	84 14
55	84 15
55	83 15
55	85 14
55	79 105
55	83 15
55	85 15
55	79 31
55	84 16
55	84 17
55	83 17
55	85 17
55	79 32
55	84 18
55	84 19
55	83 19
55	85 18
55	79 111
55	83 19
55	85 19
55	79 37
55	84 20
55	84 1
55	83 1
55	85 1
55	79 27
55	84 2
55	84 3
55	83 3
55	85 2
55	79 107
55	83 3
55	85 3
55	79 33
55	84 4
55	84 5
55	83 5
55	85 5
55	79 27
55	84 6
55	84 7
55	83 7
55	85 6
55	79 105
55	83 7
55	85 7
55	79 34
55	84 8
55	83 8
55	85 8
55	79 32
55	84 9
55	84 10
55	83 10
55	85 10
55	79 26
55	84 11
55	84 12
55	83 12
55	85 11
55	79 110
55	83 12
55	85 12
55	79 37
55	84 13
55	83 13
55	85 13
55	79 35
55	84 14
55	84 15
55	83 15
55	85 15
55	79 26
55	84 16
55	84 17
55	83 17
55	85 16
55	79 105
55	83 17
55	85 17
55	79 33
55	84 18
55	84 19
55	83 19
55	85 19
55	79 30
55	84 20
55	84 1
55	83 1
55	85 20
55	79 106
55	83 1
55	85 1
55	79 34
55	84 2
55	84 3
55	83 3
55	85 3
55	79 26
55	84 4
55	84 5
55	83 5
55	85 4
55	79 105
55	83 5
55	85 5
55	79 31
55	84 6
55	84 7
55	83 7
55	85 7
55	79 24
55	84 8
55	84 9
55	83 9
55	85 8
55	79 106
55	84 10
55	83 10
55	85 10
55	79 30
55	84 11
55	84 12
55	83 12
55	85 11
55	79 104
55	83 12
55	85 12
55	79 34
55	84 13
55	83 13
55	85 13
55	79 31
55	84 14
55	84 15
55	83 15
55	85 15
55	79 28
55	84 16
55	84 17
55	83 17
55	85 16
55	79 106
55	84 18
55	83 18
55	85 18
55	79 25
55	84 19
55	84 20
55	83 20
55	85 19
55	79 109
55	83 20
55	85 20
55	79 44
55	84 1
55	83 1
55	85 1
55	79 31
55	84 2
55	84 3
55	83 3
55	85 3
55	79 32
55	84 4
55	84 5
55	83 5
55	85 4
55	79 109
55	83 5
55	85 5
55	79 47
55	84 6
55	84 7
55	83 7
55	85 7
55	79 26
55	84 8
55	84 9
55	83 9
55	85 8
55	79 110
55	83 9
55	85 9
55	79 45
55	84 10
55	84 11
55	83 11
55	85 11
55	79 28
55	84 12
55	84 13
55	83 13
55	85 12
55	79 109
55	84 14
55	83 14
55	85 14
55	79 24
55	84 15
55	84 16
55	83 16
55	85 15
55	79 103
55	83 16
55	85 16
55	79 32
55	84 17
55	83 17
55	85 17
55	79 40
55	84 18
55	84 19
55	83 19
55	85 19
55	79 27
55	84 20
55	84 1
55	83 1
55	85 20
55	79 110
55	83 1
55	85 1
55	79 36
55	84 2
55	84 3
55	83 3
55	85 3
55	79 24
55	84 4
55	84 5
55	83 5
55	85 4
55	79 106
55	83 5
55	85 5
55	79 42
55	84 6
55	84 7
55	83 7
55	85 7
55	79 27
55	84 8
55	84 9
55	83 9
55	85 8
55	79 104
55	83 9
55	85 9
55	79 31
55	84 10
55	84 11
55	83 11
55	85 11
55	79 26
55	84 12
55	84 13
55	83 13
55	85 12
55	79 108
55	83 13
55	85 13
55	79 37
55	84 14
55	83 14
55	85 14
55	79 44
55	84 15
55	84 16
55	83 16
55	85 16
55	79 31
55	84 17
55	84 18
55	83 18
55	85 17
55	79 110
55	83 18
55	85 18
55	79 39
55	84 19
55	84 20
55	83 20
55	85 20
55	79 24
55	84 1
55	84 2
55	83 2
55	85 1
55	79 102
55	84 3
55	83 3
55	85 3
55	79 26
55	84 4
55	84 5
55	83 5
55	85 4
55	79 104
55	83 5
55	85 5
55	79 44
55	84 6
55	83 6
55	85 6
55	79 38
55	84 7
55	84 8
55	83 8
55	85 8
55	79 25
55	84 9
55	84 10
55	83 10
55	85 9
55	79 115
55	84 11
55	83 11
55	85 11
55	79 26
55	84 12
55	84 13
55	83 13
55	85 12
55	79 107
55	84 14
55	83 14
55	85 14
55	79 24
55	84 15
55	84 16
55	83 16
55	85 15
55	79 105
55	83 16
55	85 16
55	79 41
55	84 17
55	84 18
55	83 18
55	85 18
55	79 22
55	84 19
55	84 20
55	83 20
55	85 19
55	79 106
55	83 20
55	85 20
55	79 32
55	84 1
55	83 1
55	85 1
55	79 34
55	84 2
55	84 3
55	83 3
55	85 3
55	79 30
55	84 4
55	84 5
55	83 5
55	85 4
55	79 105
55	83 5
55	85 5
55	79 34
55	84 6
55	83 6
55	85 6
55	79 38
55	84 7
55	84 8
55	83 8
55	85 8
55	79 25
55	84 9
55	84 10
55	TEST_NUMBER 0
55	SENT_TOTAL 250
55	RECEIVED_TOTAL 188
55	TIME_TOTAL 19610
55	RECEIVED_RADIO_1 188
55	RECEIVED_RADIO_2 0
55	SENT_RADIO_1 125
55	SENT_RADIO_2 124
55	RADIO_TIME_1 19763
55	RADIO_TIME_2 19763
55	RETRANSMISSIONS_1 0
55	RETRANSMISSIONS_2 0
55	DROPPED_1 0
55	DROPPED_2 0
55	MAX_QUEUE 1
55	DUPLICATED_1 10
55	DUPLICATED_2 0
55	EBUSY_RADIO_1 0
55	EBUSY_RADIO_2 0
55	83 0
55	85 9
55	86 0
55	83 0
55	85 10
55	86 0
55	84 1
55	84 2
55	83 2
55	85 2
55	79 28
55	84 3
55	84 4
55	83 4
55	85 3
55	79 105
55	83 4
55	85 4
55	79 38
55	84 5
55	83 5
55	85 5
55	79 46
55	84 6
55	84 7
55	83 7
55	85 7
55	79 28
55	84 8
55	84 9
55	83 9
55	85 8
55	79 111
55	83 9
55	85 9
55	79 38
55	84 10
55	84 11
55	83 11
55	85 11
55	79 29
55	84 12
55	84 13
55	83 13
55	85 12
55	79 105
55	83 13
55	85 13
55	79 35
55	84 14
55	84 15
55	83 15
55	85 15
55	79 28
55	84 16
55	84 17
55	83 17
55	85 16
55	79 108
55	83 17
55	85 17
55	79 43
55	84 18
55	84 19
55	83 19
55	85 19
55	79 30
55	84 20
55	84 1
55	83 1
55	85 20
55	79 108
55	83 1
55	85 1
55	79 45
55	84 2
55	84 3
55	83 3
55	85 3
55	79 26
55	84 4
55	84 5
55	83 5
55	85 4
55	79 111
55	84 6
55	83 6
55	85 6
55	79 27
55	84 7
55	84 8
55	83 8
55	85 7
55	79 109
55	83 8
55	85 8
55	79 46
55	84 9
55	83 9
55	85 9
55	79 41
55	84 10
55	84 11
55	83 11
55	85 11
55	79 29
55	84 12
55	84 13
55	83 13
55	85 12
55	79 106
55	83 13
55	85 13
55	79 43
55	84 14
55	84 15
55	83 15
55	85 15
55	79 29
55	84 16
55	84 17
55	83 17
55	85 16
55	79 104
55	83 17
55	85 17
55	79 40
55	84 18
55	84 19
55	83 19
55	85 19
55	79 32
55	84 20
55	84 1
55	83 1
55	85 20
55	79 107
55	83 1
55	85 1
55	79 35
55	84 2
55	84 3
55	83 3
55	85 3
55	79 25
55	84 4
55	84 5
55	83 5
55	85 4
55	79 111
55	83 5
55	85 5
55	79 40
55	84 6
55	84 7
55	83 7
55	85 7
55	79 26
55	84 8
55	84 9
55	83 9
55	85 8
55	79 110
55	83 9
55	85 9
55	79 41
55	84 10
55	83 10
55	85 10
55	79 34
55	84 11
55	84 12
55	83 12
55	85 12
55	79 29
55	84 13
55	84 14
55	83 14
55	85 13
55	79 114
55	84 15
55	83 15
55	85 15
55	79 26
55	84 16
55	84 17
55	83 17
55	85 16
55	79 108
55	83 17
55	85 17
55	79 38
55	84 18
55	84 19
55	83 19
55	85 19
55	79 23
55	84 20
55	84 1
55	83 1
55	85 20
55	79 109
55	83 1
55	85 1
55	79 35
55	84 2
55	83 2
55	85 2
55	79 40
55	84 3
55	84 4
55	83 4
55	85 4
55	79 30
55	84 5
55	84 6
55	83 6
55	85 5
55	79 112
55	84 7
55	83 7
55	85 7
55	79 24
55	84 8
55	84 9
55	83 9
55	85 8
55	79 108
55	83 9
55	85 9
55	79 37
55	84 10
55	84 11
55	84 12
55	84 13
55	83 13
55	85 13
55	79 26
55	84 14
55	84 15
55	84 16
55	83 16
55	85 15
55	79 126
55	84 17
55	84 18
55	84 19
55	83 19
55	85 19
55	79 25
55	84 20
55	84 1
55	84 2
55	83 2
55	85 1
55	79 142
55	84 3
55	84 4
55	84 5
55	83 5
55	85 5
55	79 33
55	84 6
55	84 7
55	84 8
55	83 8
55	85 7
55	79 129
55	84 9
55	84 10
55	84 11
55	83 11
55	85 11
55	79 25
55	84 12
55	84 13
55	84 14
55	83 14
55	85 13
55	79 129
55	84 15
55	84 16
55	84 17
55	83 17
55	85 17
55	79 29
55	84 18
55	84 19
55	84 20
55	83 20
55	85 19
55	79 136
55	84 1
55	84 2
55	84 3
55	83 3
55	85 3
55	79 30
55	84 4
55	84 5
55	84 6
55	83 6
55	85 5
55	79 117
55	84 7
55	84 8
55	84 9
55	83 9
55	85 9
55	79 27
55	84 10
55	84 11
55	84 12
55	83 12
55	85 11
55	79 127
55	84 13
55	84 14
55	84 15
55	83 15
55	85 15
55	79 26
55	84 16
55	84 17
55	84 18
55	83 18
55	85 17
55	79 129
55	84 19
55	84 20
55	84 1
55	83 1
55	85 1
55	79 31
55	84 2
55	84 3
55	84 4
55	83 4
55	85 3
55	79 127
55	84 5
55	84 6
55	84 7
55	83 7
55	85 7
55	79 29
55	84 8
55	84 9
55	84 10
55	83 10
55	85 9
55	79 125
55	84 11
55	84 12
55	84 13
55	83 13
55	85 13
55	79 28
55	84 14
55	84 15
55	84 16
55	83 16
55	85 15
55	79 131
55	84 17
55	84 18
55	84 19
55	83 19
55	85 19
55	79 23
55	84 20
55	84 1
55	84 2
55	83 2
55	85 1
55	79 120
55	84 3
55	84 4
55	84 5
55	83 5
55	85 5
55	79 27
55	84 6
55	84 7
55	84 8
55	83 8
55	85 7
55	79 116
55	84 9
55	84 10
55	84 11
55	83 11
55	85 11
55	79 26
55	84 12
55	84 13
55	84 14
55	83 14
55	85 13
55	79 126
55	84 15
55	84 16
55	84 17
55	83 17
55	85 17
55	79 26
55	84 18
55	84 19
55	84 20
55	83 20
55	85 19
55	79 124
55	84 1
55	84 2
55	84 3
55	83 3
55	85 3
55	79 24
55	84 4
55	84 5
55	84 6
55	83 6
55	85 5
55	79 125
55	84 7
55	84 8
55	84 9
55	83 9
55	85 9
55	79 28
55	84 10
55	84 11
55	84 12
55	83 12
55	85 11
55	79 128
55	84 13
55	84 14
55	84 15
55	83 15
55	85 15
55	79 27
55	84 16
55	84 17
55	84 18
55	83 18
55	85 17
55	79 135
55	84 19
55	84 20
55	84 1
55	83 1
55	85 1
55	79 26
55	84 2
55	84 3
55	84 4
55	83 4
55	85 3
55	79 111
55	84 5
55	84 6
55	84 7
55	83 7
55	85 7
55	79 29
55	84 8
55	84 9
55	84 10
55	83 10
55	85 9
55	79 138
55	84 11
55	84 12
55	84 13
55	83 13
55	85 13
55	79 25
55	84 14
55	84 15
55	84 16
55	83 16
55	85 15
55	79 121
55	84 17
55	84 18
55	84 19
55	83 19
55	85 19
55	79 25
55	84 20
55	84 1
55	84 2
55	83 2
55	85 1
55	79 122
55	84 3
55	84 4
55	84 5
55	83 5
55	85 5
55	79 28
55	84 6
55	84 7
55	84 8
55	83 8
55	85 7
55	79 123
55	84 9
55	84 10
55	84 11
55	83 11
55	85 11
55	79 22
55	84 12
55	84 13
55	84 14
55	83 14
55	85 13
55	79 120
55	84 15
55	84 16
55	84 17
55	83 17
55	85 17
55	79 26
55	84 18
55	84 19
55	84 20
55	83 20
55	85 19
55	79 131
55	84 1
55	84 2
55	84 3
55	83 3
55	85 3
55	79 23
55	84 4
55	84 5
55	84 6
55	83 6
55	85 5
55	79 135
55	84 7
55	84 8
55	84 9
55	83 9
55	85 9
55	79 27
55	83 9
55	85 8
55	79 114
55	84 10
55	84 11
55	83 11
55	85 10
55	79 107
55	83 11
55	85 11
55	79 40
55	84 12
55	84 13
55	83 13
55	85 13
55	79 32
55	84 14
55	84 15
55	83 15
55	85 14
55	79 108
55	83 15
55	85 15
55	79 38
55	84 16
55	84 17
55	83 17
55	85 17
55	79 26
55	84 18
55	84 19
55	83 19
55	85 18
55	79 105
55	83 19
55	85 19
55	79 35
55	84 20
55	83 20
55	85 20
55	79 37
55	84 1
55	84 2
55	83 2
55	85 2
55	79 28
55	84 3
55	84 4
55	83 4
55	85 3
55	79 107
55	83 4
55	85 4
55	79 36
55	84 5
55	83 5
55	85 5
55	79 32
55	84 6
55	84 7
55	83 7
55	85 7
55	79 25
55	84 8
55	84 9
55	83 9
55	85 8
55	79 107
55	83 9
55	85 9
55	79 34
55	84 10
55	TEST_NUMBER 1
55	SENT_TOTAL 250
55	RECEIVED_TOTAL 122
55	TIME_TOTAL 29804
55	RECEIVED_RADIO_1 124
55	RECEIVED_RADIO_2 0
55	SENT_RADIO_1 125
55	SENT_RADIO_2 125
55	RADIO_TIME_1 29804
55	RADIO_TIME_2 19763
55	RETRANSMISSIONS_1 0
55	RETRANSMISSIONS_2 0
55	DROPPED_1 0
55	DROPPED_2 0
55	MAX_QUEUE 1
55	DUPLICATED_1 5
55	DUPLICATED_2 0
55	EBUSY_RADIO_1 0
55	EBUSY_RADIO_2 0
55	83 0
55	85 10
55	86 1
55	84 1
55	84 2
55	83 2
55	85 2
55	79 26
55	84 3
55	84 4
55	83 4
55	85 3
55	79 105
55	83 4
55	85 4
55	79 41
55	84 5
55	83 5
55	85 5
55	79 38
55	84 6
55	84 7
55	83 7
55	85 7
55	79 28
55	84 8
55	84 9
55	83 9
55	85 8
55	79 113
55	83 9
55	85 9
55	79 42
55	84 10
55	84 11
55	83 11
55	85 11
55	79 29
55	84 12
55	84 13
55	83 13
55	85 12
55	79 111
55	83 13
55	85 13
55	79 41
55	84 14
55	83 14
55	85 14
55	79 33
55	84 15
55	84 16
55	83 16
55	85 16
55	79 26
55	84 17
55	84 18
55	83 18
55	85 17
55	79 107
55	83 18
55	85 18
55	79 43
55	84 19
55	84 20
55	83 20
55	85 20
55	79 31
55	84 1
55	84 2
55	83 2
55	85 1
55	79 116
55	84 3
55	83 3
55	85 3
55	79 26
55	84 4
55	84 5
55	83 5
55	85 4
55	79 105
55	83 5
55	85 5
55	79 31
55	84 6
55	83 6
55	85 6
55	79 39
55	84 7
55	84 8
55	83 8
55	85 8
55	79 25
55	84 9
55	84 10
55	83 10
55	85 9
55	79 111
55	83 10
55	85 10
55	79 39
55	84 11
55	84 12
55	83 12
55	85 12
55	79 25
55	84 13
55	84 14
55	83 14
55	85 13
55	79 107
55	83 14
55	85 14
55	79 37
55	84 15
55	83 15
55	85 15
55	79 38
55	84 16
55	84 17
55	83 17
55	85 17
55	79 24
55	84 18
55	84 19
55	83 19
55	85 18
55	79 109
55	83 19
55	85 19
55	79 41
55	84 20
55	84 1
55	83 1
55	85 1
55	79 32
55	84 2
55	84 3
55	83 3
55	85 2
55	79 109
55	83 3
55	85 3
55	79 39
55	84 4
55	84 5
55	83 5
55	85 5
55	79 25
55	84 6
55	84 7
55	83 7
55	85 6
55	79 105
55	83 7
55	85 7
55	79 36
55	84 8
55	84 9
55	83 9
55	85 9
55	79 30
55	84 10
55	84 11
55	84 12
55	84 13
55	83 13
55	85 13
55	79 24
55	84 14
55	84 15
55	84 16
55	83 16
55	85 15
55	79 137
55	84 17
55	84 18
55	84 19
55	83 19
55	85 19
55	79 33
55	84 20
55	84 1
55	84 2
55	83 2
55	85 1
55	79 118
55	84 3
55	84 4
55	84 5
55	83 5
55	85 5
55	79 30
55	84 6
55	84 7
55	84 8
55	83 8
55	85 7
55	79 132
55	84 9
55	84 10
55	84 11
55	83 11
55	85 11
55	79 26
55	84 12
55	84 13
55	84 14
55	83 14
55	85 13
55	79 127
55	84 15
55	84 16
55	84 17
55	83 17
55	85 17
55	79 29
55	84 18
55	84 19
55	84 20
55	83 20
55	85 19
55	79 128
55	84 1
55	84 2
55	84 3
55	83 3
55	85 3
55	79 26
55	84 4
55	84 5
55	84 6
55	83 6
55	85 5
55	79 136
55	84 7
55	84 8
55	84 9
55	83 9
55	85 9
55	79 31
55	84 10
55	84 11
55	84 12
55	83 12
55	85 11
55	79 147
55	84 13
55	84 14
55	84 15
55	83 15
55	85 15
55	79 32
55	84 16
55	84 17
55	84 18
55	83 18
55	85 17
55	79 119
55	84 19
55	84 20
55	84 1
55	83 1
55	85 1
55	79 30
55	84 2
55	84 3
55	84 4
55	83 4
55	85 3
55	79 128
55	84 5
55	84 6
55	84 7
55	83 7
55	85 7
55	79 24
55	84 8
55	84 9
55	84 10
55	83 10
55	85 9
55	79 120
55	84 11
55	84 12
55	84 13
55	83 13
55	85 13
55	79 29
55	84 14
55	84 15
55	84 16
55	83 16
55	85 15
55	79 120
55	84 17
55	84 18
55	84 19
55	83 19
55	85 19
55	79 26
55	84 20
55	84 1
55	84 2
55	83 2
55	85 1
55	79 117
55	84 3
55	84 4
55	84 5
55	83 5
55	85 5
55	79 32
55	84 6
55	84 7
55	84 8
55	83 8
55	85 7
55	79 120
55	84 9
55	84 10
55	84 11
55	83 11
55	85 11
55	79 26
55	84 12
55	84 13
55	84 14
55	83 14
55	85 13
55	79 117
55	84 15
55	84 16
55	84 17
55	83 17
55	85 17
55	79 26
55	84 18
55	84 19
55	84 20
55	83 20
55	85 19
55	79 119
55	84 1
55	84 2
55	84 3
55	83 3
55	85 3
55	79 29
55	84 4
55	84 5
55	84 6
55	83 6
55	85 5
55	79 119
55	84 7
55	84 8
55	84 9
55	83 9
55	85 9
55	79 27
55	84 10
55	84 11
55	84 12
55	83 12
55	85 11
55	79 139
55	84 13
55	84 14
55	84 15
55	83 15
55	85 15
55	79 29
55	84 16
55	84 17
55	84 18
55	83 18
55	85 17
55	79 130
55	84 19
55	84 20
55	84 1
55	83 1
55	85 1
55	79 28
55	84 2
55	84 3
55	84 4
55	83 4
55	85 3
55	79 126
55	84 5
55	84 6
55	84 7
55	83 7
55	85 7
55	79 29
55	84 8
55	84 9
55	84 10
55	83 10
55	85 9
55	79 132
55	84 11
55	84 12
55	84 13
55	83 13
55	85 13
55	79 28
55	84 14
55	84 15
55	84 16
55	83 16
55	85 15
55	79 129
55	84 17
55	84 18
55	84 19
55	83 19
55	85 19
55	79 25
55	84 20
55	84 1
55	84 2
55	83 2
55	85 1
55	79 122
55	84 3
55	84 4
55	84 5
55	83 5
55	85 5
55	79 28
55	84 6
55	84 7
55	84 8
55	83 8
55	85 7
55	79 133
55	84 9
55	84 10
55	84 11
55	83 11
55	85 11
55	79 25
55	84 12
55	84 13
55	84 14
55	83 14
55	85 13
55	79 125
55	84 15
55	84 16
55	84 17
55	83 17
55	85 17
55	79 30
55	84 18
55	84 19
55	84 20
55	83 20
55	85 19
55	79 140
55	84 1
55	84 2
55	84 3
55	83 3
55	85 3
55	79 26
55	84 4
55	84 5
55	84 6
55	83 6
55	85 5
55	79 129
55	84 7
55	84 8
55	84 9
55	83 9
55	85 9
55	79 28
55	84 10
55	84 11
55	84 12
55	83 12
55	85 11
55	79 134
55	84 13
55	84 14
55	84 15
55	83 15
55	85 15
55	79 27
55	84 16
55	84 17
55	84 18
55	83 18
55	85 17
55	79 132
55	84 19
55	84 20
55	84 1
55	83 1
55	85 1
55	79 25
55	84 2
55	84 3
55	84 4
55	83 4
55	85 3
55	79 130
55	84 5
55	84 6
55	84 7
55	83 7
55	85 7
55	79 27
55	84 8
55	84 9
55	84 10
55	83 10
55	85 9
55	79 115
55	84 11
55	84 12
55	84 13
55	83 13
55	85 13
55	79 23
55	84 14
55	84 15
55	84 16
55	83 16
55	85 15
55	79 140
55	84 17
55	84 18
55	84 19
55	83 19
55	85 19
55	79 29
55	84 20
55	84 1
55	84 2
55	83 2
55	85 1
55	79 137
55	84 3
55	84 4
55	84 5
55	83 5
55	85 5
55	79 24
55	84 6
55	84 7
55	84 8
55	83 8
55	85 7
55	79 134
55	84 9
55	84 10
55	TEST_NUMBER 2
55	SENT_TOTAL 250
55	RECEIVED_TOTAL 103
55	TIME_TOTAL 29741
55	RECEIVED_RADIO_1 104
55	RECEIVED_RADIO_2 0
55	SENT_RADIO_1 125
55	SENT_RADIO_2 125
55	RADIO_TIME_1 29767
55	RADIO_TIME_2 19763
55	RETRANSMISSIONS_1 0
55	RETRANSMISSIONS_2 0
55	DROPPED_1 0
55	DROPPED_2 0
55	MAX_QUEUE 1
55	DUPLICATED_1 2
55	DUPLICATED_2 0
55	EBUSY_RADIO_1 0
55	EBUSY_RADIO_2 0
55	84 1
55	83 1
55	85 1
55	79 31
55	84 2
55	84 3
55	84 4
55	83 4
55	85 3
55	79 114
55	84 5
55	84 6
55	84 7
55	83 7
55	85 7
55	79 22
55	84 8
55	84 9
55	84 10
55	83 10
55	85 9
55	79 129
55	84 11
55	84 12
55	84 13
55	83 13
55	85 13
55	79 27
55	84 14
55	84 15
55	84 16
55	83 16
55	85 15
55	79 122
55	84 17
55	84 18
55	84 19
55	83 19
55	85 19
55	79 30
55	84 20
55	84 1
55	84 2
55	83 2
55	85 1
55	79 136
55	84 3
55	84 4
55	84 5
55	83 5
55	85 5
55	79 23
55	84 6
55	84 7
55	84 8
55	83 8
55	85 7
55	79 138
55	84 9
55	84 10
55	84 11
55	83 11
55	85 11
55	79 34
55	84 12
55	84 13
55	84 14
55	83 14
55	85 13
55	79 116
55	84 15
55	84 16
55	84 17
55	83 17
55	85 17
55	79 25
55	84 18
55	84 19
55	84 20
55	83 20
55	85 19
55	79 129
55	84 1
55	84 2
55	84 3
55	83 3
55	85 3
55	79 28
55	84 4
55	84 5
55	84 6
55	83 6
55	85 5
55	79 138
55	84 7
55	84 8
55	84 9
55	83 9
55	85 9
55	79 27
55	84 10
55	84 11
55	84 12
55	83 12
55	85 11
55	79 138
55	84 13
55	84 14
55	84 15
55	83 15
55	85 15
55	79 28
55	84 16
55	84 17
55	84 18
55	83 18
55	85 17
55	79 125
55	84 19
55	84 20
55	84 1
55	83 1
55	85 1
55	79 30
55	84 2
55	84 3
55	84 4
55	83 4
55	85 3
55	79 135
55	84 5
55	84 6
55	84 7
55	83 7
55	85 7
55	79 27
55	84 8
55	84 9
55	84 10
55	83 10
55	85 9
55	79 123
55	84 11
55	84 12
55	84 13
55	83 13
55	85 13
55	79 27
55	84 14
55	84 15
55	84 16
55	83 16
55	85 15
55	79 128
55	84 17
55	84 18
55	84 19
55	83 19
55	85 19
55	79 28
55	84 20
55	84 1
55	84 2
55	83 2
55	85 1
55	79 132
55	84 3
55	84 4
55	84 5
55	83 5
55	85 5
55	79 29
55	84 6
55	84 7
55	84 8
55	83 8
55	85 7
55	79 128
55	84 9
55	84 10
55	84 11
55	83 11
55	85 11
55	79 26
55	84 12
55	84 13
55	84 14
55	83 14
55	85 13
55	79 140
55	84 15
55	84 16
55	84 17
55	83 17
55	85 17
55	79 32
55	84 18
55	84 19
55	84 20
55	83 20
55	85 19
55	79 134
55	84 1
55	84 2
55	84 3
55	83 3
55	85 3
55	79 28
55	84 4
55	84 5
55	84 6
55	83 6
55	85 5
55	79 128
55	84 7
55	84 8
55	84 9
55	83 9
55	85 9
55	79 36
55	84 10
55	84 11
55	84 12
55	83 12
55	85 11
55	79 138
55	84 13
55	84 14
55	84 15
55	83 15
55	85 15
55	79 31
55	84 16
55	84 17
55	84 18
55	83 18
55	85 17
55	79 120
55	84 19
55	84 20
55	84 1
55	83 1
55	85 1
55	79 30
55	84 2
55	84 3
55	84 4
55	83 4
55	85 3
55	79 135
55	84 5
55	84 6
55	84 7
55	83 7
55	85 7
55	79 29
55	84 8
55	84 9
55	84 10
55	83 10
55	85 9
55	79 137
55	84 11
55	84 12
55	84 13
55	83 13
55	85 13
55	79 29
55	84 14
55	84 15
55	84 16
55	83 16
55	85 15
55	79 126
55	84 17
55	84 18
55	84 19
55	83 19
55	85 19
55	79 35
55	84 20
55	84 1
55	84 2
55	83 2
55	85 1
55	79 122
55	84 3
55	84 4
55	84 5
55	83 5
55	85 5
55	79 27
55	84 6
55	84 7
55	84 8
55	83 8
55	85 7
55	79 137
55	84 9
55	84 10
55	84 11
55	83 11
55	85 11
55	79 32
55	84 12
55	84 13
55	84 14
55	83 14
55	85 13
55	79 147
55	84 15
55	84 16
55	84 17
55	83 17
55	85 17
55	79 22
55	84 18
55	84 19
55	84 20
55	83 20
55	85 19
55	79 127
55	84 1
55	84 2
55	84 3
55	83 3
55	85 3
55	79 30
55	84 4
55	84 5
55	84 6
55	83 6
55	85 5
55	79 136
55	84 7
55	84 8
55	84 9
55	83 9
55	85 9
55	79 28
55	84 10
55	84 11
55	84 12
55	83 12
55	85 11
55	79 133
55	84 13
55	84 14
55	84 15
55	83 15
55	85 15
55	79 28
55	84 16
55	84 17
55	84 18
55	83 18
55	85 17
55	79 114
55	84 19
55	84 20
55	84 1
55	83 1
55	85 1
55	79 30
55	84 2
55	84 3
55	84 4
55	83 4
55	85 3
55	79 134
55	84 5
55	84 6
55	84 7
55	83 7
55	85 7
55	79 29
55	84 8
55	84 9
55	84 10
55	83 10
55	85 9
55	79 136
55	84 11
55	84 12
55	84 13
55	83 13
55	85 13
55	79 27
55	84 14
55	84 15
55	84 16
55	83 16
55	85 15
55	79 132
55	84 17
55	84 18
55	84 19
55	83 19
55	85 19
55	79 28
55	84 20
55	84 1
55	84 2
55	83 2
55	85 1
55	79 117
55	84 3
55	84 4
55	84 5
55	83 5
55	85 5
55	79 32
55	84 6
55	84 7
55	84 8
55	83 8
55	85 7
55	79 127
55	84 9
55	84 10
55	84 11
55	83 11
55	85 11
55	79 28
55	84 12
55	84 13
55	84 14
55	83 14
55	85 13
55	79 137
55	84 15
55	84 16
55	84 17
55	83 17
55	85 17
55	79 25
55	84 18
55	84 19
55	84 20
55	83 20
55	85 19
55	79 128
55	84 1
55	84 2
55	84 3
55	83 3
55	85 3
55	79 26
55	84 4
55	84 5
55	84 6
55	83 6
55	85 5
55	79 130
55	84 7
55	84 8
55	84 9
55	83 9
55	85 9
55	79 26
55	84 10
55	84 11
55	84 12
55	83 12
55	85 11
55	79 127
55	84 13
55	84 14
55	84 15
55	83 15
55	85 15
55	79 26
55	84 16
55	84 17
55	84 18
55	83 18
55	85 17
55	79 136
55	84 19
55	84 20
55	84 1
55	83 1
55	85 1
55	79 26
55	84 2
55	84 3
55	84 4
55	83 4
55	85 3
55	79 127
55	84 5
55	84 6
55	84 7
55	83 7
55	85 7
55	79 31
55	84 8
55	84 9
55	84 10
55	TEST_NUMBER 3
55	SENT_TOTAL 250
55	RECEIVED_TOTAL 83
55	TIME_TOTAL 19604
55	RECEIVED_RADIO_1 83
55	RECEIVED_RADIO_2 0
55	SENT_RADIO_1 125
55	SENT_RADIO_2 125
55	RADIO_TIME_1 19763
55	RADIO_TIME_2 19763
55	RETRANSMISSIONS_1 0
55	RETRANSMISSIONS_2 0
55	DROPPED_1 0
55	DROPPED_2 0
55	MAX_QUEUE 1
55	DUPLICATED_1 0
55	DUPLICATED_2 0
55	EBUSY_RADIO_1 0
55	EBUSY_RADIO_2 0
55	83 0
55	85 9
55	86 3
55	84 1
55	84 2
55	84 3
55	83 3
55	85 3
55	79 23
55	84 4
55	84 5
55	84 6
55	83 6
55	85 5
55	79 123
55	84 7
55	84 8
55	84 9
55	83 9
55	85 9
55	79 28
55	84 10
55	84 11
55	84 12
55	83 12
55	85 11
55	79 140
55	84 13
55	84 14
55	84 15
55	83 15
55	85 15
55	79 26
55	84 16
55	84 17
55	84 18
55	83 18
55	85 17
55	79 124
55	84 19
55	84 20
55	84 1
55	83 1
55	85 1
55	79 26
55	84 2
55	84 3
55	84 4
55	83 4
55	85 3
55	79 127
55	84 5
55	84 6
55	84 7
55	83 7
55	85 7
55	79 36
55	84 8
55	84 9
55	84 10
55	83 10
55	85 9
55	79 131
55	84 11
55	84 12
55	84 13
55	83 13
55	85 13
55	79 26
55	84 14
55	84 15
55	84 16
55	83 16
55	85 15
55	79 134
55	84 17
55	84 18
55	84 19
55	83 19
55	85 19
55	79 31
55	84 20
55	84 1
55	84 2
55	83 2
55	85 1
55	79 134
55	84 3
55	84 4
55	84 5
55	83 5
55	85 5
55	79 25
55	84 6
55	84 7
55	84 8
55	83 8
55	85 7
55	79 133
55	84 9
55	84 10
55	84 11
55	83 11
55	85 11
55	79 28
55	84 12
55	84 13
55	84 14
55	83 14
55	85 13
55	79 126
55	84 15
55	84 16
55	84 17
55	83 17
55	85 17
55	79 29
55	84 18
55	84 19
55	84 20
55	83 20
55	85 19
55	79 112
55	84 1
55	84 2
55	84 3
55	83 3
55	85 3
55	79 28
55	84 4
55	84 5
55	84 6
55	83 6
55	85 5
55	79 128
55	84 7
55	84 8
55	84 9
55	83 9
55	85 9
55	79 28
55	84 10
55	84 11
55	84 12
55	83 12
55	85 11
55	79 121
55	84 13
55	84 14
55	84 15
55	83 15
55	85 15
55	79 26
55	84 16
55	84 17
55	84 18
55	83 18
55	85 17
55	79 128
55	84 19
55	84 20
55	84 1
55	83 1
55	85 1
55	79 30
55	84 2
55	84 3
55	84 4
55	83 4
55	85 3
55	79 131
55	84 5
55	84 6
55	84 7
55	83 7
55	85 7
55	79 30
55	84 8
55	84 9
55	84 10
55	83 10
55	85 9
55	79 122
55	84 11
55	84 12
55	84 13
55	83 13
55	85 13
55	79 28
55	84 14
55	84 15
55	84 16
55	83 16
55	85 15
55	79 123
55	84 17
55	84 18
55	84 19
55	83 19
55	85 19
55	79 29
55	84 20
55	84 1
55	84 2
55	83 2
55	85 1
55	79 127
55	84 3
55	84 4
55	84 5
55	83 5
55	85 5
55	79 25
55	84 6
55	84 7
55	84 8
55	83 8
55	85 7
55	79 133
55	84 9
55	84 10
55	84 11
55	83 11
55	85 11
55	79 23
55	84 12
55	84 13
55	84 14
55	83 14
55	85 13
55	79 128
55	84 15
55	84 16
55	84 17
55	83 17
55	85 17
55	79 28
55	84 18
55	84 19
55	84 20
55	83 20
55	85 19
55	79 134
55	84 1
55	84 2
55	84 3
55	83 3
55	85 3
55	79 27
55	84 4
55	84 5
55	84 6
55	83 6
55	85 5
55	79 112
55	84 7
55	84 8
55	84 9
55	83 9
55	85 9
55	79 31
55	84 10
55	84 11
55	84 12
55	83 12
55	85 11
55	79 130
55	84 13
55	84 14
55	84 15
55	83 15
55	85 15
55	79 30
55	84 16
55	84 17
55	84 18
55	83 18
55	85 17
55	79 122
55	84 19
55	84 20
55	84 1
55	83 1
55	85 1
55	79 28
55	84 2
55	84 3
55	84 4
55	83 4
55	85 3
55	79 115
55	84 5
55	84 6
55	84 7
55	83 7
55	85 7
55	79 26
55	84 8
55	84 9
55	84 10
55	83 10
55	85 9
55	79 126
55	84 11
55	84 12
55	84 13
55	83 13
55	85 13
55	79 29
55	84 14
55	84 15
55	84 16
55	83 16
55	85 15
55	79 124
55	84 17
55	84 18
55	84 19
55	83 19
55	85 19
55	79 27
55	84 20
55	84 1
55	84 2
55	83 2
55	85 1
55	79 127
55	84 3
55	84 4
55	84 5
55	83 5
55	85 5
55	79 30
55	84 6
55	84 7
55	84 8
55	83 8
55	85 7
55	79 123
55	84 9
55	84 10
55	84 11
55	83 11
55	85 11
55	79 27
55	84 12
55	84 13
55	84 14
55	83 14
55	85 13
55	79 128
55	84 15
55	84 16
55	84 17
55	83 17
55	85 17
55	79 24
55	84 18
55	84 19
55	84 20
55	83 20
55	85 19
55	79 119
55	84 1
55	84 2
55	84 3
55	83 3
55	85 3
55	79 29
55	84 4
55	84 5
55	84 6
55	83 6
55	85 5
55	79 143
55	84 7
55	84 8
55	84 9
55	83 9
55	85 9
55	79 30
55	84 10
55	84 11
55	84 12
55	83 12
55	85 11
55	79 130
55	84 13
55	84 14
55	84 15
55	83 15
55	85 15
55	79 30
55	84 16
55	84 17
55	84 18
55	83 18
55	85 17
55	79 132
55	84 19
55	84 20
55	84 1
55	83 1
55	85 1
55	79 27
55	84 2
55	84 3
55	84 4
55	83 4
55	85 3
55	79 131
55	84 5
55	84 6
55	84 7
55	83 7
55	85 7
55	79 28
55	84 8
55	84 9
55	84 10
55	83 10
55	85 9
55	79 126
55	84 11
55	84 12
55	84 13
55	83 13
55	85 13
55	79 29
55	84 14
55	84 15
55	84 16
55	83 16
55	85 15
55	79 134
55	84 17
55	84 18
55	84 19
55	83 19
55	85 19
55	79 23
55	84 20
55	84 1
55	84 2
55	83 2
55	85 1
55	79 124
55	84 3
55	84 4
55	84 5
55	83 5
55	85 5
55	79 28
55	84 6
55	84 7
55	84 8
55	83 8
55	85 7
55	79 134
55	84 9
55	84 10
55	84 11
55	83 11
55	85 11
55	79 30
55	84 12
55	84 13
55	84 14
55	83 14
55	85 13
55	79 134
55	84 15
55	84 16
55	84 17
55	83 17
55	85 17
55	79 27
55	84 18
55	84 19
55	84 20
55	83 20
55	85 19
55	79 124
55	84 1
55	84 2
55	84 3
55	83 3
55	85 3
55	79 30
55	84 4
55	84 5
55	84 6
55	83 6
55	85 5
55	79 131
55	84 7
55	84 8
55	84 9
55	83 9
55	85 9
55	79 31
55	84 10
55	TEST_NUMBER 4
55	SENT_TOTAL 250
55	RECEIVED_TOTAL 83
55	TIME_TOTAL 29789
55	RECEIVED_RADIO_1 84
55	RECEIVED_RADIO_2 0
55	SENT_RADIO_1 125
55	SENT_RADIO_2 125
55	RADIO_TIME_1 29789
55	RADIO_TIME_2 19763
55	RETRANSMISSIONS_1 0
55	RETRANSMISSIONS_2 0
55	DROPPED_1 0
55	DROPPED_2 0
55	MAX_QUEUE 1
55	DUPLICATED_1 0
55	DUPLICATED_2 0
55	EBUSY_RADIO_1 0
55	EBUSY_RADIO_2 0
55	84 1
55	84 2
55	83 2
55	85 1
55	79 123
55	84 3
55	84 4
55	84 5
55	83 5
55	85 5
55	79 30
55	84 6
55	84 7
55	84 8
55	83 8
55	85 7
55	79 118
55	84 9
55	84 10
55	84 11
55	83 11
55	85 11
55	79 25
55	84 12
55	84 13
55	84 14
55	83 14
55	85 13
55	79 125
55	84 15
55	84 16
55	84 17
55	83 17
55	85 17
55	79 26
55	84 18
55	84 19
55	84 20
55	83 20
55	85 19
55	79 114
55	84 1
55	84 2
55	84 3
55	83 3
55	85 3
55	79 28
55	84 4
55	84 5
55	84 6
55	83 6
55	85 5
55	79 120
55	84 7
55	84 8
55	84 9
55	83 9
55	85 9
55	79 30
55	84 10
55	84 11
55	84 12
55	83 12
55	85 11
55	79 140
55	84 13
55	84 14
55	84 15
55	83 15
55	85 15
55	79 26
55	84 16
55	84 17
55	84 18
55	83 18
55	85 17
55	79 131
55	84 19
55	84 20
55	84 1
55	83 1
55	85 1
55	79 27
55	84 2
55	84 3
55	84 4
55	83 4
55	85 3
55	79 134
55	84 5
55	84 6
55	84 7
55	83 7
55	85 7
55	79 32
55	84 8
55	84 9
55	84 10
55	83 10
55	85 9
55	79 131
55	84 11
55	84 12
55	84 13
55	83 13
55	85 13
55	79 29
55	84 14
55	84 15
55	84 16
55	83 16
55	85 15
55	79 132
55	84 17
55	84 18
55	84 19
55	83 19
55	85 19
55	79 30
55	84 20
55	84 1
55	84 2
55	83 2
55	85 1
55	79 122
55	84 3
55	84 4
55	84 5
55	83 5
55	85 5
55	79 33
55	84 6
55	84 7
55	84 8
55	83 8
55	85 7
55	79 141
55	84 9
55	84 10
55	84 11
55	83 11
55	85 11
55	79 24
55	84 12
55	84 13
55	84 14
55	83 14
55	85 13
55	79 129
55	84 15
55	84 16
55	84 17
55	83 17
55	85 17
55	79 30
55	84 18
55	84 19
55	84 20
55	83 20
55	85 19
55	79 131
55	84 1
55	84 2
55	84 3
55	83 3
55	85 3
55	79 35
55	84 4
55	84 5
55	84 6
55	83 6
55	85 5
55	79 132
55	84 7
55	84 8
55	84 9
55	83 9
55	85 9
55	79 30
55	84 10
55	84 11
55	84 12
55	83 12
55	85 11
55	79 135
55	84 13
55	84 14
55	84 15
55	83 15
55	85 15
55	79 27
55	84 16
55	84 17
55	84 18
55	83 18
55	85 17
55	79 129
55	84 19
55	84 20
55	84 1
55	83 1
55	85 1
55	79 24
55	84 2
55	84 3
55	84 4
55	83 4
55	85 3
55	79 141
55	84 5
55	84 6
55	84 7
55	83 7
55	85 7
55	79 30
55	84 8
55	84 9
55	84 10
55	83 10
55	85 9
55	79 127
55	84 11
55	84 12
55	84 13
55	83 13
55	85 13
55	79 26
55	84 14
55	84 15
55	84 16
55	83 16
55	85 15
55	79 129
55	84 17
55	84 18
55	84 19
55	83 19
55	85 19
55	79 27
55	84 20
55	84 1
55	84 2
55	83 2
55	85 1
55	79 140
55	84 3
55	84 4
55	84 5
55	83 5
55	85 5
55	79 31
55	84 6
55	84 7
55	84 8
55	83 8
55	85 7
55	79 144
55	84 9
55	84 10
55	84 11
55	83 11
55	85 11
55	79 28
55	84 12
55	84 13
55	84 14
55	83 14
55	85 13
55	79 122
55	84 15
55	84 16
55	84 17
55	83 17
55	85 17
55	79 31
55	84 18
55	84 19
55	84 20
55	83 20
55	85 19
55	79 123
55	84 1
55	84 2
55	84 3
55	83 3
55	85 3
55	79 33
55	84 4
55	84 5
55	84 6
55	83 6
55	85 5
55	79 135
55	84 7
55	84 8
55	84 9
55	83 9
55	85 9
55	79 29
55	84 10
55	84 11
55	84 12
55	83 12
55	85 11
55	79 145
55	84 13
55	84 14
55	84 15
55	83 15
55	85 15
55	79 28
55	84 16
55	84 17
55	84 18
55	83 18
55	85 17
55	79 129
55	84 19
55	84 20
55	84 1
55	83 1
55	85 1
55	79 31
55	84 2
55	84 3
55	84 4
55	83 4
55	85 3
55	79 129
55	84 5
55	84 6
55	84 7
55	83 7
55	85 7
55	79 30
55	84 8
55	84 9
55	84 10
55	83 10
55	85 9
55	79 127
55	84 11
55	84 12
55	84 13
55	83 13
55	85 13
55	79 30
55	84 14
55	84 15
55	84 16
55	83 16
55	85 15
55	79 125
55	84 17
55	84 18
55	84 19
55	83 19
55	85 19
55	79 32
55	84 20
55	84 1
55	84 2
55	83 2
55	85 1
55	79 127
55	84 3
55	84 4
55	84 5
55	83 5
55	85 5
55	79 29
55	84 6
55	84 7
55	84 8
55	83 8
55	85 7
55	79 133
55	84 9
55	84 10
55	84 11
55	83 11
55	85 11
55	79 23
55	84 12
55	84 13
55	84 14
55	83 14
55	85 13
55	79 124
55	84 15
55	84 16
55	84 17
55	83 17
55	85 17
55	79 25
55	84 18
55	84 19
55	84 20
55	83 20
55	85 19
55	79 129
55	84 1
55	84 2
55	84 3
55	83 3
55	85 3
55	79 28
55	84 4
55	84 5
55	84 6
55	83 6
55	85 5
55	79 132
55	84 7
55	84 8
55	84 9
55	83 9
55	85 9
55	79 26
55	84 10
55	84 11
55	84 12
55	83 12
55	85 11
55	79 125
55	84 13
55	84 14
55	84 15
55	83 15
55	85 15
55	79 30
55	84 16
55	84 17
55	84 18
55	83 18
55	85 17
55	79 130
55	84 19
55	84 20
55	84 1
55	83 1
55	85 1
55	79 29
55	84 2
55	84 3
55	84 4
55	83 4
55	85 3
55	79 129
55	84 5
55	84 6
55	84 7
55	83 7
55	85 7
55	79 29
55	84 8
55	84 9
55	84 10
55	83 10
55	85 9
55	79 118
55	84 11
55	84 12
55	84 13
55	83 13
55	85 13
55	79 30
55	84 14
55	84 15
55	84 16
55	83 16
55	85 15
55	79 117
55	84 17
55	84 18
55	84 19
55	83 19
55	85 19
55	79 32
55	84 20
55	84 1
55	84 2
55	83 2
55	85 1
55	79 130
55	84 3
55	84 4
55	84 5
55	83 5
55	85 5
55	79 29
55	84 6
55	84 7
55	84 8
55	83 8
55	85 7
55	79 128
55	84 9
55	84 10
55	TEST_NUMBER 5
55	SENT_TOTAL 250
55	RECEIVED_TOTAL 83
55	TIME_TOTAL 19609
55	RECEIVED_RADIO_1 83
55	RECEIVED_RADIO_2 0
55	SENT_RADIO_1 125
55	SENT_RADIO_2 125
55	RADIO_TIME_1 19763
55	RADIO_TIME_2 19763
55	RETRANSMISSIONS_1 0
55	RETRANSMISSIONS_2 0
55	DROPPED_1 0
55	DROPPED_2 0
55	MAX_QUEUE 1
55	DUPLICATED_1 0
55	DUPLICATED_2 0
55	EBUSY_RADIO_1 0
55	EBUSY_RADIO_2 0
55	84 1
55	83 1
55	85 1
55	79 26
55	84 2
55	84 3
55	84 4
55	83 4
55	85 3
55	79 133
55	84 5
55	84 6
55	84 7
55	83 7
55	85 7
55	79 31
55	84 8
55	84 9
55	84 10
55	83 10
55	85 9
55	79 132
55	84 11
55	84 12
55	84 13
55	83 13
55	85 13
55	79 23
55	84 14
55	84 15
55	84 16
55	83 16
55	85 15
55	79 133
55	84 17
55	84 18
55	84 19
55	83 19
55	85 19
55	79 29
55	84 20
55	84 1
55	84 2
55	83 2
55	85 1
55	79 132
55	84 3
55	84 4
55	84 5
55	83 5
55	85 5
55	79 25
55	84 6
55	84 7
55	84 8
55	83 8
55	85 7
55	79 130
55	84 9
55	84 10
55	84 11
55	83 11
55	85 11
55	79 28
55	84 12
55	84 13
55	84 14
55	83 14
55	85 13
55	79 131
55	84 15
55	84 16
55	84 17
55	83 17
55	85 17
55	79 28
55	84 18
55	84 19
55	84 20
55	83 20
55	85 19
55	79 120
55	84 1
55	84 2
55	84 3
55	83 3
55	85 3
55	79 31
55	84 4
55	84 5
55	84 6
55	83 6
55	85 5
55	79 132
55	84 7
55	84 8
55	84 9
55	83 9
55	85 9
55	79 26
55	84 10
55	84 11
55	84 12
55	83 12
55	85 11
55	79 124
55	84 13
55	84 14
55	84 15
55	83 15
55	85 15
55	79 33
55	84 16
55	84 17
55	84 18
55	83 18
55	85 17
55	79 131
55	84 19
55	84 20
55	84 1
55	83 1
55	85 1
55	79 29
55	84 2
55	84 3
55	84 4
55	83 4
55	85 3
55	79 122
55	84 5
55	84 6
55	84 7
55	83 7
55	85 7
55	79 29
55	84 8
55	84 9
55	84 10
55	83 10
55	85 9
55	79 124
55	84 11
55	84 12
55	84 13
55	83 13
55	85 13
55	79 28
55	84 14
55	84 15
55	84 16
55	83 16
55	85 15
55	79 129
55	84 17
55	84 18
55	84 19
55	83 19
55	85 19
55	79 26
55	84 20
55	84 1
55	84 2
55	83 2
55	85 1
55	79 135
55	84 3
55	84 4
55	84 5
55	83 5
55	85 5
55	79 31
55	84 6
55	84 7
55	84 8
55	83 8
55	85 7
55	79 129
55	84 9
55	84 10
55	84 11
55	83 11
55	85 11
55	79 25
55	84 12
55	84 13
55	84 14
55	83 14
55	85 13
55	79 140
55	84 15
55	84 16
55	84 17
55	83 17
55	85 17
55	79 28
55	84 18
55	84 19
55	84 20
55	83 20
55	85 19
55	79 134
55	84 1
55	84 2
55	84 3
55	83 3
55	85 3
55	79 26
55	84 4
55	84 5
55	84 6
55	83 6
55	85 5
55	79 122
55	84 7
55	84 8
55	84 9
55	83 9
55	85 9
55	79 29
55	84 10
55	84 11
55	84 12
55	83 12
55	85 11
55	79 136
55	84 13
55	84 14
55	84 15
55	83 15
55	85 15
55	79 30
55	84 16
55	84 17
55	84 18
55	83 18
55	85 17
55	79 134
55	84 19
55	84 20
55	84 1
55	83 1
55	85 1
55	79 31
55	84 2
55	84 3
55	84 4
55	83 4
55	85 3
55	79 129
55	84 5
55	84 6
55	84 7
55	83 7
55	85 7
55	79 26
55	84 8
55	84 9
55	84 10
55	83 10
55	85 9
55	79 144
55	84 11
55	84 12
55	84 13
55	83 13
55	85 13
55	79 31
55	84 14
55	84 15
55	84 16
55	83 16
55	85 15
55	79 122
55	84 17
55	84 18
55	84 19
55	83 19
55	85 19
55	79 27
55	84 20
55	84 1
55	84 2
55	83 2
55	85 1
55	79 128
55	84 3
55	84 4
55	84 5
55	83 5
55	85 5
55	79 31
55	84 6
55	84 7
55	84 8
55	83 8
55	85 7
55	79 142
55	84 9
55	84 10
55	84 11
55	83 11
55	85 11
55	79 25
55	84 12
55	84 13
55	84 14
55	83 14
55	85 13
55	79 119
55	84 15
55	84 16
55	84 17
55	83 17
55	85 17
55	79 29
55	84 18
55	84 19
55	84 20
55	83 20
55	85 19
55	79 143
55	84 1
55	84 2
55	84 3
55	83 3
55	85 3
55	79 30
55	84 4
55	84 5
55	84 6
55	83 6
55	85 5
55	79 131
55	84 7
55	84 8
55	84 9
55	83 9
55	85 9
55	79 32
55	84 10
55	84 11
55	84 12
55	83 12
55	85 11
55	79 122
55	84 13
55	84 14
55	84 15
55	83 15
55	85 15
55	79 27
55	84 16
55	84 17
55	84 18
55	83 18
55	85 17
55	79 119
55	84 19
55	84 20
55	84 1
55	83 1
55	85 1
55	79 26
55	84 2
55	84 3
55	84 4
55	83 4
55	85 3
55	79 126
55	84 5
55	84 6
55	84 7
55	83 7
55	85 7
55	79 27
55	84 8
55	84 9
55	84 10
55	83 10
55	85 9
55	79 134
55	84 11
55	84 12
55	84 13
55	83 13
55	85 13
55	79 30
55	84 14
55	84 15
55	84 16
55	83 16
55	85 15
55	79 136
55	84 17
55	84 18
55	84 19
55	83 19
55	85 19
55	79 28
55	84 20
55	84 1
55	84 2
55	83 2
55	85 1
55	79 139
55	84 3
55	84 4
55	84 5
55	83 5
55	85 5
55	79 30
55	84 6
55	84 7
55	84 8
55	83 8
55	85 7
55	79 130
55	84 9
55	84 10
55	84 11
55	83 11
55	85 11
55	79 22
55	84 12
55	84 13
55	84 14
55	83 14
55	85 13
55	79 125
55	84 15
55	84 16
55	84 17
55	83 17
55	85 17
55	79 29
55	84 18
55	84 19
55	84 20
55	83 20
55	85 19
55	79 112
55	84 1
55	84 2
55	84 3
55	83 3
55	85 3
55	79 27
55	84 4
55	84 5
55	84 6
55	83 6
55	85 5
55	79 125
55	84 7
55	84 8
55	84 9
55	83 9
55	85 9
55	79 26
55	84 10
55	84 11
55	84 12
55	83 12
55	85 11
55	79 133
55	84 13
55	84 14
55	84 15
55	83 15
55	85 15
55	79 30
55	84 16
55	84 17
55	84 18
55	83 18
55	85 17
55	79 124
55	84 19
55	84 20
55	84 1
55	83 1
55	85 1
55	79 27
55	84 2
55	84 3
55	84 4
55	83 4
55	85 3
55	79 125
55	84 5
55	84 6
55	84 7
55	83 7
55	85 7
55	79 28
55	84 8
55	84 9
55	84 10
55	TEST_NUMBER 6
55	SENT_TOTAL 250
55	RECEIVED_TOTAL 83
55	TIME_TOTAL 19606
55	RECEIVED_RADIO_1 83
55	RECEIVED_RADIO_2 0
55	SENT_RADIO_1 125
55	SENT_RADIO_2 125
55	RADIO_TIME_1 19763
55	RADIO_TIME_2 19763
55	RETRANSMISSIONS_1 0
55	RETRANSMISSIONS_2 0
55	DROPPED_1 0
55	DROPPED_2 0
55	MAX_QUEUE 1
55	DUPLICATED_1 0
55	DUPLICATED_2 0
55	EBUSY_RADIO_1 0
55	EBUSY_RADIO_2 0
55	83 0
55	85 9
55	86 6

86	RELAY_NODE 86
86	TEST_NUMBER 0
86	SENT_TOTAL 0
86	RECEIVED_TOTAL 0
86	TIME_TOTAL 0
86	RECEIVED_RADIO_1 0
86	RECEIVED_RADIO_2 116
86	SENT_RADIO_1 116
86	SENT_RADIO_2 0
86	RADIO_TIME_1 18329
86	RADIO_TIME_2 18329
86	RETRANSMISSIONS_1 0
86	RETRANSMISSIONS_2 0
86	DROPPED_1 0
86	DROPPED_2 0
86	MAX_QUEUE 1
86	DUPLICATED_1 0
86	DUPLICATED_2 0
86	EBUSY_RADIO_1 0
86	EBUSY_RADIO_2 0
86	TEST_NUMBER 1
86	SENT_TOTAL 0
86	RECEIVED_TOTAL 0
86	TIME_TOTAL 0
86	RECEIVED_RADIO_1 0
86	RECEIVED_RADIO_2 125
86	SENT_RADIO_1 46
86	SENT_RADIO_2 0
86	RADIO_TIME_1 29726
86	RADIO_TIME_2 29726
86	RETRANSMISSIONS_1 787
86	RETRANSMISSIONS_2 0
86	DROPPED_1 79
86	DROPPED_2 0
86	MAX_QUEUE 1
86	DUPLICATED_1 0
86	DUPLICATED_2 0
86	EBUSY_RADIO_1 0
86	EBUSY_RADIO_2 0
86	TEST_NUMBER 2
86	SENT_TOTAL 0
86	RECEIVED_TOTAL 0
86	TIME_TOTAL 0
86	RECEIVED_RADIO_1 0
86	RECEIVED_RADIO_2 125
86	SENT_RADIO_1 32
86	SENT_RADIO_2 0
86	RADIO_TIME_1 29779
86	RADIO_TIME_2 29721
86	RETRANSMISSIONS_1 914
86	RETRANSMISSIONS_2 0
86	DROPPED_1 91
86	DROPPED_2 0
86	MAX_QUEUE 1
86	DUPLICATED_1 0
86	DUPLICATED_2 0
86	EBUSY_RADIO_1 0
86	EBUSY_RADIO_2 0
86	TEST_NUMBER 3
86	SENT_TOTAL 0
86	RECEIVED_TOTAL 0
86	TIME_TOTAL 0
86	RECEIVED_RADIO_1 0
86	RECEIVED_RADIO_2 125
86	SENT_RADIO_1 0
86	SENT_RADIO_2 0
86	RADIO_TIME_1 29868
86	RADIO_TIME_2 29725
86	RETRANSMISSIONS_1 1246
86	RETRANSMISSIONS_2 0
86	DROPPED_1 125
86	DROPPED_2 0
86	MAX_QUEUE 1
86	DUPLICATED_1 0
86	DUPLICATED_2 0
86	EBUSY_RADIO_1 0
86	EBUSY_RADIO_2 0
86	TEST_NUMBER 4
86	SENT_TOTAL 0
86	RECEIVED_TOTAL 0
86	TIME_TOTAL 0
86	RECEIVED_RADIO_1 0
86	RECEIVED_RADIO_2 125
86	SENT_RADIO_1 0
86	SENT_RADIO_2 0
86	RADIO_TIME_1 29877
86	RADIO_TIME_2 29727
86	RETRANSMISSIONS_1 1246
86	RETRANSMISSIONS_2 0
86	DROPPED_1 125
86	DROPPED_2 0
86	MAX_QUEUE 1
86	DUPLICATED_1 0
86	DUPLICATED_2 0
86	EBUSY_RADIO_1 0
86	EBUSY_RADIO_2 0
86	TEST_NUMBER 5
86	SENT_TOTAL 0
86	RECEIVED_TOTAL 0
86	TIME_TOTAL 0
86	RECEIVED_RADIO_1 0
86	RECEIVED_RADIO_2 125
86	SENT_RADIO_1 0
86	SENT_RADIO_2 0
86	RADIO_TIME_1 29874
86	RADIO_TIME_2 29725
86	RETRANSMISSIONS_1 1246
86	RETRANSMISSIONS_2 0
86	DROPPED_1 125
86	DROPPED_2 0
86	MAX_QUEUE 1
86	DUPLICATED_1 0
86	DUPLICATED_2 0
86	EBUSY_RADIO_1 0
86	EBUSY_RADIO_2 0
86	TEST_NUMBER 6
86	SENT_TOTAL 0
86	RECEIVED_TOTAL 0
86	TIME_TOTAL 0
86	RECEIVED_RADIO_1 0
86	RECEIVED_RADIO_2 125
86	SENT_RADIO_1 0
86	SENT_RADIO_2 0
86	RADIO_TIME_1 29877
86	RADIO_TIME_2 29720
86	RETRANSMISSIONS_1 1246
86	RETRANSMISSIONS_2 0
86	DROPPED_1 125
86	DROPPED_2 0
86	MAX_QUEUE 1
86	DUPLICATED_1 0
86	DUPLICATED_2 0
86	EBUSY_RADIO_1 0
86	EBUSY_RADIO_2 0

90	DESTINATION_NODE 90
90	TEST_NUMBER 0
90	SENT_TOTAL 250
90	RECEIVED_TOTAL 250
90	TIME_TOTAL 19856
90	RECEIVED_RADIO_1 125
90	RECEIVED_RADIO_2 125
90	SENT_RADIO_1 0
90	SENT_RADIO_2 190
90	RADIO_TIME_1 19856
90	RADIO_TIME_2 19862
90	RETRANSMISSIONS_1 598
90	RETRANSMISSIONS_2 2
90	DROPPED_1 60
90	DROPPED_2 0
90	MAX_QUEUE 2
90	DUPLICATED_1 0
90	DUPLICATED_2 0
90	EBUSY_RADIO_1 0
90	EBUSY_RADIO_2 0
90	TEST_NUMBER 1
90	SENT_TOTAL 171
90	RECEIVED_TOTAL 171
90	TIME_TOTAL 19847
90	RECEIVED_RADIO_1 46
90	RECEIVED_RADIO_2 125
90	SENT_RADIO_1 0
90	SENT_RADIO_2 123
90	RADIO_TIME_1 19847
90	RADIO_TIME_2 19855
90	RETRANSMISSIONS_1 479
90	RETRANSMISSIONS_2 0
90	DROPPED_1 48
90	DROPPED_2 0
90	MAX_QUEUE 2
90	DUPLICATED_1 0
90	DUPLICATED_2 0
90	EBUSY_RADIO_1 0
90	EBUSY_RADIO_2 0
90	TEST_NUMBER 2
90	SENT_TOTAL 148
90	RECEIVED_TOTAL 148
90	TIME_TOTAL 19763
90	RECEIVED_RADIO_1 23
90	RECEIVED_RADIO_2 125
90	SENT_RADIO_1 0
90	SENT_RADIO_2 103
90	RADIO_TIME_1 19763
90	RADIO_TIME_2 19763
90	RETRANSMISSIONS_1 440
90	RETRANSMISSIONS_2 0
90	DROPPED_1 44
90	DROPPED_2 0
90	MAX_QUEUE 2
90	DUPLICATED_1 0
90	DUPLICATED_2 0
90	EBUSY_RADIO_1 0
90	EBUSY_RADIO_2 0
90	TEST_NUMBER 3
90	SENT_TOTAL 125
90	RECEIVED_TOTAL 125
90	TIME_TOTAL 19762
90	RECEIVED_RADIO_1 0
90	RECEIVED_RADIO_2 125
90	SENT_RADIO_1 0
90	SENT_RADIO_2 84
90	RADIO_TIME_1 19694
90	RADIO_TIME_2 19863
90	RETRANSMISSIONS_1 418
90	RETRANSMISSIONS_2 0
90	DROPPED_1 42
90	DROPPED_2 0
90	MAX_QUEUE 1
90	DUPLICATED_1 0
90	DUPLICATED_2 0
90	EBUSY_RADIO_1 0
90	EBUSY_RADIO_2 0
90	TEST_NUMBER 4
90	SENT_TOTAL 125
90	RECEIVED_TOTAL 125
90	TIME_TOTAL 19767
90	RECEIVED_RADIO_1 0
90	RECEIVED_RADIO_2 125
90	SENT_RADIO_1 0
90	SENT_RADIO_2 83
90	RADIO_TIME_1 19605
90	RADIO_TIME_2 19767
90	RETRANSMISSIONS_1 410
90	RETRANSMISSIONS_2 0
90	DROPPED_1 41
90	DROPPED_2 0
90	MAX_QUEUE 1
90	DUPLICATED_1 0
90	DUPLICATED_2 0
90	EBUSY_RADIO_1 0
90	EBUSY_RADIO_2 0
90	TEST_NUMBER 5
90	SENT_TOTAL 125
90	RECEIVED_TOTAL 125
90	TIME_TOTAL 19765
90	RECEIVED_RADIO_1 0
90	RECEIVED_RADIO_2 125
90	SENT_RADIO_1 0
90	SENT_RADIO_2 83
90	RADIO_TIME_1 19765
90	RADIO_TIME_2 19765
90	RETRANSMISSIONS_1 419
90	RETRANSMISSIONS_2 0
90	DROPPED_1 42
90	DROPPED_2 0
90	MAX_QUEUE 1
90	DUPLICATED_1 0
90	DUPLICATED_2 0
90	EBUSY_RADIO_1 0
90	EBUSY_RADIO_2 0
90	TEST_NUMBER 6
90	SENT_TOTAL 125
90	RECEIVED_TOTAL 125
90	TIME_TOTAL 19765
90	RECEIVED_RADIO_1 0
90	RECEIVED_RADIO_2 125
90	SENT_RADIO_1 0
90	SENT_RADIO_2 84
90	RADIO_TIME_1 19700
90	RADIO_TIME_2 19872
90	RETRANSMISSIONS_1 418
90	RETRANSMISSIONS_2 0
90	DROPPED_1 42
90	DROPPED_2 0
90	MAX_QUEUE 1
90	DUPLICATED_1 0
90	DUPLICATED_2 0
90	EBUSY_RADIO_1 0
90	EBUSY_RADIO_2 0
