
11	SOURCE_NODE 11
11	84 1
11	84 2
11	84 3
11	84 4
11	83 4
11	85 1
11	79 246
11	84 5
11	83 5
11	85 4
11	79 119
11	84 6
11	83 6
11	85 6
11	79 38
11	84 7
11	84 8
11	83 8
11	85 5
11	79 264
11	83 8
11	85 8
11	79 35
11	84 9
11	83 9
11	85 7
11	79 204
11	84 10
11	84 11
11	83 11
11	85 9
11	79 189
11	84 12
11	84 13
11	84 14
11	83 14
11	85 12
11	79 232
11	84 15
11	83 15
11	85 14
11	79 136
11	84 16
11	84 17
11	84 18
11	84 19
11	84 20
11	83 20
11	85 20
11	79 58
11	83 20
11	85 19
11	79 143
11	84 1
11	84 2
11	84 3
11	83 3
11	85 2
11	79 91
11	83 3
11	85 3
11	79 40
11	84 4
11	84 5
11	83 5
11	85 4
11	79 123
11	84 6
11	84 7
11	83 7
11	85 5
11	79 189
11	84 8
11	84 9
11	84 10
11	83 10
11	85 8
11	79 235
11	84 11
11	83 11
11	85 10
11	79 82
11	84 12
11	84 13
11	84 14
11	83 14
11	85 12
11	79 227
11	83 14
11	85 14
11	79 78
11	84 15
11	84 16
11	84 17
11	83 17
11	85 16
11	79 118
11	84 18
11	83 18
11	85 18
11	79 28
11	84 19
11	84 20
11	83 20
11	85 17
11	79 269
11	83 20
11	85 20
11	79 39
11	84 1
11	83 1
11	85 1
11	79 39
11	84 2
11	84 3
11	83 3
11	85 2
11	79 122
11	84 4
11	84 5
11	84 6
11	83 6
11	85 3
11	79 276
11	83 6
11	85 6
11	79 45
11	84 7
11	84 8
11	84 9
11	84 10
11	83 10
11	85 8
11	79 191
11	83 10
11	85 10
11	79 40
11	84 11
11	84 12
11	84 13
11	83 13
11	85 12
11	79 105
11	83 13
11	85 11
11	79 201
11	84 14
11	83 14
11	85 14
11	79 40
11	84 15
11	84 16
11	83 16
11	85 16
11	79 24
11	84 17
11	84 18
11	84 19
11	84 20
11	83 20
11	85 18
11	79 228
11	83 20
11	85 20
11	79 76
11	84 1
11	84 2
11	84 3
11	84 4
11	83 4
11	85 2
11	79 228
11	84 5
11	84 6
11	83 6
11	85 6
11	79 26
11	84 7
11	84 8
11	83 8
11	85 5
11	79 249
11	83 8
11	85 7
11	79 98
11	83 8
11	85 8
11	79 46
11	84 9
11	84 10
11	84 11
11	83 11
11	85 10
11	79 83
11	83 11
11	85 11
11	79 58
11	84 12
11	84 13
11	83 13
11	85 12
11	79 124
11	84 14
11	84 15
11	84 16
11	83 16
11	85 13
11	79 266
11	84 17
11	84 18
11	83 18
11	85 16
11	79 216
11	84 19
11	84 20
11	83 20
11	85 20
11	79 29
11	84 1
11	84 2
11	83 2
11	85 19
11	79 271
11	84 3
11	83 3
11	85 1
11	79 186
11	84 4
11	83 4
11	85 3
11	79 115
11	83 4
11	85 4
11	79 41
11	84 5
11	84 6
11	83 6
11	85 6
11	79 46
11	84 7
11	84 8
11	83 8
11	85 8
11	79 32
11	84 9
11	83 9
11	85 7
11	79 231
11	84 10
11	84 11
11	84 12
11	83 12
11	85 10
11	79 211
11	83 12
11	85 12
11	79 60
11	84 13
11	84 14
11	83 14
11	85 14
11	79 46
11	84 15
11	84 16
11	84 17
11	84 18
11	83 18
11	85 16
11	79 210
11	84 19
11	84 20
11	84 1
11	83 1
11	85 20
11	79 117
11	83 1
11	85 19
11	79 203
11	84 2
11	84 3
11	84 4
11	84 5
11	84 6
11	84 7
11	83 7
11	85 6
11	79 104
11	83 7
11	85 5
11	79 206
11	84 8
11	84 9
11	84 10
11	84 11
11	84 12
11	83 12
11	85 12
11	79 54
11	84 13
11	83 13
11	85 11
11	79 191
11	84 14
11	84 15
11	83 15
11	85 13
11	79 196
11	83 15
11	85 15
11	79 58
11	84 16
11	84 17
11	83 17
11	85 16
11	79 107
11	84 18
11	84 19
11	83 19
11	85 17
11	79 196
11	84 20
11	84 1
11	83 1
11	85 20
11	79 133
11	84 2
11	83 2
11	85 2
11	79 36
11	84 3
11	83 3
11	85 1
11	79 211
11	83 3
11	85 3
11	79 61
11	84 4
11	83 4
11	85 4
11	79 45
11	84 5
11	84 6
11	83 6
11	85 6
11	79 50
11	84 7
11	83 7
11	85 5
11	79 206
11	83 7
11	85 7
11	79 54
11	84 8
11	84 9
11	84 10
11	84 11
11	83 11
11	85 10
11	79 112
11	83 11
11	85 9
11	79 202
11	84 12
11	84 13
11	83 13
11	85 11
11	79 200
11	84 14
11	84 15
11	83 15
11	85 14
11	79 111
11	83 15
11	85 13
11	79 200
11	84 16
11	84 17
11	83 17
11	85 15
11	79 189
11	84 18
11	84 19
11	84 20
11	83 20
11	85 18
11	79 228
11	83 20
11	85 20
11	79 74
11	84 1
11	84 2
11	83 2
11	85 1
11	79 113
11	83 2
11	85 2
11	79 44
11	84 3
11	84 4
11	84 5
11	83 5
11	85 3
11	79 196
11	83 5
11	85 5
11	79 47
11	84 6
11	84 7
11	83 7
11	85 6
11	79 104
11	83 7
11	85 7
11	79 36
11	84 8
11	84 9
11	83 9
11	85 9
11	79 26
11	84 10
11	84 11
11	83 11
11	85 10
11	79 105
11	83 11
11	85 11
11	79 35
11	84 12
11	84 13
11	83 13
11	85 13
11	79 28
11	84 14
11	84 15
11	83 15
11	85 14
11	79 120
11	84 16
11	84 17
11	84 18
11	83 18
11	85 15
11	79 274
11	83 18
11	85 18
11	79 44
11	84 19
11	84 20
11	83 20
11	85 17
11	79 262
11	84 1
11	83 1
11	85 19
11	79 186
11	84 2
11	83 2
11	85 1
11	79 136
11	83 2
11	85 2
11	79 63
11	84 3
11	84 4
11	83 4
11	85 4
11	79 34
11	84 5
11	83 5
11	85 5
11	79 38
11	84 6
11	84 7
11	83 7
11	85 6
11	79 110
11	83 7
11	85 7
11	79 40
11	84 8
11	84 9
11	83 9
11	85 9
11	79 30
11	84 10
11	84 11
11	83 11
11	85 10
11	79 121
11	84 12
11	84 13
11	83 13
11	85 11
11	79 193
11	83 13
11	85 13
11	79 44
11	84 14
11	84 15
11	83 15
11	85 14
11	79 110
11	84 16
11	84 17
11	83 17
11	85 15
11	79 205
11	84 18
11	84 19
11	83 19
11	85 18
11	79 117
11	84 20
11	83 20
11	85 20
11	79 33
11	84 1
11	83 1
11	85 19
11	79 197
11	83 1
11	85 1
11	79 47
11	84 2
11	84 3
11	83 3
11	85 2
11	79 109
11	84 4
11	83 4
11	85 4
11	79 22
11	84 5
11	84 6
11	83 6
11	85 5
11	79 109
11	83 6
11	85 6
11	79 52
11	84 7
11	84 8
11	83 8
11	85 8
11	79 27
11	84 9
11	84 10
11	83 10
11	85 9
11	79 105
11	83 10
11	85 10
11	79 34
11	84 11
11	84 12
11	83 12
11	85 12
11	79 50
11	84 13
11	84 14
11	83 14
11	85 14
11	79 28
11	84 15
11	84 16
11	83 16
11	85 13
11	79 276
11	83 16
11	85 16
11	79 43
11	84 17
11	83 17
11	85 17
11	79 31
11	84 18
11	84 19
11	83 19
11	85 18
11	79 107
11	83 19
11	85 19
11	79 38
11	84 20
11	83 20
11	85 20
11	79 38
11	84 1
11	84 2
11	83 2
11	85 2
11	79 26
11	84 3
11	84 4
11	84 5
11	83 5
11	85 4
11	79 106
11	83 5
11	85 3
11	79 197
11	84 6
11	83 6
11	85 6
11	79 30
11	84 7
11	84 8
11	83 8
11	85 7
11	79 105
11	83 8
11	85 8
11	79 33
11	84 9
11	83 9
11	85 9
11	79 40
11	84 10
11	84 11
11	83 11
11	85 11
11	79 28
11	84 12
11	84 13
11	83 13
11	85 12
11	79 105
11	83 13
11	85 13
11	79 34
11	84 14
11	83 14
11	85 14
11	79 36
11	84 15
11	84 16
11	84 17
11	83 17
11	85 15
11	79 182
11	84 18
11	83 18
11	85 17
11	79 115
11	83 18
11	85 18
11	79 44
11	84 19
11	83 19
11	85 19
11	79 44
11	84 20
11	84 1
11	83 1
11	85 1
11	79 31
11	84 2
11	84 3
11	83 3
11	85 2
11	79 107
11	83 3
11	85 3
11	79 33
11	84 4
11	84 5
11	83 5
11	85 5
11	79 25
11	84 6
11	84 7
11	83 7
11	85 6
11	79 104
11	83 7
11	85 7
11	79 44
11	84 8
11	83 8
11	85 8
11	79 32
11	84 9
11	84 10
11	83 10
11	85 10
11	79 23
11	84 11
11	84 12
11	83 12
11	85 11
11	79 103
11	83 12
11	85 12
11	79 52
11	84 13
11	84 14
11	83 14
11	85 14
11	79 27
11	84 15
11	84 16
11	83 16
11	85 15
11	79 105
11	83 16
11	85 16
11	79 31
11	84 17
11	84 18
11	83 18
11	85 18
11	79 27
11	84 19
11	84 20
11	83 20
11	85 19
11	79 112
11	83 20
11	85 20
11	79 41
11	84 1
11	83 1
11	85 1
11	79 39
11	84 2
11	84 3
11	84 4
11	83 4
11	85 4
11	79 28
11	84 5
11	83 5
11	85 3
11	79 196
11	83 5
11	85 5
11	79 46
11	84 6
11	84 7
11	84 8
11	83 8
11	85 6
11	79 204
11	84 9
11	83 9
11	85 9
11	79 28
11	84 10
11	TEST_NUMBER 0
11	SENT_TOTAL 250
11	RECEIVED_TOTAL 166
11	TIME_TOTAL 19546
11	RECEIVED_RADIO_1 166
11	RECEIVED_RADIO_2 0
11	SENT_RADIO_1 125
11	SENT_RADIO_2 124
11	RADIO_TIME_1 19791
11	RADIO_TIME_2 19763
11	RETRANSMISSIONS_1 0
11	RETRANSMISSIONS_2 0
11	DROPPED_1 0
11	DROPPED_2 0
11	MAX_QUEUE 1
11	DUPLICATED_1 18
11	DUPLICATED_2 0
11	EBUSY_RADIO_1 0
11	EBUSY_RADIO_2 0
11	83 0
11	85 10
11	86 0
11	84 1
11	84 2
11	83 2
11	85 2
11	79 30
11	84 3
11	84 4
11	83 4
11	85 3
11	79 114
11	83 4
11	85 4
11	79 44
11	84 5
11	83 5
11	85 5
11	79 32
11	84 6
11	84 7
11	83 7
11	85 7
11	79 28
11	84 8
11	84 9
11	83 9
11	85 8
11	79 106
11	83 9
11	85 9
11	79 35
11	84 10
11	83 10
11	85 10
11	79 34
11	84 11
11	84 12
11	83 12
11	85 12
11	79 27
11	84 13
11	84 14
11	83 14
11	85 13
11	79 111
11	84 15
11	83 15
11	85 15
11	79 28
11	84 16
11	84 17
11	83 17
11	85 16
11	79 109
11	84 18
11	84 19
11	83 19
11	85 19
11	79 32
11	84 20
11	83 20
11	85 18
11	79 191
11	83 20
11	85 20
11	79 41
11	84 1
11	84 2
11	83 2
11	85 1
11	79 103
11	83 2
11	85 2
11	79 31
11	84 3
11	84 4
11	83 4
11	85 4
11	79 25
11	84 5
11	83 5
11	85 5
11	79 41
11	84 6
11	84 7
11	83 7
11	85 6
11	79 113
11	84 8
11	83 8
11	85 8
11	79 31
11	84 9
11	84 10
11	83 10
11	85 9
11	79 109
11	83 10
11	85 10
11	79 38
11	84 11
11	84 12
11	83 12
11	85 12
11	79 26
11	84 13
11	84 14
11	83 14
11	85 13
11	79 105
11	83 14
11	85 14
11	79 32
11	84 15
11	83 15
11	85 15
11	79 34
11	84 16
11	84 17
11	83 17
11	85 17
11	79 26
11	84 18
11	84 19
11	83 19
11	85 18
11	79 105
11	83 19
11	85 19
11	79 45
11	84 20
11	84 1
11	83 1
11	85 1
11	79 25
11	84 2
11	84 3
11	83 3
11	85 2
11	79 107
11	83 3
11	85 3
11	79 41
11	84 4
11	83 4
11	85 4
11	79 34
11	84 5
11	84 6
11	83 6
11	85 6
11	79 24
11	84 7
11	84 8
11	84 9
11	83 9
11	85 8
11	79 120
11	83 9
11	85 9
11	79 47
11	84 10
11	84 11
11	83 11
11	85 10
11	79 110
11	83 11
11	85 11
11	79 48
11	84 12
11	83 12
11	85 12
11	79 38
11	84 13
11	84 14
11	84 15
11	83 15
11	85 14
11	79 108
11	83 15
11	85 15
11	79 36
11	84 16
11	83 16
11	85 16
11	79 32
11	84 17
11	84 18
11	83 18
11	85 18
11	79 24
11	84 19
11	84 20
11	83 20
11	85 19
11	79 107
11	83 20
11	85 20
11	79 37
11	84 1
11	84 2
11	84 3
11	83 3
11	85 1
11	79 210
11	83 3
11	85 3
11	79 58
11	84 4
11	84 5
11	83 5
11	85 4
11	79 118
11	84 6
11	84 7
11	83 7
11	85 7
11	79 32
11	84 8
11	83 8
11	85 6
11	79 204
11	83 8
11	85 8
11	79 50
11	84 9
11	84 10
11	84 11
11	83 11
11	85 10
11	79 106
11	84 12
11	83 12
11	85 12
11	79 32
11	84 13
11	83 13
11	85 11
11	79 194
11	83 13
11	85 13
11	79 42
11	84 14
11	84 15
11	83 15
11	85 14
11	79 109
11	84 16
11	84 17
11	83 17
11	85 15
11	79 194
11	83 17
11	85 17
11	79 51
11	84 18
11	84 19
11	83 19
11	85 18
11	79 110
11	84 20
11	84 1
11	84 2
11	83 2
11	85 19
11	79 264
11	83 2
11	85 2
11	79 49
11	84 3
11	84 4
11	84 5
11	83 5
11	85 3
11	79 200
11	84 6
11	83 6
11	85 6
11	79 45
11	84 7
11	84 8
11	83 8
11	85 8
11	79 43
11	83 8
11	85 5
11	79 291
11	84 9
11	84 10
11	83 10
11	85 7
11	79 262
11	83 10
11	85 10
11	79 43
11	84 11
11	84 12
11	84 13
11	83 13
11	85 12
11	79 134
11	84 14
11	83 14
11	85 14
11	79 29
11	84 15
11	83 15
11	85 15
11	79 54
11	84 16
11	83 16
11	85 13
11	79 296
11	83 16
11	85 16
11	79 67
11	84 17
11	83 17
11	85 17
11	79 76
11	84 18
11	84 19
11	84 20
11	83 20
11	85 18
11	79 193
11	83 20
11	85 20
11	79 39
11	84 1
11	84 2
11	83 2
11	85 1
11	79 120
11	84 3
11	84 4
11	84 5
11	83 5
11	85 5
11	79 31
11	84 6
11	84 7
11	84 8
11	84 9
11	83 9
11	85 7
11	79 225
11	83 9
11	85 9
11	79 72
11	84 10
11	84 11
11	83 11
11	85 10
11	79 103
11	83 11
11	85 11
11	79 48
11	84 12
11	84 13
11	84 14
11	83 14
11	85 12
11	79 189
11	83 14
11	85 14
11	79 41
11	84 15
11	84 16
11	83 16
11	85 15
11	79 109
11	84 17
11	83 17
11	85 17
11	79 28
11	84 18
11	84 19
11	83 19
11	85 19
11	79 49
11	84 20
11	83 20
11	85 18
11	79 217
11	83 20
11	85 20
11	79 72
11	84 1
11	83 1
11	85 1
11	79 68
11	84 2
11	84 3
11	84 4
11	83 4
11	85 2
11	79 215
11	83 4
11	85 4
11	79 65
11	84 5
11	84 6
11	83 6
11	85 5
11	79 94
11	84 7
11	83 7
11	85 7
11	79 37
11	84 8
11	84 9
11	84 10
11	83 10
11	85 9
11	79 124
11	84 11
11	83 11
11	85 11
11	79 28
11	84 12
11	83 12
11	85 10
11	79 202
11	84 13
11	84 14
11	84 15
11	83 15
11	85 13
11	79 209
11	83 15
11	85 12
11	79 296
11	84 16
11	84 17
11	83 17
11	85 16
11	79 108
11	84 18
11	84 19
11	83 19
11	85 18
11	79 111
11	84 20
11	84 1
11	84 2
11	84 3
11	83 3
11	85 1
11	79 200
11	83 3
11	85 3
11	79 55
11	84 4
11	84 5
11	83 5
11	85 5
11	79 58
11	84 6
11	84 7
11	84 8
11	83 8
11	85 6
11	79 219
11	84 9
11	84 10
11	84 11
11	84 12
11	84 13
11	84 14
11	84 15
11	84 16
11	84 17
11	84 18
11	84 19
11	84 20
11	84 1
11	83 1
11	85 18
11	79 276
11	83 1
11	85 1
11	79 46
11	84 2
11	83 2
11	85 20
11	79 198
11	83 2
11	85 2
11	79 48
11	84 3
11	83 3
11	85 3
11	79 50
11	84 4
11	84 5
11	83 5
11	85 5
11	79 61
11	84 6
11	83 6
11	85 6
11	79 42
11	84 7
11	84 8
11	83 8
11	85 7
11	79 124
11	84 9
11	84 10
11	84 11
11	83 11
11	85 8
11	79 278
11	83 11
11	85 11
11	79 49
11	84 12
11	84 13
11	83 13
11	85 10
11	79 264
11	84 14
11	83 14
11	85 12
11	79 188
11	84 15
11	84 16
11	84 17
11	83 17
11	85 15
11	79 216
11	83 17
11	85 17
11	79 64
11	84 18
11	84 19
11	83 19
11	85 18
11	79 106
11	83 19
11	85 19
11	79 35
11	84 20
11	84 1
11	83 1
11	85 1
11	79 41
11	84 2
11	83 2
11	85 2
11	79 71
11	84 3
11	84 4
11	83 4
11	85 3
11	79 123
11	84 5
11	84 6
11	84 7
11	84 8
11	84 9
11	83 9
11	85 7
11	79 204
11	84 10
11	83 10
11	85 9
11	79 91
11	84 11
11	83 11
11	85 11
11	79 53
11	84 12
11	84 13
11	83 13
11	85 13
11	79 39
11	84 14
11	84 15
11	83 15
11	85 14
11	79 111
11	83 15
11	85 15
11	79 56
11	84 16
11	84 17
11	84 18
11	84 19
11	84 20
11	84 1
11	84 2
11	84 3
11	83 3
11	85 1
11	79 225
11	84 4
11	84 5
11	84 6
11	84 7
11	83 7
11	85 5
11	79 234
11	84 8
11	84 9
11	83 9
11	85 9
11	79 24
11	84 10
11	84 11
11	84 12
11	84 13
11	83 13
11	85 11
11	79 225
11	84 14
11	84 15
11	84 16
11	84 17
11	84 18
11	84 19
11	83 19
11	85 15
11	79 360
11	83 19
11	85 19
11	79 74
11	84 20
11	84 1
11	83 1
11	85 18
11	79 250
11	83 1
11	85 1
11	79 58
11	84 2
11	84 3
11	83 3
11	85 3
11	79 25
11	84 4
11	83 4
11	85 2
11	79 232
11	84 5
11	83 5
11	85 4
11	79 113
11	83 5
11	85 5
11	79 48
11	84 6
11	83 6
11	85 6
11	79 65
11	84 7
11	84 8
11	83 8
11	85 8
11	79 27
11	84 9
11	84 10
11	83 10
11	85 9
11	79 125
11	84 11
11	84 12
11	83 12
11	85 10
11	79 197
11	84 13
11	84 14
11	83 14
11	85 13
11	79 117
11	84 15
11	83 15
11	85 15
11	79 38
11	84 16
11	83 16
11	85 14
11	79 196
11	83 16
11	85 16
11	79 45
11	84 17
11	84 18
11	83 18
11	85 17
11	79 96
11	84 19
11	83 19
11	85 19
11	79 36
11	84 20
11	84 1
11	84 2
11	83 2
11	85 1
11	79 115
11	84 3
11	83 3
11	85 3
11	79 36
11	84 4
11	84 5
11	83 5
11	85 2
11	79 265
11	83 5
11	85 5
11	79 33
11	84 6
11	83 6
11	85 4
11	79 193
11	83 6
11	85 6
11	79 40
11	84 7
11	84 8
11	83 8
11	85 7
11	79 91
11	84 9
11	84 10
11	TEST_NUMBER 1
11	SENT_TOTAL 250
11	RECEIVED_TOTAL 159
11	TIME_TOTAL 29616
11	RECEIVED_RADIO_1 160
11	RECEIVED_RADIO_2 0
11	SENT_RADIO_1 124
11	SENT_RADIO_2 126
11	RADIO_TIME_1 29765
11	RADIO_TIME_2 19683
11	RETRANSMISSIONS_1 1
11	RETRANSMISSIONS_2 0
11	DROPPED_1 0
11	DROPPED_2 0
11	MAX_QUEUE 1
11	DUPLICATED_1 25
11	DUPLICATED_2 0
11	EBUSY_RADIO_1 0
11	EBUSY_RADIO_2 0
11	83 0
11	85 8
11	86 1
11	84 1
11	84 2
11	83 2
11	85 1
11	79 124
11	83 2
11	85 2
11	79 57
11	84 3
11	84 4
11	83 4
11	85 3
11	79 110
11	84 5
11	83 5
11	85 5
11	79 23
11	84 6
11	84 7
11	83 7
11	85 6
11	79 112
11	83 7
11	85 7
11	79 40
11	84 8
11	84 9
11	83 9
11	85 9
11	79 25
11	84 10
11	84 11
11	83 11
11	85 10
11	79 109
11	84 12
11	83 12
11	85 12
11	79 30
11	84 13
11	84 14
11	83 14
11	85 13
11	79 132
11	84 15
11	84 16
11	83 16
11	85 14
11	79 188
11	83 16
11	85 16
11	79 35
11	84 17
11	84 18
11	83 18
11	85 17
11	79 108
11	84 19
11	84 20
11	83 20
11	85 18
11	79 233
11	84 1
11	83 1
11	85 20
11	79 106
11	83 1
11	85 1
11	79 35
11	84 2
11	84 3
11	84 4
11	83 4
11	85 3
11	79 95
11	84 5
11	83 5
11	85 5
11	79 32
11	84 6
11	84 7
11	83 7
11	85 4
11	79 242
11	83 7
11	85 6
11	79 98
11	83 7
11	85 7
11	79 40
11	84 8
11	84 9
11	84 10
11	83 10
11	85 9
11	79 84
11	84 11
11	84 12
11	84 13
11	83 13
11	85 13
11	79 45
11	84 14
11	83 14
11	85 10
11	79 371
11	83 14
11	85 12
11	79 220
11	84 15
11	83 15
11	85 15
11	79 79
11	84 16
11	84 17
11	83 17
11	85 17
11	79 29
11	84 18
11	84 19
11	83 19
11	85 16
11	79 266
11	83 19
11	85 19
11	79 34
11	84 20
11	83 20
11	85 18
11	79 230
11	84 1
11	83 1
11	85 1
11	79 48
11	84 2
11	84 3
11	83 3
11	85 3
11	79 29
11	84 4
11	84 5
11	83 5
11	85 2
11	79 273
11	83 5
11	85 5
11	79 42
11	84 6
11	84 7
11	83 7
11	85 7
11	79 30
11	84 8
11	84 9
11	84 10
11	83 10
11	85 9
11	79 106
11	83 10
11	85 8
11	79 209
11	84 11
11	83 11
11	85 11
11	79 35
11	84 12
11	84 13
11	83 13
11	85 10
11	79 276
11	83 13
11	85 12
11	79 123
11	84 14
11	84 15
11	83 15
11	85 14
11	79 108
11	84 16
11	83 16
11	85 16
11	79 32
11	84 17
11	84 18
11	83 18
11	85 17
11	79 108
11	83 18
11	85 18
11	79 36
11	84 19
11	84 20
11	84 1
11	83 1
11	85 1
11	79 31
11	84 2
11	84 3
11	83 3
11	85 20
11	79 265
11	83 3
11	85 3
11	79 35
11	84 4
11	84 5
11	84 6
11	84 7
11	83 7
11	85 6
11	79 135
11	84 8
11	84 9
11	83 9
11	85 8
11	79 110
11	84 10
11	83 10
11	85 10
11	79 22
11	84 11
11	84 12
11	83 12
11	85 11
11	79 131
11	84 13
11	84 14
11	84 15
11	83 15
11	85 12
11	79 244
11	83 15
11	85 14
11	79 90
11	84 16
11	83 16
11	85 15
11	79 109
11	84 17
11	84 18
11	83 18
11	85 16
11	79 192
11	83 18
11	85 18
11	79 38
11	84 19
11	84 20
11	83 20
11	85 19
11	79 108
11	84 1
11	83 1
11	85 1
11	79 26
11	84 2
11	84 3
11	84 4
11	84 5
11	83 5
11	85 3
11	79 219
11	83 5
11	85 5
11	79 68
11	84 6
11	84 7
11	84 8
11	83 8
11	85 7
11	79 116
11	83 8
11	85 6
11	79 205
11	84 9
11	84 10
11	84 11
11	83 11
11	85 8
11	79 277
11	83 11
11	85 11
11	79 46
11	84 12
11	83 12
11	85 10
11	79 222
11	83 12
11	85 12
11	79 70
11	84 13
11	84 14
11	83 14
11	85 13
11	79 82
11	84 15
11	83 15
11	85 15
11	79 24
11	84 16
11	84 17
11	83 17
11	85 16
11	79 108
11	83 17
11	85 17
11	79 34
11	84 18
11	84 19
11	84 20
11	83 20
11	85 18
11	79 186
11	84 1
11	83 1
11	85 20
11	79 118
11	83 1
11	85 1
11	79 44
11	84 2
11	83 2
11	85 2
11	79 38
11	84 3
11	84 4
11	83 4
11	85 4
11	79 27
11	84 5
11	84 6
11	83 6
11	85 5
11	79 108
11	83 6
11	85 6
11	79 37
11	84 7
11	84 8
11	83 8
11	85 8
11	79 25
11	84 9
11	84 10
11	83 10
11	85 9
11	79 108
11	83 10
11	85 10
11	79 42
11	84 11
11	84 12
11	83 12
11	85 12
11	79 30
11	84 13
11	84 14
11	83 14
11	85 13
11	79 122
11	84 15
11	84 16
11	83 16
11	85 14
11	79 193
11	84 17
11	83 17
11	85 17
11	79 49
11	84 18
11	83 18
11	85 16
11	79 195
11	83 18
11	85 18
11	79 42
11	84 19
11	84 20
11	83 20
11	85 19
11	79 82
11	84 1
11	84 2
11	83 2
11	85 20
11	79 204
11	83 2
11	85 2
11	79 53
11	84 3
11	84 4
11	83 4
11	85 3
11	79 105
11	84 5
11	84 6
11	83 6
11	85 4
11	79 210
11	84 7
11	84 8
11	84 9
11	83 9
11	85 7
11	79 228
11	83 9
11	85 9
11	79 77
11	84 10
11	84 11
11	83 11
11	85 11
11	79 45
11	84 12
11	83 12
11	85 10
11	79 221
11	84 13
11	84 14
11	83 14
11	85 13
11	79 84
11	83 14
11	85 14
11	79 51
11	84 15
11	84 16
11	84 17
11	84 18
11	83 18
11	85 15
11	79 282
11	83 18
11	85 16
11	79 210
11	83 18
11	85 18
11	79 57
11	84 19
11	83 19
11	85 19
11	79 44
11	84 20
11	84 1
11	84 2
11	83 2
11	85 1
11	79 82
11	84 3
11	83 3
11	85 3
11	79 33
11	84 4
11	84 5
11	83 5
11	85 2
11	79 243
11	84 6
11	84 7
11	83 7
11	85 5
11	79 201
11	83 7
11	85 7
11	79 49
11	84 8
11	84 9
11	84 10
11	84 11
11	83 11
11	85 9
11	79 216
11	83 11
11	85 11
11	79 63
11	84 12
11	84 13
11	84 14
11	84 15
11	83 15
11	85 13
11	79 208
11	84 16
11	83 16
11	85 16
11	79 34
11	84 17
11	84 18
11	83 18
11	85 17
11	79 121
11	84 19
11	84 20
11	83 20
11	85 18
11	79 195
11	84 1
11	84 2
11	84 3
11	84 4
11	83 4
11	85 1
11	79 255
11	84 5
11	83 5
11	85 5
11	79 59
11	83 5
11	85 4
11	79 151
11	84 6
11	83 6
11	85 6
11	79 79
11	84 7
11	84 8
11	84 9
11	83 9
11	85 9
11	79 26
11	84 10
11	84 11
11	83 11
11	85 8
11	79 265
11	83 11
11	85 11
11	79 43
11	84 12
11	83 12
11	85 12
11	79 42
11	84 13
11	84 14
11	83 14
11	85 13
11	79 125
11	84 15
11	84 16
11	83 16
11	85 14
11	79 194
11	83 16
11	85 16
11	79 54
11	84 17
11	84 18
11	83 18
11	85 17
11	79 107
11	84 19
11	83 19
11	85 19
11	79 31
11	84 20
11	84 1
11	84 2
11	83 2
11	85 1
11	79 111
11	84 3
11	83 3
11	85 3
11	79 29
11	84 4
11	84 5
11	83 5
11	85 2
11	79 260
11	83 5
11	85 5
11	79 32
11	84 6
11	83 6
11	85 4
11	79 239
11	84 7
11	83 7
11	85 6
11	79 96
11	84 8
11	84 9
11	83 9
11	85 9
11	79 28
11	84 10
11	84 11
11	83 11
11	85 8
11	79 269
11	83 11
11	85 11
11	79 41
11	84 12
11	83 12
11	85 12
11	79 34
11	84 13
11	84 14
11	83 14
11	85 13
11	79 121
11	84 15
11	84 16
11	83 16
11	85 14
11	79 223
11	84 17
11	83 17
11	85 17
11	79 48
11	84 18
11	84 19
11	83 19
11	85 16
11	79 275
11	84 20
11	83 20
11	85 18
11	79 203
11	83 20
11	85 20
11	79 59
11	84 1
11	84 2
11	83 2
11	85 1
11	79 107
11	84 3
11	84 4
11	84 5
11	83 5
11	85 2
11	79 270
11	83 5
11	85 5
11	79 47
11	84 6
11	84 7
11	84 8
11	83 8
11	85 4
11	79 353
11	84 9
11	83 9
11	85 8
11	79 127
11	83 9
11	85 6
11	79 297
11	84 10
11	84 11
11	83 11
11	85 10
11	79 82
11	84 12
11	83 12
11	85 12
11	79 32
11	84 13
11	83 13
11	85 11
11	79 213
11	83 13
11	85 13
11	79 62
11	84 14
11	84 15
11	83 15
11	85 14
11	79 94
11	84 16
11	84 17
11	83 17
11	85 15
11	79 219
11	84 18
11	83 18
11	85 17
11	79 108
11	83 18
11	85 18
11	79 46
11	84 19
11	83 19
11	85 19
11	79 65
11	84 20
11	84 1
11	84 2
11	84 3
11	84 4
11	83 4
11	85 2
11	79 238
11	84 5
11	83 5
11	85 1
11	79 329
11	84 6
11	84 7
11	83 7
11	85 6
11	79 140
11	83 7
11	85 5
11	79 228
11	84 8
11	84 9
11	83 9
11	85 7
11	79 218
11	84 10
11	84 11
11	84 12
11	83 12
11	85 10
11	79 224
11	83 12
11	85 12
11	79 70
11	84 13
11	84 14
11	83 14
11	85 13
11	79 102
11	83 14
11	85 14
11	79 32
11	84 15
11	83 15
11	85 15
11	79 34
11	84 16
11	84 17
11	84 18
11	83 18
11	85 18
11	79 23
11	84 19
11	84 20
11	83 20
11	85 17
11	79 264
11	83 20
11	85 20
11	79 32
11	84 1
11	84 2
11	83 2
11	85 19
11	79 242
11	84 3
11	83 3
11	85 1
11	79 192
11	84 4
11	84 5
11	84 6
11	83 6
11	85 4
11	79 216
11	83 6
11	85 6
11	79 62
11	84 7
11	84 8
11	84 9
11	83 9
11	85 8
11	79 124
11	84 10
11	TEST_NUMBER 2
11	SENT_TOTAL 250
11	RECEIVED_TOTAL 174
11	TIME_TOTAL 29772
11	RECEIVED_RADIO_1 175
11	RECEIVED_RADIO_2 0
11	SENT_RADIO_1 125
11	SENT_RADIO_2 125
11	RADIO_TIME_1 29772
11	RADIO_TIME_2 19843
11	RETRANSMISSIONS_1 1
11	RETRANSMISSIONS_2 0
11	DROPPED_1 0
11	DROPPED_2 0
11	MAX_QUEUE 1
11	DUPLICATED_1 30
11	DUPLICATED_2 0
11	EBUSY_RADIO_1 0
11	EBUSY_RADIO_2 0
11	83 0
11	85 10
11	86 2
11	84 1
11	84 2
11	83 2
11	85 2
11	79 36
11	83 2
11	85 9
11	86 2
11	84 3
11	83 3
11	85 1
11	79 202
11	83 3
11	85 3
11	79 54
11	84 4
11	84 5
11	83 5
11	85 4
11	79 84
11	84 6
11	84 7
11	83 7
11	85 5
11	79 227
11	84 8
11	84 9
11	83 9
11	85 8
11	79 116
11	83 9
11	85 7
11	79 205
11	84 10
11	84 11
11	83 11
11	85 9
11	79 237
11	84 12
11	84 13
11	84 14
11	83 14
11	85 12
11	79 226
11	84 15
11	83 15
11	85 15
11	79 30
11	84 16
11	84 17
11	83 17
11	85 16
11	79 106
11	83 17
11	85 17
11	79 43
11	84 18
11	84 19
11	84 20
11	83 20
11	85 20
11	79 24
11	84 1
11	84 2
11	83 2
11	85 19
11	79 266
11	83 2
11	85 2
11	79 71
11	84 3
11	84 4
11	83 4
11	85 4
11	79 27
11	84 5
11	84 6
11	83 6
11	85 3
11	79 266
11	83 6
11	85 6
11	79 34
11	84 7
11	84 8
11	83 8
11	85 8
11	79 39
11	84 9
11	84 10
11	83 10
11	85 7
11	79 265
11	83 10
11	85 10
11	79 31
11	84 11
11	83 11
11	85 9
11	79 222
11	84 12
11	84 13
11	83 13
11	85 11
11	79 193
11	84 14
11	83 14
11	85 14
11	79 61
11	84 15
11	84 16
11	83 16
11	85 13
11	79 265
11	83 16
11	85 16
11	79 35
11	84 17
11	84 18
11	83 18
11	85 18
11	79 26
11	84 19
11	84 20
11	83 20
11	85 17
11	79 246
11	84 1
11	84 2
11	83 2
11	85 20
11	79 202
11	83 2
11	85 2
11	79 49
11	84 3
11	84 4
11	84 5
11	83 5
11	85 4
11	79 130
11	84 6
11	83 6
11	85 6
11	79 30
11	84 7
11	84 8
11	83 8
11	85 5
11	79 270
11	83 8
11	85 8
11	79 54
11	84 9
11	84 10
11	83 10
11	85 7
11	79 241
11	84 11
11	83 11
11	85 9
11	79 214
11	84 12
11	84 13
11	83 13
11	85 12
11	79 110
11	83 13
11	85 11
11	79 198
11	84 14
11	83 14
11	85 14
11	79 32
11	84 15
11	84 16
11	83 16
11	85 16
11	79 30
11	84 17
11	84 18
11	83 18
11	85 15
11	79 263
11	83 18
11	85 18
11	79 64
11	84 19
11	84 20
11	83 20
11	85 20
11	79 25
11	84 1
11	84 2
11	83 2
11	85 19
11	79 266
11	83 2
11	85 2
11	79 42
11	84 3
11	83 3
11	85 1
11	79 204
11	84 4
11	84 5
11	83 5
11	85 3
11	79 193
11	84 6
11	84 7
11	83 7
11	85 6
11	79 110
11	83 7
11	85 5
11	79 197
11	84 8
11	84 9
11	83 9
11	85 7
11	79 188
11	84 10
11	83 10
11	85 9
11	79 109
11	83 10
11	85 10
11	79 38
11	84 11
11	84 12
11	83 12
11	85 12
11	79 61
11	84 13
11	84 14
11	84 15
11	84 16
11	83 16
11	85 13
11	79 265
11	83 16
11	85 16
11	79 32
11	84 17
11	84 18
11	83 18
11	85 15
11	79 254
11	84 19
11	84 20
11	83 20
11	85 17
11	79 255
11	84 1
11	84 2
11	83 2
11	85 20
11	79 212
11	84 3
11	83 3
11	85 3
11	79 29
11	84 4
11	84 5
11	83 5
11	85 4
11	79 125
11	84 6
11	84 7
11	83 7
11	85 5
11	79 201
11	83 7
11	85 7
11	79 58
11	84 8
11	84 9
11	83 9
11	85 8
11	79 95
11	84 10
11	84 11
11	83 11
11	85 9
11	79 197
11	84 12
11	83 12
11	85 11
11	79 103
11	83 12
11	85 12
11	79 30
11	84 13
11	84 14
11	83 14
11	85 14
11	79 49
11	84 15
11	84 16
11	83 16
11	85 16
11	79 21
11	84 17
11	84 18
11	84 19
11	84 20
11	83 20
11	85 18
11	79 236
11	84 1
11	84 2
11	83 2
11	85 2
11	79 44
11	84 3
11	84 4
11	84 5
11	84 6
11	83 6
11	85 4
11	79 215
11	84 7
11	84 8
11	84 9
11	84 10
11	83 10
11	85 8
11	79 231
11	84 11
11	84 12
11	84 13
11	84 14
11	83 14
11	85 12
11	79 235
11	84 15
11	84 16
11	83 16
11	85 16
11	79 55
11	84 17
11	84 18
11	83 18
11	85 18
11	79 39
11	83 18
11	85 17
11	79 129
11	84 19
11	84 20
11	83 20
11	85 20
11	79 66
11	84 1
11	84 2
11	84 3
11	84 4
11	83 4
11	85 4
11	79 26
11	84 5
11	84 6
11	83 6
11	85 3
11	79 268
11	83 6
11	85 6
11	79 46
11	84 7
11	84 8
11	83 8
11	85 8
11	79 68
11	84 9
11	84 10
11	83 10
11	85 7
11	79 278
11	84 11
11	84 12
11	83 12
11	85 9
11	79 270
11	83 12
11	85 12
11	79 56
11	84 13
11	83 13
11	85 11
11	79 165
11	84 14
11	84 15
11	83 15
11	85 13
11	79 207
11	84 16
11	84 17
11	83 17
11	85 16
11	79 137
11	84 18
11	83 18
11	85 18
11	79 37
11	84 19
11	84 20
11	83 20
11	85 17
11	79 266
11	83 20
11	85 20
11	79 38
11	84 1
11	84 2
11	83 2
11	85 2
11	79 49
11	84 3
11	84 4
11	84 5
11	84 6
11	83 6
11	85 3
11	79 265
11	83 6
11	85 6
11	79 46
11	84 7
11	84 8
11	84 9
11	84 10
11	83 10
11	85 8
11	79 193
11	83 10
11	85 10
11	79 47
11	84 11
11	84 12
11	84 13
11	84 14
11	83 14
11	85 12
11	79 210
11	84 15
11	84 16
11	83 16
11	85 16
11	79 32
11	84 17
11	84 18
11	83 18
11	85 18
11	79 49
11	84 19
11	84 20
11	84 1
11	83 1
11	85 20
11	79 98
11	84 2
11	83 2
11	85 1
11	79 99
11	84 3
11	83 3
11	85 2
11	79 104
11	84 4
11	84 5
11	84 6
11	84 7
11	83 7
11	85 6
11	79 127
11	84 8
11	83 8
11	85 8
11	79 28
11	84 9
11	84 10
11	83 10
11	85 7
11	79 263
11	83 10
11	85 10
11	79 32
11	84 11
11	84 12
11	83 12
11	85 12
11	79 60
11	84 13
11	84 14
11	84 15
11	83 15
11	85 14
11	79 105
11	83 15
11	85 13
11	79 196
11	84 16
11	83 16
11	85 16
11	79 34
11	84 17
11	83 17
11	85 17
11	79 49
11	84 18
11	83 18
11	85 18
11	79 48
11	84 19
11	84 20
11	84 1
11	84 2
11	83 2
11	85 20
11	79 217
11	84 3
11	84 4
11	83 4
11	85 4
11	79 26
11	84 5
11	83 5
11	85 3
11	79 201
11	84 6
11	84 7
11	83 7
11	85 6
11	79 84
11	83 7
11	85 7
11	79 37
11	84 8
11	84 9
11	83 9
11	85 8
11	79 120
11	84 10
11	84 11
11	84 12
11	83 12
11	85 9
11	79 270
11	83 12
11	85 12
11	79 39
11	84 13
11	83 13
11	85 11
11	79 227
11	84 14
11	83 14
11	85 14
11	79 28
11	84 15
11	84 16
11	84 17
11	84 18
11	83 18
11	85 16
11	79 228
11	84 19
11	84 20
11	83 20
11	85 20
11	79 26
11	84 1
11	83 1
11	85 19
11	79 230
11	83 1
11	85 1
11	79 76
11	84 2
11	84 3
11	83 3
11	85 2
11	79 108
11	84 4
11	84 5
11	84 6
11	84 7
11	84 8
11	83 8
11	85 8
11	79 57
11	83 8
11	85 7
11	79 150
11	84 9
11	84 10
11	83 10
11	85 9
11	79 84
11	84 11
11	83 11
11	85 11
11	79 27
11	84 12
11	84 13
11	83 13
11	85 12
11	79 126
11	84 14
11	84 15
11	83 15
11	85 13
11	79 190
11	84 16
11	83 16
11	85 15
11	79 118
11	83 16
11	85 16
11	79 45
11	84 17
11	83 17
11	85 17
11	79 45
11	84 18
11	84 19
11	84 20
11	83 20
11	85 20
11	79 26
11	84 1
11	84 2
11	84 3
11	84 4
11	83 4
11	85 2
11	79 227
11	83 4
11	85 4
11	79 75
11	84 5
11	84 6
11	84 7
11	84 8
11	83 8
11	85 6
11	79 220
11	84 9
11	83 9
11	85 9
11	79 25
11	84 10
11	84 11
11	83 11
11	85 10
11	79 124
11	84 12
11	84 13
11	84 14
11	84 15
11	84 16
11	83 16
11	85 14
11	79 200
11	83 16
11	85 16
11	79 57
11	84 17
11	84 18
11	83 18
11	85 15
11	79 241
11	83 18
11	85 17
11	79 97
11	83 18
11	85 18
11	79 47
11	84 19
11	84 20
11	84 1
11	83 1
11	85 19
11	79 238
11	84 2
11	84 3
11	83 3
11	85 2
11	79 128
11	84 4
11	83 4
11	85 4
11	79 31
11	84 5
11	84 6
11	84 7
11	84 8
11	83 8
11	85 6
11	79 228
11	83 8
11	85 8
11	79 76
11	84 9
11	84 10
11	TEST_NUMBER 3
11	SENT_TOTAL 250
11	RECEIVED_TOTAL 151
11	TIME_TOTAL 29771
11	RECEIVED_RADIO_1 153
11	RECEIVED_RADIO_2 0
11	SENT_RADIO_1 125
11	SENT_RADIO_2 125
11	RADIO_TIME_1 29775
11	RADIO_TIME_2 19763
11	RETRANSMISSIONS_1 0
11	RETRANSMISSIONS_2 0
11	DROPPED_1 0
11	DROPPED_2 0
11	MAX_QUEUE 1
11	DUPLICATED_1 19
11	DUPLICATED_2 0
11	EBUSY_RADIO_1 0
11	EBUSY_RADIO_2 0
11	83 0
11	85 10
11	86 3
11	84 1
11	83 1
11	85 1
11	79 42
11	84 2
11	84 3
11	83 3
11	85 2
11	79 105
11	83 3
11	85 3
11	79 46
11	84 4
11	83 4
11	85 4
11	79 36
11	84 5
11	84 6
11	83 6
11	85 6
11	79 22
11	84 7
11	84 8
11	83 8
11	85 7
11	79 118
11	83 8
11	85 8
11	79 47
11	84 9
11	84 10
11	83 10
11	85 10
11	79 27
11	84 11
11	84 12
11	83 12
11	85 11
11	79 108
11	83 12
11	85 12
11	79 37
11	84 13
11	84 14
11	83 14
11	85 14
11	79 26
11	84 15
11	84 16
11	83 16
11	85 15
11	79 105
11	83 16
11	85 16
11	79 32
11	84 17
11	83 17
11	85 17
11	79 36
11	84 18
11	84 19
11	83 19
11	85 19
11	79 35
11	84 20
11	84 1
11	83 1
11	85 20
11	79 110
11	83 1
11	85 1
11	79 37
11	84 2
11	83 2
11	85 2
11	79 41
11	84 3
11	84 4
11	83 4
11	85 4
11	79 23
11	84 5
11	84 6
11	83 6
11	85 5
11	79 105
11	83 6
11	85 6
11	79 36
11	84 7
11	84 8
11	83 8
11	85 8
11	79 28
11	84 9
11	84 10
11	83 10
11	85 9
11	79 106
11	83 10
11	85 10
11	79 35
11	84 11
11	84 12
11	83 12
11	85 12
11	79 26
11	84 13
11	84 14
11	83 14
11	85 13
11	79 106
11	83 14
11	85 14
11	79 34
11	84 15
11	83 15
11	85 15
11	79 37
11	84 16
11	84 17
11	83 17
11	85 17
11	79 24
11	84 18
11	84 19
11	83 19
11	85 18
11	79 104
11	83 19
11	85 19
11	79 30
11	84 20
11	84 1
11	83 1
11	85 1
11	79 27
11	84 2
11	84 3
11	83 3
11	85 2
11	79 110
11	83 3
11	85 3
11	79 50
11	84 4
11	83 4
11	85 4
11	79 34
11	84 5
11	84 6
11	83 6
11	85 6
11	79 34
11	84 7
11	84 8
11	83 8
11	85 7
11	79 104
11	83 8
11	85 8
11	79 40
11	84 9
11	84 10
11	83 10
11	85 10
11	79 23
11	84 11
11	84 12
11	83 12
11	85 11
11	79 102
11	83 12
11	85 12
11	79 30
11	84 13
11	83 13
11	85 13
11	79 36
11	84 14
11	84 15
11	83 15
11	85 15
11	79 31
11	84 16
11	84 17
11	83 17
11	85 16
11	79 112
11	83 17
11	85 17
11	79 38
11	84 18
11	84 19
11	83 19
11	85 19
11	79 28
11	84 20
11	84 1
11	83 1
11	85 20
11	79 103
11	84 2
11	83 2
11	85 2
11	79 29
11	84 3
11	84 4
11	83 4
11	85 3
11	79 107
11	83 4
11	85 4
11	79 43
11	84 5
11	83 5
11	85 5
11	79 29
11	84 6
11	84 7
11	84 8
11	83 8
11	85 8
11	79 28
11	84 9
11	83 9
11	85 7
11	79 193
11	83 9
11	85 9
11	79 43
11	84 10
11	84 11
11	83 11
11	85 10
11	79 105
11	84 12
11	83 12
11	85 12
11	79 27
11	84 13
11	84 14
11	83 14
11	85 13
11	79 108
11	83 14
11	85 14
11	79 37
11	84 15
11	83 15
11	85 15
11	79 35
11	84 16
11	84 17
11	83 17
11	85 17
11	79 26
11	84 18
11	84 19
11	83 19
11	85 18
11	79 107
11	83 19
11	85 19
11	79 34
11	84 20
11	84 1
11	84 2
11	83 2
11	85 2
11	79 24
11	84 3
11	84 4
11	83 4
11	85 1
11	79 269
11	83 4
11	85 4
11	79 37
11	84 5
11	83 5
11	85 3
11	79 190
11	84 6
11	83 6
11	85 6
11	79 27
11	84 7
11	84 8
11	83 8
11	85 7
11	79 110
11	83 8
11	85 8
11	79 39
11	84 9
11	84 10
11	84 11
11	84 12
11	84 13
11	84 14
11	84 15
11	83 15
11	85 14
11	79 110
11	83 15
11	85 15
11	79 49
11	84 16
11	84 17
11	83 17
11	85 16
11	79 106
11	84 18
11	84 19
11	84 20
11	83 20
11	85 17
11	79 263
11	83 20
11	85 20
11	79 43
11	83 20
11	85 19
11	79 130
11	84 1
11	84 2
11	83 2
11	85 1
11	79 100
11	84 3
11	84 4
11	83 4
11	85 4
11	79 31
11	84 5
11	83 5
11	85 3
11	79 199
11	84 6
11	83 6
11	85 5
11	79 112
11	83 6
11	85 6
11	79 44
11	84 7
11	84 8
11	83 8
11	85 8
11	79 26
11	84 9
11	84 10
11	83 10
11	85 9
11	79 113
11	83 10
11	85 10
11	79 50
11	84 11
11	84 12
11	83 12
11	85 12
11	79 29
11	84 13
11	84 14
11	83 14
11	85 13
11	79 105
11	83 14
11	85 14
11	79 42
11	84 15
11	84 16
11	83 16
11	85 16
11	79 28
11	84 17
11	84 18
11	83 18
11	85 17
11	79 104
11	83 18
11	85 18
11	79 34
11	84 19
11	83 19
11	85 19
11	79 36
11	84 20
11	84 1
11	83 1
11	85 1
11	79 27
11	84 2
11	84 3
11	83 3
11	85 2
11	79 105
11	83 3
11	85 3
11	79 34
11	84 4
11	84 5
11	84 6
11	83 6
11	85 6
11	79 26
11	84 7
11	83 7
11	85 5
11	79 194
11	83 7
11	85 7
11	79 44
11	84 8
11	84 9
11	83 9
11	85 8
11	79 106
11	84 10
11	83 10
11	85 10
11	79 29
11	84 11
11	84 12
11	83 12
11	85 11
11	79 106
11	83 12
11	85 12
11	79 44
11	84 13
11	83 13
11	85 13
11	79 36
11	84 14
11	84 15
11	83 15
11	85 15
11	79 28
11	84 16
11	84 17
11	83 17
11	85 16
11	79 108
11	84 18
11	84 19
11	83 19
11	85 18
11	79 126
11	84 20
11	84 1
11	83 1
11	85 19
11	79 192
11	83 1
11	85 1
11	79 38
11	84 2
11	84 3
11	83 3
11	85 2
11	79 107
11	83 3
11	85 3
11	79 35
11	84 4
11	84 5
11	83 5
11	85 5
11	79 28
11	84 6
11	84 7
11	83 7
11	85 6
11	79 103
11	83 7
11	85 7
11	79 37
11	84 8
11	84 9
11	83 9
11	85 9
11	79 29
11	84 10
11	84 11
11	83 11
11	85 10
11	79 120
11	84 12
11	84 13
11	84 14
11	83 14
11	85 11
11	79 277
11	83 14
11	85 14
11	79 45
11	84 15
11	84 16
11	83 16
11	85 13
11	79 258
11	84 17
11	83 17
11	85 15
11	79 199
11	84 18
11	84 19
11	83 19
11	85 18
11	79 107
11	83 19
11	85 17
11	79 209
11	83 19
11	85 19
11	79 56
11	84 20
11	84 1
11	84 2
11	83 2
11	85 2
11	79 22
11	84 3
11	83 3
11	85 1
11	79 195
11	83 3
11	85 3
11	79 41
11	84 4
11	84 5
11	83 5
11	85 4
11	79 108
11	84 6
11	84 7
11	83 7
11	85 6
11	79 131
11	84 8
11	84 9
11	83 9
11	85 7
11	79 197
11	84 10
11	84 11
11	83 11
11	85 10
11	79 120
11	83 11
11	85 9
11	79 209
11	83 11
11	85 11
11	79 59
11	84 12
11	84 13
11	84 14
11	83 14
11	85 14
11	79 28
11	84 15
11	84 16
11	84 17
11	84 18
11	83 18
11	85 13
11	79 458
11	83 18
11	85 16
11	79 228
11	84 19
11	83 19
11	85 18
11	79 131
11	84 20
11	84 1
11	84 2
11	83 2
11	85 19
11	79 274
11	83 2
11	85 2
11	79 45
11	84 3
11	83 3
11	85 1
11	79 201
11	83 3
11	85 3
11	79 49
11	84 4
11	84 5
11	83 5
11	85 4
11	79 95
11	84 6
11	84 7
11	84 8
11	83 8
11	85 5
11	79 265
11	83 8
11	85 8
11	79 43
11	83 8
11	85 7
11	79 131
11	84 9
11	84 10
11	84 11
11	83 11
11	85 10
11	79 114
11	84 12
11	83 12
11	85 12
11	79 35
11	84 13
11	83 13
11	85 11
11	79 200
11	83 13
11	85 13
11	79 49
11	84 14
11	84 15
11	83 15
11	85 14
11	79 97
11	84 16
11	84 17
11	83 17
11	85 15
11	79 184
11	84 18
11	84 19
11	83 19
11	85 18
11	79 122
11	83 19
11	85 17
11	79 212
11	84 20
11	83 20
11	85 20
11	79 23
11	84 1
11	84 2
11	83 2
11	85 1
11	79 108
11	83 2
11	85 2
11	79 47
11	84 3
11	84 4
11	83 4
11	85 4
11	79 35
11	84 5
11	84 6
11	83 6
11	85 6
11	79 30
11	84 7
11	83 7
11	85 5
11	79 226
11	84 8
11	83 8
11	85 7
11	79 84
11	84 9
11	83 9
11	85 8
11	79 93
11	84 10
11	83 10
11	85 10
11	79 34
11	84 11
11	84 12
11	84 13
11	83 13
11	85 12
11	79 124
11	83 13
11	85 13
11	79 51
11	84 14
11	84 15
11	83 15
11	85 14
11	79 107
11	83 15
11	85 15
11	79 33
11	84 16
11	84 17
11	83 17
11	85 17
11	79 30
11	84 18
11	84 19
11	83 19
11	85 18
11	79 104
11	83 19
11	85 19
11	79 33
11	84 20
11	84 1
11	83 1
11	85 1
11	79 29
11	84 2
11	84 3
11	83 3
11	85 2
11	79 118
11	84 4
11	84 5
11	83 5
11	85 3
11	79 187
11	84 6
11	83 6
11	85 5
11	79 116
11	83 6
11	85 6
11	79 43
11	84 7
11	83 7
11	85 7
11	79 43
11	84 8
11	84 9
11	83 9
11	85 9
11	79 26
11	84 10
11	84 11
11	83 11
11	85 10
11	79 109
11	83 11
11	85 11
11	79 48
11	84 12
11	84 13
11	84 14
11	83 14
11	85 14
11	79 28
11	84 15
11	84 16
11	83 16
11	85 13
11	79 266
11	83 16
11	85 16
11	79 37
11	84 17
11	83 17
11	85 17
11	79 38
11	84 18
11	84 19
11	83 19
11	85 18
11	79 124
11	84 20
11	84 1
11	84 2
11	83 2
11	85 2
11	79 44
11	84 3
11	84 4
11	84 5
11	84 6
11	84 7
11	84 8
11	83 8
11	85 8
11	79 27
11	83 8
11	85 5
11	79 290
11	84 9
11	83 9
11	85 7
11	79 193
11	83 9
11	85 9
11	79 40
11	84 10
11	TEST_NUMBER 4
11	SENT_TOTAL 250
11	RECEIVED_TOTAL 184
11	TIME_TOTAL 29723
11	RECEIVED_RADIO_1 185
11	RECEIVED_RADIO_2 0
11	SENT_RADIO_1 125
11	SENT_RADIO_2 125
11	RADIO_TIME_1 29723
11	RADIO_TIME_2 19763
11	RETRANSMISSIONS_1 0
11	RETRANSMISSIONS_2 0
11	DROPPED_1 0
11	DROPPED_2 0
11	MAX_QUEUE 1
11	DUPLICATED_1 26
11	DUPLICATED_2 0
11	EBUSY_RADIO_1 0
11	EBUSY_RADIO_2 0
11	83 0
11	85 10
11	86 4
11	84 1
11	84 2
11	83 2
11	85 2
11	79 27
11	84 3
11	84 4
11	84 5
11	83 5
11	85 4
11	79 105
11	83 5
11	85 3
11	79 226
11	84 6
11	83 6
11	85 6
11	79 26
11	84 7
11	84 8
11	83 8
11	85 7
11	79 110
11	83 8
11	85 8
11	79 37
11	84 9
11	84 10
11	83 10
11	85 10
11	79 37
11	84 11
11	83 11
11	85 11
11	79 40
11	84 12
11	84 13
11	83 13
11	85 12
11	79 128
11	84 14
11	84 15
11	83 15
11	85 13
11	79 208
11	83 15
11	85 15
11	79 57
11	84 16
11	84 17
11	83 17
11	85 16
11	79 102
11	83 17
11	85 17
11	79 31
11	84 18
11	84 19
11	84 20
11	83 20
11	85 20
11	79 32
11	84 1
11	83 1
11	85 19
11	79 197
11	84 2
11	83 2
11	85 1
11	79 106
11	83 2
11	85 2
11	79 37
11	84 3
11	84 4
11	83 4
11	85 4
11	79 27
11	84 5
11	84 6
11	83 6
11	85 5
11	79 110
11	83 6
11	85 6
11	79 38
11	84 7
11	83 7
11	85 7
11	79 33
11	84 8
11	84 9
11	83 9
11	85 9
11	79 32
11	84 10
11	84 11
11	83 11
11	85 10
11	79 108
11	83 11
11	85 11
11	79 35
11	84 12
11	84 13
11	83 13
11	85 13
11	79 30
11	84 14
11	84 15
11	83 15
11	85 14
11	79 109
11	83 15
11	85 15
11	79 35
11	84 16
11	83 16
11	85 16
11	79 38
11	84 17
11	84 18
11	83 18
11	85 18
11	79 29
11	84 19
11	84 20
11	84 1
11	83 1
11	85 20
11	79 109
11	83 1
11	85 19
11	79 211
11	84 2
11	83 2
11	85 2
11	79 27
11	84 3
11	84 4
11	83 4
11	85 4
11	79 49
11	84 5
11	83 5
11	85 3
11	79 193
11	84 6
11	83 6
11	85 5
11	79 96
11	84 7
11	83 7
11	85 7
11	79 25
11	84 8
11	84 9
11	83 9
11	85 8
11	79 109
11	83 9
11	85 9
11	79 42
11	84 10
11	84 11
11	83 11
11	85 11
11	79 33
11	84 12
11	84 13
11	83 13
11	85 12
11	79 136
11	84 14
11	84 15
11	83 15
11	85 13
11	79 194
11	83 15
11	85 15
11	79 44
11	84 16
11	84 17
11	83 17
11	85 16
11	79 108
11	84 18
11	84 19
11	83 19
11	85 17
11	79 192
11	84 20
11	84 1
11	83 1
11	85 20
11	79 116
11	83 1
11	85 1
11	79 45
11	84 2
11	84 3
11	83 3
11	85 2
11	79 103
11	84 4
11	83 4
11	85 4
11	79 28
11	84 5
11	84 6
11	84 7
11	83 7
11	85 6
11	79 123
11	83 7
11	85 7
11	79 52
11	84 8
11	84 9
11	83 9
11	85 8
11	79 108
11	83 9
11	85 9
11	79 33
11	84 10
11	83 10
11	85 10
11	79 34
11	84 11
11	84 12
11	83 12
11	85 12
11	79 25
11	84 13
11	84 14
11	83 14
11	85 13
11	79 108
11	84 15
11	84 16
11	83 16
11	85 15
11	79 103
11	83 16
11	85 16
11	79 29
11	84 17
11	83 17
11	85 17
11	79 45
11	84 18
11	84 19
11	83 19
11	85 19
11	79 28
11	84 20
11	84 1
11	83 1
11	85 20
11	79 107
11	83 1
11	85 1
11	79 36
11	84 2
11	84 3
11	83 3
11	85 3
11	79 28
11	84 4
11	84 5
11	83 5
11	85 4
11	79 108
11	83 5
11	85 5
11	79 36
11	84 6
11	83 6
11	85 6
11	79 36
11	84 7
11	84 8
11	83 8
11	85 8
11	79 26
11	84 9
11	84 10
11	83 10
11	85 9
11	79 106
11	83 10
11	85 10
11	79 37
11	84 11
11	84 12
11	84 13
11	83 13
11	85 12
11	79 101
11	83 13
11	85 13
11	79 49
11	84 14
11	84 15
11	83 15
11	85 15
11	79 27
11	84 16
11	84 17
11	83 17
11	85 16
11	79 109
11	83 17
11	85 17
11	79 36
11	84 18
11	84 19
11	84 20
11	83 20
11	85 20
11	79 24
11	84 1
11	84 2
11	83 2
11	85 2
11	79 43
11	84 3
11	83 3
11	85 1
11	79 188
11	84 4
11	83 4
11	85 4
11	79 26
11	84 5
11	84 6
11	83 6
11	85 5
11	79 114
11	83 6
11	85 6
11	79 41
11	84 7
11	84 8
11	83 8
11	85 8
11	79 24
11	84 9
11	84 10
11	83 10
11	85 9
11	79 112
11	83 10
11	85 10
11	79 40
11	84 11
11	84 12
11	83 12
11	85 12
11	79 28
11	84 13
11	84 14
11	84 15
11	83 15
11	85 14
11	79 125
11	84 16
11	83 16
11	85 16
11	79 24
11	84 17
11	84 18
11	83 18
11	85 15
11	79 267
11	83 18
11	85 18
11	79 35
11	84 19
11	83 19
11	85 17
11	79 235
11	84 20
11	84 1
11	84 2
11	83 2
11	85 19
11	79 275
11	83 2
11	85 2
11	79 46
11	84 3
11	83 3
11	85 1
11	79 205
11	83 3
11	85 3
11	79 57
11	84 4
11	84 5
11	83 5
11	85 4
11	79 82
11	84 6
11	83 6
11	85 6
11	79 25
11	84 7
11	84 8
11	83 8
11	85 7
11	79 113
11	83 8
11	85 8
11	79 43
11	84 9
11	84 10
11	83 10
11	85 10
11	79 26
11	84 11
11	84 12
11	83 12
11	85 11
11	79 112
11	83 12
11	85 12
11	79 39
11	84 13
11	84 14
11	83 14
11	85 14
11	79 22
11	84 15
11	84 16
11	84 17
11	83 17
11	85 16
11	79 115
11	83 17
11	85 17
11	79 49
11	84 18
11	84 19
11	83 19
11	85 18
11	79 110
11	84 20
11	83 20
11	85 20
11	79 24
11	84 1
11	84 2
11	83 2
11	85 1
11	79 114
11	83 2
11	85 2
11	79 42
11	84 3
11	83 3
11	85 3
11	79 29
11	84 4
11	84 5
11	84 6
11	83 6
11	85 6
11	79 22
11	84 7
11	83 7
11	85 5
11	79 204
11	83 7
11	85 7
11	79 63
11	84 8
11	84 9
11	83 9
11	85 8
11	79 92
11	84 10
11	84 11
11	83 11
11	85 9
11	79 189
11	84 12
11	83 12
11	85 11
11	79 112
11	83 12
11	85 12
11	79 50
11	84 13
11	84 14
11	84 15
11	83 15
11	85 13
11	79 195
11	84 16
11	84 17
11	83 17
11	85 16
11	79 118
11	83 17
11	85 17
11	79 45
11	84 18
11	84 19
11	83 19
11	85 18
11	79 108
11	83 19
11	85 19
11	79 47
11	84 20
11	84 1
11	83 1
11	85 1
11	79 26
11	84 2
11	84 3
11	83 3
11	85 2
11	79 105
11	83 3
11	85 3
11	79 34
11	84 4
11	84 5
11	83 5
11	85 5
11	79 30
11	84 6
11	84 7
11	83 7
11	85 6
11	79 110
11	83 7
11	85 7
11	79 39
11	84 8
11	84 9
11	83 9
11	85 9
11	79 29
11	84 10
11	84 11
11	83 11
11	85 10
11	79 111
11	83 11
11	85 11
11	79 36
11	84 12
11	83 12
11	85 12
11	79 40
11	84 13
11	84 14
11	83 14
11	85 14
11	79 32
11	84 15
11	84 16
11	83 16
11	85 15
11	79 105
11	83 16
11	85 16
11	79 37
11	84 17
11	83 17
11	85 17
11	79 36
11	84 18
11	84 19
11	84 20
11	83 20
11	85 20
11	79 22
11	84 1
11	83 1
11	85 19
11	79 225
11	83 1
11	85 1
11	79 71
11	84 2
11	84 3
11	83 3
11	85 2
11	79 89
11	84 4
11	83 4
11	85 4
11	79 25
11	84 5
11	84 6
11	83 6
11	85 5
11	79 108
11	84 7
11	84 8
11	83 8
11	85 8
11	79 26
11	84 9
11	84 10
11	83 10
11	85 7
11	79 270
11	83 10
11	85 10
11	79 48
11	84 11
11	84 12
11	83 12
11	85 12
11	79 30
11	84 13
11	84 14
11	83 14
11	85 11
11	79 263
11	84 15
11	83 15
11	85 13
11	79 230
11	84 16
11	84 17
11	83 17
11	85 16
11	79 124
11	84 18
11	83 18
11	85 18
11	79 26
11	84 19
11	84 20
11	83 20
11	85 17
11	79 267
11	83 20
11	85 20
11	79 38
11	84 1
11	83 1
11	85 19
11	79 195
11	83 1
11	85 1
11	79 76
11	84 2
11	84 3
11	84 4
11	83 4
11	85 4
11	79 25
11	84 5
11	84 6
11	83 6
11	85 3
11	79 268
11	83 6
11	85 6
11	79 50
11	84 7
11	83 7
11	85 5
11	79 239
11	84 8
11	84 9
11	84 10
11	83 10
11	85 7
11	79 241
11	84 11
11	83 11
11	85 10
11	79 109
11	84 12
11	83 12
11	85 12
11	79 27
11	84 13
11	83 13
11	85 11
11	79 201
11	83 13
11	85 13
11	79 68
11	84 14
11	84 15
11	83 15
11	85 14
11	79 88
11	84 16
11	83 16
11	85 16
11	79 26
11	84 17
11	84 18
11	84 19
11	83 19
11	85 18
11	79 118
11	83 19
11	85 19
11	79 50
11	84 20
11	83 20
11	85 20
11	79 36
11	84 1
11	84 2
11	83 2
11	85 1
11	79 109
11	83 2
11	85 2
11	79 40
11	84 3
11	84 4
11	83 4
11	85 4
11	79 26
11	84 5
11	84 6
11	83 6
11	85 5
11	79 101
11	83 6
11	85 6
11	79 28
11	84 7
11	83 7
11	85 7
11	79 40
11	84 8
11	84 9
11	83 9
11	85 9
11	79 27
11	84 10
11	84 11
11	83 11
11	85 10
11	79 109
11	83 11
11	85 11
11	79 37
11	84 12
11	83 12
11	85 12
11	79 40
11	84 13
11	84 14
11	83 14
11	85 14
11	79 31
11	84 15
11	84 16
11	83 16
11	85 15
11	79 129
11	84 17
11	84 18
11	83 18
11	85 16
11	79 196
11	84 19
11	83 19
11	85 18
11	79 111
11	83 19
11	85 19
11	79 41
11	84 20
11	83 20
11	85 20
11	79 62
11	84 1
11	84 2
11	83 2
11	85 2
11	79 27
11	84 3
11	84 4
11	83 4
11	85 3
11	79 106
11	83 4
11	85 4
11	79 33
11	84 5
11	84 6
11	83 6
11	85 6
11	79 29
11	84 7
11	84 8
11	83 8
11	85 7
11	79 121
11	84 9
11	84 10
11	TEST_NUMBER 5
11	SENT_TOTAL 250
11	RECEIVED_TOTAL 186
11	TIME_TOTAL 29676
11	RECEIVED_RADIO_1 187
11	RECEIVED_RADIO_2 0
11	SENT_RADIO_1 124
11	SENT_RADIO_2 126
11	RADIO_TIME_1 29795
11	RADIO_TIME_2 19683
11	RETRANSMISSIONS_1 1
11	RETRANSMISSIONS_2 0
11	DROPPED_1 0
11	DROPPED_2 0
11	MAX_QUEUE 1
11	DUPLICATED_1 12
11	DUPLICATED_2 0
11	EBUSY_RADIO_1 0
11	EBUSY_RADIO_2 0
11	83 0
11	85 8
11	86 5
11	84 1
11	84 2
11	84 3
11	84 4
11	84 5
11	83 5
11	85 1
11	79 343
11	83 5
11	85 2
11	79 271
11	83 5
11	85 5
11	79 39
11	84 6
11	84 7
11	84 8
11	84 9
11	83 9
11	85 7
11	79 192
11	84 10
11	84 11
11	83 11
11	85 11
11	79 51
11	84 12
11	84 13
11	83 13
11	85 13
11	79 46
11	84 14
11	84 15
11	84 16
11	83 16
11	85 15
11	79 94
11	83 16
11	85 16
11	79 63
11	84 17
11	84 18
11	83 18
11	85 17
11	79 122
11	84 19
11	84 20
11	84 1
11	84 2
11	84 3
11	83 3
11	85 3
11	79 62
11	83 3
11	85 2
11	79 154
11	84 4
11	83 4
11	85 4
11	79 78
11	84 5
11	84 6
11	84 7
11	83 7
11	85 7
11	79 26
11	84 8
11	84 9
11	84 10
11	84 11
11	83 11
11	85 9
11	79 230
11	84 12
11	83 12
11	85 11
11	79 81
11	84 13
11	83 13
11	85 12
11	79 106
11	83 13
11	85 13
11	79 34
11	84 14
11	83 14
11	85 14
11	79 35
11	84 15
11	84 16
11	83 16
11	85 16
11	79 27
11	84 17
11	84 18
11	83 18
11	85 17
11	79 109
11	83 18
11	85 18
11	79 37
11	84 19
11	84 20
11	83 20
11	85 20
11	79 31
11	84 1
11	84 2
11	83 2
11	85 1
11	79 107
11	83 2
11	85 2
11	79 40
11	84 3
11	84 4
11	83 4
11	85 4
11	79 24
11	84 5
11	84 6
11	83 6
11	85 5
11	79 120
11	84 7
11	84 8
11	83 8
11	85 6
11	79 195
11	84 9
11	84 10
11	84 11
11	83 11
11	85 9
11	79 228
11	83 11
11	85 11
11	79 74
11	84 12
11	84 13
11	84 14
11	84 15
11	83 15
11	85 13
11	79 220
11	83 15
11	85 15
11	79 70
11	84 16
11	84 17
11	83 17
11	85 16
11	79 108
11	83 17
11	85 17
11	79 50
11	84 18
11	84 19
11	84 20
11	84 1
11	83 1
11	85 18
11	79 265
11	83 1
11	85 1
11	79 33
11	84 2
11	83 2
11	85 20
11	79 231
11	84 3
11	84 4
11	83 4
11	85 2
11	79 209
11	83 4
11	85 4
11	79 56
11	84 5
11	84 6
11	83 6
11	85 5
11	79 107
11	84 7
11	83 7
11	85 7
11	79 23
11	84 8
11	84 9
11	84 10
11	83 10
11	85 9
11	79 113
11	83 10
11	85 8
11	79 201
11	84 11
11	83 11
11	85 11
11	79 27
11	84 12
11	84 13
11	83 13
11	85 12
11	79 110
11	83 13
11	85 13
11	79 36
11	84 14
11	83 14
11	85 14
11	79 33
11	84 15
11	84 16
11	84 17
11	83 17
11	85 17
11	79 21
11	84 18
11	84 19
11	83 19
11	85 16
11	79 268
11	83 19
11	85 19
11	79 35
11	84 20
11	83 20
11	85 18
11	79 222
11	84 1
11	84 2
11	84 3
11	84 4
11	84 5
11	83 5
11	85 5
11	79 62
11	84 6
11	83 6
11	85 4
11	79 195
11	84 7
11	84 8
11	83 8
11	85 6
11	79 224
11	84 9
11	84 10
11	83 10
11	85 9
11	79 115
11	83 10
11	85 8
11	79 205
11	84 11
11	83 11
11	85 11
11	79 28
11	84 12
11	84 13
11	83 13
11	85 12
11	79 106
11	83 13
11	85 13
11	79 46
11	84 14
11	83 14
11	85 14
11	79 37
11	84 15
11	84 16
11	83 16
11	85 16
11	79 27
11	84 17
11	84 18
11	83 18
11	85 17
11	79 105
11	83 18
11	85 18
11	79 32
11	84 19
11	83 19
11	85 19
11	79 37
11	84 20
11	84 1
11	84 2
11	83 2
11	85 20
11	79 192
11	83 2
11	85 2
11	79 40
11	84 3
11	83 3
11	85 3
11	79 41
11	84 4
11	84 5
11	83 5
11	85 4
11	79 89
11	84 6
11	83 6
11	85 6
11	79 27
11	84 7
11	84 8
11	83 8
11	85 7
11	79 109
11	83 8
11	85 8
11	79 37
11	84 9
11	84 10
11	84 11
11	83 11
11	85 10
11	79 104
11	83 11
11	85 11
11	79 50
11	84 12
11	84 13
11	84 14
11	83 14
11	85 12
11	79 187
11	84 15
11	83 15
11	85 14
11	79 108
11	83 15
11	85 15
11	79 49
11	84 16
11	84 17
11	83 17
11	85 17
11	79 27
11	84 18
11	84 19
11	83 19
11	85 18
11	79 106
11	83 19
11	85 19
11	79 41
11	84 20
11	84 1
11	84 2
11	83 2
11	85 20
11	79 190
11	84 3
11	84 4
11	84 5
11	84 6
11	84 7
11	84 8
11	83 8
11	85 7
11	79 139
11	84 9
11	83 9
11	85 9
11	79 28
11	84 10
11	84 11
11	83 11
11	85 8
11	79 266
11	83 11
11	85 11
11	79 37
11	84 12
11	84 13
11	83 13
11	85 10
11	79 264
11	83 13
11	85 12
11	79 116
11	83 13
11	85 13
11	79 46
11	84 14
11	83 14
11	85 14
11	79 43
11	84 15
11	84 16
11	84 17
11	83 17
11	85 17
11	79 39
11	84 18
11	84 19
11	83 19
11	85 19
11	79 37
11	83 19
11	85 16
11	79 284
11	84 20
11	83 20
11	85 18
11	79 208
11	83 20
11	85 20
11	79 74
11	84 1
11	83 1
11	85 1
11	79 53
11	84 2
11	84 3
11	84 4
11	83 4
11	85 2
11	79 201
11	84 5
11	84 6
11	84 7
11	83 7
11	85 5
11	79 162
11	83 7
11	85 4
11	79 249
11	83 7
11	85 7
11	79 24
11	84 8
11	84 9
11	83 9
11	85 8
11	79 106
11	83 9
11	85 9
11	79 37
11	84 10
11	84 11
11	83 11
11	85 11
11	79 44
11	84 12
11	83 12
11	85 12
11	79 32
11	84 13
11	84 14
11	83 14
11	85 13
11	79 116
11	84 15
11	84 16
11	84 17
11	83 17
11	85 14
11	79 266
11	83 17
11	85 17
11	79 38
11	84 18
11	84 19
11	83 19
11	85 19
11	79 44
11	83 19
11	85 18
11	79 130
11	84 20
11	84 1
11	84 2
11	83 2
11	85 1
11	79 83
11	83 2
11	85 2
11	79 52
11	84 3
11	84 4
11	83 4
11	85 3
11	79 120
11	84 5
11	84 6
11	84 7
11	83 7
11	85 4
11	79 255
11	84 8
11	84 9
11	83 9
11	85 7
11	79 232
11	84 10
11	83 10
11	85 10
11	79 44
11	84 11
11	84 12
11	83 12
11	85 11
11	79 116
11	84 13
11	84 14
11	83 14
11	85 12
11	79 198
11	83 14
11	85 14
11	79 54
11	84 15
11	84 16
11	83 16
11	85 15
11	79 95
11	84 17
11	84 18
11	84 19
11	83 19
11	85 19
11	79 48
11	84 20
11	84 1
11	84 2
11	84 3
11	83 3
11	85 1
11	79 216
11	84 4
11	83 4
11	85 4
11	79 30
11	84 5
11	84 6
11	83 6
11	85 5
11	79 122
11	84 7
11	84 8
11	84 9
11	83 9
11	85 6
11	79 263
11	83 9
11	85 9
11	79 31
11	84 10
11	84 11
11	83 11
11	85 8
11	79 263
11	83 11
11	85 11
11	79 33
11	84 12
11	83 12
11	85 12
11	79 46
11	84 13
11	84 14
11	83 14
11	85 13
11	79 127
11	84 15
11	84 16
11	84 17
11	84 18
11	84 19
11	84 20
11	84 1
11	83 1
11	85 19
11	79 210
11	84 2
11	84 3
11	84 4
11	84 5
11	83 5
11	85 3
11	79 238
11	84 6
11	84 7
11	83 7
11	85 6
11	79 106
11	83 7
11	85 7
11	79 37
11	84 8
11	84 9
11	83 9
11	85 9
11	79 41
11	84 10
11	84 11
11	83 11
11	85 10
11	79 110
11	83 11
11	85 11
11	79 39
11	84 12
11	83 12
11	85 12
11	79 54
11	84 13
11	84 14
11	83 14
11	85 14
11	79 27
11	84 15
11	84 16
11	83 16
11	85 15
11	79 106
11	84 17
11	83 17
11	85 17
11	79 27
11	84 18
11	84 19
11	84 20
11	83 20
11	85 19
11	79 104
11	83 20
11	85 18
11	79 208
11	84 1
11	83 1
11	85 1
11	79 40
11	84 2
11	83 2
11	85 2
11	79 57
11	84 3
11	84 4
11	83 4
11	85 3
11	79 129
11	84 5
11	84 6
11	84 7
11	83 7
11	85 4
11	79 271
11	83 7
11	85 7
11	79 54
11	84 8
11	84 9
11	84 10
11	83 10
11	85 8
11	79 227
11	84 11
11	83 11
11	85 10
11	79 85
11	84 12
11	84 13
11	84 14
11	84 15
11	83 15
11	85 11
11	79 333
11	83 15
11	85 12
11	79 274
11	83 15
11	85 14
11	79 121
11	83 15
11	85 15
11	79 51
11	84 16
11	84 17
11	84 18
11	83 18
11	85 17
11	79 88
11	83 18
11	85 18
11	79 70
11	84 19
11	84 20
11	83 20
11	85 19
11	79 109
11	83 20
11	85 20
11	79 37
11	84 1
11	84 2
11	84 3
11	83 3
11	85 3
11	79 28
11	84 4
11	84 5
11	83 5
11	85 2
11	79 263
11	83 5
11	85 5
11	79 33
11	84 6
11	83 6
11	85 4
11	79 203
11	84 7
11	84 8
11	83 8
11	85 6
11	79 225
11	84 9
11	83 9
11	85 8
11	79 98
11	84 10
11	TEST_NUMBER 6
11	SENT_TOTAL 250
11	RECEIVED_TOTAL 160
11	TIME_TOTAL 29799
11	RECEIVED_RADIO_1 161
11	RECEIVED_RADIO_2 0
11	SENT_RADIO_1 125
11	SENT_RADIO_2 125
11	RADIO_TIME_1 29860
11	RADIO_TIME_2 19763
11	RETRANSMISSIONS_1 0
11	RETRANSMISSIONS_2 0
11	DROPPED_1 0
11	DROPPED_2 0
11	MAX_QUEUE 1
11	DUPLICATED_1 40
11	DUPLICATED_2 0
11	EBUSY_RADIO_1 0
11	EBUSY_RADIO_2 0
11	83 0
11	85 9
11	86 6

15	RELAY_NODE 15
15	TEST_NUMBER 0
15	SENT_TOTAL 0
15	RECEIVED_TOTAL 0
15	TIME_TOTAL 0
15	RECEIVED_RADIO_1 122
15	RECEIVED_RADIO_2 164
15	SENT_RADIO_1 161
15	SENT_RADIO_2 99
15	RADIO_TIME_1 19289
15	RADIO_TIME_2 19289
15	RETRANSMISSIONS_1 148
15	RETRANSMISSIONS_2 247
15	DROPPED_1 13
15	DROPPED_2 12
15	MAX_QUEUE 2
15	DUPLICATED_1 0
15	DUPLICATED_2 11
15	EBUSY_RADIO_1 0
15	EBUSY_RADIO_2 0
15	TEST_NUMBER 1
15	SENT_TOTAL 0
15	RECEIVED_TOTAL 0
15	TIME_TOTAL 0
15	RECEIVED_RADIO_1 124
15	RECEIVED_RADIO_2 165
15	SENT_RADIO_1 158
15	SENT_RADIO_2 92
15	RADIO_TIME_1 29811
15	RADIO_TIME_2 29804
15	RETRANSMISSIONS_1 145
15	RETRANSMISSIONS_2 352
15	DROPPED_1 13
15	DROPPED_2 25
15	MAX_QUEUE 3
15	DUPLICATED_1 0
15	DUPLICATED_2 39
15	EBUSY_RADIO_1 0
15	EBUSY_RADIO_2 0
15	TEST_NUMBER 2
15	SENT_TOTAL 0
15	RECEIVED_TOTAL 0
15	TIME_TOTAL 0
15	RECEIVED_RADIO_1 125
15	RECEIVED_RADIO_2 179
15	SENT_RADIO_1 178
15	SENT_RADIO_2 112
15	RADIO_TIME_1 29823
15	RADIO_TIME_2 29823
15	RETRANSMISSIONS_1 121
15	RETRANSMISSIONS_2 279
15	DROPPED_1 9
15	DROPPED_2 6
15	MAX_QUEUE 2
15	DUPLICATED_1 0
15	DUPLICATED_2 17
15	EBUSY_RADIO_1 0
15	EBUSY_RADIO_2 1
15	TEST_NUMBER 3
15	SENT_TOTAL 0
15	RECEIVED_TOTAL 0
15	TIME_TOTAL 0
15	RECEIVED_RADIO_1 125
15	RECEIVED_RADIO_2 153
15	SENT_RADIO_1 152
15	SENT_RADIO_2 81
15	RADIO_TIME_1 29738
15	RADIO_TIME_2 29744
15	RETRANSMISSIONS_1 158
15	RETRANSMISSIONS_2 511
15	DROPPED_1 14
15	DROPPED_2 30
15	MAX_QUEUE 2
15	DUPLICATED_1 0
15	DUPLICATED_2 28
15	EBUSY_RADIO_1 0
15	EBUSY_RADIO_2 0
15	TEST_NUMBER 4
15	SENT_TOTAL 0
15	RECEIVED_TOTAL 0
15	TIME_TOTAL 0
15	RECEIVED_RADIO_1 125
15	RECEIVED_RADIO_2 187
15	SENT_RADIO_1 185
15	SENT_RADIO_2 120
15	RADIO_TIME_1 29863
15	RADIO_TIME_2 29874
15	RETRANSMISSIONS_1 56
15	RETRANSMISSIONS_2 133
15	DROPPED_1 3
15	DROPPED_2 3
15	MAX_QUEUE 2
15	DUPLICATED_1 0
15	DUPLICATED_2 6
15	EBUSY_RADIO_1 0
15	EBUSY_RADIO_2 0
15	TEST_NUMBER 5
15	SENT_TOTAL 0
15	RECEIVED_TOTAL 0
15	TIME_TOTAL 0
15	RECEIVED_RADIO_1 124
15	RECEIVED_RADIO_2 189
15	SENT_RADIO_1 187
15	SENT_RADIO_2 124
15	RADIO_TIME_1 29728
15	RADIO_TIME_2 29791
15	RETRANSMISSIONS_1 23
15	RETRANSMISSIONS_2 114
15	DROPPED_1 1
15	DROPPED_2 4
15	MAX_QUEUE 3
15	DUPLICATED_1 1
15	DUPLICATED_2 9
15	EBUSY_RADIO_1 0
15	EBUSY_RADIO_2 1
15	TEST_NUMBER 6
15	SENT_TOTAL 0
15	RECEIVED_TOTAL 0
15	TIME_TOTAL 0
15	RECEIVED_RADIO_1 125
15	RECEIVED_RADIO_2 164
15	SENT_RADIO_1 160
15	SENT_RADIO_2 94
15	RADIO_TIME_1 29819
15	RADIO_TIME_2 29819
15	RETRANSMISSIONS_1 159
15	RETRANSMISSIONS_2 351
15	DROPPED_1 12
15	DROPPED_2 22
15	MAX_QUEUE 2
15	DUPLICATED_1 0
15	DUPLICATED_2 26
15	EBUSY_RADIO_1 0
15	EBUSY_RADIO_2 0

33	DESTINATION_NODE 33
33	TEST_NUMBER 0
33	SENT_TOTAL 227
33	RECEIVED_TOTAL 227
33	TIME_TOTAL 19771
33	RECEIVED_RADIO_1 125
33	RECEIVED_RADIO_2 102
33	SENT_RADIO_1 0
33	SENT_RADIO_2 170
33	RADIO_TIME_1 19856
33	RADIO_TIME_2 19715
33	RETRANSMISSIONS_1 568
33	RETRANSMISSIONS_2 14
33	DROPPED_1 57
33	DROPPED_2 0
33	MAX_QUEUE 2
33	DUPLICATED_1 0
33	DUPLICATED_2 1
33	EBUSY_RADIO_1 0
33	EBUSY_RADIO_2 0
33	TEST_NUMBER 1
33	SENT_TOTAL 219
33	RECEIVED_TOTAL 219
33	TIME_TOTAL 19882
33	RECEIVED_RADIO_1 125
33	RECEIVED_RADIO_2 94
33	SENT_RADIO_1 0
33	SENT_RADIO_2 164
33	RADIO_TIME_1 19764
33	RADIO_TIME_2 19882
33	RETRANSMISSIONS_1 529
33	RETRANSMISSIONS_2 54
33	DROPPED_1 53
33	DROPPED_2 1
33	MAX_QUEUE 2
33	DUPLICATED_1 0
33	DUPLICATED_2 0
33	EBUSY_RADIO_1 0
33	EBUSY_RADIO_2 0
33	86 1
33	TEST_NUMBER 2
33	SENT_TOTAL 236
33	RECEIVED_TOTAL 235
33	TIME_TOTAL 19844
33	RECEIVED_RADIO_1 126
33	RECEIVED_RADIO_2 110
33	SENT_RADIO_1 0
33	SENT_RADIO_2 177
33	RADIO_TIME_1 19844
33	RADIO_TIME_2 19757
33	RETRANSMISSIONS_1 588
33	RETRANSMISSIONS_2 21
33	DROPPED_1 59
33	DROPPED_2 0
33	MAX_QUEUE 2
33	DUPLICATED_1 0
33	DUPLICATED_2 0
33	EBUSY_RADIO_1 0
33	EBUSY_RADIO_2 0
33	86 2
33	TEST_NUMBER 3
33	SENT_TOTAL 206
33	RECEIVED_TOTAL 205
33	TIME_TOTAL 19761
33	RECEIVED_RADIO_1 125
33	RECEIVED_RADIO_2 81
33	SENT_RADIO_1 0
33	SENT_RADIO_2 154
33	RADIO_TIME_1 19847
33	RADIO_TIME_2 19849
33	RETRANSMISSIONS_1 527
33	RETRANSMISSIONS_2 30
33	DROPPED_1 53
33	DROPPED_2 0
33	MAX_QUEUE 2
33	DUPLICATED_1 0
33	DUPLICATED_2 0
33	EBUSY_RADIO_1 0
33	EBUSY_RADIO_2 0
33	86 3
33	TEST_NUMBER 4
33	SENT_TOTAL 247
33	RECEIVED_TOTAL 246
33	TIME_TOTAL 19844
33	RECEIVED_RADIO_1 125
33	RECEIVED_RADIO_2 122
33	SENT_RADIO_1 0
33	SENT_RADIO_2 189
33	RADIO_TIME_1 19893
33	RADIO_TIME_2 19900
33	RETRANSMISSIONS_1 578
33	RETRANSMISSIONS_2 8
33	DROPPED_1 58
33	DROPPED_2 0
33	MAX_QUEUE 2
33	DUPLICATED_1 0
33	DUPLICATED_2 0
33	EBUSY_RADIO_1 0
33	EBUSY_RADIO_2 0
33	TEST_NUMBER 5
33	SENT_TOTAL 248
33	RECEIVED_TOTAL 248
33	TIME_TOTAL 19839
33	RECEIVED_RADIO_1 125
33	RECEIVED_RADIO_2 123
33	SENT_RADIO_1 0
33	SENT_RADIO_2 187
33	RADIO_TIME_1 19765
33	RADIO_TIME_2 19839
33	RETRANSMISSIONS_1 599
33	RETRANSMISSIONS_2 10
33	DROPPED_1 60
33	DROPPED_2 0
33	MAX_QUEUE 2
33	DUPLICATED_1 0
33	DUPLICATED_2 1
33	EBUSY_RADIO_1 0
33	EBUSY_RADIO_2 0
33	TEST_NUMBER 6
33	SENT_TOTAL 221
33	RECEIVED_TOTAL 221
33	TIME_TOTAL 19852
33	RECEIVED_RADIO_1 125
33	RECEIVED_RADIO_2 96
33	SENT_RADIO_1 0
33	SENT_RADIO_2 165
33	RADIO_TIME_1 19852
33	RADIO_TIME_2 19762
33	RETRANSMISSIONS_1 558
33	RETRANSMISSIONS_2 29
33	DROPPED_1 56
33	DROPPED_2 0
33	MAX_QUEUE 3
33	DUPLICATED_1 0
33	DUPLICATED_2 0
33	EBUSY_RADIO_1 0
33	EBUSY_RADIO_2 0

35	RELAY_NODE 35
35	TEST_NUMBER 0
35	SENT_TOTAL 0
35	RECEIVED_TOTAL 0
35	TIME_TOTAL 0
35	RECEIVED_RADIO_1 0
35	RECEIVED_RADIO_2 123
35	SENT_RADIO_1 123
35	SENT_RADIO_2 0
35	RADIO_TIME_1 19449
35	RADIO_TIME_2 19449
35	RETRANSMISSIONS_1 0
35	RETRANSMISSIONS_2 0
35	DROPPED_1 0
35	DROPPED_2 0
35	MAX_QUEUE 1
35	DUPLICATED_1 0
35	DUPLICATED_2 0
35	EBUSY_RADIO_1 0
35	EBUSY_RADIO_2 0
35	TEST_NUMBER 1
35	SENT_TOTAL 0
35	RECEIVED_TOTAL 0
35	TIME_TOTAL 0
35	RECEIVED_RADIO_1 0
35	RECEIVED_RADIO_2 125
35	SENT_RADIO_1 125
35	SENT_RADIO_2 0
35	RADIO_TIME_1 29643
35	RADIO_TIME_2 29643
35	RETRANSMISSIONS_1 2
35	RETRANSMISSIONS_2 0
35	DROPPED_1 0
35	DROPPED_2 0
35	MAX_QUEUE 1
35	DUPLICATED_1 0
35	DUPLICATED_2 0
35	EBUSY_RADIO_1 0
35	EBUSY_RADIO_2 0
35	TEST_NUMBER 2
35	SENT_TOTAL 0
35	RECEIVED_TOTAL 0
35	TIME_TOTAL 0
35	RECEIVED_RADIO_1 0
35	RECEIVED_RADIO_2 126
35	SENT_RADIO_1 126
35	SENT_RADIO_2 0
35	RADIO_TIME_1 29801
35	RADIO_TIME_2 29801
35	RETRANSMISSIONS_1 0
35	RETRANSMISSIONS_2 0
35	DROPPED_1 0
35	DROPPED_2 0
35	MAX_QUEUE 1
35	DUPLICATED_1 0
35	DUPLICATED_2 0
35	EBUSY_RADIO_1 0
35	EBUSY_RADIO_2 0
35	TEST_NUMBER 3
35	SENT_TOTAL 0
35	RECEIVED_TOTAL 0
35	TIME_TOTAL 0
35	RECEIVED_RADIO_1 0
35	RECEIVED_RADIO_2 125
35	SENT_RADIO_1 125
35	SENT_RADIO_2 0
35	RADIO_TIME_1 29727
35	RADIO_TIME_2 29727
35	RETRANSMISSIONS_1 0
35	RETRANSMISSIONS_2 0
35	DROPPED_1 0
35	DROPPED_2 0
35	MAX_QUEUE 1
35	DUPLICATED_1 0
35	DUPLICATED_2 0
35	EBUSY_RADIO_1 0
35	EBUSY_RADIO_2 0
35	TEST_NUMBER 4
35	SENT_TOTAL 0
35	RECEIVED_TOTAL 0
35	TIME_TOTAL 0
35	RECEIVED_RADIO_1 0
35	RECEIVED_RADIO_2 125
35	SENT_RADIO_1 125
35	SENT_RADIO_2 0
35	RADIO_TIME_1 29722
35	RADIO_TIME_2 29722
35	RETRANSMISSIONS_1 2
35	RETRANSMISSIONS_2 0
35	DROPPED_1 0
35	DROPPED_2 0
35	MAX_QUEUE 1
35	DUPLICATED_1 0
35	DUPLICATED_2 0
35	EBUSY_RADIO_1 0
35	EBUSY_RADIO_2 0
35	TEST_NUMBER 5
35	SENT_TOTAL 0
35	RECEIVED_TOTAL 0
35	TIME_TOTAL 0
35	RECEIVED_RADIO_1 0
35	RECEIVED_RADIO_2 125
35	SENT_RADIO_1 125
35	SENT_RADIO_2 0
35	RADIO_TIME_1 29646
35	RADIO_TIME_2 29646
35	RETRANSMISSIONS_1 0
35	RETRANSMISSIONS_2 0
35	DROPPED_1 0
35	DROPPED_2 0
35	MAX_QUEUE 1
35	DUPLICATED_1 0
35	DUPLICATED_2 0
35	EBUSY_RADIO_1 0
35	EBUSY_RADIO_2 0
35	TEST_NUMBER 6
35	SENT_TOTAL 0
35	RECEIVED_TOTAL 0
35	TIME_TOTAL 0
35	RECEIVED_RADIO_1 0
35	RECEIVED_RADIO_2 125
35	SENT_RADIO_1 125
35	SENT_RADIO_2 0
35	RADIO_TIME_1 29722
35	RADIO_TIME_2 29722
35	RETRANSMISSIONS_1 1
35	RETRANSMISSIONS_2 0
35	DROPPED_1 0
35	DROPPED_2 0
35	MAX_QUEUE 1
35	DUPLICATED_1 0
35	DUPLICATED_2 0
35	EBUSY_RADIO_1 0
35	EBUSY_RADIO_2 0
