
1	DESTINATION_NODE 1
1	TEST_NUMBER 0
1	SENT_TOTAL 200
1	RECEIVED_TOTAL 200
1	TIME_TOTAL 19831
1	RECEIVED_RADIO_1 100
1	RECEIVED_RADIO_2 100
1	SENT_RADIO_1 100
1	SENT_RADIO_2 100
1	RADIO_TIME_1 19831
1	RADIO_TIME_2 19831
1	RETRANSMISSIONS_1 0
1	RETRANSMISSIONS_2 0
1	DROPPED_1 0
1	DROPPED_2 0
1	MAX_QUEUE 1
1	DUPLICATED_1 0
1	DUPLICATED_2 0
1	EBUSY_RADIO_1 0
1	EBUSY_RADIO_2 0
1	TEST_NUMBER 1
1	SENT_TOTAL 200
1	RECEIVED_TOTAL 200
1	TIME_TOTAL 19821
1	RECEIVED_RADIO_1 100
1	RECEIVED_RADIO_2 100
1	SENT_RADIO_1 100
1	SENT_RADIO_2 100
1	RADIO_TIME_1 19821
1	RADIO_TIME_2 19821
1	RETRANSMISSIONS_1 0
1	RETRANSMISSIONS_2 0
1	DROPPED_1 0
1	DROPPED_2 0
1	MAX_QUEUE 1
1	DUPLICATED_1 0
1	DUPLICATED_2 0
1	EBUSY_RADIO_1 0
1	EBUSY_RADIO_2 0
1	TEST_NUMBER 2
1	SENT_TOTAL 200
1	RECEIVED_TOTAL 200
1	TIME_TOTAL 19820
1	RECEIVED_RADIO_1 100
1	RECEIVED_RADIO_2 100
1	SENT_RADIO_1 100
1	SENT_RADIO_2 100
1	RADIO_TIME_1 19820
1	RADIO_TIME_2 19820
1	RETRANSMISSIONS_1 1
1	RETRANSMISSIONS_2 1
1	DROPPED_1 0
1	DROPPED_2 0
1	MAX_QUEUE 1
1	DUPLICATED_1 0
1	DUPLICATED_2 0
1	EBUSY_RADIO_1 0
1	EBUSY_RADIO_2 0
1	TEST_NUMBER 3
1	SENT_TOTAL 200
1	RECEIVED_TOTAL 200
1	TIME_TOTAL 19822
1	RECEIVED_RADIO_1 100
1	RECEIVED_RADIO_2 100
1	SENT_RADIO_1 100
1	SENT_RADIO_2 100
1	RADIO_TIME_1 19822
1	RADIO_TIME_2 19721
1	RETRANSMISSIONS_1 1
1	RETRANSMISSIONS_2 0
1	DROPPED_1 0
1	DROPPED_2 0
1	MAX_QUEUE 1
1	DUPLICATED_1 0
1	DUPLICATED_2 0
1	EBUSY_RADIO_1 0
1	EBUSY_RADIO_2 0
1	TEST_NUMBER 4
1	SENT_TOTAL 200
1	RECEIVED_TOTAL 200
1	TIME_TOTAL 19820
1	RECEIVED_RADIO_1 100
1	RECEIVED_RADIO_2 100
1	SENT_RADIO_1 101
1	SENT_RADIO_2 99
1	RADIO_TIME_1 19721
1	RADIO_TIME_2 19722
1	RETRANSMISSIONS_1 0
1	RETRANSMISSIONS_2 2
1	DROPPED_1 0
1	DROPPED_2 0
1	MAX_QUEUE 1
1	DUPLICATED_1 0
1	DUPLICATED_2 1
1	EBUSY_RADIO_1 0
1	EBUSY_RADIO_2 0
1	TEST_NUMBER 5
1	SENT_TOTAL 292
1	RECEIVED_TOTAL 448
1	TIME_TOTAL 19830
1	RECEIVED_RADIO_1 353
1	RECEIVED_RADIO_2 95
1	SENT_RADIO_1 137
1	SENT_RADIO_2 156
1	RADIO_TIME_1 19734
1	RADIO_TIME_2 19830
1	RETRANSMISSIONS_1 33
1	RETRANSMISSIONS_2 3
1	DROPPED_1 0
1	DROPPED_2 0
1	MAX_QUEUE 98
1	DUPLICATED_1 1
1	DUPLICATED_2 1
1	EBUSY_RADIO_1 0
1	EBUSY_RADIO_2 0
1	TEST_NUMBER 6
1	SENT_TOTAL 200
1	RECEIVED_TOTAL 200
1	TIME_TOTAL 19819
1	RECEIVED_RADIO_1 100
1	RECEIVED_RADIO_2 100
1	SENT_RADIO_1 100
1	SENT_RADIO_2 100
1	RADIO_TIME_1 19720
1	RADIO_TIME_2 19820
1	RETRANSMISSIONS_1 0
1	RETRANSMISSIONS_2 1
1	DROPPED_1 0
1	DROPPED_2 0
1	MAX_QUEUE 1
1	DUPLICATED_1 0
1	DUPLICATED_2 0
1	EBUSY_RADIO_1 0
1	EBUSY_RADIO_2 0

2	RELAY_NODE 2
2	TEST_NUMBER 0
2	SENT_TOTAL 0
2	RECEIVED_TOTAL 0
2	TIME_TOTAL 0
2	RECEIVED_RADIO_1 100
2	RECEIVED_RADIO_2 100
2	SENT_RADIO_1 100
2	SENT_RADIO_2 100
2	RADIO_TIME_1 19818
2	RADIO_TIME_2 19818
2	RETRANSMISSIONS_1 0
2	RETRANSMISSIONS_2 0
2	DROPPED_1 0
2	DROPPED_2 0
2	MAX_QUEUE 1
2	DUPLICATED_1 0
2	DUPLICATED_2 0
2	EBUSY_RADIO_1 0
2	EBUSY_RADIO_2 0
2	TEST_NUMBER 1
2	SENT_TOTAL 0
2	RECEIVED_TOTAL 0
2	TIME_TOTAL 0
2	RECEIVED_RADIO_1 100
2	RECEIVED_RADIO_2 100
2	SENT_RADIO_1 100
2	SENT_RADIO_2 100
2	RADIO_TIME_1 19810
2	RADIO_TIME_2 19810
2	RETRANSMISSIONS_1 0
2	RETRANSMISSIONS_2 0
2	DROPPED_1 0
2	DROPPED_2 0
2	MAX_QUEUE 1
2	DUPLICATED_1 0
2	DUPLICATED_2 0
2	EBUSY_RADIO_1 0
2	EBUSY_RADIO_2 0
2	TEST_NUMBER 2
2	SENT_TOTAL 0
2	RECEIVED_TOTAL 0
2	TIME_TOTAL 0
2	RECEIVED_RADIO_1 100
2	RECEIVED_RADIO_2 100
2	SENT_RADIO_1 100
2	SENT_RADIO_2 100
2	RADIO_TIME_1 19806
2	RADIO_TIME_2 19806
2	RETRANSMISSIONS_1 0
2	RETRANSMISSIONS_2 0
2	DROPPED_1 0
2	DROPPED_2 0
2	MAX_QUEUE 1
2	DUPLICATED_1 1
2	DUPLICATED_2 0
2	EBUSY_RADIO_1 0
2	EBUSY_RADIO_2 0
2	TEST_NUMBER 3
2	SENT_TOTAL 0
2	RECEIVED_TOTAL 0
2	TIME_TOTAL 0
2	RECEIVED_RADIO_1 100
2	RECEIVED_RADIO_2 100
2	SENT_RADIO_1 100
2	SENT_RADIO_2 100
2	RADIO_TIME_1 19820
2	RADIO_TIME_2 19820
2	RETRANSMISSIONS_1 0
2	RETRANSMISSIONS_2 0
2	DROPPED_1 0
2	DROPPED_2 0
2	MAX_QUEUE 1
2	DUPLICATED_1 1
2	DUPLICATED_2 0
2	EBUSY_RADIO_1 0
2	EBUSY_RADIO_2 0
2	TEST_NUMBER 4
2	SENT_TOTAL 0
2	RECEIVED_TOTAL 0
2	TIME_TOTAL 0
2	RECEIVED_RADIO_1 101
2	RECEIVED_RADIO_2 100
2	SENT_RADIO_1 100
2	SENT_RADIO_2 101
2	RADIO_TIME_1 19737
2	RADIO_TIME_2 19737
2	RETRANSMISSIONS_1 0
2	RETRANSMISSIONS_2 0
2	DROPPED_1 0
2	DROPPED_2 0
2	MAX_QUEUE 1
2	DUPLICATED_1 0
2	DUPLICATED_2 0
2	EBUSY_RADIO_1 0
2	EBUSY_RADIO_2 0
2	TEST_NUMBER 5
2	SENT_TOTAL 0
2	RECEIVED_TOTAL 0
2	TIME_TOTAL 0
2	RECEIVED_RADIO_1 137
2	RECEIVED_RADIO_2 99
2	SENT_RADIO_1 99
2	SENT_RADIO_2 137
2	RADIO_TIME_1 19745
2	RADIO_TIME_2 19745
2	RETRANSMISSIONS_1 1
2	RETRANSMISSIONS_2 2
2	DROPPED_1 0
2	DROPPED_2 0
2	MAX_QUEUE 2
2	DUPLICATED_1 32
2	DUPLICATED_2 0
2	EBUSY_RADIO_1 0
2	EBUSY_RADIO_2 0
2	TEST_NUMBER 6
2	SENT_TOTAL 0
2	RECEIVED_TOTAL 0
2	TIME_TOTAL 0
2	RECEIVED_RADIO_1 100
2	RECEIVED_RADIO_2 100
2	SENT_RADIO_1 100
2	SENT_RADIO_2 100
2	RADIO_TIME_1 19737
2	RADIO_TIME_2 19737
2	RETRANSMISSIONS_1 0
2	RETRANSMISSIONS_2 0
2	DROPPED_1 0
2	DROPPED_2 0
2	MAX_QUEUE 1
2	DUPLICATED_1 0
2	DUPLICATED_2 0
2	EBUSY_RADIO_1 0
2	EBUSY_RADIO_2 0

6	SOURCE_NODE 6
6	84 1
6	83 1
6	85 1
6	79 19
6	84 2
6	83 2
6	85 2
6	79 19
6	84 3
6	83 3
6	85 3
6	79 27
6	84 4
6	83 4
6	85 4
6	79 21
6	84 5
6	83 5
6	85 5
6	79 26
6	84 6
6	83 6
6	85 6
6	79 25
6	84 7
6	83 7
6	85 7
6	79 29
6	84 8
6	83 8
6	85 8
6	79 26
6	84 9
6	83 9
6	85 9
6	79 30
6	84 10
6	83 10
6	85 10
6	79 25
6	84 11
6	83 11
6	85 11
6	79 28
6	84 12
6	83 12
6	85 12
6	79 28
6	84 13
6	83 13
6	85 13
6	79 24
6	84 14
6	83 14
6	85 14
6	79 26
6	84 15
6	83 15
6	85 15
6	79 31
6	84 16
6	83 16
6	85 16
6	79 25
6	84 17
6	83 17
6	85 17
6	79 28
6	84 18
6	83 18
6	85 18
6	79 29
6	84 19
6	83 19
6	85 19
6	79 28
6	84 20
6	83 20
6	85 20
6	79 24
6	84 1
6	83 1
6	85 1
6	79 30
6	84 2
6	83 2
6	85 2
6	79 25
6	84 3
6	83 3
6	85 3
6	79 28
6	84 4
6	83 4
6	85 4
6	79 26
6	84 5
6	83 5
6	85 5
6	79 23
6	84 6
6	83 6
6	85 6
6	79 25
6	84 7
6	83 7
6	85 7
6	79 28
6	84 8
6	83 8
6	85 8
6	79 31
6	84 9
6	83 9
6	85 9
6	79 24
6	84 10
6	83 10
6	85 10
6	79 21
6	84 11
6	83 11
6	85 11
6	79 25
6	84 12
6	83 12
6	85 12
6	79 32
6	84 13
6	83 13
6	85 13
6	79 28
6	84 14
6	83 14
6	85 14
6	79 25
6	84 15
6	83 15
6	85 15
6	79 25
6	84 16
6	83 16
6	85 16
6	79 27
6	84 17
6	83 17
6	85 17
6	79 29
6	84 18
6	83 18
6	85 18
6	79 27
6	84 19
6	83 19
6	85 19
6	79 29
6	84 20
6	83 20
6	85 20
6	79 24
6	84 1
6	83 1
6	85 1
6	79 25
6	84 2
6	83 2
6	85 2
6	79 23
6	84 3
6	83 3
6	85 3
6	79 23
6	84 4
6	83 4
6	85 4
6	79 23
6	84 5
6	83 5
6	85 5
6	79 25
6	84 6
6	83 6
6	85 6
6	79 28
6	84 7
6	83 7
6	85 7
6	79 25
6	84 8
6	83 8
6	85 8
6	79 22
6	84 9
6	83 9
6	85 9
6	79 26
6	84 10
6	83 10
6	85 10
6	79 27
6	84 11
6	83 11
6	85 11
6	79 25
6	84 12
6	83 12
6	85 12
6	79 27
6	84 13
6	83 13
6	85 13
6	79 25
6	84 14
6	83 14
6	85 14
6	79 27
6	84 15
6	83 15
6	85 15
6	79 28
6	84 16
6	83 16
6	85 16
6	79 28
6	84 17
6	83 17
6	85 17
6	79 22
6	84 18
6	83 18
6	85 18
6	79 29
6	84 19
6	83 19
6	85 19
6	79 26
6	84 20
6	83 20
6	85 20
6	79 30
6	84 1
6	83 1
6	85 1
6	79 29
6	84 2
6	83 2
6	85 2
6	79 26
6	84 3
6	83 3
6	85 3
6	79 24
6	84 4
6	83 4
6	85 4
6	79 27
6	84 5
6	83 5
6	85 5
6	79 22
6	84 6
6	83 6
6	85 6
6	79 30
6	84 7
6	83 7
6	85 7
6	79 24
6	84 8
6	83 8
6	85 8
6	79 24
6	84 9
6	83 9
6	85 9
6	79 26
6	84 10
6	83 10
6	85 10
6	79 25
6	84 11
6	83 11
6	85 11
6	79 29
6	84 12
6	83 12
6	85 12
6	79 31
6	84 13
6	83 13
6	85 13
6	79 28
6	84 14
6	83 14
6	85 14
6	79 24
6	84 15
6	83 15
6	85 15
6	79 21
6	84 16
6	83 16
6	85 16
6	79 23
6	84 17
6	83 17
6	85 17
6	79 29
6	84 18
6	83 18
6	85 18
6	79 25
6	84 19
6	83 19
6	85 19
6	79 28
6	84 20
6	83 20
6	85 20
6	79 27
6	84 1
6	83 1
6	85 1
6	79 28
6	84 2
6	83 2
6	85 2
6	79 29
6	84 3
6	83 3
6	85 3
6	79 26
6	84 4
6	83 4
6	85 4
6	79 25
6	84 5
6	83 5
6	85 5
6	79 29
6	84 6
6	83 6
6	85 6
6	79 25
6	84 7
6	83 7
6	85 7
6	79 27
6	84 8
6	83 8
6	85 8
6	79 26
6	84 9
6	83 9
6	85 9
6	79 26
6	84 10
6	83 10
6	85 10
6	79 29
6	84 11
6	83 11
6	85 11
6	79 25
6	84 12
6	83 12
6	85 12
6	79 28
6	84 13
6	83 13
6	85 13
6	79 23
6	84 14
6	83 14
6	85 14
6	79 28
6	84 15
6	83 15
6	85 15
6	79 26
6	84 16
6	83 16
6	85 16
6	79 28
6	84 17
6	83 17
6	85 17
6	79 31
6	84 18
6	83 18
6	85 18
6	79 26
6	84 19
6	83 19
6	85 19
6	79 28
6	84 20
6	83 20
6	85 20
6	79 26
6	84 1
6	83 1
6	85 1
6	79 29
6	84 2
6	83 2
6	85 2
6	79 29
6	84 3
6	83 3
6	85 3
6	79 28
6	84 4
6	83 4
6	85 4
6	79 29
6	84 5
6	83 5
6	85 5
6	79 27
6	84 6
6	83 6
6	85 6
6	79 23
6	84 7
6	83 7
6	85 7
6	79 29
6	84 8
6	83 8
6	85 8
6	79 30
6	84 9
6	83 9
6	85 9
6	79 21
6	84 10
6	83 10
6	85 10
6	79 26
6	84 11
6	83 11
6	85 11
6	79 27
6	84 12
6	83 12
6	85 12
6	79 29
6	84 13
6	83 13
6	85 13
6	79 29
6	84 14
6	83 14
6	85 14
6	79 27
6	84 15
6	83 15
6	85 15
6	79 32
6	84 16
6	83 16
6	85 16
6	79 29
6	84 17
6	83 17
6	85 17
6	79 27
6	84 18
6	83 18
6	85 18
6	79 29
6	84 19
6	83 19
6	85 19
6	79 24
6	84 20
6	83 20
6	85 20
6	79 23
6	84 1
6	83 1
6	85 1
6	79 21
6	84 2
6	83 2
6	85 2
6	79 32
6	84 3
6	83 3
6	85 3
6	79 26
6	84 4
6	83 4
6	85 4
6	79 24
6	84 5
6	83 5
6	85 5
6	79 26
6	84 6
6	83 6
6	85 6
6	79 24
6	84 7
6	83 7
6	85 7
6	79 26
6	84 8
6	83 8
6	85 8
6	79 27
6	84 9
6	83 9
6	85 9
6	79 30
6	84 10
6	83 10
6	85 10
6	79 24
6	84 11
6	83 11
6	85 11
6	79 24
6	84 12
6	83 12
6	85 12
6	79 25
6	84 13
6	83 13
6	85 13
6	79 31
6	84 14
6	83 14
6	85 14
6	79 26
6	84 15
6	83 15
6	85 15
6	79 27
6	84 16
6	83 16
6	85 16
6	79 27
6	84 17
6	83 17
6	85 17
6	79 27
6	84 18
6	83 18
6	85 18
6	79 29
6	84 19
6	83 19
6	85 19
6	79 26
6	84 20
6	83 20
6	85 20
6	79 24
6	84 1
6	83 1
6	85 1
6	79 29
6	84 2
6	83 2
6	85 2
6	79 24
6	84 3
6	83 3
6	85 3
6	79 30
6	84 4
6	83 4
6	85 4
6	79 27
6	84 5
6	83 5
6	85 5
6	79 29
6	84 6
6	83 6
6	85 6
6	79 27
6	84 7
6	83 7
6	85 7
6	79 29
6	84 8
6	83 8
6	85 8
6	79 26
6	84 9
6	83 9
6	85 9
6	79 32
6	84 10
6	83 10
6	85 10
6	79 28
6	84 11
6	83 11
6	85 11
6	79 29
6	84 12
6	83 12
6	85 12
6	79 27
6	84 13
6	83 13
6	85 13
6	79 26
6	84 14
6	83 14
6	85 14
6	79 22
6	84 15
6	83 15
6	85 15
6	79 28
6	84 16
6	83 16
6	85 16
6	79 30
6	84 17
6	83 17
6	85 17
6	79 29
6	84 18
6	83 18
6	85 18
6	79 27
6	84 19
6	83 19
6	85 19
6	79 29
6	84 20
6	83 20
6	85 20
6	79 26
6	84 1
6	83 1
6	85 1
6	79 23
6	84 2
6	83 2
6	85 2
6	79 28
6	84 3
6	83 3
6	85 3
6	79 24
6	84 4
6	83 4
6	85 4
6	79 26
6	84 5
6	83 5
6	85 5
6	79 27
6	84 6
6	83 6
6	85 6
6	79 27
6	84 7
6	83 7
6	85 7
6	79 27
6	84 8
6	83 8
6	85 8
6	79 30
6	84 9
6	83 9
6	85 9
6	79 26
6	84 10
6	83 10
6	85 10
6	79 27
6	84 11
6	83 11
6	85 11
6	79 29
6	84 12
6	83 12
6	85 12
6	79 27
6	84 13
6	83 13
6	85 13
6	79 29
6	84 14
6	83 14
6	85 14
6	79 23
6	84 15
6	83 15
6	85 15
6	79 24
6	84 16
6	83 16
6	85 16
6	79 24
6	84 17
6	83 17
6	85 17
6	79 29
6	84 18
6	83 18
6	85 18
6	79 26
6	84 19
6	83 19
6	85 19
6	79 28
6	84 20
6	83 20
6	85 20
6	79 26
6	84 1
6	83 1
6	85 1
6	79 26
6	84 2
6	83 2
6	85 2
6	79 30
6	84 3
6	83 3
6	85 3
6	79 28
6	84 4
6	83 4
6	85 4
6	79 24
6	84 5
6	83 5
6	85 5
6	79 24
6	84 6
6	83 6
6	85 6
6	79 27
6	84 7
6	83 7
6	85 7
6	79 27
6	84 8
6	83 8
6	85 8
6	79 30
6	84 9
6	83 9
6	85 9
6	79 25
6	84 10
6	83 10
6	85 10
6	79 26
6	84 11
6	83 11
6	85 11
6	79 25
6	84 12
6	83 12
6	85 12
6	79 27
6	84 13
6	83 13
6	85 13
6	79 29
6	84 14
6	83 14
6	85 14
6	79 28
6	84 15
6	83 15
6	85 15
6	79 21
6	84 16
6	83 16
6	85 16
6	79 26
6	84 17
6	83 17
6	85 17
6	79 29
6	84 18
6	83 18
6	85 18
6	79 28
6	84 19
6	83 19
6	85 19
6	79 29
6	84 20
6	TEST_NUMBER 0
6	SENT_TOTAL 200
6	RECEIVED_TOTAL 199
6	TIME_TOTAL 19733
6	RECEIVED_RADIO_1 99
6	RECEIVED_RADIO_2 100
6	SENT_RADIO_1 100
6	SENT_RADIO_2 99
6	RADIO_TIME_1 19723
6	RADIO_TIME_2 19804
6	RETRANSMISSIONS_1 0
6	RETRANSMISSIONS_2 0
6	DROPPED_1 0
6	DROPPED_2 0
6	MAX_QUEUE 1
6	DUPLICATED_1 0
6	DUPLICATED_2 0
6	EBUSY_RADIO_1 0
6	EBUSY_RADIO_2 0
6	83 0
6	85 20
6	86 0
6	84 1
6	83 1
6	85 1
6	79 29
6	84 2
6	83 2
6	85 2
6	79 27
6	84 3
6	83 3
6	85 3
6	79 27
6	84 4
6	83 4
6	85 4
6	79 28
6	84 5
6	83 5
6	85 5
6	79 26
6	84 6
6	83 6
6	85 6
6	79 28
6	84 7
6	83 7
6	85 7
6	79 30
6	84 8
6	83 8
6	85 8
6	79 26
6	84 9
6	83 9
6	85 9
6	79 25
6	84 10
6	83 10
6	85 10
6	79 26
6	84 11
6	83 11
6	85 11
6	79 28
6	84 12
6	83 12
6	85 12
6	79 25
6	84 13
6	83 13
6	85 13
6	79 25
6	84 14
6	83 14
6	85 14
6	79 28
6	84 15
6	83 15
6	85 15
6	79 25
6	84 16
6	83 16
6	85 16
6	79 32
6	84 17
6	83 17
6	85 17
6	79 26
6	84 18
6	83 18
6	85 18
6	79 26
6	84 19
6	83 19
6	85 19
6	79 22
6	84 20
6	83 20
6	85 20
6	79 28
6	84 1
6	83 1
6	85 1
6	79 28
6	84 2
6	83 2
6	85 2
6	79 25
6	84 3
6	83 3
6	85 3
6	79 26
6	84 4
6	83 4
6	85 4
6	79 31
6	84 5
6	83 5
6	85 5
6	79 24
6	84 6
6	83 6
6	85 6
6	79 24
6	84 7
6	83 7
6	85 7
6	79 24
6	84 8
6	83 8
6	85 8
6	79 31
6	84 9
6	83 9
6	85 9
6	79 27
6	84 10
6	83 10
6	85 10
6	79 22
6	84 11
6	83 11
6	85 11
6	79 25
6	84 12
6	83 12
6	85 12
6	79 27
6	84 13
6	83 13
6	85 13
6	79 25
6	84 14
6	83 14
6	85 14
6	79 24
6	84 15
6	83 15
6	85 15
6	79 25
6	84 16
6	83 16
6	85 16
6	79 27
6	84 17
6	83 17
6	85 17
6	79 30
6	84 18
6	83 18
6	85 18
6	79 27
6	84 19
6	83 19
6	85 19
6	79 25
6	84 20
6	83 20
6	85 20
6	79 32
6	84 1
6	83 1
6	85 1
6	79 26
6	84 2
6	83 2
6	85 2
6	79 29
6	84 3
6	83 3
6	85 3
6	79 25
6	84 4
6	83 4
6	85 4
6	79 24
6	84 5
6	83 5
6	85 5
6	79 24
6	84 6
6	83 6
6	85 6
6	79 26
6	84 7
6	83 7
6	85 7
6	79 24
6	84 8
6	83 8
6	85 8
6	79 27
6	84 9
6	83 9
6	85 9
6	79 24
6	84 10
6	83 10
6	85 10
6	79 24
6	84 11
6	83 11
6	85 11
6	79 30
6	84 12
6	83 12
6	85 12
6	79 28
6	84 13
6	83 13
6	85 13
6	79 23
6	84 14
6	83 14
6	85 14
6	79 24
6	84 15
6	83 15
6	85 15
6	79 26
6	84 16
6	83 16
6	85 16
6	79 26
6	84 17
6	83 17
6	85 17
6	79 27
6	84 18
6	83 18
6	85 18
6	79 23
6	84 19
6	83 19
6	85 19
6	79 24
6	84 20
6	83 20
6	85 20
6	79 27
6	84 1
6	83 1
6	85 1
6	79 29
6	84 2
6	83 2
6	85 2
6	79 28
6	84 3
6	83 3
6	85 3
6	79 32
6	84 4
6	83 4
6	85 4
6	79 27
6	84 5
6	83 5
6	85 5
6	79 30
6	84 6
6	83 6
6	85 6
6	79 29
6	84 7
6	83 7
6	85 7
6	79 32
6	84 8
6	83 8
6	85 8
6	79 27
6	84 9
6	83 9
6	85 9
6	79 27
6	84 10
6	83 10
6	85 10
6	79 26
6	84 11
6	83 11
6	85 11
6	79 28
6	84 12
6	83 12
6	85 12
6	79 28
6	84 13
6	83 13
6	85 13
6	79 26
6	84 14
6	83 14
6	85 14
6	79 22
6	84 15
6	83 15
6	85 15
6	79 28
6	84 16
6	83 16
6	85 16
6	79 25
6	84 17
6	83 17
6	85 17
6	79 27
6	84 18
6	83 18
6	85 18
6	79 27
6	84 19
6	83 19
6	85 19
6	79 29
6	84 20
6	83 20
6	85 20
6	79 23
6	84 1
6	83 1
6	85 1
6	79 26
6	84 2
6	83 2
6	85 2
6	79 27
6	84 3
6	83 3
6	85 3
6	79 23
6	84 4
6	83 4
6	85 4
6	79 27
6	84 5
6	83 5
6	85 5
6	79 27
6	84 6
6	83 6
6	85 6
6	79 25
6	84 7
6	83 7
6	85 7
6	79 27
6	84 8
6	83 8
6	85 8
6	79 28
6	84 9
6	83 9
6	85 9
6	79 26
6	84 10
6	83 10
6	85 10
6	79 28
6	84 11
6	83 11
6	85 11
6	79 27
6	84 12
6	83 12
6	85 12
6	79 27
6	84 13
6	83 13
6	85 13
6	79 28
6	84 14
6	83 14
6	85 14
6	79 30
6	84 15
6	83 15
6	85 15
6	79 25
6	84 16
6	83 16
6	85 16
6	79 26
6	84 17
6	83 17
6	85 17
6	79 25
6	84 18
6	83 18
6	85 18
6	79 28
6	84 19
6	83 19
6	85 19
6	79 25
6	84 20
6	83 20
6	85 20
6	79 27
6	84 1
6	83 1
6	85 1
6	79 30
6	84 2
6	83 2
6	85 2
6	79 29
6	84 3
6	83 3
6	85 3
6	79 28
6	84 4
6	83 4
6	85 4
6	79 25
6	84 5
6	83 5
6	85 5
6	79 27
6	84 6
6	83 6
6	85 6
6	79 21
6	84 7
6	83 7
6	85 7
6	79 29
6	84 8
6	83 8
6	85 8
6	79 25
6	84 9
6	83 9
6	85 9
6	79 24
6	84 10
6	83 10
6	85 10
6	79 26
6	84 11
6	83 11
6	85 11
6	79 30
6	84 12
6	83 12
6	85 12
6	79 29
6	84 13
6	83 13
6	85 13
6	79 27
6	84 14
6	83 14
6	85 14
6	79 27
6	84 15
6	83 15
6	85 15
6	79 27
6	84 16
6	83 16
6	85 16
6	79 26
6	84 17
6	83 17
6	85 17
6	79 27
6	84 18
6	83 18
6	85 18
6	79 28
6	84 19
6	83 19
6	85 19
6	79 25
6	84 20
6	83 20
6	85 20
6	79 26
6	84 1
6	83 1
6	85 1
6	79 25
6	84 2
6	83 2
6	85 2
6	79 27
6	84 3
6	83 3
6	85 3
6	79 25
6	84 4
6	83 4
6	85 4
6	79 22
6	84 5
6	83 5
6	85 5
6	79 26
6	84 6
6	83 6
6	85 6
6	79 26
6	84 7
6	83 7
6	85 7
6	79 30
6	84 8
6	83 8
6	85 8
6	79 25
6	84 9
6	83 9
6	85 9
6	79 26
6	84 10
6	83 10
6	85 10
6	79 28
6	84 11
6	83 11
6	85 11
6	79 26
6	84 12
6	83 12
6	85 12
6	79 28
6	84 13
6	83 13
6	85 13
6	79 26
6	84 14
6	83 14
6	85 14
6	79 30
6	84 15
6	83 15
6	85 15
6	79 29
6	84 16
6	83 16
6	85 16
6	79 27
6	84 17
6	83 17
6	85 17
6	79 25
6	84 18
6	83 18
6	85 18
6	79 28
6	84 19
6	83 19
6	85 19
6	79 27
6	84 20
6	83 20
6	85 20
6	79 26
6	84 1
6	83 1
6	85 1
6	79 26
6	84 2
6	83 2
6	85 2
6	79 30
6	84 3
6	83 3
6	85 3
6	79 26
6	84 4
6	83 4
6	85 4
6	79 30
6	84 5
6	83 5
6	85 5
6	79 26
6	84 6
6	83 6
6	85 6
6	79 24
6	84 7
6	83 7
6	85 7
6	79 24
6	84 8
6	83 8
6	85 8
6	79 28
6	84 9
6	83 9
6	85 9
6	79 23
6	84 10
6	83 10
6	85 10
6	79 24
6	84 11
6	83 11
6	85 11
6	79 23
6	84 12
6	83 12
6	85 12
6	79 27
6	84 13
6	83 13
6	85 13
6	79 30
6	84 14
6	83 14
6	85 14
6	79 29
6	84 15
6	83 15
6	85 15
6	79 30
6	84 16
6	83 16
6	85 16
6	79 29
6	84 17
6	83 17
6	85 17
6	79 29
6	84 18
6	83 18
6	85 18
6	79 29
6	84 19
6	83 19
6	85 19
6	79 26
6	84 20
6	83 20
6	85 20
6	79 27
6	84 1
6	83 1
6	85 1
6	79 27
6	84 2
6	83 2
6	85 2
6	79 26
6	84 3
6	83 3
6	85 3
6	79 22
6	84 4
6	83 4
6	85 4
6	79 28
6	84 5
6	83 5
6	85 5
6	79 26
6	84 6
6	83 6
6	85 6
6	79 25
6	84 7
6	83 7
6	85 7
6	79 24
6	84 8
6	83 8
6	85 8
6	79 25
6	84 9
6	83 9
6	85 9
6	79 22
6	84 10
6	83 10
6	85 10
6	79 28
6	84 11
6	83 11
6	85 11
6	79 28
6	84 12
6	83 12
6	85 12
6	79 25
6	84 13
6	83 13
6	85 13
6	79 29
6	84 14
6	83 14
6	85 14
6	79 25
6	84 15
6	83 15
6	85 15
6	79 27
6	84 16
6	83 16
6	85 16
6	79 25
6	84 17
6	83 17
6	85 17
6	79 25
6	84 18
6	83 18
6	85 18
6	79 26
6	84 19
6	83 19
6	85 19
6	79 26
6	84 20
6	83 20
6	85 20
6	79 24
6	84 1
6	83 1
6	85 1
6	79 25
6	84 2
6	83 2
6	85 2
6	79 31
6	84 3
6	83 3
6	85 3
6	79 27
6	84 4
6	83 4
6	85 4
6	79 25
6	84 5
6	83 5
6	85 5
6	79 25
6	84 6
6	83 6
6	85 6
6	79 29
6	84 7
6	83 7
6	85 7
6	79 26
6	84 8
6	83 8
6	85 8
6	79 29
6	84 9
6	83 9
6	85 9
6	79 28
6	84 10
6	83 10
6	85 10
6	79 28
6	84 11
6	83 11
6	85 11
6	79 29
6	84 12
6	83 12
6	85 12
6	79 23
6	84 13
6	83 13
6	85 13
6	79 25
6	84 14
6	83 14
6	85 14
6	79 26
6	84 15
6	83 15
6	85 15
6	79 30
6	84 16
6	83 16
6	85 16
6	79 24
6	84 17
6	83 17
6	85 17
6	79 26
6	84 18
6	83 18
6	85 18
6	79 27
6	84 19
6	83 19
6	85 19
6	79 27
6	84 20
6	TEST_NUMBER 1
6	SENT_TOTAL 200
6	RECEIVED_TOTAL 199
6	TIME_TOTAL 29781
6	RECEIVED_RADIO_1 100
6	RECEIVED_RADIO_2 100
6	SENT_RADIO_1 100
6	SENT_RADIO_2 100
6	RADIO_TIME_1 29754
6	RADIO_TIME_2 19794
6	RETRANSMISSIONS_1 0
6	RETRANSMISSIONS_2 0
6	DROPPED_1 0
6	DROPPED_2 0
6	MAX_QUEUE 1
6	DUPLICATED_1 0
6	DUPLICATED_2 0
6	EBUSY_RADIO_1 0
6	EBUSY_RADIO_2 0
6	83 0
6	85 20
6	86 1
6	84 1
6	83 1
6	85 1
6	79 30
6	84 2
6	83 2
6	85 2
6	79 30
6	84 3
6	83 3
6	85 3
6	79 26
6	84 4
6	83 4
6	85 4
6	79 28
6	84 5
6	83 5
6	85 5
6	79 24
6	84 6
6	83 6
6	85 6
6	79 27
6	84 7
6	83 7
6	85 7
6	79 28
6	84 8
6	83 8
6	85 8
6	79 27
6	84 9
6	83 9
6	85 9
6	79 23
6	84 10
6	83 10
6	85 10
6	79 23
6	84 11
6	83 11
6	85 11
6	79 28
6	84 12
6	84 13
6	83 13
6	85 13
6	79 25
6	84 14
6	83 14
6	85 12
6	79 223
6	83 14
6	85 14
6	79 31
6	84 15
6	84 16
6	83 16
6	85 16
6	79 24
6	84 17
6	83 17
6	85 15
6	79 229
6	83 17
6	85 17
6	79 36
6	84 18
6	83 18
6	85 18
6	79 34
6	84 19
6	83 19
6	85 19
6	79 27
6	84 20
6	83 20
6	85 20
6	79 21
6	84 1
6	83 1
6	85 1
6	79 28
6	84 2
6	83 2
6	85 2
6	79 28
6	84 3
6	83 3
6	85 3
6	79 23
6	84 4
6	83 4
6	85 4
6	79 24
6	84 5
6	83 5
6	85 5
6	79 28
6	84 6
6	83 6
6	85 6
6	79 30
6	84 7
6	83 7
6	85 7
6	79 26
6	84 8
6	83 8
6	85 8
6	79 26
6	84 9
6	83 9
6	85 9
6	79 25
6	84 10
6	83 10
6	85 10
6	79 26
6	84 11
6	83 11
6	85 11
6	79 29
6	84 12
6	83 12
6	85 12
6	79 28
6	84 13
6	83 13
6	85 13
6	79 26
6	84 14
6	83 14
6	85 14
6	79 28
6	84 15
6	83 15
6	85 15
6	79 27
6	84 16
6	83 16
6	85 16
6	79 24
6	84 17
6	83 17
6	85 17
6	79 28
6	84 18
6	83 18
6	85 18
6	79 22
6	84 19
6	83 19
6	85 19
6	79 29
6	84 20
6	83 20
6	85 20
6	79 29
6	84 1
6	83 1
6	85 1
6	79 24
6	84 2
6	83 2
6	85 2
6	79 29
6	84 3
6	83 3
6	85 3
6	79 28
6	84 4
6	83 4
6	85 4
6	79 22
6	84 5
6	83 5
6	85 5
6	79 30
6	84 6
6	83 6
6	85 6
6	79 24
6	84 7
6	83 7
6	85 7
6	79 27
6	84 8
6	83 8
6	85 8
6	79 26
6	84 9
6	83 9
6	85 9
6	79 27
6	84 10
6	83 10
6	85 10
6	79 23
6	84 11
6	83 11
6	85 11
6	79 23
6	84 12
6	83 12
6	85 12
6	79 28
6	84 13
6	83 13
6	85 13
6	79 26
6	84 14
6	83 14
6	85 14
6	79 30
6	84 15
6	83 15
6	85 15
6	79 26
6	84 16
6	83 16
6	85 16
6	79 29
6	84 17
6	83 17
6	85 17
6	79 26
6	84 18
6	83 18
6	85 18
6	79 25
6	84 19
6	83 19
6	85 19
6	79 24
6	84 20
6	83 20
6	85 20
6	79 28
6	84 1
6	83 1
6	85 1
6	79 23
6	84 2
6	83 2
6	85 2
6	79 25
6	84 3
6	83 3
6	85 3
6	79 27
6	84 4
6	83 4
6	85 4
6	79 30
6	84 5
6	83 5
6	85 5
6	79 26
6	84 6
6	83 6
6	85 6
6	79 31
6	84 7
6	83 7
6	85 7
6	79 21
6	84 8
6	83 8
6	85 8
6	79 29
6	84 9
6	83 9
6	85 9
6	79 26
6	84 10
6	83 10
6	85 10
6	79 28
6	84 11
6	83 11
6	85 11
6	79 26
6	84 12
6	83 12
6	85 12
6	79 26
6	84 13
6	83 13
6	85 13
6	79 24
6	84 14
6	83 14
6	85 14
6	79 29
6	84 15
6	83 15
6	85 15
6	79 24
6	84 16
6	83 16
6	85 16
6	79 30
6	84 17
6	83 17
6	85 17
6	79 27
6	84 18
6	83 18
6	85 18
6	79 28
6	84 19
6	83 19
6	85 19
6	79 25
6	84 20
6	83 20
6	85 20
6	79 26
6	84 1
6	83 1
6	85 1
6	79 24
6	84 2
6	83 2
6	85 2
6	79 27
6	84 3
6	83 3
6	85 3
6	79 29
6	84 4
6	83 4
6	85 4
6	79 23
6	84 5
6	83 5
6	85 5
6	79 24
6	84 6
6	83 6
6	85 6
6	79 27
6	84 7
6	83 7
6	85 7
6	79 23
6	84 8
6	83 8
6	85 8
6	79 22
6	84 9
6	83 9
6	85 9
6	79 22
6	84 10
6	83 10
6	85 10
6	79 28
6	84 11
6	83 11
6	85 11
6	79 28
6	84 12
6	83 12
6	85 12
6	79 25
6	84 13
6	83 13
6	85 13
6	79 28
6	84 14
6	83 14
6	85 14
6	79 24
6	84 15
6	83 15
6	85 15
6	79 25
6	84 16
6	83 16
6	85 16
6	79 22
6	84 17
6	83 17
6	85 17
6	79 21
6	84 18
6	83 18
6	85 18
6	79 25
6	84 19
6	83 19
6	85 19
6	79 24
6	84 20
6	83 20
6	85 20
6	79 26
6	84 1
6	83 1
6	85 1
6	79 23
6	84 2
6	83 2
6	85 2
6	79 27
6	84 3
6	83 3
6	85 3
6	79 27
6	84 4
6	83 4
6	85 4
6	79 27
6	84 5
6	83 5
6	85 5
6	79 25
6	84 6
6	83 6
6	85 6
6	79 35
6	84 7
6	83 7
6	85 7
6	79 28
6	84 8
6	83 8
6	85 8
6	79 24
6	84 9
6	83 9
6	85 9
6	79 30
6	84 10
6	83 10
6	85 10
6	79 25
6	84 11
6	83 11
6	85 11
6	79 22
6	84 12
6	83 12
6	85 12
6	79 27
6	84 13
6	83 13
6	85 13
6	79 25
6	84 14
6	83 14
6	85 14
6	79 23
6	84 15
6	83 15
6	85 15
6	79 25
6	84 16
6	83 16
6	85 16
6	79 25
6	84 17
6	83 17
6	85 17
6	79 23
6	84 18
6	83 18
6	85 18
6	79 30
6	84 19
6	83 19
6	85 19
6	79 24
6	84 20
6	83 20
6	85 20
6	79 25
6	84 1
6	83 1
6	85 1
6	79 24
6	84 2
6	83 2
6	85 2
6	79 26
6	84 3
6	83 3
6	85 3
6	79 27
6	84 4
6	83 4
6	85 4
6	79 28
6	84 5
6	83 5
6	85 5
6	79 24
6	84 6
6	83 6
6	85 6
6	79 24
6	84 7
6	83 7
6	85 7
6	79 25
6	84 8
6	83 8
6	85 8
6	79 25
6	84 9
6	83 9
6	85 9
6	79 24
6	84 10
6	83 10
6	85 10
6	79 27
6	84 11
6	83 11
6	85 11
6	79 22
6	84 12
6	83 12
6	85 12
6	79 26
6	84 13
6	83 13
6	85 13
6	79 29
6	84 14
6	83 14
6	85 14
6	79 25
6	84 15
6	83 15
6	85 15
6	79 26
6	84 16
6	83 16
6	85 16
6	79 34
6	84 17
6	83 17
6	85 17
6	79 26
6	84 18
6	83 18
6	85 18
6	79 28
6	84 19
6	83 19
6	85 19
6	79 26
6	84 20
6	83 20
6	85 20
6	79 24
6	84 1
6	83 1
6	85 1
6	79 26
6	84 2
6	83 2
6	85 2
6	79 23
6	84 3
6	83 3
6	85 3
6	79 27
6	84 4
6	83 4
6	85 4
6	79 24
6	84 5
6	83 5
6	85 5
6	79 25
6	84 6
6	83 6
6	85 6
6	79 26
6	84 7
6	83 7
6	85 7
6	79 28
6	84 8
6	83 8
6	85 8
6	79 31
6	84 9
6	83 9
6	85 9
6	79 27
6	84 10
6	83 10
6	85 10
6	79 25
6	84 11
6	83 11
6	85 11
6	79 25
6	84 12
6	83 12
6	85 12
6	79 23
6	84 13
6	83 13
6	85 13
6	79 25
6	84 14
6	83 14
6	85 14
6	79 27
6	84 15
6	83 15
6	85 15
6	79 23
6	84 16
6	83 16
6	85 16
6	79 33
6	84 17
6	83 17
6	85 17
6	79 27
6	84 18
6	83 18
6	85 18
6	79 26
6	84 19
6	83 19
6	85 19
6	79 30
6	84 20
6	83 20
6	85 20
6	79 25
6	84 1
6	83 1
6	85 1
6	79 22
6	84 2
6	83 2
6	85 2
6	79 28
6	84 3
6	83 3
6	85 3
6	79 27
6	84 4
6	83 4
6	85 4
6	79 25
6	84 5
6	83 5
6	85 5
6	79 23
6	84 6
6	83 6
6	85 6
6	79 26
6	84 7
6	83 7
6	85 7
6	79 22
6	84 8
6	83 8
6	85 8
6	79 26
6	84 9
6	83 9
6	85 9
6	79 28
6	84 10
6	83 10
6	85 10
6	79 23
6	84 11
6	83 11
6	85 11
6	79 25
6	84 12
6	83 12
6	85 12
6	79 23
6	84 13
6	83 13
6	85 13
6	79 24
6	84 14
6	83 14
6	85 14
6	79 31
6	84 15
6	83 15
6	85 15
6	79 28
6	84 16
6	83 16
6	85 16
6	79 27
6	84 17
6	83 17
6	85 17
6	79 25
6	84 18
6	83 18
6	85 18
6	79 21
6	84 19
6	83 19
6	85 19
6	79 26
6	84 20
6	83 20
6	85 20
6	79 29
6	84 1
6	83 1
6	85 1
6	79 21
6	84 2
6	83 2
6	85 2
6	79 27
6	84 3
6	83 3
6	85 3
6	79 26
6	84 4
6	83 4
6	85 4
6	79 32
6	84 5
6	83 5
6	85 5
6	79 24
6	84 6
6	83 6
6	85 6
6	79 27
6	84 7
6	83 7
6	85 7
6	79 24
6	84 8
6	83 8
6	85 8
6	79 30
6	84 9
6	83 9
6	85 9
6	79 29
6	84 10
6	83 10
6	85 10
6	79 27
6	84 11
6	83 11
6	85 11
6	79 31
6	84 12
6	83 12
6	85 12
6	79 28
6	84 13
6	83 13
6	85 13
6	79 23
6	84 14
6	83 14
6	85 14
6	79 28
6	84 15
6	83 15
6	85 15
6	79 25
6	84 16
6	83 16
6	85 16
6	79 27
6	84 17
6	83 17
6	85 17
6	79 23
6	84 18
6	83 18
6	85 18
6	79 27
6	84 19
6	83 19
6	85 19
6	79 24
6	84 20
6	TEST_NUMBER 2
6	SENT_TOTAL 200
6	RECEIVED_TOTAL 199
6	TIME_TOTAL 29777
6	RECEIVED_RADIO_1 100
6	RECEIVED_RADIO_2 100
6	SENT_RADIO_1 100
6	SENT_RADIO_2 100
6	RADIO_TIME_1 29753
6	RADIO_TIME_2 19793
6	RETRANSMISSIONS_1 0
6	RETRANSMISSIONS_2 0
6	DROPPED_1 0
6	DROPPED_2 0
6	MAX_QUEUE 1
6	DUPLICATED_1 0
6	DUPLICATED_2 0
6	EBUSY_RADIO_1 0
6	EBUSY_RADIO_2 0
6	83 0
6	85 20
6	86 2
6	84 1
6	83 1
6	85 1
6	79 30
6	84 2
6	83 2
6	85 2
6	79 24
6	84 3
6	83 3
6	85 3
6	79 31
6	84 4
6	83 4
6	85 4
6	79 28
6	84 5
6	83 5
6	85 5
6	79 27
6	84 6
6	83 6
6	85 6
6	79 25
6	84 7
6	83 7
6	85 7
6	79 26
6	84 8
6	83 8
6	85 8
6	79 24
6	84 9
6	83 9
6	85 9
6	79 28
6	84 10
6	83 10
6	85 10
6	79 31
6	84 11
6	83 11
6	85 11
6	79 30
6	84 12
6	83 12
6	85 12
6	79 26
6	84 13
6	84 14
6	83 14
6	85 14
6	79 30
6	84 15
6	83 15
6	85 13
6	79 226
6	83 15
6	85 15
6	79 35
6	84 16
6	83 16
6	85 16
6	79 22
6	84 17
6	83 17
6	85 17
6	79 28
6	84 18
6	83 18
6	85 18
6	79 28
6	84 19
6	83 19
6	85 19
6	79 24
6	84 20
6	83 20
6	85 20
6	79 29
6	84 1
6	83 1
6	85 1
6	79 22
6	84 2
6	83 2
6	85 2
6	79 23
6	84 3
6	83 3
6	85 3
6	79 24
6	84 4
6	83 4
6	85 4
6	79 25
6	84 5
6	83 5
6	85 5
6	79 28
6	84 6
6	83 6
6	85 6
6	79 26
6	84 7
6	83 7
6	85 7
6	79 27
6	84 8
6	83 8
6	85 8
6	79 26
6	84 9
6	83 9
6	85 9
6	79 24
6	84 10
6	83 10
6	85 10
6	79 29
6	84 11
6	83 11
6	85 11
6	79 28
6	84 12
6	83 12
6	85 12
6	79 25
6	84 13
6	83 13
6	85 13
6	79 25
6	84 14
6	83 14
6	85 14
6	79 25
6	84 15
6	83 15
6	85 15
6	79 26
6	84 16
6	83 16
6	85 16
6	79 29
6	84 17
6	83 17
6	85 17
6	79 30
6	84 18
6	83 18
6	85 18
6	79 25
6	84 19
6	83 19
6	85 19
6	79 23
6	84 20
6	83 20
6	85 20
6	79 25
6	84 1
6	83 1
6	85 1
6	79 28
6	84 2
6	83 2
6	85 2
6	79 28
6	84 3
6	83 3
6	85 3
6	79 28
6	84 4
6	83 4
6	85 4
6	79 27
6	84 5
6	83 5
6	85 5
6	79 26
6	84 6
6	83 6
6	85 6
6	79 27
6	84 7
6	84 8
6	83 8
6	85 8
6	79 28
6	84 9
6	83 9
6	85 7
6	79 233
6	83 9
6	85 9
6	79 35
6	84 10
6	83 10
6	85 10
6	79 30
6	84 11
6	83 11
6	85 11
6	79 33
6	84 12
6	83 12
6	85 12
6	79 29
6	84 13
6	83 13
6	85 13
6	79 27
6	84 14
6	83 14
6	85 14
6	79 30
6	84 15
6	83 15
6	85 15
6	79 28
6	84 16
6	83 16
6	85 16
6	79 26
6	84 17
6	83 17
6	85 17
6	79 28
6	84 18
6	83 18
6	85 18
6	79 29
6	84 19
6	83 19
6	85 19
6	79 31
6	84 20
6	83 20
6	85 20
6	79 30
6	84 1
6	83 1
6	85 1
6	79 27
6	84 2
6	83 2
6	85 2
6	79 29
6	84 3
6	83 3
6	85 3
6	79 27
6	84 4
6	83 4
6	85 4
6	79 27
6	84 5
6	83 5
6	85 5
6	79 27
6	84 6
6	83 6
6	85 6
6	79 32
6	84 7
6	83 7
6	85 7
6	79 30
6	84 8
6	83 8
6	85 8
6	79 24
6	84 9
6	83 9
6	85 9
6	79 23
6	84 10
6	83 10
6	85 10
6	79 30
6	84 11
6	83 11
6	85 11
6	79 27
6	84 12
6	83 12
6	85 12
6	79 30
6	84 13
6	83 13
6	85 13
6	79 28
6	84 14
6	83 14
6	85 14
6	79 34
6	84 15
6	83 15
6	85 15
6	79 28
6	84 16
6	83 16
6	85 16
6	79 32
6	84 17
6	83 17
6	85 17
6	79 29
6	84 18
6	83 18
6	85 18
6	79 23
6	84 19
6	83 19
6	85 19
6	79 32
6	84 20
6	83 20
6	85 20
6	79 24
6	84 1
6	83 1
6	85 1
6	79 32
6	84 2
6	83 2
6	85 2
6	79 26
6	84 3
6	83 3
6	85 3
6	79 27
6	84 4
6	83 4
6	85 4
6	79 27
6	84 5
6	83 5
6	85 5
6	79 27
6	84 6
6	83 6
6	85 6
6	79 28
6	84 7
6	83 7
6	85 7
6	79 32
6	84 8
6	83 8
6	85 8
6	79 26
6	84 9
6	83 9
6	85 9
6	79 26
6	84 10
6	83 10
6	85 10
6	79 28
6	84 11
6	83 11
6	85 11
6	79 28
6	84 12
6	83 12
6	85 12
6	79 31
6	84 13
6	83 13
6	85 13
6	79 29
6	84 14
6	83 14
6	85 14
6	79 32
6	84 15
6	83 15
6	85 15
6	79 30
6	84 16
6	83 16
6	85 16
6	79 29
6	84 17
6	83 17
6	85 17
6	79 25
6	84 18
6	83 18
6	85 18
6	79 31
6	84 19
6	83 19
6	85 19
6	79 27
6	84 20
6	83 20
6	85 20
6	79 25
6	84 1
6	83 1
6	85 1
6	79 26
6	84 2
6	83 2
6	85 2
6	79 29
6	84 3
6	83 3
6	85 3
6	79 31
6	84 4
6	83 4
6	85 4
6	79 30
6	84 5
6	83 5
6	85 5
6	79 27
6	84 6
6	83 6
6	85 6
6	79 26
6	84 7
6	83 7
6	85 7
6	79 28
6	84 8
6	83 8
6	85 8
6	79 29
6	84 9
6	83 9
6	85 9
6	79 31
6	84 10
6	83 10
6	85 10
6	79 26
6	84 11
6	83 11
6	85 11
6	79 27
6	84 12
6	83 12
6	85 12
6	79 26
6	84 13
6	83 13
6	85 13
6	79 32
6	84 14
6	83 14
6	85 14
6	79 29
6	84 15
6	83 15
6	85 15
6	79 29
6	84 16
6	83 16
6	85 16
6	79 33
6	84 17
6	83 17
6	85 17
6	79 27
6	84 18
6	83 18
6	85 18
6	79 25
6	84 19
6	83 19
6	85 19
6	79 26
6	84 20
6	83 20
6	85 20
6	79 28
6	84 1
6	83 1
6	85 1
6	79 25
6	84 2
6	83 2
6	85 2
6	79 26
6	84 3
6	83 3
6	85 3
6	79 25
6	84 4
6	83 4
6	85 4
6	79 28
6	84 5
6	83 5
6	85 5
6	79 31
6	84 6
6	83 6
6	85 6
6	79 31
6	84 7
6	83 7
6	85 7
6	79 29
6	84 8
6	83 8
6	85 8
6	79 28
6	84 9
6	83 9
6	85 9
6	79 30
6	84 10
6	83 10
6	85 10
6	79 29
6	84 11
6	83 11
6	85 11
6	79 28
6	84 12
6	83 12
6	85 12
6	79 27
6	84 13
6	83 13
6	85 13
6	79 30
6	84 14
6	83 14
6	85 14
6	79 28
6	84 15
6	83 15
6	85 15
6	79 23
6	84 16
6	83 16
6	85 16
6	79 30
6	84 17
6	83 17
6	85 17
6	79 30
6	84 18
6	83 18
6	85 18
6	79 31
6	84 19
6	83 19
6	85 19
6	79 29
6	84 20
6	83 20
6	85 20
6	79 33
6	84 1
6	83 1
6	85 1
6	79 24
6	84 2
6	83 2
6	85 2
6	79 30
6	84 3
6	83 3
6	85 3
6	79 25
6	84 4
6	83 4
6	85 4
6	79 27
6	84 5
6	83 5
6	85 5
6	79 29
6	84 6
6	83 6
6	85 6
6	79 29
6	84 7
6	83 7
6	85 7
6	79 29
6	84 8
6	83 8
6	85 8
6	79 29
6	84 9
6	83 9
6	85 9
6	79 26
6	84 10
6	83 10
6	85 10
6	79 24
6	84 11
6	83 11
6	85 11
6	79 30
6	84 12
6	83 12
6	85 12
6	79 33
6	84 13
6	83 13
6	85 13
6	79 31
6	84 14
6	83 14
6	85 14
6	79 28
6	84 15
6	83 15
6	85 15
6	79 25
6	84 16
6	83 16
6	85 16
6	79 30
6	84 17
6	83 17
6	85 17
6	79 30
6	84 18
6	83 18
6	85 18
6	79 27
6	84 19
6	83 19
6	85 19
6	79 27
6	84 20
6	83 20
6	85 20
6	79 29
6	84 1
6	83 1
6	85 1
6	79 22
6	84 2
6	83 2
6	85 2
6	79 31
6	84 3
6	83 3
6	85 3
6	79 27
6	84 4
6	83 4
6	85 4
6	79 23
6	84 5
6	83 5
6	85 5
6	79 26
6	84 6
6	83 6
6	85 6
6	79 25
6	84 7
6	83 7
6	85 7
6	79 31
6	84 8
6	83 8
6	85 8
6	79 27
6	84 9
6	83 9
6	85 9
6	79 27
6	84 10
6	83 10
6	85 10
6	79 27
6	84 11
6	83 11
6	85 11
6	79 34
6	84 12
6	83 12
6	85 12
6	79 26
6	84 13
6	83 13
6	85 13
6	79 31
6	84 14
6	83 14
6	85 14
6	79 26
6	84 15
6	83 15
6	85 15
6	79 31
6	84 16
6	83 16
6	85 16
6	79 31
6	84 17
6	83 17
6	85 17
6	79 27
6	84 18
6	83 18
6	85 18
6	79 27
6	84 19
6	83 19
6	85 19
6	79 29
6	84 20
6	83 20
6	85 20
6	79 24
6	84 1
6	83 1
6	85 1
6	79 30
6	84 2
6	83 2
6	85 2
6	79 25
6	84 3
6	83 3
6	85 3
6	79 27
6	84 4
6	83 4
6	85 4
6	79 23
6	84 5
6	83 5
6	85 5
6	79 25
6	84 6
6	83 6
6	85 6
6	79 26
6	84 7
6	83 7
6	85 7
6	79 27
6	84 8
6	83 8
6	85 8
6	79 26
6	84 9
6	83 9
6	85 9
6	79 27
6	84 10
6	83 10
6	85 10
6	79 28
6	84 11
6	83 11
6	85 11
6	79 33
6	84 12
6	83 12
6	85 12
6	79 31
6	84 13
6	83 13
6	85 13
6	79 26
6	84 14
6	83 14
6	85 14
6	79 28
6	84 15
6	83 15
6	85 15
6	79 31
6	84 16
6	83 16
6	85 16
6	79 27
6	84 17
6	83 17
6	85 17
6	79 25
6	84 18
6	83 18
6	85 18
6	79 24
6	84 19
6	83 19
6	85 19
6	79 29
6	84 20
6	TEST_NUMBER 3
6	SENT_TOTAL 200
6	RECEIVED_TOTAL 199
6	TIME_TOTAL 29787
6	RECEIVED_RADIO_1 101
6	RECEIVED_RADIO_2 99
6	SENT_RADIO_1 100
6	SENT_RADIO_2 100
6	RADIO_TIME_1 29787
6	RADIO_TIME_2 19793
6	RETRANSMISSIONS_1 0
6	RETRANSMISSIONS_2 0
6	DROPPED_1 0
6	DROPPED_2 0
6	MAX_QUEUE 1
6	DUPLICATED_1 0
6	DUPLICATED_2 0
6	EBUSY_RADIO_1 0
6	EBUSY_RADIO_2 0
6	83 0
6	85 20
6	86 3
6	84 1
6	83 1
6	85 1
6	79 27
6	84 2
6	83 2
6	85 2
6	79 28
6	84 3
6	83 3
6	85 3
6	79 30
6	84 4
6	83 4
6	85 4
6	79 32
6	84 5
6	83 5
6	85 5
6	79 31
6	84 6
6	83 6
6	85 6
6	79 31
6	84 7
6	83 7
6	85 7
6	79 29
6	84 8
6	83 8
6	85 8
6	79 31
6	84 9
6	83 9
6	85 9
6	79 27
6	84 10
6	83 10
6	85 10
6	79 26
6	84 11
6	83 11
6	85 11
6	79 29
6	84 12
6	83 12
6	85 12
6	79 29
6	84 13
6	83 13
6	85 13
6	79 28
6	84 14
6	83 14
6	85 14
6	79 26
6	84 15
6	83 15
6	85 15
6	79 30
6	84 16
6	83 16
6	85 16
6	79 25
6	84 17
6	83 17
6	85 17
6	79 25
6	84 18
6	83 18
6	85 18
6	79 32
6	84 19
6	83 19
6	85 19
6	79 29
6	84 20
6	83 20
6	85 20
6	79 28
6	84 1
6	83 1
6	85 1
6	79 32
6	84 2
6	83 2
6	85 2
6	79 24
6	84 3
6	83 3
6	85 3
6	79 24
6	84 4
6	83 4
6	85 4
6	79 32
6	84 5
6	83 5
6	85 5
6	79 26
6	84 6
6	83 6
6	85 6
6	79 26
6	84 7
6	83 7
6	85 7
6	79 29
6	84 8
6	83 8
6	85 8
6	79 25
6	84 9
6	83 9
6	85 9
6	79 30
6	84 10
6	83 10
6	85 10
6	79 30
6	84 11
6	83 11
6	85 11
6	79 29
6	84 12
6	83 12
6	85 12
6	79 30
6	84 13
6	83 13
6	85 13
6	79 29
6	84 14
6	83 14
6	85 14
6	79 32
6	84 15
6	83 15
6	85 15
6	79 29
6	84 16
6	83 16
6	85 16
6	79 26
6	84 17
6	83 17
6	85 17
6	79 27
6	84 18
6	83 18
6	85 18
6	79 27
6	84 19
6	83 19
6	85 19
6	79 32
6	84 20
6	83 20
6	85 20
6	79 30
6	84 1
6	83 1
6	85 1
6	79 29
6	84 2
6	83 2
6	85 2
6	79 25
6	84 3
6	83 3
6	85 3
6	79 26
6	84 4
6	83 4
6	85 4
6	79 30
6	84 5
6	83 5
6	85 5
6	79 29
6	84 6
6	83 6
6	85 6
6	79 26
6	84 7
6	83 7
6	85 7
6	79 29
6	84 8
6	83 8
6	85 8
6	79 24
6	84 9
6	83 9
6	85 9
6	79 25
6	84 10
6	83 10
6	85 10
6	79 29
6	84 11
6	83 11
6	85 11
6	79 29
6	84 12
6	83 12
6	85 12
6	79 25
6	84 13
6	83 13
6	85 13
6	79 26
6	84 14
6	83 14
6	85 14
6	79 27
6	84 15
6	83 15
6	85 15
6	79 30
6	84 16
6	83 16
6	85 16
6	79 26
6	84 17
6	83 17
6	85 17
6	79 26
6	84 18
6	83 18
6	85 18
6	79 29
6	84 19
6	83 19
6	85 19
6	79 27
6	84 20
6	83 20
6	85 20
6	79 28
6	84 1
6	83 1
6	85 1
6	79 30
6	84 2
6	83 2
6	85 2
6	79 22
6	84 3
6	83 3
6	85 3
6	79 31
6	84 4
6	83 4
6	85 4
6	79 28
6	84 5
6	83 5
6	85 5
6	79 25
6	84 6
6	83 6
6	85 6
6	79 31
6	84 7
6	83 7
6	85 7
6	79 32
6	84 8
6	83 8
6	85 8
6	79 29
6	84 9
6	83 9
6	85 9
6	79 26
6	84 10
6	83 10
6	85 10
6	79 27
6	84 11
6	83 11
6	85 11
6	79 30
6	84 12
6	83 12
6	85 12
6	79 24
6	84 13
6	83 13
6	85 13
6	79 26
6	84 14
6	83 14
6	85 14
6	79 25
6	84 15
6	83 15
6	85 15
6	79 27
6	84 16
6	83 16
6	85 16
6	79 30
6	84 17
6	83 17
6	85 17
6	79 29
6	84 18
6	83 18
6	85 18
6	79 29
6	84 19
6	83 19
6	85 19
6	79 24
6	84 20
6	83 20
6	85 20
6	79 24
6	84 1
6	83 1
6	85 1
6	79 27
6	84 2
6	83 2
6	85 2
6	79 27
6	84 3
6	83 3
6	85 3
6	79 27
6	84 4
6	83 4
6	85 4
6	79 31
6	84 5
6	83 5
6	85 5
6	79 32
6	84 6
6	83 6
6	85 6
6	79 27
6	84 7
6	83 7
6	85 7
6	79 30
6	84 8
6	83 8
6	85 8
6	79 26
6	84 9
6	83 9
6	85 9
6	79 27
6	84 10
6	83 10
6	85 10
6	79 28
6	84 11
6	83 11
6	85 11
6	79 31
6	84 12
6	83 12
6	85 12
6	79 27
6	84 13
6	83 13
6	85 13
6	79 29
6	84 14
6	83 14
6	85 14
6	79 27
6	84 15
6	83 15
6	85 15
6	79 30
6	84 16
6	83 16
6	85 16
6	79 31
6	84 17
6	83 17
6	85 17
6	79 30
6	84 18
6	83 18
6	85 18
6	79 25
6	84 19
6	83 19
6	85 19
6	79 26
6	84 20
6	83 20
6	85 20
6	79 26
6	84 1
6	83 1
6	85 1
6	79 24
6	84 2
6	83 2
6	85 2
6	79 29
6	84 3
6	83 3
6	85 3
6	79 27
6	84 4
6	83 4
6	85 4
6	79 31
6	84 5
6	83 5
6	85 5
6	79 27
6	84 6
6	83 6
6	85 6
6	79 26
6	84 7
6	83 7
6	85 7
6	79 26
6	84 8
6	83 8
6	85 8
6	79 24
6	84 9
6	83 9
6	85 9
6	79 26
6	84 10
6	83 10
6	85 10
6	79 31
6	84 11
6	83 11
6	85 11
6	79 28
6	84 12
6	83 12
6	85 12
6	79 30
6	84 13
6	83 13
6	85 13
6	79 27
6	84 14
6	83 14
6	85 14
6	79 29
6	84 15
6	84 16
6	83 16
6	85 16
6	79 28
6	84 17
6	83 17
6	85 15
6	79 233
6	83 17
6	85 17
6	79 40
6	84 18
6	83 18
6	85 18
6	79 30
6	84 19
6	83 19
6	85 19
6	79 31
6	84 20
6	83 20
6	85 20
6	79 31
6	84 1
6	83 1
6	85 1
6	79 29
6	84 2
6	83 2
6	85 2
6	79 23
6	84 3
6	83 3
6	85 3
6	79 25
6	84 4
6	83 4
6	85 4
6	79 30
6	84 5
6	83 5
6	85 5
6	79 28
6	84 6
6	83 6
6	85 6
6	79 31
6	84 7
6	83 7
6	85 7
6	79 29
6	84 8
6	83 8
6	85 8
6	79 23
6	84 9
6	83 9
6	85 9
6	79 25
6	84 10
6	83 10
6	85 10
6	79 24
6	84 11
6	83 11
6	85 11
6	79 22
6	84 12
6	83 12
6	85 12
6	79 23
6	84 13
6	83 13
6	85 13
6	79 25
6	84 14
6	83 14
6	85 14
6	79 24
6	84 15
6	83 15
6	85 15
6	79 30
6	84 16
6	83 16
6	85 16
6	79 25
6	84 17
6	83 17
6	85 17
6	79 30
6	84 18
6	83 18
6	85 18
6	79 31
6	84 19
6	83 19
6	85 19
6	79 22
6	84 20
6	83 20
6	85 20
6	79 28
6	84 1
6	83 1
6	85 1
6	79 29
6	84 2
6	83 2
6	85 2
6	79 26
6	84 3
6	83 3
6	85 3
6	79 23
6	84 4
6	83 4
6	85 4
6	79 24
6	84 5
6	83 5
6	85 5
6	79 27
6	84 6
6	83 6
6	85 6
6	79 28
6	84 7
6	83 7
6	85 7
6	79 26
6	84 8
6	83 8
6	85 8
6	79 28
6	84 9
6	83 9
6	85 9
6	79 27
6	84 10
6	83 10
6	85 10
6	79 28
6	84 11
6	83 11
6	85 11
6	79 28
6	84 12
6	83 12
6	85 12
6	79 25
6	84 13
6	83 13
6	85 13
6	79 24
6	84 14
6	83 14
6	85 14
6	79 27
6	84 15
6	83 15
6	85 15
6	79 28
6	84 16
6	83 16
6	85 16
6	79 25
6	84 17
6	83 17
6	85 17
6	79 26
6	84 18
6	83 18
6	85 18
6	79 27
6	84 19
6	83 19
6	85 19
6	79 24
6	84 20
6	83 20
6	85 20
6	79 27
6	84 1
6	83 1
6	85 1
6	79 26
6	84 2
6	83 2
6	85 2
6	79 31
6	84 3
6	83 3
6	85 3
6	79 24
6	84 4
6	83 4
6	85 4
6	79 25
6	84 5
6	83 5
6	85 5
6	79 25
6	84 6
6	84 7
6	83 7
6	85 7
6	79 26
6	84 8
6	83 8
6	85 6
6	79 227
6	83 8
6	85 8
6	79 33
6	84 9
6	83 9
6	85 9
6	79 30
6	84 10
6	83 10
6	85 10
6	79 28
6	84 11
6	84 12
6	83 12
6	85 12
6	79 29
6	84 13
6	83 13
6	85 11
6	79 224
6	83 13
6	85 13
6	79 35
6	84 14
6	83 14
6	85 14
6	79 26
6	84 15
6	83 15
6	85 15
6	79 26
6	84 16
6	83 16
6	85 16
6	79 24
6	84 17
6	83 17
6	85 17
6	79 27
6	84 18
6	83 18
6	85 18
6	79 28
6	84 19
6	83 19
6	85 19
6	79 34
6	84 20
6	83 20
6	85 20
6	79 26
6	84 1
6	83 1
6	85 1
6	79 28
6	84 2
6	83 2
6	85 2
6	79 33
6	84 3
6	83 3
6	85 3
6	79 25
6	84 4
6	83 4
6	85 4
6	79 25
6	84 5
6	83 5
6	85 5
6	79 31
6	84 6
6	83 6
6	85 6
6	79 30
6	84 7
6	83 7
6	85 7
6	79 33
6	84 8
6	83 8
6	85 8
6	79 30
6	84 9
6	83 9
6	85 9
6	79 29
6	84 10
6	83 10
6	85 10
6	79 33
6	84 11
6	83 11
6	85 11
6	79 34
6	84 12
6	83 12
6	85 12
6	79 27
6	84 13
6	83 13
6	85 13
6	79 27
6	84 14
6	83 14
6	85 14
6	79 23
6	84 15
6	83 15
6	85 15
6	79 34
6	84 16
6	83 16
6	85 16
6	79 27
6	84 17
6	83 17
6	85 17
6	79 26
6	84 18
6	83 18
6	85 18
6	79 32
6	84 19
6	83 19
6	85 19
6	79 28
6	84 20
6	TEST_NUMBER 4
6	SENT_TOTAL 200
6	RECEIVED_TOTAL 199
6	TIME_TOTAL 29785
6	RECEIVED_RADIO_1 99
6	RECEIVED_RADIO_2 101
6	SENT_RADIO_1 100
6	SENT_RADIO_2 100
6	RADIO_TIME_1 19751
6	RADIO_TIME_2 29856
6	RETRANSMISSIONS_1 0
6	RETRANSMISSIONS_2 0
6	DROPPED_1 0
6	DROPPED_2 0
6	MAX_QUEUE 1
6	DUPLICATED_1 0
6	DUPLICATED_2 0
6	EBUSY_RADIO_1 0
6	EBUSY_RADIO_2 0
6	83 0
6	85 20
6	86 4
6	84 1
6	83 1
6	85 1
6	79 32
6	84 2
6	83 2
6	85 2
6	79 27
6	84 3
6	83 3
6	85 3
6	79 27
6	84 4
6	83 4
6	85 4
6	79 29
6	84 5
6	83 5
6	85 5
6	79 28
6	84 6
6	83 6
6	85 6
6	79 22
6	84 7
6	83 7
6	85 7
6	79 24
6	84 8
6	83 8
6	85 8
6	79 28
6	84 9
6	83 9
6	85 9
6	79 32
6	84 10
6	83 10
6	85 10
6	79 29
6	84 11
6	83 11
6	85 11
6	79 30
6	84 12
6	83 12
6	85 12
6	79 30
6	84 13
6	83 13
6	85 13
6	79 31
6	84 14
6	83 14
6	85 14
6	79 32
6	84 15
6	83 15
6	85 15
6	79 28
6	84 16
6	83 16
6	85 16
6	79 31
6	84 17
6	83 17
6	85 17
6	79 31
6	84 18
6	83 18
6	85 18
6	79 28
6	84 19
6	83 19
6	85 19
6	79 29
6	84 20
6	83 20
6	85 20
6	79 30
6	84 1
6	83 1
6	85 1
6	79 29
6	84 2
6	83 2
6	85 2
6	79 33
6	84 3
6	83 3
6	85 3
6	79 28
6	84 4
6	83 4
6	85 4
6	79 34
6	84 5
6	83 5
6	85 5
6	79 24
6	84 6
6	83 6
6	85 6
6	79 28
6	84 7
6	83 7
6	85 7
6	79 28
6	84 8
6	83 8
6	85 8
6	79 31
6	84 9
6	83 9
6	85 9
6	79 28
6	84 10
6	83 10
6	85 10
6	79 31
6	84 11
6	83 11
6	85 11
6	79 25
6	84 12
6	83 12
6	85 12
6	79 27
6	84 13
6	83 13
6	85 13
6	79 25
6	84 14
6	83 14
6	85 14
6	79 29
6	84 15
6	83 15
6	85 15
6	79 26
6	84 16
6	83 16
6	85 16
6	79 28
6	84 17
6	83 17
6	85 17
6	79 30
6	84 18
6	83 18
6	85 18
6	79 28
6	84 19
6	83 19
6	85 19
6	79 33
6	84 20
6	83 20
6	85 20
6	79 31
6	84 1
6	83 1
6	85 1
6	79 23
6	84 2
6	83 2
6	85 2
6	79 25
6	84 3
6	83 3
6	85 3
6	79 34
6	84 4
6	83 4
6	85 4
6	79 33
6	84 5
6	83 5
6	85 5
6	79 25
6	84 6
6	83 6
6	85 6
6	79 25
6	84 7
6	83 7
6	85 7
6	79 29
6	84 8
6	84 9
6	83 9
6	85 9
6	79 24
6	84 10
6	83 10
6	85 8
6	79 230
6	83 10
6	85 10
6	79 31
6	84 11
6	83 11
6	85 11
6	79 29
6	84 12
6	84 13
6	83 13
6	85 13
6	79 37
6	84 14
6	83 14
6	85 12
6	79 227
6	84 15
6	83 15
6	85 15
6	79 26
6	84 16
6	83 16
6	85 14
6	79 232
6	83 16
6	85 16
6	79 42
6	84 17
6	83 17
6	85 17
6	79 29
6	84 18
6	83 18
6	85 18
6	79 24
6	84 19
6	83 19
6	85 19
6	79 24
6	84 20
6	83 20
6	85 20
6	79 29
6	84 1
6	83 1
6	85 1
6	79 23
6	84 2
6	83 2
6	85 2
6	79 33
6	84 3
6	83 3
6	85 3
6	79 28
6	84 4
6	83 4
6	85 4
6	79 28
6	84 5
6	83 5
6	85 5
6	79 31
6	84 6
6	83 6
6	85 6
6	79 30
6	84 7
6	83 7
6	85 7
6	79 30
6	84 8
6	83 8
6	85 8
6	79 24
6	84 9
6	83 9
6	85 9
6	79 28
6	84 10
6	83 10
6	85 10
6	79 28
6	84 11
6	83 11
6	85 11
6	79 29
6	84 12
6	83 12
6	85 12
6	79 28
6	84 13
6	83 13
6	85 13
6	79 23
6	84 14
6	83 14
6	85 14
6	79 26
6	84 15
6	83 15
6	85 15
6	79 27
6	84 16
6	83 16
6	85 16
6	79 30
6	84 17
6	83 17
6	85 17
6	79 32
6	84 18
6	83 18
6	85 18
6	79 26
6	84 19
6	83 19
6	85 19
6	79 22
6	84 20
6	83 20
6	85 20
6	79 25
6	84 1
6	83 1
6	85 1
6	79 28
6	84 2
6	83 2
6	85 2
6	79 28
6	84 3
6	83 3
6	85 3
6	79 26
6	84 4
6	83 4
6	85 4
6	79 26
6	84 5
6	83 5
6	85 5
6	79 27
6	84 6
6	83 6
6	85 6
6	79 25
6	84 7
6	83 7
6	85 7
6	79 30
6	84 8
6	83 8
6	85 8
6	79 28
6	84 9
6	83 9
6	85 9
6	79 26
6	84 10
6	83 10
6	85 10
6	79 30
6	84 11
6	83 11
6	85 11
6	79 30
6	84 12
6	83 12
6	85 12
6	79 24
6	84 13
6	83 13
6	85 13
6	79 28
6	84 14
6	83 14
6	85 14
6	79 30
6	84 15
6	83 15
6	85 15
6	79 24
6	84 16
6	83 16
6	85 16
6	79 23
6	84 17
6	83 17
6	85 17
6	79 30
6	84 18
6	83 18
6	85 18
6	79 27
6	84 19
6	83 19
6	85 19
6	79 24
6	84 20
6	83 20
6	85 20
6	79 30
6	84 1
6	83 1
6	85 1
6	79 27
6	84 2
6	83 2
6	85 2
6	79 27
6	84 3
6	83 3
6	85 3
6	79 22
6	84 4
6	83 4
6	85 4
6	79 26
6	84 5
6	83 5
6	85 5
6	79 29
6	84 6
6	83 6
6	85 6
6	79 25
6	84 7
6	83 7
6	85 7
6	79 29
6	84 8
6	83 8
6	85 8
6	79 32
6	84 9
6	83 9
6	85 9
6	79 29
6	84 10
6	83 10
6	85 10
6	79 25
6	84 11
6	83 11
6	85 11
6	79 30
6	84 12
6	83 12
6	85 12
6	79 28
6	84 13
6	83 13
6	85 13
6	79 28
6	84 14
6	83 14
6	85 14
6	79 29
6	84 15
6	83 15
6	85 15
6	79 27
6	84 16
6	83 16
6	85 16
6	79 26
6	84 17
6	83 17
6	85 17
6	79 29
6	84 18
6	83 18
6	85 18
6	79 27
6	84 19
6	83 19
6	85 19
6	79 24
6	84 20
6	83 20
6	85 20
6	79 30
6	84 1
6	83 1
6	85 1
6	79 30
6	84 2
6	83 2
6	85 2
6	79 22
6	84 3
6	83 3
6	85 3
6	79 28
6	84 4
6	83 4
6	85 4
6	79 25
6	84 5
6	83 5
6	85 5
6	79 27
6	84 6
6	83 6
6	85 6
6	79 29
6	84 7
6	83 7
6	85 7
6	79 31
6	84 8
6	83 8
6	85 8
6	79 28
6	84 9
6	83 9
6	85 9
6	79 30
6	84 10
6	83 10
6	85 10
6	79 31
6	84 11
6	83 11
6	85 7
6	79 429
6	83 11
6	85 11
6	79 32
6	83 11
6	85 9
6	79 239
6	83 11
6	85 11
6	79 40
6	83 11
6	85 7
6	79 444
6	83 11
6	85 9
6	79 247
6	83 11
6	85 11
6	79 54
6	83 11
6	85 7
6	79 455
6	83 11
6	85 9
6	79 261
6	83 11
6	85 11
6	79 62
6	83 11
6	85 7
6	79 467
6	83 11
6	85 9
6	79 275
6	83 11
6	85 11
6	79 78
6	84 12
6	83 12
6	85 7
6	79 499
6	83 12
6	85 9
6	79 307
6	83 12
6	85 9
6	79 313
6	83 12
6	85 7
6	79 532
6	83 12
6	85 9
6	79 341
6	83 12
6	85 11
6	79 149
6	83 12
6	85 7
6	79 567
6	83 12
6	85 11
6	79 189
6	84 13
6	83 13
6	85 9
6	79 412
6	83 13
6	85 7
6	79 624
6	83 13
6	85 11
6	79 234
6	83 13
6	85 7
6	79 648
6	83 13
6	85 11
6	79 258
6	83 13
6	85 9
6	79 467
6	83 13
6	85 7
6	79 673
6	83 13
6	85 11
6	79 278
6	83 13
6	85 11
6	79 281
6	83 13
6	85 9
6	79 487
6	83 13
6	85 11
6	79 294
6	83 13
6	85 7
6	79 693
6	84 14
6	83 14
6	85 9
6	79 502
6	83 14
6	85 9
6	79 502
6	83 14
6	85 7
6	79 709
6	83 14
6	85 11
6	79 311
6	83 14
6	85 9
6	79 518
6	83 14
6	85 11
6	79 319
6	83 14
6	85 9
6	79 526
6	83 14
6	85 7
6	79 735
6	83 14
6	85 11
6	79 347
6	83 14
6	85 9
6	79 552
6	83 14
6	85 7
6	79 782
6	83 14
6	85 11
6	79 385
6	84 15
6	83 15
6	85 9
6	79 607
6	83 15
6	85 11
6	79 411
6	83 15
6	85 7
6	79 813
6	83 15
6	85 11
6	79 423
6	83 15
6	85 9
6	79 629
6	83 15
6	85 7
6	79 843
6	83 15
6	85 11
6	79 462
6	83 15
6	85 7
6	79 867
6	83 15
6	85 11
6	79 477
6	83 15
6	85 11
6	79 487
6	83 15
6	85 9
6	79 696
6	84 16
6	83 16
6	85 9
6	79 707
6	83 16
6	85 7
6	79 923
6	83 16
6	85 11
6	79 532
6	83 16
6	85 11
6	79 538
6	83 16
6	85 9
6	79 738
6	83 16
6	85 9
6	79 744
6	83 16
6	85 11
6	79 544
6	83 16
6	85 7
6	79 950
6	83 16
6	85 9
6	79 753
6	83 16
6	85 11
6	79 558
6	83 16
6	85 9
6	79 760
6	83 16
6	85 7
6	79 967
6	83 16
6	85 11
6	79 578
6	83 16
6	85 7
6	79 980
6	83 16
6	85 9
6	79 783
6	83 16
6	85 9
6	79 794
6	84 17
6	83 17
6	85 7
6	79 1002
6	83 17
6	85 9
6	79 809
6	83 17
6	85 9
6	79 812
6	83 17
6	85 7
6	79 1024
6	83 17
6	85 9
6	79 831
6	83 17
6	85 15
6	79 245
6	83 17
6	85 11
6	79 647
6	83 17
6	85 9
6	79 853
6	83 17
6	85 9
6	79 859
6	83 17
6	85 7
6	79 1067
6	83 17
6	85 9
6	79 876
6	83 17
6	85 7
6	79 1086
6	83 17
6	85 11
6	79 696
6	84 18
6	83 18
6	85 7
6	79 1102
6	83 18
6	85 11
6	79 710
6	84 19
6	83 19
6	85 19
6	79 27
6	84 20
6	84 1
6	83 1
6	85 11
6	79 1021
6	83 1
6	85 7
6	79 1453
6	83 1
6	85 11
6	79 1060
6	83 1
6	85 9
6	79 1270
6	83 1
6	85 7
6	79 1479
6	83 1
6	85 11
6	79 1087
6	84 2
6	83 2
6	85 7
6	79 1495
6	83 2
6	85 11
6	79 1109
6	84 3
6	83 3
6	85 3
6	79 28
6	84 4
6	83 4
6	85 20
6	79 451
6	84 5
6	84 6
6	84 7
6	83 7
6	85 7
6	79 25
6	84 8
6	84 9
6	83 9
6	85 9
6	79 30
6	83 9
6	85 6
6	79 359
6	84 10
6	83 10
6	85 10
6	79 25
6	84 11
6	83 11
6	85 11
6	79 28
6	84 12
6	83 12
6	85 12
6	79 33
6	84 13
6	83 13
6	85 13
6	79 23
6	84 14
6	83 14
6	85 14
6	79 26
6	84 15
6	83 15
6	85 15
6	79 28
6	84 16
6	83 16
6	85 16
6	79 24
6	84 17
6	83 17
6	85 17
6	79 27
6	84 18
6	83 18
6	85 18
6	79 25
6	84 19
6	83 19
6	85 19
6	79 29
6	84 20
6	83 20
6	85 20
6	79 28
6	84 1
6	83 1
6	85 1
6	79 29
6	84 2
6	83 2
6	85 2
6	79 25
6	84 3
6	83 3
6	85 3
6	79 29
6	84 4
6	83 4
6	85 4
6	79 29
6	84 5
6	83 5
6	85 5
6	79 28
6	84 6
6	83 6
6	85 6
6	79 30
6	84 7
6	83 7
6	85 7
6	79 29
6	84 8
6	83 8
6	85 8
6	79 28
6	84 9
6	83 9
6	85 9
6	79 33
6	84 10
6	83 10
6	85 10
6	79 30
6	84 11
6	83 11
6	85 11
6	79 29
6	84 12
6	83 12
6	85 12
6	79 29
6	84 13
6	83 13
6	85 13
6	79 27
6	84 14
6	83 14
6	85 14
6	79 32
6	84 15
6	83 15
6	85 15
6	79 27
6	84 16
6	83 16
6	85 16
6	79 28
6	84 17
6	83 17
6	85 17
6	79 31
6	84 18
6	83 18
6	85 18
6	79 32
6	84 19
6	83 19
6	85 19
6	79 30
6	84 20
6	83 20
6	85 20
6	79 24
6	84 1
6	83 1
6	85 1
6	79 28
6	84 2
6	83 2
6	85 2
6	79 28
6	84 3
6	83 3
6	85 3
6	79 28
6	84 4
6	83 4
6	85 4
6	79 29
6	84 5
6	83 5
6	85 5
6	79 27
6	84 6
6	83 6
6	85 6
6	79 27
6	84 7
6	83 7
6	85 7
6	79 28
6	84 8
6	83 8
6	85 8
6	79 30
6	84 9
6	83 9
6	85 9
6	79 33
6	84 10
6	84 11
6	83 11
6	85 11
6	79 23
6	84 12
6	83 12
6	85 10
6	79 228
6	83 12
6	85 12
6	79 35
6	84 13
6	83 13
6	85 13
6	79 26
6	84 14
6	83 14
6	85 14
6	79 23
6	84 15
6	83 15
6	85 15
6	79 31
6	84 16
6	83 16
6	85 16
6	79 27
6	84 17
6	83 17
6	85 17
6	79 25
6	84 18
6	84 19
6	83 19
6	85 19
6	79 27
6	84 20
6	TEST_NUMBER 5
6	SENT_TOTAL 200
6	RECEIVED_TOTAL 279
6	TIME_TOTAL 29783
6	RECEIVED_RADIO_1 144
6	RECEIVED_RADIO_2 137
6	SENT_RADIO_1 100
6	SENT_RADIO_2 100
6	RADIO_TIME_1 19823
6	RADIO_TIME_2 29783
6	RETRANSMISSIONS_1 0
6	RETRANSMISSIONS_2 1
6	DROPPED_1 0
6	DROPPED_2 0
6	MAX_QUEUE 1
6	DUPLICATED_1 21
6	DUPLICATED_2 2
6	EBUSY_RADIO_1 0
6	EBUSY_RADIO_2 0
6	83 0
6	85 18
6	86 5
6	83 0
6	85 20
6	86 5
6	84 1
6	83 1
6	85 1
6	79 28
6	84 2
6	83 2
6	85 2
6	79 25
6	84 3
6	83 3
6	85 3
6	79 27
6	84 4
6	83 4
6	85 4
6	79 23
6	84 5
6	83 5
6	85 5
6	79 27
6	84 6
6	83 6
6	85 6
6	79 26
6	84 7
6	83 7
6	85 7
6	79 27
6	84 8
6	83 8
6	85 8
6	79 29
6	84 9
6	83 9
6	85 9
6	79 29
6	84 10
6	83 10
6	85 10
6	79 23
6	84 11
6	83 11
6	85 11
6	79 27
6	84 12
6	83 12
6	85 12
6	79 25
6	84 13
6	83 13
6	85 13
6	79 26
6	84 14
6	83 14
6	85 14
6	79 27
6	84 15
6	83 15
6	85 15
6	79 27
6	84 16
6	83 16
6	85 16
6	79 26
6	84 17
6	83 17
6	85 17
6	79 26
6	84 18
6	83 18
6	85 18
6	79 25
6	84 19
6	83 19
6	85 19
6	79 24
6	84 20
6	83 20
6	85 20
6	79 32
6	84 1
6	83 1
6	85 1
6	79 26
6	84 2
6	83 2
6	85 2
6	79 23
6	84 3
6	83 3
6	85 3
6	79 26
6	84 4
6	84 5
6	83 5
6	85 5
6	79 25
6	84 6
6	83 6
6	85 4
6	79 225
6	83 6
6	85 6
6	79 41
6	84 7
6	83 7
6	85 7
6	79 30
6	84 8
6	83 8
6	85 8
6	79 27
6	84 9
6	83 9
6	85 9
6	79 31
6	84 10
6	83 10
6	85 10
6	79 24
6	84 11
6	83 11
6	85 11
6	79 22
6	84 12
6	83 12
6	85 12
6	79 29
6	84 13
6	83 13
6	85 13
6	79 25
6	84 14
6	83 14
6	85 14
6	79 28
6	84 15
6	83 15
6	85 15
6	79 25
6	84 16
6	83 16
6	85 16
6	79 24
6	84 17
6	83 17
6	85 17
6	79 26
6	84 18
6	83 18
6	85 18
6	79 31
6	84 19
6	83 19
6	85 19
6	79 23
6	84 20
6	83 20
6	85 20
6	79 28
6	84 1
6	83 1
6	85 1
6	79 32
6	84 2
6	83 2
6	85 2
6	79 27
6	84 3
6	83 3
6	85 3
6	79 22
6	84 4
6	83 4
6	85 4
6	79 27
6	84 5
6	83 5
6	85 5
6	79 26
6	84 6
6	83 6
6	85 6
6	79 28
6	84 7
6	83 7
6	85 7
6	79 37
6	84 8
6	83 8
6	85 8
6	79 27
6	84 9
6	83 9
6	85 9
6	79 27
6	84 10
6	83 10
6	85 10
6	79 27
6	84 11
6	83 11
6	85 11
6	79 28
6	84 12
6	83 12
6	85 12
6	79 22
6	84 13
6	83 13
6	85 13
6	79 25
6	84 14
6	83 14
6	85 14
6	79 25
6	84 15
6	83 15
6	85 15
6	79 35
6	84 16
6	83 16
6	85 16
6	79 31
6	84 17
6	83 17
6	85 17
6	79 28
6	84 18
6	83 18
6	85 18
6	79 27
6	84 19
6	83 19
6	85 19
6	79 30
6	84 20
6	83 20
6	85 20
6	79 25
6	84 1
6	83 1
6	85 1
6	79 29
6	84 2
6	83 2
6	85 2
6	79 27
6	84 3
6	83 3
6	85 3
6	79 27
6	84 4
6	83 4
6	85 4
6	79 27
6	84 5
6	83 5
6	85 5
6	79 26
6	84 6
6	83 6
6	85 6
6	79 32
6	84 7
6	83 7
6	85 7
6	79 27
6	84 8
6	83 8
6	85 8
6	79 26
6	84 9
6	83 9
6	85 9
6	79 26
6	84 10
6	83 10
6	85 10
6	79 30
6	84 11
6	83 11
6	85 11
6	79 26
6	84 12
6	83 12
6	85 12
6	79 29
6	84 13
6	83 13
6	85 13
6	79 22
6	84 14
6	83 14
6	85 14
6	79 29
6	84 15
6	83 15
6	85 15
6	79 31
6	84 16
6	83 16
6	85 16
6	79 29
6	84 17
6	83 17
6	85 17
6	79 28
6	84 18
6	83 18
6	85 18
6	79 26
6	84 19
6	83 19
6	85 19
6	79 27
6	84 20
6	83 20
6	85 20
6	79 28
6	84 1
6	83 1
6	85 1
6	79 26
6	84 2
6	83 2
6	85 2
6	79 25
6	84 3
6	83 3
6	85 3
6	79 23
6	84 4
6	83 4
6	85 4
6	79 29
6	84 5
6	83 5
6	85 5
6	79 25
6	84 6
6	83 6
6	85 6
6	79 27
6	84 7
6	83 7
6	85 7
6	79 25
6	84 8
6	83 8
6	85 8
6	79 29
6	84 9
6	83 9
6	85 9
6	79 29
6	84 10
6	83 10
6	85 10
6	79 29
6	84 11
6	83 11
6	85 11
6	79 30
6	84 12
6	83 12
6	85 12
6	79 28
6	84 13
6	83 13
6	85 13
6	79 30
6	84 14
6	83 14
6	85 14
6	79 31
6	84 15
6	83 15
6	85 15
6	79 26
6	84 16
6	83 16
6	85 16
6	79 28
6	84 17
6	83 17
6	85 17
6	79 25
6	84 18
6	83 18
6	85 18
6	79 29
6	84 19
6	83 19
6	85 19
6	79 33
6	84 20
6	83 20
6	85 20
6	79 28
6	84 1
6	83 1
6	85 1
6	79 26
6	84 2
6	83 2
6	85 2
6	79 27
6	84 3
6	83 3
6	85 3
6	79 32
6	84 4
6	83 4
6	85 4
6	79 29
6	84 5
6	83 5
6	85 5
6	79 26
6	84 6
6	83 6
6	85 6
6	79 31
6	84 7
6	83 7
6	85 7
6	79 25
6	84 8
6	83 8
6	85 8
6	79 26
6	84 9
6	83 9
6	85 9
6	79 24
6	84 10
6	83 10
6	85 10
6	79 27
6	84 11
6	83 11
6	85 11
6	79 26
6	84 12
6	83 12
6	85 12
6	79 26
6	84 13
6	83 13
6	85 13
6	79 31
6	84 14
6	83 14
6	85 14
6	79 27
6	84 15
6	83 15
6	85 15
6	79 30
6	84 16
6	83 16
6	85 16
6	79 29
6	84 17
6	83 17
6	85 17
6	79 27
6	84 18
6	83 18
6	85 18
6	79 26
6	84 19
6	83 19
6	85 19
6	79 32
6	84 20
6	83 20
6	85 20
6	79 30
6	84 1
6	83 1
6	85 1
6	79 32
6	84 2
6	83 2
6	85 2
6	79 24
6	84 3
6	83 3
6	85 3
6	79 27
6	84 4
6	83 4
6	85 4
6	79 29
6	84 5
6	83 5
6	85 5
6	79 26
6	84 6
6	83 6
6	85 6
6	79 26
6	84 7
6	83 7
6	85 7
6	79 32
6	84 8
6	83 8
6	85 8
6	79 28
6	84 9
6	83 9
6	85 9
6	79 28
6	84 10
6	83 10
6	85 10
6	79 29
6	84 11
6	83 11
6	85 11
6	79 33
6	84 12
6	83 12
6	85 12
6	79 26
6	84 13
6	83 13
6	85 13
6	79 31
6	84 14
6	83 14
6	85 14
6	79 32
6	84 15
6	83 15
6	85 15
6	79 28
6	84 16
6	83 16
6	85 16
6	79 28
6	84 17
6	83 17
6	85 17
6	79 25
6	84 18
6	83 18
6	85 18
6	79 27
6	84 19
6	83 19
6	85 19
6	79 25
6	84 20
6	83 20
6	85 20
6	79 30
6	84 1
6	83 1
6	85 1
6	79 29
6	84 2
6	83 2
6	85 2
6	79 33
6	84 3
6	83 3
6	85 3
6	79 28
6	84 4
6	83 4
6	85 4
6	79 26
6	84 5
6	83 5
6	85 5
6	79 24
6	84 6
6	83 6
6	85 6
6	79 27
6	84 7
6	83 7
6	85 7
6	79 27
6	84 8
6	83 8
6	85 8
6	79 30
6	84 9
6	83 9
6	85 9
6	79 25
6	84 10
6	83 10
6	85 10
6	79 28
6	84 11
6	83 11
6	85 11
6	79 28
6	84 12
6	83 12
6	85 12
6	79 28
6	84 13
6	83 13
6	85 13
6	79 31
6	84 14
6	83 14
6	85 14
6	79 33
6	84 15
6	83 15
6	85 15
6	79 30
6	84 16
6	83 16
6	85 16
6	79 31
6	84 17
6	83 17
6	85 17
6	79 31
6	84 18
6	83 18
6	85 18
6	79 29
6	84 19
6	83 19
6	85 19
6	79 30
6	84 20
6	83 20
6	85 20
6	79 26
6	84 1
6	83 1
6	85 1
6	79 35
6	84 2
6	83 2
6	85 2
6	79 29
6	84 3
6	83 3
6	85 3
6	79 27
6	84 4
6	83 4
6	85 4
6	79 28
6	84 5
6	83 5
6	85 5
6	79 25
6	84 6
6	83 6
6	85 6
6	79 30
6	84 7
6	83 7
6	85 7
6	79 30
6	84 8
6	83 8
6	85 8
6	79 30
6	84 9
6	83 9
6	85 9
6	79 28
6	84 10
6	83 10
6	85 10
6	79 25
6	84 11
6	83 11
6	85 11
6	79 25
6	84 12
6	83 12
6	85 12
6	79 25
6	84 13
6	83 13
6	85 13
6	79 26
6	84 14
6	83 14
6	85 14
6	79 30
6	84 15
6	83 15
6	85 15
6	79 24
6	84 16
6	83 16
6	85 16
6	79 29
6	84 17
6	83 17
6	85 17
6	79 29
6	84 18
6	83 18
6	85 18
6	79 31
6	84 19
6	83 19
6	85 19
6	79 23
6	84 20
6	83 20
6	85 20
6	79 30
6	84 1
6	83 1
6	85 1
6	79 24
6	84 2
6	83 2
6	85 2
6	79 33
6	84 3
6	83 3
6	85 3
6	79 26
6	84 4
6	83 4
6	85 4
6	79 24
6	84 5
6	83 5
6	85 5
6	79 31
6	84 6
6	83 6
6	85 6
6	79 31
6	84 7
6	83 7
6	85 7
6	79 25
6	84 8
6	83 8
6	85 8
6	79 31
6	84 9
6	83 9
6	85 9
6	79 31
6	84 10
6	83 10
6	85 10
6	79 32
6	84 11
6	83 11
6	85 11
6	79 30
6	84 12
6	83 12
6	85 12
6	79 27
6	84 13
6	83 13
6	85 13
6	79 27
6	84 14
6	83 14
6	85 14
6	79 25
6	84 15
6	83 15
6	85 15
6	79 26
6	84 16
6	83 16
6	85 16
6	79 29
6	84 17
6	83 17
6	85 17
6	79 26
6	84 18
6	83 18
6	85 18
6	79 29
6	84 19
6	83 19
6	85 19
6	79 31
6	84 20
6	TEST_NUMBER 6
6	SENT_TOTAL 200
6	RECEIVED_TOTAL 199
6	TIME_TOTAL 29791
6	RECEIVED_RADIO_1 100
6	RECEIVED_RADIO_2 101
6	SENT_RADIO_1 100
6	SENT_RADIO_2 100
6	RADIO_TIME_1 29859
6	RADIO_TIME_2 29782
6	RETRANSMISSIONS_1 0
6	RETRANSMISSIONS_2 0
6	DROPPED_1 0
6	DROPPED_2 0
6	MAX_QUEUE 1
6	DUPLICATED_1 1
6	DUPLICATED_2 0
6	EBUSY_RADIO_1 0
6	EBUSY_RADIO_2 0
6	83 0
6	85 20
6	86 6

7	RELAY_NODE 7
7	TEST_NUMBER 0
7	SENT_TOTAL 0
7	RECEIVED_TOTAL 0
7	TIME_TOTAL 0
7	RECEIVED_RADIO_1 100
7	RECEIVED_RADIO_2 100
7	SENT_RADIO_1 100
7	SENT_RADIO_2 100
7	RADIO_TIME_1 19842
7	RADIO_TIME_2 19842
7	RETRANSMISSIONS_1 0
7	RETRANSMISSIONS_2 0
7	DROPPED_1 0
7	DROPPED_2 0
7	MAX_QUEUE 1
7	DUPLICATED_1 0
7	DUPLICATED_2 0
7	EBUSY_RADIO_1 0
7	EBUSY_RADIO_2 0
7	TEST_NUMBER 1
7	SENT_TOTAL 0
7	RECEIVED_TOTAL 0
7	TIME_TOTAL 0
7	RECEIVED_RADIO_1 100
7	RECEIVED_RADIO_2 100
7	SENT_RADIO_1 100
7	SENT_RADIO_2 100
7	RADIO_TIME_1 19836
7	RADIO_TIME_2 19836
7	RETRANSMISSIONS_1 0
7	RETRANSMISSIONS_2 0
7	DROPPED_1 0
7	DROPPED_2 0
7	MAX_QUEUE 1
7	DUPLICATED_1 0
7	DUPLICATED_2 0
7	EBUSY_RADIO_1 0
7	EBUSY_RADIO_2 0
7	TEST_NUMBER 2
7	SENT_TOTAL 0
7	RECEIVED_TOTAL 0
7	TIME_TOTAL 0
7	RECEIVED_RADIO_1 100
7	RECEIVED_RADIO_2 100
7	SENT_RADIO_1 100
7	SENT_RADIO_2 100
7	RADIO_TIME_1 19834
7	RADIO_TIME_2 19834
7	RETRANSMISSIONS_1 0
7	RETRANSMISSIONS_2 1
7	DROPPED_1 0
7	DROPPED_2 0
7	MAX_QUEUE 1
7	DUPLICATED_1 0
7	DUPLICATED_2 0
7	EBUSY_RADIO_1 0
7	EBUSY_RADIO_2 0
7	TEST_NUMBER 3
7	SENT_TOTAL 0
7	RECEIVED_TOTAL 0
7	TIME_TOTAL 0
7	RECEIVED_RADIO_1 100
7	RECEIVED_RADIO_2 100
7	SENT_RADIO_1 100
7	SENT_RADIO_2 100
7	RADIO_TIME_1 19734
7	RADIO_TIME_2 19734
7	RETRANSMISSIONS_1 0
7	RETRANSMISSIONS_2 2
7	DROPPED_1 0
7	DROPPED_2 0
7	MAX_QUEUE 1
7	DUPLICATED_1 0
7	DUPLICATED_2 0
7	EBUSY_RADIO_1 0
7	EBUSY_RADIO_2 0
7	TEST_NUMBER 4
7	SENT_TOTAL 0
7	RECEIVED_TOTAL 0
7	TIME_TOTAL 0
7	RECEIVED_RADIO_1 100
7	RECEIVED_RADIO_2 99
7	SENT_RADIO_1 99
7	SENT_RADIO_2 100
7	RADIO_TIME_1 19735
7	RADIO_TIME_2 19735
7	RETRANSMISSIONS_1 0
7	RETRANSMISSIONS_2 2
7	DROPPED_1 0
7	DROPPED_2 0
7	MAX_QUEUE 1
7	DUPLICATED_1 0
7	DUPLICATED_2 0
7	EBUSY_RADIO_1 0
7	EBUSY_RADIO_2 0
7	TEST_NUMBER 5
7	SENT_TOTAL 0
7	RECEIVED_TOTAL 0
7	TIME_TOTAL 0
7	RECEIVED_RADIO_1 101
7	RECEIVED_RADIO_2 156
7	SENT_RADIO_1 145
7	SENT_RADIO_2 95
7	RADIO_TIME_1 19830
7	RADIO_TIME_2 19830
7	RETRANSMISSIONS_1 81
7	RETRANSMISSIONS_2 114
7	DROPPED_1 6
7	DROPPED_2 11
7	MAX_QUEUE 23
7	DUPLICATED_1 0
7	DUPLICATED_2 2
7	EBUSY_RADIO_1 0
7	EBUSY_RADIO_2 2
7	TEST_NUMBER 6
7	SENT_TOTAL 0
7	RECEIVED_TOTAL 0
7	TIME_TOTAL 0
7	RECEIVED_RADIO_1 100
7	RECEIVED_RADIO_2 100
7	SENT_RADIO_1 100
7	SENT_RADIO_2 100
7	RADIO_TIME_1 19823
7	RADIO_TIME_2 19823
7	RETRANSMISSIONS_1 1
7	RETRANSMISSIONS_2 1
7	DROPPED_1 0
7	DROPPED_2 0
7	MAX_QUEUE 1
7	DUPLICATED_1 0
7	DUPLICATED_2 1
7	EBUSY_RADIO_1 0
7	EBUSY_RADIO_2 0
