
6	DESTINATION_NODE 6
6	TEST_NUMBER 0
6	SENT_TOTAL 1
6	RECEIVED_TOTAL 1
6	TIME_TOTAL 0
6	RECEIVED_RADIO_1 0
6	RECEIVED_RADIO_2 1
6	SENT_RADIO_1 0
6	SENT_RADIO_2 0
6	RADIO_TIME_1 0
6	RADIO_TIME_2 0
6	RETRANSMISSIONS_1 1
6	RETRANSMISSIONS_2 0
6	DROPPED_1 0
6	DROPPED_2 0
6	MAX_QUEUE 1
6	DUPLICATED_1 0
6	DUPLICATED_2 0
6	EBUSY_RADIO_1 0
6	EBUSY_RADIO_2 0
6	TEST_NUMBER 1
6	SENT_TOTAL 0
6	RECEIVED_TOTAL 0
6	TIME_TOTAL 0
6	RECEIVED_RADIO_1 0
6	RECEIVED_RADIO_2 0
6	SENT_RADIO_1 0
6	SENT_RADIO_2 0
6	RADIO_TIME_1 27100
6	RADIO_TIME_2 27100
6	RETRANSMISSIONS_1 0
6	RETRANSMISSIONS_2 0
6	DROPPED_1 0
6	DROPPED_2 0
6	MAX_QUEUE 0
6	DUPLICATED_1 0
6	DUPLICATED_2 0
6	EBUSY_RADIO_1 0
6	EBUSY_RADIO_2 0
6	TEST_NUMBER 2
6	SENT_TOTAL 0
6	RECEIVED_TOTAL 0
6	TIME_TOTAL 0
6	RECEIVED_RADIO_1 0
6	RECEIVED_RADIO_2 0
6	SENT_RADIO_1 0
6	SENT_RADIO_2 0
6	RADIO_TIME_1 27100
6	RADIO_TIME_2 27100
6	RETRANSMISSIONS_1 0
6	RETRANSMISSIONS_2 0
6	DROPPED_1 0
6	DROPPED_2 0
6	MAX_QUEUE 0
6	DUPLICATED_1 0
6	DUPLICATED_2 0
6	EBUSY_RADIO_1 0
6	EBUSY_RADIO_2 0
6	TEST_NUMBER 3
6	SENT_TOTAL 0
6	RECEIVED_TOTAL 0
6	TIME_TOTAL 0
6	RECEIVED_RADIO_1 0
6	RECEIVED_RADIO_2 0
6	SENT_RADIO_1 0
6	SENT_RADIO_2 0
6	RADIO_TIME_1 27100
6	RADIO_TIME_2 27100
6	RETRANSMISSIONS_1 0
6	RETRANSMISSIONS_2 0
6	DROPPED_1 0
6	DROPPED_2 0
6	MAX_QUEUE 0
6	DUPLICATED_1 0
6	DUPLICATED_2 0
6	EBUSY_RADIO_1 0
6	EBUSY_RADIO_2 0
6	TEST_NUMBER 4
6	SENT_TOTAL 0
6	RECEIVED_TOTAL 0
6	TIME_TOTAL 0
6	RECEIVED_RADIO_1 0
6	RECEIVED_RADIO_2 0
6	SENT_RADIO_1 0
6	SENT_RADIO_2 0
6	RADIO_TIME_1 27100
6	RADIO_TIME_2 27100
6	RETRANSMISSIONS_1 0
6	RETRANSMISSIONS_2 0
6	DROPPED_1 0
6	DROPPED_2 0
6	MAX_QUEUE 0
6	DUPLICATED_1 0
6	DUPLICATED_2 0
6	EBUSY_RADIO_1 0
6	EBUSY_RADIO_2 0
6	TEST_NUMBER 5
6	SENT_TOTAL 0
6	RECEIVED_TOTAL 0
6	TIME_TOTAL 0
6	RECEIVED_RADIO_1 0
6	86 0
6	86 0
6	86 0
6	86 0
6	86 0
6	86 0
6	86 0
6	86 0
6	86 0
6	86 0
6	86 0
6	86 0
6	86 0
6	86 0
6	86 0
6	86 0
6	86 0
6	86 0
6	86 0
6	86 0
6	86 0
6	86 0
6	86 0
6	86 0
6	86 0
6	86 0
6	86 0
6	86 0
6	86 0
6	86 0
6	86 0
6	86 0
6	86 0
6	86 0
6	86 0
6	86 0
6	86 0
6	86 0
6	86 0
6	86 0
6	86 0
6	86 0
6	86 0
6	86 0
6	86 0
6	86 0
6	86 0
6	86 0
6	86 0
6	86 0
6	86 0
6	86 0
6	86 0
6	86 0
6	86 0
6	86 0
6	86 0
6	86 0
6	86 0
6	86 0
6	86 0
6	86 0
6	86 0
6	86 0
6	86 0
6	86 0
6	86 0
6	86 0
6	86 0
6	86 0
6	86 0
6	86 0
6	86 0
6	86 0
6	86 0
6	86 0
6	86 0
6	86 0
6	86 0
6	86 0
6	86 0
6	86 0
6	86 0
6	86 0
6	86 0
6	86 0
6	86 0
6	86 0
6	86 0
6	86 0
6	86 0
6	86 0
6	86 0
6	86 0
6	86 0
6	86 0
6	86 0
6	86 0
6	86 0
6	86 0
6	86 0
6	86 0
6	86 0
6	86 0
6	86 0
6	86 0
6	86 0
6	86 0
6	86 0
6	86 0
6	86 0
6	86 0
6	86 0
6	86 0
6	86 0
6	86 0
6	86 0
6	86 0
6	86 0
6	86 0
6	86 0
6	86 0
6	86 0
6	86 0
6	86 0
6	86 0
6	86 0
6	86 0
6	86 0
6	86 0
6	86 0
6	86 0
6	86 0
6	86 0
6	86 0
6	86 0
6	86 0
6	86 0
6	86 0
6	86 0
6	86 0
6	86 0
6	86 0
6	86 0
6	86 0
6	86 0
6	86 0
6	86 0
6	86 0
6	86 0
6	86 0
6	86 0
6	86 0
6	86 0
6	86 0
6	86 0
6	86 0
6	86 0
6	86 0
6	86 0
6	86 0
6	86 0
6	86 0
6	86 0
6	86 0
6	86 0
6	86 0
6	86 0
6	86 0
6	86 0
6	86 0
6	86 0
6	86 0
6	86 0
6	86 0
6	86 0
6	86 0
6	86 0
6	86 0
6	86 0
6	86 0
6	86 0
6	86 0
6	86 0
6	86 0
6	86 0
6	86 0
6	86 0
6	86 0
6	86 0
6	86 0
6	86 0
6	86 0
6	86 0
6	86 0
6	86 0
6	86 0
6	86 0
6	86 0
6	86 0
6	86 0
6	86 0
6	86 0
6	86 0
6	86 0
6	86 0
6	86 0
6	86 0
6	86 0
6	86 0
6	86 0
6	86 0
6	86 0
6	86 0
6	86 0
6	86 0
6	86 0
6	86 0
6	86 0
6	86 0
6	86 0
6	86 0
6	86 0
6	86 0
6	86 0
6	86 0
6	86 0
6	86 0
6	86 0
6	86 0
6	86 0
6	86 0
6	86 0
6	86 0
6	86 0
6	86 0
6	86 0
6	86 0
6	86 0
6	86 0
6	86 0
6	86 0
6	86 0
6	86 0
6	86 0
6	86 0
6	86 0
6	86 0
6	86 0
6	86 1
6	86 1
6	86 1
6	86 1
6	86 1
6	86 1
6	86 1
6	86 1
6	86 1
6	86 1
6	86 1
6	86 1
6	86 1
6	86 1
6	86 1
6	86 1
6	86 1
6	86 1
6	86 1
6	86 1
6	86 1
6	86 1
6	86 1
6	86 1
6	86 1
6	86 1
6	86 1
6	86 1
6	86 1
6	86 1
6	86 1
6	86 1
6	86 1
6	86 1
6	86 1
6	86 1
6	86 1
6	86 1
6	86 1
6	86 1
6	86 1
6	86 1
6	86 1
6	86 1
6	86 1
6	86 1
6	86 1
6	86 1
6	86 1
6	86 1
6	86 1
6	86 1
6	86 1
6	86 1
6	86 1
6	86 1
6	86 1
6	86 1
6	86 1
6	86 1
6	86 1
6	86 1
6	86 1
6	86 1
6	86 1
6	86 1
6	86 1
6	86 1
6	86 1
6	86 1
6	86 1
6	86 1
6	86 1
6	86 1
6	86 1
6	86 1
6	86 1
6	86 1
6	86 1
6	86 1
6	86 1
6	86 1
6	86 1
6	86 1
6	86 1
6	86 1
6	86 1
6	86 1
6	86 1
6	86 1
6	86 1
6	86 1
6	86 1
6	86 1
6	86 1
6	86 1
6	86 1
6	86 1
6	86 1
6	86 1
6	86 1
6	86 1
6	86 1
6	86 1
6	86 1
6	86 1
6	86 1
6	86 1
6	86 1
6	86 1
6	86 1
6	86 1
6	86 1
6	86 1
6	86 1
6	86 1
6	86 1
6	86 1
6	86 1
6	86 1
6	86 1
6	86 1
6	86 1
6	86 1
6	86 1
6	86 1
6	86 1
6	86 1
6	86 1
6	86 1
6	86 1
6	86 1
6	86 1
6	86 1
6	86 1
6	86 1
6	86 1
6	86 1
6	86 1
6	86 1
6	86 1
6	86 1
6	86 1
6	86 1
6	86 1
6	86 1
6	86 1
6	86 1
6	86 1
6	86 1
6	86 1
6	86 1
6	86 1
6	86 1
6	86 1
6	86 1
6	86 1
6	86 1
6	86 1
6	86 1
6	86 1
6	86 1
6	86 1
6	86 1
6	86 1
6	86 1
6	86 1
6	86 1
6	86 1
6	86 1
6	86 1
6	86 1
6	86 1
6	86 1
6	86 1
6	86 1
6	86 1
6	86 1
6	86 1
6	86 1
6	86 1
6	86 1
6	86 1
6	86 1
6	86 1
6	86 1
6	86 1
6	86 1
6	86 1
6	86 1
6	86 1
6	86 1
6	86 1
6	86 1
6	86 1
6	86 1
6	86 2
6	86 2
6	86 2
6	86 2
6	86 2
6	86 2
6	86 2
6	86 2
6	86 2
6	86 2
6	86 2
6	86 2
6	86 2
6	86 2
6	86 2
6	86 2
6	86 2
6	86 2
6	86 2
6	86 2
6	86 2
6	86 2
6	86 2
6	86 2
6	86 2
6	86 2
6	86 2
6	86 2
6	86 2
6	86 2
6	86 2
6	86 2
6	86 2
6	86 2
6	86 2
6	86 2
6	86 2
6	86 2
6	86 2
6	86 2
6	86 2
6	86 2
6	86 2
6	86 2
6	86 2
6	86 2
6	86 2
6	86 2
6	86 2
6	86 2
6	86 2
6	86 2
6	86 2
6	86 2
6	86 2
6	86 2
6	86 2
6	86 2
6	86 2
6	86 2
6	86 2
6	86 2
6	86 2
6	86 2
6	86 2
6	86 2
6	86 2
6	86 2
6	86 2
6	86 2
6	86 2
6	86 2
6	86 2
6	86 2
6	86 2
6	86 2
6	86 2
6	86 2
6	86 2
6	86 2
6	86 2
6	86 2
6	86 2
6	86 2
6	86 2
6	86 2
6	86 2
6	86 2
6	86 2
6	86 2
6	86 2
6	86 2
6	86 2
6	86 2
6	86 2
6	86 2
6	86 2
6	86 2
6	86 2
6	86 2
6	86 2
6	86 2
6	86 2
6	86 2
6	86 2
6	86 2
6	86 2
6	86 2
6	86 2
6	86 2
6	86 2
6	86 2
6	86 2
6	86 2
6	86 2
6	86 2
6	86 2
6	86 2
6	86 2
6	86 2
6	86 2
6	86 2
6	86 2
6	86 2
6	86 2
6	86 2
6	86 2
6	86 2
6	86 2
6	86 2
6	86 2
6	86 2
6	86 2
6	86 2
6	86 2
6	86 2
6	86 2
6	86 2
6	86 2
6	86 2
6	86 2
6	86 2
6	86 2
6	86 2
6	86 2
6	86 2
6	86 2
6	86 2
6	86 2
6	86 2
6	86 2
6	86 2
6	86 2
6	86 2
6	86 2
6	86 2
6	86 2
6	86 2
6	86 2
6	86 2
6	86 2
6	86 2
6	86 2
6	86 2
6	86 2
6	86 2
6	86 2
6	86 2
6	86 2
6	86 2
6	86 2
6	86 2
6	86 2
6	86 2
6	86 2
6	86 2
6	86 2
6	86 2
6	86 2
6	86 2
6	86 2
6	86 2
6	86 2
6	86 2
6	86 2
6	86 2
6	86 2
6	86 2
6	86 2
6	86 2
6	86 2
6	86 2
6	86 2
6	86 2
6	86 2
6	86 2
6	86 2
6	86 2
6	86 2
6	86 2
6	86 2
6	86 2
6	86 2
6	86 2
6	86 2
6	86 2
6	86 2
6	86 2
6	86 2
6	86 2
6	86 2
6	86 2
6	86 2
6	86 2
6	86 2
6	86 2
6	86 2
6	86 2
6	86 2
6	86 2
6	86 2
6	86 2
6	86 2
6	86 2
6	86 2
6	86 2
6	86 2
6	86 2
6	86 2
6	86 2
6	86 2
6	86 2
6	86 2
6	86 2
6	86 2
6	86 2
6	86 2
6	86 2
6	86 2
6	86 2
6	86 2
6	86 2
6	86 2
6	86 2
6	86 2
6	86 2
6	86 2
6	86 2
6	86 2
6	86 2
6	86 3
6	86 3
6	86 3
6	86 3
6	86 3
6	86 3
6	86 3
6	86 3
6	86 3
6	86 3
6	86 3
6	86 3
6	86 3
6	86 3
6	86 3
6	86 3
6	86 3
6	86 3
6	86 3
6	86 3
6	86 3
6	86 3
6	86 3
6	86 3
6	86 3
6	86 3
6	86 3
6	86 3
6	86 3
6	86 3
6	86 3
6	86 3
6	86 3
6	86 3
6	86 3
6	86 3
6	86 3
6	86 3
6	86 3
6	86 3
6	86 3
6	86 3
6	86 3
6	86 3
6	86 3
6	86 3
6	86 3
6	86 3
6	86 3
6	86 3
6	86 3
6	86 3
6	86 3
6	86 3
6	86 3
6	86 3
6	86 3
6	86 3
6	86 3
6	86 3
6	86 3
6	86 3
6	86 3
6	86 3
6	86 3
6	86 3
6	86 3
6	86 3
6	86 3
6	86 3
6	86 3
6	86 3
6	86 3
6	86 3
6	86 3
6	86 3
6	86 3
6	86 3
6	86 3
6	86 3
6	86 3
6	86 3
6	86 3
6	86 3
6	86 3
6	86 3
6	86 3
6	86 3
6	86 3
6	86 3
6	86 3
6	86 3
6	86 3
6	86 3
6	86 3
6	86 3
6	86 3
6	86 3
6	86 3
6	86 3
6	86 3
6	86 3
6	86 3
6	86 3
6	86 3
6	86 3
6	86 3
6	86 3
6	86 3
6	86 3
6	86 3
6	86 3
6	86 3
6	86 3
6	86 3
6	86 3
6	86 3
6	86 3
6	86 3
6	86 3
6	86 3
6	86 3
6	86 3
6	86 3
6	86 3
6	86 3
6	86 3
6	86 3
6	86 3
6	86 3
6	86 3
6	86 3
6	86 3
6	86 3
6	86 3
6	86 3
6	86 3
6	86 3
6	86 3
6	86 3
6	86 3
6	86 3
6	86 3
6	86 3
6	86 3
6	86 3
6	86 3
6	86 3
6	86 3
6	86 3
6	86 3
6	86 3
6	86 3
6	86 3
6	86 3
6	86 3
6	86 3
6	86 3
6	86 3
6	86 3
6	86 3
6	86 3
6	86 3
6	86 3
6	86 3
6	86 3
6	86 3
6	86 3
6	86 3
6	86 3
6	86 3
6	86 3
6	86 3
6	86 3
6	86 3
6	86 3
6	86 3
6	86 3
6	86 3
6	86 3
6	86 3
6	86 3
6	86 3
6	86 3
6	86 3
6	86 3
6	86 3
6	86 3
6	86 3
6	86 3
6	86 3
6	86 3
6	86 3
6	86 3
6	86 3
6	86 3
6	86 3
6	86 3
6	86 3
6	86 3
6	86 3
6	86 3
6	86 3
6	86 3
6	86 3
6	86 3
6	86 3
6	86 3
6	86 3
6	86 3
6	86 3
6	86 3
6	86 3
6	86 3
6	86 3
6	86 3
6	86 3
6	86 3
6	86 3
6	86 3
6	86 3
6	86 3
6	86 3
6	86 3
6	86 3
6	86 3
6	86 3
6	86 3
6	86 3
6	86 3
6	86 3
6	86 3
6	86 3
6	86 3
6	86 3
6	86 3
6	86 3
6	86 3
6	86 3
6	86 3
6	86 3
6	86 3
6	86 3
6	86 3
6	86 3
6	86 3
6	86 3
6	86 3
6	86 4
6	86 4
6	86 4
6	86 4
6	86 4
6	86 4
6	86 4
6	86 4
6	86 4
6	86 4
6	86 4
6	86 4
6	86 4
6	86 4
6	86 4
6	86 4
6	86 4
6	86 4
6	86 4
6	86 4
6	86 4
6	86 4
6	86 4
6	86 4
6	86 4
6	86 4
6	86 4
6	86 4
6	86 4
6	86 4
6	86 4
6	86 4
6	86 4
6	86 4
6	86 4
6	86 4
6	86 4
6	86 4
6	86 4
6	86 4
6	86 4
6	86 4
6	86 4
6	86 4
6	86 4
6	86 4
6	86 4
6	86 4
6	86 4
6	86 4
6	86 4
6	86 4
6	86 4
6	86 4
6	86 4
6	86 4
6	86 4
6	86 4
6	86 4
6	86 4
6	86 4
6	86 4
6	86 4
6	86 4
6	86 4
6	86 4
6	86 4
6	86 4
6	86 4
6	86 4
6	86 4
6	86 4
6	86 4
6	86 4
6	86 4
6	86 4
6	86 4
6	86 4
6	86 4
6	86 4
6	86 4
6	86 4
6	86 4
6	86 4
6	86 4
6	86 4
6	86 4
6	86 4
6	86 4
6	86 4
6	86 4
6	86 4
6	86 4
6	86 4
6	86 4
6	86 4
6	86 4
6	86 4
6	86 4
6	86 4
6	86 4
6	86 4
6	86 4
6	86 4
6	86 4
6	86 4
6	86 4
6	86 4
6	86 4
6	86 4
6	86 4
6	86 4
6	86 4
6	86 4
6	86 4
6	86 4
6	86 4
6	86 4
6	86 4
6	86 4
6	86 4
6	86 4
6	86 4
6	86 4
6	86 4
6	86 4
6	86 4
6	86 4
6	86 4
6	86 4
6	86 4
6	86 4
6	86 4
6	86 4
6	86 4
6	86 4
6	86 4
6	86 4
6	86 4
6	86 4
6	86 4
6	86 4
6	86 4
6	86 4
6	86 4
6	86 4
6	86 4
6	86 4
6	86 4
6	86 4
6	86 4
6	86 4
6	86 4
6	86 4
6	86 4
6	86 4
6	86 4
6	86 4
6	86 4
6	86 4
6	86 4
6	86 4
6	86 4
6	86 4
6	86 4
6	86 4
6	86 4
6	86 4
6	86 4
6	86 4
6	86 4
6	86 4
6	86 4
6	86 4
6	86 4
6	86 4
6	86 4
6	86 4
6	86 4
6	86 4
6	86 4
6	86 4
6	86 4
6	86 4
6	86 4
6	86 4
6	86 4
6	86 4
6	86 4
6	86 4
6	86 4
6	86 4
6	86 4
6	86 4
6	86 4
6	86 4
6	86 4
6	86 4
6	86 4
6	86 4
6	86 4
6	86 4
6	86 4
6	86 4
6	86 4
6	86 4
6	86 4
6	86 4
6	86 4
6	86 4
6	86 4
6	86 4
6	86 4
6	86 4
6	86 4
6	86 4
6	86 4
6	86 4
6	86 4
6	86 4
6	86 4
6	86 4
6	86 4
6	86 4
6	86 4
6	86 4
6	86 4
6	86 4
6	86 4
6	86 4
6	86 4
6	86 4
6	86 4
6	86 4
6	86 4
6	86 4
6	86 4
6	86 4
6	86 4
6	86 4
6	86 4
6	86 4
6	86 4
6	86 4
6	86 4
6	86 4
6	86 4
6	86 4
6	86 4
6	86 4
6	86 5
6	86 5
6	86 5
6	86 5
6	86 5
6	86 5
6	86 5
6	86 5
6	86 5
6	86 5
6	86 5
6	86 5
6	86 5
6	86 5
6	86 5
6	86 5
6	86 5
6	86 5
6	86 5
6	86 5
6	86 5
6	86 5
6	86 5
6	86 5
6	86 5
6	86 5
6	86 5
6	86 5
6	86 5
6	86 5
6	86 5
6	86 5
6	86 5
6	86 5
6	86 5
6	86 5
6	86 5
6	86 5
6	86 5
6	86 5
6	86 5
6	86 5
6	86 5
6	86 5
6	86 5
6	86 5
6	86 5
6	86 5
6	86 5
6	86 5
6	86 5
6	86 5
6	86 5
6	86 5
6	86 5
6	86 5
6	86 5
6	86 5
6	86 5
6	86 5
6	86 5
6	86 5
6	86 5
6	86 5
6	86 5
6	86 5
6	86 5
6	86 5
6	86 5
6	86 5
6	86 5
6	86 5
6	86 5
6	86 5
6	86 5
6	86 5
6	86 5
6	86 5
6	86 5
6	86 5
6	86 5
6	86 5
6	86 5
6	86 5
6	86 5
6	86 5
6	86 5
6	86 5
6	86 5
6	86 5
6	86 5
6	86 5
6	86 5
6	86 5
6	86 5
6	86 5
6	86 5
6	86 5
6	86 5
6	86 5
6	86 5
6	86 5
6	86 5
6	86 5
6	86 5
6	86 5
6	86 5
6	86 5
6	86 5
6	86 5
6	86 5
6	86 5
6	86 5
6	86 5
6	86 5
6	86 5
6	86 5
6	86 5
6	86 5
6	86 5
6	86 5
6	86 5
6	86 5
6	86 5
6	86 5
6	86 5
6	86 5
6	86 5
6	86 5
6	86 5
6	86 5
6	86 5
6	86 5
6	86 5
6	86 5
6	86 5
6	86 5
6	86 5
6	86 5
6	86 5
6	86 5
6	86 5
6	86 5
6	86 5
6	86 5
6	86 5
6	86 5
6	86 5
6	86 5
6	86 5
6	86 5
6	86 5
6	86 5
6	86 5
6	86 5
6	86 5
6	86 5
6	86 5
6	86 5
6	86 5
6	86 5
6	86 5
6	86 5
6	86 5
6	86 5
6	86 5
6	86 5
6	86 5
6	86 5
6	86 5
6	86 5
6	86 5
6	86 5
6	86 5
6	86 5
6	86 5
6	86 5
6	86 5
6	86 5
6	86 5
6	86 5
6	86 5
6	86 5
6	86 5
6	86 5
6	86 5
6	86 5
6	86 5
6	86 5
6	86 5
6	86 5
6	86 5
6	86 5
6	86 5
6	86 5
6	86 5
6	86 5
6	86 5
6	86 5
6	86 5
6	86 5
6	86 5
6	86 5
6	86 5
6	86 5
6	86 5
6	86 5
6	86 5
6	86 5
6	86 5
6	86 5
6	86 5
6	86 5
6	86 5
6	86 5
6	86 5
6	86 5
6	86 5
6	86 5
6	86 5
6	86 5
6	86 5
6	86 5
6	86 5
6	86 5
6	86 5
6	86 5
6	86 5
6	86 5
6	86 5
6	86 5
6	86 5
6	86 5
6	86 5
6	86 5
6	86 5
6	86 5
6	86 5
6	86 5
6	86 5
6	86 5
6	86 5
6	86 5
6	86 5
6	86 5
6	86 5
6	86 5
6	86 5
6	86 5
6	86 5
6	86 6
6	86 6
6	86 6
6	86 6
6	86 6
6	86 6
6	86 6
6	86 6
6	86 6
6	86 6
6	86 6
6	86 6
6	86 6
6	86 6
6	86 6
6	86 6
6	86 6
6	86 6
6	86 6
6	86 6
6	86 6
6	86 6
6	86 6
6	86 6
6	86 6
6	86 6
6	86 6
6	86 6
6	86 6
6	86 6
6	86 6
6	86 6
6	86 6
6	86 6
6	86 6
6	86 6
6	86 6
6	86 6
6	86 6
6	86 6
6	86 6
6	86 6
6	86 6
6	86 6
6	86 6
6	86 6
6	86 6
6	86 6
6	86 6
6	86 6
6	86 6
6	86 6
6	86 6
6	86 6
6	86 6
6	86 6
6	86 6
6	86 6
6	86 6
6	86 6
6	86 6
6	86 6
6	86 6
6	86 6
6	86 6
6	86 6
6	86 6
6	86 6
6	86 6
6	86 6
6	86 6
6	86 6
6	86 6
6	86 6
6	86 6
6	86 6
6	86 6
6	86 6
6	86 6
6	86 6
6	86 6
6	86 6
6	86 6
6	86 6
6	86 6
6	86 6
6	86 6
6	86 6
6	86 6
6	86 6
6	86 6
6	86 6
6	86 6
6	86 6
6	86 6
6	86 6
6	86 6
6	86 6
6	86 6
6	86 6
6	86 6
6	86 6
6	86 6
6	86 6
6	86 6
6	86 6
6	86 6
6	86 6
6	86 6
6	86 6
6	86 6
6	86 6
6	86 6
6	86 6
6	86 6
6	86 6
6	86 6
6	86 6
6	86 6
6	86 6
6	86 6
6	86 6
6	86 6
6	86 6
6	86 6
6	86 6
6	86 6
6	86 6
6	86 6
6	86 6
6	86 6
6	86 6
6	86 6
6	86 6
6	86 6
6	86 6
6	86 6
6	86 6
6	86 6
6	86 6
6	86 6
6	86 6
6	86 6
6	86 6
6	86 6
6	86 6
6	86 6
6	86 6
6	86 6
6	86 6
6	86 6
6	86 6
6	86 6
6	86 6
6	86 6
6	86 6
6	86 6
6	86 6
6	86 6
6	86 6
6	86 6
6	86 6
6	86 6
6	86 6
6	86 6
6	86 6
6	86 6
6	86 6
6	86 6
6	86 6
6	86 6
6	86 6
6	86 6
6	86 6
6	86 6
6	86 6
6	86 6
6	86 6
6	86 6
6	86 6
6	86 6
6	86 6
6	86 6
6	86 6
6	86 6
6	86 6
6	86 6
6	86 6
6	86 6
6	86 6
6	86 6
6	86 6
6	86 6
6	86 6
6	86 6
6	86 6
6	86 6
6	86 6
6	86 6
6	86 6
6	86 6
6	86 6
6	86 6
6	86 6
6	86 6
6	86 6
6	86 6
6	86 6
6	86 6
6	86 6
6	86 6
6	86 6
6	86 6
6	86 6
6	86 6
6	86 6
6	86 6
6	86 6
6	86 6
6	86 6
6	86 6
6	86 6
6	86 6
6	86 6
6	86 6
6	86 6
6	86 6
6	86 6
6	86 6
6	86 6
6	86 6
6	86 6
6	86 6
6	86 6
6	86 6
6	86 6
6	86 6
6	86 6
6	86 6
6	86 6
6	86 6
6	86 6
6	86 6
6	86 6
6	86 6
6	86 6
6	86 6
6	86 6
6	86 6

12	RELAY_NODE 12
12	TEST_NUMBER 0
12	SENT_TOTAL 0
12	RECEIVED_TOTAL 0
12	TIME_TOTAL 0
12	RECEIVED_RADIO_1 125
12	RECEIVED_RADIO_2 190
12	SENT_RADIO_1 190
12	SENT_RADIO_2 125
12	RADIO_TIME_1 19794
12	RADIO_TIME_2 19794
12	RETRANSMISSIONS_1 6
12	RETRANSMISSIONS_2 0
12	DROPPED_1 0
12	DROPPED_2 0
12	MAX_QUEUE 2
12	DUPLICATED_1 0
12	DUPLICATED_2 2
12	EBUSY_RADIO_1 0
12	EBUSY_RADIO_2 0
12	TEST_NUMBER 1
12	SENT_TOTAL 0
12	RECEIVED_TOTAL 0
12	TIME_TOTAL 0
12	RECEIVED_RADIO_1 125
12	RECEIVED_RADIO_2 146
12	SENT_RADIO_1 146
12	SENT_RADIO_2 125
12	RADIO_TIME_1 19946
12	RADIO_TIME_2 19946
12	RETRANSMISSIONS_1 6
12	RETRANSMISSIONS_2 0
12	DROPPED_1 0
12	DROPPED_2 0
12	MAX_QUEUE 2
12	DUPLICATED_1 0
12	DUPLICATED_2 1
12	EBUSY_RADIO_1 0
12	EBUSY_RADIO_2 0
12	TEST_NUMBER 2
12	SENT_TOTAL 0
12	RECEIVED_TOTAL 0
12	TIME_TOTAL 0
12	RECEIVED_RADIO_1 125
12	RECEIVED_RADIO_2 189
12	SENT_RADIO_1 189
12	SENT_RADIO_2 125
12	RADIO_TIME_1 19955
12	RADIO_TIME_2 19955
12	RETRANSMISSIONS_1 7
12	RETRANSMISSIONS_2 1
12	DROPPED_1 0
12	DROPPED_2 0
12	MAX_QUEUE 1
12	DUPLICATED_1 0
12	DUPLICATED_2 3
12	EBUSY_RADIO_1 0
12	EBUSY_RADIO_2 0
12	TEST_NUMBER 3
12	SENT_TOTAL 0
12	RECEIVED_TOTAL 0
12	TIME_TOTAL 0
12	RECEIVED_RADIO_1 124
12	RECEIVED_RADIO_2 190
12	SENT_RADIO_1 189
12	SENT_RADIO_2 123
12	RADIO_TIME_1 19761
12	RADIO_TIME_2 19761
12	RETRANSMISSIONS_1 21
12	RETRANSMISSIONS_2 10
12	DROPPED_1 1
12	DROPPED_2 1
12	MAX_QUEUE 2
12	DUPLICATED_1 0
12	DUPLICATED_2 1
12	EBUSY_RADIO_1 0
12	EBUSY_RADIO_2 0
12	TEST_NUMBER 4
12	SENT_TOTAL 0
12	RECEIVED_TOTAL 0
12	TIME_TOTAL 0
12	RECEIVED_RADIO_1 125
12	RECEIVED_RADIO_2 193
12	SENT_RADIO_1 193
12	SENT_RADIO_2 125
12	RADIO_TIME_1 19938
12	RADIO_TIME_2 19938
12	RETRANSMISSIONS_1 10
12	RETRANSMISSIONS_2 1
12	DROPPED_1 0
12	DROPPED_2 0
12	MAX_QUEUE 1
12	DUPLICATED_1 0
12	DUPLICATED_2 4
12	EBUSY_RADIO_1 0
12	EBUSY_RADIO_2 0
12	TEST_NUMBER 5
12	SENT_TOTAL 0
12	RECEIVED_TOTAL 0
12	TIME_TOTAL 0
12	RECEIVED_RADIO_1 125
12	RECEIVED_RADIO_2 194
12	SENT_RADIO_1 194
12	SENT_RADIO_2 125
12	RADIO_TIME_1 19846
12	RADIO_TIME_2 19846
12	RETRANSMISSIONS_1 9
12	RETRANSMISSIONS_2 5
12	DROPPED_1 0
12	DROPPED_2 0
12	MAX_QUEUE 1
12	DUPLICATED_1 0
12	DUPLICATED_2 1
12	EBUSY_RADIO_1 0
12	EBUSY_RADIO_2 0
12	TEST_NUMBER 6
12	SENT_TOTAL 0
12	RECEIVED_TOTAL 0
12	TIME_TOTAL 0
12	RECEIVED_RADIO_1 125
12	RECEIVED_RADIO_2 187
12	SENT_RADIO_1 187
12	SENT_RADIO_2 125
12	RADIO_TIME_1 19871
12	RADIO_TIME_2 19871
12	RETRANSMISSIONS_1 3
12	RETRANSMISSIONS_2 1
12	DROPPED_1 0
12	DROPPED_2 0
12	MAX_QUEUE 1
12	DUPLICATED_1 0
12	DUPLICATED_2 5
12	EBUSY_RADIO_1 0
12	EBUSY_RADIO_2 0

15	SOURCE_NODE 15
15	84 1
15	84 2
15	83 2
15	85 2
15	79 19
15	84 3
15	84 4
15	83 4
15	85 3
15	79 127
15	84 5
15	84 6
15	83 6
15	85 4
15	79 185
15	83 6
15	85 6
15	79 33
15	84 7
15	84 8
15	84 9
15	84 10
15	83 10
15	85 7
15	79 292
15	83 10
15	85 8
15	79 224
15	84 11
15	84 12
15	83 12
15	85 11
15	79 113
15	84 13
15	83 13
15	85 13
15	79 27
15	84 14
15	83 14
15	85 12
15	79 194
15	83 14
15	85 14
15	79 43
15	84 15
15	84 16
15	83 16
15	85 15
15	79 114
15	84 17
15	84 18
15	84 19
15	83 19
15	85 16
15	79 280
15	83 19
15	85 19
15	79 50
15	84 20
15	83 20
15	85 18
15	79 202
15	84 1
15	83 1
15	85 20
15	79 121
15	83 1
15	85 1
15	79 47
15	84 2
15	84 3
15	83 3
15	85 3
15	79 65
15	84 4
15	83 4
15	85 4
15	79 34
15	84 5
15	84 6
15	83 6
15	85 5
15	79 107
15	84 7
15	84 8
15	83 8
15	85 7
15	79 121
15	83 8
15	85 8
15	79 53
15	84 9
15	84 10
15	83 10
15	85 9
15	79 99
15	84 11
15	83 11
15	85 11
15	79 31
15	84 12
15	84 13
15	84 14
15	83 14
15	85 13
15	79 131
15	84 15
15	83 15
15	85 15
15	79 28
15	84 16
15	84 17
15	83 17
15	85 14
15	79 266
15	83 17
15	85 17
15	79 33
15	84 18
15	83 18
15	85 16
15	79 197
15	83 18
15	85 18
15	79 44
15	84 19
15	84 20
15	83 20
15	85 20
15	79 23
15	84 1
15	84 2
15	83 2
15	85 1
15	79 110
15	83 2
15	85 2
15	79 42
15	84 3
15	84 4
15	83 4
15	85 4
15	79 22
15	84 5
15	84 6
15	84 7
15	84 8
15	83 8
15	85 5
15	79 264
15	84 9
15	83 9
15	85 6
15	79 267
15	83 9
15	85 9
15	79 37
15	84 10
15	83 10
15	85 8
15	79 207
15	84 11
15	84 12
15	83 12
15	85 10
15	79 188
15	83 12
15	85 12
15	79 45
15	84 13
15	84 14
15	83 14
15	85 13
15	79 106
15	83 14
15	85 14
15	79 34
15	84 15
15	84 16
15	83 16
15	85 16
15	79 27
15	84 17
15	84 18
15	83 18
15	85 17
15	79 120
15	84 19
15	84 20
15	83 20
15	85 18
15	79 218
15	84 1
15	84 2
15	83 2
15	85 1
15	79 107
15	83 2
15	85 20
15	79 198
15	84 3
15	83 3
15	85 3
15	79 34
15	84 4
15	83 4
15	85 4
15	79 46
15	84 5
15	84 6
15	83 6
15	85 5
15	79 107
15	83 6
15	85 6
15	79 36
15	84 7
15	83 7
15	85 7
15	79 43
15	84 8
15	84 9
15	84 10
15	83 10
15	85 8
15	79 204
15	83 10
15	85 10
15	79 55
15	84 11
15	84 12
15	83 12
15	85 11
15	79 106
15	84 13
15	84 14
15	83 14
15	85 12
15	79 190
15	83 14
15	85 14
15	79 39
15	84 15
15	84 16
15	83 16
15	85 15
15	79 107
15	84 17
15	83 17
15	85 17
15	79 29
15	84 18
15	84 19
15	83 19
15	85 18
15	79 110
15	83 19
15	85 19
15	79 36
15	84 20
15	83 20
15	85 20
15	79 34
15	84 1
15	84 2
15	83 2
15	85 2
15	79 22
15	84 3
15	84 4
15	84 5
15	84 6
15	83 6
15	85 3
15	79 287
15	83 6
15	85 4
15	79 214
15	84 7
15	83 7
15	85 6
15	79 109
15	83 7
15	85 7
15	79 36
15	84 8
15	83 8
15	85 8
15	79 47
15	84 9
15	84 10
15	84 11
15	83 11
15	85 11
15	79 26
15	84 12
15	83 12
15	85 10
15	79 210
15	83 12
15	85 12
15	79 66
15	84 13
15	84 14
15	83 14
15	85 13
15	79 115
15	84 15
15	84 16
15	83 16
15	85 14
15	79 218
15	84 17
15	84 18
15	83 18
15	85 17
15	79 107
15	84 19
15	83 19
15	85 16
15	79 267
15	84 20
15	83 20
15	85 19
15	79 130
15	84 1
15	84 2
15	83 2
15	85 20
15	79 193
15	84 3
15	83 3
15	85 2
15	79 103
15	83 3
15	85 3
15	79 33
15	84 4
15	83 4
15	85 4
15	79 44
15	84 5
15	84 6
15	84 7
15	83 7
15	85 7
15	79 26
15	84 8
15	83 8
15	85 6
15	79 200
15	83 8
15	85 8
15	79 46
15	84 9
15	84 10
15	83 10
15	85 9
15	79 99
15	84 11
15	83 11
15	85 11
15	79 26
15	84 12
15	84 13
15	83 13
15	85 12
15	79 108
15	84 14
15	83 14
15	85 14
15	79 24
15	84 15
15	84 16
15	83 16
15	85 15
15	79 111
15	83 16
15	85 16
15	79 41
15	84 17
15	83 17
15	85 17
15	79 32
15	84 18
15	84 19
15	83 19
15	85 19
15	79 26
15	84 20
15	84 1
15	83 1
15	85 20
15	79 106
15	83 1
15	85 1
15	79 44
15	84 2
15	84 3
15	84 4
15	83 4
15	85 2
15	79 187
15	84 5
15	84 6
15	83 6
15	85 5
15	79 117
15	83 6
15	85 4
15	79 204
15	84 7
15	83 7
15	85 7
15	79 28
15	84 8
15	84 9
15	83 9
15	85 8
15	79 110
15	83 9
15	85 9
15	79 37
15	84 10
15	84 11
15	83 11
15	85 11
15	79 29
15	84 12
15	84 13
15	83 13
15	85 12
15	79 107
15	83 13
15	85 13
15	79 36
15	84 14
15	84 15
15	83 15
15	85 15
15	79 30
15	84 16
15	83 16
15	85 16
15	79 42
15	84 17
15	84 18
15	83 18
15	85 17
15	79 111
15	84 19
15	83 19
15	85 19
15	79 30
15	84 20
15	84 1
15	83 1
15	85 20
15	79 109
15	83 1
15	85 1
15	79 36
15	84 2
15	84 3
15	84 4
15	83 4
15	85 2
15	79 184
15	84 5
15	83 5
15	85 4
15	79 109
15	83 5
15	85 5
15	79 40
15	84 6
15	83 6
15	85 6
15	79 35
15	84 7
15	84 8
15	83 8
15	85 8
15	79 23
15	84 9
15	84 10
15	83 10
15	85 9
15	79 125
15	84 11
15	84 12
15	83 12
15	85 10
15	79 185
15	84 13
15	83 13
15	85 12
15	79 107
15	83 13
15	85 13
15	79 37
15	84 14
15	83 14
15	85 14
15	79 41
15	84 15
15	84 16
15	84 17
15	83 17
15	85 16
15	79 112
15	83 17
15	85 17
15	79 41
15	84 18
15	84 19
15	83 19
15	85 18
15	79 111
15	84 20
15	84 1
15	83 1
15	85 1
15	79 25
15	84 2
15	83 2
15	85 20
15	79 198
15	84 3
15	83 3
15	85 2
15	79 114
15	83 3
15	85 3
15	79 46
15	84 4
15	84 5
15	83 5
15	85 4
15	79 97
15	84 6
15	84 7
15	83 7
15	85 7
15	79 37
15	84 8
15	84 9
15	83 9
15	85 6
15	79 264
15	83 9
15	85 9
15	79 35
15	84 10
15	83 10
15	85 8
15	79 192
15	84 11
15	84 12
15	83 12
15	85 10
15	79 215
15	84 13
15	83 13
15	85 12
15	79 107
15	83 13
15	85 13
15	79 35
15	84 14
15	84 15
15	84 16
15	84 17
15	83 17
15	85 14
15	79 265
15	84 18
15	83 18
15	85 17
15	79 159
15	84 19
15	83 19
15	85 18
15	79 94
15	84 20
15	83 20
15	85 19
15	79 129
15	83 20
15	85 20
15	79 58
15	84 1
15	83 1
15	85 1
15	79 35
15	84 2
15	84 3
15	84 4
15	83 4
15	85 2
15	79 187
15	83 4
15	85 4
15	79 36
15	84 5
15	84 6
15	83 6
15	85 5
15	79 106
15	83 6
15	85 6
15	79 34
15	84 7
15	84 8
15	84 9
15	83 9
15	85 9
15	79 25
15	84 10
15	83 10
15	85 8
15	79 194
15	83 10
15	85 10
15	79 39
15	84 11
15	84 12
15	83 12
15	85 11
15	79 97
15	84 13
15	83 13
15	85 13
15	79 30
15	84 14
15	84 15
15	84 16
15	83 16
15	85 15
15	79 120
15	83 16
15	85 16
15	79 47
15	84 17
15	84 18
15	83 18
15	85 17
15	79 115
15	84 19
15	84 20
15	83 20
15	85 18
15	79 204
15	84 1
15	83 1
15	85 20
15	79 105
15	83 1
15	85 1
15	79 34
15	84 2
15	83 2
15	85 2
15	79 59
15	84 3
15	84 4
15	84 5
15	83 5
15	85 5
15	79 27
15	84 6
15	84 7
15	83 7
15	85 4
15	79 266
15	84 8
15	83 8
15	85 7
15	79 127
15	83 8
15	85 6
15	79 215
15	84 9
15	83 9
15	85 9
15	79 75
15	84 10
15	83 10
15	85 10
15	79 44
15	84 11
15	84 12
15	83 12
15	85 11
15	79 110
15	83 12
15	85 12
15	79 47
15	84 13
15	84 14
15	84 15
15	83 15
15	85 15
15	79 27
15	84 16
15	84 17
15	83 17
15	85 14
15	79 267
15	84 18
15	83 18
15	85 17
15	79 111
15	83 18
15	85 16
15	79 205
15	83 18
15	85 18
15	79 53
15	84 19
15	83 19
15	85 19
15	79 35
15	84 20
15	84 1
15	84 2
15	83 2
15	85 20
15	79 204
15	84 3
15	84 4
15	83 4
15	85 3
15	79 122
15	84 5
15	83 5
15	85 5
15	79 25
15	84 6
15	83 6
15	85 4
15	79 204
15	83 6
15	85 6
15	79 54
15	84 7
15	84 8
15	83 8
15	85 7
15	79 105
15	84 9
15	83 9
15	85 9
15	79 29
15	84 10
15	84 11
15	84 12
15	83 12
15	85 11
15	79 118
15	84 13
15	83 13
15	85 13
15	79 32
15	84 14
15	84 15
15	83 15
15	85 12
15	79 263
15	83 15
15	85 15
15	79 32
15	84 16
15	83 16
15	85 14
15	79 222
15	84 17
15	84 18
15	83 18
15	85 16
15	79 188
15	84 19
15	84 20
15	83 20
15	85 19
15	79 109
15	83 20
15	85 18
15	79 207
15	83 20
15	85 20
15	79 55
15	84 1
15	84 2
15	84 3
15	83 3
15	85 1
15	79 181
15	84 4
15	83 4
15	85 3
15	79 137
15	84 5
15	84 6
15	83 6
15	85 4
15	79 201
15	84 7
15	83 7
15	85 6
15	79 115
15	83 7
15	85 7
15	79 43
15	84 8
15	84 9
15	83 9
15	85 9
15	79 45
15	84 10
15	TEST_NUMBER 0
15	SENT_TOTAL 250
15	RECEIVED_TOTAL 190
15	TIME_TOTAL 19709
15	RECEIVED_RADIO_1 190
15	RECEIVED_RADIO_2 0
15	SENT_RADIO_1 125
15	SENT_RADIO_2 124
15	RADIO_TIME_1 19808
15	RADIO_TIME_2 19763
15	RETRANSMISSIONS_1 0
15	RETRANSMISSIONS_2 0
15	DROPPED_1 0
15	DROPPED_2 0
15	MAX_QUEUE 1
15	DUPLICATED_1 6
15	DUPLICATED_2 0
15	EBUSY_RADIO_1 0
15	EBUSY_RADIO_2 0
15	84 1
15	83 1
15	85 10
15	86 0
15	84 2
15	83 2
15	85 1
15	79 124
15	83 2
15	85 2
15	79 54
15	84 3
15	84 4
15	84 5
15	84 6
15	83 6
15	85 3
15	79 277
15	83 6
15	85 4
15	79 215
15	83 6
15	85 6
15	79 73
15	84 7
15	84 8
15	83 8
15	85 7
15	79 100
15	84 9
15	84 10
15	83 10
15	85 9
15	79 116
15	83 10
15	85 10
15	79 58
15	84 11
15	84 12
15	83 12
15	85 11
15	79 115
15	84 13
15	84 14
15	83 14
15	85 12
15	79 189
15	84 15
15	83 15
15	85 14
15	79 107
15	83 15
15	85 15
15	79 50
15	84 16
15	83 16
15	85 16
15	79 47
15	84 17
15	84 18
15	84 19
15	83 19
15	85 19
15	79 27
15	84 20
15	83 20
15	85 18
15	79 197
15	83 20
15	85 20
15	79 46
15	84 1
15	84 2
15	83 2
15	85 1
15	79 107
15	83 2
15	85 2
15	79 36
15	84 3
15	84 4
15	84 5
15	83 5
15	85 5
15	79 27
15	84 6
15	84 7
15	83 7
15	85 4
15	79 262
15	83 7
15	85 7
15	79 32
15	84 8
15	83 8
15	85 6
15	79 201
15	83 8
15	85 8
15	79 50
15	84 9
15	84 10
15	84 11
15	83 11
15	85 11
15	79 24
15	84 12
15	83 12
15	85 10
15	79 214
15	83 12
15	85 12
15	79 64
15	84 13
15	84 14
15	83 14
15	85 13
15	79 93
15	84 15
15	83 15
15	85 15
15	79 27
15	84 16
15	84 17
15	84 18
15	83 18
15	85 17
15	79 108
15	83 18
15	85 16
15	79 194
15	84 19
15	84 20
15	84 1
15	83 1
15	85 18
15	79 264
15	84 2
15	83 2
15	85 1
15	79 119
15	84 3
15	83 3
15	85 20
15	79 274
15	84 4
15	83 4
15	85 2
15	79 190
15	84 5
15	83 5
15	85 4
15	79 107
15	83 5
15	85 5
15	79 35
15	84 6
15	83 6
15	85 6
15	79 36
15	84 7
15	84 8
15	84 9
15	83 9
15	85 9
15	79 35
15	84 10
15	84 11
15	83 11
15	85 8
15	79 268
15	83 11
15	85 11
15	79 40
15	84 12
15	83 12
15	85 10
15	79 192
15	83 12
15	85 12
15	79 52
15	84 13
15	84 14
15	83 14
15	85 14
15	79 32
15	84 15
15	84 16
15	83 16
15	85 15
15	79 110
15	84 17
15	83 17
15	85 17
15	79 29
15	84 18
15	84 19
15	84 20
15	83 20
15	85 19
15	79 107
15	83 20
15	85 18
15	79 202
15	83 20
15	85 20
15	79 48
15	84 1
15	84 2
15	84 3
15	83 3
15	85 3
15	79 28
15	84 4
15	84 5
15	83 5
15	85 2
15	79 266
15	83 5
15	85 5
15	79 34
15	84 6
15	83 6
15	85 4
15	79 224
15	84 7
15	84 8
15	83 8
15	85 6
15	79 191
15	83 8
15	85 8
15	79 39
15	84 9
15	84 10
15	83 10
15	85 9
15	79 105
15	84 11
15	84 12
15	83 12
15	85 10
15	79 189
15	83 12
15	85 12
15	79 35
15	84 13
15	84 14
15	83 14
15	85 13
15	79 109
15	84 15
15	84 16
15	83 16
15	85 14
15	79 197
15	84 17
15	83 17
15	85 16
15	79 106
15	83 17
15	85 17
15	79 34
15	84 18
15	83 18
15	85 18
15	79 55
15	84 19
15	84 20
15	83 20
15	85 20
15	79 23
15	84 1
15	84 2
15	83 2
15	85 1
15	79 116
15	84 3
15	84 4
15	83 4
15	85 2
15	79 206
15	84 5
15	84 6
15	83 6
15	85 5
15	79 121
15	84 7
15	83 7
15	85 7
15	79 25
15	84 8
15	84 9
15	84 10
15	83 10
15	85 9
15	79 129
15	84 11
15	84 12
15	84 13
15	83 13
15	85 13
15	79 34
15	84 14
15	84 15
15	84 16
15	83 16
15	85 15
15	79 127
15	84 17
15	84 18
15	84 19
15	83 19
15	85 19
15	79 28
15	84 20
15	84 1
15	84 2
15	83 2
15	85 1
15	79 127
15	84 3
15	84 4
15	84 5
15	83 5
15	85 5
15	79 29
15	84 6
15	84 7
15	84 8
15	83 8
15	85 7
15	79 131
15	84 9
15	84 10
15	84 11
15	84 12
15	84 13
15	83 13
15	85 11
15	79 204
15	83 13
15	85 13
15	79 52
15	84 14
15	84 15
15	84 16
15	83 16
15	85 15
15	79 104
15	84 17
15	84 18
15	84 19
15	83 19
15	85 19
15	79 28
15	84 20
15	84 1
15	84 2
15	83 2
15	85 1
15	79 124
15	84 3
15	84 4
15	84 5
15	83 5
15	85 5
15	79 32
15	84 6
15	84 7
15	84 8
15	83 8
15	85 7
15	79 147
15	84 9
15	84 10
15	84 11
15	83 11
15	85 11
15	79 28
15	84 12
15	84 13
15	84 14
15	83 14
15	85 13
15	79 123
15	84 15
15	84 16
15	84 17
15	83 17
15	85 17
15	79 30
15	84 18
15	84 19
15	84 20
15	83 20
15	85 19
15	79 117
15	84 1
15	84 2
15	84 3
15	83 3
15	85 3
15	79 28
15	84 4
15	84 5
15	84 6
15	83 6
15	85 5
15	79 133
15	84 7
15	84 8
15	84 9
15	83 9
15	85 9
15	79 28
15	84 10
15	84 11
15	84 12
15	83 12
15	85 11
15	79 135
15	84 13
15	84 14
15	84 15
15	83 15
15	85 15
15	79 28
15	84 16
15	84 17
15	84 18
15	83 18
15	85 17
15	79 130
15	84 19
15	84 20
15	84 1
15	83 1
15	85 1
15	79 24
15	84 2
15	84 3
15	84 4
15	83 4
15	85 3
15	79 144
15	84 5
15	84 6
15	84 7
15	83 7
15	85 7
15	79 27
15	84 8
15	84 9
15	84 10
15	83 10
15	85 9
15	79 128
15	84 11
15	84 12
15	84 13
15	83 13
15	85 13
15	79 30
15	84 14
15	84 15
15	84 16
15	83 16
15	85 15
15	79 129
15	84 17
15	84 18
15	84 19
15	83 19
15	85 19
15	79 26
15	84 20
15	84 1
15	84 2
15	83 2
15	85 1
15	79 119
15	84 3
15	84 4
15	84 5
15	83 5
15	85 5
15	79 26
15	84 6
15	84 7
15	84 8
15	83 8
15	85 7
15	79 151
15	84 9
15	84 10
15	84 11
15	83 11
15	85 11
15	79 27
15	84 12
15	84 13
15	84 14
15	83 14
15	85 13
15	79 127
15	84 15
15	84 16
15	84 17
15	83 17
15	85 17
15	79 25
15	83 17
15	85 14
15	79 272
15	83 17
15	85 16
15	79 123
15	84 18
15	84 19
15	84 20
15	83 20
15	85 19
15	79 109
15	84 1
15	83 1
15	85 18
15	79 275
15	84 2
15	83 2
15	85 20
15	79 197
15	84 3
15	84 4
15	83 4
15	85 3
15	79 125
15	83 4
15	85 2
15	79 221
15	84 5
15	83 5
15	85 5
15	79 25
15	84 6
15	84 7
15	84 8
15	83 8
15	85 7
15	79 135
15	84 9
15	84 10
15	83 10
15	85 9
15	79 146
15	83 10
15	85 8
15	79 235
15	84 11
15	84 12
15	84 13
15	83 13
15	85 11
15	79 164
15	83 13
15	85 12
15	79 109
15	83 13
15	85 13
15	79 37
15	84 14
15	84 15
15	83 15
15	85 14
15	79 95
15	84 16
15	84 17
15	83 17
15	85 16
15	79 124
15	83 17
15	85 17
15	79 53
15	84 18
15	84 19
15	84 20
15	83 20
15	85 19
15	79 102
15	83 20
15	85 20
15	79 46
15	84 1
15	84 2
15	83 2
15	85 1
15	79 127
15	84 3
15	83 3
15	85 3
15	79 27
15	84 4
15	84 5
15	84 6
15	83 6
15	85 5
15	79 139
15	83 6
15	85 6
15	79 77
15	84 7
15	84 8
15	83 8
15	85 7
15	79 122
15	84 9
15	84 10
15	83 10
15	85 8
15	79 186
15	83 10
15	85 10
15	79 37
15	84 11
15	84 12
15	83 12
15	85 11
15	79 105
15	84 13
15	84 14
15	83 14
15	85 12
15	79 191
15	84 15
15	83 15
15	85 14
15	79 109
15	83 15
15	85 15
15	79 47
15	84 16
15	83 16
15	85 16
15	79 44
15	84 17
15	84 18
15	83 18
15	85 18
15	79 24
15	84 19
15	84 20
15	83 20
15	85 19
15	79 113
15	83 20
15	85 20
15	79 42
15	84 1
15	84 2
15	83 2
15	85 2
15	79 25
15	84 3
15	84 4
15	83 4
15	85 3
15	79 110
15	84 5
15	84 6
15	83 6
15	85 5
15	79 108
15	83 6
15	85 6
15	79 37
15	84 7
15	83 7
15	85 7
15	79 46
15	84 8
15	84 9
15	83 9
15	85 9
15	79 32
15	84 10
15	TEST_NUMBER 1
15	SENT_TOTAL 250
15	RECEIVED_TOTAL 144
15	TIME_TOTAL 19757
15	RECEIVED_RADIO_1 145
15	RECEIVED_RADIO_2 0
15	SENT_RADIO_1 125
15	SENT_RADIO_2 125
15	RADIO_TIME_1 19795
15	RADIO_TIME_2 19763
15	RETRANSMISSIONS_1 0
15	RETRANSMISSIONS_2 0
15	DROPPED_1 0
15	DROPPED_2 0
15	MAX_QUEUE 1
15	DUPLICATED_1 6
15	DUPLICATED_2 0
15	EBUSY_RADIO_1 0
15	EBUSY_RADIO_2 0
15	83 0
15	85 10
15	86 1
15	84 1
15	84 2
15	84 3
15	83 3
15	85 3
15	79 25
15	84 4
15	83 4
15	85 2
15	79 214
15	83 4
15	85 4
15	79 67
15	84 5
15	84 6
15	83 6
15	85 5
15	79 106
15	84 7
15	83 7
15	85 7
15	79 44
15	84 8
15	84 9
15	83 9
15	85 8
15	79 108
15	83 9
15	85 9
15	79 47
15	84 10
15	84 11
15	84 12
15	83 12
15	85 10
15	79 182
15	83 12
15	85 12
15	79 43
15	84 13
15	84 14
15	83 14
15	85 13
15	79 99
15	84 15
15	84 16
15	83 16
15	85 14
15	79 186
15	83 16
15	85 16
15	79 45
15	84 17
15	84 18
15	83 18
15	85 17
15	79 102
15	84 19
15	84 20
15	84 1
15	83 1
15	85 18
15	79 246
15	84 2
15	83 2
15	85 1
15	79 107
15	83 2
15	85 20
15	79 192
15	83 2
15	85 2
15	79 52
15	84 3
15	84 4
15	84 5
15	83 5
15	85 5
15	79 26
15	84 6
15	84 7
15	83 7
15	85 4
15	79 265
15	83 7
15	85 7
15	79 50
15	84 8
15	83 8
15	85 8
15	79 36
15	84 9
15	84 10
15	83 10
15	85 9
15	79 108
15	83 10
15	85 10
15	79 34
15	84 11
15	84 12
15	83 12
15	85 12
15	79 27
15	84 13
15	84 14
15	83 14
15	85 13
15	79 124
15	84 15
15	84 16
15	83 16
15	85 14
15	79 190
15	84 17
15	84 18
15	83 18
15	85 17
15	79 108
15	83 18
15	85 16
15	79 194
15	84 19
15	83 19
15	85 19
15	79 38
15	84 20
15	83 20
15	85 20
15	79 40
15	84 1
15	84 2
15	83 2
15	85 1
15	79 112
15	84 3
15	83 3
15	85 3
15	79 29
15	84 4
15	84 5
15	84 6
15	83 6
15	85 5
15	79 109
15	83 6
15	85 4
15	79 208
15	84 7
15	84 8
15	83 8
15	85 6
15	79 201
15	84 9
15	83 9
15	85 8
15	79 110
15	83 9
15	85 9
15	79 36
15	84 10
15	83 10
15	85 10
15	79 59
15	84 11
15	84 12
15	83 12
15	85 12
15	79 26
15	84 13
15	84 14
15	83 14
15	85 13
15	79 109
15	83 14
15	85 14
15	79 38
15	84 15
15	84 16
15	83 16
15	85 16
15	79 31
15	84 17
15	84 18
15	83 18
15	85 17
15	79 115
15	83 18
15	85 18
15	79 42
15	84 19
15	84 20
15	83 20
15	85 20
15	79 25
15	84 1
15	84 2
15	83 2
15	85 1
15	79 106
15	83 2
15	85 2
15	79 35
15	84 3
15	83 3
15	85 3
15	79 34
15	84 4
15	84 5
15	83 5
15	85 5
15	79 32
15	84 6
15	84 7
15	83 7
15	85 6
15	79 104
15	83 7
15	85 7
15	79 33
15	84 8
15	83 8
15	85 8
15	79 38
15	84 9
15	84 10
15	83 10
15	85 10
15	79 28
15	84 11
15	84 12
15	83 12
15	85 11
15	79 104
15	83 12
15	85 12
15	79 34
15	84 13
15	83 13
15	85 13
15	79 32
15	84 14
15	84 15
15	84 16
15	83 16
15	85 14
15	79 186
15	84 17
15	84 18
15	83 18
15	85 17
15	79 126
15	83 18
15	85 18
15	79 58
15	84 19
15	84 20
15	83 20
15	85 19
15	79 105
15	83 20
15	85 20
15	79 35
15	84 1
15	83 1
15	85 1
15	79 48
15	84 2
15	84 3
15	83 3
15	85 3
15	79 30
15	84 4
15	84 5
15	83 5
15	85 4
15	79 104
15	83 5
15	85 5
15	79 32
15	84 6
15	84 7
15	83 7
15	85 7
15	79 31
15	84 8
15	84 9
15	83 9
15	85 8
15	79 105
15	84 10
15	83 10
15	85 10
15	79 32
15	84 11
15	84 12
15	83 12
15	85 11
15	79 103
15	83 12
15	85 12
15	79 35
15	84 13
15	84 14
15	83 14
15	85 14
15	79 24
15	84 15
15	84 16
15	83 16
15	85 15
15	79 105
15	83 16
15	85 16
15	79 34
15	84 17
15	83 17
15	85 17
15	79 35
15	84 18
15	84 19
15	83 19
15	85 19
15	79 32
15	84 20
15	84 1
15	83 1
15	85 20
15	79 105
15	83 1
15	85 1
15	79 34
15	84 2
15	83 2
15	85 2
15	79 35
15	84 3
15	84 4
15	83 4
15	85 4
15	79 26
15	84 5
15	84 6
15	83 6
15	85 5
15	79 102
15	83 6
15	85 6
15	79 32
15	84 7
15	83 7
15	85 7
15	79 34
15	84 8
15	84 9
15	83 9
15	85 9
15	79 28
15	84 10
15	84 11
15	83 11
15	85 10
15	79 109
15	83 11
15	85 11
15	79 47
15	84 12
15	84 13
15	83 13
15	85 13
15	79 29
15	84 14
15	84 15
15	84 16
15	83 16
15	85 15
15	79 113
15	83 16
15	85 16
15	79 52
15	84 17
15	84 18
15	83 18
15	85 17
15	79 103
15	83 18
15	85 18
15	79 31
15	84 19
15	84 20
15	84 1
15	83 1
15	85 20
15	79 113
15	83 1
15	85 1
15	79 43
15	84 2
15	84 3
15	83 3
15	85 2
15	79 96
15	84 4
15	83 4
15	85 4
15	79 31
15	84 5
15	84 6
15	83 6
15	85 5
15	79 121
15	84 7
15	84 8
15	83 8
15	85 6
15	79 186
15	84 9
15	83 9
15	85 8
15	79 104
15	83 9
15	85 9
15	79 32
15	84 10
15	84 11
15	83 11
15	85 11
15	79 47
15	84 12
15	84 13
15	83 13
15	85 13
15	79 29
15	84 14
15	83 14
15	85 12
15	79 210
15	84 15
15	83 15
15	85 14
15	79 106
15	83 15
15	85 15
15	79 33
15	84 16
15	83 16
15	85 16
15	79 38
15	84 17
15	84 18
15	83 18
15	85 18
15	79 25
15	84 19
15	84 20
15	83 20
15	85 19
15	79 117
15	83 20
15	85 20
15	79 56
15	84 1
15	84 2
15	83 2
15	85 2
15	79 25
15	84 3
15	84 4
15	83 4
15	85 3
15	79 109
15	83 4
15	85 4
15	79 36
15	84 5
15	84 6
15	83 6
15	85 6
15	79 27
15	84 7
15	84 8
15	83 8
15	85 7
15	79 126
15	84 9
15	84 10
15	83 10
15	85 8
15	79 184
15	84 11
15	84 12
15	83 12
15	85 11
15	79 106
15	83 12
15	85 10
15	79 195
15	83 12
15	85 12
15	79 41
15	84 13
15	84 14
15	83 14
15	85 14
15	79 26
15	84 15
15	84 16
15	83 16
15	85 15
15	79 109
15	83 16
15	85 16
15	79 39
15	84 17
15	83 17
15	85 17
15	79 33
15	84 18
15	84 19
15	84 20
15	83 20
15	85 19
15	79 119
15	83 20
15	85 20
15	79 47
15	84 1
15	84 2
15	83 2
15	85 1
15	79 99
15	84 3
15	83 3
15	85 3
15	79 31
15	84 4
15	84 5
15	83 5
15	85 4
15	79 105
15	83 5
15	85 5
15	79 46
15	84 6
15	84 7
15	84 8
15	84 9
15	83 9
15	85 7
15	79 187
15	83 9
15	85 8
15	79 136
15	83 9
15	85 9
15	79 64
15	84 10
15	84 11
15	84 12
15	83 12
15	85 10
15	79 187
15	84 13
15	83 13
15	85 12
15	79 104
15	83 13
15	85 13
15	79 32
15	84 14
15	83 14
15	85 14
15	79 46
15	84 15
15	84 16
15	83 16
15	85 16
15	79 31
15	84 17
15	84 18
15	84 19
15	83 19
15	85 18
15	79 110
15	83 19
15	85 17
15	79 197
15	84 20
15	83 20
15	85 20
15	79 32
15	84 1
15	84 2
15	83 2
15	85 1
15	79 109
15	84 3
15	84 4
15	83 4
15	85 2
15	79 185
15	84 5
15	83 5
15	85 4
15	79 112
15	83 5
15	85 5
15	79 45
15	84 6
15	83 6
15	85 6
15	79 34
15	84 7
15	84 8
15	83 8
15	85 8
15	79 29
15	84 9
15	84 10
15	83 10
15	85 9
15	79 105
15	84 11
15	83 11
15	85 11
15	79 30
15	84 12
15	84 13
15	83 13
15	85 12
15	79 107
15	83 13
15	85 13
15	79 36
15	84 14
15	83 14
15	85 14
15	79 32
15	84 15
15	84 16
15	83 16
15	85 16
15	79 25
15	84 17
15	84 18
15	83 18
15	85 17
15	79 105
15	83 18
15	85 18
15	79 35
15	84 19
15	84 20
15	83 20
15	85 20
15	79 25
15	84 1
15	84 2
15	83 2
15	85 1
15	79 114
15	83 2
15	85 2
15	79 42
15	84 3
15	84 4
15	83 4
15	85 4
15	79 32
15	84 5
15	84 6
15	83 6
15	85 5
15	79 106
15	84 7
15	84 8
15	83 8
15	85 6
15	79 190
15	84 9
15	83 9
15	85 8
15	79 106
15	83 9
15	85 9
15	79 36
15	84 10
15	83 10
15	85 10
15	79 52
15	84 11
15	84 12
15	83 12
15	85 12
15	79 31
15	84 13
15	84 14
15	84 15
15	83 15
15	85 14
15	79 121
15	84 16
15	83 16
15	85 15
15	79 85
15	84 17
15	83 17
15	85 16
15	79 128
15	84 18
15	84 19
15	83 19
15	85 17
15	79 185
15	84 20
15	84 1
15	83 1
15	85 20
15	79 121
15	84 2
15	83 2
15	85 2
15	79 28
15	84 3
15	84 4
15	83 4
15	85 1
15	79 266
15	83 4
15	85 4
15	79 36
15	84 5
15	84 6
15	83 6
15	85 6
15	79 30
15	84 7
15	83 7
15	85 5
15	79 217
15	83 7
15	85 7
15	79 75
15	84 8
15	84 9
15	83 9
15	85 8
15	79 94
15	84 10
15	83 10
15	85 10
15	79 29
15	84 11
15	84 12
15	83 12
15	85 11
15	79 107
15	84 13
15	84 14
15	83 14
15	85 14
15	79 28
15	84 15
15	84 16
15	83 16
15	85 13
15	79 261
15	83 16
15	85 16
15	79 28
15	84 17
15	83 17
15	85 15
15	79 195
15	83 17
15	85 17
15	79 41
15	84 18
15	83 18
15	85 18
15	79 34
15	84 19
15	84 20
15	83 20
15	85 20
15	79 29
15	84 1
15	84 2
15	83 2
15	85 1
15	79 110
15	84 3
15	83 3
15	85 3
15	79 25
15	84 4
15	84 5
15	83 5
15	85 4
15	79 111
15	83 5
15	85 5
15	79 39
15	84 6
15	83 6
15	85 6
15	79 36
15	84 7
15	84 8
15	83 8
15	85 8
15	79 27
15	84 9
15	84 10
15	TEST_NUMBER 2
15	SENT_TOTAL 250
15	RECEIVED_TOTAL 188
15	TIME_TOTAL 29634
15	RECEIVED_RADIO_1 189
15	RECEIVED_RADIO_2 0
15	SENT_RADIO_1 124
15	SENT_RADIO_2 126
15	RADIO_TIME_1 29767
15	RADIO_TIME_2 19683
15	RETRANSMISSIONS_1 1
15	RETRANSMISSIONS_2 0
15	DROPPED_1 0
15	DROPPED_2 0
15	MAX_QUEUE 1
15	DUPLICATED_1 7
15	DUPLICATED_2 0
15	EBUSY_RADIO_1 0
15	EBUSY_RADIO_2 0
15	83 0
15	85 10
15	86 2
15	84 1
15	84 2
15	83 2
15	85 2
15	79 29
15	84 3
15	83 3
15	85 1
15	79 192
15	83 3
15	85 3
15	79 42
15	84 4
15	84 5
15	83 5
15	85 4
15	79 103
15	84 6
15	83 6
15	85 6
15	79 26
15	84 7
15	84 8
15	83 8
15	85 7
15	79 105
15	84 9
15	83 9
15	85 8
15	79 113
15	84 10
15	83 10
15	85 10
15	79 27
15	84 11
15	84 12
15	84 13
15	83 13
15	85 12
15	79 113
15	84 14
15	83 14
15	85 14
15	79 32
15	84 15
15	83 15
15	85 13
15	79 203
15	83 15
15	85 15
15	79 49
15	84 16
15	84 17
15	83 17
15	85 16
15	79 96
15	84 18
15	83 18
15	85 18
15	79 30
15	84 19
15	84 20
15	83 20
15	85 19
15	79 107
15	83 20
15	85 20
15	79 37
15	84 1
15	83 1
15	85 1
15	79 32
15	84 2
15	84 3
15	83 3
15	85 3
15	79 27
15	84 4
15	84 5
15	83 5
15	85 4
15	79 112
15	84 6
15	83 6
15	85 6
15	79 28
15	84 7
15	84 8
15	83 8
15	85 7
15	79 107
15	83 8
15	85 8
15	79 33
15	84 9
15	84 10
15	83 10
15	85 10
15	79 28
15	84 11
15	84 12
15	83 12
15	85 11
15	79 110
15	83 12
15	85 12
15	79 49
15	84 13
15	84 14
15	83 14
15	85 14
15	79 31
15	84 15
15	84 16
15	84 17
15	83 17
15	85 16
15	79 131
15	84 18
15	84 19
15	83 19
15	85 18
15	79 119
15	83 19
15	85 17
15	79 209
15	84 20
15	84 1
15	83 1
15	85 20
15	79 99
15	83 1
15	85 1
15	79 45
15	84 2
15	84 3
15	83 3
15	85 2
15	79 106
15	83 3
15	85 3
15	79 33
15	84 4
15	84 5
15	84 6
15	84 7
15	83 7
15	85 4
15	79 266
15	83 7
15	85 5
15	79 205
15	83 7
15	85 7
15	79 51
15	84 8
15	84 9
15	83 9
15	85 8
15	79 114
15	83 9
15	85 9
15	79 44
15	84 10
15	84 11
15	83 11
15	85 11
15	79 22
15	84 12
15	84 13
15	83 13
15	85 12
15	79 113
15	84 14
15	83 14
15	85 14
15	79 29
15	84 15
15	84 16
15	83 16
15	85 15
15	79 105
15	83 16
15	85 16
15	79 36
15	84 17
15	83 17
15	85 17
15	79 31
15	84 18
15	84 19
15	84 20
15	83 20
15	85 20
15	79 35
15	84 1
15	84 2
15	83 2
15	85 19
15	79 264
15	84 3
15	84 4
15	83 4
15	85 2
15	79 175
15	83 4
15	85 3
15	79 103
15	84 5
15	84 6
15	84 7
15	84 8
15	84 9
15	83 9
15	85 5
15	79 355
15	84 10
15	83 10
15	85 7
15	79 278
15	83 10
15	85 10
15	79 47
15	84 11
15	84 12
15	83 12
15	85 12
15	79 38
15	84 13
15	84 14
15	84 15
15	83 15
15	85 14
15	79 139
15	83 15
15	85 13
15	79 233
15	84 16
15	84 17
15	83 17
15	85 16
15	79 95
15	84 18
15	83 18
15	85 17
15	79 86
15	84 19
15	84 20
15	83 20
15	85 18
15	79 227
15	84 1
15	84 2
15	83 2
15	85 19
15	79 283
15	84 3
15	83 3
15	85 2
15	79 130
15	83 3
15	85 1
15	79 218
15	84 4
15	83 4
15	85 3
15	79 113
15	84 5
15	84 6
15	83 6
15	85 4
15	79 202
15	83 6
15	85 6
15	79 52
15	84 7
15	84 8
15	83 8
15	85 7
15	79 109
15	84 9
15	84 10
15	83 10
15	85 9
15	79 113
15	83 10
15	85 10
15	79 41
15	84 11
15	84 12
15	83 12
15	85 11
15	79 107
15	84 13
15	83 13
15	85 13
15	79 27
15	84 14
15	84 15
15	83 15
15	85 14
15	79 107
15	83 15
15	85 15
15	79 45
15	84 16
15	83 16
15	85 16
15	79 36
15	84 17
15	84 18
15	83 18
15	85 18
15	79 31
15	84 19
15	84 20
15	84 1
15	83 1
15	85 20
15	79 108
15	83 1
15	85 19
15	79 201
15	83 1
15	85 1
15	79 51
15	84 2
15	84 3
15	84 4
15	83 4
15	85 4
15	79 32
15	84 5
15	83 5
15	85 3
15	79 209
15	84 6
15	83 6
15	85 5
15	79 115
15	83 6
15	85 6
15	79 42
15	84 7
15	84 8
15	83 8
15	85 7
15	79 83
15	84 9
15	83 9
15	85 9
15	79 29
15	84 10
15	84 11
15	83 11
15	85 10
15	79 106
15	84 12
15	83 12
15	85 11
15	79 114
15	84 13
15	83 13
15	85 13
15	79 32
15	84 14
15	84 15
15	83 15
15	85 14
15	79 115
15	84 16
15	84 17
15	83 17
15	85 15
15	79 189
15	84 18
15	84 19
15	83 19
15	85 18
15	79 112
15	83 19
15	85 17
15	79 201
15	84 20
15	84 1
15	83 1
15	85 20
15	79 143
15	83 1
15	85 1
15	79 72
15	84 2
15	84 3
15	83 3
15	85 2
15	79 123
15	84 4
15	84 5
15	83 5
15	85 3
15	79 205
15	83 5
15	85 5
15	79 54
15	84 6
15	84 7
15	83 7
15	85 6
15	79 99
15	84 8
15	84 9
15	83 9
15	85 7
15	79 185
15	84 10
15	84 11
15	83 11
15	85 10
15	79 104
15	83 11
15	85 9
15	79 192
15	83 11
15	85 11
15	79 39
15	84 12
15	84 13
15	83 13
15	85 13
15	79 26
15	84 14
15	84 15
15	83 15
15	85 14
15	79 114
15	83 15
15	85 15
15	79 52
15	84 16
15	84 17
15	83 17
15	85 17
15	79 28
15	84 18
15	84 19
15	83 19
15	85 18
15	79 108
15	83 19
15	85 19
15	79 38
15	84 20
15	83 20
15	85 20
15	79 41
15	84 1
15	84 2
15	84 3
15	83 3
15	85 1
15	79 187
15	84 4
15	83 4
15	85 3
15	79 107
15	83 4
15	85 4
15	79 34
15	84 5
15	83 5
15	85 5
15	79 40
15	84 6
15	84 7
15	83 7
15	85 7
15	79 24
15	84 8
15	84 9
15	83 9
15	85 8
15	79 111
15	83 9
15	85 9
15	79 52
15	84 10
15	84 11
15	83 11
15	85 11
15	79 29
15	84 12
15	84 13
15	83 13
15	85 12
15	79 113
15	84 14
15	83 14
15	85 14
15	79 25
15	84 15
15	84 16
15	84 17
15	83 17
15	85 16
15	79 115
15	83 17
15	85 15
15	79 204
15	84 18
15	83 18
15	85 18
15	79 22
15	84 19
15	84 20
15	83 20
15	85 19
15	79 106
15	83 20
15	85 20
15	79 35
15	84 1
15	84 2
15	84 3
15	83 3
15	85 1
15	79 186
15	84 4
15	83 4
15	85 3
15	79 107
15	83 4
15	85 4
15	79 34
15	84 5
15	83 5
15	85 5
15	79 42
15	84 6
15	84 7
15	83 7
15	85 7
15	79 28
15	84 8
15	84 9
15	83 9
15	85 8
15	79 133
15	84 10
15	84 11
15	83 11
15	85 9
15	79 184
15	83 11
15	85 11
15	79 32
15	84 12
15	84 13
15	84 14
15	84 15
15	83 15
15	85 12
15	79 264
15	83 15
15	85 13
15	79 193
15	84 16
15	83 16
15	85 15
15	79 113
15	84 17
15	83 17
15	85 16
15	79 122
15	83 17
15	85 17
15	79 53
15	84 18
15	83 18
15	85 18
15	79 70
15	84 19
15	84 20
15	83 20
15	85 20
15	79 31
15	84 1
15	84 2
15	83 2
15	85 1
15	79 103
15	83 2
15	85 2
15	79 30
15	84 3
15	83 3
15	85 3
15	79 48
15	84 4
15	84 5
15	83 5
15	85 5
15	79 27
15	84 6
15	84 7
15	83 7
15	85 6
15	79 105
15	83 7
15	85 7
15	79 34
15	84 8
15	84 9
15	84 10
15	83 10
15	85 8
15	79 186
15	84 11
15	83 11
15	85 10
15	79 109
15	83 11
15	85 11
15	79 45
15	84 12
15	83 12
15	85 12
15	79 47
15	84 13
15	84 14
15	83 14
15	85 14
15	79 27
15	84 15
15	84 16
15	83 16
15	85 15
15	79 109
15	83 16
15	85 16
15	79 36
15	84 17
15	84 18
15	83 18
15	85 18
15	79 29
15	84 19
15	84 20
15	83 20
15	85 19
15	79 105
15	83 20
15	85 20
15	79 40
15	84 1
15	84 2
15	84 3
15	83 3
15	85 1
15	79 195
15	84 4
15	84 5
15	83 5
15	85 4
15	79 107
15	83 5
15	85 3
15	79 201
15	84 6
15	83 6
15	85 6
15	79 25
15	84 7
15	84 8
15	84 9
15	83 9
15	85 8
15	79 118
15	83 9
15	85 7
15	79 207
15	84 10
15	84 11
15	83 11
15	85 9
15	79 205
15	83 11
15	85 11
15	79 51
15	84 12
15	84 13
15	83 13
15	85 12
15	79 106
15	84 14
15	83 14
15	85 14
15	79 25
15	84 15
15	84 16
15	83 16
15	85 15
15	79 106
15	83 16
15	85 16
15	79 35
15	84 17
15	84 18
15	83 18
15	85 18
15	79 30
15	84 19
15	83 19
15	85 19
15	79 35
15	84 20
15	84 1
15	83 1
15	85 20
15	79 116
15	83 1
15	85 1
15	79 46
15	84 2
15	84 3
15	83 3
15	85 3
15	79 25
15	84 4
15	84 5
15	83 5
15	85 4
15	79 122
15	84 6
15	84 7
15	83 7
15	85 5
15	79 189
15	83 7
15	85 7
15	79 39
15	84 8
15	84 9
15	83 9
15	85 8
15	79 103
15	83 9
15	85 9
15	79 35
15	84 10
15	84 11
15	83 11
15	85 11
15	79 29
15	84 12
15	84 13
15	83 13
15	85 12
15	79 120
15	84 14
15	84 15
15	84 16
15	83 16
15	85 14
15	79 185
15	83 16
15	85 15
15	79 131
15	83 16
15	85 16
15	79 60
15	84 17
15	84 18
15	83 18
15	85 17
15	79 81
15	84 19
15	83 19
15	85 19
15	79 31
15	84 20
15	84 1
15	84 2
15	83 2
15	85 20
15	79 198
15	83 2
15	85 2
15	79 46
15	84 3
15	83 3
15	85 1
15	79 195
15	83 3
15	85 3
15	79 49
15	84 4
15	83 4
15	85 4
15	79 72
15	84 5
15	84 6
15	84 7
15	83 7
15	85 5
15	79 187
15	84 8
15	83 8
15	85 7
15	79 110
15	83 8
15	85 8
15	79 35
15	84 9
15	83 9
15	85 9
15	79 39
15	84 10
15	TEST_NUMBER 3
15	SENT_TOTAL 250
15	RECEIVED_TOTAL 189
15	TIME_TOTAL 29715
15	RECEIVED_RADIO_1 190
15	RECEIVED_RADIO_2 0
15	SENT_RADIO_1 124
15	SENT_RADIO_2 126
15	RADIO_TIME_1 29756
15	RADIO_TIME_2 19763
15	RETRANSMISSIONS_1 2
15	RETRANSMISSIONS_2 0
15	DROPPED_1 0
15	DROPPED_2 0
15	MAX_QUEUE 1
15	DUPLICATED_1 11
15	DUPLICATED_2 0
15	EBUSY_RADIO_1 0
15	EBUSY_RADIO_2 0
15	84 1
15	83 1
15	85 1
15	79 28
15	84 2
15	84 3
15	83 3
15	85 2
15	79 113
15	83 3
15	85 3
15	79 41
15	84 4
15	84 5
15	83 5
15	85 5
15	79 30
15	84 6
15	84 7
15	83 7
15	85 6
15	79 110
15	83 7
15	85 7
15	79 36
15	84 8
15	84 9
15	83 9
15	85 9
15	79 33
15	84 10
15	84 11
15	83 11
15	85 10
15	79 130
15	84 12
15	84 13
15	83 13
15	85 11
15	79 186
15	84 14
15	83 14
15	85 13
15	79 108
15	83 14
15	85 14
15	79 49
15	84 15
15	83 15
15	85 15
15	79 42
15	84 16
15	84 17
15	83 17
15	85 17
15	79 32
15	84 18
15	84 19
15	83 19
15	85 18
15	79 133
15	84 20
15	84 1
15	83 1
15	85 19
15	79 191
15	83 1
15	85 1
15	79 37
15	84 2
15	84 3
15	83 3
15	85 2
15	79 100
15	84 4
15	83 4
15	85 4
15	79 30
15	84 5
15	84 6
15	83 6
15	85 5
15	79 109
15	83 6
15	85 6
15	79 48
15	84 7
15	84 8
15	83 8
15	85 8
15	79 30
15	84 9
15	84 10
15	83 10
15	85 9
15	79 108
15	83 10
15	85 10
15	79 36
15	84 11
15	84 12
15	83 12
15	85 12
15	79 32
15	84 13
15	84 14
15	83 14
15	85 13
15	79 104
15	83 14
15	85 14
15	79 34
15	84 15
15	83 15
15	85 15
15	79 35
15	84 16
15	84 17
15	83 17
15	85 17
15	79 30
15	84 18
15	84 19
15	83 19
15	85 18
15	79 138
15	84 20
15	84 1
15	83 1
15	85 19
15	79 207
15	84 2
15	83 2
15	85 1
15	79 106
15	83 2
15	85 2
15	79 36
15	84 3
15	84 4
15	83 4
15	85 4
15	79 63
15	84 5
15	83 5
15	85 5
15	79 35
15	84 6
15	84 7
15	83 7
15	85 6
15	79 105
15	83 7
15	85 7
15	79 32
15	84 8
15	83 8
15	85 8
15	79 35
15	84 9
15	84 10
15	83 10
15	85 10
15	79 25
15	84 11
15	84 12
15	83 12
15	85 11
15	79 111
15	83 12
15	85 12
15	79 37
15	84 13
15	84 14
15	84 15
15	83 15
15	85 13
15	79 185
15	83 15
15	85 15
15	79 40
15	84 16
15	84 17
15	83 17
15	85 16
15	79 97
15	84 18
15	83 18
15	85 18
15	79 28
15	84 19
15	84 20
15	83 20
15	85 19
15	79 112
15	83 20
15	85 20
15	79 42
15	84 1
15	83 1
15	85 1
15	79 40
15	84 2
15	84 3
15	83 3
15	85 3
15	79 24
15	84 4
15	84 5
15	83 5
15	85 4
15	79 105
15	83 5
15	85 5
15	79 40
15	84 6
15	83 6
15	85 6
15	79 39
15	84 7
15	84 8
15	84 9
15	83 9
15	85 7
15	79 186
15	84 10
15	83 10
15	85 9
15	79 106
15	84 11
15	83 11
15	85 11
15	79 26
15	84 12
15	84 13
15	83 13
15	85 12
15	79 125
15	84 14
15	84 15
15	83 15
15	85 13
15	79 187
15	84 16
15	83 16
15	85 15
15	79 104
15	83 16
15	85 16
15	79 44
15	84 17
15	83 17
15	85 17
15	79 61
15	84 18
15	84 19
15	83 19
15	85 19
15	79 23
15	84 20
15	84 1
15	83 1
15	85 20
15	79 114
15	83 1
15	85 1
15	79 40
15	84 2
15	84 3
15	83 3
15	85 3
15	79 34
15	84 4
15	84 5
15	84 6
15	83 6
15	85 4
15	79 186
15	84 7
15	83 7
15	85 6
15	79 108
15	83 7
15	85 7
15	79 35
15	84 8
15	83 8
15	85 8
15	79 51
15	84 9
15	84 10
15	84 11
15	83 11
15	85 9
15	79 215
15	84 12
15	83 12
15	85 11
15	79 108
15	83 12
15	85 12
15	79 46
15	84 13
15	84 14
15	83 14
15	85 14
15	79 65
15	84 15
15	83 15
15	85 15
15	79 42
15	84 16
15	84 17
15	83 17
15	85 16
15	79 118
15	84 18
15	84 19
15	83 19
15	85 17
15	79 196
15	84 20
15	83 20
15	85 19
15	79 109
15	83 20
15	85 20
15	79 45
15	84 1
15	84 2
15	84 3
15	83 3
15	85 1
15	79 185
15	84 4
15	83 4
15	85 3
15	79 104
15	83 4
15	85 4
15	79 34
15	84 5
15	83 5
15	85 5
15	79 35
15	84 6
15	84 7
15	84 8
15	83 8
15	85 8
15	79 26
15	84 9
15	83 9
15	85 7
15	79 202
15	83 9
15	85 9
15	79 49
15	84 10
15	84 11
15	83 11
15	85 10
15	79 108
15	84 12
15	83 12
15	85 12
15	79 29
15	84 13
15	84 14
15	83 14
15	85 13
15	79 106
15	83 14
15	85 14
15	79 35
15	84 15
15	83 15
15	85 15
15	79 38
15	84 16
15	84 17
15	83 17
15	85 17
15	79 27
15	84 18
15	84 19
15	83 19
15	85 18
15	79 121
15	84 20
15	84 1
15	83 1
15	85 19
15	79 186
15	84 2
15	84 3
15	83 3
15	85 2
15	79 106
15	83 3
15	85 1
15	79 203
15	84 4
15	84 5
15	83 5
15	85 3
15	79 192
15	84 6
15	83 6
15	85 5
15	79 106
15	83 6
15	85 6
15	79 34
15	84 7
15	83 7
15	85 7
15	79 46
15	84 8
15	84 9
15	83 9
15	85 9
15	79 24
15	84 10
15	84 11
15	83 11
15	85 10
15	79 123
15	84 12
15	84 13
15	83 13
15	85 11
15	79 186
15	84 14
15	83 14
15	85 13
15	79 112
15	83 14
15	85 14
15	79 41
15	84 15
15	83 15
15	85 15
15	79 34
15	84 16
15	84 17
15	83 17
15	85 17
15	79 30
15	84 18
15	84 19
15	83 19
15	85 18
15	79 118
15	84 20
15	84 1
15	83 1
15	85 19
15	79 186
15	83 1
15	85 1
15	79 35
15	84 2
15	84 3
15	83 3
15	85 2
15	79 107
15	83 3
15	85 3
15	79 35
15	84 4
15	84 5
15	84 6
15	83 6
15	85 6
15	79 31
15	84 7
15	83 7
15	85 5
15	79 202
15	84 8
15	83 8
15	85 7
15	79 111
15	83 8
15	85 8
15	79 49
15	84 9
15	84 10
15	83 10
15	85 9
15	79 99
15	84 11
15	83 11
15	85 11
15	79 35
15	84 12
15	84 13
15	83 13
15	85 12
15	79 115
15	83 13
15	85 13
15	79 44
15	84 14
15	83 14
15	85 14
15	79 37
15	84 15
15	84 16
15	83 16
15	85 16
15	79 25
15	84 17
15	84 18
15	83 18
15	85 17
15	79 107
15	83 18
15	85 18
15	79 48
15	84 19
15	84 20
15	83 20
15	85 20
15	79 24
15	84 1
15	84 2
15	84 3
15	83 3
15	85 2
15	79 119
15	83 3
15	85 1
15	79 207
15	84 4
15	84 5
15	83 5
15	85 3
15	79 195
15	84 6
15	83 6
15	85 5
15	79 104
15	83 6
15	85 6
15	79 35
15	84 7
15	83 7
15	85 7
15	79 46
15	84 8
15	84 9
15	84 10
15	83 10
15	85 10
15	79 25
15	84 11
15	83 11
15	85 9
15	79 218
15	84 12
15	83 12
15	85 11
15	79 105
15	83 12
15	85 12
15	79 32
15	84 13
15	83 13
15	85 13
15	79 55
15	84 14
15	84 15
15	83 15
15	85 15
15	79 28
15	84 16
15	84 17
15	83 17
15	85 16
15	79 103
15	84 18
15	83 18
15	85 18
15	79 30
15	84 19
15	84 20
15	84 1
15	83 1
15	85 20
15	79 110
15	83 1
15	85 19
15	79 200
15	83 1
15	85 1
15	79 64
15	84 2
15	84 3
15	84 4
15	83 4
15	85 4
15	79 27
15	84 5
15	83 5
15	85 3
15	79 195
15	83 5
15	85 5
15	79 51
15	84 6
15	84 7
15	83 7
15	85 6
15	79 104
15	83 7
15	85 7
15	79 43
15	84 8
15	84 9
15	83 9
15	85 9
15	79 26
15	84 10
15	84 11
15	83 11
15	85 10
15	79 105
15	83 11
15	85 11
15	79 46
15	84 12
15	84 13
15	83 13
15	85 13
15	79 27
15	84 14
15	84 15
15	83 15
15	85 14
15	79 112
15	84 16
15	84 17
15	84 18
15	83 18
15	85 15
15	79 263
15	84 19
15	83 19
15	85 18
15	79 107
15	83 19
15	85 17
15	79 197
15	84 20
15	83 20
15	85 19
15	79 112
15	84 1
15	84 2
15	83 2
15	85 2
15	79 28
15	84 3
15	83 3
15	85 1
15	79 199
15	83 3
15	85 3
15	79 50
15	84 4
15	84 5
15	83 5
15	85 4
15	79 110
15	84 6
15	84 7
15	83 7
15	85 5
15	79 210
15	84 8
15	83 8
15	85 7
15	79 109
15	83 8
15	85 8
15	79 39
15	84 9
15	83 9
15	85 9
15	79 51
15	84 10
15	84 11
15	84 12
15	83 12
15	85 12
15	79 26
15	84 13
15	83 13
15	85 11
15	79 201
15	83 13
15	85 13
15	79 47
15	84 14
15	84 15
15	83 15
15	85 14
15	79 105
15	83 15
15	85 15
15	79 31
15	84 16
15	84 17
15	84 18
15	83 18
15	85 18
15	79 24
15	84 19
15	83 19
15	85 17
15	79 213
15	83 19
15	85 19
15	79 71
15	84 20
15	84 1
15	83 1
15	85 20
15	79 107
15	83 1
15	85 1
15	79 36
15	84 2
15	84 3
15	83 3
15	85 3
15	79 25
15	84 4
15	84 5
15	83 5
15	85 4
15	79 127
15	84 6
15	84 7
15	83 7
15	85 5
15	79 214
15	84 8
15	83 8
15	85 7
15	79 106
15	83 8
15	85 8
15	79 31
15	84 9
15	83 9
15	85 9
15	79 69
15	84 10
15	84 11
15	83 11
15	85 11
15	79 27
15	84 12
15	84 13
15	83 13
15	85 12
15	79 109
15	83 13
15	85 13
15	79 35
15	84 14
15	83 14
15	85 14
15	79 30
15	84 15
15	84 16
15	84 17
15	83 17
15	85 15
15	79 185
15	84 18
15	83 18
15	85 17
15	79 105
15	83 18
15	85 18
15	79 34
15	84 19
15	83 19
15	85 19
15	79 48
15	84 20
15	84 1
15	83 1
15	85 1
15	79 28
15	84 2
15	84 3
15	83 3
15	85 2
15	79 106
15	83 3
15	85 3
15	79 35
15	84 4
15	84 5
15	83 5
15	85 5
15	79 22
15	84 6
15	84 7
15	83 7
15	85 6
15	79 101
15	83 7
15	85 7
15	79 41
15	84 8
15	84 9
15	83 9
15	85 9
15	79 24
15	84 10
15	TEST_NUMBER 4
15	SENT_TOTAL 250
15	RECEIVED_TOTAL 192
15	TIME_TOTAL 19759
15	RECEIVED_RADIO_1 192
15	RECEIVED_RADIO_2 0
15	SENT_RADIO_1 125
15	SENT_RADIO_2 125
15	RADIO_TIME_1 19815
15	RADIO_TIME_2 19763
15	RETRANSMISSIONS_1 0
15	RETRANSMISSIONS_2 0
15	DROPPED_1 0
15	DROPPED_2 0
15	MAX_QUEUE 1
15	DUPLICATED_1 10
15	DUPLICATED_2 0
15	EBUSY_RADIO_1 0
15	EBUSY_RADIO_2 0
15	83 0
15	85 10
15	86 4
15	84 1
15	84 2
15	83 2
15	85 2
15	79 30
15	84 3
15	84 4
15	83 4
15	85 3
15	79 107
15	83 4
15	85 4
15	79 36
15	84 5
15	84 6
15	84 7
15	83 7
15	85 5
15	79 187
15	84 8
15	83 8
15	85 7
15	79 107
15	83 8
15	85 8
15	79 48
15	84 9
15	84 10
15	83 10
15	85 10
15	79 30
15	84 11
15	84 12
15	83 12
15	85 11
15	79 104
15	83 12
15	85 12
15	79 38
15	84 13
15	83 13
15	85 13
15	79 39
15	84 14
15	84 15
15	83 15
15	85 15
15	79 28
15	84 16
15	84 17
15	83 17
15	85 16
15	79 105
15	83 17
15	85 17
15	79 35
15	84 18
15	83 18
15	85 18
15	79 37
15	84 19
15	84 20
15	84 1
15	83 1
15	85 19
15	79 188
15	84 2
15	83 2
15	85 1
15	79 105
15	83 2
15	85 2
15	79 44
15	84 3
15	84 4
15	84 5
15	83 5
15	85 4
15	79 115
15	83 5
15	85 5
15	79 43
15	84 6
15	84 7
15	83 7
15	85 6
15	79 108
15	84 8
15	84 9
15	84 10
15	83 10
15	85 7
15	79 270
15	84 11
15	83 11
15	85 10
15	79 115
15	83 11
15	85 9
15	79 203
15	84 12
15	84 13
15	83 13
15	85 11
15	79 187
15	84 14
15	83 14
15	85 13
15	79 109
15	83 14
15	85 14
15	79 39
15	84 15
15	84 16
15	84 17
15	83 17
15	85 15
15	79 224
15	84 18
15	83 18
15	85 17
15	79 81
15	84 19
15	83 19
15	85 18
15	79 109
15	84 20
15	83 20
15	85 20
15	79 27
15	84 1
15	84 2
15	83 2
15	85 1
15	79 106
15	83 2
15	85 2
15	79 33
15	84 3
15	84 4
15	83 4
15	85 4
15	79 68
15	84 5
15	84 6
15	83 6
15	85 6
15	79 25
15	84 7
15	84 8
15	83 8
15	85 5
15	79 263
15	83 8
15	85 8
15	79 31
15	84 9
15	83 9
15	85 7
15	79 196
15	83 9
15	85 9
15	79 46
15	84 10
15	84 11
15	83 11
15	85 11
15	79 30
15	84 12
15	84 13
15	83 13
15	85 12
15	79 112
15	83 13
15	85 13
15	79 40
15	84 14
15	84 15
15	83 15
15	85 15
15	79 25
15	84 16
15	84 17
15	83 17
15	85 16
15	79 107
15	83 17
15	85 17
15	79 33
15	84 18
15	83 18
15	85 18
15	79 32
15	84 19
15	84 20
15	83 20
15	85 20
15	79 25
15	84 1
15	84 2
15	84 3
15	83 3
15	85 2
15	79 109
15	84 4
15	84 5
15	83 5
15	85 1
15	79 345
15	83 5
15	85 3
15	79 211
15	83 5
15	85 5
15	79 62
15	84 6
15	84 7
15	83 7
15	85 6
15	79 98
15	84 8
15	83 8
15	85 8
15	79 27
15	84 9
15	84 10
15	84 11
15	83 11
15	85 10
15	79 109
15	83 11
15	85 9
15	79 196
15	83 11
15	85 11
15	79 46
15	84 12
15	84 13
15	84 14
15	83 14
15	85 14
15	79 27
15	84 15
15	83 15
15	85 13
15	79 191
15	83 15
15	85 15
15	79 42
15	84 16
15	84 17
15	83 17
15	85 16
15	79 103
15	84 18
15	83 18
15	85 17
15	79 117
15	84 19
15	84 20
15	83 20
15	85 20
15	79 23
15	84 1
15	83 1
15	85 19
15	79 189
15	83 1
15	85 1
15	79 38
15	84 2
15	84 3
15	83 3
15	85 2
15	79 106
15	83 3
15	85 3
15	79 36
15	84 4
15	84 5
15	83 5
15	85 5
15	79 24
15	84 6
15	84 7
15	83 7
15	85 6
15	79 115
15	83 7
15	85 7
15	79 43
15	84 8
15	84 9
15	84 10
15	83 10
15	85 8
15	79 194
15	84 11
15	83 11
15	85 10
15	79 115
15	83 11
15	85 11
15	79 44
15	84 12
15	83 12
15	85 12
15	79 61
15	84 13
15	84 14
15	84 15
15	83 15
15	85 13
15	79 187
15	84 16
15	83 16
15	85 15
15	79 103
15	83 16
15	85 16
15	79 33
15	84 17
15	84 18
15	83 18
15	85 18
15	79 56
15	84 19
15	84 20
15	83 20
15	85 20
15	79 24
15	84 1
15	83 1
15	85 19
15	79 209
15	83 1
15	85 1
15	79 57
15	84 2
15	84 3
15	83 3
15	85 2
15	79 101
15	84 4
15	84 5
15	83 5
15	85 4
15	79 112
15	83 5
15	85 5
15	79 41
15	84 6
15	84 7
15	84 8
15	83 8
15	85 6
15	79 195
15	84 9
15	83 9
15	85 8
15	79 145
15	84 10
15	84 11
15	83 11
15	85 9
15	79 189
15	84 12
15	84 13
15	83 13
15	85 12
15	79 105
15	83 13
15	85 11
15	79 195
15	84 14
15	83 14
15	85 13
15	79 111
15	84 15
15	84 16
15	83 16
15	85 16
15	79 27
15	84 17
15	83 17
15	85 15
15	79 204
15	83 17
15	85 17
15	79 63
15	84 18
15	84 19
15	84 20
15	84 1
15	83 1
15	85 18
15	79 264
15	83 1
15	85 19
15	79 191
15	83 1
15	85 1
15	79 48
15	84 2
15	84 3
15	83 3
15	85 2
15	79 105
15	83 3
15	85 3
15	79 33
15	84 4
15	84 5
15	83 5
15	85 5
15	79 25
15	84 6
15	84 7
15	84 8
15	84 9
15	83 9
15	85 6
15	79 264
15	83 9
15	85 7
15	79 195
15	84 10
15	83 10
15	85 9
15	79 108
15	83 10
15	85 10
15	79 43
15	84 11
15	83 11
15	85 11
15	79 32
15	84 12
15	84 13
15	84 14
15	83 14
15	85 14
15	79 28
15	84 15
15	84 16
15	83 16
15	85 13
15	79 274
15	84 17
15	84 18
15	83 18
15	85 15
15	79 270
15	84 19
15	83 19
15	85 18
15	79 122
15	83 19
15	85 17
15	79 211
15	84 20
15	83 20
15	85 19
15	79 105
15	83 20
15	85 20
15	79 35
15	84 1
15	84 2
15	83 2
15	85 2
15	79 27
15	84 3
15	84 4
15	83 4
15	85 3
15	79 114
15	84 5
15	84 6
15	83 6
15	85 4
15	79 195
15	84 7
15	83 7
15	85 6
15	79 119
15	83 7
15	85 7
15	79 46
15	84 8
15	84 9
15	84 10
15	84 11
15	83 11
15	85 8
15	79 285
15	83 11
15	85 9
15	79 212
15	84 12
15	84 13
15	83 13
15	85 12
15	79 129
15	84 14
15	83 14
15	85 11
15	79 275
15	84 15
15	83 15
15	85 14
15	79 151
15	84 16
15	83 16
15	85 15
15	79 119
15	83 16
15	85 16
15	79 45
15	84 17
15	83 17
15	85 17
15	79 36
15	84 18
15	84 19
15	83 19
15	85 19
15	79 23
15	84 20
15	84 1
15	83 1
15	85 20
15	79 106
15	83 1
15	85 1
15	79 37
15	84 2
15	83 2
15	85 2
15	79 36
15	84 3
15	84 4
15	84 5
15	83 5
15	85 4
15	79 113
15	83 5
15	85 5
15	79 41
15	84 6
15	84 7
15	83 7
15	85 6
15	79 106
15	84 8
15	83 8
15	85 8
15	79 30
15	84 9
15	84 10
15	83 10
15	85 9
15	79 109
15	84 11
15	83 11
15	85 11
15	79 22
15	84 12
15	84 13
15	83 13
15	85 12
15	79 127
15	84 14
15	84 15
15	83 15
15	85 13
15	79 186
15	83 15
15	85 15
15	79 34
15	84 16
15	84 17
15	83 17
15	85 16
15	79 105
15	83 17
15	85 17
15	79 46
15	84 18
15	84 19
15	83 19
15	85 19
15	79 25
15	84 20
15	84 1
15	83 1
15	85 20
15	79 113
15	83 1
15	85 1
15	79 41
15	84 2
15	84 3
15	84 4
15	83 4
15	85 4
15	79 32
15	84 5
15	83 5
15	85 3
15	79 192
15	83 5
15	85 5
15	79 39
15	84 6
15	84 7
15	83 7
15	85 6
15	79 112
15	83 7
15	85 7
15	79 42
15	84 8
15	84 9
15	84 10
15	84 11
15	83 11
15	85 10
15	79 138
15	84 12
15	83 12
15	85 9
15	79 274
15	84 13
15	83 13
15	85 12
15	79 121
15	83 13
15	85 11
15	79 211
15	84 14
15	83 14
15	85 14
15	79 59
15	84 15
15	84 16
15	84 17
15	83 17
15	85 16
15	79 116
15	83 17
15	85 15
15	79 204
15	83 17
15	85 17
15	79 54
15	84 18
15	84 19
15	83 19
15	85 18
15	79 93
15	84 20
15	84 1
15	83 1
15	85 19
15	79 184
15	84 2
15	83 2
15	85 1
15	79 104
15	83 2
15	85 2
15	79 34
15	84 3
15	83 3
15	85 3
15	79 35
15	84 4
15	84 5
15	84 6
15	83 6
15	85 6
15	79 28
15	84 7
15	83 7
15	85 5
15	79 204
15	83 7
15	85 7
15	79 50
15	84 8
15	84 9
15	83 9
15	85 8
15	79 106
15	84 10
15	84 11
15	83 11
15	85 9
15	79 184
15	84 12
15	83 12
15	85 11
15	79 105
15	83 12
15	85 12
15	79 32
15	84 13
15	84 14
15	83 14
15	85 14
15	79 48
15	84 15
15	84 16
15	83 16
15	85 16
15	79 27
15	84 17
15	83 17
15	85 15
15	79 195
15	83 17
15	85 17
15	79 45
15	84 18
15	84 19
15	83 19
15	85 18
15	79 107
15	84 20
15	83 20
15	85 20
15	79 26
15	84 1
15	84 2
15	83 2
15	85 1
15	79 116
15	84 3
15	84 4
15	83 4
15	85 4
15	79 28
15	84 5
15	83 5
15	85 3
15	79 208
15	83 5
15	85 5
15	79 62
15	84 6
15	84 7
15	83 7
15	85 6
15	79 107
15	83 7
15	85 7
15	79 35
15	84 8
15	84 9
15	83 9
15	85 9
15	79 30
15	84 10
15	84 11
15	83 11
15	85 10
15	79 118
15	84 12
15	84 13
15	83 13
15	85 11
15	79 209
15	84 14
15	83 14
15	85 13
15	79 104
15	84 15
15	83 15
15	85 14
15	79 113
15	83 15
15	85 15
15	79 43
15	84 16
15	83 16
15	85 16
15	79 37
15	84 17
15	84 18
15	83 18
15	85 18
15	79 35
15	84 19
15	84 20
15	83 20
15	85 19
15	79 108
15	84 1
15	84 2
15	83 2
15	85 20
15	79 185
15	84 3
15	83 3
15	85 2
15	79 109
15	84 4
15	84 5
15	83 5
15	85 3
15	79 189
15	84 6
15	83 6
15	85 5
15	79 114
15	83 6
15	85 6
15	79 43
15	84 7
15	84 8
15	84 9
15	83 9
15	85 8
15	79 118
15	83 9
15	85 9
15	79 59
15	84 10
15	TEST_NUMBER 5
15	SENT_TOTAL 250
15	RECEIVED_TOTAL 193
15	TIME_TOTAL 29739
15	RECEIVED_RADIO_1 194
15	RECEIVED_RADIO_2 0
15	SENT_RADIO_1 125
15	SENT_RADIO_2 125
15	RADIO_TIME_1 29760
15	RADIO_TIME_2 19763
15	RETRANSMISSIONS_1 0
15	RETRANSMISSIONS_2 0
15	DROPPED_1 0
15	DROPPED_2 0
15	MAX_QUEUE 1
15	DUPLICATED_1 9
15	DUPLICATED_2 0
15	EBUSY_RADIO_1 0
15	EBUSY_RADIO_2 0
15	83 0
15	85 10
15	86 5
15	84 1
15	84 2
15	83 2
15	85 2
15	79 29
15	84 3
15	84 4
15	83 4
15	85 3
15	79 106
15	83 4
15	85 4
15	79 34
15	84 5
15	84 6
15	83 6
15	85 6
15	79 28
15	84 7
15	84 8
15	83 8
15	85 7
15	79 112
15	84 9
15	84 10
15	83 10
15	85 8
15	79 198
15	83 10
15	85 10
15	79 45
15	84 11
15	84 12
15	83 12
15	85 9
15	79 264
15	84 13
15	83 13
15	85 12
15	79 103
15	83 13
15	85 13
15	79 38
15	84 14
15	83 14
15	85 14
15	79 44
15	84 15
15	84 16
15	84 17
15	83 17
15	85 15
15	79 193
15	83 17
15	85 17
15	79 44
15	84 18
15	84 19
15	83 19
15	85 18
15	79 105
15	83 19
15	85 19
15	79 35
15	84 20
15	84 1
15	83 1
15	85 1
15	79 24
15	84 2
15	84 3
15	83 3
15	85 2
15	79 119
15	84 4
15	84 5
15	83 5
15	85 3
15	79 187
15	83 5
15	85 5
15	79 36
15	84 6
15	84 7
15	83 7
15	85 6
15	79 100
15	84 8
15	83 8
15	85 8
15	79 30
15	84 9
15	84 10
15	83 10
15	85 9
15	79 111
15	83 10
15	85 10
15	79 39
15	84 11
15	84 12
15	83 12
15	85 12
15	79 29
15	84 13
15	84 14
15	83 14
15	85 13
15	79 113
15	84 15
15	84 16
15	83 16
15	85 15
15	79 119
15	83 16
15	85 16
15	79 48
15	84 17
15	84 18
15	84 19
15	83 19
15	85 17
15	79 187
15	84 20
15	83 20
15	85 19
15	79 106
15	83 20
15	85 20
15	79 37
15	84 1
15	83 1
15	85 1
15	79 32
15	84 2
15	84 3
15	84 4
15	83 4
15	85 4
15	79 32
15	84 5
15	83 5
15	85 3
15	79 196
15	83 5
15	85 5
15	79 43
15	84 6
15	84 7
15	83 7
15	85 6
15	79 110
15	83 7
15	85 7
15	79 41
15	84 8
15	84 9
15	83 9
15	85 9
15	79 25
15	84 10
15	84 11
15	83 11
15	85 10
15	79 106
15	83 11
15	85 11
15	79 47
15	84 12
15	84 13
15	83 13
15	85 13
15	79 30
15	84 14
15	84 15
15	83 15
15	85 14
15	79 107
15	84 16
15	83 16
15	85 16
15	79 26
15	84 17
15	84 18
15	83 18
15	85 17
15	79 109
15	83 18
15	85 18
15	79 45
15	84 19
15	84 20
15	84 1
15	83 1
15	85 19
15	79 187
15	84 2
15	83 2
15	85 1
15	79 107
15	83 2
15	85 2
15	79 33
15	84 3
15	83 3
15	85 3
15	79 39
15	84 4
15	84 5
15	83 5
15	85 5
15	79 24
15	84 6
15	84 7
15	83 7
15	85 6
15	79 102
15	83 7
15	85 7
15	79 34
15	84 8
15	83 8
15	85 8
15	79 31
15	84 9
15	84 10
15	83 10
15	85 10
15	79 28
15	84 11
15	84 12
15	84 13
15	83 13
15	85 12
15	79 123
15	84 14
15	83 14
15	85 14
15	79 27
15	84 15
15	84 16
15	83 16
15	85 13
15	79 264
15	83 16
15	85 16
15	79 34
15	84 17
15	83 17
15	85 15
15	79 228
15	84 18
15	84 19
15	83 19
15	85 17
15	79 186
15	83 19
15	85 19
15	79 39
15	84 20
15	84 1
15	83 1
15	85 20
15	79 115
15	84 2
15	84 3
15	83 3
15	85 1
15	79 187
15	84 4
15	83 4
15	85 3
15	79 115
15	83 4
15	85 4
15	79 43
15	84 5
15	84 6
15	83 6
15	85 6
15	79 30
15	84 7
15	84 8
15	84 9
15	83 9
15	85 8
15	79 107
15	83 9
15	85 7
15	79 192
15	83 9
15	85 9
15	79 40
15	84 10
15	83 10
15	85 10
15	79 35
15	84 11
15	84 12
15	83 12
15	85 12
15	79 29
15	84 13
15	84 14
15	83 14
15	85 13
15	79 107
15	83 14
15	85 14
15	79 35
15	84 15
15	84 16
15	83 16
15	85 16
15	79 24
15	84 17
15	84 18
15	84 19
15	83 19
15	85 18
15	79 111
15	83 19
15	85 17
15	79 199
15	84 20
15	83 20
15	85 20
15	79 28
15	84 1
15	84 2
15	83 2
15	85 1
15	79 107
15	83 2
15	85 2
15	79 37
15	84 3
15	84 4
15	83 4
15	85 4
15	79 29
15	84 5
15	84 6
15	83 6
15	85 5
15	79 108
15	84 7
15	84 8
15	83 8
15	85 7
15	79 121
15	83 8
15	85 8
15	79 47
15	84 9
15	84 10
15	83 10
15	85 9
15	79 107
15	84 11
15	83 11
15	85 11
15	79 24
15	84 12
15	84 13
15	83 13
15	85 12
15	79 105
15	83 13
15	85 13
15	79 37
15	84 14
15	83 14
15	85 14
15	79 40
15	84 15
15	84 16
15	83 16
15	85 16
15	79 30
15	84 17
15	84 18
15	84 19
15	83 19
15	85 17
15	79 184
15	84 20
15	83 20
15	85 19
15	79 119
15	84 1
15	84 2
15	83 2
15	85 1
15	79 109
15	84 3
15	83 3
15	85 2
15	79 118
15	84 4
15	83 4
15	85 4
15	79 30
15	84 5
15	84 6
15	83 6
15	85 5
15	79 107
15	84 7
15	83 7
15	85 7
15	79 24
15	84 8
15	84 9
15	83 9
15	85 8
15	79 108
15	83 9
15	85 9
15	79 37
15	84 10
15	83 10
15	85 10
15	79 36
15	84 11
15	84 12
15	83 12
15	85 12
15	79 29
15	84 13
15	84 14
15	83 14
15	85 13
15	79 108
15	83 14
15	85 14
15	79 38
15	84 15
15	84 16
15	83 16
15	85 16
15	79 29
15	84 17
15	83 17
15	85 17
15	79 35
15	84 18
15	84 19
15	83 19
15	85 18
15	79 119
15	83 19
15	85 19
15	79 52
15	84 20
15	84 1
15	84 2
15	83 2
15	85 1
15	79 115
15	84 3
15	83 3
15	85 2
15	79 118
15	84 4
15	83 4
15	85 3
15	79 115
15	83 4
15	85 4
15	79 43
15	84 5
15	83 5
15	85 5
15	79 67
15	84 6
15	84 7
15	84 8
15	83 8
15	85 8
15	79 25
15	84 9
15	83 9
15	85 7
15	79 212
15	83 9
15	85 9
15	79 58
15	84 10
15	84 11
15	83 11
15	85 10
15	79 100
15	84 12
15	83 12
15	85 12
15	79 25
15	84 13
15	84 14
15	84 15
15	83 15
15	85 14
15	79 116
15	83 15
15	85 15
15	79 46
15	84 16
15	84 17
15	84 18
15	84 19
15	83 19
15	85 16
15	79 264
15	84 20
15	83 20
15	85 17
15	79 263
15	83 20
15	85 20
15	79 34
15	84 1
15	83 1
15	85 1
15	79 45
15	84 2
15	84 3
15	83 3
15	85 2
15	79 110
15	84 4
15	84 5
15	83 5
15	85 4
15	79 105
15	83 5
15	85 5
15	79 35
15	84 6
15	84 7
15	84 8
15	83 8
15	85 6
15	79 190
15	84 9
15	83 9
15	85 8
15	79 110
15	83 9
15	85 9
15	79 45
15	84 10
15	84 11
15	83 11
15	85 11
15	79 25
15	84 12
15	84 13
15	83 13
15	85 12
15	79 106
15	83 13
15	85 13
15	79 46
15	84 14
15	84 15
15	84 16
15	83 16
15	85 14
15	79 187
15	84 17
15	83 17
15	85 16
15	79 110
15	83 17
15	85 17
15	79 48
15	84 18
15	84 19
15	83 19
15	85 19
15	79 22
15	84 20
15	84 1
15	83 1
15	85 20
15	79 110
15	83 1
15	85 1
15	79 38
15	84 2
15	83 2
15	85 2
15	79 42
15	84 3
15	84 4
15	84 5
15	83 5
15	85 3
15	79 223
15	84 6
15	84 7
15	83 7
15	85 6
15	79 123
15	83 7
15	85 7
15	79 54
15	84 8
15	84 9
15	83 9
15	85 8
15	79 107
15	83 9
15	85 9
15	79 36
15	84 10
15	84 11
15	84 12
15	83 12
15	85 12
15	79 32
15	84 13
15	83 13
15	85 11
15	79 214
15	83 13
15	85 13
15	79 61
15	84 14
15	84 15
15	84 16
15	84 17
15	83 17
15	85 14
15	79 295
15	83 17
15	85 15
15	79 225
15	84 18
15	84 19
15	83 19
15	85 18
15	79 89
15	84 20
15	83 20
15	85 20
15	79 33
15	84 1
15	83 1
15	85 19
15	79 189
15	83 1
15	85 1
15	79 38
15	84 2
15	84 3
15	83 3
15	85 2
15	79 106
15	84 4
15	83 4
15	85 4
15	79 25
15	84 5
15	84 6
15	84 7
15	83 7
15	85 6
15	79 106
15	83 7
15	85 5
15	79 195
15	83 7
15	85 7
15	79 44
15	84 8
15	84 9
15	83 9
15	85 9
15	79 30
15	84 10
15	84 11
15	83 11
15	85 10
15	79 109
15	83 11
15	85 11
15	79 38
15	84 12
15	84 13
15	84 14
15	83 14
15	85 12
15	79 196
15	83 14
15	85 14
15	79 45
15	84 15
15	84 16
15	84 17
15	83 17
15	85 16
15	79 102
15	83 17
15	85 15
15	79 191
15	84 18
15	83 18
15	85 18
15	79 27
15	84 19
15	84 20
15	83 20
15	85 19
15	79 113
15	83 20
15	85 20
15	79 40
15	84 1
15	84 2
15	83 2
15	85 2
15	79 31
15	84 3
15	84 4
15	84 5
15	83 5
15	85 4
15	79 120
15	84 6
15	83 6
15	85 5
15	79 125
15	83 6
15	85 6
15	79 52
15	84 7
15	84 8
15	84 9
15	83 9
15	85 8
15	79 140
15	83 9
15	85 9
15	79 69
15	84 10
15	84 11
15	84 12
15	84 13
15	83 13
15	85 10
15	79 274
15	83 13
15	85 11
15	79 212
15	83 13
15	85 13
15	79 60
15	84 14
15	84 15
15	84 16
15	83 16
15	85 14
15	79 220
15	83 16
15	85 16
15	79 66
15	84 17
15	84 18
15	83 18
15	85 18
15	79 76
15	84 19
15	83 19
15	85 19
15	79 31
15	84 20
15	84 1
15	83 1
15	85 20
15	79 115
15	83 1
15	85 1
15	79 42
15	84 2
15	84 3
15	84 4
15	83 4
15	85 4
15	79 25
15	84 5
15	84 6
15	83 6
15	85 3
15	79 271
15	83 6
15	85 6
15	79 40
15	84 7
15	83 7
15	85 5
15	79 237
15	84 8
15	84 9
15	83 9
15	85 7
15	79 206
15	84 10
15	TEST_NUMBER 6
15	SENT_TOTAL 250
15	RECEIVED_TOTAL 186
15	TIME_TOTAL 29753
15	RECEIVED_RADIO_1 187
15	RECEIVED_RADIO_2 0
15	SENT_RADIO_1 125
15	SENT_RADIO_2 125
15	RADIO_TIME_1 29787
15	RADIO_TIME_2 19763
15	RETRANSMISSIONS_1 0
15	RETRANSMISSIONS_2 0
15	DROPPED_1 0
15	DROPPED_2 0
15	MAX_QUEUE 1
15	DUPLICATED_1 3
15	DUPLICATED_2 0
15	EBUSY_RADIO_1 0
15	EBUSY_RADIO_2 0
15	83 0
15	85 10
15	86 6

34	RELAY_NODE 34
34	TEST_NUMBER 0
34	SENT_TOTAL 0
34	RECEIVED_TOTAL 0
34	TIME_TOTAL 0
34	RECEIVED_RADIO_1 0
34	RECEIVED_RADIO_2 117
34	SENT_RADIO_1 116
34	SENT_RADIO_2 0
34	RADIO_TIME_1 18498
34	RADIO_TIME_2 18491
34	RETRANSMISSIONS_1 96
34	RETRANSMISSIONS_2 0
34	DROPPED_1 0
34	DROPPED_2 0
34	MAX_QUEUE 1
34	DUPLICATED_1 0
34	DUPLICATED_2 0
34	EBUSY_RADIO_1 0
34	EBUSY_RADIO_2 0
34	TEST_NUMBER 1
34	SENT_TOTAL 0
34	RECEIVED_TOTAL 0
34	TIME_TOTAL 0
34	RECEIVED_RADIO_1 0
34	RECEIVED_RADIO_2 125
34	SENT_RADIO_1 72
34	SENT_RADIO_2 0
34	RADIO_TIME_1 29735
34	RADIO_TIME_2 29722
34	RETRANSMISSIONS_1 628
34	RETRANSMISSIONS_2 0
34	DROPPED_1 54
34	DROPPED_2 0
34	MAX_QUEUE 1
34	DUPLICATED_1 0
34	DUPLICATED_2 0
34	EBUSY_RADIO_1 0
34	EBUSY_RADIO_2 0
34	TEST_NUMBER 2
34	SENT_TOTAL 0
34	RECEIVED_TOTAL 0
34	TIME_TOTAL 0
34	RECEIVED_RADIO_1 0
34	RECEIVED_RADIO_2 126
34	SENT_RADIO_1 125
34	SENT_RADIO_2 0
34	RADIO_TIME_1 29824
34	RADIO_TIME_2 29807
34	RETRANSMISSIONS_1 57
34	RETRANSMISSIONS_2 0
34	DROPPED_1 0
34	DROPPED_2 0
34	MAX_QUEUE 1
34	DUPLICATED_1 0
34	DUPLICATED_2 0
34	EBUSY_RADIO_1 0
34	EBUSY_RADIO_2 0
34	TEST_NUMBER 3
34	SENT_TOTAL 0
34	RECEIVED_TOTAL 0
34	TIME_TOTAL 0
34	RECEIVED_RADIO_1 0
34	RECEIVED_RADIO_2 125
34	SENT_RADIO_1 123
34	SENT_RADIO_2 0
34	RADIO_TIME_1 29740
34	RADIO_TIME_2 29722
34	RETRANSMISSIONS_1 103
34	RETRANSMISSIONS_2 0
34	DROPPED_1 2
34	DROPPED_2 0
34	MAX_QUEUE 1
34	DUPLICATED_1 0
34	DUPLICATED_2 0
34	EBUSY_RADIO_1 0
34	EBUSY_RADIO_2 0
34	TEST_NUMBER 4
34	SENT_TOTAL 0
34	RECEIVED_TOTAL 0
34	TIME_TOTAL 0
34	RECEIVED_RADIO_1 0
34	RECEIVED_RADIO_2 126
34	SENT_RADIO_1 126
34	SENT_RADIO_2 0
34	RADIO_TIME_1 29798
34	RADIO_TIME_2 29798
34	RETRANSMISSIONS_1 54
34	RETRANSMISSIONS_2 0
34	DROPPED_1 0
34	DROPPED_2 0
34	MAX_QUEUE 1
34	DUPLICATED_1 0
34	DUPLICATED_2 0
34	EBUSY_RADIO_1 0
34	EBUSY_RADIO_2 0
34	TEST_NUMBER 5
34	SENT_TOTAL 0
34	RECEIVED_TOTAL 0
34	TIME_TOTAL 0
34	RECEIVED_RADIO_1 0
34	RECEIVED_RADIO_2 125
34	SENT_RADIO_1 126
34	SENT_RADIO_2 0
34	RADIO_TIME_1 29723
34	RADIO_TIME_2 29723
34	RETRANSMISSIONS_1 66
34	RETRANSMISSIONS_2 0
34	DROPPED_1 0
34	DROPPED_2 0
34	MAX_QUEUE 1
34	DUPLICATED_1 0
34	DUPLICATED_2 0
34	EBUSY_RADIO_1 0
34	EBUSY_RADIO_2 0
34	TEST_NUMBER 6
34	SENT_TOTAL 0
34	RECEIVED_TOTAL 0
34	TIME_TOTAL 0
34	RECEIVED_RADIO_1 0
34	RECEIVED_RADIO_2 125
34	SENT_RADIO_1 125
34	SENT_RADIO_2 0
34	RADIO_TIME_1 29723
34	RADIO_TIME_2 29723
34	RETRANSMISSIONS_1 60
34	RETRANSMISSIONS_2 0
34	DROPPED_1 0
34	DROPPED_2 0
34	MAX_QUEUE 1
34	DUPLICATED_1 0
34	DUPLICATED_2 0
34	EBUSY_RADIO_1 0
34	EBUSY_RADIO_2 0
