
1	DESTINATION_NODE 1
1	TEST_NUMBER 0
1	SENT_TOTAL 250
1	RECEIVED_TOTAL 250
1	TIME_TOTAL 14884
1	RECEIVED_RADIO_1 125
1	RECEIVED_RADIO_2 125
1	SENT_RADIO_1 125
1	SENT_RADIO_2 125
1	RADIO_TIME_1 14884
1	RADIO_TIME_2 14884
1	RETRANSMISSIONS_1 1
1	RETRANSMISSIONS_2 1
1	DROPPED_1 0
1	DROPPED_2 0
1	MAX_QUEUE 1
1	DUPLICATED_1 0
1	DUPLICATED_2 0
1	EBUSY_RADIO_1 0
1	EBUSY_RADIO_2 0
1	TEST_NUMBER 1
1	SENT_TOTAL 250
1	RECEIVED_TOTAL 250
1	TIME_TOTAL 14881
1	RECEIVED_RADIO_1 125
1	RECEIVED_RADIO_2 125
1	SENT_RADIO_1 126
1	SENT_RADIO_2 124
1	RADIO_TIME_1 14881
1	RADIO_TIME_2 14881
1	RETRANSMISSIONS_1 0
1	RETRANSMISSIONS_2 2
1	DROPPED_1 0
1	DROPPED_2 0
1	MAX_QUEUE 1
1	DUPLICATED_1 0
1	DUPLICATED_2 0
1	EBUSY_RADIO_1 0
1	EBUSY_RADIO_2 0
1	TEST_NUMBER 2
1	SENT_TOTAL 250
1	RECEIVED_TOTAL 250
1	TIME_TOTAL 14879
1	RECEIVED_RADIO_1 125
1	RECEIVED_RADIO_2 125
1	SENT_RADIO_1 126
1	SENT_RADIO_2 124
1	RADIO_TIME_1 14879
1	RADIO_TIME_2 14821
1	RETRANSMISSIONS_1 0
1	RETRANSMISSIONS_2 1
1	DROPPED_1 0
1	DROPPED_2 0
1	MAX_QUEUE 1
1	DUPLICATED_1 0
1	DUPLICATED_2 0
1	EBUSY_RADIO_1 0
1	EBUSY_RADIO_2 0
1	TEST_NUMBER 3
1	SENT_TOTAL 250
1	RECEIVED_TOTAL 250
1	TIME_TOTAL 14878
1	RECEIVED_RADIO_1 125
1	RECEIVED_RADIO_2 125
1	SENT_RADIO_1 125
1	SENT_RADIO_2 125
1	RADIO_TIME_1 14820
1	RADIO_TIME_2 14878
1	RETRANSMISSIONS_1 0
1	RETRANSMISSIONS_2 1
1	DROPPED_1 0
1	DROPPED_2 0
1	MAX_QUEUE 1
1	DUPLICATED_1 0
1	DUPLICATED_2 0
1	EBUSY_RADIO_1 0
1	EBUSY_RADIO_2 0
1	TEST_NUMBER 4
1	SENT_TOTAL 250
1	RECEIVED_TOTAL 250
1	TIME_TOTAL 14880
1	RECEIVED_RADIO_1 125
1	RECEIVED_RADIO_2 125
1	SENT_RADIO_1 125
1	SENT_RADIO_2 125
1	RADIO_TIME_1 14880
1	RADIO_TIME_2 14880
1	RETRANSMISSIONS_1 1
1	RETRANSMISSIONS_2 1
1	DROPPED_1 0
1	DROPPED_2 0
1	MAX_QUEUE 1
1	DUPLICATED_1 0
1	DUPLICATED_2 0
1	EBUSY_RADIO_1 0
1	EBUSY_RADIO_2 0
1	TEST_NUMBER 5
1	SENT_TOTAL 250
1	RECEIVED_TOTAL 250
1	TIME_TOTAL 14876
1	RECEIVED_RADIO_1 125
1	RECEIVED_RADIO_2 125
1	SENT_RADIO_1 125
1	SENT_RADIO_2 125
1	RADIO_TIME_1 14876
1	RADIO_TIME_2 14876
1	RETRANSMISSIONS_1 1
1	RETRANSMISSIONS_2 1
1	DROPPED_1 0
1	DROPPED_2 0
1	MAX_QUEUE 1
1	DUPLICATED_1 0
1	DUPLICATED_2 1
1	EBUSY_RADIO_1 0
1	EBUSY_RADIO_2 0
1	TEST_NUMBER 6
1	SENT_TOTAL 250
1	RECEIVED_TOTAL 250
1	TIME_TOTAL 14879
1	RECEIVED_RADIO_1 125
1	RECEIVED_RADIO_2 125
1	SENT_RADIO_1 127
1	SENT_RADIO_2 123
1	RADIO_TIME_1 14879
1	RADIO_TIME_2 14818
1	RETRANSMISSIONS_1 0
1	RETRANSMISSIONS_2 3
1	DROPPED_1 0
1	DROPPED_2 0
1	MAX_QUEUE 1
1	DUPLICATED_1 0
1	DUPLICATED_2 0
1	EBUSY_RADIO_1 0
1	EBUSY_RADIO_2 0

2	RELAY_NODE 2
2	TEST_NUMBER 0
2	SENT_TOTAL 0
2	RECEIVED_TOTAL 0
2	TIME_TOTAL 0
2	RECEIVED_RADIO_1 125
2	RECEIVED_RADIO_2 125
2	SENT_RADIO_1 125
2	SENT_RADIO_2 125
2	RADIO_TIME_1 14874
2	RADIO_TIME_2 14874
2	RETRANSMISSIONS_1 0
2	RETRANSMISSIONS_2 0
2	DROPPED_1 0
2	DROPPED_2 0
2	MAX_QUEUE 1
2	DUPLICATED_1 1
2	DUPLICATED_2 0
2	EBUSY_RADIO_1 0
2	EBUSY_RADIO_2 0
2	TEST_NUMBER 1
2	SENT_TOTAL 0
2	RECEIVED_TOTAL 0
2	TIME_TOTAL 0
2	RECEIVED_RADIO_1 126
2	RECEIVED_RADIO_2 125
2	SENT_RADIO_1 125
2	SENT_RADIO_2 126
2	RADIO_TIME_1 14869
2	RADIO_TIME_2 14869
2	RETRANSMISSIONS_1 0
2	RETRANSMISSIONS_2 0
2	DROPPED_1 0
2	DROPPED_2 0
2	MAX_QUEUE 1
2	DUPLICATED_1 0
2	DUPLICATED_2 0
2	EBUSY_RADIO_1 0
2	EBUSY_RADIO_2 0
2	TEST_NUMBER 2
2	SENT_TOTAL 0
2	RECEIVED_TOTAL 0
2	TIME_TOTAL 0
2	RECEIVED_RADIO_1 126
2	RECEIVED_RADIO_2 125
2	SENT_RADIO_1 125
2	SENT_RADIO_2 126
2	RADIO_TIME_1 14880
2	RADIO_TIME_2 14880
2	RETRANSMISSIONS_1 0
2	RETRANSMISSIONS_2 0
2	DROPPED_1 0
2	DROPPED_2 0
2	MAX_QUEUE 1
2	DUPLICATED_1 0
2	DUPLICATED_2 0
2	EBUSY_RADIO_1 0
2	EBUSY_RADIO_2 0
2	TEST_NUMBER 3
2	SENT_TOTAL 0
2	RECEIVED_TOTAL 0
2	TIME_TOTAL 0
2	RECEIVED_RADIO_1 125
2	RECEIVED_RADIO_2 125
2	SENT_RADIO_1 125
2	SENT_RADIO_2 125
2	RADIO_TIME_1 14820
2	RADIO_TIME_2 14820
2	RETRANSMISSIONS_1 0
2	RETRANSMISSIONS_2 0
2	DROPPED_1 0
2	DROPPED_2 0
2	MAX_QUEUE 1
2	DUPLICATED_1 0
2	DUPLICATED_2 0
2	EBUSY_RADIO_1 0
2	EBUSY_RADIO_2 0
2	TEST_NUMBER 4
2	SENT_TOTAL 0
2	RECEIVED_TOTAL 0
2	TIME_TOTAL 0
2	RECEIVED_RADIO_1 125
2	RECEIVED_RADIO_2 125
2	SENT_RADIO_1 125
2	SENT_RADIO_2 125
2	RADIO_TIME_1 14866
2	RADIO_TIME_2 14866
2	RETRANSMISSIONS_1 0
2	RETRANSMISSIONS_2 0
2	DROPPED_1 0
2	DROPPED_2 0
2	MAX_QUEUE 1
2	DUPLICATED_1 1
2	DUPLICATED_2 0
2	EBUSY_RADIO_1 0
2	EBUSY_RADIO_2 0
2	TEST_NUMBER 5
2	SENT_TOTAL 0
2	RECEIVED_TOTAL 0
2	TIME_TOTAL 0
2	RECEIVED_RADIO_1 125
2	RECEIVED_RADIO_2 125
2	SENT_RADIO_1 125
2	SENT_RADIO_2 125
2	RADIO_TIME_1 14865
2	RADIO_TIME_2 14865
2	RETRANSMISSIONS_1 0
2	RETRANSMISSIONS_2 0
2	DROPPED_1 0
2	DROPPED_2 0
2	MAX_QUEUE 1
2	DUPLICATED_1 1
2	DUPLICATED_2 0
2	EBUSY_RADIO_1 0
2	EBUSY_RADIO_2 0
2	TEST_NUMBER 6
2	SENT_TOTAL 0
2	RECEIVED_TOTAL 0
2	TIME_TOTAL 0
2	RECEIVED_RADIO_1 127
2	RECEIVED_RADIO_2 125
2	SENT_RADIO_1 125
2	SENT_RADIO_2 127
2	RADIO_TIME_1 14883
2	RADIO_TIME_2 14883
2	RETRANSMISSIONS_1 0
2	RETRANSMISSIONS_2 0
2	DROPPED_1 0
2	DROPPED_2 0
2	MAX_QUEUE 1
2	DUPLICATED_1 0
2	DUPLICATED_2 0
2	EBUSY_RADIO_1 0
2	EBUSY_RADIO_2 0

6	SOURCE_NODE 6
6	84 1
6	83 1
6	85 1
6	79 19
6	84 2
6	83 2
6	85 2
6	79 19
6	84 3
6	83 3
6	85 3
6	79 27
6	84 4
6	83 4
6	85 4
6	79 21
6	84 5
6	83 5
6	85 5
6	79 26
6	84 6
6	83 6
6	85 6
6	79 25
6	84 7
6	83 7
6	85 7
6	79 29
6	84 8
6	83 8
6	85 8
6	79 26
6	84 9
6	83 9
6	85 9
6	79 30
6	84 10
6	83 10
6	85 10
6	79 25
6	84 11
6	83 11
6	85 11
6	79 28
6	84 12
6	83 12
6	85 12
6	79 28
6	84 13
6	83 13
6	85 13
6	79 24
6	84 14
6	83 14
6	85 14
6	79 26
6	84 15
6	83 15
6	85 15
6	79 31
6	84 16
6	83 16
6	85 16
6	79 25
6	84 17
6	83 17
6	85 17
6	79 28
6	84 18
6	83 18
6	85 18
6	79 29
6	84 19
6	83 19
6	85 19
6	79 28
6	84 20
6	83 20
6	85 20
6	79 24
6	84 1
6	83 1
6	85 1
6	79 30
6	84 2
6	83 2
6	85 2
6	79 25
6	84 3
6	83 3
6	85 3
6	79 28
6	84 4
6	83 4
6	85 4
6	79 26
6	84 5
6	83 5
6	85 5
6	79 23
6	84 6
6	83 6
6	85 6
6	79 25
6	84 7
6	83 7
6	85 7
6	79 28
6	84 8
6	83 8
6	85 8
6	79 31
6	84 9
6	83 9
6	85 9
6	79 24
6	84 10
6	83 10
6	85 10
6	79 21
6	84 11
6	83 11
6	85 11
6	79 25
6	84 12
6	83 12
6	85 12
6	79 32
6	84 13
6	83 13
6	85 13
6	79 28
6	84 14
6	83 14
6	85 14
6	79 25
6	84 15
6	84 16
6	83 16
6	85 16
6	79 30
6	84 17
6	83 17
6	85 15
6	79 155
6	83 17
6	85 17
6	79 38
6	84 18
6	83 18
6	85 18
6	79 25
6	84 19
6	83 19
6	85 19
6	79 32
6	84 20
6	83 20
6	85 20
6	79 29
6	84 1
6	83 1
6	85 1
6	79 27
6	84 2
6	83 2
6	85 2
6	79 24
6	84 3
6	83 3
6	85 3
6	79 26
6	84 4
6	83 4
6	85 4
6	79 22
6	84 5
6	83 5
6	85 5
6	79 27
6	84 6
6	83 6
6	85 6
6	79 29
6	84 7
6	83 7
6	85 7
6	79 25
6	84 8
6	83 8
6	85 8
6	79 28
6	84 9
6	83 9
6	85 9
6	79 26
6	84 10
6	83 10
6	85 10
6	79 29
6	84 11
6	83 11
6	85 11
6	79 26
6	84 12
6	83 12
6	85 12
6	79 31
6	84 13
6	83 13
6	85 13
6	79 32
6	84 14
6	83 14
6	85 14
6	79 31
6	84 15
6	83 15
6	85 15
6	79 27
6	84 16
6	83 16
6	85 16
6	79 29
6	84 17
6	83 17
6	85 17
6	79 23
6	84 18
6	83 18
6	85 18
6	79 31
6	84 19
6	83 19
6	85 19
6	79 31
6	84 20
6	83 20
6	85 20
6	79 32
6	84 1
6	83 1
6	85 1
6	79 28
6	84 2
6	83 2
6	85 2
6	79 27
6	84 3
6	83 3
6	85 3
6	79 27
6	84 4
6	83 4
6	85 4
6	79 27
6	84 5
6	83 5
6	85 5
6	79 25
6	84 6
6	83 6
6	85 6
6	79 30
6	84 7
6	83 7
6	85 7
6	79 28
6	84 8
6	83 8
6	85 8
6	79 29
6	84 9
6	83 9
6	85 9
6	79 25
6	84 10
6	83 10
6	85 10
6	79 31
6	84 11
6	83 11
6	85 11
6	79 29
6	84 12
6	83 12
6	85 12
6	79 29
6	84 13
6	83 13
6	85 13
6	79 29
6	84 14
6	83 14
6	85 14
6	79 25
6	84 15
6	83 15
6	85 15
6	79 25
6	84 16
6	83 16
6	85 16
6	79 23
6	84 17
6	83 17
6	85 17
6	79 28
6	84 18
6	83 18
6	85 18
6	79 31
6	84 19
6	83 19
6	85 19
6	79 28
6	84 20
6	83 20
6	85 20
6	79 27
6	84 1
6	83 1
6	85 1
6	79 29
6	84 2
6	83 2
6	85 2
6	79 29
6	84 3
6	83 3
6	85 3
6	79 28
6	84 4
6	83 4
6	85 4
6	79 28
6	84 5
6	83 5
6	85 5
6	79 30
6	84 6
6	83 6
6	85 6
6	79 29
6	84 7
6	83 7
6	85 7
6	79 26
6	84 8
6	83 8
6	85 8
6	79 27
6	84 9
6	83 9
6	85 9
6	79 27
6	84 10
6	83 10
6	85 10
6	79 30
6	84 11
6	83 11
6	85 11
6	79 29
6	84 12
6	83 12
6	85 12
6	79 32
6	84 13
6	83 13
6	85 13
6	79 27
6	84 14
6	83 14
6	85 14
6	79 27
6	84 15
6	83 15
6	85 15
6	79 27
6	84 16
6	83 16
6	85 16
6	79 28
6	84 17
6	83 17
6	85 17
6	79 30
6	84 18
6	83 18
6	85 18
6	79 34
6	84 19
6	83 19
6	85 19
6	79 35
6	84 20
6	83 20
6	85 20
6	79 29
6	84 1
6	83 1
6	85 1
6	79 28
6	84 2
6	83 2
6	85 2
6	79 30
6	84 3
6	83 3
6	85 3
6	79 27
6	84 4
6	83 4
6	85 4
6	79 31
6	84 5
6	83 5
6	85 5
6	79 23
6	84 6
6	83 6
6	85 6
6	79 28
6	84 7
6	83 7
6	85 7
6	79 28
6	84 8
6	83 8
6	85 8
6	79 30
6	84 9
6	83 9
6	85 9
6	79 29
6	84 10
6	83 10
6	85 10
6	79 27
6	84 11
6	83 11
6	85 11
6	79 29
6	84 12
6	83 12
6	85 12
6	79 33
6	84 13
6	83 13
6	85 13
6	79 34
6	84 14
6	83 14
6	85 14
6	79 31
6	84 15
6	83 15
6	85 15
6	79 32
6	84 16
6	83 16
6	85 16
6	79 31
6	84 17
6	83 17
6	85 17
6	79 25
6	84 18
6	83 18
6	85 18
6	79 32
6	84 19
6	83 19
6	85 19
6	79 25
6	84 20
6	83 20
6	85 20
6	79 25
6	84 1
6	83 1
6	85 1
6	79 27
6	84 2
6	83 2
6	85 2
6	79 30
6	84 3
6	83 3
6	85 3
6	79 26
6	84 4
6	83 4
6	85 4
6	79 28
6	84 5
6	83 5
6	85 5
6	79 26
6	84 6
6	83 6
6	85 6
6	79 26
6	84 7
6	83 7
6	85 7
6	79 29
6	84 8
6	83 8
6	85 8
6	79 29
6	84 9
6	83 9
6	85 9
6	79 29
6	84 10
6	83 10
6	85 10
6	79 27
6	84 11
6	83 11
6	85 11
6	79 29
6	84 12
6	83 12
6	85 12
6	79 26
6	84 13
6	83 13
6	85 13
6	79 33
6	84 14
6	83 14
6	85 14
6	79 30
6	84 15
6	83 15
6	85 15
6	79 27
6	84 16
6	83 16
6	85 16
6	79 27
6	84 17
6	83 17
6	85 17
6	79 26
6	84 18
6	83 18
6	85 18
6	79 30
6	84 19
6	83 19
6	85 19
6	79 35
6	84 20
6	83 20
6	85 20
6	79 26
6	84 1
6	83 1
6	85 1
6	79 33
6	84 2
6	83 2
6	85 2
6	79 25
6	84 3
6	83 3
6	85 3
6	79 32
6	84 4
6	83 4
6	85 4
6	79 27
6	84 5
6	83 5
6	85 5
6	79 30
6	84 6
6	83 6
6	85 6
6	79 28
6	84 7
6	83 7
6	85 7
6	79 32
6	84 8
6	83 8
6	85 8
6	79 31
6	84 9
6	83 9
6	85 9
6	79 28
6	84 10
6	83 10
6	85 10
6	79 36
6	84 11
6	83 11
6	85 11
6	79 30
6	84 12
6	83 12
6	85 12
6	79 31
6	84 13
6	83 13
6	85 13
6	79 28
6	84 14
6	83 14
6	85 14
6	79 24
6	84 15
6	83 15
6	85 15
6	79 32
6	84 16
6	83 16
6	85 16
6	79 33
6	84 17
6	84 18
6	83 18
6	85 18
6	79 25
6	84 19
6	83 19
6	85 17
6	79 145
6	83 19
6	85 19
6	79 31
6	84 20
6	83 20
6	85 20
6	79 32
6	84 1
6	83 1
6	85 1
6	79 25
6	84 2
6	83 2
6	85 2
6	79 29
6	84 3
6	83 3
6	85 3
6	79 31
6	84 4
6	83 4
6	85 4
6	79 30
6	84 5
6	83 5
6	85 5
6	79 27
6	84 6
6	83 6
6	85 6
6	79 28
6	84 7
6	83 7
6	85 7
6	79 31
6	84 8
6	83 8
6	85 8
6	79 27
6	84 9
6	83 9
6	85 9
6	79 29
6	84 10
6	83 10
6	85 10
6	79 30
6	84 11
6	83 11
6	85 11
6	79 27
6	84 12
6	83 12
6	85 12
6	79 28
6	84 13
6	83 13
6	85 13
6	79 32
6	84 14
6	83 14
6	85 14
6	79 26
6	84 15
6	83 15
6	85 15
6	79 32
6	84 16
6	83 16
6	85 16
6	79 28
6	84 17
6	83 17
6	85 17
6	79 28
6	84 18
6	83 18
6	85 18
6	79 23
6	84 19
6	83 19
6	85 19
6	79 33
6	84 20
6	83 20
6	85 20
6	79 27
6	84 1
6	83 1
6	85 1
6	79 24
6	84 2
6	83 2
6	85 2
6	79 27
6	84 3
6	83 3
6	85 3
6	79 31
6	84 4
6	83 4
6	85 4
6	79 29
6	84 5
6	83 5
6	85 5
6	79 26
6	84 6
6	83 6
6	85 6
6	79 28
6	84 7
6	83 7
6	85 7
6	79 28
6	84 8
6	83 8
6	85 8
6	79 28
6	84 9
6	83 9
6	85 9
6	79 25
6	84 10
6	83 10
6	85 10
6	79 28
6	84 11
6	83 11
6	85 11
6	79 31
6	84 12
6	83 12
6	85 12
6	79 30
6	84 13
6	83 13
6	85 13
6	79 27
6	84 14
6	83 14
6	85 14
6	79 26
6	84 15
6	83 15
6	85 15
6	79 28
6	84 16
6	83 16
6	85 16
6	79 29
6	84 17
6	83 17
6	85 17
6	79 31
6	84 18
6	83 18
6	85 18
6	79 36
6	84 19
6	83 19
6	85 19
6	79 28
6	84 20
6	83 20
6	85 20
6	79 31
6	84 1
6	83 1
6	85 1
6	79 31
6	84 2
6	83 2
6	85 2
6	79 26
6	84 3
6	83 3
6	85 3
6	79 28
6	84 4
6	83 4
6	85 4
6	79 29
6	84 5
6	83 5
6	85 5
6	79 29
6	84 6
6	83 6
6	85 6
6	79 27
6	84 7
6	83 7
6	85 7
6	79 31
6	84 8
6	83 8
6	85 8
6	79 25
6	84 9
6	83 9
6	85 9
6	79 26
6	84 10
6	83 10
6	85 10
6	79 29
6	84 11
6	83 11
6	85 11
6	79 32
6	84 12
6	83 12
6	85 12
6	79 28
6	84 13
6	83 13
6	85 13
6	79 32
6	84 14
6	83 14
6	85 14
6	79 29
6	84 15
6	83 15
6	85 15
6	79 24
6	84 16
6	83 16
6	85 16
6	79 31
6	84 17
6	83 17
6	85 17
6	79 24
6	84 18
6	83 18
6	85 18
6	79 24
6	84 19
6	83 19
6	85 19
6	79 29
6	84 20
6	83 20
6	85 20
6	79 29
6	84 1
6	83 1
6	85 1
6	79 32
6	84 2
6	83 2
6	85 2
6	79 27
6	84 3
6	83 3
6	85 3
6	79 27
6	84 4
6	83 4
6	85 4
6	79 27
6	84 5
6	83 5
6	85 5
6	79 27
6	84 6
6	83 6
6	85 6
6	79 26
6	84 7
6	84 8
6	83 8
6	85 8
6	79 33
6	84 9
6	83 9
6	85 7
6	79 144
6	83 9
6	85 9
6	79 32
6	84 10
6	83 10
6	85 10
6	79 24
6	84 11
6	83 11
6	85 11
6	79 29
6	84 12
6	83 12
6	85 12
6	79 29
6	84 13
6	83 13
6	85 13
6	79 25
6	84 14
6	83 14
6	85 14
6	79 26
6	84 15
6	83 15
6	85 15
6	79 26
6	84 16
6	83 16
6	85 16
6	79 27
6	84 17
6	83 17
6	85 17
6	79 28
6	84 18
6	83 18
6	85 18
6	79 26
6	84 19
6	83 19
6	85 19
6	79 24
6	84 20
6	83 20
6	85 20
6	79 27
6	84 1
6	83 1
6	85 1
6	79 24
6	84 2
6	83 2
6	85 2
6	79 27
6	84 3
6	83 3
6	85 3
6	79 26
6	84 4
6	83 4
6	85 4
6	79 26
6	84 5
6	83 5
6	85 5
6	79 24
6	84 6
6	83 6
6	85 6
6	79 29
6	84 7
6	83 7
6	85 7
6	79 28
6	84 8
6	83 8
6	85 8
6	79 27
6	84 9
6	83 9
6	85 9
6	79 23
6	84 10
6	83 10
6	85 10
6	79 23
6	TEST_NUMBER 0
6	SENT_TOTAL 250
6	RECEIVED_TOTAL 250
6	TIME_TOTAL 14886
6	RECEIVED_RADIO_1 125
6	RECEIVED_RADIO_2 125
6	SENT_RADIO_1 125
6	SENT_RADIO_2 125
6	RADIO_TIME_1 14905
6	RADIO_TIME_2 14863
6	RETRANSMISSIONS_1 0
6	RETRANSMISSIONS_2 0
6	DROPPED_1 0
6	DROPPED_2 0
6	MAX_QUEUE 1
6	DUPLICATED_1 0
6	DUPLICATED_2 0
6	EBUSY_RADIO_1 0
6	EBUSY_RADIO_2 0
6	84 1
6	83 1
6	85 1
6	79 24
6	84 2
6	83 2
6	85 2
6	79 28
6	84 3
6	83 3
6	85 3
6	79 28
6	84 4
6	83 4
6	85 4
6	79 24
6	84 5
6	83 5
6	85 5
6	79 23
6	84 6
6	83 6
6	85 6
6	79 24
6	84 7
6	83 7
6	85 7
6	79 25
6	84 8
6	83 8
6	85 8
6	79 28
6	84 9
6	83 9
6	85 9
6	79 28
6	84 10
6	83 10
6	85 10
6	79 30
6	84 11
6	83 11
6	85 11
6	79 32
6	84 12
6	83 12
6	85 12
6	79 28
6	84 13
6	83 13
6	85 13
6	79 28
6	84 14
6	83 14
6	85 14
6	79 25
6	84 15
6	83 15
6	85 15
6	79 29
6	84 16
6	83 16
6	85 16
6	79 34
6	84 17
6	83 17
6	85 17
6	79 32
6	84 18
6	83 18
6	85 18
6	79 31
6	84 19
6	83 19
6	85 19
6	79 30
6	84 20
6	83 20
6	85 20
6	79 29
6	84 1
6	83 1
6	85 1
6	79 26
6	84 2
6	83 2
6	85 2
6	79 28
6	84 3
6	83 3
6	85 3
6	79 29
6	84 4
6	83 4
6	85 4
6	79 28
6	84 5
6	83 5
6	85 5
6	79 27
6	84 6
6	83 6
6	85 6
6	79 27
6	84 7
6	84 8
6	83 8
6	85 8
6	79 25
6	84 9
6	83 9
6	85 7
6	79 146
6	83 9
6	85 9
6	79 36
6	84 10
6	83 10
6	85 10
6	79 28
6	84 11
6	83 11
6	85 11
6	79 28
6	84 12
6	83 12
6	85 12
6	79 29
6	84 13
6	83 13
6	85 13
6	79 28
6	84 14
6	83 14
6	85 14
6	79 31
6	84 15
6	83 15
6	85 15
6	79 29
6	84 16
6	83 16
6	85 16
6	79 29
6	84 17
6	83 17
6	85 17
6	79 30
6	84 18
6	83 18
6	85 18
6	79 30
6	84 19
6	83 19
6	85 19
6	79 30
6	84 20
6	83 20
6	85 20
6	79 28
6	84 1
6	83 1
6	85 1
6	79 31
6	84 2
6	83 2
6	85 2
6	79 28
6	84 3
6	83 3
6	85 3
6	79 29
6	84 4
6	83 4
6	85 4
6	79 28
6	84 5
6	83 5
6	85 5
6	79 24
6	84 6
6	83 6
6	85 6
6	79 27
6	84 7
6	83 7
6	85 7
6	79 31
6	84 8
6	83 8
6	85 8
6	79 28
6	84 9
6	83 9
6	85 9
6	79 28
6	84 10
6	83 10
6	85 10
6	79 29
6	84 11
6	83 11
6	85 11
6	79 33
6	84 12
6	83 12
6	85 12
6	79 29
6	84 13
6	83 13
6	85 13
6	79 26
6	84 14
6	83 14
6	85 14
6	79 25
6	84 15
6	83 15
6	85 15
6	79 33
6	84 16
6	83 16
6	85 16
6	79 25
6	84 17
6	83 17
6	85 17
6	79 25
6	84 18
6	83 18
6	85 18
6	79 28
6	84 19
6	83 19
6	85 19
6	79 28
6	84 20
6	83 20
6	85 20
6	79 32
6	84 1
6	83 1
6	85 1
6	79 30
6	84 2
6	83 2
6	85 2
6	79 28
6	84 3
6	83 3
6	85 3
6	79 24
6	84 4
6	83 4
6	85 4
6	79 34
6	84 5
6	83 5
6	85 5
6	79 30
6	84 6
6	83 6
6	85 6
6	79 30
6	84 7
6	83 7
6	85 7
6	79 24
6	84 8
6	83 8
6	85 8
6	79 28
6	84 9
6	83 9
6	85 9
6	79 29
6	84 10
6	83 10
6	85 10
6	79 27
6	84 11
6	83 11
6	85 11
6	79 28
6	84 12
6	83 12
6	85 12
6	79 28
6	84 13
6	83 13
6	85 13
6	79 31
6	84 14
6	83 14
6	85 14
6	79 27
6	84 15
6	83 15
6	85 15
6	79 28
6	84 16
6	83 16
6	85 16
6	79 28
6	84 17
6	83 17
6	85 17
6	79 32
6	84 18
6	83 18
6	85 18
6	79 30
6	84 19
6	83 19
6	85 19
6	79 28
6	84 20
6	83 20
6	85 20
6	79 31
6	84 1
6	83 1
6	85 1
6	79 28
6	84 2
6	83 2
6	85 2
6	79 33
6	84 3
6	83 3
6	85 3
6	79 32
6	84 4
6	83 4
6	85 4
6	79 28
6	84 5
6	83 5
6	85 5
6	79 27
6	84 6
6	83 6
6	85 6
6	79 28
6	84 7
6	83 7
6	85 7
6	79 25
6	84 8
6	83 8
6	85 8
6	79 28
6	84 9
6	83 9
6	85 9
6	79 29
6	84 10
6	83 10
6	85 10
6	79 27
6	84 11
6	83 11
6	85 11
6	79 28
6	84 12
6	83 12
6	85 12
6	79 28
6	84 13
6	83 13
6	85 13
6	79 24
6	84 14
6	83 14
6	85 14
6	79 29
6	84 15
6	83 15
6	85 15
6	79 29
6	84 16
6	83 16
6	85 16
6	79 29
6	84 17
6	83 17
6	85 17
6	79 26
6	84 18
6	83 18
6	85 18
6	79 28
6	84 19
6	83 19
6	85 19
6	79 29
6	84 20
6	83 20
6	85 20
6	79 32
6	84 1
6	83 1
6	85 1
6	79 29
6	84 2
6	83 2
6	85 2
6	79 29
6	84 3
6	83 3
6	85 3
6	79 29
6	84 4
6	83 4
6	85 4
6	79 26
6	84 5
6	83 5
6	85 5
6	79 33
6	84 6
6	83 6
6	85 6
6	79 29
6	84 7
6	83 7
6	85 7
6	79 25
6	84 8
6	83 8
6	85 8
6	79 31
6	84 9
6	83 9
6	85 9
6	79 30
6	84 10
6	83 10
6	85 10
6	79 26
6	84 11
6	83 11
6	85 11
6	79 24
6	84 12
6	83 12
6	85 12
6	79 26
6	84 13
6	83 13
6	85 13
6	79 26
6	84 14
6	83 14
6	85 14
6	79 31
6	84 15
6	84 16
6	83 16
6	85 16
6	79 26
6	84 17
6	83 17
6	85 15
6	79 142
6	83 17
6	85 17
6	79 29
6	84 18
6	83 18
6	85 18
6	79 26
6	84 19
6	83 19
6	85 19
6	79 26
6	84 20
6	83 20
6	85 20
6	79 32
6	84 1
6	83 1
6	85 1
6	79 28
6	84 2
6	83 2
6	85 2
6	79 29
6	84 3
6	83 3
6	85 3
6	79 30
6	84 4
6	83 4
6	85 4
6	79 23
6	84 5
6	83 5
6	85 5
6	79 27
6	84 6
6	83 6
6	85 6
6	79 27
6	84 7
6	83 7
6	85 7
6	79 30
6	84 8
6	83 8
6	85 8
6	79 26
6	84 9
6	83 9
6	85 9
6	79 30
6	84 10
6	83 10
6	85 10
6	79 29
6	84 11
6	83 11
6	85 11
6	79 25
6	84 12
6	83 12
6	85 12
6	79 27
6	84 13
6	83 13
6	85 13
6	79 30
6	84 14
6	83 14
6	85 14
6	79 29
6	84 15
6	83 15
6	85 15
6	79 35
6	84 16
6	83 16
6	85 16
6	79 28
6	84 17
6	83 17
6	85 17
6	79 27
6	84 18
6	83 18
6	85 18
6	79 36
6	84 19
6	83 19
6	85 19
6	79 29
6	84 20
6	83 20
6	85 20
6	79 24
6	84 1
6	83 1
6	85 1
6	79 28
6	84 2
6	83 2
6	85 2
6	79 22
6	84 3
6	83 3
6	85 3
6	79 30
6	84 4
6	83 4
6	85 4
6	79 30
6	84 5
6	83 5
6	85 5
6	79 29
6	84 6
6	83 6
6	85 6
6	79 32
6	84 7
6	83 7
6	85 7
6	79 33
6	84 8
6	83 8
6	85 8
6	79 25
6	84 9
6	83 9
6	85 9
6	79 30
6	84 10
6	83 10
6	85 10
6	79 29
6	84 11
6	83 11
6	85 11
6	79 27
6	84 12
6	83 12
6	85 12
6	79 30
6	84 13
6	83 13
6	85 13
6	79 27
6	84 14
6	83 14
6	85 14
6	79 29
6	84 15
6	83 15
6	85 15
6	79 29
6	84 16
6	83 16
6	85 16
6	79 27
6	84 17
6	83 17
6	85 17
6	79 34
6	84 18
6	83 18
6	85 18
6	79 25
6	84 19
6	83 19
6	85 19
6	79 25
6	84 20
6	83 20
6	85 20
6	79 25
6	84 1
6	83 1
6	85 1
6	79 27
6	84 2
6	83 2
6	85 2
6	79 26
6	84 3
6	83 3
6	85 3
6	79 31
6	84 4
6	83 4
6	85 4
6	79 26
6	84 5
6	83 5
6	85 5
6	79 30
6	84 6
6	83 6
6	85 6
6	79 27
6	84 7
6	83 7
6	85 7
6	79 28
6	84 8
6	83 8
6	85 8
6	79 24
6	84 9
6	83 9
6	85 9
6	79 26
6	84 10
6	83 10
6	85 10
6	79 27
6	84 11
6	83 11
6	85 11
6	79 27
6	84 12
6	83 12
6	85 12
6	79 33
6	84 13
6	83 13
6	85 13
6	79 27
6	84 14
6	83 14
6	85 14
6	79 26
6	84 15
6	83 15
6	85 15
6	79 30
6	84 16
6	83 16
6	85 16
6	79 33
6	84 17
6	83 17
6	85 17
6	79 24
6	84 18
6	83 18
6	85 18
6	79 29
6	84 19
6	83 19
6	85 19
6	79 25
6	84 20
6	83 20
6	85 20
6	79 30
6	84 1
6	83 1
6	85 1
6	79 33
6	84 2
6	83 2
6	85 2
6	79 29
6	84 3
6	83 3
6	85 3
6	79 27
6	84 4
6	83 4
6	85 4
6	79 26
6	84 5
6	83 5
6	85 5
6	79 30
6	84 6
6	83 6
6	85 6
6	79 28
6	84 7
6	83 7
6	85 7
6	79 33
6	84 8
6	83 8
6	85 8
6	79 24
6	84 9
6	83 9
6	85 9
6	79 28
6	84 10
6	83 10
6	85 10
6	79 28
6	84 11
6	83 11
6	85 11
6	79 27
6	84 12
6	83 12
6	85 12
6	79 31
6	84 13
6	83 13
6	85 13
6	79 24
6	84 14
6	83 14
6	85 14
6	79 23
6	84 15
6	83 15
6	85 15
6	79 30
6	84 16
6	83 16
6	85 16
6	79 29
6	84 17
6	83 17
6	85 17
6	79 30
6	84 18
6	83 18
6	85 18
6	79 31
6	84 19
6	83 19
6	85 19
6	79 29
6	84 20
6	83 20
6	85 20
6	79 28
6	84 1
6	83 1
6	85 1
6	79 26
6	84 2
6	83 2
6	85 2
6	79 29
6	84 3
6	83 3
6	85 3
6	79 30
6	84 4
6	83 4
6	85 4
6	79 32
6	84 5
6	83 5
6	85 5
6	79 24
6	84 6
6	83 6
6	85 6
6	79 31
6	84 7
6	83 7
6	85 7
6	79 26
6	84 8
6	83 8
6	85 8
6	79 27
6	84 9
6	83 9
6	85 9
6	79 28
6	84 10
6	83 10
6	85 10
6	79 28
6	84 11
6	83 11
6	85 11
6	79 29
6	84 12
6	83 12
6	85 12
6	79 28
6	84 13
6	83 13
6	85 13
6	79 26
6	84 14
6	83 14
6	85 14
6	79 31
6	84 15
6	83 15
6	85 15
6	79 29
6	84 16
6	83 16
6	85 16
6	79 28
6	84 17
6	83 17
6	85 17
6	79 24
6	84 18
6	83 18
6	85 18
6	79 28
6	84 19
6	83 19
6	85 19
6	79 25
6	84 20
6	83 20
6	85 20
6	79 31
6	84 1
6	83 1
6	85 1
6	79 29
6	84 2
6	83 2
6	85 2
6	79 27
6	84 3
6	83 3
6	85 3
6	79 32
6	84 4
6	83 4
6	85 4
6	79 30
6	84 5
6	83 5
6	85 5
6	79 25
6	84 6
6	83 6
6	85 6
6	79 27
6	84 7
6	83 7
6	85 7
6	79 28
6	84 8
6	83 8
6	85 8
6	79 29
6	84 9
6	83 9
6	85 9
6	79 25
6	84 10
6	83 10
6	85 10
6	79 27
6	84 11
6	83 11
6	85 11
6	79 29
6	84 12
6	83 12
6	85 12
6	79 28
6	84 13
6	83 13
6	85 13
6	79 27
6	84 14
6	83 14
6	85 14
6	79 28
6	84 15
6	83 15
6	85 15
6	79 23
6	84 16
6	83 16
6	85 16
6	79 29
6	84 17
6	83 17
6	85 17
6	79 30
6	84 18
6	83 18
6	85 18
6	79 27
6	84 19
6	83 19
6	85 19
6	79 27
6	84 20
6	83 20
6	85 20
6	79 24
6	84 1
6	83 1
6	85 1
6	79 26
6	84 2
6	83 2
6	85 2
6	79 25
6	84 3
6	84 4
6	83 4
6	85 4
6	79 26
6	84 5
6	83 5
6	85 3
6	79 141
6	83 5
6	85 5
6	79 29
6	84 6
6	83 6
6	85 6
6	79 21
6	84 7
6	83 7
6	85 7
6	79 21
6	84 8
6	83 8
6	85 8
6	79 27
6	84 9
6	83 9
6	85 9
6	79 27
6	84 10
6	83 10
6	85 10
6	79 24
6	TEST_NUMBER 1
6	SENT_TOTAL 250
6	RECEIVED_TOTAL 250
6	TIME_TOTAL 14882
6	RECEIVED_RADIO_1 124
6	RECEIVED_RADIO_2 126
6	SENT_RADIO_1 125
6	SENT_RADIO_2 125
6	RADIO_TIME_1 14906
6	RADIO_TIME_2 14858
6	RETRANSMISSIONS_1 0
6	RETRANSMISSIONS_2 0
6	DROPPED_1 0
6	DROPPED_2 0
6	MAX_QUEUE 1
6	DUPLICATED_1 0
6	DUPLICATED_2 0
6	EBUSY_RADIO_1 0
6	EBUSY_RADIO_2 0
6	84 1
6	83 1
6	85 1
6	79 29
6	84 2
6	83 2
6	85 2
6	79 26
6	84 3
6	83 3
6	85 3
6	79 28
6	84 4
6	83 4
6	85 4
6	79 28
6	84 5
6	83 5
6	85 5
6	79 26
6	84 6
6	83 6
6	85 6
6	79 27
6	84 7
6	83 7
6	85 7
6	79 30
6	84 8
6	83 8
6	85 8
6	79 26
6	84 9
6	83 9
6	85 9
6	79 23
6	84 10
6	83 10
6	85 10
6	79 27
6	84 11
6	83 11
6	85 11
6	79 21
6	84 12
6	83 12
6	85 12
6	79 25
6	84 13
6	83 13
6	85 13
6	79 28
6	84 14
6	83 14
6	85 14
6	79 23
6	84 15
6	83 15
6	85 15
6	79 27
6	84 16
6	83 16
6	85 16
6	79 26
6	84 17
6	83 17
6	85 17
6	79 23
6	84 18
6	83 18
6	85 18
6	79 25
6	84 19
6	83 19
6	85 19
6	79 30
6	84 20
6	83 20
6	85 20
6	79 23
6	84 1
6	83 1
6	85 1
6	79 25
6	84 2
6	83 2
6	85 2
6	79 32
6	84 3
6	83 3
6	85 3
6	79 24
6	84 4
6	83 4
6	85 4
6	79 28
6	84 5
6	83 5
6	85 5
6	79 24
6	84 6
6	83 6
6	85 6
6	79 24
6	84 7
6	83 7
6	85 7
6	79 25
6	84 8
6	83 8
6	85 8
6	79 20
6	84 9
6	83 9
6	85 9
6	79 25
6	84 10
6	83 10
6	85 10
6	79 25
6	84 11
6	83 11
6	85 11
6	79 27
6	84 12
6	83 12
6	85 12
6	79 28
6	84 13
6	83 13
6	85 13
6	79 28
6	84 14
6	83 14
6	85 14
6	79 25
6	84 15
6	83 15
6	85 15
6	79 26
6	84 16
6	83 16
6	85 16
6	79 27
6	84 17
6	83 17
6	85 17
6	79 28
6	84 18
6	83 18
6	85 18
6	79 28
6	84 19
6	83 19
6	85 19
6	79 26
6	84 20
6	83 20
6	85 20
6	79 22
6	84 1
6	83 1
6	85 1
6	79 25
6	84 2
6	83 2
6	85 2
6	79 25
6	84 3
6	83 3
6	85 3
6	79 26
6	84 4
6	83 4
6	85 4
6	79 28
6	84 5
6	83 5
6	85 5
6	79 25
6	84 6
6	83 6
6	85 6
6	79 24
6	84 7
6	83 7
6	85 7
6	79 31
6	84 8
6	83 8
6	85 8
6	79 32
6	84 9
6	83 9
6	85 9
6	79 29
6	84 10
6	83 10
6	85 10
6	79 21
6	84 11
6	83 11
6	85 11
6	79 25
6	84 12
6	83 12
6	85 12
6	79 25
6	84 13
6	83 13
6	85 13
6	79 24
6	84 14
6	83 14
6	85 14
6	79 31
6	84 15
6	83 15
6	85 15
6	79 25
6	84 16
6	83 16
6	85 16
6	79 25
6	84 17
6	83 17
6	85 17
6	79 26
6	84 18
6	83 18
6	85 18
6	79 30
6	84 19
6	83 19
6	85 19
6	79 27
6	84 20
6	83 20
6	85 20
6	79 24
6	84 1
6	83 1
6	85 1
6	79 22
6	84 2
6	83 2
6	85 2
6	79 25
6	84 3
6	83 3
6	85 3
6	79 25
6	84 4
6	83 4
6	85 4
6	79 27
6	84 5
6	83 5
6	85 5
6	79 22
6	84 6
6	83 6
6	85 6
6	79 27
6	84 7
6	83 7
6	85 7
6	79 25
6	84 8
6	83 8
6	85 8
6	79 24
6	84 9
6	83 9
6	85 9
6	79 28
6	84 10
6	83 10
6	85 10
6	79 23
6	84 11
6	83 11
6	85 11
6	79 24
6	84 12
6	83 12
6	85 12
6	79 25
6	84 13
6	83 13
6	85 13
6	79 25
6	84 14
6	83 14
6	85 14
6	79 26
6	84 15
6	83 15
6	85 15
6	79 31
6	84 16
6	83 16
6	85 16
6	79 28
6	84 17
6	83 17
6	85 17
6	79 26
6	84 18
6	83 18
6	85 18
6	79 25
6	84 19
6	83 19
6	85 19
6	79 25
6	84 20
6	83 20
6	85 20
6	79 27
6	84 1
6	83 1
6	85 1
6	79 24
6	84 2
6	83 2
6	85 2
6	79 26
6	84 3
6	83 3
6	85 3
6	79 28
6	84 4
6	83 4
6	85 4
6	79 30
6	84 5
6	83 5
6	85 5
6	79 27
6	84 6
6	83 6
6	85 6
6	79 26
6	84 7
6	83 7
6	85 7
6	79 27
6	84 8
6	83 8
6	85 8
6	79 28
6	84 9
6	83 9
6	85 9
6	79 28
6	84 10
6	83 10
6	85 10
6	79 25
6	84 11
6	83 11
6	85 11
6	79 31
6	84 12
6	83 12
6	85 12
6	79 20
6	84 13
6	83 13
6	85 13
6	79 26
6	84 14
6	83 14
6	85 14
6	79 26
6	84 15
6	83 15
6	85 15
6	79 26
6	84 16
6	83 16
6	85 16
6	79 32
6	84 17
6	83 17
6	85 17
6	79 23
6	84 18
6	83 18
6	85 18
6	79 28
6	84 19
6	83 19
6	85 19
6	79 25
6	84 20
6	83 20
6	85 20
6	79 23
6	84 1
6	83 1
6	85 1
6	79 28
6	84 2
6	83 2
6	85 2
6	79 24
6	84 3
6	83 3
6	85 3
6	79 28
6	84 4
6	83 4
6	85 4
6	79 28
6	84 5
6	83 5
6	85 5
6	79 30
6	84 6
6	83 6
6	85 6
6	79 27
6	84 7
6	83 7
6	85 7
6	79 23
6	84 8
6	83 8
6	85 8
6	79 28
6	84 9
6	83 9
6	85 9
6	79 25
6	84 10
6	83 10
6	85 10
6	79 28
6	84 11
6	83 11
6	85 11
6	79 30
6	84 12
6	83 12
6	85 12
6	79 29
6	84 13
6	83 13
6	85 13
6	79 25
6	84 14
6	83 14
6	85 14
6	79 28
6	84 15
6	83 15
6	85 15
6	79 23
6	84 16
6	83 16
6	85 16
6	79 22
6	84 17
6	83 17
6	85 17
6	79 28
6	84 18
6	83 18
6	85 18
6	79 26
6	84 19
6	83 19
6	85 19
6	79 25
6	84 20
6	83 20
6	85 20
6	79 28
6	84 1
6	83 1
6	85 1
6	79 24
6	84 2
6	83 2
6	85 2
6	79 21
6	84 3
6	83 3
6	85 3
6	79 24
6	84 4
6	83 4
6	85 4
6	79 22
6	84 5
6	83 5
6	85 5
6	79 28
6	84 6
6	83 6
6	85 6
6	79 25
6	84 7
6	83 7
6	85 7
6	79 25
6	84 8
6	83 8
6	85 8
6	79 24
6	84 9
6	83 9
6	85 9
6	79 22
6	84 10
6	83 10
6	85 10
6	79 29
6	84 11
6	83 11
6	85 11
6	79 27
6	84 12
6	83 12
6	85 12
6	79 30
6	84 13
6	83 13
6	85 13
6	79 26
6	84 14
6	83 14
6	85 14
6	79 28
6	84 15
6	83 15
6	85 15
6	79 26
6	84 16
6	83 16
6	85 16
6	79 26
6	84 17
6	83 17
6	85 17
6	79 29
6	84 18
6	83 18
6	85 18
6	79 28
6	84 19
6	83 19
6	85 19
6	79 26
6	84 20
6	83 20
6	85 20
6	79 24
6	84 1
6	83 1
6	85 1
6	79 30
6	84 2
6	83 2
6	85 2
6	79 24
6	84 3
6	83 3
6	85 3
6	79 28
6	84 4
6	83 4
6	85 4
6	79 26
6	84 5
6	83 5
6	85 5
6	79 27
6	84 6
6	83 6
6	85 6
6	79 24
6	84 7
6	83 7
6	85 7
6	79 27
6	84 8
6	83 8
6	85 8
6	79 28
6	84 9
6	83 9
6	85 9
6	79 27
6	84 10
6	83 10
6	85 10
6	79 28
6	84 11
6	83 11
6	85 11
6	79 29
6	84 12
6	83 12
6	85 12
6	79 27
6	84 13
6	83 13
6	85 13
6	79 23
6	84 14
6	83 14
6	85 14
6	79 26
6	84 15
6	83 15
6	85 15
6	79 26
6	84 16
6	83 16
6	85 16
6	79 27
6	84 17
6	83 17
6	85 17
6	79 30
6	84 18
6	83 18
6	85 18
6	79 24
6	84 19
6	83 19
6	85 19
6	79 31
6	84 20
6	83 20
6	85 20
6	79 25
6	84 1
6	83 1
6	85 1
6	79 27
6	84 2
6	83 2
6	85 2
6	79 28
6	84 3
6	83 3
6	85 3
6	79 26
6	84 4
6	83 4
6	85 4
6	79 25
6	84 5
6	83 5
6	85 5
6	79 25
6	84 6
6	83 6
6	85 6
6	79 27
6	84 7
6	83 7
6	85 7
6	79 29
6	84 8
6	83 8
6	85 8
6	79 26
6	84 9
6	83 9
6	85 9
6	79 24
6	84 10
6	83 10
6	85 10
6	79 25
6	84 11
6	83 11
6	85 11
6	79 24
6	84 12
6	83 12
6	85 12
6	79 26
6	84 13
6	83 13
6	85 13
6	79 26
6	84 14
6	83 14
6	85 14
6	79 31
6	84 15
6	83 15
6	85 15
6	79 29
6	84 16
6	83 16
6	85 16
6	79 29
6	84 17
6	83 17
6	85 17
6	79 25
6	84 18
6	83 18
6	85 18
6	79 25
6	84 19
6	83 19
6	85 19
6	79 30
6	84 20
6	83 20
6	85 20
6	79 28
6	84 1
6	83 1
6	85 1
6	79 26
6	84 2
6	83 2
6	85 2
6	79 25
6	84 3
6	83 3
6	85 3
6	79 25
6	84 4
6	83 4
6	85 4
6	79 24
6	84 5
6	83 5
6	85 5
6	79 24
6	84 6
6	83 6
6	85 6
6	79 28
6	84 7
6	83 7
6	85 7
6	79 25
6	84 8
6	83 8
6	85 8
6	79 25
6	84 9
6	83 9
6	85 9
6	79 26
6	84 10
6	83 10
6	85 10
6	79 25
6	84 11
6	83 11
6	85 11
6	79 23
6	84 12
6	83 12
6	85 12
6	79 28
6	84 13
6	83 13
6	85 13
6	79 28
6	84 14
6	83 14
6	85 14
6	79 28
6	84 15
6	84 16
6	83 16
6	85 16
6	79 31
6	84 17
6	83 17
6	85 15
6	79 146
6	83 17
6	85 17
6	79 35
6	84 18
6	83 18
6	85 18
6	79 26
6	84 19
6	83 19
6	85 19
6	79 24
6	84 20
6	83 20
6	85 20
6	79 26
6	84 1
6	83 1
6	85 1
6	79 30
6	84 2
6	83 2
6	85 2
6	79 27
6	84 3
6	83 3
6	85 3
6	79 23
6	84 4
6	83 4
6	85 4
6	79 27
6	84 5
6	83 5
6	85 5
6	79 24
6	84 6
6	83 6
6	85 6
6	79 31
6	84 7
6	83 7
6	85 7
6	79 27
6	84 8
6	83 8
6	85 8
6	79 25
6	84 9
6	83 9
6	85 9
6	79 32
6	84 10
6	83 10
6	85 10
6	79 26
6	84 11
6	83 11
6	85 11
6	79 24
6	84 12
6	83 12
6	85 12
6	79 27
6	84 13
6	83 13
6	85 13
6	79 25
6	84 14
6	84 15
6	83 15
6	85 15
6	79 28
6	84 16
6	83 16
6	85 14
6	79 148
6	83 16
6	85 16
6	79 33
6	84 17
6	83 17
6	85 17
6	79 24
6	84 18
6	83 18
6	85 18
6	79 29
6	84 19
6	83 19
6	85 19
6	79 24
6	84 20
6	83 20
6	85 20
6	79 29
6	84 1
6	84 2
6	83 2
6	85 2
6	79 23
6	84 3
6	83 3
6	85 1
6	79 145
6	83 3
6	85 3
6	79 40
6	84 4
6	83 4
6	85 4
6	79 29
6	84 5
6	83 5
6	85 5
6	79 28
6	84 6
6	83 6
6	85 6
6	79 30
6	84 7
6	83 7
6	85 7
6	79 27
6	84 8
6	83 8
6	85 8
6	79 27
6	84 9
6	83 9
6	85 9
6	79 29
6	84 10
6	83 10
6	85 10
6	79 28
6	84 11
6	83 11
6	85 11
6	79 30
6	84 12
6	83 12
6	85 12
6	79 30
6	84 13
6	83 13
6	85 13
6	79 26
6	84 14
6	83 14
6	85 14
6	79 27
6	84 15
6	83 15
6	85 15
6	79 25
6	84 16
6	83 16
6	85 16
6	79 31
6	84 17
6	83 17
6	85 17
6	79 31
6	84 18
6	83 18
6	85 18
6	79 31
6	84 19
6	83 19
6	85 19
6	79 24
6	84 20
6	83 20
6	85 20
6	79 29
6	84 1
6	83 1
6	85 1
6	79 29
6	84 2
6	83 2
6	85 2
6	79 28
6	84 3
6	83 3
6	85 3
6	79 27
6	84 4
6	83 4
6	85 4
6	79 32
6	84 5
6	83 5
6	85 5
6	79 27
6	84 6
6	83 6
6	85 6
6	79 33
6	84 7
6	83 7
6	85 7
6	79 29
6	84 8
6	83 8
6	85 8
6	79 27
6	84 9
6	83 9
6	85 9
6	79 29
6	84 10
6	83 10
6	85 10
6	79 27
6	TEST_NUMBER 2
6	SENT_TOTAL 250
6	RECEIVED_TOTAL 250
6	TIME_TOTAL 14880
6	RECEIVED_RADIO_1 124
6	RECEIVED_RADIO_2 126
6	SENT_RADIO_1 125
6	SENT_RADIO_2 125
6	RADIO_TIME_1 14851
6	RADIO_TIME_2 14880
6	RETRANSMISSIONS_1 0
6	RETRANSMISSIONS_2 0
6	DROPPED_1 0
6	DROPPED_2 0
6	MAX_QUEUE 1
6	DUPLICATED_1 0
6	DUPLICATED_2 0
6	EBUSY_RADIO_1 0
6	EBUSY_RADIO_2 0
6	84 1
6	83 1
6	85 1
6	79 28
6	84 2
6	83 2
6	85 2
6	79 27
6	84 3
6	83 3
6	85 3
6	79 30
6	84 4
6	83 4
6	85 4
6	79 24
6	84 5
6	83 5
6	85 5
6	79 25
6	84 6
6	83 6
6	85 6
6	79 31
6	84 7
6	83 7
6	85 7
6	79 29
6	84 8
6	83 8
6	85 8
6	79 31
6	84 9
6	83 9
6	85 9
6	79 25
6	84 10
6	83 10
6	85 10
6	79 28
6	84 11
6	83 11
6	85 11
6	79 25
6	84 12
6	83 12
6	85 12
6	79 29
6	84 13
6	83 13
6	85 13
6	79 23
6	84 14
6	83 14
6	85 14
6	79 28
6	84 15
6	83 15
6	85 15
6	79 30
6	84 16
6	83 16
6	85 16
6	79 28
6	84 17
6	83 17
6	85 17
6	79 30
6	84 18
6	83 18
6	85 18
6	79 26
6	84 19
6	83 19
6	85 19
6	79 31
6	84 20
6	83 20
6	85 20
6	79 25
6	84 1
6	83 1
6	85 1
6	79 30
6	84 2
6	83 2
6	85 2
6	79 27
6	84 3
6	83 3
6	85 3
6	79 30
6	84 4
6	83 4
6	85 4
6	79 29
6	84 5
6	83 5
6	85 5
6	79 29
6	84 6
6	83 6
6	85 6
6	79 30
6	84 7
6	83 7
6	85 7
6	79 28
6	84 8
6	83 8
6	85 8
6	79 24
6	84 9
6	83 9
6	85 9
6	79 31
6	84 10
6	83 10
6	85 10
6	79 25
6	84 11
6	83 11
6	85 11
6	79 27
6	84 12
6	83 12
6	85 12
6	79 25
6	84 13
6	83 13
6	85 13
6	79 28
6	84 14
6	83 14
6	85 14
6	79 23
6	84 15
6	83 15
6	85 15
6	79 25
6	84 16
6	83 16
6	85 16
6	79 24
6	84 17
6	83 17
6	85 17
6	79 29
6	84 18
6	83 18
6	85 18
6	79 24
6	84 19
6	83 19
6	85 19
6	79 32
6	84 20
6	83 20
6	85 20
6	79 32
6	84 1
6	83 1
6	85 1
6	79 28
6	84 2
6	83 2
6	85 2
6	79 30
6	84 3
6	83 3
6	85 3
6	79 26
6	84 4
6	83 4
6	85 4
6	79 24
6	84 5
6	83 5
6	85 5
6	79 31
6	84 6
6	83 6
6	85 6
6	79 28
6	84 7
6	83 7
6	85 7
6	79 25
6	84 8
6	83 8
6	85 8
6	79 23
6	84 9
6	83 9
6	85 9
6	79 26
6	84 10
6	83 10
6	85 10
6	79 30
6	84 11
6	83 11
6	85 11
6	79 31
6	84 12
6	83 12
6	85 12
6	79 30
6	84 13
6	83 13
6	85 13
6	79 32
6	84 14
6	83 14
6	85 14
6	79 31
6	84 15
6	83 15
6	85 15
6	79 25
6	84 16
6	83 16
6	85 16
6	79 29
6	84 17
6	83 17
6	85 17
6	79 32
6	84 18
6	83 18
6	85 18
6	79 31
6	84 19
6	83 19
6	85 19
6	79 25
6	84 20
6	83 20
6	85 20
6	79 26
6	84 1
6	83 1
6	85 1
6	79 30
6	84 2
6	83 2
6	85 2
6	79 31
6	84 3
6	83 3
6	85 3
6	79 29
6	84 4
6	83 4
6	85 4
6	79 23
6	84 5
6	83 5
6	85 5
6	79 27
6	84 6
6	83 6
6	85 6
6	79 31
6	84 7
6	83 7
6	85 7
6	79 33
6	84 8
6	83 8
6	85 8
6	79 28
6	84 9
6	83 9
6	85 9
6	79 33
6	84 10
6	83 10
6	85 10
6	79 24
6	84 11
6	83 11
6	85 11
6	79 26
6	84 12
6	83 12
6	85 12
6	79 30
6	84 13
6	83 13
6	85 13
6	79 24
6	84 14
6	83 14
6	85 14
6	79 27
6	84 15
6	83 15
6	85 15
6	79 26
6	84 16
6	83 16
6	85 16
6	79 27
6	84 17
6	83 17
6	85 17
6	79 31
6	84 18
6	83 18
6	85 18
6	79 32
6	84 19
6	83 19
6	85 19
6	79 30
6	84 20
6	83 20
6	85 20
6	79 27
6	84 1
6	83 1
6	85 1
6	79 28
6	84 2
6	83 2
6	85 2
6	79 31
6	84 3
6	83 3
6	85 3
6	79 30
6	84 4
6	83 4
6	85 4
6	79 29
6	84 5
6	83 5
6	85 5
6	79 30
6	84 6
6	83 6
6	85 6
6	79 29
6	84 7
6	83 7
6	85 7
6	79 29
6	84 8
6	83 8
6	85 8
6	79 29
6	84 9
6	83 9
6	85 9
6	79 28
6	84 10
6	83 10
6	85 10
6	79 28
6	84 11
6	84 12
6	83 12
6	85 12
6	79 25
6	84 13
6	83 13
6	85 11
6	79 149
6	83 13
6	85 13
6	79 35
6	84 14
6	83 14
6	85 14
6	79 26
6	84 15
6	83 15
6	85 15
6	79 26
6	84 16
6	83 16
6	85 16
6	79 22
6	84 17
6	83 17
6	85 17
6	79 28
6	84 18
6	83 18
6	85 18
6	79 24
6	84 19
6	83 19
6	85 19
6	79 24
6	84 20
6	83 20
6	85 20
6	79 22
6	84 1
6	83 1
6	85 1
6	79 25
6	84 2
6	83 2
6	85 2
6	79 28
6	84 3
6	83 3
6	85 3
6	79 26
6	84 4
6	83 4
6	85 4
6	79 28
6	84 5
6	83 5
6	85 5
6	79 26
6	84 6
6	83 6
6	85 6
6	79 25
6	84 7
6	83 7
6	85 7
6	79 22
6	84 8
6	83 8
6	85 8
6	79 23
6	84 9
6	83 9
6	85 9
6	79 27
6	84 10
6	83 10
6	85 10
6	79 27
6	84 11
6	83 11
6	85 11
6	79 26
6	84 12
6	83 12
6	85 12
6	79 23
6	84 13
6	83 13
6	85 13
6	79 27
6	84 14
6	83 14
6	85 14
6	79 31
6	84 15
6	83 15
6	85 15
6	79 29
6	84 16
6	83 16
6	85 16
6	79 21
6	84 17
6	83 17
6	85 17
6	79 29
6	84 18
6	83 18
6	85 18
6	79 29
6	84 19
6	83 19
6	85 19
6	79 28
6	84 20
6	83 20
6	85 20
6	79 25
6	84 1
6	83 1
6	85 1
6	79 21
6	84 2
6	83 2
6	85 2
6	79 23
6	84 3
6	83 3
6	85 3
6	79 23
6	84 4
6	83 4
6	85 4
6	79 28
6	84 5
6	83 5
6	85 5
6	79 29
6	84 6
6	83 6
6	85 6
6	79 25
6	84 7
6	83 7
6	85 7
6	79 24
6	84 8
6	83 8
6	85 8
6	79 25
6	84 9
6	83 9
6	85 9
6	79 26
6	84 10
6	83 10
6	85 10
6	79 27
6	84 11
6	83 11
6	85 11
6	79 26
6	84 12
6	83 12
6	85 12
6	79 25
6	84 13
6	83 13
6	85 13
6	79 23
6	84 14
6	83 14
6	85 14
6	79 26
6	84 15
6	83 15
6	85 15
6	79 30
6	84 16
6	83 16
6	85 16
6	79 28
6	84 17
6	83 17
6	85 17
6	79 24
6	84 18
6	83 18
6	85 18
6	79 25
6	84 19
6	83 19
6	85 19
6	79 25
6	84 20
6	83 20
6	85 20
6	79 24
6	84 1
6	83 1
6	85 1
6	79 24
6	84 2
6	83 2
6	85 2
6	79 24
6	84 3
6	83 3
6	85 3
6	79 32
6	84 4
6	83 4
6	85 4
6	79 32
6	84 5
6	83 5
6	85 5
6	79 29
6	84 6
6	83 6
6	85 6
6	79 24
6	84 7
6	83 7
6	85 7
6	79 23
6	84 8
6	83 8
6	85 8
6	79 26
6	84 9
6	83 9
6	85 9
6	79 22
6	84 10
6	83 10
6	85 10
6	79 24
6	84 11
6	83 11
6	85 11
6	79 23
6	84 12
6	83 12
6	85 12
6	79 27
6	84 13
6	84 14
6	83 14
6	85 14
6	79 28
6	84 15
6	83 15
6	85 13
6	79 147
6	83 15
6	85 15
6	79 38
6	84 16
6	83 16
6	85 16
6	79 29
6	84 17
6	83 17
6	85 17
6	79 25
6	84 18
6	83 18
6	85 18
6	79 24
6	84 19
6	83 19
6	85 19
6	79 28
6	84 20
6	83 20
6	85 20
6	79 30
6	84 1
6	83 1
6	85 1
6	79 30
6	84 2
6	83 2
6	85 2
6	79 29
6	84 3
6	83 3
6	85 3
6	79 30
6	84 4
6	83 4
6	85 4
6	79 29
6	84 5
6	83 5
6	85 5
6	79 28
6	84 6
6	83 6
6	85 6
6	79 27
6	84 7
6	83 7
6	85 7
6	79 31
6	84 8
6	83 8
6	85 8
6	79 28
6	84 9
6	83 9
6	85 9
6	79 31
6	84 10
6	83 10
6	85 10
6	79 27
6	84 11
6	83 11
6	85 11
6	79 22
6	84 12
6	83 12
6	85 12
6	79 22
6	84 13
6	83 13
6	85 13
6	79 26
6	84 14
6	83 14
6	85 14
6	79 25
6	84 15
6	83 15
6	85 15
6	79 31
6	84 16
6	83 16
6	85 16
6	79 29
6	84 17
6	83 17
6	85 17
6	79 30
6	84 18
6	83 18
6	85 18
6	79 25
6	84 19
6	83 19
6	85 19
6	79 26
6	84 20
6	83 20
6	85 20
6	79 27
6	84 1
6	83 1
6	85 1
6	79 20
6	84 2
6	83 2
6	85 2
6	79 25
6	84 3
6	83 3
6	85 3
6	79 24
6	84 4
6	83 4
6	85 4
6	79 24
6	84 5
6	83 5
6	85 5
6	79 28
6	84 6
6	83 6
6	85 6
6	79 28
6	84 7
6	84 8
6	83 8
6	85 8
6	79 29
6	84 9
6	83 9
6	85 7
6	79 147
6	83 9
6	85 9
6	79 41
6	84 10
6	83 10
6	85 10
6	79 35
6	84 11
6	83 11
6	85 11
6	79 30
6	84 12
6	83 12
6	85 12
6	79 25
6	84 13
6	83 13
6	85 13
6	79 23
6	84 14
6	83 14
6	85 14
6	79 26
6	84 15
6	83 15
6	85 15
6	79 23
6	84 16
6	83 16
6	85 16
6	79 22
6	84 17
6	83 17
6	85 17
6	79 29
6	84 18
6	83 18
6	85 18
6	79 24
6	84 19
6	83 19
6	85 19
6	79 30
6	84 20
6	83 20
6	85 20
6	79 26
6	84 1
6	83 1
6	85 1
6	79 29
6	84 2
6	83 2
6	85 2
6	79 24
6	84 3
6	83 3
6	85 3
6	79 26
6	84 4
6	83 4
6	85 4
6	79 26
6	84 5
6	83 5
6	85 5
6	79 28
6	84 6
6	83 6
6	85 6
6	79 25
6	84 7
6	83 7
6	85 7
6	79 25
6	84 8
6	83 8
6	85 8
6	79 25
6	84 9
6	83 9
6	85 9
6	79 26
6	84 10
6	83 10
6	85 10
6	79 25
6	84 11
6	83 11
6	85 11
6	79 34
6	84 12
6	83 12
6	85 12
6	79 28
6	84 13
6	83 13
6	85 13
6	79 21
6	84 14
6	83 14
6	85 14
6	79 25
6	84 15
6	83 15
6	85 15
6	79 25
6	84 16
6	83 16
6	85 16
6	79 25
6	84 17
6	83 17
6	85 17
6	79 25
6	84 18
6	83 18
6	85 18
6	79 28
6	84 19
6	83 19
6	85 19
6	79 26
6	84 20
6	83 20
6	85 20
6	79 28
6	84 1
6	83 1
6	85 1
6	79 21
6	84 2
6	83 2
6	85 2
6	79 31
6	84 3
6	83 3
6	85 3
6	79 22
6	84 4
6	83 4
6	85 4
6	79 29
6	84 5
6	83 5
6	85 5
6	79 27
6	84 6
6	83 6
6	85 6
6	79 29
6	84 7
6	83 7
6	85 7
6	79 24
6	84 8
6	83 8
6	85 8
6	79 23
6	84 9
6	83 9
6	85 9
6	79 27
6	84 10
6	83 10
6	85 10
6	79 31
6	84 11
6	83 11
6	85 11
6	79 26
6	84 12
6	83 12
6	85 12
6	79 27
6	84 13
6	83 13
6	85 13
6	79 29
6	84 14
6	83 14
6	85 14
6	79 24
6	84 15
6	83 15
6	85 15
6	79 30
6	84 16
6	83 16
6	85 16
6	79 25
6	84 17
6	83 17
6	85 17
6	79 25
6	84 18
6	83 18
6	85 18
6	79 29
6	84 19
6	83 19
6	85 19
6	79 29
6	84 20
6	83 20
6	85 20
6	79 26
6	84 1
6	83 1
6	85 1
6	79 27
6	84 2
6	83 2
6	85 2
6	79 23
6	84 3
6	83 3
6	85 3
6	79 30
6	84 4
6	83 4
6	85 4
6	79 25
6	84 5
6	83 5
6	85 5
6	79 26
6	84 6
6	83 6
6	85 6
6	79 24
6	84 7
6	83 7
6	85 7
6	79 26
6	84 8
6	83 8
6	85 8
6	79 31
6	84 9
6	83 9
6	85 9
6	79 25
6	84 10
6	83 10
6	85 10
6	79 23
6	TEST_NUMBER 3
6	SENT_TOTAL 250
6	RECEIVED_TOTAL 250
6	TIME_TOTAL 14877
6	RECEIVED_RADIO_1 125
6	RECEIVED_RADIO_2 125
6	SENT_RADIO_1 125
6	SENT_RADIO_2 125
6	RADIO_TIME_1 14905
6	RADIO_TIME_2 14822
6	RETRANSMISSIONS_1 0
6	RETRANSMISSIONS_2 0
6	DROPPED_1 0
6	DROPPED_2 0
6	MAX_QUEUE 1
6	DUPLICATED_1 2
6	DUPLICATED_2 0
6	EBUSY_RADIO_1 0
6	EBUSY_RADIO_2 0
6	84 1
6	83 1
6	85 1
6	79 30
6	84 2
6	83 2
6	85 2
6	79 31
6	84 3
6	83 3
6	85 3
6	79 28
6	84 4
6	83 4
6	85 4
6	79 30
6	84 5
6	83 5
6	85 5
6	79 25
6	84 6
6	83 6
6	85 6
6	79 26
6	84 7
6	83 7
6	85 7
6	79 22
6	84 8
6	83 8
6	85 8
6	79 27
6	84 9
6	83 9
6	85 9
6	79 28
6	84 10
6	83 10
6	85 10
6	79 24
6	84 11
6	83 11
6	85 11
6	79 27
6	84 12
6	83 12
6	85 12
6	79 30
6	84 13
6	83 13
6	85 13
6	79 29
6	84 14
6	83 14
6	85 14
6	79 27
6	84 15
6	83 15
6	85 15
6	79 27
6	84 16
6	83 16
6	85 16
6	79 27
6	84 17
6	83 17
6	85 17
6	79 27
6	84 18
6	83 18
6	85 18
6	79 28
6	84 19
6	83 19
6	85 19
6	79 29
6	84 20
6	83 20
6	85 20
6	79 29
6	84 1
6	83 1
6	85 1
6	79 28
6	84 2
6	83 2
6	85 2
6	79 26
6	84 3
6	83 3
6	85 3
6	79 25
6	84 4
6	83 4
6	85 4
6	79 26
6	84 5
6	83 5
6	85 5
6	79 25
6	84 6
6	83 6
6	85 6
6	79 28
6	84 7
6	83 7
6	85 7
6	79 28
6	84 8
6	83 8
6	85 8
6	79 30
6	84 9
6	83 9
6	85 9
6	79 28
6	84 10
6	83 10
6	85 10
6	79 24
6	84 11
6	83 11
6	85 11
6	79 28
6	84 12
6	83 12
6	85 12
6	79 28
6	84 13
6	83 13
6	85 13
6	79 27
6	84 14
6	83 14
6	85 14
6	79 25
6	84 15
6	83 15
6	85 15
6	79 23
6	84 16
6	83 16
6	85 16
6	79 25
6	84 17
6	83 17
6	85 17
6	79 25
6	84 18
6	83 18
6	85 18
6	79 22
6	84 19
6	83 19
6	85 19
6	79 30
6	84 20
6	83 20
6	85 20
6	79 28
6	84 1
6	83 1
6	85 1
6	79 26
6	84 2
6	83 2
6	85 2
6	79 21
6	84 3
6	83 3
6	85 3
6	79 32
6	84 4
6	83 4
6	85 4
6	79 31
6	84 5
6	83 5
6	85 5
6	79 27
6	84 6
6	83 6
6	85 6
6	79 27
6	84 7
6	83 7
6	85 7
6	79 26
6	84 8
6	83 8
6	85 8
6	79 27
6	84 9
6	83 9
6	85 9
6	79 24
6	84 10
6	83 10
6	85 10
6	79 27
6	84 11
6	83 11
6	85 11
6	79 21
6	84 12
6	83 12
6	85 12
6	79 26
6	84 13
6	83 13
6	85 13
6	79 26
6	84 14
6	83 14
6	85 14
6	79 29
6	84 15
6	83 15
6	85 15
6	79 26
6	84 16
6	83 16
6	85 16
6	79 28
6	84 17
6	83 17
6	85 17
6	79 29
6	84 18
6	83 18
6	85 18
6	79 28
6	84 19
6	83 19
6	85 19
6	79 24
6	84 20
6	83 20
6	85 20
6	79 22
6	84 1
6	83 1
6	85 1
6	79 27
6	84 2
6	83 2
6	85 2
6	79 23
6	84 3
6	83 3
6	85 3
6	79 25
6	84 4
6	83 4
6	85 4
6	79 26
6	84 5
6	83 5
6	85 5
6	79 25
6	84 6
6	83 6
6	85 6
6	79 27
6	84 7
6	83 7
6	85 7
6	79 29
6	84 8
6	83 8
6	85 8
6	79 28
6	84 9
6	83 9
6	85 9
6	79 25
6	84 10
6	83 10
6	85 10
6	79 29
6	84 11
6	83 11
6	85 11
6	79 25
6	84 12
6	83 12
6	85 12
6	79 22
6	84 13
6	83 13
6	85 13
6	79 25
6	84 14
6	83 14
6	85 14
6	79 27
6	84 15
6	83 15
6	85 15
6	79 27
6	84 16
6	83 16
6	85 16
6	79 25
6	84 17
6	83 17
6	85 17
6	79 30
6	84 18
6	83 18
6	85 18
6	79 21
6	84 19
6	83 19
6	85 19
6	79 27
6	84 20
6	83 20
6	85 20
6	79 27
6	84 1
6	83 1
6	85 1
6	79 25
6	84 2
6	83 2
6	85 2
6	79 29
6	84 3
6	83 3
6	85 3
6	79 29
6	84 4
6	83 4
6	85 4
6	79 24
6	84 5
6	83 5
6	85 5
6	79 21
6	84 6
6	83 6
6	85 6
6	79 30
6	84 7
6	83 7
6	85 7
6	79 24
6	84 8
6	83 8
6	85 8
6	79 23
6	84 9
6	83 9
6	85 9
6	79 26
6	84 10
6	83 10
6	85 10
6	79 25
6	84 11
6	83 11
6	85 11
6	79 27
6	84 12
6	83 12
6	85 12
6	79 27
6	84 13
6	83 13
6	85 13
6	79 23
6	84 14
6	83 14
6	85 14
6	79 26
6	84 15
6	83 15
6	85 15
6	79 30
6	84 16
6	83 16
6	85 16
6	79 24
6	84 17
6	83 17
6	85 17
6	79 21
6	84 18
6	83 18
6	85 18
6	79 25
6	84 19
6	83 19
6	85 19
6	79 27
6	84 20
6	83 20
6	85 20
6	79 21
6	84 1
6	83 1
6	85 1
6	79 20
6	84 2
6	83 2
6	85 2
6	79 27
6	84 3
6	83 3
6	85 3
6	79 23
6	84 4
6	83 4
6	85 4
6	79 22
6	84 5
6	83 5
6	85 5
6	79 23
6	84 6
6	83 6
6	85 6
6	79 26
6	84 7
6	83 7
6	85 7
6	79 29
6	84 8
6	83 8
6	85 8
6	79 27
6	84 9
6	83 9
6	85 9
6	79 28
6	84 10
6	83 10
6	85 10
6	79 28
6	84 11
6	84 12
6	83 12
6	85 12
6	79 28
6	84 13
6	83 13
6	85 13
6	79 34
6	83 13
6	85 11
6	79 155
6	84 14
6	83 14
6	85 14
6	79 26
6	84 15
6	83 15
6	85 15
6	79 35
6	84 16
6	83 16
6	85 16
6	79 25
6	84 17
6	83 17
6	85 17
6	79 27
6	84 18
6	83 18
6	85 18
6	79 28
6	84 19
6	83 19
6	85 19
6	79 32
6	84 20
6	83 20
6	85 20
6	79 24
6	84 1
6	83 1
6	85 1
6	79 29
6	84 2
6	83 2
6	85 2
6	79 26
6	84 3
6	83 3
6	85 3
6	79 27
6	84 4
6	83 4
6	85 4
6	79 26
6	84 5
6	83 5
6	85 5
6	79 26
6	84 6
6	83 6
6	85 6
6	79 33
6	84 7
6	83 7
6	85 7
6	79 26
6	84 8
6	83 8
6	85 8
6	79 24
6	84 9
6	83 9
6	85 9
6	79 28
6	84 10
6	83 10
6	85 10
6	79 33
6	84 11
6	83 11
6	85 11
6	79 25
6	84 12
6	83 12
6	85 12
6	79 30
6	84 13
6	83 13
6	85 13
6	79 28
6	84 14
6	83 14
6	85 14
6	79 30
6	84 15
6	83 15
6	85 15
6	79 28
6	84 16
6	83 16
6	85 16
6	79 28
6	84 17
6	83 17
6	85 17
6	79 28
6	84 18
6	83 18
6	85 18
6	79 27
6	84 19
6	83 19
6	85 19
6	79 27
6	84 20
6	83 20
6	85 20
6	79 26
6	84 1
6	83 1
6	85 1
6	79 29
6	84 2
6	83 2
6	85 2
6	79 32
6	84 3
6	83 3
6	85 3
6	79 29
6	84 4
6	83 4
6	85 4
6	79 33
6	84 5
6	83 5
6	85 5
6	79 26
6	84 6
6	83 6
6	85 6
6	79 27
6	84 7
6	83 7
6	85 7
6	79 27
6	84 8
6	83 8
6	85 8
6	79 29
6	84 9
6	83 9
6	85 9
6	79 28
6	84 10
6	83 10
6	85 10
6	79 25
6	84 11
6	83 11
6	85 11
6	79 29
6	84 12
6	83 12
6	85 12
6	79 30
6	84 13
6	83 13
6	85 13
6	79 28
6	84 14
6	83 14
6	85 14
6	79 29
6	84 15
6	83 15
6	85 15
6	79 27
6	84 16
6	83 16
6	85 16
6	79 31
6	84 17
6	83 17
6	85 17
6	79 28
6	84 18
6	83 18
6	85 18
6	79 31
6	84 19
6	83 19
6	85 19
6	79 23
6	84 20
6	83 20
6	85 20
6	79 33
6	84 1
6	83 1
6	85 1
6	79 33
6	84 2
6	83 2
6	85 2
6	79 31
6	84 3
6	83 3
6	85 3
6	79 26
6	84 4
6	83 4
6	85 4
6	79 25
6	84 5
6	83 5
6	85 5
6	79 34
6	84 6
6	83 6
6	85 6
6	79 31
6	84 7
6	83 7
6	85 7
6	79 30
6	84 8
6	83 8
6	85 8
6	79 29
6	84 9
6	83 9
6	85 9
6	79 25
6	84 10
6	83 10
6	85 10
6	79 30
6	84 11
6	83 11
6	85 11
6	79 31
6	84 12
6	83 12
6	85 12
6	79 34
6	84 13
6	83 13
6	85 13
6	79 31
6	84 14
6	83 14
6	85 14
6	79 31
6	84 15
6	83 15
6	85 15
6	79 23
6	84 16
6	83 16
6	85 16
6	79 29
6	84 17
6	83 17
6	85 17
6	79 27
6	84 18
6	83 18
6	85 18
6	79 34
6	84 19
6	83 19
6	85 19
6	79 33
6	84 20
6	83 20
6	85 20
6	79 30
6	84 1
6	83 1
6	85 1
6	79 26
6	84 2
6	83 2
6	85 2
6	79 31
6	84 3
6	83 3
6	85 3
6	79 28
6	84 4
6	83 4
6	85 4
6	79 30
6	84 5
6	83 5
6	85 5
6	79 25
6	84 6
6	83 6
6	85 6
6	79 30
6	84 7
6	83 7
6	85 7
6	79 30
6	84 8
6	83 8
6	85 8
6	79 25
6	84 9
6	83 9
6	85 9
6	79 31
6	84 10
6	83 10
6	85 10
6	79 28
6	84 11
6	83 11
6	85 11
6	79 31
6	84 12
6	83 12
6	85 12
6	79 27
6	84 13
6	83 13
6	85 13
6	79 26
6	84 14
6	83 14
6	85 14
6	79 25
6	84 15
6	83 15
6	85 15
6	79 25
6	84 16
6	83 16
6	85 16
6	79 29
6	84 17
6	83 17
6	85 17
6	79 31
6	84 18
6	83 18
6	85 18
6	79 27
6	84 19
6	83 19
6	85 19
6	79 28
6	84 20
6	83 20
6	85 20
6	79 26
6	84 1
6	83 1
6	85 1
6	79 31
6	84 2
6	83 2
6	85 2
6	79 28
6	84 3
6	83 3
6	85 3
6	79 27
6	84 4
6	83 4
6	85 4
6	79 26
6	84 5
6	83 5
6	85 5
6	79 35
6	84 6
6	83 6
6	85 6
6	79 26
6	84 7
6	83 7
6	85 7
6	79 28
6	84 8
6	83 8
6	85 8
6	79 31
6	84 9
6	83 9
6	85 9
6	79 28
6	84 10
6	83 10
6	85 10
6	79 25
6	84 11
6	83 11
6	85 11
6	79 34
6	84 12
6	83 12
6	85 12
6	79 25
6	84 13
6	83 13
6	85 13
6	79 27
6	84 14
6	83 14
6	85 14
6	79 30
6	84 15
6	83 15
6	85 15
6	79 26
6	84 16
6	83 16
6	85 16
6	79 29
6	84 17
6	83 17
6	85 17
6	79 29
6	84 18
6	83 18
6	85 18
6	79 28
6	84 19
6	83 19
6	85 19
6	79 25
6	84 20
6	83 20
6	85 20
6	79 27
6	84 1
6	83 1
6	85 1
6	79 28
6	84 2
6	83 2
6	85 2
6	79 29
6	84 3
6	83 3
6	85 3
6	79 22
6	84 4
6	83 4
6	85 4
6	79 31
6	84 5
6	83 5
6	85 5
6	79 31
6	84 6
6	83 6
6	85 6
6	79 28
6	84 7
6	83 7
6	85 7
6	79 31
6	84 8
6	83 8
6	85 8
6	79 30
6	84 9
6	83 9
6	85 9
6	79 27
6	84 10
6	83 10
6	85 10
6	79 27
6	84 11
6	83 11
6	85 11
6	79 26
6	84 12
6	83 12
6	85 12
6	79 28
6	84 13
6	84 14
6	84 15
6	83 15
6	85 13
6	79 149
6	83 15
6	85 14
6	79 99
6	83 15
6	85 15
6	79 47
6	84 16
6	83 16
6	85 16
6	79 25
6	84 17
6	83 17
6	85 17
6	79 24
6	84 18
6	83 18
6	85 18
6	79 29
6	84 19
6	83 19
6	85 19
6	79 25
6	84 20
6	83 20
6	85 20
6	79 25
6	84 1
6	83 1
6	85 1
6	79 26
6	84 2
6	83 2
6	85 2
6	79 24
6	84 3
6	83 3
6	85 3
6	79 24
6	84 4
6	83 4
6	85 4
6	79 25
6	84 5
6	83 5
6	85 5
6	79 26
6	84 6
6	83 6
6	85 6
6	79 24
6	84 7
6	83 7
6	85 7
6	79 28
6	84 8
6	83 8
6	85 8
6	79 25
6	84 9
6	83 9
6	85 9
6	79 26
6	84 10
6	83 10
6	85 10
6	79 24
6	TEST_NUMBER 4
6	SENT_TOTAL 250
6	RECEIVED_TOTAL 250
6	TIME_TOTAL 14876
6	RECEIVED_RADIO_1 125
6	RECEIVED_RADIO_2 125
6	SENT_RADIO_1 125
6	SENT_RADIO_2 125
6	RADIO_TIME_1 14906
6	RADIO_TIME_2 14852
6	RETRANSMISSIONS_1 0
6	RETRANSMISSIONS_2 0
6	DROPPED_1 0
6	DROPPED_2 0
6	MAX_QUEUE 1
6	DUPLICATED_1 0
6	DUPLICATED_2 0
6	EBUSY_RADIO_1 0
6	EBUSY_RADIO_2 0
6	84 1
6	83 1
6	85 1
6	79 30
6	84 2
6	83 2
6	85 2
6	79 23
6	84 3
6	83 3
6	85 3
6	79 28
6	84 4
6	83 4
6	85 4
6	79 25
6	84 5
6	83 5
6	85 5
6	79 25
6	84 6
6	83 6
6	85 6
6	79 24
6	84 7
6	83 7
6	85 7
6	79 30
6	84 8
6	83 8
6	85 8
6	79 27
6	84 9
6	83 9
6	85 9
6	79 25
6	84 10
6	83 10
6	85 10
6	79 30
6	84 11
6	83 11
6	85 11
6	79 25
6	84 12
6	83 12
6	85 12
6	79 21
6	84 13
6	83 13
6	85 13
6	79 22
6	84 14
6	83 14
6	85 14
6	79 28
6	84 15
6	83 15
6	85 15
6	79 26
6	84 16
6	83 16
6	85 16
6	79 23
6	84 17
6	83 17
6	85 17
6	79 25
6	84 18
6	83 18
6	85 18
6	79 25
6	84 19
6	83 19
6	85 19
6	79 23
6	84 20
6	83 20
6	85 20
6	79 27
6	84 1
6	83 1
6	85 1
6	79 27
6	84 2
6	83 2
6	85 2
6	79 31
6	84 3
6	83 3
6	85 3
6	79 29
6	84 4
6	83 4
6	85 4
6	79 25
6	84 5
6	83 5
6	85 5
6	79 27
6	84 6
6	83 6
6	85 6
6	79 24
6	84 7
6	83 7
6	85 7
6	79 27
6	84 8
6	83 8
6	85 8
6	79 28
6	84 9
6	83 9
6	85 9
6	79 29
6	84 10
6	83 10
6	85 10
6	79 28
6	84 11
6	83 11
6	85 11
6	79 23
6	84 12
6	83 12
6	85 12
6	79 21
6	84 13
6	83 13
6	85 13
6	79 25
6	84 14
6	83 14
6	85 14
6	79 21
6	84 15
6	83 15
6	85 15
6	79 26
6	84 16
6	83 16
6	85 16
6	79 25
6	84 17
6	83 17
6	85 17
6	79 29
6	84 18
6	83 18
6	85 18
6	79 27
6	84 19
6	83 19
6	85 19
6	79 35
6	84 20
6	83 20
6	85 20
6	79 23
6	84 1
6	83 1
6	85 1
6	79 24
6	84 2
6	83 2
6	85 2
6	79 27
6	84 3
6	83 3
6	85 3
6	79 29
6	84 4
6	83 4
6	85 4
6	79 24
6	84 5
6	83 5
6	85 5
6	79 25
6	84 6
6	83 6
6	85 6
6	79 26
6	84 7
6	83 7
6	85 7
6	79 29
6	84 8
6	83 8
6	85 8
6	79 25
6	84 9
6	83 9
6	85 9
6	79 28
6	84 10
6	83 10
6	85 10
6	79 26
6	84 11
6	83 11
6	85 11
6	79 28
6	84 12
6	83 12
6	85 12
6	79 24
6	84 13
6	83 13
6	85 13
6	79 24
6	84 14
6	83 14
6	85 14
6	79 29
6	84 15
6	83 15
6	85 15
6	79 24
6	84 16
6	83 16
6	85 16
6	79 24
6	84 17
6	83 17
6	85 17
6	79 26
6	84 18
6	83 18
6	85 18
6	79 25
6	84 19
6	83 19
6	85 19
6	79 24
6	84 20
6	83 20
6	85 20
6	79 25
6	84 1
6	83 1
6	85 1
6	79 24
6	84 2
6	83 2
6	85 2
6	79 25
6	84 3
6	83 3
6	85 3
6	79 23
6	84 4
6	83 4
6	85 4
6	79 26
6	84 5
6	83 5
6	85 5
6	79 29
6	84 6
6	83 6
6	85 6
6	79 29
6	84 7
6	83 7
6	85 7
6	79 27
6	84 8
6	83 8
6	85 8
6	79 26
6	84 9
6	83 9
6	85 9
6	79 27
6	84 10
6	83 10
6	85 10
6	79 25
6	84 11
6	83 11
6	85 11
6	79 29
6	84 12
6	83 12
6	85 12
6	79 23
6	84 13
6	83 13
6	85 13
6	79 27
6	84 14
6	83 14
6	85 14
6	79 22
6	84 15
6	83 15
6	85 15
6	79 28
6	84 16
6	83 16
6	85 16
6	79 23
6	84 17
6	83 17
6	85 17
6	79 24
6	84 18
6	83 18
6	85 18
6	79 26
6	84 19
6	83 19
6	85 19
6	79 31
6	84 20
6	83 20
6	85 20
6	79 26
6	84 1
6	83 1
6	85 1
6	79 25
6	84 2
6	83 2
6	85 2
6	79 28
6	84 3
6	83 3
6	85 3
6	79 28
6	84 4
6	83 4
6	85 4
6	79 26
6	84 5
6	83 5
6	85 5
6	79 27
6	84 6
6	83 6
6	85 6
6	79 27
6	84 7
6	83 7
6	85 7
6	79 28
6	84 8
6	83 8
6	85 8
6	79 24
6	84 9
6	83 9
6	85 9
6	79 30
6	84 10
6	83 10
6	85 10
6	79 26
6	84 11
6	83 11
6	85 11
6	79 28
6	84 12
6	83 12
6	85 12
6	79 25
6	84 13
6	83 13
6	85 13
6	79 25
6	84 14
6	83 14
6	85 14
6	79 27
6	84 15
6	83 15
6	85 15
6	79 24
6	84 16
6	83 16
6	85 16
6	79 28
6	84 17
6	83 17
6	85 17
6	79 29
6	84 18
6	83 18
6	85 18
6	79 26
6	84 19
6	83 19
6	85 19
6	79 27
6	84 20
6	83 20
6	85 20
6	79 21
6	84 1
6	83 1
6	85 1
6	79 27
6	84 2
6	83 2
6	85 2
6	79 31
6	84 3
6	83 3
6	85 3
6	79 28
6	84 4
6	83 4
6	85 4
6	79 26
6	84 5
6	83 5
6	85 5
6	79 25
6	84 6
6	83 6
6	85 6
6	79 27
6	84 7
6	83 7
6	85 7
6	79 23
6	84 8
6	83 8
6	85 8
6	79 29
6	84 9
6	83 9
6	85 9
6	79 22
6	84 10
6	83 10
6	85 10
6	79 26
6	84 11
6	83 11
6	85 11
6	79 30
6	84 12
6	83 12
6	85 12
6	79 25
6	84 13
6	83 13
6	85 13
6	79 28
6	84 14
6	83 14
6	85 14
6	79 30
6	84 15
6	83 15
6	85 15
6	79 23
6	84 16
6	83 16
6	85 16
6	79 28
6	84 17
6	83 17
6	85 17
6	79 24
6	84 18
6	83 18
6	85 18
6	79 21
6	84 19
6	83 19
6	85 19
6	79 29
6	84 20
6	83 20
6	85 20
6	79 27
6	84 1
6	83 1
6	85 1
6	79 24
6	84 2
6	83 2
6	85 2
6	79 28
6	84 3
6	83 3
6	85 3
6	79 27
6	84 4
6	83 4
6	85 4
6	79 32
6	84 5
6	83 5
6	85 5
6	79 22
6	84 6
6	83 6
6	85 6
6	79 24
6	84 7
6	83 7
6	85 7
6	79 25
6	84 8
6	83 8
6	85 8
6	79 27
6	84 9
6	83 9
6	85 9
6	79 28
6	84 10
6	83 10
6	85 10
6	79 30
6	84 11
6	83 11
6	85 11
6	79 27
6	84 12
6	83 12
6	85 12
6	79 25
6	84 13
6	83 13
6	85 13
6	79 25
6	84 14
6	83 14
6	85 14
6	79 27
6	84 15
6	83 15
6	85 15
6	79 25
6	84 16
6	83 16
6	85 16
6	79 25
6	84 17
6	83 17
6	85 17
6	79 29
6	84 18
6	83 18
6	85 18
6	79 28
6	84 19
6	83 19
6	85 19
6	79 27
6	84 20
6	83 20
6	85 20
6	79 29
6	84 1
6	83 1
6	85 1
6	79 26
6	84 2
6	83 2
6	85 2
6	79 28
6	84 3
6	83 3
6	85 3
6	79 27
6	84 4
6	83 4
6	85 4
6	79 26
6	84 5
6	83 5
6	85 5
6	79 29
6	84 6
6	83 6
6	85 6
6	79 28
6	84 7
6	83 7
6	85 7
6	79 24
6	84 8
6	83 8
6	85 8
6	79 26
6	84 9
6	83 9
6	85 9
6	79 22
6	84 10
6	83 10
6	85 10
6	79 23
6	84 11
6	83 11
6	85 11
6	79 25
6	84 12
6	83 12
6	85 12
6	79 23
6	84 13
6	83 13
6	85 13
6	79 27
6	84 14
6	83 14
6	85 14
6	79 27
6	84 15
6	83 15
6	85 15
6	79 27
6	84 16
6	83 16
6	85 16
6	79 30
6	84 17
6	83 17
6	85 17
6	79 28
6	84 18
6	83 18
6	85 18
6	79 25
6	84 19
6	83 19
6	85 19
6	79 24
6	84 20
6	83 20
6	85 20
6	79 23
6	84 1
6	83 1
6	85 1
6	79 30
6	84 2
6	83 2
6	85 2
6	79 26
6	84 3
6	83 3
6	85 3
6	79 30
6	84 4
6	83 4
6	85 4
6	79 32
6	84 5
6	83 5
6	85 5
6	79 26
6	84 6
6	83 6
6	85 6
6	79 27
6	84 7
6	83 7
6	85 7
6	79 27
6	84 8
6	83 8
6	85 8
6	79 28
6	84 9
6	83 9
6	85 9
6	79 23
6	84 10
6	83 10
6	85 10
6	79 24
6	84 11
6	83 11
6	85 11
6	79 27
6	84 12
6	83 12
6	85 12
6	79 28
6	84 13
6	83 13
6	85 13
6	79 27
6	84 14
6	83 14
6	85 14
6	79 22
6	84 15
6	83 15
6	85 15
6	79 26
6	84 16
6	83 16
6	85 16
6	79 27
6	84 17
6	83 17
6	85 17
6	79 28
6	84 18
6	83 18
6	85 18
6	79 23
6	84 19
6	83 19
6	85 19
6	79 23
6	84 20
6	83 20
6	85 20
6	79 25
6	84 1
6	83 1
6	85 1
6	79 23
6	84 2
6	83 2
6	85 2
6	79 25
6	84 3
6	83 3
6	85 3
6	79 26
6	84 4
6	83 4
6	85 4
6	79 27
6	84 5
6	83 5
6	85 5
6	79 23
6	84 6
6	83 6
6	85 6
6	79 27
6	84 7
6	83 7
6	85 7
6	79 26
6	84 8
6	83 8
6	85 8
6	79 27
6	84 9
6	83 9
6	85 9
6	79 23
6	84 10
6	83 10
6	85 10
6	79 26
6	84 11
6	84 12
6	83 12
6	85 12
6	79 26
6	84 13
6	83 13
6	85 11
6	79 153
6	83 13
6	85 13
6	79 46
6	84 14
6	83 14
6	85 14
6	79 38
6	84 15
6	83 15
6	85 15
6	79 29
6	84 16
6	83 16
6	85 16
6	79 25
6	84 17
6	83 17
6	85 17
6	79 26
6	84 18
6	83 18
6	85 18
6	79 28
6	84 19
6	83 19
6	85 19
6	79 28
6	84 20
6	83 20
6	85 20
6	79 27
6	84 1
6	83 1
6	85 1
6	79 24
6	84 2
6	83 2
6	85 2
6	79 26
6	84 3
6	83 3
6	85 3
6	79 25
6	84 4
6	83 4
6	85 4
6	79 26
6	84 5
6	83 5
6	85 5
6	79 26
6	84 6
6	83 6
6	85 6
6	79 28
6	84 7
6	83 7
6	85 7
6	79 26
6	84 8
6	83 8
6	85 8
6	79 27
6	84 9
6	83 9
6	85 9
6	79 28
6	84 10
6	83 10
6	85 10
6	79 27
6	84 11
6	83 11
6	85 11
6	79 27
6	84 12
6	83 12
6	85 12
6	79 25
6	84 13
6	83 13
6	85 13
6	79 23
6	84 14
6	83 14
6	85 14
6	79 26
6	84 15
6	83 15
6	85 15
6	79 27
6	84 16
6	83 16
6	85 16
6	79 25
6	84 17
6	83 17
6	85 17
6	79 30
6	84 18
6	83 18
6	85 18
6	79 24
6	84 19
6	83 19
6	85 19
6	79 22
6	84 20
6	83 20
6	85 20
6	79 29
6	84 1
6	83 1
6	85 1
6	79 28
6	84 2
6	83 2
6	85 2
6	79 25
6	84 3
6	83 3
6	85 3
6	79 24
6	84 4
6	83 4
6	85 4
6	79 26
6	84 5
6	83 5
6	85 5
6	79 23
6	84 6
6	83 6
6	85 6
6	79 30
6	84 7
6	83 7
6	85 7
6	79 27
6	84 8
6	83 8
6	85 8
6	79 30
6	84 9
6	83 9
6	85 9
6	79 25
6	84 10
6	83 10
6	85 10
6	79 26
6	84 11
6	83 11
6	85 11
6	79 23
6	84 12
6	83 12
6	85 12
6	79 28
6	84 13
6	83 13
6	85 13
6	79 21
6	84 14
6	83 14
6	85 14
6	79 28
6	84 15
6	83 15
6	85 15
6	79 23
6	84 16
6	83 16
6	85 16
6	79 29
6	84 17
6	83 17
6	85 17
6	79 29
6	84 18
6	83 18
6	85 18
6	79 23
6	84 19
6	83 19
6	85 19
6	79 27
6	84 20
6	83 20
6	85 20
6	79 23
6	84 1
6	83 1
6	85 1
6	79 27
6	84 2
6	83 2
6	85 2
6	79 25
6	84 3
6	83 3
6	85 3
6	79 26
6	84 4
6	83 4
6	85 4
6	79 22
6	84 5
6	83 5
6	85 5
6	79 31
6	84 6
6	83 6
6	85 6
6	79 27
6	84 7
6	83 7
6	85 7
6	79 26
6	84 8
6	83 8
6	85 8
6	79 25
6	84 9
6	83 9
6	85 9
6	79 25
6	84 10
6	83 10
6	85 10
6	79 22
6	TEST_NUMBER 5
6	SENT_TOTAL 250
6	RECEIVED_TOTAL 250
6	TIME_TOTAL 14874
6	RECEIVED_RADIO_1 125
6	RECEIVED_RADIO_2 125
6	SENT_RADIO_1 125
6	SENT_RADIO_2 125
6	RADIO_TIME_1 14904
6	RADIO_TIME_2 14852
6	RETRANSMISSIONS_1 0
6	RETRANSMISSIONS_2 0
6	DROPPED_1 0
6	DROPPED_2 0
6	MAX_QUEUE 1
6	DUPLICATED_1 0
6	DUPLICATED_2 0
6	EBUSY_RADIO_1 0
6	EBUSY_RADIO_2 0
6	84 1
6	83 1
6	85 1
6	79 27
6	84 2
6	83 2
6	85 2
6	79 26
6	84 3
6	83 3
6	85 3
6	79 25
6	84 4
6	83 4
6	85 4
6	79 26
6	84 5
6	83 5
6	85 5
6	79 27
6	84 6
6	83 6
6	85 6
6	79 31
6	84 7
6	83 7
6	85 7
6	79 30
6	84 8
6	83 8
6	85 8
6	79 26
6	84 9
6	83 9
6	85 9
6	79 29
6	84 10
6	83 10
6	85 10
6	79 26
6	84 11
6	83 11
6	85 11
6	79 28
6	84 12
6	83 12
6	85 12
6	79 22
6	84 13
6	83 13
6	85 13
6	79 28
6	84 14
6	83 14
6	85 14
6	79 27
6	84 15
6	83 15
6	85 15
6	79 29
6	84 16
6	83 16
6	85 16
6	79 24
6	84 17
6	83 17
6	85 17
6	79 28
6	84 18
6	83 18
6	85 18
6	79 26
6	84 19
6	83 19
6	85 19
6	79 26
6	84 20
6	83 20
6	85 20
6	79 26
6	84 1
6	83 1
6	85 1
6	79 24
6	84 2
6	83 2
6	85 2
6	79 23
6	84 3
6	83 3
6	85 3
6	79 27
6	84 4
6	83 4
6	85 4
6	79 26
6	84 5
6	83 5
6	85 5
6	79 26
6	84 6
6	83 6
6	85 6
6	79 27
6	84 7
6	83 7
6	85 7
6	79 25
6	84 8
6	84 9
6	83 9
6	85 9
6	79 25
6	84 10
6	83 10
6	85 8
6	79 146
6	83 10
6	85 10
6	79 31
6	84 11
6	83 11
6	85 11
6	79 29
6	84 12
6	83 12
6	85 12
6	79 33
6	84 13
6	83 13
6	85 13
6	79 34
6	84 14
6	83 14
6	85 14
6	79 30
6	84 15
6	83 15
6	85 15
6	79 26
6	84 16
6	83 16
6	85 16
6	79 28
6	84 17
6	83 17
6	85 17
6	79 26
6	84 18
6	83 18
6	85 18
6	79 24
6	84 19
6	83 19
6	85 19
6	79 28
6	84 20
6	83 20
6	85 20
6	79 31
6	84 1
6	83 1
6	85 1
6	79 32
6	84 2
6	83 2
6	85 2
6	79 28
6	84 3
6	83 3
6	85 3
6	79 34
6	84 4
6	83 4
6	85 4
6	79 33
6	84 5
6	83 5
6	85 5
6	79 28
6	84 6
6	83 6
6	85 6
6	79 27
6	84 7
6	83 7
6	85 7
6	79 24
6	84 8
6	83 8
6	85 8
6	79 27
6	84 9
6	83 9
6	85 9
6	79 30
6	84 10
6	83 10
6	85 10
6	79 28
6	84 11
6	83 11
6	85 11
6	79 28
6	84 12
6	83 12
6	85 12
6	79 28
6	84 13
6	83 13
6	85 13
6	79 29
6	84 14
6	83 14
6	85 14
6	79 30
6	84 15
6	83 15
6	85 15
6	79 23
6	84 16
6	83 16
6	85 16
6	79 34
6	84 17
6	83 17
6	85 17
6	79 27
6	84 18
6	83 18
6	85 18
6	79 28
6	84 19
6	83 19
6	85 19
6	79 30
6	84 20
6	83 20
6	85 20
6	79 29
6	84 1
6	83 1
6	85 1
6	79 22
6	84 2
6	83 2
6	85 2
6	79 29
6	84 3
6	83 3
6	85 3
6	79 30
6	84 4
6	83 4
6	85 4
6	79 26
6	84 5
6	83 5
6	85 5
6	79 29
6	84 6
6	83 6
6	85 6
6	79 32
6	84 7
6	83 7
6	85 7
6	79 25
6	84 8
6	83 8
6	85 8
6	79 31
6	84 9
6	83 9
6	85 9
6	79 31
6	84 10
6	83 10
6	85 10
6	79 26
6	84 11
6	83 11
6	85 11
6	79 33
6	84 12
6	83 12
6	85 12
6	79 32
6	84 13
6	83 13
6	85 13
6	79 28
6	84 14
6	83 14
6	85 14
6	79 26
6	84 15
6	83 15
6	85 15
6	79 25
6	84 16
6	83 16
6	85 16
6	79 30
6	84 17
6	83 17
6	85 17
6	79 33
6	84 18
6	83 18
6	85 18
6	79 27
6	84 19
6	83 19
6	85 19
6	79 26
6	84 20
6	83 20
6	85 20
6	79 28
6	84 1
6	83 1
6	85 1
6	79 26
6	84 2
6	83 2
6	85 2
6	79 28
6	84 3
6	83 3
6	85 3
6	79 29
6	84 4
6	83 4
6	85 4
6	79 24
6	84 5
6	83 5
6	85 5
6	79 35
6	84 6
6	83 6
6	85 6
6	79 26
6	84 7
6	84 8
6	83 8
6	85 8
6	79 28
6	84 9
6	83 9
6	85 7
6	79 152
6	83 9
6	85 9
6	79 34
6	84 10
6	83 10
6	85 10
6	79 24
6	84 11
6	83 11
6	85 11
6	79 24
6	84 12
6	83 12
6	85 12
6	79 26
6	84 13
6	83 13
6	85 13
6	79 25
6	84 14
6	83 14
6	85 14
6	79 27
6	84 15
6	83 15
6	85 15
6	79 32
6	84 16
6	83 16
6	85 16
6	79 21
6	84 17
6	83 17
6	85 17
6	79 26
6	84 18
6	83 18
6	85 18
6	79 27
6	84 19
6	83 19
6	85 19
6	79 28
6	84 20
6	83 20
6	85 20
6	79 23
6	84 1
6	83 1
6	85 1
6	79 26
6	84 2
6	83 2
6	85 2
6	79 27
6	84 3
6	83 3
6	85 3
6	79 27
6	84 4
6	83 4
6	85 4
6	79 28
6	84 5
6	83 5
6	85 5
6	79 26
6	84 6
6	83 6
6	85 6
6	79 24
6	84 7
6	83 7
6	85 7
6	79 21
6	84 8
6	83 8
6	85 8
6	79 26
6	84 9
6	83 9
6	85 9
6	79 30
6	84 10
6	83 10
6	85 10
6	79 26
6	84 11
6	83 11
6	85 11
6	79 31
6	84 12
6	83 12
6	85 12
6	79 27
6	84 13
6	83 13
6	85 13
6	79 25
6	84 14
6	83 14
6	85 14
6	79 25
6	84 15
6	83 15
6	85 15
6	79 23
6	84 16
6	83 16
6	85 16
6	79 27
6	84 17
6	83 17
6	85 17
6	79 27
6	84 18
6	83 18
6	85 18
6	79 28
6	84 19
6	83 19
6	85 19
6	79 24
6	84 20
6	83 20
6	85 20
6	79 27
6	84 1
6	83 1
6	85 1
6	79 29
6	84 2
6	83 2
6	85 2
6	79 27
6	84 3
6	83 3
6	85 3
6	79 28
6	84 4
6	83 4
6	85 4
6	79 31
6	84 5
6	83 5
6	85 5
6	79 29
6	84 6
6	83 6
6	85 6
6	79 27
6	84 7
6	83 7
6	85 7
6	79 25
6	84 8
6	83 8
6	85 8
6	79 25
6	84 9
6	83 9
6	85 9
6	79 31
6	84 10
6	83 10
6	85 10
6	79 30
6	84 11
6	83 11
6	85 11
6	79 25
6	84 12
6	83 12
6	85 12
6	79 26
6	84 13
6	83 13
6	85 13
6	79 25
6	84 14
6	83 14
6	85 14
6	79 26
6	84 15
6	83 15
6	85 15
6	79 25
6	84 16
6	83 16
6	85 16
6	79 26
6	84 17
6	83 17
6	85 17
6	79 24
6	84 18
6	83 18
6	85 18
6	79 26
6	84 19
6	83 19
6	85 19
6	79 28
6	84 20
6	83 20
6	85 20
6	79 24
6	84 1
6	83 1
6	85 1
6	79 26
6	84 2
6	83 2
6	85 2
6	79 28
6	84 3
6	83 3
6	85 3
6	79 27
6	84 4
6	83 4
6	85 4
6	79 30
6	84 5
6	83 5
6	85 5
6	79 28
6	84 6
6	83 6
6	85 6
6	79 27
6	84 7
6	83 7
6	85 7
6	79 27
6	84 8
6	83 8
6	85 8
6	79 25
6	84 9
6	83 9
6	85 9
6	79 28
6	84 10
6	83 10
6	85 10
6	79 35
6	84 11
6	83 11
6	85 11
6	79 24
6	84 12
6	83 12
6	85 12
6	79 29
6	84 13
6	83 13
6	85 13
6	79 33
6	84 14
6	83 14
6	85 14
6	79 26
6	84 15
6	83 15
6	85 15
6	79 30
6	84 16
6	83 16
6	85 16
6	79 32
6	84 17
6	83 17
6	85 17
6	79 30
6	84 18
6	83 18
6	85 18
6	79 30
6	84 19
6	83 19
6	85 19
6	79 32
6	84 20
6	83 20
6	85 20
6	79 29
6	84 1
6	83 1
6	85 1
6	79 29
6	84 2
6	83 2
6	85 2
6	79 30
6	84 3
6	83 3
6	85 3
6	79 28
6	84 4
6	83 4
6	85 4
6	79 28
6	84 5
6	83 5
6	85 5
6	79 32
6	84 6
6	83 6
6	85 6
6	79 28
6	84 7
6	83 7
6	85 7
6	79 27
6	84 8
6	83 8
6	85 8
6	79 28
6	84 9
6	83 9
6	85 9
6	79 33
6	84 10
6	83 10
6	85 10
6	79 27
6	84 11
6	83 11
6	85 11
6	79 31
6	84 12
6	83 12
6	85 12
6	79 23
6	84 13
6	83 13
6	85 13
6	79 32
6	84 14
6	83 14
6	85 14
6	79 30
6	84 15
6	83 15
6	85 15
6	79 24
6	84 16
6	83 16
6	85 16
6	79 27
6	84 17
6	83 17
6	85 17
6	79 26
6	84 18
6	83 18
6	85 18
6	79 31
6	84 19
6	83 19
6	85 19
6	79 28
6	84 20
6	83 20
6	85 20
6	79 33
6	84 1
6	83 1
6	85 1
6	79 30
6	84 2
6	83 2
6	85 2
6	79 31
6	84 3
6	84 4
6	83 4
6	85 4
6	79 26
6	84 5
6	83 5
6	85 3
6	79 147
6	83 5
6	85 5
6	79 34
6	84 6
6	83 6
6	85 6
6	79 29
6	84 7
6	83 7
6	85 7
6	79 29
6	84 8
6	83 8
6	85 8
6	79 26
6	84 9
6	83 9
6	85 9
6	79 25
6	84 10
6	83 10
6	85 10
6	79 26
6	84 11
6	83 11
6	85 11
6	79 33
6	84 12
6	83 12
6	85 12
6	79 32
6	84 13
6	83 13
6	85 13
6	79 33
6	84 14
6	83 14
6	85 14
6	79 33
6	84 15
6	83 15
6	85 15
6	79 26
6	84 16
6	83 16
6	85 16
6	79 30
6	84 17
6	83 17
6	85 17
6	79 28
6	84 18
6	83 18
6	85 18
6	79 30
6	84 19
6	83 19
6	85 19
6	79 28
6	84 20
6	83 20
6	85 20
6	79 31
6	84 1
6	83 1
6	85 1
6	79 27
6	84 2
6	83 2
6	85 2
6	79 26
6	84 3
6	83 3
6	85 3
6	79 34
6	84 4
6	83 4
6	85 4
6	79 31
6	84 5
6	83 5
6	85 5
6	79 28
6	84 6
6	83 6
6	85 6
6	79 29
6	84 7
6	83 7
6	85 7
6	79 31
6	84 8
6	83 8
6	85 8
6	79 33
6	84 9
6	83 9
6	85 9
6	79 32
6	84 10
6	83 10
6	85 10
6	79 27
6	84 11
6	83 11
6	85 11
6	79 27
6	84 12
6	83 12
6	85 12
6	79 30
6	84 13
6	83 13
6	85 13
6	79 25
6	84 14
6	83 14
6	85 14
6	79 27
6	84 15
6	83 15
6	85 15
6	79 30
6	84 16
6	83 16
6	85 16
6	79 32
6	84 17
6	83 17
6	85 17
6	79 31
6	84 18
6	83 18
6	85 18
6	79 28
6	84 19
6	83 19
6	85 19
6	79 27
6	84 20
6	83 20
6	85 20
6	79 28
6	84 1
6	83 1
6	85 1
6	79 26
6	84 2
6	83 2
6	85 2
6	79 27
6	84 3
6	83 3
6	85 3
6	79 26
6	84 4
6	83 4
6	85 4
6	79 26
6	84 5
6	83 5
6	85 5
6	79 29
6	84 6
6	83 6
6	85 6
6	79 24
6	84 7
6	83 7
6	85 7
6	79 35
6	84 8
6	83 8
6	85 8
6	79 29
6	84 9
6	83 9
6	85 9
6	79 29
6	84 10
6	83 10
6	85 10
6	79 27
6	84 11
6	83 11
6	85 11
6	79 24
6	84 12
6	83 12
6	85 12
6	79 32
6	84 13
6	83 13
6	85 13
6	79 29
6	84 14
6	83 14
6	85 14
6	79 30
6	84 15
6	83 15
6	85 15
6	79 28
6	84 16
6	83 16
6	85 16
6	79 29
6	84 17
6	83 17
6	85 17
6	79 25
6	84 18
6	83 18
6	85 18
6	79 28
6	84 19
6	83 19
6	85 19
6	79 30
6	84 20
6	83 20
6	85 20
6	79 28
6	84 1
6	83 1
6	85 1
6	79 30
6	84 2
6	83 2
6	85 2
6	79 28
6	84 3
6	83 3
6	85 3
6	79 24
6	84 4
6	83 4
6	85 4
6	79 27
6	84 5
6	83 5
6	85 5
6	79 26
6	84 6
6	83 6
6	85 6
6	79 25
6	84 7
6	83 7
6	85 7
6	79 25
6	84 8
6	83 8
6	85 8
6	79 31
6	84 9
6	83 9
6	85 9
6	79 28
6	84 10
6	83 10
6	85 10
6	79 27
6	TEST_NUMBER 6
6	SENT_TOTAL 250
6	RECEIVED_TOTAL 250
6	TIME_TOTAL 14882
6	RECEIVED_RADIO_1 123
6	RECEIVED_RADIO_2 127
6	SENT_RADIO_1 125
6	SENT_RADIO_2 125
6	RADIO_TIME_1 14850
6	RADIO_TIME_2 14882
6	RETRANSMISSIONS_1 0
6	RETRANSMISSIONS_2 0
6	DROPPED_1 0
6	DROPPED_2 0
6	MAX_QUEUE 1
6	DUPLICATED_1 0
6	DUPLICATED_2 0
6	EBUSY_RADIO_1 0
6	EBUSY_RADIO_2 0

7	RELAY_NODE 7
7	TEST_NUMBER 0
7	SENT_TOTAL 0
7	RECEIVED_TOTAL 0
7	TIME_TOTAL 0
7	RECEIVED_RADIO_1 125
7	RECEIVED_RADIO_2 125
7	SENT_RADIO_1 125
7	SENT_RADIO_2 125
7	RADIO_TIME_1 14895
7	RADIO_TIME_2 14895
7	RETRANSMISSIONS_1 0
7	RETRANSMISSIONS_2 2
7	DROPPED_1 0
7	DROPPED_2 0
7	MAX_QUEUE 1
7	DUPLICATED_1 0
7	DUPLICATED_2 0
7	EBUSY_RADIO_1 0
7	EBUSY_RADIO_2 0
7	TEST_NUMBER 1
7	SENT_TOTAL 0
7	RECEIVED_TOTAL 0
7	TIME_TOTAL 0
7	RECEIVED_RADIO_1 125
7	RECEIVED_RADIO_2 124
7	SENT_RADIO_1 124
7	SENT_RADIO_2 125
7	RADIO_TIME_1 14892
7	RADIO_TIME_2 14892
7	RETRANSMISSIONS_1 0
7	RETRANSMISSIONS_2 2
7	DROPPED_1 0
7	DROPPED_2 0
7	MAX_QUEUE 1
7	DUPLICATED_1 0
7	DUPLICATED_2 1
7	EBUSY_RADIO_1 0
7	EBUSY_RADIO_2 0
7	TEST_NUMBER 2
7	SENT_TOTAL 0
7	RECEIVED_TOTAL 0
7	TIME_TOTAL 0
7	RECEIVED_RADIO_1 125
7	RECEIVED_RADIO_2 124
7	SENT_RADIO_1 124
7	SENT_RADIO_2 125
7	RADIO_TIME_1 14836
7	RADIO_TIME_2 14836
7	RETRANSMISSIONS_1 0
7	RETRANSMISSIONS_2 2
7	DROPPED_1 0
7	DROPPED_2 0
7	MAX_QUEUE 1
7	DUPLICATED_1 0
7	DUPLICATED_2 0
7	EBUSY_RADIO_1 0
7	EBUSY_RADIO_2 0
7	TEST_NUMBER 3
7	SENT_TOTAL 0
7	RECEIVED_TOTAL 0
7	TIME_TOTAL 0
7	RECEIVED_RADIO_1 125
7	RECEIVED_RADIO_2 125
7	SENT_RADIO_1 125
7	SENT_RADIO_2 125
7	RADIO_TIME_1 14890
7	RADIO_TIME_2 14890
7	RETRANSMISSIONS_1 2
7	RETRANSMISSIONS_2 2
7	DROPPED_1 0
7	DROPPED_2 0
7	MAX_QUEUE 1
7	DUPLICATED_1 0
7	DUPLICATED_2 0
7	EBUSY_RADIO_1 0
7	EBUSY_RADIO_2 0
7	TEST_NUMBER 4
7	SENT_TOTAL 0
7	RECEIVED_TOTAL 0
7	TIME_TOTAL 0
7	RECEIVED_RADIO_1 125
7	RECEIVED_RADIO_2 125
7	SENT_RADIO_1 125
7	SENT_RADIO_2 125
7	RADIO_TIME_1 14891
7	RADIO_TIME_2 14891
7	RETRANSMISSIONS_1 0
7	RETRANSMISSIONS_2 2
7	DROPPED_1 0
7	DROPPED_2 0
7	MAX_QUEUE 1
7	DUPLICATED_1 0
7	DUPLICATED_2 0
7	EBUSY_RADIO_1 0
7	EBUSY_RADIO_2 0
7	TEST_NUMBER 5
7	SENT_TOTAL 0
7	RECEIVED_TOTAL 0
7	TIME_TOTAL 0
7	RECEIVED_RADIO_1 125
7	RECEIVED_RADIO_2 125
7	SENT_RADIO_1 125
7	SENT_RADIO_2 125
7	RADIO_TIME_1 14889
7	RADIO_TIME_2 14889
7	RETRANSMISSIONS_1 0
7	RETRANSMISSIONS_2 2
7	DROPPED_1 0
7	DROPPED_2 0
7	MAX_QUEUE 1
7	DUPLICATED_1 0
7	DUPLICATED_2 1
7	EBUSY_RADIO_1 0
7	EBUSY_RADIO_2 0
7	TEST_NUMBER 6
7	SENT_TOTAL 0
7	RECEIVED_TOTAL 0
7	TIME_TOTAL 0
7	RECEIVED_RADIO_1 125
7	RECEIVED_RADIO_2 123
7	SENT_RADIO_1 123
7	SENT_RADIO_2 125
7	RADIO_TIME_1 14836
7	RADIO_TIME_2 14836
7	RETRANSMISSIONS_1 0
7	RETRANSMISSIONS_2 2
7	DROPPED_1 0
7	DROPPED_2 0
7	MAX_QUEUE 1
7	DUPLICATED_1 0
7	DUPLICATED_2 2
7	EBUSY_RADIO_1 0
7	EBUSY_RADIO_2 0
