
13	SOURCE_NODE 13
13	84 1
13	83 1
13	85 1
13	79 48
13	84 2
13	83 2
13	85 2
13	79 29
13	84 3
13	84 4
13	83 4
13	85 3
13	79 81
13	83 4
13	85 4
13	79 50
13	84 5
13	84 6
13	83 6
13	85 5
13	79 83
13	83 6
13	85 6
13	79 43
13	84 7
13	83 7
13	85 7
13	79 69
13	84 8
13	83 8
13	85 8
13	79 44
13	84 9
13	83 9
13	85 9
13	79 77
13	84 10
13	83 10
13	85 10
13	79 37
13	84 11
13	83 11
13	85 11
13	79 71
13	84 12
13	83 12
13	85 12
13	79 44
13	84 13
13	83 13
13	85 13
13	79 68
13	84 14
13	83 14
13	85 14
13	79 44
13	84 15
13	83 15
13	85 15
13	79 72
13	84 16
13	83 16
13	85 16
13	79 44
13	84 17
13	83 17
13	85 17
13	79 72
13	84 18
13	83 18
13	85 18
13	79 39
13	84 19
13	83 19
13	85 19
13	79 73
13	84 20
13	83 20
13	85 20
13	79 47
13	84 1
13	84 2
13	83 2
13	85 2
13	79 40
13	84 3
13	83 3
13	85 3
13	79 77
13	84 4
13	83 4
13	85 4
13	79 45
13	84 5
13	83 5
13	85 5
13	79 75
13	84 6
13	83 6
13	85 6
13	79 48
13	84 7
13	83 7
13	85 7
13	79 70
13	84 8
13	83 8
13	85 8
13	79 41
13	84 9
13	83 9
13	85 9
13	79 75
13	84 10
13	84 11
13	83 11
13	85 11
13	79 61
13	84 12
13	83 12
13	85 12
13	79 60
13	84 13
13	83 13
13	85 13
13	79 61
13	84 14
13	83 14
13	85 14
13	79 60
13	84 15
13	83 15
13	85 15
13	79 56
13	84 16
13	84 17
13	83 17
13	85 17
13	79 55
13	84 18
13	83 18
13	85 18
13	79 62
13	84 19
13	83 19
13	85 19
13	79 57
13	84 20
13	84 1
13	83 1
13	85 1
13	79 67
13	84 2
13	83 2
13	85 2
13	79 39
13	84 3
13	83 3
13	85 3
13	79 76
13	84 4
13	83 4
13	85 4
13	79 45
13	84 5
13	83 5
13	85 5
13	79 70
13	84 6
13	83 6
13	85 6
13	79 47
13	84 7
13	83 7
13	85 7
13	79 70
13	84 8
13	83 8
13	85 8
13	79 38
13	84 9
13	83 9
13	85 9
13	79 69
13	84 10
13	83 10
13	85 10
13	79 41
13	84 11
13	83 11
13	85 11
13	79 70
13	84 12
13	83 12
13	85 12
13	79 50
13	84 13
13	83 13
13	85 13
13	79 77
13	84 14
13	83 14
13	85 14
13	79 39
13	84 15
13	83 15
13	85 15
13	79 74
13	84 16
13	83 16
13	85 16
13	79 44
13	84 17
13	84 18
13	83 18
13	85 17
13	79 81
13	83 18
13	85 18
13	79 46
13	84 19
13	83 19
13	85 19
13	79 74
13	84 20
13	83 20
13	85 20
13	79 47
13	84 1
13	84 2
13	83 2
13	85 2
13	79 57
13	84 3
13	83 3
13	85 3
13	79 60
13	84 4
13	83 4
13	85 4
13	79 61
13	84 5
13	83 5
13	85 5
13	79 60
13	84 6
13	83 6
13	85 6
13	79 62
13	84 7
13	83 7
13	85 7
13	79 61
13	84 8
13	83 8
13	85 8
13	79 58
13	84 9
13	83 9
13	85 9
13	79 58
13	84 10
13	83 10
13	85 10
13	79 54
13	84 11
13	83 11
13	85 11
13	79 61
13	84 12
13	83 12
13	85 12
13	79 52
13	84 13
13	83 13
13	85 13
13	79 50
13	84 14
13	83 14
13	85 14
13	79 63
13	84 15
13	83 15
13	85 15
13	79 61
13	84 16
13	84 17
13	83 17
13	85 17
13	79 77
13	84 18
13	83 18
13	85 18
13	79 51
13	84 19
13	84 20
13	84 1
13	83 1
13	85 1
13	79 70
13	84 2
13	83 2
13	85 2
13	79 43
13	84 3
13	83 3
13	85 3
13	79 75
13	84 4
13	83 4
13	85 4
13	79 33
13	84 5
13	83 5
13	85 5
13	79 80
13	84 6
13	83 6
13	85 6
13	79 51
13	84 7
13	84 8
13	83 8
13	85 8
13	79 61
13	84 9
13	83 9
13	85 9
13	79 54
13	84 10
13	83 10
13	85 10
13	79 60
13	84 11
13	83 11
13	85 11
13	79 61
13	84 12
13	83 12
13	85 12
13	79 59
13	84 13
13	83 13
13	85 13
13	79 54
13	84 14
13	83 14
13	85 14
13	79 66
13	84 15
13	83 15
13	85 15
13	79 59
13	84 16
13	84 17
13	83 17
13	85 17
13	79 65
13	84 18
13	83 18
13	85 18
13	79 43
13	84 19
13	83 19
13	85 19
13	79 68
13	84 20
13	84 1
13	83 1
13	85 1
13	79 74
13	84 2
13	83 2
13	85 2
13	79 40
13	84 3
13	84 4
13	83 4
13	85 3
13	79 81
13	83 4
13	85 4
13	79 46
13	84 5
13	83 5
13	85 5
13	79 75
13	84 6
13	84 7
13	84 8
13	83 8
13	85 8
13	79 41
13	84 9
13	83 9
13	85 9
13	79 70
13	84 10
13	84 11
13	83 11
13	85 11
13	79 57
13	84 12
13	83 12
13	85 12
13	79 57
13	84 13
13	84 14
13	83 14
13	85 14
13	79 43
13	84 15
13	83 15
13	85 15
13	79 74
13	84 16
13	83 16
13	85 16
13	79 38
13	84 17
13	83 17
13	85 17
13	79 79
13	84 18
13	83 18
13	85 18
13	79 48
13	84 19
13	83 19
13	85 19
13	79 70
13	84 20
13	83 20
13	85 20
13	79 43
13	84 1
13	84 2
13	83 2
13	85 2
13	79 43
13	84 3
13	83 3
13	85 3
13	79 77
13	84 4
13	83 4
13	85 4
13	79 39
13	84 5
13	83 5
13	85 5
13	79 73
13	84 6
13	83 6
13	85 6
13	79 44
13	84 7
13	83 7
13	85 7
13	79 72
13	84 8
13	83 8
13	85 8
13	79 46
13	84 9
13	83 9
13	85 9
13	79 75
13	84 10
13	83 10
13	85 10
13	79 50
13	84 11
13	83 11
13	85 11
13	79 68
13	84 12
13	83 12
13	85 12
13	79 44
13	84 13
13	83 13
13	85 13
13	79 76
13	84 14
13	83 14
13	85 14
13	79 44
13	84 15
13	83 15
13	85 15
13	79 78
13	84 16
13	83 16
13	85 16
13	79 44
13	84 17
13	83 17
13	85 17
13	79 71
13	84 18
13	83 18
13	85 18
13	79 43
13	84 19
13	83 19
13	85 19
13	79 78
13	84 20
13	83 20
13	85 20
13	79 46
13	84 1
13	83 1
13	85 1
13	79 75
13	84 2
13	83 2
13	85 2
13	79 48
13	84 3
13	84 4
13	83 4
13	85 4
13	79 57
13	84 5
13	83 5
13	85 5
13	79 49
13	84 6
13	83 6
13	85 6
13	79 64
13	84 7
13	83 7
13	85 7
13	79 57
13	84 8
13	83 8
13	85 8
13	79 61
13	84 9
13	84 10
13	83 10
13	85 10
13	79 48
13	84 11
13	83 11
13	85 11
13	79 76
13	84 12
13	83 12
13	85 12
13	79 42
13	84 13
13	84 14
13	83 14
13	85 14
13	79 64
13	84 15
13	83 15
13	85 15
13	79 64
13	84 16
13	84 17
13	83 17
13	85 17
13	79 71
13	84 18
13	83 18
13	85 18
13	79 39
13	84 19
13	83 19
13	85 19
13	79 71
13	84 20
13	83 20
13	85 20
13	79 42
13	84 1
13	83 1
13	85 1
13	79 75
13	84 2
13	83 2
13	85 2
13	79 47
13	84 3
13	83 3
13	85 3
13	79 76
13	84 4
13	83 4
13	85 4
13	79 49
13	84 5
13	84 6
13	83 6
13	85 6
13	79 56
13	84 7
13	84 8
13	83 8
13	85 8
13	79 46
13	84 9
13	83 9
13	85 9
13	79 75
13	84 10
13	83 10
13	85 10
13	79 50
13	84 11
13	83 11
13	85 11
13	79 71
13	84 12
13	83 12
13	85 12
13	79 48
13	84 13
13	83 13
13	85 13
13	79 71
13	84 14
13	83 14
13	85 14
13	79 42
13	84 15
13	84 16
13	83 16
13	85 16
13	79 59
13	84 17
13	83 17
13	85 17
13	79 56
13	84 18
13	83 18
13	85 18
13	79 56
13	84 19
13	83 19
13	85 19
13	79 59
13	84 20
13	83 20
13	85 20
13	79 56
13	84 1
13	83 1
13	85 1
13	79 59
13	84 2
13	83 2
13	85 2
13	79 66
13	84 3
13	83 3
13	85 3
13	79 62
13	84 4
13	83 4
13	85 4
13	79 56
13	84 5
13	83 5
13	85 5
13	79 60
13	84 6
13	83 6
13	85 6
13	79 56
13	84 7
13	83 7
13	85 7
13	79 64
13	84 8
13	83 8
13	85 8
13	79 60
13	84 9
13	83 9
13	85 9
13	79 60
13	84 10
13	83 10
13	85 10
13	79 57
13	84 11
13	83 11
13	85 11
13	79 55
13	84 12
13	83 12
13	85 12
13	79 55
13	84 13
13	83 13
13	85 13
13	79 58
13	84 14
13	83 14
13	85 14
13	79 61
13	84 15
13	83 15
13	85 15
13	79 63
13	84 16
13	83 16
13	85 16
13	79 54
13	84 17
13	83 17
13	85 17
13	79 61
13	84 18
13	83 18
13	85 18
13	79 61
13	84 19
13	83 19
13	85 19
13	79 64
13	84 20
13	83 20
13	85 20
13	79 61
13	84 1
13	83 1
13	85 1
13	79 57
13	84 2
13	83 2
13	85 2
13	79 55
13	84 3
13	83 3
13	85 3
13	79 63
13	84 4
13	83 4
13	85 4
13	79 60
13	84 5
13	83 5
13	85 5
13	79 71
13	84 6
13	83 6
13	85 6
13	79 62
13	84 7
13	83 7
13	85 7
13	79 60
13	84 8
13	83 8
13	85 8
13	79 50
13	84 9
13	83 9
13	85 9
13	79 58
13	84 10
13	83 10
13	85 10
13	79 56
13	84 11
13	83 11
13	85 11
13	79 59
13	84 12
13	83 12
13	85 12
13	79 61
13	84 13
13	83 13
13	85 13
13	79 54
13	84 14
13	83 14
13	85 14
13	79 55
13	84 15
13	83 15
13	85 15
13	79 55
13	84 16
13	83 16
13	85 16
13	79 60
13	84 17
13	83 17
13	85 17
13	79 58
13	84 18
13	83 18
13	85 18
13	79 54
13	84 19
13	83 19
13	85 19
13	79 59
13	84 20
13	84 1
13	83 1
13	85 1
13	79 70
13	84 2
13	83 2
13	85 2
13	79 45
13	84 3
13	83 3
13	85 3
13	79 72
13	84 4
13	83 4
13	85 4
13	79 46
13	84 5
13	84 6
13	83 6
13	85 6
13	79 70
13	84 7
13	83 7
13	85 7
13	79 57
13	84 8
13	83 8
13	85 8
13	79 63
13	84 9
13	83 9
13	85 9
13	79 59
13	84 10
13	83 10
13	85 10
13	79 55
13	84 11
13	83 11
13	85 11
13	79 60
13	84 12
13	83 12
13	85 12
13	79 55
13	84 13
13	83 13
13	85 13
13	79 62
13	84 14
13	84 15
13	83 15
13	85 15
13	79 71
13	84 16
13	83 16
13	85 16
13	79 44
13	84 17
13	83 17
13	85 17
13	79 72
13	84 18
13	83 18
13	85 18
13	79 41
13	84 19
13	84 20
13	83 20
13	85 19
13	79 80
13	83 20
13	85 20
13	79 45
13	84 1
13	83 1
13	85 1
13	79 74
13	84 2
13	83 2
13	85 2
13	79 44
13	84 3
13	83 3
13	85 3
13	79 74
13	84 4
13	83 4
13	85 4
13	79 51
13	84 5
13	83 5
13	85 5
13	79 67
13	84 6
13	83 6
13	85 6
13	79 42
13	84 7
13	84 8
13	83 8
13	85 8
13	79 60
13	84 9
13	83 9
13	85 9
13	79 59
13	84 10
13	TEST_NUMBER 0
13	SENT_TOTAL 250
13	RECEIVED_TOTAL 222
13	TIME_TOTAL 19774
13	RECEIVED_RADIO_1 110
13	RECEIVED_RADIO_2 112
13	SENT_RADIO_1 125
13	SENT_RADIO_2 124
13	RADIO_TIME_1 19763
13	RADIO_TIME_2 19763
13	RETRANSMISSIONS_1 0
13	RETRANSMISSIONS_2 0
13	DROPPED_1 0
13	DROPPED_2 0
13	MAX_QUEUE 1
13	DUPLICATED_1 0
13	DUPLICATED_2 0
13	EBUSY_RADIO_1 0
13	EBUSY_RADIO_2 0
13	83 0
13	85 10
13	86 0
13	84 1
13	83 1
13	85 1
13	79 58
13	84 2
13	84 3
13	83 3
13	85 3
13	79 74
13	84 4
13	84 5
13	83 5
13	85 5
13	79 51
13	84 6
13	83 6
13	85 6
13	79 57
13	84 7
13	83 7
13	85 7
13	79 59
13	84 8
13	84 9
13	83 9
13	85 9
13	79 76
13	84 10
13	84 11
13	83 11
13	85 11
13	79 65
13	84 12
13	83 12
13	85 12
13	79 58
13	84 13
13	83 13
13	85 13
13	79 52
13	84 14
13	84 15
13	83 15
13	85 15
13	79 77
13	84 16
13	84 17
13	83 17
13	85 17
13	79 55
13	84 18
13	84 19
13	83 19
13	85 19
13	79 63
13	84 20
13	84 1
13	83 1
13	85 1
13	79 61
13	84 2
13	83 2
13	85 2
13	79 60
13	84 3
13	83 3
13	85 3
13	79 50
13	84 4
13	83 4
13	85 4
13	79 55
13	84 5
13	83 5
13	85 5
13	79 56
13	84 6
13	83 6
13	85 6
13	79 52
13	84 7
13	83 7
13	85 7
13	79 69
13	84 8
13	83 8
13	85 8
13	79 53
13	84 9
13	83 9
13	85 9
13	79 65
13	84 10
13	83 10
13	85 10
13	79 65
13	84 11
13	83 11
13	85 11
13	79 65
13	84 12
13	83 12
13	85 12
13	79 58
13	84 13
13	83 13
13	85 13
13	79 56
13	84 14
13	84 15
13	83 15
13	85 15
13	79 59
13	84 16
13	83 16
13	85 16
13	79 62
13	84 17
13	83 17
13	85 17
13	79 66
13	84 18
13	83 18
13	85 18
13	79 63
13	84 19
13	83 19
13	85 19
13	79 62
13	84 20
13	83 20
13	85 20
13	79 63
13	84 1
13	83 1
13	85 1
13	79 67
13	84 2
13	83 2
13	85 2
13	79 59
13	84 3
13	83 3
13	85 3
13	79 60
13	84 4
13	83 4
13	85 4
13	79 61
13	84 5
13	84 6
13	83 6
13	85 6
13	79 45
13	84 7
13	83 7
13	85 7
13	79 69
13	84 8
13	83 8
13	85 8
13	79 47
13	84 9
13	83 9
13	85 9
13	79 71
13	84 10
13	83 10
13	85 10
13	79 46
13	84 11
13	83 11
13	85 11
13	79 67
13	84 12
13	83 12
13	85 12
13	79 41
13	84 13
13	83 13
13	85 13
13	79 75
13	84 14
13	83 14
13	85 14
13	79 40
13	84 15
13	83 15
13	85 15
13	79 78
13	84 16
13	83 16
13	85 16
13	79 38
13	84 17
13	84 18
13	83 18
13	85 18
13	79 37
13	84 19
13	84 20
13	83 20
13	85 20
13	79 42
13	84 1
13	83 1
13	85 1
13	79 77
13	84 2
13	83 2
13	85 2
13	79 43
13	84 3
13	83 3
13	85 3
13	79 75
13	84 4
13	83 4
13	85 4
13	79 43
13	84 5
13	83 5
13	85 5
13	79 66
13	84 6
13	83 6
13	85 6
13	79 41
13	84 7
13	84 8
13	83 8
13	85 8
13	79 43
13	84 9
13	83 9
13	85 9
13	79 71
13	84 10
13	83 10
13	85 10
13	79 37
13	84 11
13	84 12
13	83 12
13	85 12
13	79 44
13	84 13
13	83 13
13	85 13
13	79 70
13	84 14
13	83 14
13	85 14
13	79 46
13	84 15
13	83 15
13	85 15
13	79 76
13	84 16
13	83 16
13	85 16
13	79 44
13	84 17
13	83 17
13	85 17
13	79 71
13	84 18
13	83 18
13	85 18
13	79 41
13	84 19
13	84 20
13	83 20
13	85 20
13	79 51
13	84 1
13	84 2
13	83 2
13	85 2
13	79 45
13	84 3
13	84 4
13	83 4
13	85 4
13	79 45
13	84 5
13	83 5
13	85 5
13	79 69
13	84 6
13	83 6
13	85 6
13	79 49
13	84 7
13	83 7
13	85 7
13	79 70
13	84 8
13	83 8
13	85 8
13	79 41
13	84 9
13	84 10
13	83 10
13	85 10
13	79 42
13	84 11
13	84 12
13	83 12
13	85 11
13	79 84
13	83 12
13	85 12
13	79 42
13	84 13
13	83 13
13	85 13
13	79 77
13	84 14
13	83 14
13	85 14
13	79 42
13	84 15
13	83 15
13	85 15
13	79 75
13	84 16
13	83 16
13	85 16
13	79 44
13	84 17
13	84 18
13	83 18
13	85 18
13	79 55
13	84 19
13	83 19
13	85 19
13	79 61
13	84 20
13	83 20
13	85 20
13	79 55
13	84 1
13	84 2
13	83 2
13	85 2
13	79 42
13	84 3
13	84 4
13	83 4
13	85 3
13	79 81
13	83 4
13	85 4
13	79 42
13	84 5
13	83 5
13	85 5
13	79 78
13	84 6
13	83 6
13	85 6
13	79 45
13	84 7
13	84 8
13	83 8
13	85 7
13	79 82
13	83 8
13	85 8
13	79 47
13	84 9
13	84 10
13	83 10
13	85 9
13	79 82
13	83 10
13	85 10
13	79 43
13	84 11
13	83 11
13	85 11
13	79 60
13	84 12
13	83 12
13	85 12
13	79 42
13	84 13
13	83 13
13	85 13
13	79 78
13	84 14
13	83 14
13	85 14
13	79 46
13	84 15
13	84 16
13	83 16
13	85 16
13	79 45
13	84 17
13	83 17
13	85 17
13	79 67
13	84 18
13	83 18
13	85 18
13	79 42
13	84 19
13	83 19
13	85 19
13	79 74
13	84 20
13	83 20
13	85 20
13	79 44
13	84 1
13	83 1
13	85 1
13	79 70
13	84 2
13	83 2
13	85 2
13	79 49
13	84 3
13	84 4
13	83 4
13	85 4
13	79 57
13	84 5
13	83 5
13	85 5
13	79 60
13	84 6
13	83 6
13	85 6
13	79 56
13	84 7
13	84 8
13	83 8
13	85 8
13	79 47
13	84 9
13	83 9
13	85 9
13	79 68
13	84 10
13	83 10
13	85 10
13	79 41
13	84 11
13	83 11
13	85 11
13	79 72
13	84 12
13	83 12
13	85 12
13	79 49
13	84 13
13	83 13
13	85 13
13	79 68
13	84 14
13	83 14
13	85 14
13	79 40
13	84 15
13	83 15
13	85 15
13	79 73
13	84 16
13	83 16
13	85 16
13	79 45
13	84 17
13	84 18
13	83 18
13	85 17
13	79 81
13	84 19
13	83 19
13	85 19
13	79 58
13	84 20
13	84 1
13	83 1
13	85 1
13	79 72
13	84 2
13	83 2
13	85 2
13	79 49
13	84 3
13	84 4
13	83 4
13	85 3
13	79 82
13	83 4
13	85 4
13	79 33
13	84 5
13	83 5
13	85 5
13	79 73
13	84 6
13	83 6
13	85 6
13	79 40
13	84 7
13	83 7
13	85 7
13	79 70
13	84 8
13	83 8
13	85 8
13	79 42
13	84 9
13	84 10
13	84 11
13	83 11
13	85 11
13	79 63
13	84 12
13	83 12
13	85 12
13	79 56
13	84 13
13	83 13
13	85 13
13	79 55
13	84 14
13	83 14
13	85 14
13	79 58
13	84 15
13	83 15
13	85 15
13	79 59
13	84 16
13	83 16
13	85 16
13	79 58
13	84 17
13	83 17
13	85 17
13	79 56
13	84 18
13	83 18
13	85 18
13	79 59
13	84 19
13	83 19
13	85 19
13	79 59
13	84 20
13	83 20
13	85 20
13	79 54
13	84 1
13	83 1
13	85 1
13	79 62
13	84 2
13	83 2
13	85 2
13	79 65
13	84 3
13	83 3
13	85 3
13	79 63
13	84 4
13	83 4
13	85 4
13	79 53
13	84 5
13	83 5
13	85 5
13	79 57
13	84 6
13	83 6
13	85 6
13	79 55
13	84 7
13	83 7
13	85 7
13	79 63
13	84 8
13	83 8
13	85 8
13	79 64
13	84 9
13	83 9
13	85 9
13	79 59
13	84 10
13	84 11
13	83 11
13	85 11
13	79 62
13	84 12
13	83 12
13	85 12
13	79 58
13	84 13
13	84 14
13	83 14
13	85 14
13	79 41
13	84 15
13	83 15
13	85 15
13	79 65
13	84 16
13	83 16
13	85 16
13	79 46
13	84 17
13	83 17
13	85 17
13	79 73
13	84 18
13	83 18
13	85 18
13	79 44
13	84 19
13	83 19
13	85 19
13	79 70
13	84 20
13	83 20
13	85 20
13	79 37
13	84 1
13	83 1
13	85 1
13	79 71
13	84 2
13	83 2
13	85 2
13	79 45
13	84 3
13	83 3
13	85 3
13	79 73
13	84 4
13	83 4
13	85 4
13	79 42
13	84 5
13	84 6
13	83 6
13	85 6
13	79 52
13	84 7
13	83 7
13	85 7
13	79 61
13	84 8
13	83 8
13	85 8
13	79 66
13	84 9
13	84 10
13	83 10
13	85 10
13	79 45
13	84 11
13	83 11
13	85 11
13	79 78
13	84 12
13	83 12
13	85 12
13	79 46
13	84 13
13	84 14
13	83 14
13	85 14
13	79 44
13	84 15
13	83 15
13	85 15
13	79 71
13	84 16
13	83 16
13	85 16
13	79 51
13	84 17
13	83 17
13	85 17
13	79 70
13	84 18
13	83 18
13	85 18
13	79 47
13	84 19
13	83 19
13	85 19
13	79 79
13	84 20
13	83 20
13	85 20
13	79 51
13	84 1
13	83 1
13	85 1
13	79 68
13	84 2
13	83 2
13	85 2
13	79 42
13	84 3
13	83 3
13	85 3
13	79 72
13	84 4
13	83 4
13	85 4
13	79 45
13	84 5
13	84 6
13	83 6
13	85 6
13	79 41
13	84 7
13	83 7
13	85 7
13	79 78
13	84 8
13	83 8
13	85 8
13	79 44
13	84 9
13	83 9
13	85 9
13	79 73
13	84 10
13	83 10
13	85 10
13	79 46
13	84 11
13	83 11
13	85 11
13	79 71
13	84 12
13	83 12
13	85 12
13	79 44
13	84 13
13	83 13
13	85 13
13	79 72
13	84 14
13	83 14
13	85 14
13	79 40
13	84 15
13	83 15
13	85 15
13	79 76
13	84 16
13	83 16
13	85 16
13	79 48
13	84 17
13	83 17
13	85 17
13	79 69
13	84 18
13	83 18
13	85 18
13	79 48
13	84 19
13	83 19
13	85 19
13	79 66
13	84 20
13	83 20
13	85 20
13	79 45
13	84 1
13	83 1
13	85 1
13	79 73
13	84 2
13	83 2
13	85 2
13	79 51
13	84 3
13	83 3
13	85 3
13	79 68
13	84 4
13	83 4
13	85 4
13	79 45
13	84 5
13	84 6
13	83 6
13	85 6
13	79 40
13	84 7
13	83 7
13	85 7
13	79 71
13	84 8
13	83 8
13	85 8
13	79 45
13	84 9
13	84 10
13	83 10
13	85 10
13	79 43
13	84 11
13	83 11
13	85 11
13	79 68
13	84 12
13	83 12
13	85 12
13	79 52
13	84 13
13	84 14
13	83 14
13	85 14
13	79 44
13	84 15
13	84 16
13	83 16
13	85 16
13	79 68
13	84 17
13	83 17
13	85 17
13	79 61
13	84 18
13	84 19
13	83 19
13	85 19
13	79 66
13	84 20
13	83 20
13	85 20
13	79 38
13	84 1
13	83 1
13	85 1
13	79 79
13	84 2
13	83 2
13	85 2
13	79 46
13	84 3
13	84 4
13	83 4
13	85 4
13	79 62
13	84 5
13	83 5
13	85 5
13	79 60
13	84 6
13	83 6
13	85 6
13	79 55
13	84 7
13	83 7
13	85 7
13	79 62
13	84 8
13	83 8
13	85 8
13	79 54
13	84 9
13	83 9
13	85 9
13	79 53
13	84 10
13	TEST_NUMBER 1
13	SENT_TOTAL 250
13	RECEIVED_TOTAL 210
13	TIME_TOTAL 29801
13	RECEIVED_RADIO_1 97
13	RECEIVED_RADIO_2 114
13	SENT_RADIO_1 125
13	SENT_RADIO_2 125
13	RADIO_TIME_1 29748
13	RADIO_TIME_2 19785
13	RETRANSMISSIONS_1 0
13	RETRANSMISSIONS_2 0
13	DROPPED_1 0
13	DROPPED_2 0
13	MAX_QUEUE 1
13	DUPLICATED_1 0
13	DUPLICATED_2 0
13	EBUSY_RADIO_1 0
13	EBUSY_RADIO_2 0
13	83 0
13	85 10
13	86 1
13	84 1
13	83 1
13	85 1
13	79 64
13	84 2
13	83 2
13	85 2
13	79 66
13	84 3
13	83 3
13	85 3
13	79 60
13	84 4
13	84 5
13	83 5
13	85 5
13	79 63
13	84 6
13	83 6
13	85 6
13	79 45
13	84 7
13	83 7
13	85 7
13	79 80
13	84 8
13	83 8
13	85 8
13	79 47
13	84 9
13	83 9
13	85 9
13	79 78
13	84 10
13	83 10
13	85 10
13	79 40
13	84 11
13	84 12
13	83 12
13	85 12
13	79 64
13	84 13
13	83 13
13	85 13
13	79 66
13	84 14
13	83 14
13	85 14
13	79 62
13	84 15
13	84 16
13	83 16
13	85 16
13	79 42
13	84 17
13	83 17
13	85 17
13	79 75
13	84 18
13	83 18
13	85 18
13	79 45
13	84 19
13	83 19
13	85 19
13	79 70
13	84 20
13	83 20
13	85 20
13	79 41
13	84 1
13	83 1
13	85 1
13	79 78
13	84 2
13	83 2
13	85 2
13	79 40
13	84 3
13	83 3
13	85 3
13	79 70
13	84 4
13	83 4
13	85 4
13	79 37
13	84 5
13	83 5
13	85 5
13	79 72
13	84 6
13	83 6
13	85 6
13	79 41
13	84 7
13	83 7
13	85 7
13	79 67
13	84 8
13	83 8
13	85 8
13	79 51
13	84 9
13	83 9
13	85 9
13	79 75
13	84 10
13	83 10
13	85 10
13	79 42
13	84 11
13	83 11
13	85 11
13	79 77
13	84 12
13	83 12
13	85 12
13	79 43
13	84 13
13	83 13
13	85 13
13	79 70
13	84 14
13	83 14
13	85 14
13	79 42
13	84 15
13	83 15
13	85 15
13	79 71
13	84 16
13	83 16
13	85 16
13	79 51
13	84 17
13	83 17
13	85 17
13	79 78
13	84 18
13	83 18
13	85 18
13	79 40
13	84 19
13	83 19
13	85 19
13	79 69
13	84 20
13	83 20
13	85 20
13	79 46
13	84 1
13	83 1
13	85 1
13	79 76
13	84 2
13	83 2
13	85 2
13	79 37
13	84 3
13	83 3
13	85 3
13	79 76
13	84 4
13	83 4
13	85 4
13	79 42
13	84 5
13	83 5
13	85 5
13	79 77
13	84 6
13	83 6
13	85 6
13	79 45
13	84 7
13	84 8
13	83 8
13	85 7
13	79 85
13	83 8
13	85 8
13	79 49
13	84 9
13	83 9
13	85 9
13	79 76
13	84 10
13	83 10
13	85 10
13	79 44
13	84 11
13	83 11
13	85 11
13	79 78
13	84 12
13	83 12
13	85 12
13	79 45
13	84 13
13	84 14
13	83 14
13	85 14
13	79 59
13	84 15
13	83 15
13	85 15
13	79 62
13	84 16
13	83 16
13	85 16
13	79 59
13	84 17
13	84 18
13	83 18
13	85 18
13	79 47
13	84 19
13	83 19
13	85 19
13	79 74
13	84 20
13	83 20
13	85 20
13	79 43
13	84 1
13	84 2
13	83 2
13	85 2
13	79 59
13	84 3
13	83 3
13	85 3
13	79 62
13	84 4
13	83 4
13	85 4
13	79 59
13	84 5
13	83 5
13	85 5
13	79 56
13	84 6
13	83 6
13	85 6
13	79 59
13	84 7
13	83 7
13	85 7
13	79 65
13	84 8
13	83 8
13	85 8
13	79 56
13	84 9
13	83 9
13	85 9
13	79 52
13	84 10
13	84 11
13	83 11
13	85 11
13	79 74
13	84 12
13	83 12
13	85 12
13	79 43
13	84 13
13	83 13
13	85 13
13	79 78
13	84 14
13	83 14
13	85 14
13	79 42
13	84 15
13	83 15
13	85 15
13	79 74
13	84 16
13	83 16
13	85 16
13	79 48
13	84 17
13	83 17
13	85 17
13	79 73
13	84 18
13	83 18
13	85 18
13	79 37
13	84 19
13	83 19
13	85 19
13	79 77
13	84 20
13	83 20
13	85 20
13	79 52
13	84 1
13	83 1
13	85 1
13	79 75
13	84 2
13	83 2
13	85 2
13	79 47
13	84 3
13	84 4
13	83 4
13	85 3
13	79 82
13	83 4
13	85 4
13	79 42
13	84 5
13	84 6
13	83 6
13	85 6
13	79 61
13	84 7
13	83 7
13	85 7
13	79 64
13	84 8
13	83 8
13	85 8
13	79 58
13	84 9
13	83 9
13	85 9
13	79 65
13	84 10
13	83 10
13	85 10
13	79 53
13	84 11
13	83 11
13	85 11
13	79 55
13	84 12
13	83 12
13	85 12
13	79 60
13	84 13
13	83 13
13	85 13
13	79 58
13	84 14
13	83 14
13	85 14
13	79 61
13	84 15
13	83 15
13	85 15
13	79 64
13	84 16
13	83 16
13	85 16
13	79 63
13	84 17
13	84 18
13	83 18
13	85 18
13	79 44
13	84 19
13	84 20
13	83 20
13	85 20
13	79 50
13	84 1
13	83 1
13	85 1
13	79 74
13	84 2
13	83 2
13	85 2
13	79 43
13	84 3
13	83 3
13	85 3
13	79 74
13	84 4
13	83 4
13	85 4
13	79 48
13	84 5
13	83 5
13	85 5
13	79 74
13	84 6
13	83 6
13	85 6
13	79 45
13	84 7
13	83 7
13	85 7
13	79 79
13	84 8
13	83 8
13	85 8
13	79 46
13	84 9
13	83 9
13	85 9
13	79 75
13	84 10
13	83 10
13	85 10
13	79 41
13	84 11
13	83 11
13	85 11
13	79 78
13	84 12
13	83 12
13	85 12
13	79 44
13	84 13
13	83 13
13	85 13
13	79 66
13	84 14
13	83 14
13	85 14
13	79 49
13	84 15
13	83 15
13	85 15
13	79 72
13	84 16
13	83 16
13	85 16
13	79 39
13	84 17
13	83 17
13	85 17
13	79 72
13	84 18
13	83 18
13	85 18
13	79 42
13	84 19
13	83 19
13	85 19
13	79 68
13	84 20
13	83 20
13	85 20
13	79 49
13	84 1
13	84 2
13	83 2
13	85 2
13	79 65
13	84 3
13	83 3
13	85 3
13	79 46
13	84 4
13	83 4
13	85 4
13	79 60
13	84 5
13	83 5
13	85 5
13	79 63
13	84 6
13	83 6
13	85 6
13	79 61
13	84 7
13	83 7
13	85 7
13	79 60
13	84 8
13	83 8
13	85 8
13	79 62
13	84 9
13	83 9
13	85 9
13	79 62
13	84 10
13	83 10
13	85 10
13	79 67
13	84 11
13	83 11
13	85 11
13	79 58
13	84 12
13	84 13
13	83 13
13	85 13
13	79 63
13	84 14
13	83 14
13	85 14
13	79 58
13	84 15
13	83 15
13	85 15
13	79 55
13	84 16
13	83 16
13	85 16
13	79 52
13	84 17
13	84 18
13	83 18
13	85 18
13	79 62
13	84 19
13	83 19
13	85 19
13	79 58
13	84 20
13	83 20
13	85 20
13	79 54
13	84 1
13	83 1
13	85 1
13	79 60
13	84 2
13	83 2
13	85 2
13	79 50
13	84 3
13	83 3
13	85 3
13	79 54
13	84 4
13	83 4
13	85 4
13	79 63
13	84 5
13	83 5
13	85 5
13	79 61
13	84 6
13	83 6
13	85 6
13	79 62
13	84 7
13	83 7
13	85 7
13	79 54
13	84 8
13	83 8
13	85 8
13	79 63
13	84 9
13	83 9
13	85 9
13	79 61
13	84 10
13	83 10
13	85 10
13	79 61
13	84 11
13	83 11
13	85 11
13	79 63
13	84 12
13	83 12
13	85 12
13	79 60
13	84 13
13	83 13
13	85 13
13	79 50
13	84 14
13	83 14
13	85 14
13	79 60
13	84 15
13	83 15
13	85 15
13	79 56
13	84 16
13	83 16
13	85 16
13	79 59
13	84 17
13	83 17
13	85 17
13	79 62
13	84 18
13	83 18
13	85 18
13	79 61
13	84 19
13	83 19
13	85 19
13	79 52
13	84 20
13	83 20
13	85 20
13	79 57
13	84 1
13	83 1
13	85 1
13	79 58
13	84 2
13	83 2
13	85 2
13	79 59
13	84 3
13	83 3
13	85 3
13	79 54
13	84 4
13	83 4
13	85 4
13	79 52
13	84 5
13	83 5
13	85 5
13	79 56
13	84 6
13	83 6
13	85 6
13	79 57
13	84 7
13	83 7
13	85 7
13	79 58
13	84 8
13	83 8
13	85 8
13	79 63
13	84 9
13	83 9
13	85 9
13	79 57
13	84 10
13	83 10
13	85 10
13	79 64
13	84 11
13	83 11
13	85 11
13	79 54
13	84 12
13	83 12
13	85 12
13	79 64
13	84 13
13	83 13
13	85 13
13	79 63
13	84 14
13	83 14
13	85 14
13	79 59
13	84 15
13	83 15
13	85 15
13	79 59
13	84 16
13	83 16
13	85 16
13	79 48
13	84 17
13	83 17
13	85 17
13	79 58
13	84 18
13	83 18
13	85 18
13	79 55
13	84 19
13	83 19
13	85 19
13	79 52
13	84 20
13	83 20
13	85 20
13	79 55
13	84 1
13	83 1
13	85 1
13	79 56
13	84 2
13	83 2
13	85 2
13	79 52
13	84 3
13	84 4
13	83 4
13	85 4
13	79 48
13	84 5
13	83 5
13	85 5
13	79 74
13	84 6
13	83 6
13	85 6
13	79 44
13	84 7
13	83 7
13	85 7
13	79 73
13	84 8
13	83 8
13	85 8
13	79 45
13	84 9
13	83 9
13	85 9
13	79 68
13	84 10
13	83 10
13	85 10
13	79 39
13	84 11
13	83 11
13	85 11
13	79 75
13	84 12
13	83 12
13	85 12
13	79 47
13	84 13
13	83 13
13	85 13
13	79 77
13	84 14
13	83 14
13	85 14
13	79 44
13	84 15
13	83 15
13	85 15
13	79 80
13	84 16
13	83 16
13	85 16
13	79 43
13	84 17
13	83 17
13	85 17
13	79 69
13	84 18
13	83 18
13	85 18
13	79 50
13	84 19
13	83 19
13	85 19
13	79 63
13	84 20
13	83 20
13	85 20
13	79 42
13	84 1
13	83 1
13	85 1
13	79 76
13	84 2
13	83 2
13	85 2
13	79 44
13	84 3
13	83 3
13	85 3
13	79 73
13	84 4
13	83 4
13	85 4
13	79 45
13	84 5
13	83 5
13	85 5
13	79 74
13	84 6
13	84 7
13	83 7
13	85 7
13	79 59
13	84 8
13	83 8
13	85 8
13	79 62
13	84 9
13	83 9
13	85 9
13	79 61
13	84 10
13	83 10
13	85 10
13	79 61
13	84 11
13	83 11
13	85 11
13	79 56
13	84 12
13	83 12
13	85 12
13	79 58
13	84 13
13	83 13
13	85 13
13	79 61
13	84 14
13	83 14
13	85 14
13	79 55
13	84 15
13	83 15
13	85 15
13	79 66
13	84 16
13	83 16
13	85 16
13	79 61
13	84 17
13	83 17
13	85 17
13	79 63
13	84 18
13	83 18
13	85 18
13	79 52
13	84 19
13	83 19
13	85 19
13	79 63
13	84 20
13	83 20
13	85 20
13	79 66
13	84 1
13	83 1
13	85 1
13	79 61
13	84 2
13	83 2
13	85 2
13	79 61
13	84 3
13	83 3
13	85 3
13	79 57
13	84 4
13	83 4
13	85 4
13	79 57
13	84 5
13	83 5
13	85 5
13	79 64
13	84 6
13	83 6
13	85 6
13	79 55
13	84 7
13	83 7
13	85 7
13	79 55
13	84 8
13	83 8
13	85 8
13	79 57
13	84 9
13	83 9
13	85 9
13	79 61
13	84 10
13	83 10
13	85 10
13	79 58
13	84 11
13	83 11
13	85 11
13	79 55
13	84 12
13	83 12
13	85 12
13	79 58
13	84 13
13	83 13
13	85 13
13	79 61
13	84 14
13	83 14
13	85 14
13	79 57
13	84 15
13	83 15
13	85 15
13	79 56
13	84 16
13	83 16
13	85 16
13	79 66
13	84 17
13	83 17
13	85 17
13	79 62
13	84 18
13	84 19
13	83 19
13	85 19
13	79 54
13	84 20
13	83 20
13	85 20
13	79 66
13	84 1
13	83 1
13	85 1
13	79 59
13	84 2
13	84 3
13	83 3
13	85 3
13	79 61
13	84 4
13	83 4
13	85 4
13	79 59
13	84 5
13	84 6
13	83 6
13	85 6
13	79 43
13	84 7
13	83 7
13	85 7
13	79 72
13	84 8
13	83 8
13	85 8
13	79 43
13	84 9
13	84 10
13	TEST_NUMBER 2
13	SENT_TOTAL 250
13	RECEIVED_TOTAL 230
13	TIME_TOTAL 29706
13	RECEIVED_RADIO_1 114
13	RECEIVED_RADIO_2 117
13	SENT_RADIO_1 125
13	SENT_RADIO_2 125
13	RADIO_TIME_1 29743
13	RADIO_TIME_2 19779
13	RETRANSMISSIONS_1 0
13	RETRANSMISSIONS_2 0
13	DROPPED_1 0
13	DROPPED_2 0
13	MAX_QUEUE 1
13	DUPLICATED_1 0
13	DUPLICATED_2 0
13	EBUSY_RADIO_1 0
13	EBUSY_RADIO_2 0
13	83 0
13	85 10
13	86 2
13	84 1
13	83 1
13	85 1
13	79 51
13	84 2
13	83 2
13	85 2
13	79 64
13	84 3
13	83 3
13	85 3
13	79 54
13	84 4
13	84 5
13	83 5
13	85 5
13	79 57
13	84 6
13	83 6
13	85 6
13	79 58
13	84 7
13	84 8
13	83 8
13	85 8
13	79 42
13	84 9
13	84 10
13	83 10
13	85 9
13	79 83
13	83 10
13	85 10
13	79 53
13	84 11
13	84 12
13	83 12
13	85 12
13	79 60
13	84 13
13	83 13
13	85 13
13	79 67
13	84 14
13	83 14
13	85 14
13	79 47
13	84 15
13	84 16
13	83 16
13	85 16
13	79 42
13	84 17
13	83 17
13	85 17
13	79 64
13	84 18
13	83 18
13	85 18
13	79 39
13	84 19
13	84 20
13	83 20
13	85 20
13	79 63
13	84 1
13	83 1
13	85 1
13	79 53
13	84 2
13	83 2
13	85 2
13	79 57
13	84 3
13	84 4
13	83 4
13	85 4
13	79 53
13	84 5
13	83 5
13	85 5
13	79 76
13	84 6
13	83 6
13	85 6
13	79 45
13	84 7
13	83 7
13	85 7
13	79 79
13	84 8
13	83 8
13	85 8
13	79 45
13	84 9
13	83 9
13	85 9
13	79 76
13	84 10
13	83 10
13	85 10
13	79 43
13	84 11
13	83 11
13	85 11
13	79 71
13	84 12
13	83 12
13	85 12
13	79 38
13	84 13
13	83 13
13	85 13
13	79 72
13	84 14
13	83 14
13	85 14
13	79 49
13	84 15
13	83 15
13	85 15
13	79 76
13	84 16
13	83 16
13	85 16
13	79 46
13	84 17
13	83 17
13	85 17
13	79 68
13	84 18
13	83 18
13	85 18
13	79 45
13	84 19
13	83 19
13	85 19
13	79 71
13	84 20
13	83 20
13	85 20
13	79 49
13	84 1
13	83 1
13	85 1
13	79 76
13	84 2
13	83 2
13	85 2
13	79 38
13	84 3
13	83 3
13	85 3
13	79 70
13	84 4
13	83 4
13	85 4
13	79 45
13	84 5
13	83 5
13	85 5
13	79 78
13	84 6
13	83 6
13	85 6
13	79 41
13	84 7
13	83 7
13	85 7
13	79 72
13	84 8
13	83 8
13	85 8
13	79 38
13	84 9
13	83 9
13	85 9
13	79 74
13	84 10
13	83 10
13	85 10
13	79 44
13	84 11
13	83 11
13	85 11
13	79 66
13	84 12
13	83 12
13	85 12
13	79 44
13	84 13
13	83 13
13	85 13
13	79 73
13	84 14
13	84 15
13	83 15
13	85 15
13	79 57
13	84 16
13	83 16
13	85 16
13	79 65
13	84 17
13	83 17
13	85 17
13	79 57
13	84 18
13	83 18
13	85 18
13	79 63
13	84 19
13	83 19
13	85 19
13	79 54
13	84 20
13	84 1
13	83 1
13	85 1
13	79 78
13	84 2
13	83 2
13	85 2
13	79 44
13	84 3
13	83 3
13	85 3
13	79 73
13	84 4
13	83 4
13	85 4
13	79 45
13	84 5
13	83 5
13	85 5
13	79 70
13	84 6
13	83 6
13	85 6
13	79 42
13	84 7
13	83 7
13	85 7
13	79 69
13	84 8
13	83 8
13	85 8
13	79 44
13	84 9
13	83 9
13	85 9
13	79 69
13	84 10
13	83 10
13	85 10
13	79 40
13	84 11
13	83 11
13	85 11
13	79 72
13	84 12
13	83 12
13	85 12
13	79 47
13	84 13
13	83 13
13	85 13
13	79 69
13	84 14
13	83 14
13	85 14
13	79 40
13	84 15
13	83 15
13	85 15
13	79 77
13	84 16
13	83 16
13	85 16
13	79 43
13	84 17
13	83 17
13	85 17
13	79 74
13	84 18
13	83 18
13	85 18
13	79 40
13	84 19
13	83 19
13	85 19
13	79 78
13	84 20
13	83 20
13	85 20
13	79 42
13	84 1
13	83 1
13	85 1
13	79 78
13	84 2
13	83 2
13	85 2
13	79 46
13	84 3
13	83 3
13	85 3
13	79 74
13	84 4
13	83 4
13	85 4
13	79 47
13	84 5
13	83 5
13	85 5
13	79 74
13	84 6
13	83 6
13	85 6
13	79 43
13	84 7
13	83 7
13	85 7
13	79 76
13	84 8
13	83 8
13	85 8
13	79 46
13	84 9
13	83 9
13	85 9
13	79 78
13	84 10
13	83 10
13	85 10
13	79 39
13	84 11
13	83 11
13	85 11
13	79 73
13	84 12
13	83 12
13	85 12
13	79 42
13	84 13
13	84 14
13	83 14
13	85 14
13	79 49
13	84 15
13	83 15
13	85 15
13	79 75
13	84 16
13	83 16
13	85 16
13	79 46
13	84 17
13	83 17
13	85 17
13	79 79
13	84 18
13	83 18
13	85 18
13	79 42
13	84 19
13	83 19
13	85 19
13	79 75
13	84 20
13	83 20
13	85 20
13	79 46
13	84 1
13	83 1
13	85 1
13	79 73
13	84 2
13	83 2
13	85 2
13	79 50
13	84 3
13	83 3
13	85 3
13	79 69
13	84 4
13	83 4
13	85 4
13	79 45
13	84 5
13	83 5
13	85 5
13	79 75
13	84 6
13	83 6
13	85 6
13	79 40
13	84 7
13	83 7
13	85 7
13	79 70
13	84 8
13	83 8
13	85 8
13	79 39
13	84 9
13	83 9
13	85 9
13	79 70
13	84 10
13	83 10
13	85 10
13	79 43
13	84 11
13	84 12
13	83 12
13	85 11
13	79 84
13	83 12
13	85 12
13	79 46
13	84 13
13	84 14
13	83 14
13	85 13
13	79 83
13	83 14
13	85 14
13	79 42
13	84 15
13	83 15
13	85 15
13	79 76
13	84 16
13	83 16
13	85 16
13	79 44
13	84 17
13	83 17
13	85 17
13	79 73
13	84 18
13	83 18
13	85 18
13	79 45
13	84 19
13	83 19
13	85 19
13	79 67
13	84 20
13	83 20
13	85 20
13	79 42
13	84 1
13	83 1
13	85 1
13	79 73
13	84 2
13	83 2
13	85 2
13	79 41
13	84 3
13	83 3
13	85 3
13	79 73
13	84 4
13	83 4
13	85 4
13	79 45
13	84 5
13	83 5
13	85 5
13	79 75
13	84 6
13	83 6
13	85 6
13	79 47
13	84 7
13	84 8
13	83 8
13	85 7
13	79 86
13	83 8
13	85 8
13	79 49
13	84 9
13	83 9
13	85 9
13	79 76
13	84 10
13	83 10
13	85 10
13	79 46
13	84 11
13	83 11
13	85 11
13	79 61
13	84 12
13	83 12
13	85 12
13	79 39
13	84 13
13	83 13
13	85 13
13	79 70
13	84 14
13	83 14
13	85 14
13	79 44
13	84 15
13	83 15
13	85 15
13	79 77
13	84 16
13	83 16
13	85 16
13	79 48
13	84 17
13	83 17
13	85 17
13	79 76
13	84 18
13	83 18
13	85 18
13	79 39
13	84 19
13	83 19
13	85 19
13	79 79
13	84 20
13	83 20
13	85 20
13	79 45
13	84 1
13	83 1
13	85 1
13	79 70
13	84 2
13	83 2
13	85 2
13	79 41
13	84 3
13	83 3
13	85 3
13	79 79
13	84 4
13	83 4
13	85 4
13	79 43
13	84 5
13	83 5
13	85 5
13	79 68
13	84 6
13	83 6
13	85 6
13	79 48
13	84 7
13	83 7
13	85 7
13	79 75
13	84 8
13	83 8
13	85 8
13	79 42
13	84 9
13	83 9
13	85 9
13	79 68
13	84 10
13	83 10
13	85 10
13	79 50
13	84 11
13	83 11
13	85 11
13	79 75
13	84 12
13	83 12
13	85 12
13	79 43
13	84 13
13	84 14
13	83 14
13	85 14
13	79 59
13	84 15
13	83 15
13	85 15
13	79 54
13	84 16
13	83 16
13	85 16
13	79 58
13	84 17
13	84 18
13	83 18
13	85 18
13	79 44
13	84 19
13	83 19
13	85 19
13	79 72
13	84 20
13	83 20
13	85 20
13	79 48
13	84 1
13	83 1
13	85 1
13	79 76
13	84 2
13	83 2
13	85 2
13	79 45
13	84 3
13	83 3
13	85 3
13	79 77
13	84 4
13	83 4
13	85 4
13	79 43
13	84 5
13	83 5
13	85 5
13	79 74
13	84 6
13	83 6
13	85 6
13	79 40
13	84 7
13	83 7
13	85 7
13	79 73
13	84 8
13	83 8
13	85 8
13	79 49
13	84 9
13	83 9
13	85 9
13	79 72
13	84 10
13	83 10
13	85 10
13	79 47
13	84 11
13	83 11
13	85 11
13	79 77
13	84 12
13	83 12
13	85 12
13	79 49
13	84 13
13	83 13
13	85 13
13	79 73
13	84 14
13	83 14
13	85 14
13	79 43
13	84 15
13	83 15
13	85 15
13	79 74
13	84 16
13	83 16
13	85 16
13	79 40
13	84 17
13	84 18
13	83 18
13	85 18
13	79 43
13	84 19
13	84 20
13	83 20
13	85 20
13	79 57
13	84 1
13	83 1
13	85 1
13	79 54
13	84 2
13	83 2
13	85 2
13	79 66
13	84 3
13	83 3
13	85 3
13	79 57
13	84 4
13	83 4
13	85 4
13	79 59
13	84 5
13	83 5
13	85 5
13	79 57
13	84 6
13	83 6
13	85 6
13	79 63
13	84 7
13	83 7
13	85 7
13	79 57
13	84 8
13	83 8
13	85 8
13	79 61
13	84 9
13	83 9
13	85 9
13	79 60
13	84 10
13	83 10
13	85 10
13	79 63
13	84 11
13	83 11
13	85 11
13	79 58
13	84 12
13	83 12
13	85 12
13	79 48
13	84 13
13	83 13
13	85 13
13	79 52
13	84 14
13	83 14
13	85 14
13	79 55
13	84 15
13	83 15
13	85 15
13	79 62
13	84 16
13	83 16
13	85 16
13	79 53
13	84 17
13	83 17
13	85 17
13	79 54
13	84 18
13	83 18
13	85 18
13	79 58
13	84 19
13	84 20
13	83 20
13	85 20
13	79 43
13	84 1
13	83 1
13	85 1
13	79 73
13	84 2
13	83 2
13	85 2
13	79 43
13	84 3
13	83 3
13	85 3
13	79 69
13	84 4
13	83 4
13	85 4
13	79 42
13	84 5
13	84 6
13	83 6
13	85 5
13	79 80
13	83 6
13	85 6
13	79 45
13	84 7
13	83 7
13	85 7
13	79 68
13	84 8
13	83 8
13	85 8
13	79 44
13	84 9
13	84 10
13	83 10
13	85 10
13	79 56
13	84 11
13	83 11
13	85 11
13	79 58
13	84 12
13	83 12
13	85 12
13	79 56
13	84 13
13	83 13
13	85 13
13	79 56
13	84 14
13	84 15
13	83 15
13	85 15
13	79 53
13	84 16
13	83 16
13	85 16
13	79 64
13	84 17
13	83 17
13	85 17
13	79 61
13	84 18
13	83 18
13	85 18
13	79 67
13	84 19
13	83 19
13	85 19
13	79 56
13	84 20
13	83 20
13	85 20
13	79 49
13	84 1
13	83 1
13	85 1
13	79 58
13	84 2
13	83 2
13	85 2
13	79 59
13	84 3
13	83 3
13	85 3
13	79 58
13	84 4
13	83 4
13	85 4
13	79 54
13	84 5
13	83 5
13	85 5
13	79 55
13	84 6
13	83 6
13	85 6
13	79 62
13	84 7
13	83 7
13	85 7
13	79 59
13	84 8
13	84 9
13	83 9
13	85 9
13	79 59
13	84 10
13	83 10
13	85 10
13	79 58
13	84 11
13	84 12
13	83 12
13	85 12
13	79 42
13	84 13
13	83 13
13	85 13
13	79 72
13	84 14
13	83 14
13	85 14
13	79 37
13	84 15
13	83 15
13	85 15
13	79 75
13	84 16
13	83 16
13	85 16
13	79 42
13	84 17
13	83 17
13	85 17
13	79 68
13	84 18
13	83 18
13	85 18
13	79 48
13	84 19
13	84 20
13	83 20
13	85 19
13	79 82
13	83 20
13	85 20
13	79 38
13	84 1
13	83 1
13	85 1
13	79 74
13	84 2
13	83 2
13	85 2
13	79 40
13	84 3
13	83 3
13	85 3
13	79 71
13	84 4
13	83 4
13	85 4
13	79 46
13	84 5
13	83 5
13	85 5
13	79 71
13	84 6
13	83 6
13	85 6
13	79 45
13	84 7
13	83 7
13	85 7
13	79 73
13	84 8
13	83 8
13	85 8
13	79 45
13	84 9
13	84 10
13	TEST_NUMBER 3
13	SENT_TOTAL 250
13	RECEIVED_TOTAL 230
13	TIME_TOTAL 29716
13	RECEIVED_RADIO_1 113
13	RECEIVED_RADIO_2 118
13	SENT_RADIO_1 125
13	SENT_RADIO_2 125
13	RADIO_TIME_1 29751
13	RADIO_TIME_2 19792
13	RETRANSMISSIONS_1 0
13	RETRANSMISSIONS_2 0
13	DROPPED_1 0
13	DROPPED_2 0
13	MAX_QUEUE 1
13	DUPLICATED_1 0
13	DUPLICATED_2 0
13	EBUSY_RADIO_1 0
13	EBUSY_RADIO_2 0
13	83 0
13	85 9
13	86 3
13	83 0
13	85 10
13	86 3
13	84 1
13	83 1
13	85 1
13	79 79
13	84 2
13	83 2
13	85 2
13	79 40
13	84 3
13	83 3
13	85 3
13	79 76
13	84 4
13	83 4
13	85 4
13	79 40
13	84 5
13	83 5
13	85 5
13	79 70
13	84 6
13	83 6
13	85 6
13	79 47
13	84 7
13	83 7
13	85 7
13	79 69
13	84 8
13	83 8
13	85 8
13	79 47
13	84 9
13	83 9
13	85 9
13	79 78
13	84 10
13	83 10
13	85 10
13	79 51
13	84 11
13	83 11
13	85 11
13	79 77
13	84 12
13	84 13
13	83 13
13	85 13
13	79 71
13	84 14
13	83 14
13	85 14
13	79 42
13	84 15
13	83 15
13	85 15
13	79 76
13	84 16
13	83 16
13	85 16
13	79 47
13	84 17
13	83 17
13	85 17
13	79 75
13	84 18
13	83 18
13	85 18
13	79 44
13	84 19
13	83 19
13	85 19
13	79 72
13	84 20
13	83 20
13	85 20
13	79 46
13	84 1
13	83 1
13	85 1
13	79 79
13	84 2
13	83 2
13	85 2
13	79 46
13	84 3
13	83 3
13	85 3
13	79 68
13	84 4
13	83 4
13	85 4
13	79 42
13	84 5
13	83 5
13	85 5
13	79 75
13	84 6
13	83 6
13	85 6
13	79 49
13	84 7
13	83 7
13	85 7
13	79 65
13	84 8
13	83 8
13	85 8
13	79 46
13	84 9
13	83 9
13	85 9
13	79 69
13	84 10
13	83 10
13	85 10
13	79 37
13	84 11
13	83 11
13	85 11
13	79 80
13	84 12
13	83 12
13	85 12
13	79 46
13	84 13
13	83 13
13	85 13
13	79 78
13	84 14
13	83 14
13	85 14
13	79 45
13	84 15
13	83 15
13	85 15
13	79 73
13	84 16
13	83 16
13	85 16
13	79 46
13	84 17
13	84 18
13	83 18
13	85 18
13	79 52
13	84 19
13	83 19
13	85 19
13	79 65
13	84 20
13	83 20
13	85 20
13	79 57
13	84 1
13	84 2
13	83 2
13	85 2
13	79 46
13	84 3
13	83 3
13	85 3
13	79 78
13	84 4
13	83 4
13	85 4
13	79 40
13	84 5
13	83 5
13	85 5
13	79 72
13	84 6
13	83 6
13	85 6
13	79 44
13	84 7
13	83 7
13	85 7
13	79 77
13	84 8
13	83 8
13	85 8
13	79 42
13	84 9
13	84 10
13	83 10
13	85 10
13	79 61
13	84 11
13	84 12
13	83 12
13	85 12
13	79 57
13	84 13
13	83 13
13	85 13
13	79 54
13	84 14
13	83 14
13	85 14
13	79 62
13	84 15
13	83 15
13	85 15
13	79 59
13	84 16
13	83 16
13	85 16
13	79 56
13	84 17
13	84 18
13	83 18
13	85 18
13	79 47
13	84 19
13	84 20
13	83 20
13	85 20
13	79 49
13	84 1
13	83 1
13	85 1
13	79 61
13	84 2
13	83 2
13	85 2
13	79 37
13	84 3
13	83 3
13	85 3
13	79 65
13	84 4
13	83 4
13	85 4
13	79 43
13	84 5
13	83 5
13	85 5
13	79 74
13	84 6
13	83 6
13	85 6
13	79 45
13	84 7
13	84 8
13	83 8
13	85 8
13	79 43
13	84 9
13	83 9
13	85 9
13	79 70
13	84 10
13	83 10
13	85 10
13	79 43
13	84 11
13	84 12
13	83 12
13	85 12
13	79 51
13	84 13
13	83 13
13	85 13
13	79 53
13	84 14
13	83 14
13	85 14
13	79 56
13	84 15
13	83 15
13	85 15
13	79 61
13	84 16
13	83 16
13	85 16
13	79 64
13	84 17
13	83 17
13	85 17
13	79 61
13	84 18
13	83 18
13	85 18
13	79 53
13	84 19
13	83 19
13	85 19
13	79 59
13	84 20
13	83 20
13	85 20
13	79 65
13	84 1
13	83 1
13	85 1
13	79 56
13	84 2
13	83 2
13	85 2
13	79 63
13	84 3
13	83 3
13	85 3
13	79 61
13	84 4
13	83 4
13	85 4
13	79 66
13	84 5
13	83 5
13	85 5
13	79 60
13	84 6
13	83 6
13	85 6
13	79 58
13	84 7
13	83 7
13	85 7
13	79 66
13	84 8
13	83 8
13	85 8
13	79 58
13	84 9
13	83 9
13	85 9
13	79 59
13	84 10
13	83 10
13	85 10
13	79 64
13	84 11
13	83 11
13	85 11
13	79 63
13	84 12
13	83 12
13	85 12
13	79 67
13	84 13
13	83 13
13	85 13
13	79 62
13	84 14
13	83 14
13	85 14
13	79 53
13	84 15
13	84 16
13	83 16
13	85 16
13	79 45
13	84 17
13	83 17
13	85 17
13	79 78
13	84 18
13	83 18
13	85 18
13	79 42
13	84 19
13	83 19
13	85 19
13	79 70
13	84 20
13	83 20
13	85 20
13	79 38
13	84 1
13	84 2
13	83 2
13	85 2
13	79 42
13	84 3
13	84 4
13	83 4
13	85 3
13	79 83
13	83 4
13	85 4
13	79 47
13	84 5
13	84 6
13	83 6
13	85 6
13	79 60
13	84 7
13	83 7
13	85 7
13	79 56
13	84 8
13	83 8
13	85 8
13	79 60
13	84 9
13	83 9
13	85 9
13	79 56
13	84 10
13	83 10
13	85 10
13	79 61
13	84 11
13	83 11
13	85 11
13	79 68
13	84 12
13	83 12
13	85 12
13	79 56
13	84 13
13	83 13
13	85 13
13	79 49
13	84 14
13	83 14
13	85 14
13	79 58
13	84 15
13	83 15
13	85 15
13	79 56
13	84 16
13	83 16
13	85 16
13	79 64
13	84 17
13	83 17
13	85 17
13	79 55
13	84 18
13	83 18
13	85 18
13	79 64
13	84 19
13	83 19
13	85 19
13	79 57
13	84 20
13	84 1
13	84 2
13	83 2
13	85 1
13	79 81
13	83 2
13	85 2
13	79 40
13	84 3
13	83 3
13	85 3
13	79 74
13	84 4
13	83 4
13	85 4
13	79 46
13	84 5
13	83 5
13	85 5
13	79 71
13	84 6
13	83 6
13	85 6
13	79 54
13	84 7
13	83 7
13	85 7
13	79 72
13	84 8
13	83 8
13	85 8
13	79 41
13	84 9
13	83 9
13	85 9
13	79 80
13	84 10
13	83 10
13	85 10
13	79 48
13	84 11
13	83 11
13	85 11
13	79 72
13	84 12
13	83 12
13	85 12
13	79 47
13	84 13
13	84 14
13	83 14
13	85 13
13	79 82
13	83 14
13	85 14
13	79 41
13	84 15
13	84 16
13	83 16
13	85 16
13	79 56
13	84 17
13	83 17
13	85 17
13	79 60
13	84 18
13	83 18
13	85 18
13	79 57
13	84 19
13	83 19
13	85 19
13	79 65
13	84 20
13	83 20
13	85 20
13	79 57
13	84 1
13	83 1
13	85 1
13	79 51
13	84 2
13	84 3
13	83 3
13	85 3
13	79 60
13	84 4
13	83 4
13	85 4
13	79 60
13	84 5
13	83 5
13	85 5
13	79 61
13	84 6
13	84 7
13	83 7
13	85 7
13	79 59
13	84 8
13	83 8
13	85 8
13	79 62
13	84 9
13	83 9
13	85 9
13	79 61
13	84 10
13	84 11
13	83 11
13	85 11
13	79 57
13	84 12
13	83 12
13	85 12
13	79 60
13	84 13
13	83 13
13	85 13
13	79 68
13	84 14
13	83 14
13	85 14
13	79 57
13	84 15
13	83 15
13	85 15
13	79 56
13	84 16
13	83 16
13	85 16
13	79 54
13	84 17
13	83 17
13	85 17
13	79 57
13	84 18
13	84 19
13	83 19
13	85 19
13	79 60
13	84 20
13	83 20
13	85 20
13	79 61
13	84 1
13	83 1
13	85 1
13	79 58
13	84 2
13	83 2
13	85 2
13	79 63
13	84 3
13	83 3
13	85 3
13	79 55
13	84 4
13	83 4
13	85 4
13	79 54
13	84 5
13	83 5
13	85 5
13	79 60
13	84 6
13	83 6
13	85 6
13	79 59
13	84 7
13	83 7
13	85 7
13	79 56
13	84 8
13	83 8
13	85 8
13	79 65
13	84 9
13	83 9
13	85 9
13	79 63
13	84 10
13	83 10
13	85 10
13	79 56
13	84 11
13	83 11
13	85 11
13	79 58
13	84 12
13	83 12
13	85 12
13	79 59
13	84 13
13	83 13
13	85 13
13	79 53
13	84 14
13	83 14
13	85 14
13	79 64
13	84 15
13	83 15
13	85 15
13	79 62
13	84 16
13	84 17
13	83 17
13	85 17
13	79 60
13	84 18
13	83 18
13	85 18
13	79 61
13	84 19
13	84 20
13	83 20
13	85 20
13	79 46
13	84 1
13	83 1
13	85 1
13	79 75
13	84 2
13	83 2
13	85 2
13	79 39
13	84 3
13	83 3
13	85 3
13	79 80
13	84 4
13	83 4
13	85 4
13	79 47
13	84 5
13	83 5
13	85 5
13	79 78
13	84 6
13	83 6
13	85 6
13	79 47
13	84 7
13	83 7
13	85 7
13	79 77
13	84 8
13	83 8
13	85 8
13	79 44
13	84 9
13	83 9
13	85 9
13	79 68
13	84 10
13	83 10
13	85 10
13	79 49
13	84 11
13	83 11
13	85 11
13	79 58
13	84 12
13	83 12
13	85 12
13	79 49
13	84 13
13	83 13
13	85 13
13	79 72
13	84 14
13	83 14
13	85 14
13	79 46
13	84 15
13	83 15
13	85 15
13	79 71
13	84 16
13	83 16
13	85 16
13	79 39
13	84 17
13	84 18
13	83 18
13	85 18
13	79 47
13	84 19
13	83 19
13	85 19
13	79 79
13	84 20
13	83 20
13	85 20
13	79 46
13	84 1
13	83 1
13	85 1
13	79 77
13	84 2
13	83 2
13	85 2
13	79 41
13	84 3
13	83 3
13	85 3
13	79 67
13	84 4
13	83 4
13	85 4
13	79 41
13	84 5
13	83 5
13	85 5
13	79 78
13	84 6
13	83 6
13	85 6
13	79 41
13	84 7
13	83 7
13	85 7
13	79 74
13	84 8
13	83 8
13	85 8
13	79 50
13	84 9
13	84 10
13	83 10
13	85 10
13	79 60
13	84 11
13	83 11
13	85 11
13	79 60
13	84 12
13	83 12
13	85 12
13	79 62
13	84 13
13	83 13
13	85 13
13	79 62
13	84 14
13	83 14
13	85 14
13	79 68
13	84 15
13	83 15
13	85 15
13	79 58
13	84 16
13	83 16
13	85 16
13	79 54
13	84 17
13	83 17
13	85 17
13	79 57
13	84 18
13	83 18
13	85 18
13	79 61
13	84 19
13	83 19
13	85 19
13	79 57
13	84 20
13	84 1
13	84 2
13	83 2
13	85 2
13	79 57
13	84 3
13	83 3
13	85 3
13	79 58
13	84 4
13	83 4
13	85 4
13	79 56
13	84 5
13	84 6
13	83 6
13	85 6
13	79 48
13	84 7
13	83 7
13	85 7
13	79 73
13	84 8
13	83 8
13	85 8
13	79 46
13	84 9
13	83 9
13	85 9
13	79 70
13	84 10
13	83 10
13	85 10
13	79 41
13	84 11
13	83 11
13	85 11
13	79 71
13	84 12
13	83 12
13	85 12
13	79 41
13	84 13
13	84 14
13	83 14
13	85 13
13	79 84
13	83 14
13	85 14
13	79 51
13	84 15
13	83 15
13	85 15
13	79 80
13	84 16
13	83 16
13	85 16
13	79 45
13	84 17
13	83 17
13	85 17
13	79 75
13	84 18
13	83 18
13	85 18
13	79 40
13	84 19
13	84 20
13	83 20
13	85 20
13	79 45
13	84 1
13	84 2
13	83 2
13	85 2
13	79 64
13	84 3
13	83 3
13	85 3
13	79 63
13	84 4
13	83 4
13	85 4
13	79 61
13	84 5
13	83 5
13	85 5
13	79 67
13	84 6
13	83 6
13	85 6
13	79 61
13	84 7
13	83 7
13	85 7
13	79 62
13	84 8
13	83 8
13	85 8
13	79 53
13	84 9
13	83 9
13	85 9
13	79 63
13	84 10
13	TEST_NUMBER 4
13	SENT_TOTAL 250
13	RECEIVED_TOTAL 222
13	TIME_TOTAL 29864
13	RECEIVED_RADIO_1 108
13	RECEIVED_RADIO_2 116
13	SENT_RADIO_1 125
13	SENT_RADIO_2 125
13	RADIO_TIME_1 29802
13	RADIO_TIME_2 29845
13	RETRANSMISSIONS_1 0
13	RETRANSMISSIONS_2 0
13	DROPPED_1 0
13	DROPPED_2 0
13	MAX_QUEUE 1
13	DUPLICATED_1 0
13	DUPLICATED_2 0
13	EBUSY_RADIO_1 0
13	EBUSY_RADIO_2 0
13	83 0
13	85 10
13	86 4
13	84 1
13	83 1
13	85 1
13	79 55
13	84 2
13	83 2
13	85 2
13	79 57
13	84 3
13	83 3
13	85 3
13	79 55
13	84 4
13	83 4
13	85 4
13	79 56
13	84 5
13	83 5
13	85 5
13	79 55
13	84 6
13	83 6
13	85 6
13	79 58
13	84 7
13	83 7
13	85 7
13	79 56
13	84 8
13	84 9
13	83 9
13	85 9
13	79 59
13	84 10
13	83 10
13	85 10
13	79 62
13	84 11
13	83 11
13	85 11
13	79 63
13	84 12
13	84 13
13	83 13
13	85 13
13	79 56
13	84 14
13	83 14
13	85 14
13	79 58
13	84 15
13	83 15
13	85 15
13	79 49
13	84 16
13	83 16
13	85 16
13	79 60
13	84 17
13	83 17
13	85 17
13	79 54
13	84 18
13	83 18
13	85 18
13	79 58
13	84 19
13	83 19
13	85 19
13	79 52
13	84 20
13	83 20
13	85 20
13	79 59
13	84 1
13	83 1
13	85 1
13	79 63
13	84 2
13	83 2
13	85 2
13	79 54
13	84 3
13	83 3
13	85 3
13	79 65
13	84 4
13	83 4
13	85 4
13	79 65
13	84 5
13	83 5
13	85 5
13	79 49
13	84 6
13	83 6
13	85 6
13	79 57
13	84 7
13	83 7
13	85 7
13	79 60
13	84 8
13	83 8
13	85 8
13	79 63
13	84 9
13	83 9
13	85 9
13	79 63
13	84 10
13	83 10
13	85 10
13	79 63
13	84 11
13	83 11
13	85 11
13	79 54
13	84 12
13	83 12
13	85 12
13	79 60
13	84 13
13	83 13
13	85 13
13	79 58
13	84 14
13	83 14
13	85 14
13	79 68
13	84 15
13	83 15
13	85 15
13	79 57
13	84 16
13	83 16
13	85 16
13	79 55
13	84 17
13	83 17
13	85 17
13	79 63
13	84 18
13	83 18
13	85 18
13	79 60
13	84 19
13	83 19
13	85 19
13	79 60
13	84 20
13	84 1
13	83 1
13	85 1
13	79 57
13	84 2
13	83 2
13	85 2
13	79 54
13	84 3
13	83 3
13	85 3
13	79 55
13	84 4
13	83 4
13	85 4
13	79 49
13	84 5
13	83 5
13	85 5
13	79 62
13	84 6
13	83 6
13	85 6
13	79 61
13	84 7
13	83 7
13	85 7
13	79 59
13	84 8
13	83 8
13	85 8
13	79 59
13	84 9
13	83 9
13	85 9
13	79 62
13	84 10
13	83 10
13	85 10
13	79 56
13	84 11
13	83 11
13	85 11
13	79 51
13	84 12
13	83 12
13	85 12
13	79 66
13	84 13
13	83 13
13	85 13
13	79 58
13	84 14
13	83 14
13	85 14
13	79 61
13	84 15
13	83 15
13	85 15
13	79 56
13	84 16
13	83 16
13	85 16
13	79 61
13	84 17
13	83 17
13	85 17
13	79 52
13	84 18
13	83 18
13	85 18
13	79 55
13	84 19
13	83 19
13	85 19
13	79 55
13	84 20
13	83 20
13	85 20
13	79 65
13	84 1
13	83 1
13	85 1
13	79 53
13	84 2
13	83 2
13	85 2
13	79 60
13	84 3
13	83 3
13	85 3
13	79 60
13	84 4
13	83 4
13	85 4
13	79 60
13	84 5
13	83 5
13	85 5
13	79 53
13	84 6
13	83 6
13	85 6
13	79 51
13	84 7
13	83 7
13	85 7
13	79 62
13	84 8
13	83 8
13	85 8
13	79 60
13	84 9
13	83 9
13	85 9
13	79 57
13	84 10
13	83 10
13	85 10
13	79 49
13	84 11
13	83 11
13	85 11
13	79 62
13	84 12
13	83 12
13	85 12
13	79 54
13	84 13
13	83 13
13	85 13
13	79 61
13	84 14
13	83 14
13	85 14
13	79 59
13	84 15
13	84 16
13	83 16
13	85 16
13	79 48
13	84 17
13	84 18
13	83 18
13	85 17
13	79 81
13	83 18
13	85 18
13	79 46
13	84 19
13	83 19
13	85 19
13	79 75
13	84 20
13	83 20
13	85 20
13	79 52
13	84 1
13	83 1
13	85 1
13	79 73
13	84 2
13	83 2
13	85 2
13	79 39
13	84 3
13	84 4
13	83 4
13	85 4
13	79 58
13	84 5
13	83 5
13	85 5
13	79 59
13	84 6
13	83 6
13	85 6
13	79 51
13	84 7
13	84 8
13	83 8
13	85 8
13	79 43
13	84 9
13	83 9
13	85 9
13	79 69
13	84 10
13	83 10
13	85 10
13	79 43
13	84 11
13	83 11
13	85 11
13	79 77
13	84 12
13	83 12
13	85 12
13	79 41
13	84 13
13	83 13
13	85 13
13	79 75
13	84 14
13	83 14
13	85 14
13	79 42
13	84 15
13	83 15
13	85 15
13	79 74
13	84 16
13	83 16
13	85 16
13	79 43
13	84 17
13	83 17
13	85 17
13	79 76
13	84 18
13	83 18
13	85 18
13	79 49
13	84 19
13	83 19
13	85 19
13	79 77
13	84 20
13	83 20
13	85 20
13	79 44
13	84 1
13	83 1
13	85 1
13	79 71
13	84 2
13	83 2
13	85 2
13	79 40
13	84 3
13	83 3
13	85 3
13	79 75
13	84 4
13	83 4
13	85 4
13	79 42
13	84 5
13	83 5
13	85 5
13	79 66
13	84 6
13	83 6
13	85 6
13	79 48
13	84 7
13	83 7
13	85 7
13	79 63
13	84 8
13	83 8
13	85 8
13	79 48
13	84 9
13	83 9
13	85 9
13	79 73
13	84 10
13	83 10
13	85 10
13	79 48
13	84 11
13	83 11
13	85 11
13	79 73
13	84 12
13	83 12
13	85 12
13	79 35
13	84 13
13	83 13
13	85 13
13	79 77
13	84 14
13	83 14
13	85 14
13	79 44
13	84 15
13	83 15
13	85 15
13	79 77
13	84 16
13	83 16
13	85 16
13	79 42
13	84 17
13	84 18
13	83 18
13	85 18
13	79 44
13	84 19
13	83 19
13	85 19
13	79 76
13	84 20
13	83 20
13	85 20
13	79 49
13	84 1
13	83 1
13	85 1
13	79 73
13	84 2
13	83 2
13	85 2
13	79 43
13	84 3
13	84 4
13	83 4
13	85 4
13	79 43
13	84 5
13	83 5
13	85 5
13	79 73
13	84 6
13	83 6
13	85 6
13	79 45
13	84 7
13	83 7
13	85 7
13	79 66
13	84 8
13	83 8
13	85 8
13	79 42
13	84 9
13	83 9
13	85 9
13	79 69
13	84 10
13	83 10
13	85 10
13	79 45
13	84 11
13	84 12
13	83 12
13	85 12
13	79 39
13	84 13
13	83 13
13	85 13
13	79 64
13	84 14
13	83 14
13	85 14
13	79 38
13	84 15
13	83 15
13	85 15
13	79 72
13	84 16
13	83 16
13	85 16
13	79 42
13	84 17
13	83 17
13	85 17
13	79 75
13	84 18
13	83 18
13	85 18
13	79 41
13	84 19
13	83 19
13	85 19
13	79 71
13	84 20
13	83 20
13	85 20
13	79 42
13	84 1
13	84 2
13	83 2
13	85 2
13	79 63
13	84 3
13	83 3
13	85 3
13	79 54
13	84 4
13	83 4
13	85 4
13	79 63
13	84 5
13	84 6
13	83 6
13	85 6
13	79 41
13	84 7
13	83 7
13	85 7
13	79 78
13	84 8
13	83 8
13	85 8
13	79 46
13	84 9
13	83 9
13	85 9
13	79 71
13	84 10
13	83 10
13	85 10
13	79 40
13	84 11
13	83 11
13	85 11
13	79 75
13	84 12
13	83 12
13	85 12
13	79 45
13	84 13
13	84 14
13	83 14
13	85 14
13	79 57
13	84 15
13	83 15
13	85 15
13	79 50
13	84 16
13	83 16
13	85 16
13	79 60
13	84 17
13	84 18
13	83 18
13	85 18
13	79 43
13	84 19
13	83 19
13	85 19
13	79 69
13	84 20
13	83 20
13	85 20
13	79 45
13	84 1
13	83 1
13	85 1
13	79 65
13	84 2
13	83 2
13	85 2
13	79 50
13	84 3
13	83 3
13	85 3
13	79 60
13	84 4
13	83 4
13	85 4
13	79 43
13	84 5
13	84 6
13	83 6
13	85 5
13	79 82
13	83 6
13	85 6
13	79 44
13	84 7
13	83 7
13	85 7
13	79 77
13	84 8
13	83 8
13	85 8
13	79 46
13	84 9
13	83 9
13	85 9
13	79 71
13	84 10
13	83 10
13	85 10
13	79 39
13	84 11
13	83 11
13	85 11
13	79 78
13	84 12
13	83 12
13	85 12
13	79 43
13	84 13
13	83 13
13	85 13
13	79 69
13	84 14
13	83 14
13	85 14
13	79 41
13	84 15
13	83 15
13	85 15
13	79 77
13	84 16
13	83 16
13	85 16
13	79 37
13	84 17
13	83 17
13	85 17
13	79 73
13	84 18
13	83 18
13	85 18
13	79 43
13	84 19
13	83 19
13	85 19
13	79 77
13	84 20
13	84 1
13	83 1
13	85 1
13	79 56
13	84 2
13	83 2
13	85 2
13	79 61
13	84 3
13	84 4
13	83 4
13	85 4
13	79 44
13	84 5
13	83 5
13	85 5
13	79 68
13	84 6
13	83 6
13	85 6
13	79 43
13	84 7
13	84 8
13	83 8
13	85 8
13	79 55
13	84 9
13	83 9
13	85 9
13	79 53
13	84 10
13	83 10
13	85 10
13	79 59
13	84 11
13	83 11
13	85 11
13	79 58
13	84 12
13	83 12
13	85 12
13	79 61
13	84 13
13	83 13
13	85 13
13	79 58
13	84 14
13	83 14
13	85 14
13	79 54
13	84 15
13	83 15
13	85 15
13	79 63
13	84 16
13	83 16
13	85 16
13	79 54
13	84 17
13	83 17
13	85 17
13	79 53
13	84 18
13	83 18
13	85 18
13	79 57
13	84 19
13	83 19
13	85 19
13	79 56
13	84 20
13	83 20
13	85 20
13	79 52
13	84 1
13	83 1
13	85 1
13	79 54
13	84 2
13	83 2
13	85 2
13	79 50
13	84 3
13	83 3
13	85 3
13	79 58
13	84 4
13	83 4
13	85 4
13	79 60
13	84 5
13	83 5
13	85 5
13	79 64
13	84 6
13	83 6
13	85 6
13	79 67
13	84 7
13	84 8
13	83 8
13	85 8
13	79 51
13	84 9
13	83 9
13	85 9
13	79 79
13	84 10
13	83 10
13	85 10
13	79 43
13	84 11
13	84 12
13	83 12
13	85 11
13	79 81
13	83 12
13	85 12
13	79 42
13	84 13
13	84 14
13	84 15
13	83 15
13	85 15
13	79 62
13	84 16
13	84 17
13	83 17
13	85 17
13	79 70
13	84 18
13	83 18
13	85 18
13	79 39
13	84 19
13	83 19
13	85 19
13	79 71
13	84 20
13	83 20
13	85 20
13	79 49
13	84 1
13	83 1
13	85 1
13	79 78
13	84 2
13	83 2
13	85 2
13	79 38
13	84 3
13	83 3
13	85 3
13	79 78
13	84 4
13	83 4
13	85 4
13	79 49
13	84 5
13	83 5
13	85 5
13	79 76
13	84 6
13	83 6
13	85 6
13	79 46
13	84 7
13	84 8
13	83 8
13	85 8
13	79 63
13	84 9
13	83 9
13	85 9
13	79 61
13	84 10
13	83 10
13	85 10
13	79 64
13	84 11
13	83 11
13	85 11
13	79 65
13	84 12
13	84 13
13	83 13
13	85 13
13	79 60
13	84 14
13	84 15
13	83 15
13	85 15
13	79 74
13	84 16
13	83 16
13	85 16
13	79 45
13	84 17
13	83 17
13	85 17
13	79 74
13	84 18
13	83 18
13	85 18
13	79 41
13	84 19
13	83 19
13	85 19
13	79 73
13	84 20
13	83 20
13	85 20
13	79 41
13	84 1
13	83 1
13	85 1
13	79 68
13	84 2
13	83 2
13	85 2
13	79 46
13	84 3
13	83 3
13	85 3
13	79 77
13	84 4
13	83 4
13	85 4
13	79 40
13	84 5
13	83 5
13	85 5
13	79 76
13	84 6
13	83 6
13	85 6
13	79 51
13	84 7
13	83 7
13	85 7
13	79 66
13	84 8
13	83 8
13	85 8
13	79 41
13	84 9
13	83 9
13	85 9
13	79 77
13	84 10
13	TEST_NUMBER 5
13	SENT_TOTAL 250
13	RECEIVED_TOTAL 226
13	TIME_TOTAL 29823
13	RECEIVED_RADIO_1 110
13	RECEIVED_RADIO_2 117
13	SENT_RADIO_1 125
13	SENT_RADIO_2 125
13	RADIO_TIME_1 29823
13	RADIO_TIME_2 19788
13	RETRANSMISSIONS_1 0
13	RETRANSMISSIONS_2 0
13	DROPPED_1 0
13	DROPPED_2 0
13	MAX_QUEUE 1
13	DUPLICATED_1 0
13	DUPLICATED_2 0
13	EBUSY_RADIO_1 0
13	EBUSY_RADIO_2 0
13	83 0
13	85 10
13	86 5
13	84 1
13	83 1
13	85 1
13	79 79
13	84 2
13	83 2
13	85 2
13	79 46
13	84 3
13	83 3
13	85 3
13	79 78
13	84 4
13	83 4
13	85 4
13	79 46
13	84 5
13	83 5
13	85 5
13	79 75
13	84 6
13	83 6
13	85 6
13	79 46
13	84 7
13	83 7
13	85 7
13	79 69
13	84 8
13	83 8
13	85 8
13	79 40
13	84 9
13	83 9
13	85 9
13	79 68
13	84 10
13	83 10
13	85 10
13	79 44
13	84 11
13	84 12
13	83 12
13	85 11
13	79 82
13	83 12
13	85 12
13	79 48
13	84 13
13	83 13
13	85 13
13	79 69
13	84 14
13	83 14
13	85 14
13	79 38
13	84 15
13	83 15
13	85 15
13	79 70
13	84 16
13	83 16
13	85 16
13	79 39
13	84 17
13	83 17
13	85 17
13	79 72
13	84 18
13	83 18
13	85 18
13	79 43
13	84 19
13	83 19
13	85 19
13	79 73
13	84 20
13	83 20
13	85 20
13	79 44
13	84 1
13	83 1
13	85 1
13	79 75
13	84 2
13	83 2
13	85 2
13	79 48
13	84 3
13	83 3
13	85 3
13	79 73
13	84 4
13	83 4
13	85 4
13	79 45
13	84 5
13	84 6
13	83 6
13	85 5
13	79 85
13	83 6
13	85 6
13	79 45
13	84 7
13	83 7
13	85 7
13	79 66
13	84 8
13	84 9
13	83 9
13	85 9
13	79 56
13	84 10
13	83 10
13	85 10
13	79 55
13	84 11
13	83 11
13	85 11
13	79 60
13	84 12
13	83 12
13	85 12
13	79 53
13	84 13
13	83 13
13	85 13
13	79 57
13	84 14
13	84 15
13	83 15
13	85 15
13	79 76
13	84 16
13	83 16
13	85 16
13	79 50
13	84 17
13	84 18
13	83 18
13	85 18
13	79 59
13	84 19
13	83 19
13	85 19
13	79 66
13	84 20
13	83 20
13	85 20
13	79 54
13	84 1
13	84 2
13	83 2
13	85 2
13	79 47
13	84 3
13	83 3
13	85 3
13	79 71
13	84 4
13	83 4
13	85 4
13	79 39
13	84 5
13	84 6
13	83 6
13	85 6
13	79 58
13	84 7
13	83 7
13	85 7
13	79 57
13	84 8
13	83 8
13	85 8
13	79 64
13	84 9
13	83 9
13	85 9
13	79 62
13	84 10
13	83 10
13	85 10
13	79 62
13	84 11
13	83 11
13	85 11
13	79 58
13	84 12
13	83 12
13	85 12
13	79 58
13	84 13
13	83 13
13	85 13
13	79 62
13	84 14
13	83 14
13	85 14
13	79 59
13	84 15
13	83 15
13	85 15
13	79 61
13	84 16
13	84 17
13	83 17
13	85 17
13	79 70
13	84 18
13	84 19
13	83 19
13	85 19
13	79 56
13	84 20
13	83 20
13	85 20
13	79 58
13	84 1
13	83 1
13	85 1
13	79 62
13	84 2
13	84 3
13	84 4
13	83 4
13	85 3
13	79 84
13	83 4
13	85 4
13	79 48
13	84 5
13	83 5
13	85 5
13	79 77
13	84 6
13	84 7
13	83 7
13	85 7
13	79 60
13	84 8
13	84 9
13	83 9
13	85 9
13	79 74
13	84 10
13	84 11
13	84 12
13	84 13
13	84 14
13	83 14
13	85 13
13	79 81
13	84 15
13	83 15
13	85 15
13	79 56
13	84 16
13	83 16
13	85 16
13	79 63
13	84 17
13	83 17
13	85 17
13	79 67
13	84 18
13	84 19
13	83 19
13	85 19
13	79 69
13	84 20
13	84 1
13	83 1
13	85 1
13	79 67
13	84 2
13	84 3
13	83 3
13	85 3
13	79 54
13	84 4
13	83 4
13	85 4
13	79 59
13	84 5
13	83 5
13	85 5
13	79 66
13	84 6
13	83 6
13	85 6
13	79 60
13	84 7
13	84 8
13	83 8
13	85 8
13	79 35
13	84 9
13	84 10
13	83 10
13	85 10
13	79 41
13	84 11
13	83 11
13	85 11
13	79 74
13	84 12
13	83 12
13	85 12
13	79 47
13	84 13
13	83 13
13	85 13
13	79 70
13	84 14
13	83 14
13	85 14
13	79 45
13	84 15
13	83 15
13	85 15
13	79 79
13	84 16
13	83 16
13	85 16
13	79 41
13	84 17
13	83 17
13	85 17
13	79 70
13	84 18
13	83 18
13	85 18
13	79 41
13	84 19
13	83 19
13	85 19
13	79 79
13	84 20
13	83 20
13	85 20
13	79 45
13	84 1
13	83 1
13	85 1
13	79 80
13	84 2
13	83 2
13	85 2
13	79 39
13	84 3
13	84 4
13	83 4
13	85 3
13	79 81
13	83 4
13	85 4
13	79 41
13	84 5
13	83 5
13	85 5
13	79 77
13	84 6
13	83 6
13	85 6
13	79 47
13	84 7
13	83 7
13	85 7
13	79 79
13	84 8
13	83 8
13	85 8
13	79 49
13	84 9
13	83 9
13	85 9
13	79 67
13	84 10
13	83 10
13	85 10
13	79 47
13	84 11
13	83 11
13	85 11
13	79 74
13	84 12
13	83 12
13	85 12
13	79 46
13	84 13
13	83 13
13	85 13
13	79 75
13	84 14
13	83 14
13	85 14
13	79 42
13	84 15
13	83 15
13	85 15
13	79 74
13	84 16
13	83 16
13	85 16
13	79 44
13	84 17
13	84 18
13	83 18
13	85 18
13	79 62
13	84 19
13	83 19
13	85 19
13	79 55
13	84 20
13	83 20
13	85 20
13	79 58
13	84 1
13	83 1
13	85 1
13	79 60
13	84 2
13	83 2
13	85 2
13	79 64
13	84 3
13	83 3
13	85 3
13	79 55
13	84 4
13	83 4
13	85 4
13	79 58
13	84 5
13	83 5
13	85 5
13	79 52
13	84 6
13	83 6
13	85 6
13	79 62
13	84 7
13	83 7
13	85 7
13	79 58
13	84 8
13	83 8
13	85 8
13	79 61
13	84 9
13	83 9
13	85 9
13	79 63
13	84 10
13	83 10
13	85 10
13	79 61
13	84 11
13	83 11
13	85 11
13	79 52
13	84 12
13	83 12
13	85 12
13	79 55
13	84 13
13	83 13
13	85 13
13	79 62
13	84 14
13	83 14
13	85 14
13	79 65
13	84 15
13	83 15
13	85 15
13	79 64
13	84 16
13	83 16
13	85 16
13	79 58
13	84 17
13	83 17
13	85 17
13	79 61
13	84 18
13	83 18
13	85 18
13	79 57
13	84 19
13	83 19
13	85 19
13	79 59
13	84 20
13	83 20
13	85 20
13	79 66
13	84 1
13	83 1
13	85 1
13	79 55
13	84 2
13	83 2
13	85 2
13	79 64
13	84 3
13	84 4
13	83 4
13	85 4
13	79 45
13	84 5
13	83 5
13	85 5
13	79 69
13	84 6
13	83 6
13	85 6
13	79 44
13	84 7
13	84 8
13	83 8
13	85 8
13	79 63
13	84 9
13	83 9
13	85 9
13	79 62
13	84 10
13	83 10
13	85 10
13	79 53
13	84 11
13	83 11
13	85 11
13	79 59
13	84 12
13	83 12
13	85 12
13	79 54
13	84 13
13	83 13
13	85 13
13	79 61
13	84 14
13	83 14
13	85 14
13	79 65
13	84 15
13	83 15
13	85 15
13	79 51
13	84 16
13	83 16
13	85 16
13	79 62
13	84 17
13	83 17
13	85 17
13	79 58
13	84 18
13	83 18
13	85 18
13	79 59
13	84 19
13	83 19
13	85 19
13	79 57
13	84 20
13	83 20
13	85 20
13	79 56
13	84 1
13	83 1
13	85 1
13	79 66
13	84 2
13	83 2
13	85 2
13	79 56
13	84 3
13	83 3
13	85 3
13	79 66
13	84 4
13	83 4
13	85 4
13	79 59
13	84 5
13	83 5
13	85 5
13	79 68
13	84 6
13	83 6
13	85 6
13	79 53
13	84 7
13	83 7
13	85 7
13	79 64
13	84 8
13	83 8
13	85 8
13	79 57
13	84 9
13	83 9
13	85 9
13	79 60
13	84 10
13	83 10
13	85 10
13	79 63
13	84 11
13	83 11
13	85 11
13	79 59
13	84 12
13	83 12
13	85 12
13	79 66
13	84 13
13	83 13
13	85 13
13	79 61
13	84 14
13	83 14
13	85 14
13	79 64
13	84 15
13	83 15
13	85 15
13	79 60
13	84 16
13	83 16
13	85 16
13	79 55
13	84 17
13	83 17
13	85 17
13	79 61
13	84 18
13	83 18
13	85 18
13	79 57
13	84 19
13	83 19
13	85 19
13	79 51
13	84 20
13	83 20
13	85 20
13	79 56
13	84 1
13	83 1
13	85 1
13	79 56
13	84 2
13	83 2
13	85 2
13	79 66
13	84 3
13	83 3
13	85 3
13	79 57
13	84 4
13	83 4
13	85 4
13	79 58
13	84 5
13	83 5
13	85 5
13	79 62
13	84 6
13	83 6
13	85 6
13	79 56
13	84 7
13	84 8
13	83 8
13	85 8
13	79 47
13	84 9
13	83 9
13	85 9
13	79 72
13	84 10
13	83 10
13	85 10
13	79 46
13	84 11
13	84 12
13	83 12
13	85 12
13	79 59
13	84 13
13	83 13
13	85 13
13	79 59
13	84 14
13	83 14
13	85 14
13	79 61
13	84 15
13	83 15
13	85 15
13	79 68
13	84 16
13	83 16
13	85 16
13	79 64
13	84 17
13	83 17
13	85 17
13	79 58
13	84 18
13	83 18
13	85 18
13	79 55
13	84 19
13	84 20
13	84 1
13	83 1
13	85 1
13	79 56
13	84 2
13	83 2
13	85 2
13	79 54
13	84 3
13	84 4
13	83 4
13	85 4
13	79 48
13	84 5
13	84 6
13	83 6
13	85 5
13	79 80
13	83 6
13	85 6
13	79 34
13	84 7
13	83 7
13	85 7
13	79 74
13	84 8
13	83 8
13	85 8
13	79 35
13	84 9
13	83 9
13	85 9
13	79 70
13	84 10
13	83 10
13	85 10
13	79 42
13	84 11
13	83 11
13	85 11
13	79 74
13	84 12
13	83 12
13	85 12
13	79 39
13	84 13
13	83 13
13	85 13
13	79 70
13	84 14
13	83 14
13	85 14
13	79 46
13	84 15
13	84 16
13	83 16
13	85 16
13	79 60
13	84 17
13	83 17
13	85 17
13	79 57
13	84 18
13	83 18
13	85 18
13	79 55
13	84 19
13	84 20
13	83 20
13	85 20
13	79 41
13	84 1
13	83 1
13	85 1
13	79 77
13	84 2
13	83 2
13	85 2
13	79 44
13	84 3
13	84 4
13	83 4
13	85 4
13	79 62
13	84 5
13	83 5
13	85 5
13	79 65
13	84 6
13	83 6
13	85 6
13	79 59
13	84 7
13	83 7
13	85 7
13	79 63
13	84 8
13	83 8
13	85 8
13	79 61
13	84 9
13	84 10
13	83 10
13	85 10
13	79 40
13	84 11
13	83 11
13	85 11
13	79 70
13	84 12
13	83 12
13	85 12
13	79 47
13	84 13
13	84 14
13	83 14
13	85 13
13	79 84
13	83 14
13	85 14
13	79 45
13	84 15
13	83 15
13	85 15
13	79 73
13	84 16
13	83 16
13	85 16
13	79 41
13	84 17
13	83 17
13	85 17
13	79 74
13	84 18
13	83 18
13	85 18
13	79 54
13	84 19
13	83 19
13	85 19
13	79 67
13	84 20
13	83 20
13	85 20
13	79 45
13	84 1
13	83 1
13	85 1
13	79 75
13	84 2
13	83 2
13	85 2
13	79 44
13	84 3
13	84 4
13	83 4
13	85 4
13	79 58
13	84 5
13	83 5
13	85 5
13	79 49
13	84 6
13	83 6
13	85 6
13	79 64
13	84 7
13	83 7
13	85 7
13	79 51
13	84 8
13	83 8
13	85 8
13	79 58
13	84 9
13	83 9
13	85 9
13	79 63
13	84 10
13	TEST_NUMBER 6
13	SENT_TOTAL 250
13	RECEIVED_TOTAL 217
13	TIME_TOTAL 29819
13	RECEIVED_RADIO_1 108
13	RECEIVED_RADIO_2 110
13	SENT_RADIO_1 125
13	SENT_RADIO_2 125
13	RADIO_TIME_1 19763
13	RADIO_TIME_2 29835
13	RETRANSMISSIONS_1 0
13	RETRANSMISSIONS_2 0
13	DROPPED_1 0
13	DROPPED_2 0
13	MAX_QUEUE 1
13	DUPLICATED_1 0
13	DUPLICATED_2 0
13	EBUSY_RADIO_1 0
13	EBUSY_RADIO_2 0
13	83 0
13	85 10
13	86 6

16	RELAY_NODE 16
16	TEST_NUMBER 0
16	SENT_TOTAL 0
16	RECEIVED_TOTAL 0
16	TIME_TOTAL 0
16	RECEIVED_RADIO_1 101
16	RECEIVED_RADIO_2 101
16	SENT_RADIO_1 101
16	SENT_RADIO_2 101
16	RADIO_TIME_1 17752
16	RADIO_TIME_2 17752
16	RETRANSMISSIONS_1 0
16	RETRANSMISSIONS_2 0
16	DROPPED_1 0
16	DROPPED_2 0
16	MAX_QUEUE 1
16	DUPLICATED_1 0
16	DUPLICATED_2 0
16	EBUSY_RADIO_1 0
16	EBUSY_RADIO_2 0
16	TEST_NUMBER 1
16	SENT_TOTAL 0
16	RECEIVED_TOTAL 0
16	TIME_TOTAL 0
16	RECEIVED_RADIO_1 116
16	RECEIVED_RADIO_2 115
16	SENT_RADIO_1 115
16	SENT_RADIO_2 116
16	RADIO_TIME_1 29807
16	RADIO_TIME_2 29807
16	RETRANSMISSIONS_1 0
16	RETRANSMISSIONS_2 0
16	DROPPED_1 0
16	DROPPED_2 0
16	MAX_QUEUE 1
16	DUPLICATED_1 0
16	DUPLICATED_2 0
16	EBUSY_RADIO_1 0
16	EBUSY_RADIO_2 0
16	TEST_NUMBER 2
16	SENT_TOTAL 0
16	RECEIVED_TOTAL 0
16	TIME_TOTAL 0
16	RECEIVED_RADIO_1 116
16	RECEIVED_RADIO_2 117
16	SENT_RADIO_1 117
16	SENT_RADIO_2 116
16	RADIO_TIME_1 29724
16	RADIO_TIME_2 29724
16	RETRANSMISSIONS_1 0
16	RETRANSMISSIONS_2 0
16	DROPPED_1 0
16	DROPPED_2 0
16	MAX_QUEUE 1
16	DUPLICATED_1 0
16	DUPLICATED_2 0
16	EBUSY_RADIO_1 0
16	EBUSY_RADIO_2 0
16	TEST_NUMBER 3
16	SENT_TOTAL 0
16	RECEIVED_TOTAL 0
16	TIME_TOTAL 0
16	RECEIVED_RADIO_1 113
16	RECEIVED_RADIO_2 117
16	SENT_RADIO_1 117
16	SENT_RADIO_2 113
16	RADIO_TIME_1 29760
16	RADIO_TIME_2 29760
16	RETRANSMISSIONS_1 0
16	RETRANSMISSIONS_2 0
16	DROPPED_1 0
16	DROPPED_2 0
16	MAX_QUEUE 1
16	DUPLICATED_1 0
16	DUPLICATED_2 0
16	EBUSY_RADIO_1 0
16	EBUSY_RADIO_2 0
16	TEST_NUMBER 4
16	SENT_TOTAL 0
16	RECEIVED_TOTAL 0
16	TIME_TOTAL 0
16	RECEIVED_RADIO_1 112
16	RECEIVED_RADIO_2 118
16	SENT_RADIO_1 118
16	SENT_RADIO_2 112
16	RADIO_TIME_1 29717
16	RADIO_TIME_2 29717
16	RETRANSMISSIONS_1 0
16	RETRANSMISSIONS_2 0
16	DROPPED_1 0
16	DROPPED_2 0
16	MAX_QUEUE 1
16	DUPLICATED_1 0
16	DUPLICATED_2 0
16	EBUSY_RADIO_1 0
16	EBUSY_RADIO_2 0
16	TEST_NUMBER 5
16	SENT_TOTAL 0
16	RECEIVED_TOTAL 0
16	TIME_TOTAL 0
16	RECEIVED_RADIO_1 114
16	RECEIVED_RADIO_2 118
16	SENT_RADIO_1 118
16	SENT_RADIO_2 114
16	RADIO_TIME_1 29785
16	RADIO_TIME_2 29785
16	RETRANSMISSIONS_1 0
16	RETRANSMISSIONS_2 0
16	DROPPED_1 0
16	DROPPED_2 0
16	MAX_QUEUE 1
16	DUPLICATED_1 0
16	DUPLICATED_2 0
16	EBUSY_RADIO_1 0
16	EBUSY_RADIO_2 0
16	TEST_NUMBER 6
16	SENT_TOTAL 0
16	RECEIVED_TOTAL 0
16	TIME_TOTAL 0
16	RECEIVED_RADIO_1 110
16	RECEIVED_RADIO_2 110
16	SENT_RADIO_1 110
16	SENT_RADIO_2 110
16	RADIO_TIME_1 29596
16	RADIO_TIME_2 29596
16	RETRANSMISSIONS_1 0
16	RETRANSMISSIONS_2 0
16	DROPPED_1 0
16	DROPPED_2 0
16	MAX_QUEUE 1
16	DUPLICATED_1 0
16	DUPLICATED_2 0
16	EBUSY_RADIO_1 0
16	EBUSY_RADIO_2 0

18	RELAY_NODE 18
18	TEST_NUMBER 0
18	SENT_TOTAL 0
18	RECEIVED_TOTAL 0
18	TIME_TOTAL 0
18	RECEIVED_RADIO_1 112
18	RECEIVED_RADIO_2 114
18	SENT_RADIO_1 114
18	SENT_RADIO_2 112
18	RADIO_TIME_1 19864
18	RADIO_TIME_2 19864
18	RETRANSMISSIONS_1 0
18	RETRANSMISSIONS_2 0
18	DROPPED_1 0
18	DROPPED_2 0
18	MAX_QUEUE 1
18	DUPLICATED_1 0
18	DUPLICATED_2 0
18	EBUSY_RADIO_1 0
18	EBUSY_RADIO_2 0
18	TEST_NUMBER 1
18	SENT_TOTAL 0
18	RECEIVED_TOTAL 0
18	TIME_TOTAL 0
18	RECEIVED_RADIO_1 115
18	RECEIVED_RADIO_2 114
18	SENT_RADIO_1 114
18	SENT_RADIO_2 115
18	RADIO_TIME_1 19862
18	RADIO_TIME_2 19861
18	RETRANSMISSIONS_1 0
18	RETRANSMISSIONS_2 0
18	DROPPED_1 0
18	DROPPED_2 0
18	MAX_QUEUE 1
18	DUPLICATED_1 0
18	DUPLICATED_2 0
18	EBUSY_RADIO_1 0
18	EBUSY_RADIO_2 0
18	TEST_NUMBER 2
18	SENT_TOTAL 0
18	RECEIVED_TOTAL 0
18	TIME_TOTAL 0
18	RECEIVED_RADIO_1 114
18	RECEIVED_RADIO_2 118
18	SENT_RADIO_1 118
18	SENT_RADIO_2 114
18	RADIO_TIME_1 19851
18	RADIO_TIME_2 19851
18	RETRANSMISSIONS_1 0
18	RETRANSMISSIONS_2 0
18	DROPPED_1 0
18	DROPPED_2 0
18	MAX_QUEUE 1
18	DUPLICATED_1 0
18	DUPLICATED_2 0
18	EBUSY_RADIO_1 0
18	EBUSY_RADIO_2 0
18	TEST_NUMBER 3
18	SENT_TOTAL 0
18	RECEIVED_TOTAL 0
18	TIME_TOTAL 0
18	RECEIVED_RADIO_1 114
18	RECEIVED_RADIO_2 118
18	SENT_RADIO_1 118
18	SENT_RADIO_2 114
18	RADIO_TIME_1 19803
18	RADIO_TIME_2 19803
18	RETRANSMISSIONS_1 0
18	RETRANSMISSIONS_2 0
18	DROPPED_1 0
18	DROPPED_2 0
18	MAX_QUEUE 1
18	DUPLICATED_1 0
18	DUPLICATED_2 0
18	EBUSY_RADIO_1 0
18	EBUSY_RADIO_2 0
18	TEST_NUMBER 4
18	SENT_TOTAL 0
18	RECEIVED_TOTAL 0
18	TIME_TOTAL 0
18	RECEIVED_RADIO_1 112
18	RECEIVED_RADIO_2 118
18	SENT_RADIO_1 118
18	SENT_RADIO_2 112
18	RADIO_TIME_1 19860
18	RADIO_TIME_2 19860
18	RETRANSMISSIONS_1 0
18	RETRANSMISSIONS_2 0
18	DROPPED_1 0
18	DROPPED_2 0
18	MAX_QUEUE 1
18	DUPLICATED_1 0
18	DUPLICATED_2 0
18	EBUSY_RADIO_1 0
18	EBUSY_RADIO_2 0
18	TEST_NUMBER 5
18	SENT_TOTAL 0
18	RECEIVED_TOTAL 0
18	TIME_TOTAL 0
18	RECEIVED_RADIO_1 114
18	RECEIVED_RADIO_2 117
18	SENT_RADIO_1 117
18	SENT_RADIO_2 114
18	RADIO_TIME_1 19795
18	RADIO_TIME_2 19795
18	RETRANSMISSIONS_1 0
18	RETRANSMISSIONS_2 0
18	DROPPED_1 0
18	DROPPED_2 0
18	MAX_QUEUE 1
18	DUPLICATED_1 0
18	DUPLICATED_2 0
18	EBUSY_RADIO_1 0
18	EBUSY_RADIO_2 0
18	TEST_NUMBER 6
18	SENT_TOTAL 0
18	RECEIVED_TOTAL 0
18	TIME_TOTAL 0
18	RECEIVED_RADIO_1 109
18	RECEIVED_RADIO_2 111
18	SENT_RADIO_1 111
18	SENT_RADIO_2 109
18	RADIO_TIME_1 19860
18	RADIO_TIME_2 19860
18	RETRANSMISSIONS_1 0
18	RETRANSMISSIONS_2 0
18	DROPPED_1 0
18	DROPPED_2 0
18	MAX_QUEUE 1
18	DUPLICATED_1 0
18	DUPLICATED_2 0
18	EBUSY_RADIO_1 0
18	EBUSY_RADIO_2 0

19	RELAY_NODE 19
19	TEST_NUMBER 0
19	SENT_TOTAL 0
19	RECEIVED_TOTAL 0
19	TIME_TOTAL 0
19	RECEIVED_RADIO_1 99
19	RECEIVED_RADIO_2 99
19	SENT_RADIO_1 99
19	SENT_RADIO_2 99
19	RADIO_TIME_1 17378
19	RADIO_TIME_2 17378
19	RETRANSMISSIONS_1 0
19	RETRANSMISSIONS_2 0
19	DROPPED_1 0
19	DROPPED_2 0
19	MAX_QUEUE 1
19	DUPLICATED_1 0
19	DUPLICATED_2 0
19	EBUSY_RADIO_1 0
19	EBUSY_RADIO_2 0
19	TEST_NUMBER 1
19	SENT_TOTAL 0
19	RECEIVED_TOTAL 0
19	TIME_TOTAL 0
19	RECEIVED_RADIO_1 113
19	RECEIVED_RADIO_2 115
19	SENT_RADIO_1 115
19	SENT_RADIO_2 113
19	RADIO_TIME_1 29719
19	RADIO_TIME_2 29719
19	RETRANSMISSIONS_1 0
19	RETRANSMISSIONS_2 0
19	DROPPED_1 0
19	DROPPED_2 0
19	MAX_QUEUE 1
19	DUPLICATED_1 0
19	DUPLICATED_2 0
19	EBUSY_RADIO_1 0
19	EBUSY_RADIO_2 0
19	TEST_NUMBER 2
19	SENT_TOTAL 0
19	RECEIVED_TOTAL 0
19	TIME_TOTAL 0
19	RECEIVED_RADIO_1 118
19	RECEIVED_RADIO_2 116
19	SENT_RADIO_1 116
19	SENT_RADIO_2 118
19	RADIO_TIME_1 29844
19	RADIO_TIME_2 29844
19	RETRANSMISSIONS_1 0
19	RETRANSMISSIONS_2 0
19	DROPPED_1 0
19	DROPPED_2 0
19	MAX_QUEUE 1
19	DUPLICATED_1 0
19	DUPLICATED_2 0
19	EBUSY_RADIO_1 0
19	EBUSY_RADIO_2 0
19	TEST_NUMBER 3
19	SENT_TOTAL 0
19	RECEIVED_TOTAL 0
19	TIME_TOTAL 0
19	RECEIVED_RADIO_1 117
19	RECEIVED_RADIO_2 113
19	SENT_RADIO_1 113
19	SENT_RADIO_2 117
19	RADIO_TIME_1 29771
19	RADIO_TIME_2 29771
19	RETRANSMISSIONS_1 0
19	RETRANSMISSIONS_2 0
19	DROPPED_1 0
19	DROPPED_2 0
19	MAX_QUEUE 1
19	DUPLICATED_1 0
19	DUPLICATED_2 0
19	EBUSY_RADIO_1 0
19	EBUSY_RADIO_2 0
19	TEST_NUMBER 4
19	SENT_TOTAL 0
19	RECEIVED_TOTAL 0
19	TIME_TOTAL 0
19	RECEIVED_RADIO_1 119
19	RECEIVED_RADIO_2 114
19	SENT_RADIO_1 114
19	SENT_RADIO_2 119
19	RADIO_TIME_1 29781
19	RADIO_TIME_2 29781
19	RETRANSMISSIONS_1 0
19	RETRANSMISSIONS_2 0
19	DROPPED_1 0
19	DROPPED_2 0
19	MAX_QUEUE 1
19	DUPLICATED_1 0
19	DUPLICATED_2 0
19	EBUSY_RADIO_1 0
19	EBUSY_RADIO_2 0
19	TEST_NUMBER 5
19	SENT_TOTAL 0
19	RECEIVED_TOTAL 0
19	TIME_TOTAL 0
19	RECEIVED_RADIO_1 116
19	RECEIVED_RADIO_2 112
19	SENT_RADIO_1 112
19	SENT_RADIO_2 116
19	RADIO_TIME_1 29610
19	RADIO_TIME_2 29610
19	RETRANSMISSIONS_1 0
19	RETRANSMISSIONS_2 0
19	DROPPED_1 0
19	DROPPED_2 0
19	MAX_QUEUE 1
19	DUPLICATED_1 0
19	DUPLICATED_2 0
19	EBUSY_RADIO_1 0
19	EBUSY_RADIO_2 0
19	TEST_NUMBER 6
19	SENT_TOTAL 0
19	RECEIVED_TOTAL 0
19	TIME_TOTAL 0
19	RECEIVED_RADIO_1 112
19	RECEIVED_RADIO_2 111
19	SENT_RADIO_1 111
19	SENT_RADIO_2 112
19	RADIO_TIME_1 29792
19	RADIO_TIME_2 29792
19	RETRANSMISSIONS_1 0
19	RETRANSMISSIONS_2 0
19	DROPPED_1 0
19	DROPPED_2 0
19	MAX_QUEUE 1
19	DUPLICATED_1 0
19	DUPLICATED_2 0
19	EBUSY_RADIO_1 0
19	EBUSY_RADIO_2 0

43	RELAY_NODE 43
43	TEST_NUMBER 0
43	SENT_TOTAL 0
43	RECEIVED_TOTAL 0
43	TIME_TOTAL 0
43	RECEIVED_RADIO_1 112
43	RECEIVED_RADIO_2 125
43	SENT_RADIO_1 125
43	SENT_RADIO_2 112
43	RADIO_TIME_1 19767
43	RADIO_TIME_2 19767
43	RETRANSMISSIONS_1 0
43	RETRANSMISSIONS_2 0
43	DROPPED_1 0
43	DROPPED_2 0
43	MAX_QUEUE 1
43	DUPLICATED_1 0
43	DUPLICATED_2 0
43	EBUSY_RADIO_1 0
43	EBUSY_RADIO_2 0
43	TEST_NUMBER 1
43	SENT_TOTAL 0
43	RECEIVED_TOTAL 0
43	TIME_TOTAL 0
43	RECEIVED_RADIO_1 114
43	RECEIVED_RADIO_2 125
43	SENT_RADIO_1 125
43	SENT_RADIO_2 114
43	RADIO_TIME_1 19797
43	RADIO_TIME_2 19797
43	RETRANSMISSIONS_1 0
43	RETRANSMISSIONS_2 0
43	DROPPED_1 0
43	DROPPED_2 0
43	MAX_QUEUE 1
43	DUPLICATED_1 0
43	DUPLICATED_2 0
43	EBUSY_RADIO_1 0
43	EBUSY_RADIO_2 0
43	TEST_NUMBER 2
43	SENT_TOTAL 0
43	RECEIVED_TOTAL 0
43	TIME_TOTAL 0
43	RECEIVED_RADIO_1 117
43	RECEIVED_RADIO_2 125
43	SENT_RADIO_1 125
43	SENT_RADIO_2 117
43	RADIO_TIME_1 19791
43	RADIO_TIME_2 19791
43	RETRANSMISSIONS_1 0
43	RETRANSMISSIONS_2 0
43	DROPPED_1 0
43	DROPPED_2 0
43	MAX_QUEUE 1
43	DUPLICATED_1 0
43	DUPLICATED_2 0
43	EBUSY_RADIO_1 0
43	EBUSY_RADIO_2 0
43	TEST_NUMBER 3
43	SENT_TOTAL 0
43	RECEIVED_TOTAL 0
43	TIME_TOTAL 0
43	RECEIVED_RADIO_1 119
43	RECEIVED_RADIO_2 125
43	SENT_RADIO_1 125
43	SENT_RADIO_2 119
43	RADIO_TIME_1 19832
43	RADIO_TIME_2 19832
43	RETRANSMISSIONS_1 0
43	RETRANSMISSIONS_2 0
43	DROPPED_1 0
43	DROPPED_2 0
43	MAX_QUEUE 1
43	DUPLICATED_1 0
43	DUPLICATED_2 0
43	EBUSY_RADIO_1 0
43	EBUSY_RADIO_2 0
43	TEST_NUMBER 4
43	SENT_TOTAL 0
43	RECEIVED_TOTAL 0
43	TIME_TOTAL 0
43	RECEIVED_RADIO_1 115
43	RECEIVED_RADIO_2 125
43	SENT_RADIO_1 125
43	SENT_RADIO_2 115
43	RADIO_TIME_1 19766
43	RADIO_TIME_2 19766
43	RETRANSMISSIONS_1 0
43	RETRANSMISSIONS_2 0
43	DROPPED_1 0
43	DROPPED_2 0
43	MAX_QUEUE 1
43	DUPLICATED_1 0
43	DUPLICATED_2 0
43	EBUSY_RADIO_1 0
43	EBUSY_RADIO_2 0
43	TEST_NUMBER 5
43	SENT_TOTAL 0
43	RECEIVED_TOTAL 0
43	TIME_TOTAL 0
43	RECEIVED_RADIO_1 118
43	RECEIVED_RADIO_2 125
43	SENT_RADIO_1 125
43	SENT_RADIO_2 118
43	RADIO_TIME_1 19832
43	RADIO_TIME_2 19832
43	RETRANSMISSIONS_1 0
43	RETRANSMISSIONS_2 0
43	DROPPED_1 0
43	DROPPED_2 0
43	MAX_QUEUE 1
43	DUPLICATED_1 0
43	DUPLICATED_2 0
43	EBUSY_RADIO_1 0
43	EBUSY_RADIO_2 0
43	TEST_NUMBER 6
43	SENT_TOTAL 0
43	RECEIVED_TOTAL 0
43	TIME_TOTAL 0
43	RECEIVED_RADIO_1 109
43	RECEIVED_RADIO_2 125
43	SENT_RADIO_1 125
43	SENT_RADIO_2 109
43	RADIO_TIME_1 19764
43	RADIO_TIME_2 19764
43	RETRANSMISSIONS_1 0
43	RETRANSMISSIONS_2 0
43	DROPPED_1 0
43	DROPPED_2 0
43	MAX_QUEUE 1
43	DUPLICATED_1 0
43	DUPLICATED_2 0
43	EBUSY_RADIO_1 0
43	EBUSY_RADIO_2 0

44	RELAY_NODE 44
44	TEST_NUMBER 0
44	SENT_TOTAL 0
44	RECEIVED_TOTAL 0
44	TIME_TOTAL 0
44	RECEIVED_RADIO_1 110
44	RECEIVED_RADIO_2 99
44	SENT_RADIO_1 99
44	SENT_RADIO_2 110
44	RADIO_TIME_1 17378
44	RADIO_TIME_2 17378
44	RETRANSMISSIONS_1 0
44	RETRANSMISSIONS_2 0
44	DROPPED_1 0
44	DROPPED_2 0
44	MAX_QUEUE 1
44	DUPLICATED_1 0
44	DUPLICATED_2 0
44	EBUSY_RADIO_1 0
44	EBUSY_RADIO_2 0
44	TEST_NUMBER 1
44	SENT_TOTAL 0
44	RECEIVED_TOTAL 0
44	TIME_TOTAL 0
44	RECEIVED_RADIO_1 125
44	RECEIVED_RADIO_2 114
44	SENT_RADIO_1 114
44	SENT_RADIO_2 125
44	RADIO_TIME_1 29740
44	RADIO_TIME_2 29740
44	RETRANSMISSIONS_1 0
44	RETRANSMISSIONS_2 0
44	DROPPED_1 0
44	DROPPED_2 0
44	MAX_QUEUE 1
44	DUPLICATED_1 0
44	DUPLICATED_2 0
44	EBUSY_RADIO_1 0
44	EBUSY_RADIO_2 0
44	TEST_NUMBER 2
44	SENT_TOTAL 0
44	RECEIVED_TOTAL 0
44	TIME_TOTAL 0
44	RECEIVED_RADIO_1 125
44	RECEIVED_RADIO_2 117
44	SENT_RADIO_1 117
44	SENT_RADIO_2 125
44	RADIO_TIME_1 29832
44	RADIO_TIME_2 29832
44	RETRANSMISSIONS_1 0
44	RETRANSMISSIONS_2 0
44	DROPPED_1 0
44	DROPPED_2 0
44	MAX_QUEUE 1
44	DUPLICATED_1 0
44	DUPLICATED_2 0
44	EBUSY_RADIO_1 0
44	EBUSY_RADIO_2 0
44	TEST_NUMBER 3
44	SENT_TOTAL 0
44	RECEIVED_TOTAL 0
44	TIME_TOTAL 0
44	RECEIVED_RADIO_1 125
44	RECEIVED_RADIO_2 118
44	SENT_RADIO_1 118
44	SENT_RADIO_2 125
44	RADIO_TIME_1 29836
44	RADIO_TIME_2 29836
44	RETRANSMISSIONS_1 0
44	RETRANSMISSIONS_2 0
44	DROPPED_1 0
44	DROPPED_2 0
44	MAX_QUEUE 1
44	DUPLICATED_1 0
44	DUPLICATED_2 0
44	EBUSY_RADIO_1 0
44	EBUSY_RADIO_2 0
44	TEST_NUMBER 4
44	SENT_TOTAL 0
44	RECEIVED_TOTAL 0
44	TIME_TOTAL 0
44	RECEIVED_RADIO_1 125
44	RECEIVED_RADIO_2 116
44	SENT_RADIO_1 116
44	SENT_RADIO_2 125
44	RADIO_TIME_1 29724
44	RADIO_TIME_2 29724
44	RETRANSMISSIONS_1 0
44	RETRANSMISSIONS_2 0
44	DROPPED_1 0
44	DROPPED_2 0
44	MAX_QUEUE 1
44	DUPLICATED_1 0
44	DUPLICATED_2 0
44	EBUSY_RADIO_1 0
44	EBUSY_RADIO_2 0
44	TEST_NUMBER 5
44	SENT_TOTAL 0
44	RECEIVED_TOTAL 0
44	TIME_TOTAL 0
44	RECEIVED_RADIO_1 125
44	RECEIVED_RADIO_2 117
44	SENT_RADIO_1 117
44	SENT_RADIO_2 125
44	RADIO_TIME_1 29742
44	RADIO_TIME_2 29742
44	RETRANSMISSIONS_1 0
44	RETRANSMISSIONS_2 0
44	DROPPED_1 0
44	DROPPED_2 0
44	MAX_QUEUE 1
44	DUPLICATED_1 0
44	DUPLICATED_2 0
44	EBUSY_RADIO_1 0
44	EBUSY_RADIO_2 0
44	TEST_NUMBER 6
44	SENT_TOTAL 0
44	RECEIVED_TOTAL 0
44	TIME_TOTAL 0
44	RECEIVED_RADIO_1 125
44	RECEIVED_RADIO_2 110
44	SENT_RADIO_1 110
44	SENT_RADIO_2 125
44	RADIO_TIME_1 29742
44	RADIO_TIME_2 29742
44	RETRANSMISSIONS_1 0
44	RETRANSMISSIONS_2 0
44	DROPPED_1 0
44	DROPPED_2 0
44	MAX_QUEUE 1
44	DUPLICATED_1 0
44	DUPLICATED_2 0
44	EBUSY_RADIO_1 0
44	EBUSY_RADIO_2 0

49	RELAY_NODE 49
49	TEST_NUMBER 0
49	SENT_TOTAL 0
49	RECEIVED_TOTAL 0
49	TIME_TOTAL 0
49	RECEIVED_RADIO_1 103
49	RECEIVED_RADIO_2 102
49	SENT_RADIO_1 102
49	SENT_RADIO_2 103
49	RADIO_TIME_1 18015
49	RADIO_TIME_2 18015
49	RETRANSMISSIONS_1 0
49	RETRANSMISSIONS_2 0
49	DROPPED_1 0
49	DROPPED_2 0
49	MAX_QUEUE 1
49	DUPLICATED_1 0
49	DUPLICATED_2 0
49	EBUSY_RADIO_1 0
49	EBUSY_RADIO_2 0
49	TEST_NUMBER 1
49	SENT_TOTAL 0
49	RECEIVED_TOTAL 0
49	TIME_TOTAL 0
49	RECEIVED_RADIO_1 115
49	RECEIVED_RADIO_2 116
49	SENT_RADIO_1 116
49	SENT_RADIO_2 115
49	RADIO_TIME_1 29814
49	RADIO_TIME_2 29814
49	RETRANSMISSIONS_1 0
49	RETRANSMISSIONS_2 0
49	DROPPED_1 0
49	DROPPED_2 0
49	MAX_QUEUE 1
49	DUPLICATED_1 0
49	DUPLICATED_2 0
49	EBUSY_RADIO_1 0
49	EBUSY_RADIO_2 0
49	TEST_NUMBER 2
49	SENT_TOTAL 0
49	RECEIVED_TOTAL 0
49	TIME_TOTAL 0
49	RECEIVED_RADIO_1 117
49	RECEIVED_RADIO_2 114
49	SENT_RADIO_1 114
49	SENT_RADIO_2 117
49	RADIO_TIME_1 29724
49	RADIO_TIME_2 29725
49	RETRANSMISSIONS_1 0
49	RETRANSMISSIONS_2 0
49	DROPPED_1 0
49	DROPPED_2 0
49	MAX_QUEUE 1
49	DUPLICATED_1 0
49	DUPLICATED_2 0
49	EBUSY_RADIO_1 0
49	EBUSY_RADIO_2 0
49	TEST_NUMBER 3
49	SENT_TOTAL 0
49	RECEIVED_TOTAL 0
49	TIME_TOTAL 0
49	RECEIVED_RADIO_1 118
49	RECEIVED_RADIO_2 113
49	SENT_RADIO_1 113
49	SENT_RADIO_2 118
49	RADIO_TIME_1 29806
49	RADIO_TIME_2 29806
49	RETRANSMISSIONS_1 0
49	RETRANSMISSIONS_2 0
49	DROPPED_1 0
49	DROPPED_2 0
49	MAX_QUEUE 1
49	DUPLICATED_1 0
49	DUPLICATED_2 0
49	EBUSY_RADIO_1 0
49	EBUSY_RADIO_2 0
49	TEST_NUMBER 4
49	SENT_TOTAL 0
49	RECEIVED_TOTAL 0
49	TIME_TOTAL 0
49	RECEIVED_RADIO_1 118
49	RECEIVED_RADIO_2 112
49	SENT_RADIO_1 112
49	SENT_RADIO_2 118
49	RADIO_TIME_1 29817
49	RADIO_TIME_2 29817
49	RETRANSMISSIONS_1 0
49	RETRANSMISSIONS_2 0
49	DROPPED_1 0
49	DROPPED_2 0
49	MAX_QUEUE 1
49	DUPLICATED_1 0
49	DUPLICATED_2 0
49	EBUSY_RADIO_1 0
49	EBUSY_RADIO_2 0
49	TEST_NUMBER 5
49	SENT_TOTAL 0
49	RECEIVED_TOTAL 0
49	TIME_TOTAL 0
49	RECEIVED_RADIO_1 117
49	RECEIVED_RADIO_2 113
49	SENT_RADIO_1 113
49	SENT_RADIO_2 117
49	RADIO_TIME_1 29584
49	RADIO_TIME_2 29584
49	RETRANSMISSIONS_1 0
49	RETRANSMISSIONS_2 0
49	DROPPED_1 0
49	DROPPED_2 0
49	MAX_QUEUE 1
49	DUPLICATED_1 0
49	DUPLICATED_2 0
49	EBUSY_RADIO_1 0
49	EBUSY_RADIO_2 0
49	TEST_NUMBER 6
49	SENT_TOTAL 0
49	RECEIVED_TOTAL 0
49	TIME_TOTAL 0
49	RECEIVED_RADIO_1 111
49	RECEIVED_RADIO_2 111
49	SENT_RADIO_1 111
49	SENT_RADIO_2 111
49	RADIO_TIME_1 29800
49	RADIO_TIME_2 29800
49	RETRANSMISSIONS_1 0
49	RETRANSMISSIONS_2 0
49	DROPPED_1 0
49	DROPPED_2 0
49	MAX_QUEUE 1
49	DUPLICATED_1 0
49	DUPLICATED_2 0
49	EBUSY_RADIO_1 0
49	EBUSY_RADIO_2 0

50	DESTINATION_NODE 50
50	TEST_NUMBER 0
50	SENT_TOTAL 200
50	RECEIVED_TOTAL 200
50	TIME_TOTAL 17384
50	RECEIVED_RADIO_1 99
50	RECEIVED_RADIO_2 101
50	SENT_RADIO_1 100
50	SENT_RADIO_2 100
50	RADIO_TIME_1 17384
50	RADIO_TIME_2 17315
50	RETRANSMISSIONS_1 0
50	RETRANSMISSIONS_2 0
50	DROPPED_1 0
50	DROPPED_2 0
50	MAX_QUEUE 1
50	DUPLICATED_1 0
50	DUPLICATED_2 0
50	EBUSY_RADIO_1 0
50	EBUSY_RADIO_2 0
50	86 0
50	86 0
50	86 0
50	86 0
50	86 0
50	86 0
50	86 0
50	86 0
50	86 0
50	86 0
50	86 0
50	86 0
50	86 0
50	86 0
50	86 0
50	86 0
50	86 0
50	86 0
50	86 0
50	86 0
50	86 0
50	86 0
50	86 0
50	86 0
50	86 0
50	86 0
50	86 0
50	TEST_NUMBER 1
50	SENT_TOTAL 228
50	RECEIVED_TOTAL 201
50	TIME_TOTAL 29792
50	RECEIVED_RADIO_1 115
50	RECEIVED_RADIO_2 113
50	SENT_RADIO_1 114
50	SENT_RADIO_2 114
50	RADIO_TIME_1 29722
50	RADIO_TIME_2 29725
50	RETRANSMISSIONS_1 0
50	RETRANSMISSIONS_2 0
50	DROPPED_1 0
50	DROPPED_2 0
50	MAX_QUEUE 1
50	DUPLICATED_1 0
50	DUPLICATED_2 0
50	EBUSY_RADIO_1 0
50	EBUSY_RADIO_2 0
50	86 1
50	86 1
50	86 1
50	86 1
50	86 1
50	86 1
50	86 1
50	86 1
50	86 1
50	86 1
50	86 1
50	86 1
50	86 1
50	86 1
50	86 1
50	86 1
50	86 1
50	86 1
50	86 1
50	86 1
50	86 1
50	86 1
50	86 1
50	86 1
50	86 1
50	86 1
50	86 1
50	TEST_NUMBER 2
50	SENT_TOTAL 235
50	RECEIVED_TOTAL 208
50	TIME_TOTAL 29794
50	RECEIVED_RADIO_1 114
50	RECEIVED_RADIO_2 121
50	SENT_RADIO_1 118
50	SENT_RADIO_2 117
50	RADIO_TIME_1 29794
50	RADIO_TIME_2 29722
50	RETRANSMISSIONS_1 0
50	RETRANSMISSIONS_2 0
50	DROPPED_1 0
50	DROPPED_2 0
50	MAX_QUEUE 1
50	DUPLICATED_1 0
50	DUPLICATED_2 0
50	EBUSY_RADIO_1 0
50	EBUSY_RADIO_2 0
50	86 2
50	86 2
50	86 2
50	86 2
50	86 2
50	86 2
50	86 2
50	86 2
50	86 2
50	86 2
50	86 2
50	86 2
50	86 2
50	86 2
50	86 2
50	86 2
50	86 2
50	86 2
50	86 2
50	86 2
50	86 2
50	86 2
50	86 2
50	86 2
50	86 2
50	86 2
50	86 2
50	86 2
50	TEST_NUMBER 3
50	SENT_TOTAL 236
50	RECEIVED_TOTAL 208
50	TIME_TOTAL 29784
50	RECEIVED_RADIO_1 113
50	RECEIVED_RADIO_2 123
50	SENT_RADIO_1 118
50	SENT_RADIO_2 118
50	RADIO_TIME_1 29784
50	RADIO_TIME_2 29784
50	RETRANSMISSIONS_1 0
50	RETRANSMISSIONS_2 0
50	DROPPED_1 0
50	DROPPED_2 0
50	MAX_QUEUE 1
50	DUPLICATED_1 0
50	DUPLICATED_2 0
50	EBUSY_RADIO_1 0
50	EBUSY_RADIO_2 0
50	86 3
50	86 3
50	86 3
50	86 3
50	86 3
50	86 3
50	86 3
50	86 3
50	86 3
50	86 3
50	86 3
50	86 3
50	86 3
50	86 3
50	86 3
50	86 3
50	86 3
50	86 3
50	86 3
50	86 3
50	86 3
50	86 3
50	86 3
50	86 3
50	86 3
50	86 3
50	86 3
50	86 3
50	86 3
50	TEST_NUMBER 4
50	SENT_TOTAL 237
50	RECEIVED_TOTAL 208
50	TIME_TOTAL 29725
50	RECEIVED_RADIO_1 114
50	RECEIVED_RADIO_2 123
50	SENT_RADIO_1 118
50	SENT_RADIO_2 119
50	RADIO_TIME_1 29725
50	RADIO_TIME_2 29724
50	RETRANSMISSIONS_1 0
50	RETRANSMISSIONS_2 0
50	DROPPED_1 0
50	DROPPED_2 0
50	MAX_QUEUE 1
50	DUPLICATED_1 0
50	DUPLICATED_2 0
50	EBUSY_RADIO_1 0
50	EBUSY_RADIO_2 0
50	86 4
50	86 4
50	86 4
50	86 4
50	86 4
50	86 4
50	86 4
50	86 4
50	86 4
50	86 4
50	86 4
50	86 4
50	86 4
50	86 4
50	86 4
50	86 4
50	86 4
50	86 4
50	86 4
50	86 4
50	86 4
50	86 4
50	86 4
50	86 4
50	86 4
50	86 4
50	86 4
50	TEST_NUMBER 5
50	SENT_TOTAL 234
50	RECEIVED_TOTAL 207
50	TIME_TOTAL 29728
50	RECEIVED_RADIO_1 112
50	RECEIVED_RADIO_2 122
50	SENT_RADIO_1 117
50	SENT_RADIO_2 117
50	RADIO_TIME_1 29658
50	RADIO_TIME_2 29728
50	RETRANSMISSIONS_1 0
50	RETRANSMISSIONS_2 0
50	DROPPED_1 0
50	DROPPED_2 0
50	MAX_QUEUE 1
50	DUPLICATED_1 0
50	DUPLICATED_2 0
50	EBUSY_RADIO_1 0
50	EBUSY_RADIO_2 0
50	86 5
50	86 5
50	86 5
50	86 5
50	86 5
50	86 5
50	86 5
50	86 5
50	86 5
50	86 5
50	86 5
50	86 5
50	86 5
50	86 5
50	86 5
50	86 5
50	86 5
50	86 5
50	86 5
50	86 5
50	86 5
50	86 5
50	86 5
50	86 5
50	86 5
50	86 5
50	86 5
50	86 5
50	TEST_NUMBER 6
50	SENT_TOTAL 222
50	RECEIVED_TOTAL 194
50	TIME_TOTAL 29788
50	RECEIVED_RADIO_1 111
50	RECEIVED_RADIO_2 111
50	SENT_RADIO_1 111
50	SENT_RADIO_2 111
50	RADIO_TIME_1 29630
50	RADIO_TIME_2 29727
50	RETRANSMISSIONS_1 0
50	RETRANSMISSIONS_2 0
50	DROPPED_1 0
50	DROPPED_2 0
50	MAX_QUEUE 1
50	DUPLICATED_1 0
50	DUPLICATED_2 0
50	EBUSY_RADIO_1 0
50	EBUSY_RADIO_2 0
50	86 6
50	86 6
50	86 6
50	86 6
50	86 6
50	86 6
50	86 6
50	86 6
50	86 6
50	86 6
50	86 6
50	86 6
50	86 6
50	86 6
50	86 6
50	86 6
50	86 6
50	86 6
50	86 6
50	86 6
50	86 6
50	86 6
50	86 6
50	86 6
50	86 6
50	86 6
50	86 6
