
1	SOURCE_NODE 1
1	84 1
1	84 2
1	84 3
1	84 4
1	84 5
1	84 6
1	84 7
1	84 8
1	84 9
1	84 10
1	84 11
1	84 12
1	84 13
1	84 14
1	84 15
1	84 16
1	84 17
1	84 18
1	84 19
1	84 20
1	84 1
1	84 2
1	84 3
1	84 4
1	84 5
1	84 6
1	84 7
1	84 8
1	84 9
1	84 10
1	84 11
1	84 12
1	84 13
1	84 14
1	84 15
1	84 16
1	84 17
1	84 18
1	84 19
1	84 20
1	84 1
1	84 2
1	84 3
1	84 4
1	84 5
1	84 6
1	84 7
1	84 8
1	84 9
1	84 10
1	84 11
1	84 12
1	84 13
1	84 14
1	84 15
1	84 16
1	84 17
1	84 18
1	84 19
1	84 20
1	84 1
1	84 2
1	84 3
1	84 4
1	84 5
1	84 6
1	84 7
1	84 8
1	84 9
1	84 10
1	84 11
1	84 12
1	84 13
1	84 14
1	84 15
1	84 16
1	84 17
1	84 18
1	84 19
1	84 20
1	84 1
1	84 2
1	84 3
1	84 4
1	84 5
1	84 6
1	84 7
1	84 8
1	84 9
1	84 10
1	84 11
1	84 12
1	84 13
1	84 14
1	84 15
1	84 16
1	84 17
1	84 18
1	84 19
1	84 20
1	84 1
1	84 2
1	84 3
1	84 4
1	84 5
1	84 6
1	84 7
1	84 8
1	84 9
1	84 10
1	84 11
1	84 12
1	84 13
1	84 14
1	84 15
1	84 16
1	84 17
1	84 18
1	84 19
1	84 20
1	84 1
1	84 2
1	84 3
1	84 4
1	84 5
1	84 6
1	84 7
1	84 8
1	84 9
1	84 10
1	84 11
1	84 12
1	84 13
1	84 14
1	84 15
1	84 16
1	84 17
1	84 18
1	84 19
1	84 20
1	84 1
1	84 2
1	84 3
1	84 4
1	84 5
1	84 6
1	84 7
1	84 8
1	84 9
1	84 10
1	84 11
1	84 12
1	84 13
1	84 14
1	84 15
1	84 16
1	84 17
1	84 18
1	84 19
1	84 20
1	84 1
1	84 2
1	84 3
1	84 4
1	84 5
1	84 6
1	84 7
1	84 8
1	84 9
1	84 10
1	84 11
1	84 12
1	84 13
1	84 14
1	84 15
1	84 16
1	84 17
1	84 18
1	84 19
1	84 20
1	84 1
1	84 2
1	84 3
1	84 4
1	84 5
1	84 6
1	84 7
1	84 8
1	84 9
1	84 10
1	84 11
1	84 12
1	84 13
1	84 14
1	84 15
1	84 16
1	84 17
1	84 18
1	84 19
1	84 20
1	84 1
1	84 2
1	84 3
1	84 4
1	84 5
1	84 6
1	84 7
1	84 8
1	84 9
1	84 10
1	84 11
1	84 12
1	84 13
1	84 14
1	84 15
1	84 16
1	84 17
1	84 18
1	84 19
1	84 20
1	84 1
1	84 2
1	84 3
1	84 4
1	84 5
1	84 6
1	84 7
1	84 8
1	84 9
1	84 10
1	84 11
1	84 12
1	84 13
1	84 14
1	84 15
1	84 16
1	84 17
1	84 18
1	84 19
1	84 20
1	84 1
1	84 2
1	84 3
1	84 4
1	84 5
1	84 6
1	84 7
1	84 8
1	84 9
1	84 10
1	TEST_NUMBER 0
1	SENT_TOTAL 250
1	RECEIVED_TOTAL 0
1	TIME_TOTAL 0
1	RECEIVED_RADIO_1 0
1	RECEIVED_RADIO_2 0
1	SENT_RADIO_1 119
1	SENT_RADIO_2 131
1	RADIO_TIME_1 24704
1	RADIO_TIME_2 24704
1	RETRANSMISSIONS_1 12
1	RETRANSMISSIONS_2 0
1	DROPPED_1 0
1	DROPPED_2 0
1	MAX_QUEUE 1
1	DUPLICATED_1 0
1	DUPLICATED_2 0
1	EBUSY_RADIO_1 0
1	EBUSY_RADIO_2 0
1	84 1
1	84 2
1	84 3
1	84 4
1	84 5
1	84 6
1	84 7
1	84 8
1	84 9
1	84 10
1	84 11
1	84 12
1	84 13
1	84 14
1	84 15
1	84 16
1	84 17
1	84 18
1	84 19
1	84 20
1	84 1
1	84 2
1	84 3
1	84 4
1	84 5
1	84 6
1	84 7
1	84 8
1	84 9
1	84 10
1	84 11
1	84 12
1	84 13
1	84 14
1	84 15
1	84 16
1	84 17
1	84 18
1	84 19
1	84 20
1	84 1
1	84 2
1	84 3
1	84 4
1	84 5
1	84 6
1	84 7
1	84 8
1	84 9
1	84 10
1	84 11
1	84 12
1	84 13
1	84 14
1	84 15
1	84 16
1	84 17
1	84 18
1	84 19
1	84 20
1	84 1
1	84 2
1	84 3
1	84 4
1	84 5
1	84 6
1	84 7
1	84 8
1	84 9
1	84 10
1	84 11
1	84 12
1	84 13
1	84 14
1	84 15
1	84 16
1	84 17
1	84 18
1	84 19
1	84 20
1	84 1
1	84 2
1	84 3
1	84 4
1	84 5
1	84 6
1	84 7
1	84 8
1	84 9
1	84 10
1	84 11
1	84 12
1	84 13
1	84 14
1	84 15
1	84 16
1	84 17
1	84 18
1	84 19
1	84 20
1	84 1
1	84 2
1	84 3
1	84 4
1	84 5
1	84 6
1	84 7
1	84 8
1	84 9
1	84 10
1	84 11
1	84 12
1	84 13
1	84 14
1	84 15
1	84 16
1	84 17
1	84 18
1	84 19
1	84 20
1	84 1
1	84 2
1	84 3
1	84 4
1	84 5
1	84 6
1	84 7
1	84 8
1	84 9
1	84 10
1	84 11
1	84 12
1	84 13
1	84 14
1	84 15
1	84 16
1	84 17
1	84 18
1	84 19
1	84 20
1	84 1
1	84 2
1	84 3
1	84 4
1	84 5
1	84 6
1	84 7
1	84 8
1	84 9
1	84 10
1	84 11
1	84 12
1	84 13
1	84 14
1	84 15
1	84 16
1	84 17
1	84 18
1	84 19
1	84 20
1	84 1
1	84 2
1	84 3
1	84 4
1	84 5
1	84 6
1	84 7
1	84 8
1	84 9
1	84 10
1	84 11
1	84 12
1	84 13
1	84 14
1	84 15
1	84 16
1	84 17
1	84 18
1	84 19
1	84 20
1	84 1
1	84 2
1	84 3
1	84 4
1	84 5
1	84 6
1	84 7
1	84 8
1	84 9
1	84 10
1	84 11
1	84 12
1	84 13
1	84 14
1	84 15
1	84 16
1	84 17
1	84 18
1	84 19
1	84 20
1	84 1
1	84 2
1	84 3
1	84 4
1	84 5
1	84 6
1	84 7
1	84 8
1	84 9
1	84 10
1	84 11
1	84 12
1	84 13
1	84 14
1	84 15
1	84 16
1	84 17
1	84 18
1	84 19
1	84 20
1	84 1
1	84 2
1	84 3
1	84 4
1	84 5
1	84 6
1	84 7
1	84 8
1	84 9
1	84 10
1	84 11
1	84 12
1	84 13
1	84 14
1	84 15
1	84 16
1	84 17
1	84 18
1	84 19
1	84 20
1	84 1
1	84 2
1	84 3
1	84 4
1	84 5
1	84 6
1	84 7
1	84 8
1	84 9
1	84 10
1	TEST_NUMBER 1
1	SENT_TOTAL 250
1	RECEIVED_TOTAL 0
1	TIME_TOTAL 0
1	RECEIVED_RADIO_1 0
1	RECEIVED_RADIO_2 0
1	SENT_RADIO_1 119
1	SENT_RADIO_2 131
1	RADIO_TIME_1 24704
1	RADIO_TIME_2 24704
1	RETRANSMISSIONS_1 13
1	RETRANSMISSIONS_2 0
1	DROPPED_1 0
1	DROPPED_2 0
1	MAX_QUEUE 1
1	DUPLICATED_1 0
1	DUPLICATED_2 0
1	EBUSY_RADIO_1 0
1	EBUSY_RADIO_2 0
1	84 1
1	84 2
1	84 3
1	84 4
1	84 5
1	84 6
1	84 7
1	84 8
1	84 9
1	84 10
1	84 11
1	84 12
1	84 13
1	84 14
1	84 15
1	84 16
1	84 17
1	84 18
1	84 19
1	84 20
1	84 1
1	84 2
1	84 3
1	84 4
1	84 5
1	84 6
1	84 7
1	84 8
1	84 9
1	84 10
1	84 11
1	84 12
1	84 13
1	84 14
1	84 15
1	84 16
1	84 17
1	84 18
1	84 19
1	84 20
1	84 1
1	84 2
1	84 3
1	84 4
1	84 5
1	84 6
1	84 7
1	84 8
1	84 9
1	84 10
1	84 11
1	84 12
1	84 13
1	84 14
1	84 15
1	84 16
1	84 17
1	84 18
1	84 19
1	84 20
1	84 1
1	84 2
1	84 3
1	84 4
1	84 5
1	84 6
1	84 7
1	84 8
1	84 9
1	84 10
1	84 11
1	84 12
1	84 13
1	84 14
1	84 15
1	84 16
1	84 17
1	84 18
1	84 19
1	84 20
1	84 1
1	84 2
1	84 3
1	84 4
1	84 5
1	84 6
1	84 7
1	84 8
1	84 9
1	84 10
1	84 11
1	84 12
1	84 13
1	84 14
1	84 15
1	84 16
1	84 17
1	84 18
1	84 19
1	84 20
1	84 1
1	84 2
1	84 3
1	84 4
1	84 5
1	84 6
1	84 7
1	84 8
1	84 9
1	84 10
1	84 11
1	84 12
1	84 13
1	84 14
1	84 15
1	84 16
1	84 17
1	84 18
1	84 19
1	84 20
1	84 1
1	84 2
1	84 3
1	84 4
1	84 5
1	84 6
1	84 7
1	84 8
1	84 9
1	84 10
1	84 11
1	84 12
1	84 13
1	84 14
1	84 15
1	84 16
1	84 17
1	84 18
1	84 19
1	84 20
1	84 1
1	84 2
1	84 3
1	84 4
1	84 5
1	84 6
1	84 7
1	84 8
1	84 9
1	84 10
1	84 11
1	84 12
1	84 13
1	84 14
1	84 15
1	84 16
1	84 17
1	84 18
1	84 19
1	84 20
1	84 1
1	84 2
1	84 3
1	84 4
1	84 5
1	84 6
1	84 7
1	84 8
1	84 9
1	84 10
1	84 11
1	84 12
1	84 13
1	84 14
1	84 15
1	84 16
1	84 17
1	84 18
1	84 19
1	84 20
1	84 1
1	84 2
1	84 3
1	84 4
1	84 5
1	84 6
1	84 7
1	84 8
1	84 9
1	84 10
1	84 11
1	84 12
1	84 13
1	84 14
1	84 15
1	84 16
1	84 17
1	84 18
1	84 19
1	84 20
1	84 1
1	84 2
1	84 3
1	84 4
1	84 5
1	84 6
1	84 7
1	84 8
1	84 9
1	84 10
1	84 11
1	84 12
1	84 13
1	84 14
1	84 15
1	84 16
1	84 17
1	84 18
1	84 19
1	84 20
1	84 1
1	84 2
1	84 3
1	84 4
1	84 5
1	84 6
1	84 7
1	84 8
1	84 9
1	84 10
1	84 11
1	84 12
1	84 13
1	84 14
1	84 15
1	84 16
1	84 17
1	84 18
1	84 19
1	84 20
1	84 1
1	84 2
1	84 3
1	84 4
1	84 5
1	84 6
1	84 7
1	84 8
1	84 9
1	84 10
1	TEST_NUMBER 2
1	SENT_TOTAL 250
1	RECEIVED_TOTAL 0
1	TIME_TOTAL 0
1	RECEIVED_RADIO_1 0
1	RECEIVED_RADIO_2 0
1	SENT_RADIO_1 119
1	SENT_RADIO_2 131
1	RADIO_TIME_1 24803
1	RADIO_TIME_2 24604
1	RETRANSMISSIONS_1 13
1	RETRANSMISSIONS_2 0
1	DROPPED_1 0
1	DROPPED_2 0
1	MAX_QUEUE 1
1	DUPLICATED_1 0
1	DUPLICATED_2 0
1	EBUSY_RADIO_1 0
1	EBUSY_RADIO_2 0
1	84 1
1	84 2
1	84 3
1	84 4
1	84 5
1	84 6
1	84 7
1	84 8
1	84 9
1	84 10
1	84 11
1	84 12
1	84 13
1	84 14
1	84 15
1	84 16
1	84 17
1	84 18
1	84 19
1	84 20
1	84 1
1	84 2
1	84 3
1	84 4
1	84 5
1	84 6
1	84 7
1	84 8
1	84 9
1	84 10
1	84 11
1	84 12
1	84 13
1	84 14
1	84 15
1	84 16
1	84 17
1	84 18
1	84 19
1	84 20
1	84 1
1	84 2
1	84 3
1	84 4
1	84 5
1	84 6
1	84 7
1	84 8
1	84 9
1	84 10
1	84 11
1	84 12
1	84 13
1	84 14
1	84 15
1	84 16
1	84 17
1	84 18
1	84 19
1	84 20
1	84 1
1	84 2
1	84 3
1	84 4
1	84 5
1	84 6
1	84 7
1	84 8
1	84 9
1	84 10
1	84 11
1	84 12
1	84 13
1	84 14
1	84 15
1	84 16
1	84 17
1	84 18
1	84 19
1	84 20
1	84 1
1	84 2
1	84 3
1	84 4
1	84 5
1	84 6
1	84 7
1	84 8
1	84 9
1	84 10
1	84 11
1	84 12
1	84 13
1	84 14
1	84 15
1	84 16
1	84 17
1	84 18
1	84 19
1	84 20
1	84 1
1	84 2
1	84 3
1	84 4
1	84 5
1	84 6
1	84 7
1	84 8
1	84 9
1	84 10
1	84 11
1	84 12
1	84 13
1	84 14
1	84 15
1	84 16
1	84 17
1	84 18
1	84 19
1	84 20
1	84 1
1	84 2
1	84 3
1	84 4
1	84 5
1	84 6
1	84 7
1	84 8
1	84 9
1	84 10
1	84 11
1	84 12
1	84 13
1	84 14
1	84 15
1	84 16
1	84 17
1	84 18
1	84 19
1	84 20
1	84 1
1	84 2
1	84 3
1	84 4
1	84 5
1	84 6
1	84 7
1	84 8
1	84 9
1	84 10
1	84 11
1	84 12
1	84 13
1	84 14
1	84 15
1	84 16
1	84 17
1	84 18
1	84 19
1	84 20
1	84 1
1	84 2
1	84 3
1	84 4
1	84 5
1	84 6
1	84 7
1	84 8
1	84 9
1	84 10
1	84 11
1	84 12
1	84 13
1	84 14
1	84 15
1	84 16
1	84 17
1	84 18
1	84 19
1	84 20
1	84 1
1	84 2
1	84 3
1	84 4
1	84 5
1	84 6
1	84 7
1	84 8
1	84 9
1	84 10
1	84 11
1	84 12
1	84 13
1	84 14
1	84 15
1	84 16
1	84 17
1	84 18
1	84 19
1	84 20
1	84 1
1	84 2
1	84 3
1	84 4
1	84 5
1	84 6
1	84 7
1	84 8
1	84 9
1	84 10
1	84 11
1	84 12
1	84 13
1	84 14
1	84 15
1	84 16
1	84 17
1	84 18
1	84 19
1	84 20
1	84 1
1	84 2
1	84 3
1	84 4
1	84 5
1	84 6
1	84 7
1	84 8
1	84 9
1	84 10
1	84 11
1	84 12
1	84 13
1	84 14
1	84 15
1	84 16
1	84 17
1	84 18
1	84 19
1	84 20
1	84 1
1	84 2
1	84 3
1	84 4
1	84 5
1	84 6
1	84 7
1	84 8
1	84 9
1	84 10
1	TEST_NUMBER 3
1	SENT_TOTAL 250
1	RECEIVED_TOTAL 0
1	TIME_TOTAL 0
1	RECEIVED_RADIO_1 0
1	RECEIVED_RADIO_2 0
1	SENT_RADIO_1 119
1	SENT_RADIO_2 131
1	RADIO_TIME_1 24704
1	RADIO_TIME_2 24704
1	RETRANSMISSIONS_1 12
1	RETRANSMISSIONS_2 0
1	DROPPED_1 0
1	DROPPED_2 0
1	MAX_QUEUE 1
1	DUPLICATED_1 0
1	DUPLICATED_2 0
1	EBUSY_RADIO_1 0
1	EBUSY_RADIO_2 0
1	84 1
1	84 2
1	84 3
1	84 4
1	84 5
1	84 6
1	84 7
1	84 8
1	84 9
1	84 10
1	84 11
1	84 12
1	84 13
1	84 14
1	84 15
1	84 16
1	84 17
1	84 18
1	84 19
1	84 20
1	84 1
1	84 2
1	84 3
1	84 4
1	84 5
1	84 6
1	84 7
1	84 8
1	84 9
1	84 10
1	84 11
1	84 12
1	84 13
1	84 14
1	84 15
1	84 16
1	84 17
1	84 18
1	84 19
1	84 20
1	84 1
1	84 2
1	84 3
1	84 4
1	84 5
1	84 6
1	84 7
1	84 8
1	84 9
1	84 10
1	84 11
1	84 12
1	84 13
1	84 14
1	84 15
1	84 16
1	84 17
1	84 18
1	84 19
1	84 20
1	84 1
1	84 2
1	84 3
1	84 4
1	84 5
1	84 6
1	84 7
1	84 8
1	84 9
1	84 10
1	84 11
1	84 12
1	84 13
1	84 14
1	84 15
1	84 16
1	84 17
1	84 18
1	84 19
1	84 20
1	84 1
1	84 2
1	84 3
1	84 4
1	84 5
1	84 6
1	84 7
1	84 8
1	84 9
1	84 10
1	84 11
1	84 12
1	84 13
1	84 14
1	84 15
1	84 16
1	84 17
1	84 18
1	84 19
1	84 20
1	84 1
1	84 2
1	84 3
1	84 4
1	84 5
1	84 6
1	84 7
1	84 8
1	84 9
1	84 10
1	84 11
1	84 12
1	84 13
1	84 14
1	84 15
1	84 16
1	84 17
1	84 18
1	84 19
1	84 20
1	84 1
1	84 2
1	84 3
1	84 4
1	84 5
1	84 6
1	84 7
1	84 8
1	84 9
1	84 10
1	84 11
1	84 12
1	84 13
1	84 14
1	84 15
1	84 16
1	84 17
1	84 18
1	84 19
1	84 20
1	84 1
1	84 2
1	84 3
1	84 4
1	84 5
1	84 6
1	84 7
1	84 8
1	84 9
1	84 10
1	84 11
1	84 12
1	84 13
1	84 14
1	84 15
1	84 16
1	84 17
1	84 18
1	84 19
1	84 20
1	84 1
1	84 2
1	84 3
1	84 4
1	84 5
1	84 6
1	84 7
1	84 8
1	84 9
1	84 10
1	84 11
1	84 12
1	84 13
1	84 14
1	84 15
1	84 16
1	84 17
1	84 18
1	84 19
1	84 20
1	84 1
1	84 2
1	84 3
1	84 4
1	84 5
1	84 6
1	84 7
1	84 8
1	84 9
1	84 10
1	84 11
1	84 12
1	84 13
1	84 14
1	84 15
1	84 16
1	84 17
1	84 18
1	84 19
1	84 20
1	84 1
1	84 2
1	84 3
1	84 4
1	84 5
1	84 6
1	84 7
1	84 8
1	84 9
1	84 10
1	84 11
1	84 12
1	84 13
1	84 14
1	84 15
1	84 16
1	84 17
1	84 18
1	84 19
1	84 20
1	84 1
1	84 2
1	84 3
1	84 4
1	84 5
1	84 6
1	84 7
1	84 8
1	84 9
1	84 10
1	84 11
1	84 12
1	84 13
1	84 14
1	84 15
1	84 16

2	RELAY_NODE 2
2	TEST_NUMBER 0
2	SENT_TOTAL 0
2	RECEIVED_TOTAL 0
2	TIME_TOTAL 0
2	RECEIVED_RADIO_1 0
2	RECEIVED_RADIO_2 131
2	SENT_RADIO_1 0
2	SENT_RADIO_2 0
2	RADIO_TIME_1 24802
2	RADIO_TIME_2 24709
2	RETRANSMISSIONS_1 1296
2	RETRANSMISSIONS_2 0
2	DROPPED_1 130
2	DROPPED_2 0
2	MAX_QUEUE 1
2	DUPLICATED_1 0
2	DUPLICATED_2 0
2	EBUSY_RADIO_1 0
2	EBUSY_RADIO_2 0
2	TEST_NUMBER 1
2	SENT_TOTAL 0
2	RECEIVED_TOTAL 0
2	TIME_TOTAL 0
2	RECEIVED_RADIO_1 0
2	RECEIVED_RADIO_2 131
2	SENT_RADIO_1 0
2	SENT_RADIO_2 0
2	RADIO_TIME_1 24792
2	RADIO_TIME_2 24703
2	RETRANSMISSIONS_1 1305
2	RETRANSMISSIONS_2 0
2	DROPPED_1 131
2	DROPPED_2 0
2	MAX_QUEUE 1
2	DUPLICATED_1 0
2	DUPLICATED_2 0
2	EBUSY_RADIO_1 0
2	EBUSY_RADIO_2 0
2	TEST_NUMBER 2
2	SENT_TOTAL 0
2	RECEIVED_TOTAL 0
2	TIME_TOTAL 0
2	RECEIVED_RADIO_1 0
2	RECEIVED_RADIO_2 131
2	SENT_RADIO_1 0
2	SENT_RADIO_2 0
2	RADIO_TIME_1 24688
2	RADIO_TIME_2 24605
2	RETRANSMISSIONS_1 1305
2	RETRANSMISSIONS_2 0
2	DROPPED_1 131
2	DROPPED_2 0
2	MAX_QUEUE 1
2	DUPLICATED_1 0
2	DUPLICATED_2 0
2	EBUSY_RADIO_1 0
2	EBUSY_RADIO_2 0
2	TEST_NUMBER 3
2	SENT_TOTAL 0
2	RECEIVED_TOTAL 0
2	TIME_TOTAL 0
2	RECEIVED_RADIO_1 0
2	RECEIVED_RADIO_2 131
2	SENT_RADIO_1 0
2	SENT_RADIO_2 0
2	RADIO_TIME_1 24798
2	RADIO_TIME_2 24707
2	RETRANSMISSIONS_1 1305
2	RETRANSMISSIONS_2 0
2	DROPPED_1 131
2	DROPPED_2 0
2	MAX_QUEUE 1
2	DUPLICATED_1 0
2	DUPLICATED_2 0
2	EBUSY_RADIO_1 0
2	EBUSY_RADIO_2 0

59	RELAY_NODE 59
59	TEST_NUMBER 0
59	SENT_TOTAL 0
59	RECEIVED_TOTAL 0
59	TIME_TOTAL 0
59	RECEIVED_RADIO_1 119
59	RECEIVED_RADIO_2 0
59	SENT_RADIO_1 0
59	SENT_RADIO_2 119
59	RADIO_TIME_1 24707
59	RADIO_TIME_2 24707
59	RETRANSMISSIONS_1 0
59	RETRANSMISSIONS_2 0
59	DROPPED_1 0
59	DROPPED_2 0
59	MAX_QUEUE 1
59	DUPLICATED_1 5
59	DUPLICATED_2 0
59	EBUSY_RADIO_1 0
59	EBUSY_RADIO_2 0
59	TEST_NUMBER 1
59	SENT_TOTAL 0
59	RECEIVED_TOTAL 0
59	TIME_TOTAL 0
59	RECEIVED_RADIO_1 119
59	RECEIVED_RADIO_2 0
59	SENT_RADIO_1 0
59	SENT_RADIO_2 119
59	RADIO_TIME_1 24704
59	RADIO_TIME_2 24704
59	RETRANSMISSIONS_1 0
59	RETRANSMISSIONS_2 0
59	DROPPED_1 0
59	DROPPED_2 0
59	MAX_QUEUE 1
59	DUPLICATED_1 10
59	DUPLICATED_2 0
59	EBUSY_RADIO_1 0
59	EBUSY_RADIO_2 0
59	TEST_NUMBER 2
59	SENT_TOTAL 0
59	RECEIVED_TOTAL 0
59	TIME_TOTAL 0
59	RECEIVED_RADIO_1 119
59	RECEIVED_RADIO_2 0
59	SENT_RADIO_1 0
59	SENT_RADIO_2 119
59	RADIO_TIME_1 24804
59	RADIO_TIME_2 24804
59	RETRANSMISSIONS_1 0
59	RETRANSMISSIONS_2 0
59	DROPPED_1 0
59	DROPPED_2 0
59	MAX_QUEUE 1
59	DUPLICATED_1 6
59	DUPLICATED_2 0
59	EBUSY_RADIO_1 0
59	EBUSY_RADIO_2 0
59	TEST_NUMBER 3
59	SENT_TOTAL 0
59	RECEIVED_TOTAL 0
59	TIME_TOTAL 0
59	RECEIVED_RADIO_1 119
59	RECEIVED_RADIO_2 0
59	SENT_RADIO_1 0
59	SENT_RADIO_2 119
59	RADIO_TIME_1 24706
59	RADIO_TIME_2 24706
59	RETRANSMISSIONS_1 0
59	RETRANSMISSIONS_2 0
59	DROPPED_1 0
59	DROPPED_2 0
59	MAX_QUEUE 1
59	DUPLICATED_1 5
59	DUPLICATED_2 0
59	EBUSY_RADIO_1 0
59	EBUSY_RADIO_2 0

88	RELAY_NODE 88
88	TEST_NUMBER 0
88	SENT_TOTAL 0
88	RECEIVED_TOTAL 0
88	TIME_TOTAL 0
88	RECEIVED_RADIO_1 0
88	RECEIVED_RADIO_2 119
88	SENT_RADIO_1 0
88	SENT_RADIO_2 0
88	RADIO_TIME_1 24801
88	RADIO_TIME_2 24709
88	RETRANSMISSIONS_1 1177
88	RETRANSMISSIONS_2 0
88	DROPPED_1 118
88	DROPPED_2 0
88	MAX_QUEUE 2
88	DUPLICATED_1 0
88	DUPLICATED_2 0
88	EBUSY_RADIO_1 0
88	EBUSY_RADIO_2 0
88	TEST_NUMBER 1
88	SENT_TOTAL 0
88	RECEIVED_TOTAL 0
88	TIME_TOTAL 0
88	RECEIVED_RADIO_1 0
88	RECEIVED_RADIO_2 119
88	SENT_RADIO_1 0
88	SENT_RADIO_2 0
88	RADIO_TIME_1 24799
88	RADIO_TIME_2 24703
88	RETRANSMISSIONS_1 1186
88	RETRANSMISSIONS_2 0
88	DROPPED_1 119
88	DROPPED_2 0
88	MAX_QUEUE 1
88	DUPLICATED_1 0
88	DUPLICATED_2 0
88	EBUSY_RADIO_1 0
88	EBUSY_RADIO_2 0
88	TEST_NUMBER 2
88	SENT_TOTAL 0
88	RECEIVED_TOTAL 0
88	TIME_TOTAL 0
88	RECEIVED_RADIO_1 0
88	RECEIVED_RADIO_2 119
88	SENT_RADIO_1 0
88	SENT_RADIO_2 0
88	RADIO_TIME_1 24904
88	RADIO_TIME_2 24803
88	RETRANSMISSIONS_1 1186
88	RETRANSMISSIONS_2 0
88	DROPPED_1 119
88	DROPPED_2 0
88	MAX_QUEUE 1
88	DUPLICATED_1 0
88	DUPLICATED_2 0
88	EBUSY_RADIO_1 0
88	EBUSY_RADIO_2 0
88	TEST_NUMBER 3
88	SENT_TOTAL 0
88	RECEIVED_TOTAL 0
88	TIME_TOTAL 0
88	RECEIVED_RADIO_1 0
88	RECEIVED_RADIO_2 119
88	SENT_RADIO_1 0
88	SENT_RADIO_2 0
88	RADIO_TIME_1 24798
88	RADIO_TIME_2 24705
88	RETRANSMISSIONS_1 1186
88	RETRANSMISSIONS_2 0
88	DROPPED_1 119
88	DROPPED_2 0
88	MAX_QUEUE 2
88	DUPLICATED_1 0
88	DUPLICATED_2 0
88	EBUSY_RADIO_1 0
88	EBUSY_RADIO_2 0
