
1	SOURCE_NODE 1
1	84 1
1	83 1
1	85 1
1	79 19
1	84 2
1	84 3
1	83 3
1	85 3
1	79 37
1	84 4
1	84 5
1	83 5
1	85 4
1	79 110
1	84 6
1	83 6
1	85 2
1	79 263
1	83 6
1	85 5
1	79 93
1	83 6
1	85 6
1	79 41
1	84 7
1	84 8
1	83 8
1	85 8
1	79 43
1	84 9
1	84 10
1	83 10
1	85 9
1	79 98
1	83 10
1	85 10
1	79 47
1	84 11
1	84 12
1	83 12
1	85 7
1	79 348
1	84 13
1	83 13
1	85 12
1	79 103
1	84 14
1	83 14
1	85 13
1	79 65
1	84 15
1	83 15
1	85 14
1	79 91
1	83 15
1	85 11
1	79 286
1	84 16
1	84 17
1	83 17
1	85 15
1	79 146
1	83 17
1	85 16
1	79 92
1	83 17
1	85 17
1	79 59
1	84 18
1	84 19
1	83 19
1	85 19
1	79 26
1	84 20
1	84 1
1	83 1
1	85 20
1	79 91
1	83 1
1	85 18
1	79 238
1	84 2
1	84 3
1	83 3
1	85 2
1	79 90
1	84 4
1	84 5
1	83 5
1	85 4
1	79 88
1	84 6
1	84 7
1	83 7
1	85 5
1	79 129
1	84 8
1	84 9
1	83 9
1	85 6
1	79 208
1	83 9
1	85 7
1	79 174
1	84 10
1	84 11
1	84 12
1	83 12
1	85 9
1	79 216
1	83 12
1	85 11
1	79 115
1	84 13
1	83 13
1	85 10
1	79 182
1	84 14
1	84 15
1	84 16
1	83 16
1	85 14
1	79 165
1	83 16
1	85 15
1	79 112
1	84 17
1	83 17
1	85 16
1	79 97
1	84 18
1	83 18
1	85 17
1	79 68
1	84 19
1	83 19
1	85 19
1	79 46
1	84 20
1	84 1
1	83 1
1	85 18
1	79 186
1	83 1
1	85 20
1	79 78
1	84 2
1	83 2
1	85 2
1	79 27
1	84 3
1	84 4
1	84 5
1	84 6
1	83 6
1	85 3
1	79 200
1	84 7
1	84 8
1	84 9
1	83 9
1	85 7
1	79 170
1	84 10
1	83 10
1	85 9
1	79 95
1	84 11
1	83 11
1	85 8
1	79 212
1	83 11
1	85 11
1	79 48
1	84 12
1	83 12
1	85 12
1	79 32
1	84 13
1	84 14
1	83 14
1	85 13
1	79 96
1	84 15
1	83 15
1	85 14
1	79 92
1	84 16
1	84 17
1	84 18
1	83 18
1	85 15
1	79 214
1	83 18
1	85 18
1	79 43
1	84 19
1	83 19
1	85 17
1	79 153
1	84 20
1	83 20
1	85 16
1	79 241
1	84 1
1	83 1
1	85 20
1	79 92
1	84 2
1	83 2
1	85 1
1	79 74
1	84 3
1	84 4
1	83 4
1	85 4
1	79 48
1	84 5
1	84 6
1	84 7
1	84 8
1	83 8
1	85 6
1	79 136
1	83 8
1	85 5
1	79 213
1	83 8
1	85 7
1	79 101
1	84 9
1	84 10
1	83 10
1	85 2
1	79 496
1	83 10
1	85 9
1	79 86
1	84 11
1	83 11
1	85 10
1	79 102
1	83 11
1	85 11
1	79 51
1	84 12
1	84 13
1	83 13
1	85 12
1	79 119
1	84 14
1	84 15
1	84 16
1	83 16
1	85 15
1	79 87
1	84 17
1	84 18
1	83 18
1	85 16
1	79 122
1	83 18
1	85 14
1	79 292
1	84 19
1	83 19
1	85 17
1	79 122
1	84 20
1	83 20
1	85 18
1	79 148
1	83 20
1	85 20
1	79 38
1	84 1
1	84 2
1	83 2
1	85 1
1	79 98
1	84 3
1	83 3
1	85 2
1	79 79
1	83 3
1	85 3
1	79 37
1	84 4
1	83 4
1	85 4
1	79 32
1	84 5
1	83 5
1	85 5
1	79 35
1	84 6
1	84 7
1	84 8
1	83 8
1	85 6
1	79 177
1	84 9
1	83 9
1	85 8
1	79 88
1	83 9
1	85 9
1	79 41
1	84 10
1	83 10
1	85 7
1	79 210
1	84 11
1	83 11
1	85 11
1	79 29
1	84 12
1	83 12
1	85 10
1	79 148
1	83 12
1	85 12
1	79 54
1	84 13
1	83 13
1	85 13
1	79 31
1	84 14
1	83 14
1	85 14
1	79 37
1	84 15
1	84 16
1	84 17
1	83 17
1	85 15
1	79 161
1	83 17
1	85 17
1	79 48
1	84 18
1	84 19
1	83 19
1	85 18
1	79 89
1	83 19
1	85 19
1	79 52
1	84 20
1	83 20
1	85 20
1	79 27
1	84 1
1	84 2
1	83 2
1	85 2
1	79 43
1	84 3
1	83 3
1	85 1
1	79 145
1	83 3
1	85 3
1	79 57
1	84 4
1	84 5
1	84 6
1	83 6
1	85 4
1	79 161
1	83 6
1	85 6
1	79 51
1	84 7
1	83 7
1	85 5
1	79 159
1	83 7
1	85 7
1	79 44
1	84 8
1	84 9
1	84 10
1	83 10
1	85 10
1	79 24
1	84 11
1	83 11
1	85 9
1	79 171
1	84 12
1	84 13
1	84 14
1	83 14
1	85 8
1	79 366
1	83 14
1	85 11
1	79 200
1	83 14
1	85 13
1	79 109
1	83 14
1	85 14
1	79 59
1	84 15
1	84 16
1	84 17
1	84 18
1	83 18
1	85 15
1	79 207
1	83 18
1	85 17
1	79 102
1	83 18
1	85 18
1	79 51
1	84 19
1	84 20
1	84 1
1	83 1
1	85 19
1	79 137
1	84 2
1	83 2
1	85 20
1	79 167
1	83 2
1	85 2
1	79 54
1	84 3
1	83 3
1	85 3
1	79 44
1	84 4
1	84 5
1	83 5
1	85 1
1	79 282
1	83 5
1	85 5
1	79 54
1	84 6
1	83 6
1	85 6
1	79 37
1	84 7
1	83 7
1	85 4
1	79 229
1	84 8
1	83 8
1	85 7
1	79 67
1	83 8
1	85 8
1	79 28
1	84 9
1	84 10
1	84 11
1	83 11
1	85 10
1	79 95
1	83 11
1	85 11
1	79 53
1	84 12
1	84 13
1	84 14
1	83 14
1	85 9
1	79 347
1	84 15
1	83 15
1	85 13
1	79 155
1	83 15
1	85 12
1	79 225
1	84 16
1	84 17
1	83 17
1	85 14
1	79 207
1	83 17
1	85 15
1	79 163
1	83 17
1	85 16
1	79 113
1	84 18
1	84 19
1	83 19
1	85 17
1	79 151
1	83 19
1	85 19
1	79 57
1	84 20
1	83 20
1	85 18
1	79 159
1	83 20
1	85 20
1	79 50
1	84 1
1	84 2
1	83 2
1	85 2
1	79 27
1	84 3
1	84 4
1	83 4
1	85 3
1	79 116
1	84 5
1	84 6
1	84 7
1	84 8
1	83 8
1	85 6
1	79 135
1	83 8
1	85 5
1	79 201
1	84 9
1	84 10
1	83 10
1	85 9
1	79 89
1	84 11
1	84 12
1	83 12
1	85 7
1	79 300
1	83 12
1	85 8
1	79 253
1	83 12
1	85 11
1	79 98
1	83 12
1	85 12
1	79 48
1	84 13
1	83 13
1	85 10
1	79 220
1	84 14
1	84 15
1	84 16
1	83 16
1	85 13
1	79 236
1	84 17
1	83 17
1	85 14
1	79 210
1	83 17
1	85 16
1	79 96
1	84 18
1	84 19
1	83 19
1	85 18
1	79 97
1	83 19
1	85 17
1	79 165
1	84 20
1	84 1
1	83 1
1	85 19
1	79 174
1	84 2
1	83 2
1	85 1
1	79 83
1	83 2
1	85 2
1	79 52
1	84 3
1	84 4
1	84 5
1	83 5
1	85 4
1	79 88
1	84 6
1	83 6
1	85 20
1	79 387
1	83 6
1	85 5
1	79 96
1	84 7
1	83 7
1	85 6
1	79 60
1	84 8
1	83 8
1	85 7
1	79 93
1	84 9
1	84 10
1	83 10
1	85 8
1	79 178
1	84 11
1	83 11
1	85 9
1	79 139
1	83 11
1	85 10
1	79 86
1	84 12
1	84 13
1	83 13
1	85 13
1	79 25
1	84 14
1	84 15
1	83 15
1	85 12
1	79 239
1	84 16
1	83 16
1	85 14
1	79 166
1	83 16
1	85 16
1	79 54
1	84 17
1	84 18
1	84 19
1	84 20
1	83 20
1	85 15
1	79 314
1	83 20
1	85 17
1	79 225
1	84 1
1	84 2
1	83 2
1	85 18
1	79 263
1	83 2
1	85 20
1	79 167
1	84 3
1	83 3
1	85 2
1	79 81
1	84 4
1	83 4
1	85 3
1	79 72
1	84 5
1	84 6
1	83 6
1	85 1
1	79 305
1	83 6
1	85 5
1	79 77
1	84 7
1	83 7
1	85 7
1	79 41
1	84 8
1	83 8
1	85 6
1	79 173
1	83 8
1	85 4
1	79 297
1	84 9
1	84 10
1	83 10
1	85 10
1	79 29
1	84 11
1	83 11
1	85 9
1	79 163
1	84 12
1	83 12
1	85 11
1	79 87
1	84 13
1	83 13
1	85 12
1	79 63
1	84 14
1	84 15
1	83 15
1	85 13
1	79 159
1	83 15
1	85 15
1	79 46
1	84 16
1	84 17
1	84 18
1	84 19
1	83 19
1	85 17
1	79 122
1	83 19
1	85 18
1	79 93
1	84 20
1	83 20
1	85 16
1	79 265
1	83 20
1	85 20
1	79 32
1	84 1
1	84 2
1	83 2
1	85 1
1	79 76
1	83 2
1	85 19
1	79 209
1	84 3
1	84 4
1	83 4
1	85 2
1	79 160
1	83 4
1	85 4
1	79 48
1	84 5
1	84 6
1	83 6
1	85 5
1	79 87
1	83 6
1	85 6
1	79 43
1	84 7
1	83 7
1	85 7
1	79 32
1	84 8
1	84 9
1	84 10
1	83 10
1	85 8
1	79 171
1	84 11
1	83 11
1	85 10
1	79 86
1	84 12
1	83 12
1	85 11
1	79 88
1	83 12
1	85 12
1	79 47
1	84 13
1	84 14
1	83 14
1	85 14
1	79 31
1	84 15
1	83 15
1	85 13
1	79 156
1	83 15
1	85 15
1	79 45
1	84 16
1	84 17
1	84 18
1	83 18
1	85 18
1	79 32
1	84 19
1	84 20
1	83 20
1	85 16
1	79 267
1	83 20
1	85 17
1	79 223
1	83 20
1	85 19
1	79 116
1	84 1
1	83 1
1	85 1
1	79 22
1	84 2
1	84 3
1	84 4
1	83 4
1	85 2
1	79 142
1	83 4
1	85 3
1	79 89
1	84 5
1	84 6
1	83 6
1	85 4
1	79 146
1	83 6
1	85 5
1	79 95
1	83 6
1	85 6
1	79 42
1	84 7
1	84 8
1	84 9
1	83 9
1	85 9
1	79 28
1	84 10
1	83 10
1	85 8
1	79 179
1	84 11
1	83 11
1	85 10
1	79 65
1	83 11
1	85 7
1	79 291
1	84 12
1	83 12
1	85 11
1	79 63
1	83 12
1	85 12
1	79 30
1	84 13
1	84 14
1	83 14
1	85 14
1	79 43
1	84 15
1	84 16
1	84 17
1	83 17
1	85 15
1	79 146
1	83 17
1	85 16
1	79 93
1	84 18
1	83 18
1	85 17
1	79 65
1	84 19
1	83 19
1	85 19
1	79 33
1	84 20
1	84 1
1	84 2
1	83 2
1	85 20
1	79 126
1	83 2
1	85 1
1	79 99
1	83 2
1	85 2
1	79 46
1	84 3
1	84 4
1	83 4
1	85 4
1	79 23
1	84 5
1	83 5
1	85 3
1	79 149
1	83 5
1	85 5
1	79 43
1	84 6
1	84 7
1	83 7
1	85 7
1	79 48
1	84 8
1	84 9
1	83 9
1	85 6
1	79 213
1	84 10
1	83 10
1	85 10
1	79 25
1	TEST_NUMBER 0
1	SENT_TOTAL 250
1	RECEIVED_TOTAL 217
1	TIME_TOTAL 14888
1	RECEIVED_RADIO_1 49
1	RECEIVED_RADIO_2 168
1	SENT_RADIO_1 155
1	SENT_RADIO_2 94
1	RADIO_TIME_1 14907
1	RADIO_TIME_2 14803
1	RETRANSMISSIONS_1 5
1	RETRANSMISSIONS_2 162
1	DROPPED_1 0
1	DROPPED_2 0
1	MAX_QUEUE 2
1	DUPLICATED_1 8
1	DUPLICATED_2 68
1	EBUSY_RADIO_1 0
1	EBUSY_RADIO_2 0
1	84 1
1	83 1
1	85 8
1	86 0
1	83 1
1	85 9
1	86 0
1	84 2
1	83 2
1	85 2
1	79 25
1	84 3
1	84 4
1	83 4
1	85 3
1	79 98
1	84 5
1	83 5
1	85 4
1	79 65
1	84 6
1	84 7
1	83 7
1	85 6
1	79 66
1	84 8
1	83 8
1	85 7
1	79 88
1	83 8
1	85 5
1	79 235
1	84 9
1	84 10
1	83 10
1	85 9
1	79 85
1	83 10
1	85 10
1	79 49
1	84 11
1	83 11
1	85 8
1	79 219
1	84 12
1	83 12
1	85 12
1	79 33
1	84 13
1	83 13
1	85 11
1	79 159
1	83 13
1	85 13
1	79 46
1	84 14
1	84 15
1	84 16
1	83 16
1	85 16
1	79 25
1	84 17
1	83 17
1	85 15
1	79 158
1	84 18
1	84 19
1	84 20
1	83 20
1	85 19
1	79 99
1	84 1
1	83 1
1	85 18
1	79 185
1	83 1
1	85 20
1	79 77
1	83 1
1	85 1
1	79 46
1	84 2
1	84 3
1	83 3
1	85 3
1	79 55
1	84 4
1	84 5
1	84 6
1	83 6
1	85 2
1	79 277
1	84 7
1	83 7
1	85 5
1	79 146
1	83 7
1	85 6
1	79 110
1	83 7
1	85 7
1	79 57
1	84 8
1	84 9
1	83 9
1	85 8
1	79 69
1	84 10
1	83 10
1	85 4
1	79 364
1	83 10
1	85 9
1	79 71
1	84 11
1	83 11
1	85 11
1	79 36
1	84 12
1	84 13
1	84 14
1	83 14
1	85 13
1	79 97
1	84 15
1	83 15
1	85 14
1	79 90
1	84 16
1	83 16
1	85 15
1	79 63
1	83 16
1	85 12
1	79 285
1	83 16
1	85 16
1	79 55
1	84 17
1	84 18
1	83 18
1	85 18
1	79 25
1	84 19
1	84 20
1	83 20
1	85 17
1	79 230
1	83 20
1	85 19
1	79 119
1	84 1
1	84 2
1	83 2
1	85 20
1	79 144
1	84 3
1	83 3
1	85 1
1	79 161
1	83 3
1	85 2
1	79 114
1	84 4
1	84 5
1	84 6
1	83 6
1	85 3
1	79 191
1	84 7
1	83 7
1	85 4
1	79 233
1	84 8
1	83 8
1	85 7
1	79 63
1	84 9
1	83 9
1	85 6
1	79 180
1	83 9
1	85 9
1	79 29
1	84 10
1	84 11
1	84 12
1	83 12
1	85 10
1	79 127
1	84 13
1	83 13
1	85 11
1	79 146
1	83 13
1	85 12
1	79 97
1	83 13
1	85 13
1	79 43
1	84 14
1	84 15
1	84 16
1	84 17
1	83 17
1	85 15
1	79 156
1	83 17
1	85 16
1	79 105
1	84 18
1	84 19
1	83 19
1	85 17
1	79 144
1	83 19
1	85 19
1	79 33
1	84 20
1	84 1
1	83 1
1	85 18
1	79 214
1	83 1
1	85 20
1	79 102
1	84 2
1	84 3
1	83 3
1	85 1
1	79 146
1	84 4
1	84 5
1	83 5
1	85 3
1	79 148
1	84 6
1	84 7
1	83 7
1	85 4
1	79 210
1	84 8
1	83 8
1	85 6
1	79 144
1	84 9
1	83 9
1	85 7
1	79 163
1	84 10
1	83 10
1	85 8
1	79 124
1	84 11
1	84 12
1	83 12
1	85 9
1	79 205
1	83 12
1	85 12
1	79 35
1	84 13
1	83 13
1	85 11
1	79 154
1	83 13
1	85 10
1	79 227
1	84 14
1	84 15
1	84 16
1	83 16
1	85 13
1	79 190
1	83 16
1	85 15
1	79 107
1	84 17
1	83 17
1	85 16
1	79 61
1	84 18
1	83 18
1	85 17
1	79 90
1	84 19
1	83 19
1	85 18
1	79 70
1	84 20
1	83 20
1	85 20
1	79 49
1	84 1
1	83 1
1	85 1
1	79 52
1	84 2
1	84 3
1	83 3
1	85 2
1	79 86
1	83 3
1	85 19
1	79 285
1	84 4
1	84 5
1	83 5
1	85 4
1	79 106
1	83 5
1	85 3
1	79 174
1	84 6
1	84 7
1	84 8
1	83 8
1	85 5
1	79 205
1	83 8
1	85 8
1	79 58
1	84 9
1	83 9
1	85 7
1	79 162
1	84 10
1	84 11
1	83 11
1	85 6
1	79 341
1	83 11
1	85 9
1	79 174
1	84 12
1	83 12
1	85 11
1	79 78
1	84 13
1	83 13
1	85 12
1	79 63
1	84 14
1	84 15
1	83 15
1	85 14
1	79 95
1	84 16
1	83 16
1	85 13
1	79 202
1	83 16
1	85 15
1	79 96
1	84 17
1	84 18
1	83 18
1	85 18
1	79 43
1	84 19
1	83 19
1	85 17
1	79 148
1	84 20
1	84 1
1	83 1
1	85 19
1	79 174
1	84 2
1	83 2
1	85 1
1	79 63
1	83 2
1	85 2
1	79 53
1	84 3
1	84 4
1	84 5
1	83 5
1	85 20
1	79 307
1	83 5
1	85 4
1	79 73
1	83 5
1	85 5
1	79 47
1	84 6
1	83 6
1	85 3
1	79 213
1	84 7
1	83 7
1	85 6
1	79 95
1	84 8
1	84 9
1	83 9
1	85 9
1	79 49
1	84 10
1	84 11
1	83 11
1	85 8
1	79 203
1	83 11
1	85 10
1	79 90
1	83 11
1	85 7
1	79 270
1	84 12
1	84 13
1	83 13
1	85 12
1	79 85
1	83 13
1	85 13
1	79 57
1	84 14
1	83 14
1	85 11
1	79 221
1	83 14
1	85 14
1	79 46
1	84 15
1	84 16
1	84 17
1	83 17
1	85 15
1	79 144
1	83 17
1	85 16
1	79 117
1	84 18
1	83 18
1	85 17
1	79 75
1	84 19
1	84 20
1	83 20
1	85 18
1	79 151
1	84 1
1	83 1
1	85 20
1	79 63
1	84 2
1	84 3
1	83 3
1	85 2
1	79 119
1	84 4
1	83 4
1	85 3
1	79 68
1	84 5
1	83 5
1	85 1
1	79 269
1	83 5
1	85 5
1	79 48
1	84 6
1	83 6
1	85 4
1	79 164
1	84 7
1	84 8
1	83 8
1	85 8
1	79 23
1	84 9
1	84 10
1	83 10
1	85 6
1	79 252
1	83 10
1	85 7
1	79 211
1	84 11
1	84 12
1	84 13
1	83 13
1	85 9
1	79 273
1	83 13
1	85 10
1	79 221
1	83 13
1	85 11
1	79 170
1	84 14
1	83 14
1	85 13
1	79 93
1	84 15
1	84 16
1	83 16
1	85 12
1	79 287
1	83 16
1	85 14
1	79 174
1	84 17
1	83 17
1	85 16
1	79 61
1	83 17
1	85 17
1	79 40
1	84 18
1	84 19
1	84 20
1	83 20
1	85 19
1	79 86
1	84 1
1	84 2
1	83 2
1	85 18
1	79 285
1	83 2
1	85 2
1	79 59
1	84 3
1	84 4
1	83 4
1	85 1
1	79 192
1	83 4
1	85 3
1	79 89
1	84 5
1	84 6
1	83 6
1	85 20
1	79 359
1	84 7
1	83 7
1	85 5
1	79 131
1	84 8
1	84 9
1	83 9
1	85 4
1	79 303
1	83 9
1	85 8
1	79 74
1	84 10
1	84 11
1	83 11
1	85 10
1	79 95
1	83 11
1	85 9
1	79 162
1	84 12
1	83 12
1	85 11
1	79 101
1	84 13
1	83 13
1	85 13
1	79 30
1	84 14
1	84 15
1	83 15
1	85 14
1	79 88
1	84 16
1	83 16
1	85 15
1	79 74
1	83 16
1	85 12
1	79 267
1	83 16
1	85 16
1	79 35
1	84 17
1	84 18
1	84 19
1	83 19
1	85 18
1	79 62
1	84 20
1	83 20
1	85 19
1	79 105
1	83 20
1	85 20
1	79 52
1	84 1
1	83 1
1	85 17
1	79 273
1	84 2
1	84 3
1	83 3
1	85 1
1	79 167
1	84 4
1	83 4
1	85 2
1	79 120
1	83 4
1	85 4
1	79 25
1	84 5
1	83 5
1	85 3
1	79 165
1	84 6
1	84 7
1	83 7
1	85 7
1	79 26
1	84 8
1	83 8
1	85 6
1	79 160
1	83 8
1	85 5
1	79 236
1	84 9
1	83 9
1	85 8
1	79 65
1	84 10
1	84 11
1	83 11
1	85 10
1	79 116
1	84 12
1	83 12
1	85 9
1	79 204
1	83 12
1	85 11
1	79 90
1	84 13
1	84 14
1	83 14
1	85 12
1	79 165
1	83 14
1	85 14
1	79 54
1	84 15
1	84 16
1	83 16
1	85 13
1	79 215
1	84 17
1	84 18
1	83 18
1	85 15
1	79 201
1	83 18
1	85 16
1	79 174
1	84 19
1	83 19
1	85 17
1	79 166
1	84 20
1	83 20
1	85 19
1	79 65
1	84 1
1	83 1
1	85 20
1	79 86
1	84 2
1	83 2
1	85 18
1	79 264
1	83 2
1	85 2
1	79 51
1	84 3
1	83 3
1	85 3
1	79 39
1	84 4
1	84 5
1	83 5
1	85 4
1	79 101
1	83 5
1	85 1
1	79 280
1	83 5
1	85 5
1	79 52
1	84 6
1	84 7
1	84 8
1	83 8
1	85 8
1	79 47
1	84 9
1	83 9
1	85 6
1	79 232
1	83 9
1	85 7
1	79 177
1	84 10
1	83 10
1	85 9
1	79 65
1	84 11
1	83 11
1	85 11
1	79 36
1	84 12
1	84 13
1	83 13
1	85 12
1	79 81
1	84 14
1	83 14
1	85 10
1	79 286
1	83 14
1	85 13
1	79 116
1	84 15
1	83 15
1	85 14
1	79 85
1	84 16
1	83 16
1	85 16
1	79 30
1	84 17
1	84 18
1	83 18
1	85 17
1	79 110
1	84 19
1	83 19
1	85 18
1	79 112
1	83 19
1	85 19
1	79 58
1	84 20
1	84 1
1	83 1
1	85 1
1	79 27
1	84 2
1	83 2
1	85 20
1	79 168
1	84 3
1	84 4
1	83 4
1	85 2
1	79 134
1	83 4
1	85 3
1	79 84
1	84 5
1	83 5
1	85 5
1	79 28
1	84 6
1	84 7
1	83 7
1	85 4
1	79 196
1	84 8
1	83 8
1	85 6
1	79 149
1	83 8
1	85 8
1	79 39
1	84 9
1	84 10
1	83 10
1	85 7
1	79 189
1	83 10
1	85 9
1	79 78
1	84 11
1	84 12
1	83 12
1	85 10
1	79 157
1	84 13
1	83 13
1	85 11
1	79 135
1	83 13
1	85 12
1	79 103
1	84 14
1	83 14
1	85 13
1	79 93
1	83 14
1	85 14
1	79 41
1	84 15
1	84 16
1	84 17
1	83 17
1	85 17
1	79 21
1	84 18
1	84 19
1	83 19
1	85 16
1	79 195
1	83 19
1	85 15
1	79 266
1	83 19
1	85 18
1	79 98
1	84 20
1	84 1
1	84 2
1	83 2
1	85 19
1	79 188
1	84 3
1	83 3
1	85 1
1	79 156
1	84 4
1	83 4
1	85 3
1	79 109
1	83 4
1	85 2
1	79 176
1	84 5
1	83 5
1	85 4
1	79 61
1	84 6
1	84 7
1	83 7
1	85 5
1	79 153
1	84 8
1	83 8
1	85 6
1	79 166
1	83 8
1	85 7
1	79 116
1	84 9
1	83 9
1	85 8
1	79 62
1	84 10
1	83 10
1	85 10
1	79 42
1	84 11
1	84 12
1	84 13
1	83 13
1	85 9
1	79 252
1	83 13
1	85 12
1	79 115
1	84 14
1	83 14
1	85 13
1	79 63
1	84 15
1	83 15
1	85 14
1	79 93
1	84 16
1	84 17
1	83 17
1	85 15
1	79 157
1	83 17
1	85 17
1	79 55
1	84 18
1	84 19
1	83 19
1	85 16
1	79 215
1	83 19
1	85 18
1	79 102
1	84 20
1	84 1
1	83 1
1	85 20
1	79 117
1	84 2
1	83 2
1	85 19
1	79 194
1	84 3
1	84 4
1	83 4
1	85 2
1	79 142
1	84 5
1	83 5
1	85 3
1	79 158
1	84 6
1	83 6
1	85 5
1	79 64
1	83 6
1	85 4
1	79 151
1	83 6
1	85 6
1	79 44
1	84 7
1	84 8
1	83 8
1	85 8
1	79 34
1	84 9
1	83 9
1	85 7
1	79 159
1	84 10
1	83 10
1	85 9
1	79 95
1	83 10
1	85 10
1	79 49
1	TEST_NUMBER 1
1	SENT_TOTAL 250
1	RECEIVED_TOTAL 230
1	TIME_TOTAL 14907
1	RECEIVED_RADIO_1 64
1	RECEIVED_RADIO_2 168
1	SENT_RADIO_1 158
1	SENT_RADIO_2 91
1	RADIO_TIME_1 14912
1	RADIO_TIME_2 14931
1	RETRANSMISSIONS_1 8
1	RETRANSMISSIONS_2 176
1	DROPPED_1 0
1	DROPPED_2 1
1	MAX_QUEUE 2
1	DUPLICATED_1 3
1	DUPLICATED_2 75
1	EBUSY_RADIO_1 0
1	EBUSY_RADIO_2 0
1	84 1
1	84 2
1	83 2
1	85 2
1	79 29
1	84 3
1	83 3
1	85 1
1	79 163
1	84 4
1	83 4
1	85 3
1	79 64
1	84 5
1	84 6
1	83 6
1	85 4
1	79 158
1	84 7
1	83 7
1	85 6
1	79 112
1	84 8
1	83 8
1	85 7
1	79 84
1	84 9
1	83 9
1	85 5
1	79 246
1	83 9
1	85 8
1	79 73
1	84 10
1	83 10
1	85 10
1	79 27
1	84 11
1	84 12
1	83 12
1	85 11
1	79 82
1	84 13
1	83 13
1	85 9
1	79 241
1	83 13
1	85 12
1	79 96
1	83 13
1	85 13
1	79 47
1	84 14
1	84 15
1	83 15
1	85 15
1	79 36
1	84 16
1	84 17
1	84 18
1	83 18
1	85 14
1	79 287
1	84 19
1	83 19
1	85 17
1	79 123
1	84 20
1	84 1
1	84 2
1	83 2
1	85 18
1	79 264
1	84 3
1	84 4
1	84 5
1	84 6
1	84 7
1	83 7
1	85 4
1	79 193
1	83 7
1	85 3
1	79 259
1	83 7
1	85 6
1	79 90
1	84 8
1	83 8
1	85 7
1	79 63
1	84 9
1	83 9
1	85 5
1	79 284
1	83 9
1	85 9
1	79 59
1	84 10
1	84 11
1	83 11
1	85 10
1	79 85
1	84 12
1	83 12
1	85 11
1	79 96
1	84 13
1	83 13
1	85 12
1	79 72
1	84 14
1	84 15
1	83 15
1	85 13
1	79 121
1	83 15
1	85 14
1	79 71
1	84 16
1	84 17
1	83 17
1	85 15
1	79 151
1	83 17
1	85 16
1	79 95
1	83 17
1	85 17
1	79 51
1	84 18
1	83 18
1	85 18
1	79 23
1	84 19
1	84 20
1	83 20
1	85 20
1	79 30
1	84 1
1	84 2
1	83 2
1	85 19
1	79 208
1	83 2
1	85 2
1	79 34
1	84 3
1	84 4
1	84 5
1	84 6
1	83 6
1	85 1
1	79 303
1	83 6
1	85 5
1	79 72
1	83 6
1	85 3
1	79 223
1	84 7
1	83 7
1	85 6
1	79 95
1	84 8
1	83 8
1	85 4
1	79 284
1	83 8
1	85 8
1	79 52
1	84 9
1	83 9
1	85 7
1	79 145
1	83 9
1	85 9
1	79 41
1	84 10
1	84 11
1	84 12
1	83 12
1	85 10
1	79 158
1	83 12
1	85 11
1	79 103
1	83 12
1	85 12
1	79 51
1	84 13
1	84 14
1	83 14
1	85 14
1	79 24
1	84 15
1	83 15
1	85 13
1	79 168
1	83 15
1	85 15
1	79 54
1	84 16
1	83 16
1	85 16
1	79 24
1	84 17
1	83 17
1	85 17
1	79 52
1	84 18
1	83 18
1	85 18
1	79 25
1	84 19
1	83 19
1	85 19
1	79 26
1	84 20
1	84 1
1	84 2
1	83 2
1	85 20
1	79 151
1	84 3
1	84 4
1	83 4
1	85 2
1	79 146
1	84 5
1	83 5
1	85 3
1	79 158
1	84 6
1	83 6
1	85 4
1	79 138
1	83 6
1	85 5
1	79 91
1	84 7
1	84 8
1	83 8
1	85 6
1	79 149
1	83 8
1	85 7
1	79 91
1	83 8
1	85 8
1	79 37
1	84 9
1	84 10
1	83 10
1	85 10
1	79 28
1	84 11
1	83 11
1	85 9
1	79 151
1	83 11
1	85 11
1	79 46
1	84 12
1	84 13
1	83 13
1	85 13
1	79 28
1	84 14
1	84 15
1	83 15
1	85 14
1	79 93
1	84 16
1	84 17
1	83 17
1	85 15
1	79 151
1	84 18
1	84 19
1	84 20
1	83 20
1	85 16
1	79 264
1	83 20
1	85 19
1	79 104
1	83 20
1	85 18
1	79 175
1	84 1
1	83 1
1	85 20
1	79 74
1	84 2
1	84 3
1	84 4
1	83 4
1	85 2
1	79 150
1	83 4
1	85 1
1	79 216
1	83 4
1	85 3
1	79 103
1	84 5
1	83 5
1	85 5
1	79 27
1	84 6
1	83 6
1	85 4
1	79 167
1	84 7
1	83 7
1	85 7
1	79 24
1	84 8
1	83 8
1	85 6
1	79 176
1	84 9
1	83 9
1	85 8
1	79 76
1	84 10
1	83 10
1	85 10
1	79 25
1	84 11
1	84 12
1	83 12
1	85 11
1	79 83
1	83 12
1	85 9
1	79 207
1	83 12
1	85 12
1	79 33
1	84 13
1	84 14
1	84 15
1	83 15
1	85 13
1	79 167
1	84 16
1	83 16
1	85 15
1	79 66
1	84 17
1	83 17
1	85 14
1	79 204
1	83 17
1	85 16
1	79 109
1	84 18
1	84 19
1	83 19
1	85 18
1	79 101
1	83 19
1	85 17
1	79 161
1	84 20
1	84 1
1	83 1
1	85 20
1	79 88
1	83 1
1	85 1
1	79 36
1	84 2
1	84 3
1	83 3
1	85 2
1	79 61
1	83 3
1	85 3
1	79 25
1	84 4
1	84 5
1	83 5
1	85 5
1	79 37
1	84 6
1	83 6
1	85 6
1	79 42
1	84 7
1	84 8
1	83 8
1	85 4
1	79 265
1	83 8
1	85 8
1	79 47
1	84 9
1	84 10
1	83 10
1	85 9
1	79 72
1	83 10
1	85 7
1	79 235
1	84 11
1	83 11
1	85 10
1	79 62
1	84 12
1	83 12
1	85 12
1	79 43
1	84 13
1	84 14
1	83 14
1	85 13
1	79 110
1	84 15
1	83 15
1	85 11
1	79 273
1	83 15
1	85 14
1	79 104
1	84 16
1	84 17
1	84 18
1	83 18
1	85 15
1	79 211
1	83 18
1	85 16
1	79 171
1	84 19
1	83 19
1	85 18
1	79 61
1	84 20
1	83 20
1	85 17
1	79 205
1	84 1
1	83 1
1	85 20
1	79 104
1	83 1
1	85 19
1	79 171
1	83 1
1	85 1
1	79 56
1	84 2
1	84 3
1	84 4
1	83 4
1	85 4
1	79 26
1	84 5
1	84 6
1	83 6
1	85 3
1	79 228
1	84 7
1	83 7
1	85 2
1	79 357
1	84 8
1	83 8
1	85 7
1	79 90
1	84 9
1	83 9
1	85 8
1	79 107
1	84 10
1	83 10
1	85 6
1	79 254
1	83 10
1	85 9
1	79 109
1	84 11
1	84 12
1	83 12
1	85 10
1	79 145
1	83 12
1	85 12
1	79 34
1	84 13
1	84 14
1	83 14
1	85 13
1	79 114
1	84 15
1	83 15
1	85 11
1	79 245
1	83 15
1	85 14
1	79 74
1	84 16
1	84 17
1	83 17
1	85 15
1	79 171
1	84 18
1	83 18
1	85 17
1	79 97
1	83 18
1	85 18
1	79 46
1	84 19
1	84 20
1	83 20
1	85 19
1	79 99
1	84 1
1	83 1
1	85 1
1	79 45
1	84 2
1	84 3
1	83 3
1	85 2
1	79 87
1	83 3
1	85 3
1	79 41
1	84 4
1	83 4
1	85 20
1	79 261
1	83 4
1	85 4
1	79 30
1	84 5
1	83 5
1	85 5
1	79 27
1	84 6
1	84 7
1	83 7
1	85 7
1	79 50
1	84 8
1	83 8
1	85 6
1	79 145
1	83 8
1	85 8
1	79 38
1	84 9
1	84 10
1	84 11
1	84 12
1	83 12
1	85 9
1	79 194
1	83 12
1	85 11
1	79 83
1	84 13
1	83 13
1	85 13
1	79 49
1	83 13
1	85 10
1	79 230
1	84 14
1	84 15
1	83 15
1	85 15
1	79 38
1	84 16
1	84 17
1	84 18
1	83 18
1	85 18
1	79 26
1	84 19
1	83 19
1	85 17
1	79 148
1	83 19
1	85 16
1	79 227
1	84 20
1	84 1
1	83 1
1	85 20
1	79 92
1	83 1
1	85 1
1	79 54
1	84 2
1	84 3
1	83 3
1	85 2
1	79 63
1	84 4
1	83 4
1	85 4
1	79 26
1	84 5
1	84 6
1	83 6
1	85 5
1	79 90
1	84 7
1	84 8
1	84 9
1	83 9
1	85 6
1	79 199
1	83 9
1	85 8
1	79 87
1	83 9
1	85 7
1	79 156
1	84 10
1	84 11
1	84 12
1	83 12
1	85 11
1	79 74
1	83 12
1	85 9
1	79 195
1	84 13
1	83 13
1	85 12
1	79 67
1	84 14
1	84 15
1	83 15
1	85 14
1	79 120
1	84 16
1	83 16
1	85 15
1	79 75
1	84 17
1	83 17
1	85 13
1	79 243
1	84 18
1	84 19
1	83 19
1	85 16
1	79 197
1	83 19
1	85 18
1	79 85
1	84 20
1	83 20
1	85 17
1	79 217
1	84 1
1	83 1
1	85 20
1	79 95
1	83 1
1	85 1
1	79 44
1	84 2
1	84 3
1	83 3
1	85 2
1	79 90
1	84 4
1	84 5
1	84 6
1	83 6
1	85 4
1	79 149
1	84 7
1	83 7
1	85 6
1	79 115
1	84 8
1	83 8
1	85 7
1	79 100
1	84 9
1	84 10
1	83 10
1	85 9
1	79 83
1	84 11
1	83 11
1	85 10
1	79 74
1	84 12
1	84 13
1	83 13
1	85 8
1	79 299
1	83 13
1	85 12
1	79 70
1	84 14
1	84 15
1	83 15
1	85 11
1	79 261
1	83 15
1	85 13
1	79 152
1	83 15
1	85 15
1	79 41
1	84 16
1	84 17
1	83 17
1	85 16
1	79 65
1	83 17
1	85 14
1	79 231
1	83 17
1	85 17
1	79 58
1	84 18
1	84 19
1	83 19
1	85 19
1	79 28
1	84 20
1	84 1
1	83 1
1	85 18
1	79 209
1	84 2
1	84 3
1	83 3
1	85 20
1	79 212
1	83 3
1	85 2
1	79 99
1	83 3
1	85 3
1	79 49
1	84 4
1	83 4
1	85 4
1	79 47
1	84 5
1	84 6
1	83 6
1	85 6
1	79 27
1	84 7
1	84 8
1	84 9
1	83 9
1	85 8
1	79 115
1	84 10
1	83 10
1	85 7
1	79 184
1	83 10
1	85 9
1	79 96
1	84 11
1	83 11
1	85 11
1	79 28
1	84 12
1	83 12
1	85 10
1	79 158
1	83 12
1	85 12
1	79 51
1	84 13
1	83 13
1	85 13
1	79 26
1	84 14
1	84 15
1	84 16
1	84 17
1	83 17
1	85 14
1	79 202
1	83 17
1	85 15
1	79 148
1	83 17
1	85 17
1	79 44
1	84 18
1	84 19
1	83 19
1	85 16
1	79 206
1	83 19
1	85 19
1	79 35
1	84 20
1	84 1
1	83 1
1	85 20
1	79 82
1	84 2
1	83 2
1	85 18
1	79 243
1	84 3
1	83 3
1	85 3
1	79 26
1	84 4
1	83 4
1	85 2
1	79 170
1	84 5
1	83 5
1	85 1
1	79 268
1	83 5
1	85 4
1	79 94
1	84 6
1	83 6
1	85 5
1	79 102
1	83 6
1	85 6
1	79 52
1	84 7
1	84 8
1	84 9
1	84 10
1	83 10
1	85 7
1	79 207
1	83 10
1	85 9
1	79 104
1	83 10
1	85 10
1	79 53
1	84 11
1	84 12
1	83 12
1	85 11
1	79 88
1	84 13
1	84 14
1	83 14
1	85 12
1	79 164
1	83 14
1	85 13
1	79 112
1	84 15
1	84 16
1	83 16
1	85 14
1	79 148
1	83 16
1	85 16
1	79 38
1	84 17
1	83 17
1	85 17
1	79 56
1	84 18
1	84 19
1	83 19
1	85 18
1	79 96
1	84 20
1	83 20
1	85 20
1	79 34
1	84 1
1	84 2
1	84 3
1	83 3
1	85 2
1	79 83
1	83 3
1	85 19
1	79 272
1	84 4
1	84 5
1	84 6
1	83 6
1	85 3
1	79 200
1	83 6
1	85 1
1	79 325
1	83 6
1	85 5
1	79 94
1	84 7
1	83 7
1	85 6
1	79 79
1	83 7
1	85 4
1	79 215
1	83 7
1	85 7
1	79 50
1	84 8
1	84 9
1	84 10
1	83 10
1	85 10
1	79 25
1	TEST_NUMBER 2
1	SENT_TOTAL 250
1	RECEIVED_TOTAL 224
1	TIME_TOTAL 14818
1	RECEIVED_RADIO_1 65
1	RECEIVED_RADIO_2 159
1	SENT_RADIO_1 149
1	SENT_RADIO_2 99
1	RADIO_TIME_1 14875
1	RADIO_TIME_2 14907
1	RETRANSMISSIONS_1 5
1	RETRANSMISSIONS_2 133
1	DROPPED_1 0
1	DROPPED_2 2
1	MAX_QUEUE 2
1	DUPLICATED_1 5
1	DUPLICATED_2 53
1	EBUSY_RADIO_1 0
1	EBUSY_RADIO_2 0
1	84 1
1	84 2
1	83 2
1	85 8
1	86 2
1	83 2
1	85 9
1	86 2
1	83 2
1	85 1
1	79 97
1	84 3
1	84 4
1	83 4
1	85 2
1	79 147
1	83 4
1	85 3
1	79 92
1	83 4
1	85 4
1	79 56
1	84 5
1	83 5
1	85 5
1	79 25
1	84 6
1	83 6
1	85 6
1	79 32
1	84 7
1	84 8
1	83 8
1	85 8
1	79 48
1	84 9
1	84 10
1	83 10
1	85 7
1	79 207
1	83 10
1	85 10
1	79 38
1	84 11
1	83 11
1	85 9
1	79 144
1	83 11
1	85 11
1	79 34
1	84 12
1	84 13
1	83 13
1	85 13
1	79 35
1	84 14
1	83 14
1	85 12
1	79 162
1	84 15
1	84 16
1	84 17
1	83 17
1	85 14
1	79 209
1	83 17
1	85 17
1	79 36
1	84 18
1	83 18
1	85 16
1	79 154
1	84 19
1	83 19
1	85 15
1	79 269
1	84 20
1	84 1
1	83 1
1	85 20
1	79 85
1	83 1
1	85 19
1	79 152
1	83 1
1	85 1
1	79 51
1	84 2
1	84 3
1	84 4
1	84 5
1	83 5
1	85 3
1	79 146
1	83 5
1	85 5
1	79 34
1	84 6
1	83 6
1	85 6
1	79 50
1	84 7
1	84 8
1	83 8
1	85 7
1	79 88
1	84 9
1	84 10
1	83 10
1	85 8
1	79 177
1	84 11
1	83 11
1	85 10
1	79 64
1	84 12
1	84 13
1	84 14
1	84 15
1	84 16
1	83 16
1	85 12
1	79 273
1	83 16
1	85 14
1	79 161
1	84 17
1	83 17
1	85 15
1	79 163
1	84 18
1	83 18
1	85 17
1	79 62
1	84 19
1	84 20
1	83 20
1	85 19
1	79 98
1	83 20
1	85 18
1	79 167
1	84 1
1	84 2
1	84 3
1	83 3
1	85 2
1	79 82
1	84 4
1	84 5
1	83 5
1	85 3
1	79 177
1	84 6
1	83 6
1	85 5
1	79 63
1	84 7
1	84 8
1	83 8
1	85 6
1	79 176
1	84 9
1	83 9
1	85 8
1	79 89
1	84 10
1	83 10
1	85 9
1	79 90
1	84 11
1	84 12
1	83 12
1	85 11
1	79 113
1	84 13
1	84 14
1	83 14
1	85 12
1	79 135
1	83 14
1	85 14
1	79 50
1	84 15
1	84 16
1	83 16
1	85 15
1	79 116
1	84 17
1	83 17
1	85 17
1	79 55
1	84 18
1	84 19
1	84 20
1	83 20
1	85 20
1	79 51
1	83 20
1	85 19
1	79 118
1	84 1
1	84 2
1	84 3
1	84 4
1	83 4
1	85 1
1	79 183
1	84 5
1	83 5
1	85 3
1	79 150
1	84 6
1	84 7
1	84 8
1	83 8
1	85 5
1	79 235
1	84 9
1	84 10
1	84 11
1	83 11
1	85 7
1	79 251
1	84 12
1	83 12
1	85 9
1	79 236
1	84 13
1	83 13
1	85 10
1	79 194
1	83 13
1	85 13
1	79 31
1	84 14
1	84 15
1	83 15
1	85 14
1	79 65
1	84 16
1	84 17
1	84 18
1	83 18
1	85 16
1	79 137
1	83 18
1	85 17
1	79 113
1	84 19
1	84 20
1	84 1
1	84 2
1	84 3
1	83 3
1	85 18
1	79 338
1	83 3
1	85 1
1	79 169
1	84 4
1	84 5
1	83 5
1	85 2
1	79 182
1	84 6
1	83 6
1	85 3
1	79 200
1	83 6
1	85 5
1	79 90
1	84 7
1	83 7
1	85 6
1	79 95
1	84 8
1	84 9
1	83 9
1	85 8
1	79 61
1	83 9
1	85 9
1	79 43
1	84 10
1	84 11
1	84 12
1	84 13
1	83 13
1	85 11
1	79 149
1	83 13
1	85 13
1	79 38
1	84 14
1	84 15
1	83 15
1	85 12
1	79 215
1	84 16
1	83 16
1	85 14
1	79 120
1	84 17
1	83 17
1	85 17
1	79 28
1	84 18
1	83 18
1	85 16
1	79 155
1	83 18
1	85 18
1	79 41
1	84 19
1	84 20
1	83 20
1	85 20
1	79 28
1	84 1
1	84 2
1	83 2
1	85 2
1	79 55
1	84 3
1	84 4
1	83 4
1	85 4
1	79 34
1	84 5
1	83 5
1	85 3
1	79 151
1	84 6
1	83 6
1	85 5
1	79 75
1	83 6
1	85 6
1	79 34
1	84 7
1	84 8
1	83 8
1	85 8
1	79 29
1	84 9
1	84 10
1	84 11
1	84 12
1	84 13
1	84 14
1	83 14
1	85 9
1	79 311
1	83 14
1	85 11
1	79 199
1	83 14
1	85 12
1	79 163
1	83 14
1	85 13
1	79 110
1	84 15
1	84 16
1	83 16
1	85 14
1	79 179
1	84 17
1	83 17
1	85 16
1	79 87
1	84 18
1	84 19
1	84 20
1	84 1
1	83 1
1	85 18
1	79 204
1	83 1
1	85 20
1	79 93
1	83 1
1	85 19
1	79 160
1	84 2
1	84 3
1	84 4
1	83 4
1	85 3
1	79 98
1	84 5
1	83 5
1	85 2
1	79 231
1	84 6
1	84 7
1	83 7
1	85 6
1	79 82
1	84 8
1	83 8
1	85 5
1	79 233
1	84 9
1	84 10
1	83 10
1	85 9
1	79 104
1	84 11
1	84 12
1	84 13
1	83 13
1	85 12
1	79 111
1	84 14
1	83 14
1	85 13
1	79 73
1	84 15
1	83 15
1	85 15
1	79 36
1	84 16
1	84 17
1	83 17
1	85 16
1	79 76
1	84 18
1	84 19
1	83 19
1	85 18
1	79 74
1	84 20
1	84 1
1	83 1
1	85 19
1	79 154
1	83 1
1	85 1
1	79 58
1	84 2
1	84 3
1	84 4
1	84 5
1	83 5
1	85 3
1	79 151
1	83 5
1	85 5
1	79 40
1	84 6
1	83 6
1	85 4
1	79 170
1	84 7
1	83 7
1	85 6
1	79 89
1	84 8
1	84 9
1	83 9
1	85 7
1	79 148
1	84 10
1	83 10
1	85 10
1	79 40
1	84 11
1	84 12
1	84 13
1	83 13
1	85 11
1	79 150
1	84 14
1	84 15
1	83 15
1	85 14
1	79 96
1	83 15
1	85 13
1	79 174
1	84 16
1	84 17
1	84 18
1	83 18
1	85 15
1	79 205
1	83 18
1	85 18
1	79 31
1	84 19
1	83 19
1	85 17
1	79 146
1	83 19
1	85 19
1	79 48
1	84 20
1	84 1
1	83 1
1	85 1
1	79 35
1	84 2
1	84 3
1	83 3
1	85 2
1	79 91
1	84 4
1	84 5
1	84 6
1	83 6
1	85 5
1	79 99
1	84 7
1	84 8
1	84 9
1	84 10
1	83 10
1	85 6
1	79 266
1	83 10
1	85 10
1	79 36
1	84 11
1	84 12
1	83 12
1	85 9
1	79 209
1	83 12
1	85 11
1	79 107
1	84 13
1	83 13
1	85 12
1	79 87
1	84 14
1	84 15
1	84 16
1	83 16
1	85 16
1	79 29
1	84 17
1	83 17
1	85 15
1	79 175
1	84 18
1	84 19
1	83 19
1	85 19
1	79 55
1	84 20
1	84 1
1	83 1
1	85 1
1	79 28
1	84 2
1	83 2
1	85 20
1	79 145
1	84 3
1	83 3
1	85 2
1	79 61
1	84 4
1	83 4
1	85 3
1	79 98
1	84 5
1	83 5
1	85 5
1	79 54
1	84 6
1	84 7
1	83 7
1	85 7
1	79 23
1	84 8
1	83 8
1	85 8
1	79 53
1	84 9
1	84 10
1	84 11
1	84 12
1	84 13
1	83 13
1	85 10
1	79 194
1	83 13
1	85 12
1	79 84
1	84 14
1	83 14
1	85 13
1	79 83
1	84 15
1	84 16
1	84 17
1	83 17
1	85 15
1	79 133
1	84 18
1	83 18
1	85 16
1	79 168
1	84 19
1	83 19
1	85 18
1	79 73
1	84 20
1	83 20
1	85 17
1	79 206
1	83 20
1	85 20
1	79 32
1	84 1
1	84 2
1	83 2
1	85 1
1	79 85
1	84 3
1	83 3
1	85 2
1	79 74
1	84 4
1	83 4
1	85 3
1	79 108
1	84 5
1	84 6
1	84 7
1	83 7
1	85 6
1	79 105
1	83 7
1	85 5
1	79 171
1	84 8
1	84 9
1	83 9
1	85 8
1	79 85
1	84 10
1	84 11
1	84 12
1	84 13
1	83 13
1	85 9
1	79 256
1	83 13
1	85 13
1	79 37
1	83 13
1	85 11
1	79 165
1	84 14
1	83 14
1	85 12
1	79 132
1	84 15
1	83 15
1	85 14
1	79 84
1	84 16
1	83 16
1	85 16
1	79 56
1	84 17
1	84 18
1	84 19
1	83 19
1	85 18
1	79 64
1	83 19
1	85 19
1	79 53
1	84 20
1	84 1
1	84 2
1	83 2
1	85 1
1	79 75
1	83 2
1	85 20
1	79 158
1	83 2
1	85 2
1	79 46
1	84 3
1	83 3
1	85 3
1	79 46
1	84 4
1	84 5
1	84 6
1	83 6
1	85 4
1	79 131
1	83 6
1	85 6
1	79 49
1	84 7
1	84 8
1	83 8
1	85 8
1	79 27
1	84 9
1	84 10
1	83 10
1	85 10
1	79 39
1	84 11
1	84 12
1	83 12
1	85 11
1	79 88
1	84 13
1	84 14
1	84 15
1	84 16
1	83 16
1	85 13
1	79 198
1	83 16
1	85 14
1	79 177
1	84 17
1	83 17
1	85 16
1	79 65
1	84 18
1	83 18
1	85 15
1	79 216
1	83 18
1	85 17
1	79 106
1	84 19
1	83 19
1	85 19
1	79 53
1	84 20
1	84 1
1	84 2
1	84 3
1	83 3
1	85 2
1	79 106
1	83 3
1	85 18
1	79 351
1	83 3
1	85 1
1	79 179
1	84 4
1	83 4
1	85 3
1	79 64
1	84 5
1	84 6
1	83 6
1	85 4
1	79 149
1	83 6
1	85 6
1	79 44
1	84 7
1	84 8
1	84 9
1	84 10
1	83 10
1	85 7
1	79 266
1	83 10
1	85 9
1	79 152
1	83 10
1	85 10
1	79 137
1	TEST_NUMBER 3
1	SENT_TOTAL 250
1	RECEIVED_TOTAL 175
1	TIME_TOTAL 14947
1	RECEIVED_RADIO_1 7
1	RECEIVED_RADIO_2 170
1	SENT_RADIO_1 155
1	SENT_RADIO_2 95
1	RADIO_TIME_1 14874
1	RADIO_TIME_2 15019
1	RETRANSMISSIONS_1 9
1	RETRANSMISSIONS_2 153
1	DROPPED_1 0
1	DROPPED_2 1
1	MAX_QUEUE 2
1	DUPLICATED_1 1
1	DUPLICATED_2 57
1	EBUSY_RADIO_1 0
1	EBUSY_RADIO_2 0
1	84 1
1	84 2
1	84 3
1	83 3
1	85 1
1	79 160
1	84 4
1	84 5
1	84 6
1	84 7
1	83 7
1	85 7
1	79 31
1	84 8
1	84 9
1	83 9
1	85 5
1	79 291
1	83 9
1	85 9
1	79 59
1	84 10
1	83 10
1	85 6
1	79 289
1	83 10
1	85 8
1	79 179
1	84 11
1	84 12
1	83 12
1	85 12
1	79 56
1	84 13
1	84 14
1	83 14
1	85 14
1	79 25
1	84 15
1	84 16
1	84 17
1	83 17
1	85 17
1	79 41
1	84 18
1	83 18
1	85 18
1	79 35
1	84 19
1	84 20
1	84 1
1	84 2
1	83 2
1	85 19
1	79 198
1	83 2
1	85 20
1	79 146
1	84 3
1	83 3
1	85 2
1	79 96
1	84 4
1	84 5
1	83 5
1	85 5
1	79 33
1	84 6
1	84 7
1	84 8
1	83 8
1	85 4
1	79 294
1	84 9
1	83 9
1	85 8
1	79 63
1	84 10
1	84 11
1	83 11
1	85 9
1	79 171
1	84 12
1	83 12
1	85 11
1	79 84
1	84 13
1	83 13
1	85 10
1	79 212
1	84 14
1	83 14
1	85 12
1	79 140
1	83 14
1	85 13
1	79 89
1	84 15
1	84 16
1	84 17
1	83 17
1	85 15
1	79 148
1	83 17
1	85 16
1	79 95
1	83 17
1	85 17
1	79 43
1	84 18
1	83 18
1	85 18
1	79 43
1	84 19
1	84 20
1	84 1
1	84 2
1	83 2
1	85 2
1	79 35
1	84 3
1	83 3
1	85 1
1	79 153
1	84 4
1	83 4
1	85 3
1	79 70
1	84 5
1	84 6
1	83 6
1	85 5
1	79 63
1	84 7
1	83 7
1	85 7
1	79 46
1	84 8
1	84 9
1	83 9
1	85 6
1	79 207
1	84 10
1	83 10
1	85 8
1	79 143
1	83 10
1	85 10
1	79 45
1	84 11
1	84 12
1	84 13
1	84 14
1	84 15
1	83 15
1	85 12
1	79 199
1	83 15
1	85 14
1	79 90
1	84 16
1	84 17
1	84 18
1	83 18
1	85 15
1	79 186
1	84 19
1	84 20
1	84 1
1	84 2
1	83 2
1	85 16
1	79 380
1	83 2
1	85 20
1	79 148
1	83 2
1	85 2
1	79 50
1	84 3
1	84 4
1	84 5
1	83 5
1	85 4
1	79 85
1	84 6
1	83 6
1	85 6
1	79 49
1	84 7
1	84 8
1	83 8
1	85 7
1	79 105
1	84 9
1	83 9
1	85 8
1	79 63
1	84 10
1	83 10
1	85 9
1	79 98
1	84 11
1	84 12
1	84 13
1	83 13
1	85 12
1	79 75
1	84 14
1	83 14
1	85 14
1	79 25
1	84 15
1	84 16
1	83 16
1	85 13
1	79 207
1	83 16
1	85 15
1	79 93
1	84 17
1	84 18
1	83 18
1	85 16
1	79 126
1	83 18
1	85 17
1	79 77
1	83 18
1	85 18
1	79 58
1	84 19
1	84 20
1	83 20
1	85 20
1	79 37
1	84 1
1	84 2
1	84 3
1	83 3
1	85 1
1	79 120
1	84 4
1	83 4
1	85 3
1	79 60
1	84 5
1	84 6
1	83 6
1	85 4
1	79 133
1	84 7
1	84 8
1	83 8
1	85 6
1	79 143
1	84 9
1	83 9
1	85 7
1	79 155
1	84 10
1	83 10
1	85 9
1	79 77
1	84 11
1	84 12
1	84 13
1	83 13
1	85 10
1	79 214
1	83 13
1	85 12
1	79 103
1	83 13
1	85 13
1	79 51
1	84 14
1	84 15
1	84 16
1	84 17
1	83 17
1	85 17
1	79 30
1	84 18
1	83 18
1	85 18
1	79 29
1	84 19
1	84 20
1	83 20
1	85 19
1	79 60
1	84 1
1	84 2
1	84 3
1	83 3
1	85 1
1	79 137
1	84 4
1	83 4
1	85 2
1	79 156
1	83 4
1	85 4
1	79 57
1	84 5
1	84 6
1	83 6
1	85 6
1	79 35
1	84 7
1	84 8
1	83 8
1	85 7
1	79 91
1	83 8
1	85 8
1	79 51
1	84 9
1	84 10
1	83 10
1	85 9
1	79 60
1	84 11
1	84 12
1	84 13
1	83 13
1	85 12
1	79 98
1	83 13
1	85 11
1	79 176
1	84 14
1	84 15
1	84 16
1	83 16
1	85 14
1	79 128
1	83 16
1	85 13
1	79 212
1	84 17
1	84 18
1	83 18
1	85 15
1	79 192
1	84 19
1	83 19
1	85 15
1	79 278
1	83 19
1	85 13
1	79 404
1	84 20
1	84 1
1	83 1
1	85 13
1	79 527
1	84 2
1	83 2
1	85 15
1	79 424
1	83 2
1	85 12
1	79 624
1	84 3
1	83 3
1	85 13
1	79 627
1	83 3
1	85 15
1	79 515
1	83 3
1	85 12
1	79 701
1	83 3
1	85 13
1	79 648
1	84 4
1	84 5
1	84 6
1	83 6
1	85 15
1	79 663
1	83 6
1	85 12
1	79 853
1	83 6
1	85 15
1	79 682
1	83 6
1	85 12
1	79 878
1	84 7
1	83 7
1	85 13
1	79 853
1	83 7
1	85 15
1	79 740
1	83 7
1	85 12
1	79 942
1	84 8
1	84 9
1	83 9
1	85 12
1	79 1075
1	84 10
1	83 10
1	85 13
1	79 1041
1	84 11
1	84 12
1	83 12
1	85 15
1	79 1045
1	83 12
1	85 12
1	79 38
1	83 12
1	85 13
1	79 1181
1	83 12
1	85 15
1	79 1067
1	83 12
1	85 12
1	79 60
1	84 13
1	83 13
1	85 13
1	79 5
1	84 14
1	83 14
1	85 15
1	79 1171
1	84 15
1	83 15
1	85 12
1	79 227
1	84 16
1	83 16
1	85 13
1	79 213
1	84 17
1	84 18
1	83 18
1	85 13
1	79 342
1	83 18
1	85 15
1	79 230
1	83 18
1	85 12
1	79 416
1	84 19
1	83 19
1	85 15
1	79 284
1	83 19
1	85 12
1	79 476
1	84 20
1	83 20
1	85 15
1	79 338
1	83 20
1	85 12
1	79 524
1	84 1
1	83 1
1	85 13
1	79 497
1	83 1
1	85 12
1	79 578
1	83 1
1	85 15
1	79 415
1	84 2
1	83 2
1	85 12
1	79 623
1	83 2
1	85 15
1	79 461
1	84 3
1	83 3
1	85 12
1	79 683
1	83 3
1	85 13
1	79 630
1	83 3
1	85 12
1	79 698
1	84 4
1	84 5
1	84 6
1	84 7
1	83 7
1	85 12
1	79 927
1	83 7
1	85 9
1	79 1112
1	83 7
1	85 15
1	79 762
1	83 7
1	85 13
1	79 890
1	84 8
1	83 8
1	85 15
1	79 795
1	83 8
1	85 12
1	79 992
1	84 9
1	84 10
1	83 10
1	85 15
1	79 921
1	83 10
1	85 13
1	79 1047
1	83 10
1	85 12
1	79 1116
1	83 10
1	85 13
1	79 1063
1	84 11
1	83 11
1	85 12
1	79 1152
1	83 11
1	85 15
1	79 981
1	83 11
1	85 12
1	79 1168
1	83 11
1	85 13
1	79 1115
1	84 12
1	84 13
1	84 14
1	84 15
1	83 15
1	85 1
1	79 875
1	84 16
1	84 17
1	84 18
1	84 19
1	84 20
1	84 1
1	84 2
1	84 3
1	84 4
1	83 4
1	85 13
1	79 674
1	83 4
1	85 16
1	79 508
1	84 5
1	84 6
1	84 7
1	84 8
1	84 9
1	84 10
1	84 11
1	84 12
1	84 13
1	84 14
1	84 15
1	83 15
1	85 8
1	79 431
1	83 15
1	85 9
1	79 381
1	84 16
1	84 17
1	84 18
1	84 19
1	83 19
1	85 12
1	79 431
1	84 20
1	84 1
1	84 2
1	84 3
1	83 3
1	85 19
1	79 255
1	83 3
1	85 4
1	79 1157
1	83 3
1	85 6
1	79 1061
1	84 4
1	83 4
1	85 8
1	79 998
1	83 4
1	85 10
1	79 887
1	84 5
1	83 5
1	85 12
1	79 830
1	84 6
1	83 6
1	85 14
1	79 739
1	84 7
1	83 7
1	85 17
1	79 637
1	83 7
1	85 19
1	79 524
1	84 8
1	84 9
1	83 9
1	85 20
1	79 582
1	84 10
1	84 11
1	84 12
1	83 12
1	85 2
1	79 598
1	83 12
1	85 9
1	79 225
1	83 12
1	85 3
1	79 592
1	84 13
1	84 14
1	83 14
1	85 12
1	79 152
1	84 15
1	83 15
1	85 7
1	79 517
1	83 15
1	85 8
1	79 472
1	84 16
1	83 16
1	85 10
1	79 360
1	84 17
1	84 18
1	83 18
1	85 17
1	79 73
1	83 18
1	85 14
1	79 257
1	84 19
1	83 19
1	85 15
1	79 299
1	84 20
1	83 20
1	85 18
1	79 147
1	83 20
1	85 19
1	79 105
1	84 1
1	84 2
1	84 3
1	84 4
1	83 4
1	85 20
1	79 292
1	84 5
1	83 5
1	85 4
1	79 62
1	84 6
1	84 7
1	84 8
1	84 9
1	83 9
1	85 3
1	79 377
1	83 9
1	85 7
1	79 146
1	83 9
1	85 6
1	79 212
1	83 9
1	85 9
1	79 38
1	84 10
1	84 11
1	84 12
1	84 13
1	84 14
1	83 14
1	85 11
1	79 180
1	83 14
1	85 12
1	79 152
1	83 14
1	85 14
1	79 41
1	84 15
1	83 15
1	85 13
1	79 145
1	84 16
1	84 17
1	83 17
1	85 16
1	79 92
1	84 18
1	84 19
1	83 19
1	85 18
1	79 84
1	83 19
1	85 19
1	79 32
1	84 20
1	84 1
1	84 2
1	83 2
1	85 1
1	79 76
1	84 3
1	84 4
1	84 5
1	83 5
1	85 3
1	79 172
1	83 5
1	85 2
1	79 238
1	84 6
1	83 6
1	85 4
1	79 125
1	84 7
1	83 7
1	85 7
1	79 27
1	84 8
1	83 8
1	85 6
1	79 156
1	83 8
1	85 8
1	79 58
1	84 9
1	84 10
1	84 11
1	83 11
1	85 10
1	79 94
1	83 11
1	85 11
1	79 43
1	84 12
1	84 13
1	83 13
1	85 12
1	79 86
1	84 14
1	84 15
1	83 15
1	85 14
1	79 86
1	84 16
1	84 17
1	83 17
1	85 16
1	79 103
1	84 18
1	83 18
1	85 17
1	79 86
1	84 19
1	84 20
1	84 1
1	83 1
1	85 19
1	79 133
1	83 1
1	85 1
1	79 44
1	84 2
1	83 2
1	85 2
1	79 56
1	84 3
1	84 4
1	83 4
1	85 3
1	79 95
1	84 5
1	83 5
1	85 4
1	79 61
1	84 6
1	84 7
1	84 8
1	83 8
1	85 5
1	79 229
1	83 8
1	85 7
1	79 115
1	84 9
1	83 9
1	85 8
1	79 90
1	84 10
1	TEST_NUMBER 4
1	SENT_TOTAL 250
1	RECEIVED_TOTAL 194
1	TIME_TOTAL 14693
1	RECEIVED_RADIO_1 0
1	RECEIVED_RADIO_2 194
1	SENT_RADIO_1 155
1	SENT_RADIO_2 90
1	RADIO_TIME_1 14790
1	RADIO_TIME_2 14882
1	RETRANSMISSIONS_1 13
1	RETRANSMISSIONS_2 165
1	DROPPED_1 0
1	DROPPED_2 4
1	MAX_QUEUE 2
1	DUPLICATED_1 0
1	DUPLICATED_2 68
1	EBUSY_RADIO_1 0
1	EBUSY_RADIO_2 0
1	84 1
1	83 1
1	85 1
1	79 25
1	84 2
1	84 3
1	83 3
1	85 10
1	86 4
1	84 4
1	83 4
1	85 3
1	79 107
1	83 4
1	85 4
1	79 56
1	84 5
1	83 5
1	85 5
1	79 38
1	84 6
1	84 7
1	83 7
1	85 7
1	79 28
1	84 8
1	84 9
1	83 9
1	85 8
1	79 68
1	84 10
1	84 11
1	83 11
1	85 11
1	79 31
1	84 12
1	83 12
1	85 10
1	79 160
1	83 12
1	85 12
1	79 47
1	84 13
1	83 13
1	85 13
1	79 38
1	84 14
1	84 15
1	83 15
1	85 15
1	79 42
1	84 16
1	84 17
1	83 17
1	85 16
1	79 73
1	84 18
1	84 19
1	83 19
1	85 19
1	79 27
1	84 20
1	84 1
1	83 1
1	85 18
1	79 207
1	83 1
1	85 1
1	79 37
1	84 2
1	84 3
1	83 3
1	85 2
1	79 85
1	84 4
1	84 5
1	83 5
1	85 5
1	79 38
1	84 6
1	83 6
1	85 4
1	79 149
1	84 7
1	84 8
1	84 9
1	84 10
1	83 10
1	85 7
1	79 208
1	83 10
1	85 9
1	79 96
1	84 11
1	83 11
1	85 10
1	79 69
1	84 12
1	83 12
1	85 11
1	79 76
1	84 13
1	84 14
1	83 14
1	85 12
1	79 150
1	84 15
1	84 16
1	83 16
1	85 16
1	79 57
1	84 17
1	84 18
1	83 18
1	85 18
1	79 32
1	84 19
1	84 20
1	84 1
1	83 1
1	85 1
1	79 31
1	83 1
1	85 19
1	79 175
1	84 2
1	84 3
1	83 3
1	85 20
1	79 221
1	83 3
1	85 2
1	79 113
1	84 4
1	84 5
1	83 5
1	85 4
1	79 62
1	84 6
1	84 7
1	83 7
1	85 5
1	79 166
1	84 8
1	83 8
1	85 7
1	79 61
1	84 9
1	83 9
1	85 8
1	79 93
1	84 10
1	84 11
1	84 12
1	84 13
1	84 14
1	83 14
1	85 10
1	79 279
1	83 14
1	85 12
1	79 170
1	84 15
1	83 15
1	85 14
1	79 74
1	84 16
1	84 17
1	84 18
1	83 18
1	85 16
1	79 154
1	83 18
1	85 17
1	79 110
1	84 19
1	84 20
1	84 1
1	84 2
1	84 3
1	84 4
1	83 4
1	85 19
1	79 339
1	83 4
1	85 2
1	79 167
1	84 5
1	83 5
1	85 4
1	79 103
1	84 6
1	83 6
1	85 5
1	79 72
1	84 7
1	84 8
1	83 8
1	85 7
1	79 63
1	84 9
1	84 10
1	83 10
1	85 8
1	79 153
1	84 11
1	83 11
1	85 10
1	79 62
1	83 11
1	85 11
1	79 53
1	84 12
1	84 13
1	83 13
1	85 12
1	79 88
1	84 14
1	83 14
1	85 13
1	79 109
1	84 15
1	84 16
1	83 16
1	85 14
1	79 146
1	83 16
1	85 16
1	79 39
1	84 17
1	84 18
1	84 19
1	83 19
1	85 17
1	79 153
1	84 20
1	83 20
1	85 19
1	79 60
1	84 1
1	83 1
1	85 20
1	79 85
1	84 2
1	83 2
1	85 1
1	79 63
1	84 3
1	84 4
1	83 4
1	85 2
1	79 151
1	84 5
1	84 6
1	83 6
1	85 4
1	79 148
1	84 7
1	83 7
1	85 6
1	79 75
1	83 7
1	85 5
1	79 155
1	84 8
1	84 9
1	83 9
1	85 8
1	79 88
1	84 10
1	83 10
1	85 9
1	79 80
1	84 11
1	84 12
1	83 12
1	85 12
1	79 29
1	84 13
1	83 13
1	85 11
1	79 171
1	84 14
1	84 15
1	84 16
1	84 17
1	84 18
1	84 19
1	83 19
1	85 16
1	79 200
1	83 19
1	85 18
1	79 95
1	84 20
1	84 1
1	84 2
1	83 2
1	85 1
1	79 69
1	84 3
1	84 4
1	84 5
1	83 5
1	85 2
1	79 237
1	84 6
1	83 6
1	85 5
1	79 65
1	84 7
1	84 8
1	84 9
1	83 9
1	85 6
1	79 207
1	83 9
1	85 9
1	79 33
1	84 10
1	84 11
1	83 11
1	85 11
1	79 24
1	84 12
1	84 13
1	83 13
1	85 12
1	79 71
1	84 14
1	84 15
1	84 16
1	83 16
1	85 13
1	79 187
1	83 16
1	85 14
1	79 150
1	84 17
1	83 17
1	85 17
1	79 56
1	84 18
1	84 19
1	84 20
1	83 20
1	85 18
1	79 141
1	84 1
1	84 2
1	84 3
1	83 3
1	85 19
1	79 263
1	83 3
1	85 3
1	79 42
1	84 4
1	84 5
1	83 5
1	85 2
1	79 191
1	83 5
1	85 4
1	79 90
1	84 6
1	84 7
1	83 7
1	85 6
1	79 64
1	84 8
1	83 8
1	85 8
1	79 27
1	84 9
1	83 9
1	85 7
1	79 155
1	83 9
1	85 9
1	79 55
1	84 10
1	84 11
1	83 11
1	85 11
1	79 29
1	84 12
1	84 13
1	84 14
1	84 15
1	84 16
1	83 16
1	85 12
1	79 255
1	83 16
1	85 14
1	79 153
1	83 16
1	85 15
1	79 115
1	84 17
1	84 18
1	83 18
1	85 16
1	79 149
1	84 19
1	84 20
1	83 20
1	85 18
1	79 149
1	83 20
1	85 20
1	79 37
1	84 1
1	84 2
1	84 3
1	83 3
1	85 1
1	79 154
1	84 4
1	83 4
1	85 3
1	79 76
1	84 5
1	84 6
1	83 6
1	85 5
1	79 76
1	84 7
1	83 7
1	85 7
1	79 34
1	84 8
1	84 9
1	84 10
1	84 11
1	83 11
1	85 6
1	79 302
1	84 12
1	84 13
1	83 13
1	85 10
1	79 200
1	83 13
1	85 11
1	79 148
1	84 14
1	83 14
1	85 13
1	79 95
1	83 14
1	85 14
1	79 41
1	84 15
1	84 16
1	84 17
1	84 18
1	84 19
1	83 19
1	85 15
1	79 252
1	83 19
1	85 17
1	79 140
1	84 20
1	84 1
1	84 2
1	84 3
1	83 3
1	85 19
1	79 282
1	83 3
1	85 1
1	79 179
1	84 4
1	83 4
1	85 3
1	79 65
1	84 5
1	83 5
1	85 2
1	79 204
1	84 6
1	84 7
1	84 8
1	83 8
1	85 6
1	79 133
1	84 9
1	83 9
1	85 8
1	79 93
1	84 10
1	83 10
1	85 7
1	79 190
1	84 11
1	84 12
1	84 13
1	84 14
1	83 14
1	85 10
1	79 266
1	83 14
1	85 12
1	79 154
1	83 14
1	85 14
1	79 44
1	84 15
1	84 16
1	84 17
1	84 18
1	83 18
1	85 15
1	79 205
1	83 18
1	85 18
1	79 35
1	84 19
1	83 19
1	85 17
1	79 166
1	84 20
1	83 20
1	85 19
1	79 66
1	83 20
1	85 20
1	79 49
1	84 1
1	84 2
1	83 2
1	85 2
1	79 26
1	84 3
1	84 4
1	84 5
1	84 6
1	84 7
1	83 7
1	85 3
1	79 250
1	83 7
1	85 5
1	79 137
1	84 8
1	83 8
1	85 6
1	79 153
1	84 9
1	84 10
1	83 10
1	85 7
1	79 209
1	84 11
1	84 12
1	84 13
1	83 13
1	85 9
1	79 267
1	83 13
1	85 13
1	79 46
1	84 14
1	83 14
1	85 12
1	79 153
1	84 15
1	84 16
1	83 16
1	85 14
1	79 132
1	83 16
1	85 15
1	79 82
1	84 17
1	83 17
1	85 17
1	79 42
1	84 18
1	83 18
1	85 18
1	79 43
1	84 19
1	84 20
1	84 1
1	83 1
1	85 19
1	79 157
1	83 1
1	85 1
1	79 45
1	84 2
1	84 3
1	84 4
1	83 4
1	85 2
1	79 158
1	84 5
1	84 6
1	84 7
1	83 7
1	85 5
1	79 159
1	84 8
1	84 9
1	84 10
1	84 11
1	83 11
1	85 6
1	79 318
1	83 11
1	85 8
1	79 238
1	84 12
1	83 12
1	85 9
1	79 200
1	84 13
1	83 13
1	85 12
1	79 61
1	84 14
1	84 15
1	83 15
1	85 15
1	79 56
1	84 16
1	83 16
1	85 13
1	79 218
1	84 17
1	84 18
1	84 19
1	84 20
1	84 1
1	84 2
1	84 3
1	84 4
1	83 4
1	85 17
1	79 474
1	84 5
1	84 6
1	83 6
1	85 1
1	79 301
1	83 6
1	85 4
1	79 157
1	84 7
1	83 7
1	85 3
1	79 253
1	83 7
1	85 5
1	79 139
1	84 8
1	83 8
1	85 6
1	79 159
1	83 8
1	85 8
1	79 46
1	84 9
1	84 10
1	84 11
1	83 11
1	85 10
1	79 93
1	83 11
1	85 9
1	79 167
1	84 12
1	84 13
1	84 14
1	83 14
1	85 11
1	79 221
1	83 14
1	85 14
1	79 49
1	84 15
1	83 15
1	85 15
1	79 40
1	84 16
1	84 17
1	83 17
1	85 17
1	79 40
1	84 18
1	84 19
1	84 20
1	84 1
1	84 2
1	83 2
1	85 19
1	79 215
1	83 2
1	85 20
1	79 173
1	84 3
1	84 4
1	83 4
1	85 1
1	79 193
1	83 4
1	85 3
1	79 101
1	84 5
1	84 6
1	84 7
1	83 7
1	85 5
1	79 138
1	83 7
1	85 6
1	79 89
1	84 8
1	84 9
1	83 9
1	85 8
1	79 63
1	83 9
1	85 9
1	79 37
1	84 10
1	83 10
1	85 10
1	79 106
1	TEST_NUMBER 5
1	SENT_TOTAL 250
1	RECEIVED_TOTAL 160
1	TIME_TOTAL 14963
1	RECEIVED_RADIO_1 0
1	RECEIVED_RADIO_2 161
1	SENT_RADIO_1 153
1	SENT_RADIO_2 96
1	RADIO_TIME_1 14882
1	RADIO_TIME_2 14963
1	RETRANSMISSIONS_1 19
1	RETRANSMISSIONS_2 153
1	DROPPED_1 0
1	DROPPED_2 1
1	MAX_QUEUE 2
1	DUPLICATED_1 0
1	DUPLICATED_2 71
1	EBUSY_RADIO_1 0
1	EBUSY_RADIO_2 0
1	84 1
1	84 2
1	84 3
1	83 3
1	85 3
1	79 39
1	84 4
1	84 5
1	83 5
1	85 4
1	79 60
1	83 5
1	85 5
1	79 49
1	84 6
1	84 7
1	83 7
1	85 7
1	79 30
1	84 8
1	84 9
1	83 9
1	85 9
1	79 49
1	84 10
1	84 11
1	84 12
1	83 12
1	85 10
1	79 171
1	84 13
1	83 13
1	85 12
1	79 60
1	83 13
1	85 13
1	79 46
1	84 14
1	84 15
1	84 16
1	83 16
1	85 15
1	79 119
1	84 17
1	84 18
1	84 19
1	83 19
1	85 16
1	79 195
1	84 20
1	84 1
1	84 2
1	83 2
1	85 18
1	79 268
1	83 2
1	85 20
1	79 157
1	84 3
1	83 3
1	85 1
1	79 136
1	83 3
1	85 2
1	79 86
1	84 4
1	84 5
1	84 6
1	84 7
1	84 8
1	84 9
1	84 10
1	84 11
1	83 11
1	85 8
1	79 207
1	84 12
1	83 12
1	85 12
1	79 50
1	84 13
1	83 13
1	85 11
1	79 157
1	84 14
1	84 15
1	83 15
1	85 15
1	79 51
1	84 16
1	84 17
1	83 17
1	85 17
1	79 40
1	84 18
1	83 18
1	85 16
1	79 146
1	84 19
1	84 20
1	83 20
1	85 19
1	79 71
1	84 1
1	84 2
1	84 3
1	83 3
1	85 1
1	79 160
1	84 4
1	83 4
1	85 3
1	79 118
1	84 5
1	83 5
1	85 2
1	79 197
1	84 6
1	84 7
1	84 8
1	83 8
1	85 6
1	79 148
1	83 8
1	85 7
1	79 97
1	84 9
1	84 10
1	83 10
1	85 9
1	79 91
1	84 11
1	84 12
1	84 13
1	84 14
1	83 14
1	85 12
1	79 140
1	84 15
1	83 15
1	85 14
1	79 61
1	84 16
1	83 16
1	85 15
1	79 72
1	84 17
1	84 18
1	83 18
1	85 17
1	79 105
1	84 19
1	83 19
1	85 16
1	79 183
1	84 20
1	84 1
1	84 2
1	83 2
1	85 20
1	79 141
1	83 2
1	85 1
1	79 111
1	84 3
1	84 4
1	83 4
1	85 2
1	79 170
1	84 5
1	84 6
1	83 6
1	85 4
1	79 148
1	84 7
1	83 7
1	85 5
1	79 172
1	84 8
1	83 8
1	85 7
1	79 72
1	84 9
1	83 9
1	85 9
1	79 35
1	84 10
1	84 11
1	83 11
1	85 11
1	79 32
1	84 12
1	83 12
1	85 10
1	79 149
1	83 12
1	85 12
1	79 35
1	84 13
1	84 14
1	83 14
1	85 13
1	79 101
1	84 15
1	83 15
1	85 15
1	79 39
1	84 16
1	84 17
1	84 18
1	84 19
1	84 20
1	83 20
1	85 16
1	79 264
1	84 1
1	84 2
1	83 2
1	85 18
1	79 270
1	84 3
1	83 3
1	85 1
1	79 170
1	84 4
1	84 5
1	84 6
1	83 6
1	85 2
1	79 275
1	83 6
1	85 6
1	79 43
1	84 7
1	83 7
1	85 5
1	79 155
1	84 8
1	83 8
1	85 7
1	79 88
1	84 9
1	84 10
1	84 11
1	84 12
1	84 13
1	83 13
1	85 9
1	79 261
1	83 13
1	85 11
1	79 149
1	83 13
1	85 13
1	79 60
1	84 14
1	83 14
1	85 12
1	79 152
1	84 15
1	84 16
1	84 17
1	84 18
1	84 19
1	83 19
1	85 15
1	79 295
1	84 20
1	83 20
1	85 18
1	79 151
1	84 1
1	84 2
1	83 2
1	85 20
1	79 125
1	84 3
1	84 4
1	83 4
1	85 4
1	79 27
1	84 5
1	83 5
1	85 5
1	79 37
1	84 6
1	84 7
1	84 8
1	84 9
1	83 9
1	85 8
1	79 104
1	84 10
1	84 11
1	84 12
1	84 13
1	84 14
1	83 14
1	85 9
1	79 338
1	83 14
1	85 12
1	79 165
1	84 15
1	83 15
1	85 15
1	79 58
1	84 16
1	84 17
1	83 17
1	85 13
1	79 270
1	83 17
1	85 16
1	79 98
1	84 18
1	84 19
1	84 20
1	83 20
1	85 18
1	79 134
1	84 1
1	84 2
1	83 2
1	85 19
1	79 222
1	84 3
1	83 3
1	85 20
1	79 196
1	83 3
1	85 2
1	79 117
1	84 4
1	84 5
1	84 6
1	83 6
1	85 4
1	79 136
1	83 6
1	85 5
1	79 119
1	84 7
1	84 8
1	84 9
1	83 9
1	85 6
1	79 191
1	83 9
1	85 8
1	79 79
1	84 10
1	84 11
1	83 11
1	85 9
1	79 176
1	84 12
1	84 13
1	83 13
1	85 11
1	79 155
1	83 13
1	85 13
1	79 43
1	84 14
1	84 15
1	84 16
1	84 17
1	83 17
1	85 16
1	79 74
1	84 18
1	83 18
1	85 18
1	79 30
1	84 19
1	83 19
1	85 17
1	79 175
1	84 20
1	84 1
1	83 1
1	85 19
1	79 142
1	84 2
1	83 2
1	85 2
1	79 34
1	84 3
1	83 3
1	85 3
1	79 35
1	84 4
1	84 5
1	84 6
1	83 6
1	85 4
1	79 128
1	84 7
1	84 8
1	83 8
1	85 6
1	79 122
1	83 8
1	85 7
1	79 113
1	84 9
1	83 9
1	85 8
1	79 63
1	84 10
1	84 11
1	83 11
1	85 9
1	79 152
1	83 11
1	85 11
1	79 38
1	84 12
1	84 13
1	84 14
1	84 15
1	84 16
1	83 16
1	85 12
1	79 253
1	83 16
1	85 14
1	79 140
1	83 16
1	85 15
1	79 87
1	84 17
1	83 17
1	85 17
1	79 47
1	84 18
1	84 19
1	83 19
1	85 18
1	79 74
1	84 20
1	84 1
1	84 2
1	83 2
1	85 20
1	79 143
1	83 2
1	85 2
1	79 32
1	84 3
1	84 4
1	83 4
1	85 3
1	79 72
1	84 5
1	83 5
1	85 4
1	79 88
1	84 6
1	84 7
1	84 8
1	84 9
1	84 10
1	84 11
1	84 12
1	83 12
1	85 7
1	79 329
1	83 12
1	85 10
1	79 155
1	83 12
1	85 11
1	79 105
1	83 12
1	85 12
1	79 53
1	84 13
1	84 14
1	84 15
1	84 16
1	83 16
1	85 13
1	79 204
1	83 16
1	85 16
1	79 30
1	84 17
1	83 17
1	85 15
1	79 155
1	84 18
1	84 19
1	84 20
1	84 1
1	83 1
1	85 19
1	79 134
1	84 2
1	84 3
1	83 3
1	85 18
1	79 313
1	84 4
1	84 5
1	83 5
1	85 2
1	79 229
1	84 6
1	83 6
1	85 3
1	79 193
1	83 6
1	85 5
1	79 85
1	84 7
1	83 7
1	85 6
1	79 104
1	83 7
1	85 4
1	79 238
1	84 8
1	84 9
1	84 10
1	84 11
1	83 11
1	85 7
1	79 261
1	83 11
1	85 9
1	79 149
1	84 12
1	83 12
1	85 10
1	79 153
1	83 12
1	85 12
1	79 42
1	84 13
1	84 14
1	84 15
1	84 16
1	84 17
1	84 18
1	83 18
1	85 15
1	79 190
1	83 18
1	85 16
1	79 139
1	84 19
1	83 19
1	85 19
1	79 33
1	84 20
1	83 20
1	85 18
1	79 163
1	84 1
1	84 2
1	83 2
1	85 1
1	79 83
1	84 3
1	84 4
1	84 5
1	83 5
1	85 4
1	79 93
1	83 5
1	85 3
1	79 161
1	83 5
1	85 5
1	79 47
1	84 6
1	84 7
1	84 8
1	84 9
1	84 10
1	83 10
1	85 8
1	79 164
1	84 11
1	84 12
1	83 12
1	85 12
1	79 26
1	83 12
1	85 10
1	79 165
1	84 13
1	84 14
1	84 15
1	84 16
1	83 16
1	85 13
1	79 219
1	83 16
1	85 14
1	79 168
1	84 17
1	84 18
1	83 18
1	85 17
1	79 75
1	84 19
1	84 20
1	83 20
1	85 18
1	79 157
1	83 20
1	85 20
1	79 45
1	84 1
1	84 2
1	83 2
1	85 2
1	79 35
1	84 3
1	84 4
1	83 4
1	85 3
1	79 88
1	84 5
1	84 6
1	84 7
1	83 7
1	85 5
1	79 154
1	84 8
1	84 9
1	84 10
1	84 11
1	84 12
1	84 13
1	84 14
1	83 14
1	85 8
1	79 388
1	84 15
1	83 15
1	85 11
1	79 260
1	83 15
1	85 14
1	79 88
1	83 15
1	85 12
1	79 238
1	84 16
1	83 16
1	85 13
1	79 186
1	83 16
1	85 16
1	79 50
1	84 17
1	84 18
1	83 18
1	85 18
1	79 46
1	84 19
1	84 20
1	84 1
1	84 2
1	84 3
1	84 4
1	84 5
1	83 5
1	85 1
1	79 268
1	83 5
1	85 5
1	79 35
1	84 6
1	83 6
1	85 4
1	79 175
1	84 7
1	84 8
1	84 9
1	84 10
1	83 10
1	85 8
1	79 145
1	83 10
1	85 10
1	79 31
1	83 10
1	85 9
1	79 125
1	TEST_NUMBER 6
1	SENT_TOTAL 250
1	RECEIVED_TOTAL 148
1	TIME_TOTAL 14789
1	RECEIVED_RADIO_1 0
1	RECEIVED_RADIO_2 148
1	SENT_RADIO_1 156
1	SENT_RADIO_2 94
1	RADIO_TIME_1 14862
1	RADIO_TIME_2 14947
1	RETRANSMISSIONS_1 3
1	RETRANSMISSIONS_2 146
1	DROPPED_1 0
1	DROPPED_2 1
1	MAX_QUEUE 2
1	DUPLICATED_1 0
1	DUPLICATED_2 70
1	EBUSY_RADIO_1 0
1	EBUSY_RADIO_2 0

4	RELAY_NODE 4
4	TEST_NUMBER 0
4	SENT_TOTAL 0
4	RECEIVED_TOTAL 0
4	TIME_TOTAL 0
4	RECEIVED_RADIO_1 155
4	RECEIVED_RADIO_2 51
4	SENT_RADIO_1 49
4	SENT_RADIO_2 153
4	RADIO_TIME_1 14897
4	RADIO_TIME_2 14897
4	RETRANSMISSIONS_1 29
4	RETRANSMISSIONS_2 43
4	DROPPED_1 2
4	DROPPED_2 2
4	MAX_QUEUE 3
4	DUPLICATED_1 4
4	DUPLICATED_2 0
4	EBUSY_RADIO_1 0
4	EBUSY_RADIO_2 0
4	TEST_NUMBER 1
4	SENT_TOTAL 0
4	RECEIVED_TOTAL 0
4	TIME_TOTAL 0
4	RECEIVED_RADIO_1 158
4	RECEIVED_RADIO_2 64
4	SENT_RADIO_1 63
4	SENT_RADIO_2 158
4	RADIO_TIME_1 14900
4	RADIO_TIME_2 14900
4	RETRANSMISSIONS_1 4
4	RETRANSMISSIONS_2 26
4	DROPPED_1 0
4	DROPPED_2 0
4	MAX_QUEUE 1
4	DUPLICATED_1 8
4	DUPLICATED_2 0
4	EBUSY_RADIO_1 0
4	EBUSY_RADIO_2 0
4	TEST_NUMBER 2
4	SENT_TOTAL 0
4	RECEIVED_TOTAL 0
4	TIME_TOTAL 0
4	RECEIVED_RADIO_1 149
4	RECEIVED_RADIO_2 66
4	SENT_RADIO_1 66
4	SENT_RADIO_2 146
4	RADIO_TIME_1 14874
4	RADIO_TIME_2 14874
4	RETRANSMISSIONS_1 24
4	RETRANSMISSIONS_2 37
4	DROPPED_1 2
4	DROPPED_2 1
4	MAX_QUEUE 2
4	DUPLICATED_1 5
4	DUPLICATED_2 1
4	EBUSY_RADIO_1 0
4	EBUSY_RADIO_2 0
4	TEST_NUMBER 3
4	SENT_TOTAL 0
4	RECEIVED_TOTAL 0
4	TIME_TOTAL 0
4	RECEIVED_RADIO_1 155
4	RECEIVED_RADIO_2 67
4	SENT_RADIO_1 7
4	SENT_RADIO_2 155
4	RADIO_TIME_1 14982
4	RADIO_TIME_2 14982
4	RETRANSMISSIONS_1 321
4	RETRANSMISSIONS_2 309
4	DROPPED_1 32
4	DROPPED_2 28
4	MAX_QUEUE 3
4	DUPLICATED_1 8
4	DUPLICATED_2 1
4	EBUSY_RADIO_1 0
4	EBUSY_RADIO_2 0
4	TEST_NUMBER 4
4	SENT_TOTAL 0
4	RECEIVED_TOTAL 0
4	TIME_TOTAL 0
4	RECEIVED_RADIO_1 409
4	RECEIVED_RADIO_2 72
4	SENT_RADIO_1 0
4	SENT_RADIO_2 232
4	RADIO_TIME_1 14854
4	RADIO_TIME_2 14900
4	RETRANSMISSIONS_1 488
4	RETRANSMISSIONS_2 488
4	DROPPED_1 49
4	DROPPED_2 44
4	MAX_QUEUE 98
4	DUPLICATED_1 12
4	DUPLICATED_2 0
4	EBUSY_RADIO_1 0
4	EBUSY_RADIO_2 0
4	TEST_NUMBER 5
4	SENT_TOTAL 0
4	RECEIVED_TOTAL 0
4	TIME_TOTAL 0
4	RECEIVED_RADIO_1 153
4	RECEIVED_RADIO_2 71
4	SENT_RADIO_1 0
4	SENT_RADIO_2 147
4	RADIO_TIME_1 15004
4	RADIO_TIME_2 14910
4	RETRANSMISSIONS_1 410
4	RETRANSMISSIONS_2 372
4	DROPPED_1 41
4	DROPPED_2 35
4	MAX_QUEUE 3
4	DUPLICATED_1 17
4	DUPLICATED_2 1
4	EBUSY_RADIO_1 0
4	EBUSY_RADIO_2 0
4	TEST_NUMBER 6
4	SENT_TOTAL 0
4	RECEIVED_TOTAL 0
4	TIME_TOTAL 0
4	RECEIVED_RADIO_1 156
4	RECEIVED_RADIO_2 77
4	SENT_RADIO_1 0
4	SENT_RADIO_2 149
4	RADIO_TIME_1 14860
4	RADIO_TIME_2 14876
4	RETRANSMISSIONS_1 468
4	RETRANSMISSIONS_2 410
4	DROPPED_1 47
4	DROPPED_2 38
4	MAX_QUEUE 3
4	DUPLICATED_1 3
4	DUPLICATED_2 0
4	EBUSY_RADIO_1 0
4	EBUSY_RADIO_2 0

8	DESTINATION_NODE 8
8	TEST_NUMBER 0
8	SENT_TOTAL 247
8	RECEIVED_TOTAL 247
8	TIME_TOTAL 14885
8	RECEIVED_RADIO_1 94
8	RECEIVED_RADIO_2 153
8	SENT_RADIO_1 170
8	SENT_RADIO_2 51
8	RADIO_TIME_1 14838
8	RADIO_TIME_2 14885
8	RETRANSMISSIONS_1 104
8	RETRANSMISSIONS_2 436
8	DROPPED_1 0
8	DROPPED_2 26
8	MAX_QUEUE 3
8	DUPLICATED_1 10
8	DUPLICATED_2 23
8	EBUSY_RADIO_1 0
8	EBUSY_RADIO_2 1
8	86 0
8	TEST_NUMBER 1
8	SENT_TOTAL 251
8	RECEIVED_TOTAL 250
8	TIME_TOTAL 14905
8	RECEIVED_RADIO_1 93
8	RECEIVED_RADIO_2 158
8	SENT_RADIO_1 170
8	SENT_RADIO_2 63
8	RADIO_TIME_1 14905
8	RADIO_TIME_2 14900
8	RETRANSMISSIONS_1 104
8	RETRANSMISSIONS_2 426
8	DROPPED_1 0
8	DROPPED_2 18
8	MAX_QUEUE 2
8	DUPLICATED_1 5
8	DUPLICATED_2 25
8	EBUSY_RADIO_1 0
8	EBUSY_RADIO_2 0
8	TEST_NUMBER 2
8	SENT_TOTAL 245
8	RECEIVED_TOTAL 245
8	TIME_TOTAL 14875
8	RECEIVED_RADIO_1 98
8	RECEIVED_RADIO_2 147
8	SENT_RADIO_1 162
8	SENT_RADIO_2 66
8	RADIO_TIME_1 14821
8	RADIO_TIME_2 14875
8	RETRANSMISSIONS_1 72
8	RETRANSMISSIONS_2 387
8	DROPPED_1 0
8	DROPPED_2 16
8	MAX_QUEUE 2
8	DUPLICATED_1 2
8	DUPLICATED_2 25
8	EBUSY_RADIO_1 0
8	EBUSY_RADIO_2 0
8	86 2
8	TEST_NUMBER 3
8	SENT_TOTAL 249
8	RECEIVED_TOTAL 248
8	TIME_TOTAL 14931
8	RECEIVED_RADIO_1 95
8	RECEIVED_RADIO_2 154
8	SENT_RADIO_1 170
8	SENT_RADIO_2 66
8	RADIO_TIME_1 14971
8	RADIO_TIME_2 14966
8	RETRANSMISSIONS_1 111
8	RETRANSMISSIONS_2 360
8	DROPPED_1 1
8	DROPPED_2 13
8	MAX_QUEUE 3
8	DUPLICATED_1 7
8	DUPLICATED_2 31
8	EBUSY_RADIO_1 0
8	EBUSY_RADIO_2 0
8	TEST_NUMBER 4
8	SENT_TOTAL 305
8	RECEIVED_TOTAL 305
8	TIME_TOTAL 14901
8	RECEIVED_RADIO_1 75
8	RECEIVED_RADIO_2 231
8	SENT_RADIO_1 218
8	SENT_RADIO_2 71
8	RADIO_TIME_1 14687
8	RADIO_TIME_2 14901
8	RETRANSMISSIONS_1 151
8	RETRANSMISSIONS_2 427
8	DROPPED_1 0
8	DROPPED_2 16
8	MAX_QUEUE 10
8	DUPLICATED_1 8
8	DUPLICATED_2 46
8	EBUSY_RADIO_1 0
8	EBUSY_RADIO_2 1
8	86 4
8	TEST_NUMBER 5
8	SENT_TOTAL 245
8	RECEIVED_TOTAL 244
8	TIME_TOTAL 14883
8	RECEIVED_RADIO_1 98
8	RECEIVED_RADIO_2 147
8	SENT_RADIO_1 165
8	SENT_RADIO_2 71
8	RADIO_TIME_1 14905
8	RADIO_TIME_2 14896
8	RETRANSMISSIONS_1 112
8	RETRANSMISSIONS_2 380
8	DROPPED_1 0
8	DROPPED_2 10
8	MAX_QUEUE 2
8	DUPLICATED_1 11
8	DUPLICATED_2 22
8	EBUSY_RADIO_1 0
8	EBUSY_RADIO_2 0
8	TEST_NUMBER 6
8	SENT_TOTAL 241
8	RECEIVED_TOTAL 241
8	TIME_TOTAL 14874
8	RECEIVED_RADIO_1 92
8	RECEIVED_RADIO_2 149
8	SENT_RADIO_1 150
8	SENT_RADIO_2 77
8	RADIO_TIME_1 14782
8	RADIO_TIME_2 14893
8	RETRANSMISSIONS_1 131
8	RETRANSMISSIONS_2 353
8	DROPPED_1 2
8	DROPPED_2 11
8	MAX_QUEUE 3
8	DUPLICATED_1 6
8	DUPLICATED_2 29
8	EBUSY_RADIO_1 0
8	EBUSY_RADIO_2 0

32	RELAY_NODE 32
32	TEST_NUMBER 0
32	SENT_TOTAL 0
32	RECEIVED_TOTAL 0
32	TIME_TOTAL 0
32	RECEIVED_RADIO_1 170
32	RECEIVED_RADIO_2 94
32	SENT_RADIO_1 94
32	SENT_RADIO_2 168
32	RADIO_TIME_1 14839
32	RADIO_TIME_2 14839
32	RETRANSMISSIONS_1 23
32	RETRANSMISSIONS_2 114
32	DROPPED_1 1
32	DROPPED_2 0
32	MAX_QUEUE 2
32	DUPLICATED_1 104
32	DUPLICATED_2 29
32	EBUSY_RADIO_1 0
32	EBUSY_RADIO_2 0
32	TEST_NUMBER 1
32	SENT_TOTAL 0
32	RECEIVED_TOTAL 0
32	TIME_TOTAL 0
32	RECEIVED_RADIO_1 170
32	RECEIVED_RADIO_2 93
32	SENT_RADIO_1 93
32	SENT_RADIO_2 168
32	RADIO_TIME_1 14921
32	RADIO_TIME_2 14921
32	RETRANSMISSIONS_1 36
32	RETRANSMISSIONS_2 118
32	DROPPED_1 3
32	DROPPED_2 0
32	MAX_QUEUE 2
32	DUPLICATED_1 104
32	DUPLICATED_2 38
32	EBUSY_RADIO_1 0
32	EBUSY_RADIO_2 0
32	TEST_NUMBER 2
32	SENT_TOTAL 0
32	RECEIVED_TOTAL 0
32	TIME_TOTAL 0
32	RECEIVED_RADIO_1 162
32	RECEIVED_RADIO_2 100
32	SENT_RADIO_1 97
32	SENT_RADIO_2 159
32	RADIO_TIME_1 14834
32	RADIO_TIME_2 14834
32	RETRANSMISSIONS_1 33
32	RETRANSMISSIONS_2 103
32	DROPPED_1 3
32	DROPPED_2 2
32	MAX_QUEUE 2
32	DUPLICATED_1 72
32	DUPLICATED_2 22
32	EBUSY_RADIO_1 0
32	EBUSY_RADIO_2 0
32	TEST_NUMBER 3
32	SENT_TOTAL 0
32	RECEIVED_TOTAL 0
32	TIME_TOTAL 0
32	RECEIVED_RADIO_1 171
32	RECEIVED_RADIO_2 96
32	SENT_RADIO_1 96
32	SENT_RADIO_2 170
32	RADIO_TIME_1 14994
32	RADIO_TIME_2 14994
32	RETRANSMISSIONS_1 18
32	RETRANSMISSIONS_2 113
32	DROPPED_1 1
32	DROPPED_2 1
32	MAX_QUEUE 2
32	DUPLICATED_1 111
32	DUPLICATED_2 26
32	EBUSY_RADIO_1 0
32	EBUSY_RADIO_2 0
32	TEST_NUMBER 4
32	SENT_TOTAL 0
32	RECEIVED_TOTAL 0
32	TIME_TOTAL 0
32	RECEIVED_RADIO_1 218
32	RECEIVED_RADIO_2 94
32	SENT_RADIO_1 75
32	SENT_RADIO_2 194
32	RADIO_TIME_1 14700
32	RADIO_TIME_2 14708
32	RETRANSMISSIONS_1 250
32	RETRANSMISSIONS_2 349
32	DROPPED_1 24
32	DROPPED_2 19
32	MAX_QUEUE 21
32	DUPLICATED_1 149
32	DUPLICATED_2 17
32	EBUSY_RADIO_1 2
32	EBUSY_RADIO_2 0
32	TEST_NUMBER 5
32	SENT_TOTAL 0
32	RECEIVED_TOTAL 0
32	TIME_TOTAL 0
32	RECEIVED_RADIO_1 165
32	RECEIVED_RADIO_2 98
32	SENT_RADIO_1 98
32	SENT_RADIO_2 160
32	RADIO_TIME_1 14906
32	RADIO_TIME_2 14962
32	RETRANSMISSIONS_1 56
32	RETRANSMISSIONS_2 123
32	DROPPED_1 4
32	DROPPED_2 0
32	MAX_QUEUE 2
32	DUPLICATED_1 112
32	DUPLICATED_2 43
32	EBUSY_RADIO_1 0
32	EBUSY_RADIO_2 0
32	TEST_NUMBER 6
32	SENT_TOTAL 0
32	RECEIVED_TOTAL 0
32	TIME_TOTAL 0
32	RECEIVED_RADIO_1 152
32	RECEIVED_RADIO_2 94
32	SENT_RADIO_1 92
32	SENT_RADIO_2 149
32	RADIO_TIME_1 14855
32	RADIO_TIME_2 14869
32	RETRANSMISSIONS_1 48
32	RETRANSMISSIONS_2 155
32	DROPPED_1 4
32	DROPPED_2 2
32	MAX_QUEUE 3
32	DUPLICATED_1 131
32	DUPLICATED_2 23
32	EBUSY_RADIO_1 0
32	EBUSY_RADIO_2 0
