
21	RELAY_NODE 21
21	TEST_NUMBER 0
21	SENT_TOTAL 0
21	RECEIVED_TOTAL 0
21	TIME_TOTAL 0
21	RECEIVED_RADIO_1 63
21	RECEIVED_RADIO_2 125
21	SENT_RADIO_1 125
21	SENT_RADIO_2 63
21	RADIO_TIME_1 19769
21	RADIO_TIME_2 19770
21	RETRANSMISSIONS_1 1
21	RETRANSMISSIONS_2 0
21	DROPPED_1 0
21	DROPPED_2 0
21	MAX_QUEUE 1
21	DUPLICATED_1 0
21	DUPLICATED_2 0
21	EBUSY_RADIO_1 0
21	EBUSY_RADIO_2 0
21	TEST_NUMBER 1
21	SENT_TOTAL 0
21	RECEIVED_TOTAL 0
21	TIME_TOTAL 0
21	RECEIVED_RADIO_1 64
21	RECEIVED_RADIO_2 125
21	SENT_RADIO_1 125
21	SENT_RADIO_2 64
21	RADIO_TIME_1 19774
21	RADIO_TIME_2 19774
21	RETRANSMISSIONS_1 1
21	RETRANSMISSIONS_2 1
21	DROPPED_1 0
21	DROPPED_2 0
21	MAX_QUEUE 1
21	DUPLICATED_1 0
21	DUPLICATED_2 0
21	EBUSY_RADIO_1 0
21	EBUSY_RADIO_2 0
21	TEST_NUMBER 2
21	SENT_TOTAL 0
21	RECEIVED_TOTAL 0
21	TIME_TOTAL 0
21	RECEIVED_RADIO_1 62
21	RECEIVED_RADIO_2 125
21	SENT_RADIO_1 125
21	SENT_RADIO_2 62
21	RADIO_TIME_1 19759
21	RADIO_TIME_2 19759
21	RETRANSMISSIONS_1 1
21	RETRANSMISSIONS_2 0
21	DROPPED_1 0
21	DROPPED_2 0
21	MAX_QUEUE 1
21	DUPLICATED_1 0
21	DUPLICATED_2 0
21	EBUSY_RADIO_1 0
21	EBUSY_RADIO_2 0
21	TEST_NUMBER 3
21	SENT_TOTAL 0
21	RECEIVED_TOTAL 0
21	TIME_TOTAL 0
21	RECEIVED_RADIO_1 63
21	RECEIVED_RADIO_2 125
21	SENT_RADIO_1 125
21	SENT_RADIO_2 63
21	RADIO_TIME_1 19762
21	RADIO_TIME_2 19762
21	RETRANSMISSIONS_1 2
21	RETRANSMISSIONS_2 0
21	DROPPED_1 0
21	DROPPED_2 0
21	MAX_QUEUE 1
21	DUPLICATED_1 0
21	DUPLICATED_2 0
21	EBUSY_RADIO_1 0
21	EBUSY_RADIO_2 0
21	TEST_NUMBER 4
21	SENT_TOTAL 0
21	RECEIVED_TOTAL 0
21	TIME_TOTAL 0
21	RECEIVED_RADIO_1 63
21	RECEIVED_RADIO_2 125
21	SENT_RADIO_1 125
21	SENT_RADIO_2 63
21	RADIO_TIME_1 19776
21	RADIO_TIME_2 19776
21	RETRANSMISSIONS_1 0
21	RETRANSMISSIONS_2 0
21	DROPPED_1 0
21	DROPPED_2 0
21	MAX_QUEUE 1
21	DUPLICATED_1 0
21	DUPLICATED_2 0
21	EBUSY_RADIO_1 0
21	EBUSY_RADIO_2 0
21	TEST_NUMBER 5
21	SENT_TOTAL 0
21	RECEIVED_TOTAL 0
21	TIME_TOTAL 0
21	RECEIVED_RADIO_1 61
21	RECEIVED_RADIO_2 125
21	SENT_RADIO_1 125
21	SENT_RADIO_2 61
21	RADIO_TIME_1 19850
21	RADIO_TIME_2 19850
21	RETRANSMISSIONS_1 1
21	RETRANSMISSIONS_2 0
21	DROPPED_1 0
21	DROPPED_2 0
21	MAX_QUEUE 1
21	DUPLICATED_1 2
21	DUPLICATED_2 0
21	EBUSY_RADIO_1 0
21	EBUSY_RADIO_2 0
21	TEST_NUMBER 6
21	SENT_TOTAL 0
21	RECEIVED_TOTAL 0
21	TIME_TOTAL 0
21	RECEIVED_RADIO_1 62
21	RECEIVED_RADIO_2 125
21	SENT_RADIO_1 125
21	SENT_RADIO_2 62
21	RADIO_TIME_1 19767
21	RADIO_TIME_2 19767
21	RETRANSMISSIONS_1 0
21	RETRANSMISSIONS_2 0
21	DROPPED_1 0
21	DROPPED_2 0
21	MAX_QUEUE 1
21	DUPLICATED_1 0
21	DUPLICATED_2 0
21	EBUSY_RADIO_1 0
21	EBUSY_RADIO_2 0

69	DESTINATION_NODE 69
69	TEST_NUMBER 0
69	SENT_TOTAL 119
69	RECEIVED_TOTAL 119
69	TIME_TOTAL 18810
69	RECEIVED_RADIO_1 119
69	RECEIVED_RADIO_2 0
69	SENT_RADIO_1 60
69	SENT_RADIO_2 59
69	RADIO_TIME_1 18810
69	RADIO_TIME_2 18645
69	RETRANSMISSIONS_1 0
69	RETRANSMISSIONS_2 2
69	DROPPED_1 0
69	DROPPED_2 0
69	MAX_QUEUE 1
69	DUPLICATED_1 1
69	DUPLICATED_2 0
69	EBUSY_RADIO_1 0
69	EBUSY_RADIO_2 0
69	86 0
69	86 0
69	86 0
69	86 0
69	86 0
69	86 0
69	TEST_NUMBER 1
69	SENT_TOTAL 125
69	RECEIVED_TOTAL 119
69	TIME_TOTAL 29725
69	RECEIVED_RADIO_1 125
69	RECEIVED_RADIO_2 0
69	SENT_RADIO_1 64
69	SENT_RADIO_2 61
69	RADIO_TIME_1 29725
69	RADIO_TIME_2 29405
69	RETRANSMISSIONS_1 0
69	RETRANSMISSIONS_2 2
69	DROPPED_1 0
69	DROPPED_2 0
69	MAX_QUEUE 1
69	DUPLICATED_1 1
69	DUPLICATED_2 0
69	EBUSY_RADIO_1 0
69	EBUSY_RADIO_2 0
69	86 1
69	86 1
69	86 1
69	86 1
69	86 1
69	86 1
69	TEST_NUMBER 2
69	SENT_TOTAL 125
69	RECEIVED_TOTAL 119
69	TIME_TOTAL 29719
69	RECEIVED_RADIO_1 125
69	RECEIVED_RADIO_2 0
69	SENT_RADIO_1 62
69	SENT_RADIO_2 63
69	RADIO_TIME_1 29719
69	RADIO_TIME_2 29719
69	RETRANSMISSIONS_1 0
69	RETRANSMISSIONS_2 0
69	DROPPED_1 0
69	DROPPED_2 0
69	MAX_QUEUE 1
69	DUPLICATED_1 0
69	DUPLICATED_2 0
69	EBUSY_RADIO_1 0
69	EBUSY_RADIO_2 0
69	86 2
69	86 2
69	86 2
69	86 2
69	86 2
69	86 2
69	TEST_NUMBER 3
69	SENT_TOTAL 125
69	RECEIVED_TOTAL 119
69	TIME_TOTAL 29718
69	RECEIVED_RADIO_1 125
69	RECEIVED_RADIO_2 0
69	SENT_RADIO_1 63
69	SENT_RADIO_2 62
69	RADIO_TIME_1 29718
69	RADIO_TIME_2 29560
69	RETRANSMISSIONS_1 0
69	RETRANSMISSIONS_2 1
69	DROPPED_1 0
69	DROPPED_2 0
69	MAX_QUEUE 1
69	DUPLICATED_1 3
69	DUPLICATED_2 0
69	EBUSY_RADIO_1 0
69	EBUSY_RADIO_2 0
69	86 3
69	86 3
69	86 3
69	86 3
69	86 3
69	86 3
69	TEST_NUMBER 4
69	SENT_TOTAL 125
69	RECEIVED_TOTAL 119
69	TIME_TOTAL 29726
69	RECEIVED_RADIO_1 125
69	RECEIVED_RADIO_2 0
69	SENT_RADIO_1 63
69	SENT_RADIO_2 62
69	RADIO_TIME_1 29726
69	RADIO_TIME_2 29408
69	RETRANSMISSIONS_1 0
69	RETRANSMISSIONS_2 0
69	DROPPED_1 0
69	DROPPED_2 0
69	MAX_QUEUE 1
69	DUPLICATED_1 0
69	DUPLICATED_2 0
69	EBUSY_RADIO_1 0
69	EBUSY_RADIO_2 0
69	86 4
69	86 4
69	86 4
69	86 4
69	86 4
69	86 4
69	TEST_NUMBER 5
69	SENT_TOTAL 125
69	RECEIVED_TOTAL 119
69	TIME_TOTAL 29819
69	RECEIVED_RADIO_1 125
69	RECEIVED_RADIO_2 0
69	SENT_RADIO_1 61
69	SENT_RADIO_2 64
69	RADIO_TIME_1 29819
69	RADIO_TIME_2 29820
69	RETRANSMISSIONS_1 1
69	RETRANSMISSIONS_2 1
69	DROPPED_1 0
69	DROPPED_2 0
69	MAX_QUEUE 2
69	DUPLICATED_1 1
69	DUPLICATED_2 0
69	EBUSY_RADIO_1 1
69	EBUSY_RADIO_2 0
69	86 5
69	86 5
69	86 5
69	86 5
69	86 5
69	86 5
69	TEST_NUMBER 6
69	SENT_TOTAL 125
69	RECEIVED_TOTAL 119
69	TIME_TOTAL 29565
69	RECEIVED_RADIO_1 125
69	RECEIVED_RADIO_2 0
69	SENT_RADIO_1 62
69	SENT_RADIO_2 63
69	RADIO_TIME_1 29565
69	RADIO_TIME_2 29556
69	RETRANSMISSIONS_1 1
69	RETRANSMISSIONS_2 0
69	DROPPED_1 0
69	DROPPED_2 0
69	MAX_QUEUE 1
69	DUPLICATED_1 0
69	DUPLICATED_2 0
69	EBUSY_RADIO_1 0
69	EBUSY_RADIO_2 0
69	86 6
69	86 6
69	86 6
69	86 6
69	86 6
69	86 6

71	RELAY_NODE 71
71	TEST_NUMBER 0
71	SENT_TOTAL 0
71	RECEIVED_TOTAL 0
71	TIME_TOTAL 0
71	RECEIVED_RADIO_1 0
71	RECEIVED_RADIO_2 51
71	SENT_RADIO_1 51
71	SENT_RADIO_2 0
71	RADIO_TIME_1 16102
71	RADIO_TIME_2 16102
71	RETRANSMISSIONS_1 0
71	RETRANSMISSIONS_2 0
71	DROPPED_1 0
71	DROPPED_2 0
71	MAX_QUEUE 1
71	DUPLICATED_1 0
71	DUPLICATED_2 1
71	EBUSY_RADIO_1 0
71	EBUSY_RADIO_2 0
71	TEST_NUMBER 1
71	SENT_TOTAL 0
71	RECEIVED_TOTAL 0
71	TIME_TOTAL 0
71	RECEIVED_RADIO_1 0
71	RECEIVED_RADIO_2 61
71	SENT_RADIO_1 61
71	SENT_RADIO_2 0
71	RADIO_TIME_1 29404
71	RADIO_TIME_2 29404
71	RETRANSMISSIONS_1 0
71	RETRANSMISSIONS_2 0
71	DROPPED_1 0
71	DROPPED_2 0
71	MAX_QUEUE 1
71	DUPLICATED_1 0
71	DUPLICATED_2 0
71	EBUSY_RADIO_1 0
71	EBUSY_RADIO_2 0
71	TEST_NUMBER 2
71	SENT_TOTAL 0
71	RECEIVED_TOTAL 0
71	TIME_TOTAL 0
71	RECEIVED_RADIO_1 0
71	RECEIVED_RADIO_2 63
71	SENT_RADIO_1 63
71	SENT_RADIO_2 0
71	RADIO_TIME_1 29724
71	RADIO_TIME_2 29724
71	RETRANSMISSIONS_1 0
71	RETRANSMISSIONS_2 0
71	DROPPED_1 0
71	DROPPED_2 0
71	MAX_QUEUE 1
71	DUPLICATED_1 0
71	DUPLICATED_2 0
71	EBUSY_RADIO_1 0
71	EBUSY_RADIO_2 0
71	TEST_NUMBER 3
71	SENT_TOTAL 0
71	RECEIVED_TOTAL 0
71	TIME_TOTAL 0
71	RECEIVED_RADIO_1 0
71	RECEIVED_RADIO_2 62
71	SENT_RADIO_1 62
71	SENT_RADIO_2 0
71	RADIO_TIME_1 29561
71	RADIO_TIME_2 29561
71	RETRANSMISSIONS_1 0
71	RETRANSMISSIONS_2 0
71	DROPPED_1 0
71	DROPPED_2 0
71	MAX_QUEUE 1
71	DUPLICATED_1 0
71	DUPLICATED_2 1
71	EBUSY_RADIO_1 0
71	EBUSY_RADIO_2 0
71	TEST_NUMBER 4
71	SENT_TOTAL 0
71	RECEIVED_TOTAL 0
71	TIME_TOTAL 0
71	RECEIVED_RADIO_1 0
71	RECEIVED_RADIO_2 62
71	SENT_RADIO_1 62
71	SENT_RADIO_2 0
71	RADIO_TIME_1 29408
71	RADIO_TIME_2 29408
71	RETRANSMISSIONS_1 1
71	RETRANSMISSIONS_2 0
71	DROPPED_1 0
71	DROPPED_2 0
71	MAX_QUEUE 1
71	DUPLICATED_1 0
71	DUPLICATED_2 0
71	EBUSY_RADIO_1 0
71	EBUSY_RADIO_2 0
71	TEST_NUMBER 5
71	SENT_TOTAL 0
71	RECEIVED_TOTAL 0
71	TIME_TOTAL 0
71	RECEIVED_RADIO_1 0
71	RECEIVED_RADIO_2 63
71	SENT_RADIO_1 63
71	SENT_RADIO_2 0
71	RADIO_TIME_1 29479
71	RADIO_TIME_2 29479
71	RETRANSMISSIONS_1 0
71	RETRANSMISSIONS_2 0
71	DROPPED_1 0
71	DROPPED_2 0
71	MAX_QUEUE 1
71	DUPLICATED_1 0
71	DUPLICATED_2 1
71	EBUSY_RADIO_1 0
71	EBUSY_RADIO_2 0
71	TEST_NUMBER 6
71	SENT_TOTAL 0
71	RECEIVED_TOTAL 0
71	TIME_TOTAL 0
71	RECEIVED_RADIO_1 0
71	RECEIVED_RADIO_2 63
71	SENT_RADIO_1 63
71	SENT_RADIO_2 0
71	RADIO_TIME_1 29565
71	RADIO_TIME_2 29565
71	RETRANSMISSIONS_1 0
71	RETRANSMISSIONS_2 0
71	DROPPED_1 0
71	DROPPED_2 0
71	MAX_QUEUE 1
71	DUPLICATED_1 0
71	DUPLICATED_2 0
71	EBUSY_RADIO_1 0
71	EBUSY_RADIO_2 0

73	RELAY_NODE 73
73	TEST_NUMBER 0
73	SENT_TOTAL 0
73	RECEIVED_TOTAL 0
73	TIME_TOTAL 0
73	RECEIVED_RADIO_1 62
73	RECEIVED_RADIO_2 125
73	SENT_RADIO_1 0
73	SENT_RADIO_2 62
73	RADIO_TIME_1 19866
73	RADIO_TIME_2 19768
73	RETRANSMISSIONS_1 1237
73	RETRANSMISSIONS_2 0
73	DROPPED_1 124
73	DROPPED_2 0
73	MAX_QUEUE 1
73	DUPLICATED_1 0
73	DUPLICATED_2 0
73	EBUSY_RADIO_1 0
73	EBUSY_RADIO_2 0
73	TEST_NUMBER 1
73	SENT_TOTAL 0
73	RECEIVED_TOTAL 0
73	TIME_TOTAL 0
73	RECEIVED_RADIO_1 61
73	RECEIVED_RADIO_2 125
73	SENT_RADIO_1 0
73	SENT_RADIO_2 59
73	RADIO_TIME_1 19861
73	RADIO_TIME_2 19764
73	RETRANSMISSIONS_1 1246
73	RETRANSMISSIONS_2 20
73	DROPPED_1 125
73	DROPPED_2 2
73	MAX_QUEUE 2
73	DUPLICATED_1 0
73	DUPLICATED_2 0
73	EBUSY_RADIO_1 0
73	EBUSY_RADIO_2 0
73	TEST_NUMBER 2
73	SENT_TOTAL 0
73	RECEIVED_TOTAL 0
73	TIME_TOTAL 0
73	RECEIVED_RADIO_1 63
73	RECEIVED_RADIO_2 125
73	SENT_RADIO_1 0
73	SENT_RADIO_2 63
73	RADIO_TIME_1 19911
73	RADIO_TIME_2 19815
73	RETRANSMISSIONS_1 1246
73	RETRANSMISSIONS_2 0
73	DROPPED_1 125
73	DROPPED_2 0
73	MAX_QUEUE 1
73	DUPLICATED_1 0
73	DUPLICATED_2 0
73	EBUSY_RADIO_1 0
73	EBUSY_RADIO_2 0
73	TEST_NUMBER 3
73	SENT_TOTAL 0
73	RECEIVED_TOTAL 0
73	TIME_TOTAL 0
73	RECEIVED_RADIO_1 61
73	RECEIVED_RADIO_2 125
73	SENT_RADIO_1 0
73	SENT_RADIO_2 61
73	RADIO_TIME_1 19853
73	RADIO_TIME_2 19762
73	RETRANSMISSIONS_1 1246
73	RETRANSMISSIONS_2 0
73	DROPPED_1 125
73	DROPPED_2 0
73	MAX_QUEUE 1
73	DUPLICATED_1 0
73	DUPLICATED_2 0
73	EBUSY_RADIO_1 0
73	EBUSY_RADIO_2 0
73	TEST_NUMBER 4
73	SENT_TOTAL 0
73	RECEIVED_TOTAL 0
73	TIME_TOTAL 0
73	RECEIVED_RADIO_1 63
73	RECEIVED_RADIO_2 125
73	SENT_RADIO_1 0
73	SENT_RADIO_2 63
73	RADIO_TIME_1 19862
73	RADIO_TIME_2 19764
73	RETRANSMISSIONS_1 1246
73	RETRANSMISSIONS_2 0
73	DROPPED_1 125
73	DROPPED_2 0
73	MAX_QUEUE 1
73	DUPLICATED_1 0
73	DUPLICATED_2 0
73	EBUSY_RADIO_1 0
73	EBUSY_RADIO_2 0
73	TEST_NUMBER 5
73	SENT_TOTAL 0
73	RECEIVED_TOTAL 0
73	TIME_TOTAL 0
73	RECEIVED_RADIO_1 64
73	RECEIVED_RADIO_2 125
73	SENT_RADIO_1 0
73	SENT_RADIO_2 60
73	RADIO_TIME_1 19821
73	RADIO_TIME_2 19729
73	RETRANSMISSIONS_1 1246
73	RETRANSMISSIONS_2 40
73	DROPPED_1 125
73	DROPPED_2 4
73	MAX_QUEUE 2
73	DUPLICATED_1 0
73	DUPLICATED_2 0
73	EBUSY_RADIO_1 0
73	EBUSY_RADIO_2 0
73	TEST_NUMBER 6
73	SENT_TOTAL 0
73	RECEIVED_TOTAL 0
73	TIME_TOTAL 0
73	RECEIVED_RADIO_1 63
73	RECEIVED_RADIO_2 125
73	SENT_RADIO_1 0
73	SENT_RADIO_2 62
73	RADIO_TIME_1 19873
73	RADIO_TIME_2 19873
73	RETRANSMISSIONS_1 1246
73	RETRANSMISSIONS_2 10
73	DROPPED_1 125
73	DROPPED_2 1
73	MAX_QUEUE 2
73	DUPLICATED_1 0
73	DUPLICATED_2 0
73	EBUSY_RADIO_1 0
73	EBUSY_RADIO_2 0

74	RELAY_NODE 74
74	TEST_NUMBER 0
74	SENT_TOTAL 0
74	RECEIVED_TOTAL 0
74	TIME_TOTAL 0
74	RECEIVED_RADIO_1 125
74	RECEIVED_RADIO_2 63
74	SENT_RADIO_1 63
74	SENT_RADIO_2 125
74	RADIO_TIME_1 19768
74	RADIO_TIME_2 19768
74	RETRANSMISSIONS_1 0
74	RETRANSMISSIONS_2 1
74	DROPPED_1 0
74	DROPPED_2 0
74	MAX_QUEUE 1
74	DUPLICATED_1 0
74	DUPLICATED_2 0
74	EBUSY_RADIO_1 0
74	EBUSY_RADIO_2 0
74	TEST_NUMBER 1
74	SENT_TOTAL 0
74	RECEIVED_TOTAL 0
74	TIME_TOTAL 0
74	RECEIVED_RADIO_1 125
74	RECEIVED_RADIO_2 64
74	SENT_RADIO_1 64
74	SENT_RADIO_2 125
74	RADIO_TIME_1 19787
74	RADIO_TIME_2 19787
74	RETRANSMISSIONS_1 0
74	RETRANSMISSIONS_2 2
74	DROPPED_1 0
74	DROPPED_2 0
74	MAX_QUEUE 1
74	DUPLICATED_1 0
74	DUPLICATED_2 1
74	EBUSY_RADIO_1 0
74	EBUSY_RADIO_2 0
74	TEST_NUMBER 2
74	SENT_TOTAL 0
74	RECEIVED_TOTAL 0
74	TIME_TOTAL 0
74	RECEIVED_RADIO_1 125
74	RECEIVED_RADIO_2 62
74	SENT_RADIO_1 62
74	SENT_RADIO_2 125
74	RADIO_TIME_1 19758
74	RADIO_TIME_2 19758
74	RETRANSMISSIONS_1 0
74	RETRANSMISSIONS_2 4
74	DROPPED_1 0
74	DROPPED_2 0
74	MAX_QUEUE 1
74	DUPLICATED_1 0
74	DUPLICATED_2 0
74	EBUSY_RADIO_1 0
74	EBUSY_RADIO_2 0
74	TEST_NUMBER 3
74	SENT_TOTAL 0
74	RECEIVED_TOTAL 0
74	TIME_TOTAL 0
74	RECEIVED_RADIO_1 125
74	RECEIVED_RADIO_2 63
74	SENT_RADIO_1 63
74	SENT_RADIO_2 125
74	RADIO_TIME_1 19762
74	RADIO_TIME_2 19762
74	RETRANSMISSIONS_1 0
74	RETRANSMISSIONS_2 1
74	DROPPED_1 0
74	DROPPED_2 0
74	MAX_QUEUE 1
74	DUPLICATED_1 0
74	DUPLICATED_2 0
74	EBUSY_RADIO_1 0
74	EBUSY_RADIO_2 0
74	TEST_NUMBER 4
74	SENT_TOTAL 0
74	RECEIVED_TOTAL 0
74	TIME_TOTAL 0
74	RECEIVED_RADIO_1 125
74	RECEIVED_RADIO_2 63
74	SENT_RADIO_1 63
74	SENT_RADIO_2 125
74	RADIO_TIME_1 19789
74	RADIO_TIME_2 19789
74	RETRANSMISSIONS_1 0
74	RETRANSMISSIONS_2 0
74	DROPPED_1 0
74	DROPPED_2 0
74	MAX_QUEUE 1
74	DUPLICATED_1 0
74	DUPLICATED_2 0
74	EBUSY_RADIO_1 0
74	EBUSY_RADIO_2 0
74	TEST_NUMBER 5
74	SENT_TOTAL 0
74	RECEIVED_TOTAL 0
74	TIME_TOTAL 0
74	RECEIVED_RADIO_1 125
74	RECEIVED_RADIO_2 61
74	SENT_RADIO_1 61
74	SENT_RADIO_2 125
74	RADIO_TIME_1 19868
74	RADIO_TIME_2 19867
74	RETRANSMISSIONS_1 0
74	RETRANSMISSIONS_2 4
74	DROPPED_1 0
74	DROPPED_2 0
74	MAX_QUEUE 1
74	DUPLICATED_1 0
74	DUPLICATED_2 0
74	EBUSY_RADIO_1 0
74	EBUSY_RADIO_2 0
74	TEST_NUMBER 6
74	SENT_TOTAL 0
74	RECEIVED_TOTAL 0
74	TIME_TOTAL 0
74	RECEIVED_RADIO_1 125
74	RECEIVED_RADIO_2 62
74	SENT_RADIO_1 62
74	SENT_RADIO_2 125
74	RADIO_TIME_1 19766
74	RADIO_TIME_2 19766
74	RETRANSMISSIONS_1 0
74	RETRANSMISSIONS_2 2
74	DROPPED_1 0
74	DROPPED_2 0
74	MAX_QUEUE 1
74	DUPLICATED_1 0
74	DUPLICATED_2 0
74	EBUSY_RADIO_1 0
74	EBUSY_RADIO_2 0

75	SOURCE_NODE 75
75	84 1
75	83 1
75	85 1
75	79 30
75	84 2
75	84 3
75	83 3
75	85 3
75	79 34
75	84 4
75	84 5
75	83 5
75	85 5
75	79 40
75	84 6
75	84 7
75	83 7
75	85 7
75	79 36
75	84 8
75	84 9
75	83 9
75	85 9
75	79 38
75	84 10
75	84 11
75	83 11
75	85 11
75	79 40
75	84 12
75	84 13
75	83 13
75	85 13
75	79 41
75	84 14
75	84 15
75	83 15
75	85 15
75	79 45
75	84 16
75	84 17
75	83 17
75	85 17
75	79 45
75	84 18
75	84 19
75	83 19
75	85 19
75	79 46
75	84 20
75	84 1
75	83 1
75	85 1
75	79 45
75	84 2
75	84 3
75	83 3
75	85 3
75	79 39
75	84 4
75	84 5
75	83 5
75	85 5
75	79 46
75	84 6
75	84 7
75	83 7
75	85 7
75	79 36
75	84 8
75	84 9
75	83 9
75	85 9
75	79 44
75	84 10
75	84 11
75	83 11
75	85 11
75	79 38
75	84 12
75	84 13
75	83 13
75	85 13
75	79 37
75	84 14
75	84 15
75	83 15
75	85 15
75	79 44
75	84 16
75	84 17
75	83 17
75	85 17
75	79 35
75	84 18
75	84 19
75	84 20
75	84 1
75	83 1
75	85 1
75	79 38
75	84 2
75	84 3
75	83 3
75	85 19
75	79 361
75	83 3
75	85 3
75	79 59
75	84 4
75	84 5
75	83 5
75	85 5
75	79 42
75	84 6
75	84 7
75	83 7
75	85 7
75	79 37
75	84 8
75	84 9
75	83 9
75	85 9
75	79 39
75	84 10
75	84 11
75	83 11
75	85 11
75	79 35
75	84 12
75	84 13
75	83 13
75	85 13
75	79 42
75	84 14
75	84 15
75	83 15
75	85 15
75	79 35
75	84 16
75	84 17
75	83 17
75	85 17
75	79 36
75	84 18
75	84 19
75	83 19
75	85 19
75	79 42
75	84 20
75	84 1
75	83 1
75	85 1
75	79 42
75	84 2
75	84 3
75	83 3
75	85 3
75	79 45
75	84 4
75	84 5
75	83 5
75	85 5
75	79 36
75	84 6
75	84 7
75	83 7
75	85 7
75	79 40
75	84 8
75	84 9
75	83 9
75	85 9
75	79 37
75	84 10
75	84 11
75	83 11
75	85 11
75	79 43
75	84 12
75	84 13
75	83 13
75	85 13
75	79 36
75	84 14
75	84 15
75	83 15
75	85 15
75	79 40
75	84 16
75	84 17
75	83 17
75	85 17
75	79 36
75	84 18
75	84 19
75	83 19
75	85 19
75	79 42
75	84 20
75	84 1
75	83 1
75	85 1
75	79 40
75	84 2
75	84 3
75	83 3
75	85 3
75	79 42
75	84 4
75	84 5
75	83 5
75	85 5
75	79 43
75	84 6
75	84 7
75	83 7
75	85 7
75	79 40
75	84 8
75	84 9
75	83 9
75	85 9
75	79 43
75	84 10
75	84 11
75	83 11
75	85 11
75	79 39
75	84 12
75	84 13
75	83 13
75	85 13
75	79 42
75	84 14
75	84 15
75	83 15
75	85 15
75	79 49
75	84 16
75	84 17
75	83 17
75	85 17
75	79 42
75	84 18
75	84 19
75	83 19
75	85 19
75	79 42
75	84 20
75	84 1
75	83 1
75	85 1
75	79 39
75	84 2
75	84 3
75	83 3
75	85 3
75	79 39
75	84 4
75	84 5
75	83 5
75	85 5
75	79 42
75	84 6
75	84 7
75	83 7
75	85 7
75	79 39
75	84 8
75	84 9
75	83 9
75	85 9
75	79 37
75	84 10
75	84 11
75	83 11
75	85 11
75	79 37
75	84 12
75	84 13
75	83 13
75	85 13
75	79 39
75	84 14
75	84 15
75	83 15
75	85 15
75	79 42
75	84 16
75	84 17
75	83 17
75	85 17
75	79 45
75	84 18
75	84 19
75	83 19
75	85 19
75	79 41
75	84 20
75	84 1
75	83 1
75	85 1
75	79 42
75	84 2
75	84 3
75	84 4
75	84 5
75	83 5
75	85 3
75	79 204
75	83 5
75	85 5
75	79 54
75	84 6
75	84 7
75	83 7
75	85 7
75	79 48
75	84 8
75	84 9
75	83 9
75	85 9
75	79 45
75	84 10
75	84 11
75	83 11
75	85 11
75	79 37
75	84 12
75	84 13
75	83 13
75	85 13
75	79 37
75	84 14
75	84 15
75	83 15
75	85 15
75	79 39
75	84 16
75	84 17
75	83 17
75	85 17
75	79 40
75	84 18
75	84 19
75	83 19
75	85 19
75	79 45
75	84 20
75	84 1
75	83 1
75	85 1
75	79 40
75	84 2
75	84 3
75	83 3
75	85 3
75	79 44
75	84 4
75	84 5
75	83 5
75	85 5
75	79 39
75	84 6
75	84 7
75	83 7
75	85 7
75	79 45
75	84 8
75	84 9
75	83 9
75	85 9
75	79 41
75	84 10
75	84 11
75	83 11
75	85 11
75	79 39
75	84 12
75	84 13
75	83 13
75	85 13
75	79 33
75	84 14
75	84 15
75	83 15
75	85 15
75	79 37
75	84 16
75	84 17
75	83 17
75	85 17
75	79 37
75	84 18
75	84 19
75	83 19
75	85 19
75	79 46
75	84 20
75	84 1
75	83 1
75	85 1
75	79 44
75	84 2
75	84 3
75	83 3
75	85 3
75	79 42
75	84 4
75	84 5
75	83 5
75	85 5
75	79 34
75	84 6
75	84 7
75	83 7
75	85 7
75	79 37
75	84 8
75	84 9
75	83 9
75	85 9
75	79 39
75	84 10
75	84 11
75	83 11
75	85 11
75	79 41
75	84 12
75	84 13
75	83 13
75	85 13
75	79 38
75	84 14
75	84 15
75	83 15
75	85 15
75	79 49
75	84 16
75	84 17
75	83 17
75	85 17
75	79 40
75	84 18
75	84 19
75	83 19
75	85 19
75	79 39
75	84 20
75	84 1
75	83 1
75	85 1
75	79 39
75	84 2
75	84 3
75	83 3
75	85 3
75	79 44
75	84 4
75	84 5
75	83 5
75	85 5
75	79 39
75	84 6
75	84 7
75	83 7
75	85 7
75	79 39
75	84 8
75	84 9
75	83 9
75	85 9
75	79 46
75	84 10
75	84 11
75	83 11
75	85 11
75	79 44
75	84 12
75	84 13
75	83 13
75	85 13
75	79 40
75	84 14
75	84 15
75	83 15
75	85 15
75	79 42
75	84 16
75	84 17
75	83 17
75	85 17
75	79 36
75	84 18
75	84 19
75	83 19
75	85 19
75	79 44
75	84 20
75	84 1
75	83 1
75	85 1
75	79 38
75	84 2
75	84 3
75	83 3
75	85 3
75	79 40
75	84 4
75	84 5
75	83 5
75	85 5
75	79 47
75	84 6
75	84 7
75	83 7
75	85 7
75	79 42
75	84 8
75	84 9
75	83 9
75	85 9
75	79 40
75	84 10
75	84 11
75	83 11
75	85 11
75	79 44
75	84 12
75	84 13
75	83 13
75	85 13
75	79 39
75	84 14
75	84 15
75	83 15
75	85 15
75	79 49
75	84 16
75	84 17
75	83 17
75	85 17
75	79 43
75	84 18
75	84 19
75	83 19
75	85 19
75	79 38
75	84 20
75	84 1
75	83 1
75	85 1
75	79 36
75	84 2
75	84 3
75	83 3
75	85 3
75	79 36
75	84 4
75	84 5
75	83 5
75	85 5
75	79 41
75	84 6
75	84 7
75	83 7
75	85 7
75	79 40
75	84 8
75	84 9
75	83 9
75	85 9
75	79 37
75	84 10
75	84 11
75	83 11
75	85 11
75	79 41
75	84 12
75	84 13
75	83 13
75	85 13
75	79 39
75	84 14
75	84 15
75	83 15
75	85 15
75	79 37
75	84 16
75	84 17
75	83 17
75	85 17
75	79 39
75	84 18
75	84 19
75	83 19
75	85 19
75	79 43
75	84 20
75	84 1
75	83 1
75	85 1
75	79 40
75	84 2
75	84 3
75	83 3
75	85 3
75	79 40
75	84 4
75	84 5
75	83 5
75	85 5
75	79 39
75	84 6
75	84 7
75	83 7
75	85 7
75	79 41
75	84 8
75	84 9
75	83 9
75	85 9
75	79 43
75	84 10
75	TEST_NUMBER 0
75	SENT_TOTAL 250
75	RECEIVED_TOTAL 125
75	TIME_TOTAL 19776
75	RECEIVED_RADIO_1 63
75	RECEIVED_RADIO_2 62
75	SENT_RADIO_1 125
75	SENT_RADIO_2 124
75	RADIO_TIME_1 19763
75	RADIO_TIME_2 19763
75	RETRANSMISSIONS_1 0
75	RETRANSMISSIONS_2 0
75	DROPPED_1 0
75	DROPPED_2 0
75	MAX_QUEUE 1
75	DUPLICATED_1 0
75	DUPLICATED_2 0
75	EBUSY_RADIO_1 0
75	EBUSY_RADIO_2 0
75	84 1
75	83 1
75	85 1
75	79 43
75	84 2
75	84 3
75	83 3
75	85 3
75	79 42
75	84 4
75	84 5
75	83 5
75	85 5
75	79 47
75	84 6
75	84 7
75	83 7
75	85 7
75	79 41
75	84 8
75	84 9
75	83 9
75	85 9
75	79 40
75	84 10
75	84 11
75	83 11
75	85 11
75	79 42
75	84 12
75	84 13
75	83 13
75	85 13
75	79 41
75	84 14
75	84 15
75	83 15
75	85 15
75	79 37
75	84 16
75	84 17
75	83 17
75	85 17
75	79 45
75	84 18
75	84 19
75	83 19
75	85 19
75	79 47
75	84 20
75	84 1
75	83 1
75	85 1
75	79 40
75	84 2
75	84 3
75	83 3
75	85 3
75	79 42
75	84 4
75	84 5
75	83 5
75	85 5
75	79 43
75	84 6
75	84 7
75	83 7
75	85 7
75	79 36
75	84 8
75	84 9
75	83 9
75	85 9
75	79 41
75	84 10
75	84 11
75	83 11
75	85 11
75	79 43
75	84 12
75	84 13
75	83 13
75	85 13
75	79 35
75	84 14
75	84 15
75	83 15
75	85 15
75	79 48
75	84 16
75	84 17
75	83 17
75	85 17
75	79 41
75	84 18
75	84 19
75	83 19
75	85 19
75	79 39
75	84 20
75	84 1
75	83 1
75	85 1
75	79 43
75	84 2
75	84 3
75	83 3
75	85 3
75	79 44
75	84 4
75	84 5
75	84 6
75	84 7
75	83 7
75	85 5
75	79 209
75	84 8
75	84 9
75	83 9
75	85 9
75	79 40
75	84 10
75	84 11
75	83 11
75	85 7
75	79 356
75	83 11
75	85 11
75	79 46
75	84 12
75	84 13
75	83 13
75	85 13
75	79 40
75	84 14
75	84 15
75	83 15
75	85 15
75	79 43
75	84 16
75	84 17
75	83 17
75	85 17
75	79 46
75	84 18
75	84 19
75	83 19
75	85 19
75	79 40
75	84 20
75	84 1
75	83 1
75	85 1
75	79 39
75	84 2
75	84 3
75	83 3
75	85 3
75	79 38
75	84 4
75	84 5
75	83 5
75	85 5
75	79 40
75	84 6
75	84 7
75	83 7
75	85 7
75	79 38
75	84 8
75	84 9
75	83 9
75	85 9
75	79 40
75	84 10
75	84 11
75	83 11
75	85 11
75	79 41
75	84 12
75	84 13
75	83 13
75	85 13
75	79 45
75	84 14
75	84 15
75	83 15
75	85 15
75	79 40
75	84 16
75	84 17
75	83 17
75	85 17
75	79 38
75	84 18
75	84 19
75	83 19
75	85 19
75	79 44
75	84 20
75	84 1
75	83 1
75	85 1
75	79 42
75	84 2
75	84 3
75	83 3
75	85 3
75	79 44
75	84 4
75	84 5
75	83 5
75	85 5
75	79 41
75	84 6
75	84 7
75	83 7
75	85 7
75	79 37
75	84 8
75	84 9
75	83 9
75	85 9
75	79 41
75	84 10
75	84 11
75	83 11
75	85 11
75	79 47
75	84 12
75	84 13
75	84 14
75	84 15
75	83 15
75	85 15
75	79 43
75	84 16
75	84 17
75	83 17
75	85 13
75	79 362
75	83 17
75	85 17
75	79 53
75	84 18
75	84 19
75	83 19
75	85 19
75	79 36
75	84 20
75	84 1
75	83 1
75	85 1
75	79 45
75	84 2
75	84 3
75	83 3
75	85 3
75	79 42
75	84 4
75	84 5
75	83 5
75	85 5
75	79 49
75	84 6
75	84 7
75	84 8
75	84 9
75	83 9
75	85 9
75	79 43
75	84 10
75	84 11
75	83 11
75	85 11
75	79 38
75	84 12
75	84 13
75	83 13
75	85 13
75	79 43
75	84 14
75	84 15
75	83 15
75	85 15
75	79 47
75	84 16
75	84 17
75	83 17
75	85 17
75	79 46
75	84 18
75	84 19
75	83 19
75	85 19
75	79 43
75	84 20
75	84 1
75	83 1
75	85 1
75	79 37
75	84 2
75	84 3
75	83 3
75	85 3
75	79 37
75	84 4
75	84 5
75	83 5
75	85 5
75	79 42
75	84 6
75	84 7
75	83 7
75	85 7
75	79 39
75	84 8
75	84 9
75	83 9
75	85 9
75	79 41
75	84 10
75	84 11
75	83 11
75	85 11
75	79 35
75	84 12
75	84 13
75	83 13
75	85 13
75	79 41
75	84 14
75	84 15
75	83 15
75	85 15
75	79 40
75	84 16
75	84 17
75	83 17
75	85 17
75	79 48
75	84 18
75	84 19
75	83 19
75	85 19
75	79 37
75	84 20
75	84 1
75	83 1
75	85 1
75	79 40
75	84 2
75	84 3
75	83 3
75	85 3
75	79 41
75	84 4
75	84 5
75	83 5
75	85 5
75	79 38
75	84 6
75	84 7
75	83 7
75	85 7
75	79 44
75	84 8
75	84 9
75	83 9
75	85 9
75	79 42
75	84 10
75	84 11
75	83 11
75	85 11
75	79 37
75	84 12
75	84 13
75	83 13
75	85 13
75	79 38
75	84 14
75	84 15
75	83 15
75	85 15
75	79 38
75	84 16
75	84 17
75	83 17
75	85 17
75	79 41
75	84 18
75	84 19
75	83 19
75	85 19
75	79 39
75	84 20
75	84 1
75	83 1
75	85 1
75	79 36
75	84 2
75	84 3
75	83 3
75	85 3
75	79 41
75	84 4
75	84 5
75	83 5
75	85 5
75	79 41
75	84 6
75	84 7
75	83 7
75	85 7
75	79 38
75	84 8
75	84 9
75	83 9
75	85 9
75	79 41
75	84 10
75	84 11
75	83 11
75	85 11
75	79 40
75	84 12
75	84 13
75	83 13
75	85 13
75	79 41
75	84 14
75	84 15
75	83 15
75	85 15
75	79 42
75	84 16
75	84 17
75	83 17
75	85 17
75	79 38
75	84 18
75	84 19
75	83 19
75	85 19
75	79 38
75	84 20
75	84 1
75	83 1
75	85 1
75	79 44
75	84 2
75	84 3
75	84 4
75	84 5
75	83 5
75	85 3
75	79 203
75	83 5
75	85 5
75	79 46
75	84 6
75	84 7
75	83 7
75	85 7
75	79 40
75	84 8
75	84 9
75	83 9
75	85 9
75	79 41
75	84 10
75	84 11
75	83 11
75	85 11
75	79 44
75	84 12
75	84 13
75	83 13
75	85 13
75	79 36
75	84 14
75	84 15
75	83 15
75	85 15
75	79 45
75	84 16
75	84 17
75	83 17
75	85 17
75	79 41
75	84 18
75	84 19
75	83 19
75	85 19
75	79 37
75	84 20
75	84 1
75	83 1
75	85 1
75	79 46
75	84 2
75	84 3
75	83 3
75	85 3
75	79 44
75	84 4
75	84 5
75	83 5
75	85 5
75	79 41
75	84 6
75	84 7
75	83 7
75	85 7
75	79 42
75	84 8
75	84 9
75	83 9
75	85 9
75	79 41
75	84 10
75	84 11
75	83 11
75	85 11
75	79 39
75	84 12
75	84 13
75	83 13
75	85 13
75	79 39
75	84 14
75	84 15
75	83 15
75	85 15
75	79 39
75	84 16
75	84 17
75	83 17
75	85 17
75	79 43
75	84 18
75	84 19
75	83 19
75	85 19
75	79 38
75	84 20
75	84 1
75	83 1
75	85 1
75	79 42
75	84 2
75	84 3
75	83 3
75	85 3
75	79 37
75	84 4
75	84 5
75	83 5
75	85 5
75	79 41
75	84 6
75	84 7
75	83 7
75	85 7
75	79 37
75	84 8
75	84 9
75	83 9
75	85 9
75	79 46
75	84 10
75	84 11
75	83 11
75	85 11
75	79 42
75	84 12
75	84 13
75	83 13
75	85 13
75	79 38
75	84 14
75	84 15
75	83 15
75	85 15
75	79 38
75	84 16
75	84 17
75	83 17
75	85 17
75	79 42
75	84 18
75	84 19
75	84 20
75	84 1
75	83 1
75	85 1
75	79 42
75	84 2
75	84 3
75	83 3
75	85 3
75	79 41
75	84 4
75	84 5
75	83 5
75	85 5
75	79 54
75	84 6
75	84 7
75	83 7
75	85 7
75	79 38
75	84 8
75	84 9
75	83 9
75	85 9
75	79 37
75	84 10
75	TEST_NUMBER 1
75	SENT_TOTAL 250
75	RECEIVED_TOTAL 123
75	TIME_TOTAL 19757
75	RECEIVED_RADIO_1 64
75	RECEIVED_RADIO_2 59
75	SENT_RADIO_1 125
75	SENT_RADIO_2 125
75	RADIO_TIME_1 19800
75	RADIO_TIME_2 19763
75	RETRANSMISSIONS_1 0
75	RETRANSMISSIONS_2 0
75	DROPPED_1 0
75	DROPPED_2 0
75	MAX_QUEUE 1
75	DUPLICATED_1 0
75	DUPLICATED_2 0
75	EBUSY_RADIO_1 0
75	EBUSY_RADIO_2 0
75	84 1
75	83 1
75	85 1
75	79 44
75	84 2
75	84 3
75	83 3
75	85 3
75	79 39
75	84 4
75	84 5
75	83 5
75	85 5
75	79 33
75	84 6
75	84 7
75	83 7
75	85 7
75	79 38
75	84 8
75	84 9
75	83 9
75	85 9
75	79 36
75	84 10
75	84 11
75	83 11
75	85 11
75	79 43
75	84 12
75	84 13
75	83 13
75	85 13
75	79 40
75	84 14
75	84 15
75	83 15
75	85 15
75	79 38
75	84 16
75	84 17
75	83 17
75	85 17
75	79 36
75	84 18
75	84 19
75	83 19
75	85 19
75	79 42
75	84 20
75	84 1
75	83 1
75	85 1
75	79 38
75	84 2
75	84 3
75	83 3
75	85 3
75	79 41
75	84 4
75	84 5
75	83 5
75	85 5
75	79 39
75	84 6
75	84 7
75	83 7
75	85 7
75	79 42
75	84 8
75	84 9
75	83 9
75	85 9
75	79 41
75	84 10
75	84 11
75	83 11
75	85 11
75	79 48
75	84 12
75	84 13
75	83 13
75	85 13
75	79 42
75	84 14
75	84 15
75	83 15
75	85 15
75	79 37
75	84 16
75	84 17
75	84 18
75	84 19
75	83 19
75	85 17
75	79 208
75	83 19
75	85 19
75	79 66
75	84 20
75	84 1
75	83 1
75	85 1
75	79 41
75	84 2
75	84 3
75	83 3
75	85 3
75	79 39
75	84 4
75	84 5
75	83 5
75	85 5
75	79 40
75	84 6
75	84 7
75	83 7
75	85 7
75	79 44
75	84 8
75	84 9
75	83 9
75	85 9
75	79 39
75	84 10
75	84 11
75	83 11
75	85 11
75	79 38
75	84 12
75	84 13
75	83 13
75	85 13
75	79 38
75	84 14
75	84 15
75	83 15
75	85 15
75	79 36
75	84 16
75	84 17
75	83 17
75	85 17
75	79 41
75	84 18
75	84 19
75	83 19
75	85 19
75	79 42
75	84 20
75	84 1
75	83 1
75	85 1
75	79 40
75	84 2
75	84 3
75	83 3
75	85 3
75	79 43
75	84 4
75	84 5
75	83 5
75	85 5
75	79 39
75	84 6
75	84 7
75	83 7
75	85 7
75	79 41
75	84 8
75	84 9
75	83 9
75	85 9
75	79 43
75	84 10
75	84 11
75	83 11
75	85 11
75	79 42
75	84 12
75	84 13
75	83 13
75	85 13
75	79 39
75	84 14
75	84 15
75	83 15
75	85 15
75	79 43
75	84 16
75	84 17
75	83 17
75	85 17
75	79 42
75	84 18
75	84 19
75	83 19
75	85 19
75	79 42
75	84 20
75	84 1
75	83 1
75	85 1
75	79 38
75	84 2
75	84 3
75	83 3
75	85 3
75	79 45
75	84 4
75	84 5
75	83 5
75	85 5
75	79 41
75	84 6
75	84 7
75	83 7
75	85 7
75	79 45
75	84 8
75	84 9
75	83 9
75	85 9
75	79 42
75	84 10
75	84 11
75	83 11
75	85 11
75	79 43
75	84 12
75	84 13
75	83 13
75	85 13
75	79 42
75	84 14
75	84 15
75	83 15
75	85 15
75	79 44
75	84 16
75	84 17
75	83 17
75	85 17
75	79 38
75	84 18
75	84 19
75	83 19
75	85 19
75	79 41
75	84 20
75	84 1
75	83 1
75	85 1
75	79 39
75	84 2
75	84 3
75	83 3
75	85 3
75	79 41
75	84 4
75	84 5
75	84 6
75	84 7
75	83 7
75	85 5
75	79 198
75	83 7
75	85 7
75	79 54
75	84 8
75	84 9
75	83 9
75	85 9
75	79 40
75	84 10
75	84 11
75	83 11
75	85 11
75	79 40
75	84 12
75	84 13
75	83 13
75	85 13
75	79 40
75	84 14
75	84 15
75	83 15
75	85 15
75	79 37
75	84 16
75	84 17
75	83 17
75	85 17
75	79 40
75	84 18
75	84 19
75	83 19
75	85 19
75	79 40
75	84 20
75	84 1
75	83 1
75	85 1
75	79 41
75	84 2
75	84 3
75	83 3
75	85 3
75	79 42
75	84 4
75	84 5
75	83 5
75	85 5
75	79 38
75	84 6
75	84 7
75	83 7
75	85 7
75	79 43
75	84 8
75	84 9
75	83 9
75	85 9
75	79 45
75	84 10
75	84 11
75	83 11
75	85 11
75	79 41
75	84 12
75	84 13
75	83 13
75	85 13
75	79 37
75	84 14
75	84 15
75	83 15
75	85 15
75	79 47
75	84 16
75	84 17
75	83 17
75	85 17
75	79 38
75	84 18
75	84 19
75	83 19
75	85 19
75	79 50
75	84 20
75	84 1
75	83 1
75	85 1
75	79 40
75	84 2
75	84 3
75	83 3
75	85 3
75	79 39
75	84 4
75	84 5
75	83 5
75	85 5
75	79 42
75	84 6
75	84 7
75	83 7
75	85 7
75	79 41
75	84 8
75	84 9
75	83 9
75	85 9
75	79 42
75	84 10
75	84 11
75	83 11
75	85 11
75	79 49
75	84 12
75	84 13
75	83 13
75	85 13
75	79 44
75	84 14
75	84 15
75	83 15
75	85 15
75	79 43
75	84 16
75	84 17
75	83 17
75	85 17
75	79 44
75	84 18
75	84 19
75	83 19
75	85 19
75	79 43
75	84 20
75	84 1
75	83 1
75	85 1
75	79 40
75	84 2
75	84 3
75	83 3
75	85 3
75	79 43
75	84 4
75	84 5
75	83 5
75	85 5
75	79 42
75	84 6
75	84 7
75	83 7
75	85 7
75	79 43
75	84 8
75	84 9
75	83 9
75	85 9
75	79 37
75	84 10
75	84 11
75	83 11
75	85 11
75	79 45
75	84 12
75	84 13
75	83 13
75	85 13
75	79 41
75	84 14
75	84 15
75	83 15
75	85 15
75	79 40
75	84 16
75	84 17
75	84 18
75	84 19
75	83 19
75	85 17
75	79 200
75	83 19
75	85 19
75	79 48
75	84 20
75	84 1
75	83 1
75	85 1
75	79 43
75	84 2
75	84 3
75	83 3
75	85 3
75	79 41
75	84 4
75	84 5
75	83 5
75	85 5
75	79 43
75	84 6
75	84 7
75	83 7
75	85 7
75	79 41
75	84 8
75	84 9
75	83 9
75	85 9
75	79 42
75	84 10
75	84 11
75	83 11
75	85 11
75	79 36
75	84 12
75	84 13
75	83 13
75	85 13
75	79 40
75	84 14
75	84 15
75	83 15
75	85 15
75	79 40
75	84 16
75	84 17
75	83 17
75	85 17
75	79 41
75	84 18
75	84 19
75	83 19
75	85 19
75	79 44
75	84 20
75	84 1
75	83 1
75	85 1
75	79 43
75	84 2
75	84 3
75	83 3
75	85 3
75	79 39
75	84 4
75	84 5
75	83 5
75	85 5
75	79 37
75	84 6
75	84 7
75	83 7
75	85 7
75	79 38
75	84 8
75	84 9
75	83 9
75	85 9
75	79 40
75	84 10
75	84 11
75	83 11
75	85 11
75	79 45
75	84 12
75	84 13
75	83 13
75	85 13
75	79 37
75	84 14
75	84 15
75	83 15
75	85 15
75	79 44
75	84 16
75	84 17
75	83 17
75	85 17
75	79 44
75	84 18
75	84 19
75	83 19
75	85 19
75	79 39
75	84 20
75	84 1
75	83 1
75	85 1
75	79 38
75	84 2
75	84 3
75	83 3
75	85 3
75	79 41
75	84 4
75	84 5
75	83 5
75	85 5
75	79 39
75	84 6
75	84 7
75	83 7
75	85 7
75	79 45
75	84 8
75	84 9
75	83 9
75	85 9
75	79 41
75	84 10
75	84 11
75	83 11
75	85 11
75	79 40
75	84 12
75	84 13
75	83 13
75	85 13
75	79 44
75	84 14
75	84 15
75	83 15
75	85 15
75	79 39
75	84 16
75	84 17
75	83 17
75	85 17
75	79 33
75	84 18
75	84 19
75	83 19
75	85 19
75	79 40
75	84 20
75	84 1
75	83 1
75	85 1
75	79 43
75	84 2
75	84 3
75	84 4
75	84 5
75	83 5
75	85 3
75	79 197
75	83 5
75	85 5
75	79 53
75	84 6
75	84 7
75	83 7
75	85 7
75	79 49
75	84 8
75	84 9
75	83 9
75	85 9
75	79 40
75	84 10
75	TEST_NUMBER 2
75	SENT_TOTAL 250
75	RECEIVED_TOTAL 125
75	TIME_TOTAL 19759
75	RECEIVED_RADIO_1 62
75	RECEIVED_RADIO_2 63
75	SENT_RADIO_1 125
75	SENT_RADIO_2 125
75	RADIO_TIME_1 19763
75	RADIO_TIME_2 19799
75	RETRANSMISSIONS_1 0
75	RETRANSMISSIONS_2 0
75	DROPPED_1 0
75	DROPPED_2 0
75	MAX_QUEUE 1
75	DUPLICATED_1 0
75	DUPLICATED_2 0
75	EBUSY_RADIO_1 0
75	EBUSY_RADIO_2 0
75	84 1
75	83 1
75	85 1
75	79 39
75	84 2
75	84 3
75	83 3
75	85 3
75	79 38
75	84 4
75	84 5
75	83 5
75	85 5
75	79 43
75	84 6
75	84 7
75	83 7
75	85 7
75	79 34
75	84 8
75	84 9
75	83 9
75	85 9
75	79 47
75	84 10
75	84 11
75	83 11
75	85 11
75	79 37
75	84 12
75	84 13
75	83 13
75	85 13
75	79 41
75	84 14
75	84 15
75	83 15
75	85 15
75	79 45
75	84 16
75	84 17
75	83 17
75	85 17
75	79 41
75	84 18
75	84 19
75	83 19
75	85 19
75	79 39
75	84 20
75	84 1
75	83 1
75	85 1
75	79 41
75	84 2
75	84 3
75	83 3
75	85 3
75	79 39
75	84 4
75	84 5
75	83 5
75	85 5
75	79 49
75	84 6
75	84 7
75	83 7
75	85 7
75	79 44
75	84 8
75	84 9
75	83 9
75	85 9
75	79 41
75	84 10
75	84 11
75	83 11
75	85 11
75	79 42
75	84 12
75	84 13
75	83 13
75	85 13
75	79 44
75	84 14
75	84 15
75	83 15
75	85 15
75	79 49
75	84 16
75	84 17
75	83 17
75	85 17
75	79 59
75	84 18
75	84 19
75	83 19
75	85 19
75	79 43
75	84 20
75	84 1
75	83 1
75	85 1
75	79 39
75	84 2
75	84 3
75	83 3
75	85 3
75	79 43
75	84 4
75	84 5
75	83 5
75	85 5
75	79 44
75	84 6
75	84 7
75	83 7
75	85 7
75	79 37
75	84 8
75	84 9
75	83 9
75	85 9
75	79 44
75	84 10
75	84 11
75	83 11
75	85 11
75	79 44
75	84 12
75	84 13
75	83 13
75	85 13
75	79 49
75	84 14
75	84 15
75	83 15
75	85 15
75	79 39
75	84 16
75	84 17
75	83 17
75	85 17
75	79 42
75	84 18
75	84 19
75	83 19
75	85 19
75	79 41
75	84 20
75	84 1
75	83 1
75	85 1
75	79 40
75	84 2
75	84 3
75	83 3
75	85 3
75	79 39
75	84 4
75	84 5
75	83 5
75	85 5
75	79 34
75	84 6
75	84 7
75	83 7
75	85 7
75	79 41
75	84 8
75	84 9
75	83 9
75	85 9
75	79 41
75	84 10
75	84 11
75	83 11
75	85 11
75	79 42
75	84 12
75	84 13
75	83 13
75	85 13
75	79 37
75	84 14
75	84 15
75	83 15
75	85 15
75	79 46
75	84 16
75	84 17
75	83 17
75	85 17
75	79 40
75	84 18
75	84 19
75	83 19
75	85 19
75	79 41
75	84 20
75	84 1
75	83 1
75	85 1
75	79 38
75	84 2
75	84 3
75	83 3
75	85 3
75	79 46
75	84 4
75	84 5
75	83 5
75	85 5
75	79 40
75	84 6
75	84 7
75	83 7
75	85 7
75	79 40
75	84 8
75	84 9
75	83 9
75	85 9
75	79 43
75	84 10
75	84 11
75	83 11
75	85 11
75	79 38
75	84 12
75	84 13
75	83 13
75	85 13
75	79 38
75	84 14
75	84 15
75	83 15
75	85 15
75	79 39
75	84 16
75	84 17
75	84 18
75	84 19
75	83 19
75	85 17
75	79 206
75	83 19
75	85 19
75	79 60
75	84 20
75	84 1
75	83 1
75	85 1
75	79 56
75	84 2
75	84 3
75	83 3
75	85 3
75	79 39
75	84 4
75	84 5
75	83 5
75	85 5
75	79 42
75	84 6
75	84 7
75	83 7
75	85 7
75	79 35
75	84 8
75	84 9
75	83 9
75	85 9
75	79 47
75	84 10
75	84 11
75	83 11
75	85 11
75	79 33
75	84 12
75	84 13
75	83 13
75	85 13
75	79 46
75	84 14
75	84 15
75	83 15
75	85 15
75	79 38
75	84 16
75	84 17
75	83 17
75	85 17
75	79 34
75	84 18
75	84 19
75	83 19
75	85 19
75	79 41
75	84 20
75	84 1
75	83 1
75	85 1
75	79 42
75	84 2
75	84 3
75	83 3
75	85 3
75	79 41
75	84 4
75	84 5
75	83 5
75	85 5
75	79 39
75	84 6
75	84 7
75	83 7
75	85 7
75	79 35
75	84 8
75	84 9
75	83 9
75	85 9
75	79 45
75	84 10
75	84 11
75	83 11
75	85 11
75	79 40
75	84 12
75	84 13
75	83 13
75	85 13
75	79 37
75	84 14
75	84 15
75	83 15
75	85 15
75	79 42
75	84 16
75	84 17
75	83 17
75	85 17
75	79 39
75	84 18
75	84 19
75	83 19
75	85 19
75	79 47
75	84 20
75	84 1
75	83 1
75	85 1
75	79 43
75	84 2
75	84 3
75	83 3
75	85 3
75	79 45
75	84 4
75	84 5
75	83 5
75	85 5
75	79 37
75	84 6
75	84 7
75	83 7
75	85 7
75	79 52
75	84 8
75	84 9
75	83 9
75	85 9
75	79 38
75	84 10
75	84 11
75	83 11
75	85 11
75	79 39
75	84 12
75	84 13
75	83 13
75	85 13
75	79 41
75	84 14
75	84 15
75	83 15
75	85 15
75	79 35
75	84 16
75	84 17
75	83 17
75	85 17
75	79 39
75	84 18
75	84 19
75	83 19
75	85 19
75	79 37
75	84 20
75	84 1
75	83 1
75	85 1
75	79 40
75	84 2
75	84 3
75	83 3
75	85 3
75	79 38
75	84 4
75	84 5
75	83 5
75	85 5
75	79 41
75	84 6
75	84 7
75	83 7
75	85 7
75	79 34
75	84 8
75	84 9
75	83 9
75	85 9
75	79 37
75	84 10
75	84 11
75	83 11
75	85 11
75	79 39
75	84 12
75	84 13
75	83 13
75	85 13
75	79 48
75	84 14
75	84 15
75	83 15
75	85 15
75	79 39
75	84 16
75	84 17
75	83 17
75	85 17
75	79 39
75	84 18
75	84 19
75	83 19
75	85 19
75	79 41
75	84 20
75	84 1
75	83 1
75	85 1
75	79 46
75	84 2
75	84 3
75	83 3
75	85 3
75	79 48
75	84 4
75	84 5
75	83 5
75	85 5
75	79 44
75	84 6
75	84 7
75	83 7
75	85 7
75	79 40
75	84 8
75	84 9
75	83 9
75	85 9
75	79 37
75	84 10
75	84 11
75	83 11
75	85 11
75	79 38
75	84 12
75	84 13
75	83 13
75	85 13
75	79 39
75	84 14
75	84 15
75	83 15
75	85 15
75	79 40
75	84 16
75	84 17
75	83 17
75	85 17
75	79 42
75	84 18
75	84 19
75	83 19
75	85 19
75	79 38
75	84 20
75	84 1
75	83 1
75	85 1
75	79 39
75	84 2
75	84 3
75	83 3
75	85 3
75	79 43
75	84 4
75	84 5
75	83 5
75	85 5
75	79 38
75	84 6
75	84 7
75	83 7
75	85 7
75	79 48
75	84 8
75	84 9
75	83 9
75	85 9
75	79 36
75	84 10
75	84 11
75	83 11
75	85 11
75	79 42
75	84 12
75	84 13
75	83 13
75	85 13
75	79 41
75	84 14
75	84 15
75	83 15
75	85 15
75	79 36
75	84 16
75	84 17
75	83 17
75	85 17
75	79 40
75	84 18
75	84 19
75	83 19
75	85 19
75	79 37
75	84 20
75	84 1
75	83 1
75	85 1
75	79 45
75	84 2
75	84 3
75	83 3
75	85 3
75	79 43
75	84 4
75	84 5
75	83 5
75	85 5
75	79 48
75	84 6
75	84 7
75	83 7
75	85 7
75	79 45
75	84 8
75	84 9
75	83 9
75	85 9
75	79 42
75	84 10
75	84 11
75	83 11
75	85 11
75	79 39
75	84 12
75	84 13
75	83 13
75	85 13
75	79 38
75	84 14
75	84 15
75	83 15
75	85 15
75	79 40
75	84 16
75	84 17
75	83 17
75	85 17
75	79 37
75	84 18
75	84 19
75	83 19
75	85 19
75	79 40
75	84 20
75	84 1
75	83 1
75	85 1
75	79 39
75	84 2
75	84 3
75	83 3
75	85 3
75	79 46
75	84 4
75	84 5
75	83 5
75	85 5
75	79 36
75	84 6
75	84 7
75	83 7
75	85 7
75	79 45
75	84 8
75	84 9
75	84 10
75	TEST_NUMBER 3
75	SENT_TOTAL 250
75	RECEIVED_TOTAL 124
75	TIME_TOTAL 19610
75	RECEIVED_RADIO_1 63
75	RECEIVED_RADIO_2 61
75	SENT_RADIO_1 125
75	SENT_RADIO_2 125
75	RADIO_TIME_1 19763
75	RADIO_TIME_2 19763
75	RETRANSMISSIONS_1 0
75	RETRANSMISSIONS_2 0
75	DROPPED_1 0
75	DROPPED_2 0
75	MAX_QUEUE 1
75	DUPLICATED_1 0
75	DUPLICATED_2 0
75	EBUSY_RADIO_1 0
75	EBUSY_RADIO_2 0
75	84 1
75	83 1
75	85 1
75	79 48
75	84 2
75	84 3
75	83 3
75	85 9
75	86 3
75	83 3
75	85 3
75	79 49
75	84 4
75	84 5
75	83 5
75	85 5
75	79 41
75	84 6
75	84 7
75	83 7
75	85 7
75	79 37
75	84 8
75	84 9
75	83 9
75	85 9
75	79 40
75	84 10
75	84 11
75	83 11
75	85 11
75	79 42
75	84 12
75	84 13
75	83 13
75	85 13
75	79 41
75	84 14
75	84 15
75	83 15
75	85 15
75	79 40
75	84 16
75	84 17
75	83 17
75	85 17
75	79 46
75	84 18
75	84 19
75	83 19
75	85 19
75	79 38
75	84 20
75	84 1
75	83 1
75	85 1
75	79 36
75	84 2
75	84 3
75	83 3
75	85 3
75	79 40
75	84 4
75	84 5
75	83 5
75	85 5
75	79 42
75	84 6
75	84 7
75	83 7
75	85 7
75	79 43
75	84 8
75	84 9
75	83 9
75	85 9
75	79 41
75	84 10
75	84 11
75	83 11
75	85 11
75	79 42
75	84 12
75	84 13
75	83 13
75	85 13
75	79 40
75	84 14
75	84 15
75	83 15
75	85 15
75	79 40
75	84 16
75	84 17
75	83 17
75	85 17
75	79 38
75	84 18
75	84 19
75	83 19
75	85 19
75	79 34
75	84 20
75	84 1
75	83 1
75	85 1
75	79 41
75	84 2
75	84 3
75	83 3
75	85 3
75	79 41
75	84 4
75	84 5
75	83 5
75	85 5
75	79 40
75	84 6
75	84 7
75	83 7
75	85 7
75	79 41
75	84 8
75	84 9
75	83 9
75	85 9
75	79 39
75	84 10
75	84 11
75	83 11
75	85 11
75	79 39
75	84 12
75	84 13
75	83 13
75	85 13
75	79 39
75	84 14
75	84 15
75	83 15
75	85 15
75	79 43
75	84 16
75	84 17
75	83 17
75	85 17
75	79 40
75	84 18
75	84 19
75	83 19
75	85 19
75	79 38
75	84 20
75	84 1
75	83 1
75	85 1
75	79 46
75	84 2
75	84 3
75	83 3
75	85 3
75	79 48
75	84 4
75	84 5
75	83 5
75	85 5
75	79 39
75	84 6
75	84 7
75	83 7
75	85 7
75	79 39
75	84 8
75	84 9
75	83 9
75	85 9
75	79 37
75	84 10
75	84 11
75	83 11
75	85 11
75	79 44
75	84 12
75	84 13
75	83 13
75	85 13
75	79 42
75	84 14
75	84 15
75	83 15
75	85 15
75	79 36
75	84 16
75	84 17
75	83 17
75	85 17
75	79 39
75	84 18
75	84 19
75	83 19
75	85 19
75	79 42
75	84 20
75	84 1
75	83 1
75	85 1
75	79 46
75	84 2
75	84 3
75	83 3
75	85 3
75	79 40
75	84 4
75	84 5
75	83 5
75	85 5
75	79 40
75	84 6
75	84 7
75	83 7
75	85 7
75	79 43
75	84 8
75	84 9
75	83 9
75	85 9
75	79 43
75	84 10
75	84 11
75	83 11
75	85 11
75	79 37
75	84 12
75	84 13
75	83 13
75	85 13
75	79 49
75	84 14
75	84 15
75	83 15
75	85 15
75	79 39
75	84 16
75	84 17
75	83 17
75	85 17
75	79 44
75	84 18
75	84 19
75	83 19
75	85 19
75	79 40
75	84 20
75	84 1
75	83 1
75	85 1
75	79 44
75	84 2
75	84 3
75	83 3
75	85 3
75	79 41
75	84 4
75	84 5
75	83 5
75	85 5
75	79 38
75	84 6
75	84 7
75	83 7
75	85 7
75	79 40
75	84 8
75	84 9
75	83 9
75	85 9
75	79 43
75	84 10
75	84 11
75	83 11
75	85 11
75	79 38
75	84 12
75	84 13
75	83 13
75	85 13
75	79 45
75	84 14
75	84 15
75	83 15
75	85 15
75	79 41
75	84 16
75	84 17
75	83 17
75	85 17
75	79 35
75	84 18
75	84 19
75	83 19
75	85 19
75	79 37
75	84 20
75	84 1
75	83 1
75	85 1
75	79 36
75	84 2
75	84 3
75	83 3
75	85 3
75	79 41
75	84 4
75	84 5
75	83 5
75	85 5
75	79 49
75	84 6
75	84 7
75	83 7
75	85 7
75	79 39
75	84 8
75	84 9
75	83 9
75	85 9
75	79 45
75	84 10
75	84 11
75	83 11
75	85 11
75	79 37
75	84 12
75	84 13
75	83 13
75	85 13
75	79 41
75	84 14
75	84 15
75	83 15
75	85 15
75	79 41
75	84 16
75	84 17
75	83 17
75	85 17
75	79 40
75	84 18
75	84 19
75	83 19
75	85 19
75	79 46
75	84 20
75	84 1
75	83 1
75	85 1
75	79 40
75	84 2
75	84 3
75	83 3
75	85 3
75	79 43
75	84 4
75	84 5
75	83 5
75	85 5
75	79 38
75	84 6
75	84 7
75	83 7
75	85 7
75	79 40
75	84 8
75	84 9
75	83 9
75	85 9
75	79 36
75	84 10
75	84 11
75	83 11
75	85 11
75	79 35
75	84 12
75	84 13
75	83 13
75	85 13
75	79 42
75	84 14
75	84 15
75	83 15
75	85 15
75	79 37
75	84 16
75	84 17
75	83 17
75	85 17
75	79 40
75	84 18
75	84 19
75	83 19
75	85 19
75	79 46
75	84 20
75	84 1
75	83 1
75	85 1
75	79 39
75	84 2
75	84 3
75	83 3
75	85 3
75	79 45
75	84 4
75	84 5
75	83 5
75	85 5
75	79 42
75	84 6
75	84 7
75	83 7
75	85 7
75	79 43
75	84 8
75	84 9
75	83 9
75	85 9
75	79 37
75	84 10
75	84 11
75	83 11
75	85 11
75	79 41
75	84 12
75	84 13
75	83 13
75	85 13
75	79 49
75	84 14
75	84 15
75	83 15
75	85 15
75	79 35
75	84 16
75	84 17
75	83 17
75	85 17
75	79 39
75	84 18
75	84 19
75	83 19
75	85 19
75	79 41
75	84 20
75	84 1
75	83 1
75	85 1
75	79 48
75	84 2
75	84 3
75	83 3
75	85 3
75	79 41
75	84 4
75	84 5
75	83 5
75	85 5
75	79 36
75	84 6
75	84 7
75	83 7
75	85 7
75	79 42
75	84 8
75	84 9
75	83 9
75	85 9
75	79 44
75	84 10
75	84 11
75	83 11
75	85 11
75	79 36
75	84 12
75	84 13
75	83 13
75	85 13
75	79 41
75	84 14
75	84 15
75	83 15
75	85 15
75	79 37
75	84 16
75	84 17
75	83 17
75	85 17
75	79 43
75	84 18
75	84 19
75	83 19
75	85 19
75	79 38
75	84 20
75	84 1
75	83 1
75	85 1
75	79 40
75	84 2
75	84 3
75	83 3
75	85 3
75	79 43
75	84 4
75	84 5
75	83 5
75	85 5
75	79 42
75	84 6
75	84 7
75	83 7
75	85 7
75	79 41
75	84 8
75	84 9
75	83 9
75	85 9
75	79 38
75	84 10
75	84 11
75	83 11
75	85 11
75	79 43
75	84 12
75	84 13
75	83 13
75	85 13
75	79 41
75	84 14
75	84 15
75	83 15
75	85 15
75	79 39
75	84 16
75	84 17
75	83 17
75	85 17
75	79 46
75	84 18
75	84 19
75	83 19
75	85 19
75	79 43
75	84 20
75	84 1
75	83 1
75	85 1
75	79 40
75	84 2
75	84 3
75	83 3
75	85 3
75	79 45
75	84 4
75	84 5
75	83 5
75	85 5
75	79 40
75	84 6
75	84 7
75	83 7
75	85 7
75	79 41
75	84 8
75	84 9
75	83 9
75	85 9
75	79 45
75	84 10
75	84 11
75	83 11
75	85 11
75	79 40
75	84 12
75	84 13
75	83 13
75	85 13
75	79 42
75	84 14
75	84 15
75	83 15
75	85 15
75	79 47
75	84 16
75	84 17
75	83 17
75	85 17
75	79 40
75	84 18
75	84 19
75	83 19
75	85 19
75	79 39
75	84 20
75	84 1
75	83 1
75	85 1
75	79 38
75	84 2
75	84 3
75	83 3
75	85 3
75	79 41
75	84 4
75	84 5
75	83 5
75	85 5
75	79 46
75	84 6
75	84 7
75	83 7
75	85 7
75	79 45
75	84 8
75	84 9
75	83 9
75	85 9
75	79 43
75	84 10
75	TEST_NUMBER 4
75	SENT_TOTAL 250
75	RECEIVED_TOTAL 125
75	TIME_TOTAL 19758
75	RECEIVED_RADIO_1 63
75	RECEIVED_RADIO_2 63
75	SENT_RADIO_1 125
75	SENT_RADIO_2 125
75	RADIO_TIME_1 19806
75	RADIO_TIME_2 19763
75	RETRANSMISSIONS_1 0
75	RETRANSMISSIONS_2 0
75	DROPPED_1 0
75	DROPPED_2 0
75	MAX_QUEUE 1
75	DUPLICATED_1 0
75	DUPLICATED_2 0
75	EBUSY_RADIO_1 0
75	EBUSY_RADIO_2 0
75	84 1
75	83 1
75	85 1
75	79 45
75	84 2
75	84 3
75	83 3
75	85 3
75	79 38
75	84 4
75	84 5
75	84 6
75	84 7
75	83 7
75	85 7
75	79 37
75	84 8
75	84 9
75	84 10
75	84 11
75	84 12
75	84 13
75	83 13
75	85 11
75	79 209
75	83 13
75	85 13
75	79 61
75	84 14
75	84 15
75	83 15
75	85 15
75	79 55
75	84 16
75	84 17
75	83 17
75	85 17
75	79 43
75	84 18
75	84 19
75	83 19
75	85 19
75	79 38
75	84 20
75	84 1
75	83 1
75	85 1
75	79 40
75	84 2
75	84 3
75	83 3
75	85 3
75	79 45
75	84 4
75	84 5
75	83 5
75	85 5
75	79 38
75	84 6
75	84 7
75	83 7
75	85 7
75	79 40
75	84 8
75	84 9
75	83 9
75	85 9
75	79 38
75	84 10
75	84 11
75	83 11
75	85 11
75	79 41
75	84 12
75	84 13
75	83 13
75	85 13
75	79 41
75	84 14
75	84 15
75	83 15
75	85 15
75	79 37
75	84 16
75	84 17
75	83 17
75	85 17
75	79 46
75	84 18
75	84 19
75	83 19
75	85 19
75	79 47
75	84 20
75	84 1
75	83 1
75	85 1
75	79 43
75	84 2
75	84 3
75	83 3
75	85 3
75	79 43
75	84 4
75	84 5
75	83 5
75	85 5
75	79 38
75	84 6
75	84 7
75	83 7
75	85 7
75	79 44
75	84 8
75	84 9
75	83 9
75	85 9
75	79 40
75	84 10
75	84 11
75	83 11
75	85 11
75	79 43
75	84 12
75	84 13
75	83 13
75	85 13
75	79 40
75	84 14
75	84 15
75	83 15
75	85 15
75	79 44
75	84 16
75	84 17
75	83 17
75	85 17
75	79 46
75	84 18
75	84 19
75	83 19
75	85 19
75	79 42
75	84 20
75	84 1
75	83 1
75	85 1
75	79 36
75	84 2
75	84 3
75	83 3
75	85 3
75	79 38
75	84 4
75	84 5
75	83 5
75	85 5
75	79 37
75	84 6
75	84 7
75	84 8
75	84 9
75	83 9
75	85 7
75	79 204
75	84 10
75	84 11
75	84 12
75	83 12
75	85 12
75	79 45
75	84 13
75	84 14
75	83 14
75	85 14
75	79 40
75	84 15
75	84 16
75	83 16
75	85 16
75	79 42
75	84 17
75	84 18
75	83 18
75	85 18
75	79 40
75	84 19
75	84 20
75	83 20
75	85 20
75	79 46
75	84 1
75	84 2
75	83 2
75	85 2
75	79 39
75	84 3
75	84 4
75	83 4
75	85 4
75	79 47
75	84 5
75	84 6
75	83 6
75	85 6
75	79 41
75	84 7
75	84 8
75	83 8
75	85 8
75	79 37
75	84 9
75	84 10
75	83 10
75	85 10
75	79 44
75	84 11
75	84 12
75	83 12
75	85 12
75	79 36
75	84 13
75	84 14
75	83 14
75	85 14
75	79 41
75	84 15
75	84 16
75	83 16
75	85 16
75	79 43
75	84 17
75	84 18
75	83 18
75	85 18
75	79 39
75	84 19
75	84 20
75	83 20
75	85 20
75	79 50
75	84 1
75	84 2
75	84 3
75	84 4
75	83 4
75	85 2
75	79 203
75	83 4
75	85 4
75	79 54
75	84 5
75	84 6
75	83 6
75	85 6
75	79 46
75	84 7
75	84 8
75	83 8
75	85 8
75	79 39
75	84 9
75	84 10
75	83 10
75	85 10
75	79 39
75	84 11
75	84 12
75	84 13
75	84 14
75	83 14
75	85 14
75	79 40
75	84 15
75	84 16
75	83 16
75	85 16
75	79 40
75	84 17
75	84 18
75	84 19
75	84 20
75	83 20
75	85 20
75	79 38
75	84 1
75	84 2
75	84 3
75	84 4
75	83 4
75	85 18
75	79 522
75	83 4
75	85 2
75	79 206
75	83 4
75	85 4
75	79 53
75	84 5
75	84 6
75	83 6
75	85 6
75	79 46
75	84 7
75	84 8
75	83 8
75	85 8
75	79 39
75	84 9
75	84 10
75	83 10
75	85 10
75	79 47
75	84 11
75	84 12
75	83 12
75	85 12
75	79 38
75	84 13
75	84 14
75	83 14
75	85 14
75	79 41
75	84 15
75	84 16
75	83 16
75	85 16
75	79 47
75	84 17
75	84 18
75	83 18
75	85 18
75	79 40
75	84 19
75	84 20
75	83 20
75	85 20
75	79 41
75	84 1
75	84 2
75	83 2
75	85 2
75	79 39
75	84 3
75	84 4
75	83 4
75	85 4
75	79 43
75	84 5
75	84 6
75	83 6
75	85 6
75	79 42
75	84 7
75	84 8
75	83 8
75	85 8
75	79 54
75	84 9
75	84 10
75	83 10
75	85 10
75	79 41
75	84 11
75	84 12
75	83 12
75	85 12
75	79 42
75	84 13
75	84 14
75	83 14
75	85 14
75	79 36
75	84 15
75	84 16
75	83 16
75	85 16
75	79 42
75	84 17
75	84 18
75	83 18
75	85 18
75	79 45
75	84 19
75	84 20
75	83 20
75	85 20
75	79 44
75	84 1
75	84 2
75	83 2
75	85 2
75	79 46
75	84 3
75	84 4
75	83 4
75	85 4
75	79 41
75	84 5
75	84 6
75	83 6
75	85 6
75	79 36
75	84 7
75	84 8
75	83 8
75	85 8
75	79 41
75	84 9
75	84 10
75	83 10
75	85 10
75	79 33
75	84 11
75	84 12
75	83 12
75	85 12
75	79 38
75	84 13
75	84 14
75	83 14
75	85 14
75	79 45
75	84 15
75	84 16
75	83 16
75	85 16
75	79 41
75	84 17
75	84 18
75	83 18
75	85 18
75	79 38
75	84 19
75	84 20
75	83 20
75	85 20
75	79 41
75	84 1
75	84 2
75	83 2
75	85 2
75	79 37
75	84 3
75	84 4
75	83 4
75	85 4
75	79 38
75	84 5
75	84 6
75	83 6
75	85 6
75	79 41
75	84 7
75	84 8
75	83 8
75	85 8
75	79 41
75	84 9
75	84 10
75	83 10
75	85 10
75	79 40
75	84 11
75	84 12
75	83 12
75	85 12
75	79 41
75	84 13
75	84 14
75	83 14
75	85 14
75	79 38
75	84 15
75	84 16
75	83 16
75	85 16
75	79 37
75	84 17
75	84 18
75	83 18
75	85 18
75	79 43
75	84 19
75	84 20
75	83 20
75	85 20
75	79 38
75	84 1
75	84 2
75	83 2
75	85 2
75	79 35
75	84 3
75	84 4
75	83 4
75	85 4
75	79 53
75	84 5
75	84 6
75	83 6
75	85 6
75	79 43
75	84 7
75	84 8
75	83 8
75	85 8
75	79 47
75	84 9
75	84 10
75	83 10
75	85 10
75	79 40
75	84 11
75	84 12
75	83 12
75	85 12
75	79 38
75	84 13
75	84 14
75	83 14
75	85 14
75	79 40
75	84 15
75	84 16
75	83 16
75	85 16
75	79 39
75	84 17
75	84 18
75	83 18
75	85 18
75	79 38
75	84 19
75	84 20
75	83 20
75	85 20
75	79 47
75	84 1
75	84 2
75	83 2
75	85 2
75	79 37
75	84 3
75	84 4
75	83 4
75	85 4
75	79 47
75	84 5
75	84 6
75	83 6
75	85 6
75	79 42
75	84 7
75	84 8
75	83 8
75	85 8
75	79 48
75	84 9
75	84 10
75	83 10
75	85 10
75	79 42
75	84 11
75	84 12
75	83 12
75	85 12
75	79 40
75	84 13
75	84 14
75	83 14
75	85 14
75	79 44
75	84 15
75	84 16
75	83 16
75	85 16
75	79 39
75	84 17
75	84 18
75	83 18
75	85 18
75	79 53
75	84 19
75	84 20
75	84 1
75	84 2
75	83 2
75	85 20
75	79 204
75	83 2
75	85 2
75	79 44
75	84 3
75	84 4
75	83 4
75	85 4
75	79 49
75	84 5
75	84 6
75	83 6
75	85 6
75	79 40
75	84 7
75	84 8
75	83 8
75	85 8
75	79 41
75	84 9
75	84 10
75	TEST_NUMBER 5
75	SENT_TOTAL 250
75	RECEIVED_TOTAL 120
75	TIME_TOTAL 19679
75	RECEIVED_RADIO_1 60
75	RECEIVED_RADIO_2 60
75	SENT_RADIO_1 124
75	SENT_RADIO_2 126
75	RADIO_TIME_1 19843
75	RADIO_TIME_2 19718
75	RETRANSMISSIONS_1 1
75	RETRANSMISSIONS_2 0
75	DROPPED_1 0
75	DROPPED_2 0
75	MAX_QUEUE 1
75	DUPLICATED_1 0
75	DUPLICATED_2 0
75	EBUSY_RADIO_1 0
75	EBUSY_RADIO_2 0
75	83 0
75	85 10
75	86 5
75	84 1
75	84 2
75	83 2
75	85 2
75	79 44
75	84 3
75	84 4
75	83 4
75	85 4
75	79 40
75	84 5
75	84 6
75	83 6
75	85 6
75	79 40
75	84 7
75	84 8
75	83 8
75	85 8
75	79 39
75	84 9
75	84 10
75	83 10
75	85 10
75	79 38
75	84 11
75	84 12
75	83 12
75	85 12
75	79 44
75	84 13
75	84 14
75	83 14
75	85 14
75	79 41
75	84 15
75	84 16
75	83 16
75	85 16
75	79 38
75	84 17
75	84 18
75	83 18
75	85 18
75	79 39
75	84 19
75	84 20
75	83 20
75	85 20
75	79 45
75	84 1
75	84 2
75	83 2
75	85 2
75	79 34
75	84 3
75	84 4
75	83 4
75	85 4
75	79 42
75	84 5
75	84 6
75	83 6
75	85 6
75	79 40
75	84 7
75	84 8
75	83 8
75	85 8
75	79 39
75	84 9
75	84 10
75	83 10
75	85 10
75	79 44
75	84 11
75	84 12
75	83 12
75	85 12
75	79 41
75	84 13
75	84 14
75	84 15
75	84 16
75	83 16
75	85 16
75	79 39
75	84 17
75	84 18
75	83 18
75	85 18
75	79 40
75	84 19
75	84 20
75	83 20
75	85 20
75	79 44
75	84 1
75	84 2
75	83 2
75	85 2
75	79 40
75	84 3
75	84 4
75	83 4
75	85 4
75	79 41
75	84 5
75	84 6
75	83 6
75	85 6
75	79 39
75	84 7
75	84 8
75	83 8
75	85 8
75	79 41
75	84 9
75	84 10
75	83 10
75	85 10
75	79 40
75	84 11
75	84 12
75	83 12
75	85 12
75	79 42
75	84 13
75	84 14
75	83 14
75	85 14
75	79 35
75	84 15
75	84 16
75	83 16
75	85 16
75	79 38
75	84 17
75	84 18
75	83 18
75	85 18
75	79 39
75	84 19
75	84 20
75	83 20
75	85 20
75	79 46
75	84 1
75	84 2
75	83 2
75	85 2
75	79 40
75	84 3
75	84 4
75	83 4
75	85 4
75	79 42
75	84 5
75	84 6
75	83 6
75	85 6
75	79 45
75	84 7
75	84 8
75	83 8
75	85 8
75	79 42
75	84 9
75	84 10
75	83 10
75	85 10
75	79 37
75	84 11
75	84 12
75	83 12
75	85 12
75	79 39
75	84 13
75	84 14
75	83 14
75	85 14
75	79 40
75	84 15
75	84 16
75	83 16
75	85 16
75	79 44
75	84 17
75	84 18
75	83 18
75	85 18
75	79 34
75	84 19
75	84 20
75	83 20
75	85 20
75	79 41
75	84 1
75	84 2
75	83 2
75	85 2
75	79 39
75	84 3
75	84 4
75	83 4
75	85 4
75	79 42
75	84 5
75	84 6
75	83 6
75	85 6
75	79 40
75	84 7
75	84 8
75	83 8
75	85 8
75	79 47
75	84 9
75	84 10
75	83 10
75	85 10
75	79 37
75	84 11
75	84 12
75	83 12
75	85 12
75	79 44
75	84 13
75	84 14
75	83 14
75	85 14
75	79 35
75	84 15
75	84 16
75	83 16
75	85 16
75	79 44
75	84 17
75	84 18
75	83 18
75	85 18
75	79 33
75	84 19
75	84 20
75	83 20
75	85 20
75	79 37
75	84 1
75	84 2
75	83 2
75	85 2
75	79 46
75	84 3
75	84 4
75	83 4
75	85 4
75	79 38
75	84 5
75	84 6
75	83 6
75	85 6
75	79 43
75	84 7
75	84 8
75	83 8
75	85 8
75	79 42
75	84 9
75	84 10
75	83 10
75	85 10
75	79 36
75	84 11
75	84 12
75	83 12
75	85 12
75	79 35
75	84 13
75	84 14
75	83 14
75	85 14
75	79 43
75	84 15
75	84 16
75	83 16
75	85 16
75	79 43
75	84 17
75	84 18
75	83 18
75	85 18
75	79 42
75	84 19
75	84 20
75	83 20
75	85 20
75	79 36
75	84 1
75	84 2
75	83 2
75	85 2
75	79 44
75	84 3
75	84 4
75	83 4
75	85 4
75	79 41
75	84 5
75	84 6
75	83 6
75	85 6
75	79 42
75	84 7
75	84 8
75	83 8
75	85 8
75	79 35
75	84 9
75	84 10
75	83 10
75	85 10
75	79 37
75	84 11
75	84 12
75	83 12
75	85 12
75	79 40
75	84 13
75	84 14
75	83 14
75	85 14
75	79 40
75	84 15
75	84 16
75	83 16
75	85 16
75	79 48
75	84 17
75	84 18
75	83 18
75	85 18
75	79 39
75	84 19
75	84 20
75	83 20
75	85 20
75	79 45
75	84 1
75	84 2
75	83 2
75	85 2
75	79 43
75	84 3
75	84 4
75	83 4
75	85 4
75	79 46
75	84 5
75	84 6
75	83 6
75	85 6
75	79 47
75	84 7
75	84 8
75	83 8
75	85 8
75	79 41
75	84 9
75	84 10
75	83 10
75	85 10
75	79 34
75	84 11
75	84 12
75	83 12
75	85 12
75	79 34
75	84 13
75	84 14
75	83 14
75	85 14
75	79 39
75	84 15
75	84 16
75	83 16
75	85 16
75	79 44
75	84 17
75	84 18
75	83 18
75	85 18
75	79 38
75	84 19
75	84 20
75	83 20
75	85 20
75	79 43
75	84 1
75	84 2
75	84 3
75	84 4
75	83 4
75	85 2
75	79 199
75	83 4
75	85 4
75	79 50
75	84 5
75	84 6
75	83 6
75	85 6
75	79 36
75	84 7
75	84 8
75	83 8
75	85 8
75	79 41
75	84 9
75	84 10
75	83 10
75	85 10
75	79 40
75	84 11
75	84 12
75	83 12
75	85 12
75	79 45
75	84 13
75	84 14
75	83 14
75	85 14
75	79 38
75	84 15
75	84 16
75	83 16
75	85 16
75	79 46
75	84 17
75	84 18
75	83 18
75	85 18
75	79 47
75	84 19
75	84 20
75	83 20
75	85 20
75	79 42
75	84 1
75	84 2
75	84 3
75	84 4
75	83 4
75	85 2
75	79 199
75	83 4
75	85 4
75	79 49
75	84 5
75	84 6
75	83 6
75	85 6
75	79 37
75	84 7
75	84 8
75	83 8
75	85 8
75	79 42
75	84 9
75	84 10
75	83 10
75	85 10
75	79 38
75	84 11
75	84 12
75	83 12
75	85 12
75	79 41
75	84 13
75	84 14
75	83 14
75	85 14
75	79 38
75	84 15
75	84 16
75	83 16
75	85 16
75	79 42
75	84 17
75	84 18
75	83 18
75	85 18
75	79 39
75	84 19
75	84 20
75	83 20
75	85 20
75	79 45
75	84 1
75	84 2
75	83 2
75	85 2
75	79 40
75	84 3
75	84 4
75	83 4
75	85 4
75	79 43
75	84 5
75	84 6
75	83 6
75	85 6
75	79 41
75	84 7
75	84 8
75	83 8
75	85 8
75	79 41
75	84 9
75	84 10
75	83 10
75	85 10
75	79 41
75	84 11
75	84 12
75	83 12
75	85 12
75	79 36
75	84 13
75	84 14
75	83 14
75	85 14
75	79 44
75	84 15
75	84 16
75	83 16
75	85 16
75	79 45
75	84 17
75	84 18
75	83 18
75	85 18
75	79 42
75	84 19
75	84 20
75	83 20
75	85 20
75	79 45
75	84 1
75	84 2
75	83 2
75	85 2
75	79 36
75	84 3
75	84 4
75	83 4
75	85 4
75	79 39
75	84 5
75	84 6
75	83 6
75	85 6
75	79 36
75	84 7
75	84 8
75	83 8
75	85 8
75	79 42
75	84 9
75	84 10
75	83 10
75	85 10
75	79 43
75	84 11
75	84 12
75	83 12
75	85 12
75	79 39
75	84 13
75	84 14
75	83 14
75	85 14
75	79 41
75	84 15
75	84 16
75	83 16
75	85 16
75	79 36
75	84 17
75	84 18
75	83 18
75	85 18
75	79 41
75	84 19
75	84 20
75	83 20
75	85 20
75	79 38
75	84 1
75	84 2
75	83 2
75	85 2
75	79 40
75	84 3
75	84 4
75	83 4
75	85 4
75	79 46
75	84 5
75	84 6
75	83 6
75	85 6
75	79 40
75	84 7
75	84 8
75	83 8
75	85 8
75	79 40
75	84 9
75	84 10
75	TEST_NUMBER 6
75	SENT_TOTAL 250
75	RECEIVED_TOTAL 123
75	TIME_TOTAL 29723
75	RECEIVED_RADIO_1 63
75	RECEIVED_RADIO_2 61
75	SENT_RADIO_1 125
75	SENT_RADIO_2 125
75	RADIO_TIME_1 29842
75	RADIO_TIME_2 19763
75	RETRANSMISSIONS_1 0
75	RETRANSMISSIONS_2 0
75	DROPPED_1 0
75	DROPPED_2 0
75	MAX_QUEUE 1
75	DUPLICATED_1 0
75	DUPLICATED_2 0
75	EBUSY_RADIO_1 0
75	EBUSY_RADIO_2 0
75	83 0
75	85 10
75	86 6
