
1	RELAY_NODE 1
1	TEST_NUMBER 0
1	SENT_TOTAL 0
1	RECEIVED_TOTAL 0
1	TIME_TOTAL 0
1	RECEIVED_RADIO_1 124
1	RECEIVED_RADIO_2 125
1	SENT_RADIO_1 125
1	SENT_RADIO_2 124
1	RADIO_TIME_1 19765
1	RADIO_TIME_2 19765
1	RETRANSMISSIONS_1 0
1	RETRANSMISSIONS_2 0
1	DROPPED_1 0
1	DROPPED_2 0
1	MAX_QUEUE 1
1	DUPLICATED_1 0
1	DUPLICATED_2 0
1	EBUSY_RADIO_1 0
1	EBUSY_RADIO_2 0
1	TEST_NUMBER 1
1	SENT_TOTAL 0
1	RECEIVED_TOTAL 0
1	TIME_TOTAL 0
1	RECEIVED_RADIO_1 123
1	RECEIVED_RADIO_2 125
1	SENT_RADIO_1 125
1	SENT_RADIO_2 123
1	RADIO_TIME_1 19809
1	RADIO_TIME_2 19809
1	RETRANSMISSIONS_1 0
1	RETRANSMISSIONS_2 0
1	DROPPED_1 0
1	DROPPED_2 0
1	MAX_QUEUE 1
1	DUPLICATED_1 0
1	DUPLICATED_2 0
1	EBUSY_RADIO_1 0
1	EBUSY_RADIO_2 0
1	TEST_NUMBER 2
1	SENT_TOTAL 0
1	RECEIVED_TOTAL 0
1	TIME_TOTAL 0
1	RECEIVED_RADIO_1 121
1	RECEIVED_RADIO_2 125
1	SENT_RADIO_1 125
1	SENT_RADIO_2 121
1	RADIO_TIME_1 19843
1	RADIO_TIME_2 19843
1	RETRANSMISSIONS_1 0
1	RETRANSMISSIONS_2 0
1	DROPPED_1 0
1	DROPPED_2 0
1	MAX_QUEUE 1
1	DUPLICATED_1 0
1	DUPLICATED_2 0
1	EBUSY_RADIO_1 0
1	EBUSY_RADIO_2 0
1	TEST_NUMBER 3
1	SENT_TOTAL 0
1	RECEIVED_TOTAL 0
1	TIME_TOTAL 0
1	RECEIVED_RADIO_1 119
1	RECEIVED_RADIO_2 124
1	SENT_RADIO_1 124
1	SENT_RADIO_2 119
1	RADIO_TIME_1 19761
1	RADIO_TIME_2 19761
1	RETRANSMISSIONS_1 0
1	RETRANSMISSIONS_2 0
1	DROPPED_1 0
1	DROPPED_2 0
1	MAX_QUEUE 1
1	DUPLICATED_1 0
1	DUPLICATED_2 0
1	EBUSY_RADIO_1 0
1	EBUSY_RADIO_2 0
1	TEST_NUMBER 4
1	SENT_TOTAL 0
1	RECEIVED_TOTAL 0
1	TIME_TOTAL 0
1	RECEIVED_RADIO_1 122
1	RECEIVED_RADIO_2 125
1	SENT_RADIO_1 125
1	SENT_RADIO_2 122
1	RADIO_TIME_1 19810
1	RADIO_TIME_2 19810
1	RETRANSMISSIONS_1 0
1	RETRANSMISSIONS_2 0
1	DROPPED_1 0
1	DROPPED_2 0
1	MAX_QUEUE 1
1	DUPLICATED_1 0
1	DUPLICATED_2 0
1	EBUSY_RADIO_1 0
1	EBUSY_RADIO_2 0
1	TEST_NUMBER 5
1	SENT_TOTAL 0
1	RECEIVED_TOTAL 0
1	TIME_TOTAL 0
1	RECEIVED_RADIO_1 108
1	RECEIVED_RADIO_2 120
1	SENT_RADIO_1 120
1	SENT_RADIO_2 108
1	RADIO_TIME_1 19816
1	RADIO_TIME_2 19816
1	RETRANSMISSIONS_1 0
1	RETRANSMISSIONS_2 0
1	DROPPED_1 0
1	DROPPED_2 0
1	MAX_QUEUE 1
1	DUPLICATED_1 0
1	DUPLICATED_2 0
1	EBUSY_RADIO_1 0
1	EBUSY_RADIO_2 0
1	TEST_NUMBER 6
1	SENT_TOTAL 0
1	RECEIVED_TOTAL 0
1	TIME_TOTAL 0
1	RECEIVED_RADIO_1 125
1	RECEIVED_RADIO_2 125
1	SENT_RADIO_1 125
1	SENT_RADIO_2 125
1	RADIO_TIME_1 19818
1	RADIO_TIME_2 19818
1	RETRANSMISSIONS_1 0
1	RETRANSMISSIONS_2 0
1	DROPPED_1 0
1	DROPPED_2 0
1	MAX_QUEUE 1
1	DUPLICATED_1 0
1	DUPLICATED_2 0
1	EBUSY_RADIO_1 0
1	EBUSY_RADIO_2 0

2	SOURCE_NODE 2
2	84 1
2	83 1
2	85 1
2	79 29
2	84 2
2	83 2
2	85 2
2	79 29
2	84 3
2	83 3
2	85 3
2	79 43
2	84 4
2	83 4
2	85 4
2	79 40
2	84 5
2	83 5
2	85 5
2	79 38
2	84 6
2	83 6
2	85 6
2	79 49
2	84 7
2	83 7
2	85 7
2	79 49
2	84 8
2	83 8
2	85 8
2	79 46
2	84 9
2	83 9
2	85 9
2	79 41
2	84 10
2	83 10
2	85 10
2	79 41
2	84 11
2	83 11
2	85 11
2	79 41
2	84 12
2	83 12
2	85 12
2	79 48
2	84 13
2	83 13
2	85 13
2	79 46
2	84 14
2	83 14
2	85 14
2	79 43
2	84 15
2	83 15
2	85 15
2	79 51
2	84 16
2	83 16
2	85 16
2	79 46
2	84 17
2	83 17
2	85 17
2	79 39
2	84 18
2	83 18
2	85 18
2	79 46
2	84 19
2	83 19
2	85 19
2	79 43
2	84 20
2	83 20
2	85 20
2	79 49
2	84 1
2	83 1
2	85 1
2	79 51
2	84 2
2	83 2
2	85 2
2	79 48
2	84 3
2	83 3
2	85 3
2	79 43
2	84 4
2	83 4
2	85 4
2	79 44
2	84 5
2	83 5
2	85 5
2	79 40
2	84 6
2	83 6
2	85 6
2	79 43
2	84 7
2	83 7
2	85 7
2	79 47
2	84 8
2	83 8
2	85 8
2	79 42
2	84 9
2	83 9
2	85 9
2	79 44
2	84 10
2	83 10
2	85 10
2	79 36
2	84 11
2	83 11
2	85 11
2	79 49
2	84 12
2	83 12
2	85 12
2	79 49
2	84 13
2	83 13
2	85 13
2	79 47
2	84 14
2	83 14
2	85 14
2	79 43
2	84 15
2	83 15
2	85 15
2	79 42
2	84 16
2	83 16
2	85 16
2	79 47
2	84 17
2	83 17
2	85 17
2	79 46
2	84 18
2	83 18
2	85 18
2	79 44
2	84 19
2	83 19
2	85 19
2	79 46
2	84 20
2	83 20
2	85 20
2	79 50
2	84 1
2	83 1
2	85 1
2	79 44
2	84 2
2	83 2
2	85 2
2	79 39
2	84 3
2	83 3
2	85 3
2	79 40
2	84 4
2	83 4
2	85 4
2	79 43
2	84 5
2	83 5
2	85 5
2	79 48
2	84 6
2	83 6
2	85 6
2	79 48
2	84 7
2	83 7
2	85 7
2	79 41
2	84 8
2	83 8
2	85 8
2	79 35
2	84 9
2	83 9
2	85 9
2	79 47
2	84 10
2	83 10
2	85 10
2	79 47
2	84 11
2	83 11
2	85 11
2	79 46
2	84 12
2	83 12
2	85 12
2	79 45
2	84 13
2	83 13
2	85 13
2	79 46
2	84 14
2	83 14
2	85 14
2	79 42
2	84 15
2	83 15
2	85 15
2	79 44
2	84 16
2	83 16
2	85 16
2	79 48
2	84 17
2	83 17
2	85 17
2	79 40
2	84 18
2	83 18
2	85 18
2	79 48
2	84 19
2	83 19
2	85 19
2	79 43
2	84 20
2	83 20
2	85 20
2	79 43
2	84 1
2	83 1
2	85 1
2	79 44
2	84 2
2	83 2
2	85 2
2	79 50
2	84 3
2	83 3
2	85 3
2	79 43
2	84 4
2	83 4
2	85 4
2	79 39
2	84 5
2	83 5
2	85 5
2	79 42
2	84 6
2	83 6
2	85 6
2	79 49
2	84 7
2	83 7
2	85 7
2	79 46
2	84 8
2	83 8
2	85 8
2	79 45
2	84 9
2	83 9
2	85 9
2	79 48
2	84 10
2	83 10
2	85 10
2	79 49
2	84 11
2	83 11
2	85 11
2	79 42
2	84 12
2	83 12
2	85 12
2	79 51
2	84 13
2	83 13
2	85 13
2	79 41
2	84 14
2	83 14
2	85 14
2	79 45
2	84 15
2	83 15
2	85 15
2	79 38
2	84 16
2	83 16
2	85 16
2	79 42
2	84 17
2	83 17
2	85 17
2	79 44
2	84 18
2	83 18
2	85 18
2	79 44
2	84 19
2	83 19
2	85 19
2	79 40
2	84 20
2	83 20
2	85 20
2	79 40
2	84 1
2	83 1
2	85 1
2	79 42
2	84 2
2	83 2
2	85 2
2	79 49
2	84 3
2	83 3
2	85 3
2	79 45
2	84 4
2	83 4
2	85 4
2	79 41
2	84 5
2	83 5
2	85 5
2	79 43
2	84 6
2	83 6
2	85 6
2	79 44
2	84 7
2	83 7
2	85 7
2	79 37
2	84 8
2	83 8
2	85 8
2	79 40
2	84 9
2	83 9
2	85 9
2	79 44
2	84 10
2	83 10
2	85 10
2	79 48
2	84 11
2	83 11
2	85 11
2	79 46
2	84 12
2	83 12
2	85 12
2	79 39
2	84 13
2	83 13
2	85 13
2	79 43
2	84 14
2	83 14
2	85 14
2	79 50
2	84 15
2	83 15
2	85 15
2	79 37
2	84 16
2	83 16
2	85 16
2	79 47
2	84 17
2	83 17
2	85 17
2	79 44
2	84 18
2	83 18
2	85 18
2	79 50
2	84 19
2	83 19
2	85 19
2	79 43
2	84 20
2	83 20
2	85 20
2	79 47
2	84 1
2	83 1
2	85 1
2	79 50
2	84 2
2	83 2
2	85 2
2	79 49
2	84 3
2	83 3
2	85 3
2	79 44
2	84 4
2	83 4
2	85 4
2	79 54
2	84 5
2	83 5
2	85 5
2	79 45
2	84 6
2	83 6
2	85 6
2	79 48
2	84 7
2	83 7
2	85 7
2	79 42
2	84 8
2	83 8
2	85 8
2	79 44
2	84 9
2	83 9
2	85 9
2	79 36
2	84 10
2	83 10
2	85 10
2	79 39
2	84 11
2	83 11
2	85 11
2	79 49
2	84 12
2	83 12
2	85 12
2	79 41
2	84 13
2	83 13
2	85 13
2	79 41
2	84 14
2	83 14
2	85 14
2	79 42
2	84 15
2	83 15
2	85 15
2	79 48
2	84 16
2	83 16
2	85 16
2	79 46
2	84 17
2	83 17
2	85 17
2	79 38
2	84 18
2	83 18
2	85 18
2	79 50
2	84 19
2	83 19
2	85 19
2	79 41
2	84 20
2	83 20
2	85 20
2	79 49
2	84 1
2	83 1
2	85 1
2	79 39
2	84 2
2	83 2
2	85 2
2	79 45
2	84 3
2	83 3
2	85 3
2	79 46
2	84 4
2	83 4
2	85 4
2	79 49
2	84 5
2	83 5
2	85 5
2	79 40
2	84 6
2	83 6
2	85 6
2	79 48
2	84 7
2	84 8
2	83 8
2	85 8
2	79 45
2	84 9
2	83 9
2	85 9
2	79 42
2	84 10
2	83 10
2	85 10
2	79 42
2	84 11
2	83 11
2	85 11
2	79 38
2	84 12
2	83 12
2	85 12
2	79 49
2	84 13
2	83 13
2	85 13
2	79 47
2	84 14
2	83 14
2	85 14
2	79 44
2	84 15
2	83 15
2	85 15
2	79 47
2	84 16
2	83 16
2	85 16
2	79 47
2	84 17
2	83 17
2	85 17
2	79 40
2	84 18
2	83 18
2	85 18
2	79 49
2	84 19
2	83 19
2	85 19
2	79 41
2	84 20
2	83 20
2	85 20
2	79 38
2	84 1
2	83 1
2	85 1
2	79 47
2	84 2
2	83 2
2	85 2
2	79 43
2	84 3
2	83 3
2	85 3
2	79 42
2	84 4
2	83 4
2	85 4
2	79 52
2	84 5
2	83 5
2	85 5
2	79 46
2	84 6
2	83 6
2	85 6
2	79 47
2	84 7
2	83 7
2	85 7
2	79 40
2	84 8
2	83 8
2	85 8
2	79 45
2	84 9
2	83 9
2	85 9
2	79 50
2	84 10
2	83 10
2	85 10
2	79 51
2	84 11
2	83 11
2	85 11
2	79 38
2	84 12
2	83 12
2	85 12
2	79 48
2	84 13
2	83 13
2	85 13
2	79 45
2	84 14
2	83 14
2	85 14
2	79 41
2	84 15
2	83 15
2	85 15
2	79 50
2	84 16
2	83 16
2	85 16
2	79 45
2	84 17
2	83 17
2	85 17
2	79 47
2	84 18
2	83 18
2	85 18
2	79 46
2	84 19
2	83 19
2	85 19
2	79 43
2	84 20
2	83 20
2	85 20
2	79 39
2	84 1
2	83 1
2	85 1
2	79 42
2	84 2
2	84 3
2	83 3
2	85 3
2	79 39
2	84 4
2	83 4
2	85 4
2	79 44
2	84 5
2	83 5
2	85 5
2	79 46
2	84 6
2	83 6
2	85 6
2	79 39
2	84 7
2	83 7
2	85 7
2	79 41
2	84 8
2	83 8
2	85 8
2	79 45
2	84 9
2	83 9
2	85 9
2	79 48
2	84 10
2	83 10
2	85 10
2	79 44
2	84 11
2	83 11
2	85 11
2	79 45
2	84 12
2	83 12
2	85 12
2	79 42
2	84 13
2	83 13
2	85 13
2	79 45
2	84 14
2	83 14
2	85 14
2	79 43
2	84 15
2	83 15
2	85 15
2	79 38
2	84 16
2	83 16
2	85 16
2	79 45
2	84 17
2	83 17
2	85 17
2	79 39
2	84 18
2	83 18
2	85 18
2	79 52
2	84 19
2	83 19
2	85 19
2	79 43
2	84 20
2	83 20
2	85 20
2	79 43
2	84 1
2	83 1
2	85 1
2	79 49
2	84 2
2	83 2
2	85 2
2	79 50
2	84 3
2	83 3
2	85 3
2	79 43
2	84 4
2	83 4
2	85 4
2	79 38
2	84 5
2	83 5
2	85 5
2	79 49
2	84 6
2	83 6
2	85 6
2	79 39
2	84 7
2	83 7
2	85 7
2	79 43
2	84 8
2	83 8
2	85 8
2	79 44
2	84 9
2	83 9
2	85 9
2	79 48
2	84 10
2	83 10
2	85 10
2	79 45
2	84 11
2	83 11
2	85 11
2	79 40
2	84 12
2	83 12
2	85 12
2	79 40
2	84 13
2	83 13
2	85 13
2	79 47
2	84 14
2	83 14
2	85 14
2	79 42
2	84 15
2	83 15
2	85 15
2	79 41
2	84 16
2	83 16
2	85 16
2	79 42
2	84 17
2	83 17
2	85 17
2	79 43
2	84 18
2	83 18
2	85 18
2	79 44
2	84 19
2	83 19
2	85 19
2	79 50
2	84 20
2	83 20
2	85 20
2	79 53
2	84 1
2	83 1
2	85 1
2	79 37
2	84 2
2	83 2
2	85 2
2	79 43
2	84 3
2	83 3
2	85 3
2	79 46
2	84 4
2	83 4
2	85 4
2	79 43
2	84 5
2	83 5
2	85 5
2	79 45
2	84 6
2	83 6
2	85 6
2	79 44
2	84 7
2	83 7
2	85 7
2	79 43
2	84 8
2	83 8
2	85 8
2	79 45
2	84 9
2	83 9
2	85 9
2	79 43
2	84 10
2	83 10
2	85 10
2	79 44
2	84 11
2	83 11
2	85 11
2	79 49
2	84 12
2	83 12
2	85 12
2	79 43
2	84 13
2	83 13
2	85 13
2	79 42
2	84 14
2	83 14
2	85 14
2	79 42
2	84 15
2	83 15
2	85 15
2	79 43
2	84 16
2	83 16
2	85 16
2	79 50
2	84 17
2	83 17
2	85 17
2	79 43
2	84 18
2	83 18
2	85 18
2	79 45
2	84 19
2	83 19
2	85 19
2	79 39
2	84 20
2	83 20
2	85 20
2	79 39
2	84 1
2	83 1
2	85 1
2	79 47
2	84 2
2	83 2
2	85 2
2	79 43
2	84 3
2	83 3
2	85 3
2	79 43
2	84 4
2	83 4
2	85 4
2	79 49
2	84 5
2	83 5
2	85 5
2	79 42
2	84 6
2	83 6
2	85 6
2	79 46
2	84 7
2	83 7
2	85 7
2	79 39
2	84 8
2	83 8
2	85 8
2	79 44
2	84 9
2	83 9
2	85 9
2	79 50
2	84 10
2	83 10
2	85 10
2	79 37
2	84 11
2	83 11
2	85 11
2	79 35
2	84 12
2	83 12
2	85 12
2	79 40
2	84 13
2	83 13
2	85 13
2	79 48
2	84 14
2	84 15
2	83 15
2	85 15
2	79 46
2	84 16
2	83 16
2	85 16
2	79 50
2	84 17
2	83 17
2	85 17
2	79 46
2	84 18
2	83 18
2	85 18
2	79 45
2	84 19
2	83 19
2	85 19
2	79 44
2	84 20
2	83 20
2	85 20
2	79 43
2	84 1
2	83 1
2	85 1
2	79 42
2	84 2
2	83 2
2	85 2
2	79 43
2	84 3
2	83 3
2	85 3
2	79 40
2	84 4
2	83 4
2	85 4
2	79 43
2	84 5
2	83 5
2	85 5
2	79 42
2	84 6
2	83 6
2	85 6
2	79 41
2	84 7
2	83 7
2	85 7
2	79 43
2	84 8
2	83 8
2	85 8
2	79 41
2	84 9
2	83 9
2	85 9
2	79 41
2	84 10
2	TEST_NUMBER 0
2	SENT_TOTAL 250
2	RECEIVED_TOTAL 246
2	TIME_TOTAL 19775
2	RECEIVED_RADIO_1 122
2	RECEIVED_RADIO_2 124
2	SENT_RADIO_1 125
2	SENT_RADIO_2 124
2	RADIO_TIME_1 19763
2	RADIO_TIME_2 19763
2	RETRANSMISSIONS_1 0
2	RETRANSMISSIONS_2 0
2	DROPPED_1 0
2	DROPPED_2 0
2	MAX_QUEUE 1
2	DUPLICATED_1 0
2	DUPLICATED_2 0
2	EBUSY_RADIO_1 0
2	EBUSY_RADIO_2 0
2	83 0
2	85 10
2	86 0
2	84 1
2	83 1
2	85 1
2	79 45
2	84 2
2	83 2
2	85 2
2	79 43
2	84 3
2	83 3
2	85 3
2	79 44
2	84 4
2	83 4
2	85 4
2	79 38
2	84 5
2	83 5
2	85 5
2	79 44
2	84 6
2	83 6
2	85 6
2	79 41
2	84 7
2	83 7
2	85 7
2	79 44
2	84 8
2	83 8
2	85 8
2	79 40
2	84 9
2	83 9
2	85 9
2	79 44
2	84 10
2	83 10
2	85 10
2	79 46
2	84 11
2	83 11
2	85 11
2	79 42
2	84 12
2	83 12
2	85 12
2	79 49
2	84 13
2	83 13
2	85 13
2	79 41
2	84 14
2	83 14
2	85 14
2	79 43
2	84 15
2	83 15
2	85 15
2	79 41
2	84 16
2	84 17
2	83 17
2	85 17
2	79 48
2	84 18
2	83 18
2	85 18
2	79 47
2	84 19
2	83 19
2	85 19
2	79 48
2	84 20
2	83 20
2	85 20
2	79 44
2	84 1
2	83 1
2	85 1
2	79 46
2	84 2
2	83 2
2	85 2
2	79 42
2	84 3
2	83 3
2	85 3
2	79 45
2	84 4
2	83 4
2	85 4
2	79 41
2	84 5
2	83 5
2	85 5
2	79 37
2	84 6
2	83 6
2	85 6
2	79 44
2	84 7
2	83 7
2	85 7
2	79 43
2	84 8
2	83 8
2	85 8
2	79 41
2	84 9
2	83 9
2	85 9
2	79 43
2	84 10
2	83 10
2	85 10
2	79 46
2	84 11
2	83 11
2	85 11
2	79 43
2	84 12
2	83 12
2	85 12
2	79 43
2	84 13
2	83 13
2	85 13
2	79 40
2	84 14
2	83 14
2	85 14
2	79 42
2	84 15
2	83 15
2	85 15
2	79 42
2	84 16
2	83 16
2	85 16
2	79 43
2	84 17
2	83 17
2	85 17
2	79 46
2	84 18
2	83 18
2	85 18
2	79 42
2	84 19
2	83 19
2	85 19
2	79 47
2	84 20
2	83 20
2	85 20
2	79 46
2	84 1
2	83 1
2	85 1
2	79 43
2	84 2
2	83 2
2	85 2
2	79 44
2	84 3
2	83 3
2	85 3
2	79 46
2	84 4
2	83 4
2	85 4
2	79 41
2	84 5
2	83 5
2	85 5
2	79 40
2	84 6
2	83 6
2	85 6
2	79 49
2	84 7
2	84 8
2	83 8
2	85 8
2	79 43
2	84 9
2	83 9
2	85 9
2	79 47
2	84 10
2	83 10
2	85 10
2	79 48
2	84 11
2	83 11
2	85 11
2	79 54
2	84 12
2	83 12
2	85 12
2	79 45
2	84 13
2	83 13
2	85 13
2	79 49
2	84 14
2	83 14
2	85 14
2	79 46
2	84 15
2	83 15
2	85 15
2	79 43
2	84 16
2	83 16
2	85 16
2	79 38
2	84 17
2	83 17
2	85 17
2	79 43
2	84 18
2	83 18
2	85 18
2	79 36
2	84 19
2	83 19
2	85 19
2	79 41
2	84 20
2	83 20
2	85 20
2	79 43
2	84 1
2	83 1
2	85 1
2	79 46
2	84 2
2	83 2
2	85 2
2	79 50
2	84 3
2	83 3
2	85 3
2	79 45
2	84 4
2	83 4
2	85 4
2	79 42
2	84 5
2	83 5
2	85 5
2	79 42
2	84 6
2	83 6
2	85 6
2	79 47
2	84 7
2	83 7
2	85 7
2	79 47
2	84 8
2	83 8
2	85 8
2	79 44
2	84 9
2	83 9
2	85 9
2	79 35
2	84 10
2	83 10
2	85 10
2	79 38
2	84 11
2	83 11
2	85 11
2	79 35
2	84 12
2	83 12
2	85 12
2	79 45
2	84 13
2	83 13
2	85 13
2	79 40
2	84 14
2	83 14
2	85 14
2	79 44
2	84 15
2	83 15
2	85 15
2	79 49
2	84 16
2	83 16
2	85 16
2	79 45
2	84 17
2	83 17
2	85 17
2	79 47
2	84 18
2	83 18
2	85 18
2	79 44
2	84 19
2	83 19
2	85 19
2	79 41
2	84 20
2	83 20
2	85 20
2	79 49
2	84 1
2	83 1
2	85 1
2	79 46
2	84 2
2	83 2
2	85 2
2	79 48
2	84 3
2	83 3
2	85 3
2	79 42
2	84 4
2	83 4
2	85 4
2	79 46
2	84 5
2	83 5
2	85 5
2	79 46
2	84 6
2	83 6
2	85 6
2	79 47
2	84 7
2	83 7
2	85 7
2	79 45
2	84 8
2	83 8
2	85 8
2	79 45
2	84 9
2	83 9
2	85 9
2	79 40
2	84 10
2	83 10
2	85 10
2	79 47
2	84 11
2	83 11
2	85 11
2	79 40
2	84 12
2	83 12
2	85 12
2	79 40
2	84 13
2	83 13
2	85 13
2	79 50
2	84 14
2	83 14
2	85 14
2	79 45
2	84 15
2	83 15
2	85 15
2	79 41
2	84 16
2	83 16
2	85 16
2	79 40
2	84 17
2	83 17
2	85 17
2	79 43
2	84 18
2	83 18
2	85 18
2	79 41
2	84 19
2	83 19
2	85 19
2	79 42
2	84 20
2	83 20
2	85 20
2	79 43
2	84 1
2	83 1
2	85 1
2	79 49
2	84 2
2	83 2
2	85 2
2	79 42
2	84 3
2	83 3
2	85 3
2	79 44
2	84 4
2	84 5
2	83 5
2	85 5
2	79 46
2	84 6
2	83 6
2	85 6
2	79 44
2	84 7
2	83 7
2	85 7
2	79 45
2	84 8
2	83 8
2	85 8
2	79 46
2	84 9
2	83 9
2	85 9
2	79 41
2	84 10
2	83 10
2	85 10
2	79 41
2	84 11
2	83 11
2	85 11
2	79 47
2	84 12
2	83 12
2	85 12
2	79 44
2	84 13
2	83 13
2	85 13
2	79 45
2	84 14
2	83 14
2	85 14
2	79 47
2	84 15
2	83 15
2	85 15
2	79 40
2	84 16
2	83 16
2	85 16
2	79 49
2	84 17
2	83 17
2	85 17
2	79 39
2	84 18
2	83 18
2	85 18
2	79 48
2	84 19
2	83 19
2	85 19
2	79 42
2	84 20
2	83 20
2	85 20
2	79 44
2	84 1
2	83 1
2	85 1
2	79 38
2	84 2
2	83 2
2	85 2
2	79 37
2	84 3
2	83 3
2	85 3
2	79 46
2	84 4
2	83 4
2	85 4
2	79 42
2	84 5
2	83 5
2	85 5
2	79 33
2	84 6
2	83 6
2	85 6
2	79 48
2	84 7
2	83 7
2	85 7
2	79 38
2	84 8
2	83 8
2	85 8
2	79 43
2	84 9
2	83 9
2	85 9
2	79 43
2	84 10
2	83 10
2	85 10
2	79 45
2	84 11
2	83 11
2	85 11
2	79 42
2	84 12
2	83 12
2	85 12
2	79 42
2	84 13
2	83 13
2	85 13
2	79 42
2	84 14
2	83 14
2	85 14
2	79 49
2	84 15
2	83 15
2	85 15
2	79 46
2	84 16
2	83 16
2	85 16
2	79 39
2	84 17
2	83 17
2	85 17
2	79 42
2	84 18
2	83 18
2	85 18
2	79 51
2	84 19
2	83 19
2	85 19
2	79 45
2	84 20
2	83 20
2	85 20
2	79 50
2	84 1
2	83 1
2	85 1
2	79 44
2	84 2
2	83 2
2	85 2
2	79 48
2	84 3
2	83 3
2	85 3
2	79 46
2	84 4
2	83 4
2	85 4
2	79 46
2	84 5
2	83 5
2	85 5
2	79 38
2	84 6
2	83 6
2	85 6
2	79 49
2	84 7
2	83 7
2	85 7
2	79 43
2	84 8
2	83 8
2	85 8
2	79 35
2	84 9
2	84 10
2	83 10
2	85 10
2	79 34
2	84 11
2	83 11
2	85 11
2	79 43
2	84 12
2	83 12
2	85 12
2	79 46
2	84 13
2	83 13
2	85 13
2	79 51
2	84 14
2	83 14
2	85 14
2	79 47
2	84 15
2	83 15
2	85 15
2	79 47
2	84 16
2	83 16
2	85 16
2	79 42
2	84 17
2	83 17
2	85 17
2	79 40
2	84 18
2	83 18
2	85 18
2	79 51
2	84 19
2	83 19
2	85 19
2	79 41
2	84 20
2	83 20
2	85 20
2	79 49
2	84 1
2	83 1
2	85 1
2	79 42
2	84 2
2	83 2
2	85 2
2	79 40
2	84 3
2	83 3
2	85 3
2	79 41
2	84 4
2	83 4
2	85 4
2	79 42
2	84 5
2	83 5
2	85 5
2	79 39
2	84 6
2	83 6
2	85 6
2	79 42
2	84 7
2	83 7
2	85 7
2	79 44
2	84 8
2	83 8
2	85 8
2	79 53
2	84 9
2	83 9
2	85 9
2	79 36
2	84 10
2	83 10
2	85 10
2	79 44
2	84 11
2	83 11
2	85 11
2	79 41
2	84 12
2	83 12
2	85 12
2	79 43
2	84 13
2	83 13
2	85 13
2	79 43
2	84 14
2	83 14
2	85 14
2	79 46
2	84 15
2	83 15
2	85 15
2	79 41
2	84 16
2	84 17
2	83 17
2	85 17
2	79 44
2	84 18
2	83 18
2	85 18
2	79 50
2	84 19
2	83 19
2	85 19
2	79 40
2	84 20
2	83 20
2	85 20
2	79 47
2	84 1
2	83 1
2	85 1
2	79 44
2	84 2
2	83 2
2	85 2
2	79 42
2	84 3
2	83 3
2	85 3
2	79 45
2	84 4
2	83 4
2	85 4
2	79 49
2	84 5
2	83 5
2	85 5
2	79 50
2	84 6
2	84 7
2	83 7
2	85 7
2	79 40
2	84 8
2	83 8
2	85 8
2	79 41
2	84 9
2	83 9
2	85 9
2	79 39
2	84 10
2	83 10
2	85 10
2	79 36
2	84 11
2	83 11
2	85 11
2	79 48
2	84 12
2	83 12
2	85 12
2	79 42
2	84 13
2	83 13
2	85 13
2	79 39
2	84 14
2	83 14
2	85 14
2	79 52
2	84 15
2	83 15
2	85 15
2	79 51
2	84 16
2	83 16
2	85 16
2	79 47
2	84 17
2	83 17
2	85 17
2	79 44
2	84 18
2	83 18
2	85 18
2	79 41
2	84 19
2	83 19
2	85 19
2	79 50
2	84 20
2	83 20
2	85 20
2	79 41
2	84 1
2	83 1
2	85 1
2	79 48
2	84 2
2	83 2
2	85 2
2	79 36
2	84 3
2	83 3
2	85 3
2	79 39
2	84 4
2	83 4
2	85 4
2	79 45
2	84 5
2	83 5
2	85 5
2	79 42
2	84 6
2	83 6
2	85 6
2	79 41
2	84 7
2	83 7
2	85 7
2	79 43
2	84 8
2	83 8
2	85 8
2	79 50
2	84 9
2	83 9
2	85 9
2	79 50
2	84 10
2	83 10
2	85 10
2	79 40
2	84 11
2	83 11
2	85 11
2	79 38
2	84 12
2	83 12
2	85 12
2	79 44
2	84 13
2	83 13
2	85 13
2	79 46
2	84 14
2	83 14
2	85 14
2	79 46
2	84 15
2	83 15
2	85 15
2	79 50
2	84 16
2	83 16
2	85 16
2	79 44
2	84 17
2	83 17
2	85 17
2	79 42
2	84 18
2	83 18
2	85 18
2	79 46
2	84 19
2	83 19
2	85 19
2	79 38
2	84 20
2	83 20
2	85 20
2	79 45
2	84 1
2	83 1
2	85 1
2	79 44
2	84 2
2	83 2
2	85 2
2	79 39
2	84 3
2	83 3
2	85 3
2	79 44
2	84 4
2	83 4
2	85 4
2	79 42
2	84 5
2	83 5
2	85 5
2	79 42
2	84 6
2	83 6
2	85 6
2	79 42
2	84 7
2	83 7
2	85 7
2	79 42
2	84 8
2	83 8
2	85 8
2	79 42
2	84 9
2	83 9
2	85 9
2	79 39
2	84 10
2	83 10
2	85 10
2	79 46
2	84 11
2	83 11
2	85 11
2	79 40
2	84 12
2	83 12
2	85 12
2	79 45
2	84 13
2	83 13
2	85 13
2	79 41
2	84 14
2	83 14
2	85 14
2	79 45
2	84 15
2	83 15
2	85 15
2	79 45
2	84 16
2	83 16
2	85 16
2	79 44
2	84 17
2	83 17
2	85 17
2	79 44
2	84 18
2	83 18
2	85 18
2	79 40
2	84 19
2	83 19
2	85 19
2	79 38
2	84 20
2	83 20
2	85 20
2	79 48
2	84 1
2	83 1
2	85 1
2	79 45
2	84 2
2	83 2
2	85 2
2	79 41
2	84 3
2	83 3
2	85 3
2	79 40
2	84 4
2	83 4
2	85 4
2	79 45
2	84 5
2	83 5
2	85 5
2	79 44
2	84 6
2	83 6
2	85 6
2	79 49
2	84 7
2	83 7
2	85 7
2	79 48
2	84 8
2	83 8
2	85 8
2	79 38
2	84 9
2	83 9
2	85 9
2	79 45
2	84 10
2	TEST_NUMBER 1
2	SENT_TOTAL 250
2	RECEIVED_TOTAL 243
2	TIME_TOTAL 29807
2	RECEIVED_RADIO_1 121
2	RECEIVED_RADIO_2 123
2	SENT_RADIO_1 125
2	SENT_RADIO_2 125
2	RADIO_TIME_1 29762
2	RADIO_TIME_2 19798
2	RETRANSMISSIONS_1 0
2	RETRANSMISSIONS_2 0
2	DROPPED_1 0
2	DROPPED_2 0
2	MAX_QUEUE 1
2	DUPLICATED_1 0
2	DUPLICATED_2 0
2	EBUSY_RADIO_1 0
2	EBUSY_RADIO_2 0
2	83 0
2	85 10
2	86 1
2	84 1
2	83 1
2	85 1
2	79 42
2	84 2
2	83 2
2	85 2
2	79 43
2	84 3
2	84 4
2	83 4
2	85 4
2	79 44
2	84 5
2	84 6
2	83 6
2	85 6
2	79 42
2	84 7
2	83 7
2	85 7
2	79 53
2	84 8
2	83 8
2	85 8
2	79 41
2	84 9
2	83 9
2	85 9
2	79 49
2	84 10
2	83 10
2	85 10
2	79 44
2	84 11
2	84 12
2	83 12
2	85 12
2	79 42
2	84 13
2	83 13
2	85 13
2	79 47
2	84 14
2	83 14
2	85 14
2	79 41
2	84 15
2	83 15
2	85 15
2	79 42
2	84 16
2	83 16
2	85 16
2	79 48
2	84 17
2	83 17
2	85 17
2	79 41
2	84 18
2	83 18
2	85 18
2	79 40
2	84 19
2	83 19
2	85 19
2	79 36
2	84 20
2	83 20
2	85 20
2	79 42
2	84 1
2	83 1
2	85 1
2	79 44
2	84 2
2	83 2
2	85 2
2	79 42
2	84 3
2	84 4
2	83 4
2	85 4
2	79 46
2	84 5
2	83 5
2	85 5
2	79 45
2	84 6
2	84 7
2	83 7
2	85 7
2	79 45
2	84 8
2	84 9
2	83 9
2	85 9
2	79 49
2	84 10
2	83 10
2	85 10
2	79 44
2	84 11
2	83 11
2	85 11
2	79 43
2	84 12
2	84 13
2	83 13
2	85 13
2	79 46
2	84 14
2	83 14
2	85 14
2	79 36
2	84 15
2	83 15
2	85 15
2	79 44
2	84 16
2	83 16
2	85 16
2	79 38
2	84 17
2	83 17
2	85 17
2	79 42
2	84 18
2	83 18
2	85 18
2	79 49
2	84 19
2	83 19
2	85 19
2	79 41
2	84 20
2	83 20
2	85 20
2	79 47
2	84 1
2	83 1
2	85 1
2	79 46
2	84 2
2	84 3
2	83 3
2	85 3
2	79 47
2	84 4
2	83 4
2	85 4
2	79 35
2	84 5
2	83 5
2	85 5
2	79 40
2	84 6
2	83 6
2	85 6
2	79 43
2	84 7
2	83 7
2	85 7
2	79 44
2	84 8
2	84 9
2	83 9
2	85 9
2	79 44
2	84 10
2	83 10
2	85 10
2	79 46
2	84 11
2	83 11
2	85 11
2	79 39
2	84 12
2	83 12
2	85 12
2	79 41
2	84 13
2	83 13
2	85 13
2	79 38
2	84 14
2	84 15
2	83 15
2	85 15
2	79 47
2	84 16
2	83 16
2	85 16
2	79 38
2	84 17
2	83 17
2	85 17
2	79 40
2	84 18
2	83 18
2	85 18
2	79 52
2	84 19
2	83 19
2	85 19
2	79 48
2	84 20
2	83 20
2	85 20
2	79 51
2	84 1
2	83 1
2	85 1
2	79 49
2	84 2
2	83 2
2	85 2
2	79 40
2	84 3
2	83 3
2	85 3
2	79 47
2	84 4
2	83 4
2	85 4
2	79 39
2	84 5
2	83 5
2	85 5
2	79 42
2	84 6
2	83 6
2	85 6
2	79 47
2	84 7
2	83 7
2	85 7
2	79 41
2	84 8
2	83 8
2	85 8
2	79 44
2	84 9
2	83 9
2	85 9
2	79 46
2	84 10
2	83 10
2	85 10
2	79 50
2	84 11
2	83 11
2	85 11
2	79 37
2	84 12
2	83 12
2	85 12
2	79 40
2	84 13
2	83 13
2	85 13
2	79 38
2	84 14
2	83 14
2	85 14
2	79 42
2	84 15
2	83 15
2	85 15
2	79 47
2	84 16
2	84 17
2	83 17
2	85 17
2	79 42
2	84 18
2	83 18
2	85 18
2	79 45
2	84 19
2	83 19
2	85 19
2	79 47
2	84 20
2	83 20
2	85 20
2	79 47
2	84 1
2	83 1
2	85 1
2	79 42
2	84 2
2	84 3
2	83 3
2	85 3
2	79 43
2	84 4
2	83 4
2	85 4
2	79 43
2	84 5
2	83 5
2	85 5
2	79 38
2	84 6
2	83 6
2	85 6
2	79 48
2	84 7
2	83 7
2	85 7
2	79 43
2	84 8
2	83 8
2	85 8
2	79 49
2	84 9
2	83 9
2	85 9
2	79 39
2	84 10
2	84 11
2	83 11
2	85 11
2	79 39
2	84 12
2	83 12
2	85 12
2	79 42
2	84 13
2	83 13
2	85 13
2	79 43
2	84 14
2	83 14
2	85 14
2	79 44
2	84 15
2	83 15
2	85 15
2	79 48
2	84 16
2	84 17
2	83 17
2	85 17
2	79 43
2	84 18
2	83 18
2	85 18
2	79 50
2	84 19
2	83 19
2	85 19
2	79 40
2	84 20
2	83 20
2	85 20
2	79 40
2	84 1
2	83 1
2	85 1
2	79 42
2	84 2
2	83 2
2	85 2
2	79 45
2	84 3
2	83 3
2	85 3
2	79 41
2	84 4
2	83 4
2	85 4
2	79 47
2	84 5
2	83 5
2	85 5
2	79 46
2	84 6
2	83 6
2	85 6
2	79 43
2	84 7
2	83 7
2	85 7
2	79 50
2	84 8
2	83 8
2	85 8
2	79 42
2	84 9
2	83 9
2	85 9
2	79 46
2	84 10
2	84 11
2	83 11
2	85 11
2	79 48
2	84 12
2	83 12
2	85 12
2	79 47
2	84 13
2	83 13
2	85 13
2	79 46
2	84 14
2	83 14
2	85 14
2	79 46
2	84 15
2	83 15
2	85 15
2	79 47
2	84 16
2	83 16
2	85 16
2	79 46
2	84 17
2	83 17
2	85 17
2	79 48
2	84 18
2	83 18
2	85 18
2	79 41
2	84 19
2	83 19
2	85 19
2	79 48
2	84 20
2	83 20
2	85 20
2	79 45
2	84 1
2	83 1
2	85 1
2	79 42
2	84 2
2	83 2
2	85 2
2	79 44
2	84 3
2	83 3
2	85 3
2	79 43
2	84 4
2	83 4
2	85 4
2	79 39
2	84 5
2	83 5
2	85 5
2	79 44
2	84 6
2	83 6
2	85 6
2	79 39
2	84 7
2	83 7
2	85 7
2	79 42
2	84 8
2	83 8
2	85 8
2	79 49
2	84 9
2	83 9
2	85 9
2	79 39
2	84 10
2	84 11
2	83 11
2	85 11
2	79 42
2	84 12
2	83 12
2	85 12
2	79 39
2	84 13
2	83 13
2	85 13
2	79 48
2	84 14
2	83 14
2	85 14
2	79 46
2	84 15
2	83 15
2	85 15
2	79 41
2	84 16
2	83 16
2	85 16
2	79 47
2	84 17
2	83 17
2	85 17
2	79 42
2	84 18
2	83 18
2	85 18
2	79 35
2	84 19
2	83 19
2	85 19
2	79 45
2	84 20
2	83 20
2	85 20
2	79 41
2	84 1
2	83 1
2	85 1
2	79 46
2	84 2
2	83 2
2	85 2
2	79 40
2	84 3
2	83 3
2	85 3
2	79 43
2	84 4
2	84 5
2	83 5
2	85 5
2	79 44
2	84 6
2	84 7
2	83 7
2	85 7
2	79 43
2	84 8
2	83 8
2	85 8
2	79 48
2	84 9
2	83 9
2	85 9
2	79 39
2	84 10
2	84 11
2	83 11
2	85 11
2	79 39
2	84 12
2	83 12
2	85 12
2	79 46
2	84 13
2	83 13
2	85 13
2	79 37
2	84 14
2	83 14
2	85 14
2	79 49
2	84 15
2	83 15
2	85 15
2	79 41
2	84 16
2	83 16
2	85 16
2	79 42
2	84 17
2	83 17
2	85 17
2	79 45
2	84 18
2	83 18
2	85 18
2	79 41
2	84 19
2	83 19
2	85 19
2	79 44
2	84 20
2	83 20
2	85 20
2	79 46
2	84 1
2	83 1
2	85 1
2	79 42
2	84 2
2	83 2
2	85 2
2	79 46
2	84 3
2	83 3
2	85 3
2	79 46
2	84 4
2	83 4
2	85 4
2	79 42
2	84 5
2	83 5
2	85 5
2	79 38
2	84 6
2	83 6
2	85 6
2	79 48
2	84 7
2	83 7
2	85 7
2	79 40
2	84 8
2	83 8
2	85 8
2	79 45
2	84 9
2	83 9
2	85 9
2	79 47
2	84 10
2	83 10
2	85 10
2	79 41
2	84 11
2	83 11
2	85 11
2	79 45
2	84 12
2	83 12
2	85 12
2	79 40
2	84 13
2	83 13
2	85 13
2	79 41
2	84 14
2	83 14
2	85 14
2	79 48
2	84 15
2	83 15
2	85 15
2	79 46
2	84 16
2	83 16
2	85 16
2	79 47
2	84 17
2	83 17
2	85 17
2	79 45
2	84 18
2	84 19
2	83 19
2	85 19
2	79 48
2	84 20
2	83 20
2	85 20
2	79 47
2	84 1
2	83 1
2	85 1
2	79 36
2	84 2
2	83 2
2	85 2
2	79 47
2	84 3
2	83 3
2	85 3
2	79 49
2	84 4
2	83 4
2	85 4
2	79 45
2	84 5
2	83 5
2	85 5
2	79 45
2	84 6
2	84 7
2	83 7
2	85 7
2	79 47
2	84 8
2	84 9
2	83 9
2	85 9
2	79 46
2	84 10
2	83 10
2	85 10
2	79 41
2	84 11
2	83 11
2	85 11
2	79 44
2	84 12
2	83 12
2	85 12
2	79 46
2	84 13
2	83 13
2	85 13
2	79 48
2	84 14
2	84 15
2	83 15
2	85 15
2	79 44
2	84 16
2	83 16
2	85 16
2	79 42
2	84 17
2	83 17
2	85 17
2	79 44
2	84 18
2	83 18
2	85 18
2	79 41
2	84 19
2	84 20
2	84 1
2	83 1
2	85 1
2	79 44
2	84 2
2	83 2
2	85 2
2	79 47
2	84 3
2	83 3
2	85 3
2	79 47
2	84 4
2	83 4
2	85 4
2	79 47
2	84 5
2	84 6
2	83 6
2	85 6
2	79 44
2	84 7
2	83 7
2	85 7
2	79 46
2	84 8
2	83 8
2	85 8
2	79 43
2	84 9
2	84 10
2	83 10
2	85 10
2	79 34
2	84 11
2	83 11
2	85 11
2	79 39
2	84 12
2	83 12
2	85 12
2	79 49
2	84 13
2	83 13
2	85 13
2	79 43
2	84 14
2	83 14
2	85 14
2	79 43
2	84 15
2	83 15
2	85 15
2	79 45
2	84 16
2	83 16
2	85 16
2	79 47
2	84 17
2	83 17
2	85 17
2	79 47
2	84 18
2	84 19
2	83 19
2	85 19
2	79 43
2	84 20
2	84 1
2	83 1
2	85 1
2	79 46
2	84 2
2	83 2
2	85 2
2	79 41
2	84 3
2	83 3
2	85 3
2	79 45
2	84 4
2	83 4
2	85 4
2	79 46
2	84 5
2	83 5
2	85 5
2	79 45
2	84 6
2	83 6
2	85 6
2	79 41
2	84 7
2	83 7
2	85 7
2	79 40
2	84 8
2	84 9
2	83 9
2	85 9
2	79 44
2	84 10
2	83 10
2	85 10
2	79 42
2	84 11
2	83 11
2	85 11
2	79 39
2	84 12
2	83 12
2	85 12
2	79 40
2	84 13
2	83 13
2	85 13
2	79 47
2	84 14
2	83 14
2	85 14
2	79 42
2	84 15
2	83 15
2	85 15
2	79 42
2	84 16
2	83 16
2	85 16
2	79 40
2	84 17
2	83 17
2	85 17
2	79 40
2	84 18
2	83 18
2	85 18
2	79 46
2	84 19
2	83 19
2	85 19
2	79 51
2	84 20
2	83 20
2	85 20
2	79 34
2	84 1
2	83 1
2	85 1
2	79 49
2	84 2
2	83 2
2	85 2
2	79 36
2	84 3
2	83 3
2	85 3
2	79 46
2	84 4
2	83 4
2	85 4
2	79 41
2	84 5
2	84 6
2	83 6
2	85 6
2	79 41
2	84 7
2	84 8
2	83 8
2	85 8
2	79 42
2	84 9
2	83 9
2	85 9
2	79 47
2	84 10
2	TEST_NUMBER 2
2	SENT_TOTAL 250
2	RECEIVED_TOTAL 217
2	TIME_TOTAL 29814
2	RECEIVED_RADIO_1 98
2	RECEIVED_RADIO_2 120
2	SENT_RADIO_1 125
2	SENT_RADIO_2 125
2	RADIO_TIME_1 29814
2	RADIO_TIME_2 19801
2	RETRANSMISSIONS_1 0
2	RETRANSMISSIONS_2 0
2	DROPPED_1 0
2	DROPPED_2 0
2	MAX_QUEUE 1
2	DUPLICATED_1 0
2	DUPLICATED_2 0
2	EBUSY_RADIO_1 0
2	EBUSY_RADIO_2 0
2	83 0
2	85 10
2	86 2
2	84 1
2	83 1
2	85 1
2	79 42
2	84 2
2	83 2
2	85 2
2	79 50
2	84 3
2	84 4
2	83 4
2	85 4
2	79 44
2	84 5
2	83 5
2	85 5
2	79 42
2	84 6
2	83 6
2	85 6
2	79 44
2	84 7
2	84 8
2	84 9
2	83 9
2	85 9
2	79 43
2	84 10
2	83 10
2	85 10
2	79 49
2	84 11
2	83 11
2	85 11
2	79 48
2	84 12
2	83 12
2	85 12
2	79 44
2	84 13
2	83 13
2	85 13
2	79 47
2	84 14
2	83 14
2	85 14
2	79 36
2	84 15
2	83 15
2	85 15
2	79 42
2	84 16
2	83 16
2	85 16
2	79 46
2	84 17
2	83 17
2	85 17
2	79 45
2	84 18
2	83 18
2	85 18
2	79 44
2	84 19
2	83 19
2	85 19
2	79 45
2	84 20
2	83 20
2	85 20
2	79 40
2	84 1
2	83 1
2	85 1
2	79 43
2	84 2
2	84 3
2	83 3
2	85 3
2	79 42
2	84 4
2	83 4
2	85 4
2	79 43
2	84 5
2	83 5
2	85 5
2	79 42
2	84 6
2	83 6
2	85 6
2	79 40
2	84 7
2	83 7
2	85 7
2	79 37
2	84 8
2	83 8
2	85 8
2	79 46
2	84 9
2	83 9
2	85 9
2	79 43
2	84 10
2	83 10
2	85 10
2	79 41
2	84 11
2	83 11
2	85 11
2	79 49
2	84 12
2	83 12
2	85 12
2	79 47
2	84 13
2	83 13
2	85 13
2	79 47
2	84 14
2	83 14
2	85 14
2	79 42
2	84 15
2	83 15
2	85 15
2	79 42
2	84 16
2	83 16
2	85 16
2	79 42
2	84 17
2	84 18
2	83 18
2	85 18
2	79 43
2	84 19
2	83 19
2	85 19
2	79 46
2	84 20
2	83 20
2	85 20
2	79 43
2	84 1
2	83 1
2	85 1
2	79 43
2	84 2
2	83 2
2	85 2
2	79 45
2	84 3
2	83 3
2	85 3
2	79 48
2	84 4
2	83 4
2	85 4
2	79 45
2	84 5
2	83 5
2	85 5
2	79 46
2	84 6
2	84 7
2	83 7
2	85 7
2	79 41
2	84 8
2	83 8
2	85 8
2	79 42
2	84 9
2	83 9
2	85 9
2	79 40
2	84 10
2	83 10
2	85 10
2	79 42
2	84 11
2	83 11
2	85 11
2	79 41
2	84 12
2	83 12
2	85 12
2	79 41
2	84 13
2	83 13
2	85 13
2	79 48
2	84 14
2	83 14
2	85 14
2	79 44
2	84 15
2	83 15
2	85 15
2	79 49
2	84 16
2	84 17
2	83 17
2	85 17
2	79 41
2	84 18
2	83 18
2	85 18
2	79 47
2	84 19
2	84 20
2	83 20
2	85 20
2	79 44
2	84 1
2	83 1
2	85 1
2	79 49
2	84 2
2	83 2
2	85 2
2	79 47
2	84 3
2	84 4
2	83 4
2	85 4
2	79 46
2	84 5
2	83 5
2	85 5
2	79 52
2	84 6
2	83 6
2	85 6
2	79 41
2	84 7
2	83 7
2	85 7
2	79 42
2	84 8
2	84 9
2	83 9
2	85 9
2	79 43
2	84 10
2	83 10
2	85 10
2	79 43
2	84 11
2	83 11
2	85 11
2	79 39
2	84 12
2	83 12
2	85 12
2	79 37
2	84 13
2	83 13
2	85 13
2	79 40
2	84 14
2	83 14
2	85 14
2	79 43
2	84 15
2	83 15
2	85 15
2	79 45
2	84 16
2	83 16
2	85 16
2	79 42
2	84 17
2	83 17
2	85 17
2	79 40
2	84 18
2	83 18
2	85 18
2	79 41
2	84 19
2	83 19
2	85 19
2	79 38
2	84 20
2	83 20
2	85 20
2	79 44
2	84 1
2	83 1
2	85 1
2	79 48
2	84 2
2	83 2
2	85 2
2	79 44
2	84 3
2	83 3
2	85 3
2	79 45
2	84 4
2	83 4
2	85 4
2	79 43
2	84 5
2	83 5
2	85 5
2	79 43
2	84 6
2	84 7
2	83 7
2	85 7
2	79 41
2	84 8
2	83 8
2	85 8
2	79 42
2	84 9
2	83 9
2	85 9
2	79 47
2	84 10
2	83 10
2	85 10
2	79 40
2	84 11
2	83 11
2	85 11
2	79 43
2	84 12
2	83 12
2	85 12
2	79 39
2	84 13
2	83 13
2	85 13
2	79 40
2	84 14
2	83 14
2	85 14
2	79 45
2	84 15
2	83 15
2	85 15
2	79 46
2	84 16
2	84 17
2	83 17
2	85 17
2	79 42
2	84 18
2	83 18
2	85 18
2	79 40
2	84 19
2	83 19
2	85 19
2	79 47
2	84 20
2	83 20
2	85 20
2	79 43
2	84 1
2	83 1
2	85 1
2	79 49
2	84 2
2	83 2
2	85 2
2	79 39
2	84 3
2	83 3
2	85 3
2	79 45
2	84 4
2	83 4
2	85 4
2	79 43
2	84 5
2	83 5
2	85 5
2	79 42
2	84 6
2	83 6
2	85 6
2	79 45
2	84 7
2	83 7
2	85 7
2	79 43
2	84 8
2	83 8
2	85 8
2	79 45
2	84 9
2	83 9
2	85 9
2	79 37
2	84 10
2	83 10
2	85 10
2	79 43
2	84 11
2	83 11
2	85 11
2	79 41
2	84 12
2	83 12
2	85 12
2	79 43
2	84 13
2	83 13
2	85 13
2	79 39
2	84 14
2	83 14
2	85 14
2	79 40
2	84 15
2	83 15
2	85 15
2	79 44
2	84 16
2	83 16
2	85 16
2	79 36
2	84 17
2	83 17
2	85 17
2	79 43
2	84 18
2	83 18
2	85 18
2	79 42
2	84 19
2	83 19
2	85 19
2	79 35
2	84 20
2	83 20
2	85 20
2	79 44
2	84 1
2	83 1
2	85 1
2	79 42
2	84 2
2	83 2
2	85 2
2	79 42
2	84 3
2	83 3
2	85 3
2	79 41
2	84 4
2	83 4
2	85 4
2	79 45
2	84 5
2	83 5
2	85 5
2	79 45
2	84 6
2	83 6
2	85 6
2	79 47
2	84 7
2	83 7
2	85 7
2	79 41
2	84 8
2	83 8
2	85 8
2	79 43
2	84 9
2	83 9
2	85 9
2	79 43
2	84 10
2	83 10
2	85 10
2	79 40
2	84 11
2	83 11
2	85 11
2	79 38
2	84 12
2	83 12
2	85 12
2	79 39
2	84 13
2	83 13
2	85 13
2	79 50
2	84 14
2	83 14
2	85 14
2	79 42
2	84 15
2	83 15
2	85 15
2	79 42
2	84 16
2	83 16
2	85 16
2	79 45
2	84 17
2	83 17
2	85 17
2	79 38
2	84 18
2	83 18
2	85 18
2	79 42
2	84 19
2	83 19
2	85 19
2	79 43
2	84 20
2	83 20
2	85 20
2	79 40
2	84 1
2	83 1
2	85 1
2	79 44
2	84 2
2	83 2
2	85 2
2	79 38
2	84 3
2	83 3
2	85 3
2	79 43
2	84 4
2	83 4
2	85 4
2	79 39
2	84 5
2	83 5
2	85 5
2	79 42
2	84 6
2	83 6
2	85 6
2	79 41
2	84 7
2	83 7
2	85 7
2	79 49
2	84 8
2	83 8
2	85 8
2	79 48
2	84 9
2	83 9
2	85 9
2	79 46
2	84 10
2	83 10
2	85 10
2	79 42
2	84 11
2	83 11
2	85 11
2	79 39
2	84 12
2	83 12
2	85 12
2	79 43
2	84 13
2	83 13
2	85 13
2	79 41
2	84 14
2	83 14
2	85 14
2	79 47
2	84 15
2	83 15
2	85 15
2	79 43
2	84 16
2	83 16
2	85 16
2	79 40
2	84 17
2	83 17
2	85 17
2	79 42
2	84 18
2	83 18
2	85 18
2	79 46
2	84 19
2	83 19
2	85 19
2	79 50
2	84 20
2	83 20
2	85 20
2	79 40
2	84 1
2	83 1
2	85 1
2	79 42
2	84 2
2	83 2
2	85 2
2	79 46
2	84 3
2	83 3
2	85 3
2	79 40
2	84 4
2	83 4
2	85 4
2	79 43
2	84 5
2	83 5
2	85 5
2	79 40
2	84 6
2	83 6
2	85 6
2	79 41
2	84 7
2	83 7
2	85 7
2	79 49
2	84 8
2	83 8
2	85 8
2	79 48
2	84 9
2	83 9
2	85 9
2	79 46
2	84 10
2	83 10
2	85 10
2	79 39
2	84 11
2	83 11
2	85 11
2	79 37
2	84 12
2	83 12
2	85 12
2	79 43
2	84 13
2	83 13
2	85 13
2	79 45
2	84 14
2	83 14
2	85 14
2	79 44
2	84 15
2	83 15
2	85 15
2	79 46
2	84 16
2	83 16
2	85 16
2	79 38
2	84 17
2	83 17
2	85 17
2	79 39
2	84 18
2	83 18
2	85 18
2	79 48
2	84 19
2	83 19
2	85 19
2	79 52
2	84 20
2	83 20
2	85 20
2	79 46
2	84 1
2	83 1
2	85 1
2	79 47
2	84 2
2	83 2
2	85 2
2	79 42
2	84 3
2	83 3
2	85 3
2	79 49
2	84 4
2	83 4
2	85 4
2	79 45
2	84 5
2	83 5
2	85 5
2	79 50
2	84 6
2	83 6
2	85 6
2	79 45
2	84 7
2	83 7
2	85 7
2	79 47
2	84 8
2	83 8
2	85 8
2	79 42
2	84 9
2	83 9
2	85 9
2	79 47
2	84 10
2	83 10
2	85 10
2	79 46
2	84 11
2	83 11
2	85 11
2	79 46
2	84 12
2	83 12
2	85 12
2	79 41
2	84 13
2	83 13
2	85 13
2	79 49
2	84 14
2	83 14
2	85 14
2	79 36
2	84 15
2	83 15
2	85 15
2	79 44
2	84 16
2	83 16
2	85 16
2	79 44
2	84 17
2	83 17
2	85 17
2	79 43
2	84 18
2	83 18
2	85 18
2	79 43
2	84 19
2	83 19
2	85 19
2	79 46
2	84 20
2	83 20
2	85 20
2	79 43
2	84 1
2	83 1
2	85 1
2	79 46
2	84 2
2	83 2
2	85 2
2	79 43
2	84 3
2	83 3
2	85 3
2	79 42
2	84 4
2	83 4
2	85 4
2	79 44
2	84 5
2	83 5
2	85 5
2	79 43
2	84 6
2	83 6
2	85 6
2	79 40
2	84 7
2	83 7
2	85 7
2	79 47
2	84 8
2	83 8
2	85 8
2	79 42
2	84 9
2	83 9
2	85 9
2	79 43
2	84 10
2	83 10
2	85 10
2	79 42
2	84 11
2	83 11
2	85 11
2	79 46
2	84 12
2	83 12
2	85 12
2	79 52
2	84 13
2	83 13
2	85 13
2	79 43
2	84 14
2	83 14
2	85 14
2	79 41
2	84 15
2	83 15
2	85 15
2	79 41
2	84 16
2	83 16
2	85 16
2	79 43
2	84 17
2	83 17
2	85 17
2	79 42
2	84 18
2	83 18
2	85 18
2	79 37
2	84 19
2	83 19
2	85 19
2	79 41
2	84 20
2	83 20
2	85 20
2	79 39
2	84 1
2	83 1
2	85 1
2	79 41
2	84 2
2	83 2
2	85 2
2	79 45
2	84 3
2	83 3
2	85 3
2	79 38
2	84 4
2	83 4
2	85 4
2	79 41
2	84 5
2	83 5
2	85 5
2	79 43
2	84 6
2	83 6
2	85 6
2	79 44
2	84 7
2	83 7
2	85 7
2	79 46
2	84 8
2	83 8
2	85 8
2	79 46
2	84 9
2	83 9
2	85 9
2	79 53
2	84 10
2	83 10
2	85 10
2	79 50
2	84 11
2	83 11
2	85 11
2	79 46
2	84 12
2	83 12
2	85 12
2	79 44
2	84 13
2	83 13
2	85 13
2	79 44
2	84 14
2	83 14
2	85 14
2	79 45
2	84 15
2	83 15
2	85 15
2	79 42
2	84 16
2	83 16
2	85 16
2	79 44
2	84 17
2	83 17
2	85 17
2	79 44
2	84 18
2	83 18
2	85 18
2	79 35
2	84 19
2	83 19
2	85 19
2	79 40
2	84 20
2	83 20
2	85 20
2	79 39
2	84 1
2	83 1
2	85 1
2	79 40
2	84 2
2	83 2
2	85 2
2	79 47
2	84 3
2	83 3
2	85 3
2	79 45
2	84 4
2	83 4
2	85 4
2	79 39
2	84 5
2	83 5
2	85 5
2	79 42
2	84 6
2	83 6
2	85 6
2	79 39
2	84 7
2	83 7
2	85 7
2	79 46
2	84 8
2	83 8
2	85 8
2	79 44
2	84 9
2	83 9
2	85 9
2	79 42
2	84 10
2	TEST_NUMBER 3
2	SENT_TOTAL 250
2	RECEIVED_TOTAL 237
2	TIME_TOTAL 29805
2	RECEIVED_RADIO_1 118
2	RECEIVED_RADIO_2 120
2	SENT_RADIO_1 125
2	SENT_RADIO_2 125
2	RADIO_TIME_1 19763
2	RADIO_TIME_2 29842
2	RETRANSMISSIONS_1 0
2	RETRANSMISSIONS_2 0
2	DROPPED_1 0
2	DROPPED_2 0
2	MAX_QUEUE 1
2	DUPLICATED_1 0
2	DUPLICATED_2 0
2	EBUSY_RADIO_1 0
2	EBUSY_RADIO_2 0
2	83 0
2	85 10
2	86 3
2	84 1
2	83 1
2	85 1
2	79 46
2	84 2
2	83 2
2	85 2
2	79 40
2	84 3
2	83 3
2	85 3
2	79 40
2	84 4
2	83 4
2	85 4
2	79 46
2	84 5
2	83 5
2	85 5
2	79 39
2	84 6
2	83 6
2	85 6
2	79 41
2	84 7
2	83 7
2	85 7
2	79 46
2	84 8
2	83 8
2	85 8
2	79 43
2	84 9
2	83 9
2	85 9
2	79 47
2	84 10
2	83 10
2	85 10
2	79 44
2	84 11
2	83 11
2	85 11
2	79 43
2	84 12
2	83 12
2	85 12
2	79 41
2	84 13
2	84 14
2	83 14
2	85 14
2	79 44
2	84 15
2	83 15
2	85 15
2	79 44
2	84 16
2	83 16
2	85 16
2	79 46
2	84 17
2	83 17
2	85 17
2	79 46
2	84 18
2	83 18
2	85 18
2	79 41
2	84 19
2	83 19
2	85 19
2	79 39
2	84 20
2	83 20
2	85 20
2	79 49
2	84 1
2	83 1
2	85 1
2	79 42
2	84 2
2	83 2
2	85 2
2	79 47
2	84 3
2	83 3
2	85 3
2	79 42
2	84 4
2	83 4
2	85 4
2	79 43
2	84 5
2	83 5
2	85 5
2	79 50
2	84 6
2	83 6
2	85 6
2	79 45
2	84 7
2	83 7
2	85 7
2	79 44
2	84 8
2	83 8
2	85 8
2	79 44
2	84 9
2	83 9
2	85 9
2	79 41
2	84 10
2	83 10
2	85 10
2	79 43
2	84 11
2	83 11
2	85 11
2	79 50
2	84 12
2	83 12
2	85 12
2	79 39
2	84 13
2	83 13
2	85 13
2	79 47
2	84 14
2	83 14
2	85 14
2	79 41
2	84 15
2	83 15
2	85 15
2	79 40
2	84 16
2	83 16
2	85 16
2	79 55
2	84 17
2	83 17
2	85 17
2	79 37
2	84 18
2	83 18
2	85 18
2	79 41
2	84 19
2	83 19
2	85 19
2	79 40
2	84 20
2	83 20
2	85 20
2	79 47
2	84 1
2	83 1
2	85 1
2	79 41
2	84 2
2	83 2
2	85 2
2	79 41
2	84 3
2	83 3
2	85 3
2	79 46
2	84 4
2	83 4
2	85 4
2	79 47
2	84 5
2	83 5
2	85 5
2	79 42
2	84 6
2	83 6
2	85 6
2	79 41
2	84 7
2	83 7
2	85 7
2	79 44
2	84 8
2	83 8
2	85 8
2	79 48
2	84 9
2	83 9
2	85 9
2	79 50
2	84 10
2	83 10
2	85 10
2	79 46
2	84 11
2	83 11
2	85 11
2	79 47
2	84 12
2	83 12
2	85 12
2	79 41
2	84 13
2	83 13
2	85 13
2	79 45
2	84 14
2	83 14
2	85 14
2	79 37
2	84 15
2	83 15
2	85 15
2	79 42
2	84 16
2	83 16
2	85 16
2	79 46
2	84 17
2	83 17
2	85 17
2	79 44
2	84 18
2	83 18
2	85 18
2	79 40
2	84 19
2	83 19
2	85 19
2	79 46
2	84 20
2	83 20
2	85 20
2	79 38
2	84 1
2	83 1
2	85 1
2	79 40
2	84 2
2	83 2
2	85 2
2	79 43
2	84 3
2	83 3
2	85 3
2	79 45
2	84 4
2	83 4
2	85 4
2	79 42
2	84 5
2	83 5
2	85 5
2	79 41
2	84 6
2	83 6
2	85 6
2	79 48
2	84 7
2	83 7
2	85 7
2	79 43
2	84 8
2	83 8
2	85 8
2	79 47
2	84 9
2	83 9
2	85 9
2	79 48
2	84 10
2	83 10
2	85 10
2	79 44
2	84 11
2	83 11
2	85 11
2	79 46
2	84 12
2	83 12
2	85 12
2	79 44
2	84 13
2	83 13
2	85 13
2	79 44
2	84 14
2	83 14
2	85 14
2	79 44
2	84 15
2	83 15
2	85 15
2	79 41
2	84 16
2	83 16
2	85 16
2	79 45
2	84 17
2	83 17
2	85 17
2	79 40
2	84 18
2	83 18
2	85 18
2	79 48
2	84 19
2	83 19
2	85 19
2	79 48
2	84 20
2	83 20
2	85 20
2	79 40
2	84 1
2	83 1
2	85 1
2	79 38
2	84 2
2	83 2
2	85 2
2	79 44
2	84 3
2	83 3
2	85 3
2	79 42
2	84 4
2	83 4
2	85 4
2	79 48
2	84 5
2	83 5
2	85 5
2	79 46
2	84 6
2	83 6
2	85 6
2	79 40
2	84 7
2	83 7
2	85 7
2	79 44
2	84 8
2	83 8
2	85 8
2	79 42
2	84 9
2	83 9
2	85 9
2	79 40
2	84 10
2	83 10
2	85 10
2	79 47
2	84 11
2	83 11
2	85 11
2	79 43
2	84 12
2	83 12
2	85 12
2	79 41
2	84 13
2	83 13
2	85 13
2	79 49
2	84 14
2	83 14
2	85 14
2	79 42
2	84 15
2	83 15
2	85 15
2	79 41
2	84 16
2	83 16
2	85 16
2	79 45
2	84 17
2	83 17
2	85 17
2	79 41
2	84 18
2	83 18
2	85 18
2	79 43
2	84 19
2	83 19
2	85 19
2	79 45
2	84 20
2	83 20
2	85 20
2	79 39
2	84 1
2	83 1
2	85 1
2	79 42
2	84 2
2	83 2
2	85 2
2	79 36
2	84 3
2	83 3
2	85 3
2	79 34
2	84 4
2	83 4
2	85 4
2	79 46
2	84 5
2	83 5
2	85 5
2	79 46
2	84 6
2	83 6
2	85 6
2	79 41
2	84 7
2	83 7
2	85 7
2	79 40
2	84 8
2	83 8
2	85 8
2	79 40
2	84 9
2	83 9
2	85 9
2	79 44
2	84 10
2	83 10
2	85 10
2	79 43
2	84 11
2	83 11
2	85 11
2	79 39
2	84 12
2	83 12
2	85 12
2	79 44
2	84 13
2	84 14
2	83 14
2	85 14
2	79 45
2	84 15
2	83 15
2	85 15
2	79 43
2	84 16
2	83 16
2	85 16
2	79 47
2	84 17
2	83 17
2	85 17
2	79 46
2	84 18
2	83 18
2	85 18
2	79 43
2	84 19
2	83 19
2	85 19
2	79 46
2	84 20
2	83 20
2	85 20
2	79 42
2	84 1
2	83 1
2	85 1
2	79 44
2	84 2
2	83 2
2	85 2
2	79 43
2	84 3
2	83 3
2	85 3
2	79 37
2	84 4
2	83 4
2	85 4
2	79 49
2	84 5
2	83 5
2	85 5
2	79 37
2	84 6
2	83 6
2	85 6
2	79 43
2	84 7
2	83 7
2	85 7
2	79 44
2	84 8
2	83 8
2	85 8
2	79 47
2	84 9
2	83 9
2	85 9
2	79 46
2	84 10
2	83 10
2	85 10
2	79 47
2	84 11
2	83 11
2	85 11
2	79 50
2	84 12
2	83 12
2	85 12
2	79 35
2	84 13
2	83 13
2	85 13
2	79 45
2	84 14
2	83 14
2	85 14
2	79 52
2	84 15
2	83 15
2	85 15
2	79 40
2	84 16
2	83 16
2	85 16
2	79 43
2	84 17
2	83 17
2	85 17
2	79 45
2	84 18
2	83 18
2	85 18
2	79 38
2	84 19
2	83 19
2	85 19
2	79 41
2	84 20
2	83 20
2	85 20
2	79 45
2	84 1
2	83 1
2	85 1
2	79 43
2	84 2
2	83 2
2	85 2
2	79 43
2	84 3
2	83 3
2	85 3
2	79 48
2	84 4
2	83 4
2	85 4
2	79 41
2	84 5
2	83 5
2	85 5
2	79 44
2	84 6
2	84 7
2	83 7
2	85 7
2	79 47
2	84 8
2	83 8
2	85 8
2	79 36
2	84 9
2	83 9
2	85 9
2	79 46
2	84 10
2	83 10
2	85 10
2	79 47
2	84 11
2	83 11
2	85 11
2	79 42
2	84 12
2	83 12
2	85 12
2	79 45
2	84 13
2	83 13
2	85 13
2	79 46
2	84 14
2	83 14
2	85 14
2	79 41
2	84 15
2	83 15
2	85 15
2	79 39
2	84 16
2	83 16
2	85 16
2	79 46
2	84 17
2	83 17
2	85 17
2	79 45
2	84 18
2	83 18
2	85 18
2	79 40
2	84 19
2	83 19
2	85 19
2	79 47
2	84 20
2	83 20
2	85 20
2	79 46
2	84 1
2	83 1
2	85 1
2	79 42
2	84 2
2	83 2
2	85 2
2	79 47
2	84 3
2	83 3
2	85 3
2	79 51
2	84 4
2	83 4
2	85 4
2	79 46
2	84 5
2	83 5
2	85 5
2	79 42
2	84 6
2	83 6
2	85 6
2	79 43
2	84 7
2	83 7
2	85 7
2	79 45
2	84 8
2	83 8
2	85 8
2	79 51
2	84 9
2	83 9
2	85 9
2	79 41
2	84 10
2	83 10
2	85 10
2	79 55
2	84 11
2	83 11
2	85 11
2	79 43
2	84 12
2	83 12
2	85 12
2	79 46
2	84 13
2	83 13
2	85 13
2	79 43
2	84 14
2	83 14
2	85 14
2	79 43
2	84 15
2	83 15
2	85 15
2	79 44
2	84 16
2	83 16
2	85 16
2	79 47
2	84 17
2	83 17
2	85 17
2	79 40
2	84 18
2	83 18
2	85 18
2	79 41
2	84 19
2	83 19
2	85 19
2	79 48
2	84 20
2	83 20
2	85 20
2	79 41
2	84 1
2	84 2
2	83 2
2	85 2
2	79 42
2	84 3
2	83 3
2	85 3
2	79 42
2	84 4
2	83 4
2	85 4
2	79 46
2	84 5
2	83 5
2	85 5
2	79 43
2	84 6
2	83 6
2	85 6
2	79 45
2	84 7
2	83 7
2	85 7
2	79 38
2	84 8
2	83 8
2	85 8
2	79 50
2	84 9
2	83 9
2	85 9
2	79 46
2	84 10
2	83 10
2	85 10
2	79 44
2	84 11
2	83 11
2	85 11
2	79 39
2	84 12
2	83 12
2	85 12
2	79 41
2	84 13
2	83 13
2	85 13
2	79 42
2	84 14
2	83 14
2	85 14
2	79 48
2	84 15
2	83 15
2	85 15
2	79 43
2	84 16
2	84 17
2	83 17
2	85 17
2	79 46
2	84 18
2	83 18
2	85 18
2	79 45
2	84 19
2	83 19
2	85 19
2	79 48
2	84 20
2	83 20
2	85 20
2	79 44
2	84 1
2	83 1
2	85 1
2	79 54
2	84 2
2	83 2
2	85 2
2	79 44
2	84 3
2	83 3
2	85 3
2	79 41
2	84 4
2	83 4
2	85 4
2	79 41
2	84 5
2	83 5
2	85 5
2	79 43
2	84 6
2	83 6
2	85 6
2	79 49
2	84 7
2	83 7
2	85 7
2	79 39
2	84 8
2	83 8
2	85 8
2	79 44
2	84 9
2	83 9
2	85 9
2	79 46
2	84 10
2	83 10
2	85 10
2	79 33
2	84 11
2	83 11
2	85 11
2	79 41
2	84 12
2	83 12
2	85 12
2	79 45
2	84 13
2	83 13
2	85 13
2	79 46
2	84 14
2	83 14
2	85 14
2	79 44
2	84 15
2	83 15
2	85 15
2	79 42
2	84 16
2	83 16
2	85 16
2	79 40
2	84 17
2	83 17
2	85 17
2	79 43
2	84 18
2	83 18
2	85 18
2	79 50
2	84 19
2	83 19
2	85 19
2	79 43
2	84 20
2	83 20
2	85 20
2	79 43
2	84 1
2	83 1
2	85 1
2	79 45
2	84 2
2	83 2
2	85 2
2	79 40
2	84 3
2	83 3
2	85 3
2	79 43
2	84 4
2	83 4
2	85 4
2	79 41
2	84 5
2	83 5
2	85 5
2	79 46
2	84 6
2	83 6
2	85 6
2	79 49
2	84 7
2	83 7
2	85 7
2	79 42
2	84 8
2	83 8
2	85 8
2	79 40
2	84 9
2	83 9
2	85 9
2	79 44
2	84 10
2	83 10
2	85 10
2	79 43
2	84 11
2	83 11
2	85 11
2	79 47
2	84 12
2	83 12
2	85 12
2	79 39
2	84 13
2	83 13
2	85 13
2	79 51
2	84 14
2	83 14
2	85 14
2	79 43
2	84 15
2	83 15
2	85 15
2	79 44
2	84 16
2	83 16
2	85 16
2	79 45
2	84 17
2	83 17
2	85 17
2	79 40
2	84 18
2	83 18
2	85 18
2	79 46
2	84 19
2	83 19
2	85 19
2	79 43
2	84 20
2	83 20
2	85 20
2	79 44
2	84 1
2	83 1
2	85 1
2	79 51
2	84 2
2	84 3
2	83 3
2	85 3
2	79 42
2	84 4
2	83 4
2	85 4
2	79 41
2	84 5
2	83 5
2	85 5
2	79 51
2	84 6
2	83 6
2	85 6
2	79 45
2	84 7
2	83 7
2	85 7
2	79 40
2	84 8
2	83 8
2	85 8
2	79 45
2	84 9
2	83 9
2	85 9
2	79 43
2	84 10
2	TEST_NUMBER 4
2	SENT_TOTAL 250
2	RECEIVED_TOTAL 243
2	TIME_TOTAL 29807
2	RECEIVED_RADIO_1 123
2	RECEIVED_RADIO_2 121
2	SENT_RADIO_1 125
2	SENT_RADIO_2 125
2	RADIO_TIME_1 29764
2	RADIO_TIME_2 19797
2	RETRANSMISSIONS_1 0
2	RETRANSMISSIONS_2 0
2	DROPPED_1 0
2	DROPPED_2 0
2	MAX_QUEUE 1
2	DUPLICATED_1 0
2	DUPLICATED_2 0
2	EBUSY_RADIO_1 0
2	EBUSY_RADIO_2 0
2	83 0
2	85 10
2	86 4
2	84 1
2	83 1
2	85 1
2	79 42
2	84 2
2	83 2
2	85 2
2	79 44
2	84 3
2	83 3
2	85 3
2	79 41
2	84 4
2	83 4
2	85 4
2	79 44
2	84 5
2	83 5
2	85 5
2	79 41
2	84 6
2	83 6
2	85 6
2	79 46
2	84 7
2	83 7
2	85 7
2	79 38
2	84 8
2	83 8
2	85 8
2	79 47
2	84 9
2	83 9
2	85 9
2	79 44
2	84 10
2	83 10
2	85 10
2	79 49
2	84 11
2	83 11
2	85 11
2	79 42
2	84 12
2	83 12
2	85 12
2	79 46
2	84 13
2	83 13
2	85 13
2	79 46
2	84 14
2	83 14
2	85 14
2	79 43
2	84 15
2	83 15
2	85 15
2	79 45
2	84 16
2	83 16
2	85 16
2	79 41
2	84 17
2	83 17
2	85 17
2	79 42
2	84 18
2	83 18
2	85 18
2	79 42
2	84 19
2	83 19
2	85 19
2	79 45
2	84 20
2	83 20
2	85 20
2	79 45
2	84 1
2	83 1
2	85 1
2	79 49
2	84 2
2	83 2
2	85 2
2	79 42
2	84 3
2	83 3
2	85 3
2	79 36
2	84 4
2	83 4
2	85 4
2	79 44
2	84 5
2	83 5
2	85 5
2	79 43
2	84 6
2	83 6
2	85 6
2	79 44
2	84 7
2	83 7
2	85 7
2	79 39
2	84 8
2	83 8
2	85 8
2	79 42
2	84 9
2	83 9
2	85 9
2	79 51
2	84 10
2	83 10
2	85 10
2	79 43
2	84 11
2	83 11
2	85 11
2	79 39
2	84 12
2	83 12
2	85 12
2	79 46
2	84 13
2	83 13
2	85 13
2	79 40
2	84 14
2	83 14
2	85 14
2	79 41
2	84 15
2	83 15
2	85 15
2	79 44
2	84 16
2	83 16
2	85 16
2	79 46
2	84 17
2	83 17
2	85 17
2	79 42
2	84 18
2	83 18
2	85 18
2	79 44
2	84 19
2	83 19
2	85 19
2	79 41
2	84 20
2	83 20
2	85 20
2	79 41
2	84 1
2	83 1
2	85 1
2	79 44
2	84 2
2	83 2
2	85 2
2	79 42
2	84 3
2	83 3
2	85 3
2	79 44
2	84 4
2	83 4
2	85 4
2	79 41
2	84 5
2	83 5
2	85 5
2	79 47
2	84 6
2	83 6
2	85 6
2	79 41
2	84 7
2	83 7
2	85 7
2	79 46
2	84 8
2	83 8
2	85 8
2	79 46
2	84 9
2	83 9
2	85 9
2	79 39
2	84 10
2	83 10
2	85 10
2	79 44
2	84 11
2	83 11
2	85 11
2	79 46
2	84 12
2	83 12
2	85 12
2	79 44
2	84 13
2	83 13
2	85 13
2	79 43
2	84 14
2	83 14
2	85 14
2	79 40
2	84 15
2	83 15
2	85 15
2	79 47
2	84 16
2	83 16
2	85 16
2	79 44
2	84 17
2	83 17
2	85 17
2	79 42
2	84 18
2	83 18
2	85 18
2	79 42
2	84 19
2	83 19
2	85 19
2	79 40
2	84 20
2	83 20
2	85 20
2	79 44
2	84 1
2	83 1
2	85 1
2	79 41
2	84 2
2	83 2
2	85 2
2	79 46
2	84 3
2	84 4
2	83 4
2	85 4
2	79 43
2	84 5
2	83 5
2	85 5
2	79 47
2	84 6
2	83 6
2	85 6
2	79 39
2	84 7
2	83 7
2	85 7
2	79 40
2	84 8
2	83 8
2	85 8
2	79 40
2	84 9
2	83 9
2	85 9
2	79 44
2	84 10
2	83 10
2	85 10
2	79 42
2	84 11
2	83 11
2	85 11
2	79 43
2	84 12
2	83 12
2	85 12
2	79 49
2	84 13
2	83 13
2	85 13
2	79 49
2	84 14
2	83 14
2	85 14
2	79 44
2	84 15
2	83 15
2	85 15
2	79 45
2	84 16
2	83 16
2	85 16
2	79 39
2	84 17
2	83 17
2	85 17
2	79 42
2	84 18
2	84 19
2	83 19
2	85 19
2	79 39
2	84 20
2	84 1
2	83 1
2	85 1
2	79 45
2	84 2
2	84 3
2	83 3
2	85 3
2	79 39
2	84 4
2	84 5
2	83 5
2	85 5
2	79 47
2	84 6
2	83 6
2	85 6
2	79 45
2	84 7
2	83 7
2	85 7
2	79 43
2	84 8
2	84 9
2	83 9
2	85 9
2	79 42
2	84 10
2	83 10
2	85 10
2	79 45
2	84 11
2	83 11
2	85 11
2	79 50
2	84 12
2	83 12
2	85 12
2	79 40
2	84 13
2	83 13
2	85 13
2	79 43
2	84 14
2	83 14
2	85 14
2	79 43
2	84 15
2	83 15
2	85 15
2	79 46
2	84 16
2	84 17
2	83 17
2	85 17
2	79 47
2	84 18
2	83 18
2	85 18
2	79 45
2	84 19
2	83 19
2	85 19
2	79 41
2	84 20
2	84 1
2	83 1
2	85 1
2	79 42
2	84 2
2	84 3
2	83 3
2	85 3
2	79 39
2	84 4
2	83 4
2	85 4
2	79 45
2	84 5
2	84 6
2	84 7
2	83 7
2	85 7
2	79 49
2	84 8
2	83 8
2	85 8
2	79 41
2	84 9
2	83 9
2	85 9
2	79 41
2	84 10
2	83 10
2	85 10
2	79 48
2	84 11
2	83 11
2	85 11
2	79 42
2	84 12
2	83 12
2	85 12
2	79 50
2	84 13
2	83 13
2	85 13
2	79 46
2	84 14
2	83 14
2	85 14
2	79 42
2	84 15
2	83 15
2	85 15
2	79 39
2	84 16
2	84 17
2	83 17
2	85 17
2	79 49
2	84 18
2	84 19
2	83 19
2	85 19
2	79 40
2	84 20
2	84 1
2	83 1
2	85 1
2	79 41
2	84 2
2	83 2
2	85 2
2	79 40
2	84 3
2	83 3
2	85 3
2	79 45
2	84 4
2	83 4
2	85 4
2	79 49
2	84 5
2	83 5
2	85 5
2	79 43
2	84 6
2	83 6
2	85 6
2	79 49
2	84 7
2	83 7
2	85 7
2	79 43
2	84 8
2	83 8
2	85 8
2	79 46
2	84 9
2	83 9
2	85 9
2	79 45
2	84 10
2	83 10
2	85 10
2	79 46
2	84 11
2	83 11
2	85 11
2	79 49
2	84 12
2	83 12
2	85 12
2	79 52
2	84 13
2	83 13
2	85 13
2	79 45
2	84 14
2	83 14
2	85 14
2	79 43
2	84 15
2	83 15
2	85 15
2	79 50
2	84 16
2	83 16
2	85 16
2	79 42
2	84 17
2	83 17
2	85 17
2	79 39
2	84 18
2	83 18
2	85 18
2	79 43
2	84 19
2	83 19
2	85 19
2	79 41
2	84 20
2	83 20
2	85 20
2	79 40
2	84 1
2	83 1
2	85 1
2	79 48
2	84 2
2	83 2
2	85 2
2	79 43
2	84 3
2	84 4
2	83 4
2	85 4
2	79 47
2	84 5
2	84 6
2	83 6
2	85 6
2	79 47
2	84 7
2	84 8
2	83 8
2	85 8
2	79 45
2	84 9
2	84 10
2	83 10
2	85 10
2	79 41
2	84 11
2	84 12
2	83 12
2	85 12
2	79 35
2	84 13
2	84 14
2	83 14
2	85 14
2	79 47
2	84 15
2	84 16
2	83 16
2	85 16
2	79 40
2	84 17
2	84 18
2	84 19
2	84 20
2	84 1
2	84 2
2	83 2
2	85 2
2	79 49
2	84 3
2	84 4
2	84 5
2	84 6
2	84 7
2	83 7
2	85 7
2	79 39
2	84 8
2	84 9
2	83 9
2	85 9
2	79 43
2	84 10
2	84 11
2	84 12
2	83 12
2	85 12
2	79 37
2	84 13
2	84 14
2	83 14
2	85 14
2	79 46
2	84 15
2	84 16
2	83 16
2	85 16
2	79 46
2	84 17
2	84 18
2	83 18
2	85 18
2	79 46
2	84 19
2	84 20
2	83 20
2	85 20
2	79 41
2	84 1
2	84 2
2	83 2
2	85 2
2	79 51
2	84 3
2	84 4
2	83 4
2	85 4
2	79 43
2	84 5
2	84 6
2	83 6
2	85 6
2	79 40
2	84 7
2	84 8
2	83 8
2	85 8
2	79 48
2	84 9
2	84 10
2	83 10
2	85 10
2	79 46
2	84 11
2	84 12
2	84 13
2	84 14
2	83 14
2	85 14
2	79 43
2	84 15
2	84 16
2	83 16
2	85 16
2	79 43
2	84 17
2	84 18
2	83 18
2	85 18
2	79 36
2	84 19
2	84 20
2	83 20
2	85 20
2	79 45
2	84 1
2	84 2
2	83 2
2	85 2
2	79 46
2	84 3
2	84 4
2	83 4
2	85 4
2	79 45
2	84 5
2	84 6
2	83 6
2	85 6
2	79 37
2	84 7
2	84 8
2	83 8
2	85 8
2	79 44
2	84 9
2	84 10
2	83 10
2	85 10
2	79 45
2	84 11
2	84 12
2	83 12
2	85 12
2	79 44
2	84 13
2	84 14
2	83 14
2	85 14
2	79 45
2	84 15
2	84 16
2	83 16
2	85 16
2	79 42
2	84 17
2	84 18
2	83 18
2	85 18
2	79 41
2	84 19
2	84 20
2	83 20
2	85 20
2	79 43
2	84 1
2	84 2
2	83 2
2	85 2
2	79 43
2	84 3
2	84 4
2	83 4
2	85 4
2	79 43
2	84 5
2	84 6
2	83 6
2	85 6
2	79 47
2	84 7
2	84 8
2	83 8
2	85 8
2	79 44
2	84 9
2	84 10
2	83 10
2	85 10
2	79 44
2	84 11
2	84 12
2	83 12
2	85 12
2	79 41
2	84 13
2	84 14
2	83 14
2	85 14
2	79 40
2	84 15
2	84 16
2	84 17
2	84 18
2	84 19
2	84 20
2	84 1
2	83 1
2	85 1
2	79 49
2	84 2
2	84 3
2	83 3
2	85 3
2	79 41
2	84 4
2	84 5
2	83 5
2	85 5
2	79 49
2	84 6
2	84 7
2	83 7
2	85 7
2	79 45
2	84 8
2	84 9
2	84 10
2	TEST_NUMBER 5
2	SENT_TOTAL 250
2	RECEIVED_TOTAL 173
2	TIME_TOTAL 29648
2	RECEIVED_RADIO_1 67
2	RECEIVED_RADIO_2 107
2	SENT_RADIO_1 125
2	SENT_RADIO_2 125
2	RADIO_TIME_1 29763
2	RADIO_TIME_2 19801
2	RETRANSMISSIONS_1 0
2	RETRANSMISSIONS_2 0
2	DROPPED_1 0
2	DROPPED_2 0
2	MAX_QUEUE 1
2	DUPLICATED_1 0
2	DUPLICATED_2 0
2	EBUSY_RADIO_1 0
2	EBUSY_RADIO_2 0
2	84 1
2	83 1
2	85 1
2	79 39
2	84 2
2	84 3
2	83 3
2	85 3
2	79 41
2	84 4
2	84 5
2	83 5
2	85 5
2	79 46
2	84 6
2	84 7
2	83 7
2	85 7
2	79 43
2	84 8
2	84 9
2	83 9
2	85 9
2	79 44
2	84 10
2	84 11
2	83 11
2	85 11
2	79 48
2	84 12
2	84 13
2	83 13
2	85 13
2	79 47
2	84 14
2	84 15
2	83 15
2	85 15
2	79 41
2	84 16
2	84 17
2	83 17
2	85 17
2	79 49
2	84 18
2	84 19
2	83 19
2	85 19
2	79 50
2	84 20
2	84 1
2	83 1
2	85 1
2	79 45
2	84 2
2	84 3
2	83 3
2	85 3
2	79 42
2	84 4
2	84 5
2	83 5
2	85 5
2	79 38
2	84 6
2	84 7
2	83 7
2	85 7
2	79 42
2	84 8
2	84 9
2	83 9
2	85 9
2	79 43
2	84 10
2	84 11
2	83 11
2	85 11
2	79 36
2	84 12
2	84 13
2	83 13
2	85 13
2	79 48
2	84 14
2	84 15
2	83 15
2	85 15
2	79 43
2	84 16
2	84 17
2	83 17
2	85 17
2	79 41
2	84 18
2	84 19
2	83 19
2	85 19
2	79 49
2	84 20
2	84 1
2	83 1
2	85 1
2	79 44
2	84 2
2	84 3
2	83 3
2	85 3
2	79 39
2	84 4
2	84 5
2	83 5
2	85 5
2	79 48
2	84 6
2	84 7
2	83 7
2	85 7
2	79 46
2	84 8
2	84 9
2	83 9
2	85 9
2	79 49
2	84 10
2	84 11
2	83 11
2	85 11
2	79 49
2	84 12
2	84 13
2	83 13
2	85 13
2	79 39
2	84 14
2	84 15
2	83 15
2	85 15
2	79 42
2	84 16
2	84 17
2	83 17
2	85 17
2	79 44
2	84 18
2	84 19
2	83 19
2	85 19
2	79 42
2	84 20
2	84 1
2	83 1
2	85 1
2	79 44
2	84 2
2	84 3
2	83 3
2	85 3
2	79 52
2	84 4
2	84 5
2	83 5
2	85 5
2	79 43
2	84 6
2	84 7
2	83 7
2	85 7
2	79 44
2	84 8
2	84 9
2	83 9
2	85 9
2	79 51
2	84 10
2	84 11
2	83 11
2	85 11
2	79 51
2	84 12
2	84 13
2	83 13
2	85 13
2	79 46
2	84 14
2	84 15
2	83 15
2	85 15
2	79 49
2	84 16
2	84 17
2	83 17
2	85 17
2	79 39
2	84 18
2	84 19
2	83 19
2	85 19
2	79 44
2	84 20
2	84 1
2	83 1
2	85 1
2	79 39
2	84 2
2	84 3
2	83 3
2	85 3
2	79 49
2	84 4
2	84 5
2	83 5
2	85 5
2	79 46
2	84 6
2	84 7
2	83 7
2	85 7
2	79 43
2	84 8
2	84 9
2	83 9
2	85 9
2	79 43
2	84 10
2	84 11
2	83 11
2	85 11
2	79 41
2	84 12
2	84 13
2	83 13
2	85 13
2	79 46
2	84 14
2	84 15
2	83 15
2	85 15
2	79 41
2	84 16
2	84 17
2	83 17
2	85 17
2	79 37
2	84 18
2	84 19
2	83 19
2	85 19
2	79 41
2	84 20
2	84 1
2	83 1
2	85 1
2	79 44
2	84 2
2	84 3
2	83 3
2	85 3
2	79 33
2	84 4
2	84 5
2	83 5
2	85 5
2	79 49
2	84 6
2	84 7
2	83 7
2	85 7
2	79 46
2	84 8
2	84 9
2	83 9
2	85 9
2	79 46
2	84 10
2	84 11
2	83 11
2	85 11
2	79 44
2	84 12
2	84 13
2	83 13
2	85 13
2	79 48
2	84 14
2	84 15
2	83 15
2	85 15
2	79 42
2	84 16
2	84 17
2	83 17
2	85 17
2	79 41
2	84 18
2	84 19
2	83 19
2	85 19
2	79 39
2	84 20
2	84 1
2	83 1
2	85 1
2	79 42
2	84 2
2	84 3
2	83 3
2	85 3
2	79 42
2	84 4
2	84 5
2	83 5
2	85 5
2	79 40
2	84 6
2	84 7
2	83 7
2	85 7
2	79 50
2	84 8
2	84 9
2	83 9
2	85 9
2	79 51
2	84 10
2	84 11
2	83 11
2	85 11
2	79 46
2	84 12
2	84 13
2	83 13
2	85 13
2	79 48
2	84 14
2	84 15
2	83 15
2	85 15
2	79 41
2	84 16
2	84 17
2	83 17
2	85 17
2	79 51
2	84 18
2	84 19
2	83 19
2	85 19
2	79 41
2	84 20
2	84 1
2	83 1
2	85 1
2	79 36
2	84 2
2	84 3
2	83 3
2	85 3
2	79 45
2	84 4
2	84 5
2	83 5
2	85 5
2	79 48
2	84 6
2	84 7
2	83 7
2	85 7
2	79 43
2	84 8
2	84 9
2	83 9
2	85 9
2	79 44
2	84 10
2	84 11
2	83 11
2	85 11
2	79 54
2	84 12
2	84 13
2	83 13
2	85 13
2	79 45
2	84 14
2	84 15
2	83 15
2	85 15
2	79 44
2	84 16
2	84 17
2	83 17
2	85 17
2	79 48
2	84 18
2	84 19
2	83 19
2	85 19
2	79 47
2	84 20
2	84 1
2	83 1
2	85 1
2	79 41
2	84 2
2	84 3
2	83 3
2	85 3
2	79 38
2	84 4
2	84 5
2	83 5
2	85 5
2	79 44
2	84 6
2	84 7
2	83 7
2	85 7
2	79 40
2	84 8
2	84 9
2	83 9
2	85 9
2	79 49
2	84 10
2	84 11
2	83 11
2	85 11
2	79 43
2	84 12
2	84 13
2	83 13
2	85 13
2	79 37
2	84 14
2	84 15
2	83 15
2	85 15
2	79 42
2	84 16
2	84 17
2	83 17
2	85 17
2	79 52
2	84 18
2	84 19
2	83 19
2	85 19
2	79 51
2	84 20
2	84 1
2	83 1
2	85 1
2	79 39
2	84 2
2	84 3
2	83 3
2	85 3
2	79 46
2	84 4
2	84 5
2	83 5
2	85 5
2	79 44
2	84 6
2	84 7
2	83 7
2	85 7
2	79 48
2	84 8
2	84 9
2	83 9
2	85 9
2	79 47
2	84 10
2	84 11
2	83 11
2	85 11
2	79 43
2	84 12
2	84 13
2	83 13
2	85 13
2	79 47
2	84 14
2	84 15
2	83 15
2	85 15
2	79 46
2	84 16
2	84 17
2	83 17
2	85 17
2	79 41
2	84 18
2	84 19
2	83 19
2	85 19
2	79 48
2	84 20
2	84 1
2	83 1
2	85 1
2	79 47
2	84 2
2	84 3
2	83 3
2	85 3
2	79 48
2	84 4
2	84 5
2	83 5
2	85 5
2	79 45
2	84 6
2	84 7
2	83 7
2	85 7
2	79 46
2	84 8
2	84 9
2	83 9
2	85 9
2	79 45
2	84 10
2	84 11
2	83 11
2	85 11
2	79 45
2	84 12
2	84 13
2	83 13
2	85 13
2	79 44
2	84 14
2	84 15
2	83 15
2	85 15
2	79 51
2	84 16
2	84 17
2	83 17
2	85 17
2	79 48
2	84 18
2	84 19
2	83 19
2	85 19
2	79 37
2	84 20
2	84 1
2	83 1
2	85 1
2	79 43
2	84 2
2	84 3
2	83 3
2	85 3
2	79 43
2	84 4
2	84 5
2	83 5
2	85 5
2	79 42
2	84 6
2	84 7
2	83 7
2	85 7
2	79 46
2	84 8
2	84 9
2	83 9
2	85 9
2	79 44
2	84 10
2	84 11
2	83 11
2	85 11
2	79 41
2	84 12
2	84 13
2	83 13
2	85 13
2	79 45
2	84 14
2	84 15
2	83 15
2	85 15
2	79 45
2	84 16
2	84 17
2	83 17
2	85 17
2	79 41
2	84 18
2	84 19
2	83 19
2	85 19
2	79 52
2	84 20
2	84 1
2	83 1
2	85 1
2	79 44
2	84 2
2	84 3
2	83 3
2	85 3
2	79 42
2	84 4
2	84 5
2	83 5
2	85 5
2	79 44
2	84 6
2	84 7
2	83 7
2	85 7
2	79 45
2	84 8
2	84 9
2	83 9
2	85 9
2	79 45
2	84 10
2	TEST_NUMBER 6
2	SENT_TOTAL 250
2	RECEIVED_TOTAL 125
2	TIME_TOTAL 19769
2	RECEIVED_RADIO_1 0
2	RECEIVED_RADIO_2 125
2	SENT_RADIO_1 125
2	SENT_RADIO_2 125
2	RADIO_TIME_1 19763
2	RADIO_TIME_2 19804
2	RETRANSMISSIONS_1 0
2	RETRANSMISSIONS_2 0
2	DROPPED_1 0
2	DROPPED_2 0
2	MAX_QUEUE 1
2	DUPLICATED_1 0
2	DUPLICATED_2 0
2	EBUSY_RADIO_1 0
2	EBUSY_RADIO_2 0

4	RELAY_NODE 4
4	TEST_NUMBER 0
4	SENT_TOTAL 0
4	RECEIVED_TOTAL 0
4	TIME_TOTAL 0
4	RECEIVED_RADIO_1 125
4	RECEIVED_RADIO_2 123
4	SENT_RADIO_1 123
4	SENT_RADIO_2 125
4	RADIO_TIME_1 19873
4	RADIO_TIME_2 19873
4	RETRANSMISSIONS_1 0
4	RETRANSMISSIONS_2 0
4	DROPPED_1 0
4	DROPPED_2 0
4	MAX_QUEUE 1
4	DUPLICATED_1 0
4	DUPLICATED_2 0
4	EBUSY_RADIO_1 0
4	EBUSY_RADIO_2 0
4	TEST_NUMBER 1
4	SENT_TOTAL 0
4	RECEIVED_TOTAL 0
4	TIME_TOTAL 0
4	RECEIVED_RADIO_1 125
4	RECEIVED_RADIO_2 121
4	SENT_RADIO_1 121
4	SENT_RADIO_2 125
4	RADIO_TIME_1 19866
4	RADIO_TIME_2 19866
4	RETRANSMISSIONS_1 0
4	RETRANSMISSIONS_2 0
4	DROPPED_1 0
4	DROPPED_2 0
4	MAX_QUEUE 1
4	DUPLICATED_1 0
4	DUPLICATED_2 0
4	EBUSY_RADIO_1 0
4	EBUSY_RADIO_2 0
4	TEST_NUMBER 2
4	SENT_TOTAL 0
4	RECEIVED_TOTAL 0
4	TIME_TOTAL 0
4	RECEIVED_RADIO_1 124
4	RECEIVED_RADIO_2 98
4	SENT_RADIO_1 98
4	SENT_RADIO_2 124
4	RADIO_TIME_1 19796
4	RADIO_TIME_2 19796
4	RETRANSMISSIONS_1 0
4	RETRANSMISSIONS_2 0
4	DROPPED_1 0
4	DROPPED_2 0
4	MAX_QUEUE 1
4	DUPLICATED_1 0
4	DUPLICATED_2 0
4	EBUSY_RADIO_1 0
4	EBUSY_RADIO_2 0
4	TEST_NUMBER 3
4	SENT_TOTAL 0
4	RECEIVED_TOTAL 0
4	TIME_TOTAL 0
4	RECEIVED_RADIO_1 125
4	RECEIVED_RADIO_2 119
4	SENT_RADIO_1 119
4	SENT_RADIO_2 125
4	RADIO_TIME_1 19869
4	RADIO_TIME_2 19869
4	RETRANSMISSIONS_1 0
4	RETRANSMISSIONS_2 0
4	DROPPED_1 0
4	DROPPED_2 0
4	MAX_QUEUE 1
4	DUPLICATED_1 0
4	DUPLICATED_2 0
4	EBUSY_RADIO_1 0
4	EBUSY_RADIO_2 0
4	TEST_NUMBER 4
4	SENT_TOTAL 0
4	RECEIVED_TOTAL 0
4	TIME_TOTAL 0
4	RECEIVED_RADIO_1 125
4	RECEIVED_RADIO_2 123
4	SENT_RADIO_1 123
4	SENT_RADIO_2 125
4	RADIO_TIME_1 19869
4	RADIO_TIME_2 19869
4	RETRANSMISSIONS_1 0
4	RETRANSMISSIONS_2 0
4	DROPPED_1 0
4	DROPPED_2 0
4	MAX_QUEUE 1
4	DUPLICATED_1 0
4	DUPLICATED_2 0
4	EBUSY_RADIO_1 0
4	EBUSY_RADIO_2 0
4	TEST_NUMBER 5
4	SENT_TOTAL 0
4	RECEIVED_TOTAL 0
4	TIME_TOTAL 0
4	RECEIVED_RADIO_1 125
4	RECEIVED_RADIO_2 111
4	SENT_RADIO_1 111
4	SENT_RADIO_2 125
4	RADIO_TIME_1 19792
4	RADIO_TIME_2 19792
4	RETRANSMISSIONS_1 0
4	RETRANSMISSIONS_2 0
4	DROPPED_1 0
4	DROPPED_2 0
4	MAX_QUEUE 1
4	DUPLICATED_1 0
4	DUPLICATED_2 0
4	EBUSY_RADIO_1 0
4	EBUSY_RADIO_2 0
4	TEST_NUMBER 6
4	SENT_TOTAL 0
4	RECEIVED_TOTAL 0
4	TIME_TOTAL 0
4	RECEIVED_RADIO_1 125
4	RECEIVED_RADIO_2 121
4	SENT_RADIO_1 121
4	SENT_RADIO_2 125
4	RADIO_TIME_1 19875
4	RADIO_TIME_2 19875
4	RETRANSMISSIONS_1 0
4	RETRANSMISSIONS_2 0
4	DROPPED_1 0
4	DROPPED_2 0
4	MAX_QUEUE 1
4	DUPLICATED_1 0
4	DUPLICATED_2 0
4	EBUSY_RADIO_1 0
4	EBUSY_RADIO_2 0

5	RELAY_NODE 5
5	TEST_NUMBER 0
5	SENT_TOTAL 0
5	RECEIVED_TOTAL 0
5	TIME_TOTAL 0
5	RECEIVED_RADIO_1 124
5	RECEIVED_RADIO_2 124
5	SENT_RADIO_1 123
5	SENT_RADIO_2 124
5	RADIO_TIME_1 19702
5	RADIO_TIME_2 19702
5	RETRANSMISSIONS_1 0
5	RETRANSMISSIONS_2 0
5	DROPPED_1 0
5	DROPPED_2 0
5	MAX_QUEUE 1
5	DUPLICATED_1 0
5	DUPLICATED_2 0
5	EBUSY_RADIO_1 0
5	EBUSY_RADIO_2 0
5	TEST_NUMBER 1
5	SENT_TOTAL 0
5	RECEIVED_TOTAL 0
5	TIME_TOTAL 0
5	RECEIVED_RADIO_1 124
5	RECEIVED_RADIO_2 123
5	SENT_RADIO_1 123
5	SENT_RADIO_2 124
5	RADIO_TIME_1 29819
5	RADIO_TIME_2 29819
5	RETRANSMISSIONS_1 0
5	RETRANSMISSIONS_2 0
5	DROPPED_1 0
5	DROPPED_2 0
5	MAX_QUEUE 1
5	DUPLICATED_1 0
5	DUPLICATED_2 0
5	EBUSY_RADIO_1 0
5	EBUSY_RADIO_2 0
5	TEST_NUMBER 2
5	SENT_TOTAL 0
5	RECEIVED_TOTAL 0
5	TIME_TOTAL 0
5	RECEIVED_RADIO_1 125
5	RECEIVED_RADIO_2 120
5	SENT_RADIO_1 121
5	SENT_RADIO_2 125
5	RADIO_TIME_1 29740
5	RADIO_TIME_2 29740
5	RETRANSMISSIONS_1 0
5	RETRANSMISSIONS_2 0
5	DROPPED_1 0
5	DROPPED_2 0
5	MAX_QUEUE 1
5	DUPLICATED_1 0
5	DUPLICATED_2 0
5	EBUSY_RADIO_1 0
5	EBUSY_RADIO_2 0
5	TEST_NUMBER 3
5	SENT_TOTAL 0
5	RECEIVED_TOTAL 0
5	TIME_TOTAL 0
5	RECEIVED_RADIO_1 124
5	RECEIVED_RADIO_2 120
5	SENT_RADIO_1 119
5	SENT_RADIO_2 124
5	RADIO_TIME_1 29816
5	RADIO_TIME_2 29816
5	RETRANSMISSIONS_1 0
5	RETRANSMISSIONS_2 0
5	DROPPED_1 0
5	DROPPED_2 0
5	MAX_QUEUE 1
5	DUPLICATED_1 0
5	DUPLICATED_2 0
5	EBUSY_RADIO_1 0
5	EBUSY_RADIO_2 0
5	TEST_NUMBER 4
5	SENT_TOTAL 0
5	RECEIVED_TOTAL 0
5	TIME_TOTAL 0
5	RECEIVED_RADIO_1 124
5	RECEIVED_RADIO_2 121
5	SENT_RADIO_1 122
5	SENT_RADIO_2 124
5	RADIO_TIME_1 29725
5	RADIO_TIME_2 29725
5	RETRANSMISSIONS_1 0
5	RETRANSMISSIONS_2 0
5	DROPPED_1 0
5	DROPPED_2 0
5	MAX_QUEUE 1
5	DUPLICATED_1 0
5	DUPLICATED_2 0
5	EBUSY_RADIO_1 0
5	EBUSY_RADIO_2 0
5	TEST_NUMBER 5
5	SENT_TOTAL 0
5	RECEIVED_TOTAL 0
5	TIME_TOTAL 0
5	RECEIVED_RADIO_1 120
5	RECEIVED_RADIO_2 109
5	SENT_RADIO_1 109
5	SENT_RADIO_2 120
5	RADIO_TIME_1 29725
5	RADIO_TIME_2 29725
5	RETRANSMISSIONS_1 0
5	RETRANSMISSIONS_2 0
5	DROPPED_1 0
5	DROPPED_2 0
5	MAX_QUEUE 1
5	DUPLICATED_1 0
5	DUPLICATED_2 0
5	EBUSY_RADIO_1 0
5	EBUSY_RADIO_2 0
5	TEST_NUMBER 6
5	SENT_TOTAL 0
5	RECEIVED_TOTAL 0
5	TIME_TOTAL 0
5	RECEIVED_RADIO_1 125
5	RECEIVED_RADIO_2 124
5	SENT_RADIO_1 124
5	SENT_RADIO_2 125
5	RADIO_TIME_1 29721
5	RADIO_TIME_2 29721
5	RETRANSMISSIONS_1 0
5	RETRANSMISSIONS_2 0
5	DROPPED_1 0
5	DROPPED_2 0
5	MAX_QUEUE 1
5	DUPLICATED_1 0
5	DUPLICATED_2 0
5	EBUSY_RADIO_1 0
5	EBUSY_RADIO_2 0

7	RELAY_NODE 7
7	TEST_NUMBER 0
7	SENT_TOTAL 0
7	RECEIVED_TOTAL 0
7	TIME_TOTAL 0
7	RECEIVED_RADIO_1 136
7	RECEIVED_RADIO_2 137
7	SENT_RADIO_1 137
7	SENT_RADIO_2 136
7	RADIO_TIME_1 31659
7	RADIO_TIME_2 31659
7	RETRANSMISSIONS_1 0
7	RETRANSMISSIONS_2 0
7	DROPPED_1 0
7	DROPPED_2 0
7	MAX_QUEUE 1
7	DUPLICATED_1 0
7	DUPLICATED_2 0
7	EBUSY_RADIO_1 0
7	EBUSY_RADIO_2 0
7	TEST_NUMBER 1
7	SENT_TOTAL 0
7	RECEIVED_TOTAL 0
7	TIME_TOTAL 0
7	RECEIVED_RADIO_1 124
7	RECEIVED_RADIO_2 124
7	SENT_RADIO_1 124
7	SENT_RADIO_2 124
7	RADIO_TIME_1 29741
7	RADIO_TIME_2 29741
7	RETRANSMISSIONS_1 0
7	RETRANSMISSIONS_2 0
7	DROPPED_1 0
7	DROPPED_2 0
7	MAX_QUEUE 1
7	DUPLICATED_1 0
7	DUPLICATED_2 0
7	EBUSY_RADIO_1 0
7	EBUSY_RADIO_2 0
7	TEST_NUMBER 2
7	SENT_TOTAL 0
7	RECEIVED_TOTAL 0
7	TIME_TOTAL 0
7	RECEIVED_RADIO_1 123
7	RECEIVED_RADIO_2 124
7	SENT_RADIO_1 124
7	SENT_RADIO_2 123
7	RADIO_TIME_1 29722
7	RADIO_TIME_2 29722
7	RETRANSMISSIONS_1 0
7	RETRANSMISSIONS_2 0
7	DROPPED_1 0
7	DROPPED_2 0
7	MAX_QUEUE 1
7	DUPLICATED_1 0
7	DUPLICATED_2 0
7	EBUSY_RADIO_1 0
7	EBUSY_RADIO_2 0
7	TEST_NUMBER 3
7	SENT_TOTAL 0
7	RECEIVED_TOTAL 0
7	TIME_TOTAL 0
7	RECEIVED_RADIO_1 123
7	RECEIVED_RADIO_2 125
7	SENT_RADIO_1 125
7	SENT_RADIO_2 123
7	RADIO_TIME_1 29790
7	RADIO_TIME_2 29790
7	RETRANSMISSIONS_1 0
7	RETRANSMISSIONS_2 0
7	DROPPED_1 0
7	DROPPED_2 0
7	MAX_QUEUE 1
7	DUPLICATED_1 0
7	DUPLICATED_2 0
7	EBUSY_RADIO_1 0
7	EBUSY_RADIO_2 0
7	TEST_NUMBER 4
7	SENT_TOTAL 0
7	RECEIVED_TOTAL 0
7	TIME_TOTAL 0
7	RECEIVED_RADIO_1 124
7	RECEIVED_RADIO_2 125
7	SENT_RADIO_1 125
7	SENT_RADIO_2 124
7	RADIO_TIME_1 29784
7	RADIO_TIME_2 29784
7	RETRANSMISSIONS_1 0
7	RETRANSMISSIONS_2 0
7	DROPPED_1 0
7	DROPPED_2 0
7	MAX_QUEUE 1
7	DUPLICATED_1 0
7	DUPLICATED_2 0
7	EBUSY_RADIO_1 0
7	EBUSY_RADIO_2 0
7	TEST_NUMBER 5
7	SENT_TOTAL 0
7	RECEIVED_TOTAL 0
7	TIME_TOTAL 0
7	RECEIVED_RADIO_1 116
7	RECEIVED_RADIO_2 124
7	SENT_RADIO_1 124
7	SENT_RADIO_2 116
7	RADIO_TIME_1 29789
7	RADIO_TIME_2 29789
7	RETRANSMISSIONS_1 0
7	RETRANSMISSIONS_2 0
7	DROPPED_1 0
7	DROPPED_2 0
7	MAX_QUEUE 1
7	DUPLICATED_1 0
7	DUPLICATED_2 0
7	EBUSY_RADIO_1 0
7	EBUSY_RADIO_2 0
7	TEST_NUMBER 6
7	SENT_TOTAL 0
7	RECEIVED_TOTAL 0
7	TIME_TOTAL 0
7	RECEIVED_RADIO_1 114
7	RECEIVED_RADIO_2 113
7	SENT_RADIO_1 113
7	SENT_RADIO_2 114
7	RADIO_TIME_1 18006
7	RADIO_TIME_2 18006
7	RETRANSMISSIONS_1 0
7	RETRANSMISSIONS_2 0
7	DROPPED_1 0
7	DROPPED_2 0
7	MAX_QUEUE 1
7	DUPLICATED_1 0
7	DUPLICATED_2 0
7	EBUSY_RADIO_1 0
7	EBUSY_RADIO_2 0

8	DESTINATION_NODE 8
8	TEST_NUMBER 0
8	SENT_TOTAL 249
8	RECEIVED_TOTAL 249
8	TIME_TOTAL 19848
8	RECEIVED_RADIO_1 125
8	RECEIVED_RADIO_2 124
8	SENT_RADIO_1 125
8	SENT_RADIO_2 124
8	RADIO_TIME_1 19849
8	RADIO_TIME_2 19768
8	RETRANSMISSIONS_1 0
8	RETRANSMISSIONS_2 0
8	DROPPED_1 0
8	DROPPED_2 0
8	MAX_QUEUE 1
8	DUPLICATED_1 0
8	DUPLICATED_2 0
8	EBUSY_RADIO_1 0
8	EBUSY_RADIO_2 0
8	TEST_NUMBER 1
8	SENT_TOTAL 248
8	RECEIVED_TOTAL 248
8	TIME_TOTAL 19838
8	RECEIVED_RADIO_1 125
8	RECEIVED_RADIO_2 123
8	SENT_RADIO_1 124
8	SENT_RADIO_2 124
8	RADIO_TIME_1 19838
8	RADIO_TIME_2 19838
8	RETRANSMISSIONS_1 0
8	RETRANSMISSIONS_2 0
8	DROPPED_1 0
8	DROPPED_2 0
8	MAX_QUEUE 1
8	DUPLICATED_1 0
8	DUPLICATED_2 0
8	EBUSY_RADIO_1 0
8	EBUSY_RADIO_2 0
8	TEST_NUMBER 2
8	SENT_TOTAL 247
8	RECEIVED_TOTAL 247
8	TIME_TOTAL 19847
8	RECEIVED_RADIO_1 123
8	RECEIVED_RADIO_2 124
8	SENT_RADIO_1 123
8	SENT_RADIO_2 124
8	RADIO_TIME_1 19766
8	RADIO_TIME_2 19848
8	RETRANSMISSIONS_1 0
8	RETRANSMISSIONS_2 0
8	DROPPED_1 0
8	DROPPED_2 0
8	MAX_QUEUE 1
8	DUPLICATED_1 0
8	DUPLICATED_2 0
8	EBUSY_RADIO_1 0
8	EBUSY_RADIO_2 0
8	TEST_NUMBER 3
8	SENT_TOTAL 245
8	RECEIVED_TOTAL 245
8	TIME_TOTAL 19840
8	RECEIVED_RADIO_1 125
8	RECEIVED_RADIO_2 120
8	SENT_RADIO_1 123
8	SENT_RADIO_2 122
8	RADIO_TIME_1 19840
8	RADIO_TIME_2 19757
8	RETRANSMISSIONS_1 0
8	RETRANSMISSIONS_2 0
8	DROPPED_1 0
8	DROPPED_2 0
8	MAX_QUEUE 1
8	DUPLICATED_1 0
8	DUPLICATED_2 0
8	EBUSY_RADIO_1 0
8	EBUSY_RADIO_2 0
8	TEST_NUMBER 4
8	SENT_TOTAL 248
8	RECEIVED_TOTAL 248
8	TIME_TOTAL 19841
8	RECEIVED_RADIO_1 125
8	RECEIVED_RADIO_2 123
8	SENT_RADIO_1 124
8	SENT_RADIO_2 124
8	RADIO_TIME_1 19841
8	RADIO_TIME_2 19841
8	RETRANSMISSIONS_1 0
8	RETRANSMISSIONS_2 0
8	DROPPED_1 0
8	DROPPED_2 0
8	MAX_QUEUE 1
8	DUPLICATED_1 0
8	DUPLICATED_2 0
8	EBUSY_RADIO_1 0
8	EBUSY_RADIO_2 0
8	TEST_NUMBER 5
8	SENT_TOTAL 232
8	RECEIVED_TOTAL 232
8	TIME_TOTAL 19765
8	RECEIVED_RADIO_1 124
8	RECEIVED_RADIO_2 108
8	SENT_RADIO_1 116
8	SENT_RADIO_2 116
8	RADIO_TIME_1 19765
8	RADIO_TIME_2 19606
8	RETRANSMISSIONS_1 0
8	RETRANSMISSIONS_2 0
8	DROPPED_1 0
8	DROPPED_2 0
8	MAX_QUEUE 1
8	DUPLICATED_1 0
8	DUPLICATED_2 0
8	EBUSY_RADIO_1 0
8	EBUSY_RADIO_2 0
8	TEST_NUMBER 6
8	SENT_TOTAL 250
8	RECEIVED_TOTAL 250
8	TIME_TOTAL 19847
8	RECEIVED_RADIO_1 125
8	RECEIVED_RADIO_2 125
8	SENT_RADIO_1 125
8	SENT_RADIO_2 125
8	RADIO_TIME_1 19847
8	RADIO_TIME_2 19847
8	RETRANSMISSIONS_1 0
8	RETRANSMISSIONS_2 0
8	DROPPED_1 0
8	DROPPED_2 0
8	MAX_QUEUE 1
8	DUPLICATED_1 0
8	DUPLICATED_2 0
8	EBUSY_RADIO_1 0
8	EBUSY_RADIO_2 0
