
2	SOURCE_NODE 2
2	84 1
2	84 2
2	84 3
2	83 3
2	85 3
2	79 21
2	84 4
2	84 5
2	83 5
2	85 2
2	79 262
2	83 5
2	85 5
2	79 61
2	84 6
2	84 7
2	83 7
2	85 7
2	79 30
2	84 8
2	84 9
2	84 10
2	83 10
2	85 9
2	79 126
2	84 11
2	84 12
2	83 12
2	85 10
2	79 212
2	84 13
2	83 13
2	85 12
2	79 105
2	83 13
2	85 13
2	79 42
2	84 14
2	84 15
2	83 15
2	85 15
2	79 53
2	84 16
2	84 17
2	83 17
2	85 17
2	79 27
2	84 18
2	84 19
2	83 19
2	85 16
2	79 269
2	83 19
2	85 19
2	79 56
2	84 20
2	84 1
2	84 2
2	83 2
2	85 20
2	79 206
2	84 3
2	84 4
2	83 4
2	85 3
2	79 113
2	84 5
2	83 5
2	85 5
2	79 22
2	84 6
2	84 7
2	83 7
2	85 4
2	79 266
2	83 7
2	85 7
2	79 35
2	84 8
2	84 9
2	83 9
2	85 6
2	79 259
2	84 10
2	84 11
2	83 11
2	85 11
2	79 37
2	84 12
2	84 13
2	83 13
2	85 10
2	79 263
2	83 13
2	85 13
2	79 45
2	84 14
2	84 15
2	83 15
2	85 12
2	79 264
2	84 16
2	83 16
2	85 15
2	79 133
2	83 16
2	85 14
2	79 219
2	84 17
2	84 18
2	84 19
2	83 19
2	85 16
2	79 246
2	84 20
2	83 20
2	85 19
2	79 107
2	83 20
2	85 18
2	79 203
2	84 1
2	84 2
2	83 2
2	85 20
2	79 225
2	83 2
2	85 2
2	79 73
2	84 3
2	84 4
2	83 4
2	85 3
2	79 119
2	84 5
2	84 6
2	83 6
2	85 4
2	79 183
2	84 7
2	84 8
2	83 8
2	85 7
2	79 119
2	83 8
2	85 6
2	79 208
2	84 9
2	83 9
2	85 9
2	79 36
2	84 10
2	84 11
2	84 12
2	84 13
2	83 13
2	85 11
2	79 187
2	84 14
2	83 14
2	85 12
2	79 188
2	83 14
2	85 14
2	79 37
2	84 15
2	84 16
2	83 16
2	85 16
2	79 59
2	84 17
2	84 18
2	84 19
2	84 20
2	83 20
2	85 18
2	79 188
2	84 1
2	84 2
2	83 2
2	85 1
2	79 131
2	84 3
2	84 4
2	83 4
2	85 20
2	79 381
2	83 4
2	85 2
2	79 231
2	84 5
2	83 5
2	85 4
2	79 106
2	84 6
2	83 6
2	85 5
2	79 157
2	84 7
2	83 7
2	85 6
2	79 93
2	84 8
2	84 9
2	83 9
2	85 9
2	79 39
2	84 10
2	84 11
2	84 12
2	83 12
2	85 11
2	79 125
2	84 13
2	83 13
2	85 13
2	79 30
2	84 14
2	83 14
2	85 12
2	79 229
2	84 15
2	84 16
2	83 16
2	85 14
2	79 180
2	83 16
2	85 15
2	79 108
2	84 17
2	84 18
2	84 19
2	83 19
2	85 16
2	79 255
2	84 20
2	84 1
2	84 2
2	83 2
2	85 19
2	79 263
2	83 2
2	85 2
2	79 40
2	84 3
2	83 3
2	85 1
2	79 225
2	84 4
2	84 5
2	83 5
2	85 3
2	79 194
2	84 6
2	84 7
2	83 7
2	85 6
2	79 116
2	84 8
2	83 8
2	85 8
2	79 28
2	84 9
2	84 10
2	83 10
2	85 7
2	79 269
2	83 10
2	85 10
2	79 40
2	84 11
2	84 12
2	83 12
2	85 9
2	79 268
2	83 12
2	85 12
2	79 38
2	83 12
2	85 11
2	79 127
2	84 13
2	84 14
2	83 14
2	85 14
2	79 34
2	84 15
2	84 16
2	84 17
2	83 17
2	85 15
2	79 191
2	84 18
2	84 19
2	83 19
2	85 18
2	79 109
2	84 20
2	83 20
2	85 20
2	79 36
2	84 1
2	84 2
2	83 2
2	85 19
2	79 275
2	83 2
2	85 2
2	79 43
2	84 3
2	84 4
2	83 4
2	85 4
2	79 32
2	84 5
2	84 6
2	83 6
2	85 6
2	79 28
2	84 7
2	84 8
2	83 8
2	85 5
2	79 270
2	84 9
2	84 10
2	83 10
2	85 8
2	79 186
2	83 10
2	85 10
2	79 34
2	84 11
2	84 12
2	83 12
2	85 9
2	79 268
2	83 12
2	85 12
2	79 37
2	84 13
2	83 13
2	85 11
2	79 236
2	84 14
2	84 15
2	83 15
2	85 13
2	79 207
2	83 15
2	85 15
2	79 55
2	84 16
2	84 17
2	83 17
2	85 16
2	79 123
2	84 18
2	84 19
2	84 20
2	83 20
2	85 20
2	79 30
2	84 1
2	84 2
2	83 2
2	85 2
2	79 29
2	83 2
2	85 19
2	79 279
2	83 2
2	85 1
2	79 153
2	84 3
2	84 4
2	84 5
2	83 5
2	85 4
2	79 119
2	84 6
2	83 6
2	85 3
2	79 269
2	84 7
2	83 7
2	85 5
2	79 205
2	84 8
2	84 9
2	84 10
2	83 10
2	85 10
2	79 26
2	83 10
2	85 9
2	79 114
2	84 11
2	84 12
2	84 13
2	83 13
2	85 12
2	79 113
2	84 14
2	83 14
2	85 13
2	79 109
2	83 14
2	85 14
2	79 46
2	84 15
2	84 16
2	83 16
2	85 16
2	79 44
2	84 17
2	84 18
2	83 18
2	85 18
2	79 29
2	84 19
2	83 19
2	85 17
2	79 207
2	83 19
2	85 19
2	79 56
2	84 20
2	84 1
2	83 1
2	85 20
2	79 114
2	84 2
2	84 3
2	83 3
2	85 1
2	79 222
2	84 4
2	84 5
2	83 5
2	85 4
2	79 117
2	84 6
2	83 6
2	85 6
2	79 33
2	84 7
2	83 7
2	85 5
2	79 225
2	84 8
2	84 9
2	83 9
2	85 7
2	79 192
2	83 9
2	85 8
2	79 119
2	84 10
2	84 11
2	83 11
2	85 9
2	79 216
2	84 12
2	84 13
2	83 13
2	85 12
2	79 131
2	84 14
2	83 14
2	85 14
2	79 25
2	84 15
2	84 16
2	84 17
2	83 17
2	85 16
2	79 133
2	83 17
2	85 17
2	79 71
2	84 18
2	84 19
2	83 19
2	85 18
2	79 103
2	83 19
2	85 19
2	79 32
2	84 20
2	83 20
2	85 20
2	79 36
2	84 1
2	84 2
2	84 3
2	83 3
2	85 1
2	79 229
2	84 4
2	83 4
2	85 3
2	79 109
2	83 4
2	85 4
2	79 38
2	84 5
2	84 6
2	83 6
2	85 6
2	79 74
2	84 7
2	84 8
2	83 8
2	85 8
2	79 27
2	84 9
2	83 9
2	85 7
2	79 205
2	83 9
2	85 9
2	79 56
2	84 10
2	84 11
2	83 11
2	85 10
2	79 113
2	83 11
2	85 11
2	79 40
2	84 12
2	84 13
2	84 14
2	83 14
2	85 13
2	79 142
2	84 15
2	84 16
2	83 16
2	85 15
2	79 121
2	84 17
2	83 17
2	85 14
2	79 270
2	84 18
2	84 19
2	84 20
2	83 20
2	85 19
2	79 127
2	83 20
2	85 20
2	79 68
2	84 1
2	84 2
2	83 2
2	85 1
2	79 121
2	84 3
2	84 4
2	83 4
2	85 2
2	79 239
2	84 5
2	84 6
2	83 6
2	85 5
2	79 120
2	84 7
2	83 7
2	85 7
2	79 31
2	84 8
2	84 9
2	83 9
2	85 9
2	79 39
2	83 9
2	85 8
2	79 125
2	84 10
2	84 11
2	84 12
2	83 12
2	85 11
2	79 103
2	84 13
2	83 13
2	85 13
2	79 30
2	84 14
2	84 15
2	83 15
2	85 12
2	79 269
2	83 15
2	85 15
2	79 39
2	84 16
2	84 17
2	83 17
2	85 14
2	79 265
2	84 18
2	83 18
2	85 16
2	79 184
2	84 19
2	83 19
2	85 18
2	79 110
2	83 19
2	85 19
2	79 37
2	84 20
2	84 1
2	83 1
2	85 1
2	79 34
2	84 2
2	84 3
2	83 3
2	85 3
2	79 31
2	84 4
2	84 5
2	84 6
2	83 6
2	85 5
2	79 121
2	83 6
2	85 6
2	79 68
2	84 7
2	84 8
2	83 8
2	85 7
2	79 111
2	83 8
2	85 8
2	79 40
2	84 9
2	83 9
2	85 9
2	79 31
2	84 10
2	84 11
2	83 11
2	85 11
2	79 24
2	84 12
2	84 13
2	84 14
2	83 14
2	85 13
2	79 117
2	83 14
2	85 12
2	79 207
2	84 15
2	84 16
2	83 16
2	85 14
2	79 217
2	84 17
2	84 18
2	83 18
2	85 17
2	79 121
2	83 18
2	85 16
2	79 209
2	84 19
2	84 20
2	83 20
2	85 18
2	79 198
2	84 1
2	84 2
2	83 2
2	85 1
2	79 123
2	84 3
2	83 3
2	85 3
2	79 31
2	84 4
2	83 4
2	85 2
2	79 216
2	83 4
2	85 4
2	79 64
2	84 5
2	84 6
2	83 6
2	85 5
2	79 108
2	84 7
2	84 8
2	83 8
2	85 6
2	79 207
2	84 9
2	84 10
2	83 10
2	85 9
2	79 107
2	84 11
2	83 11
2	85 8
2	79 274
2	83 11
2	85 11
2	79 45
2	84 12
2	84 13
2	83 13
2	85 13
2	79 25
2	84 14
2	84 15
2	83 15
2	85 12
2	79 261
2	83 15
2	85 15
2	79 28
2	84 16
2	84 17
2	83 17
2	85 14
2	79 243
2	84 18
2	83 18
2	85 16
2	79 222
2	84 19
2	84 20
2	83 20
2	85 19
2	79 120
2	83 20
2	85 18
2	79 208
2	84 1
2	84 2
2	83 2
2	85 20
2	79 216
2	84 3
2	84 4
2	84 5
2	83 5
2	85 3
2	79 219
2	83 5
2	85 4
2	79 146
2	84 6
2	83 6
2	85 6
2	79 75
2	84 7
2	84 8
2	84 9
2	84 10
2	TEST_NUMBER 0
2	SENT_TOTAL 250
2	RECEIVED_TOTAL 173
2	TIME_TOTAL 19418
2	RECEIVED_RADIO_1 173
2	RECEIVED_RADIO_2 0
2	SENT_RADIO_1 122
2	SENT_RADIO_2 127
2	RADIO_TIME_1 19843
2	RADIO_TIME_2 19683
2	RETRANSMISSIONS_1 5
2	RETRANSMISSIONS_2 0
2	DROPPED_1 0
2	DROPPED_2 0
2	MAX_QUEUE 1
2	DUPLICATED_1 8
2	DUPLICATED_2 0
2	EBUSY_RADIO_1 0
2	EBUSY_RADIO_2 0
2	83 0
2	85 7
2	86 0
2	83 0
2	85 10
2	86 0
2	84 1
2	84 2
2	84 3
2	83 3
2	85 1
2	79 211
2	84 4
2	84 5
2	83 5
2	85 4
2	79 141
2	84 6
2	83 6
2	85 6
2	79 26
2	84 7
2	84 8
2	84 9
2	83 9
2	85 8
2	79 104
2	83 9
2	85 7
2	79 192
2	84 10
2	83 10
2	85 10
2	79 46
2	84 11
2	84 12
2	84 13
2	84 14
2	83 14
2	85 12
2	79 187
2	83 14
2	85 11
2	79 274
2	83 14
2	85 14
2	79 76
2	84 15
2	84 16
2	83 16
2	85 16
2	79 27
2	84 17
2	84 18
2	83 18
2	85 15
2	79 266
2	83 18
2	85 18
2	79 33
2	84 19
2	84 20
2	83 20
2	85 17
2	79 255
2	84 1
2	83 1
2	85 19
2	79 195
2	84 2
2	84 3
2	83 3
2	85 2
2	79 113
2	83 3
2	85 1
2	79 209
2	84 4
2	84 5
2	83 5
2	85 3
2	79 198
2	84 6
2	84 7
2	83 7
2	85 6
2	79 122
2	84 8
2	83 8
2	85 8
2	79 33
2	84 9
2	84 10
2	83 10
2	85 7
2	79 278
2	84 11
2	84 12
2	83 12
2	85 10
2	79 193
2	84 13
2	83 13
2	85 13
2	79 29
2	84 14
2	83 14
2	85 11
2	79 275
2	83 14
2	85 12
2	79 207
2	84 15
2	83 15
2	85 15
2	79 37
2	84 16
2	84 17
2	83 17
2	85 17
2	79 29
2	84 18
2	84 19
2	83 19
2	85 16
2	79 269
2	83 19
2	85 19
2	79 37
2	84 20
2	84 1
2	83 1
2	85 18
2	79 256
2	84 2
2	83 2
2	85 20
2	79 237
2	84 3
2	84 4
2	84 5
2	83 5
2	85 2
2	79 270
2	83 5
2	85 3
2	79 208
2	83 5
2	85 4
2	79 138
2	84 6
2	83 6
2	85 6
2	79 75
2	84 7
2	84 8
2	83 8
2	85 7
2	79 96
2	84 9
2	83 9
2	85 8
2	79 123
2	84 10
2	84 11
2	83 11
2	85 11
2	79 75
2	84 12
2	84 13
2	83 13
2	85 10
2	79 264
2	84 14
2	83 14
2	85 12
2	79 220
2	84 15
2	84 16
2	83 16
2	85 15
2	79 109
2	83 16
2	85 14
2	79 196
2	84 17
2	84 18
2	83 18
2	85 16
2	79 219
2	84 19
2	83 19
2	85 18
2	79 109
2	83 19
2	85 19
2	79 54
2	84 20
2	84 1
2	83 1
2	85 1
2	79 63
2	84 2
2	84 3
2	83 3
2	85 3
2	79 26
2	84 4
2	84 5
2	83 5
2	85 2
2	79 265
2	83 5
2	85 5
2	79 35
2	84 6
2	83 6
2	85 4
2	79 216
2	84 7
2	84 8
2	83 8
2	85 6
2	79 239
2	84 9
2	84 10
2	83 10
2	85 9
2	79 124
2	84 11
2	84 12
2	83 12
2	85 10
2	79 227
2	84 13
2	84 14
2	83 14
2	85 13
2	79 121
2	83 14
2	85 12
2	79 217
2	84 15
2	84 16
2	83 16
2	85 15
2	79 128
2	84 17
2	84 18
2	83 18
2	85 16
2	79 192
2	83 18
2	85 18
2	79 39
2	84 19
2	84 20
2	83 20
2	85 19
2	79 111
2	84 1
2	84 2
2	83 2
2	85 20
2	79 223
2	84 3
2	83 3
2	85 2
2	79 107
2	83 3
2	85 3
2	79 36
2	84 4
2	83 4
2	85 4
2	79 77
2	84 5
2	84 6
2	84 7
2	83 7
2	85 7
2	79 31
2	84 8
2	84 9
2	83 9
2	85 6
2	79 269
2	83 9
2	85 9
2	79 39
2	84 10
2	84 11
2	83 11
2	85 8
2	79 246
2	84 12
2	83 12
2	85 10
2	79 204
2	84 13
2	84 14
2	83 14
2	85 13
2	79 113
2	83 14
2	85 12
2	79 209
2	84 15
2	84 16
2	84 17
2	84 18
2	83 18
2	85 15
2	79 274
2	83 18
2	85 17
2	79 123
2	83 18
2	85 18
2	79 60
2	84 19
2	84 20
2	83 20
2	85 19
2	79 128
2	84 1
2	84 2
2	83 2
2	85 20
2	79 236
2	84 3
2	84 4
2	83 4
2	85 3
2	79 115
2	83 4
2	85 2
2	79 206
2	84 5
2	84 6
2	83 6
2	85 4
2	79 184
2	84 7
2	84 8
2	83 8
2	85 7
2	79 123
2	84 9
2	83 9
2	85 9
2	79 30
2	84 10
2	84 11
2	83 11
2	85 8
2	79 261
2	83 11
2	85 11
2	79 75
2	84 12
2	84 13
2	83 13
2	85 12
2	79 107
2	83 13
2	85 13
2	79 36
2	84 14
2	84 15
2	83 15
2	85 14
2	79 108
2	84 16
2	84 17
2	83 17
2	85 17
2	79 26
2	84 18
2	84 19
2	83 19
2	85 16
2	79 271
2	84 20
2	84 1
2	83 1
2	85 19
2	79 176
2	83 1
2	85 18
2	79 274
2	84 2
2	83 2
2	85 20
2	79 189
2	84 3
2	84 4
2	83 4
2	85 3
2	79 122
2	84 5
2	83 5
2	85 5
2	79 25
2	84 6
2	83 6
2	85 4
2	79 213
2	83 6
2	85 6
2	79 61
2	84 7
2	84 8
2	83 8
2	85 7
2	79 109
2	84 9
2	84 10
2	83 10
2	85 8
2	79 230
2	84 11
2	83 11
2	85 10
2	79 88
2	84 12
2	83 12
2	85 11
2	79 117
2	84 13
2	84 14
2	83 14
2	85 12
2	79 213
2	84 15
2	84 16
2	83 16
2	85 15
2	79 123
2	84 17
2	83 17
2	85 17
2	79 31
2	84 18
2	83 18
2	85 16
2	79 232
2	83 18
2	85 18
2	79 77
2	84 19
2	84 20
2	83 20
2	85 19
2	79 103
2	84 1
2	84 2
2	83 2
2	85 20
2	79 188
2	84 3
2	83 3
2	85 2
2	79 107
2	84 4
2	84 5
2	83 5
2	85 3
2	79 209
2	83 5
2	85 5
2	79 56
2	84 6
2	84 7
2	83 7
2	85 7
2	79 28
2	84 8
2	84 9
2	83 9
2	85 6
2	79 263
2	83 9
2	85 9
2	79 35
2	84 10
2	84 11
2	83 11
2	85 8
2	79 263
2	84 12
2	84 13
2	83 13
2	85 11
2	79 194
2	84 14
2	83 14
2	85 12
2	79 232
2	83 14
2	85 14
2	79 80
2	84 15
2	83 15
2	85 15
2	79 32
2	84 16
2	84 17
2	83 17
2	85 16
2	79 106
2	83 17
2	85 17
2	79 36
2	84 18
2	84 19
2	84 20
2	83 20
2	85 18
2	79 198
2	83 20
2	85 20
2	79 64
2	84 1
2	84 2
2	83 2
2	85 1
2	79 123
2	84 3
2	84 4
2	83 4
2	85 2
2	79 184
2	84 5
2	84 6
2	83 6
2	85 5
2	79 128
2	84 7
2	83 7
2	85 7
2	79 25
2	84 8
2	83 8
2	85 6
2	79 216
2	83 8
2	85 8
2	79 67
2	84 9
2	84 10
2	83 10
2	85 9
2	79 120
2	84 11
2	84 12
2	83 12
2	85 10
2	79 186
2	84 13
2	84 14
2	83 14
2	85 13
2	79 127
2	84 15
2	83 15
2	85 15
2	79 30
2	84 16
2	84 17
2	83 17
2	85 14
2	79 264
2	83 17
2	85 17
2	79 33
2	84 18
2	84 19
2	84 20
2	83 20
2	85 19
2	79 145
2	83 20
2	85 18
2	79 232
2	83 20
2	85 20
2	79 80
2	84 1
2	84 2
2	84 3
2	83 3
2	85 1
2	79 208
2	83 3
2	85 2
2	79 138
2	84 4
2	84 5
2	83 5
2	85 4
2	79 85
2	84 6
2	83 6
2	85 6
2	79 28
2	84 7
2	84 8
2	83 8
2	85 5
2	79 313
2	84 9
2	83 9
2	85 8
2	79 81
2	84 10
2	84 11
2	83 11
2	85 9
2	79 210
2	83 11
2	85 10
2	79 144
2	83 11
2	85 11
2	79 73
2	84 12
2	84 13
2	84 14
2	83 14
2	85 12
2	79 212
2	83 14
2	85 13
2	79 140
2	84 15
2	83 15
2	85 15
2	79 54
2	84 16
2	84 17
2	83 17
2	85 17
2	79 28
2	84 18
2	84 19
2	83 19
2	85 16
2	79 268
2	84 20
2	83 20
2	85 18
2	79 204
2	84 1
2	84 2
2	83 2
2	85 1
2	79 110
2	83 2
2	85 20
2	79 196
2	84 3
2	83 3
2	85 3
2	79 42
2	84 4
2	84 5
2	83 5
2	85 5
2	79 31
2	84 6
2	84 7
2	83 7
2	85 4
2	79 265
2	83 7
2	85 7
2	79 36
2	84 8
2	84 9
2	83 9
2	85 6
2	79 266
2	83 9
2	85 9
2	79 56
2	84 10
2	84 11
2	84 12
2	83 12
2	85 10
2	79 198
2	84 13
2	83 13
2	85 12
2	79 106
2	83 13
2	85 11
2	79 202
2	84 14
2	83 14
2	85 14
2	79 43
2	84 15
2	84 16
2	83 16
2	85 16
2	79 23
2	84 17
2	84 18
2	83 18
2	85 15
2	79 267
2	83 18
2	85 18
2	79 35
2	84 19
2	83 19
2	85 17
2	79 205
2	84 20
2	84 1
2	84 2
2	83 2
2	85 20
2	79 185
2	84 3
2	83 3
2	85 3
2	79 24
2	83 3
2	85 1
2	79 191
2	83 3
2	85 2
2	79 117
2	84 4
2	84 5
2	84 6
2	83 6
2	85 5
2	79 115
2	84 7
2	84 8
2	84 9
2	83 9
2	85 7
2	79 186
2	83 9
2	85 6
2	79 276
2	83 9
2	85 9
2	79 44
2	84 10
2	84 11
2	83 11
2	85 8
2	79 255
2	83 11
2	85 10
2	79 121
2	83 11
2	85 11
2	79 51
2	84 12
2	84 13
2	84 14
2	83 14
2	85 12
2	79 191
2	84 15
2	84 16
2	83 16
2	85 15
2	79 117
2	84 17
2	83 17
2	85 14
2	79 266
2	83 17
2	85 17
2	79 34
2	84 18
2	84 19
2	84 20
2	84 1
2	83 1
2	85 18
2	79 264
2	83 1
2	85 19
2	79 210
2	84 2
2	84 3
2	83 3
2	85 20
2	79 283
2	83 3
2	85 1
2	79 213
2	84 4
2	84 5
2	83 5
2	85 4
2	79 113
2	83 5
2	85 3
2	79 202
2	84 6
2	83 6
2	85 6
2	79 29
2	84 7
2	84 8
2	83 8
2	85 8
2	79 25
2	84 9
2	84 10
2	TEST_NUMBER 1
2	SENT_TOTAL 250
2	RECEIVED_TOTAL 188
2	TIME_TOTAL 29619
2	RECEIVED_RADIO_1 190
2	RECEIVED_RADIO_2 0
2	SENT_RADIO_1 119
2	SENT_RADIO_2 131
2	RADIO_TIME_1 29754
2	RADIO_TIME_2 19763
2	RETRANSMISSIONS_1 13
2	RETRANSMISSIONS_2 0
2	DROPPED_1 0
2	DROPPED_2 0
2	MAX_QUEUE 1
2	DUPLICATED_1 13
2	DUPLICATED_2 0
2	EBUSY_RADIO_1 0
2	EBUSY_RADIO_2 0
2	83 0
2	85 7
2	86 1
2	83 0
2	85 10
2	86 1
2	84 1
2	83 1
2	85 9
2	86 1
2	84 2
2	84 3
2	83 3
2	85 1
2	79 187
2	84 4
2	84 5
2	83 5
2	85 4
2	79 110
2	83 5
2	85 3
2	79 200
2	84 6
2	84 7
2	83 7
2	85 5
2	79 186
2	84 8
2	83 8
2	85 7
2	79 102
2	83 8
2	85 8
2	79 37
2	84 9
2	84 10
2	83 10
2	85 10
2	79 32
2	84 11
2	84 12
2	84 13
2	84 14
2	83 14
2	85 11
2	79 305
2	83 14
2	85 13
2	79 152
2	83 14
2	85 14
2	79 80
2	84 15
2	83 15
2	85 15
2	79 45
2	84 16
2	84 17
2	84 18
2	83 18
2	85 17
2	79 91
2	83 18
2	85 18
2	79 74
2	84 19
2	84 20
2	83 20
2	85 19
2	79 111
2	83 20
2	85 20
2	79 40
2	84 1
2	84 2
2	84 3
2	83 3
2	85 3
2	79 31
2	84 4
2	83 4
2	85 2
2	79 221
2	83 4
2	85 4
2	79 71
2	84 5
2	84 6
2	83 6
2	85 5
2	79 107
2	83 6
2	85 6
2	79 37
2	84 7
2	84 8
2	84 9
2	83 9
2	85 9
2	79 28
2	84 10
2	83 10
2	85 8
2	79 197
2	84 11
2	83 11
2	85 10
2	79 108
2	83 11
2	85 11
2	79 34
2	84 12
2	84 13
2	84 14
2	83 14
2	85 12
2	79 236
2	84 15
2	84 16
2	83 16
2	85 15
2	79 102
2	83 16
2	85 14
2	79 196
2	84 17
2	84 18
2	83 18
2	85 16
2	79 219
2	84 19
2	84 20
2	83 20
2	85 19
2	79 119
2	84 1
2	83 1
2	85 1
2	79 26
2	84 2
2	84 3
2	83 3
2	85 20
2	79 255
2	84 4
2	84 5
2	83 5
2	85 3
2	79 184
2	83 5
2	85 5
2	79 43
2	84 6
2	83 6
2	85 4
2	79 197
2	83 6
2	85 6
2	79 47
2	84 7
2	84 8
2	84 9
2	83 9
2	85 9
2	79 25
2	84 10
2	83 10
2	85 8
2	79 238
2	84 11
2	84 12
2	83 12
2	85 10
2	79 190
2	83 12
2	85 11
2	79 117
2	84 13
2	84 14
2	83 14
2	85 12
2	79 190
2	84 15
2	84 16
2	83 16
2	85 15
2	79 118
2	84 17
2	84 18
2	83 18
2	85 17
2	79 108
2	83 18
2	85 16
2	79 195
2	84 19
2	84 20
2	84 1
2	83 1
2	85 19
2	79 192
2	83 1
2	85 1
2	79 37
2	84 2
2	84 3
2	83 3
2	85 20
2	79 276
2	83 3
2	85 3
2	79 43
2	84 4
2	83 4
2	85 2
2	79 194
2	83 4
2	85 4
2	79 41
2	84 5
2	83 5
2	85 5
2	79 40
2	84 6
2	84 7
2	84 8
2	83 8
2	85 6
2	79 206
2	84 9
2	84 10
2	83 10
2	85 9
2	79 130
2	83 10
2	85 8
2	79 218
2	84 11
2	84 12
2	83 12
2	85 10
2	79 185
2	84 13
2	84 14
2	83 14
2	85 13
2	79 117
2	83 14
2	85 12
2	79 203
2	84 15
2	84 16
2	83 16
2	85 14
2	79 195
2	84 17
2	84 18
2	83 18
2	85 17
2	79 126
2	84 19
2	84 20
2	83 20
2	85 16
2	79 386
2	83 20
2	85 18
2	79 234
2	84 1
2	83 1
2	85 20
2	79 105
2	84 2
2	84 3
2	83 3
2	85 1
2	79 237
2	84 4
2	83 4
2	85 3
2	79 86
2	84 5
2	83 5
2	85 5
2	79 28
2	84 6
2	83 6
2	85 4
2	79 210
2	83 6
2	85 6
2	79 58
2	84 7
2	84 8
2	83 8
2	85 7
2	79 94
2	84 9
2	83 9
2	85 9
2	79 24
2	84 10
2	84 11
2	84 12
2	83 12
2	85 11
2	79 114
2	83 12
2	85 10
2	79 204
2	84 13
2	84 14
2	83 14
2	85 12
2	79 234
2	84 15
2	83 15
2	85 14
2	79 92
2	84 16
2	83 16
2	85 15
2	79 105
2	83 16
2	85 16
2	79 53
2	84 17
2	84 18
2	84 19
2	83 19
2	85 19
2	79 29
2	84 20
2	84 1
2	83 1
2	85 18
2	79 266
2	83 1
2	85 1
2	79 37
2	84 2
2	83 2
2	85 2
2	79 30
2	84 3
2	84 4
2	83 4
2	85 3
2	79 127
2	84 5
2	84 6
2	83 6
2	85 4
2	79 216
2	84 7
2	84 8
2	83 8
2	85 7
2	79 113
2	84 9
2	83 9
2	85 9
2	79 31
2	84 10
2	83 10
2	85 8
2	79 193
2	84 11
2	83 11
2	85 10
2	79 112
2	83 11
2	85 11
2	79 39
2	84 12
2	84 13
2	83 13
2	85 13
2	79 32
2	84 14
2	84 15
2	83 15
2	85 15
2	79 32
2	84 16
2	84 17
2	83 17
2	85 14
2	79 265
2	83 17
2	85 17
2	79 37
2	84 18
2	83 18
2	85 16
2	79 223
2	84 19
2	83 19
2	85 18
2	79 95
2	84 20
2	84 1
2	83 1
2	85 1
2	79 26
2	84 2
2	84 3
2	83 3
2	85 20
2	79 265
2	83 3
2	85 3
2	79 33
2	84 4
2	83 4
2	85 2
2	79 228
2	84 5
2	84 6
2	83 6
2	85 4
2	79 221
2	84 7
2	84 8
2	83 8
2	85 7
2	79 119
2	83 8
2	85 6
2	79 207
2	84 9
2	84 10
2	83 10
2	85 8
2	79 184
2	84 11
2	83 11
2	85 10
2	79 109
2	84 12
2	84 13
2	83 13
2	85 11
2	79 195
2	83 13
2	85 13
2	79 41
2	84 14
2	83 14
2	85 14
2	79 56
2	84 15
2	84 16
2	83 16
2	85 15
2	79 117
2	84 17
2	84 18
2	83 18
2	85 16
2	79 233
2	84 19
2	83 19
2	85 18
2	79 104
2	83 19
2	85 19
2	79 34
2	84 20
2	84 1
2	83 1
2	85 20
2	79 96
2	84 2
2	83 2
2	85 2
2	79 42
2	84 3
2	84 4
2	83 4
2	85 3
2	79 128
2	84 5
2	84 6
2	83 6
2	85 4
2	79 196
2	84 7
2	83 7
2	85 6
2	79 108
2	83 7
2	85 7
2	79 38
2	84 8
2	83 8
2	85 8
2	79 41
2	84 9
2	84 10
2	84 11
2	83 11
2	85 11
2	79 28
2	84 12
2	84 13
2	83 13
2	85 10
2	79 263
2	83 13
2	85 13
2	79 34
2	84 14
2	83 14
2	85 12
2	79 206
2	84 15
2	84 16
2	83 16
2	85 14
2	79 214
2	84 17
2	84 18
2	83 18
2	85 17
2	79 116
2	84 19
2	83 19
2	85 19
2	79 28
2	84 20
2	84 1
2	83 1
2	85 18
2	79 267
2	83 1
2	85 1
2	79 35
2	84 2
2	83 2
2	85 20
2	79 198
2	83 2
2	85 2
2	79 44
2	84 3
2	84 4
2	84 5
2	83 5
2	85 3
2	79 189
2	83 5
2	85 5
2	79 35
2	84 6
2	84 7
2	84 8
2	83 8
2	85 7
2	79 121
2	83 8
2	85 6
2	79 208
2	84 9
2	84 10
2	83 10
2	85 8
2	79 194
2	84 11
2	83 11
2	85 10
2	79 105
2	83 11
2	85 11
2	79 34
2	84 12
2	84 13
2	83 13
2	85 13
2	79 44
2	84 14
2	84 15
2	83 15
2	85 15
2	79 26
2	84 16
2	84 17
2	83 17
2	85 14
2	79 263
2	83 17
2	85 17
2	79 33
2	84 18
2	83 18
2	85 16
2	79 225
2	84 19
2	84 20
2	83 20
2	85 18
2	79 211
2	84 1
2	84 2
2	83 2
2	85 1
2	79 112
2	83 2
2	85 20
2	79 208
2	84 3
2	84 4
2	83 4
2	85 4
2	79 28
2	84 5
2	83 5
2	85 3
2	79 215
2	84 6
2	84 7
2	83 7
2	85 5
2	79 212
2	84 8
2	84 9
2	83 9
2	85 8
2	79 115
2	83 9
2	85 7
2	79 204
2	84 10
2	84 11
2	83 11
2	85 9
2	79 210
2	83 11
2	85 11
2	79 61
2	84 12
2	84 13
2	83 13
2	85 12
2	79 109
2	84 14
2	84 15
2	84 16
2	83 16
2	85 13
2	79 241
2	83 16
2	85 15
2	79 105
2	83 16
2	85 16
2	79 35
2	84 17
2	84 18
2	83 18
2	85 17
2	79 117
2	83 18
2	85 18
2	79 45
2	84 19
2	84 20
2	83 20
2	85 19
2	79 84
2	84 1
2	83 1
2	85 1
2	79 26
2	84 2
2	84 3
2	83 3
2	85 2
2	79 104
2	83 3
2	85 3
2	79 31
2	84 4
2	83 4
2	85 4
2	79 35
2	84 5
2	84 6
2	84 7
2	83 7
2	85 6
2	79 116
2	83 7
2	85 7
2	79 46
2	84 8
2	84 9
2	83 9
2	85 8
2	79 118
2	84 10
2	84 11
2	83 11
2	85 9
2	79 184
2	84 12
2	83 12
2	85 11
2	79 107
2	83 12
2	85 12
2	79 33
2	84 13
2	84 14
2	83 14
2	85 14
2	79 32
2	84 15
2	84 16
2	84 17
2	83 17
2	85 15
2	79 212
2	84 18
2	83 18
2	85 16
2	79 201
2	83 18
2	85 17
2	79 133
2	84 19
2	84 20
2	83 20
2	85 19
2	79 100
2	84 1
2	83 1
2	85 1
2	79 28
2	84 2
2	83 2
2	85 20
2	79 210
2	83 2
2	85 2
2	79 56
2	84 3
2	84 4
2	83 4
2	85 3
2	79 108
2	83 4
2	85 4
2	79 47
2	84 5
2	84 6
2	83 6
2	85 6
2	79 58
2	84 7
2	83 7
2	85 7
2	79 39
2	84 8
2	84 9
2	83 9
2	85 8
2	79 124
2	84 10
2	84 11
2	84 12
2	84 13
2	83 13
2	85 9
2	79 345
2	83 13
2	85 12
2	79 126
2	83 13
2	85 11
2	79 216
2	84 14
2	83 14
2	85 14
2	79 34
2	84 15
2	84 16
2	83 16
2	85 16
2	79 28
2	84 17
2	83 17
2	85 15
2	79 192
2	84 18
2	83 18
2	85 17
2	79 120
2	83 18
2	85 18
2	79 49
2	84 19
2	83 19
2	85 19
2	79 35
2	84 20
2	84 1
2	84 2
2	83 2
2	85 2
2	79 24
2	84 3
2	84 4
2	83 4
2	85 1
2	79 285
2	84 5
2	84 6
2	83 6
2	85 4
2	79 190
2	83 6
2	85 5
2	79 129
2	84 7
2	84 8
2	83 8
2	85 7
2	79 106
2	84 9
2	83 9
2	85 9
2	79 29
2	84 10
2	TEST_NUMBER 2
2	SENT_TOTAL 250
2	RECEIVED_TOTAL 192
2	TIME_TOTAL 29810
2	RECEIVED_RADIO_1 195
2	RECEIVED_RADIO_2 0
2	SENT_RADIO_1 122
2	SENT_RADIO_2 128
2	RADIO_TIME_1 29810
2	RADIO_TIME_2 19843
2	RETRANSMISSIONS_1 9
2	RETRANSMISSIONS_2 0
2	DROPPED_1 0
2	DROPPED_2 0
2	MAX_QUEUE 1
2	DUPLICATED_1 9
2	DUPLICATED_2 0
2	EBUSY_RADIO_1 0
2	EBUSY_RADIO_2 0
2	83 0
2	85 8
2	86 2
2	84 1
2	84 2
2	84 3
2	84 4
2	84 5
2	83 5
2	85 1
2	79 377
2	83 5
2	85 4
2	79 159
2	84 6
2	83 6
2	85 3
2	79 256
2	84 7
2	84 8
2	83 8
2	85 8
2	79 31
2	84 9
2	84 10
2	84 11
2	83 11
2	85 7
2	79 391
2	84 12
2	83 12
2	85 9
2	79 302
2	84 13
2	84 14
2	84 15
2	83 15
2	85 11
2	79 345
2	83 15
2	85 12
2	79 272
2	83 15
2	85 13
2	79 202
2	84 16
2	84 17
2	84 18
2	83 18
2	85 14
2	79 365
2	83 18
2	85 16
2	79 219
2	83 18
2	85 17
2	79 158
2	84 19
2	84 20
2	83 20
2	85 18
2	79 196
2	84 1
2	84 2
2	84 3
2	83 3
2	85 19
2	79 355
2	84 4
2	83 4
2	85 1
2	79 278
2	84 5
2	83 5
2	85 2
2	79 252
2	83 5
2	85 4
2	79 123
2	83 5
2	85 3
2	79 213
2	84 6
2	84 7
2	84 8
2	83 8
2	85 6
2	79 195
2	84 9
2	84 10
2	84 11
2	84 12
2	83 12
2	85 9
2	79 289
2	84 13
2	84 14
2	83 14
2	85 10
2	79 360
2	83 14
2	85 12
2	79 207
2	84 15
2	83 15
2	85 13
2	79 193
2	83 15
2	85 14
2	79 144
2	84 16
2	84 17
2	84 18
2	83 18
2	85 15
2	79 271
2	84 19
2	83 19
2	85 17
2	79 194
2	84 20
2	84 1
2	83 1
2	85 19
2	79 208
2	83 1
2	85 18
2	79 302
2	84 2
2	84 3
2	83 3
2	85 1
2	79 200
2	84 4
2	84 5
2	83 5
2	85 2
2	79 309
2	84 6
2	83 6
2	85 4
2	79 215
2	84 7
2	84 8
2	83 8
2	85 5
2	79 255
2	84 9
2	83 9
2	85 6
2	79 295
2	84 10
2	83 10
2	85 7
2	79 314
2	84 11
2	84 12
2	84 13
2	83 13
2	85 9
2	79 348
2	83 13
2	85 10
2	79 283
2	84 14
2	83 14
2	85 11
2	79 305
2	84 15
2	84 16
2	84 17
2	83 17
2	85 12
2	79 409
2	83 17
2	85 15
2	79 179
2	84 18
2	84 19
2	83 19
2	85 16
2	79 265
2	83 19
2	85 18
2	79 123
2	84 20
2	84 1
2	84 2
2	83 2
2	85 17
2	79 422
2	83 2
2	85 19
2	79 278
2	83 2
2	85 20
2	79 216
2	84 3
2	84 4
2	83 4
2	85 1
2	79 290
2	84 5
2	84 6
2	83 6
2	85 2
2	79 378
2	84 7
2	84 8
2	84 9
2	83 9
2	85 5
2	79 348
2	84 10
2	83 10
2	85 7
2	79 287
2	83 10
2	85 8
2	79 225
2	84 11
2	84 12
2	83 12
2	85 10
2	79 186
2	83 12
2	85 9
2	79 285
2	84 13
2	83 13
2	85 12
2	79 126
2	83 13
2	85 11
2	79 212
2	83 13
2	85 13
2	79 69
2	84 14
2	83 14
2	85 14
2	79 41
2	84 15
2	84 16
2	84 17
2	84 18
2	84 19
2	83 19
2	85 15
2	79 381
2	84 20
2	84 1
2	83 1
2	85 18
2	79 292
2	83 1
2	85 19
2	79 221
2	84 2
2	84 3
2	83 3
2	85 20
2	79 252
2	83 3
2	85 1
2	79 198
2	83 3
2	85 3
2	79 47
2	84 4
2	84 5
2	83 5
2	85 2
2	79 253
2	84 6
2	84 7
2	84 8
2	83 8
2	85 4
2	79 345
2	83 8
2	85 6
2	79 201
2	84 9
2	84 10
2	84 11
2	83 11
2	85 7
2	79 375
2	84 12
2	84 13
2	83 13
2	85 10
2	79 289
2	84 14
2	83 14
2	85 12
2	79 185
2	83 14
2	85 14
2	79 38
2	84 15
2	84 16
2	84 17
2	84 18
2	83 18
2	85 13
2	79 446
2	84 19
2	83 19
2	85 16
2	79 311
2	84 20
2	83 20
2	85 17
2	79 250
2	84 1
2	83 1
2	85 19
2	79 202
2	84 2
2	83 2
2	85 20
2	79 194
2	83 2
2	85 2
2	79 47
2	84 3
2	84 4
2	84 5
2	83 5
2	85 1
2	79 385
2	84 6
2	84 7
2	84 8
2	83 8
2	85 3
2	79 430
2	83 8
2	85 5
2	79 299
2	83 8
2	85 6
2	79 237
2	84 9
2	83 9
2	85 7
2	79 195
2	84 10
2	84 11
2	83 11
2	85 8
2	79 284
2	84 12
2	84 13
2	84 14
2	83 14
2	85 10
2	79 362
2	83 14
2	85 11
2	79 288
2	83 14
2	85 12
2	79 226
2	84 15
2	84 16
2	84 17
2	84 18
2	84 19
2	83 19
2	85 16
2	79 311
2	84 20
2	84 1
2	83 1
2	85 17
2	79 399
2	84 2
2	83 2
2	85 18
2	79 324
2	83 2
2	85 2
2	79 67
2	84 3
2	84 4
2	83 4
2	85 1
2	79 267
2	83 4
2	85 4
2	79 35
2	84 5
2	83 5
2	85 3
2	79 234
2	84 6
2	84 7
2	83 7
2	85 5
2	79 202
2	84 8
2	84 9
2	84 10
2	83 10
2	85 7
2	79 265
2	83 10
2	85 8
2	79 195
2	84 11
2	83 11
2	85 9
2	79 185
2	83 11
2	85 11
2	79 31
2	84 12
2	84 13
2	83 13
2	85 10
2	79 267
2	84 14
2	83 14
2	85 12
2	79 224
2	84 15
2	84 16
2	84 17
2	83 17
2	85 14
2	79 265
2	83 17
2	85 15
2	79 192
2	83 17
2	85 16
2	79 155
2	84 18
2	84 19
2	83 19
2	85 17
2	79 195
2	84 20
2	84 1
2	83 1
2	85 20
2	79 141
2	84 2
2	83 2
2	85 2
2	79 28
2	84 3
2	84 4
2	83 4
2	85 1
2	79 264
2	83 4
2	85 4
2	79 38
2	84 5
2	84 6
2	83 6
2	85 6
2	79 51
2	84 7
2	83 7
2	85 5
2	79 171
2	84 8
2	83 8
2	85 7
2	79 123
2	83 8
2	85 8
2	79 53
2	84 9
2	84 10
2	84 11
2	84 12
2	84 13
2	83 13
2	85 9
2	79 334
2	84 14
2	83 14
2	85 12
2	79 230
2	83 14
2	85 13
2	79 157
2	84 15
2	84 16
2	84 17
2	83 17
2	85 15
2	79 185
2	83 17
2	85 17
2	79 38
2	84 18
2	84 19
2	83 19
2	85 16
2	79 266
2	84 20
2	83 20
2	85 19
2	79 152
2	84 1
2	84 2
2	83 2
2	85 18
2	79 363
2	84 3
2	84 4
2	84 5
2	83 5
2	85 20
2	79 425
2	83 5
2	85 2
2	79 271
2	83 5
2	85 3
2	79 202
2	84 6
2	84 7
2	83 7
2	85 4
2	79 245
2	84 8
2	83 8
2	85 6
2	79 201
2	84 9
2	84 10
2	83 10
2	85 8
2	79 181
2	83 10
2	85 7
2	79 272
2	84 11
2	84 12
2	83 12
2	85 10
2	79 193
2	83 12
2	85 12
2	79 62
2	84 13
2	84 14
2	83 14
2	85 11
2	79 265
2	83 14
2	85 14
2	79 46
2	84 15
2	84 16
2	83 16
2	85 13
2	79 303
2	84 17
2	84 18
2	83 18
2	85 16
2	79 200
2	84 19
2	84 20
2	83 20
2	85 17
2	79 270
2	83 20
2	85 18
2	79 214
2	84 1
2	83 1
2	85 19
2	79 215
2	84 2
2	83 2
2	85 2
2	79 28
2	84 3
2	84 4
2	83 4
2	85 1
2	79 269
2	83 4
2	85 4
2	79 36
2	84 5
2	83 5
2	85 3
2	79 228
2	84 6
2	84 7
2	84 8
2	83 8
2	85 5
2	79 263
2	83 8
2	85 7
2	79 110
2	83 8
2	85 8
2	79 41
2	84 9
2	84 10
2	83 10
2	85 10
2	79 67
2	84 11
2	84 12
2	83 12
2	85 12
2	79 27
2	84 13
2	83 13
2	85 11
2	79 215
2	83 13
2	85 13
2	79 64
2	84 14
2	84 15
2	84 16
2	83 16
2	85 14
2	79 181
2	84 17
2	84 18
2	83 18
2	85 15
2	79 302
2	84 19
2	83 19
2	85 17
2	79 186
2	83 19
2	85 19
2	79 34
2	84 20
2	84 1
2	83 1
2	85 18
2	79 305
2	84 2
2	84 3
2	83 3
2	85 1
2	79 189
2	84 4
2	83 4
2	85 2
2	79 189
2	83 4
2	85 4
2	79 35
2	84 5
2	84 6
2	83 6
2	85 3
2	79 266
2	83 6
2	85 6
2	79 33
2	84 7
2	83 7
2	85 5
2	79 219
2	84 8
2	84 9
2	83 9
2	85 7
2	79 195
2	84 10
2	84 11
2	84 12
2	83 12
2	85 10
2	79 161
2	83 12
2	85 12
2	79 26
2	84 13
2	83 13
2	85 11
2	79 240
2	84 14
2	84 15
2	83 15
2	85 13
2	79 194
2	84 16
2	83 16
2	85 15
2	79 104
2	83 16
2	85 16
2	79 34
2	84 17
2	83 17
2	85 17
2	79 73
2	84 18
2	84 19
2	83 19
2	85 19
2	79 24
2	84 20
2	84 1
2	84 2
2	83 2
2	85 20
2	79 196
2	83 2
2	85 1
2	79 126
2	84 3
2	83 3
2	85 2
2	79 140
2	84 4
2	84 5
2	83 5
2	85 3
2	79 195
2	84 6
2	84 7
2	83 7
2	85 6
2	79 122
2	84 8
2	83 8
2	85 8
2	79 25
2	84 9
2	84 10
2	83 10
2	85 7
2	79 267
2	83 10
2	85 10
2	79 37
2	84 11
2	84 12
2	84 13
2	84 14
2	83 14
2	85 9
2	79 424
2	83 14
2	85 12
2	79 194
2	84 15
2	83 15
2	85 13
2	79 189
2	83 15
2	85 15
2	79 38
2	84 16
2	83 16
2	85 14
2	79 236
2	84 17
2	84 18
2	84 19
2	83 19
2	85 16
2	79 256
2	84 20
2	83 20
2	85 19
2	79 116
2	84 1
2	83 1
2	85 1
2	79 33
2	84 2
2	84 3
2	83 3
2	85 20
2	79 308
2	84 4
2	83 4
2	85 4
2	79 68
2	84 5
2	84 6
2	84 7
2	84 8
2	83 8
2	85 3
2	79 427
2	83 8
2	85 6
2	79 201
2	84 9
2	83 9
2	85 7
2	79 227
2	84 10
2	TEST_NUMBER 3
2	SENT_TOTAL 250
2	RECEIVED_TOTAL 185
2	TIME_TOTAL 29745
2	RECEIVED_RADIO_1 186
2	RECEIVED_RADIO_2 0
2	SENT_RADIO_1 103
2	SENT_RADIO_2 146
2	RADIO_TIME_1 29745
2	RADIO_TIME_2 19763
2	RETRANSMISSIONS_1 58
2	RETRANSMISSIONS_2 0
2	DROPPED_1 0
2	DROPPED_2 0
2	MAX_QUEUE 1
2	DUPLICATED_1 26
2	DUPLICATED_2 0
2	EBUSY_RADIO_1 0
2	EBUSY_RADIO_2 0
2	83 0
2	85 10
2	86 3
2	84 1
2	84 2
2	83 2
2	85 9
2	86 3
2	84 3
2	83 3
2	85 3
2	79 48
2	84 4
2	84 5
2	83 5
2	85 2
2	79 265
2	83 5
2	85 5
2	79 32
2	84 6
2	84 7
2	84 8
2	83 8
2	85 7
2	79 105
2	84 9
2	83 9
2	85 6
2	79 306
2	83 9
2	85 9
2	79 76
2	84 10
2	84 11
2	83 11
2	85 8
2	79 264
2	84 12
2	84 13
2	83 13
2	85 13
2	79 34
2	84 14
2	83 14
2	85 10
2	79 361
2	83 14
2	85 12
2	79 223
2	84 15
2	83 15
2	85 14
2	79 154
2	84 16
2	83 16
2	85 15
2	79 83
2	84 17
2	84 18
2	83 18
2	85 16
2	79 193
2	84 19
2	84 20
2	83 20
2	85 19
2	79 141
2	84 1
2	83 1
2	85 18
2	79 301
2	84 2
2	83 2
2	85 20
2	79 208
2	83 2
2	85 2
2	79 58
2	84 3
2	84 4
2	83 4
2	85 3
2	79 120
2	83 4
2	85 4
2	79 50
2	84 5
2	83 5
2	85 5
2	79 33
2	84 6
2	84 7
2	84 8
2	83 8
2	85 6
2	79 188
2	84 9
2	84 10
2	84 11
2	83 11
2	85 8
2	79 268
2	83 11
2	85 9
2	79 198
2	84 12
2	83 12
2	85 10
2	79 198
2	83 12
2	85 12
2	79 45
2	84 13
2	83 13
2	85 11
2	79 204
2	84 14
2	83 14
2	85 14
2	79 24
2	84 15
2	84 16
2	84 17
2	83 17
2	85 16
2	79 137
2	84 18
2	83 18
2	85 18
2	79 25
2	84 19
2	84 20
2	84 1
2	84 2
2	83 2
2	85 19
2	79 266
2	83 2
2	85 20
2	79 197
2	84 3
2	83 3
2	85 1
2	79 189
2	84 4
2	84 5
2	83 5
2	85 2
2	79 266
2	83 5
2	85 4
2	79 113
2	84 6
2	83 6
2	85 5
2	79 130
2	83 6
2	85 6
2	79 60
2	84 7
2	84 8
2	84 9
2	83 9
2	85 9
2	79 29
2	84 10
2	84 11
2	83 11
2	85 8
2	79 262
2	83 11
2	85 11
2	79 33
2	84 12
2	83 12
2	85 10
2	79 215
2	83 12
2	85 12
2	79 72
2	84 13
2	84 14
2	83 14
2	85 13
2	79 114
2	84 15
2	84 16
2	84 17
2	84 18
2	84 19
2	83 19
2	85 14
2	79 407
2	83 19
2	85 17
2	79 182
2	83 19
2	85 16
2	79 278
2	84 20
2	83 20
2	85 18
2	79 192
2	84 1
2	83 1
2	85 20
2	79 106
2	83 1
2	85 1
2	79 46
2	84 2
2	84 3
2	83 3
2	85 3
2	79 73
2	84 4
2	84 5
2	83 5
2	85 5
2	79 31
2	84 6
2	84 7
2	84 8
2	83 8
2	85 7
2	79 137
2	83 8
2	85 6
2	79 225
2	84 9
2	83 9
2	85 9
2	79 35
2	84 10
2	84 11
2	83 11
2	85 11
2	79 31
2	84 12
2	84 13
2	83 13
2	85 10
2	79 263
2	83 13
2	85 13
2	79 33
2	84 14
2	83 14
2	85 12
2	79 230
2	83 14
2	85 14
2	79 77
2	84 15
2	84 16
2	84 17
2	83 17
2	85 17
2	79 26
2	84 18
2	84 19
2	83 19
2	85 16
2	79 263
2	83 19
2	85 19
2	79 33
2	84 20
2	84 1
2	83 1
2	85 1
2	79 25
2	83 1
2	85 18
2	79 280
2	84 2
2	83 2
2	85 20
2	79 234
2	84 3
2	84 4
2	83 4
2	85 2
2	79 186
2	84 5
2	83 5
2	85 4
2	79 108
2	83 5
2	85 5
2	79 38
2	84 6
2	84 7
2	83 7
2	85 7
2	79 56
2	84 8
2	84 9
2	83 9
2	85 9
2	79 31
2	84 10
2	84 11
2	84 12
2	83 12
2	85 8
2	79 350
2	84 13
2	83 13
2	85 11
2	79 189
2	84 14
2	83 14
2	85 12
2	79 186
2	84 15
2	83 15
2	85 14
2	79 92
2	84 16
2	84 17
2	83 17
2	85 16
2	79 156
2	84 18
2	83 18
2	85 15
2	79 242
2	83 18
2	85 17
2	79 88
2	84 19
2	84 20
2	83 20
2	85 18
2	79 164
2	84 1
2	83 1
2	85 19
2	79 185
2	84 2
2	84 3
2	84 4
2	83 4
2	85 2
2	79 165
2	83 4
2	85 4
2	79 34
2	84 5
2	84 6
2	83 6
2	85 3
2	79 267
2	83 6
2	85 6
2	79 39
2	84 7
2	84 8
2	83 8
2	85 5
2	79 270
2	83 8
2	85 8
2	79 37
2	84 9
2	84 10
2	84 11
2	83 11
2	85 7
2	79 350
2	83 11
2	85 9
2	79 198
2	84 12
2	84 13
2	83 13
2	85 12
2	79 136
2	83 13
2	85 11
2	79 237
2	84 14
2	83 14
2	85 14
2	79 62
2	84 15
2	84 16
2	83 16
2	85 16
2	79 28
2	84 17
2	83 17
2	85 15
2	79 205
2	83 17
2	85 17
2	79 56
2	84 18
2	84 19
2	83 19
2	85 18
2	79 127
2	84 20
2	84 1
2	84 2
2	83 2
2	85 19
2	79 249
2	83 2
2	85 1
2	79 116
2	83 2
2	85 2
2	79 44
2	84 3
2	84 4
2	84 5
2	84 6
2	83 6
2	85 3
2	79 274
2	83 6
2	85 4
2	79 200
2	84 7
2	83 7
2	85 5
2	79 225
2	84 8
2	84 9
2	83 9
2	85 6
2	79 269
2	83 9
2	85 9
2	79 39
2	84 10
2	84 11
2	84 12
2	84 13
2	83 13
2	85 11
2	79 186
2	83 13
2	85 10
2	79 271
2	83 13
2	85 13
2	79 42
2	84 14
2	84 15
2	84 16
2	83 16
2	85 15
2	79 85
2	84 17
2	83 17
2	85 17
2	79 25
2	84 18
2	83 18
2	85 16
2	79 200
2	83 18
2	85 18
2	79 48
2	84 19
2	84 20
2	83 20
2	85 19
2	79 107
2	84 1
2	84 2
2	84 3
2	84 4
2	84 5
2	84 6
2	83 6
2	85 3
2	79 297
2	83 6
2	85 5
2	79 145
2	84 7
2	83 7
2	85 4
2	79 290
2	84 8
2	84 9
2	83 9
2	85 6
2	79 268
2	83 9
2	85 9
2	79 37
2	84 10
2	84 11
2	83 11
2	85 11
2	79 39
2	84 12
2	84 13
2	83 13
2	85 13
2	79 29
2	84 14
2	84 15
2	83 15
2	85 12
2	79 271
2	83 15
2	85 15
2	79 64
2	84 16
2	84 17
2	83 17
2	85 17
2	79 22
2	84 18
2	84 19
2	83 19
2	85 16
2	79 268
2	83 19
2	85 19
2	79 62
2	84 20
2	83 20
2	85 20
2	79 70
2	84 1
2	84 2
2	84 3
2	84 4
2	83 4
2	85 1
2	79 269
2	83 4
2	85 4
2	79 37
2	84 5
2	83 5
2	85 2
2	79 251
2	83 5
2	85 5
2	79 79
2	84 6
2	84 7
2	84 8
2	84 9
2	84 10
2	83 10
2	85 6
2	79 346
2	83 10
2	85 10
2	79 36
2	84 11
2	84 12
2	83 12
2	85 7
2	79 430
2	83 12
2	85 12
2	79 53
2	84 13
2	84 14
2	83 14
2	85 11
2	79 286
2	84 15
2	84 16
2	83 16
2	85 14
2	79 185
2	84 17
2	83 17
2	85 15
2	79 187
2	83 17
2	85 17
2	79 65
2	84 18
2	84 19
2	84 20
2	84 1
2	83 1
2	85 19
2	79 191
2	84 2
2	83 2
2	85 20
2	79 186
2	83 2
2	85 2
2	79 37
2	84 3
2	84 4
2	84 5
2	84 6
2	83 6
2	85 1
2	79 400
2	83 6
2	85 3
2	79 254
2	83 6
2	85 4
2	79 199
2	84 7
2	83 7
2	85 6
2	79 104
2	83 7
2	85 7
2	79 31
2	84 8
2	84 9
2	83 9
2	85 9
2	79 37
2	84 10
2	83 10
2	85 8
2	79 212
2	84 11
2	84 12
2	84 13
2	83 13
2	85 10
2	79 246
2	83 13
2	85 12
2	79 113
2	83 13
2	85 13
2	79 41
2	84 14
2	84 15
2	84 16
2	83 16
2	85 15
2	79 119
2	84 17
2	83 17
2	85 17
2	79 32
2	84 18
2	84 19
2	83 19
2	85 16
2	79 266
2	83 19
2	85 19
2	79 38
2	84 20
2	84 1
2	83 1
2	85 18
2	79 262
2	83 1
2	85 1
2	79 38
2	84 2
2	83 2
2	85 20
2	79 216
2	84 3
2	84 4
2	83 4
2	85 2
2	79 191
2	84 5
2	84 6
2	83 6
2	85 5
2	79 106
2	83 6
2	85 4
2	79 195
2	83 6
2	85 6
2	79 45
2	84 7
2	83 7
2	85 7
2	79 37
2	84 8
2	84 9
2	83 9
2	85 9
2	79 28
2	84 10
2	84 11
2	84 12
2	83 12
2	85 11
2	79 119
2	83 12
2	85 10
2	79 210
2	84 13
2	83 13
2	85 13
2	79 53
2	84 14
2	84 15
2	83 15
2	85 15
2	79 29
2	84 16
2	84 17
2	83 17
2	85 14
2	79 299
2	84 18
2	84 19
2	83 19
2	85 17
2	79 188
2	84 20
2	83 20
2	85 18
2	79 183
2	84 1
2	83 1
2	85 20
2	79 95
2	84 2
2	83 2
2	85 19
2	79 283
2	84 3
2	84 4
2	83 4
2	85 1
2	79 263
2	83 4
2	85 4
2	79 31
2	84 5
2	83 5
2	85 3
2	79 202
2	83 5
2	85 5
2	79 49
2	84 6
2	83 6
2	85 6
2	79 37
2	84 7
2	84 8
2	84 9
2	84 10
2	83 10
2	85 10
2	79 28
2	84 11
2	84 12
2	83 12
2	85 9
2	79 265
2	83 12
2	85 12
2	79 34
2	84 13
2	84 14
2	83 14
2	85 11
2	79 269
2	84 15
2	83 15
2	85 13
2	79 225
2	84 16
2	83 16
2	85 15
2	79 108
2	84 17
2	83 17
2	85 16
2	79 121
2	84 18
2	84 19
2	83 19
2	85 17
2	79 189
2	84 20
2	83 20
2	85 19
2	79 104
2	83 20
2	85 20
2	79 32
2	84 1
2	84 2
2	83 2
2	85 2
2	79 76
2	84 3
2	84 4
2	83 4
2	85 4
2	79 28
2	84 5
2	84 6
2	84 7
2	84 8
2	83 8
2	85 5
2	79 269
2	84 9
2	83 9
2	85 6
2	79 255
2	84 10
2	TEST_NUMBER 4
2	SENT_TOTAL 250
2	RECEIVED_TOTAL 188
2	TIME_TOTAL 29768
2	RECEIVED_RADIO_1 190
2	RECEIVED_RADIO_2 0
2	SENT_RADIO_1 120
2	SENT_RADIO_2 131
2	RADIO_TIME_1 29768
2	RADIO_TIME_2 19835
2	RETRANSMISSIONS_1 12
2	RETRANSMISSIONS_2 0
2	DROPPED_1 0
2	DROPPED_2 0
2	MAX_QUEUE 1
2	DUPLICATED_1 14
2	DUPLICATED_2 0
2	EBUSY_RADIO_1 0
2	EBUSY_RADIO_2 0
2	83 0
2	85 9
2	86 4
2	84 1
2	84 2
2	83 2
2	85 1
2	79 117
2	83 2
2	85 10
2	86 4
2	84 3
2	84 4
2	83 4
2	85 2
2	79 190
2	83 4
2	85 4
2	79 36
2	84 5
2	84 6
2	83 6
2	85 5
2	79 132
2	84 7
2	84 8
2	84 9
2	83 9
2	85 9
2	79 32
2	84 10
2	83 10
2	85 6
2	79 380
2	83 10
2	85 8
2	79 229
2	84 11
2	83 11
2	85 11
2	79 37
2	84 12
2	84 13
2	83 13
2	85 13
2	79 28
2	84 14
2	84 15
2	83 15
2	85 12
2	79 265
2	84 16
2	83 16
2	85 15
2	79 105
2	83 16
2	85 14
2	79 192
2	84 17
2	84 18
2	83 18
2	85 16
2	79 199
2	84 19
2	83 19
2	85 18
2	79 110
2	83 19
2	85 19
2	79 78
2	84 20
2	84 1
2	84 2
2	84 3
2	83 3
2	85 3
2	79 24
2	84 4
2	83 4
2	85 20
2	79 356
2	83 4
2	85 2
2	79 219
2	84 5
2	83 5
2	85 5
2	79 44
2	84 6
2	84 7
2	83 7
2	85 7
2	79 28
2	84 8
2	84 9
2	83 9
2	85 6
2	79 265
2	84 10
2	83 10
2	85 9
2	79 86
2	84 11
2	83 11
2	85 8
2	79 281
2	84 12
2	84 13
2	83 13
2	85 10
2	79 268
2	83 13
2	85 13
2	79 36
2	84 14
2	84 15
2	83 15
2	85 14
2	79 91
2	84 16
2	83 16
2	85 15
2	79 143
2	84 17
2	84 18
2	84 19
2	83 19
2	85 19
2	79 33
2	84 20
2	84 1
2	83 1
2	85 18
2	79 268
2	83 1
2	85 1
2	79 35
2	84 2
2	84 3
2	83 3
2	85 3
2	79 50
2	84 4
2	84 5
2	83 5
2	85 5
2	79 24
2	84 6
2	84 7
2	84 8
2	83 8
2	85 7
2	79 107
2	83 8
2	85 6
2	79 196
2	84 9
2	83 9
2	85 9
2	79 56
2	84 10
2	84 11
2	83 11
2	85 11
2	79 25
2	84 12
2	84 13
2	83 13
2	85 13
2	79 52
2	83 13
2	85 10
2	79 300
2	84 14
2	83 14
2	85 12
2	79 185
2	83 14
2	85 14
2	79 40
2	84 15
2	83 15
2	85 15
2	79 66
2	84 16
2	84 17
2	84 18
2	83 18
2	85 16
2	79 223
2	84 19
2	84 20
2	83 20
2	85 19
2	79 107
2	83 20
2	85 18
2	79 193
2	84 1
2	83 1
2	85 1
2	79 72
2	84 2
2	84 3
2	84 4
2	83 4
2	85 2
2	79 187
2	84 5
2	83 5
2	85 4
2	79 109
2	83 5
2	85 5
2	79 38
2	84 6
2	84 7
2	84 8
2	83 8
2	85 7
2	79 83
2	84 9
2	84 10
2	84 11
2	83 11
2	85 11
2	79 28
2	84 12
2	83 12
2	85 8
2	79 324
2	83 12
2	85 10
2	79 171
2	84 13
2	84 14
2	83 14
2	85 13
2	79 116
2	83 14
2	85 14
2	79 46
2	84 15
2	83 15
2	85 12
2	79 279
2	84 16
2	83 16
2	85 16
2	79 29
2	84 17
2	84 18
2	84 19
2	83 19
2	85 18
2	79 143
2	84 20
2	83 20
2	85 20
2	79 31
2	84 1
2	84 2
2	84 3
2	83 3
2	85 2
2	79 141
2	84 4
2	83 4
2	85 4
2	79 24
2	84 5
2	84 6
2	83 6
2	85 3
2	79 279
2	83 6
2	85 6
2	79 46
2	84 7
2	84 8
2	83 8
2	85 5
2	79 264
2	84 9
2	83 9
2	85 7
2	79 215
2	84 10
2	84 11
2	83 11
2	85 10
2	79 147
2	84 12
2	83 12
2	85 12
2	79 30
2	84 13
2	84 14
2	83 14
2	85 11
2	79 270
2	83 14
2	85 14
2	79 49
2	84 15
2	84 16
2	83 16
2	85 13
2	79 296
2	83 16
2	85 16
2	79 67
2	84 17
2	84 18
2	84 19
2	84 20
2	83 20
2	85 18
2	79 187
2	84 1
2	83 1
2	85 17
2	79 342
2	83 1
2	85 20
2	79 111
2	84 2
2	84 3
2	84 4
2	83 4
2	85 2
2	79 188
2	83 4
2	85 1
2	79 281
2	83 4
2	85 4
2	79 50
2	84 5
2	83 5
2	85 3
2	79 236
2	84 6
2	84 7
2	84 8
2	83 8
2	85 5
2	79 247
2	84 9
2	84 10
2	83 10
2	85 8
2	79 161
2	83 10
2	85 7
2	79 288
2	84 11
2	84 12
2	83 12
2	85 9
2	79 256
2	84 13
2	83 13
2	85 11
2	79 201
2	84 14
2	83 14
2	85 13
2	79 108
2	83 14
2	85 14
2	79 45
2	84 15
2	84 16
2	83 16
2	85 16
2	79 68
2	84 17
2	84 18
2	83 18
2	85 15
2	79 284
2	84 19
2	84 20
2	83 20
2	85 17
2	79 268
2	83 20
2	85 20
2	79 38
2	84 1
2	83 1
2	85 19
2	79 225
2	84 2
2	84 3
2	84 4
2	83 4
2	85 2
2	79 189
2	83 4
2	85 3
2	79 138
2	84 5
2	83 5
2	85 4
2	79 105
2	83 5
2	85 5
2	79 37
2	84 6
2	84 7
2	83 7
2	85 6
2	79 85
2	84 8
2	84 9
2	83 9
2	85 8
2	79 131
2	84 10
2	84 11
2	83 11
2	85 10
2	79 111
2	83 11
2	85 9
2	79 201
2	84 12
2	83 12
2	85 11
2	79 107
2	83 12
2	85 12
2	79 32
2	84 13
2	84 14
2	84 15
2	83 15
2	85 13
2	79 202
2	84 16
2	84 17
2	83 17
2	85 17
2	79 26
2	84 18
2	83 18
2	85 15
2	79 267
2	84 19
2	83 19
2	85 16
2	79 261
2	84 20
2	83 20
2	85 18
2	79 185
2	84 1
2	84 2
2	84 3
2	83 3
2	85 1
2	79 172
2	84 4
2	84 5
2	83 5
2	85 2
2	79 291
2	84 6
2	83 6
2	85 4
2	79 185
2	84 7
2	83 7
2	85 6
2	79 108
2	84 8
2	83 8
2	85 7
2	79 145
2	84 9
2	84 10
2	84 11
2	83 11
2	85 10
2	79 129
2	83 11
2	85 9
2	79 216
2	84 12
2	84 13
2	83 13
2	85 11
2	79 190
2	84 14
2	84 15
2	83 15
2	85 14
2	79 134
2	84 16
2	84 17
2	84 18
2	84 19
2	83 19
2	85 16
2	79 267
2	83 19
2	85 19
2	79 38
2	84 20
2	83 20
2	85 18
2	79 229
2	84 1
2	84 2
2	84 3
2	83 3
2	85 1
2	79 182
2	84 4
2	84 5
2	84 6
2	83 6
2	85 4
2	79 164
2	84 7
2	84 8
2	83 8
2	85 6
2	79 192
2	84 9
2	83 9
2	85 9
2	79 62
2	83 9
2	85 7
2	79 232
2	84 10
2	83 10
2	85 8
2	79 190
2	83 10
2	85 10
2	79 37
2	84 11
2	83 11
2	85 11
2	79 46
2	84 12
2	84 13
2	84 14
2	83 14
2	85 12
2	79 231
2	84 15
2	84 16
2	83 16
2	85 15
2	79 143
2	84 17
2	83 17
2	85 17
2	79 28
2	84 18
2	84 19
2	83 19
2	85 16
2	79 268
2	84 20
2	83 20
2	85 18
2	79 230
2	84 1
2	84 2
2	83 2
2	85 1
2	79 150
2	84 3
2	83 3
2	85 20
2	79 290
2	84 4
2	84 5
2	83 5
2	85 2
2	79 269
2	83 5
2	85 5
2	79 40
2	84 6
2	84 7
2	84 8
2	83 8
2	85 4
2	79 346
2	83 8
2	85 6
2	79 197
2	84 9
2	84 10
2	83 10
2	85 9
2	79 121
2	84 11
2	83 11
2	85 11
2	79 26
2	84 12
2	83 12
2	85 10
2	79 203
2	83 12
2	85 12
2	79 51
2	84 13
2	84 14
2	84 15
2	84 16
2	83 16
2	85 13
2	79 291
2	83 16
2	85 14
2	79 218
2	84 17
2	84 18
2	83 18
2	85 17
2	79 144
2	84 19
2	83 19
2	85 19
2	79 25
2	84 20
2	84 1
2	83 1
2	85 18
2	79 264
2	83 1
2	85 1
2	79 36
2	84 2
2	84 3
2	83 3
2	85 20
2	79 263
2	83 3
2	85 3
2	79 35
2	84 4
2	84 5
2	84 6
2	83 6
2	85 4
2	79 236
2	84 7
2	83 7
2	85 5
2	79 165
2	83 7
2	85 6
2	79 156
2	84 8
2	84 9
2	83 9
2	85 8
2	79 104
2	84 10
2	84 11
2	83 11
2	85 9
2	79 205
2	83 11
2	85 11
2	79 52
2	84 12
2	84 13
2	83 13
2	85 12
2	79 92
2	84 14
2	83 14
2	85 13
2	79 113
2	83 14
2	85 14
2	79 39
2	84 15
2	83 15
2	85 15
2	79 55
2	84 16
2	84 17
2	84 18
2	83 18
2	85 16
2	79 209
2	84 19
2	84 20
2	83 20
2	85 19
2	79 122
2	84 1
2	83 1
2	85 1
2	79 33
2	84 2
2	84 3
2	83 3
2	85 20
2	79 265
2	83 3
2	85 3
2	79 56
2	84 4
2	84 5
2	83 5
2	85 5
2	79 27
2	84 6
2	84 7
2	83 7
2	85 4
2	79 270
2	83 7
2	85 7
2	79 46
2	84 8
2	84 9
2	84 10
2	83 10
2	85 9
2	79 126
2	83 10
2	85 10
2	79 55
2	84 11
2	84 12
2	83 12
2	85 11
2	79 137
2	84 13
2	84 14
2	84 15
2	83 15
2	85 12
2	79 257
2	84 16
2	83 16
2	85 15
2	79 133
2	84 17
2	84 18
2	83 18
2	85 16
2	79 161
2	83 18
2	85 17
2	79 112
2	84 19
2	83 19
2	85 18
2	79 143
2	84 20
2	84 1
2	84 2
2	83 2
2	85 1
2	79 141
2	84 3
2	84 4
2	83 4
2	85 3
2	79 116
2	83 4
2	85 2
2	79 204
2	84 5
2	83 5
2	85 5
2	79 42
2	84 6
2	83 6
2	85 6
2	79 45
2	84 7
2	84 8
2	83 8
2	85 7
2	79 130
2	84 9
2	84 10
2	TEST_NUMBER 5
2	SENT_TOTAL 250
2	RECEIVED_TOTAL 179
2	TIME_TOTAL 29719
2	RECEIVED_RADIO_1 181
2	RECEIVED_RADIO_2 0
2	SENT_RADIO_1 121
2	SENT_RADIO_2 129
2	RADIO_TIME_1 29749
2	RADIO_TIME_2 19763
2	RETRANSMISSIONS_1 12
2	RETRANSMISSIONS_2 1
2	DROPPED_1 0
2	DROPPED_2 0
2	MAX_QUEUE 1
2	DUPLICATED_1 10
2	DUPLICATED_2 0
2	EBUSY_RADIO_1 0
2	EBUSY_RADIO_2 0
2	83 0
2	85 8
2	86 5
2	84 1
2	84 2
2	83 2
2	85 1
2	79 117
2	84 3
2	84 4
2	84 5
2	83 5
2	85 3
2	79 185
2	83 5
2	85 2
2	79 271
2	83 5
2	85 5
2	79 41
2	84 6
2	83 6
2	85 4
2	79 221
2	84 7
2	84 8
2	83 8
2	85 6
2	79 197
2	84 9
2	83 9
2	85 8
2	79 149
2	84 10
2	84 11
2	84 12
2	83 12
2	85 10
2	79 184
2	83 12
2	85 11
2	79 109
2	83 12
2	85 12
2	79 40
2	84 13
2	83 13
2	85 13
2	79 72
2	84 14
2	84 15
2	84 16
2	84 17
2	83 17
2	85 15
2	79 182
2	84 18
2	83 18
2	85 17
2	79 103
2	83 18
2	85 16
2	79 196
2	84 19
2	83 19
2	85 19
2	79 30
2	84 20
2	84 1
2	83 1
2	85 20
2	79 123
2	84 2
2	84 3
2	83 3
2	85 2
2	79 118
2	84 4
2	83 4
2	85 3
2	79 102
2	83 4
2	85 4
2	79 34
2	84 5
2	84 6
2	84 7
2	83 7
2	85 5
2	79 229
2	84 8
2	83 8
2	85 7
2	79 117
2	84 9
2	83 9
2	85 8
2	79 106
2	83 9
2	85 9
2	79 35
2	84 10
2	84 11
2	83 11
2	85 11
2	79 49
2	84 12
2	83 12
2	85 12
2	79 64
2	84 13
2	84 14
2	84 15
2	83 15
2	85 13
2	79 207
2	84 16
2	83 16
2	85 14
2	79 185
2	83 16
2	85 16
2	79 32
2	84 17
2	83 17
2	85 17
2	79 49
2	84 18
2	84 19
2	83 19
2	85 18
2	79 122
2	84 20
2	84 1
2	83 1
2	85 1
2	79 32
2	84 2
2	84 3
2	83 3
2	85 20
2	79 265
2	83 3
2	85 3
2	79 36
2	84 4
2	83 4
2	85 2
2	79 226
2	84 5
2	84 6
2	83 6
2	85 4
2	79 219
2	84 7
2	83 7
2	85 6
2	79 156
2	84 8
2	84 9
2	83 9
2	85 7
2	79 185
2	84 10
2	84 11
2	83 11
2	85 10
2	79 120
2	84 12
2	83 12
2	85 12
2	79 34
2	84 13
2	84 14
2	83 14
2	85 11
2	79 274
2	83 14
2	85 14
2	79 42
2	84 15
2	83 15
2	85 13
2	79 235
2	84 16
2	83 16
2	85 16
2	79 26
2	84 17
2	84 18
2	83 18
2	85 17
2	79 116
2	83 18
2	85 18
2	79 47
2	84 19
2	84 20
2	83 20
2	85 20
2	79 31
2	84 1
2	84 2
2	83 2
2	85 2
2	79 24
2	84 3
2	83 3
2	85 1
2	79 221
2	84 4
2	83 4
2	85 3
2	79 109
2	83 4
2	85 4
2	79 38
2	84 5
2	84 6
2	83 6
2	85 6
2	79 61
2	84 7
2	84 8
2	83 8
2	85 8
2	79 31
2	84 9
2	83 9
2	85 7
2	79 207
2	83 9
2	85 9
2	79 60
2	84 10
2	84 11
2	84 12
2	84 13
2	83 13
2	85 10
2	79 309
2	83 13
2	85 11
2	79 239
2	84 14
2	84 15
2	83 15
2	85 14
2	79 112
2	83 15
2	85 13
2	79 200
2	84 16
2	83 16
2	85 16
2	79 35
2	84 17
2	83 17
2	85 17
2	79 47
2	84 18
2	84 19
2	83 19
2	85 18
2	79 107
2	83 19
2	85 19
2	79 48
2	84 20
2	84 1
2	83 1
2	85 1
2	79 29
2	84 2
2	84 3
2	84 4
2	84 5
2	83 5
2	85 2
2	79 276
2	83 5
2	85 3
2	79 204
2	84 6
2	84 7
2	83 7
2	85 6
2	79 124
2	84 8
2	84 9
2	83 9
2	85 8
2	79 132
2	84 10
2	83 10
2	85 9
2	79 82
2	84 11
2	83 11
2	85 10
2	79 119
2	84 12
2	84 13
2	83 13
2	85 11
2	79 222
2	84 14
2	83 14
2	85 13
2	79 111
2	84 15
2	83 15
2	85 14
2	79 84
2	84 16
2	83 16
2	85 16
2	79 28
2	84 17
2	84 18
2	84 19
2	83 19
2	85 18
2	79 125
2	84 20
2	83 20
2	85 20
2	79 25
2	84 1
2	84 2
2	83 2
2	85 19
2	79 282
2	84 3
2	84 4
2	83 4
2	85 2
2	79 190
2	84 5
2	83 5
2	85 5
2	79 38
2	83 5
2	85 3
2	79 214
2	84 6
2	84 7
2	83 7
2	85 4
2	79 262
2	84 8
2	84 9
2	84 10
2	83 10
2	85 8
2	79 221
2	84 11
2	83 11
2	85 9
2	79 195
2	83 11
2	85 10
2	79 122
2	83 11
2	85 11
2	79 52
2	84 12
2	84 13
2	84 14
2	84 15
2	83 15
2	85 12
2	79 276
2	83 15
2	85 13
2	79 202
2	84 16
2	83 16
2	85 15
2	79 103
2	83 16
2	85 16
2	79 30
2	84 17
2	84 18
2	83 18
2	85 18
2	79 57
2	84 19
2	84 20
2	83 20
2	85 20
2	79 26
2	84 1
2	84 2
2	83 2
2	85 19
2	79 267
2	83 2
2	85 2
2	79 44
2	84 3
2	84 4
2	83 4
2	85 1
2	79 266
2	84 5
2	83 5
2	85 3
2	79 225
2	84 6
2	83 6
2	85 5
2	79 110
2	83 6
2	85 6
2	79 39
2	84 7
2	84 8
2	83 8
2	85 7
2	79 85
2	84 9
2	83 9
2	85 9
2	79 27
2	84 10
2	84 11
2	83 11
2	85 10
2	79 124
2	84 12
2	84 13
2	83 13
2	85 11
2	79 200
2	84 14
2	84 15
2	83 15
2	85 14
2	79 108
2	83 15
2	85 13
2	79 206
2	84 16
2	84 17
2	83 17
2	85 16
2	79 113
2	83 17
2	85 17
2	79 39
2	84 18
2	84 19
2	83 19
2	85 18
2	79 117
2	84 20
2	84 1
2	84 2
2	83 2
2	85 20
2	79 191
2	83 2
2	85 1
2	79 140
2	83 2
2	85 2
2	79 76
2	84 3
2	84 4
2	83 4
2	85 3
2	79 95
2	84 5
2	84 6
2	83 6
2	85 4
2	79 190
2	84 7
2	83 7
2	85 6
2	79 136
2	84 8
2	84 9
2	83 9
2	85 8
2	79 121
2	84 10
2	84 11
2	83 11
2	85 10
2	79 127
2	83 11
2	85 9
2	79 214
2	84 12
2	84 13
2	83 13
2	85 11
2	79 186
2	84 14
2	84 15
2	83 15
2	85 14
2	79 122
2	83 15
2	85 15
2	79 63
2	84 16
2	84 17
2	83 17
2	85 16
2	79 127
2	84 18
2	84 19
2	83 19
2	85 17
2	79 200
2	83 19
2	85 19
2	79 49
2	84 20
2	84 1
2	83 1
2	85 20
2	79 107
2	84 2
2	84 3
2	83 3
2	85 2
2	79 139
2	84 4
2	84 5
2	83 5
2	85 3
2	79 206
2	84 6
2	84 7
2	83 7
2	85 6
2	79 115
2	83 7
2	85 7
2	79 56
2	84 8
2	84 9
2	83 9
2	85 8
2	79 109
2	83 9
2	85 9
2	79 48
2	84 10
2	83 10
2	85 10
2	79 37
2	84 11
2	84 12
2	83 12
2	85 12
2	79 27
2	84 13
2	84 14
2	83 14
2	85 13
2	79 119
2	83 14
2	85 14
2	79 49
2	84 15
2	84 16
2	84 17
2	83 17
2	85 15
2	79 184
2	84 18
2	84 19
2	83 19
2	85 18
2	79 103
2	83 19
2	85 17
2	79 192
2	84 20
2	83 20
2	85 20
2	79 38
2	84 1
2	84 2
2	83 2
2	85 2
2	79 25
2	84 3
2	84 4
2	83 4
2	85 1
2	79 261
2	84 5
2	83 5
2	85 4
2	79 154
2	84 6
2	83 6
2	85 3
2	79 242
2	84 7
2	83 7
2	85 5
2	79 222
2	83 7
2	85 7
2	79 70
2	84 8
2	84 9
2	83 9
2	85 8
2	79 117
2	84 10
2	84 11
2	83 11
2	85 10
2	79 119
2	84 12
2	84 13
2	83 13
2	85 11
2	79 187
2	84 14
2	83 14
2	85 13
2	79 105
2	83 14
2	85 14
2	79 31
2	84 15
2	84 16
2	83 16
2	85 16
2	79 30
2	84 17
2	84 18
2	83 18
2	85 18
2	79 33
2	84 19
2	83 19
2	85 17
2	79 221
2	84 20
2	84 1
2	83 1
2	85 19
2	79 222
2	84 2
2	83 2
2	85 1
2	79 109
2	83 2
2	85 2
2	79 46
2	84 3
2	84 4
2	83 4
2	85 4
2	79 72
2	84 5
2	83 5
2	85 5
2	79 52
2	84 6
2	84 7
2	84 8
2	84 9
2	83 9
2	85 6
2	79 294
2	83 9
2	85 7
2	79 221
2	84 10
2	84 11
2	83 11
2	85 10
2	79 133
2	84 12
2	83 12
2	85 12
2	79 28
2	84 13
2	84 14
2	83 14
2	85 11
2	79 271
2	83 14
2	85 14
2	79 39
2	84 15
2	83 15
2	85 13
2	79 215
2	84 16
2	84 17
2	84 18
2	83 18
2	85 18
2	79 31
2	84 19
2	84 20
2	83 20
2	85 17
2	79 265
2	83 20
2	85 20
2	79 34
2	84 1
2	84 2
2	83 2
2	85 19
2	79 267
2	83 2
2	85 2
2	79 37
2	84 3
2	84 4
2	83 4
2	85 4
2	79 29
2	84 5
2	84 6
2	83 6
2	85 3
2	79 265
2	83 6
2	85 6
2	79 34
2	84 7
2	84 8
2	83 8
2	85 8
2	79 30
2	84 9
2	84 10
2	83 10
2	85 7
2	79 311
2	84 11
2	84 12
2	83 12
2	85 10
2	79 193
2	84 13
2	83 13
2	85 11
2	79 190
2	83 13
2	85 13
2	79 40
2	84 14
2	84 15
2	84 16
2	83 16
2	85 12
2	79 373
2	84 17
2	84 18
2	83 18
2	85 14
2	79 364
2	83 18
2	85 17
2	79 135
2	84 19
2	83 19
2	85 19
2	79 33
2	84 20
2	84 1
2	83 1
2	85 18
2	79 266
2	83 1
2	85 1
2	79 34
2	84 2
2	83 2
2	85 20
2	79 228
2	84 3
2	83 3
2	85 2
2	79 93
2	84 4
2	84 5
2	83 5
2	85 5
2	79 36
2	84 6
2	84 7
2	83 7
2	85 4
2	79 269
2	83 7
2	85 7
2	79 38
2	84 8
2	84 9
2	83 9
2	85 6
2	79 271
2	84 10
2	TEST_NUMBER 6
2	SENT_TOTAL 250
2	RECEIVED_TOTAL 186
2	TIME_TOTAL 29735
2	RECEIVED_RADIO_1 187
2	RECEIVED_RADIO_2 0
2	SENT_RADIO_1 118
2	SENT_RADIO_2 131
2	RADIO_TIME_1 29735
2	RADIO_TIME_2 19763
2	RETRANSMISSIONS_1 13
2	RETRANSMISSIONS_2 0
2	DROPPED_1 0
2	DROPPED_2 0
2	MAX_QUEUE 1
2	DUPLICATED_1 9
2	DUPLICATED_2 0
2	EBUSY_RADIO_1 0
2	EBUSY_RADIO_2 0

3	RELAY_NODE 3
3	TEST_NUMBER 0
3	SENT_TOTAL 0
3	RECEIVED_TOTAL 0
3	TIME_TOTAL 0
3	RECEIVED_RADIO_1 108
3	RECEIVED_RADIO_2 152
3	SENT_RADIO_1 152
3	SENT_RADIO_2 108
3	RADIO_TIME_1 17375
3	RADIO_TIME_2 17375
3	RETRANSMISSIONS_1 16
3	RETRANSMISSIONS_2 0
3	DROPPED_1 0
3	DROPPED_2 0
3	MAX_QUEUE 1
3	DUPLICATED_1 0
3	DUPLICATED_2 3
3	EBUSY_RADIO_1 0
3	EBUSY_RADIO_2 0
3	TEST_NUMBER 1
3	SENT_TOTAL 0
3	RECEIVED_TOTAL 0
3	TIME_TOTAL 0
3	RECEIVED_RADIO_1 119
3	RECEIVED_RADIO_2 188
3	SENT_RADIO_1 188
3	SENT_RADIO_2 119
3	RADIO_TIME_1 29809
3	RADIO_TIME_2 29809
3	RETRANSMISSIONS_1 22
3	RETRANSMISSIONS_2 0
3	DROPPED_1 0
3	DROPPED_2 0
3	MAX_QUEUE 2
3	DUPLICATED_1 1
3	DUPLICATED_2 2
3	EBUSY_RADIO_1 0
3	EBUSY_RADIO_2 0
3	TEST_NUMBER 2
3	SENT_TOTAL 0
3	RECEIVED_TOTAL 0
3	TIME_TOTAL 0
3	RECEIVED_RADIO_1 122
3	RECEIVED_RADIO_2 195
3	SENT_RADIO_1 194
3	SENT_RADIO_2 122
3	RADIO_TIME_1 29646
3	RADIO_TIME_2 29646
3	RETRANSMISSIONS_1 25
3	RETRANSMISSIONS_2 10
3	DROPPED_1 0
3	DROPPED_2 1
3	MAX_QUEUE 2
3	DUPLICATED_1 3
3	DUPLICATED_2 5
3	EBUSY_RADIO_1 0
3	EBUSY_RADIO_2 0
3	TEST_NUMBER 3
3	SENT_TOTAL 0
3	RECEIVED_TOTAL 0
3	TIME_TOTAL 0
3	RECEIVED_RADIO_1 105
3	RECEIVED_RADIO_2 193
3	SENT_RADIO_1 188
3	SENT_RADIO_2 105
3	RADIO_TIME_1 29806
3	RADIO_TIME_2 29806
3	RETRANSMISSIONS_1 137
3	RETRANSMISSIONS_2 40
3	DROPPED_1 1
3	DROPPED_2 4
3	MAX_QUEUE 3
3	DUPLICATED_1 5
3	DUPLICATED_2 3
3	EBUSY_RADIO_1 0
3	EBUSY_RADIO_2 0
3	TEST_NUMBER 4
3	SENT_TOTAL 0
3	RECEIVED_TOTAL 0
3	TIME_TOTAL 0
3	RECEIVED_RADIO_1 118
3	RECEIVED_RADIO_2 189
3	SENT_RADIO_1 189
3	SENT_RADIO_2 117
3	RADIO_TIME_1 29725
3	RADIO_TIME_2 29725
3	RETRANSMISSIONS_1 28
3	RETRANSMISSIONS_2 0
3	DROPPED_1 0
3	DROPPED_2 0
3	MAX_QUEUE 2
3	DUPLICATED_1 0
3	DUPLICATED_2 7
3	EBUSY_RADIO_1 0
3	EBUSY_RADIO_2 0
3	TEST_NUMBER 5
3	SENT_TOTAL 0
3	RECEIVED_TOTAL 0
3	TIME_TOTAL 0
3	RECEIVED_RADIO_1 121
3	RECEIVED_RADIO_2 183
3	SENT_RADIO_1 182
3	SENT_RADIO_2 122
3	RADIO_TIME_1 29792
3	RADIO_TIME_2 29792
3	RETRANSMISSIONS_1 23
3	RETRANSMISSIONS_2 10
3	DROPPED_1 0
3	DROPPED_2 1
3	MAX_QUEUE 2
3	DUPLICATED_1 0
3	DUPLICATED_2 6
3	EBUSY_RADIO_1 0
3	EBUSY_RADIO_2 0
3	TEST_NUMBER 6
3	SENT_TOTAL 0
3	RECEIVED_TOTAL 0
3	TIME_TOTAL 0
3	RECEIVED_RADIO_1 119
3	RECEIVED_RADIO_2 184
3	SENT_RADIO_1 184
3	SENT_RADIO_2 118
3	RADIO_TIME_1 29852
3	RADIO_TIME_2 29852
3	RETRANSMISSIONS_1 22
3	RETRANSMISSIONS_2 0
3	DROPPED_1 0
3	DROPPED_2 0
3	MAX_QUEUE 2
3	DUPLICATED_1 1
3	DUPLICATED_2 5
3	EBUSY_RADIO_1 0
3	EBUSY_RADIO_2 0

4	RELAY_NODE 4
4	TEST_NUMBER 0
4	SENT_TOTAL 0
4	RECEIVED_TOTAL 0
4	TIME_TOTAL 0
4	RECEIVED_RADIO_1 0
4	RECEIVED_RADIO_2 105
4	SENT_RADIO_1 85
4	SENT_RADIO_2 0
4	RADIO_TIME_1 16291
4	RADIO_TIME_2 16258
4	RETRANSMISSIONS_1 447
4	RETRANSMISSIONS_2 0
4	DROPPED_1 19
4	DROPPED_2 0
4	MAX_QUEUE 2
4	DUPLICATED_1 0
4	DUPLICATED_2 0
4	EBUSY_RADIO_1 0
4	EBUSY_RADIO_2 0
4	TEST_NUMBER 1
4	SENT_TOTAL 0
4	RECEIVED_TOTAL 0
4	TIME_TOTAL 0
4	RECEIVED_RADIO_1 0
4	RECEIVED_RADIO_2 130
4	SENT_RADIO_1 124
4	SENT_RADIO_2 0
4	RADIO_TIME_1 29749
4	RADIO_TIME_2 29726
4	RETRANSMISSIONS_1 377
4	RETRANSMISSIONS_2 0
4	DROPPED_1 5
4	DROPPED_2 0
4	MAX_QUEUE 1
4	DUPLICATED_1 0
4	DUPLICATED_2 0
4	EBUSY_RADIO_1 0
4	EBUSY_RADIO_2 0
4	TEST_NUMBER 2
4	SENT_TOTAL 0
4	RECEIVED_TOTAL 0
4	TIME_TOTAL 0
4	RECEIVED_RADIO_1 0
4	RECEIVED_RADIO_2 128
4	SENT_RADIO_1 129
4	SENT_RADIO_2 0
4	RADIO_TIME_1 29851
4	RADIO_TIME_2 29727
4	RETRANSMISSIONS_1 262
4	RETRANSMISSIONS_2 0
4	DROPPED_1 0
4	DROPPED_2 0
4	MAX_QUEUE 1
4	DUPLICATED_1 0
4	DUPLICATED_2 0
4	EBUSY_RADIO_1 0
4	EBUSY_RADIO_2 0
4	TEST_NUMBER 3
4	SENT_TOTAL 0
4	RECEIVED_TOTAL 0
4	TIME_TOTAL 0
4	RECEIVED_RADIO_1 0
4	RECEIVED_RADIO_2 145
4	SENT_RADIO_1 133
4	SENT_RADIO_2 0
4	RADIO_TIME_1 29808
4	RADIO_TIME_2 29715
4	RETRANSMISSIONS_1 508
4	RETRANSMISSIONS_2 0
4	DROPPED_1 12
4	DROPPED_2 0
4	MAX_QUEUE 2
4	DUPLICATED_1 0
4	DUPLICATED_2 0
4	EBUSY_RADIO_1 0
4	EBUSY_RADIO_2 0
4	TEST_NUMBER 4
4	SENT_TOTAL 0
4	RECEIVED_TOTAL 0
4	TIME_TOTAL 0
4	RECEIVED_RADIO_1 0
4	RECEIVED_RADIO_2 133
4	SENT_RADIO_1 125
4	SENT_RADIO_2 0
4	RADIO_TIME_1 29813
4	RADIO_TIME_2 29805
4	RETRANSMISSIONS_1 384
4	RETRANSMISSIONS_2 0
4	DROPPED_1 8
4	DROPPED_2 0
4	MAX_QUEUE 2
4	DUPLICATED_1 0
4	DUPLICATED_2 0
4	EBUSY_RADIO_1 1
4	EBUSY_RADIO_2 0
4	TEST_NUMBER 5
4	SENT_TOTAL 0
4	RECEIVED_TOTAL 0
4	TIME_TOTAL 0
4	RECEIVED_RADIO_1 0
4	RECEIVED_RADIO_2 129
4	SENT_RADIO_1 113
4	SENT_RADIO_2 0
4	RADIO_TIME_1 29749
4	RADIO_TIME_2 29724
4	RETRANSMISSIONS_1 479
4	RETRANSMISSIONS_2 0
4	DROPPED_1 15
4	DROPPED_2 0
4	MAX_QUEUE 2
4	DUPLICATED_1 0
4	DUPLICATED_2 1
4	EBUSY_RADIO_1 1
4	EBUSY_RADIO_2 0
4	TEST_NUMBER 6
4	SENT_TOTAL 0
4	RECEIVED_TOTAL 0
4	TIME_TOTAL 0
4	RECEIVED_RADIO_1 0
4	RECEIVED_RADIO_2 131
4	SENT_RADIO_1 128
4	SENT_RADIO_2 0
4	RADIO_TIME_1 29788
4	RADIO_TIME_2 29647
4	RETRANSMISSIONS_1 255
4	RETRANSMISSIONS_2 0
4	DROPPED_1 5
4	DROPPED_2 0
4	MAX_QUEUE 1
4	DUPLICATED_1 0
4	DUPLICATED_2 0
4	EBUSY_RADIO_1 1
4	EBUSY_RADIO_2 0

7	DESTINATION_NODE 7
7	TEST_NUMBER 0
7	SENT_TOTAL 192
7	RECEIVED_TOTAL 192
7	TIME_TOTAL 16736
7	RECEIVED_RADIO_1 88
7	RECEIVED_RADIO_2 104
7	SENT_RADIO_1 0
7	SENT_RADIO_2 147
7	RADIO_TIME_1 16659
7	RADIO_TIME_2 16736
7	RETRANSMISSIONS_1 440
7	RETRANSMISSIONS_2 3
7	DROPPED_1 44
7	DROPPED_2 0
7	MAX_QUEUE 2
7	DUPLICATED_1 0
7	DUPLICATED_2 0
7	EBUSY_RADIO_1 1
7	EBUSY_RADIO_2 0
7	86 0
7	86 0
7	86 0
7	86 0
7	86 0
7	86 0
7	86 0
7	86 0
7	86 0
7	86 0
7	86 0
7	86 0
7	86 0
7	86 0
7	86 0
7	86 0
7	86 0
7	86 0
7	86 0
7	86 0
7	86 0
7	86 0
7	86 0
7	86 0
7	86 0
7	86 0
7	86 0
7	86 0
7	86 0
7	86 0
7	86 0
7	86 0
7	86 0
7	86 0
7	86 0
7	86 0
7	TEST_NUMBER 1
7	SENT_TOTAL 243
7	RECEIVED_TOTAL 207
7	TIME_TOTAL 29660
7	RECEIVED_RADIO_1 124
7	RECEIVED_RADIO_2 119
7	SENT_RADIO_1 0
7	SENT_RADIO_2 185
7	RADIO_TIME_1 29660
7	RADIO_TIME_2 29580
7	RETRANSMISSIONS_1 578
7	RETRANSMISSIONS_2 2
7	DROPPED_1 58
7	DROPPED_2 0
7	MAX_QUEUE 2
7	DUPLICATED_1 2
7	DUPLICATED_2 0
7	EBUSY_RADIO_1 0
7	EBUSY_RADIO_2 0
7	86 1
7	86 1
7	86 1
7	86 1
7	86 1
7	86 1
7	86 1
7	86 1
7	86 1
7	86 1
7	86 1
7	86 1
7	86 1
7	86 1
7	86 1
7	86 1
7	86 1
7	86 1
7	86 1
7	86 1
7	86 1
7	86 1
7	86 1
7	86 1
7	86 1
7	86 1
7	86 1
7	86 1
7	86 1
7	86 1
7	86 1
7	86 1
7	86 1
7	86 1
7	86 1
7	86 1
7	86 1
7	86 1
7	86 1
7	86 1
7	86 1
7	TEST_NUMBER 2
7	SENT_TOTAL 252
7	RECEIVED_TOTAL 211
7	TIME_TOTAL 29799
7	RECEIVED_RADIO_1 130
7	RECEIVED_RADIO_2 122
7	SENT_RADIO_1 0
7	SENT_RADIO_2 197
7	RADIO_TIME_1 29812
7	RADIO_TIME_2 29792
7	RETRANSMISSIONS_1 539
7	RETRANSMISSIONS_2 5
7	DROPPED_1 54
7	DROPPED_2 0
7	MAX_QUEUE 2
7	DUPLICATED_1 4
7	DUPLICATED_2 0
7	EBUSY_RADIO_1 0
7	EBUSY_RADIO_2 0
7	86 2
7	86 2
7	86 2
7	86 2
7	86 2
7	86 2
7	86 2
7	86 2
7	86 2
7	86 2
7	86 2
7	86 2
7	86 2
7	86 2
7	86 2
7	86 2
7	86 2
7	86 2
7	86 2
7	86 2
7	86 2
7	86 2
7	86 2
7	86 2
7	86 2
7	86 2
7	86 2
7	86 2
7	86 2
7	86 2
7	86 2
7	86 2
7	86 2
7	86 2
7	86 2
7	86 2
7	86 2
7	86 2
7	86 2
7	TEST_NUMBER 3
7	SENT_TOTAL 243
7	RECEIVED_TOTAL 204
7	TIME_TOTAL 29723
7	RECEIVED_RADIO_1 138
7	RECEIVED_RADIO_2 105
7	SENT_RADIO_1 0
7	SENT_RADIO_2 191
7	RADIO_TIME_1 29861
7	RADIO_TIME_2 29723
7	RETRANSMISSIONS_1 524
7	RETRANSMISSIONS_2 3
7	DROPPED_1 52
7	DROPPED_2 0
7	MAX_QUEUE 2
7	DUPLICATED_1 10
7	DUPLICATED_2 0
7	EBUSY_RADIO_1 1
7	EBUSY_RADIO_2 0
7	86 3
7	86 3
7	86 3
7	86 3
7	86 3
7	86 3
7	86 3
7	86 3
7	86 3
7	86 3
7	86 3
7	86 3
7	86 3
7	86 3
7	86 3
7	86 3
7	86 3
7	86 3
7	86 3
7	86 3
7	86 3
7	86 3
7	86 3
7	86 3
7	86 3
7	86 3
7	86 3
7	86 3
7	86 3
7	86 3
7	86 3
7	86 3
7	86 3
7	86 3
7	86 3
7	86 3
7	86 3
7	86 3
7	86 3
7	86 3
7	86 3
7	TEST_NUMBER 4
7	SENT_TOTAL 244
7	RECEIVED_TOTAL 203
7	TIME_TOTAL 29812
7	RECEIVED_RADIO_1 126
7	RECEIVED_RADIO_2 118
7	SENT_RADIO_1 0
7	SENT_RADIO_2 191
7	RADIO_TIME_1 29874
7	RADIO_TIME_2 29832
7	RETRANSMISSIONS_1 523
7	RETRANSMISSIONS_2 7
7	DROPPED_1 53
7	DROPPED_2 0
7	MAX_QUEUE 2
7	DUPLICATED_1 10
7	DUPLICATED_2 0
7	EBUSY_RADIO_1 2
7	EBUSY_RADIO_2 0
7	86 4
7	86 4
7	86 4
7	86 4
7	86 4
7	86 4
7	86 4
7	86 4
7	86 4
7	86 4
7	86 4
7	86 4
7	86 4
7	86 4
7	86 4
7	86 4
7	86 4
7	86 4
7	86 4
7	86 4
7	86 4
7	86 4
7	86 4
7	86 4
7	86 4
7	86 4
7	86 4
7	86 4
7	86 4
7	86 4
7	86 4
7	86 4
7	86 4
7	86 4
7	86 4
7	86 4
7	86 4
7	86 4
7	TEST_NUMBER 5
7	SENT_TOTAL 236
7	RECEIVED_TOTAL 198
7	TIME_TOTAL 29788
7	RECEIVED_RADIO_1 115
7	RECEIVED_RADIO_2 121
7	SENT_RADIO_1 0
7	SENT_RADIO_2 183
7	RADIO_TIME_1 29860
7	RADIO_TIME_2 29809
7	RETRANSMISSIONS_1 535
7	RETRANSMISSIONS_2 6
7	DROPPED_1 54
7	DROPPED_2 0
7	MAX_QUEUE 2
7	DUPLICATED_1 7
7	DUPLICATED_2 0
7	EBUSY_RADIO_1 2
7	EBUSY_RADIO_2 0
7	86 5
7	86 5
7	86 5
7	86 5
7	86 5
7	86 5
7	86 5
7	86 5
7	86 5
7	86 5
7	86 5
7	86 5
7	86 5
7	86 5
7	86 5
7	86 5
7	86 5
7	86 5
7	86 5
7	86 5
7	86 5
7	86 5
7	86 5
7	86 5
7	86 5
7	86 5
7	86 5
7	86 5
7	86 5
7	86 5
7	86 5
7	86 5
7	86 5
7	86 5
7	86 5
7	86 5
7	86 5
7	86 5
7	TEST_NUMBER 6
7	SENT_TOTAL 246
7	RECEIVED_TOTAL 208
7	TIME_TOTAL 29685
7	RECEIVED_RADIO_1 128
7	RECEIVED_RADIO_2 118
7	SENT_RADIO_1 0
7	SENT_RADIO_2 184
7	RADIO_TIME_1 29769
7	RADIO_TIME_2 29669
7	RETRANSMISSIONS_1 618
7	RETRANSMISSIONS_2 5
7	DROPPED_1 61
7	DROPPED_2 0
7	MAX_QUEUE 2
7	DUPLICATED_1 2
7	DUPLICATED_2 0
7	EBUSY_RADIO_1 0
7	EBUSY_RADIO_2 0
7	86 6
7	86 6
7	86 6
7	86 6
7	86 6
7	86 6
7	86 6
7	86 6
7	86 6
7	86 6
7	86 6
7	86 6
7	86 6
7	86 6
7	86 6
7	86 6
7	86 6
7	86 6
7	86 6
7	86 6
7	86 6
7	86 6
7	86 6
7	86 6
7	86 6
7	86 6
7	86 6
7	86 6
7	86 6
7	86 6
7	86 6
7	86 6
7	86 6
7	86 6
7	86 6
7	86 6
7	86 6
7	86 6
