
2	RELAY_NODE 2
2	TEST_NUMBER 0
2	SENT_TOTAL 0
2	RECEIVED_TOTAL 0
2	TIME_TOTAL 0
2	RECEIVED_RADIO_1 0
2	RECEIVED_RADIO_2 115
2	SENT_RADIO_1 0
2	SENT_RADIO_2 0
2	RADIO_TIME_1 18261
2	RADIO_TIME_2 18173
2	RETRANSMISSIONS_1 1136
2	RETRANSMISSIONS_2 0
2	DROPPED_1 114
2	DROPPED_2 0
2	MAX_QUEUE 1
2	DUPLICATED_1 0
2	DUPLICATED_2 0
2	EBUSY_RADIO_1 0
2	EBUSY_RADIO_2 0
2	TEST_NUMBER 1
2	SENT_TOTAL 0
2	RECEIVED_TOTAL 0
2	TIME_TOTAL 0
2	RECEIVED_RADIO_1 0
2	RECEIVED_RADIO_2 125
2	SENT_RADIO_1 0
2	SENT_RADIO_2 0
2	RADIO_TIME_1 29806
2	RADIO_TIME_2 29723
2	RETRANSMISSIONS_1 1246
2	RETRANSMISSIONS_2 0
2	DROPPED_1 124
2	DROPPED_2 0
2	MAX_QUEUE 1
2	DUPLICATED_1 0
2	DUPLICATED_2 0
2	EBUSY_RADIO_1 0
2	EBUSY_RADIO_2 0
2	TEST_NUMBER 2
2	SENT_TOTAL 0
2	RECEIVED_TOTAL 0
2	TIME_TOTAL 0
2	RECEIVED_RADIO_1 0
2	RECEIVED_RADIO_2 126
2	SENT_RADIO_1 0
2	SENT_RADIO_2 0
2	RADIO_TIME_1 29880
2	RADIO_TIME_2 29802
2	RETRANSMISSIONS_1 1248
2	RETRANSMISSIONS_2 0
2	DROPPED_1 126
2	DROPPED_2 0
2	MAX_QUEUE 2
2	DUPLICATED_1 0
2	DUPLICATED_2 0
2	EBUSY_RADIO_1 0
2	EBUSY_RADIO_2 0
2	TEST_NUMBER 3
2	SENT_TOTAL 0
2	RECEIVED_TOTAL 0
2	TIME_TOTAL 0
2	RECEIVED_RADIO_1 0
2	RECEIVED_RADIO_2 125
2	SENT_RADIO_1 0
2	SENT_RADIO_2 0
2	RADIO_TIME_1 29877
2	RADIO_TIME_2 29729
2	RETRANSMISSIONS_1 1246
2	RETRANSMISSIONS_2 0
2	DROPPED_1 125
2	DROPPED_2 0
2	MAX_QUEUE 1
2	DUPLICATED_1 0
2	DUPLICATED_2 0
2	EBUSY_RADIO_1 0
2	EBUSY_RADIO_2 0
2	TEST_NUMBER 4
2	SENT_TOTAL 0
2	RECEIVED_TOTAL 0
2	TIME_TOTAL 0
2	RECEIVED_RADIO_1 0
2	RECEIVED_RADIO_2 125
2	SENT_RADIO_1 0
2	SENT_RADIO_2 0
2	RADIO_TIME_1 29873
2	RADIO_TIME_2 29723
2	RETRANSMISSIONS_1 1246
2	RETRANSMISSIONS_2 0
2	DROPPED_1 125
2	DROPPED_2 0
2	MAX_QUEUE 1
2	DUPLICATED_1 0
2	DUPLICATED_2 0
2	EBUSY_RADIO_1 0
2	EBUSY_RADIO_2 0
2	TEST_NUMBER 5
2	SENT_TOTAL 0
2	RECEIVED_TOTAL 0
2	TIME_TOTAL 0
2	RECEIVED_RADIO_1 0
2	RECEIVED_RADIO_2 125
2	SENT_RADIO_1 0
2	SENT_RADIO_2 0
2	RADIO_TIME_1 29874
2	RADIO_TIME_2 29725
2	RETRANSMISSIONS_1 1246
2	RETRANSMISSIONS_2 0
2	DROPPED_1 125
2	DROPPED_2 0
2	MAX_QUEUE 1
2	DUPLICATED_1 0
2	DUPLICATED_2 0
2	EBUSY_RADIO_1 0
2	EBUSY_RADIO_2 0
2	TEST_NUMBER 6
2	SENT_TOTAL 0
2	RECEIVED_TOTAL 0
2	TIME_TOTAL 0
2	RECEIVED_RADIO_1 0
2	RECEIVED_RADIO_2 125
2	SENT_RADIO_1 0
2	SENT_RADIO_2 0
2	RADIO_TIME_1 29864
2	RADIO_TIME_2 29728
2	RETRANSMISSIONS_1 1245
2	RETRANSMISSIONS_2 0
2	DROPPED_1 125
2	DROPPED_2 0
2	MAX_QUEUE 1
2	DUPLICATED_1 0
2	DUPLICATED_2 0
2	EBUSY_RADIO_1 0
2	EBUSY_RADIO_2 0

56	RELAY_NODE 56
56	TEST_NUMBER 0
56	SENT_TOTAL 0
56	RECEIVED_TOTAL 0
56	TIME_TOTAL 0
56	RECEIVED_RADIO_1 125
56	RECEIVED_RADIO_2 88
56	SENT_RADIO_1 88
56	SENT_RADIO_2 125
56	RADIO_TIME_1 19832
56	RADIO_TIME_2 19832
56	RETRANSMISSIONS_1 1
56	RETRANSMISSIONS_2 0
56	DROPPED_1 0
56	DROPPED_2 0
56	MAX_QUEUE 1
56	DUPLICATED_1 0
56	DUPLICATED_2 0
56	EBUSY_RADIO_1 0
56	EBUSY_RADIO_2 0
56	TEST_NUMBER 1
56	SENT_TOTAL 0
56	RECEIVED_TOTAL 0
56	TIME_TOTAL 0
56	RECEIVED_RADIO_1 125
56	RECEIVED_RADIO_2 83
56	SENT_RADIO_1 83
56	SENT_RADIO_2 125
56	RADIO_TIME_1 19765
56	RADIO_TIME_2 19765
56	RETRANSMISSIONS_1 2
56	RETRANSMISSIONS_2 0
56	DROPPED_1 0
56	DROPPED_2 0
56	MAX_QUEUE 1
56	DUPLICATED_1 0
56	DUPLICATED_2 1
56	EBUSY_RADIO_1 0
56	EBUSY_RADIO_2 0
56	TEST_NUMBER 2
56	SENT_TOTAL 0
56	RECEIVED_TOTAL 0
56	TIME_TOTAL 0
56	RECEIVED_RADIO_1 125
56	RECEIVED_RADIO_2 90
56	SENT_RADIO_1 90
56	SENT_RADIO_2 125
56	RADIO_TIME_1 19880
56	RADIO_TIME_2 19880
56	RETRANSMISSIONS_1 1
56	RETRANSMISSIONS_2 0
56	DROPPED_1 0
56	DROPPED_2 0
56	MAX_QUEUE 1
56	DUPLICATED_1 0
56	DUPLICATED_2 0
56	EBUSY_RADIO_1 0
56	EBUSY_RADIO_2 0
56	TEST_NUMBER 3
56	SENT_TOTAL 0
56	RECEIVED_TOTAL 0
56	TIME_TOTAL 0
56	RECEIVED_RADIO_1 125
56	RECEIVED_RADIO_2 86
56	SENT_RADIO_1 86
56	SENT_RADIO_2 125
56	RADIO_TIME_1 19879
56	RADIO_TIME_2 19879
56	RETRANSMISSIONS_1 1
56	RETRANSMISSIONS_2 0
56	DROPPED_1 0
56	DROPPED_2 0
56	MAX_QUEUE 1
56	DUPLICATED_1 0
56	DUPLICATED_2 1
56	EBUSY_RADIO_1 0
56	EBUSY_RADIO_2 0
56	TEST_NUMBER 4
56	SENT_TOTAL 0
56	RECEIVED_TOTAL 0
56	TIME_TOTAL 0
56	RECEIVED_RADIO_1 125
56	RECEIVED_RADIO_2 89
56	SENT_RADIO_1 89
56	SENT_RADIO_2 125
56	RADIO_TIME_1 19868
56	RADIO_TIME_2 19868
56	RETRANSMISSIONS_1 1
56	RETRANSMISSIONS_2 0
56	DROPPED_1 0
56	DROPPED_2 0
56	MAX_QUEUE 1
56	DUPLICATED_1 0
56	DUPLICATED_2 1
56	EBUSY_RADIO_1 0
56	EBUSY_RADIO_2 0
56	TEST_NUMBER 5
56	SENT_TOTAL 0
56	RECEIVED_TOTAL 0
56	TIME_TOTAL 0
56	RECEIVED_RADIO_1 125
56	RECEIVED_RADIO_2 87
56	SENT_RADIO_1 87
56	SENT_RADIO_2 125
56	RADIO_TIME_1 19764
56	RADIO_TIME_2 19764
56	RETRANSMISSIONS_1 1
56	RETRANSMISSIONS_2 0
56	DROPPED_1 0
56	DROPPED_2 0
56	MAX_QUEUE 1
56	DUPLICATED_1 0
56	DUPLICATED_2 0
56	EBUSY_RADIO_1 0
56	EBUSY_RADIO_2 0
56	TEST_NUMBER 6
56	SENT_TOTAL 0
56	RECEIVED_TOTAL 0
56	TIME_TOTAL 0
56	RECEIVED_RADIO_1 125
56	RECEIVED_RADIO_2 88
56	SENT_RADIO_1 88
56	SENT_RADIO_2 125
56	RADIO_TIME_1 19804
56	RADIO_TIME_2 19804
56	RETRANSMISSIONS_1 1
56	RETRANSMISSIONS_2 0
56	DROPPED_1 0
56	DROPPED_2 0
56	MAX_QUEUE 1
56	DUPLICATED_1 0
56	DUPLICATED_2 0
56	EBUSY_RADIO_1 0
56	EBUSY_RADIO_2 0

57	SOURCE_NODE 57
57	84 1
57	84 2
57	84 3
57	84 4
57	84 5
57	83 5
57	85 3
57	79 207
57	84 6
57	84 7
57	83 7
57	85 5
57	79 163
57	84 8
57	84 9
57	83 9
57	85 9
57	79 55
57	84 10
57	84 11
57	84 12
57	83 12
57	85 11
57	79 155
57	84 13
57	84 14
57	84 15
57	83 15
57	85 15
57	79 52
57	84 16
57	84 17
57	84 18
57	84 19
57	83 19
57	85 17
57	79 229
57	83 19
57	85 19
57	79 77
57	84 20
57	84 1
57	84 2
57	83 2
57	85 1
57	79 131
57	84 3
57	84 4
57	84 5
57	83 5
57	85 5
57	79 52
57	84 6
57	84 7
57	84 8
57	84 9
57	83 9
57	85 7
57	79 227
57	84 10
57	84 11
57	84 12
57	84 13
57	83 13
57	85 9
57	79 379
57	83 13
57	85 11
57	79 228
57	83 13
57	85 13
57	79 77
57	84 14
57	84 15
57	84 16
57	83 16
57	85 15
57	79 97
57	84 17
57	84 18
57	84 19
57	83 19
57	85 19
57	79 51
57	84 20
57	84 1
57	84 2
57	83 2
57	85 1
57	79 141
57	84 3
57	84 4
57	84 5
57	83 5
57	85 5
57	79 69
57	84 6
57	84 7
57	84 8
57	83 8
57	85 7
57	79 145
57	84 9
57	84 10
57	84 11
57	83 11
57	85 11
57	79 61
57	84 12
57	84 13
57	84 14
57	83 14
57	85 13
57	79 135
57	84 15
57	84 16
57	84 17
57	83 17
57	85 17
57	79 52
57	84 18
57	84 19
57	84 20
57	84 1
57	83 1
57	85 19
57	79 215
57	83 1
57	85 1
57	79 68
57	84 2
57	84 3
57	84 4
57	83 4
57	85 3
57	79 123
57	84 5
57	84 6
57	84 7
57	83 7
57	85 7
57	79 55
57	84 8
57	84 9
57	84 10
57	84 11
57	83 11
57	85 9
57	79 234
57	84 12
57	83 12
57	85 11
57	79 83
57	84 13
57	84 14
57	83 14
57	85 13
57	79 115
57	84 15
57	84 16
57	84 17
57	83 17
57	85 17
57	79 51
57	84 18
57	84 19
57	84 20
57	84 1
57	83 1
57	85 19
57	79 220
57	84 2
57	84 3
57	84 4
57	83 4
57	85 1
57	79 279
57	83 4
57	85 3
57	79 130
57	84 5
57	84 6
57	84 7
57	83 7
57	85 7
57	79 50
57	84 8
57	84 9
57	84 10
57	83 10
57	85 9
57	79 151
57	84 11
57	84 12
57	84 13
57	83 13
57	85 13
57	79 53
57	84 14
57	84 15
57	84 16
57	83 16
57	85 15
57	79 156
57	84 17
57	84 18
57	84 19
57	83 19
57	85 19
57	79 48
57	84 20
57	84 1
57	84 2
57	83 2
57	85 1
57	79 142
57	84 3
57	84 4
57	84 5
57	83 5
57	85 5
57	79 54
57	84 6
57	84 7
57	84 8
57	83 8
57	85 7
57	79 148
57	84 9
57	84 10
57	84 11
57	84 12
57	84 13
57	83 13
57	85 11
57	79 216
57	84 14
57	84 15
57	83 15
57	85 13
57	79 175
57	84 16
57	84 17
57	84 18
57	84 19
57	84 20
57	83 20
57	85 17
57	79 309
57	83 20
57	85 19
57	79 160
57	84 1
57	84 2
57	84 3
57	83 3
57	85 3
57	79 60
57	84 4
57	84 5
57	84 6
57	83 6
57	85 5
57	79 138
57	84 7
57	84 8
57	84 9
57	83 9
57	85 9
57	79 53
57	84 10
57	84 11
57	84 12
57	83 12
57	85 11
57	79 142
57	84 13
57	84 14
57	84 15
57	84 16
57	84 17
57	84 18
57	83 18
57	85 15
57	79 315
57	84 19
57	83 19
57	85 17
57	79 163
57	84 20
57	84 1
57	83 1
57	85 1
57	79 55
57	84 2
57	84 3
57	84 4
57	83 4
57	85 3
57	79 139
57	84 5
57	84 6
57	84 7
57	83 7
57	85 7
57	79 52
57	84 8
57	84 9
57	84 10
57	83 10
57	85 9
57	79 150
57	84 11
57	84 12
57	84 13
57	84 14
57	84 15
57	84 16
57	83 16
57	85 13
57	79 318
57	84 17
57	84 18
57	83 18
57	85 17
57	79 149
57	84 19
57	84 20
57	84 1
57	83 1
57	85 1
57	79 54
57	84 2
57	84 3
57	84 4
57	84 5
57	83 5
57	85 3
57	79 224
57	83 5
57	85 5
57	79 74
57	84 6
57	84 7
57	84 8
57	83 8
57	85 7
57	79 113
57	84 9
57	84 10
57	84 11
57	83 11
57	85 11
57	79 54
57	84 12
57	84 13
57	84 14
57	83 14
57	85 13
57	79 148
57	84 15
57	84 16
57	84 17
57	83 17
57	85 17
57	79 57
57	84 18
57	84 19
57	84 20
57	83 20
57	85 19
57	79 152
57	84 1
57	84 2
57	84 3
57	83 3
57	85 3
57	79 56
57	84 4
57	84 5
57	84 6
57	83 6
57	85 5
57	79 139
57	84 7
57	84 8
57	84 9
57	83 9
57	85 9
57	79 53
57	84 10
57	84 11
57	84 12
57	83 12
57	85 11
57	79 144
57	84 13
57	84 14
57	84 15
57	84 16
57	84 17
57	83 17
57	85 15
57	79 217
57	83 17
57	85 17
57	79 66
57	84 18
57	84 19
57	84 20
57	84 1
57	84 2
57	84 3
57	83 3
57	85 19
57	79 370
57	83 3
57	85 3
57	79 58
57	84 4
57	84 5
57	84 6
57	83 6
57	85 5
57	79 144
57	84 7
57	84 8
57	84 9
57	83 9
57	85 9
57	79 54
57	84 10
57	84 11
57	84 12
57	83 12
57	85 11
57	79 142
57	84 13
57	84 14
57	84 15
57	83 15
57	85 15
57	79 55
57	84 16
57	84 17
57	84 18
57	83 18
57	85 17
57	79 154
57	84 19
57	84 20
57	84 1
57	84 2
57	84 3
57	84 4
57	83 4
57	85 1
57	79 305
57	83 4
57	85 3
57	79 152
57	84 5
57	84 6
57	84 7
57	83 7
57	85 7
57	79 51
57	84 8
57	84 9
57	84 10
57	83 10
57	85 9
57	79 151
57	84 11
57	84 12
57	84 13
57	83 13
57	85 13
57	79 59
57	84 14
57	84 15
57	84 16
57	83 16
57	85 15
57	79 147
57	84 17
57	84 18
57	84 19
57	83 19
57	85 19
57	79 67
57	84 20
57	84 1
57	84 2
57	83 2
57	85 1
57	79 140
57	84 3
57	84 4
57	84 5
57	83 5
57	85 5
57	79 51
57	84 6
57	84 7
57	84 8
57	84 9
57	83 9
57	85 7
57	79 229
57	83 9
57	85 9
57	79 80
57	84 10
57	TEST_NUMBER 0
57	SENT_TOTAL 250
57	RECEIVED_TOTAL 88
57	TIME_TOTAL 19477
57	RECEIVED_RADIO_1 88
57	RECEIVED_RADIO_2 0
57	SENT_RADIO_1 125
57	SENT_RADIO_2 124
57	RADIO_TIME_1 19843
57	RADIO_TIME_2 19763
57	RETRANSMISSIONS_1 0
57	RETRANSMISSIONS_2 0
57	DROPPED_1 0
57	DROPPED_2 0
57	MAX_QUEUE 1
57	DUPLICATED_1 1
57	DUPLICATED_2 0
57	EBUSY_RADIO_1 0
57	EBUSY_RADIO_2 0
57	84 1
57	84 2
57	84 3
57	84 4
57	84 5
57	83 5
57	85 1
57	79 378
57	84 6
57	83 6
57	85 5
57	79 84
57	84 7
57	84 8
57	83 8
57	85 7
57	79 143
57	84 9
57	84 10
57	84 11
57	84 12
57	84 13
57	84 14
57	83 14
57	85 11
57	79 306
57	83 14
57	85 13
57	79 158
57	84 15
57	84 16
57	84 17
57	83 17
57	85 17
57	79 58
57	84 18
57	84 19
57	84 20
57	83 20
57	85 19
57	79 144
57	84 1
57	84 2
57	84 3
57	83 3
57	85 3
57	79 52
57	84 4
57	84 5
57	84 6
57	84 7
57	84 8
57	84 9
57	84 10
57	84 11
57	83 11
57	85 5
57	79 530
57	83 11
57	85 9
57	79 230
57	84 12
57	83 12
57	85 11
57	79 154
57	84 13
57	84 14
57	84 15
57	83 15
57	85 15
57	79 52
57	84 16
57	84 17
57	84 18
57	84 19
57	84 20
57	84 1
57	84 2
57	84 3
57	83 3
57	85 17
57	79 536
57	83 3
57	85 1
57	79 227
57	83 3
57	85 3
57	79 75
57	84 4
57	84 5
57	84 6
57	83 6
57	85 5
57	79 128
57	84 7
57	84 8
57	84 9
57	83 9
57	85 9
57	79 52
57	84 10
57	84 11
57	84 12
57	83 12
57	85 11
57	79 141
57	84 13
57	84 14
57	84 15
57	83 15
57	85 15
57	79 56
57	84 16
57	84 17
57	84 18
57	84 19
57	84 20
57	84 1
57	84 2
57	84 3
57	83 3
57	85 17
57	79 531
57	84 4
57	84 5
57	83 5
57	85 1
57	79 326
57	84 6
57	83 6
57	85 5
57	79 139
57	84 7
57	84 8
57	84 9
57	84 10
57	84 11
57	84 12
57	83 12
57	85 9
57	79 314
57	84 13
57	83 13
57	85 11
57	79 172
57	84 14
57	84 15
57	83 15
57	85 15
57	79 47
57	84 16
57	84 17
57	84 18
57	83 18
57	85 17
57	79 156
57	84 19
57	84 20
57	84 1
57	83 1
57	85 1
57	79 52
57	84 2
57	84 3
57	84 4
57	83 4
57	85 3
57	79 154
57	84 5
57	84 6
57	84 7
57	83 7
57	85 7
57	79 65
57	84 8
57	84 9
57	84 10
57	83 10
57	85 9
57	79 142
57	84 11
57	84 12
57	84 13
57	83 13
57	85 13
57	79 53
57	84 14
57	84 15
57	84 16
57	83 16
57	85 15
57	79 140
57	84 17
57	84 18
57	84 19
57	83 19
57	85 19
57	79 56
57	84 20
57	84 1
57	84 2
57	83 2
57	85 1
57	79 147
57	84 3
57	84 4
57	84 5
57	84 6
57	84 7
57	84 8
57	83 8
57	85 5
57	79 302
57	83 8
57	85 7
57	79 158
57	84 9
57	84 10
57	84 11
57	83 11
57	85 11
57	79 64
57	84 12
57	84 13
57	84 14
57	84 15
57	83 15
57	85 13
57	79 229
57	84 16
57	83 16
57	85 15
57	79 91
57	84 17
57	84 18
57	83 18
57	85 17
57	79 109
57	84 19
57	84 20
57	84 1
57	83 1
57	85 1
57	79 54
57	84 2
57	84 3
57	84 4
57	83 4
57	85 3
57	79 145
57	84 5
57	84 6
57	84 7
57	84 8
57	84 9
57	83 9
57	85 7
57	79 214
57	84 10
57	84 11
57	83 11
57	85 9
57	79 175
57	84 12
57	84 13
57	83 13
57	85 13
57	79 58
57	84 14
57	84 15
57	84 16
57	83 16
57	85 15
57	79 151
57	84 17
57	84 18
57	84 19
57	83 19
57	85 19
57	79 47
57	84 20
57	84 1
57	84 2
57	83 2
57	85 1
57	79 143
57	84 3
57	84 4
57	84 5
57	84 6
57	84 7
57	83 7
57	85 5
57	79 215
57	84 8
57	84 9
57	83 9
57	85 7
57	79 163
57	84 10
57	84 11
57	83 11
57	85 11
57	79 56
57	84 12
57	84 13
57	84 14
57	83 14
57	85 13
57	79 154
57	84 15
57	84 16
57	84 17
57	84 18
57	84 19
57	84 20
57	84 1
57	83 1
57	85 17
57	79 381
57	84 2
57	83 2
57	85 19
57	79 241
57	83 2
57	85 1
57	79 91
57	84 3
57	84 4
57	83 4
57	85 3
57	79 117
57	84 5
57	84 6
57	84 7
57	83 7
57	85 7
57	79 48
57	84 8
57	84 9
57	84 10
57	83 10
57	85 9
57	79 150
57	84 11
57	84 12
57	84 13
57	83 13
57	85 13
57	79 53
57	84 14
57	84 15
57	84 16
57	84 17
57	83 17
57	85 15
57	79 160
57	84 18
57	84 19
57	83 19
57	85 19
57	79 61
57	84 20
57	84 1
57	84 2
57	83 2
57	85 1
57	79 143
57	84 3
57	84 4
57	84 5
57	83 5
57	85 5
57	79 52
57	84 6
57	84 7
57	84 8
57	83 8
57	85 7
57	79 145
57	84 9
57	84 10
57	84 11
57	83 11
57	85 11
57	79 60
57	84 12
57	84 13
57	84 14
57	83 14
57	85 13
57	79 150
57	84 15
57	84 16
57	84 17
57	83 17
57	85 17
57	79 61
57	84 18
57	84 19
57	84 20
57	84 1
57	84 2
57	84 3
57	83 3
57	85 19
57	79 370
57	83 3
57	85 3
57	79 61
57	84 4
57	84 5
57	84 6
57	83 6
57	85 5
57	79 142
57	84 7
57	84 8
57	84 9
57	83 9
57	85 9
57	79 58
57	84 10
57	84 11
57	84 12
57	83 12
57	85 11
57	79 147
57	84 13
57	84 14
57	84 15
57	83 15
57	85 15
57	79 50
57	84 16
57	84 17
57	84 18
57	83 18
57	85 17
57	79 153
57	84 19
57	84 20
57	84 1
57	83 1
57	85 1
57	79 67
57	84 2
57	84 3
57	84 4
57	83 4
57	85 3
57	79 143
57	84 5
57	84 6
57	84 7
57	83 7
57	85 7
57	79 56
57	84 8
57	84 9
57	84 10
57	83 10
57	85 9
57	79 153
57	84 11
57	84 12
57	84 13
57	83 13
57	85 13
57	79 59
57	84 14
57	84 15
57	84 16
57	83 16
57	85 15
57	79 149
57	84 17
57	84 18
57	84 19
57	84 20
57	84 1
57	83 1
57	85 19
57	79 224
57	83 1
57	85 1
57	79 72
57	84 2
57	84 3
57	84 4
57	83 4
57	85 3
57	79 139
57	84 5
57	84 6
57	84 7
57	84 8
57	84 9
57	84 10
57	TEST_NUMBER 1
57	SENT_TOTAL 250
57	RECEIVED_TOTAL 83
57	TIME_TOTAL 19046
57	RECEIVED_RADIO_1 83
57	RECEIVED_RADIO_2 0
57	SENT_RADIO_1 125
57	SENT_RADIO_2 125
57	RADIO_TIME_1 19763
57	RADIO_TIME_2 19763
57	RETRANSMISSIONS_1 0
57	RETRANSMISSIONS_2 0
57	DROPPED_1 0
57	DROPPED_2 0
57	MAX_QUEUE 1
57	DUPLICATED_1 2
57	DUPLICATED_2 0
57	EBUSY_RADIO_1 0
57	EBUSY_RADIO_2 0
57	84 1
57	83 1
57	85 7
57	86 1
57	84 2
57	83 2
57	85 9
57	86 1
57	83 2
57	85 1
57	79 101
57	84 3
57	84 4
57	84 5
57	84 6
57	84 7
57	83 7
57	85 3
57	79 371
57	83 7
57	85 7
57	79 61
57	84 8
57	84 9
57	84 10
57	83 10
57	85 9
57	79 157
57	84 11
57	84 12
57	84 13
57	83 13
57	85 13
57	79 64
57	84 14
57	84 15
57	84 16
57	84 17
57	84 18
57	84 19
57	83 19
57	85 15
57	79 370
57	83 19
57	85 19
57	79 62
57	84 20
57	84 1
57	84 2
57	84 3
57	83 3
57	85 1
57	79 221
57	83 3
57	85 3
57	79 71
57	84 4
57	84 5
57	84 6
57	83 6
57	85 5
57	79 118
57	84 7
57	84 8
57	84 9
57	83 9
57	85 9
57	79 61
57	84 10
57	84 11
57	84 12
57	83 12
57	85 11
57	79 150
57	84 13
57	84 14
57	84 15
57	83 15
57	85 15
57	79 53
57	84 16
57	84 17
57	84 18
57	83 18
57	85 17
57	79 144
57	84 19
57	84 20
57	84 1
57	83 1
57	85 1
57	79 56
57	84 2
57	84 3
57	84 4
57	83 4
57	85 3
57	79 143
57	84 5
57	84 6
57	84 7
57	83 7
57	85 7
57	79 57
57	84 8
57	84 9
57	84 10
57	83 10
57	85 9
57	79 145
57	84 11
57	84 12
57	84 13
57	84 14
57	84 15
57	83 15
57	85 13
57	79 211
57	84 16
57	84 17
57	83 17
57	85 15
57	79 166
57	84 18
57	84 19
57	83 19
57	85 19
57	79 61
57	84 20
57	84 1
57	84 2
57	83 2
57	85 1
57	79 157
57	84 3
57	84 4
57	84 5
57	83 5
57	85 5
57	79 60
57	84 6
57	84 7
57	84 8
57	83 8
57	85 7
57	79 145
57	84 9
57	84 10
57	84 11
57	83 11
57	85 11
57	79 55
57	84 12
57	84 13
57	84 14
57	83 14
57	85 13
57	79 144
57	84 15
57	84 16
57	84 17
57	83 17
57	85 17
57	79 54
57	84 18
57	84 19
57	84 20
57	83 20
57	85 19
57	79 147
57	84 1
57	84 2
57	84 3
57	83 3
57	85 3
57	79 60
57	84 4
57	84 5
57	84 6
57	83 6
57	85 5
57	79 150
57	84 7
57	84 8
57	84 9
57	83 9
57	85 9
57	79 59
57	84 10
57	84 11
57	84 12
57	83 12
57	85 11
57	79 156
57	84 13
57	84 14
57	84 15
57	84 16
57	84 17
57	83 17
57	85 15
57	79 215
57	84 18
57	84 19
57	83 19
57	85 17
57	79 165
57	84 20
57	84 1
57	83 1
57	85 1
57	79 66
57	84 2
57	84 3
57	84 4
57	83 4
57	85 3
57	79 145
57	84 5
57	84 6
57	84 7
57	83 7
57	85 7
57	79 57
57	84 8
57	84 9
57	84 10
57	83 10
57	85 9
57	79 144
57	84 11
57	84 12
57	84 13
57	83 13
57	85 13
57	79 51
57	84 14
57	84 15
57	84 16
57	84 17
57	84 18
57	84 19
57	83 19
57	85 15
57	79 382
57	83 19
57	85 19
57	79 71
57	84 20
57	84 1
57	84 2
57	83 2
57	85 1
57	79 139
57	84 3
57	84 4
57	84 5
57	84 6
57	84 7
57	84 8
57	83 8
57	85 5
57	79 317
57	84 9
57	83 9
57	85 7
57	79 166
57	84 10
57	84 11
57	83 11
57	85 11
57	79 55
57	84 12
57	84 13
57	84 14
57	83 14
57	85 13
57	79 131
57	84 15
57	84 16
57	84 17
57	84 18
57	84 19
57	83 19
57	85 17
57	79 210
57	84 20
57	83 20
57	85 19
57	79 156
57	84 1
57	84 2
57	84 3
57	83 3
57	85 3
57	79 59
57	84 4
57	84 5
57	84 6
57	83 6
57	85 5
57	79 147
57	84 7
57	84 8
57	84 9
57	84 10
57	84 11
57	84 12
57	83 12
57	85 9
57	79 309
57	83 12
57	85 11
57	79 158
57	84 13
57	84 14
57	84 15
57	84 16
57	84 17
57	84 18
57	83 18
57	85 16
57	79 223
57	84 19
57	84 20
57	83 20
57	85 18
57	79 219
57	84 1
57	83 1
57	85 20
57	79 82
57	84 2
57	84 3
57	83 3
57	85 2
57	79 121
57	84 4
57	84 5
57	84 6
57	83 6
57	85 6
57	79 54
57	84 7
57	84 8
57	84 9
57	84 10
57	83 10
57	85 8
57	79 217
57	83 10
57	85 10
57	79 77
57	84 11
57	84 12
57	84 13
57	83 13
57	85 12
57	79 128
57	84 14
57	84 15
57	84 16
57	83 16
57	85 16
57	79 56
57	84 17
57	84 18
57	84 19
57	84 20
57	83 20
57	85 18
57	79 215
57	84 1
57	83 1
57	85 20
57	79 134
57	84 2
57	84 3
57	84 4
57	83 4
57	85 4
57	79 55
57	84 5
57	84 6
57	84 7
57	84 8
57	84 9
57	84 10
57	83 10
57	85 6
57	79 370
57	83 10
57	85 10
57	79 59
57	84 11
57	84 12
57	84 13
57	83 13
57	85 12
57	79 145
57	84 14
57	84 15
57	84 16
57	83 16
57	85 16
57	79 50
57	84 17
57	84 18
57	84 19
57	83 19
57	85 18
57	79 154
57	84 20
57	84 1
57	84 2
57	83 2
57	85 2
57	79 59
57	84 3
57	84 4
57	84 5
57	83 5
57	85 4
57	79 131
57	84 6
57	84 7
57	84 8
57	83 8
57	85 8
57	79 50
57	84 9
57	84 10
57	84 11
57	84 12
57	83 12
57	85 10
57	79 233
57	83 12
57	85 12
57	79 79
57	84 13
57	84 14
57	84 15
57	83 15
57	85 14
57	79 101
57	84 16
57	84 17
57	84 18
57	83 18
57	85 18
57	79 53
57	84 19
57	84 20
57	84 1
57	84 2
57	83 2
57	85 20
57	79 220
57	83 2
57	85 2
57	79 80
57	84 3
57	84 4
57	84 5
57	83 5
57	85 4
57	79 121
57	84 6
57	84 7
57	84 8
57	83 8
57	85 8
57	79 56
57	84 9
57	84 10
57	84 11
57	83 11
57	85 10
57	79 144
57	84 12
57	84 13
57	84 14
57	83 14
57	85 14
57	79 48
57	84 15
57	84 16
57	84 17
57	83 17
57	85 16
57	79 141
57	84 18
57	84 19
57	84 20
57	84 1
57	84 2
57	84 3
57	84 4
57	83 4
57	85 20
57	79 362
57	83 4
57	85 2
57	79 230
57	83 4
57	85 4
57	79 80
57	84 5
57	84 6
57	84 7
57	83 7
57	85 6
57	79 118
57	84 8
57	84 9
57	84 10
57	TEST_NUMBER 2
57	SENT_TOTAL 250
57	RECEIVED_TOTAL 87
57	TIME_TOTAL 19589
57	RECEIVED_RADIO_1 89
57	RECEIVED_RADIO_2 0
57	SENT_RADIO_1 124
57	SENT_RADIO_2 126
57	RADIO_TIME_1 19843
57	RADIO_TIME_2 19683
57	RETRANSMISSIONS_1 1
57	RETRANSMISSIONS_2 0
57	DROPPED_1 0
57	DROPPED_2 0
57	MAX_QUEUE 1
57	DUPLICATED_1 1
57	DUPLICATED_2 0
57	EBUSY_RADIO_1 0
57	EBUSY_RADIO_2 0
57	83 0
57	85 10
57	86 2
57	84 1
57	84 2
57	84 3
57	83 3
57	85 2
57	79 146
57	84 4
57	84 5
57	84 6
57	84 7
57	84 8
57	84 9
57	83 9
57	85 6
57	79 312
57	84 10
57	83 10
57	85 8
57	79 174
57	84 11
57	84 12
57	83 12
57	85 12
57	79 66
57	84 13
57	84 14
57	84 15
57	83 15
57	85 14
57	79 151
57	84 16
57	84 17
57	84 18
57	83 18
57	85 18
57	79 56
57	84 19
57	84 20
57	84 1
57	83 1
57	85 20
57	79 150
57	84 2
57	84 3
57	84 4
57	84 5
57	84 6
57	84 7
57	84 8
57	84 9
57	83 9
57	85 4
57	79 464
57	83 9
57	85 8
57	79 152
57	84 10
57	84 11
57	84 12
57	83 12
57	85 12
57	79 56
57	84 13
57	84 14
57	84 15
57	84 16
57	83 16
57	85 14
57	79 217
57	83 16
57	85 16
57	79 77
57	84 17
57	84 18
57	84 19
57	83 19
57	85 18
57	79 137
57	84 20
57	84 1
57	84 2
57	83 2
57	85 2
57	79 60
57	84 3
57	84 4
57	84 5
57	83 5
57	85 4
57	79 152
57	84 6
57	84 7
57	84 8
57	83 8
57	85 8
57	79 54
57	84 9
57	84 10
57	84 11
57	83 11
57	85 10
57	79 150
57	84 12
57	84 13
57	84 14
57	83 14
57	85 14
57	79 51
57	84 15
57	84 16
57	84 17
57	83 17
57	85 16
57	79 142
57	84 18
57	84 19
57	84 20
57	83 20
57	85 20
57	79 55
57	84 1
57	84 2
57	84 3
57	83 3
57	85 2
57	79 150
57	84 4
57	84 5
57	84 6
57	84 7
57	84 8
57	84 9
57	83 9
57	85 6
57	79 311
57	84 10
57	84 11
57	83 11
57	85 10
57	79 146
57	84 12
57	84 13
57	84 14
57	83 14
57	85 14
57	79 54
57	84 15
57	84 16
57	84 17
57	84 18
57	83 18
57	85 16
57	79 219
57	83 18
57	85 18
57	79 67
57	84 19
57	84 20
57	84 1
57	83 1
57	85 20
57	79 124
57	84 2
57	84 3
57	84 4
57	83 4
57	85 4
57	79 55
57	84 5
57	84 6
57	84 7
57	83 7
57	85 6
57	79 143
57	84 8
57	84 9
57	84 10
57	84 11
57	84 12
57	84 13
57	83 13
57	85 10
57	79 310
57	83 13
57	85 12
57	79 159
57	84 14
57	84 15
57	84 16
57	83 16
57	85 16
57	79 59
57	84 17
57	84 18
57	84 19
57	83 19
57	85 18
57	79 146
57	84 20
57	84 1
57	84 2
57	83 2
57	85 2
57	79 52
57	84 3
57	84 4
57	84 5
57	83 5
57	85 4
57	79 145
57	84 6
57	84 7
57	84 8
57	84 9
57	84 10
57	83 10
57	85 8
57	79 223
57	84 11
57	84 12
57	84 13
57	83 13
57	85 10
57	79 294
57	83 13
57	85 12
57	79 145
57	84 14
57	84 15
57	84 16
57	83 16
57	85 16
57	79 52
57	84 17
57	84 18
57	84 19
57	84 20
57	83 20
57	85 18
57	79 227
57	83 20
57	85 20
57	79 77
57	84 1
57	84 2
57	84 3
57	83 3
57	85 2
57	79 121
57	84 4
57	84 5
57	84 6
57	83 6
57	85 6
57	79 54
57	84 7
57	84 8
57	84 9
57	84 10
57	83 10
57	85 8
57	79 227
57	83 10
57	85 10
57	79 76
57	84 11
57	84 12
57	84 13
57	83 13
57	85 12
57	79 121
57	84 14
57	84 15
57	84 16
57	83 16
57	85 16
57	79 55
57	84 17
57	84 18
57	84 19
57	83 19
57	85 18
57	79 154
57	84 20
57	84 1
57	84 2
57	83 2
57	85 2
57	79 70
57	84 3
57	84 4
57	84 5
57	83 5
57	85 4
57	79 154
57	84 6
57	84 7
57	84 8
57	83 8
57	85 8
57	79 56
57	84 9
57	84 10
57	84 11
57	83 11
57	85 10
57	79 141
57	84 12
57	84 13
57	84 14
57	83 14
57	85 14
57	79 52
57	84 15
57	84 16
57	84 17
57	83 17
57	85 16
57	79 151
57	84 18
57	84 19
57	84 20
57	84 1
57	84 2
57	83 2
57	85 20
57	79 209
57	84 3
57	84 4
57	83 4
57	85 2
57	79 174
57	84 5
57	84 6
57	83 6
57	85 6
57	79 55
57	84 7
57	84 8
57	84 9
57	83 9
57	85 8
57	79 148
57	84 10
57	84 11
57	84 12
57	83 12
57	85 12
57	79 59
57	84 13
57	84 14
57	84 15
57	83 15
57	85 14
57	79 151
57	84 16
57	84 17
57	84 18
57	83 18
57	85 18
57	79 59
57	84 19
57	84 20
57	84 1
57	83 1
57	85 20
57	79 142
57	84 2
57	84 3
57	84 4
57	83 4
57	85 4
57	79 51
57	84 5
57	84 6
57	84 7
57	83 7
57	85 6
57	79 147
57	84 8
57	84 9
57	84 10
57	83 10
57	85 10
57	79 51
57	84 11
57	84 12
57	84 13
57	83 13
57	85 12
57	79 151
57	84 14
57	84 15
57	84 16
57	83 16
57	85 16
57	79 50
57	84 17
57	84 18
57	84 19
57	83 19
57	85 18
57	79 139
57	84 20
57	84 1
57	84 2
57	84 3
57	84 4
57	83 4
57	85 2
57	79 213
57	84 5
57	84 6
57	83 6
57	85 4
57	79 167
57	84 7
57	84 8
57	83 8
57	85 8
57	79 53
57	84 9
57	84 10
57	84 11
57	83 11
57	85 10
57	79 148
57	84 12
57	84 13
57	84 14
57	83 14
57	85 14
57	79 69
57	84 15
57	84 16
57	84 17
57	83 17
57	85 16
57	79 152
57	84 18
57	84 19
57	84 20
57	84 1
57	84 2
57	84 3
57	83 3
57	85 20
57	79 307
57	84 4
57	83 4
57	85 2
57	79 161
57	84 5
57	84 6
57	83 6
57	85 6
57	79 57
57	84 7
57	84 8
57	84 9
57	83 9
57	85 8
57	79 142
57	84 10
57	84 11
57	84 12
57	83 12
57	85 12
57	79 64
57	84 13
57	84 14
57	84 15
57	84 16
57	83 16
57	85 14
57	79 225
57	83 16
57	85 16
57	79 74
57	84 17
57	84 18
57	84 19
57	83 19
57	85 18
57	79 142
57	84 20
57	84 1
57	84 2
57	83 2
57	85 2
57	79 55
57	84 3
57	84 4
57	84 5
57	83 5
57	85 4
57	79 135
57	84 6
57	84 7
57	84 8
57	83 8
57	85 8
57	79 49
57	84 9
57	84 10
57	TEST_NUMBER 3
57	SENT_TOTAL 250
57	RECEIVED_TOTAL 85
57	TIME_TOTAL 29720
57	RECEIVED_RADIO_1 86
57	RECEIVED_RADIO_2 0
57	SENT_RADIO_1 125
57	SENT_RADIO_2 125
57	RADIO_TIME_1 29831
57	RADIO_TIME_2 19763
57	RETRANSMISSIONS_1 0
57	RETRANSMISSIONS_2 0
57	DROPPED_1 0
57	DROPPED_2 0
57	MAX_QUEUE 1
57	DUPLICATED_1 1
57	DUPLICATED_2 0
57	EBUSY_RADIO_1 0
57	EBUSY_RADIO_2 0
57	83 0
57	85 10
57	86 3
57	84 1
57	84 2
57	84 3
57	84 4
57	83 4
57	85 4
57	79 65
57	84 5
57	84 6
57	84 7
57	83 7
57	85 6
57	79 144
57	84 8
57	84 9
57	84 10
57	83 10
57	85 10
57	79 49
57	84 11
57	84 12
57	84 13
57	83 13
57	85 12
57	79 148
57	84 14
57	84 15
57	84 16
57	83 16
57	85 16
57	79 51
57	84 17
57	84 18
57	84 19
57	84 20
57	84 1
57	84 2
57	83 2
57	85 18
57	79 371
57	83 2
57	85 2
57	79 63
57	84 3
57	84 4
57	84 5
57	83 5
57	85 4
57	79 142
57	84 6
57	84 7
57	84 8
57	83 8
57	85 8
57	79 48
57	84 9
57	84 10
57	84 11
57	83 11
57	85 10
57	79 150
57	84 12
57	84 13
57	84 14
57	83 14
57	85 14
57	79 57
57	84 15
57	84 16
57	84 17
57	83 17
57	85 16
57	79 145
57	84 18
57	84 19
57	84 20
57	83 20
57	85 20
57	79 60
57	84 1
57	84 2
57	84 3
57	83 3
57	85 2
57	79 158
57	84 4
57	84 5
57	84 6
57	83 6
57	85 6
57	79 56
57	84 7
57	84 8
57	84 9
57	84 10
57	84 11
57	84 12
57	83 12
57	85 8
57	79 378
57	83 12
57	85 12
57	79 65
57	84 13
57	84 14
57	84 15
57	83 15
57	85 14
57	79 144
57	84 16
57	84 17
57	84 18
57	83 18
57	85 18
57	79 56
57	84 19
57	84 20
57	84 1
57	84 2
57	83 2
57	85 20
57	79 163
57	84 3
57	84 4
57	83 4
57	85 4
57	79 52
57	84 5
57	84 6
57	84 7
57	83 7
57	85 6
57	79 148
57	84 8
57	84 9
57	84 10
57	83 10
57	85 10
57	79 68
57	84 11
57	84 12
57	84 13
57	83 13
57	85 12
57	79 147
57	84 14
57	84 15
57	84 16
57	83 16
57	85 16
57	79 55
57	84 17
57	84 18
57	84 19
57	84 20
57	83 20
57	85 18
57	79 225
57	84 1
57	83 1
57	85 20
57	79 82
57	84 2
57	84 3
57	83 3
57	85 2
57	79 113
57	84 4
57	84 5
57	84 6
57	83 6
57	85 6
57	79 56
57	84 7
57	84 8
57	84 9
57	83 9
57	85 8
57	79 157
57	84 10
57	84 11
57	84 12
57	83 12
57	85 12
57	79 64
57	84 13
57	84 14
57	84 15
57	84 16
57	84 17
57	84 18
57	83 18
57	85 14
57	79 368
57	83 18
57	85 18
57	79 56
57	84 19
57	84 20
57	84 1
57	84 2
57	83 2
57	85 20
57	79 224
57	84 3
57	83 3
57	85 2
57	79 81
57	84 4
57	84 5
57	83 5
57	85 4
57	79 119
57	84 6
57	84 7
57	84 8
57	83 8
57	85 8
57	79 60
57	84 9
57	84 10
57	84 11
57	84 12
57	83 12
57	85 10
57	79 227
57	84 13
57	83 13
57	85 12
57	79 80
57	84 14
57	84 15
57	83 15
57	85 14
57	79 115
57	84 16
57	84 17
57	84 18
57	83 18
57	85 18
57	79 58
57	84 19
57	84 20
57	84 1
57	84 2
57	83 2
57	85 20
57	79 221
57	83 2
57	85 2
57	79 71
57	84 3
57	84 4
57	84 5
57	84 6
57	84 7
57	84 8
57	83 8
57	85 4
57	79 377
57	83 8
57	85 8
57	79 68
57	84 9
57	84 10
57	84 11
57	83 11
57	85 10
57	79 157
57	84 12
57	84 13
57	84 14
57	84 15
57	84 16
57	83 16
57	85 14
57	79 222
57	83 16
57	85 16
57	79 73
57	84 17
57	84 18
57	84 19
57	83 19
57	85 18
57	79 115
57	84 20
57	84 1
57	84 2
57	83 2
57	85 2
57	79 56
57	84 3
57	84 4
57	84 5
57	83 5
57	85 4
57	79 142
57	84 6
57	84 7
57	84 8
57	83 8
57	85 8
57	79 60
57	84 9
57	84 10
57	84 11
57	84 12
57	84 13
57	84 14
57	83 14
57	85 10
57	79 375
57	83 14
57	85 14
57	79 65
57	84 15
57	84 16
57	84 17
57	84 18
57	84 19
57	84 20
57	83 20
57	85 16
57	79 378
57	84 1
57	84 2
57	84 3
57	83 3
57	85 20
57	79 292
57	83 3
57	85 2
57	79 141
57	84 4
57	84 5
57	84 6
57	83 6
57	85 6
57	79 50
57	84 7
57	84 8
57	84 9
57	83 9
57	85 8
57	79 150
57	84 10
57	84 11
57	84 12
57	83 12
57	85 12
57	79 57
57	84 13
57	84 14
57	84 15
57	83 15
57	85 14
57	79 159
57	84 16
57	84 17
57	84 18
57	83 18
57	85 18
57	79 52
57	84 19
57	84 20
57	84 1
57	84 2
57	84 3
57	84 4
57	83 4
57	85 20
57	79 376
57	83 4
57	85 4
57	79 65
57	84 5
57	84 6
57	84 7
57	83 7
57	85 6
57	79 144
57	84 8
57	84 9
57	84 10
57	84 11
57	84 12
57	84 13
57	83 13
57	85 10
57	79 309
57	84 14
57	83 14
57	85 12
57	79 160
57	84 15
57	84 16
57	83 16
57	85 16
57	79 67
57	84 17
57	84 18
57	84 19
57	83 19
57	85 18
57	79 146
57	84 20
57	84 1
57	84 2
57	83 2
57	85 2
57	79 57
57	84 3
57	84 4
57	84 5
57	84 6
57	83 6
57	85 4
57	79 229
57	83 6
57	85 6
57	79 79
57	84 7
57	84 8
57	84 9
57	83 9
57	85 8
57	79 115
57	84 10
57	84 11
57	84 12
57	83 12
57	85 12
57	79 48
57	84 13
57	84 14
57	84 15
57	83 15
57	85 14
57	79 154
57	84 16
57	84 17
57	84 18
57	84 19
57	84 20
57	84 1
57	83 1
57	85 18
57	79 311
57	84 2
57	83 2
57	85 20
57	79 173
57	84 3
57	84 4
57	83 4
57	85 4
57	79 59
57	84 5
57	84 6
57	84 7
57	84 8
57	83 8
57	85 6
57	79 220
57	83 8
57	85 8
57	79 68
57	84 9
57	84 10
57	84 11
57	83 11
57	85 10
57	79 128
57	84 12
57	84 13
57	84 14
57	83 14
57	85 14
57	79 55
57	84 15
57	84 16
57	84 17
57	84 18
57	83 18
57	85 16
57	79 222
57	83 18
57	85 18
57	79 73
57	84 19
57	84 20
57	84 1
57	83 1
57	85 20
57	79 131
57	84 2
57	84 3
57	84 4
57	83 4
57	85 4
57	79 58
57	84 5
57	84 6
57	84 7
57	84 8
57	83 8
57	85 6
57	79 227
57	83 8
57	85 8
57	79 77
57	84 9
57	84 10
57	TEST_NUMBER 4
57	SENT_TOTAL 250
57	RECEIVED_TOTAL 88
57	TIME_TOTAL 29669
57	RECEIVED_RADIO_1 89
57	RECEIVED_RADIO_2 0
57	SENT_RADIO_1 125
57	SENT_RADIO_2 125
57	RADIO_TIME_1 29752
57	RADIO_TIME_2 19763
57	RETRANSMISSIONS_1 0
57	RETRANSMISSIONS_2 0
57	DROPPED_1 0
57	DROPPED_2 0
57	MAX_QUEUE 1
57	DUPLICATED_1 1
57	DUPLICATED_2 0
57	EBUSY_RADIO_1 0
57	EBUSY_RADIO_2 0
57	83 0
57	85 10
57	86 4
57	84 1
57	84 2
57	84 3
57	84 4
57	83 4
57	85 4
57	79 58
57	84 5
57	84 6
57	84 7
57	83 7
57	85 6
57	79 159
57	84 8
57	84 9
57	84 10
57	83 10
57	85 10
57	79 55
57	84 11
57	84 12
57	84 13
57	83 13
57	85 12
57	79 150
57	84 14
57	84 15
57	84 16
57	83 16
57	85 16
57	79 52
57	84 17
57	84 18
57	84 19
57	83 19
57	85 18
57	79 141
57	84 20
57	84 1
57	84 2
57	83 2
57	85 2
57	79 55
57	84 3
57	84 4
57	84 5
57	83 5
57	85 4
57	79 150
57	84 6
57	84 7
57	84 8
57	84 9
57	84 10
57	83 10
57	85 8
57	79 225
57	83 10
57	85 10
57	79 75
57	84 11
57	84 12
57	84 13
57	83 13
57	85 12
57	79 132
57	84 14
57	84 15
57	84 16
57	83 16
57	85 16
57	79 50
57	84 17
57	84 18
57	84 19
57	83 19
57	85 18
57	79 153
57	84 20
57	84 1
57	84 2
57	83 2
57	85 2
57	79 54
57	84 3
57	84 4
57	84 5
57	83 5
57	85 4
57	79 148
57	84 6
57	84 7
57	84 8
57	83 8
57	85 8
57	79 57
57	84 9
57	84 10
57	84 11
57	84 12
57	83 12
57	85 10
57	79 217
57	83 12
57	85 12
57	79 67
57	84 13
57	84 14
57	84 15
57	83 15
57	85 14
57	79 126
57	84 16
57	84 17
57	84 18
57	83 18
57	85 18
57	79 52
57	84 19
57	84 20
57	84 1
57	83 1
57	85 20
57	79 152
57	84 2
57	84 3
57	84 4
57	83 4
57	85 4
57	79 49
57	84 5
57	84 6
57	84 7
57	83 7
57	85 6
57	79 152
57	84 8
57	84 9
57	84 10
57	83 10
57	85 10
57	79 50
57	84 11
57	84 12
57	84 13
57	83 13
57	85 12
57	79 143
57	84 14
57	84 15
57	84 16
57	83 16
57	85 16
57	79 58
57	84 17
57	84 18
57	84 19
57	83 19
57	85 18
57	79 141
57	84 20
57	84 1
57	84 2
57	83 2
57	85 2
57	79 52
57	84 3
57	84 4
57	84 5
57	83 5
57	85 4
57	79 153
57	84 6
57	84 7
57	84 8
57	83 8
57	85 8
57	79 53
57	84 9
57	84 10
57	84 11
57	83 11
57	85 10
57	79 151
57	84 12
57	84 13
57	84 14
57	83 14
57	85 14
57	79 69
57	84 15
57	84 16
57	84 17
57	83 17
57	85 16
57	79 146
57	84 18
57	84 19
57	84 20
57	83 20
57	85 20
57	79 59
57	84 1
57	84 2
57	84 3
57	84 4
57	83 4
57	85 2
57	79 226
57	84 5
57	83 5
57	85 4
57	79 152
57	84 6
57	84 7
57	84 8
57	83 8
57	85 8
57	79 55
57	84 9
57	84 10
57	84 11
57	83 11
57	85 10
57	79 140
57	84 12
57	84 13
57	84 14
57	83 14
57	85 14
57	79 54
57	84 15
57	84 16
57	84 17
57	83 17
57	85 16
57	79 148
57	84 18
57	84 19
57	84 20
57	83 20
57	85 20
57	79 52
57	84 1
57	84 2
57	84 3
57	83 3
57	85 2
57	79 158
57	84 4
57	84 5
57	84 6
57	83 6
57	85 6
57	79 53
57	84 7
57	84 8
57	84 9
57	83 9
57	85 8
57	79 138
57	84 10
57	84 11
57	84 12
57	83 12
57	85 12
57	79 62
57	84 13
57	84 14
57	84 15
57	84 16
57	83 16
57	85 14
57	79 221
57	84 17
57	83 17
57	85 16
57	79 143
57	84 18
57	84 19
57	84 20
57	83 20
57	85 20
57	79 57
57	84 1
57	84 2
57	84 3
57	83 3
57	85 2
57	79 147
57	84 4
57	84 5
57	84 6
57	83 6
57	85 6
57	79 74
57	84 7
57	84 8
57	84 9
57	83 9
57	85 8
57	79 140
57	84 10
57	84 11
57	84 12
57	83 12
57	85 12
57	79 51
57	84 13
57	84 14
57	84 15
57	84 16
57	83 16
57	85 14
57	79 213
57	83 16
57	85 16
57	79 63
57	84 17
57	84 18
57	84 19
57	84 20
57	83 20
57	85 18
57	79 226
57	84 1
57	83 1
57	85 20
57	79 85
57	84 2
57	84 3
57	83 3
57	85 2
57	79 103
57	84 4
57	84 5
57	84 6
57	83 6
57	85 6
57	79 52
57	84 7
57	84 8
57	84 9
57	83 9
57	85 8
57	79 148
57	84 10
57	84 11
57	84 12
57	83 12
57	85 12
57	79 58
57	84 13
57	84 14
57	84 15
57	83 15
57	85 14
57	79 146
57	84 16
57	84 17
57	84 18
57	84 19
57	84 20
57	84 1
57	83 1
57	85 18
57	79 299
57	83 1
57	85 20
57	79 147
57	84 2
57	84 3
57	84 4
57	83 4
57	85 4
57	79 52
57	84 5
57	84 6
57	84 7
57	83 7
57	85 6
57	79 145
57	84 8
57	84 9
57	84 10
57	83 10
57	85 10
57	79 57
57	84 11
57	84 12
57	84 13
57	83 13
57	85 12
57	79 151
57	84 14
57	84 15
57	84 16
57	84 17
57	84 18
57	83 18
57	85 16
57	79 209
57	84 19
57	84 20
57	83 20
57	85 18
57	79 176
57	84 1
57	84 2
57	83 2
57	85 2
57	79 59
57	84 3
57	84 4
57	84 5
57	83 5
57	85 4
57	79 158
57	84 6
57	84 7
57	84 8
57	83 8
57	85 8
57	79 59
57	84 9
57	84 10
57	84 11
57	83 11
57	85 10
57	79 158
57	84 12
57	84 13
57	84 14
57	83 14
57	85 14
57	79 56
57	84 15
57	84 16
57	84 17
57	84 18
57	83 18
57	85 16
57	79 220
57	84 19
57	83 19
57	85 18
57	79 160
57	84 20
57	84 1
57	84 2
57	83 2
57	85 2
57	79 54
57	84 3
57	84 4
57	84 5
57	83 5
57	85 4
57	79 151
57	84 6
57	84 7
57	84 8
57	84 9
57	84 10
57	83 10
57	85 8
57	79 214
57	83 10
57	85 10
57	79 62
57	84 11
57	84 12
57	84 13
57	83 13
57	85 12
57	79 131
57	84 14
57	84 15
57	84 16
57	83 16
57	85 16
57	79 60
57	84 17
57	84 18
57	84 19
57	84 20
57	83 20
57	85 18
57	79 221
57	83 20
57	85 20
57	79 69
57	84 1
57	84 2
57	84 3
57	83 3
57	85 2
57	79 124
57	84 4
57	84 5
57	84 6
57	83 6
57	85 6
57	79 50
57	84 7
57	84 8
57	84 9
57	83 9
57	85 8
57	79 147
57	84 10
57	TEST_NUMBER 5
57	SENT_TOTAL 250
57	RECEIVED_TOTAL 87
57	TIME_TOTAL 29751
57	RECEIVED_RADIO_1 88
57	RECEIVED_RADIO_2 0
57	SENT_RADIO_1 125
57	SENT_RADIO_2 125
57	RADIO_TIME_1 29764
57	RADIO_TIME_2 19763
57	RETRANSMISSIONS_1 0
57	RETRANSMISSIONS_2 0
57	DROPPED_1 0
57	DROPPED_2 0
57	MAX_QUEUE 1
57	DUPLICATED_1 1
57	DUPLICATED_2 0
57	EBUSY_RADIO_1 0
57	EBUSY_RADIO_2 0
57	84 1
57	84 2
57	83 2
57	85 2
57	79 49
57	84 3
57	84 4
57	84 5
57	83 5
57	85 4
57	79 153
57	84 6
57	84 7
57	84 8
57	83 8
57	85 8
57	79 57
57	84 9
57	84 10
57	84 11
57	83 11
57	85 10
57	79 150
57	84 12
57	84 13
57	84 14
57	83 14
57	85 14
57	79 58
57	84 15
57	84 16
57	84 17
57	83 17
57	85 16
57	79 142
57	84 18
57	84 19
57	84 20
57	83 20
57	85 20
57	79 51
57	84 1
57	84 2
57	84 3
57	83 3
57	85 2
57	79 141
57	84 4
57	84 5
57	84 6
57	83 6
57	85 6
57	79 56
57	84 7
57	84 8
57	84 9
57	83 9
57	85 8
57	79 150
57	84 10
57	84 11
57	84 12
57	83 12
57	85 12
57	79 54
57	84 13
57	84 14
57	84 15
57	83 15
57	85 14
57	79 150
57	84 16
57	84 17
57	84 18
57	83 18
57	85 18
57	79 60
57	84 19
57	84 20
57	84 1
57	83 1
57	85 20
57	79 143
57	84 2
57	84 3
57	84 4
57	83 4
57	85 4
57	79 65
57	84 5
57	84 6
57	84 7
57	83 7
57	85 6
57	79 144
57	84 8
57	84 9
57	84 10
57	83 10
57	85 10
57	79 53
57	84 11
57	84 12
57	84 13
57	83 13
57	85 12
57	79 151
57	84 14
57	84 15
57	84 16
57	83 16
57	85 16
57	79 53
57	84 17
57	84 18
57	84 19
57	83 19
57	85 18
57	79 138
57	84 20
57	84 1
57	84 2
57	84 3
57	84 4
57	83 4
57	85 2
57	79 220
57	83 4
57	85 4
57	79 67
57	84 5
57	84 6
57	84 7
57	83 7
57	85 6
57	79 130
57	84 8
57	84 9
57	84 10
57	83 10
57	85 10
57	79 48
57	84 11
57	84 12
57	84 13
57	83 13
57	85 12
57	79 151
57	84 14
57	84 15
57	84 16
57	83 16
57	85 16
57	79 58
57	84 17
57	84 18
57	84 19
57	84 20
57	84 1
57	84 2
57	83 2
57	85 18
57	79 374
57	83 2
57	85 2
57	79 63
57	84 3
57	84 4
57	84 5
57	84 6
57	83 6
57	85 4
57	79 230
57	84 7
57	83 7
57	85 6
57	79 82
57	84 8
57	84 9
57	83 9
57	85 8
57	79 120
57	84 10
57	84 11
57	84 12
57	83 12
57	85 12
57	79 54
57	84 13
57	84 14
57	84 15
57	83 15
57	85 14
57	79 143
57	84 16
57	84 17
57	84 18
57	83 18
57	85 18
57	79 58
57	84 19
57	84 20
57	84 1
57	83 1
57	85 20
57	79 129
57	84 2
57	84 3
57	84 4
57	84 5
57	84 6
57	84 7
57	83 7
57	85 4
57	79 300
57	83 7
57	85 6
57	79 148
57	84 8
57	84 9
57	84 10
57	83 10
57	85 10
57	79 49
57	84 11
57	84 12
57	84 13
57	83 13
57	85 12
57	79 149
57	84 14
57	84 15
57	84 16
57	83 16
57	85 16
57	79 50
57	84 17
57	84 18
57	84 19
57	83 19
57	85 18
57	79 140
57	84 20
57	84 1
57	84 2
57	83 2
57	85 2
57	79 51
57	84 3
57	84 4
57	84 5
57	83 5
57	85 4
57	79 148
57	84 6
57	84 7
57	84 8
57	83 8
57	85 8
57	79 70
57	84 9
57	84 10
57	84 11
57	83 11
57	85 10
57	79 150
57	84 12
57	84 13
57	84 14
57	83 14
57	85 14
57	79 54
57	84 15
57	84 16
57	84 17
57	84 18
57	83 18
57	85 16
57	79 222
57	83 18
57	85 18
57	79 79
57	84 19
57	84 20
57	84 1
57	83 1
57	85 20
57	79 127
57	84 2
57	84 3
57	84 4
57	83 4
57	85 4
57	79 54
57	84 5
57	84 6
57	84 7
57	84 8
57	83 8
57	85 6
57	79 233
57	84 9
57	83 9
57	85 8
57	79 82
57	84 10
57	84 11
57	83 11
57	85 10
57	79 137
57	84 12
57	84 13
57	84 14
57	83 14
57	85 14
57	79 52
57	84 15
57	84 16
57	84 17
57	83 17
57	85 16
57	79 149
57	84 18
57	84 19
57	84 20
57	83 20
57	85 20
57	79 58
57	84 1
57	84 2
57	84 3
57	83 3
57	85 2
57	79 151
57	84 4
57	84 5
57	84 6
57	83 6
57	85 6
57	79 52
57	84 7
57	84 8
57	84 9
57	84 10
57	83 10
57	85 8
57	79 222
57	83 10
57	85 10
57	79 71
57	84 11
57	84 12
57	84 13
57	83 13
57	85 12
57	79 129
57	84 14
57	84 15
57	84 16
57	83 16
57	85 16
57	79 52
57	84 17
57	84 18
57	84 19
57	84 20
57	83 20
57	85 18
57	79 223
57	83 20
57	85 20
57	79 72
57	84 1
57	84 2
57	84 3
57	83 3
57	85 2
57	79 118
57	84 4
57	84 5
57	84 6
57	83 6
57	85 6
57	79 61
57	84 7
57	84 8
57	84 9
57	84 10
57	83 10
57	85 8
57	79 228
57	83 10
57	85 10
57	79 75
57	84 11
57	84 12
57	84 13
57	83 13
57	85 12
57	79 126
57	84 14
57	84 15
57	84 16
57	83 16
57	85 16
57	79 56
57	84 17
57	84 18
57	84 19
57	83 19
57	85 18
57	79 149
57	84 20
57	84 1
57	84 2
57	84 3
57	84 4
57	84 5
57	83 5
57	85 2
57	79 301
57	83 5
57	85 4
57	79 150
57	84 6
57	84 7
57	84 8
57	83 8
57	85 8
57	79 61
57	84 9
57	84 10
57	84 11
57	83 11
57	85 10
57	79 146
57	84 12
57	84 13
57	84 14
57	83 14
57	85 14
57	79 58
57	84 15
57	84 16
57	84 17
57	84 18
57	84 19
57	84 20
57	84 1
57	84 2
57	83 2
57	85 16
57	79 533
57	83 2
57	85 20
57	79 231
57	84 3
57	83 3
57	85 2
57	79 156
57	84 4
57	84 5
57	84 6
57	83 6
57	85 6
57	79 60
57	84 7
57	84 8
57	84 9
57	83 9
57	85 8
57	79 137
57	84 10
57	84 11
57	84 12
57	83 12
57	85 12
57	79 54
57	84 13
57	84 14
57	84 15
57	83 15
57	85 14
57	79 140
57	84 16
57	84 17
57	84 18
57	83 18
57	85 18
57	79 50
57	84 19
57	84 20
57	84 1
57	83 1
57	85 20
57	79 148
57	84 2
57	84 3
57	84 4
57	84 5
57	84 6
57	84 7
57	83 7
57	85 4
57	79 299
57	83 7
57	85 6
57	79 150
57	84 8
57	84 9
57	84 10
57	TEST_NUMBER 6
57	SENT_TOTAL 250
57	RECEIVED_TOTAL 87
57	TIME_TOTAL 19545
57	RECEIVED_RADIO_1 87
57	RECEIVED_RADIO_2 0
57	SENT_RADIO_1 125
57	SENT_RADIO_2 125
57	RADIO_TIME_1 19763
57	RADIO_TIME_2 19763
57	RETRANSMISSIONS_1 0
57	RETRANSMISSIONS_2 0
57	DROPPED_1 0
57	DROPPED_2 0
57	MAX_QUEUE 1
57	DUPLICATED_1 1
57	DUPLICATED_2 0
57	EBUSY_RADIO_1 0
57	EBUSY_RADIO_2 0
57	83 0
57	85 10
57	86 6

61	RELAY_NODE 61
61	TEST_NUMBER 0
61	SENT_TOTAL 0
61	RECEIVED_TOTAL 0
61	TIME_TOTAL 0
61	RECEIVED_RADIO_1 88
61	RECEIVED_RADIO_2 125
61	SENT_RADIO_1 125
61	SENT_RADIO_2 88
61	RADIO_TIME_1 19822
61	RADIO_TIME_2 19822
61	RETRANSMISSIONS_1 15
61	RETRANSMISSIONS_2 0
61	DROPPED_1 0
61	DROPPED_2 0
61	MAX_QUEUE 1
61	DUPLICATED_1 6
61	DUPLICATED_2 0
61	EBUSY_RADIO_1 0
61	EBUSY_RADIO_2 0
61	TEST_NUMBER 1
61	SENT_TOTAL 0
61	RECEIVED_TOTAL 0
61	TIME_TOTAL 0
61	RECEIVED_RADIO_1 83
61	RECEIVED_RADIO_2 125
61	SENT_RADIO_1 124
61	SENT_RADIO_2 83
61	RADIO_TIME_1 19764
61	RADIO_TIME_2 19764
61	RETRANSMISSIONS_1 13
61	RETRANSMISSIONS_2 1
61	DROPPED_1 0
61	DROPPED_2 0
61	MAX_QUEUE 1
61	DUPLICATED_1 7
61	DUPLICATED_2 0
61	EBUSY_RADIO_1 0
61	EBUSY_RADIO_2 0
61	TEST_NUMBER 2
61	SENT_TOTAL 0
61	RECEIVED_TOTAL 0
61	TIME_TOTAL 0
61	RECEIVED_RADIO_1 90
61	RECEIVED_RADIO_2 125
61	SENT_RADIO_1 126
61	SENT_RADIO_2 90
61	RADIO_TIME_1 19869
61	RADIO_TIME_2 19869
61	RETRANSMISSIONS_1 19
61	RETRANSMISSIONS_2 0
61	DROPPED_1 0
61	DROPPED_2 0
61	MAX_QUEUE 1
61	DUPLICATED_1 7
61	DUPLICATED_2 0
61	EBUSY_RADIO_1 0
61	EBUSY_RADIO_2 0
61	TEST_NUMBER 3
61	SENT_TOTAL 0
61	RECEIVED_TOTAL 0
61	TIME_TOTAL 0
61	RECEIVED_RADIO_1 86
61	RECEIVED_RADIO_2 125
61	SENT_RADIO_1 125
61	SENT_RADIO_2 86
61	RADIO_TIME_1 19868
61	RADIO_TIME_2 19868
61	RETRANSMISSIONS_1 16
61	RETRANSMISSIONS_2 1
61	DROPPED_1 0
61	DROPPED_2 0
61	MAX_QUEUE 1
61	DUPLICATED_1 5
61	DUPLICATED_2 0
61	EBUSY_RADIO_1 0
61	EBUSY_RADIO_2 0
61	TEST_NUMBER 4
61	SENT_TOTAL 0
61	RECEIVED_TOTAL 0
61	TIME_TOTAL 0
61	RECEIVED_RADIO_1 89
61	RECEIVED_RADIO_2 125
61	SENT_RADIO_1 125
61	SENT_RADIO_2 89
61	RADIO_TIME_1 19856
61	RADIO_TIME_2 19856
61	RETRANSMISSIONS_1 14
61	RETRANSMISSIONS_2 1
61	DROPPED_1 0
61	DROPPED_2 0
61	MAX_QUEUE 1
61	DUPLICATED_1 4
61	DUPLICATED_2 0
61	EBUSY_RADIO_1 0
61	EBUSY_RADIO_2 0
61	TEST_NUMBER 5
61	SENT_TOTAL 0
61	RECEIVED_TOTAL 0
61	TIME_TOTAL 0
61	RECEIVED_RADIO_1 87
61	RECEIVED_RADIO_2 125
61	SENT_RADIO_1 125
61	SENT_RADIO_2 87
61	RADIO_TIME_1 19766
61	RADIO_TIME_2 19766
61	RETRANSMISSIONS_1 17
61	RETRANSMISSIONS_2 0
61	DROPPED_1 0
61	DROPPED_2 0
61	MAX_QUEUE 1
61	DUPLICATED_1 5
61	DUPLICATED_2 0
61	EBUSY_RADIO_1 0
61	EBUSY_RADIO_2 0
61	TEST_NUMBER 6
61	SENT_TOTAL 0
61	RECEIVED_TOTAL 0
61	TIME_TOTAL 0
61	RECEIVED_RADIO_1 88
61	RECEIVED_RADIO_2 125
61	SENT_RADIO_1 125
61	SENT_RADIO_2 88
61	RADIO_TIME_1 19793
61	RADIO_TIME_2 19793
61	RETRANSMISSIONS_1 14
61	RETRANSMISSIONS_2 0
61	DROPPED_1 0
61	DROPPED_2 0
61	MAX_QUEUE 1
61	DUPLICATED_1 4
61	DUPLICATED_2 0
61	EBUSY_RADIO_1 0
61	EBUSY_RADIO_2 0

67	RELAY_NODE 67
67	TEST_NUMBER 0
67	SENT_TOTAL 0
67	RECEIVED_TOTAL 0
67	TIME_TOTAL 0
67	RECEIVED_RADIO_1 125
67	RECEIVED_RADIO_2 88
67	SENT_RADIO_1 88
67	SENT_RADIO_2 124
67	RADIO_TIME_1 19807
67	RADIO_TIME_2 19801
67	RETRANSMISSIONS_1 25
67	RETRANSMISSIONS_2 1
67	DROPPED_1 1
67	DROPPED_2 0
67	MAX_QUEUE 2
67	DUPLICATED_1 1
67	DUPLICATED_2 0
67	EBUSY_RADIO_1 0
67	EBUSY_RADIO_2 0
67	TEST_NUMBER 1
67	SENT_TOTAL 0
67	RECEIVED_TOTAL 0
67	TIME_TOTAL 0
67	RECEIVED_RADIO_1 124
67	RECEIVED_RADIO_2 84
67	SENT_RADIO_1 83
67	SENT_RADIO_2 123
67	RADIO_TIME_1 19624
67	RADIO_TIME_2 19624
67	RETRANSMISSIONS_1 27
67	RETRANSMISSIONS_2 3
67	DROPPED_1 1
67	DROPPED_2 0
67	MAX_QUEUE 2
67	DUPLICATED_1 0
67	DUPLICATED_2 0
67	EBUSY_RADIO_1 0
67	EBUSY_RADIO_2 0
67	TEST_NUMBER 2
67	SENT_TOTAL 0
67	RECEIVED_TOTAL 0
67	TIME_TOTAL 0
67	RECEIVED_RADIO_1 126
67	RECEIVED_RADIO_2 89
67	SENT_RADIO_1 90
67	SENT_RADIO_2 126
67	RADIO_TIME_1 19847
67	RADIO_TIME_2 19847
67	RETRANSMISSIONS_1 15
67	RETRANSMISSIONS_2 4
67	DROPPED_1 0
67	DROPPED_2 0
67	MAX_QUEUE 2
67	DUPLICATED_1 1
67	DUPLICATED_2 1
67	EBUSY_RADIO_1 0
67	EBUSY_RADIO_2 0
67	TEST_NUMBER 3
67	SENT_TOTAL 0
67	RECEIVED_TOTAL 0
67	TIME_TOTAL 0
67	RECEIVED_RADIO_1 125
67	RECEIVED_RADIO_2 86
67	SENT_RADIO_1 86
67	SENT_RADIO_2 123
67	RADIO_TIME_1 19853
67	RADIO_TIME_2 19853
67	RETRANSMISSIONS_1 30
67	RETRANSMISSIONS_2 2
67	DROPPED_1 2
67	DROPPED_2 0
67	MAX_QUEUE 2
67	DUPLICATED_1 4
67	DUPLICATED_2 0
67	EBUSY_RADIO_1 0
67	EBUSY_RADIO_2 0
67	TEST_NUMBER 4
67	SENT_TOTAL 0
67	RECEIVED_TOTAL 0
67	TIME_TOTAL 0
67	RECEIVED_RADIO_1 125
67	RECEIVED_RADIO_2 89
67	SENT_RADIO_1 89
67	SENT_RADIO_2 125
67	RADIO_TIME_1 19686
67	RADIO_TIME_2 19686
67	RETRANSMISSIONS_1 14
67	RETRANSMISSIONS_2 1
67	DROPPED_1 0
67	DROPPED_2 0
67	MAX_QUEUE 1
67	DUPLICATED_1 2
67	DUPLICATED_2 1
67	EBUSY_RADIO_1 0
67	EBUSY_RADIO_2 0
67	TEST_NUMBER 5
67	SENT_TOTAL 0
67	RECEIVED_TOTAL 0
67	TIME_TOTAL 0
67	RECEIVED_RADIO_1 125
67	RECEIVED_RADIO_2 87
67	SENT_RADIO_1 87
67	SENT_RADIO_2 125
67	RADIO_TIME_1 19765
67	RADIO_TIME_2 19765
67	RETRANSMISSIONS_1 8
67	RETRANSMISSIONS_2 0
67	DROPPED_1 0
67	DROPPED_2 0
67	MAX_QUEUE 1
67	DUPLICATED_1 3
67	DUPLICATED_2 1
67	EBUSY_RADIO_1 0
67	EBUSY_RADIO_2 0
67	TEST_NUMBER 6
67	SENT_TOTAL 0
67	RECEIVED_TOTAL 0
67	TIME_TOTAL 0
67	RECEIVED_RADIO_1 125
67	RECEIVED_RADIO_2 88
67	SENT_RADIO_1 88
67	SENT_RADIO_2 125
67	RADIO_TIME_1 19782
67	RADIO_TIME_2 19782
67	RETRANSMISSIONS_1 10
67	RETRANSMISSIONS_2 0
67	DROPPED_1 0
67	DROPPED_2 0
67	MAX_QUEUE 1
67	DUPLICATED_1 2
67	DUPLICATED_2 0
67	EBUSY_RADIO_1 0
67	EBUSY_RADIO_2 0

69	DESTINATION_NODE 69
69	TEST_NUMBER 0
69	SENT_TOTAL 120
69	RECEIVED_TOTAL 120
69	TIME_TOTAL 19128
69	RECEIVED_RADIO_1 0
69	RECEIVED_RADIO_2 120
69	SENT_RADIO_1 0
69	SENT_RADIO_2 85
69	RADIO_TIME_1 19213
69	RADIO_TIME_2 19218
69	RETRANSMISSIONS_1 349
69	RETRANSMISSIONS_2 0
69	DROPPED_1 35
69	DROPPED_2 0
69	MAX_QUEUE 2
69	DUPLICATED_1 0
69	DUPLICATED_2 1
69	EBUSY_RADIO_1 0
69	EBUSY_RADIO_2 0
69	86 0
69	86 0
69	86 0
69	86 0
69	TEST_NUMBER 1
69	SENT_TOTAL 124
69	RECEIVED_TOTAL 120
69	TIME_TOTAL 29733
69	RECEIVED_RADIO_1 0
69	RECEIVED_RADIO_2 124
69	SENT_RADIO_1 0
69	SENT_RADIO_2 85
69	RADIO_TIME_1 29733
69	RADIO_TIME_2 29741
69	RETRANSMISSIONS_1 381
69	RETRANSMISSIONS_2 1
69	DROPPED_1 38
69	DROPPED_2 0
69	MAX_QUEUE 2
69	DUPLICATED_1 0
69	DUPLICATED_2 2
69	EBUSY_RADIO_1 0
69	EBUSY_RADIO_2 0
69	86 1
69	86 1
69	86 1
69	86 1
69	TEST_NUMBER 2
69	SENT_TOTAL 124
69	RECEIVED_TOTAL 120
69	TIME_TOTAL 29642
69	RECEIVED_RADIO_1 0
69	RECEIVED_RADIO_2 124
69	SENT_RADIO_1 0
69	SENT_RADIO_2 87
69	RADIO_TIME_1 29487
69	RADIO_TIME_2 29642
69	RETRANSMISSIONS_1 368
69	RETRANSMISSIONS_2 1
69	DROPPED_1 37
69	DROPPED_2 0
69	MAX_QUEUE 2
69	DUPLICATED_1 0
69	DUPLICATED_2 3
69	EBUSY_RADIO_1 0
69	EBUSY_RADIO_2 0
69	86 2
69	86 2
69	86 2
69	86 2
69	86 2
69	TEST_NUMBER 3
69	SENT_TOTAL 124
69	RECEIVED_TOTAL 119
69	TIME_TOTAL 29728
69	RECEIVED_RADIO_1 0
69	RECEIVED_RADIO_2 124
69	SENT_RADIO_1 0
69	SENT_RADIO_2 87
69	RADIO_TIME_1 29576
69	RADIO_TIME_2 29728
69	RETRANSMISSIONS_1 369
69	RETRANSMISSIONS_2 0
69	DROPPED_1 37
69	DROPPED_2 0
69	MAX_QUEUE 2
69	DUPLICATED_1 0
69	DUPLICATED_2 3
69	EBUSY_RADIO_1 0
69	EBUSY_RADIO_2 0
69	86 3
69	86 3
69	86 3
69	86 3
69	TEST_NUMBER 4
69	SENT_TOTAL 125
69	RECEIVED_TOTAL 121
69	TIME_TOTAL 29735
69	RECEIVED_RADIO_1 0
69	RECEIVED_RADIO_2 125
69	SENT_RADIO_1 0
69	SENT_RADIO_2 88
69	RADIO_TIME_1 29735
69	RADIO_TIME_2 29735
69	RETRANSMISSIONS_1 369
69	RETRANSMISSIONS_2 1
69	DROPPED_1 37
69	DROPPED_2 0
69	MAX_QUEUE 2
69	DUPLICATED_1 0
69	DUPLICATED_2 1
69	EBUSY_RADIO_1 0
69	EBUSY_RADIO_2 0
69	86 4
69	86 4
69	86 4
69	86 4
69	TEST_NUMBER 5
69	SENT_TOTAL 125
69	RECEIVED_TOTAL 121
69	TIME_TOTAL 29727
69	RECEIVED_RADIO_1 0
69	RECEIVED_RADIO_2 125
69	SENT_RADIO_1 0
69	SENT_RADIO_2 88
69	RADIO_TIME_1 29468
69	RADIO_TIME_2 29797
69	RETRANSMISSIONS_1 368
69	RETRANSMISSIONS_2 1
69	DROPPED_1 37
69	DROPPED_2 0
69	MAX_QUEUE 2
69	DUPLICATED_1 0
69	DUPLICATED_2 0
69	EBUSY_RADIO_1 0
69	EBUSY_RADIO_2 0
69	86 5
69	86 5
69	86 5
69	86 5
69	TEST_NUMBER 6
69	SENT_TOTAL 125
69	RECEIVED_TOTAL 121
69	TIME_TOTAL 29717
69	RECEIVED_RADIO_1 0
69	RECEIVED_RADIO_2 125
69	SENT_RADIO_1 0
69	SENT_RADIO_2 88
69	RADIO_TIME_1 29717
69	RADIO_TIME_2 29717
69	RETRANSMISSIONS_1 370
69	RETRANSMISSIONS_2 0
69	DROPPED_1 37
69	DROPPED_2 0
69	MAX_QUEUE 2
69	DUPLICATED_1 0
69	DUPLICATED_2 0
69	EBUSY_RADIO_1 0
69	EBUSY_RADIO_2 0
69	86 6
69	86 6
69	86 6
69	86 6

87	RELAY_NODE 87
87	TEST_NUMBER 0
87	SENT_TOTAL 0
87	RECEIVED_TOTAL 0
87	TIME_TOTAL 0
87	RECEIVED_RADIO_1 0
87	RECEIVED_RADIO_2 0
87	SENT_RADIO_1 0
87	SENT_RADIO_2 0
87	RADIO_TIME_1 0
87	RADIO_TIME_2 0
87	RETRANSMISSIONS_1 0
87	RETRANSMISSIONS_2 0
87	DROPPED_1 0
87	DROPPED_2 0
87	MAX_QUEUE 0
87	DUPLICATED_1 0
87	DUPLICATED_2 0
87	EBUSY_RADIO_1 0
87	EBUSY_RADIO_2 0
87	TEST_NUMBER 1
87	SENT_TOTAL 0
87	RECEIVED_TOTAL 0
87	TIME_TOTAL 0
87	RECEIVED_RADIO_1 0
87	RECEIVED_RADIO_2 0
87	SENT_RADIO_1 0
87	SENT_RADIO_2 0
87	RADIO_TIME_1 0
87	RADIO_TIME_2 0
87	RETRANSMISSIONS_1 0
87	RETRANSMISSIONS_2 0
87	DROPPED_1 0
87	DROPPED_2 0
87	MAX_QUEUE 0
87	DUPLICATED_1 0
87	DUPLICATED_2 0
87	EBUSY_RADIO_1 0
87	EBUSY_RADIO_2 0
87	TEST_NUMBER 2
87	SENT_TOTAL 0
87	RECEIVED_TOTAL 0
87	TIME_TOTAL 0
87	RECEIVED_RADIO_1 0
87	RECEIVED_RADIO_2 0
87	SENT_RADIO_1 0
87	SENT_RADIO_2 0
87	RADIO_TIME_1 0
87	RADIO_TIME_2 0
87	RETRANSMISSIONS_1 0
87	RETRANSMISSIONS_2 0
87	DROPPED_1 0
87	DROPPED_2 0
87	MAX_QUEUE 0
87	DUPLICATED_1 0
87	DUPLICATED_2 0
87	EBUSY_RADIO_1 0
87	EBUSY_RADIO_2 0
87	TEST_NUMBER 3
87	SENT_TOTAL 0
87	RECEIVED_TOTAL 0
87	TIME_TOTAL 0
87	RECEIVED_RADIO_1 0
87	RECEIVED_RADIO_2 0
87	SENT_RADIO_1 0
87	SENT_RADIO_2 0
87	RADIO_TIME_1 0
87	RADIO_TIME_2 0
87	RETRANSMISSIONS_1 0
87	RETRANSMISSIONS_2 0
87	DROPPED_1 0
87	DROPPED_2 0
87	MAX_QUEUE 0
87	DUPLICATED_1 0
87	DUPLICATED_2 0
87	EBUSY_RADIO_1 0
87	EBUSY_RADIO_2 0
87	TEST_NUMBER 4
87	SENT_TOTAL 0
87	RECEIVED_TOTAL 0
87	TIME_TOTAL 0
87	RECEIVED_RADIO_1 0
87	RECEIVED_RADIO_2 0
87	SENT_RADIO_1 0
87	SENT_RADIO_2 0
87	RADIO_TIME_1 0
87	RADIO_TIME_2 0
87	RETRANSMISSIONS_1 0
87	RETRANSMISSIONS_2 0
87	DROPPED_1 0
87	DROPPED_2 0
87	MAX_QUEUE 0
87	DUPLICATED_1 0
87	DUPLICATED_2 0
87	EBUSY_RADIO_1 0
87	EBUSY_RADIO_2 0
87	TEST_NUMBER 5
87	SENT_TOTAL 0
87	RECEIVED_TOTAL 0
87	TIME_TOTAL 0
87	RECEIVED_RADIO_1 0
87	RECEIVED_RADIO_2 0
87	SENT_RADIO_1 0
87	SENT_RADIO_2 0
87	RADIO_TIME_1 0
87	RADIO_TIME_2 0
87	RETRANSMISSIONS_1 0
87	RETRANSMISSIONS_2 0
87	DROPPED_1 0
87	DROPPED_2 0
87	MAX_QUEUE 0
87	DUPLICATED_1 0
87	DUPLICATED_2 0
87	EBUSY_RADIO_1 0
87	EBUSY_RADIO_2 0
87	TEST_NUMBER 6
87	SENT_TOTAL 0
87	RECEIVED_TOTAL 0
87	TIME_TOTAL 0
87	RECEIVED_RADIO_1 0
87	RECEIVED_RADIO_2 0
87	SENT_RADIO_1 0
87	SENT_RADIO_2 0
87	RADIO_TIME_1 0
87	RADIO_TIME_2 0
87	RETRANSMISSIONS_1 0
87	RETRANSMISSIONS_2 0
87	DROPPED_1 0
87	DROPPED_2 0
87	MAX_QUEUE 0
87	DUPLICATED_1 0
87	DUPLICATED_2 0
87	EBUSY_RADIO_1 0
87	EBUSY_RADIO_2 0

90	RELAY_NODE 90
90	TEST_NUMBER 0
90	SENT_TOTAL 0
90	RECEIVED_TOTAL 0
90	TIME_TOTAL 0
90	RECEIVED_RADIO_1 0
90	RECEIVED_RADIO_2 0
90	SENT_RADIO_1 0
90	SENT_RADIO_2 0
90	RADIO_TIME_1 0
90	RADIO_TIME_2 0
90	RETRANSMISSIONS_1 0
90	RETRANSMISSIONS_2 0
90	DROPPED_1 0
90	DROPPED_2 0
90	MAX_QUEUE 0
90	DUPLICATED_1 0
90	DUPLICATED_2 0
90	EBUSY_RADIO_1 0
90	EBUSY_RADIO_2 0
90	TEST_NUMBER 1
90	SENT_TOTAL 0
90	RECEIVED_TOTAL 0
90	TIME_TOTAL 0
90	RECEIVED_RADIO_1 0
90	RECEIVED_RADIO_2 0
90	SENT_RADIO_1 0
90	SENT_RADIO_2 0
90	RADIO_TIME_1 0
90	RADIO_TIME_2 0
90	RETRANSMISSIONS_1 0
90	RETRANSMISSIONS_2 0
90	DROPPED_1 0
90	DROPPED_2 0
90	MAX_QUEUE 0
90	DUPLICATED_1 0
90	DUPLICATED_2 0
90	EBUSY_RADIO_1 0
90	EBUSY_RADIO_2 0
90	TEST_NUMBER 2
90	SENT_TOTAL 0
90	RECEIVED_TOTAL 0
90	TIME_TOTAL 0
90	RECEIVED_RADIO_1 0
90	RECEIVED_RADIO_2 0
90	SENT_RADIO_1 0
90	SENT_RADIO_2 0
90	RADIO_TIME_1 0
90	RADIO_TIME_2 0
90	RETRANSMISSIONS_1 0
90	RETRANSMISSIONS_2 0
90	DROPPED_1 0
90	DROPPED_2 0
90	MAX_QUEUE 0
90	DUPLICATED_1 0
90	DUPLICATED_2 0
90	EBUSY_RADIO_1 0
90	EBUSY_RADIO_2 0
90	TEST_NUMBER 3
90	SENT_TOTAL 0
90	RECEIVED_TOTAL 0
90	TIME_TOTAL 0
90	RECEIVED_RADIO_1 0
90	RECEIVED_RADIO_2 0
90	SENT_RADIO_1 0
90	SENT_RADIO_2 0
90	RADIO_TIME_1 0
90	RADIO_TIME_2 0
90	RETRANSMISSIONS_1 0
90	RETRANSMISSIONS_2 0
90	DROPPED_1 0
90	DROPPED_2 0
90	MAX_QUEUE 0
90	DUPLICATED_1 0
90	DUPLICATED_2 0
90	EBUSY_RADIO_1 0
90	EBUSY_RADIO_2 0
90	TEST_NUMBER 4
90	SENT_TOTAL 0
90	RECEIVED_TOTAL 0
90	TIME_TOTAL 0
90	RECEIVED_RADIO_1 0
90	RECEIVED_RADIO_2 0
90	SENT_RADIO_1 0
90	SENT_RADIO_2 0
90	RADIO_TIME_1 0
90	RADIO_TIME_2 0
90	RETRANSMISSIONS_1 0
90	RETRANSMISSIONS_2 0
90	DROPPED_1 0
90	DROPPED_2 0
90	MAX_QUEUE 0
90	DUPLICATED_1 0
90	DUPLICATED_2 0
90	EBUSY_RADIO_1 0
90	EBUSY_RADIO_2 0
90	TEST_NUMBER 5
90	SENT_TOTAL 0
90	RECEIVED_TOTAL 0
90	TIME_TOTAL 0
90	RECEIVED_RADIO_1 0
90	RECEIVED_RADIO_2 0
90	SENT_RADIO_1 0
90	SENT_RADIO_2 0
90	RADIO_TIME_1 0
90	RADIO_TIME_2 0
90	RETRANSMISSIONS_1 0
90	RETRANSMISSIONS_2 0
90	DROPPED_1 0
90	DROPPED_2 0
90	MAX_QUEUE 0
90	DUPLICATED_1 0
90	DUPLICATED_2 0
90	EBUSY_RADIO_1 0
90	EBUSY_RADIO_2 0
90	TEST_NUMBER 6
90	SENT_TOTAL 0
90	RECEIVED_TOTAL 0
90	TIME_TOTAL 0
90	RECEIVED_RADIO_1 0
90	RECEIVED_RADIO_2 0
90	SENT_RADIO_1 0
90	SENT_RADIO_2 0
90	RADIO_TIME_1 0
90	RADIO_TIME_2 0
90	RETRANSMISSIONS_1 0
90	RETRANSMISSIONS_2 0
90	DROPPED_1 0
90	DROPPED_2 0
90	MAX_QUEUE 0
90	DUPLICATED_1 0
90	DUPLICATED_2 0
90	EBUSY_RADIO_1 0
90	EBUSY_RADIO_2 0
