
18	SOURCE_NODE 18
18	84 1
18	84 2
18	83 2
18	85 2
18	79 19
18	84 3
18	84 4
18	84 5
18	84 6
18	84 7
18	84 8
18	84 9
18	84 10
18	84 11
18	84 12
18	84 13
18	84 14
18	84 15
18	84 16
18	84 17
18	84 18
18	84 19
18	84 20
18	84 1
18	84 2
18	84 3
18	84 4
18	84 5
18	84 6
18	83 6
18	85 6
18	79 29
18	84 7
18	84 8
18	83 8
18	85 8
18	79 17
18	84 9
18	84 10
18	83 10
18	85 10
18	79 32
18	84 11
18	84 12
18	83 12
18	85 12
18	79 14
18	84 13
18	84 14
18	84 15
18	84 16
18	83 16
18	85 16
18	79 15
18	84 17
18	84 18
18	83 18
18	85 18
18	79 24
18	84 19
18	84 20
18	83 20
18	85 20
18	79 17
18	84 1
18	84 2
18	83 2
18	85 2
18	79 24
18	84 3
18	84 4
18	83 4
18	85 4
18	79 13
18	84 5
18	84 6
18	83 6
18	85 6
18	79 26
18	84 7
18	84 8
18	83 8
18	85 8
18	79 15
18	84 9
18	84 10
18	83 10
18	85 10
18	79 33
18	84 11
18	84 12
18	83 12
18	85 12
18	79 16
18	84 13
18	84 14
18	83 14
18	85 14
18	79 29
18	84 15
18	84 16
18	84 17
18	84 18
18	83 18
18	85 18
18	79 30
18	84 19
18	84 20
18	83 20
18	85 20
18	79 12
18	84 1
18	84 2
18	83 2
18	85 2
18	79 29
18	84 3
18	84 4
18	83 4
18	85 4
18	79 14
18	84 5
18	84 6
18	83 6
18	85 6
18	79 35
18	84 7
18	84 8
18	83 8
18	85 8
18	79 14
18	84 9
18	84 10
18	84 11
18	84 12
18	83 12
18	85 12
18	79 16
18	84 13
18	84 14
18	83 14
18	85 14
18	79 38
18	84 15
18	84 16
18	83 16
18	85 16
18	79 14
18	84 17
18	84 18
18	84 19
18	84 20
18	83 20
18	85 20
18	79 15
18	84 1
18	84 2
18	83 2
18	85 2
18	79 34
18	84 3
18	84 4
18	83 4
18	85 4
18	79 13
18	84 5
18	84 6
18	84 7
18	84 8
18	83 8
18	85 8
18	79 15
18	84 9
18	84 10
18	83 10
18	85 10
18	79 30
18	84 11
18	84 12
18	83 12
18	85 12
18	79 17
18	84 13
18	84 14
18	84 15
18	84 16
18	83 16
18	85 16
18	79 12
18	84 17
18	84 18
18	84 19
18	84 20
18	83 20
18	85 20
18	79 15
18	84 1
18	84 2
18	83 2
18	85 2
18	79 30
18	84 3
18	84 4
18	83 4
18	85 4
18	79 15
18	84 5
18	84 6
18	84 7
18	84 8
18	83 8
18	85 8
18	79 13
18	84 9
18	84 10
18	84 11
18	84 12
18	83 12
18	85 12
18	79 14
18	84 13
18	84 14
18	84 15
18	84 16
18	83 16
18	85 16
18	79 15
18	84 17
18	84 18
18	84 19
18	84 20
18	83 20
18	85 20
18	79 11
18	84 1
18	84 2
18	83 2
18	85 2
18	79 29
18	84 3
18	84 4
18	84 5
18	84 6
18	84 7
18	84 8
18	83 8
18	85 8
18	79 11
18	84 9
18	84 10
18	84 11
18	84 12
18	83 12
18	85 12
18	79 13
18	84 13
18	84 14
18	83 14
18	85 14
18	79 29
18	84 15
18	84 16
18	83 16
18	85 16
18	79 13
18	84 17
18	84 18
18	83 18
18	85 18
18	79 23
18	84 19
18	84 20
18	83 20
18	85 20
18	79 12
18	84 1
18	84 2
18	83 2
18	85 2
18	79 27
18	84 3
18	84 4
18	83 4
18	85 4
18	79 14
18	84 5
18	84 6
18	83 6
18	85 6
18	79 32
18	84 7
18	84 8
18	83 8
18	85 8
18	79 16
18	84 9
18	84 10
18	84 11
18	84 12
18	83 12
18	85 12
18	79 14
18	84 13
18	84 14
18	83 14
18	85 14
18	79 27
18	84 15
18	84 16
18	83 16
18	85 16
18	79 14
18	84 17
18	84 18
18	83 18
18	85 18
18	79 28
18	84 19
18	84 20
18	83 20
18	85 20
18	79 17
18	84 1
18	84 2
18	83 2
18	85 2
18	79 30
18	84 3
18	84 4
18	83 4
18	85 4
18	79 13
18	84 5
18	84 6
18	83 6
18	85 6
18	79 30
18	84 7
18	84 8
18	83 8
18	85 8
18	79 13
18	84 9
18	84 10
18	83 10
18	85 10
18	79 27
18	84 11
18	84 12
18	84 13
18	84 14
18	84 15
18	84 16
18	83 16
18	85 16
18	79 16
18	84 17
18	84 18
18	83 18
18	85 18
18	79 26
18	84 19
18	84 20
18	84 1
18	84 2
18	83 2
18	85 2
18	79 30
18	84 3
18	84 4
18	83 4
18	85 4
18	79 15
18	84 5
18	84 6
18	83 6
18	85 6
18	79 28
18	84 7
18	84 8
18	84 9
18	84 10
18	83 10
18	85 10
18	79 24
18	84 11
18	84 12
18	83 12
18	85 12
18	79 19
18	84 13
18	84 14
18	83 14
18	85 14
18	79 28
18	84 15
18	84 16
18	83 16
18	85 16
18	79 14
18	84 17
18	84 18
18	83 18
18	85 18
18	79 23
18	84 19
18	84 20
18	83 20
18	85 20
18	79 13
18	84 1
18	84 2
18	83 2
18	85 2
18	79 28
18	84 3
18	84 4
18	83 4
18	85 4
18	79 14
18	84 5
18	84 6
18	83 6
18	85 6
18	79 29
18	84 7
18	84 8
18	83 8
18	85 8
18	79 16
18	84 9
18	84 10
18	83 10
18	85 10
18	79 35
18	84 11
18	84 12
18	83 12
18	85 12
18	79 14
18	84 13
18	84 14
18	84 15
18	84 16
18	83 16
18	85 16
18	79 15
18	84 17
18	84 18
18	83 18
18	85 18
18	79 31
18	84 19
18	84 20
18	83 20
18	85 20
18	79 15
18	84 1
18	84 2
18	83 2
18	85 2
18	79 31
18	84 3
18	84 4
18	83 4
18	85 4
18	79 17
18	84 5
18	84 6
18	83 6
18	85 6
18	79 29
18	84 7
18	84 8
18	83 8
18	85 8
18	79 13
18	84 9
18	84 10
18	83 10
18	85 10
18	79 32
18	84 11
18	84 12
18	84 13
18	84 14
18	83 14
18	85 14
18	79 33
18	84 15
18	84 16
18	83 16
18	85 16
18	79 13
18	84 17
18	84 18
18	83 18
18	85 18
18	79 28
18	84 19
18	84 20
18	83 20
18	85 20
18	79 13
18	84 1
18	84 2
18	83 2
18	85 2
18	79 34
18	84 3
18	84 4
18	83 4
18	85 4
18	79 15
18	84 5
18	84 6
18	83 6
18	85 6
18	79 28
18	84 7
18	84 8
18	83 8
18	85 8
18	79 11
18	84 9
18	84 10
18	TEST_NUMBER 0
18	SENT_TOTAL 250
18	RECEIVED_TOTAL 92
18	TIME_TOTAL 19596
18	RECEIVED_RADIO_1 42
18	RECEIVED_RADIO_2 50
18	SENT_RADIO_1 125
18	SENT_RADIO_2 124
18	RADIO_TIME_1 19763
18	RADIO_TIME_2 19763
18	RETRANSMISSIONS_1 0
18	RETRANSMISSIONS_2 0
18	DROPPED_1 0
18	DROPPED_2 0
18	MAX_QUEUE 1
18	DUPLICATED_1 0
18	DUPLICATED_2 0
18	EBUSY_RADIO_1 0
18	EBUSY_RADIO_2 0
18	83 0
18	85 10
18	86 0
18	84 1
18	84 2
18	83 2
18	85 2
18	79 14
18	84 3
18	84 4
18	83 4
18	85 4
18	79 29
18	84 5
18	84 6
18	83 6
18	85 6
18	79 14
18	84 7
18	84 8
18	83 8
18	85 8
18	79 28
18	84 9
18	84 10
18	83 10
18	85 10
18	79 15
18	84 11
18	84 12
18	83 12
18	85 12
18	79 24
18	84 13
18	84 14
18	83 14
18	85 14
18	79 14
18	84 15
18	84 16
18	84 17
18	84 18
18	83 18
18	85 18
18	79 14
18	84 19
18	84 20
18	83 20
18	85 20
18	79 27
18	84 1
18	84 2
18	83 2
18	85 2
18	79 11
18	84 3
18	84 4
18	83 4
18	85 4
18	79 28
18	84 5
18	84 6
18	83 6
18	85 6
18	79 13
18	84 7
18	84 8
18	83 8
18	85 8
18	79 30
18	84 9
18	84 10
18	83 10
18	85 10
18	79 17
18	84 11
18	84 12
18	83 12
18	85 12
18	79 31
18	84 13
18	84 14
18	83 14
18	85 14
18	79 13
18	84 15
18	84 16
18	83 16
18	85 16
18	79 29
18	84 17
18	84 18
18	83 18
18	85 18
18	79 15
18	84 19
18	84 20
18	83 20
18	85 20
18	79 26
18	84 1
18	84 2
18	83 2
18	85 2
18	79 17
18	84 3
18	84 4
18	83 4
18	85 4
18	79 31
18	84 5
18	84 6
18	84 7
18	84 8
18	83 8
18	85 8
18	79 30
18	84 9
18	84 10
18	84 11
18	84 12
18	83 12
18	85 12
18	79 33
18	84 13
18	84 14
18	84 15
18	84 16
18	83 16
18	85 16
18	79 24
18	84 17
18	84 18
18	83 18
18	85 18
18	79 14
18	84 19
18	84 20
18	84 1
18	84 2
18	83 2
18	85 2
18	79 17
18	84 3
18	84 4
18	83 4
18	85 4
18	79 31
18	84 5
18	84 6
18	83 6
18	85 6
18	79 16
18	84 7
18	84 8
18	83 8
18	85 8
18	79 29
18	84 9
18	84 10
18	83 10
18	85 10
18	79 14
18	84 11
18	84 12
18	84 13
18	84 14
18	83 14
18	85 14
18	79 18
18	84 15
18	84 16
18	83 16
18	85 16
18	79 28
18	84 17
18	84 18
18	83 18
18	85 18
18	79 14
18	84 19
18	84 20
18	84 1
18	84 2
18	83 2
18	85 2
18	79 14
18	84 3
18	84 4
18	83 4
18	85 4
18	79 23
18	84 5
18	84 6
18	83 6
18	85 6
18	79 14
18	84 7
18	84 8
18	84 9
18	84 10
18	83 10
18	85 10
18	79 16
18	84 11
18	84 12
18	83 12
18	85 12
18	79 34
18	84 13
18	84 14
18	83 14
18	85 14
18	79 14
18	84 15
18	84 16
18	84 17
18	84 18
18	83 18
18	85 18
18	79 14
18	84 19
18	84 20
18	84 1
18	84 2
18	83 2
18	85 2
18	79 12
18	84 3
18	84 4
18	84 5
18	84 6
18	83 6
18	85 6
18	79 15
18	84 7
18	84 8
18	83 8
18	85 8
18	79 30
18	84 9
18	84 10
18	83 10
18	85 10
18	79 18
18	84 11
18	84 12
18	83 12
18	85 12
18	79 34
18	84 13
18	84 14
18	83 14
18	85 14
18	79 12
18	84 15
18	84 16
18	83 16
18	85 16
18	79 38
18	84 17
18	84 18
18	83 18
18	85 18
18	79 17
18	84 19
18	84 20
18	83 20
18	85 20
18	79 31
18	84 1
18	84 2
18	83 2
18	85 2
18	79 14
18	84 3
18	84 4
18	83 4
18	85 4
18	79 30
18	84 5
18	84 6
18	83 6
18	85 6
18	79 16
18	84 7
18	84 8
18	83 8
18	85 8
18	79 31
18	84 9
18	84 10
18	84 11
18	84 12
18	83 12
18	85 12
18	79 25
18	84 13
18	84 14
18	83 14
18	85 14
18	79 15
18	84 15
18	84 16
18	83 16
18	85 16
18	79 26
18	84 17
18	84 18
18	83 18
18	85 18
18	79 13
18	84 19
18	84 20
18	83 20
18	85 20
18	79 25
18	84 1
18	84 2
18	83 2
18	85 2
18	79 11
18	84 3
18	84 4
18	84 5
18	84 6
18	83 6
18	85 6
18	79 17
18	84 7
18	84 8
18	84 9
18	84 10
18	83 10
18	85 10
18	79 14
18	84 11
18	84 12
18	83 12
18	85 12
18	79 27
18	84 13
18	84 14
18	83 14
18	85 14
18	79 17
18	84 15
18	84 16
18	83 16
18	85 16
18	79 31
18	84 17
18	84 18
18	83 18
18	85 18
18	79 15
18	84 19
18	84 20
18	83 20
18	85 20
18	79 34
18	84 1
18	84 2
18	83 2
18	85 2
18	79 14
18	84 3
18	84 4
18	84 5
18	84 6
18	83 6
18	85 6
18	79 15
18	84 7
18	84 8
18	83 8
18	85 8
18	79 24
18	84 9
18	84 10
18	83 10
18	85 10
18	79 12
18	84 11
18	84 12
18	84 13
18	84 14
18	83 14
18	85 14
18	79 18
18	84 15
18	84 16
18	83 16
18	85 16
18	79 30
18	84 17
18	84 18
18	83 18
18	85 18
18	79 12
18	84 19
18	84 20
18	83 20
18	85 20
18	79 30
18	84 1
18	84 2
18	84 3
18	84 4
18	84 5
18	84 6
18	83 6
18	85 6
18	79 18
18	84 7
18	84 8
18	83 8
18	85 8
18	79 31
18	84 9
18	84 10
18	83 10
18	85 10
18	79 15
18	84 11
18	84 12
18	83 12
18	85 12
18	79 26
18	84 13
18	84 14
18	83 14
18	85 14
18	79 16
18	84 15
18	84 16
18	83 16
18	85 16
18	79 32
18	84 17
18	84 18
18	83 18
18	85 18
18	79 15
18	84 19
18	84 20
18	83 20
18	85 20
18	79 25
18	84 1
18	84 2
18	83 2
18	85 2
18	79 13
18	84 3
18	84 4
18	83 4
18	85 4
18	79 26
18	84 5
18	84 6
18	83 6
18	85 6
18	79 15
18	84 7
18	84 8
18	83 8
18	85 8
18	79 30
18	84 9
18	84 10
18	83 10
18	85 10
18	79 14
18	84 11
18	84 12
18	83 12
18	85 12
18	79 30
18	84 13
18	84 14
18	83 14
18	85 14
18	79 16
18	84 15
18	84 16
18	83 16
18	85 16
18	79 31
18	84 17
18	84 18
18	83 18
18	85 18
18	79 15
18	84 19
18	84 20
18	83 20
18	85 20
18	79 34
18	84 1
18	84 2
18	83 2
18	85 2
18	79 17
18	84 3
18	84 4
18	83 4
18	85 4
18	79 24
18	84 5
18	84 6
18	83 6
18	85 6
18	79 12
18	84 7
18	84 8
18	83 8
18	85 8
18	79 31
18	84 9
18	84 10
18	83 10
18	85 10
18	79 12
18	84 11
18	84 12
18	83 12
18	85 12
18	79 28
18	84 13
18	84 14
18	83 14
18	85 14
18	79 16
18	84 15
18	84 16
18	83 16
18	85 16
18	79 33
18	84 17
18	84 18
18	84 19
18	84 20
18	83 20
18	85 20
18	79 31
18	84 1
18	84 2
18	83 2
18	85 2
18	79 14
18	84 3
18	84 4
18	83 4
18	85 4
18	79 31
18	84 5
18	84 6
18	83 6
18	85 6
18	79 18
18	84 7
18	84 8
18	83 8
18	85 8
18	79 27
18	84 9
18	84 10
18	TEST_NUMBER 1
18	SENT_TOTAL 250
18	RECEIVED_TOTAL 105
18	TIME_TOTAL 29724
18	RECEIVED_RADIO_1 50
18	RECEIVED_RADIO_2 56
18	SENT_RADIO_1 125
18	SENT_RADIO_2 125
18	RADIO_TIME_1 29777
18	RADIO_TIME_2 19763
18	RETRANSMISSIONS_1 0
18	RETRANSMISSIONS_2 0
18	DROPPED_1 0
18	DROPPED_2 0
18	MAX_QUEUE 1
18	DUPLICATED_1 0
18	DUPLICATED_2 0
18	EBUSY_RADIO_1 0
18	EBUSY_RADIO_2 0
18	83 0
18	85 10
18	86 1
18	84 1
18	84 2
18	83 2
18	85 2
18	79 27
18	84 3
18	84 4
18	83 4
18	85 4
18	79 15
18	84 5
18	84 6
18	83 6
18	85 6
18	79 26
18	84 7
18	84 8
18	83 8
18	85 8
18	79 11
18	84 9
18	84 10
18	84 11
18	84 12
18	83 12
18	85 12
18	79 12
18	84 13
18	84 14
18	83 14
18	85 14
18	79 31
18	84 15
18	84 16
18	83 16
18	85 16
18	79 17
18	84 17
18	84 18
18	83 18
18	85 18
18	79 28
18	84 19
18	84 20
18	83 20
18	85 20
18	79 14
18	84 1
18	84 2
18	83 2
18	85 2
18	79 23
18	84 3
18	84 4
18	83 4
18	85 4
18	79 13
18	84 5
18	84 6
18	83 6
18	85 6
18	79 29
18	84 7
18	84 8
18	83 8
18	85 8
18	79 14
18	84 9
18	84 10
18	83 10
18	85 10
18	79 24
18	84 11
18	84 12
18	83 12
18	85 12
18	79 15
18	84 13
18	84 14
18	83 14
18	85 14
18	79 28
18	84 15
18	84 16
18	83 16
18	85 16
18	79 15
18	84 17
18	84 18
18	83 18
18	85 18
18	79 25
18	84 19
18	84 20
18	83 20
18	85 20
18	79 16
18	84 1
18	84 2
18	83 2
18	85 2
18	79 31
18	84 3
18	84 4
18	83 4
18	85 4
18	79 12
18	84 5
18	84 6
18	83 6
18	85 6
18	79 27
18	84 7
18	84 8
18	83 8
18	85 8
18	79 15
18	84 9
18	84 10
18	84 11
18	84 12
18	83 12
18	85 12
18	79 15
18	84 13
18	84 14
18	84 15
18	84 16
18	83 16
18	85 16
18	79 13
18	84 17
18	84 18
18	83 18
18	85 18
18	79 30
18	84 19
18	84 20
18	83 20
18	85 20
18	79 13
18	84 1
18	84 2
18	83 2
18	85 2
18	79 31
18	84 3
18	84 4
18	83 4
18	85 4
18	79 12
18	84 5
18	84 6
18	83 6
18	85 6
18	79 24
18	84 7
18	84 8
18	83 8
18	85 8
18	79 18
18	84 9
18	84 10
18	83 10
18	85 10
18	79 27
18	84 11
18	84 12
18	83 12
18	85 12
18	79 15
18	84 13
18	84 14
18	83 14
18	85 14
18	79 27
18	84 15
18	84 16
18	83 16
18	85 16
18	79 20
18	84 17
18	84 18
18	83 18
18	85 18
18	79 29
18	84 19
18	84 20
18	83 20
18	85 20
18	79 11
18	84 1
18	84 2
18	83 2
18	85 2
18	79 35
18	84 3
18	84 4
18	83 4
18	85 4
18	79 16
18	84 5
18	84 6
18	83 6
18	85 6
18	79 32
18	84 7
18	84 8
18	83 8
18	85 8
18	79 12
18	84 9
18	84 10
18	83 10
18	85 10
18	79 31
18	84 11
18	84 12
18	83 12
18	85 12
18	79 15
18	84 13
18	84 14
18	83 14
18	85 14
18	79 29
18	84 15
18	84 16
18	83 16
18	85 16
18	79 17
18	84 17
18	84 18
18	83 18
18	85 18
18	79 29
18	84 19
18	84 20
18	83 20
18	85 20
18	79 12
18	84 1
18	84 2
18	84 3
18	84 4
18	83 4
18	85 4
18	79 16
18	84 5
18	84 6
18	83 6
18	85 6
18	79 27
18	84 7
18	84 8
18	83 8
18	85 8
18	79 12
18	84 9
18	84 10
18	83 10
18	85 10
18	79 30
18	84 11
18	84 12
18	83 12
18	85 12
18	79 13
18	84 13
18	84 14
18	83 14
18	85 14
18	79 35
18	84 15
18	84 16
18	83 16
18	85 16
18	79 17
18	84 17
18	84 18
18	84 19
18	84 20
18	83 20
18	85 20
18	79 12
18	84 1
18	84 2
18	84 3
18	84 4
18	83 4
18	85 4
18	79 11
18	84 5
18	84 6
18	84 7
18	84 8
18	83 8
18	85 8
18	79 14
18	84 9
18	84 10
18	83 10
18	85 10
18	79 26
18	84 11
18	84 12
18	83 12
18	85 12
18	79 12
18	84 13
18	84 14
18	84 15
18	84 16
18	83 16
18	85 16
18	79 16
18	84 17
18	84 18
18	83 18
18	85 18
18	79 25
18	84 19
18	84 20
18	83 20
18	85 20
18	79 14
18	84 1
18	84 2
18	83 2
18	85 2
18	79 24
18	84 3
18	84 4
18	83 4
18	85 4
18	79 11
18	84 5
18	84 6
18	84 7
18	84 8
18	83 8
18	85 8
18	79 14
18	84 9
18	84 10
18	83 10
18	85 10
18	79 24
18	84 11
18	84 12
18	83 12
18	85 12
18	79 12
18	84 13
18	84 14
18	83 14
18	85 14
18	79 31
18	84 15
18	84 16
18	83 16
18	85 16
18	79 15
18	84 17
18	84 18
18	83 18
18	85 18
18	79 28
18	84 19
18	84 20
18	83 20
18	85 20
18	79 16
18	84 1
18	84 2
18	84 3
18	84 4
18	83 4
18	85 4
18	79 15
18	84 5
18	84 6
18	84 7
18	84 8
18	83 8
18	85 8
18	79 11
18	84 9
18	84 10
18	83 10
18	85 10
18	79 34
18	84 11
18	84 12
18	83 12
18	85 12
18	79 18
18	84 13
18	84 14
18	83 14
18	85 14
18	79 29
18	84 15
18	84 16
18	83 16
18	85 16
18	79 17
18	84 17
18	84 18
18	83 18
18	85 18
18	79 30
18	84 19
18	84 20
18	83 20
18	85 20
18	79 17
18	84 1
18	84 2
18	84 3
18	84 4
18	83 4
18	85 4
18	79 13
18	84 5
18	84 6
18	84 7
18	84 8
18	83 8
18	85 8
18	79 15
18	84 9
18	84 10
18	84 11
18	84 12
18	83 12
18	85 12
18	79 11
18	84 13
18	84 14
18	83 14
18	85 14
18	79 31
18	84 15
18	84 16
18	83 16
18	85 16
18	79 16
18	84 17
18	84 18
18	83 18
18	85 18
18	79 27
18	84 19
18	84 20
18	83 20
18	85 20
18	79 12
18	84 1
18	84 2
18	83 2
18	85 2
18	79 28
18	84 3
18	84 4
18	83 4
18	85 4
18	79 12
18	84 5
18	84 6
18	83 6
18	85 6
18	79 21
18	84 7
18	84 8
18	83 8
18	85 8
18	79 13
18	84 9
18	84 10
18	83 10
18	85 10
18	79 24
18	84 11
18	84 12
18	83 12
18	85 12
18	79 16
18	84 13
18	84 14
18	84 15
18	84 16
18	83 16
18	85 16
18	79 13
18	84 17
18	84 18
18	83 18
18	85 18
18	79 27
18	84 19
18	84 20
18	83 20
18	85 20
18	79 15
18	84 1
18	84 2
18	84 3
18	84 4
18	83 4
18	85 4
18	79 17
18	84 5
18	84 6
18	84 7
18	84 8
18	83 8
18	85 8
18	79 19
18	84 9
18	84 10
18	83 10
18	85 10
18	79 24
18	84 11
18	84 12
18	83 12
18	85 12
18	79 15
18	84 13
18	84 14
18	83 14
18	85 14
18	79 27
18	84 15
18	84 16
18	84 17
18	84 18
18	83 18
18	85 18
18	79 33
18	84 19
18	84 20
18	83 20
18	85 20
18	79 11
18	84 1
18	84 2
18	83 2
18	85 2
18	79 30
18	84 3
18	84 4
18	83 4
18	85 4
18	79 13
18	84 5
18	84 6
18	84 7
18	84 8
18	83 8
18	85 8
18	79 13
18	84 9
18	84 10
18	TEST_NUMBER 2
18	SENT_TOTAL 250
18	RECEIVED_TOTAL 105
18	TIME_TOTAL 29720
18	RECEIVED_RADIO_1 44
18	RECEIVED_RADIO_2 62
18	SENT_RADIO_1 125
18	SENT_RADIO_2 125
18	RADIO_TIME_1 19763
18	RADIO_TIME_2 29866
18	RETRANSMISSIONS_1 0
18	RETRANSMISSIONS_2 0
18	DROPPED_1 0
18	DROPPED_2 0
18	MAX_QUEUE 1
18	DUPLICATED_1 0
18	DUPLICATED_2 0
18	EBUSY_RADIO_1 0
18	EBUSY_RADIO_2 0
18	83 0
18	85 10
18	86 2
18	84 1
18	84 2
18	83 2
18	85 2
18	79 16
18	84 3
18	84 4
18	83 4
18	85 4
18	79 28
18	84 5
18	84 6
18	83 6
18	85 6
18	79 14
18	84 7
18	84 8
18	83 8
18	85 8
18	79 30
18	84 9
18	84 10
18	83 10
18	85 10
18	79 11
18	84 11
18	84 12
18	83 12
18	85 12
18	79 34
18	84 13
18	84 14
18	83 14
18	85 14
18	79 12
18	84 15
18	84 16
18	83 16
18	85 16
18	79 33
18	84 17
18	84 18
18	83 18
18	85 18
18	79 15
18	84 19
18	84 20
18	83 20
18	85 20
18	79 28
18	84 1
18	84 2
18	83 2
18	85 2
18	79 13
18	84 3
18	84 4
18	83 4
18	85 4
18	79 30
18	84 5
18	84 6
18	83 6
18	85 6
18	79 16
18	84 7
18	84 8
18	83 8
18	85 8
18	79 31
18	84 9
18	84 10
18	83 10
18	85 10
18	79 17
18	84 11
18	84 12
18	83 12
18	85 12
18	79 32
18	84 13
18	84 14
18	83 14
18	85 14
18	79 12
18	84 15
18	84 16
18	83 16
18	85 16
18	79 33
18	84 17
18	84 18
18	83 18
18	85 18
18	79 12
18	84 19
18	84 20
18	83 20
18	85 20
18	79 31
18	84 1
18	84 2
18	83 2
18	85 2
18	79 17
18	84 3
18	84 4
18	83 4
18	85 4
18	79 30
18	84 5
18	84 6
18	83 6
18	85 6
18	79 12
18	84 7
18	84 8
18	83 8
18	85 8
18	79 29
18	84 9
18	84 10
18	83 10
18	85 10
18	79 16
18	84 11
18	84 12
18	83 12
18	85 12
18	79 29
18	84 13
18	84 14
18	83 14
18	85 14
18	79 17
18	84 15
18	84 16
18	83 16
18	85 16
18	79 34
18	84 17
18	84 18
18	83 18
18	85 18
18	79 15
18	84 19
18	84 20
18	83 20
18	85 20
18	79 32
18	84 1
18	84 2
18	83 2
18	85 2
18	79 14
18	84 3
18	84 4
18	84 5
18	84 6
18	83 6
18	85 6
18	79 17
18	84 7
18	84 8
18	83 8
18	85 8
18	79 30
18	84 9
18	84 10
18	83 10
18	85 10
18	79 14
18	84 11
18	84 12
18	83 12
18	85 12
18	79 28
18	84 13
18	84 14
18	83 14
18	85 14
18	79 16
18	84 15
18	84 16
18	83 16
18	85 16
18	79 26
18	84 17
18	84 18
18	84 19
18	84 20
18	83 20
18	85 20
18	79 28
18	84 1
18	84 2
18	83 2
18	85 2
18	79 10
18	84 3
18	84 4
18	84 5
18	84 6
18	83 6
18	85 6
18	79 17
18	84 7
18	84 8
18	84 9
18	84 10
18	83 10
18	85 10
18	79 13
18	84 11
18	84 12
18	83 12
18	85 12
18	79 27
18	84 13
18	84 14
18	84 15
18	84 16
18	83 16
18	85 16
18	79 28
18	84 17
18	84 18
18	84 19
18	84 20
18	83 20
18	85 20
18	79 30
18	84 1
18	84 2
18	83 2
18	85 2
18	79 17
18	84 3
18	84 4
18	83 4
18	85 4
18	79 31
18	84 5
18	84 6
18	83 6
18	85 6
18	79 16
18	84 7
18	84 8
18	83 8
18	85 8
18	79 29
18	84 9
18	84 10
18	83 10
18	85 10
18	79 13
18	84 11
18	84 12
18	83 12
18	85 12
18	79 33
18	84 13
18	84 14
18	84 15
18	84 16
18	83 16
18	85 16
18	79 30
18	84 17
18	84 18
18	83 18
18	85 18
18	79 12
18	84 19
18	84 20
18	84 1
18	84 2
18	83 2
18	85 2
18	79 15
18	84 3
18	84 4
18	84 5
18	84 6
18	84 7
18	84 8
18	83 8
18	85 8
18	79 31
18	84 9
18	84 10
18	83 10
18	85 10
18	79 15
18	84 11
18	84 12
18	83 12
18	85 12
18	79 32
18	84 13
18	84 14
18	84 15
18	84 16
18	83 16
18	85 16
18	79 29
18	84 17
18	84 18
18	84 19
18	84 20
18	83 20
18	85 20
18	79 14
18	84 1
18	84 2
18	83 2
18	85 2
18	79 33
18	84 3
18	84 4
18	83 4
18	85 4
18	79 17
18	84 5
18	84 6
18	84 7
18	84 8
18	84 9
18	84 10
18	84 11
18	84 12
18	83 12
18	85 12
18	79 14
18	84 13
18	84 14
18	83 14
18	85 14
18	79 29
18	84 15
18	84 16
18	83 16
18	85 16
18	79 12
18	84 17
18	84 18
18	84 19
18	84 20
18	83 20
18	85 20
18	79 14
18	84 1
18	84 2
18	83 2
18	85 2
18	79 33
18	84 3
18	84 4
18	83 4
18	85 4
18	79 15
18	84 5
18	84 6
18	83 6
18	85 6
18	79 30
18	84 7
18	84 8
18	83 8
18	85 8
18	79 17
18	84 9
18	84 10
18	83 10
18	85 10
18	79 25
18	84 11
18	84 12
18	83 12
18	85 12
18	79 15
18	84 13
18	84 14
18	83 14
18	85 14
18	79 27
18	84 15
18	84 16
18	83 16
18	85 16
18	79 19
18	84 17
18	84 18
18	83 18
18	85 18
18	79 31
18	84 19
18	84 20
18	84 1
18	84 2
18	83 2
18	85 2
18	79 33
18	84 3
18	84 4
18	83 4
18	85 4
18	79 14
18	84 5
18	84 6
18	83 6
18	85 6
18	79 31
18	84 7
18	84 8
18	83 8
18	85 8
18	79 14
18	84 9
18	84 10
18	83 10
18	85 10
18	79 27
18	84 11
18	84 12
18	83 12
18	85 12
18	79 15
18	84 13
18	84 14
18	84 15
18	84 16
18	83 16
18	85 16
18	79 17
18	84 17
18	84 18
18	84 19
18	84 20
18	83 20
18	85 20
18	79 13
18	84 1
18	84 2
18	83 2
18	85 2
18	79 32
18	84 3
18	84 4
18	84 5
18	84 6
18	83 6
18	85 6
18	79 33
18	84 7
18	84 8
18	83 8
18	85 8
18	79 10
18	84 9
18	84 10
18	83 10
18	85 10
18	79 31
18	84 11
18	84 12
18	83 12
18	85 12
18	79 14
18	84 13
18	84 14
18	84 15
18	84 16
18	83 16
18	85 16
18	79 17
18	84 17
18	84 18
18	84 19
18	84 20
18	83 20
18	85 20
18	79 14
18	84 1
18	84 2
18	84 3
18	84 4
18	83 4
18	85 4
18	79 13
18	84 5
18	84 6
18	83 6
18	85 6
18	79 21
18	84 7
18	84 8
18	83 8
18	85 8
18	79 13
18	84 9
18	84 10
18	84 11
18	84 12
18	83 12
18	85 12
18	79 14
18	84 13
18	84 14
18	84 15
18	84 16
18	83 16
18	85 16
18	79 12
18	84 17
18	84 18
18	83 18
18	85 18
18	79 35
18	84 19
18	84 20
18	83 20
18	85 20
18	79 11
18	84 1
18	84 2
18	84 3
18	84 4
18	83 4
18	85 4
18	79 19
18	84 5
18	84 6
18	83 6
18	85 6
18	79 28
18	84 7
18	84 8
18	83 8
18	85 8
18	79 15
18	84 9
18	84 10
18	TEST_NUMBER 3
18	SENT_TOTAL 250
18	RECEIVED_TOTAL 98
18	TIME_TOTAL 29711
18	RECEIVED_RADIO_1 46
18	RECEIVED_RADIO_2 53
18	SENT_RADIO_1 125
18	SENT_RADIO_2 125
18	RADIO_TIME_1 29776
18	RADIO_TIME_2 19763
18	RETRANSMISSIONS_1 0
18	RETRANSMISSIONS_2 0
18	DROPPED_1 0
18	DROPPED_2 0
18	MAX_QUEUE 1
18	DUPLICATED_1 0
18	DUPLICATED_2 0
18	EBUSY_RADIO_1 0
18	EBUSY_RADIO_2 0
18	83 0
18	85 10
18	86 3
18	84 1
18	84 2
18	83 2
18	85 2
18	79 14
18	84 3
18	84 4
18	83 4
18	85 4
18	79 25
18	84 5
18	84 6
18	83 6
18	85 6
18	79 13
18	84 7
18	84 8
18	83 8
18	85 8
18	79 32
18	84 9
18	84 10
18	83 10
18	85 10
18	79 19
18	84 11
18	84 12
18	83 12
18	85 12
18	79 23
18	84 13
18	84 14
18	83 14
18	85 14
18	79 16
18	84 15
18	84 16
18	84 17
18	84 18
18	83 18
18	85 18
18	79 17
18	84 19
18	84 20
18	84 1
18	84 2
18	83 2
18	85 2
18	79 18
18	84 3
18	84 4
18	84 5
18	84 6
18	83 6
18	85 6
18	79 15
18	84 7
18	84 8
18	84 9
18	84 10
18	83 10
18	85 10
18	79 16
18	84 11
18	84 12
18	83 12
18	85 12
18	79 28
18	84 13
18	84 14
18	83 14
18	85 14
18	79 14
18	84 15
18	84 16
18	84 17
18	84 18
18	83 18
18	85 18
18	79 14
18	84 19
18	84 20
18	83 20
18	85 20
18	79 29
18	84 1
18	84 2
18	83 2
18	85 2
18	79 12
18	84 3
18	84 4
18	83 4
18	85 4
18	79 35
18	84 5
18	84 6
18	83 6
18	85 6
18	79 18
18	84 7
18	84 8
18	83 8
18	85 8
18	79 35
18	84 9
18	84 10
18	83 10
18	85 10
18	79 15
18	84 11
18	84 12
18	84 13
18	84 14
18	83 14
18	85 14
18	79 18
18	84 15
18	84 16
18	84 17
18	84 18
18	83 18
18	85 18
18	79 16
18	84 19
18	84 20
18	84 1
18	84 2
18	83 2
18	85 2
18	79 18
18	84 3
18	84 4
18	84 5
18	84 6
18	83 6
18	85 6
18	79 18
18	84 7
18	84 8
18	83 8
18	85 8
18	79 32
18	84 9
18	84 10
18	83 10
18	85 10
18	79 14
18	84 11
18	84 12
18	84 13
18	84 14
18	83 14
18	85 14
18	79 16
18	84 15
18	84 16
18	83 16
18	85 16
18	79 33
18	84 17
18	84 18
18	83 18
18	85 18
18	79 14
18	84 19
18	84 20
18	83 20
18	85 20
18	79 31
18	84 1
18	84 2
18	83 2
18	85 2
18	79 15
18	84 3
18	84 4
18	83 4
18	85 4
18	79 26
18	84 5
18	84 6
18	83 6
18	85 6
18	79 18
18	84 7
18	84 8
18	83 8
18	85 8
18	79 32
18	84 9
18	84 10
18	83 10
18	85 10
18	79 14
18	84 11
18	84 12
18	83 12
18	85 12
18	79 28
18	84 13
18	84 14
18	84 15
18	84 16
18	83 16
18	85 16
18	79 23
18	84 17
18	84 18
18	83 18
18	85 18
18	79 14
18	84 19
18	84 20
18	84 1
18	84 2
18	84 3
18	84 4
18	84 5
18	84 6
18	83 6
18	85 6
18	79 14
18	84 7
18	84 8
18	83 8
18	85 8
18	79 31
18	84 9
18	84 10
18	83 10
18	85 10
18	79 16
18	84 11
18	84 12
18	84 13
18	84 14
18	83 14
18	85 14
18	79 11
18	84 15
18	84 16
18	83 16
18	85 16
18	79 28
18	84 17
18	84 18
18	84 19
18	84 20
18	83 20
18	85 20
18	79 14
18	84 1
18	84 2
18	84 3
18	84 4
18	83 4
18	85 4
18	79 15
18	84 5
18	84 6
18	84 7
18	84 8
18	83 8
18	85 8
18	79 11
18	84 9
18	84 10
18	84 11
18	84 12
18	83 12
18	85 12
18	79 15
18	84 13
18	84 14
18	83 14
18	85 14
18	79 28
18	84 15
18	84 16
18	83 16
18	85 16
18	79 15
18	84 17
18	84 18
18	83 18
18	85 18
18	79 25
18	84 19
18	84 20
18	83 20
18	85 20
18	79 14
18	84 1
18	84 2
18	83 2
18	85 2
18	79 30
18	84 3
18	84 4
18	83 4
18	85 4
18	79 17
18	84 5
18	84 6
18	83 6
18	85 6
18	79 29
18	84 7
18	84 8
18	83 8
18	85 8
18	79 14
18	84 9
18	84 10
18	83 10
18	85 10
18	79 33
18	84 11
18	84 12
18	84 13
18	84 14
18	84 15
18	84 16
18	84 17
18	84 18
18	83 18
18	85 18
18	79 26
18	84 19
18	84 20
18	83 20
18	85 20
18	79 17
18	84 1
18	84 2
18	83 2
18	85 2
18	79 32
18	84 3
18	84 4
18	84 5
18	84 6
18	84 7
18	84 8
18	83 8
18	85 8
18	79 15
18	84 9
18	84 10
18	84 11
18	84 12
18	83 12
18	85 12
18	79 16
18	84 13
18	84 14
18	84 15
18	84 16
18	83 16
18	85 16
18	79 15
18	84 17
18	84 18
18	84 19
18	84 20
18	83 20
18	85 20
18	79 15
18	84 1
18	84 2
18	83 2
18	85 2
18	79 28
18	84 3
18	84 4
18	84 5
18	84 6
18	84 7
18	84 8
18	84 9
18	84 10
18	84 11
18	84 12
18	83 12
18	85 12
18	79 14
18	84 13
18	84 14
18	83 14
18	85 14
18	79 30
18	84 15
18	84 16
18	83 16
18	85 16
18	79 13
18	84 17
18	84 18
18	83 18
18	85 18
18	79 29
18	84 19
18	84 20
18	83 20
18	85 20
18	79 12
18	84 1
18	84 2
18	84 3
18	84 4
18	83 4
18	85 4
18	79 17
18	84 5
18	84 6
18	83 6
18	85 6
18	79 28
18	84 7
18	84 8
18	83 8
18	85 8
18	79 18
18	84 9
18	84 10
18	84 11
18	84 12
18	83 12
18	85 12
18	79 16
18	84 13
18	84 14
18	84 15
18	84 16
18	84 17
18	84 18
18	83 18
18	85 18
18	79 28
18	84 19
18	84 20
18	83 20
18	85 20
18	79 16
18	84 1
18	84 2
18	83 2
18	85 2
18	79 30
18	84 3
18	84 4
18	83 4
18	85 4
18	79 11
18	84 5
18	84 6
18	84 7
18	84 8
18	83 8
18	85 8
18	79 13
18	84 9
18	84 10
18	83 10
18	85 10
18	79 28
18	84 11
18	84 12
18	83 12
18	85 12
18	79 12
18	84 13
18	84 14
18	83 14
18	85 14
18	79 24
18	84 15
18	84 16
18	83 16
18	85 16
18	79 18
18	84 17
18	84 18
18	83 18
18	85 18
18	79 27
18	84 19
18	84 20
18	83 20
18	85 20
18	79 17
18	84 1
18	84 2
18	83 2
18	85 2
18	79 29
18	84 3
18	84 4
18	83 4
18	85 4
18	79 14
18	84 5
18	84 6
18	83 6
18	85 6
18	79 29
18	84 7
18	84 8
18	83 8
18	85 8
18	79 13
18	84 9
18	84 10
18	TEST_NUMBER 4
18	SENT_TOTAL 250
18	RECEIVED_TOTAL 88
18	TIME_TOTAL 29704
18	RECEIVED_RADIO_1 35
18	RECEIVED_RADIO_2 54
18	SENT_RADIO_1 125
18	SENT_RADIO_2 125
18	RADIO_TIME_1 29771
18	RADIO_TIME_2 19763
18	RETRANSMISSIONS_1 0
18	RETRANSMISSIONS_2 0
18	DROPPED_1 0
18	DROPPED_2 0
18	MAX_QUEUE 1
18	DUPLICATED_1 0
18	DUPLICATED_2 0
18	EBUSY_RADIO_1 0
18	EBUSY_RADIO_2 0
18	83 0
18	85 10
18	86 4
18	84 1
18	84 2
18	83 2
18	85 2
18	79 17
18	84 3
18	84 4
18	83 4
18	85 4
18	79 30
18	84 5
18	84 6
18	83 6
18	85 6
18	79 13
18	84 7
18	84 8
18	84 9
18	84 10
18	84 11
18	84 12
18	84 13
18	84 14
18	84 15
18	84 16
18	84 17
18	84 18
18	84 19
18	84 20
18	84 1
18	84 2
18	84 3
18	84 4
18	84 5
18	84 6
18	84 7
18	84 8
18	84 9
18	84 10
18	84 11
18	84 12
18	84 13
18	84 14
18	84 15
18	84 16
18	84 17
18	84 18
18	84 19
18	84 20
18	84 1
18	84 2
18	84 3
18	84 4
18	84 5
18	84 6
18	84 7
18	84 8
18	84 9
18	84 10
18	84 11
18	84 12
18	84 13
18	84 14
18	84 15
18	84 16
18	84 17
18	84 18
18	84 19
18	84 20
18	84 1
18	84 2
18	84 3
18	84 4
18	84 5
18	84 6
18	84 7
18	84 8
18	84 9
18	84 10
18	84 11
18	84 12
18	83 12
18	85 12
18	79 29
18	84 13
18	84 14
18	84 15
18	84 16
18	83 16
18	85 16
18	79 27
18	84 17
18	84 18
18	84 19
18	84 20
18	83 20
18	85 20
18	79 29
18	84 1
18	84 2
18	84 3
18	84 4
18	84 5
18	84 6
18	84 7
18	84 8
18	84 9
18	84 10
18	84 11
18	84 12
18	83 12
18	85 12
18	79 16
18	84 13
18	84 14
18	83 14
18	85 14
18	79 35
18	84 15
18	84 16
18	84 17
18	84 18
18	83 18
18	85 18
18	79 30
18	84 19
18	84 20
18	83 20
18	85 20
18	79 15
18	84 1
18	84 2
18	83 2
18	85 2
18	79 30
18	84 3
18	84 4
18	84 5
18	84 6
18	83 6
18	85 6
18	79 32
18	84 7
18	84 8
18	83 8
18	85 8
18	79 14
18	84 9
18	84 10
18	83 10
18	85 10
18	79 33
18	84 11
18	84 12
18	83 12
18	85 12
18	79 12
18	84 13
18	84 14
18	83 14
18	85 14
18	79 31
18	84 15
18	84 16
18	83 16
18	85 16
18	79 11
18	84 17
18	84 18
18	83 18
18	85 18
18	79 30
18	84 19
18	84 20
18	84 1
18	84 2
18	83 2
18	85 2
18	79 26
18	84 3
18	84 4
18	83 4
18	85 4
18	79 17
18	84 5
18	84 6
18	83 6
18	85 6
18	79 32
18	84 7
18	84 8
18	84 9
18	84 10
18	84 11
18	84 12
18	84 13
18	84 14
18	84 15
18	84 16
18	84 17
18	84 18
18	84 19
18	84 20
18	84 1
18	84 2
18	84 3
18	84 4
18	84 5
18	84 6
18	84 7
18	84 8
18	84 9
18	84 10
18	84 11
18	84 12
18	83 12
18	85 12
18	79 31
18	84 13
18	84 14
18	84 15
18	84 16
18	84 17
18	84 18
18	84 19
18	84 20
18	84 1
18	84 2
18	84 3
18	84 4
18	84 5
18	84 6
18	84 7
18	84 8
18	84 9
18	84 10
18	84 11
18	84 12
18	84 13
18	84 14
18	84 15
18	84 16
18	84 17
18	84 18
18	84 19
18	84 20
18	84 1
18	84 2
18	84 3
18	84 4
18	84 5
18	84 6
18	84 7
18	84 8
18	83 8
18	85 8
18	79 28
18	84 9
18	84 10
18	84 11
18	84 12
18	84 13
18	84 14
18	84 15
18	84 16
18	84 17
18	84 18
18	84 19
18	84 20
18	84 1
18	84 2
18	84 3
18	84 4
18	84 5
18	84 6
18	84 7
18	84 8
18	83 8
18	85 8
18	79 13
18	84 9
18	84 10
18	84 11
18	84 12
18	84 13
18	84 14
18	84 15
18	84 16
18	83 16
18	85 16
18	79 31
18	84 17
18	84 18
18	84 19
18	84 20
18	84 1
18	84 2
18	84 3
18	84 4
18	84 5
18	84 6
18	84 7
18	84 8
18	84 9
18	84 10
18	84 11
18	84 12
18	83 12
18	85 12
18	79 32
18	84 13
18	84 14
18	84 15
18	84 16
18	84 17
18	84 18
18	84 19
18	84 20
18	83 20
18	85 20
18	79 17
18	84 1
18	84 2
18	83 2
18	85 2
18	79 33
18	84 3
18	84 4
18	84 5
18	84 6
18	84 7
18	84 8
18	84 9
18	84 10
18	TEST_NUMBER 5
18	SENT_TOTAL 250
18	RECEIVED_TOTAL 28
18	TIME_TOTAL 29256
18	RECEIVED_RADIO_1 19
18	RECEIVED_RADIO_2 10
18	SENT_RADIO_1 125
18	SENT_RADIO_2 125
18	RADIO_TIME_1 29781
18	RADIO_TIME_2 19763
18	RETRANSMISSIONS_1 0
18	RETRANSMISSIONS_2 0
18	DROPPED_1 0
18	DROPPED_2 0
18	MAX_QUEUE 1
18	DUPLICATED_1 0
18	DUPLICATED_2 0
18	EBUSY_RADIO_1 0
18	EBUSY_RADIO_2 0
18	83 0
18	85 10
18	86 5
18	84 1
18	84 2
18	83 2
18	85 2
18	79 14
18	84 3
18	84 4
18	83 4
18	85 4
18	79 25
18	84 5
18	84 6
18	83 6
18	85 6
18	79 16
18	84 7
18	84 8
18	83 8
18	85 8
18	79 30
18	84 9
18	84 10
18	83 10
18	85 10
18	79 13
18	84 11
18	84 12
18	83 12
18	85 12
18	79 30
18	84 13
18	84 14
18	83 14
18	85 14
18	79 10
18	84 15
18	84 16
18	84 17
18	84 18
18	83 18
18	85 18
18	79 16
18	84 19
18	84 20
18	83 20
18	85 20
18	79 30
18	84 1
18	84 2
18	83 2
18	85 2
18	79 16
18	84 3
18	84 4
18	84 5
18	84 6
18	83 6
18	85 6
18	79 11
18	84 7
18	84 8
18	84 9
18	84 10
18	83 10
18	85 10
18	79 17
18	84 11
18	84 12
18	83 12
18	85 12
18	79 30
18	84 13
18	84 14
18	83 14
18	85 14
18	79 19
18	84 15
18	84 16
18	83 16
18	85 16
18	79 29
18	84 17
18	84 18
18	83 18
18	85 18
18	79 15
18	84 19
18	84 20
18	84 1
18	84 2
18	83 2
18	85 2
18	79 16
18	84 3
18	84 4
18	83 4
18	85 4
18	79 30
18	84 5
18	84 6
18	83 6
18	85 6
18	79 17
18	84 7
18	84 8
18	83 8
18	85 8
18	79 31
18	84 9
18	84 10
18	83 10
18	85 10
18	79 14
18	84 11
18	84 12
18	83 12
18	85 12
18	79 25
18	84 13
18	84 14
18	83 14
18	85 14
18	79 12
18	84 15
18	84 16
18	83 16
18	85 16
18	79 30
18	84 17
18	84 18
18	83 18
18	85 18
18	79 14
18	84 19
18	84 20
18	83 20
18	85 20
18	79 29
18	84 1
18	84 2
18	83 2
18	85 2
18	79 11
18	84 3
18	84 4
18	83 4
18	85 4
18	79 26
18	84 5
18	84 6
18	83 6
18	85 6
18	79 15
18	84 7
18	84 8
18	83 8
18	85 8
18	79 26
18	84 9
18	84 10
18	83 10
18	85 10
18	79 11
18	84 11
18	84 12
18	83 12
18	85 12
18	79 28
18	84 13
18	84 14
18	83 14
18	85 14
18	79 13
18	84 15
18	84 16
18	83 16
18	85 16
18	79 27
18	84 17
18	84 18
18	83 18
18	85 18
18	79 16
18	84 19
18	84 20
18	83 20
18	85 20
18	79 28
18	84 1
18	84 2
18	83 2
18	85 2
18	79 16
18	84 3
18	84 4
18	83 4
18	85 4
18	79 34
18	84 5
18	84 6
18	83 6
18	85 6
18	79 14
18	84 7
18	84 8
18	83 8
18	85 8
18	79 28
18	84 9
18	84 10
18	83 10
18	85 10
18	79 13
18	84 11
18	84 12
18	84 13
18	84 14
18	83 14
18	85 14
18	79 10
18	84 15
18	84 16
18	83 16
18	85 16
18	79 26
18	84 17
18	84 18
18	83 18
18	85 18
18	79 15
18	84 19
18	84 20
18	84 1
18	84 2
18	83 2
18	85 2
18	79 18
18	84 3
18	84 4
18	83 4
18	85 4
18	79 32
18	84 5
18	84 6
18	83 6
18	85 6
18	79 12
18	84 7
18	84 8
18	83 8
18	85 8
18	79 34
18	84 9
18	84 10
18	83 10
18	85 10
18	79 15
18	84 11
18	84 12
18	83 12
18	85 12
18	79 31
18	84 13
18	84 14
18	83 14
18	85 14
18	79 15
18	84 15
18	84 16
18	83 16
18	85 16
18	79 25
18	84 17
18	84 18
18	83 18
18	85 18
18	79 14
18	84 19
18	84 20
18	83 20
18	85 20
18	79 26
18	84 1
18	84 2
18	83 2
18	85 2
18	79 18
18	84 3
18	84 4
18	84 5
18	84 6
18	83 6
18	85 6
18	79 19
18	84 7
18	84 8
18	83 8
18	85 8
18	79 27
18	84 9
18	84 10
18	83 10
18	85 10
18	79 17
18	84 11
18	84 12
18	83 12
18	85 12
18	79 30
18	84 13
18	84 14
18	83 14
18	85 14
18	79 14
18	84 15
18	84 16
18	83 16
18	85 16
18	79 31
18	84 17
18	84 18
18	83 18
18	85 18
18	79 16
18	84 19
18	84 20
18	83 20
18	85 20
18	79 34
18	84 1
18	84 2
18	83 2
18	85 2
18	79 14
18	84 3
18	84 4
18	83 4
18	85 4
18	79 27
18	84 5
18	84 6
18	83 6
18	85 6
18	79 12
18	84 7
18	84 8
18	83 8
18	85 8
18	79 26
18	84 9
18	84 10
18	83 10
18	85 10
18	79 18
18	84 11
18	84 12
18	83 12
18	85 12
18	79 29
18	84 13
18	84 14
18	83 14
18	85 14
18	79 15
18	84 15
18	84 16
18	83 16
18	85 16
18	79 28
18	84 17
18	84 18
18	83 18
18	85 18
18	79 16
18	84 19
18	84 20
18	83 20
18	85 20
18	79 28
18	84 1
18	84 2
18	83 2
18	85 2
18	79 13
18	84 3
18	84 4
18	83 4
18	85 4
18	79 27
18	84 5
18	84 6
18	83 6
18	85 6
18	79 13
18	84 7
18	84 8
18	83 8
18	85 8
18	79 23
18	84 9
18	84 10
18	83 10
18	85 10
18	79 15
18	84 11
18	84 12
18	83 12
18	85 12
18	79 27
18	84 13
18	84 14
18	83 14
18	85 14
18	79 11
18	84 15
18	84 16
18	83 16
18	85 16
18	79 30
18	84 17
18	84 18
18	83 18
18	85 18
18	79 14
18	84 19
18	84 20
18	84 1
18	84 2
18	83 2
18	85 2
18	79 18
18	84 3
18	84 4
18	84 5
18	84 6
18	83 6
18	85 6
18	79 16
18	84 7
18	84 8
18	83 8
18	85 8
18	79 29
18	84 9
18	84 10
18	83 10
18	85 10
18	79 14
18	84 11
18	84 12
18	84 13
18	84 14
18	83 14
18	85 14
18	79 18
18	84 15
18	84 16
18	83 16
18	85 16
18	79 29
18	84 17
18	84 18
18	83 18
18	85 18
18	79 14
18	84 19
18	84 20
18	83 20
18	85 20
18	79 29
18	84 1
18	84 2
18	83 2
18	85 2
18	79 15
18	84 3
18	84 4
18	83 4
18	85 4
18	79 30
18	84 5
18	84 6
18	83 6
18	85 6
18	79 12
18	84 7
18	84 8
18	83 8
18	85 8
18	79 26
18	84 9
18	84 10
18	83 10
18	85 10
18	79 17
18	84 11
18	84 12
18	84 13
18	84 14
18	83 14
18	85 14
18	79 11
18	84 15
18	84 16
18	83 16
18	85 16
18	79 27
18	84 17
18	84 18
18	83 18
18	85 18
18	79 15
18	84 19
18	84 20
18	83 20
18	85 20
18	79 26
18	84 1
18	84 2
18	83 2
18	85 2
18	79 16
18	84 3
18	84 4
18	84 5
18	84 6
18	83 6
18	85 6
18	79 17
18	84 7
18	84 8
18	84 9
18	84 10
18	83 10
18	85 10
18	79 10
18	84 11
18	84 12
18	83 12
18	85 12
18	79 30
18	84 13
18	84 14
18	83 14
18	85 14
18	79 15
18	84 15
18	84 16
18	84 17
18	84 18
18	83 18
18	85 18
18	79 15
18	84 19
18	84 20
18	83 20
18	85 20
18	79 25
18	84 1
18	84 2
18	83 2
18	85 2
18	79 16
18	84 3
18	84 4
18	83 4
18	85 4
18	79 28
18	84 5
18	84 6
18	83 6
18	85 6
18	79 15
18	84 7
18	84 8
18	83 8
18	85 8
18	79 29
18	84 9
18	84 10
18	TEST_NUMBER 6
18	SENT_TOTAL 250
18	RECEIVED_TOTAL 110
18	TIME_TOTAL 29723
18	RECEIVED_RADIO_1 49
18	RECEIVED_RADIO_2 62
18	SENT_RADIO_1 125
18	SENT_RADIO_2 125
18	RADIO_TIME_1 29774
18	RADIO_TIME_2 19763
18	RETRANSMISSIONS_1 0
18	RETRANSMISSIONS_2 0
18	DROPPED_1 0
18	DROPPED_2 0
18	MAX_QUEUE 1
18	DUPLICATED_1 0
18	DUPLICATED_2 0
18	EBUSY_RADIO_1 0
18	EBUSY_RADIO_2 0
18	83 0
18	85 10
18	86 6

20	RELAY_NODE 20
20	TEST_NUMBER 0
20	SENT_TOTAL 0
20	RECEIVED_TOTAL 0
20	TIME_TOTAL 0
20	RECEIVED_RADIO_1 125
20	RECEIVED_RADIO_2 56
20	SENT_RADIO_1 56
20	SENT_RADIO_2 125
20	RADIO_TIME_1 19861
20	RADIO_TIME_2 19861
20	RETRANSMISSIONS_1 0
20	RETRANSMISSIONS_2 0
20	DROPPED_1 0
20	DROPPED_2 0
20	MAX_QUEUE 1
20	DUPLICATED_1 0
20	DUPLICATED_2 0
20	EBUSY_RADIO_1 0
20	EBUSY_RADIO_2 0
20	TEST_NUMBER 1
20	SENT_TOTAL 0
20	RECEIVED_TOTAL 0
20	TIME_TOTAL 0
20	RECEIVED_RADIO_1 125
20	RECEIVED_RADIO_2 54
20	SENT_RADIO_1 54
20	SENT_RADIO_2 125
20	RADIO_TIME_1 19764
20	RADIO_TIME_2 19764
20	RETRANSMISSIONS_1 0
20	RETRANSMISSIONS_2 0
20	DROPPED_1 0
20	DROPPED_2 0
20	MAX_QUEUE 1
20	DUPLICATED_1 0
20	DUPLICATED_2 0
20	EBUSY_RADIO_1 0
20	EBUSY_RADIO_2 0
20	TEST_NUMBER 2
20	SENT_TOTAL 0
20	RECEIVED_TOTAL 0
20	TIME_TOTAL 0
20	RECEIVED_RADIO_1 125
20	RECEIVED_RADIO_2 56
20	SENT_RADIO_1 56
20	SENT_RADIO_2 125
20	RADIO_TIME_1 19858
20	RADIO_TIME_2 19858
20	RETRANSMISSIONS_1 0
20	RETRANSMISSIONS_2 0
20	DROPPED_1 0
20	DROPPED_2 0
20	MAX_QUEUE 1
20	DUPLICATED_1 0
20	DUPLICATED_2 0
20	EBUSY_RADIO_1 0
20	EBUSY_RADIO_2 0
20	TEST_NUMBER 3
20	SENT_TOTAL 0
20	RECEIVED_TOTAL 0
20	TIME_TOTAL 0
20	RECEIVED_RADIO_1 125
20	RECEIVED_RADIO_2 57
20	SENT_RADIO_1 57
20	SENT_RADIO_2 125
20	RADIO_TIME_1 19862
20	RADIO_TIME_2 19862
20	RETRANSMISSIONS_1 0
20	RETRANSMISSIONS_2 0
20	DROPPED_1 0
20	DROPPED_2 0
20	MAX_QUEUE 1
20	DUPLICATED_1 0
20	DUPLICATED_2 0
20	EBUSY_RADIO_1 0
20	EBUSY_RADIO_2 0
20	TEST_NUMBER 4
20	SENT_TOTAL 0
20	RECEIVED_TOTAL 0
20	TIME_TOTAL 0
20	RECEIVED_RADIO_1 125
20	RECEIVED_RADIO_2 47
20	SENT_RADIO_1 47
20	SENT_RADIO_2 125
20	RADIO_TIME_1 19851
20	RADIO_TIME_2 19850
20	RETRANSMISSIONS_1 0
20	RETRANSMISSIONS_2 0
20	DROPPED_1 0
20	DROPPED_2 0
20	MAX_QUEUE 1
20	DUPLICATED_1 0
20	DUPLICATED_2 0
20	EBUSY_RADIO_1 0
20	EBUSY_RADIO_2 0
20	TEST_NUMBER 5
20	SENT_TOTAL 0
20	RECEIVED_TOTAL 0
20	TIME_TOTAL 0
20	RECEIVED_RADIO_1 125
20	RECEIVED_RADIO_2 24
20	SENT_RADIO_1 24
20	SENT_RADIO_2 125
20	RADIO_TIME_1 19858
20	RADIO_TIME_2 19858
20	RETRANSMISSIONS_1 0
20	RETRANSMISSIONS_2 0
20	DROPPED_1 0
20	DROPPED_2 0
20	MAX_QUEUE 1
20	DUPLICATED_1 0
20	DUPLICATED_2 0
20	EBUSY_RADIO_1 0
20	EBUSY_RADIO_2 0
20	TEST_NUMBER 6
20	SENT_TOTAL 0
20	RECEIVED_TOTAL 0
20	TIME_TOTAL 0
20	RECEIVED_RADIO_1 125
20	RECEIVED_RADIO_2 58
20	SENT_RADIO_1 58
20	SENT_RADIO_2 125
20	RADIO_TIME_1 19765
20	RADIO_TIME_2 19765
20	RETRANSMISSIONS_1 0
20	RETRANSMISSIONS_2 0
20	DROPPED_1 0
20	DROPPED_2 0
20	MAX_QUEUE 1
20	DUPLICATED_1 0
20	DUPLICATED_2 0
20	EBUSY_RADIO_1 0
20	EBUSY_RADIO_2 0

22	DESTINATION_NODE 22
22	TEST_NUMBER 0
22	SENT_TOTAL 114
22	RECEIVED_TOTAL 114
22	TIME_TOTAL 19605
22	RECEIVED_RADIO_1 0
22	RECEIVED_RADIO_2 114
22	SENT_RADIO_1 57
22	SENT_RADIO_2 57
22	RADIO_TIME_1 19446
22	RADIO_TIME_2 19605
22	RETRANSMISSIONS_1 0
22	RETRANSMISSIONS_2 0
22	DROPPED_1 0
22	DROPPED_2 0
22	MAX_QUEUE 1
22	DUPLICATED_1 0
22	DUPLICATED_2 0
22	EBUSY_RADIO_1 0
22	EBUSY_RADIO_2 0
22	86 0
22	TEST_NUMBER 1
22	SENT_TOTAL 125
22	RECEIVED_TOTAL 124
22	TIME_TOTAL 29725
22	RECEIVED_RADIO_1 0
22	RECEIVED_RADIO_2 125
22	SENT_RADIO_1 63
22	SENT_RADIO_2 62
22	RADIO_TIME_1 29725
22	RADIO_TIME_2 29725
22	RETRANSMISSIONS_1 0
22	RETRANSMISSIONS_2 0
22	DROPPED_1 0
22	DROPPED_2 0
22	MAX_QUEUE 1
22	DUPLICATED_1 0
22	DUPLICATED_2 0
22	EBUSY_RADIO_1 0
22	EBUSY_RADIO_2 0
22	86 1
22	TEST_NUMBER 2
22	SENT_TOTAL 125
22	RECEIVED_TOTAL 124
22	TIME_TOTAL 29721
22	RECEIVED_RADIO_1 0
22	RECEIVED_RADIO_2 125
22	SENT_RADIO_1 62
22	SENT_RADIO_2 63
22	RADIO_TIME_1 19445
22	RADIO_TIME_2 29721
22	RETRANSMISSIONS_1 0
22	RETRANSMISSIONS_2 0
22	DROPPED_1 0
22	DROPPED_2 0
22	MAX_QUEUE 1
22	DUPLICATED_1 0
22	DUPLICATED_2 0
22	EBUSY_RADIO_1 0
22	EBUSY_RADIO_2 0
22	86 2
22	TEST_NUMBER 3
22	SENT_TOTAL 124
22	RECEIVED_TOTAL 123
22	TIME_TOTAL 29724
22	RECEIVED_RADIO_1 0
22	RECEIVED_RADIO_2 124
22	SENT_RADIO_1 62
22	SENT_RADIO_2 62
22	RADIO_TIME_1 29565
22	RADIO_TIME_2 29724
22	RETRANSMISSIONS_1 0
22	RETRANSMISSIONS_2 0
22	DROPPED_1 0
22	DROPPED_2 0
22	MAX_QUEUE 1
22	DUPLICATED_1 0
22	DUPLICATED_2 0
22	EBUSY_RADIO_1 0
22	EBUSY_RADIO_2 0
22	86 3
22	TEST_NUMBER 4
22	SENT_TOTAL 124
22	RECEIVED_TOTAL 123
22	TIME_TOTAL 29720
22	RECEIVED_RADIO_1 0
22	RECEIVED_RADIO_2 124
22	SENT_RADIO_1 62
22	SENT_RADIO_2 62
22	RADIO_TIME_1 29561
22	RADIO_TIME_2 29720
22	RETRANSMISSIONS_1 0
22	RETRANSMISSIONS_2 0
22	DROPPED_1 0
22	DROPPED_2 0
22	MAX_QUEUE 1
22	DUPLICATED_1 0
22	DUPLICATED_2 0
22	EBUSY_RADIO_1 0
22	EBUSY_RADIO_2 0
22	86 4
22	TEST_NUMBER 5
22	SENT_TOTAL 50
22	RECEIVED_TOTAL 49
22	TIME_TOTAL 29405
22	RECEIVED_RADIO_1 0
22	RECEIVED_RADIO_2 50
22	SENT_RADIO_1 25
22	SENT_RADIO_2 25
22	RADIO_TIME_1 29248
22	RADIO_TIME_2 29405
22	RETRANSMISSIONS_1 0
22	RETRANSMISSIONS_2 0
22	DROPPED_1 0
22	DROPPED_2 0
22	MAX_QUEUE 1
22	DUPLICATED_1 0
22	DUPLICATED_2 0
22	EBUSY_RADIO_1 0
22	EBUSY_RADIO_2 0
22	86 5
22	TEST_NUMBER 6
22	SENT_TOTAL 125
22	RECEIVED_TOTAL 124
22	TIME_TOTAL 29722
22	RECEIVED_RADIO_1 0
22	RECEIVED_RADIO_2 125
22	SENT_RADIO_1 63
22	SENT_RADIO_2 62
22	RADIO_TIME_1 29722
22	RADIO_TIME_2 29722
22	RETRANSMISSIONS_1 0
22	RETRANSMISSIONS_2 0
22	DROPPED_1 0
22	DROPPED_2 0
22	MAX_QUEUE 1
22	DUPLICATED_1 0
22	DUPLICATED_2 0
22	EBUSY_RADIO_1 0
22	EBUSY_RADIO_2 0
22	86 6

23	RELAY_NODE 23
23	TEST_NUMBER 0
23	SENT_TOTAL 0
23	RECEIVED_TOTAL 0
23	TIME_TOTAL 0
23	RECEIVED_RADIO_1 56
23	RECEIVED_RADIO_2 121
23	SENT_RADIO_1 121
23	SENT_RADIO_2 56
23	RADIO_TIME_1 19847
23	RADIO_TIME_2 19847
23	RETRANSMISSIONS_1 0
23	RETRANSMISSIONS_2 0
23	DROPPED_1 0
23	DROPPED_2 0
23	MAX_QUEUE 1
23	DUPLICATED_1 0
23	DUPLICATED_2 0
23	EBUSY_RADIO_1 0
23	EBUSY_RADIO_2 0
23	TEST_NUMBER 1
23	SENT_TOTAL 0
23	RECEIVED_TOTAL 0
23	TIME_TOTAL 0
23	RECEIVED_RADIO_1 56
23	RECEIVED_RADIO_2 116
23	SENT_RADIO_1 116
23	SENT_RADIO_2 56
23	RADIO_TIME_1 19607
23	RADIO_TIME_2 19607
23	RETRANSMISSIONS_1 0
23	RETRANSMISSIONS_2 0
23	DROPPED_1 0
23	DROPPED_2 0
23	MAX_QUEUE 1
23	DUPLICATED_1 0
23	DUPLICATED_2 0
23	EBUSY_RADIO_1 0
23	EBUSY_RADIO_2 0
23	TEST_NUMBER 2
23	SENT_TOTAL 0
23	RECEIVED_TOTAL 0
23	TIME_TOTAL 0
23	RECEIVED_RADIO_1 56
23	RECEIVED_RADIO_2 123
23	SENT_RADIO_1 123
23	SENT_RADIO_2 56
23	RADIO_TIME_1 19844
23	RADIO_TIME_2 19844
23	RETRANSMISSIONS_1 0
23	RETRANSMISSIONS_2 0
23	DROPPED_1 0
23	DROPPED_2 0
23	MAX_QUEUE 1
23	DUPLICATED_1 0
23	DUPLICATED_2 0
23	EBUSY_RADIO_1 0
23	EBUSY_RADIO_2 0
23	TEST_NUMBER 3
23	SENT_TOTAL 0
23	RECEIVED_TOTAL 0
23	TIME_TOTAL 0
23	RECEIVED_RADIO_1 57
23	RECEIVED_RADIO_2 123
23	SENT_RADIO_1 123
23	SENT_RADIO_2 57
23	RADIO_TIME_1 19849
23	RADIO_TIME_2 19849
23	RETRANSMISSIONS_1 0
23	RETRANSMISSIONS_2 0
23	DROPPED_1 0
23	DROPPED_2 0
23	MAX_QUEUE 1
23	DUPLICATED_1 0
23	DUPLICATED_2 0
23	EBUSY_RADIO_1 0
23	EBUSY_RADIO_2 0
23	TEST_NUMBER 4
23	SENT_TOTAL 0
23	RECEIVED_TOTAL 0
23	TIME_TOTAL 0
23	RECEIVED_RADIO_1 47
23	RECEIVED_RADIO_2 124
23	SENT_RADIO_1 124
23	SENT_RADIO_2 47
23	RADIO_TIME_1 19835
23	RADIO_TIME_2 19835
23	RETRANSMISSIONS_1 0
23	RETRANSMISSIONS_2 0
23	DROPPED_1 0
23	DROPPED_2 0
23	MAX_QUEUE 1
23	DUPLICATED_1 0
23	DUPLICATED_2 0
23	EBUSY_RADIO_1 0
23	EBUSY_RADIO_2 0
23	TEST_NUMBER 5
23	SENT_TOTAL 0
23	RECEIVED_TOTAL 0
23	TIME_TOTAL 0
23	RECEIVED_RADIO_1 24
23	RECEIVED_RADIO_2 123
23	SENT_RADIO_1 123
23	SENT_RADIO_2 24
23	RADIO_TIME_1 19845
23	RADIO_TIME_2 19845
23	RETRANSMISSIONS_1 0
23	RETRANSMISSIONS_2 0
23	DROPPED_1 0
23	DROPPED_2 0
23	MAX_QUEUE 1
23	DUPLICATED_1 0
23	DUPLICATED_2 0
23	EBUSY_RADIO_1 0
23	EBUSY_RADIO_2 0
23	TEST_NUMBER 6
23	SENT_TOTAL 0
23	RECEIVED_TOTAL 0
23	TIME_TOTAL 0
23	RECEIVED_RADIO_1 58
23	RECEIVED_RADIO_2 122
23	SENT_RADIO_1 122
23	SENT_RADIO_2 58
23	RADIO_TIME_1 19765
23	RADIO_TIME_2 19765
23	RETRANSMISSIONS_1 0
23	RETRANSMISSIONS_2 0
23	DROPPED_1 0
23	DROPPED_2 0
23	MAX_QUEUE 1
23	DUPLICATED_1 0
23	DUPLICATED_2 0
23	EBUSY_RADIO_1 0
23	EBUSY_RADIO_2 0
