
31	RELAY_NODE 31
31	TEST_NUMBER 0
31	SENT_TOTAL 0
31	RECEIVED_TOTAL 0
31	TIME_TOTAL 0
31	RECEIVED_RADIO_1 127
31	RECEIVED_RADIO_2 126
31	SENT_RADIO_1 126
31	SENT_RADIO_2 127
31	RADIO_TIME_1 19897
31	RADIO_TIME_2 19896
31	RETRANSMISSIONS_1 0
31	RETRANSMISSIONS_2 0
31	DROPPED_1 0
31	DROPPED_2 0
31	MAX_QUEUE 1
31	DUPLICATED_1 0
31	DUPLICATED_2 1
31	EBUSY_RADIO_1 0
31	EBUSY_RADIO_2 0
31	TEST_NUMBER 1
31	SENT_TOTAL 0
31	RECEIVED_TOTAL 0
31	TIME_TOTAL 0
31	RECEIVED_RADIO_1 127
31	RECEIVED_RADIO_2 127
31	SENT_RADIO_1 127
31	SENT_RADIO_2 127
31	RADIO_TIME_1 19870
31	RADIO_TIME_2 19870
31	RETRANSMISSIONS_1 2
31	RETRANSMISSIONS_2 1
31	DROPPED_1 0
31	DROPPED_2 0
31	MAX_QUEUE 1
31	DUPLICATED_1 0
31	DUPLICATED_2 0
31	EBUSY_RADIO_1 0
31	EBUSY_RADIO_2 0
31	TEST_NUMBER 2
31	SENT_TOTAL 0
31	RECEIVED_TOTAL 0
31	TIME_TOTAL 0
31	RECEIVED_RADIO_1 126
31	RECEIVED_RADIO_2 125
31	SENT_RADIO_1 125
31	SENT_RADIO_2 126
31	RADIO_TIME_1 19767
31	RADIO_TIME_2 19767
31	RETRANSMISSIONS_1 3
31	RETRANSMISSIONS_2 0
31	DROPPED_1 0
31	DROPPED_2 0
31	MAX_QUEUE 1
31	DUPLICATED_1 0
31	DUPLICATED_2 3
31	EBUSY_RADIO_1 0
31	EBUSY_RADIO_2 0
31	TEST_NUMBER 3
31	SENT_TOTAL 0
31	RECEIVED_TOTAL 0
31	TIME_TOTAL 0
31	RECEIVED_RADIO_1 128
31	RECEIVED_RADIO_2 125
31	SENT_RADIO_1 125
31	SENT_RADIO_2 128
31	RADIO_TIME_1 19893
31	RADIO_TIME_2 19893
31	RETRANSMISSIONS_1 4
31	RETRANSMISSIONS_2 0
31	DROPPED_1 0
31	DROPPED_2 0
31	MAX_QUEUE 1
31	DUPLICATED_1 0
31	DUPLICATED_2 0
31	EBUSY_RADIO_1 0
31	EBUSY_RADIO_2 0
31	TEST_NUMBER 4
31	SENT_TOTAL 0
31	RECEIVED_TOTAL 0
31	TIME_TOTAL 0
31	RECEIVED_RADIO_1 126
31	RECEIVED_RADIO_2 125
31	SENT_RADIO_1 125
31	SENT_RADIO_2 126
31	RADIO_TIME_1 19762
31	RADIO_TIME_2 19762
31	RETRANSMISSIONS_1 1
31	RETRANSMISSIONS_2 1
31	DROPPED_1 0
31	DROPPED_2 0
31	MAX_QUEUE 1
31	DUPLICATED_1 0
31	DUPLICATED_2 1
31	EBUSY_RADIO_1 0
31	EBUSY_RADIO_2 0
31	TEST_NUMBER 5
31	SENT_TOTAL 0
31	RECEIVED_TOTAL 0
31	TIME_TOTAL 0
31	RECEIVED_RADIO_1 126
31	RECEIVED_RADIO_2 129
31	SENT_RADIO_1 129
31	SENT_RADIO_2 126
31	RADIO_TIME_1 19840
31	RADIO_TIME_2 19840
31	RETRANSMISSIONS_1 4
31	RETRANSMISSIONS_2 0
31	DROPPED_1 0
31	DROPPED_2 0
31	MAX_QUEUE 1
31	DUPLICATED_1 0
31	DUPLICATED_2 0
31	EBUSY_RADIO_1 0
31	EBUSY_RADIO_2 0
31	TEST_NUMBER 6
31	SENT_TOTAL 0
31	RECEIVED_TOTAL 0
31	TIME_TOTAL 0
31	RECEIVED_RADIO_1 129
31	RECEIVED_RADIO_2 126
31	SENT_RADIO_1 126
31	SENT_RADIO_2 129
31	RADIO_TIME_1 19840
31	RADIO_TIME_2 19840
31	RETRANSMISSIONS_1 1
31	RETRANSMISSIONS_2 0
31	DROPPED_1 0
31	DROPPED_2 0
31	MAX_QUEUE 1
31	DUPLICATED_1 0
31	DUPLICATED_2 3
31	EBUSY_RADIO_1 0
31	EBUSY_RADIO_2 0

35	SOURCE_NODE 35
35	84 1
35	84 2
35	83 2
35	85 2
35	79 39
35	84 3
35	84 4
35	84 5
35	83 5
35	85 5
35	79 61
35	84 6
35	84 7
35	84 8
35	84 9
35	83 9
35	85 6
35	79 297
35	84 10
35	83 10
35	85 9
35	79 127
35	83 10
35	85 10
35	79 62
35	84 11
35	84 12
35	84 13
35	83 13
35	85 11
35	79 221
35	84 14
35	84 15
35	83 15
35	85 15
35	79 53
35	84 16
35	84 17
35	83 17
35	85 14
35	79 289
35	83 17
35	85 17
35	79 62
35	84 18
35	84 19
35	83 19
35	85 19
35	79 58
35	84 20
35	84 1
35	84 2
35	84 3
35	84 4
35	83 4
35	85 1
35	79 291
35	83 4
35	85 4
35	79 62
35	84 5
35	83 5
35	85 5
35	79 50
35	84 6
35	84 7
35	84 8
35	83 8
35	85 8
35	79 67
35	84 9
35	83 9
35	85 9
35	79 51
35	84 10
35	84 11
35	84 12
35	83 12
35	85 12
35	79 61
35	84 13
35	83 13
35	85 13
35	79 51
35	84 14
35	84 15
35	84 16
35	83 16
35	85 16
35	79 62
35	84 17
35	83 17
35	85 17
35	79 51
35	84 18
35	84 19
35	84 20
35	83 20
35	85 20
35	79 52
35	84 1
35	83 1
35	85 1
35	79 67
35	84 2
35	84 3
35	83 3
35	85 3
35	79 70
35	84 4
35	83 4
35	85 4
35	79 56
35	84 5
35	84 6
35	84 7
35	83 7
35	85 7
35	79 58
35	84 8
35	83 8
35	85 8
35	79 50
35	84 9
35	84 10
35	84 11
35	84 12
35	83 12
35	85 11
35	79 132
35	83 12
35	85 12
35	79 60
35	84 13
35	84 14
35	84 15
35	83 15
35	85 15
35	79 53
35	84 16
35	84 17
35	84 18
35	84 19
35	83 19
35	85 16
35	79 299
35	83 19
35	85 19
35	79 76
35	84 20
35	83 20
35	85 20
35	79 58
35	84 1
35	84 2
35	84 3
35	84 4
35	83 4
35	85 3
35	79 132
35	83 4
35	85 4
35	79 58
35	84 5
35	84 6
35	84 7
35	83 7
35	85 7
35	79 60
35	84 8
35	83 8
35	85 8
35	79 56
35	84 9
35	84 10
35	84 11
35	83 11
35	85 11
35	79 59
35	84 12
35	83 12
35	85 12
35	79 51
35	84 13
35	84 14
35	84 15
35	84 16
35	83 16
35	85 15
35	79 133
35	83 16
35	85 16
35	79 61
35	84 17
35	84 18
35	84 19
35	84 20
35	83 20
35	85 19
35	79 138
35	83 20
35	85 20
35	79 67
35	84 1
35	84 2
35	84 3
35	83 3
35	85 3
35	79 53
35	84 4
35	83 4
35	85 4
35	79 47
35	84 5
35	84 6
35	84 7
35	83 7
35	85 7
35	79 56
35	84 8
35	83 8
35	85 8
35	79 50
35	84 9
35	84 10
35	84 11
35	83 11
35	85 11
35	79 52
35	84 12
35	83 12
35	85 12
35	79 54
35	84 13
35	84 14
35	84 15
35	83 15
35	85 15
35	79 58
35	84 16
35	83 16
35	85 16
35	79 55
35	84 17
35	84 18
35	84 19
35	83 19
35	85 19
35	79 54
35	84 20
35	83 20
35	85 20
35	79 53
35	84 1
35	84 2
35	84 3
35	84 4
35	83 4
35	85 3
35	79 127
35	83 4
35	85 4
35	79 54
35	84 5
35	84 6
35	84 7
35	84 8
35	83 8
35	85 7
35	79 136
35	83 8
35	85 8
35	79 64
35	84 9
35	84 10
35	84 11
35	83 11
35	85 11
35	79 60
35	84 12
35	83 12
35	85 12
35	79 55
35	84 13
35	84 14
35	84 15
35	83 15
35	85 15
35	79 57
35	84 16
35	83 16
35	85 16
35	79 56
35	84 17
35	84 18
35	84 19
35	83 19
35	85 19
35	79 51
35	84 20
35	83 20
35	85 20
35	79 62
35	84 1
35	84 2
35	84 3
35	83 3
35	85 3
35	79 64
35	84 4
35	83 4
35	85 4
35	79 71
35	84 5
35	84 6
35	84 7
35	83 7
35	85 7
35	79 66
35	84 8
35	83 8
35	85 8
35	79 58
35	84 9
35	84 10
35	84 11
35	83 11
35	85 11
35	79 59
35	84 12
35	83 12
35	85 12
35	79 47
35	84 13
35	84 14
35	84 15
35	83 15
35	85 15
35	79 55
35	84 16
35	83 16
35	85 16
35	79 52
35	84 17
35	84 18
35	84 19
35	83 19
35	85 19
35	79 58
35	84 20
35	83 20
35	85 20
35	79 52
35	84 1
35	84 2
35	84 3
35	83 3
35	85 3
35	79 58
35	84 4
35	83 4
35	85 4
35	79 58
35	84 5
35	84 6
35	84 7
35	83 7
35	85 7
35	79 59
35	84 8
35	83 8
35	85 8
35	79 50
35	84 9
35	84 10
35	84 11
35	83 11
35	85 11
35	79 62
35	84 12
35	83 12
35	85 12
35	79 55
35	84 13
35	84 14
35	84 15
35	83 15
35	85 14
35	79 159
35	84 16
35	84 17
35	83 17
35	85 15
35	79 210
35	84 18
35	83 18
35	85 16
35	79 179
35	83 18
35	85 17
35	79 114
35	83 18
35	85 18
35	79 61
35	84 19
35	83 19
35	85 19
35	79 60
35	84 20
35	83 20
35	85 20
35	79 61
35	84 1
35	83 1
35	85 1
35	79 52
35	84 2
35	83 2
35	85 2
35	79 53
35	84 3
35	83 3
35	85 3
35	79 58
35	84 4
35	83 4
35	85 4
35	79 52
35	84 5
35	83 5
35	85 5
35	79 51
35	84 6
35	83 6
35	85 6
35	79 54
35	84 7
35	83 7
35	85 7
35	79 55
35	84 8
35	83 8
35	85 8
35	79 51
35	84 9
35	83 9
35	85 9
35	79 52
35	84 10
35	83 10
35	85 10
35	79 61
35	84 11
35	83 11
35	85 11
35	79 56
35	84 12
35	83 12
35	85 12
35	79 53
35	84 13
35	84 14
35	83 14
35	85 14
35	79 57
35	84 15
35	83 15
35	85 15
35	79 58
35	84 16
35	83 16
35	85 13
35	79 294
35	83 16
35	85 16
35	79 63
35	84 17
35	84 18
35	83 18
35	85 18
35	79 52
35	84 19
35	83 19
35	85 17
35	79 213
35	83 19
35	85 19
35	79 59
35	84 20
35	83 20
35	85 20
35	79 56
35	84 1
35	83 1
35	85 1
35	79 54
35	84 2
35	83 2
35	85 2
35	79 52
35	84 3
35	83 3
35	85 3
35	79 57
35	84 4
35	83 4
35	85 4
35	79 56
35	84 5
35	83 5
35	85 5
35	79 56
35	84 6
35	83 6
35	85 6
35	79 55
35	84 7
35	83 7
35	85 7
35	79 55
35	84 8
35	83 8
35	85 8
35	79 55
35	84 9
35	83 9
35	85 9
35	79 53
35	84 10
35	83 10
35	85 10
35	79 55
35	84 11
35	83 11
35	85 11
35	79 59
35	84 12
35	83 12
35	85 12
35	79 46
35	84 13
35	83 13
35	85 13
35	79 58
35	84 14
35	83 14
35	85 14
35	79 57
35	84 15
35	83 15
35	85 15
35	79 53
35	84 16
35	83 16
35	85 16
35	79 55
35	84 17
35	83 17
35	85 17
35	79 58
35	84 18
35	83 18
35	85 18
35	79 52
35	84 19
35	83 19
35	85 19
35	79 53
35	84 20
35	83 20
35	85 20
35	79 53
35	84 1
35	83 1
35	85 1
35	79 52
35	84 2
35	83 2
35	85 2
35	79 48
35	84 3
35	83 3
35	85 3
35	79 56
35	84 4
35	83 4
35	85 4
35	79 52
35	84 5
35	83 5
35	85 5
35	79 52
35	84 6
35	83 6
35	85 6
35	79 54
35	84 7
35	83 7
35	85 7
35	79 51
35	84 8
35	83 8
35	85 8
35	79 52
35	84 9
35	83 9
35	85 9
35	79 50
35	84 10
35	83 10
35	85 10
35	79 55
35	84 11
35	83 11
35	85 11
35	79 56
35	84 12
35	83 12
35	85 12
35	79 52
35	84 13
35	83 13
35	85 13
35	79 50
35	84 14
35	83 14
35	85 14
35	79 55
35	84 15
35	83 15
35	85 15
35	79 59
35	84 16
35	83 16
35	85 16
35	79 54
35	84 17
35	83 17
35	85 17
35	79 55
35	84 18
35	83 18
35	85 18
35	79 52
35	84 19
35	83 19
35	85 19
35	79 47
35	84 20
35	83 20
35	85 20
35	79 52
35	84 1
35	83 1
35	85 1
35	79 61
35	84 2
35	83 2
35	85 2
35	79 58
35	84 3
35	83 3
35	85 3
35	79 50
35	84 4
35	84 5
35	83 5
35	85 5
35	79 57
35	84 6
35	83 6
35	85 4
35	79 214
35	83 6
35	85 6
35	79 69
35	84 7
35	83 7
35	85 7
35	79 66
35	84 8
35	83 8
35	85 8
35	79 53
35	84 9
35	83 9
35	85 9
35	79 53
35	84 10
35	83 10
35	85 10
35	79 46
35	84 11
35	83 11
35	85 11
35	79 54
35	84 12
35	83 12
35	85 12
35	79 54
35	84 13
35	83 13
35	85 13
35	79 48
35	84 14
35	83 14
35	85 14
35	79 53
35	84 15
35	83 15
35	85 15
35	79 56
35	84 16
35	83 16
35	85 16
35	79 50
35	84 17
35	83 17
35	85 17
35	79 44
35	84 18
35	83 18
35	85 18
35	79 55
35	84 19
35	83 19
35	85 19
35	79 51
35	84 20
35	83 20
35	85 20
35	79 51
35	84 1
35	83 1
35	85 1
35	79 54
35	84 2
35	83 2
35	85 2
35	79 63
35	84 3
35	83 3
35	85 3
35	79 53
35	84 4
35	83 4
35	85 4
35	79 53
35	84 5
35	83 5
35	85 5
35	79 56
35	84 6
35	83 6
35	85 6
35	79 58
35	84 7
35	84 8
35	83 8
35	85 8
35	79 50
35	84 9
35	84 10
35	TEST_NUMBER 0
35	SENT_TOTAL 250
35	RECEIVED_TOTAL 171
35	TIME_TOTAL 19615
35	RECEIVED_RADIO_1 124
35	RECEIVED_RADIO_2 47
35	SENT_RADIO_1 126
35	SENT_RADIO_2 122
35	RADIO_TIME_1 19843
35	RADIO_TIME_2 19683
35	RETRANSMISSIONS_1 0
35	RETRANSMISSIONS_2 4
35	DROPPED_1 0
35	DROPPED_2 0
35	MAX_QUEUE 1
35	DUPLICATED_1 0
35	DUPLICATED_2 1
35	EBUSY_RADIO_1 0
35	EBUSY_RADIO_2 0
35	83 0
35	85 7
35	86 0
35	83 0
35	85 10
35	86 0
35	84 1
35	83 1
35	85 1
35	79 66
35	83 1
35	85 9
35	86 0
35	84 2
35	83 2
35	85 2
35	79 55
35	84 3
35	84 4
35	83 4
35	85 4
35	79 52
35	84 5
35	83 5
35	85 3
35	79 220
35	83 5
35	85 5
35	79 69
35	84 6
35	83 6
35	85 6
35	79 50
35	84 7
35	83 7
35	85 7
35	79 55
35	84 8
35	83 8
35	85 8
35	79 55
35	84 9
35	83 9
35	85 9
35	79 52
35	84 10
35	83 10
35	85 10
35	79 48
35	84 11
35	84 12
35	83 12
35	85 12
35	79 45
35	84 13
35	83 13
35	85 11
35	79 218
35	83 13
35	85 13
35	79 69
35	84 14
35	83 14
35	85 14
35	79 60
35	84 15
35	83 15
35	85 15
35	79 53
35	84 16
35	83 16
35	85 16
35	79 54
35	84 17
35	83 17
35	85 17
35	79 50
35	84 18
35	83 18
35	85 18
35	79 50
35	84 19
35	83 19
35	85 19
35	79 49
35	84 20
35	83 20
35	85 20
35	79 49
35	84 1
35	84 2
35	83 2
35	85 2
35	79 57
35	84 3
35	83 3
35	85 1
35	79 222
35	83 3
35	85 3
35	79 63
35	84 4
35	83 4
35	85 4
35	79 53
35	84 5
35	83 5
35	85 5
35	79 58
35	84 6
35	83 6
35	85 6
35	79 53
35	84 7
35	83 7
35	85 7
35	79 56
35	84 8
35	83 8
35	85 8
35	79 54
35	84 9
35	83 9
35	85 9
35	79 49
35	84 10
35	83 10
35	85 10
35	79 52
35	84 11
35	83 11
35	85 11
35	79 55
35	84 12
35	83 12
35	85 12
35	79 52
35	84 13
35	84 14
35	83 14
35	85 14
35	79 55
35	84 15
35	83 15
35	85 13
35	79 222
35	84 16
35	83 16
35	85 15
35	79 81
35	83 16
35	85 16
35	79 53
35	84 17
35	83 17
35	85 17
35	79 53
35	84 18
35	83 18
35	85 18
35	79 60
35	84 19
35	83 19
35	85 19
35	79 52
35	84 20
35	83 20
35	85 20
35	79 54
35	84 1
35	83 1
35	85 1
35	79 53
35	84 2
35	83 2
35	85 2
35	79 52
35	84 3
35	83 3
35	85 3
35	79 53
35	84 4
35	83 4
35	85 4
35	79 47
35	84 5
35	83 5
35	85 5
35	79 56
35	84 6
35	83 6
35	85 6
35	79 60
35	84 7
35	83 7
35	85 7
35	79 59
35	84 8
35	83 8
35	85 8
35	79 52
35	84 9
35	83 9
35	85 9
35	79 53
35	84 10
35	83 10
35	85 10
35	79 49
35	84 11
35	83 11
35	85 11
35	79 50
35	84 12
35	83 12
35	85 12
35	79 57
35	84 13
35	83 13
35	85 13
35	79 53
35	84 14
35	83 14
35	85 14
35	79 50
35	84 15
35	83 15
35	85 15
35	79 60
35	84 16
35	83 16
35	85 16
35	79 58
35	84 17
35	83 17
35	85 17
35	79 52
35	84 18
35	83 18
35	85 18
35	79 46
35	84 19
35	83 19
35	85 19
35	79 56
35	84 20
35	83 20
35	85 20
35	79 52
35	84 1
35	83 1
35	85 1
35	79 61
35	84 2
35	83 2
35	85 2
35	79 58
35	84 3
35	83 3
35	85 3
35	79 57
35	84 4
35	83 4
35	85 4
35	79 54
35	84 5
35	83 5
35	85 5
35	79 54
35	84 6
35	83 6
35	85 6
35	79 60
35	84 7
35	84 8
35	83 8
35	85 8
35	79 59
35	84 9
35	83 9
35	85 9
35	79 59
35	84 10
35	83 10
35	85 7
35	79 289
35	83 10
35	85 10
35	79 57
35	84 11
35	83 11
35	85 11
35	79 57
35	84 12
35	83 12
35	85 12
35	79 53
35	84 13
35	83 13
35	85 13
35	79 49
35	84 14
35	83 14
35	85 14
35	79 49
35	84 15
35	83 15
35	85 15
35	79 55
35	84 16
35	84 17
35	83 17
35	85 17
35	79 54
35	84 18
35	84 19
35	83 19
35	85 16
35	79 295
35	83 19
35	85 19
35	79 70
35	84 20
35	83 20
35	85 18
35	79 234
35	84 1
35	83 1
35	85 20
35	79 84
35	83 1
35	85 1
35	79 57
35	84 2
35	83 2
35	85 2
35	79 48
35	84 3
35	83 3
35	85 3
35	79 56
35	84 4
35	84 5
35	83 5
35	85 5
35	79 63
35	84 6
35	83 6
35	85 4
35	79 213
35	83 6
35	85 6
35	79 61
35	84 7
35	83 7
35	85 7
35	79 57
35	84 8
35	84 9
35	83 9
35	85 9
35	79 50
35	84 10
35	83 10
35	85 8
35	79 209
35	83 10
35	85 10
35	79 61
35	84 11
35	83 11
35	85 11
35	79 50
35	84 12
35	84 13
35	83 13
35	85 13
35	79 59
35	84 14
35	83 14
35	85 12
35	79 213
35	83 14
35	85 14
35	79 59
35	84 15
35	83 15
35	85 15
35	79 57
35	84 16
35	83 16
35	85 16
35	79 55
35	84 17
35	83 17
35	85 17
35	79 53
35	84 18
35	84 19
35	84 20
35	83 20
35	85 20
35	79 52
35	84 1
35	83 1
35	85 18
35	79 303
35	83 1
35	85 19
35	79 233
35	84 2
35	83 2
35	85 1
35	79 93
35	84 3
35	83 3
35	85 3
35	79 60
35	84 4
35	83 4
35	85 2
35	79 216
35	84 5
35	83 5
35	85 5
35	79 50
35	84 6
35	83 6
35	85 4
35	79 213
35	84 7
35	83 7
35	85 7
35	79 45
35	84 8
35	83 8
35	85 6
35	79 215
35	84 9
35	83 9
35	85 9
35	79 53
35	84 10
35	83 10
35	85 8
35	79 211
35	83 10
35	85 10
35	79 60
35	84 11
35	83 11
35	85 11
35	79 53
35	84 12
35	84 13
35	83 13
35	85 13
35	79 46
35	84 14
35	83 14
35	85 12
35	79 214
35	84 15
35	84 16
35	83 16
35	85 16
35	79 50
35	84 17
35	83 17
35	85 14
35	79 288
35	83 17
35	85 17
35	79 65
35	83 17
35	85 15
35	79 229
35	84 18
35	83 18
35	85 18
35	79 54
35	84 19
35	83 19
35	85 19
35	79 48
35	84 20
35	83 20
35	85 20
35	79 57
35	84 1
35	83 1
35	85 1
35	79 61
35	84 2
35	83 2
35	85 2
35	79 52
35	84 3
35	83 3
35	85 3
35	79 50
35	84 4
35	83 4
35	85 4
35	79 56
35	84 5
35	83 5
35	85 5
35	79 51
35	84 6
35	83 6
35	85 6
35	79 51
35	84 7
35	83 7
35	85 7
35	79 49
35	84 8
35	83 8
35	85 8
35	79 54
35	84 9
35	83 9
35	85 9
35	79 51
35	84 10
35	84 11
35	84 12
35	84 13
35	83 13
35	85 11
35	79 218
35	83 13
35	85 10
35	79 297
35	83 13
35	85 13
35	79 77
35	84 14
35	83 14
35	85 14
35	79 63
35	83 14
35	85 12
35	79 225
35	84 15
35	83 15
35	85 15
35	79 62
35	84 16
35	83 16
35	85 16
35	79 63
35	84 17
35	83 17
35	85 17
35	79 53
35	84 18
35	84 19
35	83 19
35	85 19
35	79 58
35	84 20
35	83 20
35	85 18
35	79 211
35	83 20
35	85 20
35	79 58
35	84 1
35	83 1
35	85 1
35	79 57
35	84 2
35	83 2
35	85 2
35	79 56
35	84 3
35	83 3
35	85 3
35	79 54
35	84 4
35	84 5
35	83 5
35	85 5
35	79 56
35	84 6
35	83 6
35	85 4
35	79 211
35	84 7
35	83 7
35	85 7
35	79 58
35	84 8
35	83 8
35	85 6
35	79 217
35	83 8
35	85 8
35	79 70
35	84 9
35	83 9
35	85 9
35	79 58
35	84 10
35	83 10
35	85 10
35	79 54
35	84 11
35	83 11
35	85 11
35	79 55
35	84 12
35	83 12
35	85 12
35	79 56
35	84 13
35	83 13
35	85 13
35	79 57
35	84 14
35	83 14
35	85 14
35	79 54
35	84 15
35	83 15
35	85 15
35	79 60
35	84 16
35	83 16
35	85 16
35	79 56
35	84 17
35	83 17
35	85 17
35	79 49
35	84 18
35	84 19
35	83 19
35	85 19
35	79 53
35	84 20
35	83 20
35	85 18
35	79 214
35	83 20
35	85 20
35	79 69
35	84 1
35	84 2
35	83 2
35	85 2
35	79 53
35	84 3
35	83 3
35	85 1
35	79 215
35	83 3
35	85 3
35	79 69
35	84 4
35	83 4
35	85 4
35	79 60
35	84 5
35	83 5
35	85 5
35	79 51
35	84 6
35	83 6
35	85 6
35	79 52
35	84 7
35	83 7
35	85 7
35	79 55
35	84 8
35	83 8
35	85 8
35	79 52
35	84 9
35	83 9
35	85 9
35	79 47
35	84 10
35	83 10
35	85 10
35	79 50
35	84 11
35	83 11
35	85 11
35	79 56
35	84 12
35	83 12
35	85 12
35	79 53
35	84 13
35	83 13
35	85 13
35	79 51
35	84 14
35	83 14
35	85 14
35	79 51
35	84 15
35	83 15
35	85 15
35	79 58
35	84 16
35	83 16
35	85 16
35	79 54
35	84 17
35	83 17
35	85 17
35	79 50
35	84 18
35	83 18
35	85 18
35	79 56
35	84 19
35	83 19
35	85 19
35	79 53
35	84 20
35	83 20
35	85 20
35	79 57
35	84 1
35	84 2
35	83 2
35	85 2
35	79 56
35	84 3
35	83 3
35	85 3
35	79 61
35	84 4
35	83 4
35	85 1
35	79 300
35	83 4
35	85 4
35	79 76
35	84 5
35	83 5
35	85 5
35	79 55
35	84 6
35	83 6
35	85 6
35	79 56
35	84 7
35	83 7
35	85 7
35	79 51
35	84 8
35	83 8
35	85 8
35	79 52
35	84 9
35	83 9
35	85 9
35	79 51
35	84 10
35	83 10
35	85 10
35	79 57
35	84 11
35	83 11
35	85 11
35	79 53
35	84 12
35	83 12
35	85 12
35	79 54
35	84 13
35	83 13
35	85 13
35	79 51
35	84 14
35	83 14
35	85 14
35	79 56
35	84 15
35	83 15
35	85 15
35	79 63
35	84 16
35	83 16
35	85 16
35	79 48
35	84 17
35	83 17
35	85 17
35	79 51
35	84 18
35	83 18
35	85 18
35	79 51
35	84 19
35	83 19
35	85 19
35	79 54
35	84 20
35	83 20
35	85 20
35	79 52
35	84 1
35	83 1
35	85 1
35	79 55
35	84 2
35	83 2
35	85 2
35	79 52
35	84 3
35	83 3
35	85 3
35	79 52
35	84 4
35	83 4
35	85 4
35	79 57
35	84 5
35	83 5
35	85 5
35	79 49
35	84 6
35	83 6
35	85 6
35	79 48
35	84 7
35	83 7
35	85 7
35	79 53
35	84 8
35	83 8
35	85 8
35	79 52
35	84 9
35	83 9
35	85 9
35	79 58
35	84 10
35	83 10
35	85 10
35	79 52
35	84 11
35	83 11
35	85 11
35	79 52
35	84 12
35	83 12
35	85 12
35	79 50
35	84 13
35	83 13
35	85 13
35	79 53
35	84 14
35	83 14
35	85 14
35	79 55
35	84 15
35	83 15
35	85 15
35	79 53
35	84 16
35	84 17
35	83 17
35	85 17
35	79 61
35	84 18
35	83 18
35	85 16
35	79 218
35	83 18
35	85 18
35	79 67
35	84 19
35	83 19
35	85 19
35	79 58
35	84 20
35	83 20
35	85 20
35	79 48
35	84 1
35	83 1
35	85 1
35	79 49
35	84 2
35	83 2
35	85 2
35	79 52
35	84 3
35	83 3
35	85 3
35	79 60
35	84 4
35	83 4
35	85 4
35	79 53
35	84 5
35	83 5
35	85 5
35	79 62
35	84 6
35	83 6
35	85 6
35	79 49
35	84 7
35	83 7
35	85 7
35	79 56
35	84 8
35	83 8
35	85 8
35	79 51
35	84 9
35	83 9
35	85 9
35	79 48
35	84 10
35	83 10
35	85 10
35	79 53
35	84 11
35	83 11
35	85 11
35	79 49
35	84 12
35	83 12
35	85 12
35	79 51
35	84 13
35	83 13
35	85 13
35	79 48
35	84 14
35	84 15
35	83 15
35	85 15
35	79 56
35	84 16
35	83 16
35	85 14
35	79 212
35	83 16
35	85 16
35	79 58
35	84 17
35	83 17
35	85 17
35	79 46
35	84 18
35	83 18
35	85 18
35	79 50
35	84 19
35	83 19
35	85 19
35	79 46
35	84 20
35	83 20
35	85 20
35	79 55
35	84 1
35	83 1
35	85 1
35	79 51
35	84 2
35	83 2
35	85 2
35	79 53
35	84 3
35	83 3
35	85 3
35	79 63
35	84 4
35	83 4
35	85 4
35	79 54
35	84 5
35	83 5
35	85 5
35	79 52
35	84 6
35	83 6
35	85 6
35	79 53
35	84 7
35	83 7
35	85 7
35	79 49
35	84 8
35	83 8
35	85 8
35	79 57
35	84 9
35	83 9
35	85 9
35	79 47
35	84 10
35	TEST_NUMBER 1
35	SENT_TOTAL 250
35	RECEIVED_TOTAL 249
35	TIME_TOTAL 29792
35	RECEIVED_RADIO_1 128
35	RECEIVED_RADIO_2 124
35	SENT_RADIO_1 128
35	SENT_RADIO_2 123
35	RADIO_TIME_1 29745
35	RADIO_TIME_2 19843
35	RETRANSMISSIONS_1 0
35	RETRANSMISSIONS_2 5
35	DROPPED_1 0
35	DROPPED_2 0
35	MAX_QUEUE 1
35	DUPLICATED_1 2
35	DUPLICATED_2 0
35	EBUSY_RADIO_1 0
35	EBUSY_RADIO_2 0
35	83 0
35	85 10
35	86 1
35	84 1
35	83 1
35	85 1
35	79 48
35	84 2
35	83 2
35	85 2
35	79 48
35	84 3
35	83 3
35	85 3
35	79 50
35	84 4
35	83 4
35	85 4
35	79 55
35	84 5
35	83 5
35	85 5
35	79 53
35	84 6
35	83 6
35	85 6
35	79 59
35	84 7
35	83 7
35	85 7
35	79 66
35	84 8
35	84 9
35	83 9
35	85 9
35	79 51
35	84 10
35	83 10
35	85 8
35	79 214
35	83 10
35	85 10
35	79 66
35	84 11
35	83 11
35	85 11
35	79 51
35	84 12
35	83 12
35	85 12
35	79 52
35	84 13
35	83 13
35	85 13
35	79 51
35	84 14
35	83 14
35	85 14
35	79 54
35	84 15
35	83 15
35	85 15
35	79 48
35	84 16
35	83 16
35	85 16
35	79 54
35	84 17
35	83 17
35	85 17
35	79 57
35	84 18
35	84 19
35	83 19
35	85 19
35	79 54
35	84 20
35	83 20
35	85 18
35	79 225
35	83 20
35	85 20
35	79 75
35	84 1
35	83 1
35	85 1
35	79 50
35	84 2
35	83 2
35	85 2
35	79 50
35	84 3
35	83 3
35	85 3
35	79 56
35	84 4
35	83 4
35	85 4
35	79 55
35	84 5
35	84 6
35	83 6
35	85 6
35	79 46
35	84 7
35	83 7
35	85 5
35	79 213
35	83 7
35	85 7
35	79 61
35	84 8
35	83 8
35	85 8
35	79 53
35	84 9
35	83 9
35	85 9
35	79 58
35	84 10
35	83 10
35	85 10
35	79 53
35	84 11
35	83 11
35	85 11
35	79 57
35	84 12
35	83 12
35	85 12
35	79 54
35	84 13
35	83 13
35	85 13
35	79 48
35	84 14
35	83 14
35	85 14
35	79 53
35	84 15
35	83 15
35	85 15
35	79 52
35	84 16
35	83 16
35	85 16
35	79 47
35	84 17
35	83 17
35	85 17
35	79 50
35	84 18
35	83 18
35	85 18
35	79 52
35	84 19
35	83 19
35	85 19
35	79 46
35	84 20
35	83 20
35	85 20
35	79 52
35	84 1
35	83 1
35	85 1
35	79 49
35	84 2
35	83 2
35	85 2
35	79 57
35	84 3
35	83 3
35	85 3
35	79 57
35	84 4
35	83 4
35	85 4
35	79 53
35	84 5
35	83 5
35	85 5
35	79 53
35	84 6
35	83 6
35	85 6
35	79 47
35	84 7
35	83 7
35	85 7
35	79 57
35	84 8
35	84 9
35	83 9
35	85 9
35	79 53
35	84 10
35	83 10
35	85 8
35	79 213
35	84 11
35	83 11
35	85 11
35	79 49
35	84 12
35	83 12
35	85 10
35	79 212
35	84 13
35	83 13
35	85 13
35	79 51
35	84 14
35	83 14
35	85 12
35	79 218
35	83 14
35	85 14
35	79 79
35	84 15
35	83 15
35	85 15
35	79 52
35	84 16
35	84 17
35	83 17
35	85 17
35	79 58
35	84 18
35	83 18
35	85 16
35	79 207
35	83 18
35	85 18
35	79 56
35	84 19
35	83 19
35	85 19
35	79 49
35	84 20
35	84 1
35	83 1
35	85 1
35	79 55
35	84 2
35	83 2
35	85 20
35	79 215
35	83 2
35	85 2
35	79 68
35	84 3
35	83 3
35	85 3
35	79 59
35	84 4
35	84 5
35	83 5
35	85 5
35	79 48
35	84 6
35	83 6
35	85 4
35	79 225
35	83 6
35	85 6
35	79 73
35	84 7
35	83 7
35	85 7
35	79 55
35	84 8
35	84 9
35	83 9
35	85 9
35	79 55
35	84 10
35	83 10
35	85 8
35	79 218
35	83 10
35	85 10
35	79 70
35	84 11
35	83 11
35	85 11
35	79 51
35	84 12
35	83 12
35	85 12
35	79 53
35	84 13
35	83 13
35	85 13
35	79 56
35	84 14
35	83 14
35	85 14
35	79 55
35	84 15
35	83 15
35	85 15
35	79 55
35	84 16
35	83 16
35	85 16
35	79 52
35	84 17
35	83 17
35	85 17
35	79 52
35	84 18
35	83 18
35	85 18
35	79 47
35	84 19
35	83 19
35	85 19
35	79 53
35	84 20
35	83 20
35	85 20
35	79 50
35	84 1
35	83 1
35	85 1
35	79 51
35	84 2
35	83 2
35	85 2
35	79 52
35	84 3
35	83 3
35	85 3
35	79 51
35	84 4
35	83 4
35	85 4
35	79 53
35	84 5
35	83 5
35	85 5
35	79 55
35	84 6
35	84 7
35	83 7
35	85 7
35	79 50
35	84 8
35	83 8
35	85 6
35	79 222
35	83 8
35	85 8
35	79 71
35	84 9
35	83 9
35	85 9
35	79 50
35	84 10
35	83 10
35	85 10
35	79 46
35	84 11
35	84 12
35	83 12
35	85 12
35	79 56
35	84 13
35	83 13
35	85 11
35	79 219
35	83 13
35	85 13
35	79 60
35	84 14
35	84 15
35	83 15
35	85 14
35	79 142
35	83 15
35	85 15
35	79 70
35	84 16
35	83 16
35	85 16
35	79 58
35	84 17
35	83 17
35	85 17
35	79 48
35	84 18
35	83 18
35	85 18
35	79 50
35	84 19
35	84 20
35	83 20
35	85 20
35	79 55
35	84 1
35	83 1
35	85 19
35	79 211
35	84 2
35	83 2
35	85 2
35	79 55
35	84 3
35	83 3
35	85 1
35	79 211
35	84 4
35	83 4
35	85 4
35	79 52
35	84 5
35	83 5
35	85 3
35	79 215
35	83 5
35	85 5
35	79 72
35	84 6
35	83 6
35	85 6
35	79 56
35	84 7
35	83 7
35	85 7
35	79 51
35	84 8
35	84 9
35	83 9
35	85 9
35	79 51
35	84 10
35	83 10
35	85 8
35	79 214
35	84 11
35	83 11
35	85 11
35	79 56
35	84 12
35	83 12
35	85 12
35	79 63
35	84 13
35	83 13
35	85 10
35	79 304
35	83 13
35	85 13
35	79 73
35	84 14
35	83 14
35	85 14
35	79 51
35	84 15
35	83 15
35	85 15
35	79 52
35	84 16
35	83 16
35	85 16
35	79 53
35	84 17
35	83 17
35	85 17
35	79 55
35	84 18
35	83 18
35	85 18
35	79 54
35	84 19
35	83 19
35	85 19
35	79 50
35	84 20
35	83 20
35	85 20
35	79 55
35	84 1
35	83 1
35	85 1
35	79 50
35	84 2
35	83 2
35	85 2
35	79 56
35	84 3
35	83 3
35	85 3
35	79 56
35	84 4
35	83 4
35	85 4
35	79 52
35	84 5
35	83 5
35	85 5
35	79 48
35	84 6
35	83 6
35	85 6
35	79 54
35	84 7
35	83 7
35	85 7
35	79 50
35	84 8
35	83 8
35	85 8
35	79 52
35	84 9
35	83 9
35	85 9
35	79 58
35	84 10
35	83 10
35	85 10
35	79 54
35	84 11
35	83 11
35	85 11
35	79 53
35	84 12
35	83 12
35	85 12
35	79 53
35	84 13
35	83 13
35	85 13
35	79 48
35	84 14
35	83 14
35	85 14
35	79 49
35	84 15
35	83 15
35	85 15
35	79 54
35	84 16
35	83 16
35	85 16
35	79 58
35	84 17
35	84 18
35	83 18
35	85 18
35	79 53
35	84 19
35	83 19
35	85 17
35	79 216
35	83 19
35	85 19
35	79 75
35	84 20
35	83 20
35	85 20
35	79 57
35	84 1
35	83 1
35	85 1
35	79 53
35	84 2
35	83 2
35	85 2
35	79 55
35	84 3
35	83 3
35	85 3
35	79 51
35	84 4
35	83 4
35	85 4
35	79 53
35	84 5
35	83 5
35	85 5
35	79 59
35	84 6
35	83 6
35	85 6
35	79 51
35	84 7
35	83 7
35	85 7
35	79 54
35	84 8
35	83 8
35	85 8
35	79 57
35	84 9
35	84 10
35	83 10
35	85 10
35	79 53
35	84 11
35	83 11
35	85 9
35	79 221
35	83 11
35	85 11
35	79 70
35	84 12
35	83 12
35	85 12
35	79 55
35	84 13
35	83 13
35	85 13
35	79 50
35	84 14
35	83 14
35	85 14
35	79 51
35	84 15
35	83 15
35	85 15
35	79 51
35	84 16
35	83 16
35	85 16
35	79 52
35	84 17
35	83 17
35	85 17
35	79 53
35	84 18
35	83 18
35	85 18
35	79 61
35	84 19
35	83 19
35	85 19
35	79 55
35	84 20
35	83 20
35	85 20
35	79 47
35	84 1
35	83 1
35	85 1
35	79 47
35	84 2
35	83 2
35	85 2
35	79 58
35	84 3
35	83 3
35	85 3
35	79 49
35	84 4
35	83 4
35	85 4
35	79 53
35	84 5
35	84 6
35	83 6
35	85 6
35	79 53
35	84 7
35	83 7
35	85 5
35	79 217
35	83 7
35	85 7
35	79 78
35	84 8
35	83 8
35	85 8
35	79 47
35	84 9
35	83 9
35	85 9
35	79 55
35	84 10
35	83 10
35	85 10
35	79 57
35	84 11
35	83 11
35	85 11
35	79 53
35	84 12
35	83 12
35	85 12
35	79 48
35	84 13
35	83 13
35	85 13
35	79 52
35	84 14
35	83 14
35	85 14
35	79 46
35	84 15
35	83 15
35	85 15
35	79 53
35	84 16
35	83 16
35	85 16
35	79 53
35	84 17
35	83 17
35	85 17
35	79 55
35	84 18
35	83 18
35	85 18
35	79 53
35	84 19
35	83 19
35	85 19
35	79 47
35	84 20
35	83 20
35	85 20
35	79 52
35	84 1
35	83 1
35	85 1
35	79 52
35	84 2
35	83 2
35	85 2
35	79 57
35	84 3
35	83 3
35	85 3
35	79 45
35	84 4
35	83 4
35	85 4
35	79 54
35	84 5
35	83 5
35	85 5
35	79 50
35	84 6
35	83 6
35	85 6
35	79 63
35	84 7
35	83 7
35	85 7
35	79 54
35	84 8
35	83 8
35	85 8
35	79 57
35	84 9
35	83 9
35	85 9
35	79 55
35	84 10
35	84 11
35	83 11
35	85 11
35	79 52
35	84 12
35	83 12
35	85 10
35	79 214
35	83 12
35	85 12
35	79 67
35	84 13
35	83 13
35	85 13
35	79 57
35	84 14
35	83 14
35	85 14
35	79 53
35	84 15
35	83 15
35	85 15
35	79 62
35	84 16
35	83 16
35	85 16
35	79 56
35	84 17
35	83 17
35	85 17
35	79 46
35	84 18
35	84 19
35	83 19
35	85 19
35	79 59
35	84 20
35	83 20
35	85 18
35	79 213
35	83 20
35	85 20
35	79 59
35	84 1
35	83 1
35	85 1
35	79 50
35	84 2
35	84 3
35	83 3
35	85 3
35	79 52
35	84 4
35	83 4
35	85 2
35	79 211
35	83 4
35	85 4
35	79 63
35	84 5
35	83 5
35	85 5
35	79 55
35	84 6
35	83 6
35	85 6
35	79 52
35	84 7
35	83 7
35	85 7
35	79 52
35	84 8
35	83 8
35	85 8
35	79 49
35	84 9
35	83 9
35	85 9
35	79 58
35	84 10
35	83 10
35	85 10
35	79 55
35	84 11
35	83 11
35	85 11
35	79 47
35	84 12
35	83 12
35	85 12
35	79 56
35	84 13
35	83 13
35	85 13
35	79 57
35	84 14
35	84 15
35	83 15
35	85 15
35	79 56
35	84 16
35	83 16
35	85 14
35	79 209
35	83 16
35	85 16
35	79 60
35	84 17
35	84 18
35	83 18
35	85 18
35	79 52
35	84 19
35	83 19
35	85 17
35	79 209
35	83 19
35	85 19
35	79 57
35	84 20
35	83 20
35	85 20
35	79 53
35	84 1
35	83 1
35	85 1
35	79 54
35	84 2
35	84 3
35	83 3
35	85 3
35	79 54
35	84 4
35	83 4
35	85 2
35	79 211
35	83 4
35	85 4
35	79 65
35	84 5
35	83 5
35	85 5
35	79 46
35	84 6
35	84 7
35	83 7
35	85 7
35	79 52
35	84 8
35	83 8
35	85 6
35	79 211
35	83 8
35	85 8
35	79 63
35	84 9
35	84 10
35	83 10
35	85 10
35	79 48
35	84 11
35	83 11
35	85 9
35	79 215
35	83 11
35	85 11
35	79 64
35	84 12
35	83 12
35	85 12
35	79 58
35	84 13
35	83 13
35	85 13
35	79 48
35	84 14
35	83 14
35	85 14
35	79 53
35	84 15
35	83 15
35	85 15
35	79 53
35	84 16
35	83 16
35	85 16
35	79 58
35	84 17
35	83 17
35	85 17
35	79 56
35	84 18
35	83 18
35	85 18
35	79 53
35	84 19
35	83 19
35	85 19
35	79 54
35	84 20
35	83 20
35	85 20
35	79 49
35	84 1
35	84 2
35	83 2
35	85 2
35	79 56
35	84 3
35	83 3
35	85 3
35	79 75
35	84 4
35	83 4
35	85 1
35	79 295
35	83 4
35	85 4
35	79 68
35	84 5
35	83 5
35	85 5
35	79 59
35	84 6
35	83 6
35	85 6
35	79 52
35	84 7
35	83 7
35	85 7
35	79 56
35	84 8
35	83 8
35	85 8
35	79 54
35	84 9
35	83 9
35	85 9
35	79 53
35	84 10
35	TEST_NUMBER 2
35	SENT_TOTAL 250
35	RECEIVED_TOTAL 249
35	TIME_TOTAL 29808
35	RECEIVED_RADIO_1 126
35	RECEIVED_RADIO_2 124
35	SENT_RADIO_1 126
35	SENT_RADIO_2 124
35	RADIO_TIME_1 29755
35	RADIO_TIME_2 19795
35	RETRANSMISSIONS_1 0
35	RETRANSMISSIONS_2 2
35	DROPPED_1 0
35	DROPPED_2 0
35	MAX_QUEUE 1
35	DUPLICATED_1 3
35	DUPLICATED_2 0
35	EBUSY_RADIO_1 0
35	EBUSY_RADIO_2 0
35	84 1
35	83 1
35	85 1
35	79 51
35	84 2
35	83 2
35	85 10
35	86 2
35	83 2
35	85 2
35	79 58
35	84 3
35	83 3
35	85 3
35	79 51
35	84 4
35	83 4
35	85 4
35	79 50
35	84 5
35	83 5
35	85 5
35	79 53
35	84 6
35	84 7
35	83 7
35	85 7
35	79 50
35	84 8
35	83 8
35	85 6
35	79 208
35	83 8
35	85 8
35	79 54
35	84 9
35	83 9
35	85 9
35	79 51
35	84 10
35	84 11
35	83 11
35	85 11
35	79 48
35	84 12
35	83 12
35	85 10
35	79 213
35	83 12
35	85 12
35	79 63
35	84 13
35	83 13
35	85 13
35	79 51
35	84 14
35	83 14
35	85 14
35	79 51
35	84 15
35	83 15
35	85 15
35	79 52
35	84 16
35	83 16
35	85 16
35	79 53
35	84 17
35	83 17
35	85 17
35	79 51
35	84 18
35	83 18
35	85 18
35	79 53
35	84 19
35	83 19
35	85 19
35	79 49
35	84 20
35	83 20
35	85 20
35	79 47
35	84 1
35	83 1
35	85 1
35	79 54
35	84 2
35	83 2
35	85 2
35	79 54
35	84 3
35	83 3
35	85 3
35	79 50
35	84 4
35	83 4
35	85 4
35	79 55
35	84 5
35	83 5
35	85 5
35	79 51
35	84 6
35	83 6
35	85 6
35	79 54
35	84 7
35	83 7
35	85 7
35	79 56
35	84 8
35	83 8
35	85 8
35	79 51
35	84 9
35	83 9
35	85 9
35	79 58
35	84 10
35	83 10
35	85 10
35	79 48
35	84 11
35	83 11
35	85 11
35	79 46
35	84 12
35	84 13
35	83 13
35	85 13
35	79 47
35	84 14
35	83 14
35	85 12
35	79 206
35	83 14
35	85 14
35	79 55
35	84 15
35	83 15
35	85 15
35	79 55
35	84 16
35	83 16
35	85 16
35	79 58
35	84 17
35	83 17
35	85 17
35	79 52
35	84 18
35	83 18
35	85 18
35	79 54
35	84 19
35	83 19
35	85 19
35	79 53
35	84 20
35	83 20
35	85 20
35	79 49
35	84 1
35	83 1
35	85 1
35	79 56
35	84 2
35	83 2
35	85 2
35	79 50
35	84 3
35	83 3
35	85 3
35	79 57
35	84 4
35	83 4
35	85 4
35	79 57
35	84 5
35	83 5
35	85 5
35	79 51
35	84 6
35	84 7
35	83 7
35	85 7
35	79 50
35	84 8
35	83 8
35	85 8
35	79 66
35	83 8
35	85 6
35	79 230
35	84 9
35	83 9
35	85 9
35	79 58
35	84 10
35	83 10
35	85 10
35	79 51
35	84 11
35	83 11
35	85 11
35	79 61
35	84 12
35	84 13
35	84 14
35	83 14
35	85 12
35	79 225
35	84 15
35	83 15
35	85 14
35	79 85
35	83 15
35	85 13
35	79 219
35	83 15
35	85 15
35	79 69
35	84 16
35	83 16
35	85 16
35	79 52
35	84 17
35	83 17
35	85 17
35	79 54
35	84 18
35	83 18
35	85 18
35	79 57
35	84 19
35	83 19
35	85 19
35	79 50
35	84 20
35	83 20
35	85 20
35	79 54
35	84 1
35	83 1
35	85 1
35	79 56
35	84 2
35	83 2
35	85 2
35	79 55
35	84 3
35	83 3
35	85 3
35	79 57
35	84 4
35	83 4
35	85 4
35	79 53
35	84 5
35	83 5
35	85 5
35	79 55
35	84 6
35	83 6
35	85 6
35	79 49
35	84 7
35	83 7
35	85 7
35	79 53
35	84 8
35	83 8
35	85 8
35	79 51
35	84 9
35	83 9
35	85 9
35	79 53
35	84 10
35	83 10
35	85 10
35	79 54
35	84 11
35	83 11
35	85 11
35	79 59
35	84 12
35	83 12
35	85 12
35	79 52
35	84 13
35	83 13
35	85 13
35	79 55
35	84 14
35	83 14
35	85 14
35	79 57
35	84 15
35	84 16
35	83 16
35	85 16
35	79 49
35	84 17
35	83 17
35	85 17
35	79 72
35	84 18
35	83 18
35	85 15
35	79 291
35	83 18
35	85 18
35	79 58
35	84 19
35	83 19
35	85 19
35	79 57
35	84 20
35	83 20
35	85 20
35	79 52
35	84 1
35	83 1
35	85 1
35	79 49
35	84 2
35	83 2
35	85 2
35	79 51
35	84 3
35	84 4
35	83 4
35	85 4
35	79 51
35	84 5
35	83 5
35	85 3
35	79 206
35	84 6
35	83 6
35	85 6
35	79 56
35	84 7
35	83 7
35	85 5
35	79 209
35	83 7
35	85 7
35	79 55
35	84 8
35	83 8
35	85 8
35	79 52
35	84 9
35	84 10
35	83 10
35	85 10
35	79 53
35	84 11
35	83 11
35	85 9
35	79 213
35	84 12
35	83 12
35	85 12
35	79 52
35	84 13
35	83 13
35	85 11
35	79 209
35	83 13
35	85 13
35	79 58
35	84 14
35	83 14
35	85 14
35	79 51
35	84 15
35	83 15
35	85 15
35	79 49
35	84 16
35	84 17
35	83 17
35	85 17
35	79 51
35	84 18
35	83 18
35	85 16
35	79 216
35	83 18
35	85 18
35	79 70
35	84 19
35	83 19
35	85 19
35	79 51
35	84 20
35	83 20
35	85 20
35	79 49
35	84 1
35	83 1
35	85 1
35	79 53
35	84 2
35	83 2
35	85 2
35	79 53
35	84 3
35	83 3
35	85 3
35	79 56
35	84 4
35	84 5
35	83 5
35	85 5
35	79 49
35	84 6
35	83 6
35	85 4
35	79 206
35	83 6
35	85 6
35	79 53
35	84 7
35	83 7
35	85 7
35	79 51
35	84 8
35	83 8
35	85 8
35	79 51
35	84 9
35	83 9
35	85 9
35	79 50
35	84 10
35	83 10
35	85 10
35	79 52
35	84 11
35	83 11
35	85 11
35	79 51
35	84 12
35	83 12
35	85 12
35	79 55
35	84 13
35	83 13
35	85 13
35	79 54
35	84 14
35	83 14
35	85 14
35	79 54
35	84 15
35	83 15
35	85 15
35	79 51
35	84 16
35	83 16
35	85 16
35	79 52
35	84 17
35	83 17
35	85 17
35	79 53
35	84 18
35	83 18
35	85 18
35	79 48
35	84 19
35	83 19
35	85 19
35	79 61
35	84 20
35	83 20
35	85 20
35	79 52
35	84 1
35	83 1
35	85 1
35	79 59
35	84 2
35	83 2
35	85 2
35	79 52
35	84 3
35	83 3
35	85 3
35	79 61
35	84 4
35	83 4
35	85 4
35	79 56
35	84 5
35	83 5
35	85 5
35	79 46
35	84 6
35	84 7
35	83 7
35	85 7
35	79 46
35	84 8
35	83 8
35	85 6
35	79 213
35	83 8
35	85 8
35	79 72
35	84 9
35	83 9
35	85 9
35	79 61
35	84 10
35	83 10
35	85 10
35	79 53
35	84 11
35	83 11
35	85 11
35	79 53
35	84 12
35	83 12
35	85 12
35	79 54
35	84 13
35	83 13
35	85 13
35	79 60
35	84 14
35	83 14
35	85 14
35	79 50
35	84 15
35	83 15
35	85 15
35	79 51
35	84 16
35	83 16
35	85 16
35	79 47
35	84 17
35	83 17
35	85 17
35	79 49
35	84 18
35	83 18
35	85 18
35	79 50
35	84 19
35	83 19
35	85 19
35	79 61
35	84 20
35	83 20
35	85 20
35	79 52
35	84 1
35	83 1
35	85 1
35	79 54
35	84 2
35	83 2
35	85 2
35	79 54
35	84 3
35	83 3
35	85 3
35	79 59
35	84 4
35	84 5
35	83 5
35	85 5
35	79 63
35	84 6
35	83 6
35	85 4
35	79 213
35	83 6
35	85 6
35	79 71
35	84 7
35	83 7
35	85 7
35	79 49
35	84 8
35	84 9
35	83 9
35	85 9
35	79 60
35	84 10
35	83 10
35	85 8
35	79 223
35	83 10
35	85 10
35	79 77
35	84 11
35	83 11
35	85 11
35	79 54
35	84 12
35	84 13
35	83 13
35	85 13
35	79 50
35	84 14
35	83 14
35	85 12
35	79 216
35	84 15
35	83 15
35	85 15
35	79 53
35	84 16
35	83 16
35	85 14
35	79 223
35	83 16
35	85 16
35	79 70
35	84 17
35	83 17
35	85 17
35	79 58
35	84 18
35	83 18
35	85 18
35	79 49
35	84 19
35	83 19
35	85 19
35	79 53
35	84 20
35	84 1
35	83 1
35	85 1
35	79 49
35	84 2
35	83 2
35	85 20
35	79 211
35	84 3
35	83 3
35	85 3
35	79 49
35	84 4
35	83 4
35	85 2
35	79 213
35	83 4
35	85 4
35	79 65
35	84 5
35	83 5
35	85 5
35	79 56
35	84 6
35	83 6
35	85 6
35	79 50
35	84 7
35	83 7
35	85 7
35	79 51
35	84 8
35	84 9
35	83 9
35	85 9
35	79 54
35	84 10
35	83 10
35	85 8
35	79 221
35	83 10
35	85 10
35	79 76
35	84 11
35	83 11
35	85 11
35	79 60
35	84 12
35	83 12
35	85 12
35	79 49
35	84 13
35	83 13
35	85 13
35	79 57
35	84 14
35	83 14
35	85 14
35	79 54
35	84 15
35	83 15
35	85 15
35	79 54
35	84 16
35	83 16
35	85 16
35	79 55
35	84 17
35	83 17
35	85 17
35	79 60
35	84 18
35	83 18
35	85 18
35	79 48
35	84 19
35	83 19
35	85 19
35	79 54
35	84 20
35	83 20
35	85 20
35	79 53
35	84 1
35	83 1
35	85 1
35	79 56
35	84 2
35	83 2
35	85 2
35	79 50
35	84 3
35	83 3
35	85 3
35	79 62
35	84 4
35	83 4
35	85 4
35	79 52
35	84 5
35	83 5
35	85 5
35	79 57
35	84 6
35	83 6
35	85 6
35	79 49
35	84 7
35	83 7
35	85 7
35	79 55
35	84 8
35	83 8
35	85 8
35	79 53
35	84 9
35	83 9
35	85 9
35	79 50
35	84 10
35	83 10
35	85 10
35	79 49
35	84 11
35	83 11
35	85 11
35	79 47
35	84 12
35	83 12
35	85 12
35	79 54
35	84 13
35	83 13
35	85 13
35	79 52
35	84 14
35	83 14
35	85 14
35	79 50
35	84 15
35	83 15
35	85 15
35	79 55
35	84 16
35	84 17
35	83 17
35	85 17
35	79 48
35	84 18
35	83 18
35	85 16
35	79 210
35	83 18
35	85 18
35	79 61
35	84 19
35	83 19
35	85 19
35	79 58
35	84 20
35	83 20
35	85 20
35	79 58
35	84 1
35	83 1
35	85 1
35	79 53
35	84 2
35	83 2
35	85 2
35	79 59
35	84 3
35	83 3
35	85 3
35	79 49
35	84 4
35	83 4
35	85 4
35	79 55
35	84 5
35	83 5
35	85 5
35	79 46
35	84 6
35	83 6
35	85 6
35	79 51
35	84 7
35	83 7
35	85 7
35	79 54
35	84 8
35	84 9
35	83 9
35	85 9
35	79 57
35	84 10
35	83 10
35	85 8
35	79 226
35	83 10
35	85 10
35	79 76
35	84 11
35	83 11
35	85 11
35	79 53
35	84 12
35	83 12
35	85 12
35	79 65
35	84 13
35	84 14
35	83 14
35	85 14
35	79 49
35	84 15
35	84 16
35	83 16
35	85 16
35	79 47
35	83 16
35	85 13
35	79 318
35	84 17
35	83 17
35	85 17
35	79 53
35	84 18
35	83 18
35	85 18
35	79 49
35	84 19
35	83 19
35	85 19
35	79 53
35	84 20
35	83 20
35	85 20
35	79 51
35	84 1
35	83 1
35	85 1
35	79 49
35	84 2
35	83 2
35	85 2
35	79 51
35	84 3
35	83 3
35	85 3
35	79 53
35	84 4
35	83 4
35	85 4
35	79 54
35	84 5
35	83 5
35	85 5
35	79 55
35	84 6
35	83 6
35	85 6
35	79 52
35	84 7
35	84 8
35	83 8
35	85 8
35	79 58
35	84 9
35	83 9
35	85 7
35	79 219
35	83 9
35	85 9
35	79 71
35	84 10
35	83 10
35	85 10
35	79 55
35	84 11
35	83 11
35	85 11
35	79 60
35	84 12
35	83 12
35	85 12
35	79 54
35	84 13
35	84 14
35	83 14
35	85 14
35	79 51
35	84 15
35	84 16
35	83 16
35	85 13
35	79 246
35	83 16
35	85 15
35	79 98
35	83 16
35	85 16
35	79 53
35	84 17
35	83 17
35	85 17
35	79 52
35	84 18
35	83 18
35	85 18
35	79 56
35	84 19
35	83 19
35	85 19
35	79 54
35	84 20
35	83 20
35	85 20
35	79 56
35	84 1
35	84 2
35	84 3
35	83 3
35	85 3
35	79 52
35	84 4
35	83 4
35	85 1
35	79 294
35	84 5
35	84 6
35	83 6
35	85 4
35	79 168
35	83 6
35	85 6
35	79 52
35	84 7
35	83 7
35	85 5
35	79 215
35	84 8
35	83 8
35	85 7
35	79 149
35	84 9
35	83 9
35	85 8
35	79 89
35	83 9
35	85 9
35	79 53
35	84 10
35	TEST_NUMBER 3
35	SENT_TOTAL 250
35	RECEIVED_TOTAL 247
35	TIME_TOTAL 19765
35	RECEIVED_RADIO_1 124
35	RECEIVED_RADIO_2 124
35	SENT_RADIO_1 127
35	SENT_RADIO_2 123
35	RADIO_TIME_1 19843
35	RADIO_TIME_2 19765
35	RETRANSMISSIONS_1 0
35	RETRANSMISSIONS_2 5
35	DROPPED_1 0
35	DROPPED_2 0
35	MAX_QUEUE 1
35	DUPLICATED_1 4
35	DUPLICATED_2 3
35	EBUSY_RADIO_1 0
35	EBUSY_RADIO_2 0
35	83 0
35	85 10
35	86 3
35	84 1
35	83 1
35	85 1
35	79 51
35	84 2
35	83 2
35	85 2
35	79 57
35	84 3
35	83 3
35	85 3
35	79 51
35	84 4
35	83 4
35	85 4
35	79 52
35	84 5
35	83 5
35	85 5
35	79 50
35	84 6
35	83 6
35	85 6
35	79 57
35	84 7
35	83 7
35	85 7
35	79 55
35	84 8
35	83 8
35	85 8
35	79 54
35	84 9
35	83 9
35	85 9
35	79 57
35	84 10
35	83 10
35	85 10
35	79 53
35	84 11
35	83 11
35	85 11
35	79 47
35	84 12
35	84 13
35	83 13
35	85 13
35	79 54
35	84 14
35	83 14
35	85 12
35	79 214
35	83 14
35	85 14
35	79 61
35	84 15
35	83 15
35	85 15
35	79 48
35	84 16
35	84 17
35	83 17
35	85 17
35	79 55
35	84 18
35	83 18
35	85 16
35	79 217
35	83 18
35	85 18
35	79 66
35	84 19
35	83 19
35	85 19
35	79 55
35	84 20
35	83 20
35	85 20
35	79 54
35	84 1
35	83 1
35	85 1
35	79 51
35	84 2
35	83 2
35	85 2
35	79 63
35	84 3
35	83 3
35	85 3
35	79 53
35	84 4
35	83 4
35	85 4
35	79 55
35	84 5
35	83 5
35	85 5
35	79 53
35	84 6
35	84 7
35	83 7
35	85 7
35	79 56
35	84 8
35	83 8
35	85 6
35	79 216
35	83 8
35	85 8
35	79 65
35	84 9
35	83 9
35	85 9
35	79 55
35	84 10
35	84 11
35	83 11
35	85 11
35	79 50
35	84 12
35	83 12
35	85 10
35	79 220
35	84 13
35	83 13
35	85 13
35	79 53
35	84 14
35	83 14
35	85 12
35	79 216
35	83 14
35	85 14
35	79 63
35	84 15
35	83 15
35	85 15
35	79 52
35	84 16
35	83 16
35	85 16
35	79 53
35	84 17
35	83 17
35	85 17
35	79 55
35	84 18
35	83 18
35	85 18
35	79 57
35	84 19
35	83 19
35	85 19
35	79 58
35	84 20
35	83 20
35	85 20
35	79 50
35	84 1
35	83 1
35	85 1
35	79 55
35	84 2
35	83 2
35	85 2
35	79 51
35	84 3
35	83 3
35	85 3
35	79 55
35	84 4
35	83 4
35	85 4
35	79 54
35	84 5
35	83 5
35	85 5
35	79 57
35	84 6
35	83 6
35	85 6
35	79 56
35	84 7
35	83 7
35	85 7
35	79 50
35	84 8
35	83 8
35	85 8
35	79 59
35	84 9
35	83 9
35	85 9
35	79 51
35	84 10
35	83 10
35	85 10
35	79 60
35	84 11
35	83 11
35	85 11
35	79 50
35	84 12
35	83 12
35	85 12
35	79 58
35	84 13
35	83 13
35	85 13
35	79 60
35	84 14
35	83 14
35	85 14
35	79 60
35	84 15
35	83 15
35	85 15
35	79 55
35	84 16
35	83 16
35	85 16
35	79 56
35	84 17
35	83 17
35	85 17
35	79 47
35	84 18
35	83 18
35	85 18
35	79 50
35	84 19
35	83 19
35	85 19
35	79 51
35	84 20
35	84 1
35	83 1
35	85 1
35	79 52
35	84 2
35	83 2
35	85 20
35	79 217
35	83 2
35	85 2
35	79 65
35	84 3
35	83 3
35	85 3
35	79 51
35	84 4
35	84 5
35	83 5
35	85 5
35	79 51
35	84 6
35	83 6
35	85 4
35	79 217
35	84 7
35	83 7
35	85 7
35	79 57
35	84 8
35	83 8
35	85 6
35	79 217
35	83 8
35	85 8
35	79 63
35	84 9
35	83 9
35	85 9
35	79 57
35	84 10
35	84 11
35	83 11
35	85 11
35	79 51
35	84 12
35	83 12
35	85 10
35	79 213
35	83 12
35	85 12
35	79 59
35	84 13
35	83 13
35	85 13
35	79 51
35	84 14
35	83 14
35	85 14
35	79 52
35	84 15
35	83 15
35	85 15
35	79 54
35	84 16
35	83 16
35	85 16
35	79 53
35	84 17
35	84 18
35	83 18
35	85 18
35	79 47
35	84 19
35	83 19
35	85 17
35	79 218
35	83 19
35	85 19
35	79 60
35	84 20
35	83 20
35	85 20
35	79 50
35	84 1
35	83 1
35	85 1
35	79 66
35	84 2
35	83 2
35	85 2
35	79 55
35	84 3
35	83 3
35	85 3
35	79 48
35	84 4
35	83 4
35	85 4
35	79 56
35	84 5
35	83 5
35	85 5
35	79 51
35	84 6
35	83 6
35	85 6
35	79 51
35	84 7
35	83 7
35	85 7
35	79 50
35	84 8
35	83 8
35	85 8
35	79 51
35	84 9
35	83 9
35	85 9
35	79 56
35	84 10
35	83 10
35	85 10
35	79 54
35	84 11
35	83 11
35	85 11
35	79 57
35	84 12
35	83 12
35	85 12
35	79 61
35	84 13
35	83 13
35	85 13
35	79 56
35	84 14
35	83 14
35	85 14
35	79 49
35	84 15
35	83 15
35	85 15
35	79 53
35	84 16
35	83 16
35	85 16
35	79 61
35	84 17
35	84 18
35	83 18
35	85 18
35	79 49
35	84 19
35	83 19
35	85 17
35	79 212
35	83 19
35	85 19
35	79 65
35	84 20
35	83 20
35	85 20
35	79 59
35	84 1
35	84 2
35	83 2
35	85 2
35	79 58
35	84 3
35	83 3
35	85 1
35	79 210
35	83 3
35	85 3
35	79 60
35	84 4
35	83 4
35	85 4
35	79 53
35	84 5
35	83 5
35	85 5
35	79 48
35	84 6
35	84 7
35	83 7
35	85 7
35	79 50
35	84 8
35	83 8
35	85 6
35	79 214
35	83 8
35	85 8
35	79 67
35	84 9
35	84 10
35	83 10
35	85 10
35	79 48
35	84 11
35	83 11
35	85 9
35	79 209
35	83 11
35	85 11
35	79 56
35	84 12
35	83 12
35	85 12
35	79 47
35	84 13
35	84 14
35	83 14
35	85 14
35	79 51
35	84 15
35	83 15
35	85 13
35	79 213
35	83 15
35	85 15
35	79 63
35	84 16
35	83 16
35	85 16
35	79 63
35	84 17
35	83 17
35	85 17
35	79 56
35	84 18
35	83 18
35	85 18
35	79 42
35	84 19
35	83 19
35	85 19
35	79 46
35	84 20
35	83 20
35	85 20
35	79 52
35	84 1
35	83 1
35	85 1
35	79 54
35	84 2
35	83 2
35	85 2
35	79 51
35	84 3
35	83 3
35	85 3
35	79 51
35	84 4
35	83 4
35	85 4
35	79 55
35	84 5
35	84 6
35	83 6
35	85 6
35	79 52
35	84 7
35	83 7
35	85 5
35	79 212
35	83 7
35	85 7
35	79 60
35	84 8
35	83 8
35	85 8
35	79 51
35	84 9
35	83 9
35	85 9
35	79 49
35	84 10
35	83 10
35	85 10
35	79 52
35	84 11
35	83 11
35	85 11
35	79 52
35	84 12
35	83 12
35	85 12
35	79 48
35	84 13
35	84 14
35	83 14
35	85 14
35	79 54
35	84 15
35	83 15
35	85 13
35	79 214
35	83 15
35	85 15
35	79 62
35	84 16
35	83 16
35	85 16
35	79 53
35	84 17
35	83 17
35	85 17
35	79 55
35	84 18
35	83 18
35	85 18
35	79 55
35	84 19
35	84 20
35	83 20
35	85 20
35	79 51
35	84 1
35	83 1
35	85 19
35	79 209
35	83 1
35	85 1
35	79 60
35	84 2
35	83 2
35	85 2
35	79 58
35	84 3
35	83 3
35	85 3
35	79 48
35	84 4
35	83 4
35	85 4
35	79 49
35	84 5
35	83 5
35	85 5
35	79 55
35	84 6
35	83 6
35	85 6
35	79 50
35	84 7
35	83 7
35	85 7
35	79 57
35	84 8
35	83 8
35	85 8
35	79 54
35	84 9
35	83 9
35	85 9
35	79 47
35	84 10
35	83 10
35	85 10
35	79 61
35	84 11
35	83 11
35	85 11
35	79 54
35	84 12
35	83 12
35	85 12
35	79 55
35	84 13
35	83 13
35	85 13
35	79 50
35	84 14
35	83 14
35	85 14
35	79 50
35	84 15
35	83 15
35	85 15
35	79 52
35	84 16
35	83 16
35	85 16
35	79 55
35	84 17
35	84 18
35	83 18
35	85 18
35	79 55
35	84 19
35	83 19
35	85 17
35	79 214
35	83 19
35	85 19
35	79 70
35	84 20
35	83 20
35	85 20
35	79 58
35	84 1
35	83 1
35	85 1
35	79 54
35	84 2
35	83 2
35	85 2
35	79 52
35	84 3
35	83 3
35	85 3
35	79 50
35	84 4
35	83 4
35	85 4
35	79 53
35	84 5
35	83 5
35	85 5
35	79 52
35	84 6
35	83 6
35	85 6
35	79 53
35	84 7
35	83 7
35	85 7
35	79 53
35	84 8
35	84 9
35	83 9
35	85 9
35	79 55
35	84 10
35	83 10
35	85 8
35	79 218
35	83 10
35	85 10
35	79 65
35	84 11
35	83 11
35	85 11
35	79 52
35	84 12
35	83 12
35	85 12
35	79 57
35	84 13
35	83 13
35	85 13
35	79 52
35	84 14
35	83 14
35	85 14
35	79 55
35	84 15
35	83 15
35	85 15
35	79 54
35	84 16
35	83 16
35	85 16
35	79 46
35	84 17
35	83 17
35	85 17
35	79 53
35	84 18
35	83 18
35	85 18
35	79 57
35	84 19
35	83 19
35	85 19
35	79 55
35	84 20
35	83 20
35	85 20
35	79 51
35	84 1
35	83 1
35	85 1
35	79 53
35	84 2
35	84 3
35	83 3
35	85 3
35	79 52
35	84 4
35	83 4
35	85 2
35	79 210
35	83 4
35	85 4
35	79 62
35	84 5
35	83 5
35	85 5
35	79 52
35	84 6
35	83 6
35	85 6
35	79 51
35	84 7
35	83 7
35	85 7
35	79 57
35	84 8
35	83 8
35	85 8
35	79 52
35	84 9
35	83 9
35	85 9
35	79 60
35	84 10
35	83 10
35	85 10
35	79 49
35	84 11
35	83 11
35	85 11
35	79 57
35	84 12
35	83 12
35	85 12
35	79 46
35	84 13
35	83 13
35	85 13
35	79 55
35	84 14
35	83 14
35	85 14
35	79 56
35	84 15
35	83 15
35	85 15
35	79 55
35	84 16
35	83 16
35	85 16
35	79 56
35	84 17
35	83 17
35	85 17
35	79 54
35	84 18
35	84 19
35	84 20
35	83 20
35	85 18
35	79 220
35	83 20
35	85 20
35	79 67
35	84 1
35	83 1
35	85 19
35	79 213
35	83 1
35	85 1
35	79 64
35	84 2
35	83 2
35	85 2
35	79 54
35	84 3
35	83 3
35	85 3
35	79 48
35	84 4
35	83 4
35	85 4
35	79 56
35	84 5
35	83 5
35	85 5
35	79 54
35	84 6
35	83 6
35	85 6
35	79 47
35	84 7
35	83 7
35	85 7
35	79 58
35	84 8
35	83 8
35	85 8
35	79 49
35	84 9
35	83 9
35	85 9
35	79 50
35	84 10
35	83 10
35	85 10
35	79 49
35	84 11
35	83 11
35	85 11
35	79 46
35	84 12
35	83 12
35	85 12
35	79 49
35	84 13
35	83 13
35	85 13
35	79 52
35	84 14
35	83 14
35	85 14
35	79 46
35	84 15
35	84 16
35	83 16
35	85 16
35	79 48
35	84 17
35	83 17
35	85 15
35	79 218
35	83 17
35	85 17
35	79 65
35	84 18
35	83 18
35	85 18
35	79 52
35	84 19
35	83 19
35	85 19
35	79 55
35	84 20
35	83 20
35	85 20
35	79 54
35	84 1
35	83 1
35	85 1
35	79 48
35	84 2
35	83 2
35	85 2
35	79 56
35	84 3
35	83 3
35	85 3
35	79 54
35	84 4
35	83 4
35	85 4
35	79 55
35	84 5
35	83 5
35	85 5
35	79 47
35	84 6
35	83 6
35	85 6
35	79 52
35	84 7
35	83 7
35	85 7
35	79 51
35	84 8
35	83 8
35	85 8
35	79 55
35	84 9
35	83 9
35	85 9
35	79 51
35	84 10
35	83 10
35	85 10
35	79 57
35	84 11
35	83 11
35	85 11
35	79 48
35	84 12
35	83 12
35	85 12
35	79 58
35	84 13
35	83 13
35	85 13
35	79 58
35	84 14
35	83 14
35	85 14
35	79 67
35	84 15
35	83 15
35	85 15
35	79 55
35	84 16
35	83 16
35	85 16
35	79 54
35	84 17
35	83 17
35	85 17
35	79 54
35	84 18
35	83 18
35	85 18
35	79 56
35	84 19
35	84 20
35	83 20
35	85 20
35	79 53
35	84 1
35	83 1
35	85 19
35	79 211
35	83 1
35	85 1
35	79 72
35	84 2
35	83 2
35	85 2
35	79 47
35	84 3
35	83 3
35	85 3
35	79 46
35	84 4
35	83 4
35	85 4
35	79 53
35	84 5
35	83 5
35	85 5
35	79 52
35	84 6
35	83 6
35	85 6
35	79 52
35	84 7
35	84 8
35	83 8
35	85 8
35	79 52
35	84 9
35	83 9
35	85 7
35	79 210
35	83 9
35	85 9
35	79 58
35	84 10
35	TEST_NUMBER 4
35	SENT_TOTAL 250
35	RECEIVED_TOTAL 249
35	TIME_TOTAL 29797
35	RECEIVED_RADIO_1 126
35	RECEIVED_RADIO_2 124
35	SENT_RADIO_1 126
35	SENT_RADIO_2 124
35	RADIO_TIME_1 29819
35	RADIO_TIME_2 19763
35	RETRANSMISSIONS_1 0
35	RETRANSMISSIONS_2 2
35	DROPPED_1 0
35	DROPPED_2 0
35	MAX_QUEUE 1
35	DUPLICATED_1 1
35	DUPLICATED_2 0
35	EBUSY_RADIO_1 0
35	EBUSY_RADIO_2 0
35	83 0
35	85 10
35	86 4
35	84 1
35	83 1
35	85 1
35	79 54
35	84 2
35	83 2
35	85 2
35	79 58
35	84 3
35	83 3
35	85 3
35	79 58
35	84 4
35	83 4
35	85 4
35	79 51
35	84 5
35	83 5
35	85 5
35	79 49
35	84 6
35	83 6
35	85 6
35	79 58
35	84 7
35	83 7
35	85 7
35	79 58
35	84 8
35	83 8
35	85 8
35	79 53
35	84 9
35	83 9
35	85 9
35	79 48
35	84 10
35	83 10
35	85 10
35	79 56
35	84 11
35	83 11
35	85 11
35	79 54
35	84 12
35	83 12
35	85 12
35	79 56
35	84 13
35	84 14
35	84 15
35	83 15
35	85 15
35	79 56
35	84 16
35	83 16
35	85 13
35	79 292
35	83 16
35	85 14
35	79 231
35	83 16
35	85 16
35	79 76
35	84 17
35	83 17
35	85 17
35	79 55
35	84 18
35	83 18
35	85 18
35	79 59
35	84 19
35	83 19
35	85 19
35	79 52
35	84 20
35	84 1
35	83 1
35	85 1
35	79 58
35	84 2
35	83 2
35	85 20
35	79 216
35	83 2
35	85 2
35	79 63
35	84 3
35	83 3
35	85 3
35	79 53
35	84 4
35	84 5
35	83 5
35	85 5
35	79 53
35	84 6
35	83 6
35	85 4
35	79 219
35	83 6
35	85 6
35	79 70
35	84 7
35	83 7
35	85 7
35	79 58
35	84 8
35	83 8
35	85 8
35	79 53
35	84 9
35	83 9
35	85 9
35	79 55
35	84 10
35	83 10
35	85 10
35	79 56
35	84 11
35	83 11
35	85 11
35	79 50
35	84 12
35	83 12
35	85 12
35	79 54
35	84 13
35	83 13
35	85 13
35	79 59
35	84 14
35	83 14
35	85 14
35	79 53
35	84 15
35	83 15
35	85 15
35	79 59
35	84 16
35	83 16
35	85 16
35	79 54
35	84 17
35	83 17
35	85 17
35	79 58
35	84 18
35	83 18
35	85 18
35	79 52
35	84 19
35	83 19
35	85 19
35	79 49
35	84 20
35	84 1
35	83 1
35	85 1
35	79 54
35	84 2
35	84 3
35	83 3
35	85 20
35	79 294
35	83 3
35	85 3
35	79 72
35	84 4
35	83 4
35	85 2
35	79 218
35	84 5
35	83 5
35	85 4
35	79 147
35	84 6
35	83 6
35	85 5
35	79 82
35	83 6
35	85 6
35	79 49
35	84 7
35	84 8
35	83 8
35	85 8
35	79 52
35	84 9
35	83 9
35	85 7
35	79 215
35	83 9
35	85 9
35	79 73
35	84 10
35	83 10
35	85 10
35	79 52
35	84 11
35	83 11
35	85 11
35	79 46
35	84 12
35	84 13
35	83 13
35	85 13
35	79 49
35	84 14
35	83 14
35	85 12
35	79 210
35	83 14
35	85 14
35	79 60
35	84 15
35	84 16
35	83 16
35	85 16
35	79 49
35	84 17
35	83 17
35	85 15
35	79 212
35	83 17
35	85 17
35	79 60
35	84 18
35	83 18
35	85 18
35	79 59
35	84 19
35	84 20
35	83 20
35	85 20
35	79 56
35	84 1
35	83 1
35	85 19
35	79 214
35	83 1
35	85 1
35	79 61
35	84 2
35	83 2
35	85 2
35	79 54
35	84 3
35	84 4
35	83 4
35	85 4
35	79 50
35	84 5
35	83 5
35	85 3
35	79 216
35	83 5
35	85 5
35	79 76
35	84 6
35	83 6
35	85 6
35	79 53
35	84 7
35	83 7
35	85 7
35	79 56
35	84 8
35	83 8
35	85 8
35	79 53
35	84 9
35	83 9
35	85 9
35	79 52
35	84 10
35	83 10
35	85 10
35	79 59
35	84 11
35	84 12
35	83 12
35	85 12
35	79 49
35	84 13
35	83 13
35	85 11
35	79 211
35	83 13
35	85 13
35	79 60
35	84 14
35	83 14
35	85 14
35	79 51
35	84 15
35	83 15
35	85 15
35	79 50
35	84 16
35	83 16
35	85 16
35	79 54
35	84 17
35	83 17
35	85 17
35	79 53
35	84 18
35	83 18
35	85 18
35	79 53
35	84 19
35	83 19
35	85 19
35	79 52
35	84 20
35	83 20
35	85 20
35	79 53
35	84 1
35	83 1
35	85 1
35	79 53
35	84 2
35	83 2
35	85 2
35	79 58
35	84 3
35	83 3
35	85 3
35	79 49
35	84 4
35	83 4
35	85 4
35	79 52
35	84 5
35	83 5
35	85 5
35	79 52
35	84 6
35	84 7
35	83 7
35	85 7
35	79 47
35	84 8
35	83 8
35	85 8
35	79 61
35	83 8
35	85 6
35	79 225
35	84 9
35	83 9
35	85 9
35	79 54
35	84 10
35	84 11
35	84 12
35	83 12
35	85 12
35	79 58
35	84 13
35	83 13
35	85 10
35	79 286
35	83 13
35	85 13
35	79 64
35	83 13
35	85 11
35	79 230
35	84 14
35	83 14
35	85 14
35	79 51
35	84 15
35	84 16
35	84 17
35	83 17
35	85 15
35	79 224
35	83 17
35	85 17
35	79 74
35	84 18
35	83 18
35	85 16
35	79 212
35	84 19
35	83 19
35	85 19
35	79 48
35	84 20
35	83 20
35	85 18
35	79 219
35	83 20
35	85 20
35	79 66
35	84 1
35	83 1
35	85 1
35	79 64
35	84 2
35	83 2
35	85 2
35	79 54
35	84 3
35	83 3
35	85 3
35	79 57
35	84 4
35	83 4
35	85 4
35	79 58
35	84 5
35	83 5
35	85 5
35	79 52
35	84 6
35	83 6
35	85 6
35	79 54
35	84 7
35	83 7
35	85 7
35	79 55
35	84 8
35	83 8
35	85 8
35	79 53
35	84 9
35	83 9
35	85 9
35	79 55
35	84 10
35	83 10
35	85 10
35	79 55
35	84 11
35	83 11
35	85 11
35	79 53
35	84 12
35	83 12
35	85 12
35	79 53
35	84 13
35	83 13
35	85 13
35	79 58
35	84 14
35	84 15
35	83 15
35	85 15
35	79 57
35	84 16
35	83 16
35	85 14
35	79 229
35	84 17
35	83 17
35	85 17
35	79 51
35	84 18
35	83 18
35	85 16
35	79 231
35	84 19
35	83 19
35	85 18
35	79 81
35	83 19
35	85 19
35	79 47
35	84 20
35	83 20
35	85 20
35	79 55
35	84 1
35	83 1
35	85 1
35	79 52
35	84 2
35	84 3
35	84 4
35	83 4
35	85 3
35	79 137
35	83 4
35	85 2
35	79 218
35	83 4
35	85 4
35	79 66
35	84 5
35	83 5
35	85 5
35	79 65
35	84 6
35	83 6
35	85 6
35	79 56
35	84 7
35	83 7
35	85 7
35	79 55
35	84 8
35	83 8
35	85 8
35	79 47
35	84 9
35	84 10
35	83 10
35	85 10
35	79 56
35	84 11
35	83 11
35	85 9
35	79 217
35	83 11
35	85 11
35	79 65
35	84 12
35	83 12
35	85 12
35	79 48
35	84 13
35	83 13
35	85 13
35	79 51
35	84 14
35	83 14
35	85 14
35	79 52
35	84 15
35	83 15
35	85 15
35	79 53
35	84 16
35	83 16
35	85 16
35	79 50
35	84 17
35	83 17
35	85 17
35	79 57
35	84 18
35	83 18
35	85 18
35	79 52
35	84 19
35	83 19
35	85 19
35	79 46
35	84 20
35	83 20
35	85 20
35	79 56
35	84 1
35	84 2
35	83 2
35	85 2
35	79 55
35	84 3
35	83 3
35	85 1
35	79 220
35	84 4
35	83 4
35	85 4
35	79 53
35	84 5
35	83 5
35	85 3
35	79 209
35	83 5
35	85 5
35	79 58
35	84 6
35	83 6
35	85 6
35	79 51
35	84 7
35	84 8
35	83 8
35	85 8
35	79 64
35	84 9
35	83 9
35	85 7
35	79 227
35	84 10
35	83 10
35	85 10
35	79 52
35	84 11
35	83 11
35	85 9
35	79 216
35	83 11
35	85 11
35	79 62
35	84 12
35	83 12
35	85 12
35	79 52
35	84 13
35	84 14
35	83 14
35	85 14
35	79 47
35	84 15
35	83 15
35	85 13
35	79 235
35	84 16
35	83 16
35	85 16
35	79 50
35	84 17
35	83 17
35	85 15
35	79 212
35	83 17
35	85 17
35	79 58
35	84 18
35	84 19
35	84 20
35	83 20
35	85 18
35	79 209
35	83 20
35	85 20
35	79 59
35	84 1
35	83 1
35	85 19
35	79 224
35	83 1
35	85 1
35	79 74
35	84 2
35	83 2
35	85 2
35	79 51
35	84 3
35	83 3
35	85 3
35	79 50
35	84 4
35	83 4
35	85 4
35	79 53
35	84 5
35	84 6
35	83 6
35	85 6
35	79 58
35	84 7
35	84 8
35	83 8
35	85 5
35	79 289
35	83 8
35	85 8
35	79 58
35	84 9
35	83 9
35	85 7
35	79 219
35	84 10
35	83 10
35	85 10
35	79 52
35	84 11
35	83 11
35	85 9
35	79 211
35	83 11
35	85 11
35	79 61
35	84 12
35	83 12
35	85 12
35	79 50
35	84 13
35	83 13
35	85 13
35	79 58
35	84 14
35	83 14
35	85 14
35	79 55
35	84 15
35	84 16
35	83 16
35	85 16
35	79 55
35	84 17
35	83 17
35	85 15
35	79 216
35	84 18
35	83 18
35	85 18
35	79 53
35	84 19
35	83 19
35	85 17
35	79 208
35	83 19
35	85 19
35	79 61
35	84 20
35	83 20
35	85 20
35	79 52
35	84 1
35	83 1
35	85 1
35	79 57
35	84 2
35	83 2
35	85 2
35	79 52
35	84 3
35	83 3
35	85 3
35	79 56
35	84 4
35	83 4
35	85 4
35	79 51
35	84 5
35	84 6
35	83 6
35	85 6
35	79 51
35	84 7
35	83 7
35	85 5
35	79 229
35	84 8
35	83 8
35	85 7
35	79 90
35	83 8
35	85 8
35	79 48
35	84 9
35	84 10
35	83 10
35	85 10
35	79 52
35	84 11
35	83 11
35	85 9
35	79 225
35	84 12
35	83 12
35	85 12
35	79 49
35	84 13
35	83 13
35	85 11
35	79 237
35	84 14
35	83 14
35	85 14
35	79 51
35	84 15
35	83 15
35	85 13
35	79 214
35	84 16
35	84 17
35	83 17
35	85 15
35	79 211
35	84 18
35	83 18
35	85 16
35	79 220
35	83 18
35	85 18
35	79 70
35	84 19
35	83 19
35	85 17
35	79 215
35	83 19
35	85 19
35	79 63
35	84 20
35	83 20
35	85 20
35	79 52
35	84 1
35	83 1
35	85 1
35	79 56
35	84 2
35	83 2
35	85 2
35	79 55
35	84 3
35	83 3
35	85 3
35	79 57
35	84 4
35	83 4
35	85 4
35	79 57
35	84 5
35	83 5
35	85 5
35	79 53
35	84 6
35	83 6
35	85 6
35	79 50
35	84 7
35	83 7
35	85 7
35	79 53
35	84 8
35	83 8
35	85 8
35	79 53
35	84 9
35	84 10
35	83 10
35	85 10
35	79 58
35	84 11
35	83 11
35	85 9
35	79 218
35	83 11
35	85 11
35	79 66
35	84 12
35	83 12
35	85 12
35	79 64
35	84 13
35	83 13
35	85 13
35	79 49
35	84 14
35	83 14
35	85 14
35	79 49
35	84 15
35	83 15
35	85 15
35	79 53
35	84 16
35	83 16
35	85 16
35	79 52
35	84 17
35	83 17
35	85 17
35	79 62
35	84 18
35	83 18
35	85 18
35	79 56
35	84 19
35	83 19
35	85 19
35	79 45
35	84 20
35	84 1
35	84 2
35	83 2
35	85 2
35	79 60
35	84 3
35	83 3
35	85 3
35	79 66
35	83 3
35	85 20
35	79 306
35	83 3
35	85 1
35	79 238
35	84 4
35	84 5
35	83 5
35	85 4
35	79 138
35	83 5
35	85 5
35	79 67
35	84 6
35	83 6
35	85 6
35	79 57
35	84 7
35	83 7
35	85 7
35	79 51
35	84 8
35	83 8
35	85 8
35	79 52
35	84 9
35	84 10
35	83 10
35	85 10
35	79 56
35	84 11
35	83 11
35	85 11
35	79 57
35	84 12
35	83 12
35	85 9
35	79 289
35	84 13
35	83 13
35	85 13
35	79 50
35	84 14
35	83 14
35	85 12
35	79 215
35	84 15
35	83 15
35	85 15
35	79 55
35	84 16
35	83 16
35	85 14
35	79 218
35	83 16
35	85 16
35	79 69
35	84 17
35	83 17
35	85 17
35	79 55
35	84 18
35	83 18
35	85 18
35	79 51
35	84 19
35	83 19
35	85 19
35	79 51
35	84 20
35	83 20
35	85 20
35	79 58
35	84 1
35	83 1
35	85 1
35	79 51
35	84 2
35	83 2
35	85 2
35	79 50
35	84 3
35	83 3
35	85 3
35	79 49
35	84 4
35	84 5
35	83 5
35	85 5
35	79 49
35	84 6
35	83 6
35	85 4
35	79 213
35	83 6
35	85 6
35	79 60
35	84 7
35	83 7
35	85 7
35	79 50
35	84 8
35	83 8
35	85 8
35	79 47
35	84 9
35	83 9
35	85 9
35	79 51
35	84 10
35	TEST_NUMBER 5
35	SENT_TOTAL 250
35	RECEIVED_TOTAL 249
35	TIME_TOTAL 29798
35	RECEIVED_RADIO_1 128
35	RECEIVED_RADIO_2 122
35	SENT_RADIO_1 127
35	SENT_RADIO_2 123
35	RADIO_TIME_1 19709
35	RADIO_TIME_2 29827
35	RETRANSMISSIONS_1 0
35	RETRANSMISSIONS_2 4
35	DROPPED_1 0
35	DROPPED_2 0
35	MAX_QUEUE 1
35	DUPLICATED_1 4
35	DUPLICATED_2 0
35	EBUSY_RADIO_1 0
35	EBUSY_RADIO_2 0
35	83 0
35	85 10
35	86 5
35	84 1
35	83 1
35	85 1
35	79 58
35	84 2
35	83 2
35	85 2
35	79 50
35	84 3
35	83 3
35	85 3
35	79 51
35	84 4
35	83 4
35	85 4
35	79 54
35	84 5
35	83 5
35	85 5
35	79 53
35	84 6
35	84 7
35	83 7
35	85 7
35	79 49
35	84 8
35	83 8
35	85 6
35	79 212
35	83 8
35	85 8
35	79 62
35	84 9
35	83 9
35	85 9
35	79 54
35	84 10
35	84 11
35	83 11
35	85 11
35	79 55
35	84 12
35	83 12
35	85 10
35	79 222
35	83 12
35	85 12
35	79 62
35	84 13
35	83 13
35	85 13
35	79 60
35	84 14
35	84 15
35	83 15
35	85 15
35	79 51
35	84 16
35	84 17
35	83 17
35	85 14
35	79 287
35	84 18
35	83 18
35	85 16
35	79 219
35	83 18
35	85 17
35	79 155
35	84 19
35	84 20
35	83 20
35	85 18
35	79 163
35	83 20
35	85 20
35	79 75
35	84 1
35	83 1
35	85 19
35	79 209
35	84 2
35	84 3
35	83 3
35	85 1
35	79 233
35	83 3
35	85 2
35	79 154
35	84 4
35	83 4
35	85 4
35	79 51
35	84 5
35	83 5
35	85 3
35	79 211
35	83 5
35	85 5
35	79 64
35	84 6
35	83 6
35	85 6
35	79 52
35	84 7
35	83 7
35	85 7
35	79 55
35	84 8
35	83 8
35	85 8
35	79 59
35	84 9
35	83 9
35	85 9
35	79 52
35	84 10
35	83 10
35	85 10
35	79 51
35	84 11
35	84 12
35	83 12
35	85 12
35	79 51
35	84 13
35	83 13
35	85 11
35	79 215
35	83 13
35	85 13
35	79 64
35	84 14
35	83 14
35	85 14
35	79 54
35	84 15
35	83 15
35	85 15
35	79 57
35	84 16
35	83 16
35	85 16
35	79 62
35	84 17
35	84 18
35	83 18
35	85 18
35	79 53
35	84 19
35	83 19
35	85 17
35	79 211
35	83 19
35	85 19
35	79 61
35	84 20
35	83 20
35	85 20
35	79 54
35	84 1
35	83 1
35	85 1
35	79 59
35	84 2
35	83 2
35	85 2
35	79 56
35	84 3
35	83 3
35	85 3
35	79 55
35	84 4
35	83 4
35	85 4
35	79 56
35	84 5
35	84 6
35	83 6
35	85 6
35	79 53
35	84 7
35	84 8
35	83 8
35	85 5
35	79 240
35	83 8
35	85 7
35	79 97
35	83 8
35	85 8
35	79 51
35	84 9
35	83 9
35	85 9
35	79 53
35	84 10
35	83 10
35	85 10
35	79 55
35	84 11
35	83 11
35	85 11
35	79 51
35	84 12
35	83 12
35	85 12
35	79 55
35	84 13
35	83 13
35	85 13
35	79 50
35	84 14
35	83 14
35	85 14
35	79 53
35	84 15
35	83 15
35	85 15
35	79 54
35	84 16
35	83 16
35	85 16
35	79 58
35	84 17
35	83 17
35	85 17
35	79 48
35	84 18
35	83 18
35	85 18
35	79 51
35	84 19
35	83 19
35	85 19
35	79 57
35	84 20
35	83 20
35	85 20
35	79 50
35	84 1
35	84 2
35	83 2
35	85 2
35	79 55
35	84 3
35	83 3
35	85 1
35	79 221
35	83 3
35	85 3
35	79 71
35	84 4
35	83 4
35	85 4
35	79 56
35	84 5
35	83 5
35	85 5
35	79 50
35	84 6
35	83 6
35	85 6
35	79 56
35	84 7
35	83 7
35	85 7
35	79 53
35	84 8
35	83 8
35	85 8
35	79 54
35	84 9
35	84 10
35	83 10
35	85 10
35	79 53
35	84 11
35	83 11
35	85 9
35	79 210
35	83 11
35	85 11
35	79 59
35	84 12
35	83 12
35	85 12
35	79 53
35	84 13
35	84 14
35	83 14
35	85 14
35	79 55
35	84 15
35	83 15
35	85 13
35	79 216
35	83 15
35	85 15
35	79 63
35	84 16
35	83 16
35	85 16
35	79 50
35	84 17
35	84 18
35	83 18
35	85 18
35	79 55
35	84 19
35	83 19
35	85 17
35	79 213
35	83 19
35	85 19
35	79 64
35	84 20
35	83 20
35	85 20
35	79 51
35	84 1
35	83 1
35	85 1
35	79 51
35	84 2
35	84 3
35	83 3
35	85 3
35	79 59
35	84 4
35	83 4
35	85 2
35	79 210
35	83 4
35	85 4
35	79 58
35	84 5
35	83 5
35	85 5
35	79 53
35	84 6
35	83 6
35	85 6
35	79 54
35	84 7
35	83 7
35	85 7
35	79 53
35	84 8
35	83 8
35	85 8
35	79 52
35	84 9
35	83 9
35	85 9
35	79 52
35	84 10
35	83 10
35	85 10
35	79 52
35	84 11
35	83 11
35	85 11
35	79 49
35	84 12
35	83 12
35	85 12
35	79 51
35	84 13
35	83 13
35	85 13
35	79 52
35	84 14
35	83 14
35	85 14
35	79 50
35	84 15
35	83 15
35	85 15
35	79 53
35	84 16
35	83 16
35	85 16
35	79 50
35	84 17
35	83 17
35	85 17
35	79 58
35	84 18
35	83 18
35	85 18
35	79 58
35	84 19
35	83 19
35	85 19
35	79 61
35	84 20
35	83 20
35	85 20
35	79 54
35	84 1
35	84 2
35	83 2
35	85 2
35	79 56
35	84 3
35	83 3
35	85 1
35	79 212
35	83 3
35	85 3
35	79 61
35	84 4
35	83 4
35	85 4
35	79 56
35	84 5
35	84 6
35	83 6
35	85 6
35	79 48
35	84 7
35	83 7
35	85 5
35	79 213
35	83 7
35	85 7
35	79 64
35	84 8
35	83 8
35	85 8
35	79 51
35	84 9
35	83 9
35	85 9
35	79 50
35	84 10
35	83 10
35	85 10
35	79 52
35	84 11
35	83 11
35	85 11
35	79 54
35	84 12
35	83 12
35	85 12
35	79 60
35	84 13
35	84 14
35	83 14
35	85 14
35	79 49
35	84 15
35	83 15
35	85 13
35	79 210
35	84 16
35	83 16
35	85 16
35	79 52
35	84 17
35	83 17
35	85 15
35	79 217
35	83 17
35	85 17
35	79 65
35	84 18
35	83 18
35	85 18
35	79 51
35	84 19
35	84 20
35	84 1
35	83 1
35	85 20
35	79 137
35	83 1
35	85 19
35	79 223
35	83 1
35	85 1
35	79 69
35	84 2
35	83 2
35	85 2
35	79 50
35	84 3
35	83 3
35	85 3
35	79 50
35	84 4
35	83 4
35	85 4
35	79 56
35	84 5
35	84 6
35	83 6
35	85 6
35	79 58
35	84 7
35	83 7
35	85 5
35	79 216
35	83 7
35	85 7
35	79 57
35	84 8
35	83 8
35	85 8
35	79 67
35	84 9
35	83 9
35	85 9
35	79 50
35	84 10
35	83 10
35	85 10
35	79 53
35	84 11
35	83 11
35	85 11
35	79 55
35	84 12
35	83 12
35	85 12
35	79 56
35	84 13
35	83 13
35	85 13
35	79 49
35	84 14
35	83 14
35	85 14
35	79 51
35	84 15
35	83 15
35	85 15
35	79 53
35	84 16
35	83 16
35	85 16
35	79 55
35	84 17
35	83 17
35	85 17
35	79 52
35	84 18
35	83 18
35	85 18
35	79 56
35	84 19
35	83 19
35	85 19
35	79 53
35	84 20
35	84 1
35	83 1
35	85 1
35	79 58
35	84 2
35	83 2
35	85 20
35	79 213
35	84 3
35	83 3
35	85 3
35	79 51
35	84 4
35	84 5
35	83 5
35	85 2
35	79 270
35	83 5
35	85 4
35	79 116
35	83 5
35	85 5
35	79 57
35	84 6
35	83 6
35	85 6
35	79 55
35	84 7
35	83 7
35	85 7
35	79 52
35	84 8
35	83 8
35	85 8
35	79 51
35	84 9
35	83 9
35	85 9
35	79 51
35	84 10
35	83 10
35	85 10
35	79 51
35	84 11
35	84 12
35	83 12
35	85 12
35	79 57
35	84 13
35	84 14
35	84 15
35	83 15
35	85 11
35	79 374
35	83 15
35	85 13
35	79 222
35	83 15
35	85 14
35	79 153
35	84 16
35	83 16
35	85 15
35	79 91
35	84 17
35	83 17
35	85 17
35	79 53
35	84 18
35	83 18
35	85 16
35	79 222
35	83 18
35	85 18
35	79 74
35	84 19
35	83 19
35	85 19
35	79 53
35	84 20
35	84 1
35	83 1
35	85 1
35	79 52
35	84 2
35	83 2
35	85 20
35	79 216
35	84 3
35	83 3
35	85 3
35	79 51
35	84 4
35	83 4
35	85 2
35	79 213
35	84 5
35	83 5
35	85 5
35	79 56
35	84 6
35	83 6
35	85 4
35	79 223
35	83 6
35	85 6
35	79 72
35	84 7
35	83 7
35	85 7
35	79 53
35	84 8
35	83 8
35	85 8
35	79 52
35	84 9
35	83 9
35	85 9
35	79 51
35	84 10
35	84 11
35	83 11
35	85 11
35	79 51
35	84 12
35	83 12
35	85 10
35	79 218
35	83 12
35	85 12
35	79 62
35	84 13
35	84 14
35	83 14
35	85 14
35	79 64
35	84 15
35	83 15
35	85 13
35	79 214
35	83 15
35	85 15
35	79 66
35	84 16
35	83 16
35	85 16
35	79 46
35	84 17
35	83 17
35	85 17
35	79 50
35	84 18
35	83 18
35	85 18
35	79 52
35	84 19
35	83 19
35	85 19
35	79 48
35	84 20
35	83 20
35	85 20
35	79 52
35	84 1
35	83 1
35	85 1
35	79 57
35	84 2
35	83 2
35	85 2
35	79 52
35	84 3
35	83 3
35	85 3
35	79 55
35	84 4
35	83 4
35	85 4
35	79 64
35	84 5
35	84 6
35	83 6
35	85 6
35	79 51
35	84 7
35	83 7
35	85 5
35	79 211
35	83 7
35	85 7
35	79 70
35	84 8
35	83 8
35	85 8
35	79 49
35	84 9
35	83 9
35	85 9
35	79 46
35	84 10
35	83 10
35	85 10
35	79 55
35	84 11
35	83 11
35	85 11
35	79 52
35	84 12
35	83 12
35	85 12
35	79 51
35	84 13
35	84 14
35	83 14
35	85 14
35	79 52
35	84 15
35	84 16
35	83 16
35	85 13
35	79 299
35	83 16
35	85 16
35	79 68
35	84 17
35	83 17
35	85 15
35	79 216
35	84 18
35	83 18
35	85 17
35	79 158
35	84 19
35	83 19
35	85 18
35	79 93
35	83 19
35	85 19
35	79 73
35	84 20
35	84 1
35	83 1
35	85 1
35	79 67
35	84 2
35	83 2
35	85 20
35	79 220
35	83 2
35	85 2
35	79 69
35	84 3
35	83 3
35	85 3
35	79 49
35	84 4
35	84 5
35	83 5
35	85 5
35	79 49
35	84 6
35	83 6
35	85 4
35	79 210
35	84 7
35	83 7
35	85 7
35	79 47
35	84 8
35	83 8
35	85 6
35	79 219
35	84 9
35	83 9
35	85 9
35	79 54
35	84 10
35	83 10
35	85 8
35	79 210
35	83 10
35	85 10
35	79 63
35	84 11
35	83 11
35	85 11
35	79 53
35	84 12
35	84 13
35	83 13
35	85 13
35	79 49
35	84 14
35	83 14
35	85 12
35	79 221
35	83 14
35	85 14
35	79 72
35	84 15
35	83 15
35	85 15
35	79 50
35	84 16
35	84 17
35	83 17
35	85 17
35	79 57
35	84 18
35	83 18
35	85 16
35	79 217
35	83 18
35	85 18
35	79 67
35	84 19
35	83 19
35	85 19
35	79 59
35	84 20
35	83 20
35	85 20
35	79 52
35	84 1
35	83 1
35	85 1
35	79 57
35	84 2
35	83 2
35	85 2
35	79 54
35	84 3
35	83 3
35	85 3
35	79 56
35	84 4
35	83 4
35	85 4
35	79 54
35	84 5
35	83 5
35	85 5
35	79 67
35	84 6
35	84 7
35	83 7
35	85 7
35	79 55
35	84 8
35	83 8
35	85 6
35	79 211
35	83 8
35	85 8
35	79 60
35	84 9
35	83 9
35	85 9
35	79 54
35	84 10
35	84 11
35	83 11
35	85 11
35	79 55
35	84 12
35	83 12
35	85 10
35	79 214
35	83 12
35	85 12
35	79 65
35	84 13
35	83 13
35	85 13
35	79 52
35	84 14
35	83 14
35	85 14
35	79 56
35	84 15
35	83 15
35	85 15
35	79 59
35	84 16
35	83 16
35	85 16
35	79 54
35	84 17
35	83 17
35	85 17
35	79 56
35	84 18
35	83 18
35	85 18
35	79 49
35	84 19
35	83 19
35	85 19
35	79 59
35	84 20
35	84 1
35	84 2
35	83 2
35	85 20
35	79 218
35	83 2
35	85 1
35	79 139
35	83 2
35	85 2
35	79 73
35	84 3
35	83 3
35	85 3
35	79 62
35	84 4
35	83 4
35	85 4
35	79 53
35	84 5
35	84 6
35	83 6
35	85 6
35	79 53
35	84 7
35	83 7
35	85 5
35	79 216
35	83 7
35	85 7
35	79 66
35	84 8
35	83 8
35	85 8
35	79 55
35	84 9
35	84 10
35	TEST_NUMBER 6
35	SENT_TOTAL 250
35	RECEIVED_TOTAL 248
35	TIME_TOTAL 29728
35	RECEIVED_RADIO_1 127
35	RECEIVED_RADIO_2 122
35	SENT_RADIO_1 128
35	SENT_RADIO_2 122
35	RADIO_TIME_1 29833
35	RADIO_TIME_2 19705
35	RETRANSMISSIONS_1 0
35	RETRANSMISSIONS_2 11
35	DROPPED_1 0
35	DROPPED_2 0
35	MAX_QUEUE 1
35	DUPLICATED_1 1
35	DUPLICATED_2 0
35	EBUSY_RADIO_1 0
35	EBUSY_RADIO_2 0
35	83 0
35	85 10
35	86 6

51	RELAY_NODE 51
51	TEST_NUMBER 0
51	SENT_TOTAL 0
51	RECEIVED_TOTAL 0
51	TIME_TOTAL 0
51	RECEIVED_RADIO_1 126
51	RECEIVED_RADIO_2 127
51	SENT_RADIO_1 127
51	SENT_RADIO_2 126
51	RADIO_TIME_1 19885
51	RADIO_TIME_2 19885
51	RETRANSMISSIONS_1 4
51	RETRANSMISSIONS_2 2
51	DROPPED_1 0
51	DROPPED_2 0
51	MAX_QUEUE 1
51	DUPLICATED_1 4
51	DUPLICATED_2 0
51	EBUSY_RADIO_1 0
51	EBUSY_RADIO_2 0
51	TEST_NUMBER 1
51	SENT_TOTAL 0
51	RECEIVED_TOTAL 0
51	TIME_TOTAL 0
51	RECEIVED_RADIO_1 127
51	RECEIVED_RADIO_2 127
51	SENT_RADIO_1 127
51	SENT_RADIO_2 127
51	RADIO_TIME_1 19858
51	RADIO_TIME_2 19858
51	RETRANSMISSIONS_1 9
51	RETRANSMISSIONS_2 2
51	DROPPED_1 0
51	DROPPED_2 0
51	MAX_QUEUE 1
51	DUPLICATED_1 5
51	DUPLICATED_2 1
51	EBUSY_RADIO_1 0
51	EBUSY_RADIO_2 0
51	TEST_NUMBER 2
51	SENT_TOTAL 0
51	RECEIVED_TOTAL 0
51	TIME_TOTAL 0
51	RECEIVED_RADIO_1 125
51	RECEIVED_RADIO_2 126
51	SENT_RADIO_1 126
51	SENT_RADIO_2 125
51	RADIO_TIME_1 19768
51	RADIO_TIME_2 19768
51	RETRANSMISSIONS_1 7
51	RETRANSMISSIONS_2 4
51	DROPPED_1 0
51	DROPPED_2 0
51	MAX_QUEUE 1
51	DUPLICATED_1 2
51	DUPLICATED_2 0
51	EBUSY_RADIO_1 0
51	EBUSY_RADIO_2 0
51	TEST_NUMBER 3
51	SENT_TOTAL 0
51	RECEIVED_TOTAL 0
51	TIME_TOTAL 0
51	RECEIVED_RADIO_1 125
51	RECEIVED_RADIO_2 128
51	SENT_RADIO_1 127
51	SENT_RADIO_2 125
51	RADIO_TIME_1 19883
51	RADIO_TIME_2 19883
51	RETRANSMISSIONS_1 9
51	RETRANSMISSIONS_2 11
51	DROPPED_1 0
51	DROPPED_2 1
51	MAX_QUEUE 2
51	DUPLICATED_1 5
51	DUPLICATED_2 0
51	EBUSY_RADIO_1 0
51	EBUSY_RADIO_2 0
51	TEST_NUMBER 4
51	SENT_TOTAL 0
51	RECEIVED_TOTAL 0
51	TIME_TOTAL 0
51	RECEIVED_RADIO_1 125
51	RECEIVED_RADIO_2 126
51	SENT_RADIO_1 126
51	SENT_RADIO_2 125
51	RADIO_TIME_1 19763
51	RADIO_TIME_2 19763
51	RETRANSMISSIONS_1 3
51	RETRANSMISSIONS_2 1
51	DROPPED_1 0
51	DROPPED_2 0
51	MAX_QUEUE 1
51	DUPLICATED_1 1
51	DUPLICATED_2 1
51	EBUSY_RADIO_1 0
51	EBUSY_RADIO_2 0
51	TEST_NUMBER 5
51	SENT_TOTAL 0
51	RECEIVED_TOTAL 0
51	TIME_TOTAL 0
51	RECEIVED_RADIO_1 129
51	RECEIVED_RADIO_2 126
51	SENT_RADIO_1 126
51	SENT_RADIO_2 129
51	RADIO_TIME_1 19839
51	RADIO_TIME_2 19839
51	RETRANSMISSIONS_1 12
51	RETRANSMISSIONS_2 2
51	DROPPED_1 0
51	DROPPED_2 0
51	MAX_QUEUE 1
51	DUPLICATED_1 3
51	DUPLICATED_2 0
51	EBUSY_RADIO_1 0
51	EBUSY_RADIO_2 0
51	TEST_NUMBER 6
51	SENT_TOTAL 0
51	RECEIVED_TOTAL 0
51	TIME_TOTAL 0
51	RECEIVED_RADIO_1 126
51	RECEIVED_RADIO_2 129
51	SENT_RADIO_1 129
51	SENT_RADIO_2 126
51	RADIO_TIME_1 19837
51	RADIO_TIME_2 19837
51	RETRANSMISSIONS_1 17
51	RETRANSMISSIONS_2 3
51	DROPPED_1 0
51	DROPPED_2 0
51	MAX_QUEUE 1
51	DUPLICATED_1 1
51	DUPLICATED_2 0
51	EBUSY_RADIO_1 0
51	EBUSY_RADIO_2 0

52	RELAY_NODE 52
52	TEST_NUMBER 0
52	SENT_TOTAL 0
52	RECEIVED_TOTAL 0
52	TIME_TOTAL 0
52	RECEIVED_RADIO_1 127
52	RECEIVED_RADIO_2 126
52	SENT_RADIO_1 126
52	SENT_RADIO_2 127
52	RADIO_TIME_1 19874
52	RADIO_TIME_2 19866
52	RETRANSMISSIONS_1 20
52	RETRANSMISSIONS_2 0
52	DROPPED_1 0
52	DROPPED_2 0
52	MAX_QUEUE 1
52	DUPLICATED_1 1
52	DUPLICATED_2 0
52	EBUSY_RADIO_1 0
52	EBUSY_RADIO_2 0
52	TEST_NUMBER 1
52	SENT_TOTAL 0
52	RECEIVED_TOTAL 0
52	TIME_TOTAL 0
52	RECEIVED_RADIO_1 127
52	RECEIVED_RADIO_2 127
52	SENT_RADIO_1 127
52	SENT_RADIO_2 127
52	RADIO_TIME_1 19845
52	RADIO_TIME_2 19845
52	RETRANSMISSIONS_1 25
52	RETRANSMISSIONS_2 0
52	DROPPED_1 0
52	DROPPED_2 0
52	MAX_QUEUE 1
52	DUPLICATED_1 2
52	DUPLICATED_2 0
52	EBUSY_RADIO_1 0
52	EBUSY_RADIO_2 0
52	TEST_NUMBER 2
52	SENT_TOTAL 0
52	RECEIVED_TOTAL 0
52	TIME_TOTAL 0
52	RECEIVED_RADIO_1 126
52	RECEIVED_RADIO_2 126
52	SENT_RADIO_1 126
52	SENT_RADIO_2 125
52	RADIO_TIME_1 19857
52	RADIO_TIME_2 19857
52	RETRANSMISSIONS_1 39
52	RETRANSMISSIONS_2 1
52	DROPPED_1 0
52	DROPPED_2 0
52	MAX_QUEUE 2
52	DUPLICATED_1 4
52	DUPLICATED_2 0
52	EBUSY_RADIO_1 0
52	EBUSY_RADIO_2 0
52	TEST_NUMBER 3
52	SENT_TOTAL 0
52	RECEIVED_TOTAL 0
52	TIME_TOTAL 0
52	RECEIVED_RADIO_1 127
52	RECEIVED_RADIO_2 125
52	SENT_RADIO_1 124
52	SENT_RADIO_2 127
52	RADIO_TIME_1 19867
52	RADIO_TIME_2 19867
52	RETRANSMISSIONS_1 34
52	RETRANSMISSIONS_2 10
52	DROPPED_1 1
52	DROPPED_2 1
52	MAX_QUEUE 2
52	DUPLICATED_1 7
52	DUPLICATED_2 0
52	EBUSY_RADIO_1 0
52	EBUSY_RADIO_2 0
52	TEST_NUMBER 4
52	SENT_TOTAL 0
52	RECEIVED_TOTAL 0
52	TIME_TOTAL 0
52	RECEIVED_RADIO_1 126
52	RECEIVED_RADIO_2 125
52	SENT_RADIO_1 125
52	SENT_RADIO_2 126
52	RADIO_TIME_1 19763
52	RADIO_TIME_2 19763
52	RETRANSMISSIONS_1 23
52	RETRANSMISSIONS_2 0
52	DROPPED_1 0
52	DROPPED_2 0
52	MAX_QUEUE 1
52	DUPLICATED_1 2
52	DUPLICATED_2 0
52	EBUSY_RADIO_1 0
52	EBUSY_RADIO_2 0
52	TEST_NUMBER 5
52	SENT_TOTAL 0
52	RECEIVED_TOTAL 0
52	TIME_TOTAL 0
52	RECEIVED_RADIO_1 126
52	RECEIVED_RADIO_2 129
52	SENT_RADIO_1 129
52	SENT_RADIO_2 126
52	RADIO_TIME_1 19842
52	RADIO_TIME_2 19842
52	RETRANSMISSIONS_1 49
52	RETRANSMISSIONS_2 1
52	DROPPED_1 0
52	DROPPED_2 0
52	MAX_QUEUE 1
52	DUPLICATED_1 3
52	DUPLICATED_2 1
52	EBUSY_RADIO_1 0
52	EBUSY_RADIO_2 0
52	TEST_NUMBER 6
52	SENT_TOTAL 0
52	RECEIVED_TOTAL 0
52	TIME_TOTAL 0
52	RECEIVED_RADIO_1 129
52	RECEIVED_RADIO_2 127
52	SENT_RADIO_1 126
52	SENT_RADIO_2 129
52	RADIO_TIME_1 19837
52	RADIO_TIME_2 19837
52	RETRANSMISSIONS_1 54
52	RETRANSMISSIONS_2 0
52	DROPPED_1 0
52	DROPPED_2 0
52	MAX_QUEUE 1
52	DUPLICATED_1 9
52	DUPLICATED_2 0
52	EBUSY_RADIO_1 0
52	EBUSY_RADIO_2 0

57	DESTINATION_NODE 57
57	TEST_NUMBER 0
57	SENT_TOTAL 249
57	RECEIVED_TOTAL 249
57	TIME_TOTAL 19850
57	RECEIVED_RADIO_1 122
57	RECEIVED_RADIO_2 127
57	SENT_RADIO_1 123
57	SENT_RADIO_2 126
57	RADIO_TIME_1 19687
57	RADIO_TIME_2 19850
57	RETRANSMISSIONS_1 3
57	RETRANSMISSIONS_2 0
57	DROPPED_1 0
57	DROPPED_2 0
57	MAX_QUEUE 1
57	DUPLICATED_1 2
57	DUPLICATED_2 0
57	EBUSY_RADIO_1 0
57	EBUSY_RADIO_2 0
57	86 0
57	TEST_NUMBER 1
57	SENT_TOTAL 251
57	RECEIVED_TOTAL 250
57	TIME_TOTAL 19843
57	RECEIVED_RADIO_1 124
57	RECEIVED_RADIO_2 127
57	SENT_RADIO_1 124
57	SENT_RADIO_2 127
57	RADIO_TIME_1 19843
57	RADIO_TIME_2 19830
57	RETRANSMISSIONS_1 4
57	RETRANSMISSIONS_2 1
57	DROPPED_1 0
57	DROPPED_2 0
57	MAX_QUEUE 2
57	DUPLICATED_1 0
57	DUPLICATED_2 0
57	EBUSY_RADIO_1 0
57	EBUSY_RADIO_2 0
57	TEST_NUMBER 2
57	SENT_TOTAL 250
57	RECEIVED_TOTAL 250
57	TIME_TOTAL 19844
57	RECEIVED_RADIO_1 125
57	RECEIVED_RADIO_2 125
57	SENT_RADIO_1 124
57	SENT_RADIO_2 126
57	RADIO_TIME_1 19844
57	RADIO_TIME_2 19844
57	RETRANSMISSIONS_1 2
57	RETRANSMISSIONS_2 0
57	DROPPED_1 0
57	DROPPED_2 0
57	MAX_QUEUE 1
57	DUPLICATED_1 1
57	DUPLICATED_2 1
57	EBUSY_RADIO_1 0
57	EBUSY_RADIO_2 0
57	TEST_NUMBER 3
57	SENT_TOTAL 249
57	RECEIVED_TOTAL 249
57	TIME_TOTAL 19851
57	RECEIVED_RADIO_1 122
57	RECEIVED_RADIO_2 127
57	SENT_RADIO_1 124
57	SENT_RADIO_2 125
57	RADIO_TIME_1 19764
57	RADIO_TIME_2 19851
57	RETRANSMISSIONS_1 1
57	RETRANSMISSIONS_2 0
57	DROPPED_1 0
57	DROPPED_2 0
57	MAX_QUEUE 1
57	DUPLICATED_1 0
57	DUPLICATED_2 0
57	EBUSY_RADIO_1 0
57	EBUSY_RADIO_2 0
57	TEST_NUMBER 4
57	SENT_TOTAL 250
57	RECEIVED_TOTAL 250
57	TIME_TOTAL 19846
57	RECEIVED_RADIO_1 124
57	RECEIVED_RADIO_2 126
57	SENT_RADIO_1 125
57	SENT_RADIO_2 125
57	RADIO_TIME_1 19846
57	RADIO_TIME_2 19763
57	RETRANSMISSIONS_1 1
57	RETRANSMISSIONS_2 0
57	DROPPED_1 0
57	DROPPED_2 0
57	MAX_QUEUE 1
57	DUPLICATED_1 0
57	DUPLICATED_2 0
57	EBUSY_RADIO_1 0
57	EBUSY_RADIO_2 0
57	TEST_NUMBER 5
57	SENT_TOTAL 250
57	RECEIVED_TOTAL 250
57	TIME_TOTAL 19841
57	RECEIVED_RADIO_1 124
57	RECEIVED_RADIO_2 126
57	SENT_RADIO_1 121
57	SENT_RADIO_2 129
57	RADIO_TIME_1 19841
57	RADIO_TIME_2 19841
57	RETRANSMISSIONS_1 9
57	RETRANSMISSIONS_2 2
57	DROPPED_1 0
57	DROPPED_2 0
57	MAX_QUEUE 1
57	DUPLICATED_1 0
57	DUPLICATED_2 1
57	EBUSY_RADIO_1 0
57	EBUSY_RADIO_2 0
57	TEST_NUMBER 6
57	SENT_TOTAL 250
57	RECEIVED_TOTAL 250
57	TIME_TOTAL 19837
57	RECEIVED_RADIO_1 121
57	RECEIVED_RADIO_2 129
57	SENT_RADIO_1 123
57	SENT_RADIO_2 127
57	RADIO_TIME_1 19837
57	RADIO_TIME_2 19837
57	RETRANSMISSIONS_1 5
57	RETRANSMISSIONS_2 0
57	DROPPED_1 0
57	DROPPED_2 0
57	MAX_QUEUE 1
57	DUPLICATED_1 1
57	DUPLICATED_2 0
57	EBUSY_RADIO_1 0
57	EBUSY_RADIO_2 0

58	RELAY_NODE 58
58	TEST_NUMBER 0
58	SENT_TOTAL 0
58	RECEIVED_TOTAL 0
58	TIME_TOTAL 0
58	RECEIVED_RADIO_1 123
58	RECEIVED_RADIO_2 122
58	SENT_RADIO_1 122
58	SENT_RADIO_2 123
58	RADIO_TIME_1 19688
58	RADIO_TIME_2 19688
58	RETRANSMISSIONS_1 2
58	RETRANSMISSIONS_2 0
58	DROPPED_1 0
58	DROPPED_2 0
58	MAX_QUEUE 1
58	DUPLICATED_1 3
58	DUPLICATED_2 0
58	EBUSY_RADIO_1 0
58	EBUSY_RADIO_2 0
58	TEST_NUMBER 1
58	SENT_TOTAL 0
58	RECEIVED_TOTAL 0
58	TIME_TOTAL 0
58	RECEIVED_RADIO_1 124
58	RECEIVED_RADIO_2 124
58	SENT_RADIO_1 124
58	SENT_RADIO_2 124
58	RADIO_TIME_1 19844
58	RADIO_TIME_2 19844
58	RETRANSMISSIONS_1 0
58	RETRANSMISSIONS_2 0
58	DROPPED_1 0
58	DROPPED_2 0
58	MAX_QUEUE 1
58	DUPLICATED_1 4
58	DUPLICATED_2 0
58	EBUSY_RADIO_1 0
58	EBUSY_RADIO_2 0
58	TEST_NUMBER 2
58	SENT_TOTAL 0
58	RECEIVED_TOTAL 0
58	TIME_TOTAL 0
58	RECEIVED_RADIO_1 124
58	RECEIVED_RADIO_2 124
58	SENT_RADIO_1 124
58	SENT_RADIO_2 124
58	RADIO_TIME_1 19831
58	RADIO_TIME_2 19831
58	RETRANSMISSIONS_1 0
58	RETRANSMISSIONS_2 0
58	DROPPED_1 0
58	DROPPED_2 0
58	MAX_QUEUE 1
58	DUPLICATED_1 2
58	DUPLICATED_2 0
58	EBUSY_RADIO_1 0
58	EBUSY_RADIO_2 0
58	TEST_NUMBER 3
58	SENT_TOTAL 0
58	RECEIVED_TOTAL 0
58	TIME_TOTAL 0
58	RECEIVED_RADIO_1 124
58	RECEIVED_RADIO_2 122
58	SENT_RADIO_1 122
58	SENT_RADIO_2 124
58	RADIO_TIME_1 19768
58	RADIO_TIME_2 19768
58	RETRANSMISSIONS_1 0
58	RETRANSMISSIONS_2 0
58	DROPPED_1 0
58	DROPPED_2 0
58	MAX_QUEUE 1
58	DUPLICATED_1 1
58	DUPLICATED_2 0
58	EBUSY_RADIO_1 0
58	EBUSY_RADIO_2 0
58	TEST_NUMBER 4
58	SENT_TOTAL 0
58	RECEIVED_TOTAL 0
58	TIME_TOTAL 0
58	RECEIVED_RADIO_1 125
58	RECEIVED_RADIO_2 124
58	SENT_RADIO_1 124
58	SENT_RADIO_2 125
58	RADIO_TIME_1 19862
58	RADIO_TIME_2 19862
58	RETRANSMISSIONS_1 0
58	RETRANSMISSIONS_2 0
58	DROPPED_1 0
58	DROPPED_2 0
58	MAX_QUEUE 1
58	DUPLICATED_1 1
58	DUPLICATED_2 0
58	EBUSY_RADIO_1 0
58	EBUSY_RADIO_2 0
58	TEST_NUMBER 5
58	SENT_TOTAL 0
58	RECEIVED_TOTAL 0
58	TIME_TOTAL 0
58	RECEIVED_RADIO_1 121
58	RECEIVED_RADIO_2 124
58	SENT_RADIO_1 124
58	SENT_RADIO_2 121
58	RADIO_TIME_1 19842
58	RADIO_TIME_2 19842
58	RETRANSMISSIONS_1 0
58	RETRANSMISSIONS_2 0
58	DROPPED_1 0
58	DROPPED_2 0
58	MAX_QUEUE 1
58	DUPLICATED_1 7
58	DUPLICATED_2 0
58	EBUSY_RADIO_1 0
58	EBUSY_RADIO_2 0
58	TEST_NUMBER 6
58	SENT_TOTAL 0
58	RECEIVED_TOTAL 0
58	TIME_TOTAL 0
58	RECEIVED_RADIO_1 123
58	RECEIVED_RADIO_2 121
58	SENT_RADIO_1 121
58	SENT_RADIO_2 123
58	RADIO_TIME_1 19836
58	RADIO_TIME_2 19836
58	RETRANSMISSIONS_1 1
58	RETRANSMISSIONS_2 0
58	DROPPED_1 0
58	DROPPED_2 0
58	MAX_QUEUE 1
58	DUPLICATED_1 5
58	DUPLICATED_2 0
58	EBUSY_RADIO_1 0
58	EBUSY_RADIO_2 0

59	RELAY_NODE 59
59	TEST_NUMBER 0
59	SENT_TOTAL 0
59	RECEIVED_TOTAL 0
59	TIME_TOTAL 0
59	RECEIVED_RADIO_1 122
59	RECEIVED_RADIO_2 123
59	SENT_RADIO_1 47
59	SENT_RADIO_2 122
59	RADIO_TIME_1 19691
59	RADIO_TIME_2 19691
59	RETRANSMISSIONS_1 405
59	RETRANSMISSIONS_2 359
59	DROPPED_1 40
59	DROPPED_2 36
59	MAX_QUEUE 2
59	DUPLICATED_1 1
59	DUPLICATED_2 0
59	EBUSY_RADIO_1 0
59	EBUSY_RADIO_2 0
59	TEST_NUMBER 1
59	SENT_TOTAL 0
59	RECEIVED_TOTAL 0
59	TIME_TOTAL 0
59	RECEIVED_RADIO_1 124
59	RECEIVED_RADIO_2 124
59	SENT_RADIO_1 124
59	SENT_RADIO_2 124
59	RADIO_TIME_1 19842
59	RADIO_TIME_2 19842
59	RETRANSMISSIONS_1 0
59	RETRANSMISSIONS_2 0
59	DROPPED_1 0
59	DROPPED_2 0
59	MAX_QUEUE 1
59	DUPLICATED_1 0
59	DUPLICATED_2 0
59	EBUSY_RADIO_1 0
59	EBUSY_RADIO_2 0
59	TEST_NUMBER 2
59	SENT_TOTAL 0
59	RECEIVED_TOTAL 0
59	TIME_TOTAL 0
59	RECEIVED_RADIO_1 124
59	RECEIVED_RADIO_2 124
59	SENT_RADIO_1 124
59	SENT_RADIO_2 124
59	RADIO_TIME_1 19821
59	RADIO_TIME_2 19821
59	RETRANSMISSIONS_1 0
59	RETRANSMISSIONS_2 0
59	DROPPED_1 0
59	DROPPED_2 0
59	MAX_QUEUE 1
59	DUPLICATED_1 0
59	DUPLICATED_2 0
59	EBUSY_RADIO_1 0
59	EBUSY_RADIO_2 0
59	TEST_NUMBER 3
59	SENT_TOTAL 0
59	RECEIVED_TOTAL 0
59	TIME_TOTAL 0
59	RECEIVED_RADIO_1 122
59	RECEIVED_RADIO_2 124
59	SENT_RADIO_1 124
59	SENT_RADIO_2 122
59	RADIO_TIME_1 19768
59	RADIO_TIME_2 19768
59	RETRANSMISSIONS_1 0
59	RETRANSMISSIONS_2 1
59	DROPPED_1 0
59	DROPPED_2 0
59	MAX_QUEUE 1
59	DUPLICATED_1 0
59	DUPLICATED_2 0
59	EBUSY_RADIO_1 0
59	EBUSY_RADIO_2 0
59	TEST_NUMBER 4
59	SENT_TOTAL 0
59	RECEIVED_TOTAL 0
59	TIME_TOTAL 0
59	RECEIVED_RADIO_1 124
59	RECEIVED_RADIO_2 125
59	SENT_RADIO_1 125
59	SENT_RADIO_2 124
59	RADIO_TIME_1 19876
59	RADIO_TIME_2 19876
59	RETRANSMISSIONS_1 0
59	RETRANSMISSIONS_2 0
59	DROPPED_1 0
59	DROPPED_2 0
59	MAX_QUEUE 1
59	DUPLICATED_1 0
59	DUPLICATED_2 0
59	EBUSY_RADIO_1 0
59	EBUSY_RADIO_2 0
59	TEST_NUMBER 5
59	SENT_TOTAL 0
59	RECEIVED_TOTAL 0
59	TIME_TOTAL 0
59	RECEIVED_RADIO_1 124
59	RECEIVED_RADIO_2 121
59	SENT_RADIO_1 121
59	SENT_RADIO_2 124
59	RADIO_TIME_1 19842
59	RADIO_TIME_2 19842
59	RETRANSMISSIONS_1 0
59	RETRANSMISSIONS_2 0
59	DROPPED_1 0
59	DROPPED_2 0
59	MAX_QUEUE 1
59	DUPLICATED_1 0
59	DUPLICATED_2 0
59	EBUSY_RADIO_1 0
59	EBUSY_RADIO_2 0
59	TEST_NUMBER 6
59	SENT_TOTAL 0
59	RECEIVED_TOTAL 0
59	TIME_TOTAL 0
59	RECEIVED_RADIO_1 121
59	RECEIVED_RADIO_2 123
59	SENT_RADIO_1 123
59	SENT_RADIO_2 121
59	RADIO_TIME_1 19834
59	RADIO_TIME_2 19834
59	RETRANSMISSIONS_1 0
59	RETRANSMISSIONS_2 0
59	DROPPED_1 0
59	DROPPED_2 0
59	MAX_QUEUE 1
59	DUPLICATED_1 2
59	DUPLICATED_2 0
59	EBUSY_RADIO_1 0
59	EBUSY_RADIO_2 0

60	RELAY_NODE 60
60	TEST_NUMBER 0
60	SENT_TOTAL 0
60	RECEIVED_TOTAL 0
60	TIME_TOTAL 0
60	RECEIVED_RADIO_1 47
60	RECEIVED_RADIO_2 122
60	SENT_RADIO_1 122
60	SENT_RADIO_2 47
60	RADIO_TIME_1 19642
60	RADIO_TIME_2 19642
60	RETRANSMISSIONS_1 1
60	RETRANSMISSIONS_2 1
60	DROPPED_1 0
60	DROPPED_2 0
60	MAX_QUEUE 1
60	DUPLICATED_1 1
60	DUPLICATED_2 1
60	EBUSY_RADIO_1 0
60	EBUSY_RADIO_2 0
60	TEST_NUMBER 1
60	SENT_TOTAL 0
60	RECEIVED_TOTAL 0
60	TIME_TOTAL 0
60	RECEIVED_RADIO_1 124
60	RECEIVED_RADIO_2 124
60	SENT_RADIO_1 124
60	SENT_RADIO_2 124
60	RADIO_TIME_1 19842
60	RADIO_TIME_2 19842
60	RETRANSMISSIONS_1 0
60	RETRANSMISSIONS_2 0
60	DROPPED_1 0
60	DROPPED_2 0
60	MAX_QUEUE 1
60	DUPLICATED_1 0
60	DUPLICATED_2 0
60	EBUSY_RADIO_1 0
60	EBUSY_RADIO_2 0
60	TEST_NUMBER 2
60	SENT_TOTAL 0
60	RECEIVED_TOTAL 0
60	TIME_TOTAL 0
60	RECEIVED_RADIO_1 124
60	RECEIVED_RADIO_2 124
60	SENT_RADIO_1 124
60	SENT_RADIO_2 124
60	RADIO_TIME_1 19809
60	RADIO_TIME_2 19809
60	RETRANSMISSIONS_1 0
60	RETRANSMISSIONS_2 3
60	DROPPED_1 0
60	DROPPED_2 0
60	MAX_QUEUE 1
60	DUPLICATED_1 0
60	DUPLICATED_2 1
60	EBUSY_RADIO_1 0
60	EBUSY_RADIO_2 0
60	TEST_NUMBER 3
60	SENT_TOTAL 0
60	RECEIVED_TOTAL 0
60	TIME_TOTAL 0
60	RECEIVED_RADIO_1 124
60	RECEIVED_RADIO_2 122
60	SENT_RADIO_1 122
60	SENT_RADIO_2 124
60	RADIO_TIME_1 19765
60	RADIO_TIME_2 19766
60	RETRANSMISSIONS_1 0
60	RETRANSMISSIONS_2 7
60	DROPPED_1 0
60	DROPPED_2 0
60	MAX_QUEUE 1
60	DUPLICATED_1 0
60	DUPLICATED_2 0
60	EBUSY_RADIO_1 0
60	EBUSY_RADIO_2 0
60	TEST_NUMBER 4
60	SENT_TOTAL 0
60	RECEIVED_TOTAL 0
60	TIME_TOTAL 0
60	RECEIVED_RADIO_1 125
60	RECEIVED_RADIO_2 124
60	SENT_RADIO_1 124
60	SENT_RADIO_2 125
60	RADIO_TIME_1 19886
60	RADIO_TIME_2 19886
60	RETRANSMISSIONS_1 0
60	RETRANSMISSIONS_2 2
60	DROPPED_1 0
60	DROPPED_2 0
60	MAX_QUEUE 1
60	DUPLICATED_1 0
60	DUPLICATED_2 0
60	EBUSY_RADIO_1 0
60	EBUSY_RADIO_2 0
60	TEST_NUMBER 5
60	SENT_TOTAL 0
60	RECEIVED_TOTAL 0
60	TIME_TOTAL 0
60	RECEIVED_RADIO_1 121
60	RECEIVED_RADIO_2 124
60	SENT_RADIO_1 124
60	SENT_RADIO_2 121
60	RADIO_TIME_1 19839
60	RADIO_TIME_2 19840
60	RETRANSMISSIONS_1 0
60	RETRANSMISSIONS_2 3
60	DROPPED_1 0
60	DROPPED_2 0
60	MAX_QUEUE 1
60	DUPLICATED_1 0
60	DUPLICATED_2 1
60	EBUSY_RADIO_1 0
60	EBUSY_RADIO_2 0
60	TEST_NUMBER 6
60	SENT_TOTAL 0
60	RECEIVED_TOTAL 0
60	TIME_TOTAL 0
60	RECEIVED_RADIO_1 123
60	RECEIVED_RADIO_2 121
60	SENT_RADIO_1 121
60	SENT_RADIO_2 123
60	RADIO_TIME_1 19837
60	RADIO_TIME_2 19837
60	RETRANSMISSIONS_1 2
60	RETRANSMISSIONS_2 2
60	DROPPED_1 0
60	DROPPED_2 0
60	MAX_QUEUE 1
60	DUPLICATED_1 0
60	DUPLICATED_2 4
60	EBUSY_RADIO_1 0
60	EBUSY_RADIO_2 0
