
66	DESTINATION_NODE 66
66	TEST_NUMBER 0
66	SENT_TOTAL 105
66	RECEIVED_TOTAL 105
66	TIME_TOTAL 16338
66	RECEIVED_RADIO_1 0
66	RECEIVED_RADIO_2 105
66	SENT_RADIO_1 50
66	SENT_RADIO_2 55
66	RADIO_TIME_1 16181
66	RADIO_TIME_2 16338
66	RETRANSMISSIONS_1 6
66	RETRANSMISSIONS_2 1
66	DROPPED_1 0
66	DROPPED_2 0
66	MAX_QUEUE 1
66	DUPLICATED_1 0
66	DUPLICATED_2 0
66	EBUSY_RADIO_1 0
66	EBUSY_RADIO_2 0
66	86 0
66	86 0
66	86 0
66	86 0
66	86 0
66	86 0
66	86 0
66	86 0
66	86 0
66	86 0
66	86 0
66	86 0
66	86 0
66	86 0
66	86 0
66	86 0
66	86 0
66	86 0
66	86 0
66	86 0
66	86 0
66	86 0
66	TEST_NUMBER 1
66	SENT_TOTAL 126
66	RECEIVED_TOTAL 104
66	TIME_TOTAL 29811
66	RECEIVED_RADIO_1 0
66	RECEIVED_RADIO_2 126
66	SENT_RADIO_1 59
66	SENT_RADIO_2 67
66	RADIO_TIME_1 29647
66	RADIO_TIME_2 29811
66	RETRANSMISSIONS_1 11
66	RETRANSMISSIONS_2 1
66	DROPPED_1 0
66	DROPPED_2 0
66	MAX_QUEUE 1
66	DUPLICATED_1 0
66	DUPLICATED_2 0
66	EBUSY_RADIO_1 0
66	EBUSY_RADIO_2 0
66	86 1
66	86 1
66	86 1
66	86 1
66	86 1
66	86 1
66	86 1
66	86 1
66	86 1
66	86 1
66	86 1
66	86 1
66	86 1
66	86 1
66	86 1
66	86 1
66	86 1
66	86 1
66	86 1
66	86 1
66	86 1
66	86 1
66	TEST_NUMBER 2
66	SENT_TOTAL 126
66	RECEIVED_TOTAL 104
66	TIME_TOTAL 29646
66	RECEIVED_RADIO_1 0
66	RECEIVED_RADIO_2 126
66	SENT_RADIO_1 57
66	SENT_RADIO_2 69
66	RADIO_TIME_1 29491
66	RADIO_TIME_2 29646
66	RETRANSMISSIONS_1 12
66	RETRANSMISSIONS_2 0
66	DROPPED_1 0
66	DROPPED_2 0
66	MAX_QUEUE 1
66	DUPLICATED_1 0
66	DUPLICATED_2 1
66	EBUSY_RADIO_1 0
66	EBUSY_RADIO_2 0
66	86 2
66	86 2
66	86 2
66	86 2
66	86 2
66	86 2
66	86 2
66	86 2
66	86 2
66	86 2
66	86 2
66	86 2
66	86 2
66	86 2
66	86 2
66	86 2
66	86 2
66	86 2
66	86 2
66	86 2
66	86 2
66	TEST_NUMBER 3
66	SENT_TOTAL 128
66	RECEIVED_TOTAL 107
66	TIME_TOTAL 29806
66	RECEIVED_RADIO_1 0
66	RECEIVED_RADIO_2 128
66	SENT_RADIO_1 61
66	SENT_RADIO_2 67
66	RADIO_TIME_1 29806
66	RADIO_TIME_2 29806
66	RETRANSMISSIONS_1 9
66	RETRANSMISSIONS_2 1
66	DROPPED_1 0
66	DROPPED_2 0
66	MAX_QUEUE 1
66	DUPLICATED_1 0
66	DUPLICATED_2 0
66	EBUSY_RADIO_1 0
66	EBUSY_RADIO_2 0
66	86 3
66	86 3
66	86 3
66	86 3
66	86 3
66	86 3
66	86 3
66	86 3
66	86 3
66	86 3
66	86 3
66	86 3
66	86 3
66	86 3
66	86 3
66	86 3
66	86 3
66	86 3
66	86 3
66	86 3
66	86 3
66	86 3
66	TEST_NUMBER 4
66	SENT_TOTAL 126
66	RECEIVED_TOTAL 104
66	TIME_TOTAL 29487
66	RECEIVED_RADIO_1 0
66	RECEIVED_RADIO_2 126
66	SENT_RADIO_1 58
66	SENT_RADIO_2 68
66	RADIO_TIME_1 29325
66	RADIO_TIME_2 29487
66	RETRANSMISSIONS_1 11
66	RETRANSMISSIONS_2 1
66	DROPPED_1 0
66	DROPPED_2 0
66	MAX_QUEUE 2
66	DUPLICATED_1 0
66	DUPLICATED_2 1
66	EBUSY_RADIO_1 0
66	EBUSY_RADIO_2 0
66	86 4
66	86 4
66	86 4
66	86 4
66	86 4
66	86 4
66	86 4
66	86 4
66	86 4
66	86 4
66	86 4
66	86 4
66	86 4
66	86 4
66	86 4
66	86 4
66	86 4
66	86 4
66	86 4
66	86 4
66	86 4
66	86 4
66	86 4
66	TEST_NUMBER 5
66	SENT_TOTAL 126
66	RECEIVED_TOTAL 103
66	TIME_TOTAL 29807
66	RECEIVED_RADIO_1 0
66	RECEIVED_RADIO_2 126
66	SENT_RADIO_1 57
66	SENT_RADIO_2 69
66	RADIO_TIME_1 29633
66	RADIO_TIME_2 29807
66	RETRANSMISSIONS_1 14
66	RETRANSMISSIONS_2 1
66	DROPPED_1 0
66	DROPPED_2 0
66	MAX_QUEUE 1
66	DUPLICATED_1 0
66	DUPLICATED_2 1
66	EBUSY_RADIO_1 0
66	EBUSY_RADIO_2 0
66	86 5
66	86 5
66	86 5
66	86 5
66	86 5
66	86 5
66	86 5
66	86 5
66	86 5
66	86 5
66	86 5
66	86 5
66	86 5
66	86 5
66	86 5
66	86 5
66	86 5
66	86 5
66	86 5
66	86 5
66	86 5
66	86 5
66	86 5
66	TEST_NUMBER 6
66	SENT_TOTAL 127
66	RECEIVED_TOTAL 104
66	TIME_TOTAL 29643
66	RECEIVED_RADIO_1 0
66	RECEIVED_RADIO_2 127
66	SENT_RADIO_1 59
66	SENT_RADIO_2 68
66	RADIO_TIME_1 29643
66	RADIO_TIME_2 29643
66	RETRANSMISSIONS_1 12
66	RETRANSMISSIONS_2 0
66	DROPPED_1 0
66	DROPPED_2 0
66	MAX_QUEUE 1
66	DUPLICATED_1 0
66	DUPLICATED_2 0
66	EBUSY_RADIO_1 0
66	EBUSY_RADIO_2 0
66	86 6
66	86 6
66	86 6
66	86 6
66	86 6
66	86 6
66	86 6
66	86 6
66	86 6
66	86 6
66	86 6
66	86 6
66	86 6
66	86 6
66	86 6
66	86 6
66	86 6
66	86 6
66	86 6
66	86 6
66	86 6
66	86 6

93	RELAY_NODE 93
93	TEST_NUMBER 0
93	SENT_TOTAL 0
93	RECEIVED_TOTAL 0
93	TIME_TOTAL 0
93	RECEIVED_RADIO_1 58
93	RECEIVED_RADIO_2 0
93	SENT_RADIO_1 0
93	SENT_RADIO_2 58
93	RADIO_TIME_1 19213
93	RADIO_TIME_2 19213
93	RETRANSMISSIONS_1 0
93	RETRANSMISSIONS_2 0
93	DROPPED_1 0
93	DROPPED_2 0
93	MAX_QUEUE 1
93	DUPLICATED_1 0
93	DUPLICATED_2 0
93	EBUSY_RADIO_1 0
93	EBUSY_RADIO_2 0
93	TEST_NUMBER 1
93	SENT_TOTAL 0
93	RECEIVED_TOTAL 0
93	TIME_TOTAL 0
93	RECEIVED_RADIO_1 60
93	RECEIVED_RADIO_2 0
93	SENT_RADIO_1 0
93	SENT_RADIO_2 60
93	RADIO_TIME_1 29653
93	RADIO_TIME_2 29653
93	RETRANSMISSIONS_1 0
93	RETRANSMISSIONS_2 0
93	DROPPED_1 0
93	DROPPED_2 0
93	MAX_QUEUE 1
93	DUPLICATED_1 1
93	DUPLICATED_2 0
93	EBUSY_RADIO_1 0
93	EBUSY_RADIO_2 0
93	TEST_NUMBER 2
93	SENT_TOTAL 0
93	RECEIVED_TOTAL 0
93	TIME_TOTAL 0
93	RECEIVED_RADIO_1 56
93	RECEIVED_RADIO_2 0
93	SENT_RADIO_1 0
93	SENT_RADIO_2 56
93	RADIO_TIME_1 29323
93	RADIO_TIME_2 29323
93	RETRANSMISSIONS_1 0
93	RETRANSMISSIONS_2 0
93	DROPPED_1 0
93	DROPPED_2 0
93	MAX_QUEUE 1
93	DUPLICATED_1 3
93	DUPLICATED_2 0
93	EBUSY_RADIO_1 0
93	EBUSY_RADIO_2 0
93	TEST_NUMBER 3
93	SENT_TOTAL 0
93	RECEIVED_TOTAL 0
93	TIME_TOTAL 0
93	RECEIVED_RADIO_1 61
93	RECEIVED_RADIO_2 0
93	SENT_RADIO_1 0
93	SENT_RADIO_2 61
93	RADIO_TIME_1 29555
93	RADIO_TIME_2 29555
93	RETRANSMISSIONS_1 0
93	RETRANSMISSIONS_2 0
93	DROPPED_1 0
93	DROPPED_2 0
93	MAX_QUEUE 1
93	DUPLICATED_1 0
93	DUPLICATED_2 0
93	EBUSY_RADIO_1 0
93	EBUSY_RADIO_2 0
93	TEST_NUMBER 4
93	SENT_TOTAL 0
93	RECEIVED_TOTAL 0
93	TIME_TOTAL 0
93	RECEIVED_RADIO_1 59
93	RECEIVED_RADIO_2 0
93	SENT_RADIO_1 0
93	SENT_RADIO_2 59
93	RADIO_TIME_1 29805
93	RADIO_TIME_2 29805
93	RETRANSMISSIONS_1 0
93	RETRANSMISSIONS_2 0
93	DROPPED_1 0
93	DROPPED_2 0
93	MAX_QUEUE 1
93	DUPLICATED_1 4
93	DUPLICATED_2 0
93	EBUSY_RADIO_1 0
93	EBUSY_RADIO_2 0
93	TEST_NUMBER 5
93	SENT_TOTAL 0
93	RECEIVED_TOTAL 0
93	TIME_TOTAL 0
93	RECEIVED_RADIO_1 57
93	RECEIVED_RADIO_2 0
93	SENT_RADIO_1 0
93	SENT_RADIO_2 57
93	RADIO_TIME_1 19216
93	RADIO_TIME_2 19216
93	RETRANSMISSIONS_1 0
93	RETRANSMISSIONS_2 0
93	DROPPED_1 0
93	DROPPED_2 0
93	MAX_QUEUE 1
93	DUPLICATED_1 2
93	DUPLICATED_2 0
93	EBUSY_RADIO_1 0
93	EBUSY_RADIO_2 0
93	TEST_NUMBER 6
93	SENT_TOTAL 0
93	RECEIVED_TOTAL 0
93	TIME_TOTAL 0
93	RECEIVED_RADIO_1 59
93	RECEIVED_RADIO_2 0
93	SENT_RADIO_1 0
93	SENT_RADIO_2 59
93	RADIO_TIME_1 29635
93	RADIO_TIME_2 29635
93	RETRANSMISSIONS_1 0
93	RETRANSMISSIONS_2 0
93	DROPPED_1 0
93	DROPPED_2 0
93	MAX_QUEUE 1
93	DUPLICATED_1 1
93	DUPLICATED_2 0
93	EBUSY_RADIO_1 0
93	EBUSY_RADIO_2 0

96	RELAY_NODE 96
96	TEST_NUMBER 0
96	SENT_TOTAL 0
96	RECEIVED_TOTAL 0
96	TIME_TOTAL 0
96	RECEIVED_RADIO_1 127
96	RECEIVED_RADIO_2 66
96	SENT_RADIO_1 66
96	SENT_RADIO_2 127
96	RADIO_TIME_1 19775
96	RADIO_TIME_2 19774
96	RETRANSMISSIONS_1 7
96	RETRANSMISSIONS_2 1
96	DROPPED_1 0
96	DROPPED_2 0
96	MAX_QUEUE 1
96	DUPLICATED_1 1
96	DUPLICATED_2 0
96	EBUSY_RADIO_1 0
96	EBUSY_RADIO_2 0
96	TEST_NUMBER 1
96	SENT_TOTAL 0
96	RECEIVED_TOTAL 0
96	TIME_TOTAL 0
96	RECEIVED_RADIO_1 126
96	RECEIVED_RADIO_2 68
96	SENT_RADIO_1 67
96	SENT_RADIO_2 126
96	RADIO_TIME_1 29877
96	RADIO_TIME_2 29877
96	RETRANSMISSIONS_1 8
96	RETRANSMISSIONS_2 2
96	DROPPED_1 0
96	DROPPED_2 0
96	MAX_QUEUE 1
96	DUPLICATED_1 0
96	DUPLICATED_2 0
96	EBUSY_RADIO_1 0
96	EBUSY_RADIO_2 0
96	TEST_NUMBER 2
96	SENT_TOTAL 0
96	RECEIVED_TOTAL 0
96	TIME_TOTAL 0
96	RECEIVED_RADIO_1 125
96	RECEIVED_RADIO_2 68
96	SENT_RADIO_1 69
96	SENT_RADIO_2 125
96	RADIO_TIME_1 19761
96	RADIO_TIME_2 19761
96	RETRANSMISSIONS_1 9
96	RETRANSMISSIONS_2 2
96	DROPPED_1 0
96	DROPPED_2 0
96	MAX_QUEUE 1
96	DUPLICATED_1 2
96	DUPLICATED_2 0
96	EBUSY_RADIO_1 0
96	EBUSY_RADIO_2 0
96	TEST_NUMBER 3
96	SENT_TOTAL 0
96	RECEIVED_TOTAL 0
96	TIME_TOTAL 0
96	RECEIVED_RADIO_1 128
96	RECEIVED_RADIO_2 67
96	SENT_RADIO_1 67
96	SENT_RADIO_2 128
96	RADIO_TIME_1 19683
96	RADIO_TIME_2 19683
96	RETRANSMISSIONS_1 9
96	RETRANSMISSIONS_2 1
96	DROPPED_1 0
96	DROPPED_2 0
96	MAX_QUEUE 1
96	DUPLICATED_1 1
96	DUPLICATED_2 0
96	EBUSY_RADIO_1 0
96	EBUSY_RADIO_2 0
96	TEST_NUMBER 4
96	SENT_TOTAL 0
96	RECEIVED_TOTAL 0
96	TIME_TOTAL 0
96	RECEIVED_RADIO_1 128
96	RECEIVED_RADIO_2 70
96	SENT_RADIO_1 69
96	SENT_RADIO_2 128
96	RADIO_TIME_1 29817
96	RADIO_TIME_2 29817
96	RETRANSMISSIONS_1 6
96	RETRANSMISSIONS_2 5
96	DROPPED_1 0
96	DROPPED_2 0
96	MAX_QUEUE 1
96	DUPLICATED_1 3
96	DUPLICATED_2 1
96	EBUSY_RADIO_1 0
96	EBUSY_RADIO_2 0
96	TEST_NUMBER 5
96	SENT_TOTAL 0
96	RECEIVED_TOTAL 0
96	TIME_TOTAL 0
96	RECEIVED_RADIO_1 126
96	RECEIVED_RADIO_2 68
96	SENT_RADIO_1 69
96	SENT_RADIO_2 126
96	RADIO_TIME_1 19768
96	RADIO_TIME_2 19768
96	RETRANSMISSIONS_1 7
96	RETRANSMISSIONS_2 3
96	DROPPED_1 0
96	DROPPED_2 0
96	MAX_QUEUE 1
96	DUPLICATED_1 3
96	DUPLICATED_2 0
96	EBUSY_RADIO_1 0
96	EBUSY_RADIO_2 0
96	TEST_NUMBER 6
96	SENT_TOTAL 0
96	RECEIVED_TOTAL 0
96	TIME_TOTAL 0
96	RECEIVED_RADIO_1 125
96	RECEIVED_RADIO_2 67
96	SENT_RADIO_1 67
96	SENT_RADIO_2 125
96	RADIO_TIME_1 19684
96	RADIO_TIME_2 19684
96	RETRANSMISSIONS_1 8
96	RETRANSMISSIONS_2 4
96	DROPPED_1 0
96	DROPPED_2 0
96	MAX_QUEUE 1
96	DUPLICATED_1 3
96	DUPLICATED_2 0
96	EBUSY_RADIO_1 0
96	EBUSY_RADIO_2 0

97	RELAY_NODE 97
97	TEST_NUMBER 0
97	SENT_TOTAL 0
97	RECEIVED_TOTAL 0
97	TIME_TOTAL 0
97	RECEIVED_RADIO_1 0
97	RECEIVED_RADIO_2 52
97	SENT_RADIO_1 52
97	SENT_RADIO_2 0
97	RADIO_TIME_1 16819
97	RADIO_TIME_2 16819
97	RETRANSMISSIONS_1 0
97	RETRANSMISSIONS_2 0
97	DROPPED_1 0
97	DROPPED_2 0
97	MAX_QUEUE 1
97	DUPLICATED_1 0
97	DUPLICATED_2 0
97	EBUSY_RADIO_1 0
97	EBUSY_RADIO_2 0
97	TEST_NUMBER 1
97	SENT_TOTAL 0
97	RECEIVED_TOTAL 0
97	TIME_TOTAL 0
97	RECEIVED_RADIO_1 0
97	RECEIVED_RADIO_2 60
97	SENT_RADIO_1 60
97	SENT_RADIO_2 0
97	RADIO_TIME_1 29640
97	RADIO_TIME_2 29640
97	RETRANSMISSIONS_1 3
97	RETRANSMISSIONS_2 0
97	DROPPED_1 0
97	DROPPED_2 0
97	MAX_QUEUE 1
97	DUPLICATED_1 0
97	DUPLICATED_2 0
97	EBUSY_RADIO_1 0
97	EBUSY_RADIO_2 0
97	TEST_NUMBER 2
97	SENT_TOTAL 0
97	RECEIVED_TOTAL 0
97	TIME_TOTAL 0
97	RECEIVED_RADIO_1 0
97	RECEIVED_RADIO_2 57
97	SENT_RADIO_1 57
97	SENT_RADIO_2 0
97	RADIO_TIME_1 29647
97	RADIO_TIME_2 29647
97	RETRANSMISSIONS_1 2
97	RETRANSMISSIONS_2 0
97	DROPPED_1 0
97	DROPPED_2 0
97	MAX_QUEUE 1
97	DUPLICATED_1 0
97	DUPLICATED_2 0
97	EBUSY_RADIO_1 0
97	EBUSY_RADIO_2 0
97	TEST_NUMBER 3
97	SENT_TOTAL 0
97	RECEIVED_TOTAL 0
97	TIME_TOTAL 0
97	RECEIVED_RADIO_1 0
97	RECEIVED_RADIO_2 61
97	SENT_RADIO_1 61
97	SENT_RADIO_2 0
97	RADIO_TIME_1 29242
97	RADIO_TIME_2 29242
97	RETRANSMISSIONS_1 3
97	RETRANSMISSIONS_2 0
97	DROPPED_1 0
97	DROPPED_2 0
97	MAX_QUEUE 1
97	DUPLICATED_1 0
97	DUPLICATED_2 0
97	EBUSY_RADIO_1 0
97	EBUSY_RADIO_2 0
97	TEST_NUMBER 4
97	SENT_TOTAL 0
97	RECEIVED_TOTAL 0
97	TIME_TOTAL 0
97	RECEIVED_RADIO_1 0
97	RECEIVED_RADIO_2 58
97	SENT_RADIO_1 58
97	SENT_RADIO_2 0
97	RADIO_TIME_1 29488
97	RADIO_TIME_2 29488
97	RETRANSMISSIONS_1 1
97	RETRANSMISSIONS_2 0
97	DROPPED_1 0
97	DROPPED_2 0
97	MAX_QUEUE 1
97	DUPLICATED_1 0
97	DUPLICATED_2 0
97	EBUSY_RADIO_1 0
97	EBUSY_RADIO_2 0
97	TEST_NUMBER 5
97	SENT_TOTAL 0
97	RECEIVED_TOTAL 0
97	TIME_TOTAL 0
97	RECEIVED_RADIO_1 0
97	RECEIVED_RADIO_2 57
97	SENT_RADIO_1 57
97	SENT_RADIO_2 0
97	RADIO_TIME_1 29564
97	RADIO_TIME_2 29564
97	RETRANSMISSIONS_1 1
97	RETRANSMISSIONS_2 0
97	DROPPED_1 0
97	DROPPED_2 0
97	MAX_QUEUE 1
97	DUPLICATED_1 0
97	DUPLICATED_2 0
97	EBUSY_RADIO_1 0
97	EBUSY_RADIO_2 0
97	TEST_NUMBER 6
97	SENT_TOTAL 0
97	RECEIVED_TOTAL 0
97	TIME_TOTAL 0
97	RECEIVED_RADIO_1 0
97	RECEIVED_RADIO_2 59
97	SENT_RADIO_1 59
97	SENT_RADIO_2 0
97	RADIO_TIME_1 29405
97	RADIO_TIME_2 29405
97	RETRANSMISSIONS_1 0
97	RETRANSMISSIONS_2 0
97	DROPPED_1 0
97	DROPPED_2 0
97	MAX_QUEUE 1
97	DUPLICATED_1 0
97	DUPLICATED_2 0
97	EBUSY_RADIO_1 0
97	EBUSY_RADIO_2 0

99	SOURCE_NODE 99
99	84 1
99	83 1
99	85 1
99	79 29
99	84 2
99	84 3
99	83 3
99	85 3
99	79 24
99	84 4
99	84 5
99	83 5
99	85 5
99	79 42
99	84 6
99	84 7
99	84 8
99	84 9
99	84 10
99	84 11
99	83 11
99	85 7
99	79 347
99	83 11
99	85 11
99	79 33
99	84 12
99	83 12
99	85 12
99	79 34
99	83 12
99	85 9
99	79 280
99	84 13
99	84 14
99	83 14
99	85 14
99	79 38
99	84 15
99	84 16
99	83 16
99	85 16
99	79 23
99	84 17
99	84 18
99	83 18
99	85 18
99	79 43
99	84 19
99	84 20
99	83 20
99	85 20
99	79 29
99	84 1
99	84 2
99	83 2
99	85 2
99	79 34
99	84 3
99	84 4
99	83 4
99	85 4
99	79 29
99	84 5
99	84 6
99	83 6
99	85 6
99	79 40
99	84 7
99	84 8
99	83 8
99	85 8
99	79 25
99	84 9
99	84 10
99	83 10
99	85 10
99	79 43
99	84 11
99	84 12
99	83 12
99	85 12
99	79 29
99	84 13
99	84 14
99	83 14
99	85 14
99	79 43
99	84 15
99	84 16
99	83 16
99	85 16
99	79 30
99	84 17
99	84 18
99	84 19
99	84 20
99	83 20
99	85 20
99	79 39
99	83 20
99	85 18
99	79 201
99	84 1
99	84 2
99	83 2
99	85 2
99	79 35
99	84 3
99	84 4
99	83 4
99	85 4
99	79 25
99	84 5
99	84 6
99	84 7
99	84 8
99	83 8
99	85 8
99	79 22
99	84 9
99	84 10
99	83 10
99	85 10
99	79 40
99	84 11
99	84 12
99	83 12
99	85 12
99	79 30
99	84 13
99	84 14
99	83 14
99	85 14
99	79 38
99	84 15
99	84 16
99	83 16
99	85 16
99	79 30
99	84 17
99	84 18
99	83 18
99	85 18
99	79 38
99	84 19
99	84 20
99	84 1
99	84 2
99	84 3
99	84 4
99	83 4
99	85 20
99	79 348
99	83 4
99	85 4
99	79 38
99	84 5
99	84 6
99	83 6
99	85 6
99	79 32
99	83 6
99	85 2
99	79 359
99	84 7
99	84 8
99	83 8
99	85 8
99	79 43
99	84 9
99	83 9
99	85 9
99	79 42
99	84 10
99	84 11
99	84 12
99	84 13
99	83 13
99	85 13
99	79 26
99	84 14
99	84 15
99	83 15
99	85 15
99	79 30
99	83 15
99	85 11
99	79 356
99	84 16
99	84 17
99	83 17
99	85 17
99	79 38
99	84 18
99	84 19
99	83 19
99	85 19
99	79 26
99	84 20
99	84 1
99	83 1
99	85 1
99	79 47
99	84 2
99	84 3
99	83 3
99	85 3
99	79 27
99	84 4
99	84 5
99	83 5
99	85 5
99	79 40
99	84 6
99	84 7
99	83 7
99	85 7
99	79 28
99	84 8
99	84 9
99	83 9
99	85 9
99	79 46
99	84 10
99	84 11
99	83 11
99	85 11
99	79 31
99	84 12
99	84 13
99	83 13
99	85 13
99	79 40
99	84 14
99	84 15
99	83 15
99	85 15
99	79 32
99	84 16
99	83 16
99	85 16
99	79 53
99	84 17
99	84 18
99	83 18
99	85 18
99	79 24
99	84 19
99	84 20
99	83 20
99	85 20
99	79 39
99	84 1
99	84 2
99	83 2
99	85 2
99	79 30
99	84 3
99	84 4
99	83 4
99	85 4
99	79 36
99	84 5
99	84 6
99	84 7
99	84 8
99	83 8
99	85 8
99	79 41
99	84 9
99	84 10
99	83 10
99	85 6
99	79 348
99	83 10
99	85 10
99	79 47
99	84 11
99	84 12
99	83 12
99	85 12
99	79 31
99	84 13
99	84 14
99	84 15
99	84 16
99	83 16
99	85 16
99	79 26
99	84 17
99	83 17
99	85 17
99	79 40
99	83 17
99	85 14
99	79 285
99	84 18
99	84 19
99	83 19
99	85 19
99	79 46
99	84 20
99	84 1
99	83 1
99	85 1
99	79 23
99	84 2
99	84 3
99	83 3
99	85 3
99	79 39
99	84 4
99	84 5
99	83 5
99	85 5
99	79 28
99	84 6
99	84 7
99	83 7
99	85 7
99	79 38
99	84 8
99	84 9
99	83 9
99	85 9
99	79 33
99	84 10
99	84 11
99	83 11
99	85 11
99	79 39
99	84 12
99	84 13
99	83 13
99	85 13
99	79 26
99	84 14
99	84 15
99	84 16
99	84 17
99	84 18
99	83 18
99	85 18
99	79 27
99	84 19
99	84 20
99	83 20
99	85 20
99	79 37
99	83 20
99	85 15
99	79 442
99	84 1
99	84 2
99	83 2
99	85 2
99	79 38
99	84 3
99	84 4
99	83 4
99	85 4
99	79 24
99	84 5
99	84 6
99	84 7
99	84 8
99	83 8
99	85 8
99	79 25
99	84 9
99	84 10
99	83 10
99	85 10
99	79 31
99	83 10
99	85 6
99	79 357
99	84 11
99	84 12
99	83 12
99	85 12
99	79 38
99	84 13
99	84 14
99	83 14
99	85 14
99	79 29
99	84 15
99	84 16
99	83 16
99	85 16
99	79 45
99	84 17
99	84 18
99	83 18
99	85 18
99	79 27
99	84 19
99	84 20
99	83 20
99	85 20
99	79 43
99	84 1
99	84 2
99	83 2
99	85 2
99	79 27
99	84 3
99	84 4
99	83 4
99	85 4
99	79 39
99	84 5
99	84 6
99	83 6
99	85 6
99	79 30
99	84 7
99	84 8
99	83 8
99	85 8
99	79 41
99	84 9
99	84 10
99	83 10
99	85 10
99	79 29
99	84 11
99	84 12
99	83 12
99	85 12
99	79 39
99	84 13
99	84 14
99	83 14
99	85 14
99	79 32
99	84 15
99	84 16
99	83 16
99	85 16
99	79 43
99	84 17
99	84 18
99	83 18
99	85 18
99	79 29
99	84 19
99	84 20
99	83 20
99	85 20
99	79 38
99	84 1
99	84 2
99	83 2
99	85 2
99	79 34
99	84 3
99	84 4
99	83 4
99	85 4
99	79 38
99	84 5
99	84 6
99	83 6
99	85 6
99	79 28
99	84 7
99	84 8
99	83 8
99	85 8
99	79 45
99	84 9
99	84 10
99	84 11
99	84 12
99	83 12
99	85 12
99	79 37
99	84 13
99	84 14
99	83 14
99	85 10
99	79 348
99	83 14
99	85 14
99	79 34
99	84 15
99	84 16
99	83 16
99	85 16
99	79 37
99	84 17
99	84 18
99	83 18
99	85 18
99	79 32
99	84 19
99	84 20
99	83 20
99	85 20
99	79 45
99	84 1
99	84 2
99	84 3
99	84 4
99	83 4
99	85 4
99	79 41
99	84 5
99	84 6
99	83 6
99	85 2
99	79 345
99	83 6
99	85 6
99	79 36
99	84 7
99	84 8
99	83 8
99	85 8
99	79 38
99	84 9
99	84 10
99	84 11
99	84 12
99	83 12
99	85 12
99	79 39
99	84 13
99	84 14
99	83 14
99	85 10
99	79 353
99	83 14
99	85 14
99	79 44
99	84 15
99	84 16
99	84 17
99	84 18
99	83 18
99	85 18
99	79 29
99	84 19
99	84 20
99	83 20
99	85 20
99	79 40
99	84 1
99	83 1
99	85 16
99	79 421
99	84 2
99	83 2
99	85 2
99	79 36
99	84 3
99	84 4
99	83 4
99	85 4
99	79 28
99	84 5
99	84 6
99	83 6
99	85 6
99	79 39
99	84 7
99	84 8
99	84 9
99	84 10
99	83 10
99	85 10
99	79 42
99	84 11
99	84 12
99	83 12
99	85 8
99	79 348
99	83 12
99	85 12
99	79 38
99	84 13
99	84 14
99	83 14
99	85 14
99	79 34
99	84 15
99	84 16
99	84 17
99	84 18
99	84 19
99	84 20
99	83 20
99	85 16
99	79 347
99	83 20
99	85 20
99	79 34
99	84 1
99	84 2
99	83 2
99	85 2
99	79 42
99	84 3
99	83 3
99	85 18
99	79 424
99	84 4
99	83 4
99	85 4
99	79 38
99	84 5
99	84 6
99	83 6
99	85 6
99	79 27
99	84 7
99	84 8
99	84 9
99	83 9
99	85 9
99	79 39
99	84 10
99	TEST_NUMBER 0
99	SENT_TOTAL 250
99	RECEIVED_TOTAL 125
99	TIME_TOTAL 19773
99	RECEIVED_RADIO_1 67
99	RECEIVED_RADIO_2 58
99	SENT_RADIO_1 127
99	SENT_RADIO_2 122
99	RADIO_TIME_1 19802
99	RADIO_TIME_2 19814
99	RETRANSMISSIONS_1 1
99	RETRANSMISSIONS_2 5
99	DROPPED_1 0
99	DROPPED_2 0
99	MAX_QUEUE 1
99	DUPLICATED_1 0
99	DUPLICATED_2 0
99	EBUSY_RADIO_1 0
99	EBUSY_RADIO_2 0
99	84 1
99	83 1
99	85 1
99	79 45
99	83 1
99	85 8
99	86 0
99	84 2
99	84 3
99	84 4
99	84 5
99	83 5
99	85 5
99	79 34
99	83 5
99	85 3
99	79 207
99	84 6
99	84 7
99	83 7
99	85 7
99	79 43
99	84 8
99	84 9
99	84 10
99	84 11
99	84 12
99	84 13
99	83 13
99	85 9
99	79 346
99	83 13
99	85 13
99	79 38
99	84 14
99	84 15
99	83 15
99	85 11
99	79 360
99	83 15
99	85 15
99	79 52
99	84 16
99	84 17
99	83 17
99	85 17
99	79 22
99	84 18
99	84 19
99	84 20
99	83 20
99	85 19
99	79 100
99	84 1
99	83 1
99	85 1
99	79 29
99	84 2
99	84 3
99	83 3
99	85 3
99	79 40
99	84 4
99	84 5
99	83 5
99	85 5
99	79 28
99	84 6
99	84 7
99	83 7
99	85 7
99	79 40
99	84 8
99	84 9
99	83 9
99	85 9
99	79 26
99	84 10
99	84 11
99	83 11
99	85 11
99	79 37
99	84 12
99	84 13
99	83 13
99	85 13
99	79 30
99	84 14
99	84 15
99	83 15
99	85 15
99	79 42
99	84 16
99	84 17
99	83 17
99	85 17
99	79 24
99	84 18
99	84 19
99	83 19
99	85 19
99	79 39
99	84 20
99	84 1
99	83 1
99	85 1
99	79 29
99	84 2
99	84 3
99	83 3
99	85 3
99	79 41
99	84 4
99	84 5
99	83 5
99	85 5
99	79 28
99	84 6
99	84 7
99	83 7
99	85 7
99	79 38
99	84 8
99	84 9
99	84 10
99	84 11
99	83 11
99	85 11
99	79 41
99	84 12
99	84 13
99	83 13
99	85 9
99	79 349
99	83 13
99	85 13
99	79 36
99	84 14
99	84 15
99	83 15
99	85 15
99	79 40
99	84 16
99	84 17
99	83 17
99	85 17
99	79 29
99	84 18
99	84 19
99	83 19
99	85 19
99	79 41
99	84 20
99	84 1
99	83 1
99	85 1
99	79 27
99	84 2
99	84 3
99	84 4
99	84 5
99	84 6
99	84 7
99	83 7
99	85 5
99	79 199
99	83 7
99	85 3
99	79 364
99	83 7
99	85 7
99	79 45
99	84 8
99	84 9
99	83 9
99	85 9
99	79 37
99	84 10
99	84 11
99	84 12
99	84 13
99	83 13
99	85 13
99	79 43
99	84 14
99	84 15
99	83 15
99	85 11
99	79 341
99	83 15
99	85 15
99	79 28
99	84 16
99	84 17
99	83 17
99	85 17
99	79 36
99	84 18
99	84 19
99	83 19
99	85 19
99	79 41
99	84 20
99	84 1
99	83 1
99	85 1
99	79 28
99	84 2
99	84 3
99	83 3
99	85 3
99	79 37
99	84 4
99	84 5
99	83 5
99	85 5
99	79 26
99	84 6
99	84 7
99	83 7
99	85 7
99	79 37
99	84 8
99	84 9
99	83 9
99	85 9
99	79 29
99	84 10
99	84 11
99	83 11
99	85 11
99	79 45
99	84 12
99	84 13
99	83 13
99	85 13
99	79 26
99	84 14
99	84 15
99	84 16
99	84 17
99	83 17
99	85 17
99	79 29
99	84 18
99	84 19
99	83 19
99	85 19
99	79 36
99	83 19
99	85 15
99	79 361
99	84 20
99	84 1
99	83 1
99	85 1
99	79 38
99	84 2
99	84 3
99	83 3
99	85 3
99	79 30
99	84 4
99	84 5
99	83 5
99	85 5
99	79 51
99	84 6
99	84 7
99	83 7
99	85 7
99	79 25
99	84 8
99	84 9
99	83 9
99	85 9
99	79 39
99	84 10
99	84 11
99	83 11
99	85 11
99	79 28
99	84 12
99	84 13
99	83 13
99	85 13
99	79 41
99	84 14
99	84 15
99	83 15
99	85 15
99	79 25
99	84 16
99	84 17
99	83 17
99	85 17
99	79 41
99	84 18
99	84 19
99	83 19
99	85 19
99	79 30
99	84 20
99	84 1
99	83 1
99	85 1
99	79 38
99	84 2
99	84 3
99	83 3
99	85 3
99	79 31
99	84 4
99	84 5
99	84 6
99	84 7
99	84 8
99	84 9
99	83 9
99	85 7
99	79 192
99	83 9
99	85 5
99	79 357
99	83 9
99	85 9
99	79 40
99	84 10
99	84 11
99	84 12
99	84 13
99	83 13
99	85 13
99	79 32
99	84 14
99	84 15
99	83 15
99	85 11
99	79 360
99	83 15
99	85 15
99	79 49
99	84 16
99	84 17
99	83 17
99	85 17
99	79 30
99	84 18
99	84 19
99	84 20
99	84 1
99	83 1
99	85 1
99	79 25
99	84 2
99	84 3
99	83 3
99	85 19
99	79 362
99	83 3
99	85 3
99	79 49
99	84 4
99	84 5
99	83 5
99	85 5
99	79 25
99	84 6
99	84 7
99	83 7
99	85 7
99	79 40
99	84 8
99	84 9
99	83 9
99	85 9
99	79 32
99	84 10
99	84 11
99	83 11
99	85 11
99	79 37
99	84 12
99	84 13
99	84 14
99	84 15
99	83 15
99	85 15
99	79 41
99	84 16
99	84 17
99	83 17
99	85 13
99	79 347
99	83 17
99	85 17
99	79 37
99	84 18
99	84 19
99	83 19
99	85 19
99	79 38
99	84 20
99	84 1
99	83 1
99	85 1
99	79 29
99	84 2
99	84 3
99	83 3
99	85 3
99	79 39
99	84 4
99	84 5
99	83 5
99	85 5
99	79 32
99	84 6
99	84 7
99	84 8
99	84 9
99	83 9
99	85 9
99	79 25
99	84 10
99	84 11
99	83 11
99	85 11
99	79 36
99	83 11
99	85 7
99	79 361
99	84 12
99	84 13
99	83 13
99	85 13
99	79 36
99	84 14
99	84 15
99	83 15
99	85 15
99	79 26
99	84 16
99	84 17
99	83 17
99	85 17
99	79 34
99	84 18
99	84 19
99	84 20
99	84 1
99	83 1
99	85 1
99	79 35
99	84 2
99	84 3
99	83 3
99	85 19
99	79 350
99	83 3
99	85 3
99	79 37
99	84 4
99	84 5
99	83 5
99	85 5
99	79 39
99	84 6
99	84 7
99	83 7
99	85 7
99	79 27
99	84 8
99	84 9
99	84 10
99	84 11
99	83 11
99	85 11
99	79 40
99	83 11
99	85 9
99	79 202
99	84 12
99	84 13
99	83 13
99	85 13
99	79 45
99	84 14
99	84 15
99	83 15
99	85 15
99	79 29
99	84 16
99	84 17
99	83 17
99	85 17
99	79 46
99	84 18
99	84 19
99	83 19
99	85 19
99	79 29
99	84 20
99	84 1
99	83 1
99	85 1
99	79 37
99	84 2
99	84 3
99	84 4
99	84 5
99	83 5
99	85 5
99	79 44
99	84 6
99	84 7
99	83 7
99	85 3
99	79 350
99	83 7
99	85 7
99	79 37
99	84 8
99	84 9
99	83 9
99	85 9
99	79 38
99	84 10
99	84 11
99	83 11
99	85 11
99	79 29
99	84 12
99	84 13
99	83 13
99	85 13
99	79 37
99	84 14
99	84 15
99	83 15
99	85 15
99	79 28
99	84 16
99	84 17
99	83 17
99	85 17
99	79 39
99	84 18
99	84 19
99	83 19
99	85 19
99	79 34
99	84 20
99	84 1
99	83 1
99	85 1
99	79 35
99	84 2
99	84 3
99	83 3
99	85 3
99	79 30
99	84 4
99	84 5
99	84 6
99	84 7
99	84 8
99	83 8
99	85 4
99	79 358
99	83 8
99	85 8
99	79 53
99	84 9
99	84 10
99	83 10
99	85 6
99	79 343
99	83 10
99	85 10
99	79 33
99	84 11
99	84 12
99	84 13
99	84 14
99	83 14
99	85 14
99	79 28
99	84 15
99	84 16
99	83 16
99	85 16
99	79 32
99	84 17
99	83 17
99	85 12
99	79 470
99	84 18
99	83 18
99	85 17
99	79 80
99	84 19
99	83 19
99	85 19
99	79 30
99	84 20
99	84 1
99	83 1
99	85 1
99	79 43
99	84 2
99	84 3
99	83 3
99	85 3
99	79 28
99	84 4
99	84 5
99	83 5
99	85 5
99	79 34
99	84 6
99	84 7
99	83 7
99	85 7
99	79 42
99	84 8
99	84 9
99	83 9
99	85 9
99	79 33
99	84 10
99	TEST_NUMBER 1
99	SENT_TOTAL 250
99	RECEIVED_TOTAL 126
99	TIME_TOTAL 19751
99	RECEIVED_RADIO_1 67
99	RECEIVED_RADIO_2 60
99	SENT_RADIO_1 126
99	SENT_RADIO_2 124
99	RADIO_TIME_1 19796
99	RADIO_TIME_2 19786
99	RETRANSMISSIONS_1 0
99	RETRANSMISSIONS_2 2
99	DROPPED_1 0
99	DROPPED_2 0
99	MAX_QUEUE 1
99	DUPLICATED_1 0
99	DUPLICATED_2 1
99	EBUSY_RADIO_1 0
99	EBUSY_RADIO_2 0
99	84 1
99	84 2
99	84 3
99	84 4
99	84 5
99	83 5
99	85 1
99	79 358
99	83 5
99	85 3
99	79 200
99	83 5
99	85 5
99	79 48
99	84 6
99	84 7
99	83 7
99	85 7
99	79 40
99	84 8
99	84 9
99	83 9
99	85 9
99	79 30
99	84 10
99	84 11
99	83 11
99	85 11
99	79 41
99	84 12
99	84 13
99	83 13
99	85 13
99	79 29
99	84 14
99	84 15
99	83 15
99	85 15
99	79 41
99	84 16
99	84 17
99	83 17
99	85 17
99	79 25
99	84 18
99	84 19
99	83 19
99	85 19
99	79 39
99	84 20
99	84 1
99	83 1
99	85 1
99	79 33
99	84 2
99	84 3
99	83 3
99	85 3
99	79 38
99	84 4
99	84 5
99	83 5
99	85 5
99	79 22
99	84 6
99	84 7
99	83 7
99	85 7
99	79 40
99	84 8
99	84 9
99	83 9
99	85 9
99	79 24
99	84 10
99	84 11
99	83 11
99	85 11
99	79 39
99	84 12
99	84 13
99	84 14
99	84 15
99	83 15
99	85 15
99	79 43
99	84 16
99	84 17
99	83 17
99	85 13
99	79 344
99	83 17
99	85 17
99	79 31
99	84 18
99	84 19
99	83 19
99	85 19
99	79 41
99	84 20
99	84 1
99	83 1
99	85 1
99	79 27
99	84 2
99	84 3
99	83 3
99	85 3
99	79 41
99	84 4
99	84 5
99	83 5
99	85 5
99	79 31
99	84 6
99	84 7
99	83 7
99	85 7
99	79 42
99	84 8
99	84 9
99	83 9
99	85 9
99	79 31
99	84 10
99	84 11
99	83 11
99	85 11
99	79 42
99	84 12
99	84 13
99	83 13
99	85 13
99	79 32
99	84 14
99	84 15
99	83 15
99	85 15
99	79 40
99	84 16
99	83 16
99	85 16
99	79 35
99	84 17
99	84 18
99	83 18
99	85 18
99	79 36
99	84 19
99	84 20
99	83 20
99	85 20
99	79 42
99	84 1
99	84 2
99	83 2
99	85 2
99	79 26
99	84 3
99	84 4
99	84 5
99	84 6
99	83 6
99	85 6
99	79 26
99	84 7
99	84 8
99	83 8
99	85 8
99	79 32
99	83 8
99	85 4
99	79 359
99	84 9
99	84 10
99	83 10
99	85 10
99	79 35
99	84 11
99	84 12
99	83 12
99	85 12
99	79 28
99	84 13
99	84 14
99	84 15
99	84 16
99	83 16
99	85 16
99	79 26
99	84 17
99	84 18
99	83 18
99	85 18
99	79 36
99	83 18
99	85 14
99	79 357
99	84 19
99	84 20
99	83 20
99	85 20
99	79 43
99	84 1
99	84 2
99	83 2
99	85 2
99	79 30
99	84 3
99	84 4
99	83 4
99	85 4
99	79 44
99	84 5
99	84 6
99	83 6
99	85 6
99	79 29
99	84 7
99	84 8
99	83 8
99	85 8
99	79 44
99	84 9
99	84 10
99	84 11
99	84 12
99	84 13
99	84 14
99	83 14
99	85 10
99	79 351
99	83 14
99	85 14
99	79 38
99	83 14
99	85 12
99	79 202
99	84 15
99	84 16
99	84 17
99	84 18
99	83 18
99	85 18
99	79 26
99	84 19
99	84 20
99	83 20
99	85 20
99	79 31
99	83 20
99	85 16
99	79 363
99	84 1
99	84 2
99	83 2
99	85 2
99	79 40
99	84 3
99	84 4
99	84 5
99	84 6
99	84 7
99	84 8
99	83 8
99	85 4
99	79 357
99	83 8
99	85 8
99	79 48
99	84 9
99	84 10
99	84 11
99	84 12
99	83 12
99	85 6
99	79 521
99	84 13
99	83 13
99	85 12
99	79 102
99	84 14
99	83 14
99	85 10
99	79 346
99	83 14
99	85 14
99	79 34
99	84 15
99	84 16
99	83 16
99	85 16
99	79 40
99	84 17
99	84 18
99	83 18
99	85 18
99	79 25
99	84 19
99	84 20
99	83 20
99	85 20
99	79 38
99	84 1
99	84 2
99	83 2
99	85 2
99	79 29
99	84 3
99	84 4
99	83 4
99	85 4
99	79 35
99	84 5
99	84 6
99	84 7
99	84 8
99	83 8
99	85 8
99	79 40
99	84 9
99	84 10
99	83 10
99	85 6
99	79 349
99	83 10
99	85 10
99	79 41
99	84 11
99	84 12
99	83 12
99	85 12
99	79 37
99	84 13
99	84 14
99	83 14
99	85 14
99	79 25
99	84 15
99	84 16
99	83 16
99	85 16
99	79 39
99	84 17
99	84 18
99	83 18
99	85 18
99	79 28
99	84 19
99	84 20
99	84 1
99	84 2
99	83 2
99	85 2
99	79 29
99	84 3
99	84 4
99	83 4
99	85 4
99	79 31
99	83 4
99	85 20
99	79 359
99	84 5
99	83 5
99	85 5
99	79 44
99	84 6
99	84 7
99	83 7
99	85 7
99	79 28
99	84 8
99	84 9
99	83 9
99	85 9
99	79 41
99	84 10
99	84 11
99	84 12
99	84 13
99	83 13
99	85 11
99	79 204
99	83 13
99	85 13
99	79 49
99	84 14
99	84 15
99	83 15
99	85 15
99	79 47
99	84 16
99	84 17
99	83 17
99	85 17
99	79 28
99	84 18
99	84 19
99	83 19
99	85 19
99	79 54
99	84 20
99	84 1
99	83 1
99	85 1
99	79 25
99	84 2
99	84 3
99	83 3
99	85 3
99	79 38
99	84 4
99	84 5
99	83 5
99	85 5
99	79 27
99	84 6
99	84 7
99	83 7
99	85 7
99	79 41
99	84 8
99	84 9
99	83 9
99	85 9
99	79 30
99	84 10
99	84 11
99	84 12
99	84 13
99	83 13
99	85 13
99	79 28
99	84 14
99	84 15
99	83 15
99	85 15
99	79 35
99	83 15
99	85 11
99	79 364
99	84 16
99	84 17
99	83 17
99	85 17
99	79 37
99	84 18
99	84 19
99	84 20
99	83 20
99	85 20
99	79 33
99	84 1
99	84 2
99	83 2
99	85 2
99	79 46
99	84 3
99	84 4
99	83 4
99	85 4
99	79 35
99	84 5
99	84 6
99	83 6
99	85 6
99	79 46
99	84 7
99	84 8
99	83 8
99	85 8
99	79 29
99	84 9
99	84 10
99	84 11
99	84 12
99	83 12
99	85 12
99	79 26
99	84 13
99	84 14
99	83 14
99	85 14
99	79 30
99	83 14
99	85 10
99	79 356
99	84 15
99	84 16
99	83 16
99	85 16
99	79 40
99	84 17
99	84 18
99	83 18
99	85 18
99	79 30
99	84 19
99	84 20
99	83 20
99	85 20
99	79 37
99	84 1
99	84 2
99	83 2
99	85 2
99	79 29
99	84 3
99	84 4
99	83 4
99	85 4
99	79 43
99	84 5
99	84 6
99	83 6
99	85 6
99	79 24
99	84 7
99	84 8
99	83 8
99	85 8
99	79 37
99	84 9
99	84 10
99	83 10
99	85 10
99	79 25
99	84 11
99	84 12
99	84 13
99	84 14
99	83 14
99	85 14
99	79 27
99	84 15
99	84 16
99	83 16
99	85 16
99	79 40
99	83 16
99	85 12
99	79 364
99	84 17
99	84 18
99	83 18
99	85 18
99	79 42
99	84 19
99	84 20
99	83 20
99	85 20
99	79 28
99	84 1
99	84 2
99	84 3
99	84 4
99	84 5
99	84 6
99	83 6
99	85 4
99	79 196
99	83 6
99	85 6
99	79 44
99	83 6
99	85 2
99	79 367
99	84 7
99	84 8
99	83 8
99	85 8
99	79 36
99	84 9
99	84 10
99	83 10
99	85 10
99	79 29
99	84 11
99	84 12
99	83 12
99	85 12
99	79 41
99	84 13
99	84 14
99	83 14
99	85 14
99	79 30
99	84 15
99	84 16
99	83 16
99	85 16
99	79 40
99	84 17
99	84 18
99	83 18
99	85 18
99	79 30
99	84 19
99	84 20
99	83 20
99	85 20
99	79 38
99	84 1
99	84 2
99	83 2
99	85 2
99	79 23
99	84 3
99	84 4
99	83 4
99	85 4
99	79 46
99	84 5
99	84 6
99	83 6
99	85 6
99	79 26
99	84 7
99	84 8
99	84 9
99	84 10
99	TEST_NUMBER 2
99	SENT_TOTAL 250
99	RECEIVED_TOTAL 124
99	TIME_TOTAL 19192
99	RECEIVED_RADIO_1 68
99	RECEIVED_RADIO_2 56
99	SENT_RADIO_1 125
99	SENT_RADIO_2 125
99	RADIO_TIME_1 19763
99	RADIO_TIME_2 19763
99	RETRANSMISSIONS_1 2
99	RETRANSMISSIONS_2 2
99	DROPPED_1 0
99	DROPPED_2 0
99	MAX_QUEUE 1
99	DUPLICATED_1 0
99	DUPLICATED_2 0
99	EBUSY_RADIO_1 0
99	EBUSY_RADIO_2 0
99	84 1
99	83 1
99	85 1
99	79 30
99	84 2
99	84 3
99	83 3
99	85 3
99	79 40
99	84 4
99	84 5
99	83 5
99	85 5
99	79 30
99	84 6
99	84 7
99	83 7
99	85 7
99	79 43
99	84 8
99	84 9
99	83 9
99	85 9
99	79 32
99	84 10
99	84 11
99	83 11
99	85 11
99	79 37
99	84 12
99	83 12
99	85 12
99	79 36
99	84 13
99	84 14
99	84 15
99	84 16
99	83 16
99	85 16
99	79 30
99	84 17
99	84 18
99	83 18
99	85 18
99	79 43
99	83 18
99	85 14
99	79 370
99	84 19
99	84 20
99	83 20
99	85 20
99	79 37
99	84 1
99	84 2
99	83 2
99	85 2
99	79 21
99	84 3
99	84 4
99	84 5
99	84 6
99	83 6
99	85 6
99	79 25
99	84 7
99	84 8
99	84 9
99	84 10
99	83 10
99	85 8
99	79 195
99	83 10
99	85 4
99	79 518
99	83 10
99	85 10
99	79 49
99	84 11
99	84 12
99	83 12
99	85 12
99	79 31
99	84 13
99	84 14
99	83 14
99	85 14
99	79 40
99	84 15
99	84 16
99	83 16
99	85 16
99	79 33
99	84 17
99	84 18
99	83 18
99	85 18
99	79 40
99	84 19
99	84 20
99	83 20
99	85 20
99	79 29
99	84 1
99	84 2
99	83 2
99	85 2
99	79 40
99	84 3
99	84 4
99	83 4
99	85 4
99	79 30
99	84 5
99	83 5
99	85 5
99	79 60
99	84 6
99	84 7
99	83 7
99	85 7
99	79 29
99	84 8
99	84 9
99	83 9
99	85 9
99	79 39
99	84 10
99	84 11
99	84 12
99	84 13
99	83 13
99	85 13
99	79 40
99	84 14
99	84 15
99	83 15
99	85 11
99	79 346
99	83 15
99	85 15
99	79 33
99	84 16
99	84 17
99	83 17
99	85 17
99	79 43
99	84 18
99	84 19
99	83 19
99	85 19
99	79 31
99	84 20
99	84 1
99	83 1
99	85 1
99	79 38
99	84 2
99	84 3
99	84 4
99	84 5
99	83 5
99	85 5
99	79 38
99	84 6
99	84 7
99	83 7
99	85 3
99	79 344
99	83 7
99	85 7
99	79 33
99	84 8
99	84 9
99	83 9
99	85 9
99	79 37
99	84 10
99	84 11
99	83 11
99	85 11
99	79 29
99	84 12
99	84 13
99	83 13
99	85 13
99	79 39
99	84 14
99	84 15
99	83 15
99	85 15
99	79 27
99	84 16
99	84 17
99	83 17
99	85 17
99	79 36
99	84 18
99	84 19
99	83 19
99	85 19
99	79 26
99	84 20
99	84 1
99	84 2
99	84 3
99	83 3
99	85 3
99	79 33
99	84 4
99	84 5
99	83 5
99	85 5
99	79 34
99	83 5
99	85 1
99	79 359
99	84 6
99	84 7
99	84 8
99	83 8
99	85 8
99	79 45
99	84 9
99	84 10
99	83 10
99	85 10
99	79 28
99	84 11
99	84 12
99	83 12
99	85 12
99	79 44
99	84 13
99	84 14
99	83 14
99	85 14
99	79 29
99	84 15
99	84 16
99	83 16
99	85 16
99	79 38
99	84 17
99	84 18
99	83 18
99	85 18
99	79 28
99	84 19
99	84 20
99	83 20
99	85 20
99	79 39
99	84 1
99	84 2
99	84 3
99	84 4
99	83 4
99	85 4
99	79 45
99	84 5
99	84 6
99	83 6
99	85 2
99	79 361
99	83 6
99	85 6
99	79 48
99	84 7
99	84 8
99	83 8
99	85 8
99	79 35
99	84 9
99	84 10
99	84 11
99	84 12
99	83 12
99	85 12
99	79 39
99	84 13
99	84 14
99	83 14
99	85 10
99	79 347
99	83 14
99	85 14
99	79 34
99	84 15
99	84 16
99	83 16
99	85 16
99	79 39
99	84 17
99	84 18
99	83 18
99	85 18
99	79 32
99	84 19
99	84 20
99	83 20
99	85 20
99	79 40
99	84 1
99	84 2
99	83 2
99	85 2
99	79 29
99	84 3
99	84 4
99	83 4
99	85 4
99	79 45
99	84 5
99	83 5
99	85 5
99	79 38
99	84 6
99	84 7
99	83 7
99	85 7
99	79 40
99	84 8
99	84 9
99	84 10
99	84 11
99	84 12
99	84 13
99	83 13
99	85 9
99	79 346
99	83 13
99	85 13
99	79 35
99	84 14
99	84 15
99	83 15
99	85 11
99	79 362
99	84 16
99	84 17
99	83 17
99	85 17
99	79 40
99	84 18
99	84 19
99	83 19
99	85 15
99	79 345
99	83 19
99	85 19
99	79 47
99	84 20
99	84 1
99	83 1
99	85 1
99	79 30
99	84 2
99	84 3
99	83 3
99	85 3
99	79 39
99	84 4
99	84 5
99	84 6
99	84 7
99	83 7
99	85 7
99	79 42
99	84 8
99	83 8
99	85 5
99	79 277
99	83 8
99	85 8
99	79 47
99	84 9
99	84 10
99	84 11
99	83 11
99	85 11
99	79 39
99	84 12
99	84 13
99	83 13
99	85 10
99	79 276
99	84 14
99	84 15
99	83 15
99	85 15
99	79 40
99	84 16
99	84 17
99	83 17
99	85 13
99	79 352
99	83 17
99	85 17
99	79 41
99	84 18
99	84 19
99	83 19
99	85 19
99	79 41
99	84 20
99	84 1
99	83 1
99	85 1
99	79 26
99	84 2
99	84 3
99	84 4
99	84 5
99	83 5
99	85 5
99	79 28
99	84 6
99	83 6
99	85 6
99	79 41
99	84 7
99	84 8
99	83 8
99	85 3
99	79 436
99	83 8
99	85 8
99	79 43
99	84 9
99	84 10
99	83 10
99	85 10
99	79 28
99	84 11
99	84 12
99	83 12
99	85 12
99	79 47
99	84 13
99	84 14
99	83 14
99	85 14
99	79 29
99	84 15
99	84 16
99	83 16
99	85 16
99	79 36
99	84 17
99	84 18
99	83 18
99	85 18
99	79 29
99	84 19
99	84 20
99	83 20
99	85 20
99	79 42
99	84 1
99	84 2
99	83 2
99	85 2
99	79 24
99	84 3
99	84 4
99	83 4
99	85 4
99	79 39
99	84 5
99	84 6
99	83 6
99	85 6
99	79 28
99	84 7
99	84 8
99	83 8
99	85 8
99	79 48
99	84 9
99	84 10
99	83 10
99	85 10
99	79 28
99	84 11
99	84 12
99	83 12
99	85 12
99	79 38
99	84 13
99	83 13
99	85 13
99	79 33
99	84 14
99	84 15
99	84 16
99	84 17
99	83 17
99	85 17
99	79 27
99	84 18
99	84 19
99	83 19
99	85 15
99	79 363
99	83 19
99	85 19
99	79 53
99	84 20
99	84 1
99	83 1
99	85 1
99	79 28
99	84 2
99	84 3
99	83 3
99	85 3
99	79 42
99	84 4
99	84 5
99	83 5
99	85 5
99	79 28
99	84 6
99	84 7
99	84 8
99	84 9
99	83 9
99	85 9
99	79 30
99	84 10
99	84 11
99	83 11
99	85 7
99	79 359
99	83 11
99	85 11
99	79 55
99	84 12
99	84 13
99	83 13
99	85 13
99	79 24
99	84 14
99	83 14
99	85 14
99	79 50
99	84 15
99	84 16
99	83 16
99	85 16
99	79 31
99	84 17
99	84 18
99	84 19
99	83 19
99	85 18
99	79 103
99	84 20
99	83 20
99	85 20
99	79 29
99	84 1
99	84 2
99	83 2
99	85 2
99	79 37
99	84 3
99	84 4
99	83 4
99	85 4
99	79 30
99	84 5
99	84 6
99	83 6
99	85 6
99	79 42
99	84 7
99	84 8
99	83 8
99	85 8
99	79 29
99	84 9
99	84 10
99	83 10
99	85 10
99	79 42
99	84 11
99	84 12
99	83 12
99	85 12
99	79 28
99	84 13
99	84 14
99	84 15
99	84 16
99	84 17
99	84 18
99	83 18
99	85 16
99	79 198
99	83 18
99	85 14
99	79 366
99	83 18
99	85 18
99	79 47
99	84 19
99	84 20
99	83 20
99	85 20
99	79 36
99	84 1
99	84 2
99	83 2
99	85 2
99	79 30
99	84 3
99	84 4
99	83 4
99	85 4
99	79 45
99	84 5
99	84 6
99	83 6
99	85 6
99	79 29
99	84 7
99	84 8
99	83 8
99	85 8
99	79 40
99	84 9
99	84 10
99	TEST_NUMBER 3
99	SENT_TOTAL 250
99	RECEIVED_TOTAL 128
99	TIME_TOTAL 19693
99	RECEIVED_RADIO_1 67
99	RECEIVED_RADIO_2 61
99	SENT_RADIO_1 128
99	SENT_RADIO_2 122
99	RADIO_TIME_1 19843
99	RADIO_TIME_2 19683
99	RETRANSMISSIONS_1 1
99	RETRANSMISSIONS_2 9
99	DROPPED_1 0
99	DROPPED_2 0
99	MAX_QUEUE 1
99	DUPLICATED_1 0
99	DUPLICATED_2 0
99	EBUSY_RADIO_1 0
99	EBUSY_RADIO_2 0
99	83 0
99	85 10
99	86 3
99	84 1
99	84 2
99	83 2
99	85 2
99	79 36
99	84 3
99	84 4
99	83 4
99	85 4
99	79 34
99	84 5
99	84 6
99	83 6
99	85 6
99	79 41
99	84 7
99	84 8
99	83 8
99	85 8
99	79 40
99	84 9
99	84 10
99	83 10
99	85 10
99	79 43
99	84 11
99	84 12
99	83 12
99	85 12
99	79 27
99	84 13
99	84 14
99	83 14
99	85 14
99	79 35
99	84 15
99	84 16
99	83 16
99	85 16
99	79 27
99	84 17
99	84 18
99	83 18
99	85 18
99	79 40
99	84 19
99	84 20
99	84 1
99	84 2
99	84 3
99	84 4
99	83 4
99	85 20
99	79 347
99	83 4
99	85 4
99	79 37
99	84 5
99	84 6
99	83 6
99	85 2
99	79 359
99	83 6
99	85 6
99	79 47
99	84 7
99	84 8
99	83 8
99	85 8
99	79 27
99	84 9
99	84 10
99	84 11
99	84 12
99	84 13
99	84 14
99	83 14
99	85 12
99	79 199
99	83 14
99	85 14
99	79 45
99	83 14
99	85 10
99	79 364
99	84 15
99	84 16
99	83 16
99	85 16
99	79 43
99	84 17
99	83 17
99	85 17
99	79 44
99	84 18
99	84 19
99	83 19
99	85 19
99	79 40
99	84 20
99	83 20
99	85 20
99	79 35
99	84 1
99	84 2
99	83 2
99	85 2
99	79 46
99	84 3
99	84 4
99	83 4
99	85 4
99	79 26
99	84 5
99	84 6
99	83 6
99	85 6
99	79 43
99	84 7
99	84 8
99	83 8
99	85 8
99	79 29
99	84 9
99	84 10
99	84 11
99	83 11
99	85 11
99	79 35
99	84 12
99	84 13
99	83 13
99	85 13
99	79 40
99	83 13
99	85 10
99	79 284
99	84 14
99	84 15
99	83 15
99	85 15
99	79 38
99	84 16
99	84 17
99	83 17
99	85 17
99	79 28
99	84 18
99	84 19
99	84 20
99	84 1
99	83 1
99	85 1
99	79 31
99	84 2
99	84 3
99	83 3
99	85 3
99	79 30
99	83 3
99	85 19
99	79 353
99	84 4
99	84 5
99	83 5
99	85 5
99	79 34
99	84 6
99	84 7
99	83 7
99	85 7
99	79 28
99	84 8
99	84 9
99	83 9
99	85 9
99	79 41
99	84 10
99	84 11
99	83 11
99	85 11
99	79 29
99	84 12
99	84 13
99	84 14
99	83 14
99	85 14
99	79 44
99	84 15
99	84 16
99	83 16
99	85 16
99	79 31
99	84 17
99	83 17
99	85 17
99	79 41
99	84 18
99	84 19
99	83 19
99	85 19
99	79 29
99	84 20
99	84 1
99	83 1
99	85 1
99	79 45
99	84 2
99	84 3
99	83 3
99	85 3
99	79 25
99	84 4
99	84 5
99	83 5
99	85 5
99	79 37
99	84 6
99	84 7
99	83 7
99	85 7
99	79 34
99	84 8
99	84 9
99	83 9
99	85 9
99	79 27
99	84 10
99	84 11
99	84 12
99	84 13
99	83 13
99	85 13
99	79 26
99	84 14
99	84 15
99	84 16
99	84 17
99	83 17
99	85 15
99	79 195
99	83 17
99	85 11
99	79 518
99	83 17
99	85 17
99	79 49
99	84 18
99	84 19
99	83 19
99	85 19
99	79 23
99	84 20
99	84 1
99	83 1
99	85 1
99	79 39
99	84 2
99	84 3
99	84 4
99	84 5
99	83 5
99	85 5
99	79 30
99	84 6
99	84 7
99	83 7
99	85 7
99	79 32
99	83 7
99	85 3
99	79 361
99	84 8
99	84 9
99	83 9
99	85 9
99	79 42
99	84 10
99	84 11
99	83 11
99	85 11
99	79 30
99	84 12
99	84 13
99	83 13
99	85 13
99	79 45
99	84 14
99	84 15
99	83 15
99	85 15
99	79 31
99	84 16
99	83 16
99	85 16
99	79 49
99	84 17
99	84 18
99	83 18
99	85 18
99	79 27
99	84 19
99	84 20
99	83 20
99	85 20
99	79 41
99	84 1
99	84 2
99	83 2
99	85 2
99	79 29
99	84 3
99	84 4
99	83 4
99	85 4
99	79 35
99	84 5
99	84 6
99	83 6
99	85 6
99	79 30
99	84 7
99	84 8
99	83 8
99	85 8
99	79 38
99	84 9
99	84 10
99	84 11
99	84 12
99	83 12
99	85 12
99	79 41
99	84 13
99	84 14
99	83 14
99	85 10
99	79 346
99	83 14
99	85 14
99	79 37
99	84 15
99	84 16
99	83 16
99	85 16
99	79 42
99	84 17
99	84 18
99	83 18
99	85 18
99	79 27
99	84 19
99	84 20
99	83 20
99	85 20
99	79 38
99	84 1
99	84 2
99	83 2
99	85 2
99	79 30
99	84 3
99	83 3
99	85 3
99	79 49
99	84 4
99	84 5
99	83 5
99	85 5
99	79 28
99	84 6
99	84 7
99	83 7
99	85 7
99	79 32
99	84 8
99	84 9
99	83 9
99	85 9
99	79 37
99	84 10
99	84 11
99	83 11
99	85 11
99	79 25
99	84 12
99	84 13
99	83 13
99	85 13
99	79 45
99	84 14
99	84 15
99	84 16
99	83 16
99	85 16
99	79 26
99	84 17
99	84 18
99	83 18
99	85 18
99	79 37
99	84 19
99	84 20
99	83 20
99	85 20
99	79 29
99	84 1
99	84 2
99	83 2
99	85 2
99	79 36
99	84 3
99	84 4
99	84 5
99	83 5
99	85 3
99	79 192
99	84 6
99	84 7
99	83 7
99	85 7
99	79 46
99	84 8
99	83 8
99	85 5
99	79 261
99	84 9
99	83 9
99	85 9
99	79 43
99	84 10
99	84 11
99	84 12
99	84 13
99	83 13
99	85 13
99	79 45
99	84 14
99	84 15
99	83 15
99	85 11
99	79 350
99	83 15
99	85 15
99	79 40
99	84 16
99	84 17
99	83 17
99	85 17
99	79 37
99	84 18
99	84 19
99	83 19
99	85 19
99	79 26
99	84 20
99	84 1
99	83 1
99	85 1
99	79 39
99	84 2
99	84 3
99	83 3
99	85 3
99	79 28
99	84 4
99	84 5
99	84 6
99	84 7
99	84 8
99	83 8
99	85 8
99	79 26
99	84 9
99	84 10
99	83 10
99	85 10
99	79 34
99	83 10
99	85 6
99	79 362
99	84 11
99	84 12
99	83 12
99	85 12
99	79 41
99	84 13
99	84 14
99	83 14
99	85 14
99	79 29
99	84 15
99	84 16
99	83 16
99	85 16
99	79 46
99	84 17
99	84 18
99	83 18
99	85 18
99	79 26
99	84 19
99	84 20
99	83 20
99	85 20
99	79 44
99	84 1
99	84 2
99	83 2
99	85 2
99	79 31
99	84 3
99	84 4
99	84 5
99	83 5
99	85 4
99	79 104
99	84 6
99	84 7
99	84 8
99	83 8
99	85 6
99	79 185
99	84 9
99	83 9
99	85 9
99	79 36
99	84 10
99	84 11
99	83 11
99	85 11
99	79 32
99	83 11
99	85 8
99	79 276
99	84 12
99	84 13
99	83 13
99	85 13
99	79 42
99	84 14
99	84 15
99	83 15
99	85 15
99	79 36
99	84 16
99	84 17
99	83 17
99	85 17
99	79 40
99	84 18
99	84 19
99	83 19
99	85 19
99	79 25
99	84 20
99	84 1
99	83 1
99	85 1
99	79 41
99	84 2
99	84 3
99	83 3
99	85 3
99	79 30
99	84 4
99	84 5
99	83 5
99	85 5
99	79 40
99	84 6
99	84 7
99	83 7
99	85 7
99	79 28
99	84 8
99	84 9
99	83 9
99	85 9
99	79 41
99	84 10
99	84 11
99	83 11
99	85 11
99	79 34
99	84 12
99	84 13
99	83 13
99	85 13
99	79 43
99	84 14
99	84 15
99	84 16
99	84 17
99	83 17
99	85 15
99	79 187
99	83 17
99	85 17
99	79 51
99	84 18
99	84 19
99	83 19
99	85 19
99	79 38
99	84 20
99	84 1
99	83 1
99	85 1
99	79 35
99	84 2
99	84 3
99	83 3
99	85 3
99	79 37
99	84 4
99	84 5
99	83 5
99	85 5
99	79 27
99	84 6
99	84 7
99	84 8
99	84 9
99	83 9
99	85 9
99	79 28
99	84 10
99	TEST_NUMBER 4
99	SENT_TOTAL 250
99	RECEIVED_TOTAL 126
99	TIME_TOTAL 29804
99	RECEIVED_RADIO_1 70
99	RECEIVED_RADIO_2 57
99	SENT_RADIO_1 128
99	SENT_RADIO_2 122
99	RADIO_TIME_1 29804
99	RADIO_TIME_2 19843
99	RETRANSMISSIONS_1 3
99	RETRANSMISSIONS_2 9
99	DROPPED_1 0
99	DROPPED_2 0
99	MAX_QUEUE 1
99	DUPLICATED_1 2
99	DUPLICATED_2 0
99	EBUSY_RADIO_1 0
99	EBUSY_RADIO_2 0
99	84 1
99	83 1
99	85 1
99	79 38
99	83 1
99	85 7
99	86 4
99	84 2
99	84 3
99	83 3
99	85 3
99	79 43
99	84 4
99	84 5
99	83 5
99	85 5
99	79 28
99	84 6
99	84 7
99	83 7
99	85 7
99	79 38
99	84 8
99	84 9
99	83 9
99	85 9
99	79 29
99	84 10
99	84 11
99	84 12
99	84 13
99	84 14
99	84 15
99	83 15
99	85 13
99	79 198
99	83 15
99	85 11
99	79 362
99	83 15
99	85 15
99	79 46
99	84 16
99	84 17
99	84 18
99	84 19
99	83 19
99	85 19
99	79 33
99	84 20
99	84 1
99	83 1
99	85 1
99	79 48
99	83 1
99	85 17
99	79 375
99	84 2
99	84 3
99	84 4
99	84 5
99	84 6
99	83 6
99	85 6
99	79 24
99	84 7
99	84 8
99	84 9
99	84 10
99	84 11
99	83 11
99	85 11
99	79 25
99	84 12
99	84 13
99	83 13
99	85 13
99	79 36
99	83 13
99	85 9
99	79 361
99	84 14
99	84 15
99	83 15
99	85 15
99	79 41
99	84 16
99	84 17
99	83 17
99	85 17
99	79 31
99	84 18
99	84 19
99	83 19
99	85 19
99	79 45
99	84 20
99	84 1
99	83 1
99	85 1
99	79 26
99	84 2
99	84 3
99	84 4
99	84 5
99	84 6
99	83 6
99	85 6
99	79 28
99	84 7
99	84 8
99	83 8
99	85 8
99	79 38
99	84 9
99	83 9
99	85 3
99	79 497
99	84 10
99	84 11
99	84 12
99	83 12
99	85 12
99	79 25
99	84 13
99	84 14
99	83 14
99	85 14
99	79 36
99	83 14
99	85 10
99	79 363
99	84 15
99	84 16
99	83 16
99	85 16
99	79 36
99	84 17
99	84 18
99	83 18
99	85 18
99	79 30
99	84 19
99	84 20
99	84 1
99	84 2
99	83 2
99	85 2
99	79 27
99	84 3
99	84 4
99	83 4
99	85 20
99	79 358
99	83 4
99	85 4
99	79 49
99	84 5
99	84 6
99	84 7
99	84 8
99	83 8
99	85 8
99	79 37
99	84 9
99	84 10
99	83 10
99	85 6
99	79 347
99	83 10
99	85 10
99	79 53
99	84 11
99	84 12
99	83 12
99	85 12
99	79 28
99	84 13
99	84 14
99	83 14
99	85 14
99	79 36
99	84 15
99	84 16
99	83 16
99	85 16
99	79 22
99	84 17
99	84 18
99	83 18
99	85 18
99	79 43
99	84 19
99	84 20
99	83 20
99	85 20
99	79 26
99	84 1
99	84 2
99	83 2
99	85 2
99	79 37
99	84 3
99	84 4
99	83 4
99	85 4
99	79 23
99	84 5
99	84 6
99	83 6
99	85 6
99	79 41
99	84 7
99	84 8
99	83 8
99	85 8
99	79 30
99	84 9
99	84 10
99	83 10
99	85 10
99	79 40
99	84 11
99	84 12
99	83 12
99	85 12
99	79 29
99	84 13
99	84 14
99	83 14
99	85 14
99	79 43
99	84 15
99	84 16
99	83 16
99	85 16
99	79 28
99	84 17
99	84 18
99	83 18
99	85 18
99	79 40
99	84 19
99	84 20
99	83 20
99	85 20
99	79 30
99	84 1
99	84 2
99	83 2
99	85 2
99	79 42
99	84 3
99	84 4
99	83 4
99	85 4
99	79 25
99	84 5
99	84 6
99	83 6
99	85 6
99	79 45
99	84 7
99	84 8
99	83 8
99	85 8
99	79 26
99	84 9
99	84 10
99	83 10
99	85 10
99	79 36
99	84 11
99	84 12
99	83 12
99	85 12
99	79 36
99	84 13
99	84 14
99	84 15
99	84 16
99	83 16
99	85 16
99	79 29
99	84 17
99	84 18
99	83 18
99	85 18
99	79 32
99	83 18
99	85 14
99	79 360
99	84 19
99	84 20
99	83 20
99	85 20
99	79 39
99	84 1
99	84 2
99	83 2
99	85 2
99	79 31
99	84 3
99	84 4
99	84 5
99	84 6
99	83 6
99	85 6
99	79 30
99	84 7
99	84 8
99	83 8
99	85 8
99	79 37
99	84 9
99	83 9
99	85 4
99	79 422
99	84 10
99	83 10
99	85 10
99	79 43
99	84 11
99	84 12
99	83 12
99	85 12
99	79 28
99	84 13
99	84 14
99	83 14
99	85 14
99	79 43
99	84 15
99	84 16
99	83 16
99	85 16
99	79 30
99	84 17
99	84 18
99	83 18
99	85 18
99	79 36
99	84 19
99	84 20
99	83 20
99	85 20
99	79 26
99	84 1
99	84 2
99	83 2
99	85 2
99	79 38
99	84 3
99	84 4
99	84 5
99	84 6
99	83 6
99	85 6
99	79 37
99	84 7
99	84 8
99	83 8
99	85 4
99	79 349
99	83 8
99	85 8
99	79 40
99	84 9
99	83 9
99	85 9
99	79 62
99	84 10
99	84 11
99	84 12
99	84 13
99	83 13
99	85 13
99	79 44
99	84 14
99	84 15
99	84 16
99	84 17
99	83 17
99	85 11
99	79 512
99	83 17
99	85 15
99	79 201
99	83 17
99	85 17
99	79 48
99	84 18
99	84 19
99	83 19
99	85 19
99	79 27
99	84 20
99	84 1
99	83 1
99	85 1
99	79 39
99	84 2
99	84 3
99	83 3
99	85 3
99	79 36
99	84 4
99	84 5
99	83 5
99	85 5
99	79 31
99	84 6
99	84 7
99	83 7
99	85 7
99	79 46
99	84 8
99	84 9
99	83 9
99	85 9
99	79 28
99	84 10
99	84 11
99	83 11
99	85 11
99	79 44
99	84 12
99	84 13
99	83 13
99	85 13
99	79 25
99	84 14
99	84 15
99	83 15
99	85 15
99	79 42
99	84 16
99	84 17
99	83 17
99	85 17
99	79 28
99	84 18
99	84 19
99	83 19
99	85 19
99	79 44
99	84 20
99	84 1
99	83 1
99	85 1
99	79 28
99	84 2
99	84 3
99	83 3
99	85 3
99	79 39
99	84 4
99	84 5
99	83 5
99	85 5
99	79 28
99	84 6
99	84 7
99	83 7
99	85 7
99	79 39
99	84 8
99	84 9
99	83 9
99	85 9
99	79 31
99	84 10
99	84 11
99	83 11
99	85 11
99	79 42
99	84 12
99	84 13
99	83 13
99	85 13
99	79 31
99	84 14
99	84 15
99	83 15
99	85 15
99	79 42
99	84 16
99	84 17
99	83 17
99	85 17
99	79 26
99	84 18
99	84 19
99	84 20
99	84 1
99	84 2
99	84 3
99	83 3
99	85 1
99	79 198
99	83 3
99	85 19
99	79 359
99	83 3
99	85 3
99	79 47
99	84 4
99	84 5
99	83 5
99	85 5
99	79 45
99	84 6
99	84 7
99	84 8
99	84 9
99	83 9
99	85 9
99	79 51
99	84 10
99	84 11
99	83 11
99	85 7
99	79 347
99	83 11
99	85 11
99	79 36
99	84 12
99	84 13
99	83 13
99	85 13
99	79 39
99	84 14
99	84 15
99	83 15
99	85 15
99	79 30
99	84 16
99	84 17
99	83 17
99	85 17
99	79 39
99	84 18
99	84 19
99	83 19
99	85 19
99	79 26
99	84 20
99	84 1
99	84 2
99	83 2
99	85 2
99	79 39
99	84 3
99	84 4
99	83 4
99	85 1
99	79 279
99	84 5
99	84 6
99	83 6
99	85 6
99	79 38
99	84 7
99	84 8
99	83 8
99	85 4
99	79 344
99	83 8
99	85 8
99	79 34
99	84 9
99	84 10
99	83 10
99	85 10
99	79 41
99	84 11
99	84 12
99	84 13
99	83 13
99	85 12
99	79 121
99	83 13
99	85 13
99	79 51
99	84 14
99	84 15
99	83 15
99	85 15
99	79 42
99	84 16
99	84 17
99	83 17
99	85 17
99	79 24
99	84 18
99	84 19
99	83 19
99	85 19
99	79 48
99	84 20
99	84 1
99	83 1
99	85 1
99	79 32
99	84 2
99	83 2
99	85 2
99	79 51
99	84 3
99	84 4
99	83 4
99	85 4
99	79 32
99	84 5
99	84 6
99	83 6
99	85 6
99	79 45
99	84 7
99	84 8
99	83 8
99	85 8
99	79 29
99	84 9
99	84 10
99	TEST_NUMBER 5
99	SENT_TOTAL 250
99	RECEIVED_TOTAL 124
99	TIME_TOTAL 19674
99	RECEIVED_RADIO_1 68
99	RECEIVED_RADIO_2 57
99	SENT_RADIO_1 126
99	SENT_RADIO_2 124
99	RADIO_TIME_1 19772
99	RADIO_TIME_2 19804
99	RETRANSMISSIONS_1 3
99	RETRANSMISSIONS_2 6
99	DROPPED_1 0
99	DROPPED_2 0
99	MAX_QUEUE 1
99	DUPLICATED_1 0
99	DUPLICATED_2 0
99	EBUSY_RADIO_1 0
99	EBUSY_RADIO_2 0
99	84 1
99	83 1
99	85 1
99	79 27
99	84 2
99	84 3
99	83 3
99	85 3
99	79 54
99	83 3
99	85 9
99	86 5
99	84 4
99	84 5
99	83 5
99	85 5
99	79 42
99	84 6
99	84 7
99	83 7
99	85 7
99	79 29
99	84 8
99	84 9
99	84 10
99	84 11
99	83 11
99	85 11
99	79 34
99	84 12
99	83 12
99	85 9
99	79 259
99	84 13
99	83 13
99	85 13
99	79 40
99	84 14
99	84 15
99	83 15
99	85 15
99	79 32
99	84 16
99	83 16
99	85 16
99	79 51
99	84 17
99	84 18
99	84 19
99	84 20
99	83 20
99	85 20
99	79 41
99	84 1
99	84 2
99	83 2
99	85 18
99	79 353
99	83 2
99	85 2
99	79 40
99	84 3
99	84 4
99	83 4
99	85 4
99	79 46
99	84 5
99	84 6
99	83 6
99	85 6
99	79 28
99	84 7
99	84 8
99	83 8
99	85 8
99	79 37
99	84 9
99	84 10
99	83 10
99	85 10
99	79 26
99	84 11
99	84 12
99	83 12
99	85 12
99	79 42
99	84 13
99	84 14
99	84 15
99	84 16
99	84 17
99	83 17
99	85 14
99	79 273
99	83 17
99	85 17
99	79 40
99	84 18
99	84 19
99	83 19
99	85 19
99	79 31
99	83 19
99	85 16
99	79 281
99	84 20
99	84 1
99	83 1
99	85 1
99	79 42
99	84 2
99	84 3
99	83 3
99	85 3
99	79 28
99	84 4
99	84 5
99	83 5
99	85 5
99	79 41
99	84 6
99	84 7
99	83 7
99	85 7
99	79 31
99	84 8
99	84 9
99	83 9
99	85 9
99	79 39
99	84 10
99	84 11
99	83 11
99	85 11
99	79 30
99	84 12
99	84 13
99	83 13
99	85 13
99	79 40
99	84 14
99	84 15
99	83 15
99	85 15
99	79 36
99	84 16
99	84 17
99	83 17
99	85 17
99	79 42
99	84 18
99	84 19
99	83 19
99	85 19
99	79 31
99	84 20
99	84 1
99	83 1
99	85 1
99	79 43
99	84 2
99	84 3
99	83 3
99	85 3
99	79 31
99	84 4
99	84 5
99	84 6
99	84 7
99	83 7
99	85 7
99	79 32
99	84 8
99	84 9
99	83 9
99	85 9
99	79 30
99	83 9
99	85 5
99	79 359
99	84 10
99	84 11
99	83 11
99	85 11
99	79 43
99	84 12
99	84 13
99	84 14
99	83 14
99	85 14
99	79 25
99	84 15
99	84 16
99	83 16
99	85 16
99	79 37
99	84 17
99	84 18
99	83 18
99	85 18
99	79 28
99	84 19
99	84 20
99	83 20
99	85 20
99	79 46
99	84 1
99	84 2
99	83 2
99	85 2
99	79 25
99	84 3
99	84 4
99	84 5
99	84 6
99	83 6
99	85 6
99	79 28
99	84 7
99	84 8
99	83 8
99	85 8
99	79 30
99	83 8
99	85 4
99	79 358
99	84 9
99	84 10
99	84 11
99	84 12
99	84 13
99	84 14
99	83 14
99	85 14
99	79 44
99	84 15
99	84 16
99	83 16
99	85 12
99	79 358
99	83 16
99	85 16
99	79 49
99	84 17
99	84 18
99	83 18
99	85 18
99	79 46
99	84 19
99	84 20
99	84 1
99	84 2
99	83 2
99	85 20
99	79 187
99	83 2
99	85 2
99	79 54
99	84 3
99	84 4
99	83 4
99	85 4
99	79 40
99	84 5
99	84 6
99	83 6
99	85 6
99	79 43
99	84 7
99	84 8
99	83 8
99	85 8
99	79 35
99	84 9
99	84 10
99	83 10
99	85 10
99	79 39
99	84 11
99	84 12
99	83 12
99	85 12
99	79 27
99	84 13
99	84 14
99	83 14
99	85 14
99	79 40
99	84 15
99	84 16
99	83 16
99	85 16
99	79 26
99	84 17
99	84 18
99	83 18
99	85 18
99	79 37
99	84 19
99	84 20
99	84 1
99	84 2
99	83 2
99	85 20
99	79 195
99	83 2
99	85 2
99	79 50
99	84 3
99	84 4
99	83 4
99	85 4
99	79 26
99	84 5
99	84 6
99	83 6
99	85 6
99	79 43
99	84 7
99	84 8
99	84 9
99	84 10
99	83 10
99	85 10
99	79 42
99	84 11
99	84 12
99	83 12
99	85 8
99	79 344
99	83 12
99	85 12
99	79 34
99	84 13
99	84 14
99	83 14
99	85 14
99	79 45
99	84 15
99	84 16
99	83 16
99	85 16
99	79 27
99	84 17
99	84 18
99	84 19
99	84 20
99	84 1
99	83 1
99	85 1
99	79 34
99	84 2
99	84 3
99	83 3
99	85 3
99	79 39
99	83 3
99	85 18
99	79 440
99	84 4
99	84 5
99	83 5
99	85 5
99	79 44
99	84 6
99	84 7
99	83 7
99	85 7
99	79 26
99	84 8
99	84 9
99	84 10
99	84 11
99	83 11
99	85 11
99	79 30
99	84 12
99	84 13
99	83 13
99	85 13
99	79 33
99	83 13
99	85 9
99	79 359
99	84 14
99	84 15
99	83 15
99	85 15
99	79 44
99	84 16
99	84 17
99	84 18
99	84 19
99	84 20
99	83 20
99	85 17
99	79 274
99	83 20
99	85 20
99	79 45
99	84 1
99	84 2
99	83 2
99	85 2
99	79 31
99	83 2
99	85 18
99	79 362
99	84 3
99	84 4
99	83 4
99	85 4
99	79 39
99	84 5
99	84 6
99	83 6
99	85 6
99	79 33
99	84 7
99	84 8
99	83 8
99	85 8
99	79 43
99	84 9
99	84 10
99	83 10
99	85 10
99	79 34
99	84 11
99	84 12
99	83 12
99	85 12
99	79 40
99	84 13
99	84 14
99	84 15
99	84 16
99	83 16
99	85 16
99	79 40
99	84 17
99	84 18
99	83 18
99	85 14
99	79 346
99	83 18
99	85 18
99	79 34
99	84 19
99	84 20
99	83 20
99	85 20
99	79 43
99	84 1
99	84 2
99	83 2
99	85 2
99	79 25
99	84 3
99	84 4
99	83 4
99	85 4
99	79 38
99	84 5
99	84 6
99	83 6
99	85 6
99	79 22
99	84 7
99	84 8
99	83 8
99	85 8
99	79 40
99	84 9
99	84 10
99	83 10
99	85 10
99	79 23
99	84 11
99	84 12
99	83 12
99	85 12
99	79 38
99	84 13
99	84 14
99	83 14
99	85 14
99	79 32
99	84 15
99	84 16
99	83 16
99	85 16
99	79 40
99	84 17
99	84 18
99	83 18
99	85 18
99	79 25
99	84 19
99	84 20
99	83 20
99	85 20
99	79 36
99	84 1
99	84 2
99	83 2
99	85 2
99	79 40
99	84 3
99	84 4
99	83 4
99	85 4
99	79 32
99	84 5
99	84 6
99	83 6
99	85 6
99	79 40
99	84 7
99	84 8
99	83 8
99	85 8
99	79 32
99	84 9
99	84 10
99	83 10
99	85 10
99	79 36
99	84 11
99	84 12
99	84 13
99	84 14
99	83 14
99	85 14
99	79 41
99	84 15
99	84 16
99	83 16
99	85 12
99	79 343
99	83 16
99	85 16
99	79 30
99	84 17
99	84 18
99	83 18
99	85 18
99	79 35
99	84 19
99	84 20
99	83 20
99	85 20
99	79 23
99	84 1
99	83 1
99	85 1
99	79 44
99	84 2
99	84 3
99	83 3
99	85 3
99	79 27
99	84 4
99	84 5
99	84 6
99	84 7
99	83 7
99	85 7
99	79 27
99	84 8
99	84 9
99	83 9
99	85 9
99	79 33
99	84 10
99	83 10
99	85 5
99	79 423
99	84 11
99	84 12
99	84 13
99	83 13
99	85 13
99	79 35
99	84 14
99	84 15
99	83 15
99	85 11
99	79 365
99	83 15
99	85 15
99	79 54
99	84 16
99	84 17
99	83 17
99	85 17
99	79 23
99	84 18
99	84 19
99	83 19
99	85 19
99	79 41
99	84 20
99	84 1
99	83 1
99	85 1
99	79 27
99	84 2
99	84 3
99	84 4
99	84 5
99	84 6
99	83 6
99	85 6
99	79 31
99	84 7
99	84 8
99	83 8
99	85 8
99	79 43
99	84 9
99	84 10
99	TEST_NUMBER 6
99	SENT_TOTAL 250
99	RECEIVED_TOTAL 123
99	TIME_TOTAL 19699
99	RECEIVED_RADIO_1 67
99	RECEIVED_RADIO_2 57
99	SENT_RADIO_1 125
99	SENT_RADIO_2 125
99	RADIO_TIME_1 19843
99	RADIO_TIME_2 19683
99	RETRANSMISSIONS_1 3
99	RETRANSMISSIONS_2 4
99	DROPPED_1 0
99	DROPPED_2 0
99	MAX_QUEUE 1
99	DUPLICATED_1 1
99	DUPLICATED_2 0
99	EBUSY_RADIO_1 0
99	EBUSY_RADIO_2 0
99	83 0
99	85 10
99	86 6

100	RELAY_NODE 100
100	TEST_NUMBER 0
100	SENT_TOTAL 0
100	RECEIVED_TOTAL 0
100	TIME_TOTAL 0
100	RECEIVED_RADIO_1 51
100	RECEIVED_RADIO_2 104
100	SENT_RADIO_1 0
100	SENT_RADIO_2 50
100	RADIO_TIME_1 16793
100	RADIO_TIME_2 16717
100	RETRANSMISSIONS_1 1026
100	RETRANSMISSIONS_2 10
100	DROPPED_1 102
100	DROPPED_2 1
100	MAX_QUEUE 2
100	DUPLICATED_1 0
100	DUPLICATED_2 4
100	EBUSY_RADIO_1 0
100	EBUSY_RADIO_2 0
100	TEST_NUMBER 1
100	SENT_TOTAL 0
100	RECEIVED_TOTAL 0
100	TIME_TOTAL 0
100	RECEIVED_RADIO_1 59
100	RECEIVED_RADIO_2 125
100	SENT_RADIO_1 0
100	SENT_RADIO_2 59
100	RADIO_TIME_1 29878
100	RADIO_TIME_2 29858
100	RETRANSMISSIONS_1 1237
100	RETRANSMISSIONS_2 3
100	DROPPED_1 125
100	DROPPED_2 0
100	MAX_QUEUE 1
100	DUPLICATED_1 0
100	DUPLICATED_2 1
100	EBUSY_RADIO_1 0
100	EBUSY_RADIO_2 0
100	TEST_NUMBER 2
100	SENT_TOTAL 0
100	RECEIVED_TOTAL 0
100	TIME_TOTAL 0
100	RECEIVED_RADIO_1 57
100	RECEIVED_RADIO_2 123
100	SENT_RADIO_1 0
100	SENT_RADIO_2 57
100	RADIO_TIME_1 29874
100	RADIO_TIME_2 29701
100	RETRANSMISSIONS_1 1224
100	RETRANSMISSIONS_2 12
100	DROPPED_1 122
100	DROPPED_2 1
100	MAX_QUEUE 2
100	DUPLICATED_1 0
100	DUPLICATED_2 4
100	EBUSY_RADIO_1 1
100	EBUSY_RADIO_2 0
100	TEST_NUMBER 3
100	SENT_TOTAL 0
100	RECEIVED_TOTAL 0
100	TIME_TOTAL 0
100	RECEIVED_RADIO_1 61
100	RECEIVED_RADIO_2 123
100	SENT_RADIO_1 0
100	SENT_RADIO_2 60
100	RADIO_TIME_1 29872
100	RADIO_TIME_2 29804
100	RETRANSMISSIONS_1 1218
100	RETRANSMISSIONS_2 10
100	DROPPED_1 123
100	DROPPED_2 1
100	MAX_QUEUE 2
100	DUPLICATED_1 0
100	DUPLICATED_2 8
100	EBUSY_RADIO_1 0
100	EBUSY_RADIO_2 0
100	TEST_NUMBER 4
100	SENT_TOTAL 0
100	RECEIVED_TOTAL 0
100	TIME_TOTAL 0
100	RECEIVED_RADIO_1 58
100	RECEIVED_RADIO_2 122
100	SENT_RADIO_1 0
100	SENT_RADIO_2 58
100	RADIO_TIME_1 29874
100	RADIO_TIME_2 29689
100	RETRANSMISSIONS_1 1216
100	RETRANSMISSIONS_2 3
100	DROPPED_1 122
100	DROPPED_2 0
100	MAX_QUEUE 2
100	DUPLICATED_1 0
100	DUPLICATED_2 10
100	EBUSY_RADIO_1 0
100	EBUSY_RADIO_2 0
100	TEST_NUMBER 5
100	SENT_TOTAL 0
100	RECEIVED_TOTAL 0
100	TIME_TOTAL 0
100	RECEIVED_RADIO_1 57
100	RECEIVED_RADIO_2 126
100	SENT_RADIO_1 0
100	SENT_RADIO_2 56
100	RADIO_TIME_1 29875
100	RADIO_TIME_2 29776
100	RETRANSMISSIONS_1 1256
100	RETRANSMISSIONS_2 12
100	DROPPED_1 126
100	DROPPED_2 1
100	MAX_QUEUE 2
100	DUPLICATED_1 0
100	DUPLICATED_2 2
100	EBUSY_RADIO_1 0
100	EBUSY_RADIO_2 0
100	TEST_NUMBER 6
100	SENT_TOTAL 0
100	RECEIVED_TOTAL 0
100	TIME_TOTAL 0
100	RECEIVED_RADIO_1 59
100	RECEIVED_RADIO_2 122
100	SENT_RADIO_1 0
100	SENT_RADIO_2 58
100	RADIO_TIME_1 29869
100	RADIO_TIME_2 29698
100	RETRANSMISSIONS_1 1225
100	RETRANSMISSIONS_2 11
100	DROPPED_1 122
100	DROPPED_2 1
100	MAX_QUEUE 2
100	DUPLICATED_1 0
100	DUPLICATED_2 7
100	EBUSY_RADIO_1 0
100	EBUSY_RADIO_2 0
