
53	SOURCE_NODE 53
53	84 1
53	84 2
53	84 3
53	83 3
53	85 3
53	79 24
53	84 4
53	84 5
53	83 5
53	85 5
53	79 29
53	84 6
53	84 7
53	83 7
53	85 7
53	79 33
53	84 8
53	84 9
53	83 9
53	85 9
53	79 29
53	84 10
53	84 11
53	83 11
53	85 11
53	79 29
53	84 12
53	84 13
53	84 14
53	84 15
53	83 15
53	85 15
53	79 30
53	84 16
53	84 17
53	84 18
53	83 18
53	85 18
53	79 33
53	84 19
53	84 20
53	84 1
53	83 1
53	85 1
53	79 26
53	84 2
53	84 3
53	83 3
53	85 3
53	79 31
53	84 4
53	84 5
53	83 5
53	85 5
53	79 30
53	84 6
53	84 7
53	83 7
53	85 7
53	79 26
53	84 8
53	84 9
53	83 9
53	85 9
53	79 31
53	84 10
53	84 11
53	83 11
53	85 11
53	79 29
53	84 12
53	84 13
53	84 14
53	83 14
53	85 14
53	79 28
53	84 15
53	84 16
53	83 16
53	85 16
53	79 30
53	84 17
53	84 18
53	83 18
53	85 18
53	79 27
53	84 19
53	84 20
53	83 20
53	85 20
53	79 30
53	84 1
53	84 2
53	83 2
53	85 2
53	79 28
53	84 3
53	84 4
53	83 4
53	85 4
53	79 30
53	84 5
53	84 6
53	83 6
53	85 6
53	79 31
53	84 7
53	84 8
53	83 8
53	85 8
53	79 23
53	84 9
53	84 10
53	83 10
53	85 10
53	79 29
53	84 11
53	84 12
53	83 12
53	85 12
53	79 25
53	84 13
53	84 14
53	83 14
53	85 14
53	79 32
53	84 15
53	84 16
53	83 16
53	85 16
53	79 25
53	84 17
53	84 18
53	83 18
53	85 18
53	79 30
53	84 19
53	84 20
53	84 1
53	83 1
53	85 1
53	79 34
53	84 2
53	84 3
53	83 3
53	85 3
53	79 26
53	84 4
53	84 5
53	83 5
53	85 5
53	79 31
53	84 6
53	84 7
53	83 7
53	85 7
53	79 33
53	84 8
53	84 9
53	83 9
53	85 9
53	79 25
53	84 10
53	84 11
53	83 11
53	85 11
53	79 29
53	84 12
53	84 13
53	83 13
53	85 13
53	79 32
53	84 14
53	84 15
53	84 16
53	83 16
53	85 16
53	79 32
53	84 17
53	84 18
53	83 18
53	85 18
53	79 30
53	84 19
53	84 20
53	83 20
53	85 20
53	79 33
53	84 1
53	84 2
53	83 2
53	85 2
53	79 27
53	84 3
53	84 4
53	83 4
53	85 4
53	79 28
53	84 5
53	84 6
53	83 6
53	85 6
53	79 33
53	84 7
53	84 8
53	83 8
53	85 8
53	79 33
53	84 9
53	84 10
53	83 10
53	85 10
53	79 29
53	84 11
53	84 12
53	83 12
53	85 12
53	79 26
53	84 13
53	84 14
53	83 14
53	85 14
53	79 34
53	84 15
53	84 16
53	83 16
53	85 16
53	79 29
53	84 17
53	84 18
53	83 18
53	85 18
53	79 28
53	84 19
53	84 20
53	83 20
53	85 20
53	79 27
53	84 1
53	84 2
53	83 2
53	85 2
53	79 33
53	84 3
53	84 4
53	83 4
53	85 4
53	79 26
53	84 5
53	84 6
53	83 6
53	85 6
53	79 24
53	84 7
53	84 8
53	83 8
53	85 8
53	79 24
53	84 9
53	84 10
53	83 10
53	85 10
53	79 26
53	84 11
53	84 12
53	83 12
53	85 12
53	79 23
53	84 13
53	84 14
53	83 14
53	85 14
53	79 30
53	84 15
53	84 16
53	83 16
53	85 16
53	79 28
53	84 17
53	84 18
53	83 18
53	85 18
53	79 31
53	84 19
53	84 20
53	83 20
53	85 20
53	79 33
53	84 1
53	84 2
53	84 3
53	83 3
53	85 3
53	79 28
53	84 4
53	84 5
53	84 6
53	84 7
53	83 7
53	85 7
53	79 27
53	84 8
53	84 9
53	83 9
53	85 9
53	79 32
53	84 10
53	84 11
53	84 12
53	84 13
53	83 13
53	85 13
53	79 33
53	84 14
53	84 15
53	83 15
53	85 15
53	79 33
53	84 16
53	84 17
53	83 17
53	85 17
53	79 30
53	84 18
53	84 19
53	83 19
53	85 19
53	79 32
53	84 20
53	84 1
53	83 1
53	85 1
53	79 33
53	84 2
53	84 3
53	84 4
53	84 5
53	84 6
53	84 7
53	84 8
53	83 8
53	85 8
53	79 32
53	84 9
53	84 10
53	84 11
53	84 12
53	84 13
53	84 14
53	83 14
53	85 14
53	79 31
53	84 15
53	84 16
53	83 16
53	85 16
53	79 28
53	84 17
53	84 18
53	83 18
53	85 18
53	79 23
53	84 19
53	84 20
53	83 20
53	85 20
53	79 31
53	84 1
53	84 2
53	83 2
53	85 2
53	79 29
53	84 3
53	84 4
53	83 4
53	85 4
53	79 28
53	84 5
53	84 6
53	84 7
53	84 8
53	84 9
53	83 9
53	85 9
53	79 30
53	84 10
53	84 11
53	84 12
53	83 12
53	85 12
53	79 30
53	84 13
53	84 14
53	84 15
53	83 15
53	85 15
53	79 26
53	84 16
53	84 17
53	83 17
53	85 17
53	79 24
53	84 18
53	84 19
53	84 20
53	83 20
53	85 20
53	79 29
53	84 1
53	84 2
53	83 2
53	85 2
53	79 31
53	84 3
53	84 4
53	84 5
53	84 6
53	84 7
53	84 8
53	84 9
53	83 9
53	85 9
53	79 27
53	84 10
53	84 11
53	84 12
53	83 12
53	85 12
53	79 36
53	84 13
53	84 14
53	83 14
53	85 14
53	79 33
53	84 15
53	84 16
53	83 16
53	85 16
53	79 24
53	84 17
53	84 18
53	83 18
53	85 18
53	79 25
53	84 19
53	84 20
53	83 20
53	85 20
53	79 34
53	84 1
53	84 2
53	83 2
53	85 2
53	79 28
53	84 3
53	84 4
53	83 4
53	85 4
53	79 27
53	84 5
53	84 6
53	83 6
53	85 6
53	79 26
53	84 7
53	84 8
53	83 8
53	85 8
53	79 27
53	84 9
53	84 10
53	83 10
53	85 10
53	79 28
53	84 11
53	84 12
53	83 12
53	85 12
53	79 29
53	84 13
53	84 14
53	83 14
53	85 14
53	79 30
53	84 15
53	84 16
53	83 16
53	85 16
53	79 31
53	84 17
53	84 18
53	83 18
53	85 18
53	79 36
53	84 19
53	84 20
53	83 20
53	85 20
53	79 28
53	84 1
53	84 2
53	83 2
53	85 2
53	79 26
53	84 3
53	84 4
53	83 4
53	85 4
53	79 31
53	84 5
53	84 6
53	83 6
53	85 6
53	79 33
53	84 7
53	84 8
53	83 8
53	85 8
53	79 25
53	84 9
53	84 10
53	83 10
53	85 10
53	79 31
53	84 11
53	84 12
53	83 12
53	85 12
53	79 26
53	84 13
53	84 14
53	84 15
53	84 16
53	83 16
53	85 16
53	79 29
53	84 17
53	84 18
53	83 18
53	85 18
53	79 30
53	84 19
53	84 20
53	83 20
53	85 20
53	79 26
53	84 1
53	84 2
53	83 2
53	85 2
53	79 30
53	84 3
53	84 4
53	83 4
53	85 4
53	79 30
53	84 5
53	84 6
53	84 7
53	84 8
53	84 9
53	84 10
53	TEST_NUMBER 0
53	SENT_TOTAL 250
53	RECEIVED_TOTAL 104
53	TIME_TOTAL 19211
53	RECEIVED_RADIO_1 104
53	RECEIVED_RADIO_2 0
53	SENT_RADIO_1 125
53	SENT_RADIO_2 124
53	RADIO_TIME_1 19763
53	RADIO_TIME_2 19763
53	RETRANSMISSIONS_1 0
53	RETRANSMISSIONS_2 0
53	DROPPED_1 0
53	DROPPED_2 0
53	MAX_QUEUE 1
53	DUPLICATED_1 0
53	DUPLICATED_2 0
53	EBUSY_RADIO_1 0
53	EBUSY_RADIO_2 0
53	84 1
53	84 2
53	83 2
53	85 2
53	79 28
53	84 3
53	84 4
53	83 4
53	85 4
53	79 34
53	84 5
53	84 6
53	83 6
53	85 6
53	79 28
53	84 7
53	84 8
53	83 8
53	85 8
53	79 31
53	84 9
53	84 10
53	83 10
53	85 10
53	79 35
53	84 11
53	84 12
53	83 12
53	85 12
53	79 24
53	84 13
53	84 14
53	83 14
53	85 14
53	79 32
53	84 15
53	84 16
53	83 16
53	85 16
53	79 32
53	84 17
53	84 18
53	83 18
53	85 18
53	79 30
53	84 19
53	84 20
53	83 20
53	85 20
53	79 25
53	84 1
53	84 2
53	83 2
53	85 2
53	79 35
53	84 3
53	84 4
53	83 4
53	85 4
53	79 28
53	84 5
53	84 6
53	83 6
53	85 6
53	79 31
53	84 7
53	84 8
53	83 8
53	85 8
53	79 27
53	84 9
53	84 10
53	83 10
53	85 10
53	79 31
53	84 11
53	84 12
53	83 12
53	85 12
53	79 30
53	84 13
53	84 14
53	83 14
53	85 14
53	79 30
53	84 15
53	84 16
53	83 16
53	85 16
53	79 31
53	84 17
53	84 18
53	83 18
53	85 18
53	79 26
53	84 19
53	84 20
53	83 20
53	85 20
53	79 30
53	84 1
53	84 2
53	83 2
53	85 2
53	79 29
53	84 3
53	84 4
53	83 4
53	85 4
53	79 31
53	84 5
53	84 6
53	83 6
53	85 6
53	79 28
53	84 7
53	84 8
53	83 8
53	85 8
53	79 26
53	84 9
53	84 10
53	83 10
53	85 10
53	79 29
53	84 11
53	84 12
53	83 12
53	85 12
53	79 30
53	84 13
53	84 14
53	83 14
53	85 14
53	79 28
53	84 15
53	84 16
53	83 16
53	85 16
53	79 25
53	84 17
53	84 18
53	83 18
53	85 18
53	79 31
53	84 19
53	84 20
53	83 20
53	85 20
53	79 25
53	84 1
53	84 2
53	83 2
53	85 2
53	79 35
53	84 3
53	84 4
53	83 4
53	85 4
53	79 26
53	84 5
53	84 6
53	83 6
53	85 6
53	79 24
53	84 7
53	84 8
53	83 8
53	85 8
53	79 25
53	84 9
53	84 10
53	83 10
53	85 10
53	79 32
53	84 11
53	84 12
53	83 12
53	85 12
53	79 28
53	84 13
53	84 14
53	84 15
53	83 15
53	85 15
53	79 29
53	84 16
53	84 17
53	83 17
53	85 17
53	79 29
53	84 18
53	84 19
53	83 19
53	85 19
53	79 29
53	84 20
53	84 1
53	83 1
53	85 1
53	79 29
53	84 2
53	84 3
53	83 3
53	85 3
53	79 30
53	84 4
53	84 5
53	83 5
53	85 5
53	79 32
53	84 6
53	84 7
53	83 7
53	85 7
53	79 26
53	84 8
53	84 9
53	83 9
53	85 9
53	79 24
53	84 10
53	84 11
53	83 11
53	85 11
53	79 32
53	84 12
53	84 13
53	83 13
53	85 13
53	79 28
53	84 14
53	84 15
53	83 15
53	85 15
53	79 22
53	84 16
53	84 17
53	83 17
53	85 17
53	79 32
53	84 18
53	84 19
53	83 19
53	85 19
53	79 28
53	84 20
53	84 1
53	83 1
53	85 1
53	79 36
53	84 2
53	84 3
53	83 3
53	85 3
53	79 23
53	84 4
53	84 5
53	83 5
53	85 5
53	79 34
53	84 6
53	84 7
53	83 7
53	85 7
53	79 28
53	84 8
53	84 9
53	83 9
53	85 9
53	79 30
53	84 10
53	84 11
53	84 12
53	84 13
53	83 13
53	85 13
53	79 32
53	84 14
53	84 15
53	83 15
53	85 15
53	79 33
53	84 16
53	84 17
53	83 17
53	85 17
53	79 25
53	84 18
53	84 19
53	84 20
53	83 20
53	85 20
53	79 28
53	84 1
53	84 2
53	84 3
53	83 3
53	85 3
53	79 29
53	84 4
53	84 5
53	83 5
53	85 5
53	79 27
53	84 6
53	84 7
53	84 8
53	84 9
53	83 9
53	85 9
53	79 29
53	84 10
53	84 11
53	83 11
53	85 11
53	79 31
53	84 12
53	84 13
53	83 13
53	85 13
53	79 28
53	84 14
53	84 15
53	83 15
53	85 15
53	79 34
53	84 16
53	84 17
53	83 17
53	85 17
53	79 29
53	84 18
53	84 19
53	83 19
53	85 19
53	79 28
53	84 20
53	84 1
53	83 1
53	85 1
53	79 34
53	84 2
53	84 3
53	83 3
53	85 3
53	79 34
53	84 4
53	84 5
53	83 5
53	85 5
53	79 31
53	84 6
53	84 7
53	83 7
53	85 7
53	79 28
53	84 8
53	84 9
53	83 9
53	85 9
53	79 30
53	84 10
53	84 11
53	83 11
53	85 11
53	79 28
53	84 12
53	84 13
53	84 14
53	83 14
53	85 14
53	79 26
53	84 15
53	84 16
53	83 16
53	85 16
53	79 26
53	84 17
53	84 18
53	84 19
53	83 19
53	85 19
53	79 28
53	84 20
53	84 1
53	83 1
53	85 1
53	79 27
53	84 2
53	84 3
53	83 3
53	85 3
53	79 30
53	84 4
53	84 5
53	83 5
53	85 5
53	79 31
53	84 6
53	84 7
53	83 7
53	85 7
53	79 28
53	84 8
53	84 9
53	84 10
53	84 11
53	84 12
53	84 13
53	84 14
53	84 15
53	83 15
53	85 15
53	79 26
53	84 16
53	84 17
53	84 18
53	84 19
53	83 19
53	85 19
53	79 26
53	84 20
53	84 1
53	84 2
53	84 3
53	83 3
53	85 3
53	79 33
53	84 4
53	84 5
53	84 6
53	84 7
53	83 7
53	85 7
53	79 29
53	84 8
53	84 9
53	84 10
53	84 11
53	83 11
53	85 11
53	79 24
53	84 12
53	84 13
53	84 14
53	84 15
53	83 15
53	85 15
53	79 28
53	84 16
53	84 17
53	84 18
53	84 19
53	83 19
53	85 19
53	79 26
53	84 20
53	84 1
53	84 2
53	84 3
53	84 4
53	84 5
53	83 5
53	85 5
53	79 28
53	84 6
53	84 7
53	84 8
53	84 9
53	83 9
53	85 9
53	79 31
53	84 10
53	84 11
53	84 12
53	84 13
53	83 13
53	85 13
53	79 29
53	84 14
53	84 15
53	84 16
53	84 17
53	83 17
53	85 17
53	79 32
53	84 18
53	84 19
53	84 20
53	84 1
53	84 2
53	84 3
53	83 3
53	85 3
53	79 25
53	84 4
53	84 5
53	84 6
53	84 7
53	83 7
53	85 7
53	79 32
53	84 8
53	84 9
53	84 10
53	84 11
53	83 11
53	85 11
53	79 27
53	84 12
53	84 13
53	84 14
53	84 15
53	83 15
53	85 15
53	79 29
53	84 16
53	84 17
53	84 18
53	84 19
53	83 19
53	85 19
53	79 30
53	84 20
53	84 1
53	84 2
53	84 3
53	84 4
53	84 5
53	83 5
53	85 5
53	79 27
53	84 6
53	84 7
53	84 8
53	84 9
53	83 9
53	85 9
53	79 30
53	84 10
53	TEST_NUMBER 1
53	SENT_TOTAL 250
53	RECEIVED_TOTAL 97
53	TIME_TOTAL 19685
53	RECEIVED_RADIO_1 97
53	RECEIVED_RADIO_2 0
53	SENT_RADIO_1 125
53	SENT_RADIO_2 125
53	RADIO_TIME_1 19793
53	RADIO_TIME_2 19763
53	RETRANSMISSIONS_1 0
53	RETRANSMISSIONS_2 0
53	DROPPED_1 0
53	DROPPED_2 0
53	MAX_QUEUE 1
53	DUPLICATED_1 0
53	DUPLICATED_2 0
53	EBUSY_RADIO_1 0
53	EBUSY_RADIO_2 0
53	84 1
53	84 2
53	84 3
53	83 3
53	85 3
53	79 29
53	84 4
53	84 5
53	84 6
53	84 7
53	83 7
53	85 7
53	79 34
53	84 8
53	84 9
53	84 10
53	84 11
53	84 12
53	84 13
53	84 14
53	84 15
53	83 15
53	85 15
53	79 33
53	84 16
53	84 17
53	84 18
53	84 19
53	83 19
53	85 19
53	79 29
53	84 20
53	84 1
53	84 2
53	84 3
53	83 3
53	85 3
53	79 33
53	84 4
53	84 5
53	84 6
53	84 7
53	84 8
53	84 9
53	84 10
53	84 11
53	84 12
53	84 13
53	83 13
53	85 13
53	79 24
53	84 14
53	84 15
53	84 16
53	84 17
53	84 18
53	84 19
53	84 20
53	84 1
53	83 1
53	85 1
53	79 32
53	84 2
53	84 3
53	84 4
53	84 5
53	83 5
53	85 5
53	79 23
53	84 6
53	84 7
53	84 8
53	84 9
53	83 9
53	85 9
53	79 30
53	84 10
53	84 11
53	84 12
53	84 13
53	84 14
53	84 15
53	83 15
53	85 15
53	79 27
53	84 16
53	84 17
53	84 18
53	84 19
53	83 19
53	85 19
53	79 24
53	84 20
53	84 1
53	84 2
53	84 3
53	83 3
53	85 3
53	79 28
53	84 4
53	84 5
53	84 6
53	84 7
53	83 7
53	85 7
53	79 31
53	84 8
53	84 9
53	84 10
53	84 11
53	83 11
53	85 11
53	79 28
53	84 12
53	84 13
53	84 14
53	84 15
53	83 15
53	85 15
53	79 29
53	84 16
53	84 17
53	84 18
53	84 19
53	83 19
53	85 19
53	79 34
53	84 20
53	84 1
53	84 2
53	84 3
53	84 4
53	84 5
53	84 6
53	84 7
53	83 7
53	85 7
53	79 29
53	84 8
53	84 9
53	84 10
53	84 11
53	83 11
53	85 11
53	79 28
53	84 12
53	84 13
53	84 14
53	84 15
53	84 16
53	84 17
53	83 17
53	85 17
53	79 33
53	84 18
53	84 19
53	84 20
53	84 1
53	84 2
53	84 3
53	84 4
53	84 5
53	83 5
53	85 5
53	79 30
53	84 6
53	84 7
53	84 8
53	84 9
53	84 10
53	84 11
53	83 11
53	85 11
53	79 32
53	84 12
53	84 13
53	84 14
53	84 15
53	83 15
53	85 15
53	79 24
53	84 16
53	84 17
53	84 18
53	84 19
53	83 19
53	85 19
53	79 25
53	84 20
53	84 1
53	84 2
53	84 3
53	83 3
53	85 3
53	79 33
53	84 4
53	84 5
53	84 6
53	84 7
53	83 7
53	85 7
53	79 34
53	84 8
53	84 9
53	84 10
53	84 11
53	83 11
53	85 11
53	79 27
53	84 12
53	84 13
53	84 14
53	84 15
53	83 15
53	85 15
53	79 28
53	84 16
53	84 17
53	84 18
53	84 19
53	83 19
53	85 19
53	79 28
53	84 20
53	84 1
53	84 2
53	84 3
53	83 3
53	85 3
53	79 26
53	84 4
53	84 5
53	84 6
53	84 7
53	84 8
53	84 9
53	83 9
53	85 9
53	79 32
53	84 10
53	84 11
53	84 12
53	84 13
53	83 13
53	85 13
53	79 33
53	84 14
53	84 15
53	84 16
53	84 17
53	83 17
53	85 17
53	79 32
53	84 18
53	84 19
53	84 20
53	84 1
53	84 2
53	84 3
53	83 3
53	85 3
53	79 30
53	84 4
53	84 5
53	84 6
53	84 7
53	83 7
53	85 7
53	79 26
53	84 8
53	84 9
53	84 10
53	84 11
53	83 11
53	85 11
53	79 31
53	84 12
53	84 13
53	84 14
53	84 15
53	83 15
53	85 15
53	79 32
53	84 16
53	84 17
53	84 18
53	84 19
53	83 19
53	85 19
53	79 27
53	84 20
53	84 1
53	84 2
53	84 3
53	83 3
53	85 3
53	79 25
53	84 4
53	84 5
53	84 6
53	84 7
53	83 7
53	85 7
53	79 32
53	84 8
53	84 9
53	84 10
53	84 11
53	83 11
53	85 11
53	79 30
53	84 12
53	84 13
53	84 14
53	84 15
53	83 15
53	85 15
53	79 30
53	84 16
53	84 17
53	84 18
53	84 19
53	83 19
53	85 19
53	79 23
53	84 20
53	84 1
53	83 1
53	85 1
53	79 24
53	84 2
53	84 3
53	83 3
53	85 3
53	79 32
53	84 4
53	84 5
53	83 5
53	85 5
53	79 29
53	84 6
53	84 7
53	83 7
53	85 7
53	79 36
53	84 8
53	84 9
53	83 9
53	85 9
53	79 27
53	84 10
53	84 11
53	83 11
53	85 11
53	79 27
53	84 12
53	84 13
53	84 14
53	84 15
53	83 15
53	85 15
53	79 30
53	84 16
53	84 17
53	83 17
53	85 17
53	79 29
53	84 18
53	84 19
53	83 19
53	85 19
53	79 33
53	84 20
53	84 1
53	84 2
53	84 3
53	83 3
53	85 3
53	79 27
53	84 4
53	84 5
53	84 6
53	83 6
53	85 6
53	79 36
53	84 7
53	84 8
53	84 9
53	83 9
53	85 9
53	79 28
53	84 10
53	84 11
53	84 12
53	84 13
53	83 13
53	85 13
53	79 27
53	84 14
53	84 15
53	84 16
53	84 17
53	83 17
53	85 17
53	79 32
53	84 18
53	84 19
53	84 20
53	84 1
53	83 1
53	85 1
53	79 29
53	84 2
53	84 3
53	84 4
53	84 5
53	83 5
53	85 5
53	79 28
53	84 6
53	84 7
53	84 8
53	84 9
53	83 9
53	85 9
53	79 30
53	84 10
53	TEST_NUMBER 2
53	SENT_TOTAL 250
53	RECEIVED_TOTAL 59
53	TIME_TOTAL 19605
53	RECEIVED_RADIO_1 59
53	RECEIVED_RADIO_2 0
53	SENT_RADIO_1 125
53	SENT_RADIO_2 125
53	RADIO_TIME_1 19793
53	RADIO_TIME_2 19763
53	RETRANSMISSIONS_1 0
53	RETRANSMISSIONS_2 0
53	DROPPED_1 0
53	DROPPED_2 0
53	MAX_QUEUE 1
53	DUPLICATED_1 0
53	DUPLICATED_2 0
53	EBUSY_RADIO_1 0
53	EBUSY_RADIO_2 0
53	84 1
53	84 2
53	84 3
53	83 3
53	85 3
53	79 26
53	84 4
53	84 5
53	84 6
53	84 7
53	84 8
53	84 9
53	83 9
53	85 9
53	79 27
53	84 10
53	84 11
53	84 12
53	84 13
53	83 13
53	85 13
53	79 35
53	84 14
53	84 15
53	84 16
53	84 17
53	83 17
53	85 17
53	79 33
53	84 18
53	84 19
53	84 20
53	84 1
53	84 2
53	84 3
53	83 3
53	85 3
53	79 28
53	84 4
53	84 5
53	84 6
53	84 7
53	83 7
53	85 7
53	79 32
53	84 8
53	84 9
53	84 10
53	84 11
53	83 11
53	85 11
53	79 28
53	84 12
53	84 13
53	84 14
53	84 15
53	83 15
53	85 15
53	79 27
53	84 16
53	84 17
53	83 17
53	85 17
53	79 29
53	84 18
53	84 19
53	84 20
53	84 1
53	83 1
53	85 1
53	79 33
53	84 2
53	84 3
53	84 4
53	84 5
53	83 5
53	85 5
53	79 33
53	84 6
53	84 7
53	84 8
53	84 9
53	83 9
53	85 9
53	79 30
53	84 10
53	84 11
53	84 12
53	84 13
53	83 13
53	85 13
53	79 29
53	84 14
53	84 15
53	83 15
53	85 15
53	79 28
53	84 16
53	84 17
53	83 17
53	85 17
53	79 29
53	84 18
53	84 19
53	84 20
53	83 20
53	85 20
53	79 30
53	84 1
53	84 2
53	83 2
53	85 2
53	79 34
53	84 3
53	84 4
53	84 5
53	83 5
53	85 5
53	79 27
53	84 6
53	84 7
53	83 7
53	85 7
53	79 31
53	84 8
53	84 9
53	83 9
53	85 9
53	79 33
53	84 10
53	84 11
53	83 11
53	85 11
53	79 25
53	84 12
53	84 13
53	83 13
53	85 13
53	79 31
53	84 14
53	84 15
53	83 15
53	85 15
53	79 30
53	84 16
53	84 17
53	83 17
53	85 17
53	79 33
53	84 18
53	84 19
53	83 19
53	85 19
53	79 30
53	84 20
53	84 1
53	83 1
53	85 1
53	79 25
53	84 2
53	84 3
53	83 3
53	85 3
53	79 26
53	84 4
53	84 5
53	84 6
53	84 7
53	83 7
53	85 7
53	79 33
53	84 8
53	84 9
53	83 9
53	85 9
53	79 32
53	84 10
53	84 11
53	83 11
53	85 11
53	79 32
53	84 12
53	84 13
53	84 14
53	84 15
53	83 15
53	85 15
53	79 29
53	84 16
53	84 17
53	83 17
53	85 17
53	79 28
53	84 18
53	84 19
53	84 20
53	83 20
53	85 20
53	79 31
53	84 1
53	84 2
53	83 2
53	85 2
53	79 29
53	84 3
53	84 4
53	83 4
53	85 4
53	79 27
53	84 5
53	84 6
53	84 7
53	83 7
53	85 7
53	79 27
53	84 8
53	84 9
53	83 9
53	85 9
53	79 35
53	84 10
53	84 11
53	83 11
53	85 11
53	79 28
53	84 12
53	84 13
53	83 13
53	85 13
53	79 28
53	84 14
53	84 15
53	83 15
53	85 15
53	79 32
53	84 16
53	84 17
53	83 17
53	85 17
53	79 29
53	84 18
53	84 19
53	83 19
53	85 19
53	79 28
53	84 20
53	84 1
53	83 1
53	85 1
53	79 30
53	84 2
53	84 3
53	83 3
53	85 3
53	79 31
53	84 4
53	84 5
53	84 6
53	84 7
53	84 8
53	84 9
53	83 9
53	85 9
53	79 31
53	84 10
53	84 11
53	83 11
53	85 11
53	79 34
53	84 12
53	84 13
53	84 14
53	84 15
53	83 15
53	85 15
53	79 31
53	84 16
53	84 17
53	84 18
53	84 19
53	83 19
53	85 19
53	79 32
53	84 20
53	84 1
53	84 2
53	83 2
53	85 2
53	79 32
53	84 3
53	84 4
53	83 4
53	85 4
53	79 32
53	84 5
53	84 6
53	84 7
53	83 7
53	85 7
53	79 23
53	84 8
53	84 9
53	84 10
53	84 11
53	83 11
53	85 11
53	79 33
53	84 12
53	84 13
53	84 14
53	83 14
53	85 14
53	79 30
53	84 15
53	84 16
53	84 17
53	83 17
53	85 17
53	79 34
53	84 18
53	84 19
53	83 19
53	85 19
53	79 27
53	84 20
53	84 1
53	84 2
53	83 2
53	85 2
53	79 32
53	84 3
53	84 4
53	83 4
53	85 4
53	79 33
53	84 5
53	84 6
53	83 6
53	85 6
53	79 31
53	84 7
53	84 8
53	83 8
53	85 8
53	79 33
53	84 9
53	84 10
53	83 10
53	85 10
53	79 32
53	84 11
53	84 12
53	83 12
53	85 12
53	79 24
53	84 13
53	84 14
53	83 14
53	85 14
53	79 25
53	84 15
53	84 16
53	83 16
53	85 16
53	79 32
53	84 17
53	84 18
53	83 18
53	85 18
53	79 26
53	84 19
53	84 20
53	84 1
53	83 1
53	85 1
53	79 34
53	84 2
53	84 3
53	83 3
53	85 3
53	79 32
53	84 4
53	84 5
53	84 6
53	84 7
53	83 7
53	85 7
53	79 30
53	84 8
53	84 9
53	84 10
53	84 11
53	83 11
53	85 11
53	79 31
53	84 12
53	84 13
53	83 13
53	85 13
53	79 34
53	84 14
53	84 15
53	84 16
53	84 17
53	83 17
53	85 17
53	79 28
53	84 18
53	84 19
53	83 19
53	85 19
53	79 32
53	84 20
53	84 1
53	84 2
53	84 3
53	83 3
53	85 3
53	79 26
53	84 4
53	84 5
53	84 6
53	84 7
53	83 7
53	85 7
53	79 36
53	84 8
53	84 9
53	84 10
53	84 11
53	83 11
53	85 11
53	79 29
53	84 12
53	84 13
53	84 14
53	84 15
53	83 15
53	85 15
53	79 28
53	84 16
53	84 17
53	83 17
53	85 17
53	79 28
53	84 18
53	84 19
53	84 20
53	84 1
53	83 1
53	85 1
53	79 24
53	84 2
53	84 3
53	84 4
53	84 5
53	83 5
53	85 5
53	79 24
53	84 6
53	84 7
53	84 8
53	84 9
53	83 9
53	85 9
53	79 25
53	84 10
53	84 11
53	84 12
53	84 13
53	83 13
53	85 13
53	79 25
53	84 14
53	84 15
53	84 16
53	84 17
53	83 17
53	85 17
53	79 30
53	84 18
53	84 19
53	84 20
53	84 1
53	83 1
53	85 1
53	79 25
53	84 2
53	84 3
53	84 4
53	84 5
53	83 5
53	85 5
53	79 30
53	84 6
53	84 7
53	84 8
53	84 9
53	84 10
53	TEST_NUMBER 3
53	SENT_TOTAL 250
53	RECEIVED_TOTAL 83
53	TIME_TOTAL 19289
53	RECEIVED_RADIO_1 83
53	RECEIVED_RADIO_2 0
53	SENT_RADIO_1 125
53	SENT_RADIO_2 125
53	RADIO_TIME_1 19763
53	RADIO_TIME_2 19763
53	RETRANSMISSIONS_1 0
53	RETRANSMISSIONS_2 0
53	DROPPED_1 0
53	DROPPED_2 0
53	MAX_QUEUE 1
53	DUPLICATED_1 0
53	DUPLICATED_2 0
53	EBUSY_RADIO_1 0
53	EBUSY_RADIO_2 0
53	84 1
53	83 1
53	85 1
53	79 31
53	84 2
53	84 3
53	84 4
53	84 5
53	83 5
53	85 5
53	79 28
53	84 6
53	84 7
53	84 8
53	84 9
53	83 9
53	85 9
53	79 26
53	84 10
53	84 11
53	84 12
53	84 13
53	83 13
53	85 13
53	79 25
53	84 14
53	84 15
53	84 16
53	84 17
53	83 17
53	85 17
53	79 26
53	84 18
53	84 19
53	84 20
53	84 1
53	83 1
53	85 1
53	79 28
53	84 2
53	84 3
53	84 4
53	84 5
53	83 5
53	85 5
53	79 32
53	84 6
53	84 7
53	84 8
53	84 9
53	83 9
53	85 9
53	79 28
53	84 10
53	84 11
53	84 12
53	84 13
53	83 13
53	85 13
53	79 25
53	84 14
53	84 15
53	84 16
53	84 17
53	83 17
53	85 17
53	79 29
53	84 18
53	84 19
53	84 20
53	84 1
53	84 2
53	84 3
53	83 3
53	85 3
53	79 33
53	84 4
53	84 5
53	84 6
53	84 7
53	83 7
53	85 7
53	79 31
53	84 8
53	84 9
53	84 10
53	84 11
53	83 11
53	85 11
53	79 26
53	84 12
53	84 13
53	84 14
53	84 15
53	83 15
53	85 15
53	79 27
53	84 16
53	84 17
53	84 18
53	84 19
53	83 19
53	85 19
53	79 32
53	84 20
53	84 1
53	84 2
53	84 3
53	83 3
53	85 3
53	79 28
53	84 4
53	84 5
53	84 6
53	84 7
53	83 7
53	85 7
53	79 28
53	84 8
53	84 9
53	84 10
53	84 11
53	83 11
53	85 11
53	79 28
53	84 12
53	84 13
53	84 14
53	84 15
53	83 15
53	85 15
53	79 30
53	84 16
53	84 17
53	84 18
53	84 19
53	83 19
53	85 19
53	79 28
53	84 20
53	84 1
53	84 2
53	84 3
53	83 3
53	85 3
53	79 30
53	84 4
53	84 5
53	84 6
53	84 7
53	83 7
53	85 7
53	79 27
53	84 8
53	84 9
53	84 10
53	84 11
53	83 11
53	85 11
53	79 24
53	84 12
53	84 13
53	84 14
53	84 15
53	83 15
53	85 15
53	79 33
53	84 16
53	84 17
53	84 18
53	84 19
53	83 19
53	85 19
53	79 28
53	84 20
53	84 1
53	84 2
53	84 3
53	83 3
53	85 3
53	79 25
53	84 4
53	84 5
53	84 6
53	84 7
53	83 7
53	85 7
53	79 27
53	84 8
53	84 9
53	84 10
53	84 11
53	83 11
53	85 11
53	79 29
53	84 12
53	84 13
53	84 14
53	84 15
53	83 15
53	85 15
53	79 26
53	84 16
53	84 17
53	84 18
53	84 19
53	83 19
53	85 19
53	79 33
53	84 20
53	84 1
53	84 2
53	83 2
53	85 2
53	79 28
53	84 3
53	84 4
53	84 5
53	83 5
53	85 5
53	79 30
53	84 6
53	84 7
53	84 8
53	83 8
53	85 8
53	79 28
53	84 9
53	84 10
53	84 11
53	83 11
53	85 11
53	79 32
53	84 12
53	84 13
53	83 13
53	85 13
53	79 28
53	84 14
53	84 15
53	84 16
53	83 16
53	85 16
53	79 27
53	84 17
53	84 18
53	84 19
53	83 19
53	85 19
53	79 27
53	84 20
53	84 1
53	83 1
53	85 1
53	79 32
53	84 2
53	84 3
53	84 4
53	84 5
53	84 6
53	84 7
53	83 7
53	85 7
53	79 26
53	84 8
53	84 9
53	83 9
53	85 9
53	79 29
53	84 10
53	84 11
53	84 12
53	84 13
53	84 14
53	84 15
53	83 15
53	85 15
53	79 32
53	84 16
53	84 17
53	84 18
53	84 19
53	83 19
53	85 19
53	79 28
53	84 20
53	84 1
53	84 2
53	83 2
53	85 2
53	79 28
53	84 3
53	84 4
53	83 4
53	85 4
53	79 31
53	84 5
53	84 6
53	84 7
53	83 7
53	85 7
53	79 31
53	84 8
53	84 9
53	83 9
53	85 9
53	79 30
53	84 10
53	84 11
53	83 11
53	85 11
53	79 33
53	84 12
53	84 13
53	83 13
53	85 13
53	79 27
53	84 14
53	84 15
53	84 16
53	83 16
53	85 16
53	79 30
53	84 17
53	84 18
53	83 18
53	85 18
53	79 35
53	84 19
53	84 20
53	83 20
53	85 20
53	79 30
53	84 1
53	84 2
53	84 3
53	83 3
53	85 3
53	79 28
53	84 4
53	84 5
53	84 6
53	84 7
53	83 7
53	85 7
53	79 29
53	84 8
53	84 9
53	83 9
53	85 9
53	79 33
53	84 10
53	84 11
53	84 12
53	84 13
53	84 14
53	84 15
53	83 15
53	85 15
53	79 28
53	84 16
53	84 17
53	84 18
53	83 18
53	85 18
53	79 28
53	84 19
53	84 20
53	84 1
53	83 1
53	85 1
53	79 26
53	84 2
53	84 3
53	83 3
53	85 3
53	79 30
53	84 4
53	84 5
53	84 6
53	84 7
53	83 7
53	85 7
53	79 21
53	84 8
53	84 9
53	84 10
53	83 10
53	85 10
53	79 32
53	84 11
53	84 12
53	84 13
53	83 13
53	85 13
53	79 30
53	84 14
53	84 15
53	84 16
53	84 17
53	83 17
53	85 17
53	79 26
53	84 18
53	84 19
53	83 19
53	85 19
53	79 28
53	84 20
53	84 1
53	83 1
53	85 1
53	79 30
53	84 2
53	84 3
53	84 4
53	84 5
53	83 5
53	85 5
53	79 28
53	84 6
53	84 7
53	83 7
53	85 7
53	79 27
53	84 8
53	84 9
53	84 10
53	83 10
53	85 10
53	79 30
53	84 11
53	84 12
53	84 13
53	84 14
53	83 14
53	85 14
53	79 35
53	84 15
53	84 16
53	83 16
53	85 16
53	79 25
53	84 17
53	84 18
53	83 18
53	85 18
53	79 27
53	84 19
53	84 20
53	83 20
53	85 20
53	79 27
53	84 1
53	84 2
53	83 2
53	85 2
53	79 26
53	84 3
53	84 4
53	84 5
53	84 6
53	83 6
53	85 6
53	79 30
53	84 7
53	84 8
53	83 8
53	85 8
53	79 30
53	84 9
53	84 10
53	TEST_NUMBER 4
53	SENT_TOTAL 250
53	RECEIVED_TOTAL 74
53	TIME_TOTAL 19682
53	RECEIVED_RADIO_1 74
53	RECEIVED_RADIO_2 0
53	SENT_RADIO_1 125
53	SENT_RADIO_2 125
53	RADIO_TIME_1 19763
53	RADIO_TIME_2 19763
53	RETRANSMISSIONS_1 0
53	RETRANSMISSIONS_2 0
53	DROPPED_1 0
53	DROPPED_2 0
53	MAX_QUEUE 1
53	DUPLICATED_1 0
53	DUPLICATED_2 0
53	EBUSY_RADIO_1 0
53	EBUSY_RADIO_2 0
53	84 1
53	83 1
53	85 1
53	79 28
53	84 2
53	84 3
53	84 4
53	84 5
53	83 5
53	85 5
53	79 26
53	84 6
53	84 7
53	84 8
53	84 9
53	83 9
53	85 9
53	79 26
53	84 10
53	84 11
53	83 11
53	85 11
53	79 33
53	84 12
53	84 13
53	84 14
53	84 15
53	83 15
53	85 15
53	79 26
53	84 16
53	84 17
53	83 17
53	85 17
53	79 27
53	84 18
53	84 19
53	84 20
53	83 20
53	85 20
53	79 31
53	84 1
53	84 2
53	84 3
53	83 3
53	85 3
53	79 28
53	84 4
53	84 5
53	84 6
53	84 7
53	83 7
53	85 7
53	79 31
53	84 8
53	84 9
53	84 10
53	84 11
53	83 11
53	85 11
53	79 30
53	84 12
53	84 13
53	84 14
53	84 15
53	83 15
53	85 15
53	79 30
53	84 16
53	84 17
53	84 18
53	84 19
53	83 19
53	85 19
53	79 28
53	84 20
53	84 1
53	84 2
53	84 3
53	83 3
53	85 3
53	79 24
53	84 4
53	84 5
53	84 6
53	83 6
53	85 6
53	79 31
53	84 7
53	84 8
53	84 9
53	83 9
53	85 9
53	79 29
53	84 10
53	84 11
53	84 12
53	83 12
53	85 12
53	79 29
53	84 13
53	84 14
53	84 15
53	83 15
53	85 15
53	79 36
53	84 16
53	84 17
53	84 18
53	84 19
53	83 19
53	85 19
53	79 23
53	84 20
53	84 1
53	84 2
53	83 2
53	85 2
53	79 25
53	84 3
53	84 4
53	84 5
53	83 5
53	85 5
53	79 26
53	84 6
53	84 7
53	84 8
53	84 9
53	83 9
53	85 9
53	79 31
53	84 10
53	84 11
53	83 11
53	85 11
53	79 31
53	84 12
53	84 13
53	83 13
53	85 13
53	79 35
53	84 14
53	84 15
53	84 16
53	84 17
53	83 17
53	85 17
53	79 31
53	84 18
53	84 19
53	83 19
53	85 19
53	79 29
53	84 20
53	84 1
53	83 1
53	85 1
53	79 29
53	84 2
53	84 3
53	84 4
53	83 4
53	85 4
53	79 33
53	84 5
53	84 6
53	83 6
53	85 6
53	79 31
53	84 7
53	84 8
53	84 9
53	84 10
53	84 11
53	83 11
53	85 11
53	79 29
53	84 12
53	84 13
53	84 14
53	84 15
53	83 15
53	85 15
53	79 25
53	84 16
53	84 17
53	83 17
53	85 17
53	79 28
53	84 18
53	84 19
53	83 19
53	85 19
53	79 23
53	84 20
53	84 1
53	84 2
53	83 2
53	85 2
53	79 29
53	84 3
53	84 4
53	83 4
53	85 4
53	79 26
53	84 5
53	84 6
53	83 6
53	85 6
53	79 27
53	84 7
53	84 8
53	83 8
53	85 8
53	79 30
53	84 9
53	84 10
53	83 10
53	85 10
53	79 30
53	84 11
53	84 12
53	83 12
53	85 12
53	79 29
53	84 13
53	84 14
53	84 15
53	83 15
53	85 15
53	79 31
53	84 16
53	84 17
53	83 17
53	85 17
53	79 27
53	84 18
53	84 19
53	83 19
53	85 19
53	79 29
53	84 20
53	84 1
53	83 1
53	85 1
53	79 34
53	84 2
53	84 3
53	83 3
53	85 3
53	79 30
53	84 4
53	84 5
53	83 5
53	85 5
53	79 28
53	84 6
53	84 7
53	83 7
53	85 7
53	79 30
53	84 8
53	84 9
53	83 9
53	85 9
53	79 33
53	84 10
53	84 11
53	83 11
53	85 11
53	79 26
53	84 12
53	84 13
53	83 13
53	85 13
53	79 35
53	84 14
53	84 15
53	84 16
53	84 17
53	83 17
53	85 17
53	79 23
53	84 18
53	84 19
53	83 19
53	85 19
53	79 27
53	84 20
53	84 1
53	83 1
53	85 1
53	79 27
53	84 2
53	84 3
53	83 3
53	85 3
53	79 30
53	84 4
53	84 5
53	83 5
53	85 5
53	79 27
53	84 6
53	84 7
53	83 7
53	85 7
53	79 33
53	84 8
53	84 9
53	83 9
53	85 9
53	79 27
53	84 10
53	84 11
53	83 11
53	85 11
53	79 33
53	84 12
53	84 13
53	83 13
53	85 13
53	79 35
53	84 14
53	84 15
53	84 16
53	84 17
53	83 17
53	85 17
53	79 30
53	84 18
53	84 19
53	83 19
53	85 19
53	79 32
53	84 20
53	84 1
53	84 2
53	84 3
53	83 3
53	85 3
53	79 32
53	84 4
53	84 5
53	84 6
53	83 6
53	85 6
53	79 33
53	84 7
53	84 8
53	84 9
53	83 9
53	85 9
53	79 31
53	84 10
53	84 11
53	84 12
53	83 12
53	85 12
53	79 30
53	84 13
53	84 14
53	84 15
53	83 15
53	85 15
53	79 27
53	84 16
53	84 17
53	83 17
53	85 17
53	79 27
53	84 18
53	84 19
53	83 19
53	85 19
53	79 26
53	84 20
53	84 1
53	84 2
53	83 2
53	85 2
53	79 25
53	84 3
53	84 4
53	84 5
53	83 5
53	85 5
53	79 24
53	84 6
53	84 7
53	83 7
53	85 7
53	79 29
53	84 8
53	84 9
53	83 9
53	85 9
53	79 34
53	84 10
53	84 11
53	83 11
53	85 11
53	79 32
53	84 12
53	84 13
53	84 14
53	83 14
53	85 14
53	79 33
53	84 15
53	84 16
53	84 17
53	83 17
53	85 17
53	79 28
53	84 18
53	84 19
53	83 19
53	85 19
53	79 30
53	84 20
53	84 1
53	83 1
53	85 1
53	79 33
53	84 2
53	84 3
53	83 3
53	85 3
53	79 32
53	84 4
53	84 5
53	84 6
53	83 6
53	85 6
53	79 29
53	84 7
53	84 8
53	83 8
53	85 8
53	79 34
53	84 9
53	84 10
53	83 10
53	85 10
53	79 27
53	84 11
53	84 12
53	83 12
53	85 12
53	79 31
53	84 13
53	84 14
53	84 15
53	83 15
53	85 15
53	79 34
53	84 16
53	84 17
53	83 17
53	85 17
53	79 32
53	84 18
53	84 19
53	84 20
53	84 1
53	84 2
53	83 2
53	85 2
53	79 33
53	84 3
53	84 4
53	84 5
53	83 5
53	85 5
53	79 29
53	84 6
53	84 7
53	84 8
53	84 9
53	83 9
53	85 9
53	79 29
53	84 10
53	84 11
53	83 11
53	85 11
53	79 27
53	84 12
53	84 13
53	83 13
53	85 13
53	79 23
53	84 14
53	84 15
53	83 15
53	85 15
53	79 31
53	84 16
53	84 17
53	83 17
53	85 17
53	79 26
53	84 18
53	84 19
53	83 19
53	85 19
53	79 31
53	84 20
53	84 1
53	83 1
53	85 1
53	79 33
53	84 2
53	84 3
53	84 4
53	84 5
53	83 5
53	85 5
53	79 36
53	84 6
53	84 7
53	83 7
53	85 7
53	79 27
53	84 8
53	84 9
53	84 10
53	TEST_NUMBER 5
53	SENT_TOTAL 250
53	RECEIVED_TOTAL 93
53	TIME_TOTAL 19603
53	RECEIVED_RADIO_1 93
53	RECEIVED_RADIO_2 0
53	SENT_RADIO_1 125
53	SENT_RADIO_2 125
53	RADIO_TIME_1 19763
53	RADIO_TIME_2 19763
53	RETRANSMISSIONS_1 0
53	RETRANSMISSIONS_2 0
53	DROPPED_1 0
53	DROPPED_2 0
53	MAX_QUEUE 1
53	DUPLICATED_1 0
53	DUPLICATED_2 0
53	EBUSY_RADIO_1 0
53	EBUSY_RADIO_2 0
53	83 0
53	85 10
53	86 5
53	84 1
53	84 2
53	83 2
53	85 2
53	79 33
53	84 3
53	84 4
53	83 4
53	85 4
53	79 25
53	84 5
53	84 6
53	83 6
53	85 6
53	79 23
53	84 7
53	84 8
53	83 8
53	85 8
53	79 32
53	84 9
53	84 10
53	83 10
53	85 10
53	79 30
53	84 11
53	84 12
53	83 12
53	85 12
53	79 29
53	84 13
53	84 14
53	83 14
53	85 14
53	79 26
53	84 15
53	84 16
53	83 16
53	85 16
53	79 30
53	84 17
53	84 18
53	83 18
53	85 18
53	79 26
53	84 19
53	84 20
53	83 20
53	85 20
53	79 24
53	84 1
53	84 2
53	84 3
53	83 3
53	85 3
53	79 30
53	84 4
53	84 5
53	84 6
53	83 6
53	85 6
53	79 31
53	84 7
53	84 8
53	83 8
53	85 8
53	79 34
53	84 9
53	84 10
53	83 10
53	85 10
53	79 26
53	84 11
53	84 12
53	83 12
53	85 12
53	79 32
53	84 13
53	84 14
53	83 14
53	85 14
53	79 28
53	84 15
53	84 16
53	84 17
53	83 17
53	85 17
53	79 28
53	84 18
53	84 19
53	84 20
53	83 20
53	85 20
53	79 29
53	84 1
53	84 2
53	83 2
53	85 2
53	79 29
53	84 3
53	84 4
53	83 4
53	85 4
53	79 33
53	84 5
53	84 6
53	83 6
53	85 6
53	79 27
53	84 7
53	84 8
53	84 9
53	83 9
53	85 9
53	79 31
53	84 10
53	84 11
53	83 11
53	85 11
53	79 33
53	84 12
53	84 13
53	84 14
53	83 14
53	85 14
53	79 27
53	84 15
53	84 16
53	83 16
53	85 16
53	79 29
53	84 17
53	84 18
53	84 19
53	83 19
53	85 19
53	79 31
53	84 20
53	84 1
53	84 2
53	83 2
53	85 2
53	79 27
53	84 3
53	84 4
53	83 4
53	85 4
53	79 29
53	84 5
53	84 6
53	84 7
53	83 7
53	85 7
53	79 27
53	84 8
53	84 9
53	84 10
53	84 11
53	84 12
53	83 12
53	85 12
53	79 31
53	84 13
53	84 14
53	84 15
53	83 15
53	85 15
53	79 29
53	84 16
53	84 17
53	84 18
53	83 18
53	85 18
53	79 31
53	84 19
53	84 20
53	83 20
53	85 20
53	79 24
53	84 1
53	84 2
53	83 2
53	85 2
53	79 31
53	84 3
53	84 4
53	83 4
53	85 4
53	79 31
53	84 5
53	84 6
53	83 6
53	85 6
53	79 30
53	84 7
53	84 8
53	84 9
53	83 9
53	85 9
53	79 28
53	84 10
53	84 11
53	84 12
53	83 12
53	85 12
53	79 32
53	84 13
53	84 14
53	84 15
53	83 15
53	85 15
53	79 29
53	84 16
53	84 17
53	84 18
53	84 19
53	83 19
53	85 19
53	79 32
53	84 20
53	84 1
53	84 2
53	83 2
53	85 2
53	79 32
53	84 3
53	84 4
53	84 5
53	84 6
53	84 7
53	83 7
53	85 7
53	79 34
53	84 8
53	84 9
53	84 10
53	83 10
53	85 10
53	79 33
53	84 11
53	84 12
53	84 13
53	83 13
53	85 13
53	79 26
53	84 14
53	84 15
53	84 16
53	84 17
53	83 17
53	85 17
53	79 33
53	84 18
53	84 19
53	84 20
53	84 1
53	83 1
53	85 1
53	79 31
53	84 2
53	84 3
53	84 4
53	84 5
53	83 5
53	85 5
53	79 31
53	84 6
53	84 7
53	84 8
53	84 9
53	84 10
53	84 11
53	84 12
53	84 13
53	83 13
53	85 13
53	79 34
53	84 14
53	84 15
53	84 16
53	84 17
53	83 17
53	85 17
53	79 31
53	84 18
53	84 19
53	84 20
53	84 1
53	83 1
53	85 1
53	79 27
53	84 2
53	84 3
53	84 4
53	84 5
53	83 5
53	85 5
53	79 30
53	84 6
53	84 7
53	84 8
53	84 9
53	83 9
53	85 9
53	79 34
53	84 10
53	84 11
53	84 12
53	84 13
53	83 13
53	85 13
53	79 26
53	84 14
53	84 15
53	84 16
53	84 17
53	83 17
53	85 17
53	79 35
53	84 18
53	84 19
53	84 20
53	84 1
53	83 1
53	85 1
53	79 31
53	84 2
53	84 3
53	84 4
53	84 5
53	83 5
53	85 5
53	79 26
53	84 6
53	84 7
53	84 8
53	84 9
53	83 9
53	85 9
53	79 32
53	84 10
53	84 11
53	84 12
53	84 13
53	83 13
53	85 13
53	79 33
53	84 14
53	84 15
53	84 16
53	83 16
53	85 16
53	79 29
53	84 17
53	84 18
53	84 19
53	83 19
53	85 19
53	79 29
53	84 20
53	84 1
53	84 2
53	83 2
53	85 2
53	79 29
53	84 3
53	84 4
53	84 5
53	83 5
53	85 5
53	79 30
53	84 6
53	84 7
53	84 8
53	83 8
53	85 8
53	79 31
53	84 9
53	84 10
53	84 11
53	83 11
53	85 11
53	79 34
53	84 12
53	84 13
53	84 14
53	84 15
53	83 15
53	85 15
53	79 26
53	84 16
53	84 17
53	84 18
53	83 18
53	85 18
53	79 29
53	84 19
53	84 20
53	84 1
53	83 1
53	85 1
53	79 24
53	84 2
53	84 3
53	84 4
53	84 5
53	83 5
53	85 5
53	79 27
53	84 6
53	84 7
53	83 7
53	85 7
53	79 32
53	84 8
53	84 9
53	84 10
53	84 11
53	83 11
53	85 11
53	79 25
53	84 12
53	84 13
53	84 14
53	84 15
53	83 15
53	85 15
53	79 29
53	84 16
53	84 17
53	84 18
53	84 19
53	83 19
53	85 19
53	79 30
53	84 20
53	84 1
53	84 2
53	84 3
53	83 3
53	85 3
53	79 31
53	84 4
53	84 5
53	84 6
53	84 7
53	83 7
53	85 7
53	79 30
53	84 8
53	84 9
53	84 10
53	83 10
53	85 10
53	79 29
53	84 11
53	84 12
53	83 12
53	85 12
53	79 29
53	84 13
53	84 14
53	84 15
53	83 15
53	85 15
53	79 26
53	84 16
53	84 17
53	83 17
53	85 17
53	79 29
53	84 18
53	84 19
53	83 19
53	85 19
53	79 27
53	84 20
53	84 1
53	83 1
53	85 1
53	79 31
53	84 2
53	84 3
53	83 3
53	85 3
53	79 26
53	84 4
53	84 5
53	84 6
53	83 6
53	85 6
53	79 31
53	84 7
53	84 8
53	84 9
53	83 9
53	85 9
53	79 31
53	84 10
53	TEST_NUMBER 6
53	SENT_TOTAL 250
53	RECEIVED_TOTAL 83
53	TIME_TOTAL 29807
53	RECEIVED_RADIO_1 84
53	RECEIVED_RADIO_2 0
53	SENT_RADIO_1 125
53	SENT_RADIO_2 125
53	RADIO_TIME_1 29807
53	RADIO_TIME_2 19763
53	RETRANSMISSIONS_1 0
53	RETRANSMISSIONS_2 0
53	DROPPED_1 0
53	DROPPED_2 0
53	MAX_QUEUE 1
53	DUPLICATED_1 0
53	DUPLICATED_2 0
53	EBUSY_RADIO_1 0
53	EBUSY_RADIO_2 0

55	RELAY_NODE 55
55	TEST_NUMBER 0
55	SENT_TOTAL 0
55	RECEIVED_TOTAL 0
55	TIME_TOTAL 0
55	RECEIVED_RADIO_1 90
55	RECEIVED_RADIO_2 78
55	SENT_RADIO_1 78
55	SENT_RADIO_2 90
55	RADIO_TIME_1 14186
55	RADIO_TIME_2 14186
55	RETRANSMISSIONS_1 0
55	RETRANSMISSIONS_2 0
55	DROPPED_1 0
55	DROPPED_2 0
55	MAX_QUEUE 1
55	DUPLICATED_1 0
55	DUPLICATED_2 0
55	EBUSY_RADIO_1 0
55	EBUSY_RADIO_2 0
55	TEST_NUMBER 1
55	SENT_TOTAL 0
55	RECEIVED_TOTAL 0
55	TIME_TOTAL 0
55	RECEIVED_RADIO_1 124
55	RECEIVED_RADIO_2 111
55	SENT_RADIO_1 111
55	SENT_RADIO_2 124
55	RADIO_TIME_1 29801
55	RADIO_TIME_2 29801
55	RETRANSMISSIONS_1 0
55	RETRANSMISSIONS_2 0
55	DROPPED_1 0
55	DROPPED_2 0
55	MAX_QUEUE 1
55	DUPLICATED_1 0
55	DUPLICATED_2 0
55	EBUSY_RADIO_1 0
55	EBUSY_RADIO_2 0
55	TEST_NUMBER 2
55	SENT_TOTAL 0
55	RECEIVED_TOTAL 0
55	TIME_TOTAL 0
55	RECEIVED_RADIO_1 122
55	RECEIVED_RADIO_2 54
55	SENT_RADIO_1 54
55	SENT_RADIO_2 122
55	RADIO_TIME_1 29733
55	RADIO_TIME_2 29733
55	RETRANSMISSIONS_1 0
55	RETRANSMISSIONS_2 0
55	DROPPED_1 0
55	DROPPED_2 0
55	MAX_QUEUE 1
55	DUPLICATED_1 0
55	DUPLICATED_2 0
55	EBUSY_RADIO_1 0
55	EBUSY_RADIO_2 0
55	TEST_NUMBER 3
55	SENT_TOTAL 0
55	RECEIVED_TOTAL 0
55	TIME_TOTAL 0
55	RECEIVED_RADIO_1 122
55	RECEIVED_RADIO_2 86
55	SENT_RADIO_1 86
55	SENT_RADIO_2 122
55	RADIO_TIME_1 29721
55	RADIO_TIME_2 29721
55	RETRANSMISSIONS_1 0
55	RETRANSMISSIONS_2 0
55	DROPPED_1 0
55	DROPPED_2 0
55	MAX_QUEUE 1
55	DUPLICATED_1 0
55	DUPLICATED_2 0
55	EBUSY_RADIO_1 0
55	EBUSY_RADIO_2 0
55	TEST_NUMBER 4
55	SENT_TOTAL 0
55	RECEIVED_TOTAL 0
55	TIME_TOTAL 0
55	RECEIVED_RADIO_1 123
55	RECEIVED_RADIO_2 71
55	SENT_RADIO_1 71
55	SENT_RADIO_2 123
55	RADIO_TIME_1 29724
55	RADIO_TIME_2 29724
55	RETRANSMISSIONS_1 0
55	RETRANSMISSIONS_2 0
55	DROPPED_1 0
55	DROPPED_2 0
55	MAX_QUEUE 1
55	DUPLICATED_1 0
55	DUPLICATED_2 0
55	EBUSY_RADIO_1 0
55	EBUSY_RADIO_2 0
55	TEST_NUMBER 5
55	SENT_TOTAL 0
55	RECEIVED_TOTAL 0
55	TIME_TOTAL 0
55	RECEIVED_RADIO_1 123
55	RECEIVED_RADIO_2 91
55	SENT_RADIO_1 91
55	SENT_RADIO_2 123
55	RADIO_TIME_1 29797
55	RADIO_TIME_2 29798
55	RETRANSMISSIONS_1 0
55	RETRANSMISSIONS_2 0
55	DROPPED_1 0
55	DROPPED_2 0
55	MAX_QUEUE 1
55	DUPLICATED_1 0
55	DUPLICATED_2 0
55	EBUSY_RADIO_1 0
55	EBUSY_RADIO_2 0
55	TEST_NUMBER 6
55	SENT_TOTAL 0
55	RECEIVED_TOTAL 0
55	TIME_TOTAL 0
55	RECEIVED_RADIO_1 122
55	RECEIVED_RADIO_2 90
55	SENT_RADIO_1 90
55	SENT_RADIO_2 122
55	RADIO_TIME_1 29739
55	RADIO_TIME_2 29739
55	RETRANSMISSIONS_1 0
55	RETRANSMISSIONS_2 0
55	DROPPED_1 0
55	DROPPED_2 0
55	MAX_QUEUE 1
55	DUPLICATED_1 0
55	DUPLICATED_2 0
55	EBUSY_RADIO_1 0
55	EBUSY_RADIO_2 0

84	RELAY_NODE 84
84	TEST_NUMBER 0
84	SENT_TOTAL 0
84	RECEIVED_TOTAL 0
84	TIME_TOTAL 0
84	RECEIVED_RADIO_1 0
84	RECEIVED_RADIO_2 91
84	SENT_RADIO_1 91
84	SENT_RADIO_2 0
84	RADIO_TIME_1 16416
84	RADIO_TIME_2 16416
84	RETRANSMISSIONS_1 0
84	RETRANSMISSIONS_2 0
84	DROPPED_1 0
84	DROPPED_2 0
84	MAX_QUEUE 1
84	DUPLICATED_1 0
84	DUPLICATED_2 0
84	EBUSY_RADIO_1 0
84	EBUSY_RADIO_2 0
84	TEST_NUMBER 1
84	SENT_TOTAL 0
84	RECEIVED_TOTAL 0
84	TIME_TOTAL 0
84	RECEIVED_RADIO_1 0
84	RECEIVED_RADIO_2 97
84	SENT_RADIO_1 97
84	SENT_RADIO_2 0
84	RADIO_TIME_1 26855
84	RADIO_TIME_2 26855
84	RETRANSMISSIONS_1 0
84	RETRANSMISSIONS_2 0
84	DROPPED_1 0
84	DROPPED_2 0
84	MAX_QUEUE 1
84	DUPLICATED_1 0
84	DUPLICATED_2 0
84	EBUSY_RADIO_1 0
84	EBUSY_RADIO_2 0
84	TEST_NUMBER 2
84	SENT_TOTAL 0
84	RECEIVED_TOTAL 0
84	TIME_TOTAL 0
84	RECEIVED_RADIO_1 0
84	RECEIVED_RADIO_2 6
84	SENT_RADIO_1 6
84	SENT_RADIO_2 0
84	RADIO_TIME_1 799
84	RADIO_TIME_2 799
84	RETRANSMISSIONS_1 0
84	RETRANSMISSIONS_2 0
84	DROPPED_1 0
84	DROPPED_2 0
84	MAX_QUEUE 1
84	DUPLICATED_1 0
84	DUPLICATED_2 0
84	EBUSY_RADIO_1 0
84	EBUSY_RADIO_2 0
84	TEST_NUMBER 3
84	SENT_TOTAL 0
84	RECEIVED_TOTAL 0
84	TIME_TOTAL 0
84	RECEIVED_RADIO_1 0
84	RECEIVED_RADIO_2 49
84	SENT_RADIO_1 49
84	SENT_RADIO_2 0
84	RADIO_TIME_1 28610
84	RADIO_TIME_2 28610
84	RETRANSMISSIONS_1 0
84	RETRANSMISSIONS_2 0
84	DROPPED_1 0
84	DROPPED_2 0
84	MAX_QUEUE 1
84	DUPLICATED_1 0
84	DUPLICATED_2 0
84	EBUSY_RADIO_1 0
84	EBUSY_RADIO_2 0
84	TEST_NUMBER 4
84	SENT_TOTAL 0
84	RECEIVED_TOTAL 0
84	TIME_TOTAL 0
84	RECEIVED_RADIO_1 0
84	RECEIVED_RADIO_2 23
84	SENT_RADIO_1 23
84	SENT_RADIO_2 0
84	RADIO_TIME_1 29405
84	RADIO_TIME_2 29405
84	RETRANSMISSIONS_1 0
84	RETRANSMISSIONS_2 0
84	DROPPED_1 0
84	DROPPED_2 0
84	MAX_QUEUE 1
84	DUPLICATED_1 0
84	DUPLICATED_2 0
84	EBUSY_RADIO_1 0
84	EBUSY_RADIO_2 0
84	TEST_NUMBER 5
84	SENT_TOTAL 0
84	RECEIVED_TOTAL 0
84	TIME_TOTAL 0
84	RECEIVED_RADIO_1 0
84	RECEIVED_RADIO_2 69
84	SENT_RADIO_1 69
84	SENT_RADIO_2 0
84	RADIO_TIME_1 29244
84	RADIO_TIME_2 29244
84	RETRANSMISSIONS_1 0
84	RETRANSMISSIONS_2 0
84	DROPPED_1 0
84	DROPPED_2 0
84	MAX_QUEUE 1
84	DUPLICATED_1 0
84	DUPLICATED_2 0
84	EBUSY_RADIO_1 0
84	EBUSY_RADIO_2 0
84	TEST_NUMBER 6
84	SENT_TOTAL 0
84	RECEIVED_TOTAL 0
84	TIME_TOTAL 0
84	RECEIVED_RADIO_1 0
84	RECEIVED_RADIO_2 51
84	SENT_RADIO_1 51
84	SENT_RADIO_2 0
84	RADIO_TIME_1 29402
84	RADIO_TIME_2 29402
84	RETRANSMISSIONS_1 0
84	RETRANSMISSIONS_2 0
84	DROPPED_1 0
84	DROPPED_2 0
84	MAX_QUEUE 1
84	DUPLICATED_1 0
84	DUPLICATED_2 0
84	EBUSY_RADIO_1 0
84	EBUSY_RADIO_2 0

86	DESTINATION_NODE 86
86	TEST_NUMBER 0
86	SENT_TOTAL 216
86	RECEIVED_TOTAL 216
86	TIME_TOTAL 18891
86	RECEIVED_RADIO_1 105
86	RECEIVED_RADIO_2 111
86	SENT_RADIO_1 108
86	SENT_RADIO_2 108
86	RADIO_TIME_1 18891
86	RADIO_TIME_2 18891
86	RETRANSMISSIONS_1 0
86	RETRANSMISSIONS_2 0
86	DROPPED_1 0
86	DROPPED_2 0
86	MAX_QUEUE 1
86	DUPLICATED_1 0
86	DUPLICATED_2 0
86	EBUSY_RADIO_1 0
86	EBUSY_RADIO_2 0
86	86 0
86	86 0
86	86 0
86	86 0
86	86 0
86	86 0
86	86 0
86	86 0
86	TEST_NUMBER 1
86	SENT_TOTAL 201
86	RECEIVED_TOTAL 193
86	TIME_TOTAL 29723
86	RECEIVED_RADIO_1 83
86	RECEIVED_RADIO_2 118
86	SENT_RADIO_1 101
86	SENT_RADIO_2 100
86	RADIO_TIME_1 29723
86	RADIO_TIME_2 29723
86	RETRANSMISSIONS_1 0
86	RETRANSMISSIONS_2 0
86	DROPPED_1 0
86	DROPPED_2 0
86	MAX_QUEUE 1
86	DUPLICATED_1 0
86	DUPLICATED_2 0
86	EBUSY_RADIO_1 0
86	EBUSY_RADIO_2 0
86	86 1
86	86 1
86	86 1
86	86 1
86	86 1
86	TEST_NUMBER 2
86	SENT_TOTAL 125
86	RECEIVED_TOTAL 120
86	TIME_TOTAL 29727
86	RECEIVED_RADIO_1 10
86	RECEIVED_RADIO_2 115
86	SENT_RADIO_1 62
86	SENT_RADIO_2 63
86	RADIO_TIME_1 29244
86	RADIO_TIME_2 29727
86	RETRANSMISSIONS_1 0
86	RETRANSMISSIONS_2 0
86	DROPPED_1 0
86	DROPPED_2 0
86	MAX_QUEUE 1
86	DUPLICATED_1 0
86	DUPLICATED_2 0
86	EBUSY_RADIO_1 0
86	EBUSY_RADIO_2 0
86	86 2
86	86 2
86	86 2
86	86 2
86	86 2
86	86 2
86	TEST_NUMBER 3
86	SENT_TOTAL 168
86	RECEIVED_TOTAL 162
86	TIME_TOTAL 29723
86	RECEIVED_RADIO_1 46
86	RECEIVED_RADIO_2 122
86	SENT_RADIO_1 84
86	SENT_RADIO_2 84
86	RADIO_TIME_1 29561
86	RADIO_TIME_2 29723
86	RETRANSMISSIONS_1 0
86	RETRANSMISSIONS_2 0
86	DROPPED_1 0
86	DROPPED_2 0
86	MAX_QUEUE 1
86	DUPLICATED_1 0
86	DUPLICATED_2 0
86	EBUSY_RADIO_1 0
86	EBUSY_RADIO_2 0
86	86 3
86	86 3
86	86 3
86	86 3
86	86 3
86	TEST_NUMBER 4
86	SENT_TOTAL 152
86	RECEIVED_TOTAL 147
86	TIME_TOTAL 29802
86	RECEIVED_RADIO_1 30
86	RECEIVED_RADIO_2 122
86	SENT_RADIO_1 76
86	SENT_RADIO_2 76
86	RADIO_TIME_1 29802
86	RADIO_TIME_2 29802
86	RETRANSMISSIONS_1 0
86	RETRANSMISSIONS_2 0
86	DROPPED_1 0
86	DROPPED_2 0
86	MAX_QUEUE 1
86	DUPLICATED_1 0
86	DUPLICATED_2 0
86	EBUSY_RADIO_1 0
86	EBUSY_RADIO_2 0
86	86 4
86	86 4
86	86 4
86	86 4
86	86 4
86	86 4
86	86 4
86	86 4
86	86 4
86	86 4
86	86 4
86	TEST_NUMBER 5
86	SENT_TOTAL 191
86	RECEIVED_TOTAL 180
86	TIME_TOTAL 29804
86	RECEIVED_RADIO_1 69
86	RECEIVED_RADIO_2 122
86	SENT_RADIO_1 96
86	SENT_RADIO_2 95
86	RADIO_TIME_1 29804
86	RADIO_TIME_2 29725
86	RETRANSMISSIONS_1 0
86	RETRANSMISSIONS_2 0
86	DROPPED_1 0
86	DROPPED_2 0
86	MAX_QUEUE 1
86	DUPLICATED_1 0
86	DUPLICATED_2 0
86	EBUSY_RADIO_1 0
86	EBUSY_RADIO_2 0
86	86 5
86	86 5
86	86 5
86	86 5
86	86 5
86	86 5
86	86 5
86	86 5
86	86 5
86	TEST_NUMBER 6
86	SENT_TOTAL 170
86	RECEIVED_TOTAL 161
86	TIME_TOTAL 29806
86	RECEIVED_RADIO_1 47
86	RECEIVED_RADIO_2 123
86	SENT_RADIO_1 85
86	SENT_RADIO_2 85
86	RADIO_TIME_1 29725
86	RADIO_TIME_2 29724
86	RETRANSMISSIONS_1 0
86	RETRANSMISSIONS_2 0
86	DROPPED_1 0
86	DROPPED_2 0
86	MAX_QUEUE 1
86	DUPLICATED_1 0
86	DUPLICATED_2 0
86	EBUSY_RADIO_1 0
86	EBUSY_RADIO_2 0
86	86 6
86	86 6
86	86 6
86	86 6
86	86 6
86	86 6
86	86 6
86	86 6
86	86 6
