
6	RELAY_NODE 6
6	TEST_NUMBER 0
6	SENT_TOTAL 0
6	RECEIVED_TOTAL 0
6	TIME_TOTAL 0
6	RECEIVED_RADIO_1 93
6	RECEIVED_RADIO_2 92
6	SENT_RADIO_1 92
6	SENT_RADIO_2 93
6	RADIO_TIME_1 14741
6	RADIO_TIME_2 14741
6	RETRANSMISSIONS_1 0
6	RETRANSMISSIONS_2 0
6	DROPPED_1 0
6	DROPPED_2 0
6	MAX_QUEUE 1
6	DUPLICATED_1 0
6	DUPLICATED_2 0
6	EBUSY_RADIO_1 0
6	EBUSY_RADIO_2 0
6	TEST_NUMBER 1
6	SENT_TOTAL 0
6	RECEIVED_TOTAL 0
6	TIME_TOTAL 0
6	RECEIVED_RADIO_1 125
6	RECEIVED_RADIO_2 125
6	SENT_RADIO_1 125
6	SENT_RADIO_2 125
6	RADIO_TIME_1 29822
6	RADIO_TIME_2 29822
6	RETRANSMISSIONS_1 0
6	RETRANSMISSIONS_2 0
6	DROPPED_1 0
6	DROPPED_2 0
6	MAX_QUEUE 1
6	DUPLICATED_1 0
6	DUPLICATED_2 0
6	EBUSY_RADIO_1 0
6	EBUSY_RADIO_2 0
6	TEST_NUMBER 2
6	SENT_TOTAL 0
6	RECEIVED_TOTAL 0
6	TIME_TOTAL 0
6	RECEIVED_RADIO_1 125
6	RECEIVED_RADIO_2 124
6	SENT_RADIO_1 124
6	SENT_RADIO_2 125
6	RADIO_TIME_1 29727
6	RADIO_TIME_2 29727
6	RETRANSMISSIONS_1 0
6	RETRANSMISSIONS_2 0
6	DROPPED_1 0
6	DROPPED_2 0
6	MAX_QUEUE 1
6	DUPLICATED_1 0
6	DUPLICATED_2 0
6	EBUSY_RADIO_1 0
6	EBUSY_RADIO_2 0
6	TEST_NUMBER 3
6	SENT_TOTAL 0
6	RECEIVED_TOTAL 0
6	TIME_TOTAL 0
6	RECEIVED_RADIO_1 125
6	RECEIVED_RADIO_2 125
6	SENT_RADIO_1 125
6	SENT_RADIO_2 125
6	RADIO_TIME_1 29817
6	RADIO_TIME_2 29817
6	RETRANSMISSIONS_1 0
6	RETRANSMISSIONS_2 0
6	DROPPED_1 0
6	DROPPED_2 0
6	MAX_QUEUE 1
6	DUPLICATED_1 0
6	DUPLICATED_2 0
6	EBUSY_RADIO_1 0
6	EBUSY_RADIO_2 0
6	TEST_NUMBER 4
6	SENT_TOTAL 0
6	RECEIVED_TOTAL 0
6	TIME_TOTAL 0
6	RECEIVED_RADIO_1 125
6	RECEIVED_RADIO_2 125
6	SENT_RADIO_1 125
6	SENT_RADIO_2 125
6	RADIO_TIME_1 29756
6	RADIO_TIME_2 29756
6	RETRANSMISSIONS_1 0
6	RETRANSMISSIONS_2 0
6	DROPPED_1 0
6	DROPPED_2 0
6	MAX_QUEUE 1
6	DUPLICATED_1 0
6	DUPLICATED_2 0
6	EBUSY_RADIO_1 0
6	EBUSY_RADIO_2 0
6	TEST_NUMBER 5
6	SENT_TOTAL 0
6	RECEIVED_TOTAL 0
6	TIME_TOTAL 0
6	RECEIVED_RADIO_1 125
6	RECEIVED_RADIO_2 125
6	SENT_RADIO_1 125
6	SENT_RADIO_2 125
6	RADIO_TIME_1 29752
6	RADIO_TIME_2 29752
6	RETRANSMISSIONS_1 0
6	RETRANSMISSIONS_2 0
6	DROPPED_1 0
6	DROPPED_2 0
6	MAX_QUEUE 1
6	DUPLICATED_1 0
6	DUPLICATED_2 0
6	EBUSY_RADIO_1 0
6	EBUSY_RADIO_2 0
6	TEST_NUMBER 6
6	SENT_TOTAL 0
6	RECEIVED_TOTAL 0
6	TIME_TOTAL 0
6	RECEIVED_RADIO_1 125
6	RECEIVED_RADIO_2 124
6	SENT_RADIO_1 124
6	SENT_RADIO_2 125
6	RADIO_TIME_1 29725
6	RADIO_TIME_2 29725
6	RETRANSMISSIONS_1 0
6	RETRANSMISSIONS_2 0
6	DROPPED_1 0
6	DROPPED_2 0
6	MAX_QUEUE 1
6	DUPLICATED_1 0
6	DUPLICATED_2 0
6	EBUSY_RADIO_1 0
6	EBUSY_RADIO_2 0

7	RELAY_NODE 7
7	TEST_NUMBER 0
7	SENT_TOTAL 0
7	RECEIVED_TOTAL 0
7	TIME_TOTAL 0
7	RECEIVED_RADIO_1 121
7	RECEIVED_RADIO_2 121
7	SENT_RADIO_1 121
7	SENT_RADIO_2 121
7	RADIO_TIME_1 19304
7	RADIO_TIME_2 19304
7	RETRANSMISSIONS_1 0
7	RETRANSMISSIONS_2 0
7	DROPPED_1 0
7	DROPPED_2 0
7	MAX_QUEUE 1
7	DUPLICATED_1 0
7	DUPLICATED_2 0
7	EBUSY_RADIO_1 0
7	EBUSY_RADIO_2 0
7	TEST_NUMBER 1
7	SENT_TOTAL 0
7	RECEIVED_TOTAL 0
7	TIME_TOTAL 0
7	RECEIVED_RADIO_1 124
7	RECEIVED_RADIO_2 125
7	SENT_RADIO_1 125
7	SENT_RADIO_2 124
7	RADIO_TIME_1 29767
7	RADIO_TIME_2 29767
7	RETRANSMISSIONS_1 0
7	RETRANSMISSIONS_2 0
7	DROPPED_1 0
7	DROPPED_2 0
7	MAX_QUEUE 1
7	DUPLICATED_1 0
7	DUPLICATED_2 0
7	EBUSY_RADIO_1 0
7	EBUSY_RADIO_2 0
7	TEST_NUMBER 2
7	SENT_TOTAL 0
7	RECEIVED_TOTAL 0
7	TIME_TOTAL 0
7	RECEIVED_RADIO_1 125
7	RECEIVED_RADIO_2 125
7	SENT_RADIO_1 125
7	SENT_RADIO_2 125
7	RADIO_TIME_1 29832
7	RADIO_TIME_2 29832
7	RETRANSMISSIONS_1 0
7	RETRANSMISSIONS_2 0
7	DROPPED_1 0
7	DROPPED_2 0
7	MAX_QUEUE 1
7	DUPLICATED_1 0
7	DUPLICATED_2 0
7	EBUSY_RADIO_1 0
7	EBUSY_RADIO_2 0
7	TEST_NUMBER 3
7	SENT_TOTAL 0
7	RECEIVED_TOTAL 0
7	TIME_TOTAL 0
7	RECEIVED_RADIO_1 124
7	RECEIVED_RADIO_2 125
7	SENT_RADIO_1 125
7	SENT_RADIO_2 124
7	RADIO_TIME_1 29770
7	RADIO_TIME_2 29770
7	RETRANSMISSIONS_1 0
7	RETRANSMISSIONS_2 0
7	DROPPED_1 0
7	DROPPED_2 0
7	MAX_QUEUE 1
7	DUPLICATED_1 0
7	DUPLICATED_2 0
7	EBUSY_RADIO_1 0
7	EBUSY_RADIO_2 0
7	TEST_NUMBER 4
7	SENT_TOTAL 0
7	RECEIVED_TOTAL 0
7	TIME_TOTAL 0
7	RECEIVED_RADIO_1 125
7	RECEIVED_RADIO_2 125
7	SENT_RADIO_1 125
7	SENT_RADIO_2 125
7	RADIO_TIME_1 29764
7	RADIO_TIME_2 29764
7	RETRANSMISSIONS_1 0
7	RETRANSMISSIONS_2 0
7	DROPPED_1 0
7	DROPPED_2 0
7	MAX_QUEUE 1
7	DUPLICATED_1 0
7	DUPLICATED_2 0
7	EBUSY_RADIO_1 0
7	EBUSY_RADIO_2 0
7	TEST_NUMBER 5
7	SENT_TOTAL 0
7	RECEIVED_TOTAL 0
7	TIME_TOTAL 0
7	RECEIVED_RADIO_1 125
7	RECEIVED_RADIO_2 125
7	SENT_RADIO_1 125
7	SENT_RADIO_2 125
7	RADIO_TIME_1 29763
7	RADIO_TIME_2 29763
7	RETRANSMISSIONS_1 0
7	RETRANSMISSIONS_2 0
7	DROPPED_1 0
7	DROPPED_2 0
7	MAX_QUEUE 1
7	DUPLICATED_1 0
7	DUPLICATED_2 0
7	EBUSY_RADIO_1 0
7	EBUSY_RADIO_2 0
7	TEST_NUMBER 6
7	SENT_TOTAL 0
7	RECEIVED_TOTAL 0
7	TIME_TOTAL 0
7	RECEIVED_RADIO_1 124
7	RECEIVED_RADIO_2 125
7	SENT_RADIO_1 125
7	SENT_RADIO_2 124
7	RADIO_TIME_1 29768
7	RADIO_TIME_2 29768
7	RETRANSMISSIONS_1 0
7	RETRANSMISSIONS_2 0
7	DROPPED_1 0
7	DROPPED_2 0
7	MAX_QUEUE 1
7	DUPLICATED_1 0
7	DUPLICATED_2 0
7	EBUSY_RADIO_1 0
7	EBUSY_RADIO_2 0

8	SOURCE_NODE 8
8	84 1
8	83 1
8	85 1
8	79 29
8	84 2
8	83 2
8	85 2
8	79 29
8	84 3
8	83 3
8	85 3
8	79 45
8	84 4
8	83 4
8	85 4
8	79 48
8	84 5
8	83 5
8	85 5
8	79 41
8	84 6
8	83 6
8	85 6
8	79 46
8	84 7
8	83 7
8	85 7
8	79 45
8	84 8
8	83 8
8	85 8
8	79 39
8	84 9
8	83 9
8	85 9
8	79 47
8	84 10
8	83 10
8	85 10
8	79 45
8	84 11
8	83 11
8	85 11
8	79 43
8	84 12
8	83 12
8	85 12
8	79 50
8	84 13
8	83 13
8	85 13
8	79 45
8	84 14
8	83 14
8	85 14
8	79 44
8	84 15
8	83 15
8	85 15
8	79 42
8	84 16
8	83 16
8	85 16
8	79 40
8	84 17
8	83 17
8	85 17
8	79 40
8	84 18
8	83 18
8	85 18
8	79 44
8	84 19
8	83 19
8	85 19
8	79 38
8	84 20
8	83 20
8	85 20
8	79 46
8	84 1
8	83 1
8	85 1
8	79 43
8	84 2
8	83 2
8	85 2
8	79 43
8	84 3
8	83 3
8	85 3
8	79 40
8	84 4
8	83 4
8	85 4
8	79 47
8	84 5
8	83 5
8	85 5
8	79 41
8	84 6
8	83 6
8	85 6
8	79 47
8	84 7
8	83 7
8	85 7
8	79 47
8	84 8
8	83 8
8	85 8
8	79 46
8	84 9
8	83 9
8	85 9
8	79 39
8	84 10
8	83 10
8	85 10
8	79 42
8	84 11
8	83 11
8	85 11
8	79 43
8	84 12
8	83 12
8	85 12
8	79 47
8	84 13
8	83 13
8	85 13
8	79 47
8	84 14
8	83 14
8	85 14
8	79 37
8	84 15
8	83 15
8	85 15
8	79 40
8	84 16
8	83 16
8	85 16
8	79 44
8	84 17
8	83 17
8	85 17
8	79 44
8	84 18
8	83 18
8	85 18
8	79 48
8	84 19
8	83 19
8	85 19
8	79 42
8	84 20
8	83 20
8	85 20
8	79 43
8	84 1
8	83 1
8	85 1
8	79 43
8	84 2
8	83 2
8	85 2
8	79 40
8	84 3
8	83 3
8	85 3
8	79 44
8	84 4
8	83 4
8	85 4
8	79 40
8	84 5
8	83 5
8	85 5
8	79 40
8	84 6
8	83 6
8	85 6
8	79 48
8	84 7
8	83 7
8	85 7
8	79 42
8	84 8
8	83 8
8	85 8
8	79 41
8	84 9
8	83 9
8	85 9
8	79 45
8	84 10
8	83 10
8	85 10
8	79 46
8	84 11
8	83 11
8	85 11
8	79 46
8	84 12
8	83 12
8	85 12
8	79 46
8	84 13
8	83 13
8	85 13
8	79 43
8	84 14
8	83 14
8	85 14
8	79 48
8	84 15
8	83 15
8	85 15
8	79 44
8	84 16
8	83 16
8	85 16
8	79 40
8	84 17
8	83 17
8	85 17
8	79 41
8	84 18
8	83 18
8	85 18
8	79 46
8	84 19
8	83 19
8	85 19
8	79 43
8	84 20
8	84 1
8	83 1
8	85 1
8	79 28
8	84 2
8	83 2
8	85 2
8	79 59
8	84 3
8	83 3
8	85 3
8	79 25
8	84 4
8	83 4
8	85 4
8	79 58
8	84 5
8	83 5
8	85 5
8	79 28
8	84 6
8	83 6
8	85 6
8	79 58
8	84 7
8	83 7
8	85 7
8	79 33
8	84 8
8	83 8
8	85 8
8	79 60
8	84 9
8	83 9
8	85 9
8	79 32
8	84 10
8	84 11
8	83 11
8	85 11
8	79 45
8	84 12
8	83 12
8	85 12
8	79 48
8	84 13
8	83 13
8	85 13
8	79 40
8	84 14
8	83 14
8	85 14
8	79 51
8	84 15
8	83 15
8	85 15
8	79 40
8	84 16
8	83 16
8	85 16
8	79 40
8	84 17
8	83 17
8	85 17
8	79 43
8	84 18
8	83 18
8	85 18
8	79 38
8	84 19
8	83 19
8	85 19
8	79 44
8	84 20
8	83 20
8	85 20
8	79 47
8	84 1
8	83 1
8	85 1
8	79 43
8	84 2
8	83 2
8	85 2
8	79 41
8	84 3
8	83 3
8	85 3
8	79 47
8	84 4
8	83 4
8	85 4
8	79 49
8	84 5
8	83 5
8	85 5
8	79 48
8	84 6
8	83 6
8	85 6
8	79 47
8	84 7
8	83 7
8	85 7
8	79 46
8	84 8
8	83 8
8	85 8
8	79 40
8	84 9
8	83 9
8	85 9
8	79 52
8	84 10
8	83 10
8	85 10
8	79 38
8	84 11
8	83 11
8	85 11
8	79 46
8	84 12
8	83 12
8	85 12
8	79 39
8	84 13
8	83 13
8	85 13
8	79 48
8	84 14
8	83 14
8	85 14
8	79 39
8	84 15
8	83 15
8	85 15
8	79 44
8	84 16
8	83 16
8	85 16
8	79 41
8	84 17
8	83 17
8	85 17
8	79 45
8	84 18
8	83 18
8	85 18
8	79 47
8	84 19
8	83 19
8	85 19
8	79 42
8	84 20
8	83 20
8	85 20
8	79 45
8	84 1
8	83 1
8	85 1
8	79 50
8	84 2
8	83 2
8	85 2
8	79 45
8	84 3
8	83 3
8	85 3
8	79 40
8	84 4
8	83 4
8	85 4
8	79 47
8	84 5
8	83 5
8	85 5
8	79 50
8	84 6
8	83 6
8	85 6
8	79 42
8	84 7
8	83 7
8	85 7
8	79 37
8	84 8
8	83 8
8	85 8
8	79 46
8	84 9
8	83 9
8	85 9
8	79 45
8	84 10
8	83 10
8	85 10
8	79 37
8	84 11
8	83 11
8	85 11
8	79 42
8	84 12
8	83 12
8	85 12
8	79 39
8	84 13
8	83 13
8	85 13
8	79 50
8	84 14
8	83 14
8	85 14
8	79 48
8	84 15
8	83 15
8	85 15
8	79 45
8	84 16
8	83 16
8	85 16
8	79 46
8	84 17
8	83 17
8	85 17
8	79 39
8	84 18
8	83 18
8	85 18
8	79 45
8	84 19
8	83 19
8	85 19
8	79 45
8	84 20
8	83 20
8	85 20
8	79 39
8	84 1
8	83 1
8	85 1
8	79 38
8	84 2
8	83 2
8	85 2
8	79 42
8	84 3
8	83 3
8	85 3
8	79 48
8	84 4
8	83 4
8	85 4
8	79 43
8	84 5
8	83 5
8	85 5
8	79 46
8	84 6
8	83 6
8	85 6
8	79 45
8	84 7
8	83 7
8	85 7
8	79 47
8	84 8
8	83 8
8	85 8
8	79 39
8	84 9
8	83 9
8	85 9
8	79 45
8	84 10
8	83 10
8	85 10
8	79 49
8	84 11
8	83 11
8	85 11
8	79 44
8	84 12
8	83 12
8	85 12
8	79 42
8	84 13
8	83 13
8	79 44
8	84 14
8	83 14
8	85 14
8	79 45
8	84 15
8	83 15
8	85 15
8	79 44
8	84 16
8	83 16
8	85 16
8	79 40
8	84 17
8	83 17
8	85 17
8	79 45
8	84 18
8	83 18
8	85 18
8	79 40
8	84 19
8	83 19
8	85 19
8	79 44
8	84 20
8	83 20
8	85 20
8	79 43
8	84 1
8	83 1
8	85 1
8	79 39
8	84 2
8	83 2
8	85 2
8	79 45
8	84 3
8	83 3
8	85 3
8	79 43
8	84 4
8	83 4
8	85 4
8	79 44
8	84 5
8	83 5
8	85 5
8	79 43
8	84 6
8	83 6
8	85 6
8	79 46
8	84 7
8	83 7
8	85 7
8	79 46
8	84 8
8	83 8
8	85 8
8	79 41
8	84 9
8	83 9
8	85 9
8	79 46
8	84 10
8	83 10
8	85 10
8	79 45
8	84 11
8	83 11
8	85 11
8	79 42
8	84 12
8	83 12
8	85 12
8	79 47
8	84 13
8	83 13
8	85 13
8	79 41
8	84 14
8	83 14
8	85 14
8	79 45
8	84 15
8	83 15
8	85 15
8	79 38
8	84 16
8	83 16
8	85 16
8	79 52
8	84 17
8	83 17
8	85 17
8	79 44
8	84 18
8	83 18
8	85 18
8	79 41
8	84 19
8	83 19
8	85 19
8	79 47
8	84 20
8	83 20
8	85 20
8	79 46
8	84 1
8	83 1
8	85 1
8	79 47
8	84 2
8	83 2
8	85 2
8	79 38
8	84 3
8	83 3
8	85 3
8	79 47
8	84 4
8	83 4
8	85 4
8	79 42
8	84 5
8	83 5
8	85 5
8	79 45
8	84 6
8	83 6
8	85 6
8	79 46
8	84 7
8	83 7
8	85 7
8	79 46
8	84 8
8	83 8
8	85 8
8	79 43
8	84 9
8	83 9
8	85 9
8	79 48
8	84 10
8	83 10
8	85 10
8	79 47
8	84 11
8	83 11
8	85 11
8	79 43
8	84 12
8	83 12
8	85 12
8	79 44
8	84 13
8	83 13
8	85 13
8	79 45
8	84 14
8	83 14
8	85 14
8	79 45
8	84 15
8	83 15
8	85 15
8	79 40
8	84 16
8	83 16
8	85 16
8	79 41
8	84 17
8	83 17
8	85 17
8	79 45
8	84 18
8	83 18
8	85 18
8	79 43
8	84 19
8	83 19
8	85 19
8	79 44
8	84 20
8	83 20
8	85 20
8	79 47
8	84 1
8	83 1
8	85 1
8	79 44
8	84 2
8	83 2
8	85 2
8	79 41
8	84 3
8	83 3
8	85 3
8	79 49
8	84 4
8	83 4
8	85 4
8	79 51
8	84 5
8	83 5
8	85 5
8	79 40
8	84 6
8	84 5
8	83 5
8	85 5
8	79 50
8	84 6
8	83 6
8	85 6
8	79 41
8	84 7
8	83 7
8	85 7
8	79 42
8	84 8
8	83 8
8	85 8
8	79 41
8	84 9
8	83 9
8	85 9
8	79 49
8	84 10
8	83 10
8	85 10
8	79 38
8	84 11
8	83 11
8	85 11
8	79 35
8	84 12
8	83 12
8	85 12
8	79 44
8	84 13
8	83 13
8	85 13
8	79 43
8	84 14
8	83 14
8	85 14
8	79 45
8	84 15
8	83 15
8	85 15
8	79 48
8	84 16
8	83 16
8	85 16
8	79 45
8	84 17
8	83 17
8	85 17
8	79 46
8	84 18
8	83 18
8	85 18
8	79 42
8	84 19
8	83 19
8	85 19
8	79 46
8	84 20
8	83 20
8	85 20
8	79 40
8	84 1
8	83 1
8	85 1
8	79 48
8	84 2
8	83 2
8	85 2
8	79 43
8	84 3
8	83 3
8	85 3
8	79 51
8	84 4
8	83 4
8	85 4
8	79 45
8	84 5
8	83 5
8	85 5
8	79 47
8	84 6
8	83 6
8	85 6
8	79 44
8	84 7
8	83 7
8	85 7
8	79 51
8	84 8
8	83 8
8	85 8
8	79 43
8	84 9
8	83 9
8	85 9
8	79 51
8	84 10
8	TEST_NUMBER 0
8	SENT_TOTAL 250
8	RECEIVED_TOTAL 247
8	TIME_TOTAL 19785
8	RECEIVED_RADIO_1 123
8	RECEIVED_RADIO_2 124
8	SENT_RADIO_1 125
8	SENT_RADIO_2 124
8	RADIO_TIME_1 19763
8	RADIO_TIME_2 19814
8	RETRANSMISSIONS_1 0
8	RETRANSMISSIONS_2 0
8	DROPPED_1 0
8	DROPPED_2 0
8	MAX_QUEUE 1
8	DUPLICATED_1 0
8	DUPLICATED_2 0
8	EBUSY_RADIO_1 0
8	EBUSY_RADIO_2 0
8	83 0
8	85 10
8	86 0
8	84 1
8	83 1
8	85 1
8	79 43
8	84 2
8	83 2
8	85 2
8	79 44
8	84 3
8	83 3
8	85 3
8	79 47
8	84 4
8	83 4
8	85 4
8	79 43
8	84 5
8	83 5
8	85 5
8	79 43
8	84 6
8	83 6
8	85 6
8	79 47
8	84 7
8	83 7
8	85 7
8	79 51
8	84 8
8	83 8
8	85 8
8	79 42
8	84 9
8	83 9
8	85 9
8	79 48
8	84 10
8	83 10
8	85 10
8	79 44
8	84 11
8	83 11
8	85 11
8	79 46
8	84 12
8	83 12
8	85 12
8	79 45
8	84 13
8	83 13
8	85 13
8	79 43
8	84 14
8	83 14
8	85 14
8	79 44
8	84 15
8	83 15
8	85 15
8	79 43
8	84 16
8	83 16
8	85 16
8	79 47
8	84 17
8	83 17
8	85 17
8	79 42
8	84 18
8	83 18
8	85 18
8	79 48
8	84 19
8	83 19
8	85 19
8	79 46
8	84 20
8	83 20
8	85 20
8	79 48
8	84 1
8	83 1
8	85 1
8	79 42
8	84 2
8	83 2
8	85 2
8	79 44
8	84 3
8	83 3
8	85 3
8	79 43
8	84 4
8	83 4
8	85 4
8	79 45
8	84 5
8	83 5
8	85 5
8	79 40
8	84 6
8	83 6
8	85 6
8	79 46
8	84 7
8	83 7
8	85 7
8	79 40
8	84 8
8	83 8
8	85 8
8	79 41
8	84 9
8	83 9
8	85 9
8	79 42
8	84 10
8	83 10
8	85 10
8	79 46
8	84 11
8	83 11
8	85 11
8	79 38
8	84 12
8	83 12
8	85 12
8	79 37
8	84 13
8	83 13
8	85 13
8	79 41
8	84 14
8	83 14
8	85 14
8	79 48
8	84 15
8	83 15
8	85 15
8	79 41
8	84 16
8	83 16
8	85 16
8	79 37
8	84 17
8	83 17
8	85 17
8	79 46
8	84 18
8	83 18
8	85 18
8	79 48
8	84 19
8	83 19
8	85 19
8	79 44
8	84 20
8	83 20
8	85 20
8	79 40
8	84 1
8	83 1
8	85 1
8	79 46
8	84 2
8	83 2
8	85 2
8	79 43
8	84 3
8	83 3
8	85 3
8	79 48
8	84 4
8	83 4
8	85 4
8	79 40
8	84 5
8	83 5
8	85 5
8	79 47
8	84 6
8	83 6
8	85 6
8	79 45
8	84 7
8	83 7
8	85 7
8	79 51
8	84 8
8	83 8
8	85 8
8	79 42
8	84 9
8	83 9
8	85 9
8	79 45
8	84 10
8	83 10
8	85 10
8	79 40
8	84 11
8	83 11
8	85 11
8	79 49
8	84 12
8	83 12
8	85 12
8	79 44
8	84 13
8	83 13
8	85 13
8	79 50
8	84 14
8	83 14
8	85 14
8	79 42
8	84 15
8	83 15
8	85 15
8	79 46
8	84 16
8	83 16
8	85 16
8	79 41
8	84 17
8	83 17
8	85 17
8	79 39
8	84 18
8	83 18
8	85 18
8	79 47
8	84 19
8	83 19
8	85 19
8	79 45
8	84 20
8	83 20
8	85 20
8	79 46
8	84 1
8	83 1
8	85 1
8	79 48
8	84 2
8	83 2
8	85 2
8	79 42
8	84 3
8	83 3
8	85 3
8	79 43
8	84 4
8	83 4
8	85 4
8	79 49
8	84 5
8	83 5
8	85 5
8	79 47
8	84 6
8	83 6
8	85 6
8	79 44
8	84 7
8	83 7
8	85 7
8	79 41
8	84 8
8	83 8
8	85 8
8	79 43
8	84 9
8	83 9
8	85 9
8	79 40
8	84 10
8	83 10
8	85 10
8	79 47
8	84 11
8	83 11
8	85 11
8	79 43
8	84 12
8	83 12
8	85 12
8	79 46
8	84 13
8	83 13
8	85 13
8	79 49
8	84 14
8	83 14
8	85 14
8	79 41
8	84 15
8	83 15
8	85 15
8	79 42
8	84 16
8	83 16
8	85 16
8	79 44
8	84 17
8	83 17
8	85 17
8	79 49
8	84 18
8	83 18
8	85 18
8	79 49
8	84 19
8	83 19
8	85 19
8	79 44
8	84 20
8	83 20
8	85 20
8	79 39
8	84 1
8	83 1
8	85 1
8	79 48
8	84 2
8	83 2
8	85 2
8	79 43
8	84 3
8	83 3
8	85 3
8	79 44
8	84 4
8	83 4
8	85 4
8	79 36
8	84 5
8	83 5
8	85 5
8	79 43
8	84 6
8	83 6
8	85 6
8	79 43
8	84 7
8	83 7
8	85 7
8	79 45
8	84 8
8	83 8
8	85 8
8	79 37
8	84 9
8	83 9
8	85 9
8	79 41
8	84 10
8	83 10
8	85 10
8	79 40
8	84 11
8	83 11
8	85 11
8	79 43
8	84 12
8	83 12
8	85 12
8	79 45
8	84 13
8	83 13
8	85 13
8	79 46
8	84 14
8	83 14
8	85 14
8	79 37
8	84 15
8	83 15
8	85 15
8	79 44
8	84 16
8	83 16
8	85 16
8	79 48
8	84 17
8	83 17
8	85 17
8	79 38
8	84 18
8	83 18
8	85 18
8	79 42
8	84 19
8	83 19
8	85 19
8	79 46
8	84 20
8	83 20
8	85 20
8	79 40
8	84 1
8	83 1
8	85 1
8	79 39
8	84 2
8	83 2
8	85 2
8	79 40
8	84 3
8	83 3
8	85 3
8	79 46
8	84 4
8	83 4
8	85 4
8	79 43
8	84 5
8	83 5
8	85 5
8	79 39
8	84 6
8	83 6
8	85 6
8	79 47
8	84 7
8	83 7
8	85 7
8	79 47
8	84 8
8	83 8
8	85 8
8	79 47
8	84 9
8	83 9
8	85 9
8	79 52
8	84 10
8	83 10
8	85 10
8	79 46
8	84 11
8	83 11
8	85 11
8	79 42
8	84 12
8	83 12
8	85 12
8	79 45
8	84 13
8	83 13
8	85 13
8	79 45
8	84 14
8	83 14
8	85 14
8	79 42
8	84 15
8	83 15
8	85 15
8	79 49
8	84 16
8	83 16
8	85 16
8	79 44
8	84 17
8	83 17
8	85 17
8	79 42
8	84 18
8	83 18
8	85 18
8	79 47
8	84 19
8	83 19
8	85 19
8	79 45
8	84 20
8	83 20
8	85 20
8	79 38
8	84 1
8	83 1
8	85 1
8	79 40
8	84 2
8	83 2
8	85 2
8	79 36
8	84 3
8	83 3
8	85 3
8	79 41
8	84 4
8	83 4
8	85 4
8	79 46
8	84 5
8	83 5
8	85 5
8	79 35
8	84 6
8	83 6
8	85 6
8	79 48
8	84 7
8	83 7
8	85 7
8	79 47
8	84 8
8	83 8
8	85 8
8	79 43
8	84 9
8	83 9
8	85 9
8	79 39
8	84 10
8	84 11
8	83 11
8	85 11
8	79 34
8	84 12
8	83 12
8	85 12
8	79 61
8	84 13
8	83 13
8	85 13
8	79 30
8	84 14
8	83 14
8	85 14
8	79 66
8	84 15
8	83 15
8	85 15
8	79 30
8	84 16
8	83 16
8	85 16
8	79 57
8	84 17
8	83 17
8	85 17
8	79 31
8	84 18
8	83 18
8	85 18
8	79 60
8	84 19
8	83 19
8	85 19
8	79 26
8	84 20
8	83 20
8	85 20
8	79 68
8	84 1
8	83 1
8	85 1
8	79 25
8	84 2
8	83 2
8	85 2
8	79 54
8	84 3
8	83 3
8	85 3
8	79 31
8	84 4
8	83 4
8	85 4
8	79 56
8	84 5
8	83 5
8	85 5
8	79 26
8	84 6
8	83 6
8	85 6
8	79 60
8	84 7
8	83 7
8	85 7
8	79 24
8	84 8
8	83 8
8	85 8
8	79 61
8	84 9
8	83 9
8	85 9
8	79 30
8	84 10
8	83 10
8	85 10
8	79 61
8	84 11
8	83 11
8	85 11
8	79 27
8	84 12
8	83 12
8	85 12
8	79 67
8	84 13
8	83 13
8	85 13
8	79 24
8	84 14
8	83 14
8	85 14
8	79 55
8	84 15
8	83 15
8	85 15
8	79 27
8	84 16
8	83 16
8	85 16
8	79 58
8	84 17
8	83 17
8	85 17
8	79 32
8	84 18
8	83 18
8	85 18
8	79 64
8	84 19
8	83 19
8	85 19
8	79 25
8	84 20
8	83 20
8	85 20
8	79 58
8	84 1
8	83 1
8	85 1
8	79 34
8	84 2
8	83 2
8	85 2
8	79 58
8	84 3
8	83 3
8	85 3
8	79 24
8	84 4
8	83 4
8	85 4
8	79 57
8	84 5
8	83 5
8	85 5
8	79 30
8	84 6
8	83 6
8	85 6
8	79 50
8	84 7
8	83 7
8	85 7
8	79 26
8	84 8
8	83 8
8	85 8
8	79 59
8	84 9
8	83 9
8	85 9
8	79 30
8	84 10
8	83 10
8	85 10
8	84 9
8	83 9
8	85 9
8	79 26
8	84 10
8	83 10
8	85 10
8	79 50
8	84 11
8	83 11
8	85 11
8	79 34
8	84 12
8	83 12
8	85 12
8	79 61
8	84 13
8	83 13
8	85 13
8	79 26
8	84 14
8	83 14
8	85 14
8	79 51
8	84 15
8	83 15
8	85 15
8	79 32
8	84 16
8	83 16
8	85 16
8	79 64
8	84 17
8	83 17
8	85 17
8	79 26
8	84 18
8	83 18
8	85 18
8	79 55
8	84 19
8	83 19
8	85 19
8	79 31
8	84 20
8	83 20
8	85 20
8	79 57
8	84 1
8	83 1
8	85 1
8	79 30
8	84 2
8	83 2
8	85 2
8	79 66
8	84 3
8	83 3
8	85 3
8	79 29
8	84 4
8	83 4
8	85 4
8	79 57
8	84 5
8	83 5
8	85 5
8	79 32
8	84 6
8	83 6
8	85 6
8	79 59
8	84 7
8	83 7
8	85 7
8	79 30
8	84 8
8	83 8
8	85 8
8	79 63
8	84 9
8	83 9
8	85 9
8	79 32
8	84 10
8	83 10
8	85 10
8	79 55
8	84 11
8	83 11
8	85 11
8	79 29
8	84 12
8	83 12
8	85 12
8	79 60
8	84 13
8	83 13
8	85 13
8	79 34
8	84 14
8	83 14
8	85 14
8	79 60
8	84 15
8	83 15
8	85 15
8	79 30
8	84 16
8	83 16
8	85 16
8	79 57
8	84 17
8	83 17
8	85 17
8	79 31
8	84 18
8	83 18
8	85 18
8	79 59
8	84 19
8	83 19
8	85 19
8	79 32
8	84 20
8	83 20
8	85 20
8	79 55
8	84 1
8	83 1
8	85 1
8	79 27
8	84 2
8	83 2
8	85 2
8	79 60
8	84 3
8	83 3
8	85 3
8	79 36
8	84 4
8	83 4
8	85 4
8	79 58
8	84 5
8	83 5
8	85 5
8	79 26
8	84 6
8	83 6
8	85 6
8	79 51
8	84 7
8	83 7
8	85 7
8	79 24
8	84 8
8	83 8
8	85 8
8	79 53
8	84 9
8	83 9
8	85 9
8	79 33
8	84 10
8	TEST_NUMBER 1
8	SENT_TOTAL 250
8	RECEIVED_TOTAL 248
8	TIME_TOTAL 29790
8	RECEIVED_RADIO_1 125
8	RECEIVED_RADIO_2 124
8	SENT_RADIO_1 125
8	SENT_RADIO_2 125
8	RADIO_TIME_1 29790
8	RADIO_TIME_2 19800
8	RETRANSMISSIONS_1 0
8	RETRANSMISSIONS_2 0
8	DROPPED_1 0
8	DROPPED_2 0
8	MAX_QUEUE 1
8	DUPLICATED_1 0
8	DUPLICATED_2 0
8	EBUSY_RADIO_1 0
8	EBUSY_RADIO_2 0
8	83 0
8	85 10
8	86 1
8	84 1
8	83 1
8	85 1
8	79 33
8	84 2
8	83 2
8	85 2
8	79 56
8	84 3
8	83 3
8	85 3
8	79 28
8	84 4
8	83 4
8	85 4
8	79 52
8	84 5
8	83 5
8	85 5
8	79 30
8	84 6
8	83 6
8	85 6
8	79 61
8	84 7
8	83 7
8	85 7
8	79 26
8	84 8
8	83 8
8	85 8
8	79 63
8	84 9
8	83 9
8	85 9
8	79 29
8	84 10
8	83 10
8	85 10
8	79 60
8	84 11
8	83 11
8	85 11
8	79 26
8	84 12
8	83 12
8	85 12
8	79 64
8	84 13
8	83 13
8	85 13
8	79 31
8	84 14
8	83 14
8	85 14
8	79 57
8	84 15
8	83 15
8	85 15
8	79 30
8	84 16
8	83 16
8	85 16
8	79 58
8	84 17
8	83 17
8	85 17
8	79 34
8	84 18
8	83 18
8	85 18
8	79 53
8	84 19
8	83 19
8	85 19
8	79 33
8	84 20
8	83 20
8	85 20
8	79 63
8	84 1
8	83 1
8	85 1
8	79 29
8	84 2
8	83 2
8	85 2
8	79 54
8	84 3
8	83 3
8	85 3
8	79 30
8	84 4
8	83 4
8	85 4
8	79 63
8	84 5
8	83 5
8	85 5
8	79 35
8	84 6
8	83 6
8	85 6
8	79 63
8	84 7
8	83 7
8	85 7
8	79 28
8	84 8
8	83 8
8	85 8
8	79 60
8	84 9
8	83 9
8	85 9
8	79 29
8	84 10
8	83 10
8	85 10
8	79 52
8	84 11
8	83 11
8	85 11
8	79 30
8	84 12
8	83 12
8	85 12
8	79 48
8	84 13
8	83 13
8	85 13
8	79 26
8	84 14
8	84 15
8	83 15
8	85 15
8	79 43
8	84 16
8	83 16
8	85 16
8	79 44
8	84 17
8	83 17
8	85 17
8	79 46
8	84 18
8	83 18
8	85 18
8	79 50
8	84 19
8	83 19
8	85 19
8	79 48
8	84 20
8	83 20
8	85 20
8	79 43
8	84 1
8	83 1
8	85 1
8	79 48
8	84 2
8	83 2
8	85 2
8	79 44
8	84 3
8	83 3
8	85 3
8	79 44
8	84 4
8	83 4
8	85 4
8	79 42
8	84 5
8	83 5
8	85 5
8	79 44
8	84 6
8	83 6
8	85 6
8	79 38
8	84 7
8	83 7
8	85 7
8	79 45
8	84 8
8	83 8
8	85 8
8	79 42
8	84 9
8	83 9
8	85 9
8	79 49
8	84 10
8	83 10
8	85 10
8	79 50
8	84 11
8	83 11
8	85 11
8	79 51
8	84 12
8	83 12
8	85 12
8	79 39
8	84 13
8	83 13
8	85 13
8	79 46
8	84 14
8	83 14
8	85 14
8	79 46
8	84 15
8	83 15
8	85 15
8	79 48
8	84 16
8	83 16
8	85 16
8	79 45
8	84 17
8	83 17
8	85 17
8	79 39
8	84 18
8	83 18
8	85 18
8	79 50
8	84 19
8	83 19
8	85 19
8	79 40
8	84 20
8	83 20
8	85 20
8	79 47
8	84 1
8	83 1
8	85 1
8	79 39
8	84 2
8	83 2
8	85 2
8	79 42
8	84 3
8	83 3
8	85 3
8	79 50
8	84 4
8	83 4
8	85 4
8	79 49
8	84 5
8	83 5
8	85 5
8	79 45
8	84 6
8	83 6
8	85 6
8	79 36
8	84 7
8	83 7
8	85 7
8	79 47
8	84 8
8	83 8
8	85 8
8	79 43
8	84 9
8	83 9
8	85 9
8	79 36
8	84 10
8	83 10
8	85 10
8	79 40
8	84 11
8	83 11
8	85 11
8	79 55
8	84 12
8	83 12
8	85 12
8	79 39
8	84 13
8	83 13
8	85 13
8	79 39
8	84 14
8	83 14
8	85 14
8	79 43
8	84 15
8	83 15
8	85 15
8	79 41
8	84 16
8	83 16
8	85 16
8	79 50
8	84 17
8	83 17
8	85 17
8	79 44
8	84 18
8	83 18
8	85 18
8	79 46
8	84 19
8	83 19
8	85 19
8	79 42
8	84 20
8	83 20
8	85 20
8	79 40
8	84 1
8	83 1
8	85 1
8	79 43
8	84 2
8	83 2
8	85 2
8	79 40
8	84 3
8	83 3
8	85 3
8	79 42
8	84 4
8	83 4
8	85 4
8	79 43
8	84 5
8	83 5
8	85 5
8	79 49
8	84 6
8	83 6
8	85 6
8	79 41
8	84 7
8	83 7
8	85 7
8	79 45
8	84 8
8	83 8
8	85 8
8	79 45
8	84 9
8	83 9
8	85 9
8	79 41
8	84 10
8	83 10
8	85 10
8	79 48
8	84 11
8	83 11
8	85 11
8	79 44
8	84 12
8	83 12
8	85 12
8	79 40
8	84 13
8	83 13
8	85 13
8	79 48
8	84 14
8	83 14
8	85 14
8	79 41
8	84 15
8	83 15
8	85 15
8	79 44
8	84 16
8	83 16
8	85 16
8	79 43
8	84 17
8	83 17
8	85 17
8	79 45
8	84 18
8	83 18
8	85 18
8	79 50
8	84 19
8	83 19
8	85 19
8	79 39
8	84 20
8	83 20
8	85 20
8	79 49
8	84 1
8	83 1
8	85 1
8	79 43
8	84 2
8	83 2
8	85 2
8	79 44
8	84 3
8	83 3
8	85 3
8	79 50
8	84 4
8	83 4
8	85 4
8	79 40
8	84 5
8	83 5
8	85 5
8	79 43
8	84 6
8	83 6
8	85 6
8	79 45
8	84 7
8	83 7
8	85 7
8	79 42
8	84 8
8	83 8
8	85 8
8	79 46
8	84 9
8	83 9
8	85 9
8	79 43
8	84 10
8	83 10
8	85 10
8	79 45
8	84 11
8	83 11
8	85 11
8	79 46
8	84 12
8	83 12
8	85 12
8	79 41
8	84 13
8	83 13
8	85 13
8	79 48
8	84 14
8	83 14
8	85 14
8	79 48
8	84 15
8	83 15
8	85 15
8	79 44
8	84 16
8	83 16
8	85 16
8	79 43
8	84 17
8	83 17
8	85 17
8	79 42
8	84 18
8	83 18
8	85 18
8	79 41
8	84 19
8	83 19
8	85 19
8	79 51
8	84 20
8	83 20
8	85 20
8	79 47
8	84 1
8	83 1
8	85 1
8	79 37
8	84 2
8	83 2
8	85 2
8	79 44
8	84 3
8	83 3
8	85 3
8	79 44
8	84 4
8	83 4
8	85 4
8	79 44
8	84 5
8	83 5
8	85 5
8	79 47
8	84 6
8	83 6
8	85 6
8	79 39
8	84 7
8	83 7
8	85 7
8	79 43
8	84 8
8	83 8
8	85 8
8	79 44
8	84 9
8	83 9
8	85 9
8	79 42
8	84 10
8	83 10
8	85 10
8	79 43
8	84 11
8	83 11
8	85 11
8	79 38
8	84 12
8	83 12
8	85 12
8	79 48
8	84 13
8	83 13
8	85 13
8	79 43
8	84 14
8	83 14
8	85 14
8	79 40
8	84 15
8	83 15
8	85 15
8	79 46
8	84 16
8	83 16
8	85 16
8	79 46
8	84 17
8	83 17
8	85 17
8	79 42
8	84 18
8	83 18
8	85 18
8	79 46
8	84 19
8	83 19
8	85 19
8	79 45
8	84 20
8	83 20
8	85 20
8	79 45
8	84 1
8	83 1
8	85 1
8	79 40
8	84 2
8	83 2
8	85 2
8	79 44
8	84 3
8	83 3
8	85 3
8	79 47
8	84 4
8	83 4
8	85 4
8	79 40
8	84 5
8	83 5
8	85 5
8	79 42
8	84 6
8	83 6
8	85 6
8	79 42
8	84 7
8	83 7
8	85 7
8	79 42
8	84 8
8	83 8
8	85 8
8	79 44
8	84 9
8	83 9
8	85 9
8	79 49
8	84 10
8	83 10
8	85 10
8	79 45
8	84 11
8	83 11
8	85 11
8	79 45
8	84 12
8	83 12
8	85 12
8	79 43
8	84 13
8	83 13
8	85 13
8	79 44
8	84 14
8	83 14
8	85 14
8	79 44
8	84 15
8	83 15
8	85 15
8	79 45
8	83 13
8	85 13
8	79 46
8	84 14
8	83 14
8	85 14
8	79 51
8	84 15
8	83 15
8	85 15
8	79 48
8	84 16
8	83 16
8	85 16
8	79 43
8	84 17
8	83 17
8	85 17
8	79 45
8	84 18
8	83 18
8	85 18
8	79 44
8	84 19
8	83 19
8	85 19
8	79 44
8	84 20
8	83 20
8	85 20
8	79 44
8	84 1
8	83 1
8	85 1
8	79 43
8	84 2
8	83 2
8	85 2
8	79 44
8	84 3
8	83 3
8	85 3
8	79 43
8	84 4
8	83 4
8	85 4
8	79 43
8	84 5
8	83 5
8	85 5
8	79 44
8	84 6
8	83 6
8	85 6
8	79 44
8	84 7
8	83 7
8	85 7
8	79 48
8	84 8
8	83 8
8	85 8
8	79 47
8	84 9
8	83 9
8	85 9
8	79 43
8	84 10
8	83 10
8	85 10
8	79 42
8	84 11
8	83 11
8	85 11
8	79 51
8	84 12
8	83 12
8	85 12
8	79 38
8	84 13
8	83 13
8	85 13
8	79 38
8	84 14
8	83 14
8	85 14
8	79 46
8	84 15
8	83 15
8	85 15
8	79 41
8	84 16
8	83 16
8	85 16
8	79 46
8	84 17
8	83 17
8	85 17
8	79 46
8	84 18
8	83 18
8	85 18
8	79 47
8	84 19
8	83 19
8	85 19
8	79 39
8	84 20
8	83 20
8	85 20
8	79 49
8	84 1
8	83 1
8	85 1
8	79 41
8	84 2
8	83 2
8	85 2
8	79 45
8	84 3
8	83 3
8	85 3
8	79 50
8	84 4
8	83 4
8	85 4
8	79 41
8	84 5
8	83 5
8	85 5
8	79 39
8	84 6
8	83 6
8	85 6
8	79 47
8	84 7
8	83 7
8	85 7
8	79 46
8	84 8
8	83 8
8	85 8
8	79 45
8	84 9
8	83 9
8	85 9
8	79 39
8	84 10
8	83 10
8	85 10
8	79 38
8	84 11
8	83 11
8	85 11
8	79 49
8	84 12
8	83 12
8	85 12
8	79 46
8	84 13
8	83 13
8	85 13
8	79 52
8	84 14
8	83 14
8	85 14
8	79 46
8	84 15
8	83 15
8	85 15
8	79 47
8	84 16
8	83 16
8	85 16
8	79 44
8	84 17
8	83 17
8	85 17
8	79 42
8	84 18
8	83 18
8	85 18
8	79 51
8	84 19
8	83 19
8	85 19
8	79 45
8	84 20
8	83 20
8	85 20
8	79 43
8	84 1
8	83 1
8	85 1
8	79 44
8	84 2
8	83 2
8	85 2
8	79 43
8	84 3
8	83 3
8	85 3
8	79 44
8	84 4
8	83 4
8	85 4
8	79 40
8	84 5
8	83 5
8	85 5
8	79 52
8	84 6
8	83 6
8	85 6
8	79 42
8	84 7
8	83 7
8	85 7
8	79 38
8	84 8
8	83 8
8	85 8
8	79 43
8	84 9
8	83 9
8	85 9
8	79 42
8	84 10
8	TEST_NUMBER 2
8	SENT_TOTAL 250
8	RECEIVED_TOTAL 248
8	TIME_TOTAL 29783
8	RECEIVED_RADIO_1 124
8	RECEIVED_RADIO_2 125
8	SENT_RADIO_1 125
8	SENT_RADIO_2 125
8	RADIO_TIME_1 19763
8	RADIO_TIME_2 29821
8	RETRANSMISSIONS_1 0
8	RETRANSMISSIONS_2 0
8	84 1
8	83 1
8	85 1
8	79 41
8	84 2
8	83 2
8	85 2
8	79 46
8	84 3
8	83 3
8	85 3
8	79 44
8	84 4
8	83 4
8	85 4
8	79 42
8	84 5
8	83 5
8	85 5
8	79 37
8	84 6
8	83 6
8	85 6
8	79 44
8	84 7
8	83 7
8	85 7
8	79 38
8	84 8
8	83 8
8	85 8
8	79 39
8	84 9
8	83 9
8	85 9
8	79 55
8	84 10
8	83 10
8	85 10
8	79 44
8	84 11
8	83 11
8	85 11
8	79 50
8	84 12
8	83 12
8	85 12
8	79 40
8	84 13
8	83 13
8	85 13
8	79 39
8	84 14
8	83 14
8	85 14
8	79 48
8	84 15
8	83 15
8	85 15
8	79 41
8	84 16
8	83 16
8	85 16
8	79 37
8	84 17
8	83 17
8	85 17
8	79 41
8	84 18
8	83 18
8	85 18
8	79 43
8	84 19
8	83 19
8	85 19
8	79 44
8	84 20
8	83 20
8	85 20
8	79 46
8	84 1
8	83 1
8	85 1
8	79 43
8	84 2
8	83 2
8	85 2
8	79 35
8	84 3
8	83 3
8	85 3
8	79 45
8	84 4
8	83 4
8	85 4
8	79 44
8	84 5
8	83 5
8	85 5
8	79 45
8	84 6
8	83 6
8	85 6
8	79 37
8	84 7
8	83 7
8	85 7
8	79 45
8	84 8
8	83 8
8	85 8
8	79 48
8	84 9
8	83 9
8	85 9
8	79 43
8	84 10
8	83 10
8	85 10
8	79 46
8	84 11
8	83 11
8	85 11
8	79 48
8	84 12
8	83 12
8	85 12
8	79 36
8	84 13
8	83 13
8	85 13
8	79 40
8	84 14
8	84 15
8	83 15
8	85 15
8	79 30
8	84 16
8	83 16
8	85 16
8	79 59
8	84 17
8	83 17
8	85 17
8	79 32
8	84 18
8	83 18
8	85 18
8	79 54
8	84 19
8	83 19
8	85 19
8	79 27
8	84 20
8	83 20
8	85 20
8	79 60
8	84 1
8	83 1
8	85 1
8	79 28
8	84 2
8	83 2
8	85 2
8	79 64
8	84 3
8	83 3
8	85 3
8	79 27
8	84 4
8	83 4
8	85 4
8	79 62
8	84 5
8	83 5
8	85 5
8	79 33
8	84 6
8	83 6
8	85 6
8	79 56
8	84 7
8	83 7
8	85 7
8	79 32
8	84 8
8	83 8
8	85 8
8	79 58
8	84 9
8	83 9
8	85 9
8	79 32
8	84 10
8	83 10
8	85 10
8	79 60
8	84 11
8	83 11
8	85 11
8	79 26
8	84 12
8	83 12
8	85 12
8	79 60
8	84 13
8	83 13
8	85 13
8	79 30
8	84 14
8	83 14
8	85 14
8	79 60
8	84 15
8	83 15
8	85 15
8	79 31
8	84 16
8	83 16
8	85 16
8	79 61
8	84 17
8	83 17
8	85 17
8	79 23
8	84 18
8	83 18
8	85 18
8	79 59
8	84 19
8	83 19
8	85 19
8	79 29
8	84 20
8	83 20
8	85 20
8	79 62
8	84 1
8	83 1
8	85 1
8	79 30
8	84 2
8	83 2
8	85 2
8	79 60
8	84 3
8	83 3
8	85 3
8	79 28
8	84 4
8	83 4
8	85 4
8	79 64
8	84 5
8	83 5
8	85 5
8	79 29
8	84 6
8	83 6
8	85 6
8	79 58
8	84 7
8	83 7
8	85 7
8	79 25
8	84 8
8	83 8
8	85 8
8	79 64
8	84 9
8	83 9
8	85 9
8	79 30
8	84 10
8	83 10
8	85 10
8	79 61
8	84 11
8	83 11
8	85 11
8	79 30
8	84 12
8	83 12
8	85 12
8	79 57
8	84 13
8	83 13
8	85 13
8	79 26
8	84 14
8	83 14
8	85 14
8	79 58
8	84 15
8	83 15
8	85 15
8	79 36
8	84 16
8	83 16
8	85 16
8	79 49
8	84 17
8	83 17
8	85 17
8	79 32
8	84 18
8	83 18
8	85 18
8	79 59
8	84 19
8	83 19
8	85 19
8	79 27
8	84 20
8	83 20
8	85 20
8	79 62
8	84 1
8	83 1
8	85 1
8	79 29
8	84 2
8	83 2
8	85 2
8	79 56
8	84 3
8	83 3
8	85 3
8	79 30
8	84 4
8	83 4
8	85 4
8	79 65
8	84 5
8	83 5
8	85 5
8	79 28
8	84 6
8	83 6
8	85 6
8	79 61
8	84 7
8	83 7
8	85 7
8	79 29
8	84 8
8	83 8
8	85 8
8	79 56
8	84 9
8	83 9
8	85 9
8	79 31
8	84 10
8	83 10
8	85 10
8	79 59
8	84 11
8	83 11
8	85 11
8	79 29
8	84 12
8	83 12
8	85 12
8	79 65
8	84 13
8	83 13
8	85 13
8	79 21
8	84 14
8	83 14
8	85 14
8	79 58
8	84 15
8	83 15
8	85 15
8	79 30
8	84 16
8	83 16
8	85 16
8	79 67
8	84 17
8	83 17
8	85 17
8	79 28
8	84 18
8	83 18
8	85 18
8	79 52
8	84 19
8	83 19
8	85 19
8	79 34
8	84 20
8	83 20
8	85 20
8	79 57
8	84 1
8	83 1
8	85 1
8	79 28
8	84 2
8	83 2
8	85 2
8	79 57
8	84 3
8	83 3
8	85 3
8	79 36
8	84 4
8	83 4
8	85 4
8	79 65
8	84 5
8	83 5
8	85 5
8	79 27
8	84 6
8	83 6
8	85 6
8	79 55
8	84 7
8	83 7
8	85 7
8	79 30
8	84 8
8	83 8
8	85 8
8	79 60
8	84 9
8	83 9
8	85 9
8	79 32
8	84 10
8	83 10
8	85 10
8	79 59
8	84 11
8	83 11
8	85 11
8	79 28
8	84 12
8	83 12
8	85 12
8	79 59
8	84 13
8	83 13
8	85 13
8	79 29
8	84 14
8	83 14
8	85 14
8	79 62
8	84 15
8	83 15
8	85 15
8	79 31
8	84 16
8	83 16
8	85 16
8	79 57
8	84 17
8	83 17
8	85 17
8	79 30
8	84 18
8	83 18
8	85 18
8	79 57
8	84 19
8	83 19
8	85 19
8	79 29
8	84 20
8	83 20
8	85 20
8	79 62
8	84 1
8	83 1
8	85 1
8	79 25
8	84 2
8	83 2
8	85 2
8	79 60
8	84 3
8	83 3
8	85 3
8	79 26
8	84 4
8	83 4
8	85 4
8	79 54
8	84 5
8	83 5
8	85 5
8	79 26
8	84 6
8	83 6
8	85 6
8	79 56
8	84 7
8	83 7
8	85 7
8	79 23
8	84 8
8	83 8
8	85 8
8	79 62
8	84 9
8	83 9
8	85 9
8	79 35
8	84 10
8	83 10
8	85 10
8	79 51
8	84 11
8	83 11
8	85 11
8	79 32
8	84 12
8	83 12
8	85 12
8	79 49
8	84 13
8	83 13
8	85 13
8	79 30
8	84 14
8	83 14
8	85 14
8	79 58
8	84 15
8	83 15
8	85 15
8	79 29
8	84 16
8	83 16
8	85 16
8	79 58
8	84 17
8	83 17
8	85 17
8	79 32
8	84 18
8	83 18
8	85 18
8	79 63
8	84 19
8	83 19
8	85 19
8	79 23
8	84 20
8	83 20
8	85 20
8	79 57
8	84 1
8	83 1
8	85 1
8	79 30
8	84 2
8	83 2
8	85 2
8	79 53
8	84 3
8	83 3
8	85 3
8	79 23
8	84 4
8	83 4
8	85 4
8	79 62
8	84 5
8	83 5
8	85 5
8	79 31
8	84 6
8	83 6
8	85 6
8	79 60
8	84 7
8	83 7
8	85 7
8	79 27
8	84 8
8	83 8
8	85 8
8	79 59
8	84 9
8	83 9
8	85 9
8	79 33
8	84 10
8	83 10
8	85 10
8	79 56
8	84 11
8	83 11
8	85 11
8	79 30
8	84 12
8	83 12
8	85 12
8	79 55
8	84 13
8	83 13
8	85 13
8	79 31
8	83 15
8	85 15
8	79 27
8	84 16
8	83 16
8	85 16
8	79 55
8	84 17
8	83 17
8	85 17
8	79 28
8	84 18
8	83 18
8	85 18
8	79 61
8	84 19
8	83 19
8	85 19
8	79 27
8	84 20
8	83 20
8	85 20
8	79 62
8	84 1
8	83 1
8	85 1
8	79 33
8	84 2
8	83 2
8	85 2
8	79 62
8	84 3
8	83 3
8	85 3
8	79 29
8	84 4
8	83 4
8	85 4
8	79 62
8	84 5
8	83 5
8	85 5
8	79 30
8	84 6
8	83 6
8	85 6
8	79 63
8	84 7
8	83 7
8	85 7
8	79 26
8	84 8
8	83 8
8	85 8
8	79 60
8	84 9
8	83 9
8	85 9
8	79 27
8	84 10
8	83 10
8	85 10
8	79 60
8	84 11
8	83 11
8	85 11
8	79 26
8	84 12
8	83 12
8	85 12
8	79 58
8	84 13
8	83 13
8	85 13
8	79 28
8	84 14
8	83 14
8	85 14
8	79 59
8	84 15
8	83 15
8	85 15
8	79 31
8	84 16
8	83 16
8	85 16
8	79 51
8	84 17
8	83 17
8	85 17
8	79 31
8	84 18
8	83 18
8	85 18
8	79 59
8	84 19
8	83 19
8	85 19
8	79 31
8	84 20
8	83 20
8	85 20
8	79 52
8	84 1
8	83 1
8	85 1
8	79 31
8	84 2
8	83 2
8	85 2
8	79 65
8	84 3
8	83 3
8	85 3
8	79 30
8	84 4
8	83 4
8	85 4
8	79 57
8	84 5
8	83 5
8	85 5
8	79 33
8	84 6
8	83 6
8	85 6
8	79 52
8	84 7
8	83 7
8	85 7
8	79 26
8	84 8
8	83 8
8	85 8
8	79 60
8	84 9
8	83 9
8	85 9
8	79 31
8	84 10
8	83 10
8	85 10
8	79 55
8	84 11
8	83 11
8	85 11
8	79 32
8	84 12
8	83 12
8	85 12
8	79 61
8	84 13
8	83 13
8	85 13
8	79 28
8	84 14
8	83 14
8	85 14
8	79 60
8	84 15
8	83 15
8	85 15
8	79 31
8	84 16
8	83 16
8	85 16
8	79 63
8	84 17
8	83 17
8	85 17
8	79 30
8	84 18
8	83 18
8	85 18
8	79 60
8	84 19
8	83 19
8	85 19
8	79 26
8	84 20
8	83 20
8	85 20
8	79 63
8	84 1
8	83 1
8	85 1
8	79 33
8	84 2
8	83 2
8	85 2
8	79 60
8	84 3
8	83 3
8	85 3
8	79 30
8	84 4
8	83 4
8	85 4
8	79 56
8	84 5
8	83 5
8	85 5
8	79 29
8	84 6
8	83 6
8	85 6
8	79 54
8	84 7
8	83 7
8	85 7
8	79 31
8	84 8
8	83 8
8	85 8
8	79 58
8	84 9
8	83 9
8	85 9
8	79 32
8	84 10
8	TEST_NUMBER 3
8	SENT_TOTAL 250
8	RECEIVED_TOTAL 248
8	TIME_TOTAL 29796
8	RECEIVED_RADIO_1 125
8	RECEIVED_RADIO_2 124
8	SENT_RADIO_1 125
8	SENT_RADIO_2 125
8	RADIO_TIME_1 29796
8	RADIO_TIME_2 19802
8	RETRANSMISSIONS_1 0
8	RETRANSMISSIONS_2 0
8	DROPPED_1 0
8	DROPPED_2 0
8	MAX_QUEUE 1
8	DUPLICATED_1 0
8	DUPLICATED_2 0
8	EBUSY_RADIO_1 0
8	EBUSY_RADIO_2 0
8	83 0
8	84 1
8	83 1
8	85 1
8	79 29
8	84 2
8	83 2
8	85 2
8	79 53
8	84 3
8	83 3
8	85 3
8	79 29
8	84 4
8	83 4
8	85 4
8	79 61
8	84 5
8	83 5
8	85 5
8	79 33
8	84 6
8	83 6
8	85 6
8	79 66
8	84 7
8	83 7
8	85 7
8	79 27
8	84 8
8	83 8
8	85 8
8	79 55
8	84 9
8	83 9
8	85 9
8	79 30
8	84 10
8	83 10
8	85 10
8	79 56
8	84 11
8	83 11
8	85 11
8	79 29
8	84 12
8	83 12
8	85 12
8	79 60
8	84 13
8	83 13
8	85 13
8	79 28
8	84 14
8	83 14
8	85 14
8	79 65
8	84 15
8	83 15
8	85 15
8	79 27
8	84 16
8	83 16
8	85 16
8	79 63
8	84 17
8	83 17
8	85 17
8	79 34
8	84 18
8	83 18
8	85 18
8	79 65
8	84 19
8	83 19
8	85 19
8	79 26
8	84 20
8	83 20
8	85 20
8	79 65
8	84 1
8	83 1
8	85 1
8	79 30
8	84 2
8	83 2
8	85 2
8	79 64
8	84 3
8	83 3
8	85 3
8	79 35
8	84 4
8	83 4
8	85 4
8	79 57
8	84 5
8	83 5
8	85 5
8	79 33
8	84 6
8	83 6
8	85 6
8	79 63
8	84 7
8	83 7
8	85 7
8	79 31
8	84 8
8	83 8
8	85 8
8	79 55
8	84 9
8	83 9
8	85 9
8	79 32
8	84 10
8	83 10
8	85 10
8	79 61
8	84 11
8	83 11
8	85 11
8	79 27
8	84 12
8	83 12
8	85 12
8	79 63
8	84 13
8	83 13
8	85 13
8	79 25
8	84 14
8	83 14
8	85 14
8	79 49
8	84 15
8	83 15
8	85 15
8	79 30
8	84 16
8	83 16
8	85 16
8	79 56
8	84 17
8	83 17
8	85 17
8	79 28
8	84 18
8	83 18
8	85 18
8	79 59
8	84 19
8	83 19
8	85 19
8	79 35
8	84 20
8	83 20
8	85 20
8	79 60
8	84 1
8	83 1
8	85 1
8	79 27
8	84 2
8	83 2
8	85 2
8	79 59
8	84 3
8	83 3
8	85 3
8	79 30
8	84 4
8	83 4
8	85 4
8	79 58
8	84 5
8	83 5
8	85 5
8	79 24
8	84 6
8	83 6
8	85 6
8	79 69
8	84 7
8	83 7
8	85 7
8	79 30
8	84 8
8	83 8
8	85 8
8	79 57
8	84 9
8	83 9
8	85 9
8	79 29
8	84 10
8	83 10
8	85 10
8	79 59
8	84 11
8	83 11
8	85 11
8	79 34
8	84 12
8	83 12
8	85 12
8	79 64
8	84 13
8	83 13
8	85 13
8	79 29
8	84 14
8	83 14
8	85 14
8	79 62
8	84 15
8	83 15
8	85 15
8	79 30
8	84 16
8	83 16
8	85 16
8	79 63
8	84 17
8	83 17
8	85 17
8	79 30
8	84 18
8	83 18
8	85 18
8	79 60
8	84 19
8	83 19
8	85 19
8	79 28
8	84 20
8	83 20
8	85 20
8	79 57
8	84 1
8	83 1
8	85 1
8	79 30
8	84 2
8	83 2
8	85 2
8	79 56
8	84 3
8	83 3
8	85 3
8	79 34
8	84 4
8	83 4
8	85 4
8	79 57
8	84 5
8	83 5
8	85 5
8	79 30
8	84 6
8	83 6
8	85 6
8	79 59
8	84 7
8	83 7
8	85 7
8	79 24
8	84 8
8	83 8
8	85 8
8	79 62
8	84 9
8	83 9
8	85 9
8	79 31
8	84 10
8	83 10
8	85 10
8	79 59
8	84 11
8	83 11
8	85 11
8	79 29
8	84 12
8	83 12
8	85 12
8	79 59
8	84 13
8	83 13
8	85 13
8	79 27
8	84 14
8	83 14
8	85 14
8	79 60
8	84 15
8	83 15
8	85 15
8	79 31
8	84 16
8	83 16
8	85 16
8	79 52
8	84 17
8	83 17
8	85 17
8	79 26
8	84 18
8	83 18
8	85 18
8	79 64
8	84 19
8	83 19
8	85 19
8	79 28
8	84 20
8	83 20
8	85 20
8	79 57
8	84 1
8	83 1
8	85 1
8	79 33
8	84 2
8	83 2
8	85 2
8	79 64
8	84 3
8	83 3
8	85 3
8	79 23
8	84 4
8	83 4
8	85 4
8	79 60
8	84 5
8	83 5
8	85 5
8	84 6
8	83 6
8	85 6
8	79 58
8	84 7
8	83 7
8	85 7
8	79 26
8	84 8
8	83 8
8	85 8
8	79 58
8	84 9
8	83 9
8	85 9
8	79 27
8	84 10
8	83 10
8	85 10
8	79 60
8	84 11
8	83 11
8	85 11
8	79 24
8	84 12
8	83 12
8	85 12
8	79 55
8	84 13
8	85 13
8	79 29
8	84 14
8	83 14
8	85 14
8	79 56
8	84 15
8	83 15
8	85 15
8	79 30
8	84 16
8	83 16
8	85 16
8	79 54
8	84 17
8	83 17
8	85 17
8	79 26
8	84 18
8	83 18
8	85 18
8	79 56
8	84 19
8	83 19
8	85 19
8	79 30
8	84 20
8	83 20
8	85 20
8	79 59
8	84 1
8	83 1
8	85 1
8	79 25
8	84 2
8	83 2
8	85 2
8	79 59
8	84 3
8	83 3
8	85 3
8	79 31
8	84 4
8	83 4
8	85 4
8	79 56
8	84 5
8	83 5
8	85 5
8	79 29
8	84 6
8	83 6
8	85 6
8	79 60
8	84 7
8	83 7
8	85 7
8	79 27
8	84 8
8	83 8
8	85 8
8	79 53
8	84 9
8	83 9
8	85 9
8	79 26
8	84 10
8	83 10
8	85 10
8	79 65
8	84 11
8	83 11
8	85 11
8	79 32
8	84 12
8	83 12
8	85 12
8	79 65
8	84 13
8	83 13
8	85 13
8	79 31
8	84 14
8	83 14
8	85 14
8	79 58
8	84 15
8	83 15
8	85 15
8	79 27
8	84 16
8	83 16
8	85 16
8	79 64
8	84 17
8	83 17
8	85 17
8	79 27
8	84 18
8	83 18
8	85 18
8	79 57
8	84 19
8	83 19
8	85 19
8	79 31
8	84 20
8	83 20
8	85 20
8	79 61
8	84 1
8	83 1
8	85 1
8	79 24
8	84 2
8	83 2
8	85 2
8	79 57
8	84 3
8	83 3
8	85 3
8	79 31
8	84 4
8	83 4
8	85 4
8	79 58
8	84 5
8	83 5
8	85 5
8	79 28
8	84 6
8	83 6
8	85 6
8	79 54
8	84 7
8	83 7
8	85 7
8	79 30
8	84 8
8	83 8
8	85 8
8	79 59
8	84 9
8	83 9
8	85 9
8	79 30
8	84 10
8	83 10
8	85 10
8	79 56
8	84 11
8	83 11
8	85 11
8	79 27
8	84 12
8	83 12
8	85 12
8	79 63
8	84 13
8	83 13
8	85 13
8	79 25
8	84 14
8	83 14
8	85 14
8	79 49
8	84 15
8	83 15
8	85 15
8	79 32
8	84 16
8	83 16
8	85 16
8	79 57
8	84 17
8	83 17
8	85 17
8	79 29
8	84 18
8	83 18
8	85 18
8	79 62
8	84 19
8	83 19
8	85 19
8	79 31
8	84 20
8	83 20
8	85 20
8	79 54
8	84 1
8	83 1
8	85 1
8	79 28
8	84 2
8	83 2
8	85 2
8	79 61
8	84 3
8	83 3
8	85 3
8	79 29
8	84 4
8	83 4
8	85 4
8	79 61
8	84 5
8	83 5
8	85 5
8	79 33
8	84 6
8	83 6
8	85 6
8	79 62
8	84 7
8	83 7
8	85 7
8	79 34
8	84 8
8	83 8
8	85 8
8	79 54
8	84 9
8	83 9
8	85 9
8	79 31
8	84 10
8	83 10
8	85 10
8	79 57
8	84 11
8	83 11
8	85 11
8	79 29
8	84 12
8	83 12
8	85 12
8	79 59
8	84 13
8	85 13
8	79 26
8	84 14
8	83 14
8	85 14
8	79 62
8	84 15
8	83 15
8	85 15
8	79 31
8	84 16
8	83 16
8	85 16
8	79 65
8	84 17
8	83 17
8	85 17
8	79 28
8	84 18
8	83 18
8	85 18
8	79 57
8	84 19
8	83 19
8	85 19
8	79 29
8	84 20
8	83 20
8	85 20
8	79 56
8	84 1
8	83 1
8	85 1
8	79 29
8	84 2
8	83 2
8	85 2
8	79 61
8	84 3
8	83 3
8	85 3
8	79 29
8	84 4
8	83 4
8	85 4
8	79 56
8	84 5
8	83 5
8	85 5
8	79 28
8	84 6
8	83 6
8	85 6
8	79 53
8	84 7
8	83 7
8	85 7
8	79 25
8	84 8
8	83 8
8	85 8
8	79 59
8	84 9
8	83 9
8	85 9
8	79 30
8	84 10
8	83 10
8	85 10
8	79 59
8	84 11
8	83 11
8	85 11
8	79 33
8	84 12
8	83 12
8	85 12
8	79 54
8	84 13
8	83 13
8	85 13
8	79 28
8	84 14
8	83 14
8	85 14
8	79 60
8	84 15
8	83 15
8	85 15
8	79 34
8	84 16
8	83 16
8	85 16
8	79 60
8	84 17
8	83 17
8	85 17
8	79 32
8	84 18
8	83 18
8	85 18
8	79 58
8	84 19
8	83 19
8	85 19
8	79 31
8	84 20
8	83 20
8	85 20
8	79 58
8	84 1
8	83 1
8	85 1
8	79 28
8	84 2
8	83 2
8	85 2
8	79 64
8	84 3
8	83 3
8	85 3
8	79 34
8	84 4
8	83 4
8	85 4
8	79 53
8	84 5
8	83 5
8	85 5
8	79 26
8	84 6
8	83 6
8	85 6
8	79 60
8	84 7
8	83 7
8	85 7
8	79 31
8	84 8
8	83 8
8	85 8
8	79 65
8	84 9
8	83 9
8	85 9
8	79 31
8	84 10
8	83 10
8	85 10
8	79 55
8	84 11
8	83 11
8	85 11
8	79 31
8	84 12
8	83 12
8	85 12
8	79 62
8	84 13
8	83 13
8	85 13
8	79 33
8	84 14
8	83 14
8	85 14
8	79 53
8	84 15
8	83 15
8	85 15
8	79 25
8	84 16
8	83 16
8	85 16
8	79 68
8	84 17
8	83 17
8	85 17
8	79 29
8	84 18
8	83 18
8	85 18
8	79 57
8	84 19
8	83 19
8	85 19
8	79 25
8	84 20
8	83 20
8	85 20
8	79 58
8	84 1
8	83 1
8	85 1
8	79 30
8	84 2
8	83 2
8	85 2
8	79 55
8	84 3
8	83 3
8	85 3
8	79 30
8	84 4
8	83 4
8	85 4
8	79 53
8	84 5
8	83 5
8	85 5
8	79 32
8	84 1
8	83 1
8	85 1
8	79 33
8	84 2
8	83 2
8	85 2
8	79 55
8	84 3
8	83 3
8	85 3
8	79 25
8	84 4
8	83 4
8	85 4
8	79 60
8	84 5
8	83 5
8	85 5
8	79 35
8	84 6
8	83 6
8	85 6
8	79 63
8	84 7
8	83 7
8	85 7
8	79 29
8	84 8
8	83 8
8	85 8
8	79 61
8	84 9
8	83 9
8	85 9
8	79 31
8	84 10
8	83 10
8	85 10
8	79 61
8	84 11
8	83 11
8	85 11
8	79 30
8	84 12
8	83 12
8	85 12
8	79 57
8	84 13
8	83 13
8	85 13
8	79 28
8	84 14
8	83 14
8	85 14
8	79 55
8	84 15
8	83 15
8	85 15
8	79 29
8	84 16
8	83 16
8	85 16
8	79 61
8	84 17
8	83 17
8	85 17
8	79 27
8	84 18
8	83 18
8	85 18
8	79 52
8	84 19
8	83 19
8	85 19
8	79 31
8	84 20
8	83 20
8	85 20
8	79 56
8	84 1
8	83 1
8	85 1
8	79 28
8	84 2
8	83 2
8	85 2
8	79 50
8	84 3
8	83 3
8	85 3
8	79 24
8	84 4
8	83 4
8	85 4
8	79 59
8	84 5
8	83 5
8	85 5
8	79 29
8	84 6
8	83 6
8	85 6
8	79 57
8	84 7
8	83 7
8	85 7
8	79 29
8	84 8
8	83 8
8	85 8
8	79 55
8	84 9
8	83 9
8	85 9
8	79 25
8	84 10
8	83 10
8	85 10
8	79 65
8	84 11
8	83 11
8	85 11
8	79 28
8	84 12
8	83 12
8	85 12
8	79 60
8	84 13
8	83 13
8	85 13
8	79 30
8	84 14
8	83 14
8	85 14
8	79 50
8	84 15
8	83 15
8	85 15
8	79 33
8	84 16
8	83 16
8	85 16
8	79 63
8	84 17
8	83 17
8	85 17
8	79 28
8	84 18
8	83 18
8	85 18
8	79 64
8	84 19
8	83 19
8	85 19
8	79 30
8	84 20
8	83 20
8	85 20
8	79 59
8	84 1
8	83 1
8	85 1
8	79 24
8	84 2
8	83 2
8	85 2
8	79 65
8	84 3
8	83 3
8	85 3
8	79 34
8	84 4
8	83 4
8	85 4
8	79 56
8	84 5
8	83 5
8	85 5
8	79 32
8	84 6
8	83 6
8	85 6
8	79 57
8	84 7
8	83 7
8	85 7
8	79 36
8	84 8
8	83 8
8	85 8
8	79 55
8	84 9
8	83 9
8	85 9
8	79 29
8	84 10
8	83 10
8	85 10
8	79 64
8	84 11
8	83 11
8	85 11
8	79 33
8	84 12
8	83 12
8	85 12
8	79 60
8	84 13
8	83 13
8	85 13
8	79 30
8	84 14
8	83 14
8	85 14
8	79 60
8	84 15
8	83 15
8	85 15
8	79 33
8	84 16
8	83 16
8	85 16
8	79 53
8	84 17
8	83 17
8	85 17
8	79 24
8	84 18
8	83 18
8	85 18
8	79 55
8	84 19
8	83 19
8	85 19
8	79 24
8	84 20
8	83 20
8	85 20
8	79 60
8	84 1
8	83 1
8	85 1
8	79 30
8	84 2
8	83 2
8	85 2
8	79 54
8	84 3
8	83 3
8	85 3
8	79 24
8	84 4
8	83 4
8	85 4
8	79 57
8	84 5
8	83 5
8	85 5
8	79 26
8	84 6
8	83 6
8	85 6
8	79 50
8	84 7
8	83 7
8	85 7
8	79 27
8	84 8
8	83 8
8	85 8
8	79 59
8	84 9
8	83 9
8	85 9
8	79 26
8	84 10
8	83 10
8	85 10
8	79 52
8	84 11
8	83 11
8	85 11
8	79 25
8	84 12
8	83 12
8	85 12
8	79 53
8	84 13
8	83 13
8	85 13
8	79 32
8	84 14
8	83 14
8	85 14
8	79 57
8	84 15
8	83 15
8	85 15
8	79 32
8	84 16
8	83 16
8	85 16
8	79 57
8	84 17
8	83 17
8	85 17
8	79 33
8	84 18
8	83 18
8	85 18
8	79 62
8	84 19
8	83 19
8	85 19
8	79 31
8	84 20
8	83 20
8	85 20
8	79 54
8	84 1
8	83 1
8	85 1
8	79 25
8	84 2
8	83 2
8	85 2
8	79 56
8	84 3
8	83 3
8	85 3
8	79 25
8	84 4
8	83 4
8	85 4
8	79 61
8	84 5
8	83 5
8	85 5
8	79 36
8	84 6
8	83 6
8	85 6
8	79 60
8	84 7
8	83 7
8	85 7
8	79 29
8	84 8
8	83 8
8	85 8
8	84 9
8	83 9
8	85 9
8	79 28
8	84 10
8	83 10
8	85 10
8	79 63
8	84 11
8	83 11
8	85 11
8	79 33
8	84 12
8	83 12
8	85 12
8	79 52
8	84 13
8	83 13
8	85 13
8	79 29
8	84 14
8	83 14
8	85 14
8	79 57
8	84 15
8	83 15
8	85 15
8	79 35
8	84 16
8	85 16
8	79 57
8	84 17
8	83 17
8	85 17
8	79 32
8	84 18
8	83 18
8	85 18
8	79 66
8	84 19
8	83 19
8	85 19
8	79 27
8	84 20
8	83 20
8	85 20
8	79 61
8	84 1
8	83 1
8	85 1
8	79 25
8	84 2
8	83 2
8	85 2
8	79 58
8	84 3
8	83 3
8	85 3
8	79 34
8	84 4
8	83 4
8	85 4
8	79 57
8	84 5
8	83 5
8	85 5
8	79 24
8	84 6
8	83 6
8	85 6
8	79 55
8	84 7
8	83 7
8	85 7
8	79 34
8	84 8
8	83 8
8	85 8
8	79 62
8	84 9
8	83 9
8	85 9
8	79 27
8	84 10
8	83 10
8	85 10
8	79 59
8	84 11
8	83 11
8	85 11
8	79 33
8	84 12
8	83 12
8	85 12
8	79 58
8	84 13
8	83 13
8	85 13
8	79 26
8	84 14
8	83 14
8	85 14
8	79 60
8	84 15
8	83 15
8	85 15
8	79 27
8	84 16
8	83 16
8	85 16
8	79 60
8	84 17
8	83 17
8	85 17
8	79 24
8	84 18
8	83 18
8	85 18
8	79 54
8	84 19
8	83 19
8	85 19
8	79 26
8	84 20
8	83 20
8	85 20
8	79 62
8	84 1
8	83 1
8	85 1
8	79 36
8	84 2
8	83 2
8	85 2
8	79 60
8	84 3
8	83 3
8	85 3
8	79 31
8	84 4
8	83 4
8	85 4
8	79 61
8	84 5
8	83 5
8	85 5
8	79 28
8	84 6
8	83 6
8	85 6
8	79 67
8	84 7
8	83 7
8	85 7
8	79 31
8	84 8
8	83 8
8	85 8
8	79 56
8	84 9
8	83 9
8	85 9
8	79 35
8	84 10
8	83 10
8	85 10
8	79 57
8	84 11
8	83 11
8	85 11
8	79 28
8	84 12
8	83 12
8	85 12
8	79 61
8	84 13
8	83 13
8	85 13
8	79 29
8	84 14
8	83 14
8	85 14
8	79 62
8	84 15
8	83 15
8	85 15
8	79 31
8	84 16
8	83 16
8	85 16
8	79 57
8	84 17
8	83 17
8	85 17
8	79 24
8	84 18
8	83 18
8	85 18
8	79 51
8	84 19
8	83 19
8	85 19
8	79 31
8	84 20
8	83 20
8	85 20
8	79 60
8	84 1
8	83 1
8	85 1
8	79 29
8	84 2
8	83 2
8	85 2
8	79 48
8	84 3
8	83 3
8	85 3
8	79 29
8	84 4
8	83 4
8	85 4
8	79 66
8	84 5
8	83 5
8	85 5
8	79 35
8	84 6
8	83 6
8	85 6
8	79 55
8	84 7
8	83 7
8	85 7
8	79 31
8	84 8
8	83 8
8	85 8
8	79 66
8	84 14
8	83 14
8	85 14
8	79 64
8	84 15
8	83 15
8	85 15
8	79 33
8	84 16
8	83 16
8	85 16
8	79 67
8	84 17
8	83 17
8	85 17
8	79 33
8	84 18
8	83 18
8	85 18
8	79 61
8	84 19
8	83 19
8	85 19
8	79 32
8	84 20
8	83 20
8	85 20
8	79 72
8	84 1
8	83 1
8	85 1
8	79 32
8	84 2
8	83 2
8	85 2
8	79 60
8	84 3
8	83 3
8	85 3
8	79 28
8	84 4
8	83 4
8	85 4
8	79 63
8	84 5
8	83 5
8	85 5
8	79 29
8	84 6
8	83 6
8	85 6
8	79 62
8	84 7
8	83 7
8	85 7
8	79 32
8	84 8
8	83 8
8	85 8
8	79 55
8	84 9
8	83 9
8	85 9
8	79 29
8	84 10
8	83 10
8	85 10
8	79 60
8	84 11
8	83 11
8	85 11
8	79 30
8	84 12
8	83 12
8	85 12
8	79 60
8	84 13
8	83 13
8	85 13
8	79 32
8	84 14
8	83 14
8	85 14
8	79 58
8	84 15
8	83 15
8	85 15
8	79 31
8	84 16
8	83 16
8	85 16
8	79 59
8	84 17
8	83 17
8	85 17
8	79 24
8	84 18
8	83 18
8	85 18
8	79 60
8	84 19
8	83 19
8	85 19
8	79 28
8	84 20
8	83 20
8	85 20
8	79 65
8	84 1
8	83 1
8	85 1
8	79 28
8	84 2
8	83 2
8	85 2
8	79 53
8	84 3
8	83 3
8	85 3
8	79 29
8	84 4
8	83 4
8	85 4
8	79 61
8	84 5
8	83 5
8	85 5
8	79 31
8	84 6
8	83 6
8	85 6
8	79 59
8	84 7
8	83 7
8	85 7
8	79 27
8	84 8
8	83 8
8	85 8
8	79 58
8	84 9
8	83 9
8	85 9
8	79 30
8	84 10
8	83 10
8	85 10
8	79 67
8	84 11
8	83 11
8	85 11
8	79 29
8	84 12
8	83 12
8	85 12
8	79 53
8	84 13
8	83 13
8	85 13
8	79 26
8	84 14
8	83 14
8	85 14
8	79 54
8	84 15
8	83 15
8	85 15
8	79 30
8	84 16
8	83 16
8	85 16
8	79 57
8	84 17
8	83 17
8	85 17
8	79 32
8	84 18
8	83 18
8	85 18
8	79 59
8	84 19
8	83 19
8	85 19
8	79 31
8	84 20
8	83 20
8	85 20
8	79 58
8	84 1
8	83 1
8	85 1
8	79 30
8	84 2
8	83 2
8	85 2
8	79 51
8	84 3
8	83 3
8	85 3
8	79 35
8	84 4
8	83 4
8	85 4
8	79 63
8	84 5
8	83 5
8	85 5
8	79 27
8	84 6
8	83 6
8	85 6
8	79 55
8	84 7
8	83 7
8	85 7
8	79 31
8	84 8
8	83 8
8	85 8
8	79 58
8	84 9
8	83 9
8	85 9
8	79 28
8	84 10
8	TEST_NUMBER 5
8	SENT_TOTAL 250
8	RECEIVED_TOTAL 249
8	TIME_TOTAL 29776
8	RECEIVED_RADIO_1 125
8	RECEIVED_RADIO_2 125
8	SENT_RADIO_1 125
8	SENT_RADIO_2 125
8	RADIO_TIME_1 19791
8	RADIO_TIME_2 29828
8	RETRANSMISSIONS_1 0
8	RETRANSMISSIONS_2 0
8	DROPPED_1 0
8	DROPPED_2 0
8	MAX_QUEUE 1
8	84 1
8	83 1
8	85 1
8	79 28
8	84 2
8	83 2
8	85 2
8	79 67
8	84 3
8	83 3
8	85 3
8	79 29
8	84 4
8	83 4
8	85 4
8	79 55
8	84 5
8	83 5
8	85 5
8	79 34
8	84 6
8	83 6
8	85 6
8	79 56
8	84 7
8	83 7
8	85 7
8	79 29
8	84 8
8	84 9
8	83 9
8	85 9
8	79 45
8	84 10
8	83 10
8	85 10
8	79 40
8	84 11
8	83 11
8	85 11
8	79 39
8	84 12
8	83 12
8	85 12
8	79 39
8	84 13
8	83 13
8	85 13
8	79 46
8	84 14
8	83 14
8	85 14
8	79 46
8	84 15
8	83 15
8	85 15
8	79 42
8	84 16
8	83 16
8	85 16
8	79 43
8	84 17
8	83 17
8	85 17
8	79 38
8	84 18
8	83 18
8	85 18
8	79 45
8	84 19
8	83 19
8	85 19
8	79 38
8	84 20
8	83 20
8	85 20
8	79 42
8	84 1
8	83 1
8	85 1
8	79 39
8	84 2
8	83 2
8	85 2
8	79 47
8	84 3
8	83 3
8	85 3
8	79 37
8	84 4
8	83 4
8	85 4
8	79 48
8	84 5
8	83 5
8	85 5
8	79 44
8	84 6
8	83 6
8	85 6
8	79 35
8	84 7
8	83 7
8	85 7
8	79 40
8	84 8
8	83 8
8	85 8
8	79 46
8	84 9
8	83 9
8	85 9
8	79 46
8	84 10
8	83 10
8	85 10
8	79 42
8	84 11
8	83 11
8	85 11
8	79 46
8	84 12
8	83 12
8	85 12
8	79 50
8	84 13
8	83 13
8	85 13
8	79 39
8	84 14
8	83 14
8	85 14
8	79 47
8	84 15
8	83 15
8	85 15
8	79 51
8	84 16
8	83 16
8	85 16
8	79 45
8	84 17
8	83 17
8	85 17
8	79 38
8	84 18
8	83 18
8	85 18
8	79 40
8	84 19
8	83 19
8	85 19
8	79 47
8	84 20
8	83 20
8	85 20
8	79 45
8	84 1
8	83 1
8	85 1
8	79 39
8	84 2
8	83 2
8	85 2
8	79 40
8	84 3
8	83 3
8	85 3
8	79 45
8	84 4
8	83 4
8	85 4
8	79 45
8	84 5
8	83 5
8	85 5
8	79 41
8	84 6
8	83 6
8	85 6
8	79 47
8	84 7
8	83 7
8	85 7
8	79 51
8	84 8
8	83 8
8	85 8
8	79 45
8	84 9
8	83 9
8	85 9
8	79 45
8	84 10
8	83 10
8	85 10
8	79 40
8	84 11
8	83 11
8	85 11
8	79 46
8	84 12
8	83 12
8	85 12
8	79 39
8	84 13
8	83 13
8	85 13
8	79 40
8	84 14
8	83 14
8	85 14
8	79 45
8	84 15
8	83 15
8	85 15
8	79 44
8	84 16
8	83 16
8	85 16
8	79 45
8	84 17
8	83 17
8	85 17
8	79 42
8	84 18
8	83 18
8	85 18
8	79 44
8	84 19
8	83 19
8	85 19
8	79 44
8	84 20
8	83 20
8	85 20
8	79 40
8	84 1
8	83 1
8	85 1
8	79 42
8	84 2
8	83 2
8	85 2
8	79 40
8	84 3
8	83 3
8	85 3
8	79 44
8	84 4
8	83 4
8	85 4
8	79 42
8	84 5
8	83 5
8	85 5
8	79 53
8	84 6
8	83 6
8	85 6
8	79 45
8	84 7
8	83 7
8	85 7
8	79 49
8	84 8
8	83 8
8	85 8
8	79 46
8	84 9
8	83 9
8	85 9
8	79 48
8	84 10
8	83 10
8	85 10
8	79 48
8	84 11
8	83 11
8	85 11
8	79 45
8	84 12
8	83 12
8	85 12
8	79 37
8	84 13
8	83 13
8	85 13
8	79 38
8	84 14
8	83 14
8	85 14
8	79 43
8	84 15
8	83 15
8	85 15
8	79 41
8	84 16
8	83 16
8	85 16
8	79 49
8	84 17
8	83 17
8	85 17
8	79 49
8	84 18
8	83 18
8	85 18
8	79 41
8	84 19
8	83 19
8	85 19
8	79 48
8	84 20
8	83 20
8	85 20
8	79 50
8	84 1
8	83 1
8	85 1
8	79 40
8	84 2
8	83 2
8	85 2
8	79 48
8	84 3
8	83 3
8	85 3
8	79 50
8	84 4
8	83 4
8	85 4
8	79 46
8	84 5
8	83 5
8	85 5
8	79 53
8	84 6
8	83 6
8	85 6
8	79 45
8	84 7
8	83 7
8	85 7
8	79 48
8	84 8
8	83 8
8	85 8
8	79 39
8	84 9
8	83 9
8	85 9
8	79 40
8	84 10
8	83 10
8	85 10
8	79 46
8	84 11
8	83 11
8	85 11
8	79 41
8	84 12
8	83 12
8	85 12
8	79 44
8	84 13
8	83 13
8	85 13
8	79 38
8	84 14
8	83 14
8	85 14
8	79 37
8	84 15
8	83 15
8	85 15
8	79 47
8	84 16
8	83 16
8	85 16
8	79 43
8	84 17
8	83 17
8	85 17
8	79 42
8	84 18
8	83 18
8	85 18
8	79 44
8	84 19
8	83 19
8	85 19
8	79 40
8	84 20
8	83 20
8	85 20
8	79 45
8	84 1
8	83 1
8	85 1
8	79 41
8	84 2
8	83 2
8	85 2
8	79 40
8	84 3
8	83 3
8	85 3
8	79 39
8	84 4
8	83 4
8	85 4
8	79 44
8	84 5
8	83 5
8	85 5
8	79 40
8	84 6
8	83 6
8	85 6
8	79 43
8	84 7
8	83 7
8	85 7
8	79 44
8	84 8
8	83 8
8	85 8
8	79 43
8	84 9
8	83 9
8	85 9
8	79 44
8	84 10
8	83 10
8	85 10
8	79 40
8	84 11
8	83 11
8	85 11
8	79 47
8	84 12
8	83 12
8	85 12
8	79 50
8	84 13
8	83 13
8	85 13
8	79 37
8	84 14
8	83 14
8	85 14
8	79 43
8	84 15
8	83 15
8	85 15
8	79 49
8	84 16
8	83 16
8	85 16
8	79 41
8	84 17
8	83 17
8	85 17
8	79 39
8	84 18
8	83 18
8	85 18
8	79 42
8	84 19
8	83 19
8	85 19
8	79 49
8	84 20
8	83 20
8	85 20
8	79 45
8	84 1
8	83 1
8	85 1
8	79 47
8	84 2
8	83 2
8	85 2
8	79 48
8	84 3
8	83 3
8	85 3
8	79 42
8	84 4
8	83 4
8	85 4
8	79 43
8	84 5
8	83 5
8	85 5
8	79 49
8	84 6
8	83 6
8	85 6
8	79 42
8	84 7
8	83 7
8	85 7
8	79 47
8	84 8
8	83 8
8	85 8
8	79 47
8	84 9
8	83 9
8	85 9
8	79 44
8	84 10
8	83 10
8	85 10
8	79 38
8	84 11
8	83 11
8	85 11
8	79 47
8	84 12
8	83 12
8	85 12
8	79 43
8	84 13
8	83 13
8	85 13
8	79 42
8	84 14
8	83 14
8	85 14
8	79 46
8	84 15
8	83 15
8	85 15
8	79 35
8	84 18
8	83 18
8	85 18
8	79 40
8	84 19
8	83 19
8	85 19
8	79 41
8	84 20
8	83 20
8	85 20
8	79 51
8	84 1
8	83 1
8	85 1
8	79 41
8	84 2
8	83 2
8	85 2
8	79 44
8	84 3
8	83 3
8	85 3
8	79 46
8	84 4
8	83 4
8	85 4
8	79 48
8	84 5
8	83 5
8	85 5
8	79 49
8	84 6
8	83 6
8	85 6
8	79 47
8	84 7
8	83 7
8	85 7
8	79 48
8	84 8
8	83 8
8	85 8
8	79 46
8	84 9
8	83 9
8	85 9
8	79 42
8	84 10
8	83 10
8	85 10
8	79 39
8	84 11
8	83 11
8	85 11
8	79 45
8	84 12
8	83 12
8	85 12
8	79 40
8	84 13
8	83 13
8	85 13
8	79 49
8	84 14
8	83 14
8	85 14
8	79 46
8	84 15
8	83 15
8	85 15
8	79 50
8	84 16
8	83 16
8	85 16
8	79 44
8	84 17
8	83 17
8	85 17
8	79 44
8	84 18
8	83 18
8	85 18
8	79 41
8	84 19
8	83 19
8	85 19
8	79 42
8	84 20
8	83 20
8	85 20
8	79 45
8	84 1
8	83 1
8	85 1
8	79 45
8	84 2
8	83 2
8	85 2
8	79 40
8	84 3
8	83 3
8	85 3
8	79 46
8	84 4
8	83 4
8	85 4
8	79 45
8	84 5
8	83 5
8	85 5
8	79 45
8	84 6
8	83 6
8	85 6
8	79 42
8	84 7
8	83 7
8	85 7
8	79 43
8	84 8
8	83 8
8	85 8
8	79 50
8	84 9
8	83 9
8	85 9
8	79 43
8	84 10
8	83 10
8	85 10
8	79 45
8	84 11
8	83 11
8	85 11
8	79 43
8	84 12
8	83 12
8	85 12
8	79 47
8	84 13
8	83 13
8	85 13
8	79 44
8	84 14
8	83 14
8	85 14
8	79 38
8	84 15
8	83 15
8	85 15
8	79 53
8	84 16
8	83 16
8	85 16
8	79 42
8	84 17
8	83 17
8	85 17
8	79 46
8	84 18
8	83 18
8	85 18
8	79 43
8	84 19
8	83 19
8	85 19
8	79 48
8	84 20
8	84 1
8	83 1
8	85 1
8	79 31
8	84 2
8	83 2
8	85 2
8	79 59
8	84 3
8	83 3
8	85 3
8	79 31
8	84 4
8	83 4
8	85 4
8	79 67
8	84 5
8	83 5
8	85 5
8	79 32
8	84 6
8	83 6
8	85 6
8	79 53
8	84 7
8	83 7
8	85 7
8	79 29
8	84 8
8	83 8
8	85 8
8	79 61
8	84 9
8	83 9
8	85 9
8	79 31
8	84 10
8	83 10
8	85 10
8	79 54
8	84 11
8	83 11
8	85 11
8	79 32
8	84 12
8	83 12
8	85 12
8	79 52
8	84 13
8	83 13
8	85 13
8	79 27
8	84 14
8	83 14
8	85 14
8	79 55
8	84 15
8	83 15
8	85 15
8	79 26
8	84 16
8	83 16
8	85 16
8	79 61
8	84 17
8	83 17
8	85 17
8	79 27
8	84 18
8	83 18
8	85 18

28	RELAY_NODE 28
28	TEST_NUMBER 0
28	SENT_TOTAL 0
28	RECEIVED_TOTAL 0
28	TIME_TOTAL 0
28	RECEIVED_RADIO_1 67
28	RECEIVED_RADIO_2 65
28	SENT_RADIO_1 65
28	SENT_RADIO_2 67
28	RADIO_TIME_1 10689
28	RADIO_TIME_2 10689
28	RETRANSMISSIONS_1 0
28	RETRANSMISSIONS_2 0
28	DROPPED_1 0
28	DROPPED_2 0
28	MAX_QUEUE 1
28	DUPLICATED_1 0
28	DUPLICATED_2 0
28	EBUSY_RADIO_1 0
28	EBUSY_RADIO_2 0
28	TEST_NUMBER 1
28	SENT_TOTAL 0
28	RECEIVED_TOTAL 0
28	TIME_TOTAL 0
28	RECEIVED_RADIO_1 124
28	RECEIVED_RADIO_2 124
28	SENT_RADIO_1 124
28	SENT_RADIO_2 124
28	RADIO_TIME_1 29742
28	RADIO_TIME_2 29742
28	RETRANSMISSIONS_1 0
28	RETRANSMISSIONS_2 0
28	DROPPED_1 0
28	DROPPED_2 0
28	MAX_QUEUE 1
28	DUPLICATED_1 0
28	DUPLICATED_2 0
28	EBUSY_RADIO_1 0
28	EBUSY_RADIO_2 0
28	TEST_NUMBER 2
28	SENT_TOTAL 0
28	RECEIVED_TOTAL 0
28	TIME_TOTAL 0
28	RECEIVED_RADIO_1 125
28	RECEIVED_RADIO_2 124
28	SENT_RADIO_1 124
28	SENT_RADIO_2 125
28	RADIO_TIME_1 29805
28	RADIO_TIME_2 29805
28	RETRANSMISSIONS_1 0
28	RETRANSMISSIONS_2 0
28	DROPPED_1 0
28	DROPPED_2 0
28	MAX_QUEUE 1
28	DUPLICATED_1 0
28	DUPLICATED_2 0
28	EBUSY_RADIO_1 0
28	EBUSY_RADIO_2 0
28	TEST_NUMBER 3
28	SENT_TOTAL 0
28	RECEIVED_TOTAL 0
28	TIME_TOTAL 0
28	RECEIVED_RADIO_1 124
28	RECEIVED_RADIO_2 124
28	SENT_RADIO_1 124
28	SENT_RADIO_2 124
28	RADIO_TIME_1 29734
28	RADIO_TIME_2 29734
28	RETRANSMISSIONS_1 0
28	RETRANSMISSIONS_2 0
28	DROPPED_1 0
28	DROPPED_2 0
28	MAX_QUEUE 1
28	DUPLICATED_1 0
28	DUPLICATED_2 0
28	EBUSY_RADIO_1 0
28	EBUSY_RADIO_2 0
28	TEST_NUMBER 4
28	SENT_TOTAL 0
28	RECEIVED_TOTAL 0
28	TIME_TOTAL 0
28	RECEIVED_RADIO_1 125
28	RECEIVED_RADIO_2 125
28	SENT_RADIO_1 125
28	SENT_RADIO_2 125
28	RADIO_TIME_1 29737
28	RADIO_TIME_2 29737
28	RETRANSMISSIONS_1 0
28	RETRANSMISSIONS_2 0
28	DROPPED_1 0
28	DROPPED_2 0
28	MAX_QUEUE 1
28	DUPLICATED_1 0
28	DUPLICATED_2 0
28	EBUSY_RADIO_1 0
28	EBUSY_RADIO_2 0
28	TEST_NUMBER 5
28	SENT_TOTAL 0
28	RECEIVED_TOTAL 0
28	TIME_TOTAL 0
28	RECEIVED_RADIO_1 125
28	RECEIVED_RADIO_2 125
28	SENT_RADIO_1 125
28	SENT_RADIO_2 125
28	RADIO_TIME_1 29746
28	RADIO_TIME_2 29746
28	RETRANSMISSIONS_1 0
28	RETRANSMISSIONS_2 0
28	DROPPED_1 0
28	DROPPED_2 0
28	MAX_QUEUE 1
28	DUPLICATED_1 0
28	DUPLICATED_2 0
28	EBUSY_RADIO_1 0
28	EBUSY_RADIO_2 0
28	TEST_NUMBER 6
28	SENT_TOTAL 0
28	RECEIVED_TOTAL 0
28	TIME_TOTAL 0
28	RECEIVED_RADIO_1 125
28	RECEIVED_RADIO_2 124
28	SENT_RADIO_1 124
28	SENT_RADIO_2 125
28	RADIO_TIME_1 29802
28	RADIO_TIME_2 29802
28	RETRANSMISSIONS_1 0
28	RETRANSMISSIONS_2 0
28	DROPPED_1 0
28	DROPPED_2 0
28	MAX_QUEUE 1
28	DUPLICATED_1 0
28	DUPLICATED_2 0
28	EBUSY_RADIO_1 0
28	EBUSY_RADIO_2 0

29	DESTINATION_NODE 29
29	TEST_NUMBER 0
29	SENT_TOTAL 113
29	RECEIVED_TOTAL 113
29	TIME_TOTAL 9091
29	RECEIVED_RADIO_1 55
29	RECEIVED_RADIO_2 58
29	SENT_RADIO_1 57
29	SENT_RADIO_2 56
29	RADIO_TIME_1 9091
29	RADIO_TIME_2 9091
29	RETRANSMISSIONS_1 0
29	RETRANSMISSIONS_2 0
29	DROPPED_1 0
29	DROPPED_2 0
29	MAX_QUEUE 1
29	DUPLICATED_1 0
29	DUPLICATED_2 0
29	EBUSY_RADIO_1 0
29	EBUSY_RADIO_2 0
29	86 0
29	86 0
29	86 0
29	86 0
29	86 0
29	86 0
29	86 0
29	86 0
29	86 0
29	86 0
29	86 0
29	86 0
29	86 0
29	86 0
29	86 0
29	86 0
29	86 0
29	86 0
29	86 0
29	86 0
29	86 0
29	86 0
29	86 0
29	86 0
29	86 0
29	86 0
29	86 0
29	86 0
29	86 0
29	86 0
29	86 0
29	86 0
29	86 0
29	86 0
29	86 0
29	86 0
29	86 0
29	86 0
29	86 0
29	86 0
29	86 0
29	86 0
29	86 0
29	86 0
29	86 0
29	86 0
29	86 0
29	86 0
29	86 0
29	86 0
29	86 0
29	86 0
29	86 0
29	86 0
29	86 0
29	86 0
29	86 0
29	86 0
29	86 0
29	86 0
29	86 0
29	86 0
29	86 0
29	86 0
29	86 0
29	86 0
29	86 0
29	86 0
29	86 0
29	86 0
29	86 0
29	86 0
29	86 0
29	86 0
29	86 0
29	86 0
29	86 0
29	86 0
29	86 0
29	86 0
29	86 0
29	86 0
29	86 0
29	86 0
29	86 0
29	86 0
29	86 0
29	86 0
29	86 0
29	86 0
29	86 0
29	86 0
29	86 0
29	86 0
29	86 0
29	86 0
29	86 0
29	86 0
29	86 0
29	86 0
29	86 0
29	86 0
29	86 0
29	86 0
29	86 0
29	86 0
29	86 0
29	86 0
29	86 0
29	86 0
29	86 0
29	86 0
29	86 0
29	86 0
29	86 0
29	86 0
29	86 0
29	86 0
29	86 0
29	86 0
29	86 0
29	86 0
29	86 0
29	86 0
29	86 0
29	86 0
29	86 0
29	86 0
29	86 0
29	86 0
29	86 0
29	86 0
29	86 0
29	86 0
29	86 0
29	TEST_NUMBER 1
29	SENT_TOTAL 250
29	RECEIVED_TOTAL 115
29	TIME_TOTAL 29788
29	RECEIVED_RADIO_1 125
29	RECEIVED_RADIO_2 125
29	SENT_RADIO_1 125
29	SENT_RADIO_2 125
29	RADIO_TIME_1 29788
29	RADIO_TIME_2 29788
29	RETRANSMISSIONS_1 0
29	RETRANSMISSIONS_2 0
29	DROPPED_1 0
29	DROPPED_2 0
29	MAX_QUEUE 1
29	DUPLICATED_1 0
29	DUPLICATED_2 0
29	EBUSY_RADIO_1 0
29	EBUSY_RADIO_2 0
29	86 1
29	86 1
29	86 1
29	86 1
29	86 1
29	86 1
29	86 1
29	86 1
29	86 1
29	86 1
29	86 1
29	86 1
29	86 1
29	86 1
29	86 1
29	86 1
29	86 1
29	86 1
29	86 1
29	86 1
29	86 1
29	86 1
29	86 1
29	86 1
29	86 1
29	86 1
29	86 1
29	86 1
29	86 1
29	86 1
29	86 1
29	86 1
29	86 1
29	86 1
29	86 1
29	86 1
29	86 1
29	86 1
29	86 1
29	86 1
29	86 1
29	86 1
29	86 1
29	86 1
29	86 1
29	86 1
29	86 1
29	86 1
29	86 1
29	86 1
29	86 1
29	86 1
29	86 1
29	86 1
29	86 1
29	86 1
29	86 1
29	86 1
29	86 1
29	86 1
29	86 1
29	86 1
29	86 1
29	86 1
29	86 1
29	86 1
29	86 1
29	86 1
29	86 1
29	86 1
29	86 1
29	86 1
29	86 1
29	86 1
29	86 1
29	86 1
29	86 1
29	86 1
29	86 1
29	86 1
29	86 1
29	86 1
29	86 1
29	86 1
29	86 1
29	86 1
29	86 1
29	86 1
29	86 1
29	86 1
29	86 1
29	86 1
29	86 1
29	86 1
29	86 1
29	86 1
29	86 1
29	86 1
29	86 1
29	86 1
29	86 1
29	86 1
29	86 1
29	86 1
29	86 1
29	86 1
29	86 1
29	86 1
29	86 1
29	86 1
29	86 1
29	86 1
29	86 1
29	86 1
29	86 1
29	86 1
29	86 1
29	86 1
29	86 1
29	86 1
29	86 1
29	86 1
29	86 1
29	86 1
29	86 1
29	86 1
29	86 1
29	86 1
29	86 1
29	86 1
29	86 1
29	86 1
29	86 1
29	86 1
29	TEST_NUMBER 2
29	SENT_TOTAL 248
29	RECEIVED_TOTAL 114
29	TIME_TOTAL 29792
29	RECEIVED_RADIO_1 123
29	RECEIVED_RADIO_2 125
29	SENT_RADIO_1 124
29	SENT_RADIO_2 124
29	RADIO_TIME_1 29792
29	RADIO_TIME_2 29792
29	RETRANSMISSIONS_1 0
29	RETRANSMISSIONS_2 0
29	DROPPED_1 0
29	DROPPED_2 0
29	MAX_QUEUE 1
29	DUPLICATED_1 0
29	DUPLICATED_2 0
29	EBUSY_RADIO_1 0
29	EBUSY_RADIO_2 0
29	86 2
29	86 2
29	86 2
29	86 2
29	86 2
29	86 2
29	86 2
29	86 2
29	86 2
29	86 2
29	86 2
29	86 2
29	86 2
29	86 2
29	86 2
29	86 2
29	86 2
29	86 2
29	86 2
29	86 2
29	86 2
29	86 2
29	86 2
29	86 2
29	86 2
29	86 2
29	86 2
29	86 2
29	86 2
29	86 2
29	86 2
29	86 2
29	86 2
29	86 2
29	86 2
29	86 2
29	86 2
29	86 2
29	86 2
29	86 2
29	86 2
29	86 2
29	86 2
29	86 2
29	86 2
29	86 2
29	86 2
29	86 2
29	86 2
29	86 2
29	86 2
29	86 2
29	86 2
29	86 2
29	86 2
29	86 2
29	86 2
29	86 2
29	86 2
29	86 2
29	86 2
29	86 2
29	86 2
29	86 2
29	86 2
29	86 2
29	86 2
29	86 2
29	86 2
29	86 2
29	86 2
29	86 2
29	86 2
29	86 2
29	86 2
29	86 2
29	86 2
29	86 2
29	86 2
29	86 2
29	86 2
29	86 2
29	86 2
29	86 2
29	86 2
29	86 2
29	86 2
29	86 2
29	86 2
29	86 2
29	86 2
29	86 2
29	86 2
29	86 2
29	86 2
29	86 2
29	86 2
29	86 2
29	86 2
29	86 2
29	86 2
29	86 2
29	86 2
29	86 2
29	86 2
29	86 2
29	86 2
29	86 2
29	86 2
29	86 2
29	86 2
29	86 2
29	86 2
29	86 2
29	86 2
29	86 2
29	86 2
29	86 2
29	86 2
29	86 2
29	86 2
29	86 2
29	86 2
29	86 2
29	86 2
29	86 2
29	86 2
29	86 2
29	86 2
29	86 2
29	86 2
29	86 2
29	86 2
29	86 2
29	86 2
29	TEST_NUMBER 3
29	SENT_TOTAL 249
29	RECEIVED_TOTAL 114
29	TIME_TOTAL 29788
29	RECEIVED_RADIO_1 124
29	RECEIVED_RADIO_2 125
29	SENT_RADIO_1 124
29	SENT_RADIO_2 125
29	RADIO_TIME_1 29727
29	RADIO_TIME_2 29788
29	RETRANSMISSIONS_1 0
29	RETRANSMISSIONS_2 0
29	DROPPED_1 0
29	DROPPED_2 0
29	MAX_QUEUE 1
29	DUPLICATED_1 0
29	DUPLICATED_2 0
29	EBUSY_RADIO_1 0
29	EBUSY_RADIO_2 0
29	86 3
29	86 3
29	86 3
29	86 3
29	86 3
29	86 3
29	86 3
29	86 3
29	86 3
29	86 3
29	86 3
29	86 3
29	86 3
29	86 3
29	86 3
29	86 3
29	86 3
29	86 3
29	86 3
29	86 3
29	86 3
29	86 3
29	86 3
29	86 3
29	86 3
29	86 3
29	86 3
29	86 3
29	86 3
29	86 3
29	86 3
29	86 3
29	86 3
29	86 3
29	86 3
29	86 3
29	86 3
29	86 3
29	86 3
29	86 3
29	86 3
29	86 3
29	86 3
29	86 3
29	86 3
29	86 3
29	86 3
29	86 3
29	86 3
29	86 3
29	86 3
29	86 3
29	86 3
29	86 3
29	86 3
29	86 3
29	86 3
29	86 3
29	86 3
29	86 3
29	86 3
29	86 3
29	86 3
29	86 3
29	86 3
29	86 3
29	86 3
29	86 3
29	86 3
29	86 3
29	86 3
29	86 3
29	86 3
29	86 3
29	86 3
29	86 3
29	86 3
29	86 3
29	86 3
29	86 3
29	86 3
29	86 3
29	86 3
29	86 3
29	86 3
29	86 3
29	86 3
29	86 3
29	86 3
29	86 3
29	86 3
29	86 3
29	86 3
29	86 3
29	86 3
29	86 3
29	86 3
29	86 3
29	86 3
29	86 3
29	86 3
29	86 3
29	86 3
29	86 3
29	86 3
29	86 3
29	86 3
29	86 3
29	86 3
29	86 3
29	86 3
29	86 3
29	86 3
29	86 3
29	86 3
29	86 3
29	86 3
29	86 3
29	86 3
29	86 3
29	86 3
29	86 3
29	86 3
29	86 3
29	86 3
29	86 3
29	86 3
29	86 3
29	86 3
29	86 3
29	86 3
29	86 3
29	86 3
29	86 3
29	86 3
29	TEST_NUMBER 4
29	SENT_TOTAL 250
29	RECEIVED_TOTAL 115
29	TIME_TOTAL 29788
29	RECEIVED_RADIO_1 125
29	RECEIVED_RADIO_2 125
29	SENT_RADIO_1 125
29	SENT_RADIO_2 125
29	RADIO_TIME_1 29725
29	RADIO_TIME_2 29720
29	RETRANSMISSIONS_1 0
29	RETRANSMISSIONS_2 0
29	DROPPED_1 0
29	DROPPED_2 0
29	MAX_QUEUE 1
29	DUPLICATED_1 0
29	DUPLICATED_2 0
29	EBUSY_RADIO_1 0
29	EBUSY_RADIO_2 0
29	86 4
29	86 4
29	86 4
29	86 4
29	86 4
29	86 4
29	86 4
29	86 4
29	86 4
29	86 4
29	86 4
29	86 4
29	86 4
29	86 4
29	86 4
29	86 4
29	86 4
29	86 4
29	86 4
29	86 4
29	86 4
29	86 4
29	86 4
29	86 4
29	86 4
29	86 4
29	86 4
29	86 4
29	86 4
29	86 4
29	86 4
29	86 4
29	86 4
29	86 4
29	86 4
29	86 4
29	86 4
29	86 4
29	86 4
29	86 4
29	86 4
29	86 4
29	86 4
29	86 4
29	86 4
29	86 4
29	86 4
29	86 4
29	86 4
29	86 4
29	86 4
29	86 4
29	86 4
29	86 4
29	86 4
29	86 4
29	86 4
29	86 4
29	86 4
29	86 4
29	86 4
29	86 4
29	86 4
29	86 4
29	86 4
29	86 4
29	86 4
29	86 4
29	86 4
29	86 4
29	86 4
29	86 4
29	86 4
29	86 4
29	86 4
29	86 4
29	86 4
29	86 4
29	86 4
29	86 4
29	86 4
29	86 4
29	86 4
29	86 4
29	86 4
29	86 4
29	86 4
29	86 4
29	86 4
29	86 4
29	86 4
29	86 4
29	86 4
29	86 4
29	86 4
29	86 4
29	86 4
29	86 4
29	86 4
29	86 4
29	86 4
29	86 4
29	86 4
29	86 4
29	86 4
29	86 4
29	86 4
29	86 4
29	86 4
29	86 4
29	86 4
29	86 4
29	86 4
29	86 4
29	86 4
29	86 4
29	86 4
29	86 4
29	86 4
29	86 4
29	86 4
29	86 4
29	86 4
29	86 4
29	86 4
29	86 4
29	86 4
29	86 4
29	86 4
29	86 4
29	86 4
29	86 4
29	86 4
29	86 4
29	86 4
29	TEST_NUMBER 5
29	SENT_TOTAL 250
29	RECEIVED_TOTAL 115
29	TIME_TOTAL 29780
29	RECEIVED_RADIO_1 125
29	RECEIVED_RADIO_2 125
29	SENT_RADIO_1 125
29	SENT_RADIO_2 125
29	RADIO_TIME_1 29721
29	RADIO_TIME_2 29720
29	RETRANSMISSIONS_1 0
29	RETRANSMISSIONS_2 0
29	DROPPED_1 0
29	DROPPED_2 0
29	MAX_QUEUE 1
29	DUPLICATED_1 0
29	DUPLICATED_2 0
29	EBUSY_RADIO_1 0
29	EBUSY_RADIO_2 0
29	86 5
29	86 5
29	86 5
29	86 5
29	86 5
29	86 5
29	86 5
29	86 5
29	86 5
29	86 5
29	86 5
29	86 5
29	86 5
29	86 5
29	86 5
29	86 5
29	86 5
29	86 5
29	86 5
29	86 5
29	86 5
29	86 5
29	86 5
29	86 5
29	86 5
29	86 5
29	86 5
29	86 5
29	86 5
29	86 5
29	86 5
29	86 5
29	86 5
29	86 5
29	86 5
29	86 5
29	86 5
29	86 5
29	86 5
29	86 5
29	86 5
29	86 5
29	86 5
29	86 5
29	86 5
29	86 5
29	86 5
29	86 5
29	86 5
29	86 5
29	86 5
29	86 5
29	86 5
29	86 5
29	86 5
29	86 5
29	86 5
29	86 5
29	86 5
29	86 5
29	86 5
29	86 5
29	86 5
29	86 5
29	86 5
29	86 5
29	86 5
29	86 5
29	86 5
29	86 5
29	86 5
29	86 5
29	86 5
29	86 5
29	86 5
29	86 5
29	86 5
29	86 5
29	86 5
29	86 5
29	86 5
29	86 5
29	86 5
29	86 5
29	86 5
29	86 5
29	86 5
29	86 5
29	86 5
29	86 5
29	86 5
29	86 5
29	86 5
29	86 5
29	86 5
29	86 5
29	86 5
29	86 5
29	86 5
29	86 5
29	86 5
29	86 5
29	86 5
29	86 5
29	86 5
29	86 5
29	86 5
29	86 5
29	86 5
29	86 5
29	86 5
29	86 5
29	86 5
29	86 5
29	86 5
29	86 5
29	86 5
29	86 5
29	86 5
29	86 5
29	86 5
29	86 5
29	86 5
29	86 5
29	86 5
29	86 5
29	86 5
29	86 5
29	86 5
29	86 5
29	86 5
29	86 5
29	86 5
29	86 5
29	86 5
29	TEST_NUMBER 6
29	SENT_TOTAL 249
29	RECEIVED_TOTAL 114
29	TIME_TOTAL 29788
29	RECEIVED_RADIO_1 124
29	RECEIVED_RADIO_2 125
29	SENT_RADIO_1 125
29	SENT_RADIO_2 124
29	RADIO_TIME_1 29788
29	RADIO_TIME_2 29725
29	RETRANSMISSIONS_1 0
29	RETRANSMISSIONS_2 0
29	DROPPED_1 0
29	DROPPED_2 0
29	MAX_QUEUE 1
29	DUPLICATED_1 0
29	DUPLICATED_2 0
29	EBUSY_RADIO_1 0
29	EBUSY_RADIO_2 0
29	86 6
29	86 6
29	86 6
29	86 6
29	86 6
29	86 6
29	86 6
29	86 6
29	86 6
29	86 6
29	86 6
29	86 6
29	86 6
29	86 6
29	86 6
29	86 6
29	86 6
29	86 6
29	86 6
29	86 6
29	86 6
29	86 6
29	86 6
29	86 6
29	86 6
29	86 6
29	86 6
29	86 6
29	86 6
29	86 6
29	86 6
29	86 6
29	86 6
29	86 6
29	86 6
29	86 6
29	86 6
29	86 6
29	86 6
29	86 6
29	86 6
29	86 6
29	86 6
29	86 6
29	86 6
29	86 6
29	86 6
29	86 6
29	86 6
29	86 6
29	86 6
29	86 6
29	86 6
29	86 6
29	86 6
29	86 6
29	86 6
29	86 6
29	86 6
29	86 6
29	86 6
29	86 6
29	86 6
29	86 6
29	86 6
29	86 6
29	86 6
29	86 6
29	86 6
29	86 6
29	86 6
29	86 6
29	86 6
29	86 6
29	86 6
29	86 6
29	86 6
29	86 6
29	86 6
29	86 6
29	86 6
29	86 6
29	86 6
29	86 6
29	86 6
29	86 6
29	86 6
29	86 6
29	86 6
29	86 6
29	86 6
29	86 6
29	86 6
29	86 6
29	86 6
29	86 6
29	86 6
29	86 6
29	86 6
29	86 6
29	86 6
29	86 6
29	86 6
29	86 6
29	86 6
29	86 6
29	86 6
29	86 6
29	86 6
29	86 6
29	86 6
29	86 6
29	86 6
29	86 6
29	86 6
29	86 6
29	86 6
29	86 6
29	86 6
29	86 6
29	86 6
29	86 6
29	86 6
29	86 6
29	86 6
29	86 6
29	86 6
29	86 6
29	86 6
29	86 6
29	86 6
29	86 6
29	86 6
29	86 6

34	RELAY_NODE 34
34	TEST_NUMBER 0
34	SENT_TOTAL 0
34	RECEIVED_TOTAL 0
34	TIME_TOTAL 0
34	RECEIVED_RADIO_1 69
34	RECEIVED_RADIO_2 67
34	SENT_RADIO_1 67
34	SENT_RADIO_2 69
34	RADIO_TIME_1 10839
34	RADIO_TIME_2 10839
34	RETRANSMISSIONS_1 0
34	RETRANSMISSIONS_2 0
34	DROPPED_1 0
34	DROPPED_2 0
34	MAX_QUEUE 1
34	DUPLICATED_1 0
34	DUPLICATED_2 0
34	EBUSY_RADIO_1 0
34	EBUSY_RADIO_2 0
34	TEST_NUMBER 1
34	SENT_TOTAL 0
34	RECEIVED_TOTAL 0
34	TIME_TOTAL 0
34	RECEIVED_RADIO_1 125
34	RECEIVED_RADIO_2 124
34	SENT_RADIO_1 124
34	SENT_RADIO_2 125
34	RADIO_TIME_1 29777
34	RADIO_TIME_2 29777
34	RETRANSMISSIONS_1 0
34	RETRANSMISSIONS_2 0
34	DROPPED_1 0
34	DROPPED_2 0
34	MAX_QUEUE 1
34	DUPLICATED_1 0
34	DUPLICATED_2 0
34	EBUSY_RADIO_1 0
34	EBUSY_RADIO_2 0
34	TEST_NUMBER 2
34	SENT_TOTAL 0
34	RECEIVED_TOTAL 0
34	TIME_TOTAL 0
34	RECEIVED_RADIO_1 125
34	RECEIVED_RADIO_2 125
34	SENT_RADIO_1 125
34	SENT_RADIO_2 125
34	RADIO_TIME_1 29864
34	RADIO_TIME_2 29864
34	RETRANSMISSIONS_1 0
34	RETRANSMISSIONS_2 0
34	DROPPED_1 0
34	DROPPED_2 0
34	MAX_QUEUE 1
34	DUPLICATED_1 0
34	DUPLICATED_2 0
34	EBUSY_RADIO_1 0
34	EBUSY_RADIO_2 0
34	TEST_NUMBER 3
34	SENT_TOTAL 0
34	RECEIVED_TOTAL 0
34	TIME_TOTAL 0
34	RECEIVED_RADIO_1 125
34	RECEIVED_RADIO_2 124
34	SENT_RADIO_1 124
34	SENT_RADIO_2 125
34	RADIO_TIME_1 29770
34	RADIO_TIME_2 29770
34	RETRANSMISSIONS_1 0
34	RETRANSMISSIONS_2 0
34	DROPPED_1 0
34	DROPPED_2 0
34	MAX_QUEUE 1
34	DUPLICATED_1 0
34	DUPLICATED_2 0
34	EBUSY_RADIO_1 0
34	EBUSY_RADIO_2 0
34	TEST_NUMBER 4
34	SENT_TOTAL 0
34	RECEIVED_TOTAL 0
34	TIME_TOTAL 0
34	RECEIVED_RADIO_1 125
34	RECEIVED_RADIO_2 125
34	SENT_RADIO_1 125
34	SENT_RADIO_2 125
34	RADIO_TIME_1 29867
34	RADIO_TIME_2 29867
34	RETRANSMISSIONS_1 0
34	RETRANSMISSIONS_2 0
34	DROPPED_1 0
34	DROPPED_2 0
34	MAX_QUEUE 1
34	DUPLICATED_1 0
34	DUPLICATED_2 0
34	EBUSY_RADIO_1 0
34	EBUSY_RADIO_2 0
34	TEST_NUMBER 5
34	SENT_TOTAL 0
34	RECEIVED_TOTAL 0
34	TIME_TOTAL 0
34	RECEIVED_RADIO_1 125
34	RECEIVED_RADIO_2 126
34	SENT_RADIO_1 125
34	SENT_RADIO_2 125
34	RADIO_TIME_1 29878
34	RADIO_TIME_2 29878
34	RETRANSMISSIONS_1 0
34	RETRANSMISSIONS_2 0
34	DROPPED_1 0
34	DROPPED_2 0
34	MAX_QUEUE 1
34	DUPLICATED_1 0
34	DUPLICATED_2 0
34	EBUSY_RADIO_1 0
34	EBUSY_RADIO_2 0
34	TEST_NUMBER 6
34	SENT_TOTAL 0
34	RECEIVED_TOTAL 0
34	TIME_TOTAL 0
34	RECEIVED_RADIO_1 125
34	RECEIVED_RADIO_2 124
34	SENT_RADIO_1 125
34	SENT_RADIO_2 125
34	RADIO_TIME_1 29723
34	RADIO_TIME_2 29723
34	RETRANSMISSIONS_1 0
34	RETRANSMISSIONS_2 0
34	DROPPED_1 0
34	DROPPED_2 0
34	MAX_QUEUE 1
34	DUPLICATED_1 0
34	DUPLICATED_2 0
34	EBUSY_RADIO_1 0
34	EBUSY_RADIO_2 0
