
12	SOURCE_NODE 12
12	84 1
12	83 1
12	85 1
12	79 30
12	84 2
12	84 3
12	84 4
12	84 5
12	83 5
12	85 4
12	79 121
12	84 6
12	84 7
12	83 7
12	85 5
12	79 161
12	84 8
12	84 9
12	83 9
12	85 8
12	79 120
12	84 10
12	83 10
12	85 9
12	79 152
12	84 11
12	84 12
12	84 13
12	83 13
12	85 12
12	79 117
12	84 14
12	84 15
12	84 16
12	83 16
12	85 14
12	79 228
12	84 17
12	83 17
12	85 17
12	79 50
12	84 18
12	84 19
12	83 19
12	85 18
12	79 157
12	84 20
12	84 1
12	84 2
12	83 2
12	85 1
12	79 122
12	84 3
12	84 4
12	83 4
12	85 3
12	79 143
12	83 4
12	85 4
12	79 73
12	84 5
12	84 6
12	84 7
12	83 7
12	85 6
12	79 133
12	84 8
12	84 9
12	84 10
12	83 10
12	85 9
12	79 145
12	84 11
12	83 11
12	85 11
12	79 51
12	84 12
12	84 13
12	84 14
12	83 14
12	85 13
12	79 139
12	84 15
12	84 16
12	83 16
12	85 16
12	79 45
12	84 17
12	84 18
12	84 19
12	83 19
12	85 17
12	79 218
12	84 20
12	84 1
12	84 2
12	83 2
12	85 1
12	79 123
12	84 3
12	84 4
12	83 4
12	85 3
12	79 127
12	84 5
12	83 5
12	85 4
12	79 94
12	84 6
12	83 6
12	85 5
12	79 86
12	84 7
12	84 8
12	84 9
12	83 9
12	85 8
12	79 123
12	84 10
12	84 11
12	83 11
12	85 10
12	79 140
12	84 12
12	84 13
12	83 13
12	85 13
12	79 57
12	84 14
12	84 15
12	83 15
12	85 14
12	79 135
12	83 15
12	85 15
12	79 67
12	84 16
12	84 17
12	84 18
12	83 18
12	85 17
12	79 108
12	84 19
12	83 19
12	85 19
12	79 58
12	84 20
12	84 1
12	84 2
12	83 2
12	85 1
12	79 150
12	84 3
12	84 4
12	83 4
12	85 4
12	79 38
12	84 5
12	84 6
12	84 7
12	83 7
12	85 5
12	79 219
12	84 8
12	84 9
12	83 9
12	85 9
12	79 40
12	84 10
12	84 11
12	84 12
12	83 12
12	85 10
12	79 224
12	84 13
12	83 13
12	85 13
12	79 67
12	84 14
12	84 15
12	84 16
12	83 16
12	85 15
12	79 141
12	84 17
12	83 17
12	85 17
12	79 66
12	84 18
12	84 19
12	84 20
12	83 20
12	85 19
12	79 145
12	84 1
12	83 1
12	85 1
12	79 57
12	84 2
12	84 3
12	83 3
12	85 2
12	79 151
12	84 4
12	84 5
12	84 6
12	84 7
12	83 7
12	85 5
12	79 229
12	84 8
12	84 9
12	83 9
12	85 8
12	79 144
12	84 10
12	83 10
12	85 10
12	79 58
12	84 11
12	84 12
12	84 13
12	83 13
12	85 12
12	79 134
12	84 14
12	83 14
12	85 14
12	79 51
12	84 15
12	84 16
12	84 17
12	83 17
12	85 16
12	79 133
12	84 18
12	83 18
12	85 18
12	79 57
12	84 19
12	84 20
12	84 1
12	83 1
12	85 20
12	79 135
12	84 2
12	84 3
12	83 3
12	85 3
12	79 37
12	84 4
12	84 5
12	83 5
12	85 4
12	79 148
12	84 6
12	83 6
12	85 5
12	79 111
12	84 7
12	83 7
12	85 7
12	79 57
12	84 8
12	84 9
12	83 9
12	85 9
12	79 45
12	84 10
12	84 11
12	83 11
12	85 10
12	79 152
12	84 12
12	84 13
12	84 14
12	83 14
12	85 13
12	79 125
12	84 15
12	84 16
12	83 16
12	85 15
12	79 140
12	84 17
12	83 17
12	85 17
12	79 46
12	84 18
12	84 19
12	83 19
12	85 18
12	79 149
12	84 20
12	84 1
12	84 2
12	83 2
12	85 1
12	79 120
12	84 3
12	84 4
12	83 4
12	85 3
12	79 150
12	84 5
12	83 5
12	85 4
12	79 93
12	84 6
12	83 6
12	85 6
12	79 67
12	84 7
12	84 8
12	83 8
12	85 8
12	79 56
12	84 9
12	84 10
12	84 11
12	83 11
12	85 10
12	79 133
12	84 12
12	83 12
12	85 12
12	79 47
12	84 13
12	84 14
12	83 14
12	85 13
12	79 141
12	84 15
12	84 16
12	84 17
12	83 17
12	85 16
12	79 119
12	84 18
12	84 19
12	83 19
12	85 18
12	79 130
12	84 20
12	83 20
12	85 20
12	79 46
12	84 1
12	84 2
12	83 2
12	85 1
12	79 137
12	84 3
12	84 4
12	84 5
12	83 5
12	85 4
12	79 121
12	84 6
12	84 7
12	84 8
12	83 8
12	85 6
12	79 229
12	84 9
12	83 9
12	85 9
12	79 52
12	84 10
12	84 11
12	83 11
12	85 10
12	79 157
12	84 12
12	84 13
12	84 14
12	83 14
12	85 13
12	79 127
12	84 15
12	84 16
12	83 16
12	85 14
12	79 171
12	84 17
12	84 18
12	84 19
12	84 20
12	84 1
12	84 2
12	83 2
12	85 17
12	79 400
12	83 2
12	85 1
12	79 126
12	83 2
12	85 2
12	79 55
12	84 3
12	84 4
12	83 4
12	85 3
12	79 139
12	84 5
12	84 6
12	84 7
12	83 7
12	85 6
12	79 119
12	84 8
12	83 8
12	85 7
12	79 154
12	84 9
12	84 10
12	83 10
12	85 10
12	79 61
12	84 11
12	84 12
12	84 13
12	83 13
12	85 12
12	79 141
12	84 14
12	84 15
12	83 15
12	85 15
12	79 42
12	84 16
12	84 17
12	83 17
12	85 16
12	79 130
12	84 18
12	83 18
12	85 17
12	79 92
12	84 19
12	83 19
12	85 19
12	79 74
12	84 20
12	84 1
12	84 2
12	83 2
12	85 2
12	79 42
12	84 3
12	84 4
12	83 4
12	85 3
12	79 143
12	83 4
12	85 4
12	79 74
12	84 5
12	84 6
12	84 7
12	84 8
12	84 9
12	83 9
12	85 7
12	79 198
12	83 9
12	85 9
12	79 55
12	84 10
12	84 11
12	83 11
12	85 10
12	79 131
12	84 12
12	84 13
12	84 14
12	83 14
12	85 14
12	79 50
12	84 15
12	84 16
12	84 17
12	83 17
12	85 15
12	79 204
12	84 18
12	84 19
12	83 19
12	85 18
12	79 124
12	84 20
12	84 1
12	84 2
12	83 2
12	85 20
12	79 198
12	84 3
12	84 4
12	83 4
12	85 3
12	79 144
12	84 5
12	83 5
12	85 4
12	79 132
12	84 6
12	84 7
12	84 8
12	83 8
12	85 7
12	79 125
12	84 9
12	83 9
12	85 8
12	79 134
12	83 9
12	85 9
12	79 75
12	84 10
12	84 11
12	84 12
12	84 13
12	83 13
12	85 12
12	79 118
12	84 14
12	84 15
12	83 15
12	85 14
12	79 136
12	84 16
12	84 17
12	84 18
12	83 18
12	85 17
12	79 120
12	84 19
12	84 20
12	83 20
12	85 18
12	79 176
12	84 1
12	84 2
12	83 2
12	85 1
12	79 124
12	84 3
12	84 4
12	83 4
12	85 2
12	79 161
12	84 5
12	84 6
12	83 6
12	85 5
12	79 117
12	84 7
12	83 7
12	85 6
12	79 135
12	83 7
12	85 7
12	79 68
12	84 8
12	84 9
12	84 10
12	84 11
12	83 11
12	85 10
12	79 118
12	84 12
12	84 13
12	83 13
12	85 11
12	79 163
12	84 14
12	84 15
12	83 15
12	85 14
12	79 126
12	84 16
12	83 16
12	85 15
12	79 152
12	84 17
12	84 18
12	84 19
12	83 19
12	85 18
12	79 120
12	84 20
12	84 1
12	83 1
12	85 19
12	79 176
12	84 2
12	84 3
12	83 3
12	85 2
12	79 129
12	84 4
12	84 5
12	83 5
12	85 3
12	79 164
12	84 6
12	84 7
12	83 7
12	85 6
12	79 117
12	84 8
12	84 9
12	83 9
12	85 7
12	79 177
12	84 10
12	TEST_NUMBER 0
12	SENT_TOTAL 250
12	RECEIVED_TOTAL 122
12	TIME_TOTAL 19750
12	RECEIVED_RADIO_1 122
12	RECEIVED_RADIO_2 0
12	SENT_RADIO_1 177
12	SENT_RADIO_2 0
12	RADIO_TIME_1 19780
12	RADIO_TIME_2 19763
12	RETRANSMISSIONS_1 78
12	RETRANSMISSIONS_2 709
12	DROPPED_1 0
12	DROPPED_2 71
12	MAX_QUEUE 2
12	DUPLICATED_1 4
12	DUPLICATED_2 0
12	EBUSY_RADIO_1 0
12	EBUSY_RADIO_2 0
12	83 0
12	85 10
12	86 0
12	84 1
12	84 2
12	84 3
12	83 3
12	85 2
12	79 136
12	84 4
12	84 5
12	84 6
12	83 6
12	85 5
12	79 121
12	84 7
12	83 7
12	85 6
12	79 130
12	83 7
12	85 7
12	79 65
12	84 8
12	84 9
12	84 10
12	84 11
12	83 11
12	85 10
12	79 120
12	84 12
12	84 13
12	83 13
12	85 11
12	79 167
12	84 14
12	84 15
12	83 15
12	85 14
12	79 122
12	84 16
12	84 17
12	84 18
12	83 18
12	85 16
12	79 202
12	84 19
12	84 20
12	83 20
12	85 19
12	79 114
12	84 1
12	84 2
12	83 2
12	85 1
12	79 125
12	83 2
12	85 2
12	79 69
12	84 3
12	84 4
12	83 4
12	85 3
12	79 116
12	84 5
12	84 6
12	84 7
12	83 7
12	85 6
12	79 116
12	84 8
12	83 8
12	85 7
12	79 128
12	84 9
12	84 10
12	84 11
12	83 11
12	85 10
12	79 150
12	84 12
12	83 12
12	85 12
12	79 71
12	84 13
12	84 14
12	84 15
12	83 15
12	85 14
12	79 142
12	84 16
12	84 17
12	83 17
12	85 17
12	79 44
12	84 18
12	84 19
12	84 20
12	83 20
12	85 18
12	79 217
12	84 1
12	83 1
12	85 1
12	79 53
12	84 2
12	84 3
12	83 3
12	85 2
12	79 148
12	84 4
12	84 5
12	84 6
12	83 6
12	85 5
12	79 123
12	83 6
12	85 6
12	79 63
12	84 7
12	84 8
12	83 8
12	85 7
12	79 137
12	84 9
12	84 10
12	84 11
12	83 11
12	85 10
12	79 118
12	84 12
12	84 13
12	83 13
12	85 12
12	79 156
12	84 14
12	84 15
12	83 15
12	85 15
12	79 43
12	84 16
12	84 17
12	84 18
12	83 18
12	85 16
12	79 213
12	84 19
12	84 20
12	84 1
12	83 1
12	85 20
12	79 116
12	84 2
12	83 2
12	85 1
12	79 149
12	84 3
12	83 3
12	85 2
12	79 148
12	84 4
12	84 5
12	84 6
12	83 6
12	85 5
12	79 129
12	84 7
12	83 7
12	85 6
12	79 94
12	84 8
12	84 9
12	84 10
12	83 10
12	85 9
12	79 154
12	84 11
12	83 11
12	85 11
12	79 46
12	84 12
12	84 13
12	84 14
12	83 14
12	85 13
12	79 143
12	84 15
12	83 15
12	85 15
12	79 57
12	84 16
12	84 17
12	84 18
12	83 18
12	85 17
12	79 147
12	84 19
12	83 19
12	85 19
12	79 48
12	84 20
12	84 1
12	83 1
12	85 20
12	79 152
12	84 2
12	84 3
12	84 4
12	83 4
12	85 3
12	79 124
12	84 5
12	84 6
12	83 6
12	85 5
12	79 133
12	83 6
12	85 6
12	79 70
12	84 7
12	84 8
12	84 9
12	84 10
12	83 10
12	85 8
12	79 187
12	84 11
12	84 12
12	83 12
12	85 11
12	79 130
12	84 13
12	83 13
12	85 13
12	79 64
12	84 14
12	84 15
12	84 16
12	83 16
12	85 15
12	79 128
12	84 17
12	84 18
12	84 19
12	83 19
12	85 18
12	79 129
12	84 20
12	83 20
12	85 19
12	79 104
12	84 1
12	83 1
12	85 20
12	79 92
12	84 2
12	84 3
12	84 4
12	83 4
12	85 3
12	79 119
12	84 5
12	84 6
12	83 6
12	85 5
12	79 145
12	84 7
12	83 7
12	85 6
12	79 84
12	84 8
12	84 9
12	83 9
12	85 8
12	79 87
12	84 10
12	83 10
12	85 10
12	79 46
12	84 11
12	84 12
12	83 12
12	85 11
12	79 144
12	84 13
12	84 14
12	84 15
12	83 15
12	85 14
12	79 126
12	84 16
12	83 16
12	85 15
12	79 120
12	84 17
12	83 17
12	85 17
12	79 55
12	84 18
12	84 19
12	84 20
12	83 20
12	85 20
12	79 40
12	84 1
12	84 2
12	83 2
12	85 1
12	79 127
12	84 3
12	83 3
12	85 2
12	79 117
12	83 3
12	85 3
12	79 61
12	84 4
12	84 5
12	84 6
12	84 7
12	83 7
12	85 6
12	79 122
12	84 8
12	84 9
12	83 9
12	85 8
12	79 142
12	84 10
12	84 11
12	83 11
12	85 11
12	79 47
12	84 12
12	84 13
12	83 13
12	85 12
12	79 129
12	84 14
12	83 14
12	85 13
12	79 126
12	84 15
12	84 16
12	84 17
12	84 18
12	83 18
12	85 16
12	79 214
12	83 18
12	85 17
12	79 143
12	84 19
12	84 20
12	83 20
12	85 19
12	79 115
12	84 1
12	83 1
12	85 1
12	79 57
12	84 2
12	84 3
12	84 4
12	84 5
12	83 5
12	85 3
12	79 217
12	84 6
12	83 6
12	85 6
12	79 73
12	84 7
12	84 8
12	84 9
12	83 9
12	85 7
12	79 198
12	84 10
12	83 10
12	85 10
12	79 59
12	84 11
12	84 12
12	83 12
12	85 11
12	79 153
12	84 13
12	84 14
12	84 15
12	83 15
12	85 14
12	79 126
12	84 16
12	84 17
12	83 17
12	85 15
12	79 188
12	84 18
12	84 19
12	83 19
12	85 18
12	79 120
12	84 20
12	84 1
12	83 1
12	85 20
12	79 138
12	84 2
12	83 2
12	85 1
12	79 94
12	84 3
12	84 4
12	84 5
12	83 5
12	85 4
12	79 132
12	84 6
12	83 6
12	85 5
12	79 89
12	84 7
12	83 7
12	85 7
12	79 78
12	84 8
12	84 9
12	83 9
12	85 9
12	79 47
12	84 10
12	84 11
12	84 12
12	84 13
12	83 13
12	85 11
12	79 223
12	84 14
12	84 15
12	84 16
12	83 16
12	85 15
12	79 125
12	84 17
12	83 17
12	85 16
12	79 143
12	83 17
12	85 17
12	79 79
12	84 18
12	84 19
12	84 20
12	84 1
12	83 1
12	85 20
12	79 123
12	84 2
12	84 3
12	83 3
12	85 2
12	79 132
12	83 3
12	85 3
12	79 67
12	84 4
12	84 5
12	83 5
12	85 4
12	79 116
12	84 6
12	84 7
12	84 8
12	83 8
12	85 7
12	79 124
12	84 9
12	83 9
12	85 8
12	79 152
12	84 10
12	84 11
12	84 12
12	83 12
12	85 11
12	79 116
12	84 13
12	83 13
12	85 12
12	79 127
12	84 14
12	84 15
12	84 16
12	83 16
12	85 15
12	79 147
12	84 17
12	84 18
12	84 19
12	83 19
12	85 18
12	79 115
12	84 20
12	83 20
12	85 19
12	79 153
12	84 1
12	84 2
12	83 2
12	85 2
12	79 45
12	84 3
12	84 4
12	83 4
12	85 3
12	79 139
12	84 5
12	83 5
12	85 4
12	79 138
12	84 6
12	84 7
12	84 8
12	83 8
12	85 7
12	79 118
12	84 9
12	83 9
12	85 8
12	79 143
12	84 10
12	84 11
12	84 12
12	83 12
12	85 11
12	79 152
12	84 13
12	83 13
12	85 13
12	79 52
12	84 14
12	84 15
12	84 16
12	83 16
12	85 15
12	79 145
12	84 17
12	84 18
12	84 19
12	83 19
12	85 18
12	79 118
12	84 20
12	83 20
12	85 19
12	79 155
12	84 1
12	84 2
12	84 3
12	83 3
12	85 2
12	79 119
12	84 4
12	84 5
12	83 5
12	85 3
12	79 166
12	84 6
12	84 7
12	83 7
12	85 6
12	79 116
12	84 8
12	83 8
12	85 7
12	79 125
12	83 8
12	85 8
12	79 60
12	84 9
12	84 10
12	84 11
12	84 12
12	83 12
12	85 11
12	79 125
12	84 13
12	83 13
12	85 12
12	79 153
12	84 14
12	84 15
12	84 16
12	83 16
12	85 15
12	79 117
12	84 17
12	83 17
12	85 16
12	79 134
12	83 17
12	85 17
12	79 67
12	84 18
12	84 19
12	84 20
12	84 1
12	83 1
12	85 20
12	79 129
12	84 2
12	83 2
12	85 1
12	79 111
12	84 3
12	83 3
12	85 3
12	79 71
12	84 4
12	84 5
12	83 5
12	85 5
12	79 54
12	84 6
12	84 7
12	83 7
12	85 6
12	79 143
12	84 8
12	84 9
12	84 10
12	TEST_NUMBER 1
12	SENT_TOTAL 250
12	RECEIVED_TOTAL 126
12	TIME_TOTAL 29562
12	RECEIVED_RADIO_1 127
12	RECEIVED_RADIO_2 0
12	SENT_RADIO_1 181
12	SENT_RADIO_2 0
12	RADIO_TIME_1 29779
12	RADIO_TIME_2 29869
12	RETRANSMISSIONS_1 62
12	RETRANSMISSIONS_2 686
12	DROPPED_1 0
12	DROPPED_2 68
12	MAX_QUEUE 2
12	DUPLICATED_1 5
12	DUPLICATED_2 0
12	EBUSY_RADIO_1 0
12	EBUSY_RADIO_2 0
12	83 0
12	85 9
12	86 1
12	83 0
12	85 10
12	86 1
12	84 1
12	84 2
12	84 3
12	83 3
12	85 3
12	79 63
12	84 4
12	84 5
12	84 6
12	83 6
12	85 5
12	79 141
12	84 7
12	84 8
12	83 8
12	85 8
12	79 46
12	84 9
12	84 10
12	83 10
12	85 9
12	79 138
12	84 11
12	83 11
12	85 10
12	79 135
12	84 12
12	84 13
12	84 14
12	83 14
12	85 13
12	79 121
12	84 15
12	84 16
12	83 16
12	85 15
12	79 154
12	84 17
12	83 17
12	85 16
12	79 94
12	84 18
12	84 19
12	83 19
12	85 18
12	79 95
12	84 20
12	83 20
12	85 20
12	79 44
12	84 1
12	84 2
12	83 2
12	85 1
12	79 140
12	84 3
12	84 4
12	84 5
12	83 5
12	85 4
12	79 119
12	84 6
12	84 7
12	84 8
12	84 9
12	83 9
12	85 8
12	79 126
12	84 10
12	84 11
12	84 12
12	83 12
12	85 10
12	79 205
12	83 12
12	85 12
12	79 52
12	84 13
12	84 14
12	83 14
12	85 14
12	79 47
12	84 15
12	84 16
12	83 16
12	85 15
12	79 159
12	84 17
12	84 18
12	84 19
12	83 19
12	85 18
12	79 128
12	83 19
12	85 19
12	79 71
12	84 20
12	84 1
12	83 1
12	85 20
12	79 98
12	84 2
12	84 3
12	84 4
12	83 4
12	85 3
12	79 119
12	84 5
12	84 6
12	83 6
12	85 5
12	79 145
12	84 7
12	83 7
12	85 7
12	79 53
12	84 8
12	84 9
12	84 10
12	83 10
12	85 9
12	79 144
12	84 11
12	84 12
12	84 13
12	84 14
12	83 14
12	85 12
12	79 211
12	84 15
12	83 15
12	85 13
12	79 198
12	84 16
12	84 17
12	83 17
12	85 16
12	79 156
12	84 18
12	84 19
12	84 20
12	83 20
12	85 19
12	79 125
12	83 20
12	85 20
12	79 56
12	84 1
12	84 2
12	83 2
12	85 1
12	79 119
12	84 3
12	84 4
12	84 5
12	83 5
12	85 4
12	79 118
12	84 6
12	84 7
12	83 7
12	85 6
12	79 140
12	84 8
12	83 8
12	85 7
12	79 130
12	83 8
12	85 8
12	79 60
12	84 9
12	84 10
12	84 11
12	84 12
12	83 12
12	85 11
12	79 116
12	84 13
12	83 13
12	85 12
12	79 132
12	83 13
12	85 13
12	79 59
12	84 14
12	84 15
12	84 16
12	84 17
12	83 17
12	85 16
12	79 130
12	84 18
12	83 18
12	85 18
12	79 73
12	84 19
12	84 20
12	84 1
12	83 1
12	85 20
12	79 113
12	84 2
12	83 2
12	85 2
12	79 54
12	84 3
12	84 4
12	83 4
12	85 3
12	79 151
12	84 5
12	84 6
12	84 7
12	83 7
12	85 6
12	79 148
12	84 8
12	83 8
12	85 7
12	79 121
12	84 9
12	83 9
12	85 8
12	79 102
12	84 10
12	84 11
12	84 12
12	83 12
12	85 11
12	79 120
12	84 13
12	84 14
12	83 14
12	85 13
12	79 147
12	84 15
12	83 15
12	85 14
12	79 85
12	84 16
12	84 17
12	84 18
12	83 18
12	85 17
12	79 136
12	84 19
12	83 19
12	85 18
12	79 98
12	84 20
12	84 1
12	83 1
12	85 19
12	79 220
12	84 2
12	84 3
12	84 4
12	83 4
12	85 2
12	79 194
12	83 4
12	85 4
12	79 61
12	84 5
12	84 6
12	84 7
12	83 7
12	85 6
12	79 128
12	83 7
12	85 7
12	79 58
12	84 8
12	84 9
12	84 10
12	84 11
12	84 12
12	83 12
12	85 10
12	79 212
12	84 13
12	84 14
12	83 14
12	85 13
12	79 141
12	84 15
12	84 16
12	84 17
12	83 17
12	85 16
12	79 124
12	84 18
12	84 19
12	83 19
12	85 18
12	79 130
12	83 19
12	85 19
12	79 58
12	84 20
12	84 1
12	83 1
12	85 20
12	79 113
12	84 2
12	84 3
12	84 4
12	83 4
12	85 3
12	79 119
12	84 5
12	83 5
12	85 4
12	79 157
12	84 6
12	84 7
12	84 8
12	83 8
12	85 7
12	79 136
12	83 8
12	85 8
12	79 65
12	84 9
12	84 10
12	84 11
12	83 11
12	85 10
12	79 127
12	84 12
12	83 12
12	85 12
12	79 51
12	84 13
12	84 14
12	84 15
12	83 15
12	85 14
12	79 134
12	84 16
12	83 16
12	85 16
12	79 40
12	84 17
12	84 18
12	84 19
12	84 20
12	83 20
12	85 17
12	79 313
12	84 1
12	84 2
12	83 2
12	85 20
12	79 160
12	84 3
12	83 3
12	85 1
12	79 187
12	84 4
12	84 5
12	83 5
12	85 4
12	79 121
12	84 6
12	84 7
12	83 7
12	85 6
12	79 130
12	84 8
12	84 9
12	84 10
12	83 10
12	85 9
12	79 127
12	84 11
12	84 12
12	84 13
12	84 14
12	83 14
12	85 12
12	79 203
12	84 15
12	84 16
12	84 17
12	83 17
12	85 15
12	79 238
12	84 18
12	84 19
12	84 20
12	83 20
12	85 19
12	79 133
12	83 20
12	85 20
12	79 77
12	84 1
12	84 2
12	83 2
12	85 1
12	79 141
12	84 3
12	84 4
12	84 5
12	83 5
12	85 4
12	79 122
12	84 6
12	84 7
12	83 7
12	85 6
12	79 153
12	84 8
12	84 9
12	84 10
12	83 10
12	85 9
12	79 116
12	84 11
12	83 11
12	85 10
12	79 141
12	84 12
12	84 13
12	84 14
12	83 14
12	85 13
12	79 113
12	84 15
12	84 16
12	83 16
12	85 15
12	79 145
12	84 17
12	83 17
12	85 17
12	79 49
12	84 18
12	84 19
12	83 19
12	85 18
12	79 151
12	84 20
12	84 1
12	84 2
12	83 2
12	85 1
12	79 121
12	84 3
12	83 3
12	85 2
12	79 151
12	84 4
12	84 5
12	84 6
12	83 6
12	85 5
12	79 119
12	84 7
12	84 8
12	83 8
12	85 7
12	79 132
12	83 8
12	85 8
12	79 67
12	84 9
12	84 10
12	84 11
12	83 11
12	85 10
12	79 107
12	84 12
12	84 13
12	84 14
12	83 14
12	85 13
12	79 122
12	84 15
12	84 16
12	83 16
12	85 15
12	79 143
12	84 17
12	83 17
12	85 16
12	79 94
12	84 18
12	84 19
12	83 19
12	85 18
12	79 151
12	84 20
12	84 1
12	83 1
12	85 1
12	79 34
12	84 2
12	84 3
12	83 3
12	85 2
12	79 138
12	84 4
12	83 4
12	85 3
12	79 137
12	84 5
12	84 6
12	84 7
12	83 7
12	85 6
12	79 118
12	84 8
12	84 9
12	84 10
12	83 10
12	85 8
12	79 223
12	84 11
12	83 11
12	85 11
12	79 63
12	84 12
12	84 13
12	84 14
12	83 14
12	85 13
12	79 137
12	84 15
12	83 15
12	85 15
12	79 46
12	84 16
12	84 17
12	84 18
12	83 18
12	85 17
12	79 139
12	84 19
12	84 20
12	84 1
12	83 1
12	85 20
12	79 118
12	84 2
12	84 3
12	83 3
12	85 1
12	79 174
12	84 4
12	84 5
12	83 5
12	85 4
12	79 131
12	84 6
12	83 6
12	85 5
12	79 147
12	84 7
12	84 8
12	84 9
12	83 9
12	85 8
12	79 124
12	84 10
12	83 10
12	85 9
12	79 159
12	84 11
12	84 12
12	83 12
12	85 11
12	79 125
12	84 13
12	83 13
12	85 12
12	79 136
12	84 14
12	84 15
12	84 16
12	83 16
12	85 15
12	79 152
12	84 17
12	83 17
12	85 17
12	79 49
12	84 18
12	84 19
12	83 19
12	85 18
12	79 138
12	84 20
12	84 1
12	84 2
12	83 2
12	85 1
12	79 116
12	84 3
12	83 3
12	85 2
12	79 153
12	84 4
12	84 5
12	84 6
12	83 6
12	85 5
12	79 124
12	84 7
12	83 7
12	85 6
12	79 148
12	84 8
12	84 9
12	84 10
12	TEST_NUMBER 2
12	SENT_TOTAL 250
12	RECEIVED_TOTAL 122
12	TIME_TOTAL 29672
12	RECEIVED_RADIO_1 124
12	RECEIVED_RADIO_2 0
12	SENT_RADIO_1 181
12	SENT_RADIO_2 0
12	RADIO_TIME_1 29877
12	RADIO_TIME_2 29873
12	RETRANSMISSIONS_1 71
12	RETRANSMISSIONS_2 687
12	DROPPED_1 0
12	DROPPED_2 69
12	MAX_QUEUE 2
12	DUPLICATED_1 11
12	DUPLICATED_2 0
12	EBUSY_RADIO_1 0
12	EBUSY_RADIO_2 0
12	83 0
12	85 9
12	86 2
12	84 1
12	84 2
12	83 2
12	85 1
12	79 136
12	84 3
12	83 3
12	85 3
12	79 57
12	84 4
12	84 5
12	84 6
12	83 6
12	85 5
12	79 135
12	84 7
12	83 7
12	85 7
12	79 62
12	84 8
12	84 9
12	84 10
12	83 10
12	85 9
12	79 150
12	84 11
12	84 12
12	84 13
12	83 13
12	85 11
12	79 207
12	84 14
12	84 15
12	83 15
12	85 13
12	79 173
12	84 16
12	84 17
12	83 17
12	85 16
12	79 141
12	84 18
12	83 18
12	85 17
12	79 159
12	84 19
12	84 20
12	83 20
12	85 18
12	79 187
12	84 1
12	84 2
12	83 2
12	85 20
12	79 175
12	84 3
12	84 4
12	83 4
12	85 3
12	79 122
12	84 5
12	84 6
12	84 7
12	84 8
12	83 8
12	85 7
12	79 123
12	84 9
12	83 9
12	85 8
12	79 152
12	84 10
12	84 11
12	84 12
12	83 12
12	85 11
12	79 122
12	84 13
12	83 13
12	85 12
12	79 138
12	83 13
12	85 13
12	79 76
12	84 14
12	83 14
12	85 10
12	79 368
12	83 14
12	85 14
12	79 73
12	84 15
12	84 16
12	84 17
12	83 17
12	85 17
12	79 41
12	84 18
12	83 18
12	85 16
12	79 208
12	83 18
12	85 18
12	79 66
12	84 19
12	84 20
12	84 1
12	83 1
12	85 20
12	79 111
12	84 2
12	83 2
12	85 2
12	79 47
12	84 3
12	84 4
12	83 4
12	85 3
12	79 139
12	84 5
12	84 6
12	83 6
12	85 5
12	79 125
12	84 7
12	83 7
12	85 6
12	79 152
12	84 8
12	83 8
12	85 7
12	79 120
12	84 9
12	83 9
12	85 8
12	79 130
12	84 10
12	83 10
12	85 10
12	79 32
12	84 11
12	84 12
12	83 12
12	85 11
12	79 105
12	83 12
12	85 12
12	79 68
12	84 13
12	84 14
12	83 14
12	85 14
12	79 49
12	84 15
12	84 16
12	83 16
12	85 15
12	79 121
12	84 17
12	84 18
12	83 18
12	85 17
12	79 138
12	83 18
12	85 18
12	79 64
12	84 19
12	84 20
12	83 20
12	85 19
12	79 132
12	84 1
12	84 2
12	84 3
12	83 3
12	85 2
12	79 125
12	84 4
12	83 4
12	85 3
12	79 153
12	84 5
12	84 6
12	84 7
12	83 7
12	85 6
12	79 126
12	84 8
12	83 8
12	85 7
12	79 133
12	84 9
12	84 10
12	83 10
12	85 10
12	79 36
12	84 11
12	84 12
12	84 13
12	84 14
12	83 14
12	85 11
12	79 288
12	83 14
12	85 13
12	79 153
12	84 15
12	83 15
12	85 8
12	79 631
12	84 16
12	83 16
12	85 15
12	79 136
12	84 17
12	84 18
12	83 18
12	85 17
12	79 92
12	84 19
12	83 19
12	85 18
12	79 119
12	84 20
12	84 1
12	83 1
12	85 19
12	79 174
12	84 2
12	84 3
12	83 3
12	85 20
12	79 267
12	83 3
12	85 2
12	79 152
12	84 4
12	83 4
12	85 3
12	79 82
12	84 5
12	84 6
12	83 6
12	85 5
12	79 98
12	84 7
12	83 7
12	85 6
12	79 122
12	84 8
12	84 9
12	83 9
12	85 7
12	79 173
12	84 10
12	84 11
12	84 12
12	83 12
12	85 11
12	79 156
12	84 13
12	83 13
12	85 13
12	79 34
12	83 13
12	85 10
12	79 294
12	84 14
12	83 14
12	85 12
12	79 165
12	84 15
12	83 15
12	85 15
12	79 75
12	84 16
12	84 17
12	84 18
12	84 19
12	83 19
12	85 18
12	79 118
12	84 20
12	84 1
12	83 1
12	85 19
12	79 164
12	84 2
12	84 3
12	83 3
12	85 2
12	79 119
12	84 4
12	83 4
12	85 3
12	79 153
12	84 5
12	84 6
12	83 6
12	85 4
12	79 215
12	84 7
12	84 8
12	83 8
12	85 6
12	79 200
12	84 9
12	84 10
12	83 10
12	85 9
12	79 135
12	84 11
12	83 11
12	85 10
12	79 132
12	84 12
12	84 13
12	84 14
12	83 14
12	85 13
12	79 151
12	84 15
12	83 15
12	85 15
12	79 45
12	84 16
12	84 17
12	83 17
12	85 14
12	79 279
12	83 17
12	85 16
12	79 138
12	84 18
12	84 19
12	84 20
12	83 20
12	85 19
12	79 122
12	83 20
12	85 20
12	79 58
12	84 1
12	84 2
12	84 3
12	83 3
12	85 2
12	79 117
12	84 4
12	84 5
12	84 6
12	83 6
12	85 5
12	79 119
12	84 7
12	83 7
12	85 6
12	79 148
12	84 8
12	84 9
12	83 9
12	85 9
12	79 37
12	84 10
12	84 11
12	83 11
12	85 10
12	79 145
12	83 11
12	85 11
12	79 73
12	84 12
12	84 13
12	84 14
12	83 14
12	85 13
12	79 90
12	84 15
12	83 15
12	85 15
12	79 47
12	84 16
12	84 17
12	84 18
12	83 18
12	85 16
12	79 161
12	84 19
12	84 20
12	83 20
12	85 19
12	79 132
12	83 20
12	85 20
12	79 63
12	84 1
12	84 2
12	83 2
12	85 1
12	79 126
12	84 3
12	84 4
12	84 5
12	83 5
12	85 4
12	79 117
12	84 6
12	84 7
12	83 7
12	85 6
12	79 137
12	84 8
12	83 8
12	85 7
12	79 85
12	84 9
12	84 10
12	83 10
12	85 9
12	79 86
12	84 11
12	83 11
12	85 11
12	79 66
12	84 12
12	84 13
12	84 14
12	83 14
12	85 13
12	79 143
12	84 15
12	83 15
12	85 15
12	79 69
12	84 16
12	84 17
12	84 18
12	83 18
12	85 17
12	79 139
12	84 19
12	84 20
12	84 1
12	83 1
12	85 20
12	79 131
12	84 2
12	83 2
12	85 1
12	79 146
12	83 2
12	85 2
12	79 74
12	84 3
12	84 4
12	84 5
12	84 6
12	84 7
12	84 8
12	84 9
12	83 9
12	85 7
12	79 205
12	83 9
12	85 9
12	79 54
12	84 10
12	84 11
12	83 11
12	85 10
12	79 134
12	84 12
12	84 13
12	83 13
12	85 13
12	79 40
12	84 14
12	84 15
12	83 15
12	85 14
12	79 143
12	84 16
12	83 16
12	85 15
12	79 89
12	84 17
12	84 18
12	83 18
12	85 17
12	79 97
12	84 19
12	84 20
12	84 1
12	83 1
12	85 20
12	79 123
12	84 2
12	84 3
12	83 3
12	85 1
12	79 162
12	84 4
12	84 5
12	83 5
12	85 4
12	79 121
12	84 6
12	84 7
12	84 8
12	83 8
12	85 6
12	79 203
12	84 9
12	84 10
12	84 11
12	83 11
12	85 9
12	79 199
12	84 12
12	83 12
12	85 11
12	79 148
12	84 13
12	84 14
12	83 14
12	85 14
12	79 37
12	84 15
12	84 16
12	84 17
12	83 17
12	85 15
12	79 230
12	84 18
12	83 18
12	85 18
12	79 52
12	84 19
12	84 20
12	84 1
12	83 1
12	85 20
12	79 136
12	84 2
12	83 2
12	85 2
12	79 47
12	84 3
12	84 4
12	83 4
12	85 3
12	79 155
12	84 5
12	84 6
12	83 6
12	85 4
12	79 227
12	84 7
12	84 8
12	84 9
12	83 9
12	85 6
12	79 289
12	84 10
12	84 11
12	84 12
12	83 12
12	85 11
12	79 126
12	84 13
12	83 13
12	85 12
12	79 160
12	84 14
12	84 15
12	84 16
12	83 16
12	85 15
12	79 124
12	84 17
12	83 17
12	85 16
12	79 152
12	84 18
12	84 19
12	83 19
12	85 19
12	79 70
12	84 20
12	84 1
12	84 2
12	83 2
12	85 1
12	79 139
12	84 3
12	84 4
12	84 5
12	83 5
12	85 4
12	79 114
12	84 6
12	84 7
12	84 8
12	83 8
12	85 6
12	79 197
12	83 8
12	85 8
12	79 56
12	84 9
12	84 10
12	83 10
12	85 10
12	79 46
12	84 11
12	84 12
12	84 13
12	83 13
12	85 12
12	79 140
12	84 14
12	83 14
12	85 14
12	79 54
12	84 15
12	84 16
12	84 17
12	83 17
12	85 16
12	79 144
12	84 18
12	83 18
12	85 18
12	79 54
12	84 19
12	84 20
12	83 20
12	85 19
12	79 158
12	84 1
12	84 2
12	84 3
12	84 4
12	83 4
12	85 2
12	79 227
12	84 5
12	84 6
12	83 6
12	85 5
12	79 149
12	84 7
12	84 8
12	84 9
12	84 10
12	TEST_NUMBER 3
12	SENT_TOTAL 250
12	RECEIVED_TOTAL 135
12	TIME_TOTAL 29590
12	RECEIVED_RADIO_1 133
12	RECEIVED_RADIO_2 3
12	SENT_RADIO_1 177
12	SENT_RADIO_2 12
12	RADIO_TIME_1 29795
12	RADIO_TIME_2 29878
12	RETRANSMISSIONS_1 76
12	RETRANSMISSIONS_2 637
12	DROPPED_1 0
12	DROPPED_2 62
12	MAX_QUEUE 2
12	DUPLICATED_1 10
12	DUPLICATED_2 0
12	EBUSY_RADIO_1 0
12	EBUSY_RADIO_2 0
12	83 0
12	85 7
12	86 3
12	83 0
12	85 10
12	86 3
12	84 1
12	84 2
12	84 3
12	84 4
12	83 4
12	85 3
12	79 127
12	83 4
12	85 4
12	79 72
12	84 5
12	84 6
12	84 7
12	83 7
12	85 6
12	79 109
12	84 8
12	83 8
12	85 8
12	79 58
12	84 9
12	84 10
12	83 10
12	85 9
12	79 153
12	84 11
12	84 12
12	84 13
12	83 13
12	85 12
12	79 123
12	83 13
12	85 13
12	79 69
12	84 14
12	84 15
12	84 16
12	83 16
12	85 15
12	79 111
12	84 17
12	84 18
12	84 19
12	83 19
12	85 18
12	79 115
12	84 20
12	83 20
12	85 19
12	79 137
12	84 1
12	84 2
12	84 3
12	83 3
12	85 2
12	79 159
12	84 4
12	83 4
12	85 4
12	79 50
12	84 5
12	84 6
12	84 7
12	83 7
12	85 6
12	79 155
12	84 8
12	84 9
12	84 10
12	83 10
12	85 9
12	79 118
12	84 11
12	83 11
12	85 10
12	79 142
12	84 12
12	84 13
12	84 14
12	83 14
12	85 13
12	79 146
12	84 15
12	84 16
12	83 16
12	85 15
12	79 134
12	84 17
12	83 17
12	85 16
12	79 159
12	84 18
12	84 19
12	84 20
12	83 20
12	85 19
12	79 117
12	84 1
12	83 1
12	85 20
12	79 131
12	84 2
12	84 3
12	84 4
12	83 4
12	85 3
12	79 153
12	84 5
12	83 5
12	85 5
12	79 56
12	84 6
12	84 7
12	84 8
12	83 8
12	85 7
12	79 140
12	84 9
12	84 10
12	83 10
12	85 10
12	79 42
12	84 11
12	84 12
12	84 13
12	84 14
12	83 14
12	85 11
12	79 290
12	84 15
12	83 15
12	85 13
12	79 164
12	84 16
12	83 16
12	85 15
12	79 86
12	84 17
12	84 18
12	83 18
12	85 18
12	79 52
12	84 19
12	84 20
12	84 1
12	83 1
12	85 19
12	79 219
12	84 2
12	83 2
12	85 2
12	79 74
12	84 3
12	84 4
12	84 5
12	83 5
12	85 4
12	79 140
12	84 6
12	83 6
12	85 6
12	79 54
12	84 7
12	84 8
12	84 9
12	83 9
12	85 8
12	79 131
12	84 10
12	83 10
12	85 10
12	79 49
12	84 11
12	84 12
12	83 12
12	85 11
12	79 149
12	84 13
12	84 14
12	84 15
12	83 15
12	85 14
12	79 124
12	84 16
12	83 16
12	85 15
12	79 100
12	84 17
12	83 17
12	85 16
12	79 95
12	84 18
12	84 19
12	84 20
12	83 20
12	85 19
12	79 117
12	84 1
12	84 2
12	84 3
12	83 3
12	85 1
12	79 201
12	83 3
12	85 3
12	79 52
12	84 4
12	84 5
12	83 5
12	85 4
12	79 127
12	84 6
12	84 7
12	84 8
12	83 8
12	85 6
12	79 162
12	84 9
12	84 10
12	83 10
12	85 9
12	79 121
12	84 11
12	83 11
12	85 10
12	79 159
12	84 12
12	84 13
12	84 14
12	83 14
12	85 13
12	79 121
12	84 15
12	84 16
12	83 16
12	85 14
12	79 218
12	83 16
12	85 16
12	79 71
12	84 17
12	84 18
12	84 19
12	83 19
12	85 17
12	79 177
12	84 20
12	83 20
12	85 20
12	79 51
12	84 1
12	84 2
12	83 2
12	85 1
12	79 158
12	84 3
12	84 4
12	84 5
12	83 5
12	85 4
12	79 120
12	84 6
12	84 7
12	84 8
12	83 8
12	85 6
12	79 214
12	84 9
12	84 10
12	84 11
12	83 11
12	85 10
12	79 121
12	84 12
12	84 13
12	84 14
12	83 14
12	85 12
12	79 217
12	84 15
12	83 15
12	85 15
12	79 57
12	84 16
12	84 17
12	83 17
12	85 16
12	79 139
12	84 18
12	84 19
12	84 20
12	83 20
12	85 19
12	79 118
12	84 1
12	84 2
12	83 2
12	85 1
12	79 137
12	84 3
12	83 3
12	85 3
12	79 46
12	84 4
12	84 5
12	84 6
12	83 6
12	85 4
12	79 206
12	84 7
12	84 8
12	84 9
12	83 9
12	85 7
12	79 166
12	83 9
12	85 8
12	79 102
12	84 10
12	84 11
12	83 11
12	85 10
12	79 100
12	84 12
12	84 13
12	84 14
12	83 14
12	85 13
12	79 123
12	84 15
12	84 16
12	83 16
12	85 14
12	79 179
12	84 17
12	84 18
12	83 18
12	85 17
12	79 139
12	84 19
12	83 19
12	85 18
12	79 115
12	83 19
12	85 19
12	79 71
12	84 20
12	84 1
12	84 2
12	84 3
12	83 3
12	85 2
12	79 119
12	84 4
12	83 4
12	85 3
12	79 124
12	83 4
12	85 4
12	79 62
12	84 5
12	84 6
12	83 6
12	85 6
12	79 43
12	84 7
12	84 8
12	84 9
12	83 9
12	85 9
12	79 42
12	84 10
12	84 11
12	83 11
12	85 10
12	79 133
12	84 12
12	83 12
12	85 11
12	79 111
12	84 13
12	84 14
12	83 14
12	85 13
12	79 137
12	84 15
12	84 16
12	83 16
12	85 16
12	79 48
12	84 17
12	84 18
12	83 18
12	85 17
12	79 154
12	84 19
12	84 20
12	84 1
12	84 2
12	84 3
12	84 4
12	83 4
12	85 2
12	79 201
12	83 4
12	85 4
12	79 66
12	84 5
12	84 6
12	83 6
12	85 5
12	79 137
12	84 7
12	84 8
12	83 8
12	85 8
12	79 53
12	84 9
12	84 10
12	83 10
12	85 9
12	79 151
12	84 11
12	84 12
12	84 13
12	83 13
12	85 12
12	79 120
12	84 14
12	83 14
12	85 13
12	79 154
12	84 15
12	84 16
12	84 17
12	83 17
12	85 16
12	79 118
12	84 18
12	83 18
12	85 17
12	79 153
12	84 19
12	84 20
12	84 1
12	83 1
12	85 20
12	79 121
12	84 2
12	83 2
12	85 1
12	79 139
12	84 3
12	84 4
12	83 4
12	85 4
12	79 42
12	84 5
12	84 6
12	84 7
12	83 7
12	85 5
12	79 220
12	84 8
12	83 8
12	85 8
12	79 54
12	84 9
12	84 10
12	83 10
12	85 9
12	79 148
12	84 11
12	84 12
12	84 13
12	83 13
12	85 12
12	79 120
12	84 14
12	84 15
12	83 15
12	85 13
12	79 211
12	84 16
12	83 16
12	85 15
12	79 132
12	84 17
12	83 17
12	85 17
12	79 57
12	84 18
12	84 19
12	83 19
12	85 18
12	79 146
12	84 20
12	84 1
12	84 2
12	83 2
12	85 1
12	79 120
12	84 3
12	84 4
12	83 4
12	85 3
12	79 140
12	83 4
12	85 4
12	79 79
12	84 5
12	84 6
12	84 7
12	84 8
12	83 8
12	85 7
12	79 156
12	84 9
12	83 9
12	85 9
12	79 53
12	84 10
12	84 11
12	84 12
12	84 13
12	83 13
12	85 11
12	79 220
12	83 13
12	85 13
12	79 75
12	84 14
12	84 15
12	84 16
12	84 17
12	83 17
12	85 15
12	79 217
12	84 18
12	83 18
12	85 16
12	79 177
12	84 19
12	83 19
12	85 18
12	79 81
12	84 20
12	83 20
12	85 19
12	79 120
12	84 1
12	83 1
12	85 20
12	79 154
12	84 2
12	84 3
12	84 4
12	83 4
12	85 3
12	79 142
12	84 5
12	83 5
12	85 5
12	79 50
12	84 6
12	84 7
12	84 8
12	83 8
12	85 7
12	79 139
12	84 9
12	83 9
12	85 9
12	79 54
12	84 10
12	84 11
12	84 12
12	83 12
12	85 11
12	79 138
12	84 13
12	83 13
12	85 12
12	79 119
12	84 14
12	84 15
12	84 16
12	84 17
12	83 17
12	85 15
12	79 205
12	83 17
12	85 16
12	79 143
12	83 17
12	85 17
12	79 69
12	84 18
12	84 19
12	84 20
12	83 20
12	85 19
12	79 105
12	84 1
12	84 2
12	83 2
12	85 1
12	79 143
12	84 3
12	83 3
12	85 2
12	79 82
12	84 4
12	84 5
12	83 5
12	85 4
12	79 106
12	84 6
12	84 7
12	84 8
12	83 8
12	85 7
12	79 117
12	84 9
12	84 10
12	TEST_NUMBER 4
12	SENT_TOTAL 250
12	RECEIVED_TOTAL 125
12	TIME_TOTAL 29688
12	RECEIVED_RADIO_1 127
12	RECEIVED_RADIO_2 0
12	SENT_RADIO_1 181
12	SENT_RADIO_2 0
12	RADIO_TIME_1 29811
12	RADIO_TIME_2 29872
12	RETRANSMISSIONS_1 71
12	RETRANSMISSIONS_2 685
12	DROPPED_1 0
12	DROPPED_2 68
12	MAX_QUEUE 2
12	DUPLICATED_1 3
12	DUPLICATED_2 0
12	EBUSY_RADIO_1 0
12	EBUSY_RADIO_2 0
12	83 0
12	85 9
12	86 4
12	83 0
12	85 10
12	86 4
12	84 1
12	84 2
12	83 2
12	85 1
12	79 126
12	84 3
12	84 4
12	84 5
12	83 5
12	85 4
12	79 124
12	84 6
12	84 7
12	83 7
12	85 6
12	79 129
12	84 8
12	83 8
12	85 7
12	79 108
12	84 9
12	84 10
12	83 10
12	85 10
12	79 41
12	84 11
12	84 12
12	84 13
12	83 13
12	85 11
12	79 199
12	84 14
12	84 15
12	83 15
12	85 14
12	79 140
12	84 16
12	83 16
12	85 15
12	79 149
12	84 17
12	84 18
12	84 19
12	83 19
12	85 18
12	79 126
12	84 20
12	84 1
12	83 1
12	85 20
12	79 144
12	84 2
12	83 2
12	85 1
12	79 104
12	84 3
12	84 4
12	84 5
12	83 5
12	85 4
12	79 133
12	84 6
12	83 6
12	85 5
12	79 107
12	84 7
12	83 7
12	85 7
12	79 67
12	84 8
12	84 9
12	83 9
12	85 9
12	79 47
12	84 10
12	84 11
12	84 12
12	83 12
12	85 11
12	79 139
12	84 13
12	83 13
12	85 13
12	79 59
12	84 14
12	84 15
12	83 15
12	85 14
12	79 147
12	84 16
12	84 17
12	84 18
12	83 18
12	85 17
12	79 120
12	84 19
12	84 20
12	83 20
12	85 19
12	79 137
12	83 20
12	85 20
12	79 74
12	84 1
12	84 2
12	83 2
12	85 1
12	79 117
12	84 3
12	84 4
12	84 5
12	83 5
12	85 4
12	79 116
12	84 6
12	84 7
12	83 7
12	85 6
12	79 154
12	84 8
12	83 8
12	85 7
12	79 140
12	84 9
12	84 10
12	84 11
12	83 11
12	85 10
12	79 119
12	84 12
12	83 12
12	85 11
12	79 133
12	84 13
12	84 14
12	84 15
12	84 16
12	83 16
12	85 14
12	79 164
12	83 16
12	85 16
12	79 48
12	84 17
12	84 18
12	84 19
12	83 19
12	85 18
12	79 143
12	84 20
12	83 20
12	85 20
12	79 47
12	84 1
12	84 2
12	84 3
12	83 3
12	85 2
12	79 141
12	84 4
12	84 5
12	84 6
12	83 6
12	85 5
12	79 121
12	84 7
12	84 8
12	83 8
12	85 6
12	79 187
12	84 9
12	84 10
12	83 10
12	85 9
12	79 121
12	84 11
12	84 12
12	83 12
12	85 11
12	79 130
12	84 13
12	83 13
12	85 12
12	79 133
12	84 14
12	84 15
12	83 15
12	85 15
12	79 43
12	84 16
12	84 17
12	83 17
12	85 16
12	79 133
12	83 17
12	85 17
12	79 62
12	84 18
12	84 19
12	83 19
12	85 18
12	79 121
12	84 20
12	84 1
12	84 2
12	83 2
12	85 1
12	79 123
12	84 3
12	84 4
12	83 4
12	85 3
12	79 143
12	84 5
12	84 6
12	83 6
12	85 6
12	79 44
12	84 7
12	84 8
12	83 8
12	85 7
12	79 142
12	83 8
12	85 8
12	79 70
12	84 9
12	84 10
12	84 11
12	84 12
12	84 13
12	83 13
12	85 11
12	79 229
12	84 14
12	83 14
12	85 14
12	79 50
12	84 15
12	84 16
12	83 16
12	85 15
12	79 150
12	84 17
12	84 18
12	84 19
12	84 20
12	84 1
12	84 2
12	83 2
12	85 20
12	79 202
12	84 3
12	83 3
12	85 2
12	79 97
12	84 4
12	83 4
12	85 4
12	79 44
12	84 5
12	84 6
12	83 6
12	85 5
12	79 148
12	84 7
12	84 8
12	84 9
12	83 9
12	85 8
12	79 116
12	84 10
12	83 10
12	85 9
12	79 141
12	84 11
12	84 12
12	84 13
12	83 13
12	85 12
12	79 122
12	84 14
12	83 14
12	85 13
12	79 159
12	84 15
12	84 16
12	84 17
12	84 18
12	84 19
12	84 20
12	83 20
12	85 17
12	79 275
12	84 1
12	83 1
12	85 19
12	79 199
12	83 1
12	85 1
12	79 52
12	84 2
12	84 3
12	83 3
12	85 2
12	79 140
12	84 4
12	84 5
12	84 6
12	83 6
12	85 5
12	79 139
12	84 7
12	83 7
12	85 7
12	79 73
12	84 8
12	84 9
12	84 10
12	83 10
12	85 9
12	79 109
12	84 11
12	84 12
12	84 13
12	83 13
12	85 12
12	79 143
12	84 14
12	84 15
12	83 15
12	85 14
12	79 131
12	84 16
12	83 16
12	85 15
12	79 95
12	84 17
12	83 17
12	85 16
12	79 95
12	84 18
12	84 19
12	84 20
12	83 20
12	85 19
12	79 123
12	84 1
12	84 2
12	83 2
12	85 1
12	79 131
12	84 3
12	84 4
12	84 5
12	83 5
12	85 4
12	79 123
12	84 6
12	84 7
12	83 7
12	85 6
12	79 125
12	83 7
12	85 7
12	79 55
12	84 8
12	84 9
12	83 9
12	85 8
12	79 145
12	84 10
12	84 11
12	83 11
12	85 9
12	79 211
12	84 12
12	84 13
12	83 13
12	85 11
12	79 214
12	84 14
12	83 14
12	85 13
12	79 111
12	83 14
12	85 14
12	79 59
12	84 15
12	83 15
12	85 15
12	79 70
12	84 16
12	84 17
12	84 18
12	84 19
12	84 20
12	83 20
12	85 17
12	79 282
12	83 20
12	85 18
12	79 211
12	84 1
12	84 2
12	84 3
12	83 3
12	85 1
12	79 174
12	83 3
12	85 3
12	79 59
12	84 4
12	84 5
12	83 5
12	85 4
12	79 101
12	83 5
12	85 5
12	79 39
12	84 6
12	83 6
12	85 6
12	79 59
12	84 7
12	84 8
12	84 9
12	83 9
12	85 9
12	79 41
12	84 10
12	84 11
12	83 11
12	85 8
12	79 278
12	83 11
12	85 10
12	79 139
12	84 12
12	83 12
12	85 11
12	79 107
12	84 13
12	83 13
12	85 13
12	79 31
12	84 14
12	84 15
12	83 15
12	85 14
12	79 125
12	84 16
12	83 16
12	85 15
12	79 155
12	84 17
12	84 18
12	84 19
12	83 19
12	85 17
12	79 195
12	84 20
12	83 20
12	85 16
12	79 359
12	83 20
12	85 18
12	79 210
12	84 1
12	83 1
12	85 19
12	79 210
12	83 1
12	85 1
12	79 59
12	84 2
12	83 2
12	85 20
12	79 236
12	84 3
12	83 3
12	85 2
12	79 99
12	84 4
12	83 4
12	85 4
12	79 58
12	84 5
12	84 6
12	84 7
12	83 7
12	85 6
12	79 106
12	83 7
12	85 5
12	79 201
12	84 8
12	83 8
12	85 7
12	79 140
12	84 9
12	83 9
12	85 8
12	79 139
12	84 10
12	83 10
12	85 9
12	79 108
12	83 10
12	85 10
12	79 76
12	84 11
12	84 12
12	84 13
12	83 13
12	85 13
12	79 41
12	84 14
12	83 14
12	85 11
12	79 256
12	83 14
12	85 12
12	79 229
12	83 14
12	85 14
12	79 77
12	84 15
12	83 15
12	85 15
12	79 76
12	84 16
12	84 17
12	83 17
12	85 17
12	79 30
12	84 18
12	84 19
12	83 19
12	85 16
12	79 251
12	83 19
12	85 18
12	79 116
12	84 20
12	84 1
12	83 1
12	85 1
12	79 40
12	84 2
12	83 2
12	85 20
12	79 226
12	84 3
12	83 3
12	85 2
12	79 112
12	84 4
12	83 4
12	85 4
12	79 59
12	84 5
12	84 6
12	83 6
12	85 5
12	79 99
12	84 7
12	84 8
12	83 8
12	85 7
12	79 114
12	83 8
12	85 8
12	79 55
12	84 9
12	83 9
12	85 6
12	79 317
12	84 10
12	83 10
12	85 9
12	79 96
12	84 11
12	83 11
12	85 11
12	79 28
12	84 12
12	84 13
12	83 13
12	85 12
12	79 142
12	84 14
12	84 15
12	84 16
12	83 16
12	85 15
12	79 126
12	84 17
12	84 18
12	83 18
12	85 17
12	79 128
12	84 19
12	83 19
12	85 18
12	79 123
12	83 19
12	85 19
12	79 79
12	84 20
12	84 1
12	84 2
12	84 3
12	83 3
12	85 2
12	79 147
12	84 4
12	84 5
12	84 6
12	83 6
12	85 5
12	79 144
12	84 7
12	84 8
12	84 9
12	83 9
12	85 8
12	79 155
12	84 10
12	83 10
12	85 9
12	79 92
12	84 11
12	84 12
12	83 12
12	85 11
12	79 107
12	84 13
12	84 14
12	84 15
12	83 15
12	85 14
12	79 129
12	84 16
12	84 17
12	83 17
12	85 16
12	79 133
12	84 18
12	83 18
12	85 17
12	79 113
12	83 18
12	85 18
12	79 54
12	84 19
12	84 20
12	84 1
12	84 2
12	83 2
12	85 1
12	79 122
12	84 3
12	83 3
12	85 2
12	79 129
12	83 3
12	85 3
12	79 57
12	84 4
12	84 5
12	84 6
12	84 7
12	83 7
12	85 6
12	79 123
12	83 7
12	85 7
12	79 56
12	84 8
12	84 9
12	84 10
12	TEST_NUMBER 5
12	SENT_TOTAL 250
12	RECEIVED_TOTAL 144
12	TIME_TOTAL 29652
12	RECEIVED_RADIO_1 139
12	RECEIVED_RADIO_2 7
12	SENT_RADIO_1 175
12	SENT_RADIO_2 18
12	RADIO_TIME_1 29876
12	RADIO_TIME_2 29873
12	RETRANSMISSIONS_1 73
12	RETRANSMISSIONS_2 611
12	DROPPED_1 0
12	DROPPED_2 57
12	MAX_QUEUE 2
12	DUPLICATED_1 6
12	DUPLICATED_2 0
12	EBUSY_RADIO_1 0
12	EBUSY_RADIO_2 0
12	83 0
12	85 9
12	86 5
12	83 0
12	85 10
12	86 5
12	84 1
12	84 2
12	83 2
12	85 2
12	79 73
12	84 3
12	84 4
12	83 4
12	85 4
12	79 55
12	84 5
12	84 6
12	84 7
12	83 7
12	85 6
12	79 138
12	84 8
12	83 8
12	85 8
12	79 49
12	84 9
12	84 10
12	84 11
12	83 11
12	85 10
12	79 138
12	84 12
12	83 12
12	85 12
12	79 47
12	84 13
12	84 14
12	83 14
12	85 13
12	79 140
12	84 15
12	84 16
12	84 17
12	83 17
12	85 16
12	79 119
12	83 17
12	85 17
12	79 56
12	84 18
12	84 19
12	83 19
12	85 18
12	79 130
12	84 20
12	84 1
12	84 2
12	83 2
12	85 1
12	79 118
12	84 3
12	84 4
12	83 4
12	85 2
12	79 209
12	83 4
12	85 4
12	79 57
12	84 5
12	84 6
12	83 6
12	85 5
12	79 135
12	83 6
12	85 6
12	79 71
12	84 7
12	84 8
12	84 9
12	84 10
12	83 10
12	85 8
12	79 208
12	84 11
12	84 12
12	83 12
12	85 11
12	79 144
12	84 13
12	83 13
12	85 13
12	79 57
12	84 14
12	84 15
12	83 15
12	85 14
12	79 156
12	84 16
12	84 17
12	84 18
12	84 19
12	84 20
12	83 20
12	85 17
12	79 279
12	83 20
12	85 19
12	79 150
12	84 1
12	83 1
12	85 20
12	79 86
12	84 2
12	83 2
12	85 1
12	79 116
12	84 3
12	84 4
12	84 5
12	83 5
12	85 4
12	79 138
12	84 6
12	84 7
12	84 8
12	83 8
12	85 5
12	79 306
12	84 9
12	83 9
12	85 8
12	79 127
12	84 10
12	84 11
12	84 12
12	83 12
12	85 10
12	79 219
12	84 13
12	84 14
12	83 14
12	85 14
12	79 41
12	84 15
12	84 16
12	84 17
12	83 17
12	85 15
12	79 219
12	84 18
12	84 19
12	84 20
12	83 20
12	85 19
12	79 132
12	83 20
12	85 20
12	79 62
12	84 1
12	84 2
12	83 2
12	85 1
12	79 147
12	84 3
12	84 4
12	84 5
12	83 5
12	85 4
12	79 125
12	84 6
12	83 6
12	85 5
12	79 159
12	84 7
12	84 8
12	84 9
12	83 9
12	85 8
12	79 133
12	84 10
12	83 10
12	85 9
12	79 117
12	84 11
12	83 11
12	85 10
12	79 82
12	84 12
12	84 13
12	84 14
12	83 14
12	85 13
12	79 117
12	84 15
12	84 16
12	83 16
12	85 15
12	79 130
12	84 17
12	84 18
12	84 19
12	83 19
12	85 18
12	79 122
12	84 20
12	84 1
12	84 2
12	83 2
12	85 20
12	79 163
12	83 2
12	85 1
12	79 103
12	84 3
12	83 3
12	85 3
12	79 57
12	84 4
12	84 5
12	83 5
12	85 5
12	79 69
12	84 6
12	84 7
12	84 8
12	83 8
12	85 7
12	79 138
12	84 9
12	84 10
12	84 11
12	83 11
12	85 10
12	79 120
12	84 12
12	83 12
12	85 11
12	79 140
12	83 12
12	85 12
12	79 66
12	84 13
12	84 14
12	83 14
12	85 14
12	79 46
12	84 15
12	84 16
12	83 16
12	85 16
12	79 54
12	84 17
12	84 18
12	84 19
12	83 19
12	85 18
12	79 146
12	84 20
12	83 20
12	85 20
12	79 55
12	84 1
12	84 2
12	84 3
12	83 3
12	85 2
12	79 136
12	84 4
12	83 4
12	85 4
12	79 46
12	84 5
12	84 6
12	83 6
12	85 5
12	79 160
12	84 7
12	84 8
12	84 9
12	83 9
12	85 8
12	79 116
12	84 10
12	83 10
12	85 9
12	79 148
12	84 11
12	84 12
12	83 12
12	85 12
12	79 37
12	84 13
12	84 14
12	83 14
12	85 13
12	79 128
12	84 15
12	84 16
12	84 17
12	83 17
12	85 16
12	79 156
12	84 18
12	83 18
12	85 18
12	79 64
12	84 19
12	84 20
12	84 1
12	83 1
12	85 20
12	79 143
12	84 2
12	83 2
12	85 2
12	79 49
12	84 3
12	84 4
12	83 4
12	85 3
12	79 145
12	84 5
12	84 6
12	84 7
12	83 7
12	85 6
12	79 122
12	84 8
12	83 8
12	85 7
12	79 111
12	84 9
12	84 10
12	84 11
12	83 11
12	85 9
12	79 205
12	84 12
12	84 13
12	83 13
12	85 12
12	79 152
12	84 14
12	84 15
12	84 16
12	83 16
12	85 15
12	79 121
12	84 17
12	83 17
12	85 16
12	79 99
12	84 18
12	83 18
12	85 18
12	79 67
12	84 19
12	84 20
12	84 1
12	84 2
12	83 2
12	85 1
12	79 124
12	84 3
12	83 3
12	85 2
12	79 130
12	83 3
12	85 3
12	79 75
12	84 4
12	84 5
12	83 5
12	85 5
12	79 63
12	84 6
12	84 7
12	83 7
12	85 7
12	79 50
12	84 8
12	84 9
12	84 10
12	84 11
12	83 11
12	85 9
12	79 212
12	83 11
12	85 10
12	79 150
12	84 12
12	83 12
12	85 11
12	79 93
12	84 13
12	84 14
12	83 14
12	85 13
12	79 82
12	84 15
12	84 16
12	84 17
12	83 17
12	85 16
12	79 120
12	84 18
12	84 19
12	84 20
12	83 20
12	85 18
12	79 208
12	84 1
12	83 1
12	85 1
12	79 66
12	84 2
12	84 3
12	84 4
12	84 5
12	83 5
12	85 3
12	79 203
12	83 5
12	85 4
12	79 142
12	84 6
12	83 6
12	85 5
12	79 125
12	84 7
12	84 8
12	84 9
12	83 9
12	85 8
12	79 120
12	84 10
12	83 10
12	85 9
12	79 159
12	84 11
12	84 12
12	84 13
12	84 14
12	84 15
12	84 16
12	83 16
12	85 14
12	79 197
12	83 16
12	85 16
12	79 45
12	84 17
12	84 18
12	83 18
12	85 17
12	79 136
12	83 18
12	85 18
12	79 64
12	84 19
12	83 19
12	85 19
12	79 58
12	84 20
12	84 1
12	84 2
12	84 3
12	83 3
12	85 2
12	79 123
12	84 4
12	84 5
12	83 5
12	85 4
12	79 138
12	84 6
12	84 7
12	84 8
12	83 8
12	85 7
12	79 121
12	84 9
12	83 9
12	85 8
12	79 141
12	84 10
12	84 11
12	84 12
12	83 12
12	85 11
12	79 128
12	84 13
12	84 14
12	83 14
12	85 13
12	79 126
12	84 15
12	83 15
12	85 14
12	79 87
12	84 16
12	83 16
12	85 15
12	79 93
12	84 17
12	84 18
12	84 19
12	83 19
12	85 18
12	79 118
12	84 20
12	83 20
12	85 19
12	79 140
12	84 1
12	84 2
12	84 3
12	83 3
12	85 2
12	79 159
12	84 4
12	84 5
12	84 6
12	83 6
12	85 5
12	79 116
12	84 7
12	84 8
12	84 9
12	83 9
12	85 7
12	79 229
12	84 10
12	83 10
12	85 10
12	79 60
12	84 11
12	84 12
12	84 13
12	83 13
12	85 12
12	79 133
12	84 14
12	83 14
12	85 14
12	79 48
12	84 15
12	84 16
12	84 17
12	84 18
12	83 18
12	85 16
12	79 201
12	84 19
12	84 20
12	83 20
12	85 19
12	79 136
12	84 1
12	83 1
12	85 20
12	79 143
12	84 2
12	84 3
12	84 4
12	83 4
12	85 3
12	79 114
12	84 5
12	83 5
12	85 4
12	79 140
12	84 6
12	84 7
12	84 8
12	83 8
12	85 7
12	79 125
12	84 9
12	84 10
12	84 11
12	84 12
12	83 12
12	85 11
12	79 122
12	84 13
12	84 14
12	83 14
12	85 12
12	79 200
12	84 15
12	84 16
12	83 16
12	85 15
12	79 122
12	84 17
12	83 17
12	85 16
12	79 154
12	84 18
12	84 19
12	84 20
12	83 20
12	85 19
12	79 122
12	84 1
12	84 2
12	83 2
12	85 1
12	79 129
12	84 3
12	83 3
12	85 2
12	79 133
12	84 4
12	84 5
12	83 5
12	85 5
12	79 42
12	84 6
12	84 7
12	84 8
12	83 8
12	85 6
12	79 222
12	84 9
12	84 10
12	TEST_NUMBER 6
12	SENT_TOTAL 250
12	RECEIVED_TOTAL 124
12	TIME_TOTAL 29723
12	RECEIVED_RADIO_1 126
12	RECEIVED_RADIO_2 0
12	SENT_RADIO_1 180
12	SENT_RADIO_2 0
12	RADIO_TIME_1 29862
12	RADIO_TIME_2 29872
12	RETRANSMISSIONS_1 81
12	RETRANSMISSIONS_2 698
12	DROPPED_1 0
12	DROPPED_2 70
12	MAX_QUEUE 2
12	DUPLICATED_1 7
12	DUPLICATED_2 0
12	EBUSY_RADIO_1 0
12	EBUSY_RADIO_2 0
12	83 0
12	85 9
12	86 6
12	83 0
12	85 10
12	86 6

15	RELAY_NODE 15
15	TEST_NUMBER 0
15	SENT_TOTAL 0
15	RECEIVED_TOTAL 0
15	TIME_TOTAL 0
15	RECEIVED_RADIO_1 178
15	RECEIVED_RADIO_2 123
15	SENT_RADIO_1 123
15	SENT_RADIO_2 178
15	RADIO_TIME_1 19976
15	RADIO_TIME_2 19976
15	RETRANSMISSIONS_1 4
15	RETRANSMISSIONS_2 8
15	DROPPED_1 0
15	DROPPED_2 0
15	MAX_QUEUE 1
15	DUPLICATED_1 78
15	DUPLICATED_2 1
15	EBUSY_RADIO_1 0
15	EBUSY_RADIO_2 0
15	TEST_NUMBER 1
15	SENT_TOTAL 0
15	RECEIVED_TOTAL 0
15	TIME_TOTAL 0
15	RECEIVED_RADIO_1 182
15	RECEIVED_RADIO_2 128
15	SENT_RADIO_1 128
15	SENT_RADIO_2 182
15	RADIO_TIME_1 19911
15	RADIO_TIME_2 19911
15	RETRANSMISSIONS_1 5
15	RETRANSMISSIONS_2 12
15	DROPPED_1 0
15	DROPPED_2 0
15	MAX_QUEUE 1
15	DUPLICATED_1 62
15	DUPLICATED_2 3
15	EBUSY_RADIO_1 0
15	EBUSY_RADIO_2 0
15	TEST_NUMBER 2
15	SENT_TOTAL 0
15	RECEIVED_TOTAL 0
15	TIME_TOTAL 0
15	RECEIVED_RADIO_1 180
15	RECEIVED_RADIO_2 124
15	SENT_RADIO_1 123
15	SENT_RADIO_2 180
15	RADIO_TIME_1 19713
15	RADIO_TIME_2 19713
15	RETRANSMISSIONS_1 11
15	RETRANSMISSIONS_2 25
15	DROPPED_1 0
15	DROPPED_2 1
15	MAX_QUEUE 2
15	DUPLICATED_1 73
15	DUPLICATED_2 5
15	EBUSY_RADIO_1 0
15	EBUSY_RADIO_2 0
15	TEST_NUMBER 3
15	SENT_TOTAL 0
15	RECEIVED_TOTAL 0
15	TIME_TOTAL 0
15	RECEIVED_RADIO_1 177
15	RECEIVED_RADIO_2 135
15	SENT_RADIO_1 134
15	SENT_RADIO_2 177
15	RADIO_TIME_1 20074
15	RADIO_TIME_2 20074
15	RETRANSMISSIONS_1 10
15	RETRANSMISSIONS_2 22
15	DROPPED_1 0
15	DROPPED_2 1
15	MAX_QUEUE 2
15	DUPLICATED_1 74
15	DUPLICATED_2 3
15	EBUSY_RADIO_1 0
15	EBUSY_RADIO_2 0
15	TEST_NUMBER 4
15	SENT_TOTAL 0
15	RECEIVED_TOTAL 0
15	TIME_TOTAL 0
15	RECEIVED_RADIO_1 182
15	RECEIVED_RADIO_2 127
15	SENT_RADIO_1 127
15	SENT_RADIO_2 182
15	RADIO_TIME_1 19806
15	RADIO_TIME_2 19804
15	RETRANSMISSIONS_1 3
15	RETRANSMISSIONS_2 14
15	DROPPED_1 0
15	DROPPED_2 0
15	MAX_QUEUE 1
15	DUPLICATED_1 71
15	DUPLICATED_2 1
15	EBUSY_RADIO_1 0
15	EBUSY_RADIO_2 0
15	TEST_NUMBER 5
15	SENT_TOTAL 0
15	RECEIVED_TOTAL 0
15	TIME_TOTAL 0
15	RECEIVED_RADIO_1 175
15	RECEIVED_RADIO_2 139
15	SENT_RADIO_1 139
15	SENT_RADIO_2 174
15	RADIO_TIME_1 19898
15	RADIO_TIME_2 19898
15	RETRANSMISSIONS_1 16
15	RETRANSMISSIONS_2 14
15	DROPPED_1 1
15	DROPPED_2 0
15	MAX_QUEUE 2
15	DUPLICATED_1 73
15	DUPLICATED_2 4
15	EBUSY_RADIO_1 0
15	EBUSY_RADIO_2 0
15	TEST_NUMBER 6
15	SENT_TOTAL 0
15	RECEIVED_TOTAL 0
15	TIME_TOTAL 0
15	RECEIVED_RADIO_1 180
15	RECEIVED_RADIO_2 127
15	SENT_RADIO_1 126
15	SENT_RADIO_2 180
15	RADIO_TIME_1 19916
15	RADIO_TIME_2 19916
15	RETRANSMISSIONS_1 7
15	RETRANSMISSIONS_2 24
15	DROPPED_1 0
15	DROPPED_2 1
15	MAX_QUEUE 2
15	DUPLICATED_1 82
15	DUPLICATED_2 2
15	EBUSY_RADIO_1 0
15	EBUSY_RADIO_2 0

33	RELAY_NODE 33
33	TEST_NUMBER 0
33	SENT_TOTAL 0
33	RECEIVED_TOTAL 0
33	TIME_TOTAL 0
33	RECEIVED_RADIO_1 123
33	RECEIVED_RADIO_2 178
33	SENT_RADIO_1 176
33	SENT_RADIO_2 123
33	RADIO_TIME_1 19966
33	RADIO_TIME_2 19966
33	RETRANSMISSIONS_1 11
33	RETRANSMISSIONS_2 21
33	DROPPED_1 0
33	DROPPED_2 2
33	MAX_QUEUE 2
33	DUPLICATED_1 40
33	DUPLICATED_2 5
33	EBUSY_RADIO_1 0
33	EBUSY_RADIO_2 0
33	TEST_NUMBER 1
33	SENT_TOTAL 0
33	RECEIVED_TOTAL 0
33	TIME_TOTAL 0
33	RECEIVED_RADIO_1 128
33	RECEIVED_RADIO_2 182
33	SENT_RADIO_1 182
33	SENT_RADIO_2 128
33	RADIO_TIME_1 19899
33	RADIO_TIME_2 19899
33	RETRANSMISSIONS_1 11
33	RETRANSMISSIONS_2 3
33	DROPPED_1 0
33	DROPPED_2 0
33	MAX_QUEUE 1
33	DUPLICATED_1 91
33	DUPLICATED_2 8
33	EBUSY_RADIO_1 0
33	EBUSY_RADIO_2 0
33	TEST_NUMBER 2
33	SENT_TOTAL 0
33	RECEIVED_TOTAL 0
33	TIME_TOTAL 0
33	RECEIVED_RADIO_1 124
33	RECEIVED_RADIO_2 180
33	SENT_RADIO_1 179
33	SENT_RADIO_2 124
33	RADIO_TIME_1 19700
33	RADIO_TIME_2 19700
33	RETRANSMISSIONS_1 21
33	RETRANSMISSIONS_2 15
33	DROPPED_1 0
33	DROPPED_2 1
33	MAX_QUEUE 2
33	DUPLICATED_1 79
33	DUPLICATED_2 3
33	EBUSY_RADIO_1 0
33	EBUSY_RADIO_2 0
33	TEST_NUMBER 3
33	SENT_TOTAL 0
33	RECEIVED_TOTAL 0
33	TIME_TOTAL 0
33	RECEIVED_RADIO_1 136
33	RECEIVED_RADIO_2 177
33	SENT_RADIO_1 173
33	SENT_RADIO_2 135
33	RADIO_TIME_1 20060
33	RADIO_TIME_2 20060
33	RETRANSMISSIONS_1 42
33	RETRANSMISSIONS_2 43
33	DROPPED_1 1
33	DROPPED_2 4
33	MAX_QUEUE 2
33	DUPLICATED_1 50
33	DUPLICATED_2 6
33	EBUSY_RADIO_1 0
33	EBUSY_RADIO_2 0
33	TEST_NUMBER 4
33	SENT_TOTAL 0
33	RECEIVED_TOTAL 0
33	TIME_TOTAL 0
33	RECEIVED_RADIO_1 128
33	RECEIVED_RADIO_2 182
33	SENT_RADIO_1 181
33	SENT_RADIO_2 127
33	RADIO_TIME_1 19794
33	RADIO_TIME_2 19794
33	RETRANSMISSIONS_1 26
33	RETRANSMISSIONS_2 11
33	DROPPED_1 1
33	DROPPED_2 1
33	MAX_QUEUE 2
33	DUPLICATED_1 70
33	DUPLICATED_2 4
33	EBUSY_RADIO_1 0
33	EBUSY_RADIO_2 0
33	TEST_NUMBER 5
33	SENT_TOTAL 0
33	RECEIVED_TOTAL 0
33	TIME_TOTAL 0
33	RECEIVED_RADIO_1 140
33	RECEIVED_RADIO_2 174
33	SENT_RADIO_1 173
33	SENT_RADIO_2 139
33	RADIO_TIME_1 19886
33	RADIO_TIME_2 19886
33	RETRANSMISSIONS_1 26
33	RETRANSMISSIONS_2 14
33	DROPPED_1 1
33	DROPPED_2 1
33	MAX_QUEUE 2
33	DUPLICATED_1 97
33	DUPLICATED_2 9
33	EBUSY_RADIO_1 0
33	EBUSY_RADIO_2 0
33	TEST_NUMBER 6
33	SENT_TOTAL 0
33	RECEIVED_TOTAL 0
33	TIME_TOTAL 0
33	RECEIVED_RADIO_1 128
33	RECEIVED_RADIO_2 180
33	SENT_RADIO_1 178
33	SENT_RADIO_2 127
33	RADIO_TIME_1 19903
33	RADIO_TIME_2 19903
33	RETRANSMISSIONS_1 30
33	RETRANSMISSIONS_2 12
33	DROPPED_1 1
33	DROPPED_2 1
33	MAX_QUEUE 2
33	DUPLICATED_1 49
33	DUPLICATED_2 3
33	EBUSY_RADIO_1 0
33	EBUSY_RADIO_2 0

34	DESTINATION_NODE 34
34	TEST_NUMBER 0
34	SENT_TOTAL 176
34	RECEIVED_TOTAL 176
34	TIME_TOTAL 19951
34	RECEIVED_RADIO_1 176
34	RECEIVED_RADIO_2 0
34	SENT_RADIO_1 123
34	SENT_RADIO_2 0
34	RADIO_TIME_1 19951
34	RADIO_TIME_2 19607
34	RETRANSMISSIONS_1 40
34	RETRANSMISSIONS_2 519
34	DROPPED_1 0
34	DROPPED_2 52
34	MAX_QUEUE 2
34	DUPLICATED_1 11
34	DUPLICATED_2 0
34	EBUSY_RADIO_1 0
34	EBUSY_RADIO_2 0
34	TEST_NUMBER 1
34	SENT_TOTAL 182
34	RECEIVED_TOTAL 182
34	TIME_TOTAL 19777
34	RECEIVED_RADIO_1 182
34	RECEIVED_RADIO_2 0
34	SENT_RADIO_1 126
34	SENT_RADIO_2 0
34	RADIO_TIME_1 19886
34	RADIO_TIME_2 19876
34	RETRANSMISSIONS_1 91
34	RETRANSMISSIONS_2 547
34	DROPPED_1 2
34	DROPPED_2 55
34	MAX_QUEUE 2
34	DUPLICATED_1 11
34	DUPLICATED_2 0
34	EBUSY_RADIO_1 0
34	EBUSY_RADIO_2 0
34	TEST_NUMBER 2
34	SENT_TOTAL 180
34	RECEIVED_TOTAL 180
34	TIME_TOTAL 19686
34	RECEIVED_RADIO_1 179
34	RECEIVED_RADIO_2 1
34	SENT_RADIO_1 122
34	SENT_RADIO_2 0
34	RADIO_TIME_1 19686
34	RADIO_TIME_2 19530
34	RETRANSMISSIONS_1 79
34	RETRANSMISSIONS_2 549
34	DROPPED_1 2
34	DROPPED_2 55
34	MAX_QUEUE 2
34	DUPLICATED_1 21
34	DUPLICATED_2 0
34	EBUSY_RADIO_1 0
34	EBUSY_RADIO_2 0
34	TEST_NUMBER 3
34	SENT_TOTAL 191
34	RECEIVED_TOTAL 191
34	TIME_TOTAL 19944
34	RECEIVED_RADIO_1 173
34	RECEIVED_RADIO_2 18
34	SENT_RADIO_1 135
34	SENT_RADIO_2 3
34	RADIO_TIME_1 20045
34	RADIO_TIME_2 20038
34	RETRANSMISSIONS_1 50
34	RETRANSMISSIONS_2 554
34	DROPPED_1 1
34	DROPPED_2 53
34	MAX_QUEUE 2
34	DUPLICATED_1 32
34	DUPLICATED_2 7
34	EBUSY_RADIO_1 0
34	EBUSY_RADIO_2 0
34	TEST_NUMBER 4
34	SENT_TOTAL 182
34	RECEIVED_TOTAL 182
34	TIME_TOTAL 19771
34	RECEIVED_RADIO_1 181
34	RECEIVED_RADIO_2 1
34	SENT_RADIO_1 127
34	SENT_RADIO_2 0
34	RADIO_TIME_1 19778
34	RADIO_TIME_2 19776
34	RETRANSMISSIONS_1 70
34	RETRANSMISSIONS_2 531
34	DROPPED_1 1
34	DROPPED_2 53
34	MAX_QUEUE 2
34	DUPLICATED_1 16
34	DUPLICATED_2 0
34	EBUSY_RADIO_1 0
34	EBUSY_RADIO_2 0
34	TEST_NUMBER 5
34	SENT_TOTAL 194
34	RECEIVED_TOTAL 194
34	TIME_TOTAL 19857
34	RECEIVED_RADIO_1 173
34	RECEIVED_RADIO_2 21
34	SENT_RADIO_1 139
34	SENT_RADIO_2 3
34	RADIO_TIME_1 19874
34	RADIO_TIME_2 19872
34	RETRANSMISSIONS_1 97
34	RETRANSMISSIONS_2 535
34	DROPPED_1 1
34	DROPPED_2 51
34	MAX_QUEUE 2
34	DUPLICATED_1 16
34	DUPLICATED_2 20
34	EBUSY_RADIO_1 0
34	EBUSY_RADIO_2 0
34	TEST_NUMBER 6
34	SENT_TOTAL 179
34	RECEIVED_TOTAL 179
34	TIME_TOTAL 19790
34	RECEIVED_RADIO_1 179
34	RECEIVED_RADIO_2 0
34	SENT_RADIO_1 128
34	SENT_RADIO_2 0
34	RADIO_TIME_1 19890
34	RADIO_TIME_2 19883
34	RETRANSMISSIONS_1 49
34	RETRANSMISSIONS_2 511
34	DROPPED_1 0
34	DROPPED_2 52
34	MAX_QUEUE 2
34	DUPLICATED_1 19
34	DUPLICATED_2 0
34	EBUSY_RADIO_1 0
34	EBUSY_RADIO_2 0
