
1	RELAY_NODE 1
1	TEST_NUMBER 0
1	SENT_TOTAL 0
1	RECEIVED_TOTAL 0
1	TIME_TOTAL 0
1	RECEIVED_RADIO_1 125
1	RECEIVED_RADIO_2 63
1	SENT_RADIO_1 63
1	SENT_RADIO_2 125
1	RADIO_TIME_1 19764
1	RADIO_TIME_2 19764
1	RETRANSMISSIONS_1 0
1	RETRANSMISSIONS_2 0
1	DROPPED_1 0
1	DROPPED_2 0
1	MAX_QUEUE 1
1	DUPLICATED_1 0
1	DUPLICATED_2 0
1	EBUSY_RADIO_1 0
1	EBUSY_RADIO_2 0
1	TEST_NUMBER 1
1	SENT_TOTAL 0
1	RECEIVED_TOTAL 0
1	TIME_TOTAL 0
1	RECEIVED_RADIO_1 124
1	RECEIVED_RADIO_2 74
1	SENT_RADIO_1 9
1	SENT_RADIO_2 124
1	RADIO_TIME_1 19764
1	RADIO_TIME_2 19764
1	RETRANSMISSIONS_1 430
1	RETRANSMISSIONS_2 210
1	DROPPED_1 43
1	DROPPED_2 21
1	MAX_QUEUE 2
1	DUPLICATED_1 0
1	DUPLICATED_2 0
1	EBUSY_RADIO_1 0
1	EBUSY_RADIO_2 0
1	TEST_NUMBER 2
1	SENT_TOTAL 0
1	RECEIVED_TOTAL 0
1	TIME_TOTAL 0
1	RECEIVED_RADIO_1 125
1	RECEIVED_RADIO_2 79
1	SENT_RADIO_1 0
1	SENT_RADIO_2 125
1	RADIO_TIME_1 19892
1	RADIO_TIME_2 19892
1	RETRANSMISSIONS_1 469
1	RETRANSMISSIONS_2 319
1	DROPPED_1 47
1	DROPPED_2 32
1	MAX_QUEUE 2
1	DUPLICATED_1 1
1	DUPLICATED_2 0
1	EBUSY_RADIO_1 0
1	EBUSY_RADIO_2 0
1	TEST_NUMBER 3
1	SENT_TOTAL 0
1	RECEIVED_TOTAL 0
1	TIME_TOTAL 0
1	RECEIVED_RADIO_1 125
1	RECEIVED_RADIO_2 78
1	SENT_RADIO_1 0
1	SENT_RADIO_2 125
1	RADIO_TIME_1 19929
1	RADIO_TIME_2 19832
1	RETRANSMISSIONS_1 459
1	RETRANSMISSIONS_2 319
1	DROPPED_1 46
1	DROPPED_2 32
1	MAX_QUEUE 2
1	DUPLICATED_1 0
1	DUPLICATED_2 0
1	EBUSY_RADIO_1 0
1	EBUSY_RADIO_2 0
1	TEST_NUMBER 4
1	SENT_TOTAL 0
1	RECEIVED_TOTAL 0
1	TIME_TOTAL 0
1	RECEIVED_RADIO_1 123
1	RECEIVED_RADIO_2 77
1	SENT_RADIO_1 0
1	SENT_RADIO_2 123
1	RADIO_TIME_1 22936
1	RADIO_TIME_2 22936
1	RETRANSMISSIONS_1 449
1	RETRANSMISSIONS_2 319
1	DROPPED_1 45
1	DROPPED_2 32
1	MAX_QUEUE 2
1	DUPLICATED_1 3
1	DUPLICATED_2 0
1	EBUSY_RADIO_1 0
1	EBUSY_RADIO_2 0
1	TEST_NUMBER 5
1	SENT_TOTAL 0
1	RECEIVED_TOTAL 0
1	TIME_TOTAL 0
1	RECEIVED_RADIO_1 123
1	RECEIVED_RADIO_2 75
1	SENT_RADIO_1 0
1	SENT_RADIO_2 123
1	RADIO_TIME_1 19791
1	RADIO_TIME_2 19791
1	RETRANSMISSIONS_1 479
1	RETRANSMISSIONS_2 269
1	DROPPED_1 48
1	DROPPED_2 27
1	MAX_QUEUE 2
1	DUPLICATED_1 3
1	DUPLICATED_2 0
1	EBUSY_RADIO_1 0
1	EBUSY_RADIO_2 0
1	TEST_NUMBER 6
1	SENT_TOTAL 0
1	RECEIVED_TOTAL 0
1	TIME_TOTAL 0
1	RECEIVED_RADIO_1 124
1	RECEIVED_RADIO_2 79
1	SENT_RADIO_1 0
1	SENT_RADIO_2 124
1	RADIO_TIME_1 19794
1	RADIO_TIME_2 19794
1	RETRANSMISSIONS_1 449
1	RETRANSMISSIONS_2 341
1	DROPPED_1 45
1	DROPPED_2 34
1	MAX_QUEUE 2
1	DUPLICATED_1 2
1	DUPLICATED_2 0
1	EBUSY_RADIO_1 0
1	EBUSY_RADIO_2 0

5	SOURCE_NODE 5
5	84 1
5	83 1
5	85 1
5	79 39
5	84 2
5	84 3
5	83 3
5	85 3
5	79 68
5	84 4
5	84 5
5	83 5
5	85 5
5	79 57
5	84 6
5	84 7
5	84 8
5	83 8
5	85 7
5	79 82
5	84 9
5	83 9
5	85 9
5	79 53
5	84 10
5	84 11
5	84 12
5	83 12
5	85 11
5	79 82
5	84 13
5	83 13
5	85 13
5	79 57
5	84 14
5	84 15
5	84 16
5	83 16
5	85 15
5	79 81
5	84 17
5	83 17
5	85 17
5	79 45
5	84 18
5	84 19
5	83 19
5	85 19
5	79 76
5	84 20
5	84 1
5	83 1
5	85 1
5	79 54
5	84 2
5	84 3
5	84 4
5	83 4
5	85 3
5	79 81
5	84 5
5	83 5
5	85 5
5	79 56
5	84 6
5	84 7
5	84 8
5	83 8
5	85 7
5	79 83
5	84 9
5	83 9
5	85 9
5	79 54
5	84 10
5	84 11
5	84 12
5	83 12
5	85 11
5	79 89
5	84 13
5	83 13
5	85 13
5	79 50
5	84 14
5	84 15
5	84 16
5	83 16
5	85 15
5	79 84
5	84 17
5	83 17
5	85 17
5	79 56
5	84 18
5	84 19
5	84 20
5	83 20
5	85 19
5	79 81
5	84 1
5	83 1
5	85 1
5	79 48
5	84 2
5	84 3
5	83 3
5	85 3
5	79 80
5	84 4
5	84 5
5	83 5
5	85 5
5	79 51
5	84 6
5	84 7
5	83 7
5	85 7
5	79 79
5	84 8
5	84 9
5	83 9
5	85 9
5	79 56
5	84 10
5	84 11
5	84 12
5	83 12
5	85 11
5	79 85
5	84 13
5	83 13
5	85 13
5	79 51
5	84 14
5	84 15
5	84 16
5	83 16
5	85 15
5	79 80
5	84 17
5	83 17
5	85 17
5	79 56
5	84 18
5	84 19
5	83 19
5	85 19
5	79 79
5	84 20
5	84 1
5	83 1
5	85 1
5	79 54
5	84 2
5	84 3
5	83 3
5	85 3
5	79 78
5	84 4
5	84 5
5	84 6
5	83 6
5	85 5
5	79 89
5	84 7
5	83 7
5	85 7
5	79 53
5	84 8
5	84 9
5	84 10
5	83 10
5	85 9
5	79 84
5	84 11
5	83 11
5	85 11
5	79 53
5	84 12
5	84 13
5	84 14
5	83 14
5	85 13
5	79 81
5	84 15
5	83 15
5	85 15
5	79 50
5	84 16
5	84 17
5	84 18
5	83 18
5	85 17
5	79 83
5	84 19
5	83 19
5	85 19
5	79 54
5	84 20
5	84 1
5	83 1
5	85 1
5	79 80
5	84 2
5	84 3
5	83 3
5	85 3
5	79 55
5	84 4
5	84 5
5	83 5
5	85 5
5	79 80
5	84 6
5	84 7
5	83 7
5	85 7
5	79 52
5	84 8
5	84 9
5	84 10
5	83 10
5	85 9
5	79 84
5	84 11
5	83 11
5	85 11
5	79 52
5	84 12
5	84 13
5	84 14
5	83 14
5	85 13
5	79 88
5	84 15
5	83 15
5	85 15
5	79 55
5	84 16
5	84 17
5	84 18
5	83 18
5	85 17
5	79 84
5	84 19
5	83 19
5	85 19
5	79 55
5	84 20
5	84 1
5	83 1
5	85 1
5	79 77
5	84 2
5	84 3
5	83 3
5	85 3
5	79 51
5	84 4
5	84 5
5	83 5
5	85 5
5	79 76
5	84 6
5	84 7
5	83 7
5	85 7
5	79 61
5	84 8
5	84 9
5	83 9
5	85 9
5	79 77
5	84 10
5	84 11
5	83 11
5	85 11
5	79 46
5	84 12
5	84 13
5	83 13
5	85 13
5	79 76
5	84 14
5	84 15
5	83 15
5	85 15
5	79 56
5	84 16
5	84 17
5	84 18
5	83 18
5	85 17
5	79 86
5	84 19
5	84 20
5	83 20
5	85 19
5	79 82
5	84 1
5	83 1
5	85 1
5	79 44
5	84 2
5	84 3
5	84 4
5	83 4
5	85 3
5	79 86
5	84 5
5	83 5
5	85 5
5	79 54
5	84 6
5	84 7
5	84 8
5	83 8
5	85 7
5	79 90
5	84 9
5	83 9
5	85 9
5	79 53
5	84 10
5	84 11
5	83 11
5	85 11
5	79 78
5	84 12
5	84 13
5	83 13
5	85 13
5	79 50
5	84 14
5	84 15
5	84 16
5	83 16
5	85 15
5	79 92
5	84 17
5	83 17
5	85 17
5	79 51
5	84 18
5	84 19
5	83 19
5	85 19
5	79 79
5	84 20
5	84 1
5	83 1
5	85 1
5	79 55
5	84 2
5	84 3
5	83 3
5	85 3
5	79 78
5	84 4
5	84 5
5	83 5
5	85 5
5	79 55
5	84 6
5	84 7
5	84 8
5	83 8
5	85 7
5	79 84
5	84 9
5	83 9
5	85 9
5	79 58
5	84 10
5	84 11
5	83 11
5	85 11
5	79 73
5	84 12
5	84 13
5	83 13
5	85 13
5	79 52
5	84 14
5	84 15
5	83 15
5	85 15
5	79 77
5	84 16
5	84 17
5	83 17
5	85 17
5	79 62
5	84 18
5	84 19
5	84 20
5	83 20
5	85 19
5	79 81
5	84 1
5	83 1
5	85 1
5	79 59
5	84 2
5	84 3
5	84 4
5	83 4
5	85 3
5	79 83
5	84 5
5	83 5
5	85 5
5	79 52
5	84 6
5	84 7
5	84 8
5	83 8
5	85 7
5	79 83
5	84 9
5	83 9
5	85 9
5	79 55
5	84 10
5	84 11
5	83 11
5	85 11
5	79 76
5	84 12
5	84 13
5	83 13
5	85 13
5	79 52
5	84 14
5	84 15
5	84 16
5	83 16
5	85 15
5	79 96
5	84 17
5	83 17
5	85 17
5	79 51
5	84 18
5	84 19
5	84 20
5	83 20
5	85 19
5	79 83
5	84 1
5	83 1
5	85 1
5	79 53
5	84 2
5	84 3
5	84 4
5	84 5
5	83 5
5	85 5
5	79 72
5	84 6
5	83 6
5	85 3
5	79 250
5	84 7
5	84 8
5	83 8
5	85 7
5	79 86
5	84 9
5	83 9
5	85 9
5	79 57
5	84 10
5	84 11
5	83 11
5	85 11
5	79 78
5	84 12
5	84 13
5	83 13
5	85 13
5	79 44
5	84 14
5	84 15
5	84 16
5	83 16
5	85 15
5	79 86
5	84 17
5	83 17
5	85 17
5	79 63
5	84 18
5	84 19
5	84 20
5	83 20
5	85 19
5	79 87
5	84 1
5	83 1
5	85 1
5	79 51
5	84 2
5	84 3
5	84 4
5	83 4
5	85 3
5	79 86
5	84 5
5	83 5
5	85 5
5	79 49
5	84 6
5	84 7
5	84 8
5	83 8
5	85 7
5	79 80
5	84 9
5	83 9
5	85 9
5	79 56
5	84 10
5	84 11
5	83 11
5	85 11
5	79 79
5	84 12
5	84 13
5	83 13
5	85 13
5	79 55
5	84 14
5	84 15
5	83 15
5	85 15
5	79 77
5	84 16
5	84 17
5	83 17
5	85 17
5	79 59
5	84 18
5	84 19
5	83 19
5	85 19
5	79 78
5	84 20
5	84 1
5	83 1
5	85 1
5	79 53
5	84 2
5	84 3
5	84 4
5	83 4
5	85 3
5	79 83
5	84 5
5	83 5
5	85 5
5	79 51
5	84 6
5	84 7
5	83 7
5	85 7
5	79 74
5	84 8
5	84 9
5	83 9
5	85 9
5	79 57
5	84 10
5	84 11
5	84 12
5	83 12
5	85 11
5	79 82
5	84 13
5	83 13
5	85 13
5	79 47
5	84 14
5	84 15
5	84 16
5	83 16
5	85 15
5	79 82
5	84 17
5	83 17
5	85 17
5	79 57
5	84 18
5	84 19
5	84 20
5	83 20
5	85 19
5	79 81
5	84 1
5	83 1
5	85 1
5	79 52
5	84 2
5	84 3
5	84 4
5	83 4
5	85 3
5	79 80
5	84 5
5	83 5
5	85 5
5	79 56
5	84 6
5	84 7
5	84 8
5	83 8
5	85 7
5	79 84
5	84 9
5	83 9
5	85 9
5	79 51
5	84 10
5	TEST_NUMBER 0
5	SENT_TOTAL 250
5	RECEIVED_TOTAL 125
5	TIME_TOTAL 19775
5	RECEIVED_RADIO_1 63
5	RECEIVED_RADIO_2 62
5	SENT_RADIO_1 125
5	SENT_RADIO_2 124
5	RADIO_TIME_1 19763
5	RADIO_TIME_2 19804
5	RETRANSMISSIONS_1 0
5	RETRANSMISSIONS_2 0
5	DROPPED_1 0
5	DROPPED_2 0
5	MAX_QUEUE 1
5	DUPLICATED_1 0
5	DUPLICATED_2 0
5	EBUSY_RADIO_1 0
5	EBUSY_RADIO_2 0
5	84 1
5	84 2
5	83 2
5	85 1
5	79 81
5	84 3
5	83 3
5	85 3
5	79 51
5	84 4
5	84 5
5	83 5
5	85 5
5	79 79
5	84 6
5	84 7
5	83 7
5	85 7
5	79 46
5	84 8
5	84 9
5	83 9
5	85 9
5	79 79
5	84 10
5	84 11
5	83 11
5	85 11
5	79 53
5	84 12
5	84 13
5	84 14
5	83 14
5	85 13
5	79 82
5	84 15
5	84 16
5	83 16
5	85 15
5	79 89
5	84 17
5	83 17
5	85 17
5	79 54
5	84 18
5	84 19
5	84 20
5	83 20
5	85 19
5	79 82
5	84 1
5	83 1
5	85 1
5	79 53
5	84 2
5	84 3
5	84 4
5	83 4
5	85 3
5	79 81
5	84 5
5	83 5
5	85 5
5	79 50
5	84 6
5	84 7
5	84 8
5	83 8
5	85 7
5	79 82
5	84 9
5	83 9
5	85 9
5	79 58
5	84 10
5	84 11
5	84 12
5	83 12
5	85 11
5	79 82
5	84 13
5	83 13
5	85 13
5	79 51
5	84 14
5	84 15
5	84 16
5	84 17
5	83 17
5	85 17
5	79 51
5	84 18
5	84 19
5	84 20
5	84 1
5	83 1
5	85 1
5	79 51
5	84 2
5	84 3
5	84 4
5	84 5
5	84 6
5	84 7
5	83 7
5	85 5
5	79 167
5	83 7
5	85 7
5	79 47
5	84 8
5	84 9
5	84 10
5	84 11
5	84 12
5	84 13
5	83 13
5	85 13
5	79 56
5	84 14
5	84 15
5	84 16
5	84 17
5	84 18
5	84 19
5	83 19
5	85 17
5	79 227
5	84 20
5	84 1
5	83 1
5	85 20
5	79 157
5	84 2
5	83 2
5	85 2
5	79 53
5	84 3
5	84 4
5	84 5
5	84 6
5	84 7
5	83 7
5	85 6
5	79 159
5	84 8
5	83 8
5	85 8
5	79 55
5	84 9
5	84 10
5	84 11
5	84 12
5	84 13
5	84 14
5	83 14
5	85 12
5	79 184
5	83 14
5	85 14
5	79 51
5	84 15
5	84 16
5	84 17
5	84 18
5	83 18
5	85 18
5	79 63
5	84 19
5	84 20
5	84 1
5	84 2
5	84 3
5	84 4
5	83 4
5	85 2
5	79 189
5	83 4
5	85 4
5	79 52
5	84 5
5	84 6
5	84 7
5	84 8
5	84 9
5	84 10
5	83 10
5	85 8
5	79 168
5	83 10
5	85 10
5	79 46
5	84 11
5	84 12
5	84 13
5	84 14
5	84 15
5	84 16
5	83 16
5	85 14
5	79 174
5	83 16
5	85 16
5	79 54
5	84 17
5	84 18
5	84 19
5	84 20
5	83 20
5	85 20
5	79 54
5	84 1
5	84 2
5	84 3
5	84 4
5	83 4
5	85 4
5	79 52
5	84 5
5	84 6
5	84 7
5	84 8
5	83 8
5	85 8
5	79 52
5	84 9
5	84 10
5	84 11
5	84 12
5	83 12
5	85 12
5	79 53
5	84 13
5	84 14
5	84 15
5	84 16
5	83 16
5	85 16
5	79 58
5	84 17
5	84 18
5	84 19
5	84 20
5	83 20
5	85 20
5	79 51
5	84 1
5	84 2
5	84 3
5	84 4
5	83 4
5	85 4
5	79 52
5	84 5
5	84 6
5	84 7
5	84 8
5	83 8
5	85 8
5	79 51
5	84 9
5	84 10
5	84 11
5	84 12
5	84 13
5	84 14
5	83 14
5	85 12
5	79 168
5	83 14
5	85 14
5	79 53
5	84 15
5	84 16
5	84 17
5	84 18
5	84 19
5	84 20
5	83 20
5	85 18
5	79 164
5	83 20
5	85 20
5	79 56
5	84 1
5	84 2
5	84 3
5	84 4
5	83 4
5	85 4
5	79 58
5	84 5
5	84 6
5	84 7
5	84 8
5	84 9
5	84 10
5	83 10
5	85 8
5	79 185
5	83 10
5	85 10
5	79 50
5	84 11
5	84 12
5	84 13
5	84 14
5	83 14
5	85 14
5	79 59
5	84 15
5	84 16
5	84 17
5	84 18
5	84 19
5	83 19
5	85 18
5	79 158
5	84 20
5	83 20
5	85 20
5	79 54
5	84 1
5	84 2
5	84 3
5	84 4
5	84 5
5	84 6
5	83 6
5	85 4
5	79 169
5	83 6
5	85 6
5	79 50
5	84 7
5	84 8
5	84 9
5	84 10
5	83 10
5	85 10
5	79 52
5	84 11
5	84 12
5	84 13
5	84 14
5	84 15
5	84 16
5	83 16
5	85 14
5	79 164
5	83 16
5	85 16
5	79 52
5	84 17
5	84 18
5	84 19
5	84 20
5	83 20
5	85 20
5	79 60
5	84 1
5	84 2
5	84 3
5	84 4
5	84 5
5	84 6
5	83 6
5	85 4
5	79 170
5	83 6
5	85 6
5	79 54
5	84 7
5	84 8
5	84 9
5	84 10
5	83 10
5	85 10
5	79 53
5	84 11
5	84 12
5	84 13
5	84 14
5	83 14
5	85 14
5	79 58
5	84 15
5	84 16
5	84 17
5	84 18
5	83 18
5	85 18
5	79 57
5	84 19
5	84 20
5	84 1
5	84 2
5	84 3
5	84 4
5	83 4
5	85 2
5	79 188
5	83 4
5	85 4
5	79 56
5	84 5
5	84 6
5	84 7
5	84 8
5	84 9
5	84 10
5	83 10
5	85 8
5	79 187
5	83 10
5	85 10
5	79 53
5	84 11
5	84 12
5	84 13
5	84 14
5	84 15
5	83 15
5	85 14
5	79 154
5	84 16
5	83 16
5	85 16
5	79 49
5	84 17
5	84 18
5	84 19
5	84 20
5	84 1
5	84 2
5	83 2
5	85 20
5	79 228
5	84 3
5	83 3
5	85 3
5	79 53
5	84 4
5	84 5
5	84 6
5	84 7
5	83 7
5	85 7
5	79 51
5	84 8
5	84 9
5	84 10
5	84 11
5	84 12
5	84 13
5	83 13
5	85 13
5	79 55
5	84 14
5	84 15
5	84 16
5	84 17
5	84 18
5	84 19
5	83 19
5	85 17
5	79 171
5	83 19
5	85 19
5	79 54
5	84 20
5	84 1
5	84 2
5	84 3
5	84 4
5	84 5
5	83 5
5	85 3
5	79 162
5	83 5
5	85 5
5	79 54
5	84 6
5	84 7
5	84 8
5	84 9
5	83 9
5	85 9
5	79 52
5	84 10
5	TEST_NUMBER 1
5	SENT_TOTAL 250
5	RECEIVED_TOTAL 80
5	TIME_TOTAL 19734
5	RECEIVED_RADIO_1 9
5	RECEIVED_RADIO_2 71
5	SENT_RADIO_1 124
5	SENT_RADIO_2 126
5	RADIO_TIME_1 19763
5	RADIO_TIME_2 19763
5	RETRANSMISSIONS_1 2
5	RETRANSMISSIONS_2 0
5	DROPPED_1 0
5	DROPPED_2 0
5	MAX_QUEUE 1
5	DUPLICATED_1 0
5	DUPLICATED_2 0
5	EBUSY_RADIO_1 0
5	EBUSY_RADIO_2 0
5	84 1
5	84 2
5	84 3
5	83 3
5	85 3
5	79 50
5	84 4
5	84 5
5	84 6
5	84 7
5	84 8
5	84 9
5	84 10
5	84 11
5	83 11
5	85 9
5	79 172
5	83 11
5	85 11
5	79 52
5	84 12
5	84 13
5	84 14
5	84 15
5	84 16
5	84 17
5	83 17
5	85 15
5	79 175
5	83 17
5	85 17
5	79 49
5	84 18
5	84 19
5	84 20
5	84 1
5	83 1
5	85 1
5	79 56
5	84 2
5	84 3
5	84 4
5	84 5
5	83 5
5	85 5
5	79 55
5	84 6
5	84 7
5	84 8
5	84 9
5	84 10
5	84 11
5	83 11
5	85 9
5	79 183
5	83 11
5	85 11
5	79 59
5	84 12
5	84 13
5	84 14
5	84 15
5	83 15
5	85 15
5	79 69
5	84 16
5	84 17
5	84 18
5	84 19
5	84 20
5	84 1
5	83 1
5	85 19
5	79 175
5	83 1
5	85 1
5	79 51
5	84 2
5	84 3
5	84 4
5	84 5
5	83 5
5	85 5
5	79 60
5	84 6
5	84 7
5	84 8
5	84 9
5	84 10
5	84 11
5	83 11
5	85 9
5	79 167
5	83 11
5	85 11
5	79 51
5	84 12
5	84 13
5	84 14
5	84 15
5	84 16
5	84 17
5	83 17
5	85 15
5	79 172
5	83 17
5	85 17
5	79 50
5	84 18
5	84 19
5	84 20
5	84 1
5	84 2
5	84 3
5	83 3
5	85 1
5	79 180
5	83 3
5	85 3
5	79 52
5	84 4
5	84 5
5	84 6
5	84 7
5	83 7
5	85 7
5	79 52
5	84 8
5	84 9
5	84 10
5	84 11
5	84 12
5	84 13
5	83 13
5	85 11
5	79 177
5	83 13
5	85 13
5	79 55
5	84 14
5	84 15
5	84 16
5	84 17
5	84 18
5	84 19
5	83 19
5	85 17
5	79 180
5	83 19
5	85 19
5	79 54
5	84 20
5	84 1
5	84 2
5	84 3
5	84 4
5	84 5
5	83 5
5	85 3
5	79 172
5	83 5
5	85 5
5	79 54
5	84 6
5	84 7
5	84 8
5	84 9
5	84 10
5	84 11
5	83 11
5	85 9
5	79 169
5	83 11
5	85 11
5	79 49
5	84 12
5	84 13
5	84 14
5	84 15
5	83 15
5	85 15
5	79 53
5	84 16
5	84 17
5	84 18
5	84 19
5	84 20
5	84 1
5	83 1
5	85 19
5	79 176
5	83 1
5	85 1
5	79 58
5	84 2
5	84 3
5	84 4
5	84 5
5	83 5
5	85 5
5	79 58
5	84 6
5	84 7
5	84 8
5	84 9
5	83 9
5	85 9
5	79 63
5	84 10
5	84 11
5	84 12
5	84 13
5	84 14
5	84 15
5	83 15
5	85 13
5	79 177
5	83 15
5	85 15
5	79 46
5	84 16
5	84 17
5	84 18
5	84 19
5	84 20
5	84 1
5	83 1
5	85 19
5	79 184
5	83 1
5	85 1
5	79 49
5	84 2
5	84 3
5	84 4
5	84 5
5	83 5
5	85 5
5	79 51
5	84 6
5	84 7
5	84 8
5	84 9
5	84 10
5	84 11
5	83 11
5	85 9
5	79 180
5	83 11
5	85 11
5	79 52
5	84 12
5	84 13
5	84 14
5	84 15
5	84 16
5	84 17
5	83 17
5	85 15
5	79 175
5	83 17
5	85 17
5	79 56
5	84 18
5	84 19
5	84 20
5	84 1
5	84 2
5	84 3
5	83 3
5	85 1
5	79 163
5	83 3
5	85 3
5	79 53
5	84 4
5	84 5
5	84 6
5	84 7
5	84 8
5	83 8
5	85 7
5	79 158
5	84 9
5	83 9
5	85 9
5	79 50
5	84 10
5	84 11
5	84 12
5	84 13
5	84 14
5	84 15
5	83 15
5	85 13
5	79 164
5	83 15
5	85 15
5	79 55
5	84 16
5	84 17
5	84 18
5	84 19
5	84 20
5	84 1
5	83 1
5	85 19
5	79 178
5	83 1
5	85 1
5	79 55
5	84 2
5	84 3
5	84 4
5	84 5
5	84 6
5	84 7
5	83 7
5	85 5
5	79 172
5	83 7
5	85 7
5	79 53
5	84 8
5	84 9
5	84 10
5	84 11
5	84 12
5	84 13
5	83 13
5	85 11
5	79 187
5	83 13
5	85 13
5	79 54
5	84 14
5	84 15
5	84 16
5	84 17
5	84 18
5	84 19
5	83 19
5	85 17
5	79 175
5	83 19
5	85 19
5	79 47
5	84 20
5	84 1
5	84 2
5	84 3
5	84 4
5	84 5
5	83 5
5	85 3
5	79 176
5	83 5
5	85 5
5	79 56
5	84 6
5	84 7
5	84 8
5	84 9
5	84 10
5	84 11
5	83 11
5	85 9
5	79 170
5	83 11
5	85 11
5	79 62
5	84 12
5	84 13
5	84 14
5	84 15
5	84 16
5	84 17
5	83 17
5	85 15
5	79 173
5	83 17
5	85 17
5	79 55
5	84 18
5	84 19
5	84 20
5	84 1
5	83 1
5	85 1
5	79 56
5	84 2
5	84 3
5	84 4
5	84 5
5	84 6
5	84 7
5	83 7
5	85 5
5	79 166
5	83 7
5	85 7
5	79 51
5	84 8
5	84 9
5	84 10
5	84 11
5	84 12
5	84 13
5	84 14
5	83 14
5	85 12
5	79 171
5	83 14
5	85 14
5	79 56
5	84 15
5	84 16
5	84 17
5	84 18
5	84 19
5	84 20
5	83 20
5	85 18
5	79 174
5	83 20
5	85 20
5	79 53
5	84 1
5	84 2
5	84 3
5	84 4
5	84 5
5	84 6
5	83 6
5	85 4
5	79 168
5	83 6
5	85 6
5	79 64
5	84 7
5	84 8
5	84 9
5	84 10
5	83 10
5	85 10
5	79 59
5	84 11
5	84 12
5	84 13
5	84 14
5	84 15
5	84 16
5	83 16
5	85 14
5	79 183
5	83 16
5	85 16
5	79 54
5	84 17
5	84 18
5	84 19
5	84 20
5	83 20
5	85 20
5	79 55
5	84 1
5	84 2
5	84 3
5	84 4
5	83 4
5	85 4
5	79 56
5	84 5
5	84 6
5	84 7
5	84 8
5	84 9
5	84 10
5	TEST_NUMBER 2
5	SENT_TOTAL 250
5	RECEIVED_TOTAL 76
5	TIME_TOTAL 19211
5	RECEIVED_RADIO_1 0
5	RECEIVED_RADIO_2 76
5	SENT_RADIO_1 124
5	SENT_RADIO_2 126
5	RADIO_TIME_1 19843
5	RADIO_TIME_2 19683
5	RETRANSMISSIONS_1 1
5	RETRANSMISSIONS_2 0
5	DROPPED_1 0
5	DROPPED_2 0
5	MAX_QUEUE 1
5	DUPLICATED_1 0
5	DUPLICATED_2 1
5	EBUSY_RADIO_1 0
5	EBUSY_RADIO_2 0
5	83 0
5	85 8
5	86 2
5	83 0
5	85 10
5	86 2
5	84 1
5	84 2
5	84 3
5	84 4
5	83 4
5	85 4
5	79 56
5	84 5
5	84 6
5	84 7
5	84 8
5	84 9
5	84 10
5	83 10
5	85 8
5	79 171
5	83 10
5	85 10
5	79 54
5	84 11
5	84 12
5	84 13
5	84 14
5	84 15
5	84 16
5	83 16
5	85 14
5	79 172
5	83 16
5	85 16
5	79 59
5	84 17
5	84 18
5	84 19
5	84 20
5	84 1
5	84 2
5	83 2
5	85 20
5	79 173
5	83 2
5	85 2
5	79 47
5	84 3
5	84 4
5	84 5
5	84 6
5	84 7
5	84 8
5	83 8
5	85 6
5	79 174
5	83 8
5	85 8
5	79 52
5	84 9
5	84 10
5	84 11
5	84 12
5	84 13
5	84 14
5	83 14
5	85 12
5	79 167
5	83 14
5	85 14
5	79 53
5	84 15
5	84 16
5	84 17
5	84 18
5	84 19
5	84 20
5	83 20
5	85 18
5	79 175
5	83 20
5	85 20
5	79 54
5	84 1
5	84 2
5	84 3
5	84 4
5	84 5
5	84 6
5	83 6
5	85 4
5	79 177
5	83 6
5	85 6
5	79 58
5	84 7
5	84 8
5	84 9
5	84 10
5	84 11
5	84 12
5	83 12
5	85 10
5	79 173
5	83 12
5	85 12
5	79 58
5	84 13
5	84 14
5	83 14
5	85 14
5	79 71
5	84 15
5	84 16
5	84 17
5	84 18
5	84 19
5	84 20
5	83 20
5	85 18
5	79 164
5	83 20
5	85 20
5	79 58
5	84 1
5	84 2
5	84 3
5	84 4
5	84 5
5	84 6
5	83 6
5	85 4
5	79 165
5	83 6
5	85 6
5	79 60
5	84 7
5	84 8
5	84 9
5	84 10
5	84 11
5	84 12
5	83 12
5	85 10
5	79 165
5	83 12
5	85 12
5	79 50
5	84 13
5	84 14
5	84 15
5	84 16
5	84 17
5	84 18
5	83 18
5	85 16
5	79 170
5	83 18
5	85 18
5	79 50
5	84 19
5	84 20
5	84 1
5	84 2
5	84 3
5	84 4
5	83 4
5	85 2
5	79 168
5	83 4
5	85 4
5	79 53
5	84 5
5	84 6
5	84 7
5	84 8
5	84 9
5	84 10
5	83 10
5	85 8
5	79 178
5	83 10
5	85 10
5	79 58
5	84 11
5	84 12
5	84 13
5	84 14
5	84 15
5	84 16
5	83 16
5	85 14
5	79 163
5	83 16
5	85 16
5	79 57
5	84 17
5	84 18
5	84 19
5	84 20
5	84 1
5	84 2
5	83 2
5	85 20
5	79 164
5	83 2
5	85 2
5	79 50
5	84 3
5	84 4
5	84 5
5	84 6
5	84 7
5	84 8
5	83 8
5	85 6
5	79 173
5	83 8
5	85 8
5	79 50
5	84 9
5	84 10
5	84 11
5	84 12
5	83 12
5	85 12
5	79 62
5	84 13
5	84 14
5	84 15
5	84 16
5	84 17
5	84 18
5	83 18
5	85 16
5	79 165
5	83 18
5	85 18
5	79 61
5	84 19
5	84 20
5	84 1
5	84 2
5	83 2
5	85 2
5	79 47
5	84 3
5	84 4
5	84 5
5	84 6
5	84 7
5	84 8
5	83 8
5	85 6
5	79 176
5	83 8
5	85 8
5	79 52
5	84 9
5	84 10
5	84 11
5	84 12
5	84 13
5	84 14
5	83 14
5	85 12
5	79 170
5	83 14
5	85 14
5	79 61
5	84 15
5	84 16
5	83 16
5	85 16
5	79 62
5	84 17
5	84 18
5	84 19
5	84 20
5	84 1
5	84 2
5	83 2
5	85 2
5	79 55
5	84 3
5	84 4
5	84 5
5	84 6
5	84 7
5	84 8
5	83 8
5	85 6
5	79 187
5	83 8
5	85 8
5	79 51
5	84 9
5	84 10
5	84 11
5	84 12
5	84 13
5	84 14
5	83 14
5	85 12
5	79 174
5	83 14
5	85 14
5	79 52
5	84 15
5	84 16
5	84 17
5	84 18
5	84 19
5	84 20
5	83 20
5	85 18
5	79 172
5	83 20
5	85 20
5	79 49
5	84 1
5	84 2
5	84 3
5	84 4
5	83 4
5	85 4
5	79 59
5	84 5
5	84 6
5	84 7
5	84 8
5	83 8
5	85 8
5	79 43
5	84 9
5	84 10
5	84 11
5	84 12
5	83 12
5	85 12
5	79 56
5	84 13
5	84 14
5	84 15
5	84 16
5	83 16
5	85 16
5	79 58
5	84 17
5	84 18
5	84 19
5	84 20
5	83 20
5	85 20
5	79 60
5	84 1
5	84 2
5	84 3
5	84 4
5	84 5
5	84 6
5	83 6
5	85 4
5	79 189
5	83 6
5	85 6
5	79 51
5	84 7
5	84 8
5	84 9
5	84 10
5	83 10
5	85 10
5	79 57
5	84 11
5	84 12
5	84 13
5	84 14
5	83 14
5	85 14
5	79 62
5	84 15
5	84 16
5	84 17
5	84 18
5	84 19
5	84 20
5	83 20
5	85 18
5	79 178
5	83 20
5	85 20
5	79 48
5	84 1
5	84 2
5	84 3
5	84 4
5	84 5
5	84 6
5	83 6
5	85 4
5	79 171
5	83 6
5	85 6
5	79 52
5	84 7
5	84 8
5	84 9
5	84 10
5	84 11
5	84 12
5	83 12
5	85 10
5	79 180
5	83 12
5	85 12
5	79 60
5	84 13
5	84 14
5	84 15
5	84 16
5	84 17
5	84 18
5	83 18
5	85 16
5	79 168
5	83 18
5	85 18
5	79 53
5	84 19
5	84 20
5	84 1
5	84 2
5	83 2
5	85 2
5	79 54
5	84 3
5	84 4
5	84 5
5	84 6
5	84 7
5	84 8
5	83 8
5	85 6
5	79 171
5	83 8
5	85 8
5	79 51
5	84 9
5	84 10
5	84 11
5	84 12
5	83 12
5	85 12
5	79 58
5	84 13
5	84 14
5	84 15
5	84 16
5	83 16
5	85 16
5	79 60
5	84 17
5	84 18
5	84 19
5	84 20
5	84 1
5	84 2
5	83 2
5	85 20
5	79 168
5	83 2
5	85 2
5	79 50
5	84 3
5	84 4
5	84 5
5	84 6
5	84 7
5	84 8
5	83 8
5	85 6
5	79 170
5	83 8
5	85 8
5	79 53
5	84 9
5	84 10
5	TEST_NUMBER 3
5	SENT_TOTAL 250
5	RECEIVED_TOTAL 78
5	TIME_TOTAL 29758
5	RECEIVED_RADIO_1 0
5	RECEIVED_RADIO_2 80
5	SENT_RADIO_1 125
5	SENT_RADIO_2 125
5	RADIO_TIME_1 19763
5	RADIO_TIME_2 29785
5	RETRANSMISSIONS_1 0
5	RETRANSMISSIONS_2 0
5	DROPPED_1 0
5	DROPPED_2 0
5	MAX_QUEUE 1
5	DUPLICATED_1 0
5	DUPLICATED_2 2
5	EBUSY_RADIO_1 0
5	EBUSY_RADIO_2 0
5	84 1
5	84 2
5	83 2
5	85 2
5	79 52
5	84 3
5	84 4
5	84 5
5	84 6
5	83 6
5	85 6
5	79 56
5	84 7
5	84 8
5	84 9
5	84 10
5	83 10
5	85 10
5	79 52
5	84 11
5	84 12
5	84 13
5	84 14
5	84 15
5	84 16
5	83 16
5	85 14
5	79 178
5	83 16
5	85 16
5	79 58
5	84 17
5	84 18
5	84 19
5	84 20
5	84 1
5	84 2
5	83 2
5	85 20
5	79 170
5	83 2
5	85 2
5	79 51
5	84 3
5	84 4
5	84 5
5	84 6
5	84 7
5	83 7
5	85 6
5	79 155
5	84 8
5	83 8
5	85 8
5	79 56
5	84 9
5	84 10
5	84 11
5	84 12
5	84 13
5	84 14
5	83 14
5	85 12
5	79 170
5	83 14
5	85 14
5	79 63
5	84 15
5	84 16
5	83 16
5	85 16
5	79 62
5	84 17
5	84 18
5	84 19
5	84 20
5	84 1
5	84 2
5	83 2
5	85 20
5	79 171
5	83 2
5	85 2
5	79 52
5	84 3
5	84 4
5	84 5
5	84 6
5	84 7
5	84 8
5	84 9
5	83 9
5	85 7
5	79 177
5	83 9
5	85 9
5	79 50
5	84 10
5	84 11
5	84 12
5	84 13
5	84 14
5	84 15
5	83 15
5	85 13
5	79 180
5	83 15
5	85 15
5	79 48
5	84 16
5	84 17
5	84 18
5	84 19
5	84 20
5	84 1
5	83 1
5	85 19
5	79 181
5	83 1
5	85 1
5	79 51
5	84 2
5	84 3
5	84 4
5	84 5
5	83 5
5	85 5
5	79 52
5	84 6
5	84 7
5	84 8
5	84 9
5	84 10
5	84 11
5	83 11
5	85 9
5	79 163
5	83 11
5	85 11
5	79 55
5	84 12
5	84 13
5	84 14
5	84 15
5	83 15
5	85 15
5	79 50
5	84 16
5	84 17
5	84 18
5	84 19
5	83 19
5	85 19
5	79 53
5	84 20
5	84 1
5	84 2
5	84 3
5	83 3
5	85 3
5	79 57
5	84 4
5	84 5
5	84 6
5	84 7
5	84 8
5	84 9
5	83 9
5	85 7
5	79 184
5	83 9
5	85 9
5	79 54
5	84 10
5	84 11
5	84 12
5	84 13
5	83 13
5	85 13
5	79 51
5	84 14
5	84 15
5	84 16
5	84 17
5	84 18
5	84 19
5	83 19
5	85 17
5	79 180
5	83 19
5	85 19
5	79 48
5	84 20
5	84 1
5	84 2
5	84 3
5	84 4
5	84 5
5	83 5
5	85 3
5	79 177
5	83 5
5	85 5
5	79 57
5	84 6
5	84 7
5	84 8
5	84 9
5	83 9
5	85 9
5	79 50
5	84 10
5	84 11
5	84 12
5	84 13
5	84 14
5	84 15
5	83 15
5	85 15
5	79 49
5	84 16
5	84 17
5	84 18
5	84 19
5	84 20
5	84 1
5	83 1
5	85 19
5	79 182
5	83 1
5	85 1
5	79 51
5	84 2
5	84 3
5	84 4
5	84 5
5	84 6
5	84 7
5	84 8
5	83 8
5	85 6
5	79 183
5	84 9
5	84 10
5	84 11
5	84 12
5	83 12
5	85 10
5	79 187
5	83 12
5	85 12
5	79 51
5	84 13
5	84 14
5	84 15
5	84 16
5	84 17
5	84 18
5	83 18
5	85 16
5	79 169
5	83 18
5	85 18
5	79 51
5	84 19
5	84 20
5	84 1
5	84 2
5	83 2
5	85 2
5	79 62
5	84 3
5	84 4
5	84 5
5	84 6
5	83 6
5	85 6
5	79 52
5	84 7
5	84 8
5	84 9
5	84 10
5	84 11
5	84 12
5	83 12
5	85 10
5	79 173
5	83 12
5	85 12
5	79 54
5	84 13
5	84 14
5	84 15
5	84 16
5	84 17
5	84 18
5	83 18
5	85 16
5	79 183
5	83 18
5	85 18
5	79 55
5	84 19
5	84 20
5	84 1
5	84 2
5	83 2
5	85 2
5	79 58
5	84 3
5	84 4
5	84 5
5	84 6
5	83 6
5	85 6
5	79 60
5	84 7
5	84 8
5	84 9
5	84 10
5	84 11
5	84 12
5	83 12
5	85 10
5	79 172
5	83 12
5	85 12
5	79 56
5	84 13
5	84 14
5	84 15
5	84 16
5	84 17
5	84 18
5	83 18
5	85 16
5	79 173
5	83 18
5	85 18
5	79 56
5	84 19
5	84 20
5	84 1
5	84 2
5	84 3
5	84 4
5	84 5
5	83 5
5	85 3
5	79 174
5	83 5
5	85 5
5	79 60
5	84 6
5	84 7
5	84 8
5	84 9
5	84 10
5	84 11
5	83 11
5	85 9
5	79 177
5	83 11
5	85 11
5	79 61
5	84 12
5	84 13
5	84 14
5	84 15
5	84 16
5	84 17
5	83 17
5	85 15
5	79 170
5	83 17
5	85 17
5	79 57
5	84 18
5	84 19
5	84 20
5	84 1
5	84 2
5	84 3
5	83 3
5	85 1
5	79 161
5	83 3
5	85 3
5	79 57
5	84 4
5	84 5
5	84 6
5	84 7
5	84 8
5	84 9
5	83 9
5	85 7
5	79 177
5	83 9
5	85 9
5	79 57
5	84 10
5	84 11
5	84 12
5	84 13
5	83 13
5	85 13
5	79 61
5	84 14
5	84 15
5	84 16
5	84 17
5	84 18
5	84 19
5	83 19
5	85 17
5	79 178
5	83 19
5	85 19
5	79 54
5	84 20
5	84 1
5	84 2
5	84 3
5	84 4
5	84 5
5	83 5
5	85 3
5	79 176
5	83 5
5	85 5
5	79 50
5	84 6
5	84 7
5	84 8
5	84 9
5	84 10
5	84 11
5	83 11
5	85 9
5	79 176
5	83 11
5	85 11
5	79 52
5	84 12
5	84 13
5	84 14
5	84 15
5	84 16
5	84 17
5	83 17
5	85 15
5	79 180
5	83 17
5	85 17
5	79 56
5	84 18
5	84 19
5	84 20
5	84 1
5	84 2
5	84 3
5	83 3
5	85 1
5	79 177
5	83 3
5	85 3
5	79 57
5	84 4
5	84 5
5	84 6
5	84 7
5	84 8
5	84 9
5	83 9
5	85 7
5	79 173
5	83 9
5	85 9
5	79 54
5	84 10
5	TEST_NUMBER 4
5	SENT_TOTAL 250
5	RECEIVED_TOTAL 77
5	TIME_TOTAL 19685
5	RECEIVED_RADIO_1 0
5	RECEIVED_RADIO_2 77
5	SENT_RADIO_1 123
5	SENT_RADIO_2 126
5	RADIO_TIME_1 19683
5	RADIO_TIME_2 19843
5	RETRANSMISSIONS_1 4
5	RETRANSMISSIONS_2 0
5	DROPPED_1 0
5	DROPPED_2 0
5	MAX_QUEUE 1
5	DUPLICATED_1 0
5	DUPLICATED_2 2
5	EBUSY_RADIO_1 0
5	EBUSY_RADIO_2 0
5	84 1
5	84 2
5	84 3
5	84 4
5	83 4
5	85 4
5	79 54
5	84 5
5	84 6
5	84 7
5	84 8
5	84 9
5	84 10
5	83 10
5	85 8
5	79 183
5	83 10
5	85 10
5	79 57
5	84 11
5	84 12
5	84 13
5	84 14
5	84 15
5	84 16
5	84 17
5	83 17
5	85 15
5	79 178
5	83 17
5	85 17
5	79 48
5	84 18
5	84 19
5	84 20
5	84 1
5	83 1
5	85 1
5	79 60
5	84 2
5	84 3
5	84 4
5	84 5
5	84 6
5	84 7
5	83 7
5	85 7
5	79 53
5	84 8
5	84 9
5	84 10
5	84 11
5	84 12
5	84 13
5	83 13
5	85 11
5	79 187
5	84 14
5	84 15
5	84 16
5	84 17
5	83 17
5	85 15
5	79 185
5	83 17
5	85 17
5	79 61
5	84 18
5	84 19
5	83 19
5	85 19
5	79 59
5	84 20
5	84 1
5	84 2
5	84 3
5	83 3
5	85 3
5	79 50
5	84 4
5	84 5
5	84 6
5	84 7
5	83 7
5	85 7
5	79 51
5	84 8
5	84 9
5	84 10
5	84 11
5	83 11
5	85 11
5	79 55
5	84 12
5	84 13
5	84 14
5	84 15
5	84 16
5	84 17
5	83 17
5	85 15
5	79 228
5	84 18
5	84 19
5	84 20
5	83 20
5	85 18
5	79 166
5	83 20
5	85 20
5	79 53
5	84 1
5	84 2
5	84 3
5	84 4
5	84 5
5	84 6
5	83 6
5	85 4
5	79 167
5	83 6
5	85 6
5	79 55
5	84 7
5	84 8
5	84 9
5	84 10
5	83 10
5	85 10
5	79 57
5	84 11
5	84 12
5	84 13
5	84 14
5	83 14
5	85 14
5	79 57
5	84 15
5	84 16
5	84 17
5	84 18
5	84 19
5	84 20
5	83 20
5	85 18
5	79 179
5	83 20
5	85 20
5	79 60
5	84 1
5	84 2
5	84 3
5	84 4
5	83 4
5	85 4
5	79 58
5	84 5
5	84 6
5	84 7
5	84 8
5	83 8
5	85 8
5	79 57
5	84 9
5	84 10
5	84 11
5	84 12
5	84 13
5	84 14
5	83 14
5	85 12
5	79 165
5	83 14
5	85 14
5	79 64
5	84 15
5	84 16
5	84 17
5	84 18
5	84 19
5	83 19
5	85 18
5	79 152
5	84 20
5	83 20
5	85 20
5	79 60
5	84 1
5	84 2
5	84 3
5	84 4
5	84 5
5	84 6
5	83 6
5	85 4
5	79 173
5	83 6
5	85 6
5	79 53
5	84 7
5	84 8
5	84 9
5	84 10
5	84 11
5	84 12
5	83 12
5	85 10
5	79 171
5	83 12
5	85 12
5	79 55
5	84 13
5	84 14
5	84 15
5	84 16
5	84 17
5	84 18
5	83 18
5	85 16
5	79 165
5	83 18
5	85 18
5	79 62
5	84 19
5	84 20
5	84 1
5	84 2
5	83 2
5	85 2
5	79 51
5	84 3
5	84 4
5	84 5
5	84 6
5	84 7
5	84 8
5	83 8
5	85 6
5	79 235
5	84 9
5	83 9
5	85 9
5	79 53
5	84 10
5	84 11
5	84 12
5	84 13
5	83 13
5	85 13
5	79 60
5	84 14
5	84 15
5	84 16
5	84 17
5	83 17
5	85 17
5	79 61
5	84 18
5	84 19
5	84 20
5	84 1
5	84 2
5	84 3
5	83 3
5	85 1
5	79 171
5	83 3
5	85 3
5	79 53
5	84 4
5	84 5
5	84 6
5	84 7
5	84 8
5	84 9
5	83 9
5	85 7
5	79 174
5	83 9
5	85 9
5	79 52
5	84 10
5	84 11
5	84 12
5	84 13
5	84 14
5	84 15
5	84 16
5	83 16
5	85 14
5	79 184
5	83 16
5	85 16
5	79 55
5	84 17
5	84 18
5	84 19
5	84 20
5	84 1
5	84 2
5	83 2
5	85 20
5	79 193
5	83 2
5	85 2
5	79 60
5	84 3
5	84 4
5	84 5
5	84 6
5	84 7
5	84 8
5	83 8
5	85 6
5	79 189
5	83 8
5	85 8
5	79 52
5	84 9
5	84 10
5	84 11
5	84 12
5	84 13
5	84 14
5	83 14
5	85 12
5	79 170
5	83 14
5	85 14
5	79 62
5	84 15
5	84 16
5	83 16
5	85 16
5	79 68
5	84 17
5	84 18
5	84 19
5	84 20
5	83 20
5	85 20
5	79 49
5	84 1
5	84 2
5	84 3
5	84 4
5	83 4
5	85 4
5	79 54
5	84 5
5	84 6
5	84 7
5	84 8
5	83 8
5	85 8
5	79 57
5	84 9
5	84 10
5	84 11
5	84 12
5	83 12
5	85 12
5	79 55
5	84 13
5	84 14
5	84 15
5	84 16
5	84 17
5	84 18
5	83 18
5	85 16
5	79 176
5	83 18
5	85 18
5	79 56
5	84 19
5	84 20
5	84 1
5	84 2
5	84 3
5	84 4
5	83 4
5	85 2
5	79 174
5	83 4
5	85 4
5	79 58
5	84 5
5	84 6
5	83 6
5	85 6
5	79 72
5	84 7
5	84 8
5	84 9
5	84 10
5	84 11
5	84 12
5	83 12
5	85 10
5	79 191
5	83 12
5	85 12
5	79 50
5	84 13
5	84 14
5	84 15
5	84 16
5	84 17
5	84 18
5	83 18
5	85 16
5	79 175
5	83 18
5	85 18
5	79 54
5	84 19
5	84 20
5	84 1
5	84 2
5	84 3
5	84 4
5	83 4
5	85 2
5	79 171
5	83 4
5	85 4
5	79 48
5	84 5
5	84 6
5	84 7
5	84 8
5	83 8
5	85 8
5	79 57
5	84 9
5	84 10
5	84 11
5	84 12
5	83 12
5	85 12
5	79 59
5	84 13
5	84 14
5	84 15
5	84 16
5	84 17
5	84 18
5	83 18
5	85 16
5	79 170
5	83 18
5	85 18
5	79 53
5	84 19
5	84 20
5	84 1
5	84 2
5	84 3
5	84 4
5	83 4
5	85 2
5	79 176
5	83 4
5	85 4
5	79 56
5	84 5
5	84 6
5	84 7
5	84 8
5	84 9
5	84 10
5	TEST_NUMBER 5
5	SENT_TOTAL 250
5	RECEIVED_TOTAL 74
5	TIME_TOTAL 19127
5	RECEIVED_RADIO_1 0
5	RECEIVED_RADIO_2 74
5	SENT_RADIO_1 123
5	SENT_RADIO_2 128
5	RADIO_TIME_1 19843
5	RADIO_TIME_2 19755
5	RETRANSMISSIONS_1 4
5	RETRANSMISSIONS_2 0
5	DROPPED_1 0
5	DROPPED_2 0
5	MAX_QUEUE 1
5	DUPLICATED_1 0
5	DUPLICATED_2 5
5	EBUSY_RADIO_1 0
5	EBUSY_RADIO_2 0
5	83 0
5	85 8
5	86 5
5	83 0
5	85 10
5	86 5
5	84 1
5	84 2
5	84 3
5	84 4
5	84 5
5	84 6
5	83 6
5	85 4
5	79 166
5	83 6
5	85 6
5	79 51
5	84 7
5	84 8
5	84 9
5	84 10
5	84 11
5	84 12
5	84 13
5	83 13
5	85 11
5	79 171
5	83 13
5	85 13
5	79 51
5	84 14
5	84 15
5	84 16
5	84 17
5	84 18
5	84 19
5	83 19
5	85 17
5	79 163
5	83 19
5	85 19
5	79 54
5	84 20
5	84 1
5	83 1
5	85 1
5	79 68
5	84 2
5	84 3
5	84 4
5	84 5
5	83 5
5	85 5
5	79 55
5	84 6
5	84 7
5	84 8
5	84 9
5	84 10
5	84 11
5	83 11
5	85 9
5	79 182
5	83 11
5	85 11
5	79 52
5	84 12
5	84 13
5	84 14
5	84 15
5	84 16
5	84 17
5	83 17
5	85 15
5	79 172
5	83 17
5	85 17
5	79 58
5	84 18
5	84 19
5	84 20
5	84 1
5	84 2
5	84 3
5	83 3
5	85 1
5	79 176
5	83 3
5	85 3
5	79 61
5	84 4
5	84 5
5	84 6
5	84 7
5	84 8
5	84 9
5	83 9
5	85 7
5	79 178
5	83 9
5	85 9
5	79 58
5	84 10
5	84 11
5	84 12
5	84 13
5	84 14
5	84 15
5	83 15
5	85 13
5	79 167
5	83 15
5	85 15
5	79 50
5	84 16
5	84 17
5	84 18
5	84 19
5	84 20
5	83 20
5	85 19
5	79 159
5	84 1
5	83 1
5	85 1
5	79 64
5	84 2
5	84 3
5	84 4
5	84 5
5	84 6
5	84 7
5	83 7
5	85 5
5	79 163
5	83 7
5	85 7
5	79 62
5	84 8
5	84 9
5	84 10
5	84 11
5	84 12
5	84 13
5	83 13
5	85 11
5	79 176
5	83 13
5	85 13
5	79 57
5	84 14
5	84 15
5	84 16
5	84 17
5	83 17
5	85 17
5	79 53
5	84 18
5	84 19
5	84 20
5	84 1
5	83 1
5	85 1
5	79 53
5	84 2
5	84 3
5	84 4
5	84 5
5	83 5
5	85 5
5	79 60
5	84 6
5	84 7
5	84 8
5	84 9
5	84 10
5	84 11
5	83 11
5	85 9
5	79 169
5	83 11
5	85 11
5	79 50
5	84 12
5	84 13
5	84 14
5	84 15
5	83 15
5	85 15
5	79 61
5	84 16
5	84 17
5	84 18
5	84 19
5	84 20
5	84 1
5	83 1
5	85 19
5	79 180
5	83 1
5	85 1
5	79 47
5	84 2
5	84 3
5	84 4
5	84 5
5	84 6
5	84 7
5	83 7
5	85 5
5	79 165
5	83 7
5	85 7
5	79 49
5	84 8
5	84 9
5	84 10
5	84 11
5	84 12
5	84 13
5	83 13
5	85 12
5	79 157
5	84 14
5	83 14
5	85 14
5	79 50
5	84 15
5	84 16
5	84 17
5	84 18
5	84 19
5	84 20
5	83 20
5	85 18
5	79 168
5	83 20
5	85 20
5	79 50
5	84 1
5	84 2
5	84 3
5	84 4
5	84 5
5	84 6
5	83 6
5	85 4
5	79 172
5	83 6
5	85 6
5	79 49
5	84 7
5	84 8
5	84 9
5	84 10
5	84 11
5	84 12
5	83 12
5	85 10
5	79 175
5	83 12
5	85 12
5	79 59
5	84 13
5	84 14
5	84 15
5	84 16
5	84 17
5	84 18
5	83 18
5	85 16
5	79 178
5	83 18
5	85 18
5	79 49
5	84 19
5	84 20
5	84 1
5	84 2
5	84 3
5	84 4
5	83 4
5	85 2
5	79 184
5	83 4
5	85 4
5	79 50
5	84 5
5	84 6
5	83 6
5	85 6
5	79 60
5	84 7
5	84 8
5	84 9
5	84 10
5	83 10
5	85 10
5	79 61
5	84 11
5	84 12
5	84 13
5	84 14
5	83 14
5	85 14
5	79 64
5	84 15
5	84 16
5	84 17
5	84 18
5	83 18
5	85 18
5	79 65
5	84 19
5	84 20
5	84 1
5	84 2
5	84 3
5	84 4
5	83 4
5	85 2
5	79 182
5	83 4
5	85 4
5	79 52
5	84 5
5	84 6
5	84 7
5	84 8
5	83 8
5	85 8
5	79 54
5	84 9
5	84 10
5	84 11
5	84 12
5	84 13
5	84 14
5	83 14
5	85 12
5	79 165
5	83 14
5	85 14
5	79 52
5	84 15
5	84 16
5	84 17
5	84 18
5	83 18
5	85 18
5	79 62
5	84 19
5	84 20
5	84 1
5	84 2
5	84 3
5	84 4
5	83 4
5	85 2
5	79 176
5	83 4
5	85 4
5	79 54
5	84 5
5	84 6
5	84 7
5	84 8
5	84 9
5	84 10
5	83 10
5	85 8
5	79 179
5	83 10
5	85 10
5	79 53
5	84 11
5	84 12
5	84 13
5	84 14
5	84 15
5	84 16
5	83 16
5	85 16
5	79 54
5	84 17
5	84 18
5	84 19
5	84 20
5	83 20
5	85 20
5	79 55
5	84 1
5	84 2
5	84 3
5	84 4
5	84 5
5	84 6
5	83 6
5	85 4
5	79 179
5	84 7
5	84 8
5	84 9
5	84 10
5	83 10
5	85 8
5	79 164
5	84 11
5	84 12
5	84 13
5	84 14
5	83 14
5	85 12
5	79 183
5	83 14
5	85 14
5	79 58
5	84 15
5	84 16
5	84 17
5	84 18
5	84 19
5	84 20
5	83 20
5	85 18
5	79 174
5	83 20
5	85 20
5	79 53
5	84 1
5	84 2
5	84 3
5	84 4
5	84 5
5	84 6
5	83 6
5	85 4
5	79 166
5	83 6
5	85 6
5	79 63
5	84 7
5	84 8
5	84 9
5	84 10
5	84 11
5	84 12
5	83 12
5	85 10
5	79 176
5	83 12
5	85 12
5	79 60
5	84 13
5	84 14
5	84 15
5	84 16
5	84 17
5	84 18
5	83 18
5	85 18
5	79 61
5	84 19
5	84 20
5	84 1
5	84 2
5	84 3
5	84 4
5	83 4
5	85 2
5	79 175
5	83 4
5	85 4
5	79 57
5	84 5
5	84 6
5	84 7
5	84 8
5	84 9
5	84 10
5	TEST_NUMBER 6
5	SENT_TOTAL 250
5	RECEIVED_TOTAL 75
5	TIME_TOTAL 29458
5	RECEIVED_RADIO_1 0
5	RECEIVED_RADIO_2 77
5	SENT_RADIO_1 124
5	SENT_RADIO_2 126
5	RADIO_TIME_1 19763
5	RADIO_TIME_2 29800
5	RETRANSMISSIONS_1 2
5	RETRANSMISSIONS_2 0
5	DROPPED_1 0
5	DROPPED_2 0
5	MAX_QUEUE 1
5	DUPLICATED_1 0
5	DUPLICATED_2 1
5	EBUSY_RADIO_1 0
5	EBUSY_RADIO_2 0
5	83 0
5	85 8
5	86 6
5	83 0
5	85 10
5	86 6

6	RELAY_NODE 6
6	TEST_NUMBER 0
6	SENT_TOTAL 0
6	RECEIVED_TOTAL 0
6	TIME_TOTAL 0
6	RECEIVED_RADIO_1 62
6	RECEIVED_RADIO_2 125
6	SENT_RADIO_1 0
6	SENT_RADIO_2 62
6	RADIO_TIME_1 19906
6	RADIO_TIME_2 19815
6	RETRANSMISSIONS_1 1237
6	RETRANSMISSIONS_2 0
6	DROPPED_1 124
6	DROPPED_2 0
6	MAX_QUEUE 1
6	DUPLICATED_1 2
6	DUPLICATED_2 0
6	EBUSY_RADIO_1 0
6	EBUSY_RADIO_2 0
6	TEST_NUMBER 1
6	SENT_TOTAL 0
6	RECEIVED_TOTAL 0
6	TIME_TOTAL 0
6	RECEIVED_RADIO_1 71
6	RECEIVED_RADIO_2 126
6	SENT_RADIO_1 0
6	SENT_RADIO_2 92
6	RADIO_TIME_1 19848
6	RADIO_TIME_2 19762
6	RETRANSMISSIONS_1 1046
6	RETRANSMISSIONS_2 1
6	DROPPED_1 105
6	DROPPED_2 0
6	MAX_QUEUE 2
6	DUPLICATED_1 4
6	DUPLICATED_2 0
6	EBUSY_RADIO_1 0
6	EBUSY_RADIO_2 0
6	TEST_NUMBER 2
6	SENT_TOTAL 0
6	RECEIVED_TOTAL 0
6	TIME_TOTAL 0
6	RECEIVED_RADIO_1 78
6	RECEIVED_RADIO_2 125
6	SENT_RADIO_1 0
6	SENT_RADIO_2 110
6	RADIO_TIME_1 19796
6	RADIO_TIME_2 19796
6	RETRANSMISSIONS_1 936
6	RETRANSMISSIONS_2 1
6	DROPPED_1 93
6	DROPPED_2 0
6	MAX_QUEUE 2
6	DUPLICATED_1 1
6	DUPLICATED_2 0
6	EBUSY_RADIO_1 0
6	EBUSY_RADIO_2 0
6	TEST_NUMBER 3
6	SENT_TOTAL 0
6	RECEIVED_TOTAL 0
6	TIME_TOTAL 0
6	RECEIVED_RADIO_1 78
6	RECEIVED_RADIO_2 125
6	SENT_RADIO_1 0
6	SENT_RADIO_2 109
6	RADIO_TIME_1 19784
6	RADIO_TIME_2 19767
6	RETRANSMISSIONS_1 928
6	RETRANSMISSIONS_2 2
6	DROPPED_1 94
6	DROPPED_2 0
6	MAX_QUEUE 2
6	DUPLICATED_1 1
6	DUPLICATED_2 0
6	EBUSY_RADIO_1 0
6	EBUSY_RADIO_2 0
6	TEST_NUMBER 4
6	SENT_TOTAL 0
6	RECEIVED_TOTAL 0
6	TIME_TOTAL 0
6	RECEIVED_RADIO_1 77
6	RECEIVED_RADIO_2 127
6	SENT_RADIO_1 0
6	SENT_RADIO_2 108
6	RADIO_TIME_1 19869
6	RADIO_TIME_2 19845
6	RETRANSMISSIONS_1 957
6	RETRANSMISSIONS_2 3
6	DROPPED_1 96
6	DROPPED_2 0
6	MAX_QUEUE 2
6	DUPLICATED_1 2
6	DUPLICATED_2 0
6	EBUSY_RADIO_1 0
6	EBUSY_RADIO_2 0
6	TEST_NUMBER 5
6	SENT_TOTAL 0
6	RECEIVED_TOTAL 0
6	TIME_TOTAL 0
6	RECEIVED_RADIO_1 76
6	RECEIVED_RADIO_2 127
6	SENT_RADIO_1 0
6	SENT_RADIO_2 104
6	RADIO_TIME_1 19876
6	RADIO_TIME_2 19876
6	RETRANSMISSIONS_1 994
6	RETRANSMISSIONS_2 6
6	DROPPED_1 99
6	DROPPED_2 0
6	MAX_QUEUE 2
6	DUPLICATED_1 2
6	DUPLICATED_2 0
6	EBUSY_RADIO_1 0
6	EBUSY_RADIO_2 0
6	TEST_NUMBER 6
6	SENT_TOTAL 0
6	RECEIVED_TOTAL 0
6	TIME_TOTAL 0
6	RECEIVED_RADIO_1 77
6	RECEIVED_RADIO_2 126
6	SENT_RADIO_1 0
6	SENT_RADIO_2 109
6	RADIO_TIME_1 19883
6	RADIO_TIME_2 19883
6	RETRANSMISSIONS_1 937
6	RETRANSMISSIONS_2 2
6	DROPPED_1 94
6	DROPPED_2 0
6	MAX_QUEUE 2
6	DUPLICATED_1 4
6	DUPLICATED_2 0
6	EBUSY_RADIO_1 0
6	EBUSY_RADIO_2 0

8	DESTINATION_NODE 8
8	TEST_NUMBER 0
8	SENT_TOTAL 125
8	RECEIVED_TOTAL 125
8	TIME_TOTAL 19771
8	RECEIVED_RADIO_1 0
8	RECEIVED_RADIO_2 125
8	SENT_RADIO_1 62
8	SENT_RADIO_2 63
8	RADIO_TIME_1 19771
8	RADIO_TIME_2 19771
8	RETRANSMISSIONS_1 2
8	RETRANSMISSIONS_2 0
8	DROPPED_1 0
8	DROPPED_2 0
8	MAX_QUEUE 1
8	DUPLICATED_1 0
8	DUPLICATED_2 0
8	EBUSY_RADIO_1 0
8	EBUSY_RADIO_2 0
8	TEST_NUMBER 1
8	SENT_TOTAL 145
8	RECEIVED_TOTAL 145
8	TIME_TOTAL 19762
8	RECEIVED_RADIO_1 0
8	RECEIVED_RADIO_2 145
8	SENT_RADIO_1 71
8	SENT_RADIO_2 74
8	RADIO_TIME_1 19603
8	RADIO_TIME_2 19762
8	RETRANSMISSIONS_1 4
8	RETRANSMISSIONS_2 0
8	DROPPED_1 0
8	DROPPED_2 0
8	MAX_QUEUE 1
8	DUPLICATED_1 0
8	DUPLICATED_2 1
8	EBUSY_RADIO_1 0
8	EBUSY_RADIO_2 0
8	TEST_NUMBER 2
8	SENT_TOTAL 157
8	RECEIVED_TOTAL 157
8	TIME_TOTAL 19841
8	RECEIVED_RADIO_1 0
8	RECEIVED_RADIO_2 157
8	SENT_RADIO_1 78
8	SENT_RADIO_2 79
8	RADIO_TIME_1 19678
8	RADIO_TIME_2 19841
8	RETRANSMISSIONS_1 1
8	RETRANSMISSIONS_2 0
8	DROPPED_1 0
8	DROPPED_2 0
8	MAX_QUEUE 1
8	DUPLICATED_1 0
8	DUPLICATED_2 0
8	EBUSY_RADIO_1 0
8	EBUSY_RADIO_2 0
8	TEST_NUMBER 3
8	SENT_TOTAL 156
8	RECEIVED_TOTAL 156
8	TIME_TOTAL 19768
8	RECEIVED_RADIO_1 0
8	RECEIVED_RADIO_2 156
8	SENT_RADIO_1 78
8	SENT_RADIO_2 78
8	RADIO_TIME_1 19438
8	RADIO_TIME_2 19768
8	RETRANSMISSIONS_1 1
8	RETRANSMISSIONS_2 2
8	DROPPED_1 0
8	DROPPED_2 0
8	MAX_QUEUE 1
8	DUPLICATED_1 0
8	DUPLICATED_2 0
8	EBUSY_RADIO_1 0
8	EBUSY_RADIO_2 0
8	TEST_NUMBER 4
8	SENT_TOTAL 154
8	RECEIVED_TOTAL 154
8	TIME_TOTAL 19684
8	RECEIVED_RADIO_1 0
8	RECEIVED_RADIO_2 154
8	SENT_RADIO_1 77
8	SENT_RADIO_2 77
8	RADIO_TIME_1 19684
8	RADIO_TIME_2 19684
8	RETRANSMISSIONS_1 2
8	RETRANSMISSIONS_2 1
8	DROPPED_1 0
8	DROPPED_2 0
8	MAX_QUEUE 1
8	DUPLICATED_1 0
8	DUPLICATED_2 2
8	EBUSY_RADIO_1 0
8	EBUSY_RADIO_2 0
8	TEST_NUMBER 5
8	SENT_TOTAL 151
8	RECEIVED_TOTAL 151
8	TIME_TOTAL 19765
8	RECEIVED_RADIO_1 0
8	RECEIVED_RADIO_2 151
8	SENT_RADIO_1 76
8	SENT_RADIO_2 75
8	RADIO_TIME_1 19604
8	RADIO_TIME_2 19765
8	RETRANSMISSIONS_1 2
8	RETRANSMISSIONS_2 3
8	DROPPED_1 0
8	DROPPED_2 0
8	MAX_QUEUE 1
8	DUPLICATED_1 0
8	DUPLICATED_2 1
8	EBUSY_RADIO_1 0
8	EBUSY_RADIO_2 0
8	TEST_NUMBER 6
8	SENT_TOTAL 156
8	RECEIVED_TOTAL 156
8	TIME_TOTAL 19772
8	RECEIVED_RADIO_1 0
8	RECEIVED_RADIO_2 156
8	SENT_RADIO_1 77
8	SENT_RADIO_2 79
8	RADIO_TIME_1 19502
8	RADIO_TIME_2 19772
8	RETRANSMISSIONS_1 4
8	RETRANSMISSIONS_2 1
8	DROPPED_1 0
8	DROPPED_2 0
8	MAX_QUEUE 1
8	DUPLICATED_1 0
8	DUPLICATED_2 1
8	EBUSY_RADIO_1 0
8	EBUSY_RADIO_2 1

29	RELAY_NODE 29
29	TEST_NUMBER 0
29	SENT_TOTAL 0
29	RECEIVED_TOTAL 0
29	TIME_TOTAL 0
29	RECEIVED_RADIO_1 125
29	RECEIVED_RADIO_2 63
29	SENT_RADIO_1 63
29	SENT_RADIO_2 125
29	RADIO_TIME_1 19768
29	RADIO_TIME_2 19768
29	RETRANSMISSIONS_1 0
29	RETRANSMISSIONS_2 0
29	DROPPED_1 0
29	DROPPED_2 0
29	MAX_QUEUE 1
29	DUPLICATED_1 0
29	DUPLICATED_2 0
29	EBUSY_RADIO_1 0
29	EBUSY_RADIO_2 0
29	TEST_NUMBER 1
29	SENT_TOTAL 0
29	RECEIVED_TOTAL 0
29	TIME_TOTAL 0
29	RECEIVED_RADIO_1 124
29	RECEIVED_RADIO_2 74
29	SENT_RADIO_1 74
29	SENT_RADIO_2 124
29	RADIO_TIME_1 19762
29	RADIO_TIME_2 19762
29	RETRANSMISSIONS_1 6
29	RETRANSMISSIONS_2 0
29	DROPPED_1 0
29	DROPPED_2 0
29	MAX_QUEUE 1
29	DUPLICATED_1 1
29	DUPLICATED_2 1
29	EBUSY_RADIO_1 0
29	EBUSY_RADIO_2 0
29	TEST_NUMBER 2
29	SENT_TOTAL 0
29	RECEIVED_TOTAL 0
29	TIME_TOTAL 0
29	RECEIVED_RADIO_1 125
29	RECEIVED_RADIO_2 79
29	SENT_RADIO_1 79
29	SENT_RADIO_2 125
29	RADIO_TIME_1 19865
29	RADIO_TIME_2 19865
29	RETRANSMISSIONS_1 8
29	RETRANSMISSIONS_2 0
29	DROPPED_1 0
29	DROPPED_2 0
29	MAX_QUEUE 1
29	DUPLICATED_1 0
29	DUPLICATED_2 0
29	EBUSY_RADIO_1 0
29	EBUSY_RADIO_2 0
29	TEST_NUMBER 3
29	SENT_TOTAL 0
29	RECEIVED_TOTAL 0
29	TIME_TOTAL 0
29	RECEIVED_RADIO_1 125
29	RECEIVED_RADIO_2 78
29	SENT_RADIO_1 78
29	SENT_RADIO_2 125
29	RADIO_TIME_1 19803
29	RADIO_TIME_2 19803
29	RETRANSMISSIONS_1 6
29	RETRANSMISSIONS_2 0
29	DROPPED_1 0
29	DROPPED_2 0
29	MAX_QUEUE 1
29	DUPLICATED_1 1
29	DUPLICATED_2 2
29	EBUSY_RADIO_1 0
29	EBUSY_RADIO_2 0
29	TEST_NUMBER 4
29	SENT_TOTAL 0
29	RECEIVED_TOTAL 0
29	TIME_TOTAL 0
29	RECEIVED_RADIO_1 154
29	RECEIVED_RADIO_2 77
29	SENT_RADIO_1 76
29	SENT_RADIO_2 123
29	RADIO_TIME_1 20820
29	RADIO_TIME_2 19677
29	RETRANSMISSIONS_1 117
29	RETRANSMISSIONS_2 0
29	DROPPED_1 11
29	DROPPED_2 0
29	MAX_QUEUE 32
29	DUPLICATED_1 1
29	DUPLICATED_2 0
29	EBUSY_RADIO_1 0
29	EBUSY_RADIO_2 0
29	TEST_NUMBER 5
29	SENT_TOTAL 0
29	RECEIVED_TOTAL 0
29	TIME_TOTAL 0
29	RECEIVED_RADIO_1 123
29	RECEIVED_RADIO_2 75
29	SENT_RADIO_1 75
29	SENT_RADIO_2 123
29	RADIO_TIME_1 28817
29	RADIO_TIME_2 19767
29	RETRANSMISSIONS_1 208
29	RETRANSMISSIONS_2 0
29	DROPPED_1 20
29	DROPPED_2 0
29	MAX_QUEUE 20
29	DUPLICATED_1 4
29	DUPLICATED_2 0
29	EBUSY_RADIO_1 0
29	EBUSY_RADIO_2 0
29	TEST_NUMBER 6
29	SENT_TOTAL 0
29	RECEIVED_TOTAL 0
29	TIME_TOTAL 0
29	RECEIVED_RADIO_1 124
29	RECEIVED_RADIO_2 79
29	SENT_RADIO_1 80
29	SENT_RADIO_2 124
29	RADIO_TIME_1 19769
29	RADIO_TIME_2 19769
29	RETRANSMISSIONS_1 9
29	RETRANSMISSIONS_2 0
29	DROPPED_1 0
29	DROPPED_2 0
29	MAX_QUEUE 1
29	DUPLICATED_1 2
29	DUPLICATED_2 0
29	EBUSY_RADIO_1 0
29	EBUSY_RADIO_2 0

30	RELAY_NODE 30
30	TEST_NUMBER 0
30	SENT_TOTAL 0
30	RECEIVED_TOTAL 0
30	TIME_TOTAL 0
30	RECEIVED_RADIO_1 63
30	RECEIVED_RADIO_2 125
30	SENT_RADIO_1 125
30	SENT_RADIO_2 63
30	RADIO_TIME_1 19767
30	RADIO_TIME_2 19767
30	RETRANSMISSIONS_1 0
30	RETRANSMISSIONS_2 0
30	DROPPED_1 0
30	DROPPED_2 0
30	MAX_QUEUE 1
30	DUPLICATED_1 0
30	DUPLICATED_2 0
30	EBUSY_RADIO_1 0
30	EBUSY_RADIO_2 0
30	TEST_NUMBER 1
30	SENT_TOTAL 0
30	RECEIVED_TOTAL 0
30	TIME_TOTAL 0
30	RECEIVED_RADIO_1 74
30	RECEIVED_RADIO_2 124
30	SENT_RADIO_1 124
30	SENT_RADIO_2 74
30	RADIO_TIME_1 19764
30	RADIO_TIME_2 19764
30	RETRANSMISSIONS_1 1
30	RETRANSMISSIONS_2 0
30	DROPPED_1 0
30	DROPPED_2 0
30	MAX_QUEUE 1
30	DUPLICATED_1 6
30	DUPLICATED_2 0
30	EBUSY_RADIO_1 0
30	EBUSY_RADIO_2 0
30	TEST_NUMBER 2
30	SENT_TOTAL 0
30	RECEIVED_TOTAL 0
30	TIME_TOTAL 0
30	RECEIVED_RADIO_1 79
30	RECEIVED_RADIO_2 125
30	SENT_RADIO_1 125
30	SENT_RADIO_2 79
30	RADIO_TIME_1 19882
30	RADIO_TIME_2 19882
30	RETRANSMISSIONS_1 0
30	RETRANSMISSIONS_2 0
30	DROPPED_1 0
30	DROPPED_2 0
30	MAX_QUEUE 1
30	DUPLICATED_1 8
30	DUPLICATED_2 0
30	EBUSY_RADIO_1 0
30	EBUSY_RADIO_2 0
30	TEST_NUMBER 3
30	SENT_TOTAL 0
30	RECEIVED_TOTAL 0
30	TIME_TOTAL 0
30	RECEIVED_RADIO_1 78
30	RECEIVED_RADIO_2 125
30	SENT_RADIO_1 125
30	SENT_RADIO_2 78
30	RADIO_TIME_1 19818
30	RADIO_TIME_2 19818
30	RETRANSMISSIONS_1 1
30	RETRANSMISSIONS_2 0
30	DROPPED_1 0
30	DROPPED_2 0
30	MAX_QUEUE 1
30	DUPLICATED_1 6
30	DUPLICATED_2 0
30	EBUSY_RADIO_1 0
30	EBUSY_RADIO_2 0
30	TEST_NUMBER 4
30	SENT_TOTAL 0
30	RECEIVED_TOTAL 0
30	TIME_TOTAL 0
30	RECEIVED_RADIO_1 76
30	RECEIVED_RADIO_2 123
30	SENT_RADIO_1 123
30	SENT_RADIO_2 76
30	RADIO_TIME_1 19679
30	RADIO_TIME_2 19679
30	RETRANSMISSIONS_1 1
30	RETRANSMISSIONS_2 0
30	DROPPED_1 0
30	DROPPED_2 0
30	MAX_QUEUE 1
30	DUPLICATED_1 6
30	DUPLICATED_2 0
30	EBUSY_RADIO_1 0
30	EBUSY_RADIO_2 0
30	TEST_NUMBER 5
30	SENT_TOTAL 0
30	RECEIVED_TOTAL 0
30	TIME_TOTAL 0
30	RECEIVED_RADIO_1 76
30	RECEIVED_RADIO_2 123
30	SENT_RADIO_1 123
30	SENT_RADIO_2 76
30	RADIO_TIME_1 26737
30	RADIO_TIME_2 26737
30	RETRANSMISSIONS_1 4
30	RETRANSMISSIONS_2 0
30	DROPPED_1 0
30	DROPPED_2 0
30	MAX_QUEUE 1
30	DUPLICATED_1 8
30	DUPLICATED_2 0
30	EBUSY_RADIO_1 0
30	EBUSY_RADIO_2 0
30	TEST_NUMBER 6
30	SENT_TOTAL 0
30	RECEIVED_TOTAL 0
30	TIME_TOTAL 0
30	RECEIVED_RADIO_1 79
30	RECEIVED_RADIO_2 124
30	SENT_RADIO_1 124
30	SENT_RADIO_2 79
30	RADIO_TIME_1 19780
30	RADIO_TIME_2 19780
30	RETRANSMISSIONS_1 2
30	RETRANSMISSIONS_2 0
30	DROPPED_1 0
30	DROPPED_2 0
30	MAX_QUEUE 1
30	DUPLICATED_1 10
30	DUPLICATED_2 2
30	EBUSY_RADIO_1 0
30	EBUSY_RADIO_2 0

32	RELAY_NODE 32
32	TEST_NUMBER 0
32	SENT_TOTAL 0
32	RECEIVED_TOTAL 0
32	TIME_TOTAL 0
32	RECEIVED_RADIO_1 63
32	RECEIVED_RADIO_2 125
32	SENT_RADIO_1 125
32	SENT_RADIO_2 63
32	RADIO_TIME_1 19768
32	RADIO_TIME_2 19768
32	RETRANSMISSIONS_1 1
32	RETRANSMISSIONS_2 0
32	DROPPED_1 0
32	DROPPED_2 0
32	MAX_QUEUE 1
32	DUPLICATED_1 1
32	DUPLICATED_2 0
32	EBUSY_RADIO_1 0
32	EBUSY_RADIO_2 0
32	TEST_NUMBER 1
32	SENT_TOTAL 0
32	RECEIVED_TOTAL 0
32	TIME_TOTAL 0
32	RECEIVED_RADIO_1 74
32	RECEIVED_RADIO_2 124
32	SENT_RADIO_1 124
32	SENT_RADIO_2 74
32	RADIO_TIME_1 19764
32	RADIO_TIME_2 19765
32	RETRANSMISSIONS_1 8
32	RETRANSMISSIONS_2 1
32	DROPPED_1 0
32	DROPPED_2 0
32	MAX_QUEUE 1
32	DUPLICATED_1 0
32	DUPLICATED_2 0
32	EBUSY_RADIO_1 0
32	EBUSY_RADIO_2 0
32	TEST_NUMBER 2
32	SENT_TOTAL 0
32	RECEIVED_TOTAL 0
32	TIME_TOTAL 0
32	RECEIVED_RADIO_1 79
32	RECEIVED_RADIO_2 125
32	SENT_RADIO_1 125
32	SENT_RADIO_2 79
32	RADIO_TIME_1 19853
32	RADIO_TIME_2 19853
32	RETRANSMISSIONS_1 11
32	RETRANSMISSIONS_2 0
32	DROPPED_1 0
32	DROPPED_2 0
32	MAX_QUEUE 1
32	DUPLICATED_1 3
32	DUPLICATED_2 0
32	EBUSY_RADIO_1 0
32	EBUSY_RADIO_2 0
32	TEST_NUMBER 3
32	SENT_TOTAL 0
32	RECEIVED_TOTAL 0
32	TIME_TOTAL 0
32	RECEIVED_RADIO_1 78
32	RECEIVED_RADIO_2 125
32	SENT_RADIO_1 125
32	SENT_RADIO_2 78
32	RADIO_TIME_1 19793
32	RADIO_TIME_2 19793
32	RETRANSMISSIONS_1 13
32	RETRANSMISSIONS_2 2
32	DROPPED_1 0
32	DROPPED_2 0
32	MAX_QUEUE 1
32	DUPLICATED_1 4
32	DUPLICATED_2 0
32	EBUSY_RADIO_1 0
32	EBUSY_RADIO_2 0
32	TEST_NUMBER 4
32	SENT_TOTAL 0
32	RECEIVED_TOTAL 0
32	TIME_TOTAL 0
32	RECEIVED_RADIO_1 77
32	RECEIVED_RADIO_2 123
32	SENT_RADIO_1 123
32	SENT_RADIO_2 77
32	RADIO_TIME_1 19679
32	RADIO_TIME_2 19679
32	RETRANSMISSIONS_1 14
32	RETRANSMISSIONS_2 0
32	DROPPED_1 0
32	DROPPED_2 0
32	MAX_QUEUE 1
32	DUPLICATED_1 3
32	DUPLICATED_2 0
32	EBUSY_RADIO_1 0
32	EBUSY_RADIO_2 0
32	TEST_NUMBER 5
32	SENT_TOTAL 0
32	RECEIVED_TOTAL 0
32	TIME_TOTAL 0
32	RECEIVED_RADIO_1 75
32	RECEIVED_RADIO_2 123
32	SENT_RADIO_1 123
32	SENT_RADIO_2 75
32	RADIO_TIME_1 19767
32	RADIO_TIME_2 19767
32	RETRANSMISSIONS_1 9
32	RETRANSMISSIONS_2 0
32	DROPPED_1 0
32	DROPPED_2 0
32	MAX_QUEUE 1
32	DUPLICATED_1 6
32	DUPLICATED_2 0
32	EBUSY_RADIO_1 0
32	EBUSY_RADIO_2 0
32	TEST_NUMBER 6
32	SENT_TOTAL 0
32	RECEIVED_TOTAL 0
32	TIME_TOTAL 0
32	RECEIVED_RADIO_1 79
32	RECEIVED_RADIO_2 124
32	SENT_RADIO_1 124
32	SENT_RADIO_2 79
32	RADIO_TIME_1 19768
32	RADIO_TIME_2 19768
32	RETRANSMISSIONS_1 10
32	RETRANSMISSIONS_2 0
32	DROPPED_1 0
32	DROPPED_2 0
32	MAX_QUEUE 1
32	DUPLICATED_1 4
32	DUPLICATED_2 0
32	EBUSY_RADIO_1 0
32	EBUSY_RADIO_2 0

34	RELAY_NODE 34
34	TEST_NUMBER 0
34	SENT_TOTAL 0
34	RECEIVED_TOTAL 0
34	TIME_TOTAL 0
34	RECEIVED_RADIO_1 125
34	RECEIVED_RADIO_2 63
34	SENT_RADIO_1 63
34	SENT_RADIO_2 125
34	RADIO_TIME_1 19770
34	RADIO_TIME_2 19770
34	RETRANSMISSIONS_1 1
34	RETRANSMISSIONS_2 0
34	DROPPED_1 0
34	DROPPED_2 0
34	MAX_QUEUE 1
34	DUPLICATED_1 0
34	DUPLICATED_2 0
34	EBUSY_RADIO_1 0
34	EBUSY_RADIO_2 0
34	TEST_NUMBER 1
34	SENT_TOTAL 0
34	RECEIVED_TOTAL 0
34	TIME_TOTAL 0
34	RECEIVED_RADIO_1 124
34	RECEIVED_RADIO_2 74
34	SENT_RADIO_1 74
34	SENT_RADIO_2 124
34	RADIO_TIME_1 19765
34	RADIO_TIME_2 19764
34	RETRANSMISSIONS_1 0
34	RETRANSMISSIONS_2 0
34	DROPPED_1 0
34	DROPPED_2 0
34	MAX_QUEUE 1
34	DUPLICATED_1 8
34	DUPLICATED_2 0
34	EBUSY_RADIO_1 0
34	EBUSY_RADIO_2 0
34	TEST_NUMBER 2
34	SENT_TOTAL 0
34	RECEIVED_TOTAL 0
34	TIME_TOTAL 0
34	RECEIVED_RADIO_1 125
34	RECEIVED_RADIO_2 79
34	SENT_RADIO_1 78
34	SENT_RADIO_2 125
34	RADIO_TIME_1 19842
34	RADIO_TIME_2 19841
34	RETRANSMISSIONS_1 4
34	RETRANSMISSIONS_2 0
34	DROPPED_1 0
34	DROPPED_2 0
34	MAX_QUEUE 1
34	DUPLICATED_1 11
34	DUPLICATED_2 0
34	EBUSY_RADIO_1 0
34	EBUSY_RADIO_2 0
34	TEST_NUMBER 3
34	SENT_TOTAL 0
34	RECEIVED_TOTAL 0
34	TIME_TOTAL 0
34	RECEIVED_RADIO_1 125
34	RECEIVED_RADIO_2 78
34	SENT_RADIO_1 79
34	SENT_RADIO_2 125
34	RADIO_TIME_1 19782
34	RADIO_TIME_2 19782
34	RETRANSMISSIONS_1 3
34	RETRANSMISSIONS_2 0
34	DROPPED_1 0
34	DROPPED_2 0
34	MAX_QUEUE 1
34	DUPLICATED_1 13
34	DUPLICATED_2 0
34	EBUSY_RADIO_1 0
34	EBUSY_RADIO_2 0
34	TEST_NUMBER 4
34	SENT_TOTAL 0
34	RECEIVED_TOTAL 0
34	TIME_TOTAL 0
34	RECEIVED_RADIO_1 123
34	RECEIVED_RADIO_2 77
34	SENT_RADIO_1 77
34	SENT_RADIO_2 123
34	RADIO_TIME_1 19682
34	RADIO_TIME_2 19682
34	RETRANSMISSIONS_1 3
34	RETRANSMISSIONS_2 1
34	DROPPED_1 0
34	DROPPED_2 0
34	MAX_QUEUE 1
34	DUPLICATED_1 14
34	DUPLICATED_2 0
34	EBUSY_RADIO_1 0
34	EBUSY_RADIO_2 0
34	TEST_NUMBER 5
34	SENT_TOTAL 0
34	RECEIVED_TOTAL 0
34	TIME_TOTAL 0
34	RECEIVED_RADIO_1 123
34	RECEIVED_RADIO_2 75
34	SENT_RADIO_1 75
34	SENT_RADIO_2 123
34	RADIO_TIME_1 19765
34	RADIO_TIME_2 19765
34	RETRANSMISSIONS_1 6
34	RETRANSMISSIONS_2 0
34	DROPPED_1 0
34	DROPPED_2 0
34	MAX_QUEUE 1
34	DUPLICATED_1 9
34	DUPLICATED_2 0
34	EBUSY_RADIO_1 0
34	EBUSY_RADIO_2 0
34	TEST_NUMBER 6
34	SENT_TOTAL 0
34	RECEIVED_TOTAL 0
34	TIME_TOTAL 0
34	RECEIVED_RADIO_1 124
34	RECEIVED_RADIO_2 79
34	SENT_RADIO_1 79
34	SENT_RADIO_2 124
34	RADIO_TIME_1 19771
34	RADIO_TIME_2 19771
34	RETRANSMISSIONS_1 4
34	RETRANSMISSIONS_2 0
34	DROPPED_1 0
34	DROPPED_2 0
34	MAX_QUEUE 1
34	DUPLICATED_1 10
34	DUPLICATED_2 0
34	EBUSY_RADIO_1 0
34	EBUSY_RADIO_2 0
