
11	RELAY_NODE 11
11	TEST_NUMBER 0
11	SENT_TOTAL 0
11	RECEIVED_TOTAL 0
11	TIME_TOTAL 0
11	RECEIVED_RADIO_1 108
11	RECEIVED_RADIO_2 54
11	SENT_RADIO_1 54
11	SENT_RADIO_2 108
11	RADIO_TIME_1 17054
11	RADIO_TIME_2 17054
11	RETRANSMISSIONS_1 0
11	RETRANSMISSIONS_2 0
11	DROPPED_1 0
11	DROPPED_2 0
11	MAX_QUEUE 1
11	DUPLICATED_1 0
11	DUPLICATED_2 0
11	EBUSY_RADIO_1 0
11	EBUSY_RADIO_2 0
11	TEST_NUMBER 1
11	SENT_TOTAL 0
11	RECEIVED_TOTAL 0
11	TIME_TOTAL 0
11	RECEIVED_RADIO_1 125
11	RECEIVED_RADIO_2 62
11	SENT_RADIO_1 62
11	SENT_RADIO_2 125
11	RADIO_TIME_1 29724
11	RADIO_TIME_2 29724
11	RETRANSMISSIONS_1 0
11	RETRANSMISSIONS_2 0
11	DROPPED_1 0
11	DROPPED_2 0
11	MAX_QUEUE 1
11	DUPLICATED_1 0
11	DUPLICATED_2 0
11	EBUSY_RADIO_1 0
11	EBUSY_RADIO_2 0
11	TEST_NUMBER 2
11	SENT_TOTAL 0
11	RECEIVED_TOTAL 0
11	TIME_TOTAL 0
11	RECEIVED_RADIO_1 125
11	RECEIVED_RADIO_2 63
11	SENT_RADIO_1 63
11	SENT_RADIO_2 125
11	RADIO_TIME_1 29787
11	RADIO_TIME_2 29787
11	RETRANSMISSIONS_1 0
11	RETRANSMISSIONS_2 0
11	DROPPED_1 0
11	DROPPED_2 0
11	MAX_QUEUE 1
11	DUPLICATED_1 0
11	DUPLICATED_2 0
11	EBUSY_RADIO_1 0
11	EBUSY_RADIO_2 0
11	TEST_NUMBER 3
11	SENT_TOTAL 0
11	RECEIVED_TOTAL 0
11	TIME_TOTAL 0
11	RECEIVED_RADIO_1 125
11	RECEIVED_RADIO_2 62
11	SENT_RADIO_1 62
11	SENT_RADIO_2 125
11	RADIO_TIME_1 29725
11	RADIO_TIME_2 29725
11	RETRANSMISSIONS_1 0
11	RETRANSMISSIONS_2 0
11	DROPPED_1 0
11	DROPPED_2 0
11	MAX_QUEUE 1
11	DUPLICATED_1 0
11	DUPLICATED_2 0
11	EBUSY_RADIO_1 0
11	EBUSY_RADIO_2 0
11	TEST_NUMBER 4
11	SENT_TOTAL 0
11	RECEIVED_TOTAL 0
11	TIME_TOTAL 0
11	RECEIVED_RADIO_1 125
11	RECEIVED_RADIO_2 63
11	SENT_RADIO_1 63
11	SENT_RADIO_2 125
11	RADIO_TIME_1 29790
11	RADIO_TIME_2 29790
11	RETRANSMISSIONS_1 0
11	RETRANSMISSIONS_2 0
11	DROPPED_1 0
11	DROPPED_2 0
11	MAX_QUEUE 1
11	DUPLICATED_1 0
11	DUPLICATED_2 0
11	EBUSY_RADIO_1 0
11	EBUSY_RADIO_2 0
11	TEST_NUMBER 5
11	SENT_TOTAL 0
11	RECEIVED_TOTAL 0
11	TIME_TOTAL 0
11	RECEIVED_RADIO_1 125
11	RECEIVED_RADIO_2 62
11	SENT_RADIO_1 62
11	SENT_RADIO_2 125
11	RADIO_TIME_1 29720
11	RADIO_TIME_2 29720
11	RETRANSMISSIONS_1 0
11	RETRANSMISSIONS_2 0
11	DROPPED_1 0
11	DROPPED_2 0
11	MAX_QUEUE 1
11	DUPLICATED_1 0
11	DUPLICATED_2 0
11	EBUSY_RADIO_1 0
11	EBUSY_RADIO_2 0
11	TEST_NUMBER 6
11	SENT_TOTAL 0
11	RECEIVED_TOTAL 0
11	TIME_TOTAL 0
11	RECEIVED_RADIO_1 125
11	RECEIVED_RADIO_2 63
11	SENT_RADIO_1 63
11	SENT_RADIO_2 125
11	RADIO_TIME_1 29789
11	RADIO_TIME_2 29789
11	RETRANSMISSIONS_1 0
11	RETRANSMISSIONS_2 0
11	DROPPED_1 0
11	DROPPED_2 0
11	MAX_QUEUE 1
11	DUPLICATED_1 0
11	DUPLICATED_2 0
11	EBUSY_RADIO_1 0
11	EBUSY_RADIO_2 0

15	SOURCE_NODE 15
15	84 1
15	84 2
15	83 2
15	85 2
15	79 19
15	84 3
15	84 4
15	83 4
15	85 4
15	79 10
15	84 5
15	84 6
15	83 6
15	85 6
15	79 29
15	84 7
15	84 8
15	83 8
15	85 8
15	79 18
15	84 9
15	84 10
15	83 10
15	85 10
15	79 32
15	84 11
15	84 12
15	83 12
15	85 12
15	79 16
15	84 13
15	84 14
15	83 14
15	85 14
15	79 23
15	84 15
15	84 16
15	83 16
15	85 16
15	79 14
15	84 17
15	84 18
15	83 18
15	85 18
15	79 27
15	84 19
15	84 20
15	83 20
15	85 20
15	79 18
15	84 1
15	84 2
15	83 2
15	85 2
15	79 27
15	84 3
15	84 4
15	83 4
15	85 4
15	79 14
15	84 5
15	84 6
15	83 6
15	85 6
15	79 30
15	84 7
15	84 8
15	83 8
15	85 8
15	79 15
15	84 9
15	84 10
15	83 10
15	85 10
15	79 29
15	84 11
15	84 12
15	83 12
15	85 12
15	79 18
15	84 13
15	84 14
15	83 14
15	85 14
15	79 28
15	84 15
15	84 16
15	83 16
15	85 16
15	79 16
15	84 17
15	84 18
15	83 18
15	85 18
15	79 34
15	84 19
15	84 20
15	83 20
15	85 20
15	79 16
15	84 1
15	84 2
15	83 2
15	85 2
15	79 36
15	84 3
15	84 4
15	83 4
15	85 4
15	79 13
15	84 5
15	84 6
15	83 6
15	85 6
15	79 28
15	84 7
15	84 8
15	83 8
15	85 8
15	79 16
15	84 9
15	84 10
15	83 10
15	85 10
15	79 26
15	84 11
15	84 12
15	83 12
15	85 12
15	79 12
15	84 13
15	84 14
15	83 14
15	85 14
15	79 27
15	84 15
15	84 16
15	83 16
15	85 16
15	79 13
15	84 17
15	84 18
15	83 18
15	85 18
15	79 26
15	84 19
15	84 20
15	83 20
15	85 20
15	79 16
15	84 1
15	84 2
15	83 2
15	85 2
15	79 30
15	84 3
15	84 4
15	83 4
15	85 4
15	79 15
15	84 5
15	84 6
15	83 6
15	85 6
15	79 36
15	84 7
15	84 8
15	83 8
15	85 8
15	79 13
15	84 9
15	84 10
15	83 10
15	85 10
15	79 26
15	84 11
15	84 12
15	83 12
15	85 12
15	79 16
15	84 13
15	84 14
15	83 14
15	85 14
15	79 31
15	84 15
15	84 16
15	83 16
15	85 16
15	79 17
15	84 17
15	84 18
15	83 18
15	85 18
15	79 37
15	84 19
15	84 20
15	83 20
15	85 20
15	79 17
15	84 1
15	84 2
15	83 2
15	85 2
15	79 27
15	84 3
15	84 4
15	83 4
15	85 4
15	79 12
15	84 5
15	84 6
15	83 6
15	85 6
15	79 26
15	84 7
15	84 8
15	83 8
15	85 8
15	79 17
15	84 9
15	84 10
15	83 10
15	85 10
15	79 27
15	84 11
15	84 12
15	83 12
15	85 12
15	79 18
15	84 13
15	84 14
15	83 14
15	85 14
15	79 23
15	84 15
15	84 16
15	83 16
15	85 16
15	79 11
15	84 17
15	84 18
15	83 18
15	85 18
15	79 33
15	84 19
15	84 20
15	83 20
15	85 20
15	79 11
15	84 1
15	84 2
15	83 2
15	85 2
15	79 28
15	84 3
15	84 4
15	83 4
15	85 4
15	79 14
15	84 5
15	84 6
15	83 6
15	85 6
15	79 33
15	84 7
15	84 8
15	83 8
15	85 8
15	79 10
15	84 9
15	84 10
15	83 10
15	85 10
15	79 32
15	84 11
15	84 12
15	83 12
15	85 12
15	79 15
15	84 13
15	84 14
15	83 14
15	85 14
15	79 30
15	84 15
15	84 16
15	83 16
15	85 16
15	79 15
15	84 17
15	84 18
15	83 18
15	85 18
15	79 29
15	84 19
15	84 20
15	83 20
15	85 20
15	79 17
15	84 1
15	84 2
15	83 2
15	85 2
15	79 33
15	84 3
15	84 4
15	83 4
15	85 4
15	79 14
15	84 5
15	84 6
15	83 6
15	85 6
15	79 27
15	84 7
15	84 8
15	83 8
15	85 8
15	79 18
15	84 9
15	84 10
15	83 10
15	85 10
15	79 29
15	84 11
15	84 12
15	83 12
15	85 12
15	79 14
15	84 13
15	84 14
15	83 14
15	85 14
15	79 28
15	84 15
15	84 16
15	83 16
15	85 16
15	79 17
15	84 17
15	84 18
15	83 18
15	85 18
15	79 35
15	84 19
15	84 20
15	83 20
15	85 20
15	79 15
15	84 1
15	84 2
15	83 2
15	85 2
15	79 25
15	84 3
15	84 4
15	83 4
15	85 4
15	79 12
15	84 5
15	84 6
15	83 6
15	85 6
15	79 25
15	84 7
15	84 8
15	83 8
15	85 8
15	79 13
15	84 9
15	84 10
15	83 10
15	85 10
15	79 31
15	84 11
15	84 12
15	83 12
15	85 12
15	79 13
15	84 13
15	84 14
15	83 14
15	85 14
15	79 28
15	84 15
15	84 16
15	83 16
15	85 16
15	79 16
15	84 17
15	84 18
15	83 18
15	85 18
15	79 31
15	84 19
15	84 20
15	83 20
15	85 20
15	79 15
15	84 1
15	84 2
15	83 2
15	85 2
15	79 25
15	84 3
15	84 4
15	83 4
15	85 4
15	79 14
15	84 5
15	84 6
15	83 6
15	85 6
15	79 31
15	84 7
15	84 8
15	83 8
15	85 8
15	79 17
15	84 9
15	84 10
15	83 10
15	85 10
15	79 29
15	84 11
15	84 12
15	83 12
15	85 12
15	79 14
15	84 13
15	84 14
15	83 14
15	85 14
15	79 30
15	84 15
15	84 16
15	83 16
15	85 16
15	79 19
15	84 17
15	84 18
15	83 18
15	85 18
15	79 26
15	84 19
15	84 20
15	83 20
15	85 20
15	79 18
15	84 1
15	84 2
15	83 2
15	85 2
15	79 26
15	84 3
15	84 4
15	83 4
15	85 4
15	79 12
15	84 5
15	84 6
15	83 6
15	85 6
15	79 25
15	84 7
15	84 8
15	83 8
15	85 8
15	79 14
15	84 9
15	84 10
15	83 10
15	85 10
15	79 27
15	84 11
15	84 12
15	83 12
15	85 12
15	79 14
15	84 13
15	84 14
15	83 14
15	85 14
15	79 29
15	84 15
15	84 16
15	83 16
15	85 16
15	79 16
15	84 17
15	84 18
15	83 18
15	85 18
15	79 33
15	84 19
15	84 20
15	83 20
15	85 20
15	79 13
15	84 1
15	84 2
15	83 2
15	85 2
15	79 33
15	84 3
15	84 4
15	83 4
15	85 4
15	79 15
15	84 5
15	84 6
15	83 6
15	85 6
15	79 26
15	84 7
15	84 8
15	83 8
15	85 8
15	79 15
15	84 9
15	84 10
15	83 10
15	85 10
15	79 27
15	84 11
15	84 12
15	83 12
15	85 12
15	79 12
15	84 13
15	84 14
15	83 14
15	85 14
15	79 28
15	84 15
15	84 16
15	83 16
15	85 16
15	79 14
15	84 17
15	84 18
15	83 18
15	85 18
15	79 24
15	84 19
15	84 20
15	83 20
15	85 20
15	79 15
15	84 1
15	84 2
15	83 2
15	85 2
15	79 26
15	84 3
15	84 4
15	83 4
15	85 4
15	79 17
15	84 5
15	84 6
15	83 6
15	85 6
15	79 32
15	84 7
15	84 8
15	83 8
15	85 8
15	79 15
15	84 9
15	84 10
15	83 10
15	85 10
15	79 31
15	84 11
15	84 12
15	83 12
15	85 12
15	79 10
15	84 13
15	84 14
15	83 14
15	85 14
15	79 31
15	84 15
15	84 16
15	83 16
15	85 16
15	79 13
15	84 17
15	84 18
15	83 18
15	85 18
15	79 29
15	84 19
15	84 20
15	83 20
15	85 20
15	79 13
15	84 1
15	84 2
15	83 2
15	85 2
15	79 29
15	84 3
15	84 4
15	83 4
15	85 4
15	79 12
15	84 5
15	84 6
15	83 6
15	85 6
15	79 30
15	84 7
15	84 8
15	83 8
15	85 8
15	79 14
15	84 9
15	84 10
15	TEST_NUMBER 0
15	SENT_TOTAL 250
15	RECEIVED_TOTAL 124
15	TIME_TOTAL 19599
15	RECEIVED_RADIO_1 62
15	RECEIVED_RADIO_2 62
15	SENT_RADIO_1 125
15	SENT_RADIO_2 124
15	RADIO_TIME_1 19763
15	RADIO_TIME_2 19763
15	RETRANSMISSIONS_1 0
15	RETRANSMISSIONS_2 0
15	DROPPED_1 0
15	DROPPED_2 0
15	MAX_QUEUE 1
15	DUPLICATED_1 0
15	DUPLICATED_2 0
15	EBUSY_RADIO_1 0
15	EBUSY_RADIO_2 0
15	83 0
15	85 10
15	86 0
15	84 1
15	84 2
15	83 2
15	85 2
15	79 15
15	84 3
15	84 4
15	83 4
15	85 4
15	79 26
15	84 5
15	84 6
15	83 6
15	85 6
15	79 14
15	84 7
15	84 8
15	83 8
15	85 8
15	79 27
15	84 9
15	84 10
15	83 10
15	85 10
15	79 16
15	84 11
15	84 12
15	83 12
15	85 12
15	79 34
15	84 13
15	84 14
15	83 14
15	85 14
15	79 16
15	84 15
15	84 16
15	83 16
15	85 16
15	79 32
15	84 17
15	84 18
15	83 18
15	85 18
15	79 17
15	84 19
15	84 20
15	83 20
15	85 20
15	79 29
15	84 1
15	84 2
15	83 2
15	85 2
15	79 16
15	84 3
15	84 4
15	83 4
15	85 4
15	79 28
15	84 5
15	84 6
15	83 6
15	85 6
15	79 17
15	84 7
15	84 8
15	83 8
15	85 8
15	79 24
15	84 9
15	84 10
15	83 10
15	85 10
15	79 16
15	84 11
15	84 12
15	83 12
15	85 12
15	79 33
15	84 13
15	84 14
15	83 14
15	85 14
15	79 17
15	84 15
15	84 16
15	83 16
15	85 16
15	79 27
15	84 17
15	84 18
15	83 18
15	85 18
15	79 14
15	84 19
15	84 20
15	83 20
15	85 20
15	79 29
15	84 1
15	84 2
15	83 2
15	85 2
15	79 16
15	84 3
15	84 4
15	83 4
15	85 4
15	79 31
15	84 5
15	84 6
15	83 6
15	85 6
15	79 17
15	84 7
15	84 8
15	83 8
15	85 8
15	79 28
15	84 9
15	84 10
15	83 10
15	85 10
15	79 14
15	84 11
15	84 12
15	83 12
15	85 12
15	79 32
15	84 13
15	84 14
15	83 14
15	85 14
15	79 13
15	84 15
15	84 16
15	83 16
15	85 16
15	79 25
15	84 17
15	84 18
15	83 18
15	85 18
15	79 15
15	84 19
15	84 20
15	83 20
15	85 20
15	79 33
15	84 1
15	84 2
15	83 2
15	85 2
15	79 11
15	84 3
15	84 4
15	83 4
15	85 4
15	79 30
15	84 5
15	84 6
15	83 6
15	85 6
15	79 14
15	84 7
15	84 8
15	83 8
15	85 8
15	79 24
15	84 9
15	84 10
15	83 10
15	85 10
15	79 15
15	84 11
15	84 12
15	83 12
15	85 12
15	79 27
15	84 13
15	84 14
15	83 14
15	85 14
15	79 14
15	84 15
15	84 16
15	83 16
15	85 16
15	79 34
15	84 17
15	84 18
15	83 18
15	85 18
15	79 16
15	84 19
15	84 20
15	83 20
15	85 20
15	79 29
15	84 1
15	84 2
15	83 2
15	85 2
15	79 15
15	84 3
15	84 4
15	83 4
15	85 4
15	79 31
15	84 5
15	84 6
15	83 6
15	85 6
15	79 19
15	84 7
15	84 8
15	83 8
15	85 8
15	79 31
15	84 9
15	84 10
15	83 10
15	85 10
15	79 10
15	84 11
15	84 12
15	83 12
15	85 12
15	79 30
15	84 13
15	84 14
15	83 14
15	85 14
15	79 18
15	84 15
15	84 16
15	83 16
15	85 16
15	79 27
15	84 17
15	84 18
15	83 18
15	85 18
15	79 14
15	84 19
15	84 20
15	83 20
15	85 20
15	79 29
15	84 1
15	84 2
15	83 2
15	85 2
15	79 15
15	84 3
15	84 4
15	83 4
15	85 4
15	79 29
15	84 5
15	84 6
15	83 6
15	85 6
15	79 13
15	84 7
15	84 8
15	83 8
15	85 8
15	79 27
15	84 9
15	84 10
15	83 10
15	85 10
15	79 13
15	84 11
15	84 12
15	83 12
15	85 12
15	79 29
15	84 13
15	84 14
15	83 14
15	85 14
15	79 15
15	84 15
15	84 16
15	83 16
15	85 16
15	79 28
15	84 17
15	84 18
15	83 18
15	85 18
15	79 12
15	84 19
15	84 20
15	83 20
15	85 20
15	79 28
15	84 1
15	84 2
15	83 2
15	85 2
15	79 14
15	84 3
15	84 4
15	83 4
15	85 4
15	79 29
15	84 5
15	84 6
15	83 6
15	85 6
15	79 19
15	84 7
15	84 8
15	83 8
15	85 8
15	79 33
15	84 9
15	84 10
15	83 10
15	85 10
15	79 16
15	84 11
15	84 12
15	83 12
15	85 12
15	79 31
15	84 13
15	84 14
15	83 14
15	85 14
15	79 11
15	84 15
15	84 16
15	83 16
15	85 16
15	79 27
15	84 17
15	84 18
15	83 18
15	85 18
15	79 18
15	84 19
15	84 20
15	83 20
15	85 20
15	79 26
15	84 1
15	84 2
15	83 2
15	85 2
15	79 14
15	84 3
15	84 4
15	83 4
15	85 4
15	79 27
15	84 5
15	84 6
15	83 6
15	85 6
15	79 17
15	84 7
15	84 8
15	83 8
15	85 8
15	79 32
15	84 9
15	84 10
15	83 10
15	85 10
15	79 17
15	84 11
15	84 12
15	83 12
15	85 12
15	79 25
15	84 13
15	84 14
15	83 14
15	85 14
15	79 16
15	84 15
15	84 16
15	83 16
15	85 16
15	79 33
15	84 17
15	84 18
15	83 18
15	85 18
15	79 13
15	84 19
15	84 20
15	83 20
15	85 20
15	79 34
15	84 1
15	84 2
15	83 2
15	85 2
15	79 15
15	84 3
15	84 4
15	83 4
15	85 4
15	79 28
15	84 5
15	84 6
15	83 6
15	85 6
15	79 18
15	84 7
15	84 8
15	83 8
15	85 8
15	79 23
15	84 9
15	84 10
15	83 10
15	85 10
15	79 15
15	84 11
15	84 12
15	83 12
15	85 12
15	79 29
15	84 13
15	84 14
15	83 14
15	85 14
15	79 14
15	84 15
15	84 16
15	83 16
15	85 16
15	79 28
15	84 17
15	84 18
15	83 18
15	85 18
15	79 10
15	84 19
15	84 20
15	83 20
15	85 20
15	79 25
15	84 1
15	84 2
15	83 2
15	85 2
15	79 12
15	84 3
15	84 4
15	83 4
15	85 4
15	79 30
15	84 5
15	84 6
15	83 6
15	85 6
15	79 13
15	84 7
15	84 8
15	83 8
15	85 8
15	79 32
15	84 9
15	84 10
15	83 10
15	85 10
15	79 14
15	84 11
15	84 12
15	83 12
15	85 12
15	79 36
15	84 13
15	84 14
15	83 14
15	85 14
15	79 13
15	84 15
15	84 16
15	83 16
15	85 16
15	79 28
15	84 17
15	84 18
15	83 18
15	85 18
15	79 15
15	84 19
15	84 20
15	83 20
15	85 20
15	79 28
15	84 1
15	84 2
15	83 2
15	85 2
15	79 13
15	84 3
15	84 4
15	83 4
15	85 4
15	79 33
15	84 5
15	84 6
15	83 6
15	85 6
15	79 14
15	84 7
15	84 8
15	83 8
15	85 8
15	79 27
15	84 9
15	84 10
15	83 10
15	85 10
15	79 14
15	84 11
15	84 12
15	83 12
15	85 12
15	79 28
15	84 13
15	84 14
15	83 14
15	85 14
15	79 14
15	84 15
15	84 16
15	83 16
15	85 16
15	79 34
15	84 17
15	84 18
15	83 18
15	85 18
15	79 12
15	84 19
15	84 20
15	83 20
15	85 20
15	79 25
15	84 1
15	84 2
15	83 2
15	85 2
15	79 13
15	84 3
15	84 4
15	83 4
15	85 4
15	79 28
15	84 5
15	84 6
15	83 6
15	85 6
15	79 17
15	84 7
15	84 8
15	83 8
15	85 8
15	79 28
15	84 9
15	84 10
15	83 10
15	85 10
15	79 14
15	84 11
15	84 12
15	83 12
15	85 12
15	79 31
15	84 13
15	84 14
15	83 14
15	85 14
15	79 15
15	84 15
15	84 16
15	83 16
15	85 16
15	79 27
15	84 17
15	84 18
15	83 18
15	85 18
15	79 16
15	84 19
15	84 20
15	83 20
15	85 20
15	79 28
15	84 1
15	84 2
15	83 2
15	85 2
15	79 16
15	84 3
15	84 4
15	83 4
15	85 4
15	79 31
15	84 5
15	84 6
15	83 6
15	85 6
15	79 14
15	84 7
15	84 8
15	83 8
15	85 8
15	79 31
15	84 9
15	84 10
15	TEST_NUMBER 1
15	SENT_TOTAL 250
15	RECEIVED_TOTAL 124
15	TIME_TOTAL 29730
15	RECEIVED_RADIO_1 63
15	RECEIVED_RADIO_2 62
15	SENT_RADIO_1 125
15	SENT_RADIO_2 125
15	RADIO_TIME_1 29779
15	RADIO_TIME_2 19763
15	RETRANSMISSIONS_1 0
15	RETRANSMISSIONS_2 0
15	DROPPED_1 0
15	DROPPED_2 0
15	MAX_QUEUE 1
15	DUPLICATED_1 0
15	DUPLICATED_2 0
15	EBUSY_RADIO_1 0
15	EBUSY_RADIO_2 0
15	83 0
15	85 10
15	86 1
15	84 1
15	84 2
15	83 2
15	85 2
15	79 26
15	84 3
15	84 4
15	83 4
15	85 4
15	79 17
15	84 5
15	84 6
15	83 6
15	85 6
15	79 29
15	84 7
15	84 8
15	83 8
15	85 8
15	79 16
15	84 9
15	84 10
15	83 10
15	85 10
15	79 30
15	84 11
15	84 12
15	83 12
15	85 12
15	79 14
15	84 13
15	84 14
15	83 14
15	85 14
15	79 24
15	84 15
15	84 16
15	83 16
15	85 16
15	79 15
15	84 17
15	84 18
15	83 18
15	85 18
15	79 25
15	84 19
15	84 20
15	83 20
15	85 20
15	79 13
15	84 1
15	84 2
15	83 2
15	85 2
15	79 27
15	84 3
15	84 4
15	83 4
15	85 4
15	79 15
15	84 5
15	84 6
15	83 6
15	85 6
15	79 31
15	84 7
15	84 8
15	83 8
15	85 8
15	79 14
15	84 9
15	84 10
15	83 10
15	85 10
15	79 28
15	84 11
15	84 12
15	83 12
15	85 12
15	79 10
15	84 13
15	84 14
15	83 14
15	85 14
15	79 30
15	84 15
15	84 16
15	83 16
15	85 16
15	79 17
15	84 17
15	84 18
15	83 18
15	85 18
15	79 31
15	84 19
15	84 20
15	83 20
15	85 20
15	79 14
15	84 1
15	84 2
15	83 2
15	85 2
15	79 30
15	84 3
15	84 4
15	83 4
15	85 4
15	79 19
15	84 5
15	84 6
15	83 6
15	85 6
15	79 32
15	84 7
15	84 8
15	83 8
15	85 8
15	79 13
15	84 9
15	84 10
15	83 10
15	85 10
15	79 29
15	84 11
15	84 12
15	83 12
15	85 12
15	79 10
15	84 13
15	84 14
15	83 14
15	85 14
15	79 22
15	84 15
15	84 16
15	83 16
15	85 16
15	79 14
15	84 17
15	84 18
15	83 18
15	85 18
15	79 27
15	84 19
15	84 20
15	83 20
15	85 20
15	79 12
15	84 1
15	84 2
15	83 2
15	85 2
15	79 28
15	84 3
15	84 4
15	83 4
15	85 4
15	79 13
15	84 5
15	84 6
15	83 6
15	85 6
15	79 31
15	84 7
15	84 8
15	83 8
15	85 8
15	79 17
15	84 9
15	84 10
15	83 10
15	85 10
15	79 22
15	84 11
15	84 12
15	83 12
15	85 12
15	79 11
15	84 13
15	84 14
15	83 14
15	85 14
15	79 25
15	84 15
15	84 16
15	83 16
15	85 16
15	79 13
15	84 17
15	84 18
15	83 18
15	85 18
15	79 29
15	84 19
15	84 20
15	83 20
15	85 20
15	79 17
15	84 1
15	84 2
15	83 2
15	85 2
15	79 28
15	84 3
15	84 4
15	83 4
15	85 4
15	79 16
15	84 5
15	84 6
15	83 6
15	85 6
15	79 27
15	84 7
15	84 8
15	83 8
15	85 8
15	79 16
15	84 9
15	84 10
15	83 10
15	85 10
15	79 29
15	84 11
15	84 12
15	83 12
15	85 12
15	79 17
15	84 13
15	84 14
15	83 14
15	85 14
15	79 26
15	84 15
15	84 16
15	83 16
15	85 16
15	79 13
15	84 17
15	84 18
15	83 18
15	85 18
15	79 32
15	84 19
15	84 20
15	83 20
15	85 20
15	79 18
15	84 1
15	84 2
15	83 2
15	85 2
15	79 34
15	84 3
15	84 4
15	83 4
15	85 4
15	79 15
15	84 5
15	84 6
15	83 6
15	85 6
15	79 32
15	84 7
15	84 8
15	83 8
15	85 8
15	79 19
15	84 9
15	84 10
15	83 10
15	85 10
15	79 24
15	84 11
15	84 12
15	83 12
15	85 12
15	79 13
15	84 13
15	84 14
15	83 14
15	85 14
15	79 33
15	84 15
15	84 16
15	83 16
15	85 16
15	79 13
15	84 17
15	84 18
15	83 18
15	85 18
15	79 24
15	84 19
15	84 20
15	83 20
15	85 20
15	79 14
15	84 1
15	84 2
15	83 2
15	85 2
15	79 31
15	84 3
15	84 4
15	83 4
15	85 4
15	79 16
15	84 5
15	84 6
15	83 6
15	85 6
15	79 26
15	84 7
15	84 8
15	83 8
15	85 8
15	79 12
15	84 9
15	84 10
15	83 10
15	85 10
15	79 29
15	84 11
15	84 12
15	83 12
15	85 12
15	79 14
15	84 13
15	84 14
15	83 14
15	85 14
15	79 28
15	84 15
15	84 16
15	83 16
15	85 16
15	79 15
15	84 17
15	84 18
15	83 18
15	85 18
15	79 32
15	84 19
15	84 20
15	83 20
15	85 20
15	79 16
15	84 1
15	84 2
15	83 2
15	85 2
15	79 28
15	84 3
15	84 4
15	83 4
15	85 4
15	79 13
15	84 5
15	84 6
15	83 6
15	85 6
15	79 28
15	84 7
15	84 8
15	83 8
15	85 8
15	79 19
15	84 9
15	84 10
15	83 10
15	85 10
15	79 33
15	84 11
15	84 12
15	83 12
15	85 12
15	79 17
15	84 13
15	84 14
15	83 14
15	85 14
15	79 29
15	84 15
15	84 16
15	83 16
15	85 16
15	79 18
15	84 17
15	84 18
15	83 18
15	85 18
15	79 28
15	84 19
15	84 20
15	83 20
15	85 20
15	79 14
15	84 1
15	84 2
15	83 2
15	85 2
15	79 28
15	84 3
15	84 4
15	83 4
15	85 4
15	79 17
15	84 5
15	84 6
15	83 6
15	85 6
15	79 33
15	84 7
15	84 8
15	83 8
15	85 8
15	79 13
15	84 9
15	84 10
15	83 10
15	85 10
15	79 23
15	84 11
15	84 12
15	83 12
15	85 12
15	79 14
15	84 13
15	84 14
15	83 14
15	85 14
15	79 30
15	84 15
15	84 16
15	83 16
15	85 16
15	79 15
15	84 17
15	84 18
15	83 18
15	85 18
15	79 29
15	84 19
15	84 20
15	83 20
15	85 20
15	79 18
15	84 1
15	84 2
15	83 2
15	85 2
15	79 31
15	84 3
15	84 4
15	83 4
15	85 4
15	79 14
15	84 5
15	84 6
15	83 6
15	85 6
15	79 33
15	84 7
15	84 8
15	83 8
15	85 8
15	79 15
15	84 9
15	84 10
15	83 10
15	85 10
15	79 28
15	84 11
15	84 12
15	83 12
15	85 12
15	79 17
15	84 13
15	84 14
15	83 14
15	85 14
15	79 27
15	84 15
15	84 16
15	83 16
15	85 16
15	79 16
15	84 17
15	84 18
15	83 18
15	85 18
15	79 27
15	84 19
15	84 20
15	83 20
15	85 20
15	79 15
15	84 1
15	84 2
15	83 2
15	85 2
15	79 27
15	84 3
15	84 4
15	83 4
15	85 4
15	79 16
15	84 5
15	84 6
15	83 6
15	85 6
15	79 28
15	84 7
15	84 8
15	83 8
15	85 8
15	79 15
15	84 9
15	84 10
15	83 10
15	85 10
15	79 30
15	84 11
15	84 12
15	83 12
15	85 12
15	79 19
15	84 13
15	84 14
15	83 14
15	85 14
15	79 29
15	84 15
15	84 16
15	83 16
15	85 16
15	79 17
15	84 17
15	84 18
15	83 18
15	85 18
15	79 30
15	84 19
15	84 20
15	83 20
15	85 20
15	79 13
15	84 1
15	84 2
15	83 2
15	85 2
15	79 23
15	84 3
15	84 4
15	83 4
15	85 4
15	79 16
15	84 5
15	84 6
15	83 6
15	85 6
15	79 28
15	84 7
15	84 8
15	83 8
15	85 8
15	79 17
15	84 9
15	84 10
15	83 10
15	85 10
15	79 31
15	84 11
15	84 12
15	83 12
15	85 12
15	79 15
15	84 13
15	84 14
15	83 14
15	85 14
15	79 32
15	84 15
15	84 16
15	83 16
15	85 16
15	79 14
15	84 17
15	84 18
15	83 18
15	85 18
15	79 26
15	84 19
15	84 20
15	83 20
15	85 20
15	79 14
15	84 1
15	84 2
15	83 2
15	85 2
15	79 28
15	84 3
15	84 4
15	83 4
15	85 4
15	79 14
15	84 5
15	84 6
15	83 6
15	85 6
15	79 28
15	84 7
15	84 8
15	83 8
15	85 8
15	79 15
15	84 9
15	84 10
15	TEST_NUMBER 2
15	SENT_TOTAL 250
15	RECEIVED_TOTAL 124
15	TIME_TOTAL 29721
15	RECEIVED_RADIO_1 62
15	RECEIVED_RADIO_2 63
15	SENT_RADIO_1 125
15	SENT_RADIO_2 125
15	RADIO_TIME_1 19763
15	RADIO_TIME_2 29865
15	RETRANSMISSIONS_1 0
15	RETRANSMISSIONS_2 0
15	DROPPED_1 0
15	DROPPED_2 0
15	MAX_QUEUE 1
15	DUPLICATED_1 0
15	DUPLICATED_2 0
15	EBUSY_RADIO_1 0
15	EBUSY_RADIO_2 0
15	83 0
15	85 10
15	86 2
15	84 1
15	84 2
15	83 2
15	85 2
15	79 15
15	84 3
15	84 4
15	83 4
15	85 4
15	79 30
15	84 5
15	84 6
15	83 6
15	85 6
15	79 14
15	84 7
15	84 8
15	83 8
15	85 8
15	79 31
15	84 9
15	84 10
15	83 10
15	85 10
15	79 15
15	84 11
15	84 12
15	83 12
15	85 12
15	79 27
15	84 13
15	84 14
15	83 14
15	85 14
15	79 13
15	84 15
15	84 16
15	83 16
15	85 16
15	79 30
15	84 17
15	84 18
15	83 18
15	85 18
15	79 14
15	84 19
15	84 20
15	83 20
15	85 20
15	79 36
15	84 1
15	84 2
15	83 2
15	85 2
15	79 14
15	84 3
15	84 4
15	83 4
15	85 4
15	79 29
15	84 5
15	84 6
15	83 6
15	85 6
15	79 16
15	84 7
15	84 8
15	83 8
15	85 8
15	79 27
15	84 9
15	84 10
15	83 10
15	85 10
15	79 13
15	84 11
15	84 12
15	83 12
15	85 12
15	79 27
15	84 13
15	84 14
15	83 14
15	85 14
15	79 15
15	84 15
15	84 16
15	83 16
15	85 16
15	79 28
15	84 17
15	84 18
15	83 18
15	85 18
15	79 14
15	84 19
15	84 20
15	83 20
15	85 20
15	79 28
15	84 1
15	84 2
15	83 2
15	85 2
15	79 12
15	84 3
15	84 4
15	83 4
15	85 4
15	79 31
15	84 5
15	84 6
15	83 6
15	85 6
15	79 14
15	84 7
15	84 8
15	83 8
15	85 8
15	79 30
15	84 9
15	84 10
15	83 10
15	85 10
15	79 13
15	84 11
15	84 12
15	83 12
15	85 12
15	79 26
15	84 13
15	84 14
15	83 14
15	85 14
15	79 14
15	84 15
15	84 16
15	83 16
15	85 16
15	79 27
15	84 17
15	84 18
15	83 18
15	85 18
15	79 11
15	84 19
15	84 20
15	83 20
15	85 20
15	79 25
15	84 1
15	84 2
15	83 2
15	85 2
15	79 16
15	84 3
15	84 4
15	83 4
15	85 4
15	79 24
15	84 5
15	84 6
15	83 6
15	85 6
15	79 15
15	84 7
15	84 8
15	83 8
15	85 8
15	79 30
15	84 9
15	84 10
15	83 10
15	85 10
15	79 12
15	84 11
15	84 12
15	83 12
15	85 12
15	79 32
15	84 13
15	84 14
15	83 14
15	85 14
15	79 12
15	84 15
15	84 16
15	83 16
15	85 16
15	79 30
15	84 17
15	84 18
15	83 18
15	85 18
15	79 13
15	84 19
15	84 20
15	83 20
15	85 20
15	79 29
15	84 1
15	84 2
15	83 2
15	85 2
15	79 13
15	84 3
15	84 4
15	83 4
15	85 4
15	79 28
15	84 5
15	84 6
15	83 6
15	85 6
15	79 14
15	84 7
15	84 8
15	83 8
15	85 8
15	79 30
15	84 9
15	84 10
15	83 10
15	85 10
15	79 13
15	84 11
15	84 12
15	83 12
15	85 12
15	79 26
15	84 13
15	84 14
15	83 14
15	85 14
15	79 15
15	84 15
15	84 16
15	83 16
15	85 16
15	79 29
15	84 17
15	84 18
15	83 18
15	85 18
15	79 14
15	84 19
15	84 20
15	83 20
15	85 20
15	79 30
15	84 1
15	84 2
15	83 2
15	85 2
15	79 15
15	84 3
15	84 4
15	83 4
15	85 4
15	79 28
15	84 5
15	84 6
15	83 6
15	85 6
15	79 19
15	84 7
15	84 8
15	83 8
15	85 8
15	79 29
15	84 9
15	84 10
15	83 10
15	85 10
15	79 16
15	84 11
15	84 12
15	83 12
15	85 12
15	79 29
15	84 13
15	84 14
15	83 14
15	85 14
15	79 15
15	84 15
15	84 16
15	83 16
15	85 16
15	79 27
15	84 17
15	84 18
15	83 18
15	85 18
15	79 14
15	84 19
15	84 20
15	83 20
15	85 20
15	79 25
15	84 1
15	84 2
15	83 2
15	85 2
15	79 16
15	84 3
15	84 4
15	83 4
15	85 4
15	79 28
15	84 5
15	84 6
15	83 6
15	85 6
15	79 13
15	84 7
15	84 8
15	83 8
15	85 8
15	79 28
15	84 9
15	84 10
15	83 10
15	85 10
15	79 14
15	84 11
15	84 12
15	83 12
15	85 12
15	79 25
15	84 13
15	84 14
15	83 14
15	85 14
15	79 17
15	84 15
15	84 16
15	83 16
15	85 16
15	79 23
15	84 17
15	84 18
15	83 18
15	85 18
15	79 14
15	84 19
15	84 20
15	83 20
15	85 20
15	79 30
15	84 1
15	84 2
15	83 2
15	85 2
15	79 14
15	84 3
15	84 4
15	83 4
15	85 4
15	79 31
15	84 5
15	84 6
15	83 6
15	85 6
15	79 12
15	84 7
15	84 8
15	83 8
15	85 8
15	79 34
15	84 9
15	84 10
15	83 10
15	85 10
15	79 16
15	84 11
15	84 12
15	83 12
15	85 12
15	79 31
15	84 13
15	84 14
15	83 14
15	85 14
15	79 14
15	84 15
15	84 16
15	83 16
15	85 16
15	79 32
15	84 17
15	84 18
15	83 18
15	85 18
15	79 15
15	84 19
15	84 20
15	83 20
15	85 20
15	79 24
15	84 1
15	84 2
15	83 2
15	85 2
15	79 17
15	84 3
15	84 4
15	83 4
15	85 4
15	79 32
15	84 5
15	84 6
15	83 6
15	85 6
15	79 12
15	84 7
15	84 8
15	83 8
15	85 8
15	79 31
15	84 9
15	84 10
15	83 10
15	85 10
15	79 15
15	84 11
15	84 12
15	83 12
15	85 12
15	79 30
15	84 13
15	84 14
15	83 14
15	85 14
15	79 14
15	84 15
15	84 16
15	83 16
15	85 16
15	79 28
15	84 17
15	84 18
15	83 18
15	85 18
15	79 18
15	84 19
15	84 20
15	83 20
15	85 20
15	79 31
15	84 1
15	84 2
15	83 2
15	85 2
15	79 15
15	84 3
15	84 4
15	83 4
15	85 4
15	79 31
15	84 5
15	84 6
15	83 6
15	85 6
15	79 14
15	84 7
15	84 8
15	83 8
15	85 8
15	79 29
15	84 9
15	84 10
15	83 10
15	85 10
15	79 18
15	84 11
15	84 12
15	83 12
15	85 12
15	79 26
15	84 13
15	84 14
15	83 14
15	85 14
15	79 14
15	84 15
15	84 16
15	83 16
15	85 16
15	79 31
15	84 17
15	84 18
15	83 18
15	85 18
15	79 13
15	84 19
15	84 20
15	83 20
15	85 20
15	79 27
15	84 1
15	84 2
15	83 2
15	85 2
15	79 17
15	84 3
15	84 4
15	83 4
15	85 4
15	79 34
15	84 5
15	84 6
15	83 6
15	85 6
15	79 17
15	84 7
15	84 8
15	83 8
15	85 8
15	79 24
15	84 9
15	84 10
15	83 10
15	85 10
15	79 12
15	84 11
15	84 12
15	83 12
15	85 12
15	79 33
15	84 13
15	84 14
15	83 14
15	85 14
15	79 14
15	84 15
15	84 16
15	83 16
15	85 16
15	79 29
15	84 17
15	84 18
15	83 18
15	85 18
15	79 15
15	84 19
15	84 20
15	83 20
15	85 20
15	79 31
15	84 1
15	84 2
15	83 2
15	85 2
15	79 15
15	84 3
15	84 4
15	83 4
15	85 4
15	79 28
15	84 5
15	84 6
15	83 6
15	85 6
15	79 17
15	84 7
15	84 8
15	83 8
15	85 8
15	79 29
15	84 9
15	84 10
15	83 10
15	85 10
15	79 14
15	84 11
15	84 12
15	83 12
15	85 12
15	79 29
15	84 13
15	84 14
15	83 14
15	85 14
15	79 16
15	84 15
15	84 16
15	83 16
15	85 16
15	79 30
15	84 17
15	84 18
15	83 18
15	85 18
15	79 15
15	84 19
15	84 20
15	83 20
15	85 20
15	79 32
15	84 1
15	84 2
15	83 2
15	85 2
15	79 11
15	84 3
15	84 4
15	83 4
15	85 4
15	79 31
15	84 5
15	84 6
15	83 6
15	85 6
15	79 15
15	84 7
15	84 8
15	83 8
15	85 8
15	79 33
15	84 9
15	84 10
15	TEST_NUMBER 3
15	SENT_TOTAL 250
15	RECEIVED_TOTAL 124
15	TIME_TOTAL 29729
15	RECEIVED_RADIO_1 63
15	RECEIVED_RADIO_2 62
15	SENT_RADIO_1 125
15	SENT_RADIO_2 125
15	RADIO_TIME_1 29776
15	RADIO_TIME_2 19763
15	RETRANSMISSIONS_1 0
15	RETRANSMISSIONS_2 0
15	DROPPED_1 0
15	DROPPED_2 0
15	MAX_QUEUE 1
15	DUPLICATED_1 0
15	DUPLICATED_2 0
15	EBUSY_RADIO_1 0
15	EBUSY_RADIO_2 0
15	83 0
15	85 10
15	86 3
15	84 1
15	84 2
15	83 2
15	85 2
15	79 28
15	84 3
15	84 4
15	83 4
15	85 4
15	79 14
15	84 5
15	84 6
15	83 6
15	85 6
15	79 23
15	84 7
15	84 8
15	83 8
15	85 8
15	79 16
15	84 9
15	84 10
15	83 10
15	85 10
15	79 30
15	84 11
15	84 12
15	83 12
15	85 12
15	79 13
15	84 13
15	84 14
15	83 14
15	85 14
15	79 29
15	84 15
15	84 16
15	83 16
15	85 16
15	79 17
15	84 17
15	84 18
15	83 18
15	85 18
15	79 29
15	84 19
15	84 20
15	83 20
15	85 20
15	79 14
15	84 1
15	84 2
15	83 2
15	85 2
15	79 27
15	84 3
15	84 4
15	83 4
15	85 4
15	79 17
15	84 5
15	84 6
15	83 6
15	85 6
15	79 26
15	84 7
15	84 8
15	83 8
15	85 8
15	79 14
15	84 9
15	84 10
15	83 10
15	85 10
15	79 29
15	84 11
15	84 12
15	83 12
15	85 12
15	79 16
15	84 13
15	84 14
15	83 14
15	85 14
15	79 25
15	84 15
15	84 16
15	83 16
15	85 16
15	79 17
15	84 17
15	84 18
15	83 18
15	85 18
15	79 30
15	84 19
15	84 20
15	83 20
15	85 20
15	79 18
15	84 1
15	84 2
15	83 2
15	85 2
15	79 28
15	84 3
15	84 4
15	83 4
15	85 4
15	79 16
15	84 5
15	84 6
15	83 6
15	85 6
15	79 27
15	84 7
15	84 8
15	83 8
15	85 8
15	79 17
15	84 9
15	84 10
15	83 10
15	85 10
15	79 29
15	84 11
15	84 12
15	83 12
15	85 12
15	79 15
15	84 13
15	84 14
15	83 14
15	85 14
15	79 25
15	84 15
15	84 16
15	83 16
15	85 16
15	79 18
15	84 17
15	84 18
15	83 18
15	85 18
15	79 34
15	84 19
15	84 20
15	83 20
15	85 20
15	79 16
15	84 1
15	84 2
15	83 2
15	85 2
15	79 28
15	84 3
15	84 4
15	83 4
15	85 4
15	79 16
15	84 5
15	84 6
15	83 6
15	85 6
15	79 29
15	84 7
15	84 8
15	83 8
15	85 8
15	79 14
15	84 9
15	84 10
15	83 10
15	85 10
15	79 25
15	84 11
15	84 12
15	83 12
15	85 12
15	79 17
15	84 13
15	84 14
15	83 14
15	85 14
15	79 29
15	84 15
15	84 16
15	83 16
15	85 16
15	79 15
15	84 17
15	84 18
15	83 18
15	85 18
15	79 34
15	84 19
15	84 20
15	83 20
15	85 20
15	79 11
15	84 1
15	84 2
15	83 2
15	85 2
15	79 26
15	84 3
15	84 4
15	83 4
15	85 4
15	79 14
15	84 5
15	84 6
15	83 6
15	85 6
15	79 32
15	84 7
15	84 8
15	83 8
15	85 8
15	79 12
15	84 9
15	84 10
15	83 10
15	85 10
15	79 28
15	84 11
15	84 12
15	83 12
15	85 12
15	79 13
15	84 13
15	84 14
15	83 14
15	85 14
15	79 27
15	84 15
15	84 16
15	83 16
15	85 16
15	79 14
15	84 17
15	84 18
15	83 18
15	85 18
15	79 31
15	84 19
15	84 20
15	83 20
15	85 20
15	79 15
15	84 1
15	84 2
15	83 2
15	85 2
15	79 30
15	84 3
15	84 4
15	83 4
15	85 4
15	79 19
15	84 5
15	84 6
15	83 6
15	85 6
15	79 29
15	84 7
15	84 8
15	83 8
15	85 8
15	79 14
15	84 9
15	84 10
15	83 10
15	85 10
15	79 25
15	84 11
15	84 12
15	83 12
15	85 12
15	79 18
15	84 13
15	84 14
15	83 14
15	85 14
15	79 23
15	84 15
15	84 16
15	83 16
15	85 16
15	79 11
15	84 17
15	84 18
15	83 18
15	85 18
15	79 29
15	84 19
15	84 20
15	83 20
15	85 20
15	79 14
15	84 1
15	84 2
15	83 2
15	85 2
15	79 31
15	84 3
15	84 4
15	83 4
15	85 4
15	79 15
15	84 5
15	84 6
15	83 6
15	85 6
15	79 27
15	84 7
15	84 8
15	83 8
15	85 8
15	79 15
15	84 9
15	84 10
15	83 10
15	85 10
15	79 33
15	84 11
15	84 12
15	83 12
15	85 12
15	79 15
15	84 13
15	84 14
15	83 14
15	85 14
15	79 29
15	84 15
15	84 16
15	83 16
15	85 16
15	79 15
15	84 17
15	84 18
15	83 18
15	85 18
15	79 33
15	84 19
15	84 20
15	83 20
15	85 20
15	79 16
15	84 1
15	84 2
15	83 2
15	85 2
15	79 27
15	84 3
15	84 4
15	83 4
15	85 4
15	79 15
15	84 5
15	84 6
15	83 6
15	85 6
15	79 32
15	84 7
15	84 8
15	83 8
15	85 8
15	79 15
15	84 9
15	84 10
15	83 10
15	85 10
15	79 26
15	84 11
15	84 12
15	83 12
15	85 12
15	79 11
15	84 13
15	84 14
15	83 14
15	85 14
15	79 29
15	84 15
15	84 16
15	83 16
15	85 16
15	79 17
15	84 17
15	84 18
15	83 18
15	85 18
15	79 29
15	84 19
15	84 20
15	83 20
15	85 20
15	79 11
15	84 1
15	84 2
15	83 2
15	85 2
15	79 27
15	84 3
15	84 4
15	83 4
15	85 4
15	79 16
15	84 5
15	84 6
15	83 6
15	85 6
15	79 31
15	84 7
15	84 8
15	83 8
15	85 8
15	79 13
15	84 9
15	84 10
15	83 10
15	85 10
15	79 27
15	84 11
15	84 12
15	83 12
15	85 12
15	79 13
15	84 13
15	84 14
15	83 14
15	85 14
15	79 25
15	84 15
15	84 16
15	83 16
15	85 16
15	79 14
15	84 17
15	84 18
15	83 18
15	85 18
15	79 25
15	84 19
15	84 20
15	83 20
15	85 20
15	79 17
15	84 1
15	84 2
15	83 2
15	85 2
15	79 30
15	84 3
15	84 4
15	83 4
15	85 4
15	79 13
15	84 5
15	84 6
15	83 6
15	85 6
15	79 29
15	84 7
15	84 8
15	83 8
15	85 8
15	79 12
15	84 9
15	84 10
15	83 10
15	85 10
15	79 32
15	84 11
15	84 12
15	83 12
15	85 12
15	79 19
15	84 13
15	84 14
15	83 14
15	85 14
15	79 28
15	84 15
15	84 16
15	83 16
15	85 16
15	79 12
15	84 17
15	84 18
15	83 18
15	85 18
15	79 28
15	84 19
15	84 20
15	83 20
15	85 20
15	79 16
15	84 1
15	84 2
15	83 2
15	85 2
15	79 31
15	84 3
15	84 4
15	83 4
15	85 4
15	79 15
15	84 5
15	84 6
15	83 6
15	85 6
15	79 27
15	84 7
15	84 8
15	83 8
15	85 8
15	79 16
15	84 9
15	84 10
15	83 10
15	85 10
15	79 26
15	84 11
15	84 12
15	83 12
15	85 12
15	79 17
15	84 13
15	84 14
15	83 14
15	85 14
15	79 29
15	84 15
15	84 16
15	83 16
15	85 16
15	79 15
15	84 17
15	84 18
15	83 18
15	85 18
15	79 31
15	84 19
15	84 20
15	83 20
15	85 20
15	79 15
15	84 1
15	84 2
15	83 2
15	85 2
15	79 26
15	84 3
15	84 4
15	83 4
15	85 4
15	79 18
15	84 5
15	84 6
15	83 6
15	85 6
15	79 33
15	84 7
15	84 8
15	83 8
15	85 8
15	79 12
15	84 9
15	84 10
15	83 10
15	85 10
15	79 27
15	84 11
15	84 12
15	83 12
15	85 12
15	79 15
15	84 13
15	84 14
15	83 14
15	85 14
15	79 28
15	84 15
15	84 16
15	83 16
15	85 16
15	79 11
15	84 17
15	84 18
15	83 18
15	85 18
15	79 31
15	84 19
15	84 20
15	83 20
15	85 20
15	79 13
15	84 1
15	84 2
15	83 2
15	85 2
15	79 30
15	84 3
15	84 4
15	83 4
15	85 4
15	79 17
15	84 5
15	84 6
15	83 6
15	85 6
15	79 28
15	84 7
15	84 8
15	83 8
15	85 8
15	79 12
15	84 9
15	84 10
15	TEST_NUMBER 4
15	SENT_TOTAL 250
15	RECEIVED_TOTAL 124
15	TIME_TOTAL 29718
15	RECEIVED_RADIO_1 62
15	RECEIVED_RADIO_2 63
15	SENT_RADIO_1 125
15	SENT_RADIO_2 125
15	RADIO_TIME_1 19763
15	RADIO_TIME_2 29865
15	RETRANSMISSIONS_1 0
15	RETRANSMISSIONS_2 0
15	DROPPED_1 0
15	DROPPED_2 0
15	MAX_QUEUE 1
15	DUPLICATED_1 0
15	DUPLICATED_2 0
15	EBUSY_RADIO_1 0
15	EBUSY_RADIO_2 0
15	83 0
15	85 10
15	86 4
15	84 1
15	84 2
15	83 2
15	85 2
15	79 17
15	84 3
15	84 4
15	83 4
15	85 4
15	79 25
15	84 5
15	84 6
15	83 6
15	85 6
15	79 18
15	84 7
15	84 8
15	83 8
15	85 8
15	79 25
15	84 9
15	84 10
15	83 10
15	85 10
15	79 18
15	84 11
15	84 12
15	83 12
15	85 12
15	79 28
15	84 13
15	84 14
15	83 14
15	85 14
15	79 16
15	84 15
15	84 16
15	83 16
15	85 16
15	79 26
15	84 17
15	84 18
15	83 18
15	85 18
15	79 14
15	84 19
15	84 20
15	83 20
15	85 20
15	79 31
15	84 1
15	84 2
15	83 2
15	85 2
15	79 14
15	84 3
15	84 4
15	83 4
15	85 4
15	79 25
15	84 5
15	84 6
15	83 6
15	85 6
15	79 17
15	84 7
15	84 8
15	83 8
15	85 8
15	79 30
15	84 9
15	84 10
15	83 10
15	85 10
15	79 15
15	84 11
15	84 12
15	83 12
15	85 12
15	79 26
15	84 13
15	84 14
15	83 14
15	85 14
15	79 14
15	84 15
15	84 16
15	83 16
15	85 16
15	79 32
15	84 17
15	84 18
15	83 18
15	85 18
15	79 14
15	84 19
15	84 20
15	83 20
15	85 20
15	79 29
15	84 1
15	84 2
15	83 2
15	85 2
15	79 17
15	84 3
15	84 4
15	83 4
15	85 4
15	79 28
15	84 5
15	84 6
15	83 6
15	85 6
15	79 16
15	84 7
15	84 8
15	83 8
15	85 8
15	79 29
15	84 9
15	84 10
15	83 10
15	85 10
15	79 16
15	84 11
15	84 12
15	83 12
15	85 12
15	79 31
15	84 13
15	84 14
15	83 14
15	85 14
15	79 13
15	84 15
15	84 16
15	83 16
15	85 16
15	79 33
15	84 17
15	84 18
15	83 18
15	85 18
15	79 16
15	84 19
15	84 20
15	83 20
15	85 20
15	79 32
15	84 1
15	84 2
15	83 2
15	85 2
15	79 14
15	84 3
15	84 4
15	83 4
15	85 4
15	79 24
15	84 5
15	84 6
15	83 6
15	85 6
15	79 14
15	84 7
15	84 8
15	83 8
15	85 8
15	79 22
15	84 9
15	84 10
15	83 10
15	85 10
15	79 14
15	84 11
15	84 12
15	83 12
15	85 12
15	79 30
15	84 13
15	84 14
15	83 14
15	85 14
15	79 10
15	84 15
15	84 16
15	83 16
15	85 16
15	79 32
15	84 17
15	84 18
15	83 18
15	85 18
15	79 12
15	84 19
15	84 20
15	83 20
15	85 20
15	79 32
15	84 1
15	84 2
15	83 2
15	85 2
15	79 14
15	84 3
15	84 4
15	83 4
15	85 4
15	79 29
15	84 5
15	84 6
15	83 6
15	85 6
15	79 15
15	84 7
15	84 8
15	83 8
15	85 8
15	79 28
15	84 9
15	84 10
15	83 10
15	85 10
15	79 17
15	84 11
15	84 12
15	83 12
15	85 12
15	79 23
15	84 13
15	84 14
15	83 14
15	85 14
15	79 15
15	84 15
15	84 16
15	83 16
15	85 16
15	79 29
15	84 17
15	84 18
15	83 18
15	85 18
15	79 15
15	84 19
15	84 20
15	83 20
15	85 20
15	79 30
15	84 1
15	84 2
15	83 2
15	85 2
15	79 16
15	84 3
15	84 4
15	83 4
15	85 4
15	79 28
15	84 5
15	84 6
15	83 6
15	85 6
15	79 12
15	84 7
15	84 8
15	83 8
15	85 8
15	79 27
15	84 9
15	84 10
15	83 10
15	85 10
15	79 15
15	84 11
15	84 12
15	83 12
15	85 12
15	79 32
15	84 13
15	84 14
15	83 14
15	85 14
15	79 16
15	84 15
15	84 16
15	83 16
15	85 16
15	79 22
15	84 17
15	84 18
15	83 18
15	85 18
15	79 13
15	84 19
15	84 20
15	83 20
15	85 20
15	79 33
15	84 1
15	84 2
15	83 2
15	85 2
15	79 11
15	84 3
15	84 4
15	83 4
15	85 4
15	79 26
15	84 5
15	84 6
15	83 6
15	85 6
15	79 11
15	84 7
15	84 8
15	83 8
15	85 8
15	79 29
15	84 9
15	84 10
15	83 10
15	85 10
15	79 12
15	84 11
15	84 12
15	83 12
15	85 12
15	79 26
15	84 13
15	84 14
15	83 14
15	85 14
15	79 14
15	84 15
15	84 16
15	83 16
15	85 16
15	79 29
15	84 17
15	84 18
15	83 18
15	85 18
15	79 12
15	84 19
15	84 20
15	83 20
15	85 20
15	79 26
15	84 1
15	84 2
15	83 2
15	85 2
15	79 13
15	84 3
15	84 4
15	83 4
15	85 4
15	79 26
15	84 5
15	84 6
15	83 6
15	85 6
15	79 12
15	84 7
15	84 8
15	83 8
15	85 8
15	79 27
15	84 9
15	84 10
15	83 10
15	85 10
15	79 14
15	84 11
15	84 12
15	83 12
15	85 12
15	79 28
15	84 13
15	84 14
15	83 14
15	85 14
15	79 16
15	84 15
15	84 16
15	83 16
15	85 16
15	79 33
15	84 17
15	84 18
15	83 18
15	85 18
15	79 13
15	84 19
15	84 20
15	83 20
15	85 20
15	79 29
15	84 1
15	84 2
15	83 2
15	85 2
15	79 16
15	84 3
15	84 4
15	83 4
15	85 4
15	79 29
15	84 5
15	84 6
15	83 6
15	85 6
15	79 16
15	84 7
15	84 8
15	83 8
15	85 8
15	79 29
15	84 9
15	84 10
15	83 10
15	85 10
15	79 14
15	84 11
15	84 12
15	83 12
15	85 12
15	79 27
15	84 13
15	84 14
15	83 14
15	85 14
15	79 15
15	84 15
15	84 16
15	83 16
15	85 16
15	79 32
15	84 17
15	84 18
15	83 18
15	85 18
15	79 16
15	84 19
15	84 20
15	83 20
15	85 20
15	79 27
15	84 1
15	84 2
15	83 2
15	85 2
15	79 17
15	84 3
15	84 4
15	83 4
15	85 4
15	79 30
15	84 5
15	84 6
15	83 6
15	85 6
15	79 15
15	84 7
15	84 8
15	83 8
15	85 8
15	79 28
15	84 9
15	84 10
15	83 10
15	85 10
15	79 17
15	84 11
15	84 12
15	83 12
15	85 12
15	79 23
15	84 13
15	84 14
15	83 14
15	85 14
15	79 12
15	84 15
15	84 16
15	83 16
15	85 16
15	79 24
15	84 17
15	84 18
15	83 18
15	85 18
15	79 16
15	84 19
15	84 20
15	83 20
15	85 20
15	79 31
15	84 1
15	84 2
15	83 2
15	85 2
15	79 15
15	84 3
15	84 4
15	83 4
15	85 4
15	79 33
15	84 5
15	84 6
15	83 6
15	85 6
15	79 12
15	84 7
15	84 8
15	83 8
15	85 8
15	79 33
15	84 9
15	84 10
15	83 10
15	85 10
15	79 15
15	84 11
15	84 12
15	83 12
15	85 12
15	79 25
15	84 13
15	84 14
15	83 14
15	85 14
15	79 14
15	84 15
15	84 16
15	83 16
15	85 16
15	79 32
15	84 17
15	84 18
15	83 18
15	85 18
15	79 14
15	84 19
15	84 20
15	83 20
15	85 20
15	79 27
15	84 1
15	84 2
15	83 2
15	85 2
15	79 18
15	84 3
15	84 4
15	83 4
15	85 4
15	79 35
15	84 5
15	84 6
15	83 6
15	85 6
15	79 18
15	84 7
15	84 8
15	83 8
15	85 8
15	79 30
15	84 9
15	84 10
15	83 10
15	85 10
15	79 18
15	84 11
15	84 12
15	83 12
15	85 12
15	79 23
15	84 13
15	84 14
15	83 14
15	85 14
15	79 12
15	84 15
15	84 16
15	83 16
15	85 16
15	79 32
15	84 17
15	84 18
15	83 18
15	85 18
15	79 13
15	84 19
15	84 20
15	83 20
15	85 20
15	79 31
15	84 1
15	84 2
15	83 2
15	85 2
15	79 15
15	84 3
15	84 4
15	83 4
15	85 4
15	79 33
15	84 5
15	84 6
15	83 6
15	85 6
15	79 11
15	84 7
15	84 8
15	83 8
15	85 8
15	79 26
15	84 9
15	84 10
15	TEST_NUMBER 5
15	SENT_TOTAL 250
15	RECEIVED_TOTAL 124
15	TIME_TOTAL 29720
15	RECEIVED_RADIO_1 63
15	RECEIVED_RADIO_2 62
15	SENT_RADIO_1 125
15	SENT_RADIO_2 125
15	RADIO_TIME_1 29774
15	RADIO_TIME_2 19763
15	RETRANSMISSIONS_1 0
15	RETRANSMISSIONS_2 0
15	DROPPED_1 0
15	DROPPED_2 0
15	MAX_QUEUE 1
15	DUPLICATED_1 0
15	DUPLICATED_2 0
15	EBUSY_RADIO_1 0
15	EBUSY_RADIO_2 0
15	83 0
15	85 10
15	86 5
15	84 1
15	84 2
15	83 2
15	85 2
15	79 27
15	84 3
15	84 4
15	83 4
15	85 4
15	79 11
15	84 5
15	84 6
15	83 6
15	85 6
15	79 31
15	84 7
15	84 8
15	83 8
15	85 8
15	79 18
15	84 9
15	84 10
15	83 10
15	85 10
15	79 23
15	84 11
15	84 12
15	83 12
15	85 12
15	79 13
15	84 13
15	84 14
15	83 14
15	85 14
15	79 31
15	84 15
15	84 16
15	83 16
15	85 16
15	79 11
15	84 17
15	84 18
15	83 18
15	85 18
15	79 29
15	84 19
15	84 20
15	83 20
15	85 20
15	79 13
15	84 1
15	84 2
15	83 2
15	85 2
15	79 34
15	84 3
15	84 4
15	83 4
15	85 4
15	79 18
15	84 5
15	84 6
15	83 6
15	85 6
15	79 28
15	84 7
15	84 8
15	83 8
15	85 8
15	79 16
15	84 9
15	84 10
15	83 10
15	85 10
15	79 25
15	84 11
15	84 12
15	83 12
15	85 12
15	79 14
15	84 13
15	84 14
15	83 14
15	85 14
15	79 31
15	84 15
15	84 16
15	83 16
15	85 16
15	79 14
15	84 17
15	84 18
15	83 18
15	85 18
15	79 32
15	84 19
15	84 20
15	83 20
15	85 20
15	79 13
15	84 1
15	84 2
15	83 2
15	85 2
15	79 35
15	84 3
15	84 4
15	83 4
15	85 4
15	79 18
15	84 5
15	84 6
15	83 6
15	85 6
15	79 28
15	84 7
15	84 8
15	83 8
15	85 8
15	79 16
15	84 9
15	84 10
15	83 10
15	85 10
15	79 27
15	84 11
15	84 12
15	83 12
15	85 12
15	79 17
15	84 13
15	84 14
15	83 14
15	85 14
15	79 31
15	84 15
15	84 16
15	83 16
15	85 16
15	79 14
15	84 17
15	84 18
15	83 18
15	85 18
15	79 33
15	84 19
15	84 20
15	83 20
15	85 20
15	79 14
15	84 1
15	84 2
15	83 2
15	85 2
15	79 28
15	84 3
15	84 4
15	83 4
15	85 4
15	79 18
15	84 5
15	84 6
15	83 6
15	85 6
15	79 28
15	84 7
15	84 8
15	83 8
15	85 8
15	79 14
15	84 9
15	84 10
15	83 10
15	85 10
15	79 27
15	84 11
15	84 12
15	83 12
15	85 12
15	79 15
15	84 13
15	84 14
15	83 14
15	85 14
15	79 25
15	84 15
15	84 16
15	83 16
15	85 16
15	79 14
15	84 17
15	84 18
15	83 18
15	85 18
15	79 30
15	84 19
15	84 20
15	83 20
15	85 20
15	79 15
15	84 1
15	84 2
15	83 2
15	85 2
15	79 26
15	84 3
15	84 4
15	83 4
15	85 4
15	79 18
15	84 5
15	84 6
15	83 6
15	85 6
15	79 28
15	84 7
15	84 8
15	83 8
15	85 8
15	79 14
15	84 9
15	84 10
15	83 10
15	85 10
15	79 31
15	84 11
15	84 12
15	83 12
15	85 12
15	79 19
15	84 13
15	84 14
15	83 14
15	85 14
15	79 31
15	84 15
15	84 16
15	83 16
15	85 16
15	79 12
15	84 17
15	84 18
15	83 18
15	85 18
15	79 29
15	84 19
15	84 20
15	83 20
15	85 20
15	79 16
15	84 1
15	84 2
15	83 2
15	85 2
15	79 32
15	84 3
15	84 4
15	83 4
15	85 4
15	79 17
15	84 5
15	84 6
15	83 6
15	85 6
15	79 34
15	84 7
15	84 8
15	83 8
15	85 8
15	79 13
15	84 9
15	84 10
15	83 10
15	85 10
15	79 28
15	84 11
15	84 12
15	83 12
15	85 12
15	79 13
15	84 13
15	84 14
15	83 14
15	85 14
15	79 29
15	84 15
15	84 16
15	83 16
15	85 16
15	79 15
15	84 17
15	84 18
15	83 18
15	85 18
15	79 32
15	84 19
15	84 20
15	83 20
15	85 20
15	79 14
15	84 1
15	84 2
15	83 2
15	85 2
15	79 23
15	84 3
15	84 4
15	83 4
15	85 4
15	79 16
15	84 5
15	84 6
15	83 6
15	85 6
15	79 27
15	84 7
15	84 8
15	83 8
15	85 8
15	79 16
15	84 9
15	84 10
15	83 10
15	85 10
15	79 26
15	84 11
15	84 12
15	83 12
15	85 12
15	79 14
15	84 13
15	84 14
15	83 14
15	85 14
15	79 28
15	84 15
15	84 16
15	83 16
15	85 16
15	79 14
15	84 17
15	84 18
15	83 18
15	85 18
15	79 32
15	84 19
15	84 20
15	83 20
15	85 20
15	79 12
15	84 1
15	84 2
15	83 2
15	85 2
15	79 25
15	84 3
15	84 4
15	83 4
15	85 4
15	79 15
15	84 5
15	84 6
15	83 6
15	85 6
15	79 33
15	84 7
15	84 8
15	83 8
15	85 8
15	79 16
15	84 9
15	84 10
15	83 10
15	85 10
15	79 33
15	84 11
15	84 12
15	83 12
15	85 12
15	79 13
15	84 13
15	84 14
15	83 14
15	85 14
15	79 26
15	84 15
15	84 16
15	83 16
15	85 16
15	79 15
15	84 17
15	84 18
15	83 18
15	85 18
15	79 30
15	84 19
15	84 20
15	83 20
15	85 20
15	79 14
15	84 1
15	84 2
15	83 2
15	85 2
15	79 27
15	84 3
15	84 4
15	83 4
15	85 4
15	79 14
15	84 5
15	84 6
15	83 6
15	85 6
15	79 32
15	84 7
15	84 8
15	83 8
15	85 8
15	79 13
15	84 9
15	84 10
15	83 10
15	85 10
15	79 26
15	84 11
15	84 12
15	83 12
15	85 12
15	79 15
15	84 13
15	84 14
15	83 14
15	85 14
15	79 30
15	84 15
15	84 16
15	83 16
15	85 16
15	79 17
15	84 17
15	84 18
15	83 18
15	85 18
15	79 27
15	84 19
15	84 20
15	83 20
15	85 20
15	79 13
15	84 1
15	84 2
15	83 2
15	85 2
15	79 29
15	84 3
15	84 4
15	83 4
15	85 4
15	79 14
15	84 5
15	84 6
15	83 6
15	85 6
15	79 29
15	84 7
15	84 8
15	83 8
15	85 8
15	79 15
15	84 9
15	84 10
15	83 10
15	85 10
15	79 31
15	84 11
15	84 12
15	83 12
15	85 12
15	79 14
15	84 13
15	84 14
15	83 14
15	85 14
15	79 33
15	84 15
15	84 16
15	83 16
15	85 16
15	79 15
15	84 17
15	84 18
15	83 18
15	85 18
15	79 29
15	84 19
15	84 20
15	83 20
15	85 20
15	79 15
15	84 1
15	84 2
15	83 2
15	85 2
15	79 37
15	84 3
15	84 4
15	83 4
15	85 4
15	79 14
15	84 5
15	84 6
15	83 6
15	85 6
15	79 31
15	84 7
15	84 8
15	83 8
15	85 8
15	79 12
15	84 9
15	84 10
15	83 10
15	85 10
15	79 27
15	84 11
15	84 12
15	83 12
15	85 12
15	79 15
15	84 13
15	84 14
15	83 14
15	85 14
15	79 27
15	84 15
15	84 16
15	83 16
15	85 16
15	79 14
15	84 17
15	84 18
15	83 18
15	85 18
15	79 28
15	84 19
15	84 20
15	83 20
15	85 20
15	79 13
15	84 1
15	84 2
15	83 2
15	85 2
15	79 32
15	84 3
15	84 4
15	83 4
15	85 4
15	79 14
15	84 5
15	84 6
15	83 6
15	85 6
15	79 27
15	84 7
15	84 8
15	83 8
15	85 8
15	79 15
15	84 9
15	84 10
15	83 10
15	85 10
15	79 28
15	84 11
15	84 12
15	83 12
15	85 12
15	79 15
15	84 13
15	84 14
15	83 14
15	85 14
15	79 33
15	84 15
15	84 16
15	83 16
15	85 16
15	79 17
15	84 17
15	84 18
15	83 18
15	85 18
15	79 29
15	84 19
15	84 20
15	83 20
15	85 20
15	79 12
15	84 1
15	84 2
15	83 2
15	85 2
15	79 30
15	84 3
15	84 4
15	83 4
15	85 4
15	79 12
15	84 5
15	84 6
15	83 6
15	85 6
15	79 30
15	84 7
15	84 8
15	83 8
15	85 8
15	79 12
15	84 9
15	84 10
15	TEST_NUMBER 6
15	SENT_TOTAL 250
15	RECEIVED_TOTAL 124
15	TIME_TOTAL 29723
15	RECEIVED_RADIO_1 62
15	RECEIVED_RADIO_2 63
15	SENT_RADIO_1 125
15	SENT_RADIO_2 125
15	RADIO_TIME_1 19763
15	RADIO_TIME_2 29870
15	RETRANSMISSIONS_1 0
15	RETRANSMISSIONS_2 0
15	DROPPED_1 0
15	DROPPED_2 0
15	MAX_QUEUE 1
15	DUPLICATED_1 0
15	DUPLICATED_2 0
15	EBUSY_RADIO_1 0
15	EBUSY_RADIO_2 0
15	83 0
15	85 10
15	86 6

33	RELAY_NODE 33
33	TEST_NUMBER 0
33	SENT_TOTAL 0
33	RECEIVED_TOTAL 0
33	TIME_TOTAL 0
33	RECEIVED_RADIO_1 63
33	RECEIVED_RADIO_2 125
33	SENT_RADIO_1 125
33	SENT_RADIO_2 63
33	RADIO_TIME_1 19845
33	RADIO_TIME_2 19845
33	RETRANSMISSIONS_1 0
33	RETRANSMISSIONS_2 0
33	DROPPED_1 0
33	DROPPED_2 0
33	MAX_QUEUE 1
33	DUPLICATED_1 0
33	DUPLICATED_2 0
33	EBUSY_RADIO_1 0
33	EBUSY_RADIO_2 0
33	TEST_NUMBER 1
33	SENT_TOTAL 0
33	RECEIVED_TOTAL 0
33	TIME_TOTAL 0
33	RECEIVED_RADIO_1 62
33	RECEIVED_RADIO_2 125
33	SENT_RADIO_1 125
33	SENT_RADIO_2 62
33	RADIO_TIME_1 19761
33	RADIO_TIME_2 19761
33	RETRANSMISSIONS_1 0
33	RETRANSMISSIONS_2 0
33	DROPPED_1 0
33	DROPPED_2 0
33	MAX_QUEUE 1
33	DUPLICATED_1 0
33	DUPLICATED_2 0
33	EBUSY_RADIO_1 0
33	EBUSY_RADIO_2 0
33	TEST_NUMBER 2
33	SENT_TOTAL 0
33	RECEIVED_TOTAL 0
33	TIME_TOTAL 0
33	RECEIVED_RADIO_1 63
33	RECEIVED_RADIO_2 125
33	SENT_RADIO_1 125
33	SENT_RADIO_2 63
33	RADIO_TIME_1 19842
33	RADIO_TIME_2 19842
33	RETRANSMISSIONS_1 0
33	RETRANSMISSIONS_2 0
33	DROPPED_1 0
33	DROPPED_2 0
33	MAX_QUEUE 1
33	DUPLICATED_1 0
33	DUPLICATED_2 0
33	EBUSY_RADIO_1 0
33	EBUSY_RADIO_2 0
33	TEST_NUMBER 3
33	SENT_TOTAL 0
33	RECEIVED_TOTAL 0
33	TIME_TOTAL 0
33	RECEIVED_RADIO_1 62
33	RECEIVED_RADIO_2 125
33	SENT_RADIO_1 125
33	SENT_RADIO_2 62
33	RADIO_TIME_1 19760
33	RADIO_TIME_2 19760
33	RETRANSMISSIONS_1 0
33	RETRANSMISSIONS_2 0
33	DROPPED_1 0
33	DROPPED_2 0
33	MAX_QUEUE 1
33	DUPLICATED_1 0
33	DUPLICATED_2 0
33	EBUSY_RADIO_1 0
33	EBUSY_RADIO_2 0
33	TEST_NUMBER 4
33	SENT_TOTAL 0
33	RECEIVED_TOTAL 0
33	TIME_TOTAL 0
33	RECEIVED_RADIO_1 63
33	RECEIVED_RADIO_2 125
33	SENT_RADIO_1 125
33	SENT_RADIO_2 63
33	RADIO_TIME_1 19842
33	RADIO_TIME_2 19842
33	RETRANSMISSIONS_1 0
33	RETRANSMISSIONS_2 0
33	DROPPED_1 0
33	DROPPED_2 0
33	MAX_QUEUE 1
33	DUPLICATED_1 0
33	DUPLICATED_2 0
33	EBUSY_RADIO_1 0
33	EBUSY_RADIO_2 0
33	TEST_NUMBER 5
33	SENT_TOTAL 0
33	RECEIVED_TOTAL 0
33	TIME_TOTAL 0
33	RECEIVED_RADIO_1 62
33	RECEIVED_RADIO_2 125
33	SENT_RADIO_1 125
33	SENT_RADIO_2 62
33	RADIO_TIME_1 19764
33	RADIO_TIME_2 19764
33	RETRANSMISSIONS_1 0
33	RETRANSMISSIONS_2 0
33	DROPPED_1 0
33	DROPPED_2 0
33	MAX_QUEUE 1
33	DUPLICATED_1 0
33	DUPLICATED_2 0
33	EBUSY_RADIO_1 0
33	EBUSY_RADIO_2 0
33	TEST_NUMBER 6
33	SENT_TOTAL 0
33	RECEIVED_TOTAL 0
33	TIME_TOTAL 0
33	RECEIVED_RADIO_1 63
33	RECEIVED_RADIO_2 125
33	SENT_RADIO_1 125
33	SENT_RADIO_2 63
33	RADIO_TIME_1 19845
33	RADIO_TIME_2 19845
33	RETRANSMISSIONS_1 0
33	RETRANSMISSIONS_2 0
33	DROPPED_1 0
33	DROPPED_2 0
33	MAX_QUEUE 1
33	DUPLICATED_1 0
33	DUPLICATED_2 0
33	EBUSY_RADIO_1 0
33	EBUSY_RADIO_2 0

34	DESTINATION_NODE 34
34	TEST_NUMBER 0
34	SENT_TOTAL 115
34	RECEIVED_TOTAL 115
34	TIME_TOTAL 18170
34	RECEIVED_RADIO_1 0
34	RECEIVED_RADIO_2 115
34	SENT_RADIO_1 58
34	SENT_RADIO_2 57
34	RADIO_TIME_1 18170
34	RADIO_TIME_2 18170
34	RETRANSMISSIONS_1 0
34	RETRANSMISSIONS_2 0
34	DROPPED_1 0
34	DROPPED_2 0
34	MAX_QUEUE 1
34	DUPLICATED_1 0
34	DUPLICATED_2 0
34	EBUSY_RADIO_1 0
34	EBUSY_RADIO_2 0
34	86 0
34	86 0
34	86 0
34	86 0
34	86 0
34	86 0
34	86 0
34	86 0
34	86 0
34	86 0
34	TEST_NUMBER 1
34	SENT_TOTAL 125
34	RECEIVED_TOTAL 115
34	TIME_TOTAL 29725
34	RECEIVED_RADIO_1 0
34	RECEIVED_RADIO_2 125
34	SENT_RADIO_1 62
34	SENT_RADIO_2 63
34	RADIO_TIME_1 29405
34	RADIO_TIME_2 29725
34	RETRANSMISSIONS_1 0
34	RETRANSMISSIONS_2 0
34	DROPPED_1 0
34	DROPPED_2 0
34	MAX_QUEUE 1
34	DUPLICATED_1 0
34	DUPLICATED_2 0
34	EBUSY_RADIO_1 0
34	EBUSY_RADIO_2 0
34	86 1
34	86 1
34	86 1
34	86 1
34	86 1
34	86 1
34	86 1
34	86 1
34	86 1
34	86 1
34	TEST_NUMBER 2
34	SENT_TOTAL 125
34	RECEIVED_TOTAL 115
34	TIME_TOTAL 29724
34	RECEIVED_RADIO_1 0
34	RECEIVED_RADIO_2 125
34	SENT_RADIO_1 63
34	SENT_RADIO_2 62
34	RADIO_TIME_1 29724
34	RADIO_TIME_2 29724
34	RETRANSMISSIONS_1 0
34	RETRANSMISSIONS_2 0
34	DROPPED_1 0
34	DROPPED_2 0
34	MAX_QUEUE 1
34	DUPLICATED_1 0
34	DUPLICATED_2 0
34	EBUSY_RADIO_1 0
34	EBUSY_RADIO_2 0
34	86 2
34	86 2
34	86 2
34	86 2
34	86 2
34	86 2
34	86 2
34	86 2
34	86 2
34	86 2
34	TEST_NUMBER 3
34	SENT_TOTAL 125
34	RECEIVED_TOTAL 115
34	TIME_TOTAL 29723
34	RECEIVED_RADIO_1 0
34	RECEIVED_RADIO_2 125
34	SENT_RADIO_1 62
34	SENT_RADIO_2 63
34	RADIO_TIME_1 29410
34	RADIO_TIME_2 29723
34	RETRANSMISSIONS_1 0
34	RETRANSMISSIONS_2 0
34	DROPPED_1 0
34	DROPPED_2 0
34	MAX_QUEUE 1
34	DUPLICATED_1 0
34	DUPLICATED_2 0
34	EBUSY_RADIO_1 0
34	EBUSY_RADIO_2 0
34	86 3
34	86 3
34	86 3
34	86 3
34	86 3
34	86 3
34	86 3
34	86 3
34	86 3
34	86 3
34	TEST_NUMBER 4
34	SENT_TOTAL 125
34	RECEIVED_TOTAL 115
34	TIME_TOTAL 29724
34	RECEIVED_RADIO_1 0
34	RECEIVED_RADIO_2 125
34	SENT_RADIO_1 63
34	SENT_RADIO_2 62
34	RADIO_TIME_1 29724
34	RADIO_TIME_2 29724
34	RETRANSMISSIONS_1 0
34	RETRANSMISSIONS_2 0
34	DROPPED_1 0
34	DROPPED_2 0
34	MAX_QUEUE 1
34	DUPLICATED_1 0
34	DUPLICATED_2 0
34	EBUSY_RADIO_1 0
34	EBUSY_RADIO_2 0
34	86 4
34	86 4
34	86 4
34	86 4
34	86 4
34	86 4
34	86 4
34	86 4
34	86 4
34	86 4
34	TEST_NUMBER 5
34	SENT_TOTAL 125
34	RECEIVED_TOTAL 115
34	TIME_TOTAL 29724
34	RECEIVED_RADIO_1 0
34	RECEIVED_RADIO_2 125
34	SENT_RADIO_1 62
34	SENT_RADIO_2 63
34	RADIO_TIME_1 29405
34	RADIO_TIME_2 29724
34	RETRANSMISSIONS_1 0
34	RETRANSMISSIONS_2 0
34	DROPPED_1 0
34	DROPPED_2 0
34	MAX_QUEUE 1
34	DUPLICATED_1 0
34	DUPLICATED_2 0
34	EBUSY_RADIO_1 0
34	EBUSY_RADIO_2 0
34	86 5
34	86 5
34	86 5
34	86 5
34	86 5
34	86 5
34	86 5
34	86 5
34	86 5
34	86 5
34	TEST_NUMBER 6
34	SENT_TOTAL 125
34	RECEIVED_TOTAL 115
34	TIME_TOTAL 29724
34	RECEIVED_RADIO_1 0
34	RECEIVED_RADIO_2 125
34	SENT_RADIO_1 63
34	SENT_RADIO_2 62
34	RADIO_TIME_1 29724
34	RADIO_TIME_2 29724
34	RETRANSMISSIONS_1 0
34	RETRANSMISSIONS_2 0
34	DROPPED_1 0
34	DROPPED_2 0
34	MAX_QUEUE 1
34	DUPLICATED_1 0
34	DUPLICATED_2 0
34	EBUSY_RADIO_1 0
34	EBUSY_RADIO_2 0
34	86 6
34	86 6
34	86 6
34	86 6
34	86 6
34	86 6
34	86 6
34	86 6
34	86 6
34	86 6
