
31	RELAY_NODE 31
31	TEST_NUMBER 0
31	SENT_TOTAL 0
31	RECEIVED_TOTAL 0
31	TIME_TOTAL 0
31	RECEIVED_RADIO_1 58
31	RECEIVED_RADIO_2 116
31	SENT_RADIO_1 0
31	SENT_RADIO_2 5
31	RADIO_TIME_1 18500
31	RADIO_TIME_2 18492
31	RETRANSMISSIONS_1 1138
31	RETRANSMISSIONS_2 528
31	DROPPED_1 114
31	DROPPED_2 53
31	MAX_QUEUE 2
31	DUPLICATED_1 0
31	DUPLICATED_2 0
31	EBUSY_RADIO_1 0
31	EBUSY_RADIO_2 0
31	TEST_NUMBER 1
31	SENT_TOTAL 0
31	RECEIVED_TOTAL 0
31	TIME_TOTAL 0
31	RECEIVED_RADIO_1 63
31	RECEIVED_RADIO_2 124
31	SENT_RADIO_1 0
31	SENT_RADIO_2 4
31	RADIO_TIME_1 29875
31	RADIO_TIME_2 29812
31	RETRANSMISSIONS_1 1234
31	RETRANSMISSIONS_2 589
31	DROPPED_1 123
31	DROPPED_2 59
31	MAX_QUEUE 2
31	DUPLICATED_1 0
31	DUPLICATED_2 0
31	EBUSY_RADIO_1 0
31	EBUSY_RADIO_2 0
31	TEST_NUMBER 2
31	SENT_TOTAL 0
31	RECEIVED_TOTAL 0
31	TIME_TOTAL 0
31	RECEIVED_RADIO_1 62
31	RECEIVED_RADIO_2 125
31	SENT_RADIO_1 0
31	SENT_RADIO_2 3
31	RADIO_TIME_1 29813
31	RADIO_TIME_2 29875
31	RETRANSMISSIONS_1 1227
31	RETRANSMISSIONS_2 606
31	DROPPED_1 124
31	DROPPED_2 60
31	MAX_QUEUE 2
31	DUPLICATED_1 0
31	DUPLICATED_2 0
31	EBUSY_RADIO_1 0
31	EBUSY_RADIO_2 0
31	TEST_NUMBER 3
31	SENT_TOTAL 0
31	RECEIVED_TOTAL 0
31	TIME_TOTAL 0
31	RECEIVED_RADIO_1 63
31	RECEIVED_RADIO_2 124
31	SENT_RADIO_1 0
31	SENT_RADIO_2 2
31	RADIO_TIME_1 29874
31	RADIO_TIME_2 29874
31	RETRANSMISSIONS_1 1245
31	RETRANSMISSIONS_2 600
31	DROPPED_1 124
31	DROPPED_2 61
31	MAX_QUEUE 2
31	DUPLICATED_1 0
31	DUPLICATED_2 0
31	EBUSY_RADIO_1 0
31	EBUSY_RADIO_2 0
31	TEST_NUMBER 4
31	SENT_TOTAL 0
31	RECEIVED_TOTAL 0
31	TIME_TOTAL 0
31	RECEIVED_RADIO_1 62
31	RECEIVED_RADIO_2 125
31	SENT_RADIO_1 0
31	SENT_RADIO_2 1
31	RADIO_TIME_1 29810
31	RADIO_TIME_2 29860
31	RETRANSMISSIONS_1 1239
31	RETRANSMISSIONS_2 617
31	DROPPED_1 125
31	DROPPED_2 62
31	MAX_QUEUE 2
31	DUPLICATED_1 0
31	DUPLICATED_2 0
31	EBUSY_RADIO_1 0
31	EBUSY_RADIO_2 0
31	TEST_NUMBER 5
31	SENT_TOTAL 0
31	RECEIVED_TOTAL 0
31	TIME_TOTAL 0
31	RECEIVED_RADIO_1 63
31	RECEIVED_RADIO_2 125
31	SENT_RADIO_1 0
31	SENT_RADIO_2 4
31	RADIO_TIME_1 29880
31	RADIO_TIME_2 29813
31	RETRANSMISSIONS_1 1234
31	RETRANSMISSIONS_2 597
31	DROPPED_1 124
31	DROPPED_2 59
31	MAX_QUEUE 2
31	DUPLICATED_1 0
31	DUPLICATED_2 0
31	EBUSY_RADIO_1 0
31	EBUSY_RADIO_2 0
31	TEST_NUMBER 6
31	SENT_TOTAL 0
31	RECEIVED_TOTAL 0
31	TIME_TOTAL 0
31	RECEIVED_RADIO_1 62
31	RECEIVED_RADIO_2 125
31	SENT_RADIO_1 0
31	SENT_RADIO_2 4
31	RADIO_TIME_1 29869
31	RADIO_TIME_2 29861
31	RETRANSMISSIONS_1 1227
31	RETRANSMISSIONS_2 599
31	DROPPED_1 123
31	DROPPED_2 61
31	MAX_QUEUE 2
31	DUPLICATED_1 0
31	DUPLICATED_2 0
31	EBUSY_RADIO_1 0
31	EBUSY_RADIO_2 0

35	DESTINATION_NODE 35
35	TEST_NUMBER 0
35	SENT_TOTAL 115
35	RECEIVED_TOTAL 115
35	TIME_TOTAL 18012
35	RECEIVED_RADIO_1 0
35	RECEIVED_RADIO_2 115
35	SENT_RADIO_1 57
35	SENT_RADIO_2 58
35	RADIO_TIME_1 17852
35	RADIO_TIME_2 18012
35	RETRANSMISSIONS_1 2
35	RETRANSMISSIONS_2 0
35	DROPPED_1 0
35	DROPPED_2 0
35	MAX_QUEUE 1
35	DUPLICATED_1 0
35	DUPLICATED_2 0
35	EBUSY_RADIO_1 0
35	EBUSY_RADIO_2 0
35	86 0
35	86 0
35	86 0
35	86 0
35	86 0
35	86 0
35	86 0
35	86 0
35	86 0
35	86 0
35	86 0
35	TEST_NUMBER 1
35	SENT_TOTAL 126
35	RECEIVED_TOTAL 115
35	TIME_TOTAL 29805
35	RECEIVED_RADIO_1 0
35	RECEIVED_RADIO_2 126
35	SENT_RADIO_1 63
35	SENT_RADIO_2 63
35	RADIO_TIME_1 29805
35	RADIO_TIME_2 29805
35	RETRANSMISSIONS_1 1
35	RETRANSMISSIONS_2 0
35	DROPPED_1 0
35	DROPPED_2 0
35	MAX_QUEUE 1
35	DUPLICATED_1 0
35	DUPLICATED_2 0
35	EBUSY_RADIO_1 0
35	EBUSY_RADIO_2 0
35	86 1
35	86 1
35	86 1
35	86 1
35	86 1
35	86 1
35	86 1
35	86 1
35	86 1
35	86 1
35	TEST_NUMBER 2
35	SENT_TOTAL 125
35	RECEIVED_TOTAL 115
35	TIME_TOTAL 29644
35	RECEIVED_RADIO_1 0
35	RECEIVED_RADIO_2 125
35	SENT_RADIO_1 62
35	SENT_RADIO_2 63
35	RADIO_TIME_1 29487
35	RADIO_TIME_2 29644
35	RETRANSMISSIONS_1 1
35	RETRANSMISSIONS_2 0
35	DROPPED_1 0
35	DROPPED_2 0
35	MAX_QUEUE 1
35	DUPLICATED_1 0
35	DUPLICATED_2 0
35	EBUSY_RADIO_1 0
35	EBUSY_RADIO_2 0
35	86 2
35	86 2
35	86 2
35	86 2
35	86 2
35	86 2
35	86 2
35	86 2
35	86 2
35	86 2
35	86 2
35	TEST_NUMBER 3
35	SENT_TOTAL 126
35	RECEIVED_TOTAL 115
35	TIME_TOTAL 29808
35	RECEIVED_RADIO_1 0
35	RECEIVED_RADIO_2 126
35	SENT_RADIO_1 63
35	SENT_RADIO_2 63
35	RADIO_TIME_1 29644
35	RADIO_TIME_2 29808
35	RETRANSMISSIONS_1 0
35	RETRANSMISSIONS_2 0
35	DROPPED_1 0
35	DROPPED_2 0
35	MAX_QUEUE 1
35	DUPLICATED_1 0
35	DUPLICATED_2 0
35	EBUSY_RADIO_1 0
35	EBUSY_RADIO_2 0
35	86 3
35	86 3
35	86 3
35	86 3
35	86 3
35	86 3
35	86 3
35	86 3
35	86 3
35	86 3
35	TEST_NUMBER 4
35	SENT_TOTAL 125
35	RECEIVED_TOTAL 115
35	TIME_TOTAL 29647
35	RECEIVED_RADIO_1 0
35	RECEIVED_RADIO_2 125
35	SENT_RADIO_1 62
35	SENT_RADIO_2 63
35	RADIO_TIME_1 29325
35	RADIO_TIME_2 29647
35	RETRANSMISSIONS_1 0
35	RETRANSMISSIONS_2 0
35	DROPPED_1 0
35	DROPPED_2 0
35	MAX_QUEUE 1
35	DUPLICATED_1 0
35	DUPLICATED_2 0
35	EBUSY_RADIO_1 0
35	EBUSY_RADIO_2 0
35	86 4
35	86 4
35	86 4
35	86 4
35	86 4
35	86 4
35	86 4
35	86 4
35	86 4
35	86 4
35	86 4
35	TEST_NUMBER 5
35	SENT_TOTAL 125
35	RECEIVED_TOTAL 114
35	TIME_TOTAL 29726
35	RECEIVED_RADIO_1 0
35	RECEIVED_RADIO_2 125
35	SENT_RADIO_1 63
35	SENT_RADIO_2 62
35	RADIO_TIME_1 29726
35	RADIO_TIME_2 29726
35	RETRANSMISSIONS_1 0
35	RETRANSMISSIONS_2 0
35	DROPPED_1 0
35	DROPPED_2 0
35	MAX_QUEUE 1
35	DUPLICATED_1 0
35	DUPLICATED_2 0
35	EBUSY_RADIO_1 0
35	EBUSY_RADIO_2 0
35	86 5
35	86 5
35	86 5
35	86 5
35	86 5
35	86 5
35	86 5
35	86 5
35	86 5
35	86 5
35	86 5
35	TEST_NUMBER 6
35	SENT_TOTAL 125
35	RECEIVED_TOTAL 114
35	TIME_TOTAL 29726
35	RECEIVED_RADIO_1 0
35	RECEIVED_RADIO_2 125
35	SENT_RADIO_1 62
35	SENT_RADIO_2 63
35	RADIO_TIME_1 29403
35	RADIO_TIME_2 29726
35	RETRANSMISSIONS_1 0
35	RETRANSMISSIONS_2 0
35	DROPPED_1 0
35	DROPPED_2 0
35	MAX_QUEUE 1
35	DUPLICATED_1 0
35	DUPLICATED_2 0
35	EBUSY_RADIO_1 0
35	EBUSY_RADIO_2 0
35	86 6
35	86 6
35	86 6
35	86 6
35	86 6
35	86 6
35	86 6
35	86 6
35	86 6
35	86 6
35	86 6

36	RELAY_NODE 36
36	TEST_NUMBER 0
36	SENT_TOTAL 0
36	RECEIVED_TOTAL 0
36	TIME_TOTAL 0
36	RECEIVED_RADIO_1 124
36	RECEIVED_RADIO_2 6
36	SENT_RADIO_1 6
36	SENT_RADIO_2 124
36	RADIO_TIME_1 19965
36	RADIO_TIME_2 19965
36	RETRANSMISSIONS_1 0
36	RETRANSMISSIONS_2 0
36	DROPPED_1 0
36	DROPPED_2 0
36	MAX_QUEUE 1
36	DUPLICATED_1 2
36	DUPLICATED_2 0
36	EBUSY_RADIO_1 0
36	EBUSY_RADIO_2 0
36	TEST_NUMBER 1
36	SENT_TOTAL 0
36	RECEIVED_TOTAL 0
36	TIME_TOTAL 0
36	RECEIVED_RADIO_1 125
36	RECEIVED_RADIO_2 4
36	SENT_RADIO_1 4
36	SENT_RADIO_2 125
36	RADIO_TIME_1 19843
36	RADIO_TIME_2 19843
36	RETRANSMISSIONS_1 0
36	RETRANSMISSIONS_2 0
36	DROPPED_1 0
36	DROPPED_2 0
36	MAX_QUEUE 1
36	DUPLICATED_1 0
36	DUPLICATED_2 0
36	EBUSY_RADIO_1 0
36	EBUSY_RADIO_2 0
36	TEST_NUMBER 2
36	SENT_TOTAL 0
36	RECEIVED_TOTAL 0
36	TIME_TOTAL 0
36	RECEIVED_RADIO_1 124
36	RECEIVED_RADIO_2 2
36	SENT_RADIO_1 2
36	SENT_RADIO_2 124
36	RADIO_TIME_1 19683
36	RADIO_TIME_2 19683
36	RETRANSMISSIONS_1 0
36	RETRANSMISSIONS_2 1
36	DROPPED_1 0
36	DROPPED_2 0
36	MAX_QUEUE 1
36	DUPLICATED_1 1
36	DUPLICATED_2 0
36	EBUSY_RADIO_1 0
36	EBUSY_RADIO_2 0
36	TEST_NUMBER 3
36	SENT_TOTAL 0
36	RECEIVED_TOTAL 0
36	TIME_TOTAL 0
36	RECEIVED_RADIO_1 125
36	RECEIVED_RADIO_2 2
36	SENT_RADIO_1 2
36	SENT_RADIO_2 125
36	RADIO_TIME_1 19842
36	RADIO_TIME_2 19842
36	RETRANSMISSIONS_1 0
36	RETRANSMISSIONS_2 0
36	DROPPED_1 0
36	DROPPED_2 0
36	MAX_QUEUE 1
36	DUPLICATED_1 1
36	DUPLICATED_2 0
36	EBUSY_RADIO_1 0
36	EBUSY_RADIO_2 0
36	TEST_NUMBER 4
36	SENT_TOTAL 0
36	RECEIVED_TOTAL 0
36	TIME_TOTAL 0
36	RECEIVED_RADIO_1 124
36	RECEIVED_RADIO_2 2
36	SENT_RADIO_1 2
36	SENT_RADIO_2 124
36	RADIO_TIME_1 19881
36	RADIO_TIME_2 19881
36	RETRANSMISSIONS_1 0
36	RETRANSMISSIONS_2 0
36	DROPPED_1 0
36	DROPPED_2 0
36	MAX_QUEUE 1
36	DUPLICATED_1 1
36	DUPLICATED_2 0
36	EBUSY_RADIO_1 0
36	EBUSY_RADIO_2 0
36	TEST_NUMBER 5
36	SENT_TOTAL 0
36	RECEIVED_TOTAL 0
36	TIME_TOTAL 0
36	RECEIVED_RADIO_1 125
36	RECEIVED_RADIO_2 3
36	SENT_RADIO_1 3
36	SENT_RADIO_2 125
36	RADIO_TIME_1 19764
36	RADIO_TIME_2 19764
36	RETRANSMISSIONS_1 0
36	RETRANSMISSIONS_2 0
36	DROPPED_1 0
36	DROPPED_2 0
36	MAX_QUEUE 1
36	DUPLICATED_1 0
36	DUPLICATED_2 0
36	EBUSY_RADIO_1 0
36	EBUSY_RADIO_2 0
36	TEST_NUMBER 6
36	SENT_TOTAL 0
36	RECEIVED_TOTAL 0
36	TIME_TOTAL 0
36	RECEIVED_RADIO_1 125
36	RECEIVED_RADIO_2 5
36	SENT_RADIO_1 5
36	SENT_RADIO_2 125
36	RADIO_TIME_1 19962
36	RADIO_TIME_2 19962
36	RETRANSMISSIONS_1 0
36	RETRANSMISSIONS_2 2
36	DROPPED_1 0
36	DROPPED_2 0
36	MAX_QUEUE 1
36	DUPLICATED_1 0
36	DUPLICATED_2 0
36	EBUSY_RADIO_1 0
36	EBUSY_RADIO_2 0

37	SOURCE_NODE 37
37	84 1
37	84 2
37	83 2
37	85 2
37	79 19
37	84 3
37	84 4
37	83 4
37	85 4
37	79 15
37	84 5
37	84 6
37	84 7
37	84 8
37	83 8
37	85 8
37	79 16
37	84 9
37	84 10
37	84 11
37	84 12
37	83 12
37	85 12
37	79 16
37	84 13
37	84 14
37	84 15
37	84 16
37	83 16
37	85 16
37	79 13
37	84 17
37	84 18
37	84 19
37	84 20
37	83 20
37	85 20
37	79 16
37	84 1
37	84 2
37	84 3
37	84 4
37	83 4
37	85 4
37	79 11
37	84 5
37	84 6
37	84 7
37	84 8
37	83 8
37	85 8
37	79 15
37	84 9
37	84 10
37	84 11
37	84 12
37	83 12
37	85 12
37	79 12
37	84 13
37	84 14
37	84 15
37	84 16
37	83 16
37	85 16
37	79 17
37	84 17
37	84 18
37	83 18
37	85 18
37	79 33
37	84 19
37	84 20
37	84 1
37	84 2
37	83 2
37	85 2
37	79 14
37	84 3
37	84 4
37	84 5
37	84 6
37	83 6
37	85 6
37	79 15
37	84 7
37	84 8
37	84 9
37	84 10
37	83 10
37	85 10
37	79 16
37	84 11
37	84 12
37	84 13
37	84 14
37	83 14
37	85 14
37	79 17
37	84 15
37	84 16
37	83 16
37	85 16
37	79 41
37	84 17
37	84 18
37	83 18
37	85 18
37	79 13
37	84 19
37	84 20
37	84 1
37	84 2
37	83 2
37	85 2
37	79 15
37	84 3
37	84 4
37	84 5
37	84 6
37	83 6
37	85 6
37	79 14
37	84 7
37	84 8
37	84 9
37	84 10
37	83 10
37	85 10
37	79 19
37	84 11
37	84 12
37	84 13
37	84 14
37	83 14
37	85 14
37	79 18
37	84 15
37	84 16
37	84 17
37	84 18
37	83 18
37	85 18
37	79 16
37	84 19
37	84 20
37	84 1
37	84 2
37	83 2
37	85 2
37	79 16
37	84 3
37	84 4
37	84 5
37	84 6
37	83 6
37	85 6
37	79 18
37	84 7
37	84 8
37	84 9
37	84 10
37	83 10
37	85 10
37	79 16
37	84 11
37	83 11
37	85 11
37	79 34
37	84 12
37	84 13
37	83 13
37	85 13
37	79 13
37	84 14
37	84 15
37	84 16
37	84 17
37	83 17
37	85 17
37	79 14
37	84 18
37	84 19
37	84 20
37	84 1
37	83 1
37	85 1
37	79 12
37	84 2
37	84 3
37	84 4
37	84 5
37	83 5
37	85 5
37	79 18
37	84 6
37	84 7
37	84 8
37	84 9
37	83 9
37	85 9
37	79 13
37	84 10
37	84 11
37	84 12
37	84 13
37	83 13
37	85 13
37	79 16
37	84 14
37	84 15
37	84 16
37	84 17
37	83 17
37	85 17
37	79 16
37	84 18
37	84 19
37	84 20
37	84 1
37	83 1
37	85 1
37	79 17
37	84 2
37	84 3
37	84 4
37	84 5
37	83 5
37	85 5
37	79 11
37	84 6
37	84 7
37	83 7
37	85 7
37	79 33
37	84 8
37	84 9
37	83 9
37	85 9
37	79 13
37	84 10
37	84 11
37	84 12
37	84 13
37	83 13
37	85 13
37	79 12
37	84 14
37	84 15
37	84 16
37	84 17
37	83 17
37	85 17
37	79 14
37	84 18
37	84 19
37	84 20
37	84 1
37	83 1
37	85 1
37	79 12
37	84 2
37	84 3
37	84 4
37	84 5
37	83 5
37	85 5
37	79 17
37	84 6
37	84 7
37	84 8
37	84 9
37	83 9
37	85 9
37	79 14
37	84 10
37	84 11
37	84 12
37	84 13
37	83 13
37	85 13
37	79 14
37	84 14
37	83 14
37	85 14
37	79 36
37	84 15
37	84 16
37	83 16
37	85 16
37	79 16
37	84 17
37	84 18
37	84 19
37	84 20
37	83 20
37	85 20
37	79 16
37	84 1
37	84 2
37	84 3
37	84 4
37	83 4
37	85 4
37	79 15
37	84 5
37	84 6
37	84 7
37	84 8
37	83 8
37	85 8
37	79 20
37	84 9
37	84 10
37	84 11
37	84 12
37	83 12
37	85 12
37	79 16
37	84 13
37	84 14
37	84 15
37	84 16
37	83 16
37	85 16
37	79 15
37	84 17
37	84 18
37	84 19
37	84 20
37	83 20
37	85 20
37	79 13
37	84 1
37	84 2
37	84 3
37	84 4
37	83 4
37	85 4
37	79 14
37	84 5
37	84 6
37	84 7
37	84 8
37	83 8
37	85 8
37	79 15
37	84 9
37	84 10
37	84 11
37	84 12
37	83 12
37	85 12
37	79 14
37	84 13
37	84 14
37	84 15
37	84 16
37	83 16
37	85 16
37	79 17
37	84 17
37	84 18
37	84 19
37	84 20
37	83 20
37	85 20
37	79 16
37	84 1
37	84 2
37	84 3
37	84 4
37	83 4
37	85 4
37	79 17
37	84 5
37	84 6
37	84 7
37	84 8
37	83 8
37	85 8
37	79 13
37	84 9
37	84 10
37	84 11
37	84 12
37	83 12
37	85 12
37	79 14
37	84 13
37	84 14
37	84 15
37	84 16
37	83 16
37	85 16
37	79 15
37	84 17
37	84 18
37	84 19
37	84 20
37	83 20
37	85 20
37	79 11
37	84 1
37	84 2
37	84 3
37	84 4
37	83 4
37	85 4
37	79 16
37	84 5
37	84 6
37	84 7
37	84 8
37	83 8
37	85 8
37	79 16
37	84 9
37	84 10
37	84 11
37	84 12
37	83 12
37	85 12
37	79 15
37	84 13
37	84 14
37	84 15
37	84 16
37	83 16
37	85 16
37	79 15
37	84 17
37	84 18
37	84 19
37	84 20
37	83 20
37	85 20
37	79 11
37	84 1
37	84 2
37	84 3
37	84 4
37	83 4
37	85 4
37	79 13
37	84 5
37	84 6
37	84 7
37	84 8
37	83 8
37	85 8
37	79 15
37	84 9
37	84 10
37	TEST_NUMBER 0
37	SENT_TOTAL 250
37	RECEIVED_TOTAL 68
37	TIME_TOTAL 19600
37	RECEIVED_RADIO_1 5
37	RECEIVED_RADIO_2 63
37	SENT_RADIO_1 124
37	SENT_RADIO_2 125
37	RADIO_TIME_1 19763
37	RADIO_TIME_2 19763
37	RETRANSMISSIONS_1 2
37	RETRANSMISSIONS_2 0
37	DROPPED_1 0
37	DROPPED_2 0
37	MAX_QUEUE 1
37	DUPLICATED_1 0
37	DUPLICATED_2 0
37	EBUSY_RADIO_1 0
37	EBUSY_RADIO_2 0
37	83 0
37	85 10
37	86 0
37	84 1
37	84 2
37	83 2
37	85 2
37	79 18
37	84 3
37	84 4
37	84 5
37	84 6
37	83 6
37	85 6
37	79 18
37	84 7
37	84 8
37	84 9
37	84 10
37	83 10
37	85 10
37	79 16
37	84 11
37	84 12
37	84 13
37	84 14
37	83 14
37	85 14
37	79 16
37	84 15
37	84 16
37	84 17
37	84 18
37	83 18
37	85 18
37	79 13
37	84 19
37	84 20
37	84 1
37	84 2
37	83 2
37	85 2
37	79 18
37	84 3
37	84 4
37	84 5
37	84 6
37	83 6
37	85 6
37	79 14
37	84 7
37	84 8
37	84 9
37	84 10
37	83 10
37	85 10
37	79 15
37	84 11
37	84 12
37	84 13
37	84 14
37	83 14
37	85 14
37	79 17
37	84 15
37	84 16
37	84 17
37	84 18
37	83 18
37	85 18
37	79 16
37	84 19
37	84 20
37	84 1
37	84 2
37	83 2
37	85 2
37	79 16
37	84 3
37	84 4
37	84 5
37	84 6
37	83 6
37	85 6
37	79 13
37	84 7
37	84 8
37	84 9
37	84 10
37	83 10
37	85 10
37	79 16
37	84 11
37	84 12
37	84 13
37	84 14
37	83 14
37	85 14
37	79 11
37	84 15
37	84 16
37	84 17
37	84 18
37	83 18
37	85 18
37	79 16
37	84 19
37	84 20
37	84 1
37	84 2
37	83 2
37	85 2
37	79 15
37	84 3
37	84 4
37	84 5
37	84 6
37	83 6
37	85 6
37	79 18
37	84 7
37	84 8
37	84 9
37	84 10
37	83 10
37	85 10
37	79 18
37	84 11
37	84 12
37	84 13
37	84 14
37	83 14
37	85 14
37	79 19
37	84 15
37	84 16
37	84 17
37	84 18
37	83 18
37	85 18
37	79 15
37	84 19
37	84 20
37	84 1
37	84 2
37	83 2
37	85 2
37	79 17
37	84 3
37	84 4
37	84 5
37	84 6
37	83 6
37	85 6
37	79 16
37	84 7
37	84 8
37	84 9
37	84 10
37	83 10
37	85 10
37	79 15
37	84 11
37	84 12
37	84 13
37	84 14
37	83 14
37	85 14
37	79 17
37	84 15
37	84 16
37	84 17
37	84 18
37	83 18
37	85 18
37	79 17
37	84 19
37	84 20
37	84 1
37	84 2
37	83 2
37	85 2
37	79 15
37	84 3
37	84 4
37	84 5
37	84 6
37	83 6
37	85 6
37	79 14
37	84 7
37	84 8
37	84 9
37	84 10
37	83 10
37	85 10
37	79 15
37	84 11
37	84 12
37	84 13
37	84 14
37	83 14
37	85 14
37	79 13
37	84 15
37	84 16
37	84 17
37	84 18
37	83 18
37	85 18
37	79 11
37	84 19
37	84 20
37	84 1
37	84 2
37	83 2
37	85 2
37	79 18
37	84 3
37	84 4
37	84 5
37	84 6
37	83 6
37	85 6
37	79 10
37	84 7
37	84 8
37	83 8
37	85 8
37	79 33
37	84 9
37	84 10
37	83 10
37	85 10
37	79 16
37	84 11
37	84 12
37	84 13
37	84 14
37	83 14
37	85 14
37	79 17
37	84 15
37	84 16
37	84 17
37	84 18
37	83 18
37	85 18
37	79 14
37	84 19
37	84 20
37	84 1
37	84 2
37	83 2
37	85 2
37	79 17
37	84 3
37	84 4
37	84 5
37	84 6
37	83 6
37	85 6
37	79 14
37	84 7
37	84 8
37	84 9
37	84 10
37	83 10
37	85 10
37	79 16
37	84 11
37	84 12
37	84 13
37	84 14
37	83 14
37	85 14
37	79 15
37	84 15
37	84 16
37	84 17
37	84 18
37	83 18
37	85 18
37	79 11
37	84 19
37	84 20
37	84 1
37	84 2
37	83 2
37	85 2
37	79 14
37	84 3
37	84 4
37	84 5
37	84 6
37	83 6
37	85 6
37	79 16
37	84 7
37	84 8
37	84 9
37	84 10
37	83 10
37	85 10
37	79 17
37	84 11
37	84 12
37	84 13
37	84 14
37	83 14
37	85 14
37	79 16
37	84 15
37	84 16
37	84 17
37	84 18
37	83 18
37	85 18
37	79 14
37	84 19
37	84 20
37	83 20
37	85 20
37	79 38
37	84 1
37	84 2
37	83 2
37	85 2
37	79 16
37	84 3
37	84 4
37	84 5
37	84 6
37	83 6
37	85 6
37	79 16
37	84 7
37	84 8
37	83 8
37	85 8
37	79 23
37	84 9
37	83 9
37	85 9
37	79 23
37	84 10
37	84 11
37	84 12
37	84 13
37	83 13
37	85 13
37	79 13
37	84 14
37	84 15
37	84 16
37	84 17
37	83 17
37	85 17
37	79 16
37	84 18
37	84 19
37	83 19
37	85 19
37	79 25
37	84 20
37	84 1
37	84 2
37	84 3
37	83 3
37	85 3
37	79 16
37	84 4
37	84 5
37	84 6
37	84 7
37	83 7
37	85 7
37	79 12
37	84 8
37	84 9
37	84 10
37	84 11
37	83 11
37	85 11
37	79 13
37	84 12
37	84 13
37	84 14
37	84 15
37	83 15
37	85 15
37	79 14
37	84 16
37	84 17
37	84 18
37	84 19
37	83 19
37	85 19
37	79 11
37	84 20
37	84 1
37	84 2
37	84 3
37	83 3
37	85 3
37	79 18
37	84 4
37	84 5
37	84 6
37	84 7
37	83 7
37	85 7
37	79 13
37	84 8
37	84 9
37	84 10
37	84 11
37	83 11
37	85 11
37	79 16
37	84 12
37	84 13
37	84 14
37	84 15
37	83 15
37	85 15
37	79 14
37	84 16
37	84 17
37	84 18
37	84 19
37	83 19
37	85 19
37	79 17
37	84 20
37	84 1
37	84 2
37	84 3
37	83 3
37	85 3
37	79 18
37	84 4
37	84 5
37	83 5
37	85 5
37	79 31
37	84 6
37	84 7
37	83 7
37	85 7
37	79 17
37	84 8
37	84 9
37	84 10
37	TEST_NUMBER 1
37	SENT_TOTAL 250
37	RECEIVED_TOTAL 67
37	TIME_TOTAL 29529
37	RECEIVED_RADIO_1 5
37	RECEIVED_RADIO_2 63
37	SENT_RADIO_1 124
37	SENT_RADIO_2 126
37	RADIO_TIME_1 29751
37	RADIO_TIME_2 19683
37	RETRANSMISSIONS_1 1
37	RETRANSMISSIONS_2 0
37	DROPPED_1 0
37	DROPPED_2 0
37	MAX_QUEUE 1
37	DUPLICATED_1 0
37	DUPLICATED_2 0
37	EBUSY_RADIO_1 0
37	EBUSY_RADIO_2 0
37	84 1
37	83 1
37	85 1
37	79 12
37	84 2
37	84 3
37	84 4
37	84 5
37	83 5
37	85 5
37	79 14
37	84 6
37	84 7
37	84 8
37	84 9
37	83 9
37	85 9
37	79 18
37	84 10
37	84 11
37	84 12
37	84 13
37	83 13
37	85 13
37	79 15
37	84 14
37	84 15
37	84 16
37	84 17
37	83 17
37	85 17
37	79 15
37	84 18
37	84 19
37	84 20
37	84 1
37	83 1
37	85 1
37	79 14
37	84 2
37	84 3
37	84 4
37	84 5
37	83 5
37	85 5
37	79 14
37	84 6
37	84 7
37	84 8
37	84 9
37	83 9
37	85 9
37	79 16
37	84 10
37	84 11
37	84 12
37	84 13
37	83 13
37	85 13
37	79 18
37	84 14
37	84 15
37	84 16
37	84 17
37	83 17
37	85 17
37	79 13
37	84 18
37	84 19
37	84 20
37	84 1
37	83 1
37	85 1
37	79 19
37	84 2
37	84 3
37	84 4
37	84 5
37	83 5
37	85 5
37	79 17
37	84 6
37	84 7
37	84 8
37	84 9
37	83 9
37	85 9
37	79 10
37	84 10
37	84 11
37	84 12
37	84 13
37	83 13
37	85 13
37	79 17
37	84 14
37	84 15
37	84 16
37	84 17
37	83 17
37	85 17
37	79 12
37	84 18
37	84 19
37	84 20
37	84 1
37	83 1
37	85 1
37	79 15
37	84 2
37	84 3
37	84 4
37	84 5
37	83 5
37	85 5
37	79 17
37	84 6
37	84 7
37	84 8
37	84 9
37	83 9
37	85 9
37	79 17
37	84 10
37	84 11
37	83 11
37	85 11
37	79 30
37	84 12
37	84 13
37	84 14
37	84 15
37	83 15
37	85 15
37	79 17
37	84 16
37	84 17
37	84 18
37	84 19
37	83 19
37	85 19
37	79 19
37	84 20
37	84 1
37	84 2
37	84 3
37	83 3
37	85 3
37	79 16
37	84 4
37	84 5
37	84 6
37	84 7
37	83 7
37	85 7
37	79 14
37	84 8
37	84 9
37	84 10
37	84 11
37	83 11
37	85 11
37	79 18
37	84 12
37	84 13
37	84 14
37	84 15
37	83 15
37	85 15
37	79 14
37	84 16
37	84 17
37	84 18
37	83 18
37	85 17
37	79 137
37	84 19
37	83 19
37	85 19
37	79 15
37	84 20
37	84 1
37	84 2
37	84 3
37	83 3
37	85 3
37	79 14
37	84 4
37	84 5
37	84 6
37	84 7
37	83 7
37	85 7
37	79 14
37	84 8
37	84 9
37	84 10
37	84 11
37	83 11
37	85 11
37	79 15
37	84 12
37	84 13
37	84 14
37	84 15
37	83 15
37	85 15
37	79 16
37	84 16
37	84 17
37	84 18
37	84 19
37	83 19
37	85 19
37	79 18
37	84 20
37	84 1
37	84 2
37	84 3
37	83 3
37	85 3
37	79 13
37	84 4
37	84 5
37	84 6
37	84 7
37	83 7
37	85 7
37	79 17
37	84 8
37	84 9
37	84 10
37	84 11
37	83 11
37	85 11
37	79 16
37	84 12
37	84 13
37	84 14
37	84 15
37	83 15
37	85 15
37	79 15
37	84 16
37	84 17
37	84 18
37	84 19
37	83 19
37	85 19
37	79 13
37	84 20
37	84 1
37	84 2
37	84 3
37	83 3
37	85 3
37	79 13
37	84 4
37	83 4
37	85 4
37	79 35
37	84 5
37	84 6
37	83 6
37	85 6
37	79 18
37	84 7
37	84 8
37	84 9
37	84 10
37	83 10
37	85 10
37	79 14
37	84 11
37	84 12
37	84 13
37	84 14
37	83 14
37	85 14
37	79 16
37	84 15
37	84 16
37	84 17
37	84 18
37	83 18
37	85 18
37	79 13
37	84 19
37	84 20
37	84 1
37	84 2
37	83 2
37	85 2
37	79 16
37	84 3
37	84 4
37	84 5
37	84 6
37	83 6
37	85 6
37	79 15
37	84 7
37	84 8
37	84 9
37	84 10
37	83 10
37	85 10
37	79 14
37	84 11
37	84 12
37	84 13
37	84 14
37	83 14
37	85 14
37	79 14
37	84 15
37	84 16
37	84 17
37	84 18
37	83 18
37	85 18
37	79 15
37	84 19
37	84 20
37	84 1
37	84 2
37	83 2
37	85 2
37	79 17
37	84 3
37	84 4
37	84 5
37	84 6
37	83 6
37	85 6
37	79 19
37	84 7
37	84 8
37	84 9
37	84 10
37	83 10
37	85 10
37	79 15
37	84 11
37	84 12
37	84 13
37	84 14
37	83 14
37	85 14
37	79 14
37	84 15
37	84 16
37	84 17
37	84 18
37	83 18
37	85 18
37	79 15
37	84 19
37	84 20
37	84 1
37	84 2
37	83 2
37	85 2
37	79 11
37	84 3
37	84 4
37	84 5
37	84 6
37	83 6
37	85 6
37	79 14
37	84 7
37	84 8
37	84 9
37	84 10
37	83 10
37	85 10
37	79 15
37	84 11
37	84 12
37	84 13
37	84 14
37	83 14
37	85 14
37	79 15
37	84 15
37	84 16
37	84 17
37	84 18
37	83 18
37	85 18
37	79 15
37	84 19
37	84 20
37	84 1
37	84 2
37	83 2
37	85 2
37	79 18
37	84 3
37	84 4
37	84 5
37	84 6
37	83 6
37	85 6
37	79 18
37	84 7
37	84 8
37	84 9
37	84 10
37	83 10
37	85 10
37	79 11
37	84 11
37	84 12
37	84 13
37	84 14
37	83 14
37	85 14
37	79 12
37	84 15
37	84 16
37	84 17
37	84 18
37	83 18
37	85 18
37	79 18
37	84 19
37	84 20
37	84 1
37	84 2
37	83 2
37	85 2
37	79 14
37	84 3
37	84 4
37	84 5
37	84 6
37	83 6
37	85 6
37	79 13
37	84 7
37	84 8
37	84 9
37	84 10
37	TEST_NUMBER 2
37	SENT_TOTAL 250
37	RECEIVED_TOTAL 65
37	TIME_TOTAL 19525
37	RECEIVED_RADIO_1 2
37	RECEIVED_RADIO_2 63
37	SENT_RADIO_1 125
37	SENT_RADIO_2 125
37	RADIO_TIME_1 19683
37	RADIO_TIME_2 19843
37	RETRANSMISSIONS_1 1
37	RETRANSMISSIONS_2 0
37	DROPPED_1 0
37	DROPPED_2 0
37	MAX_QUEUE 1
37	DUPLICATED_1 0
37	DUPLICATED_2 0
37	EBUSY_RADIO_1 0
37	EBUSY_RADIO_2 0
37	83 0
37	85 10
37	86 2
37	84 1
37	84 2
37	84 3
37	84 4
37	83 4
37	85 4
37	79 16
37	84 5
37	84 6
37	84 7
37	84 8
37	83 8
37	85 8
37	79 16
37	84 9
37	84 10
37	84 11
37	84 12
37	83 12
37	85 12
37	79 15
37	84 13
37	84 14
37	84 15
37	84 16
37	83 16
37	85 16
37	79 14
37	84 17
37	84 18
37	84 19
37	84 20
37	83 20
37	85 20
37	79 13
37	84 1
37	84 2
37	83 2
37	85 2
37	79 35
37	84 3
37	84 4
37	83 4
37	85 4
37	79 17
37	84 5
37	84 6
37	84 7
37	84 8
37	83 8
37	85 8
37	79 19
37	84 9
37	84 10
37	84 11
37	84 12
37	83 12
37	85 12
37	79 17
37	84 13
37	84 14
37	84 15
37	84 16
37	83 16
37	85 16
37	79 12
37	84 17
37	84 18
37	84 19
37	84 20
37	83 20
37	85 20
37	79 11
37	84 1
37	84 2
37	84 3
37	84 4
37	83 4
37	85 4
37	79 17
37	84 5
37	84 6
37	84 7
37	84 8
37	83 8
37	85 8
37	79 13
37	84 9
37	84 10
37	84 11
37	84 12
37	83 12
37	85 12
37	79 18
37	84 13
37	84 14
37	84 15
37	84 16
37	83 16
37	85 16
37	79 12
37	84 17
37	84 18
37	84 19
37	84 20
37	83 20
37	85 20
37	79 15
37	84 1
37	84 2
37	84 3
37	84 4
37	83 4
37	85 4
37	79 12
37	84 5
37	84 6
37	84 7
37	84 8
37	83 8
37	85 8
37	79 16
37	84 9
37	84 10
37	84 11
37	84 12
37	83 12
37	85 12
37	79 12
37	84 13
37	84 14
37	84 15
37	84 16
37	83 16
37	85 16
37	79 14
37	84 17
37	84 18
37	84 19
37	84 20
37	83 20
37	85 20
37	79 11
37	84 1
37	84 2
37	84 3
37	84 4
37	83 4
37	85 4
37	79 14
37	84 5
37	84 6
37	84 7
37	84 8
37	83 8
37	85 8
37	79 15
37	84 9
37	84 10
37	84 11
37	84 12
37	83 12
37	85 12
37	79 14
37	84 13
37	84 14
37	84 15
37	84 16
37	83 16
37	85 16
37	79 15
37	84 17
37	84 18
37	84 19
37	84 20
37	83 20
37	85 20
37	79 13
37	84 1
37	84 2
37	84 3
37	84 4
37	83 4
37	85 4
37	79 18
37	84 5
37	84 6
37	84 7
37	84 8
37	83 8
37	85 8
37	79 14
37	84 9
37	84 10
37	84 11
37	84 12
37	83 12
37	85 12
37	79 15
37	84 13
37	84 14
37	84 15
37	84 16
37	83 16
37	85 16
37	79 13
37	84 17
37	84 18
37	84 19
37	84 20
37	83 20
37	85 20
37	79 16
37	84 1
37	84 2
37	84 3
37	84 4
37	83 4
37	85 4
37	79 11
37	84 5
37	84 6
37	84 7
37	84 8
37	83 8
37	85 8
37	79 14
37	84 9
37	84 10
37	84 11
37	84 12
37	83 12
37	85 12
37	79 12
37	84 13
37	84 14
37	84 15
37	84 16
37	83 16
37	85 16
37	79 15
37	84 17
37	84 18
37	84 19
37	84 20
37	83 20
37	85 20
37	79 16
37	84 1
37	84 2
37	84 3
37	84 4
37	83 4
37	85 4
37	79 14
37	84 5
37	84 6
37	84 7
37	84 8
37	83 8
37	85 8
37	79 19
37	84 9
37	84 10
37	84 11
37	84 12
37	83 12
37	85 12
37	79 16
37	84 13
37	84 14
37	84 15
37	84 16
37	83 16
37	85 16
37	79 17
37	84 17
37	84 18
37	84 19
37	84 20
37	83 20
37	85 20
37	79 16
37	84 1
37	84 2
37	84 3
37	84 4
37	83 4
37	85 4
37	79 16
37	84 5
37	83 5
37	85 5
37	79 40
37	84 6
37	84 7
37	83 7
37	85 7
37	79 13
37	84 8
37	84 9
37	84 10
37	84 11
37	83 11
37	85 11
37	79 17
37	84 12
37	84 13
37	84 14
37	84 15
37	83 15
37	85 15
37	79 15
37	84 16
37	84 17
37	84 18
37	84 19
37	83 19
37	85 19
37	79 15
37	84 20
37	84 1
37	84 2
37	84 3
37	83 3
37	85 3
37	79 18
37	84 4
37	84 5
37	84 6
37	84 7
37	83 7
37	85 7
37	79 18
37	84 8
37	84 9
37	84 10
37	84 11
37	83 11
37	85 11
37	79 15
37	84 12
37	84 13
37	84 14
37	84 15
37	83 15
37	85 15
37	79 14
37	84 16
37	84 17
37	84 18
37	84 19
37	83 19
37	85 19
37	79 14
37	84 20
37	84 1
37	84 2
37	84 3
37	83 3
37	85 3
37	79 18
37	84 4
37	84 5
37	84 6
37	84 7
37	83 7
37	85 7
37	79 16
37	84 8
37	84 9
37	84 10
37	84 11
37	83 11
37	85 11
37	79 14
37	84 12
37	84 13
37	84 14
37	84 15
37	83 15
37	85 15
37	79 14
37	84 16
37	84 17
37	84 18
37	84 19
37	83 19
37	85 19
37	79 15
37	84 20
37	84 1
37	84 2
37	84 3
37	83 3
37	85 3
37	79 12
37	84 4
37	84 5
37	84 6
37	84 7
37	83 7
37	85 7
37	79 14
37	84 8
37	84 9
37	84 10
37	84 11
37	83 11
37	85 11
37	79 13
37	84 12
37	84 13
37	84 14
37	84 15
37	83 15
37	85 15
37	79 16
37	84 16
37	84 17
37	84 18
37	84 19
37	83 19
37	85 19
37	79 15
37	84 20
37	84 1
37	84 2
37	84 3
37	83 3
37	85 3
37	79 13
37	84 4
37	84 5
37	84 6
37	84 7
37	83 7
37	85 7
37	79 16
37	84 8
37	84 9
37	84 10
37	TEST_NUMBER 3
37	SENT_TOTAL 250
37	RECEIVED_TOTAL 64
37	TIME_TOTAL 29641
37	RECEIVED_RADIO_1 2
37	RECEIVED_RADIO_2 63
37	SENT_RADIO_1 124
37	SENT_RADIO_2 126
37	RADIO_TIME_1 19843
37	RADIO_TIME_2 29785
37	RETRANSMISSIONS_1 1
37	RETRANSMISSIONS_2 0
37	DROPPED_1 0
37	DROPPED_2 0
37	MAX_QUEUE 1
37	DUPLICATED_1 0
37	DUPLICATED_2 0
37	EBUSY_RADIO_1 0
37	EBUSY_RADIO_2 0
37	84 1
37	83 1
37	85 1
37	79 20
37	84 2
37	84 3
37	84 4
37	84 5
37	83 5
37	85 5
37	79 13
37	84 6
37	84 7
37	84 8
37	84 9
37	83 9
37	85 9
37	79 13
37	84 10
37	84 11
37	84 12
37	84 13
37	83 13
37	85 13
37	79 16
37	84 14
37	84 15
37	84 16
37	84 17
37	83 17
37	85 17
37	79 14
37	84 18
37	84 19
37	84 20
37	84 1
37	83 1
37	85 1
37	79 14
37	84 2
37	84 3
37	84 4
37	84 5
37	83 5
37	85 5
37	79 17
37	84 6
37	83 6
37	85 6
37	79 34
37	84 7
37	84 8
37	83 8
37	85 8
37	79 14
37	84 9
37	84 10
37	84 11
37	84 12
37	83 12
37	85 12
37	79 12
37	84 13
37	84 14
37	84 15
37	84 16
37	83 16
37	85 16
37	79 14
37	84 17
37	84 18
37	84 19
37	84 20
37	83 20
37	85 20
37	79 15
37	84 1
37	84 2
37	84 3
37	84 4
37	83 4
37	85 4
37	79 19
37	84 5
37	84 6
37	84 7
37	84 8
37	83 8
37	85 8
37	79 12
37	84 9
37	84 10
37	84 11
37	84 12
37	83 12
37	85 12
37	79 20
37	84 13
37	84 14
37	84 15
37	84 16
37	83 16
37	85 16
37	79 15
37	84 17
37	84 18
37	84 19
37	84 20
37	83 20
37	85 20
37	79 13
37	84 1
37	84 2
37	84 3
37	84 4
37	83 4
37	85 4
37	79 17
37	84 5
37	84 6
37	84 7
37	84 8
37	83 8
37	85 8
37	79 13
37	84 9
37	84 10
37	84 11
37	84 12
37	83 12
37	85 12
37	79 14
37	84 13
37	84 14
37	84 15
37	84 16
37	83 16
37	85 16
37	79 16
37	84 17
37	84 18
37	84 19
37	84 20
37	83 20
37	85 20
37	79 18
37	84 1
37	84 2
37	84 3
37	84 4
37	83 4
37	85 4
37	79 13
37	84 5
37	84 6
37	84 7
37	84 8
37	83 8
37	85 8
37	79 16
37	84 9
37	84 10
37	84 11
37	84 12
37	83 12
37	85 12
37	79 19
37	84 13
37	84 14
37	84 15
37	84 16
37	83 16
37	85 16
37	79 16
37	84 17
37	84 18
37	84 19
37	84 20
37	83 20
37	85 20
37	79 18
37	84 1
37	84 2
37	84 3
37	84 4
37	83 4
37	85 4
37	79 15
37	84 5
37	84 6
37	84 7
37	84 8
37	83 8
37	85 8
37	79 13
37	84 9
37	84 10
37	84 11
37	84 12
37	83 12
37	85 12
37	79 16
37	84 13
37	84 14
37	84 15
37	84 16
37	83 16
37	85 16
37	79 17
37	84 17
37	84 18
37	84 19
37	84 20
37	83 20
37	85 20
37	79 14
37	84 1
37	84 2
37	84 3
37	84 4
37	83 4
37	85 4
37	79 13
37	84 5
37	84 6
37	84 7
37	84 8
37	83 8
37	85 8
37	79 14
37	84 9
37	84 10
37	84 11
37	84 12
37	83 12
37	85 12
37	79 14
37	84 13
37	84 14
37	84 15
37	84 16
37	83 16
37	85 16
37	79 13
37	84 17
37	84 18
37	84 19
37	84 20
37	83 20
37	85 20
37	79 16
37	84 1
37	84 2
37	84 3
37	84 4
37	83 4
37	85 4
37	79 13
37	84 5
37	84 6
37	84 7
37	84 8
37	83 8
37	85 8
37	79 16
37	84 9
37	84 10
37	84 11
37	84 12
37	83 12
37	85 12
37	79 12
37	84 13
37	84 14
37	84 15
37	84 16
37	83 16
37	85 16
37	79 14
37	84 17
37	84 18
37	84 19
37	84 20
37	83 20
37	85 20
37	79 11
37	84 1
37	84 2
37	84 3
37	84 4
37	83 4
37	85 4
37	79 15
37	84 5
37	84 6
37	84 7
37	84 8
37	83 8
37	85 8
37	79 13
37	84 9
37	84 10
37	84 11
37	84 12
37	83 12
37	85 12
37	79 14
37	84 13
37	84 14
37	84 15
37	84 16
37	83 16
37	85 16
37	79 17
37	84 17
37	84 18
37	84 19
37	84 20
37	83 20
37	85 20
37	79 18
37	84 1
37	84 2
37	84 3
37	84 4
37	83 4
37	85 4
37	79 20
37	84 5
37	84 6
37	84 7
37	84 8
37	83 8
37	85 8
37	79 12
37	84 9
37	84 10
37	84 11
37	84 12
37	83 12
37	85 12
37	79 12
37	84 13
37	84 14
37	84 15
37	84 16
37	83 16
37	85 16
37	79 17
37	84 17
37	84 18
37	84 19
37	84 20
37	83 20
37	85 20
37	79 20
37	84 1
37	84 2
37	84 3
37	84 4
37	83 4
37	85 4
37	79 17
37	84 5
37	84 6
37	84 7
37	84 8
37	83 8
37	85 8
37	79 17
37	84 9
37	84 10
37	84 11
37	84 12
37	83 12
37	85 12
37	79 12
37	84 13
37	84 14
37	84 15
37	84 16
37	83 16
37	85 16
37	79 15
37	84 17
37	84 18
37	84 19
37	84 20
37	83 20
37	85 20
37	79 13
37	84 1
37	84 2
37	84 3
37	84 4
37	83 4
37	85 4
37	79 16
37	84 5
37	84 6
37	84 7
37	84 8
37	83 8
37	85 8
37	79 16
37	84 9
37	84 10
37	84 11
37	84 12
37	83 12
37	85 12
37	79 19
37	84 13
37	84 14
37	84 15
37	84 16
37	83 16
37	85 16
37	79 15
37	84 17
37	84 18
37	84 19
37	84 20
37	83 20
37	85 20
37	79 15
37	84 1
37	84 2
37	84 3
37	84 4
37	83 4
37	85 4
37	79 18
37	84 5
37	84 6
37	84 7
37	84 8
37	83 8
37	85 8
37	79 14
37	84 9
37	84 10
37	TEST_NUMBER 4
37	SENT_TOTAL 250
37	RECEIVED_TOTAL 64
37	TIME_TOTAL 19677
37	RECEIVED_RADIO_1 1
37	RECEIVED_RADIO_2 63
37	SENT_RADIO_1 125
37	SENT_RADIO_2 125
37	RADIO_TIME_1 19683
37	RADIO_TIME_2 19843
37	RETRANSMISSIONS_1 1
37	RETRANSMISSIONS_2 0
37	DROPPED_1 0
37	DROPPED_2 0
37	MAX_QUEUE 1
37	DUPLICATED_1 0
37	DUPLICATED_2 0
37	EBUSY_RADIO_1 0
37	EBUSY_RADIO_2 0
37	83 0
37	85 10
37	86 4
37	84 1
37	84 2
37	83 2
37	85 2
37	79 16
37	84 3
37	84 4
37	84 5
37	84 6
37	83 6
37	85 6
37	79 16
37	84 7
37	84 8
37	84 9
37	84 10
37	83 10
37	85 10
37	79 17
37	84 11
37	84 12
37	84 13
37	84 14
37	83 14
37	85 14
37	79 16
37	84 15
37	84 16
37	84 17
37	84 18
37	83 18
37	85 18
37	79 13
37	84 19
37	84 20
37	84 1
37	84 2
37	83 2
37	85 2
37	79 17
37	84 3
37	84 4
37	84 5
37	84 6
37	83 6
37	85 6
37	79 13
37	84 7
37	84 8
37	84 9
37	84 10
37	83 10
37	85 10
37	79 16
37	84 11
37	84 12
37	84 13
37	84 14
37	83 14
37	85 14
37	79 18
37	84 15
37	84 16
37	84 17
37	84 18
37	83 18
37	85 18
37	79 12
37	84 19
37	84 20
37	84 1
37	84 2
37	83 2
37	85 2
37	79 15
37	84 3
37	84 4
37	83 4
37	85 4
37	79 43
37	84 5
37	84 6
37	83 6
37	85 6
37	79 16
37	84 7
37	84 8
37	84 9
37	84 10
37	83 10
37	85 10
37	79 14
37	84 11
37	84 12
37	84 13
37	84 14
37	83 14
37	85 14
37	79 16
37	84 15
37	84 16
37	84 17
37	84 18
37	83 18
37	85 18
37	79 16
37	84 19
37	84 20
37	84 1
37	84 2
37	83 2
37	85 2
37	79 18
37	84 3
37	84 4
37	84 5
37	84 6
37	83 6
37	85 6
37	79 11
37	84 7
37	84 8
37	84 9
37	84 10
37	83 10
37	85 10
37	79 18
37	84 11
37	84 12
37	84 13
37	84 14
37	83 14
37	85 14
37	79 15
37	84 15
37	84 16
37	84 17
37	84 18
37	83 18
37	85 18
37	79 17
37	84 19
37	84 20
37	84 1
37	84 2
37	83 2
37	85 2
37	79 18
37	84 3
37	84 4
37	84 5
37	84 6
37	83 6
37	85 6
37	79 14
37	84 7
37	84 8
37	84 9
37	84 10
37	83 10
37	85 10
37	79 13
37	84 11
37	84 12
37	84 13
37	84 14
37	83 14
37	85 14
37	79 18
37	84 15
37	84 16
37	84 17
37	84 18
37	83 18
37	85 18
37	79 18
37	84 19
37	84 20
37	84 1
37	84 2
37	83 2
37	85 2
37	79 10
37	84 3
37	84 4
37	84 5
37	84 6
37	83 6
37	85 6
37	79 16
37	84 7
37	84 8
37	84 9
37	84 10
37	83 10
37	85 10
37	79 13
37	84 11
37	84 12
37	84 13
37	84 14
37	83 14
37	85 14
37	79 18
37	84 15
37	84 16
37	84 17
37	84 18
37	83 18
37	85 18
37	79 12
37	84 19
37	84 20
37	84 1
37	84 2
37	83 2
37	85 2
37	79 17
37	84 3
37	84 4
37	84 5
37	84 6
37	83 6
37	85 6
37	79 13
37	84 7
37	84 8
37	84 9
37	84 10
37	83 10
37	85 10
37	79 14
37	84 11
37	84 12
37	83 12
37	85 12
37	79 28
37	84 13
37	84 14
37	83 14
37	85 14
37	79 16
37	84 15
37	84 16
37	83 16
37	85 16
37	79 35
37	84 17
37	84 18
37	83 18
37	85 18
37	79 11
37	84 19
37	84 20
37	84 1
37	84 2
37	83 2
37	85 2
37	79 14
37	84 3
37	84 4
37	84 5
37	84 6
37	83 6
37	85 6
37	79 17
37	84 7
37	84 8
37	84 9
37	84 10
37	83 10
37	85 10
37	79 17
37	84 11
37	84 12
37	84 13
37	84 14
37	83 14
37	85 14
37	79 13
37	84 15
37	84 16
37	84 17
37	84 18
37	83 18
37	85 18
37	79 18
37	84 19
37	84 20
37	84 1
37	84 2
37	83 2
37	85 2
37	79 15
37	84 3
37	84 4
37	84 5
37	84 6
37	83 6
37	85 6
37	79 12
37	84 7
37	84 8
37	84 9
37	84 10
37	83 10
37	85 10
37	79 17
37	84 11
37	84 12
37	84 13
37	84 14
37	83 14
37	85 14
37	79 17
37	84 15
37	84 16
37	84 17
37	84 18
37	83 18
37	85 18
37	79 16
37	84 19
37	84 20
37	84 1
37	84 2
37	83 2
37	85 2
37	79 15
37	84 3
37	84 4
37	84 5
37	84 6
37	83 6
37	85 6
37	79 12
37	84 7
37	84 8
37	84 9
37	84 10
37	83 10
37	85 10
37	79 14
37	84 11
37	84 12
37	84 13
37	84 14
37	83 14
37	85 14
37	79 17
37	84 15
37	84 16
37	84 17
37	84 18
37	83 18
37	85 18
37	79 20
37	84 19
37	84 20
37	84 1
37	84 2
37	83 2
37	85 2
37	79 11
37	84 3
37	84 4
37	84 5
37	84 6
37	83 6
37	85 6
37	79 14
37	84 7
37	84 8
37	84 9
37	84 10
37	83 10
37	85 10
37	79 16
37	84 11
37	84 12
37	84 13
37	84 14
37	83 14
37	85 14
37	79 19
37	84 15
37	84 16
37	84 17
37	84 18
37	83 18
37	85 18
37	79 17
37	84 19
37	84 20
37	84 1
37	84 2
37	83 2
37	85 2
37	79 13
37	84 3
37	84 4
37	84 5
37	84 6
37	83 6
37	85 6
37	79 17
37	84 7
37	84 8
37	84 9
37	84 10
37	83 10
37	85 10
37	79 14
37	84 11
37	84 12
37	84 13
37	84 14
37	83 14
37	85 14
37	79 13
37	84 15
37	84 16
37	84 17
37	84 18
37	83 18
37	85 18
37	79 14
37	84 19
37	84 20
37	84 1
37	84 2
37	83 2
37	85 2
37	79 18
37	84 3
37	84 4
37	84 5
37	84 6
37	83 6
37	85 6
37	79 19
37	84 7
37	84 8
37	84 9
37	84 10
37	TEST_NUMBER 5
37	SENT_TOTAL 250
37	RECEIVED_TOTAL 65
37	TIME_TOTAL 29452
37	RECEIVED_RADIO_1 4
37	RECEIVED_RADIO_2 62
37	SENT_RADIO_1 125
37	SENT_RADIO_2 125
37	RADIO_TIME_1 29672
37	RADIO_TIME_2 19763
37	RETRANSMISSIONS_1 0
37	RETRANSMISSIONS_2 0
37	DROPPED_1 0
37	DROPPED_2 0
37	MAX_QUEUE 1
37	DUPLICATED_1 0
37	DUPLICATED_2 0
37	EBUSY_RADIO_1 0
37	EBUSY_RADIO_2 0
37	83 0
37	85 10
37	86 5
37	84 1
37	84 2
37	84 3
37	84 4
37	83 4
37	85 4
37	79 16
37	84 5
37	84 6
37	84 7
37	84 8
37	83 8
37	85 8
37	79 16
37	84 9
37	84 10
37	84 11
37	84 12
37	83 12
37	85 12
37	79 17
37	84 13
37	84 14
37	84 15
37	84 16
37	83 16
37	85 16
37	79 14
37	84 17
37	84 18
37	84 19
37	84 20
37	83 20
37	85 20
37	79 19
37	84 1
37	84 2
37	84 3
37	84 4
37	83 4
37	85 4
37	79 15
37	84 5
37	84 6
37	84 7
37	84 8
37	83 8
37	85 8
37	79 16
37	84 9
37	84 10
37	84 11
37	84 12
37	83 12
37	85 12
37	79 12
37	84 13
37	84 14
37	84 15
37	84 16
37	83 16
37	85 16
37	79 20
37	84 17
37	84 18
37	84 19
37	84 20
37	83 20
37	85 20
37	79 16
37	84 1
37	84 2
37	84 3
37	84 4
37	83 4
37	85 4
37	79 10
37	84 5
37	84 6
37	84 7
37	84 8
37	83 8
37	85 8
37	79 15
37	84 9
37	84 10
37	84 11
37	84 12
37	83 12
37	85 12
37	79 12
37	84 13
37	84 14
37	84 15
37	84 16
37	83 16
37	85 16
37	79 16
37	84 17
37	84 18
37	84 19
37	84 20
37	83 20
37	85 20
37	79 14
37	84 1
37	84 2
37	84 3
37	84 4
37	83 4
37	85 4
37	79 15
37	84 5
37	84 6
37	84 7
37	84 8
37	83 8
37	85 8
37	79 13
37	84 9
37	84 10
37	84 11
37	83 11
37	85 10
37	79 134
37	84 12
37	83 12
37	85 12
37	79 17
37	84 13
37	84 14
37	84 15
37	84 16
37	83 16
37	85 16
37	79 12
37	84 17
37	84 18
37	84 19
37	84 20
37	83 20
37	85 20
37	79 18
37	84 1
37	84 2
37	84 3
37	84 4
37	83 4
37	85 4
37	79 17
37	84 5
37	84 6
37	83 6
37	85 6
37	79 38
37	84 7
37	84 8
37	83 8
37	85 8
37	79 19
37	84 9
37	84 10
37	84 11
37	84 12
37	83 12
37	85 12
37	79 12
37	84 13
37	84 14
37	84 15
37	84 16
37	83 16
37	85 16
37	79 16
37	84 17
37	84 18
37	84 19
37	84 20
37	83 20
37	85 20
37	79 14
37	84 1
37	84 2
37	84 3
37	84 4
37	83 4
37	85 4
37	79 13
37	84 5
37	84 6
37	83 6
37	85 6
37	79 38
37	84 7
37	84 8
37	83 8
37	85 8
37	79 16
37	84 9
37	84 10
37	84 11
37	84 12
37	83 12
37	85 12
37	79 18
37	84 13
37	84 14
37	84 15
37	83 15
37	85 14
37	79 139
37	84 16
37	83 16
37	85 16
37	79 16
37	84 17
37	84 18
37	84 19
37	84 20
37	83 20
37	85 20
37	79 13
37	84 1
37	84 2
37	84 3
37	84 4
37	83 4
37	85 4
37	79 15
37	84 5
37	84 6
37	84 7
37	84 8
37	83 8
37	85 8
37	79 14
37	84 9
37	84 10
37	84 11
37	84 12
37	83 12
37	85 12
37	79 15
37	84 13
37	84 14
37	84 15
37	84 16
37	83 16
37	85 16
37	79 15
37	84 17
37	84 18
37	84 19
37	84 20
37	83 20
37	85 20
37	79 17
37	84 1
37	84 2
37	84 3
37	84 4
37	83 4
37	85 4
37	79 16
37	84 5
37	84 6
37	84 7
37	84 8
37	83 8
37	85 8
37	79 12
37	84 9
37	84 10
37	84 11
37	84 12
37	83 12
37	85 12
37	79 13
37	84 13
37	84 14
37	84 15
37	84 16
37	83 16
37	85 16
37	79 15
37	84 17
37	84 18
37	84 19
37	84 20
37	83 20
37	85 20
37	79 17
37	84 1
37	84 2
37	84 3
37	84 4
37	83 4
37	85 4
37	79 14
37	84 5
37	84 6
37	84 7
37	84 8
37	83 8
37	85 8
37	79 15
37	84 9
37	84 10
37	84 11
37	84 12
37	83 12
37	85 12
37	79 20
37	84 13
37	84 14
37	84 15
37	84 16
37	83 16
37	85 16
37	79 14
37	84 17
37	84 18
37	84 19
37	84 20
37	83 20
37	85 20
37	79 16
37	84 1
37	84 2
37	84 3
37	84 4
37	83 4
37	85 4
37	79 12
37	84 5
37	84 6
37	84 7
37	84 8
37	83 8
37	85 8
37	79 18
37	84 9
37	84 10
37	84 11
37	84 12
37	83 12
37	85 12
37	79 15
37	84 13
37	84 14
37	84 15
37	84 16
37	83 16
37	85 16
37	79 19
37	84 17
37	84 18
37	84 19
37	84 20
37	83 20
37	85 20
37	79 13
37	84 1
37	84 2
37	84 3
37	84 4
37	83 4
37	85 4
37	79 15
37	84 5
37	84 6
37	84 7
37	84 8
37	83 8
37	85 8
37	79 14
37	84 9
37	84 10
37	84 11
37	84 12
37	83 12
37	85 12
37	79 15
37	84 13
37	84 14
37	84 15
37	84 16
37	83 16
37	85 16
37	79 12
37	84 17
37	84 18
37	84 19
37	84 20
37	83 20
37	85 20
37	79 15
37	84 1
37	84 2
37	84 3
37	84 4
37	83 4
37	85 4
37	79 13
37	84 5
37	84 6
37	84 7
37	84 8
37	83 8
37	85 8
37	79 19
37	84 9
37	84 10
37	84 11
37	84 12
37	83 12
37	85 12
37	79 18
37	84 13
37	84 14
37	84 15
37	84 16
37	83 16
37	85 16
37	79 14
37	84 17
37	84 18
37	84 19
37	84 20
37	83 20
37	85 20
37	79 13
37	84 1
37	84 2
37	84 3
37	84 4
37	83 4
37	85 4
37	79 16
37	84 5
37	84 6
37	84 7
37	84 8
37	83 8
37	85 8
37	79 12
37	84 9
37	84 10
37	TEST_NUMBER 6
37	SENT_TOTAL 250
37	RECEIVED_TOTAL 66
37	TIME_TOTAL 29721
37	RECEIVED_RADIO_1 4
37	RECEIVED_RADIO_2 63
37	SENT_RADIO_1 125
37	SENT_RADIO_2 125
37	RADIO_TIME_1 19763
37	RADIO_TIME_2 29868
37	RETRANSMISSIONS_1 0
37	RETRANSMISSIONS_2 0
37	DROPPED_1 0
37	DROPPED_2 0
37	MAX_QUEUE 1
37	DUPLICATED_1 0
37	DUPLICATED_2 0
37	EBUSY_RADIO_1 0
37	EBUSY_RADIO_2 0
37	83 0
37	85 10
37	86 6
