
31	DESTINATION_NODE 31
31	TEST_NUMBER 0
31	SENT_TOTAL 94
31	RECEIVED_TOTAL 94
31	TIME_TOTAL 17857
31	RECEIVED_RADIO_1 94
31	RECEIVED_RADIO_2 0
31	SENT_RADIO_1 47
31	SENT_RADIO_2 47
31	RADIO_TIME_1 17857
31	RADIO_TIME_2 17692
31	RETRANSMISSIONS_1 0
31	RETRANSMISSIONS_2 0
31	DROPPED_1 0
31	DROPPED_2 0
31	MAX_QUEUE 1
31	DUPLICATED_1 0
31	DUPLICATED_2 0
31	EBUSY_RADIO_1 0
31	EBUSY_RADIO_2 0
31	86 0
31	86 0
31	86 0
31	86 0
31	86 0
31	86 0
31	86 0
31	86 0
31	86 0
31	86 0
31	TEST_NUMBER 1
31	SENT_TOTAL 102
31	RECEIVED_TOTAL 92
31	TIME_TOTAL 29412
31	RECEIVED_RADIO_1 102
31	RECEIVED_RADIO_2 0
31	SENT_RADIO_1 51
31	SENT_RADIO_2 51
31	RADIO_TIME_1 29412
31	RADIO_TIME_2 29018
31	RETRANSMISSIONS_1 1
31	RETRANSMISSIONS_2 0
31	DROPPED_1 0
31	DROPPED_2 0
31	MAX_QUEUE 1
31	DUPLICATED_1 1
31	DUPLICATED_2 0
31	EBUSY_RADIO_1 0
31	EBUSY_RADIO_2 0
31	86 1
31	86 1
31	86 1
31	86 1
31	86 1
31	86 1
31	86 1
31	86 1
31	86 1
31	86 1
31	86 1
31	86 1
31	TEST_NUMBER 2
31	SENT_TOTAL 92
31	RECEIVED_TOTAL 80
31	TIME_TOTAL 29728
31	RECEIVED_RADIO_1 92
31	RECEIVED_RADIO_2 0
31	SENT_RADIO_1 45
31	SENT_RADIO_2 47
31	RADIO_TIME_1 29728
31	RADIO_TIME_2 29728
31	RETRANSMISSIONS_1 1
31	RETRANSMISSIONS_2 0
31	DROPPED_1 0
31	DROPPED_2 0
31	MAX_QUEUE 1
31	DUPLICATED_1 1
31	DUPLICATED_2 0
31	EBUSY_RADIO_1 0
31	EBUSY_RADIO_2 0
31	86 2
31	86 2
31	86 2
31	86 2
31	86 2
31	86 2
31	86 2
31	86 2
31	86 2
31	86 2
31	TEST_NUMBER 3
31	SENT_TOTAL 95
31	RECEIVED_TOTAL 85
31	TIME_TOTAL 29563
31	RECEIVED_RADIO_1 95
31	RECEIVED_RADIO_2 0
31	SENT_RADIO_1 47
31	SENT_RADIO_2 48
31	RADIO_TIME_1 29563
31	RADIO_TIME_2 29485
31	RETRANSMISSIONS_1 1
31	RETRANSMISSIONS_2 0
31	DROPPED_1 0
31	DROPPED_2 0
31	MAX_QUEUE 1
31	DUPLICATED_1 0
31	DUPLICATED_2 0
31	EBUSY_RADIO_1 0
31	EBUSY_RADIO_2 0
31	86 3
31	86 3
31	86 3
31	86 3
31	86 3
31	86 3
31	86 3
31	86 3
31	86 3
31	86 3
31	TEST_NUMBER 4
31	SENT_TOTAL 101
31	RECEIVED_TOTAL 91
31	TIME_TOTAL 29603
31	RECEIVED_RADIO_1 101
31	RECEIVED_RADIO_2 0
31	SENT_RADIO_1 50
31	SENT_RADIO_2 51
31	RADIO_TIME_1 29603
31	RADIO_TIME_2 29150
31	RETRANSMISSIONS_1 2
31	RETRANSMISSIONS_2 0
31	DROPPED_1 0
31	DROPPED_2 0
31	MAX_QUEUE 1
31	DUPLICATED_1 0
31	DUPLICATED_2 0
31	EBUSY_RADIO_1 0
31	EBUSY_RADIO_2 0
31	86 4
31	86 4
31	86 4
31	86 4
31	86 4
31	86 4
31	86 4
31	86 4
31	86 4
31	TEST_NUMBER 5
31	SENT_TOTAL 62
31	RECEIVED_TOTAL 53
31	TIME_TOTAL 29732
31	RECEIVED_RADIO_1 62
31	RECEIVED_RADIO_2 0
31	SENT_RADIO_1 31
31	SENT_RADIO_2 31
31	RADIO_TIME_1 29732
31	RADIO_TIME_2 29360
31	RETRANSMISSIONS_1 0
31	RETRANSMISSIONS_2 0
31	DROPPED_1 0
31	DROPPED_2 0
31	MAX_QUEUE 1
31	DUPLICATED_1 4
31	DUPLICATED_2 0
31	EBUSY_RADIO_1 0
31	EBUSY_RADIO_2 0
31	86 5
31	86 5
31	86 5
31	86 5
31	86 5
31	86 5
31	86 5
31	86 5
31	86 5
31	86 5
31	TEST_NUMBER 6
31	SENT_TOTAL 88
31	RECEIVED_TOTAL 78
31	TIME_TOTAL 29728
31	RECEIVED_RADIO_1 88
31	RECEIVED_RADIO_2 0
31	SENT_RADIO_1 44
31	SENT_RADIO_2 43
31	RADIO_TIME_1 29728
31	RADIO_TIME_2 29563
31	RETRANSMISSIONS_1 0
31	RETRANSMISSIONS_2 2
31	DROPPED_1 0
31	DROPPED_2 0
31	MAX_QUEUE 1
31	DUPLICATED_1 3
31	DUPLICATED_2 0
31	EBUSY_RADIO_1 0
31	EBUSY_RADIO_2 0
31	86 6
31	86 6
31	86 6
31	86 6
31	86 6
31	86 6
31	86 6
31	86 6

34	RELAY_NODE 34
34	TEST_NUMBER 0
34	SENT_TOTAL 0
34	RECEIVED_TOTAL 0
34	TIME_TOTAL 0
34	RECEIVED_RADIO_1 52
34	RECEIVED_RADIO_2 103
34	SENT_RADIO_1 103
34	SENT_RADIO_2 52
34	RADIO_TIME_1 19786
34	RADIO_TIME_2 19786
34	RETRANSMISSIONS_1 0
34	RETRANSMISSIONS_2 0
34	DROPPED_1 0
34	DROPPED_2 0
34	MAX_QUEUE 1
34	DUPLICATED_1 0
34	DUPLICATED_2 0
34	EBUSY_RADIO_1 0
34	EBUSY_RADIO_2 0
34	TEST_NUMBER 1
34	SENT_TOTAL 0
34	RECEIVED_TOTAL 0
34	TIME_TOTAL 0
34	RECEIVED_RADIO_1 52
34	RECEIVED_RADIO_2 105
34	SENT_RADIO_1 105
34	SENT_RADIO_2 52
34	RADIO_TIME_1 19777
34	RADIO_TIME_2 19777
34	RETRANSMISSIONS_1 1
34	RETRANSMISSIONS_2 3
34	DROPPED_1 0
34	DROPPED_2 0
34	MAX_QUEUE 1
34	DUPLICATED_1 1
34	DUPLICATED_2 0
34	EBUSY_RADIO_1 0
34	EBUSY_RADIO_2 0
34	TEST_NUMBER 2
34	SENT_TOTAL 0
34	RECEIVED_TOTAL 0
34	TIME_TOTAL 0
34	RECEIVED_RADIO_1 44
34	RECEIVED_RADIO_2 89
34	SENT_RADIO_1 89
34	SENT_RADIO_2 44
34	RADIO_TIME_1 19439
34	RADIO_TIME_2 19439
34	RETRANSMISSIONS_1 1
34	RETRANSMISSIONS_2 1
34	DROPPED_1 0
34	DROPPED_2 0
34	MAX_QUEUE 1
34	DUPLICATED_1 1
34	DUPLICATED_2 0
34	EBUSY_RADIO_1 0
34	EBUSY_RADIO_2 0
34	TEST_NUMBER 3
34	SENT_TOTAL 0
34	RECEIVED_TOTAL 0
34	TIME_TOTAL 0
34	RECEIVED_RADIO_1 47
34	RECEIVED_RADIO_2 96
34	SENT_RADIO_1 96
34	SENT_RADIO_2 47
34	RADIO_TIME_1 19757
34	RADIO_TIME_2 19757
34	RETRANSMISSIONS_1 0
34	RETRANSMISSIONS_2 4
34	DROPPED_1 0
34	DROPPED_2 0
34	MAX_QUEUE 1
34	DUPLICATED_1 1
34	DUPLICATED_2 1
34	EBUSY_RADIO_1 0
34	EBUSY_RADIO_2 0
34	TEST_NUMBER 4
34	SENT_TOTAL 0
34	RECEIVED_TOTAL 0
34	TIME_TOTAL 0
34	RECEIVED_RADIO_1 48
34	RECEIVED_RADIO_2 98
34	SENT_RADIO_1 97
34	SENT_RADIO_2 48
34	RADIO_TIME_1 19048
34	RADIO_TIME_2 19054
34	RETRANSMISSIONS_1 1
34	RETRANSMISSIONS_2 3
34	DROPPED_1 0
34	DROPPED_2 0
34	MAX_QUEUE 1
34	DUPLICATED_1 2
34	DUPLICATED_2 0
34	EBUSY_RADIO_1 0
34	EBUSY_RADIO_2 0
34	TEST_NUMBER 5
34	SENT_TOTAL 0
34	RECEIVED_TOTAL 0
34	TIME_TOTAL 0
34	RECEIVED_RADIO_1 32
34	RECEIVED_RADIO_2 64
34	SENT_RADIO_1 65
34	SENT_RADIO_2 32
34	RADIO_TIME_1 19798
34	RADIO_TIME_2 19798
34	RETRANSMISSIONS_1 3
34	RETRANSMISSIONS_2 3
34	DROPPED_1 0
34	DROPPED_2 0
34	MAX_QUEUE 1
34	DUPLICATED_1 0
34	DUPLICATED_2 0
34	EBUSY_RADIO_1 0
34	EBUSY_RADIO_2 0
34	TEST_NUMBER 6
34	SENT_TOTAL 0
34	RECEIVED_TOTAL 0
34	TIME_TOTAL 0
34	RECEIVED_RADIO_1 45
34	RECEIVED_RADIO_2 87
34	SENT_RADIO_1 87
34	SENT_RADIO_2 45
34	RADIO_TIME_1 19788
34	RADIO_TIME_2 19788
34	RETRANSMISSIONS_1 3
34	RETRANSMISSIONS_2 3
34	DROPPED_1 0
34	DROPPED_2 0
34	MAX_QUEUE 1
34	DUPLICATED_1 0
34	DUPLICATED_2 1
34	EBUSY_RADIO_1 0
34	EBUSY_RADIO_2 0

51	SOURCE_NODE 51
51	84 1
51	84 2
51	84 3
51	83 3
51	85 3
51	79 36
51	84 4
51	84 5
51	83 5
51	85 1
51	79 364
51	83 5
51	85 5
51	79 53
51	84 6
51	84 7
51	83 7
51	85 7
51	79 44
51	84 8
51	84 9
51	83 9
51	85 9
51	79 33
51	84 10
51	84 11
51	84 12
51	84 13
51	84 14
51	83 14
51	85 14
51	79 37
51	83 14
51	85 11
51	79 290
51	84 15
51	84 16
51	84 17
51	84 18
51	84 19
51	83 19
51	85 19
51	79 39
51	83 19
51	85 16
51	79 305
51	84 20
51	84 1
51	83 1
51	85 1
51	79 33
51	84 2
51	84 3
51	83 3
51	85 3
51	79 43
51	84 4
51	84 5
51	83 5
51	85 5
51	79 38
51	84 6
51	84 7
51	84 8
51	84 9
51	84 10
51	84 11
51	84 12
51	84 13
51	84 14
51	83 14
51	85 7
51	79 593
51	83 14
51	85 12
51	79 203
51	84 15
51	84 16
51	84 17
51	84 18
51	83 18
51	85 15
51	79 301
51	84 19
51	84 20
51	83 20
51	85 18
51	79 205
51	84 1
51	84 2
51	84 3
51	84 4
51	84 5
51	84 6
51	84 7
51	84 8
51	84 9
51	83 9
51	85 6
51	79 304
51	84 10
51	84 11
51	83 11
51	85 3
51	79 693
51	83 11
51	85 9
51	79 222
51	84 12
51	84 13
51	84 14
51	84 15
51	84 16
51	83 16
51	85 14
51	79 197
51	84 17
51	84 18
51	84 19
51	84 20
51	84 1
51	84 2
51	83 2
51	85 2
51	79 42
51	84 3
51	84 4
51	83 4
51	85 20
51	79 368
51	84 5
51	84 6
51	84 7
51	84 8
51	84 9
51	83 9
51	85 4
51	79 439
51	83 9
51	85 9
51	79 47
51	83 9
51	85 6
51	79 295
51	84 10
51	84 11
51	84 12
51	84 13
51	84 14
51	83 14
51	85 14
51	79 44
51	83 14
51	85 11
51	79 287
51	84 15
51	84 16
51	84 17
51	84 18
51	84 19
51	83 19
51	85 19
51	79 40
51	84 20
51	84 1
51	84 2
51	84 3
51	84 4
51	83 4
51	85 1
51	79 300
51	84 5
51	84 6
51	83 6
51	85 4
51	79 212
51	84 7
51	83 7
51	85 7
51	79 55
51	84 8
51	84 9
51	84 10
51	84 11
51	84 12
51	84 13
51	84 14
51	83 14
51	85 9
51	79 438
51	83 14
51	85 14
51	79 47
51	84 15
51	84 16
51	83 16
51	85 16
51	79 42
51	84 17
51	84 18
51	84 19
51	83 19
51	85 19
51	79 41
51	84 20
51	84 1
51	83 1
51	85 1
51	79 39
51	84 2
51	84 3
51	83 3
51	85 3
51	79 45
51	84 4
51	84 5
51	83 5
51	85 5
51	79 44
51	84 6
51	84 7
51	84 8
51	84 9
51	83 9
51	85 7
51	79 202
51	84 10
51	84 11
51	84 12
51	84 13
51	84 14
51	84 15
51	84 16
51	84 17
51	84 18
51	84 19
51	83 19
51	85 12
51	79 615
51	83 19
51	85 17
51	79 226
51	84 20
51	84 1
51	84 2
51	84 3
51	84 4
51	84 5
51	84 6
51	84 7
51	83 7
51	85 2
51	79 453
51	83 7
51	85 7
51	79 64
51	84 8
51	84 9
51	84 10
51	84 11
51	84 12
51	83 12
51	85 9
51	79 306
51	84 13
51	84 14
51	83 14
51	85 12
51	79 203
51	84 15
51	84 16
51	84 17
51	84 18
51	83 18
51	85 18
51	79 38
51	83 18
51	85 15
51	79 305
51	84 19
51	84 20
51	84 1
51	84 2
51	84 3
51	84 4
51	84 5
51	83 5
51	85 20
51	79 435
51	83 5
51	85 5
51	79 46
51	84 6
51	84 7
51	83 7
51	85 3
51	79 358
51	84 8
51	84 9
51	84 10
51	84 11
51	84 12
51	83 12
51	85 9
51	79 295
51	83 12
51	85 7
51	79 468
51	84 13
51	84 14
51	83 14
51	85 14
51	79 40
51	84 15
51	84 16
51	84 17
51	83 17
51	85 12
51	79 448
51	83 17
51	85 17
51	79 57
51	84 18
51	84 19
51	84 20
51	84 1
51	84 2
51	84 3
51	83 3
51	85 1
51	79 201
51	84 4
51	83 4
51	85 19
51	79 441
51	83 4
51	85 4
51	79 55
51	84 5
51	84 6
51	84 7
51	83 7
51	85 7
51	79 44
51	84 8
51	84 9
51	83 9
51	85 9
51	79 39
51	84 10
51	84 11
51	83 11
51	85 11
51	79 54
51	84 12
51	84 13
51	83 13
51	85 13
51	79 42
51	84 14
51	84 15
51	84 16
51	84 17
51	83 17
51	85 17
51	79 38
51	84 18
51	84 19
51	84 20
51	83 20
51	85 15
51	79 409
51	84 1
51	84 2
51	84 3
51	84 4
51	83 4
51	85 1
51	79 303
51	84 5
51	84 6
51	83 6
51	85 19
51	79 606
51	84 7
51	84 8
51	84 9
51	84 10
51	84 11
51	83 11
51	85 4
51	79 637
51	84 12
51	84 13
51	84 14
51	84 15
51	84 16
51	83 16
51	85 9
51	79 623
51	84 17
51	84 18
51	84 19
51	84 20
51	83 20
51	85 17
51	79 295
51	84 1
51	83 1
51	85 14
51	79 568
51	83 1
51	85 20
51	79 96
51	84 2
51	84 3
51	84 4
51	84 5
51	84 6
51	83 6
51	85 2
51	79 362
51	83 6
51	85 6
51	79 51
51	84 7
51	84 8
51	84 9
51	84 10
51	83 10
51	85 4
51	79 541
51	83 10
51	85 8
51	79 229
51	84 11
51	84 12
51	84 13
51	83 13
51	85 13
51	79 36
51	84 14
51	84 15
51	84 16
51	84 17
51	84 18
51	83 18
51	85 15
51	79 308
51	84 19
51	84 20
51	84 1
51	83 1
51	85 1
51	79 47
51	84 2
51	84 3
51	83 3
51	85 18
51	79 437
51	84 4
51	84 5
51	83 5
51	85 5
51	79 42
51	84 6
51	84 7
51	83 7
51	85 3
51	79 362
51	83 7
51	85 7
51	79 49
51	84 8
51	84 9
51	83 9
51	85 9
51	79 39
51	84 10
51	84 11
51	84 12
51	84 13
51	83 13
51	85 11
51	79 201
51	84 14
51	84 15
51	84 16
51	84 17
51	84 18
51	84 19
51	84 20
51	84 1
51	84 2
51	84 3
51	84 4
51	83 4
51	85 17
51	79 615
51	83 4
51	85 2
51	79 223
51	84 5
51	84 6
51	84 7
51	84 8
51	84 9
51	84 10
51	TEST_NUMBER 0
51	SENT_TOTAL 250
51	RECEIVED_TOTAL 86
51	TIME_TOTAL 19232
51	RECEIVED_RADIO_1 51
51	RECEIVED_RADIO_2 35
51	SENT_RADIO_1 103
51	SENT_RADIO_2 146
51	RADIO_TIME_1 19843
51	RADIO_TIME_2 19713
51	RETRANSMISSIONS_1 59
51	RETRANSMISSIONS_2 0
51	DROPPED_1 0
51	DROPPED_2 0
51	MAX_QUEUE 1
51	DUPLICATED_1 3
51	DUPLICATED_2 0
51	EBUSY_RADIO_1 0
51	EBUSY_RADIO_2 0
51	84 1
51	84 2
51	84 3
51	83 3
51	85 7
51	86 0
51	83 3
51	85 10
51	86 0
51	83 3
51	85 3
51	79 70
51	84 4
51	84 5
51	84 6
51	84 7
51	84 8
51	83 8
51	85 8
51	79 69
51	83 8
51	85 5
51	79 309
51	84 9
51	84 10
51	83 10
51	85 10
51	79 42
51	84 11
51	84 12
51	83 12
51	85 12
51	79 35
51	84 13
51	84 14
51	84 15
51	84 16
51	84 17
51	83 17
51	85 17
51	79 39
51	83 17
51	85 14
51	79 294
51	84 18
51	84 19
51	84 20
51	84 1
51	84 2
51	83 2
51	85 2
51	79 50
51	84 3
51	84 4
51	84 5
51	84 6
51	84 7
51	84 8
51	83 8
51	85 8
51	79 38
51	83 8
51	85 5
51	79 291
51	84 9
51	84 10
51	83 10
51	85 10
51	79 40
51	84 11
51	84 12
51	84 13
51	84 14
51	84 15
51	84 16
51	84 17
51	84 18
51	83 18
51	85 12
51	79 495
51	83 18
51	85 17
51	79 105
51	84 19
51	83 19
51	85 15
51	79 353
51	83 19
51	85 19
51	79 41
51	84 20
51	84 1
51	84 2
51	84 3
51	83 3
51	85 1
51	79 206
51	84 4
51	84 5
51	84 6
51	84 7
51	83 7
51	85 7
51	79 46
51	84 8
51	84 9
51	83 9
51	85 9
51	79 44
51	84 10
51	84 11
51	84 12
51	84 13
51	84 14
51	84 15
51	84 16
51	84 17
51	84 18
51	83 18
51	85 11
51	79 599
51	84 19
51	84 20
51	84 1
51	84 2
51	83 2
51	85 1
51	79 131
51	84 3
51	83 3
51	85 3
51	79 46
51	84 4
51	84 5
51	84 6
51	84 7
51	84 8
51	84 9
51	84 10
51	84 11
51	84 12
51	83 12
51	85 5
51	79 608
51	83 12
51	85 10
51	79 219
51	84 13
51	84 14
51	84 15
51	83 15
51	85 15
51	79 41
51	84 16
51	84 17
51	84 18
51	84 19
51	84 20
51	84 1
51	84 2
51	84 3
51	84 4
51	84 5
51	83 5
51	85 17
51	79 696
51	83 5
51	85 2
51	79 303
51	84 6
51	84 7
51	83 7
51	85 20
51	79 627
51	84 8
51	83 8
51	85 8
51	79 45
51	84 9
51	84 10
51	84 11
51	84 12
51	83 12
51	85 5
51	79 615
51	84 13
51	84 14
51	84 15
51	84 16
51	83 16
51	85 13
51	79 315
51	84 17
51	84 18
51	83 18
51	85 18
51	79 46
51	83 18
51	85 10
51	79 686
51	84 19
51	84 20
51	84 1
51	84 2
51	84 3
51	84 4
51	84 5
51	83 5
51	85 16
51	79 773
51	84 6
51	84 7
51	84 8
51	83 8
51	85 20
51	79 698
51	84 9
51	83 9
51	85 3
51	79 515
51	83 9
51	85 9
51	79 46
51	84 10
51	83 10
51	85 6
51	79 366
51	83 10
51	85 10
51	79 57
51	84 11
51	84 12
51	84 13
51	84 14
51	84 15
51	84 16
51	84 17
51	83 17
51	85 12
51	79 451
51	83 17
51	85 14
51	79 297
51	84 18
51	84 19
51	83 19
51	85 19
51	79 44
51	84 20
51	84 1
51	84 2
51	84 3
51	83 3
51	85 17
51	79 540
51	83 3
51	85 1
51	79 228
51	84 4
51	84 5
51	84 6
51	83 6
51	85 6
51	79 45
51	84 7
51	84 8
51	83 8
51	85 8
51	79 40
51	84 9
51	84 10
51	84 11
51	84 12
51	83 12
51	85 12
51	79 40
51	84 13
51	84 14
51	83 14
51	85 10
51	79 358
51	83 14
51	85 14
51	79 47
51	84 15
51	84 16
51	83 16
51	85 16
51	79 41
51	84 17
51	84 18
51	83 18
51	85 18
51	79 41
51	84 19
51	84 20
51	84 1
51	84 2
51	83 2
51	85 2
51	79 46
51	84 3
51	84 4
51	83 4
51	85 20
51	79 359
51	83 4
51	85 4
51	79 49
51	84 5
51	84 6
51	84 7
51	84 8
51	84 9
51	84 10
51	83 10
51	85 6
51	79 368
51	83 10
51	85 10
51	79 58
51	84 11
51	84 12
51	84 13
51	84 14
51	84 15
51	83 15
51	85 8
51	79 618
51	83 15
51	85 12
51	79 307
51	84 16
51	84 17
51	84 18
51	84 19
51	84 20
51	84 1
51	83 1
51	85 18
51	79 301
51	84 2
51	84 3
51	84 4
51	83 4
51	85 4
51	79 45
51	84 5
51	84 6
51	84 7
51	84 8
51	84 9
51	84 10
51	83 10
51	85 15
51	79 1220
51	84 11
51	83 11
51	85 1
51	79 800
51	83 11
51	85 6
51	79 414
51	83 11
51	85 8
51	79 314
51	84 12
51	84 13
51	84 14
51	84 15
51	84 16
51	83 16
51	85 14
51	79 203
51	83 16
51	85 11
51	79 445
51	83 16
51	85 16
51	79 54
51	84 17
51	84 18
51	84 19
51	84 20
51	84 1
51	83 1
51	85 1
51	79 35
51	83 1
51	85 18
51	79 300
51	84 2
51	84 3
51	84 4
51	84 5
51	84 6
51	83 6
51	85 3
51	79 253
51	84 7
51	83 7
51	85 7
51	79 42
51	84 8
51	84 9
51	83 9
51	85 5
51	79 362
51	84 10
51	84 11
51	83 11
51	85 11
51	79 41
51	84 12
51	84 13
51	83 13
51	85 9
51	79 357
51	83 13
51	85 13
51	79 47
51	84 14
51	84 15
51	84 16
51	84 17
51	83 17
51	85 17
51	79 38
51	84 18
51	84 19
51	84 20
51	84 1
51	84 2
51	84 3
51	84 4
51	84 5
51	84 6
51	84 7
51	84 8
51	83 8
51	85 2
51	79 525
51	83 8
51	85 8
51	79 54
51	84 9
51	84 10
51	84 11
51	84 12
51	84 13
51	84 14
51	84 15
51	83 15
51	85 13
51	79 219
51	84 16
51	84 17
51	84 18
51	84 19
51	84 20
51	84 1
51	83 1
51	85 19
51	79 209
51	84 2
51	84 3
51	84 4
51	84 5
51	84 6
51	84 7
51	83 7
51	85 5
51	79 211
51	84 8
51	83 8
51	85 2
51	79 525
51	83 8
51	85 8
51	79 55
51	84 9
51	84 10
51	83 10
51	85 10
51	79 45
51	84 11
51	84 12
51	84 13
51	84 14
51	84 15
51	84 16
51	84 17
51	84 18
51	84 19
51	84 20
51	84 1
51	84 2
51	83 2
51	85 15
51	79 626
51	84 3
51	84 4
51	84 5
51	84 6
51	83 6
51	85 20
51	79 500
51	84 7
51	84 8
51	84 9
51	84 10
51	TEST_NUMBER 1
51	SENT_TOTAL 250
51	RECEIVED_TOTAL 85
51	TIME_TOTAL 19349
51	RECEIVED_RADIO_1 50
51	RECEIVED_RADIO_2 37
51	SENT_RADIO_1 104
51	SENT_RADIO_2 146
51	RADIO_TIME_1 19763
51	RADIO_TIME_2 19763
51	RETRANSMISSIONS_1 72
51	RETRANSMISSIONS_2 1
51	DROPPED_1 0
51	DROPPED_2 0
51	MAX_QUEUE 1
51	DUPLICATED_1 6
51	DUPLICATED_2 0
51	EBUSY_RADIO_1 0
51	EBUSY_RADIO_2 0
51	83 0
51	85 5
51	86 1
51	84 1
51	84 2
51	84 3
51	84 4
51	84 5
51	83 5
51	85 10
51	86 1
51	83 5
51	85 5
51	79 73
51	83 5
51	85 2
51	79 318
51	84 6
51	84 7
51	83 7
51	85 7
51	79 42
51	84 8
51	84 9
51	84 10
51	83 10
51	85 10
51	79 44
51	84 11
51	84 12
51	83 12
51	85 12
51	79 35
51	84 13
51	84 14
51	84 15
51	84 16
51	84 17
51	84 18
51	84 19
51	84 20
51	84 1
51	84 2
51	83 2
51	85 14
51	79 680
51	84 3
51	84 4
51	84 5
51	84 6
51	84 7
51	84 8
51	83 8
51	85 19
51	79 765
51	83 8
51	85 6
51	79 214
51	84 9
51	84 10
51	84 11
51	84 12
51	83 12
51	85 12
51	79 40
51	84 13
51	84 14
51	84 15
51	84 16
51	84 17
51	84 18
51	83 18
51	85 15
51	79 297
51	84 19
51	84 20
51	84 1
51	84 2
51	84 3
51	84 4
51	84 5
51	83 5
51	85 1
51	79 331
51	84 6
51	83 6
51	85 18
51	79 685
51	84 7
51	84 8
51	84 9
51	84 10
51	83 10
51	85 7
51	79 313
51	84 11
51	84 12
51	83 12
51	85 4
51	79 680
51	83 12
51	85 10
51	79 208
51	84 13
51	84 14
51	84 15
51	84 16
51	84 17
51	83 17
51	85 13
51	79 320
51	84 18
51	84 19
51	83 19
51	85 16
51	79 252
51	84 20
51	84 1
51	84 2
51	83 2
51	85 19
51	79 293
51	84 3
51	84 4
51	83 4
51	85 2
51	79 210
51	84 5
51	84 6
51	84 7
51	84 8
51	84 9
51	84 10
51	84 11
51	84 12
51	84 13
51	83 13
51	85 10
51	79 257
51	84 14
51	84 15
51	84 16
51	84 17
51	84 18
51	84 19
51	84 20
51	83 20
51	85 12
51	79 677
51	84 1
51	84 2
51	84 3
51	84 4
51	83 4
51	85 20
51	79 335
51	84 5
51	83 5
51	85 17
51	79 706
51	84 6
51	84 7
51	84 8
51	83 8
51	85 3
51	79 447
51	84 9
51	84 10
51	84 11
51	84 12
51	84 13
51	84 14
51	83 14
51	85 10
51	79 332
51	84 15
51	83 15
51	85 8
51	79 614
51	83 15
51	85 13
51	79 226
51	84 16
51	84 17
51	84 18
51	84 19
51	84 20
51	83 20
51	85 16
51	79 333
51	84 1
51	84 2
51	84 3
51	84 4
51	84 5
51	83 5
51	85 2
51	79 304
51	84 6
51	84 7
51	84 8
51	84 9
51	84 10
51	84 11
51	83 11
51	85 8
51	79 296
51	84 12
51	84 13
51	84 14
51	83 14
51	85 5
51	79 778
51	83 14
51	85 11
51	79 310
51	84 15
51	84 16
51	84 17
51	84 18
51	84 19
51	83 19
51	85 17
51	79 206
51	84 20
51	84 1
51	84 2
51	84 3
51	83 3
51	85 20
51	79 295
51	84 4
51	84 5
51	83 5
51	85 3
51	79 199
51	84 6
51	84 7
51	84 8
51	84 9
51	83 9
51	85 6
51	79 292
51	84 10
51	84 11
51	84 12
51	84 13
51	84 14
51	84 15
51	83 15
51	85 9
51	79 498
51	84 16
51	84 17
51	84 18
51	84 19
51	84 20
51	84 1
51	83 1
51	85 17
51	79 336
51	84 2
51	84 3
51	84 4
51	84 5
51	84 6
51	84 7
51	84 8
51	84 9
51	84 10
51	84 11
51	83 11
51	85 14
51	79 1391
51	83 11
51	85 20
51	79 922
51	84 12
51	84 13
51	83 13
51	85 10
51	79 309
51	84 14
51	84 15
51	83 15
51	85 13
51	79 206
51	84 16
51	84 17
51	84 18
51	84 19
51	84 20
51	84 1
51	84 2
51	84 3
51	83 3
51	85 18
51	79 446
51	83 3
51	85 3
51	79 56
51	84 4
51	84 5
51	84 6
51	84 7
51	84 8
51	84 9
51	84 10
51	84 11
51	84 12
51	84 13
51	84 14
51	84 15
51	84 16
51	83 16
51	85 9
51	79 617
51	83 16
51	85 14
51	79 225
51	84 17
51	84 18
51	84 19
51	84 20
51	84 1
51	83 1
51	85 1
51	79 41
51	84 2
51	84 3
51	84 4
51	84 5
51	83 5
51	85 19
51	79 516
51	84 6
51	84 7
51	84 8
51	84 9
51	84 10
51	84 11
51	83 11
51	85 3
51	79 707
51	84 12
51	84 13
51	84 14
51	83 14
51	85 9
51	79 437
51	84 15
51	84 16
51	84 17
51	84 18
51	84 19
51	83 19
51	85 16
51	79 285
51	84 20
51	84 1
51	84 2
51	84 3
51	84 4
51	83 4
51	85 14
51	79 839
51	83 4
51	85 19
51	79 447
51	84 5
51	84 6
51	83 6
51	85 2
51	79 333
51	84 7
51	83 7
51	85 5
51	79 229
51	84 8
51	84 9
51	84 10
51	84 11
51	84 12
51	84 13
51	83 13
51	85 11
51	79 212
51	84 14
51	84 15
51	84 16
51	84 17
51	84 18
51	83 18
51	85 18
51	79 33
51	84 19
51	84 20
51	84 1
51	84 2
51	83 2
51	85 16
51	79 550
51	84 3
51	83 3
51	85 20
51	79 242
51	84 4
51	84 5
51	84 6
51	83 6
51	85 3
51	79 301
51	84 7
51	84 8
51	83 8
51	85 6
51	79 213
51	84 9
51	83 9
51	85 9
51	79 47
51	84 10
51	84 11
51	84 12
51	84 13
51	84 14
51	84 15
51	84 16
51	83 16
51	85 13
51	79 297
51	84 17
51	84 18
51	83 18
51	85 11
51	79 633
51	84 19
51	83 19
51	85 16
51	79 242
51	84 20
51	84 1
51	84 2
51	84 3
51	83 3
51	85 19
51	79 320
51	84 4
51	83 4
51	85 2
51	79 203
51	84 5
51	84 6
51	84 7
51	84 8
51	83 8
51	85 8
51	79 43
51	83 8
51	85 5
51	79 309
51	84 9
51	84 10
51	TEST_NUMBER 2
51	SENT_TOTAL 250
51	RECEIVED_TOTAL 69
51	TIME_TOTAL 29711
51	RECEIVED_RADIO_1 44
51	RECEIVED_RADIO_2 27
51	SENT_RADIO_1 89
51	SENT_RADIO_2 159
51	RADIO_TIME_1 29801
51	RADIO_TIME_2 19763
51	RETRANSMISSIONS_1 190
51	RETRANSMISSIONS_2 0
51	DROPPED_1 2
51	DROPPED_2 0
51	MAX_QUEUE 2
51	DUPLICATED_1 10
51	DUPLICATED_2 0
51	EBUSY_RADIO_1 0
51	EBUSY_RADIO_2 0
51	84 1
51	84 2
51	84 3
51	83 3
51	85 10
51	86 2
51	84 4
51	84 5
51	83 5
51	85 5
51	79 40
51	84 6
51	84 7
51	84 8
51	84 9
51	84 10
51	84 11
51	84 12
51	83 12
51	85 3
51	79 788
51	84 13
51	83 13
51	85 7
51	79 489
51	84 14
51	83 14
51	85 14
51	79 46
51	84 15
51	84 16
51	84 17
51	84 18
51	83 18
51	85 12
51	79 540
51	84 19
51	84 20
51	84 1
51	84 2
51	84 3
51	83 3
51	85 16
51	79 630
51	84 4
51	84 5
51	84 6
51	84 7
51	84 8
51	84 9
51	84 10
51	84 11
51	83 11
51	85 9
51	79 227
51	84 12
51	84 13
51	84 14
51	83 14
51	85 6
51	79 687
51	83 14
51	85 14
51	79 55
51	84 15
51	84 16
51	84 17
51	84 18
51	84 19
51	84 20
51	84 1
51	83 1
51	85 19
51	79 204
51	84 2
51	84 3
51	84 4
51	84 5
51	83 5
51	85 2
51	79 298
51	84 6
51	84 7
51	84 8
51	84 9
51	84 10
51	84 11
51	84 12
51	83 12
51	85 8
51	79 321
51	84 13
51	83 13
51	85 5
51	79 679
51	83 13
51	85 11
51	79 207
51	84 14
51	83 14
51	85 14
51	79 41
51	84 15
51	84 16
51	84 17
51	84 18
51	84 19
51	83 19
51	85 17
51	79 216
51	84 20
51	84 1
51	84 2
51	84 3
51	84 4
51	84 5
51	84 6
51	84 7
51	84 8
51	84 9
51	83 9
51	85 6
51	79 306
51	84 10
51	84 11
51	83 11
51	85 3
51	79 702
51	84 12
51	84 13
51	84 14
51	83 14
51	85 12
51	79 209
51	84 15
51	84 16
51	84 17
51	84 18
51	84 19
51	83 19
51	85 9
51	79 863
51	83 19
51	85 17
51	79 233
51	84 20
51	84 1
51	84 2
51	84 3
51	84 4
51	84 5
51	84 6
51	84 7
51	84 8
51	84 9
51	84 10
51	83 10
51	85 3
51	79 565
51	84 11
51	83 11
51	85 11
51	79 38
51	84 12
51	84 13
51	84 14
51	84 15
51	83 15
51	85 9
51	79 534
51	83 15
51	85 13
51	79 225
51	84 16
51	83 16
51	85 16
51	79 49
51	84 17
51	84 18
51	83 18
51	85 18
51	79 58
51	84 19
51	84 20
51	84 1
51	84 2
51	84 3
51	84 4
51	84 5
51	83 5
51	85 3
51	79 199
51	84 6
51	84 7
51	84 8
51	84 9
51	83 9
51	85 9
51	79 46
51	83 9
51	85 6
51	79 304
51	84 10
51	84 11
51	83 11
51	85 11
51	79 42
51	84 12
51	84 13
51	84 14
51	84 15
51	84 16
51	84 17
51	83 17
51	85 13
51	79 333
51	84 18
51	84 19
51	84 20
51	84 1
51	83 1
51	85 18
51	79 291
51	84 2
51	84 3
51	83 3
51	85 16
51	79 595
51	83 3
51	85 1
51	79 204
51	84 4
51	84 5
51	84 6
51	84 7
51	83 7
51	85 7
51	79 41
51	83 7
51	85 4
51	79 303
51	84 8
51	84 9
51	83 9
51	85 9
51	79 41
51	84 10
51	84 11
51	83 11
51	85 11
51	79 36
51	84 12
51	84 13
51	83 13
51	85 13
51	79 32
51	84 14
51	84 15
51	84 16
51	84 17
51	84 18
51	83 18
51	85 18
51	79 41
51	84 19
51	84 20
51	83 20
51	85 15
51	79 448
51	83 20
51	85 20
51	79 58
51	84 1
51	84 2
51	84 3
51	84 4
51	84 5
51	83 5
51	85 5
51	79 41
51	83 5
51	85 2
51	79 295
51	84 6
51	84 7
51	83 7
51	85 7
51	79 35
51	84 8
51	84 9
51	84 10
51	84 11
51	84 12
51	84 13
51	84 14
51	84 15
51	83 15
51	85 9
51	79 528
51	83 15
51	85 15
51	79 59
51	83 15
51	85 12
51	79 313
51	84 16
51	84 17
51	83 17
51	85 17
51	79 33
51	84 18
51	84 19
51	84 20
51	84 1
51	84 2
51	84 3
51	84 4
51	84 5
51	83 5
51	85 20
51	79 453
51	83 5
51	85 5
51	79 61
51	84 6
51	84 7
51	83 7
51	85 7
51	79 36
51	84 8
51	84 9
51	83 9
51	85 9
51	79 42
51	84 10
51	84 11
51	84 12
51	84 13
51	84 14
51	84 15
51	83 15
51	85 12
51	79 312
51	84 16
51	84 17
51	84 18
51	84 19
51	84 20
51	83 20
51	85 15
51	79 438
51	83 20
51	85 20
51	79 47
51	84 1
51	84 2
51	83 2
51	85 2
51	79 39
51	84 3
51	84 4
51	84 5
51	84 6
51	83 6
51	85 6
51	79 38
51	84 7
51	84 8
51	84 9
51	84 10
51	83 10
51	85 4
51	79 539
51	83 10
51	85 8
51	79 230
51	84 11
51	84 12
51	84 13
51	84 14
51	83 14
51	85 11
51	79 299
51	84 15
51	84 16
51	84 17
51	84 18
51	84 19
51	83 19
51	85 14
51	79 439
51	83 19
51	85 16
51	79 303
51	84 20
51	84 1
51	83 1
51	85 1
51	79 35
51	84 2
51	84 3
51	84 4
51	84 5
51	84 6
51	84 7
51	83 7
51	85 19
51	79 684
51	84 8
51	84 9
51	83 9
51	85 5
51	79 332
51	84 10
51	83 10
51	85 3
51	79 597
51	84 11
51	84 12
51	84 13
51	83 13
51	85 11
51	79 197
51	84 14
51	83 14
51	85 8
51	79 508
51	83 14
51	85 13
51	79 114
51	84 15
51	84 16
51	84 17
51	84 18
51	84 19
51	83 19
51	85 16
51	79 295
51	84 20
51	84 1
51	84 2
51	84 3
51	84 4
51	84 5
51	84 6
51	84 7
51	84 8
51	83 8
51	85 19
51	79 750
51	84 9
51	84 10
51	84 11
51	84 12
51	83 12
51	85 2
51	79 801
51	83 12
51	85 8
51	79 336
51	84 13
51	84 14
51	83 14
51	85 5
51	79 724
51	84 15
51	84 16
51	84 17
51	84 18
51	84 19
51	83 19
51	85 11
51	79 702
51	84 20
51	84 1
51	84 2
51	83 2
51	85 17
51	79 456
51	83 2
51	85 2
51	79 66
51	84 3
51	84 4
51	84 5
51	84 6
51	84 7
51	83 7
51	85 4
51	79 296
51	84 8
51	84 9
51	84 10
51	TEST_NUMBER 3
51	SENT_TOTAL 250
51	RECEIVED_TOTAL 80
51	TIME_TOTAL 19438
51	RECEIVED_RADIO_1 45
51	RECEIVED_RADIO_2 36
51	SENT_RADIO_1 95
51	SENT_RADIO_2 155
51	RADIO_TIME_1 19763
51	RADIO_TIME_2 19782
51	RETRANSMISSIONS_1 134
51	RETRANSMISSIONS_2 0
51	DROPPED_1 0
51	DROPPED_2 0
51	MAX_QUEUE 2
51	DUPLICATED_1 3
51	DUPLICATED_2 0
51	EBUSY_RADIO_1 0
51	EBUSY_RADIO_2 0
51	83 0
51	85 10
51	86 3
51	84 1
51	84 2
51	83 2
51	85 7
51	86 3
51	84 3
51	84 4
51	84 5
51	84 6
51	84 7
51	83 7
51	85 2
51	79 438
51	83 7
51	85 7
51	79 47
51	83 7
51	85 4
51	79 301
51	84 8
51	84 9
51	83 9
51	85 9
51	79 39
51	84 10
51	84 11
51	84 12
51	84 13
51	83 13
51	85 13
51	79 42
51	84 14
51	84 15
51	84 16
51	83 16
51	85 11
51	79 408
51	83 16
51	85 15
51	79 99
51	84 17
51	84 18
51	84 19
51	84 20
51	83 20
51	85 20
51	79 40
51	83 20
51	85 17
51	79 288
51	84 1
51	84 2
51	83 2
51	85 2
51	79 36
51	84 3
51	84 4
51	83 4
51	85 4
51	79 40
51	84 5
51	84 6
51	83 6
51	85 6
51	79 44
51	84 7
51	84 8
51	83 8
51	85 8
51	79 41
51	84 9
51	84 10
51	84 11
51	84 12
51	84 13
51	83 13
51	85 10
51	79 310
51	84 14
51	84 15
51	83 15
51	85 13
51	79 215
51	84 16
51	84 17
51	84 18
51	83 18
51	85 18
51	79 40
51	84 19
51	84 20
51	83 20
51	85 20
51	79 43
51	84 1
51	84 2
51	84 3
51	84 4
51	83 4
51	85 4
51	79 41
51	84 5
51	84 6
51	83 6
51	85 2
51	79 366
51	83 6
51	85 6
51	79 56
51	84 7
51	84 8
51	83 8
51	85 8
51	79 39
51	84 9
51	84 10
51	84 11
51	84 12
51	83 12
51	85 10
51	79 203
51	84 13
51	84 14
51	84 15
51	84 16
51	84 17
51	84 18
51	84 19
51	84 20
51	83 20
51	85 15
51	79 440
51	84 1
51	84 2
51	83 2
51	85 2
51	79 44
51	84 3
51	84 4
51	84 5
51	84 6
51	83 6
51	85 20
51	79 519
51	84 7
51	84 8
51	84 9
51	84 10
51	83 10
51	85 7
51	79 298
51	84 11
51	84 12
51	83 12
51	85 4
51	79 681
51	83 12
51	85 10
51	79 210
51	84 13
51	84 14
51	84 15
51	84 16
51	84 17
51	84 18
51	83 18
51	85 18
51	79 41
51	84 19
51	84 20
51	84 1
51	84 2
51	84 3
51	83 3
51	85 16
51	79 616
51	83 3
51	85 1
51	79 225
51	84 4
51	84 5
51	84 6
51	84 7
51	84 8
51	83 8
51	85 6
51	79 200
51	84 9
51	84 10
51	84 11
51	84 12
51	84 13
51	83 13
51	85 11
51	79 202
51	84 14
51	84 15
51	84 16
51	84 17
51	84 18
51	84 19
51	84 20
51	84 1
51	84 2
51	83 2
51	85 19
51	79 299
51	83 2
51	85 2
51	79 66
51	84 3
51	84 4
51	84 5
51	83 5
51	85 16
51	79 771
51	84 6
51	84 7
51	84 8
51	84 9
51	84 10
51	84 11
51	83 11
51	85 7
51	79 319
51	84 12
51	84 13
51	84 14
51	84 15
51	83 15
51	85 5
51	79 836
51	83 15
51	85 10
51	79 463
51	83 15
51	85 15
51	79 73
51	84 16
51	84 17
51	83 17
51	85 17
51	79 43
51	84 18
51	84 19
51	84 20
51	84 1
51	84 2
51	84 3
51	84 4
51	84 5
51	84 6
51	83 6
51	85 19
51	79 634
51	84 7
51	84 8
51	84 9
51	84 10
51	84 11
51	83 11
51	85 4
51	79 616
51	84 12
51	84 13
51	84 14
51	84 15
51	83 15
51	85 9
51	79 515
51	83 15
51	85 12
51	79 294
51	84 16
51	84 17
51	83 17
51	85 17
51	79 35
51	84 18
51	84 19
51	83 19
51	85 15
51	79 358
51	84 20
51	84 1
51	83 1
51	85 1
51	79 42
51	84 2
51	84 3
51	83 3
51	85 19
51	79 368
51	83 3
51	85 3
51	79 54
51	84 4
51	84 5
51	83 5
51	85 5
51	79 37
51	84 6
51	84 7
51	84 8
51	84 9
51	84 10
51	83 10
51	85 10
51	79 36
51	84 11
51	84 12
51	84 13
51	84 14
51	83 14
51	85 8
51	79 517
51	83 14
51	85 12
51	79 209
51	84 15
51	84 16
51	84 17
51	84 18
51	84 19
51	83 19
51	85 17
51	79 205
51	84 20
51	84 1
51	84 2
51	83 2
51	85 2
51	79 41
51	84 3
51	84 4
51	83 4
51	85 4
51	79 36
51	84 5
51	84 6
51	84 7
51	83 7
51	85 7
51	79 44
51	84 8
51	84 9
51	83 9
51	85 9
51	79 37
51	84 10
51	84 11
51	84 12
51	84 13
51	83 13
51	85 11
51	79 206
51	83 13
51	85 13
51	79 46
51	84 14
51	84 15
51	83 15
51	85 15
51	79 50
51	84 16
51	84 17
51	83 17
51	85 17
51	79 43
51	84 18
51	84 19
51	84 20
51	84 1
51	84 2
51	84 3
51	83 3
51	85 20
51	79 308
51	84 4
51	84 5
51	84 6
51	84 7
51	84 8
51	84 9
51	83 9
51	85 3
51	79 521
51	83 9
51	85 6
51	79 299
51	84 10
51	84 11
51	84 12
51	84 13
51	84 14
51	83 14
51	85 11
51	79 306
51	84 15
51	84 16
51	84 17
51	83 17
51	85 9
51	79 671
51	83 17
51	85 14
51	79 278
51	84 18
51	84 19
51	84 20
51	84 1
51	84 2
51	83 2
51	85 20
51	79 204
51	84 3
51	84 4
51	84 5
51	84 6
51	83 6
51	85 3
51	79 292
51	83 6
51	85 6
51	79 66
51	84 7
51	84 8
51	83 8
51	85 8
51	79 38
51	84 9
51	84 10
51	84 11
51	84 12
51	84 13
51	84 14
51	84 15
51	84 16
51	84 17
51	84 18
51	83 18
51	85 10
51	79 689
51	84 19
51	84 20
51	84 1
51	84 2
51	83 2
51	85 19
51	79 300
51	84 3
51	84 4
51	83 4
51	85 16
51	79 682
51	84 5
51	84 6
51	84 7
51	84 8
51	84 9
51	84 10
51	83 10
51	85 2
51	79 684
51	83 10
51	85 8
51	79 213
51	84 11
51	84 12
51	84 13
51	84 14
51	84 15
51	84 16
51	84 17
51	83 17
51	85 15
51	79 215
51	84 18
51	84 19
51	84 20
51	84 1
51	84 2
51	83 2
51	85 13
51	79 734
51	84 3
51	84 4
51	84 5
51	84 6
51	84 7
51	84 8
51	84 9
51	84 10
51	TEST_NUMBER 4
51	SENT_TOTAL 250
51	RECEIVED_TOTAL 80
51	TIME_TOTAL 29101
51	RECEIVED_RADIO_1 48
51	RECEIVED_RADIO_2 34
51	SENT_RADIO_1 100
51	SENT_RADIO_2 149
51	RADIO_TIME_1 19683
51	RADIO_TIME_2 29723
51	RETRANSMISSIONS_1 119
51	RETRANSMISSIONS_2 0
51	DROPPED_1 0
51	DROPPED_2 0
51	MAX_QUEUE 2
51	DUPLICATED_1 2
51	DUPLICATED_2 0
51	EBUSY_RADIO_1 0
51	EBUSY_RADIO_2 0
51	84 1
51	83 1
51	85 18
51	86 4
51	84 2
51	84 3
51	83 3
51	85 9
51	86 4
51	84 4
51	83 4
51	85 4
51	86 4
51	84 5
51	84 6
51	84 7
51	84 8
51	84 9
51	83 9
51	85 5
51	79 336
51	84 10
51	83 10
51	85 2
51	79 715
51	84 11
51	83 11
51	85 8
51	79 281
51	84 12
51	84 13
51	84 14
51	84 15
51	83 15
51	85 11
51	79 332
51	84 16
51	84 17
51	83 17
51	85 14
51	79 240
51	84 18
51	84 19
51	84 20
51	84 1
51	83 1
51	85 17
51	79 337
51	84 2
51	84 3
51	84 4
51	84 5
51	84 6
51	84 7
51	84 8
51	83 8
51	85 20
51	79 684
51	84 9
51	84 10
51	84 11
51	84 12
51	84 13
51	83 13
51	85 6
51	79 610
51	84 14
51	84 15
51	84 16
51	84 17
51	84 18
51	84 19
51	83 19
51	85 11
51	79 692
51	83 19
51	85 17
51	79 220
51	84 20
51	84 1
51	84 2
51	84 3
51	83 3
51	85 20
51	79 290
51	84 4
51	84 5
51	83 5
51	85 3
51	79 202
51	84 6
51	83 6
51	85 6
51	79 45
51	84 7
51	84 8
51	84 9
51	84 10
51	84 11
51	84 12
51	84 13
51	84 14
51	83 14
51	85 9
51	79 443
51	83 14
51	85 14
51	79 50
51	84 15
51	84 16
51	84 17
51	84 18
51	84 19
51	84 20
51	84 1
51	84 2
51	84 3
51	84 4
51	84 5
51	84 6
51	84 7
51	83 7
51	85 3
51	79 337
51	84 8
51	84 9
51	84 10
51	84 11
51	84 12
51	83 12
51	85 9
51	79 308
51	84 13
51	83 13
51	85 20
51	79 1057
51	84 14
51	84 15
51	83 15
51	85 6
51	79 719
51	83 15
51	85 12
51	79 259
51	84 16
51	84 17
51	84 18
51	84 19
51	84 20
51	84 1
51	84 2
51	84 3
51	84 4
51	84 5
51	84 6
51	84 7
51	84 8
51	84 9
51	84 10
51	84 11
51	84 12
51	84 13
51	84 14
51	84 15
51	84 16
51	84 17
51	84 18
51	84 19
51	84 20
51	84 1
51	84 2
51	84 3
51	84 4
51	84 5
51	84 6
51	84 7
51	84 8
51	84 9
51	83 9
51	85 18
51	79 920
51	84 10
51	84 11
51	84 12
51	83 12
51	85 10
51	79 208
51	84 13
51	84 14
51	84 15
51	84 16
51	83 16
51	85 7
51	79 733
51	84 17
51	84 18
51	84 19
51	84 20
51	84 1
51	84 2
51	84 3
51	84 4
51	84 5
51	84 6
51	84 7
51	84 8
51	84 9
51	84 10
51	84 11
51	84 12
51	84 13
51	84 14
51	84 15
51	84 16
51	84 17
51	84 18
51	84 19
51	84 20
51	83 20
51	85 13
51	79 596
51	83 20
51	85 16
51	79 385
51	84 1
51	84 2
51	84 3
51	84 4
51	84 5
51	84 6
51	84 7
51	84 8
51	84 9
51	84 10
51	84 11
51	84 12
51	84 13
51	84 14
51	84 15
51	84 16
51	84 17
51	84 18
51	84 19
51	84 20
51	84 1
51	84 2
51	84 3
51	84 4
51	84 5
51	84 6
51	84 7
51	83 7
51	85 18
51	79 730
51	84 8
51	84 9
51	84 10
51	84 11
51	84 12
51	83 12
51	85 4
51	79 714
51	84 13
51	83 13
51	85 10
51	79 243
51	84 14
51	84 15
51	84 16
51	84 17
51	84 18
51	84 19
51	84 20
51	84 1
51	84 2
51	84 3
51	84 4
51	84 5
51	84 6
51	84 7
51	84 8
51	84 9
51	83 9
51	85 19
51	79 802
51	84 10
51	84 11
51	84 12
51	84 13
51	84 14
51	83 14
51	85 5
51	79 736
51	84 15
51	84 16
51	84 17
51	84 18
51	84 19
51	84 20
51	84 1
51	84 2
51	84 3
51	84 4
51	84 5
51	84 6
51	84 7
51	83 7
51	85 11
51	79 1316
51	84 8
51	84 9
51	84 10
51	84 11
51	84 12
51	84 13
51	84 14
51	83 14
51	85 7
51	79 609
51	84 15
51	84 16
51	84 17
51	84 18
51	84 19
51	84 20
51	84 1
51	83 1
51	85 12
51	79 720
51	84 2
51	83 2
51	85 15
51	79 560
51	83 2
51	85 1
51	79 96
51	84 3
51	84 4
51	84 5
51	84 6
51	83 6
51	85 18
51	79 658
51	83 6
51	85 3
51	79 269
51	84 7
51	84 8
51	84 9
51	84 10
51	84 11
51	84 12
51	83 12
51	85 9
51	79 245
51	84 13
51	84 14
51	84 15
51	84 16
51	84 17
51	84 18
51	83 18
51	85 15
51	79 272
51	83 18
51	85 6
51	79 1029
51	83 18
51	85 12
51	79 557
51	84 19
51	84 20
51	84 1
51	83 1
51	85 1
51	79 44
51	83 1
51	85 18
51	79 315
51	84 2
51	84 3
51	83 3
51	85 3
51	79 44
51	84 4
51	84 5
51	84 6
51	84 7
51	84 8
51	84 9
51	84 10
51	TEST_NUMBER 5
51	SENT_TOTAL 250
51	RECEIVED_TOTAL 44
51	TIME_TOTAL 19269
51	RECEIVED_RADIO_1 32
51	RECEIVED_RADIO_2 15
51	SENT_RADIO_1 62
51	SENT_RADIO_2 172
51	RADIO_TIME_1 19843
51	RADIO_TIME_2 19812
51	RETRANSMISSIONS_1 375
51	RETRANSMISSIONS_2 1
51	DROPPED_1 17
51	DROPPED_2 0
51	MAX_QUEUE 2
51	DUPLICATED_1 10
51	DUPLICATED_2 0
51	EBUSY_RADIO_1 0
51	EBUSY_RADIO_2 0
51	83 0
51	85 7
51	86 5
51	84 1
51	84 2
51	84 3
51	83 3
51	85 5
51	86 5
51	84 4
51	84 5
51	84 6
51	84 7
51	84 8
51	84 9
51	84 10
51	84 11
51	84 12
51	83 12
51	85 9
51	79 305
51	84 13
51	83 13
51	85 6
51	79 607
51	83 13
51	85 12
51	79 137
51	84 14
51	83 14
51	85 14
51	79 40
51	84 15
51	84 16
51	84 17
51	84 18
51	83 18
51	85 16
51	79 214
51	84 19
51	84 20
51	84 1
51	84 2
51	83 2
51	85 19
51	79 297
51	84 3
51	84 4
51	84 5
51	84 6
51	84 7
51	83 7
51	85 5
51	79 203
51	84 8
51	84 9
51	84 10
51	83 10
51	85 2
51	79 711
51	84 11
51	84 12
51	84 13
51	84 14
51	84 15
51	83 15
51	85 11
51	79 321
51	84 16
51	84 17
51	83 17
51	85 8
51	79 772
51	84 18
51	84 19
51	84 20
51	83 20
51	85 17
51	79 313
51	84 1
51	84 2
51	84 3
51	83 3
51	85 20
51	79 309
51	84 4
51	84 5
51	84 6
51	84 7
51	84 8
51	84 9
51	83 9
51	85 3
51	79 483
51	84 10
51	84 11
51	83 11
51	85 8
51	79 296
51	84 12
51	84 13
51	84 14
51	83 14
51	85 6
51	79 639
51	84 15
51	84 16
51	84 17
51	83 17
51	85 14
51	79 259
51	84 18
51	84 19
51	84 20
51	84 1
51	84 2
51	84 3
51	84 4
51	84 5
51	84 6
51	84 7
51	84 8
51	84 9
51	84 10
51	84 11
51	84 12
51	84 13
51	83 13
51	85 11
51	79 238
51	84 14
51	84 15
51	84 16
51	84 17
51	84 18
51	84 19
51	84 20
51	84 1
51	84 2
51	84 3
51	84 4
51	84 5
51	84 6
51	84 7
51	83 7
51	85 8
51	79 1555
51	84 8
51	84 9
51	84 10
51	84 11
51	83 11
51	85 16
51	79 1271
51	84 12
51	84 13
51	84 14
51	84 15
51	84 16
51	84 17
51	84 18
51	84 19
51	84 20
51	84 1
51	83 1
51	85 18
51	79 296
51	84 2
51	84 3
51	84 4
51	83 4
51	85 9
51	79 1241
51	83 4
51	85 15
51	79 793
51	84 5
51	83 5
51	85 1
51	79 323
51	84 6
51	84 7
51	83 7
51	85 4
51	79 315
51	84 8
51	84 9
51	84 10
51	84 11
51	84 12
51	84 13
51	83 13
51	85 10
51	79 312
51	84 14
51	84 15
51	83 15
51	85 7
51	79 707
51	84 16
51	84 17
51	84 18
51	84 19
51	84 20
51	84 1
51	83 1
51	85 13
51	79 695
51	84 2
51	84 3
51	84 4
51	84 5
51	84 6
51	84 7
51	83 7
51	85 19
51	79 641
51	84 8
51	84 9
51	84 10
51	83 10
51	85 7
51	79 294
51	84 11
51	84 12
51	83 12
51	85 4
51	79 675
51	84 13
51	84 14
51	84 15
51	84 16
51	84 17
51	83 17
51	85 13
51	79 341
51	84 18
51	83 18
51	85 10
51	79 689
51	83 18
51	85 16
51	79 219
51	84 19
51	84 20
51	84 1
51	84 2
51	84 3
51	84 4
51	84 5
51	83 5
51	85 2
51	79 286
51	83 5
51	85 19
51	79 533
51	84 6
51	84 7
51	84 8
51	84 9
51	84 10
51	83 10
51	85 7
51	79 241
51	84 11
51	83 11
51	85 5
51	79 494
51	84 12
51	84 13
51	84 14
51	84 15
51	84 16
51	84 17
51	84 18
51	84 19
51	83 19
51	85 10
51	79 770
51	84 20
51	83 20
51	85 13
51	79 575
51	84 1
51	84 2
51	83 2
51	85 19
51	79 302
51	84 3
51	84 4
51	84 5
51	84 6
51	84 7
51	84 8
51	83 8
51	85 5
51	79 255
51	84 9
51	84 10
51	84 11
51	84 12
51	84 13
51	83 13
51	85 10
51	79 267
51	84 14
51	84 15
51	84 16
51	83 16
51	85 16
51	79 38
51	84 17
51	84 18
51	84 19
51	84 20
51	84 1
51	83 1
51	85 1
51	79 41
51	83 1
51	85 18
51	79 293
51	84 2
51	84 3
51	83 3
51	85 3
51	79 42
51	84 4
51	84 5
51	84 6
51	84 7
51	84 8
51	84 9
51	84 10
51	83 10
51	85 7
51	79 294
51	84 11
51	84 12
51	83 12
51	85 5
51	79 611
51	83 12
51	85 10
51	79 219
51	84 13
51	84 14
51	84 15
51	84 16
51	83 16
51	85 13
51	79 315
51	84 17
51	84 18
51	84 19
51	84 20
51	84 1
51	83 1
51	85 19
51	79 200
51	84 2
51	84 3
51	84 4
51	84 5
51	83 5
51	85 16
51	79 777
51	84 6
51	84 7
51	84 8
51	84 9
51	84 10
51	84 11
51	84 12
51	84 13
51	83 13
51	85 1
51	79 967
51	84 14
51	83 14
51	85 6
51	79 697
51	83 14
51	85 12
51	79 225
51	84 15
51	84 16
51	84 17
51	84 18
51	84 19
51	84 20
51	84 1
51	84 2
51	84 3
51	83 3
51	85 20
51	79 244
51	84 4
51	83 4
51	85 4
51	79 38
51	84 5
51	84 6
51	83 6
51	85 2
51	79 363
51	83 6
51	85 6
51	79 50
51	84 7
51	84 8
51	84 9
51	84 10
51	84 11
51	84 12
51	83 12
51	85 8
51	79 333
51	84 13
51	84 14
51	84 15
51	84 16
51	84 17
51	84 18
51	83 18
51	85 14
51	79 322
51	84 19
51	84 20
51	83 20
51	85 17
51	79 297
51	84 1
51	84 2
51	84 3
51	84 4
51	84 5
51	84 6
51	84 7
51	84 8
51	84 9
51	84 10
51	TEST_NUMBER 6
51	SENT_TOTAL 250
51	RECEIVED_TOTAL 62
51	TIME_TOTAL 29049
51	RECEIVED_RADIO_1 36
51	RECEIVED_RADIO_2 28
51	SENT_RADIO_1 83
51	SENT_RADIO_2 162
51	RADIO_TIME_1 19763
51	RADIO_TIME_2 29708
51	RETRANSMISSIONS_1 224
51	RETRANSMISSIONS_2 1
51	DROPPED_1 4
51	DROPPED_2 0
51	MAX_QUEUE 2
51	DUPLICATED_1 10
51	DUPLICATED_2 0
51	EBUSY_RADIO_1 0
51	EBUSY_RADIO_2 0
51	83 0
51	85 8
51	86 6

53	RELAY_NODE 53
53	TEST_NUMBER 0
53	SENT_TOTAL 0
53	RECEIVED_TOTAL 0
53	TIME_TOTAL 0
53	RECEIVED_RADIO_1 51
53	RECEIVED_RADIO_2 146
53	SENT_RADIO_1 0
53	SENT_RADIO_2 35
53	RADIO_TIME_1 19811
53	RADIO_TIME_2 19717
53	RETRANSMISSIONS_1 1326
53	RETRANSMISSIONS_2 279
53	DROPPED_1 133
53	DROPPED_2 28
53	MAX_QUEUE 3
53	DUPLICATED_1 0
53	DUPLICATED_2 0
53	EBUSY_RADIO_1 0
53	EBUSY_RADIO_2 0
53	TEST_NUMBER 1
53	SENT_TOTAL 0
53	RECEIVED_TOTAL 0
53	TIME_TOTAL 0
53	RECEIVED_RADIO_1 53
53	RECEIVED_RADIO_2 146
53	SENT_RADIO_1 0
53	SENT_RADIO_2 37
53	RADIO_TIME_1 19885
53	RADIO_TIME_2 19800
53	RETRANSMISSIONS_1 1355
53	RETRANSMISSIONS_2 259
53	DROPPED_1 136
53	DROPPED_2 26
53	MAX_QUEUE 3
53	DUPLICATED_1 1
53	DUPLICATED_2 1
53	EBUSY_RADIO_1 1
53	EBUSY_RADIO_2 0
53	TEST_NUMBER 2
53	SENT_TOTAL 0
53	RECEIVED_TOTAL 0
53	TIME_TOTAL 0
53	RECEIVED_RADIO_1 45
53	RECEIVED_RADIO_2 159
53	SENT_RADIO_1 0
53	SENT_RADIO_2 27
53	RADIO_TIME_1 19762
53	RADIO_TIME_2 19762
53	RETRANSMISSIONS_1 1365
53	RETRANSMISSIONS_2 399
53	DROPPED_1 137
53	DROPPED_2 40
53	MAX_QUEUE 3
53	DUPLICATED_1 0
53	DUPLICATED_2 0
53	EBUSY_RADIO_1 0
53	EBUSY_RADIO_2 0
53	TEST_NUMBER 3
53	SENT_TOTAL 0
53	RECEIVED_TOTAL 0
53	TIME_TOTAL 0
53	RECEIVED_RADIO_1 49
53	RECEIVED_RADIO_2 155
53	SENT_RADIO_1 0
53	SENT_RADIO_2 37
53	RADIO_TIME_1 19875
53	RADIO_TIME_2 19989
53	RETRANSMISSIONS_1 1354
53	RETRANSMISSIONS_2 319
53	DROPPED_1 136
53	DROPPED_2 32
53	MAX_QUEUE 3
53	DUPLICATED_1 0
53	DUPLICATED_2 0
53	EBUSY_RADIO_1 0
53	EBUSY_RADIO_2 0
53	TEST_NUMBER 4
53	SENT_TOTAL 0
53	RECEIVED_TOTAL 0
53	TIME_TOTAL 0
53	RECEIVED_RADIO_1 50
53	RECEIVED_RADIO_2 150
53	SENT_RADIO_1 0
53	SENT_RADIO_2 33
53	RADIO_TIME_1 20017
53	RADIO_TIME_2 19845
53	RETRANSMISSIONS_1 1366
53	RETRANSMISSIONS_2 289
53	DROPPED_1 137
53	DROPPED_2 29
53	MAX_QUEUE 3
53	DUPLICATED_1 0
53	DUPLICATED_2 0
53	EBUSY_RADIO_1 0
53	EBUSY_RADIO_2 0
53	TEST_NUMBER 5
53	SENT_TOTAL 0
53	RECEIVED_TOTAL 0
53	TIME_TOTAL 0
53	RECEIVED_RADIO_1 32
53	RECEIVED_RADIO_2 171
53	SENT_RADIO_1 0
53	SENT_RADIO_2 16
53	RADIO_TIME_1 19892
53	RADIO_TIME_2 19913
53	RETRANSMISSIONS_1 1623
53	RETRANSMISSIONS_2 250
53	DROPPED_1 163
53	DROPPED_2 25
53	MAX_QUEUE 3
53	DUPLICATED_1 0
53	DUPLICATED_2 1
53	EBUSY_RADIO_1 0
53	EBUSY_RADIO_2 0
53	TEST_NUMBER 6
53	SENT_TOTAL 0
53	RECEIVED_TOTAL 0
53	TIME_TOTAL 0
53	RECEIVED_RADIO_1 42
53	RECEIVED_RADIO_2 163
53	SENT_RADIO_1 0
53	SENT_RADIO_2 27
53	RADIO_TIME_1 19971
53	RADIO_TIME_2 19860
53	RETRANSMISSIONS_1 1396
53	RETRANSMISSIONS_2 369
53	DROPPED_1 140
53	DROPPED_2 37
53	MAX_QUEUE 3
53	DUPLICATED_1 0
53	DUPLICATED_2 1
53	EBUSY_RADIO_1 0
53	EBUSY_RADIO_2 0

54	RELAY_NODE 54
54	TEST_NUMBER 0
54	SENT_TOTAL 0
54	RECEIVED_TOTAL 0
54	TIME_TOTAL 0
54	RECEIVED_RADIO_1 100
54	RECEIVED_RADIO_2 50
54	SENT_RADIO_1 49
54	SENT_RADIO_2 100
54	RADIO_TIME_1 19050
54	RADIO_TIME_2 19050
54	RETRANSMISSIONS_1 49
54	RETRANSMISSIONS_2 0
54	DROPPED_1 0
54	DROPPED_2 0
54	MAX_QUEUE 1
54	DUPLICATED_1 9
54	DUPLICATED_2 0
54	EBUSY_RADIO_1 0
54	EBUSY_RADIO_2 0
54	TEST_NUMBER 1
54	SENT_TOTAL 0
54	RECEIVED_TOTAL 0
54	TIME_TOTAL 0
54	RECEIVED_RADIO_1 105
54	RECEIVED_RADIO_2 52
54	SENT_RADIO_1 51
54	SENT_RADIO_2 105
54	RADIO_TIME_1 29806
54	RADIO_TIME_2 29806
54	RETRANSMISSIONS_1 62
54	RETRANSMISSIONS_2 12
54	DROPPED_1 1
54	DROPPED_2 0
54	MAX_QUEUE 2
54	DUPLICATED_1 11
54	DUPLICATED_2 0
54	EBUSY_RADIO_1 0
54	EBUSY_RADIO_2 0
54	TEST_NUMBER 2
54	SENT_TOTAL 0
54	RECEIVED_TOTAL 0
54	TIME_TOTAL 0
54	RECEIVED_RADIO_1 89
54	RECEIVED_RADIO_2 44
54	SENT_RADIO_1 41
54	SENT_RADIO_2 89
54	RADIO_TIME_1 29580
54	RADIO_TIME_2 29580
54	RETRANSMISSIONS_1 99
54	RETRANSMISSIONS_2 12
54	DROPPED_1 3
54	DROPPED_2 1
54	MAX_QUEUE 2
54	DUPLICATED_1 13
54	DUPLICATED_2 0
54	EBUSY_RADIO_1 0
54	EBUSY_RADIO_2 0
54	TEST_NUMBER 3
54	SENT_TOTAL 0
54	RECEIVED_TOTAL 0
54	TIME_TOTAL 0
54	RECEIVED_RADIO_1 96
54	RECEIVED_RADIO_2 48
54	SENT_RADIO_1 47
54	SENT_RADIO_2 96
54	RADIO_TIME_1 29772
54	RADIO_TIME_2 29750
54	RETRANSMISSIONS_1 78
54	RETRANSMISSIONS_2 4
54	DROPPED_1 1
54	DROPPED_2 0
54	MAX_QUEUE 2
54	DUPLICATED_1 20
54	DUPLICATED_2 1
54	EBUSY_RADIO_1 0
54	EBUSY_RADIO_2 0
54	TEST_NUMBER 4
54	SENT_TOTAL 0
54	RECEIVED_TOTAL 0
54	TIME_TOTAL 0
54	RECEIVED_RADIO_1 101
54	RECEIVED_RADIO_2 49
54	SENT_RADIO_1 47
54	SENT_RADIO_2 101
54	RADIO_TIME_1 29571
54	RADIO_TIME_2 29505
54	RETRANSMISSIONS_1 72
54	RETRANSMISSIONS_2 2
54	DROPPED_1 1
54	DROPPED_2 0
54	MAX_QUEUE 1
54	DUPLICATED_1 12
54	DUPLICATED_2 1
54	EBUSY_RADIO_1 0
54	EBUSY_RADIO_2 0
54	TEST_NUMBER 5
54	SENT_TOTAL 0
54	RECEIVED_TOTAL 0
54	TIME_TOTAL 0
54	RECEIVED_RADIO_1 64
54	RECEIVED_RADIO_2 31
54	SENT_RADIO_1 29
54	SENT_RADIO_2 62
54	RADIO_TIME_1 29576
54	RADIO_TIME_2 29575
54	RETRANSMISSIONS_1 72
54	RETRANSMISSIONS_2 35
54	DROPPED_1 2
54	DROPPED_2 2
54	MAX_QUEUE 1
54	DUPLICATED_1 10
54	DUPLICATED_2 0
54	EBUSY_RADIO_1 0
54	EBUSY_RADIO_2 0
54	TEST_NUMBER 6
54	SENT_TOTAL 0
54	RECEIVED_TOTAL 0
54	TIME_TOTAL 0
54	RECEIVED_RADIO_1 87
54	RECEIVED_RADIO_2 45
54	SENT_RADIO_1 33
54	SENT_RADIO_2 87
54	RADIO_TIME_1 29750
54	RADIO_TIME_2 29750
54	RETRANSMISSIONS_1 169
54	RETRANSMISSIONS_2 46
54	DROPPED_1 9
54	DROPPED_2 3
54	MAX_QUEUE 2
54	DUPLICATED_1 15
54	DUPLICATED_2 2
54	EBUSY_RADIO_1 0
54	EBUSY_RADIO_2 0

55	RELAY_NODE 55
55	TEST_NUMBER 0
55	SENT_TOTAL 0
55	RECEIVED_TOTAL 0
55	TIME_TOTAL 0
55	RECEIVED_RADIO_1 0
55	RECEIVED_RADIO_2 42
55	SENT_RADIO_1 41
55	SENT_RADIO_2 0
55	RADIO_TIME_1 15860
55	RADIO_TIME_2 15860
55	RETRANSMISSIONS_1 4
55	RETRANSMISSIONS_2 0
55	DROPPED_1 0
55	DROPPED_2 0
55	MAX_QUEUE 1
55	DUPLICATED_1 0
55	DUPLICATED_2 0
55	EBUSY_RADIO_1 0
55	EBUSY_RADIO_2 0
55	TEST_NUMBER 1
55	SENT_TOTAL 0
55	RECEIVED_TOTAL 0
55	TIME_TOTAL 0
55	RECEIVED_RADIO_1 0
55	RECEIVED_RADIO_2 53
55	SENT_RADIO_1 54
55	SENT_RADIO_2 0
55	RADIO_TIME_1 29529
55	RADIO_TIME_2 29523
55	RETRANSMISSIONS_1 7
55	RETRANSMISSIONS_2 0
55	DROPPED_1 0
55	DROPPED_2 0
55	MAX_QUEUE 1
55	DUPLICATED_1 0
55	DUPLICATED_2 0
55	EBUSY_RADIO_1 0
55	EBUSY_RADIO_2 0
55	TEST_NUMBER 2
55	SENT_TOTAL 0
55	RECEIVED_TOTAL 0
55	TIME_TOTAL 0
55	RECEIVED_RADIO_1 0
55	RECEIVED_RADIO_2 45
55	SENT_RADIO_1 45
55	SENT_RADIO_2 0
55	RADIO_TIME_1 29167
55	RADIO_TIME_2 29167
55	RETRANSMISSIONS_1 4
55	RETRANSMISSIONS_2 0
55	DROPPED_1 0
55	DROPPED_2 0
55	MAX_QUEUE 1
55	DUPLICATED_1 0
55	DUPLICATED_2 0
55	EBUSY_RADIO_1 0
55	EBUSY_RADIO_2 0
55	TEST_NUMBER 3
55	SENT_TOTAL 0
55	RECEIVED_TOTAL 0
55	TIME_TOTAL 0
55	RECEIVED_RADIO_1 0
55	RECEIVED_RADIO_2 49
55	SENT_RADIO_1 49
55	SENT_RADIO_2 0
55	RADIO_TIME_1 29625
55	RADIO_TIME_2 29625
55	RETRANSMISSIONS_1 0
55	RETRANSMISSIONS_2 0
55	DROPPED_1 0
55	DROPPED_2 0
55	MAX_QUEUE 1
55	DUPLICATED_1 0
55	DUPLICATED_2 0
55	EBUSY_RADIO_1 0
55	EBUSY_RADIO_2 0
55	TEST_NUMBER 4
55	SENT_TOTAL 0
55	RECEIVED_TOTAL 0
55	TIME_TOTAL 0
55	RECEIVED_RADIO_1 0
55	RECEIVED_RADIO_2 51
55	SENT_RADIO_1 51
55	SENT_RADIO_2 0
55	RADIO_TIME_1 29273
55	RADIO_TIME_2 29273
55	RETRANSMISSIONS_1 1
55	RETRANSMISSIONS_2 0
55	DROPPED_1 0
55	DROPPED_2 0
55	MAX_QUEUE 1
55	DUPLICATED_1 0
55	DUPLICATED_2 0
55	EBUSY_RADIO_1 0
55	EBUSY_RADIO_2 0
55	TEST_NUMBER 5
55	SENT_TOTAL 0
55	RECEIVED_TOTAL 0
55	TIME_TOTAL 0
55	RECEIVED_RADIO_1 0
55	RECEIVED_RADIO_2 31
55	SENT_RADIO_1 31
55	SENT_RADIO_2 0
55	RADIO_TIME_1 28753
55	RADIO_TIME_2 28753
55	RETRANSMISSIONS_1 0
55	RETRANSMISSIONS_2 0
55	DROPPED_1 0
55	DROPPED_2 0
55	MAX_QUEUE 1
55	DUPLICATED_1 0
55	DUPLICATED_2 0
55	EBUSY_RADIO_1 0
55	EBUSY_RADIO_2 0
55	TEST_NUMBER 6
55	SENT_TOTAL 0
55	RECEIVED_TOTAL 0
55	TIME_TOTAL 0
55	RECEIVED_RADIO_1 0
55	RECEIVED_RADIO_2 42
55	SENT_RADIO_1 42
55	SENT_RADIO_2 0
55	RADIO_TIME_1 29209
55	RADIO_TIME_2 29209
55	RETRANSMISSIONS_1 1
55	RETRANSMISSIONS_2 0
55	DROPPED_1 0
55	DROPPED_2 0
55	MAX_QUEUE 1
55	DUPLICATED_1 0
55	DUPLICATED_2 2
55	EBUSY_RADIO_1 0
55	EBUSY_RADIO_2 0
