
6	SOURCE_NODE 6
6	84 1
6	83 1
6	85 1
6	79 10
6	84 2
6	83 2
6	85 2
6	79 10
6	84 3
6	83 3
6	85 3
6	79 16
6	84 4
6	83 4
6	85 4
6	79 11
6	84 5
6	83 5
6	85 5
6	79 15
6	84 6
6	83 6
6	85 6
6	79 12
6	84 7
6	83 7
6	85 7
6	79 15
6	84 8
6	83 8
6	85 8
6	79 15
6	84 9
6	83 9
6	85 9
6	79 16
6	84 10
6	83 10
6	85 10
6	79 14
6	84 11
6	83 11
6	85 11
6	79 16
6	84 12
6	83 12
6	85 12
6	79 17
6	84 13
6	83 13
6	85 13
6	79 13
6	84 14
6	83 14
6	85 14
6	79 17
6	84 15
6	83 15
6	85 15
6	79 17
6	84 16
6	83 16
6	85 16
6	79 14
6	84 17
6	83 17
6	85 17
6	79 17
6	84 18
6	83 18
6	85 18
6	79 17
6	84 19
6	83 19
6	85 19
6	79 14
6	84 20
6	83 20
6	85 20
6	79 14
6	84 1
6	83 1
6	85 1
6	79 16
6	84 2
6	83 2
6	85 2
6	79 15
6	84 3
6	83 3
6	85 3
6	79 17
6	84 4
6	83 4
6	85 4
6	79 15
6	84 5
6	83 5
6	85 5
6	79 13
6	84 6
6	83 6
6	85 6
6	79 16
6	84 7
6	83 7
6	85 7
6	79 18
6	84 8
6	83 8
6	85 8
6	79 18
6	84 9
6	83 9
6	85 9
6	79 14
6	84 10
6	83 10
6	85 10
6	79 13
6	84 11
6	83 11
6	85 11
6	79 17
6	84 12
6	83 12
6	85 12
6	79 20
6	84 13
6	83 13
6	85 13
6	79 20
6	84 14
6	83 14
6	85 14
6	79 15
6	84 15
6	83 15
6	85 15
6	79 15
6	84 16
6	83 16
6	85 16
6	79 15
6	84 17
6	83 17
6	85 17
6	79 19
6	84 18
6	83 18
6	85 18
6	79 16
6	84 19
6	83 19
6	85 19
6	79 14
6	84 20
6	83 20
6	85 20
6	79 13
6	84 1
6	83 1
6	85 1
6	79 16
6	84 2
6	83 2
6	85 2
6	79 14
6	84 3
6	83 3
6	85 3
6	79 13
6	84 4
6	83 4
6	85 4
6	79 14
6	84 5
6	83 5
6	85 5
6	79 14
6	84 6
6	83 6
6	85 6
6	79 17
6	84 7
6	83 7
6	85 7
6	79 14
6	84 8
6	83 8
6	85 8
6	79 12
6	84 9
6	83 9
6	85 9
6	79 13
6	84 10
6	83 10
6	85 10
6	79 18
6	84 11
6	83 11
6	85 11
6	79 17
6	84 12
6	83 12
6	85 12
6	79 17
6	84 13
6	83 13
6	85 13
6	79 14
6	84 14
6	83 14
6	85 14
6	79 18
6	84 15
6	84 16
6	83 16
6	85 16
6	79 14
6	84 17
6	83 17
6	85 15
6	79 171
6	83 17
6	85 17
6	79 19
6	84 18
6	83 18
6	85 18
6	79 15
6	84 19
6	83 19
6	85 19
6	79 14
6	84 20
6	83 20
6	85 20
6	79 17
6	84 1
6	83 1
6	85 1
6	79 15
6	84 2
6	83 2
6	85 2
6	79 10
6	84 3
6	83 3
6	85 3
6	79 13
6	84 4
6	83 4
6	85 4
6	79 14
6	84 5
6	83 5
6	85 5
6	79 11
6	84 6
6	83 6
6	85 6
6	79 13
6	84 7
6	83 7
6	85 7
6	79 11
6	84 8
6	83 8
6	85 8
6	79 12
6	84 9
6	83 9
6	85 9
6	79 11
6	84 10
6	83 10
6	85 10
6	79 13
6	84 11
6	83 11
6	85 11
6	79 16
6	84 12
6	83 12
6	85 12
6	79 15
6	84 13
6	83 13
6	85 13
6	79 13
6	84 14
6	83 14
6	85 14
6	79 11
6	84 15
6	83 15
6	85 15
6	79 10
6	84 16
6	83 16
6	85 16
6	79 12
6	84 17
6	83 17
6	85 17
6	79 12
6	84 18
6	83 18
6	85 18
6	79 13
6	84 19
6	83 19
6	85 19
6	79 17
6	84 20
6	83 20
6	85 20
6	79 14
6	84 1
6	83 1
6	85 1
6	79 12
6	84 2
6	84 3
6	83 3
6	85 3
6	79 13
6	84 4
6	83 4
6	85 2
6	79 173
6	83 4
6	85 4
6	79 22
6	84 5
6	83 5
6	85 5
6	79 16
6	84 6
6	83 6
6	85 6
6	79 15
6	84 7
6	83 7
6	85 7
6	79 14
6	84 8
6	83 8
6	85 8
6	79 17
6	84 9
6	83 9
6	85 9
6	79 14
6	84 10
6	83 10
6	85 10
6	79 15
6	84 11
6	83 11
6	85 11
6	79 18
6	84 12
6	83 12
6	85 12
6	79 18
6	84 13
6	83 13
6	85 13
6	79 12
6	84 14
6	83 14
6	85 14
6	79 16
6	84 15
6	83 15
6	85 15
6	79 12
6	84 16
6	83 16
6	85 16
6	79 18
6	84 17
6	83 17
6	85 17
6	79 17
6	84 18
6	83 18
6	85 18
6	79 17
6	84 19
6	83 19
6	85 19
6	79 18
6	84 20
6	83 20
6	85 20
6	79 14
6	84 1
6	83 1
6	85 1
6	79 14
6	84 2
6	83 2
6	85 2
6	79 13
6	84 3
6	83 3
6	85 3
6	79 13
6	84 4
6	83 4
6	85 4
6	79 12
6	84 5
6	83 5
6	85 5
6	79 15
6	84 6
6	83 6
6	85 6
6	79 12
6	84 7
6	83 7
6	85 7
6	79 16
6	84 8
6	83 8
6	85 8
6	79 18
6	84 9
6	83 9
6	85 9
6	79 14
6	84 10
6	83 10
6	85 10
6	79 15
6	84 11
6	83 11
6	85 11
6	79 18
6	84 12
6	83 12
6	85 12
6	79 20
6	84 13
6	83 13
6	85 13
6	79 17
6	84 14
6	83 14
6	85 14
6	79 18
6	84 15
6	83 15
6	85 15
6	79 17
6	84 16
6	83 16
6	85 16
6	79 14
6	84 17
6	83 17
6	85 17
6	79 14
6	84 18
6	83 18
6	85 18
6	79 16
6	84 19
6	83 19
6	85 19
6	79 13
6	84 20
6	83 20
6	85 20
6	79 14
6	84 1
6	83 1
6	85 1
6	79 13
6	84 2
6	83 2
6	85 2
6	79 15
6	84 3
6	83 3
6	85 3
6	79 14
6	84 4
6	83 4
6	85 4
6	79 12
6	84 5
6	83 5
6	85 5
6	79 15
6	84 6
6	83 6
6	85 6
6	79 17
6	84 7
6	83 7
6	85 7
6	79 13
6	84 8
6	83 8
6	85 8
6	79 15
6	84 9
6	83 9
6	85 9
6	79 15
6	84 10
6	83 10
6	85 10
6	79 15
6	84 11
6	85 11
6	79 15
6	84 12
6	83 12
6	85 12
6	79 17
6	84 13
6	83 13
6	85 13
6	79 19
6	84 14
6	83 14
6	85 14
6	79 11
6	84 15
6	83 15
6	85 15
6	79 15
6	84 16
6	83 16
6	85 16
6	79 14
6	84 17
6	83 17
6	85 17
6	79 16
6	84 18
6	83 18
6	85 18
6	79 19
6	84 19
6	83 19
6	85 19
6	79 19
6	84 20
6	83 20
6	85 20
6	79 14
6	84 1
6	83 1
6	85 1
6	79 15
6	84 2
6	83 2
6	85 2
6	79 15
6	84 3
6	83 3
6	85 3
6	79 18
6	84 4
6	83 4
6	85 4
6	79 12
6	84 5
6	83 5
6	85 5
6	79 17
6	84 6
6	83 6
6	85 6
6	79 16
6	84 7
6	83 7
6	85 7
6	79 17
6	84 8
6	83 8
6	85 8
6	79 16
6	84 9
6	83 9
6	85 9
6	79 14
6	84 10
6	83 10
6	85 10
6	79 17
6	84 11
6	83 11
6	85 11
6	79 16
6	84 12
6	83 12
6	85 12
6	79 19
6	84 13
6	83 13
6	85 13
6	79 16
6	84 14
6	83 14
6	85 14
6	79 11
6	84 15
6	83 15
6	85 15
6	79 19
6	84 16
6	83 16
6	85 16
6	79 19
6	84 17
6	83 17
6	85 17
6	79 17
6	84 18
6	83 18
6	85 18
6	79 13
6	84 19
6	83 19
6	85 19
6	79 14
6	84 20
6	83 20
6	85 20
6	79 15
6	84 1
6	83 1
6	85 1
6	79 15
6	84 2
6	83 2
6	85 2
6	79 19
6	84 3
6	83 3
6	85 3
6	79 15
6	84 4
6	83 4
6	85 4
6	79 12
6	84 5
6	83 5
6	85 5
6	79 17
6	84 6
6	83 6
6	85 6
6	79 18
6	84 7
6	83 7
6	85 7
6	79 18
6	84 8
6	83 8
6	85 8
6	79 17
6	84 9
6	83 9
6	85 9
6	79 15
6	84 10
6	83 10
6	85 10
6	79 18
6	84 11
6	83 11
6	85 11
6	79 15
6	84 12
6	83 12
6	85 12
6	79 14
6	84 13
6	83 13
6	85 13
6	79 18
6	84 14
6	83 14
6	85 14
6	79 16
6	84 15
6	83 15
6	85 15
6	79 17
6	84 16
6	83 16
6	85 16
6	79 11
6	84 17
6	83 17
6	85 17
6	79 16
6	84 18
6	83 18
6	85 18
6	79 15
6	84 19
6	83 19
6	85 19
6	79 19
6	84 20
6	83 20
6	85 20
6	79 14
6	84 1
6	83 1
6	85 1
6	79 12
6	84 2
6	83 2
6	85 2
6	79 16
6	84 3
6	83 3
6	85 3
6	79 17
6	83 1
6	85 1
6	79 17
6	84 2
6	83 2
6	85 2
6	79 13
6	84 3
6	83 3
6	85 3
6	79 18
6	84 4
6	83 4
6	85 4
6	79 18
6	84 5
6	83 5
6	85 5
6	79 14
6	84 6
6	83 6
6	85 6
6	79 10
6	84 7
6	84 8
6	83 8
6	85 8
6	79 17
6	84 9
6	83 9
6	85 7
6	79 176
6	83 9
6	85 9
6	79 23
6	84 10
6	83 10
6	85 10
6	79 14
6	84 11
6	83 11
6	85 11
6	79 16
6	84 12
6	83 12
6	85 12
6	79 17
6	84 13
6	83 13
6	85 13
6	79 12
6	84 14
6	83 14
6	85 14
6	79 14
6	84 15
6	83 15
6	85 15
6	79 12
6	84 16
6	83 16
6	85 16
6	79 13
6	84 17
6	83 17
6	85 17
6	79 14
6	84 18
6	83 18
6	85 18
6	79 12
6	84 19
6	83 19
6	85 19
6	79 13
6	84 20
6	83 20
6	85 20
6	79 17
6	84 1
6	83 1
6	85 1
6	79 14
6	84 2
6	83 2
6	85 2
6	79 17
6	84 3
6	83 3
6	85 3
6	79 16
6	84 4
6	83 4
6	85 4
6	79 13
6	84 5
6	83 5
6	85 5
6	79 13
6	84 6
6	83 6
6	85 6
6	79 14
6	84 7
6	83 7
6	85 7
6	79 12
6	84 8
6	83 8
6	85 8
6	79 16
6	84 9
6	83 9
6	85 9
6	79 12
6	84 10
6	TEST_NUMBER 0
6	SENT_TOTAL 250
6	RECEIVED_TOTAL 249
6	TIME_TOTAL 19765
6	RECEIVED_RADIO_1 122
6	RECEIVED_RADIO_2 127
6	SENT_RADIO_1 125
6	SENT_RADIO_2 124
6	RADIO_TIME_1 19763
6	RADIO_TIME_2 19763
6	RETRANSMISSIONS_1 0
6	RETRANSMISSIONS_2 0
6	DROPPED_1 0
6	DROPPED_2 0
6	MAX_QUEUE 1
6	DUPLICATED_1 0
6	DUPLICATED_2 0
6	EBUSY_RADIO_1 0
6	EBUSY_RADIO_2 0
6	83 0
6	85 10
6	86 0
6	84 1
6	83 1
6	85 1
6	79 13
6	84 2
6	83 2
6	85 2
6	79 15
6	84 3
6	83 3
6	85 3
6	79 12
6	84 4
6	83 4
6	85 4
6	79 11
6	84 5
6	83 5
6	85 5
6	79 11
6	84 6
6	84 7
6	83 7
6	85 7
6	79 17
6	84 8
6	83 8
6	85 6
6	79 175
6	83 8
6	85 8
6	79 22
6	84 9
6	83 9
6	85 9
6	79 15
6	84 10
6	83 10
6	85 10
6	79 18
6	84 11
6	83 11
6	85 11
6	79 17
6	84 12
6	83 12
6	85 12
6	79 17
6	84 13
6	83 13
6	85 13
6	79 16
6	84 14
6	83 14
6	85 14
6	79 17
6	84 15
6	83 15
6	85 15
6	79 20
6	84 16
6	83 16
6	85 16
6	79 15
6	84 17
6	83 17
6	85 17
6	79 17
6	84 18
6	83 18
6	85 18
6	79 16
6	84 19
6	83 19
6	85 19
6	79 14
6	84 20
6	83 20
6	85 20
6	79 16
6	84 1
6	83 1
6	85 1
6	79 12
6	84 2
6	83 2
6	85 2
6	79 15
6	84 3
6	83 3
6	85 3
6	79 15
6	84 4
6	83 4
6	85 4
6	79 12
6	84 5
6	83 5
6	85 5
6	79 15
6	84 6
6	83 6
6	85 6
6	79 14
6	84 7
6	83 7
6	85 7
6	79 15
6	84 8
6	83 8
6	85 8
6	79 15
6	84 9
6	83 9
6	85 9
6	79 19
6	84 10
6	83 10
6	85 10
6	79 16
6	84 11
6	83 11
6	85 11
6	79 18
6	84 12
6	83 12
6	85 12
6	79 13
6	84 13
6	83 13
6	85 13
6	79 17
6	84 14
6	83 14
6	85 14
6	79 17
6	84 15
6	83 15
6	85 15
6	79 16
6	84 16
6	83 16
6	85 16
6	79 16
6	84 17
6	83 17
6	85 17
6	79 16
6	84 18
6	83 18
6	85 18
6	79 13
6	84 19
6	83 19
6	85 19
6	79 17
6	84 20
6	83 20
6	85 20
6	79 12
6	84 1
6	83 1
6	85 1
6	79 16
6	84 2
6	83 2
6	85 2
6	79 15
6	84 3
6	83 3
6	85 3
6	79 15
6	84 4
6	83 4
6	85 4
6	79 19
6	84 5
6	83 5
6	85 5
6	79 17
6	84 6
6	83 6
6	85 6
6	79 14
6	84 7
6	83 7
6	85 7
6	79 17
6	84 8
6	83 8
6	85 8
6	79 16
6	84 9
6	83 9
6	85 9
6	79 12
6	84 10
6	83 10
6	85 10
6	79 16
6	84 11
6	83 11
6	85 11
6	79 20
6	84 12
6	83 12
6	85 12
6	79 15
6	84 13
6	83 13
6	85 13
6	79 13
6	84 14
6	83 14
6	85 14
6	79 12
6	84 15
6	83 15
6	85 15
6	79 15
6	84 16
6	83 16
6	85 16
6	79 13
6	84 17
6	84 18
6	83 18
6	85 18
6	79 11
6	84 19
6	83 19
6	85 17
6	79 174
6	83 19
6	85 19
6	79 24
6	84 20
6	83 20
6	85 20
6	79 10
6	84 1
6	83 1
6	85 1
6	79 15
6	84 2
6	83 2
6	85 2
6	79 14
6	84 3
6	83 3
6	85 3
6	79 13
6	84 4
6	83 4
6	85 4
6	79 13
6	84 5
6	83 5
6	85 5
6	79 15
6	84 6
6	83 6
6	85 6
6	79 11
6	84 7
6	83 7
6	85 7
6	79 15
6	84 8
6	83 8
6	85 8
6	79 16
6	84 9
6	83 9
6	85 9
6	79 18
6	84 10
6	83 10
6	85 10
6	79 13
6	84 11
6	83 11
6	85 11
6	79 13
6	84 12
6	83 12
6	85 12
6	79 17
6	84 13
6	83 13
6	85 13
6	79 13
6	84 14
6	83 14
6	85 14
6	79 10
6	84 15
6	83 15
6	85 15
6	79 10
6	84 16
6	83 16
6	85 16
6	79 16
6	84 17
6	83 17
6	85 17
6	79 15
6	84 18
6	83 18
6	85 18
6	79 17
6	84 19
6	83 19
6	85 19
6	79 13
6	84 20
6	83 20
6	85 20
6	79 12
6	84 1
6	83 1
6	85 1
6	79 12
6	84 2
6	83 2
6	85 2
6	79 14
6	84 3
6	83 3
6	85 3
6	79 12
6	84 4
6	83 4
6	85 4
6	79 13
6	84 5
6	83 5
6	85 5
6	79 14
6	84 6
6	83 6
6	85 6
6	79 15
6	84 7
6	83 7
6	85 7
6	79 12
6	84 8
6	83 8
6	85 8
6	79 11
6	84 9
6	83 9
6	85 9
6	79 15
6	84 10
6	83 10
6	79 14
6	84 11
6	83 11
6	85 11
6	79 13
6	84 12
6	83 12
6	85 12
6	79 16
6	84 13
6	83 13
6	85 13
6	79 12
6	84 14
6	83 14
6	85 14
6	79 17
6	84 15
6	83 15
6	85 15
6	79 14
6	84 16
6	83 16
6	85 16
6	79 16
6	84 17
6	83 17
6	85 17
6	79 10
6	83 18
6	85 18
6	79 14
6	84 19
6	83 19
6	85 19
6	79 13
6	84 20
6	83 20
6	85 20
6	79 12
6	84 1
6	83 1
6	85 1
6	79 12
6	84 2
6	83 2
6	85 2
6	79 12
6	84 3
6	83 3
6	85 3
6	79 16
6	84 4
6	83 4
6	85 4
6	79 14
6	84 5
6	83 5
6	85 5
6	79 15
6	84 6
6	83 6
6	85 6
6	79 16
6	84 7
6	83 7
6	85 7
6	79 14
6	84 8
6	83 8
6	85 8
6	79 17
6	84 9
6	83 9
6	85 9
6	79 14
6	84 10
6	83 10
6	85 10
6	79 14
6	84 11
6	83 11
6	85 11
6	79 11
6	84 12
6	83 12
6	85 12
6	79 11
6	84 13
6	83 13
6	85 13
6	79 10
6	84 14
6	83 14
6	85 14
6	79 15
6	84 15
6	83 15
6	85 15
6	79 16
6	84 16
6	83 16
6	85 16
6	79 11
6	84 17
6	83 17
6	85 17
6	79 14
6	84 18
6	83 18
6	85 18
6	79 11
6	84 19
6	83 19
6	85 19
6	79 13
6	84 20
6	83 20
6	85 20
6	79 14
6	84 1
6	83 1
6	85 1
6	79 14
6	84 2
6	83 2
6	85 2
6	79 14
6	84 3
6	83 3
6	85 3
6	79 16
6	84 4
6	83 4
6	85 4
6	79 14
6	84 5
6	83 5
6	85 5
6	79 16
6	84 6
6	83 6
6	85 6
6	79 12
6	84 7
6	83 7
6	85 7
6	79 12
6	84 8
6	83 8
6	85 8
6	79 16
6	84 9
6	83 9
6	85 9
6	79 25
6	84 10
6	83 10
6	85 10
6	79 18
6	84 11
6	83 11
6	85 11
6	79 16
6	84 12
6	83 12
6	85 12
6	79 17
6	84 13
6	83 13
6	85 13
6	79 14
6	84 14
6	83 14
6	85 14
6	79 14
6	84 15
6	83 15
6	85 15
6	79 15
6	84 16
6	83 16
6	85 16
6	79 13
6	84 17
6	83 17
6	85 17
6	79 19
6	84 18
6	83 18
6	85 18
6	79 16
6	84 19
6	83 19
6	85 19
6	79 11
6	84 20
6	83 20
6	85 20
6	79 14
6	84 1
6	83 1
6	85 1
6	79 13
6	84 2
6	83 2
6	85 2
6	79 18
6	84 3
6	83 3
6	85 3
6	79 18
6	84 4
6	83 4
6	85 4
6	79 14
6	84 5
6	83 5
6	85 5
6	79 16
6	84 6
6	83 6
6	85 6
6	79 18
6	84 7
6	83 7
6	85 7
6	79 17
6	84 8
6	83 8
6	85 8
6	79 16
6	84 9
6	83 9
6	85 9
6	79 20
6	84 10
6	83 10
6	85 10
6	84 11
6	83 11
6	85 11
6	79 16
6	84 12
6	83 12
6	85 10
6	79 176
6	83 12
6	85 12
6	79 23
6	84 13
6	83 13
6	85 13
6	79 11
6	84 14
6	83 14
6	85 14
6	79 13
6	84 15
6	83 15
6	85 15
6	79 13
6	84 16
6	83 16
6	85 16
6	79 14
6	84 17
6	83 17
6	85 17
6	79 14
6	84 18
6	83 18
6	85 18
6	79 15
6	84 19
6	83 19
6	85 19
6	79 12
6	84 20
6	83 20
6	85 20
6	79 11
6	84 1
6	83 1
6	85 1
6	79 13
6	84 2
6	83 2
6	85 2
6	79 15
6	84 3
6	83 3
6	85 3
6	79 14
6	84 4
6	83 4
6	85 4
6	79 12
6	84 5
6	83 5
6	85 5
6	79 14
6	84 6
6	83 6
6	85 6
6	79 13
6	84 7
6	83 7
6	85 7
6	79 12
6	84 8
6	83 8
6	85 8
6	79 14
6	84 9
6	83 9
6	85 9
6	79 12
6	84 10
6	83 10
6	85 10
6	79 11
6	84 11
6	83 11
6	85 11
6	79 13
6	84 12
6	83 12
6	85 12
6	79 11
6	84 13
6	83 13
6	85 13
6	79 16
6	84 14
6	83 14
6	85 14
6	79 14
6	84 15
6	83 15
6	85 15
6	79 13
6	84 16
6	83 16
6	85 16
6	79 13
6	84 17
6	83 17
6	85 17
6	79 18
6	84 18
6	83 18
6	85 18
6	79 13
6	84 19
6	83 19
6	85 19
6	79 14
6	84 20
6	83 20
6	85 20
6	79 17
6	84 1
6	83 1
6	85 1
6	79 14
6	84 2
6	83 2
6	85 2
6	79 13
6	84 3
6	83 3
6	85 3
6	79 14
6	84 4
6	83 4
6	85 4
6	79 11
6	84 5
6	83 5
6	85 5
6	79 14
6	84 6
6	83 6
6	85 6
6	79 13
6	84 7
6	83 7
6	85 7
6	79 11
6	84 8
6	83 8
6	85 8
6	79 12
6	84 9
6	83 9
6	85 9
6	79 10
6	84 10
6	83 10
6	85 10
6	79 13
6	84 11
6	83 11
6	85 11
6	79 12
6	84 12
6	83 12
6	85 12
6	79 17
6	84 13
6	83 13
6	85 13
6	79 13
6	84 14
6	83 14
6	85 14
6	79 14
6	84 15
6	83 15
6	85 15
6	79 17
6	84 16
6	83 16
6	85 16
6	79 11
6	84 17
6	83 17
6	85 17
6	79 14
6	84 18
6	83 18
6	85 18
6	79 11
6	84 19
6	83 19
6	85 19
6	79 11
6	84 20
6	83 20
6	85 20
6	79 13
6	84 1
6	83 1
6	85 1
6	79 10
6	84 2
6	83 2
6	85 2
6	79 18
6	84 3
6	83 3
6	85 3
6	79 12
6	84 4
6	83 4
6	85 4
6	79 11
6	84 5
6	83 5
6	85 5
6	79 14
6	84 6
6	83 6
6	85 6
6	79 12
6	84 7
6	84 8
6	83 8
6	85 8
6	79 16
6	84 9
6	83 9
6	85 7
6	79 174
6	83 9
6	85 9
6	79 20
6	84 10
6	84 1
6	83 1
6	85 1
6	79 15
6	84 2
6	83 2
6	85 2
6	79 14
6	84 3
6	83 3
6	85 3
6	79 14
6	84 4
6	83 4
6	85 4
6	79 13
6	84 5
6	83 5
6	85 5
6	79 15
6	84 6
6	83 6
6	85 6
6	79 13
6	84 7
6	83 7
6	85 7
6	79 14
6	84 8
6	83 8
6	85 8
6	79 17
6	84 9
6	83 9
6	85 9
6	79 17
6	84 10
6	83 10
6	85 10
6	79 11
6	84 11
6	83 11
6	85 11
6	79 14
6	84 12
6	83 12
6	85 12
6	79 18
6	84 13
6	83 13
6	85 13
6	79 15
6	84 14
6	83 14
6	85 14
6	79 18
6	84 15
6	83 15
6	85 15
6	79 19
6	84 16
6	83 16
6	85 16
6	79 16
6	84 17
6	83 17
6	85 17
6	79 18
6	84 18
6	83 18
6	85 18
6	79 15
6	84 19
6	83 19
6	85 19
6	79 16
6	84 20
6	83 20
6	85 20
6	79 11
6	84 1
6	83 1
6	85 1
6	79 14
6	84 2
6	83 2
6	85 2
6	79 15
6	84 3
6	83 3
6	85 3
6	79 12
6	84 4
6	83 4
6	85 4
6	79 15
6	84 5
6	83 5
6	85 5
6	79 15
6	84 6
6	83 6
6	85 6
6	79 17
6	84 7
6	83 7
6	85 7
6	79 14
6	84 8
6	83 8
6	85 8
6	79 16
6	84 9
6	83 9
6	85 9
6	79 16
6	84 10
6	83 10
6	85 10
6	79 15
6	84 11
6	83 11
6	85 11
6	79 14
6	84 12
6	83 12
6	85 12
6	79 15
6	84 13
6	83 13
6	85 13
6	79 11
6	84 14
6	83 14
6	85 14
6	79 15
6	84 15
6	83 15
6	85 15
6	79 17
6	84 16
6	83 16
6	85 16
6	79 16
6	84 17
6	83 17
6	85 17
6	79 16
6	84 18
6	83 18
6	85 18
6	79 18
6	84 19
6	83 19
6	85 19
6	79 14
6	84 20
6	83 20
6	85 20
6	79 15
6	84 1
6	83 1
6	85 1
6	79 15
6	84 2
6	83 2
6	85 2
6	79 14
6	84 3
6	83 3
6	85 3
6	79 15
6	84 4
6	83 4
6	85 4
6	79 16
6	84 5
6	83 5
6	85 5
6	79 14
6	84 6
6	83 6
6	85 6
6	79 20
6	84 7
6	83 7
6	85 7
6	79 20
6	84 8
6	83 8
6	85 8
6	79 19
6	84 9
6	83 9
6	85 9
6	79 11
6	84 10
6	83 10
6	85 10
6	79 14
6	84 11
6	83 11
6	85 11
6	79 13
6	84 12
6	83 12
6	85 12
6	79 13
6	84 13
6	83 13
6	85 13
6	79 17
6	84 14
6	83 14
6	85 14
6	79 11
6	84 15
6	83 15
6	85 15
6	79 17
6	84 16
6	83 16
6	85 16
6	79 12
6	84 17
6	83 17
6	85 17
6	79 17
6	84 18
6	83 18
6	85 18
6	79 15
6	84 19
6	83 19
6	85 19
6	79 15
6	84 20
6	83 20
6	85 20
6	79 12
6	84 1
6	83 1
6	85 1
6	79 14
6	84 2
6	83 2
6	85 2
6	79 13
6	84 3
6	83 3
6	85 3
6	79 12
6	84 4
6	83 4
6	85 4
6	79 15
6	84 5
6	83 5
6	85 5
6	79 15
6	84 6
6	83 6
6	85 6
6	79 16
6	84 7
6	83 7
6	85 7
6	79 15
6	84 8
6	83 8
6	85 8
6	79 19
6	84 9
6	83 9
6	85 9
6	79 13
6	84 10
6	83 10
6	85 10
6	79 13
6	84 11
6	83 11
6	85 11
6	79 13
6	84 12
6	83 12
6	85 12
6	79 13
6	84 13
6	83 13
6	85 13
6	79 14
6	84 14
6	83 14
6	85 14
6	79 16
6	84 15
6	83 15
6	85 15
6	79 19
6	84 16
6	83 16
6	85 16
6	79 13
6	84 17
6	83 17
6	85 17
6	79 14
6	84 18
6	83 18
6	85 18
6	79 14
6	84 19
6	83 19
6	85 19
6	79 15
6	84 20
6	83 20
6	85 20
6	79 11
6	84 1
6	83 1
6	85 1
6	79 16
6	84 2
6	83 2
6	85 2
6	79 18
6	84 3
6	83 3
6	85 3
6	79 18
6	84 4
6	83 4
6	85 4
6	79 14
6	84 5
6	83 5
6	85 5
6	79 16
6	84 6
6	84 7
6	83 7
6	85 7
6	79 15
6	84 8
6	83 8
6	85 6
6	79 177
6	83 8
6	85 8
6	79 24
6	84 9
6	83 9
6	85 9
6	79 14
6	84 10
6	83 10
6	85 10
6	79 17
6	84 11
6	83 11
6	85 11
6	79 12
6	84 12
6	83 12
6	85 12
6	79 12
6	84 13
6	83 13
6	85 13
6	79 13
6	84 14
6	83 14
6	85 14
6	79 14
6	84 15
6	83 15
6	85 15
6	79 15
6	84 16
6	83 16
6	85 16
6	79 12
6	84 17
6	84 18
6	83 18
6	85 18
6	79 12
6	84 19
6	83 19
6	85 17
6	79 174
6	83 19
6	85 19
6	79 22
6	84 20
6	83 20
6	85 20
6	79 19
6	84 1
6	83 1
6	85 1
6	79 15
6	84 2
6	83 2
6	85 2
6	79 19
6	84 3
6	83 3
6	85 3
6	79 16
6	84 4
6	83 4
6	85 4
6	79 18
6	84 5
6	83 5
6	85 5
6	79 15
6	84 6
6	83 6
6	85 6
6	79 15
6	84 7
6	83 7
6	85 7
6	79 11
6	84 8
6	83 8
6	85 8
6	79 15
6	84 9
6	83 9
6	85 9
6	79 15
6	84 10
6	83 10
6	85 10
6	79 19
6	84 11
6	83 11
6	85 11
6	79 15
6	84 12
6	83 12
6	85 12
6	79 12
6	84 13
6	83 13
6	85 13
6	79 15
6	84 14
6	83 14
6	85 14
6	79 12
6	84 15
6	83 15
6	85 15
6	79 13
6	84 16
6	83 16
6	85 16
6	79 16
6	84 17
6	83 17
6	85 17
6	79 13
6	84 18
6	83 18
6	85 18
6	79 18
6	84 19
6	83 19
6	85 19
6	79 18
6	84 20
6	83 20
6	85 20
6	79 14
6	84 1
6	83 1
6	85 1
6	79 14
6	84 2
6	83 2
6	85 2
6	79 18
6	84 3
6	83 3
6	85 3
6	79 13
6	84 4
6	83 4
6	85 4
6	79 17
6	84 5
6	83 5
6	85 5
6	79 13
6	84 6
6	83 6
6	85 6
6	79 17
6	84 7
6	83 7
6	85 7
6	79 14
6	84 8
6	83 8
6	85 8
6	79 14
6	84 9
6	83 9
6	85 9
6	79 18
6	84 10
6	83 10
6	85 10
6	79 19
6	84 11
6	83 11
6	85 11
6	79 14
6	84 12
6	83 12
6	85 12
6	79 18
6	84 13
6	83 13
6	85 13
6	79 17
6	84 14
6	83 14
6	85 14
6	79 17
6	84 15
6	83 15
6	85 15
6	79 18
6	84 16
6	84 17
6	83 17
6	85 17
6	79 16
6	84 18
6	83 18
6	85 16
6	84 1
6	83 1
6	85 1
6	79 13
6	84 2
6	83 2
6	85 2
6	79 14
6	84 3
6	83 3
6	85 3
6	79 17
6	84 4
6	83 4
6	85 4
6	79 15
6	84 5
6	83 5
6	85 5
6	79 20
6	84 6
6	83 6
6	85 6
6	79 18
6	84 7
6	83 7
6	85 7
6	79 15
6	84 8
6	85 8
6	79 13
6	84 9
6	83 9
6	85 9
6	79 15
6	84 10
6	83 10
6	85 10
6	79 16
6	84 11
6	83 11
6	85 11
6	79 18
6	84 12
6	83 12
6	85 12
6	79 16
6	84 13
6	83 13
6	85 13
6	79 15
6	84 14
6	83 14
6	85 14
6	79 13
6	84 15
6	83 15
6	85 15
6	79 15
6	84 16
6	83 16
6	85 16
6	79 12
6	84 17
6	83 17
6	85 17
6	79 16
6	84 18
6	83 18
6	85 18
6	79 15
6	84 19
6	83 19
6	85 19
6	79 12
6	84 20
6	83 20
6	85 20
6	79 19
6	84 1
6	83 1
6	85 1
6	79 15
6	84 2
6	83 2
6	85 2
6	79 12
6	84 3
6	83 3
6	85 3
6	79 15
6	84 4
6	83 4
6	85 4
6	79 14
6	84 5
6	83 5
6	85 5
6	79 14
6	84 6
6	84 7
6	83 7
6	85 7
6	79 17
6	84 8
6	83 8
6	85 6
6	79 173
6	83 8
6	85 8
6	79 21
6	84 9
6	83 9
6	85 9
6	79 13
6	84 10
6	83 10
6	85 10
6	79 15
6	84 11
6	83 11
6	85 11
6	79 13
6	84 12
6	83 12
6	85 12
6	79 16
6	84 13
6	83 13
6	85 13
6	79 15
6	84 14
6	83 14
6	85 14
6	79 17
6	84 15
6	83 15
6	85 15
6	79 16
6	84 16
6	83 16
6	85 16
6	79 15
6	84 17
6	83 17
6	85 17
6	79 17
6	84 18
6	83 18
6	85 18
6	79 17
6	84 19
6	83 19
6	85 19
6	79 16
6	84 20
6	83 20
6	85 20
6	79 15
6	84 1
6	83 1
6	85 1
6	79 16
6	84 2
6	83 2
6	85 2
6	79 15
6	84 3
6	83 3
6	85 3
6	79 17
6	84 4
6	83 4
6	85 4
6	79 19
6	84 5
6	83 5
6	85 5
6	79 14
6	84 6
6	83 6
6	85 6
6	79 14
6	84 7
6	83 7
6	85 7
6	79 19
6	84 8
6	83 8
6	85 8
6	79 19
6	84 9
6	83 9
6	85 9
6	79 17
6	84 10
6	83 10
6	85 10
6	79 16
6	84 11
6	83 11
6	85 11
6	79 15
6	84 12
6	83 12
6	85 12
6	79 12
6	84 13
6	83 13
6	85 13
6	79 11
6	84 14
6	83 14
6	85 14
6	79 17
6	84 15
6	83 15
6	85 15
6	79 20
6	84 16
6	83 16
6	85 16
6	79 16
6	84 17
6	83 17
6	85 17
6	79 15
6	84 18
6	83 18
6	85 18
6	79 14
6	84 19
6	83 19
6	85 19
6	79 14
6	84 20
6	83 20
6	85 20
6	79 17
6	84 1
6	83 1
6	85 1
6	79 15
6	84 2
6	83 2
6	85 2
6	79 13
6	84 3
6	83 3
6	85 3
6	79 14
6	84 4
6	83 4
6	85 4
6	79 19
6	84 5
6	83 5
6	85 5
6	79 15
6	84 6
6	83 6
6	85 6
6	79 15
6	84 7
6	83 7
6	85 7
6	79 13
6	84 8
6	83 8
6	85 8
6	79 18
6	84 9
6	83 9
6	85 9
6	79 12
6	84 10
6	83 10
6	85 10
6	79 20
6	84 11
6	83 11
6	85 11
6	79 14
6	84 12
6	83 12
6	85 12
6	79 16
6	84 13
6	83 13
6	85 13
6	79 17
6	84 14
6	83 14
6	85 14
6	79 14
6	84 15
6	83 15
6	85 15
6	79 15
6	84 16
6	83 16
6	85 16
6	79 16
6	84 17
6	83 17
6	85 17
6	79 14
6	84 18
6	83 18
6	85 18
6	79 12
6	84 19
6	83 19
6	85 19
6	79 19
6	84 20
6	83 20
6	85 20
6	79 14
6	84 1
6	83 1
6	85 1
6	79 17
6	84 2
6	83 2
6	85 2
6	79 17
6	84 3
6	83 3
6	85 3
6	79 17
6	84 4
6	83 4
6	85 4
6	79 16
6	84 5
6	83 5
6	85 5
6	79 17
6	84 6
6	83 6
6	85 6
6	79 13
6	84 7
6	83 7
6	85 7
6	79 23
6	84 8
6	83 8
6	85 8
6	79 13
6	84 9
6	83 9
6	85 9
6	79 13
6	84 10
6	83 10
6	85 10
6	79 14
6	84 11
6	83 11
6	85 11
6	79 14
6	84 12
6	83 12
6	85 12
6	79 15
6	84 13
6	83 13
6	85 13
6	79 12
6	84 14
6	83 14
6	85 14
6	79 12
6	84 15
6	83 15
6	85 15
6	79 14
6	84 16
6	83 16
6	85 16
6	79 15
6	84 17
6	83 17
6	85 17
6	79 13
6	84 18
6	83 18
6	85 18
6	79 12
6	84 19
6	83 19
6	85 19
6	79 16
6	84 20
6	83 20
6	85 20
6	79 14
6	84 1
6	83 1
6	85 1
6	79 10
6	84 2
6	83 2
6	85 2
6	79 15
6	84 3
6	83 3
6	85 3
6	79 14
6	84 4
6	83 4
6	85 4
6	79 14
6	84 5
6	83 5
6	85 5
6	79 12
6	84 6
6	83 6
6	85 6
6	79 15
6	84 7
6	83 7
6	85 7
6	79 15
6	84 8
6	83 8
6	85 8
6	79 14
6	84 9
6	83 9
6	85 9
6	79 13
6	84 10
6	83 10
6	85 10
6	79 15
6	84 11
6	83 11
6	85 11
6	79 14
6	84 12
6	83 12
6	85 12
6	79 14
6	84 13
6	83 13
6	85 13
6	79 15
6	84 14
6	83 14
6	85 14
6	79 15
6	84 15
6	83 15
6	85 15
6	79 15
6	84 16
6	83 16
6	85 16
6	79 11
6	84 17
6	83 17
6	85 17
6	79 11
6	84 18
6	83 18
6	85 18
6	79 14
6	84 19
6	83 19
6	85 19
6	79 15
6	84 20
6	83 20
6	85 20
6	79 13
6	84 1
6	83 1
6	85 1
6	79 14
6	84 2
6	83 2
6	85 2
6	79 17
6	84 3
6	83 3
6	85 3
6	79 16
6	84 4
6	83 4
6	85 4
6	79 14
6	84 5
6	83 5
6	85 5
6	79 18
6	84 6
6	83 6
6	85 6
6	79 13
6	84 7
6	83 7
6	85 7
6	79 14
6	84 8
6	83 8
6	85 8
6	79 11
6	84 9
6	84 10
6	83 10
6	85 10
6	79 12
6	84 11
6	83 11
6	85 9
6	79 170
6	83 11
6	85 11
6	79 16
6	84 12
6	83 12
6	85 12
6	79 16
6	84 13
6	83 13
6	85 13
6	79 16
6	84 14
6	83 14
6	85 14
6	79 15
6	84 15
6	83 15
6	85 15
6	79 14
6	84 16
6	83 16
6	85 16
6	79 14
6	84 17
6	83 17
6	85 17
6	79 18
6	84 18
6	83 18
6	85 18
6	79 19
6	84 19
6	83 19
6	85 19
6	79 15
6	84 20
6	83 20
6	85 20
6	79 17
6	84 1
6	83 1
6	85 1
6	79 15
6	84 2
6	83 2
6	85 2
6	79 15
6	84 3
6	83 3
6	85 3
6	79 12
6	84 4
6	83 4
6	85 4
6	79 16
6	84 5
6	83 5
6	85 5
6	79 13
6	84 6
6	83 6
6	85 6
6	79 18
6	84 7
6	83 7
6	85 7
6	79 16
6	84 8
6	83 8
6	85 8
6	79 17
6	84 9
6	83 9
6	85 9
6	84 10
6	83 10
6	85 10
6	79 17
6	84 11
6	83 11
6	85 11
6	79 17
6	84 12
6	84 13
6	83 13
6	85 13
6	79 13
6	84 14
6	83 14
6	85 12
6	79 179
6	83 14
6	85 14
6	79 27
6	84 15
6	83 15
6	85 15
6	79 11
6	84 16
6	83 16
6	85 16
6	79 14
6	84 17
6	83 18
6	85 18
6	79 15
6	84 19
6	83 19
6	85 17
6	79 173
6	83 19
6	85 19
6	79 24
6	84 20
6	83 20
6	85 20
6	79 16
6	84 1
6	83 1
6	85 1
6	79 18
6	84 2
6	83 2
6	85 2
6	79 15
6	84 3
6	83 3
6	85 3
6	79 15
6	84 4
6	83 4
6	85 4
6	79 15
6	84 5
6	83 5
6	85 5
6	79 17
6	84 6
6	83 6
6	85 6
6	79 15
6	84 7
6	83 7
6	85 7
6	79 18
6	84 8
6	83 8
6	85 8
6	79 19
6	84 9
6	83 9
6	85 9
6	79 15
6	84 10
6	83 10
6	85 10
6	79 15
6	84 11
6	83 11
6	85 11
6	79 17
6	84 12
6	83 12
6	85 12
6	79 14
6	84 13
6	83 13
6	85 13
6	79 13
6	84 14
6	83 14
6	85 14
6	79 18
6	84 15
6	83 15
6	85 15
6	79 13
6	84 16
6	83 16
6	85 16
6	79 14
6	84 17
6	83 17
6	85 17
6	79 14
6	84 18
6	83 18
6	85 18
6	79 14
6	84 19
6	83 19
6	85 19
6	79 13
6	84 20
6	83 20
6	85 20
6	79 17
6	84 1
6	83 1
6	85 1
6	79 13
6	84 2
6	83 2
6	85 2
6	79 15
6	84 3
6	83 3
6	85 3
6	79 17
6	84 4
6	83 4
6	85 4
6	79 17
6	84 5
6	83 5
6	85 5
6	79 16
6	84 6
6	83 6
6	85 6
6	79 12
6	84 7
6	83 7
6	85 7
6	79 14
6	84 8
6	83 8
6	85 8
6	79 14
6	84 9
6	83 9
6	85 9
6	79 15
6	84 10
6	83 10
6	85 10
6	79 12
6	84 11
6	83 11
6	85 11
6	79 15
6	84 12
6	83 12
6	85 12
6	79 16
6	84 13
6	83 13
6	85 13
6	79 15
6	84 14
6	83 14
6	85 14
6	79 16
6	84 15
6	83 15
6	85 15
6	79 15
6	84 16
6	83 16
6	85 16
6	79 15
6	84 17
6	83 17
6	85 17
6	79 15
6	84 18
6	83 18
6	85 18
6	79 15
6	84 19
6	83 19
6	85 19
6	79 14
6	84 20
6	83 20
6	85 20
6	79 16
6	84 1
6	83 1
6	85 1
6	79 16
6	84 2
6	83 2
6	85 2
6	79 18
6	84 3
6	83 3
6	85 3
6	79 11
6	84 4
6	83 4
6	85 4
6	79 16
6	84 5
6	83 5
6	85 5
6	79 12
6	84 6
6	83 6
6	85 6
6	79 14
6	84 7
6	83 7
6	85 7
6	79 14
6	84 8
6	83 8
6	85 8
6	79 14
6	84 9
6	83 9
6	85 9
6	79 14
6	84 13
6	83 13
6	85 13
6	79 13
6	84 14
6	83 14
6	85 14
6	79 15
6	84 15
6	83 15
6	85 15
6	79 14
6	84 16
6	83 16
6	85 16
6	79 15
6	84 17
6	83 17
6	85 17
6	79 19
6	84 18
6	83 18
6	85 18
6	79 16
6	84 19
6	83 19
6	85 19
6	79 13
6	84 20
6	84 1
6	83 1
6	85 1
6	79 17
6	84 2
6	83 2
6	85 20
6	79 177
6	83 2
6	85 2
6	79 26
6	84 3
6	83 3
6	85 3
6	79 15
6	84 4
6	83 4
6	85 4
6	79 14
6	84 5
6	83 5
6	85 5
6	79 13
6	84 6
6	83 6
6	85 6
6	79 12
6	84 7
6	83 7
6	85 7
6	79 13
6	84 8
6	83 8
6	85 8
6	79 15
6	84 9
6	83 9
6	85 9
6	79 14
6	84 10
6	83 10
6	85 10
6	79 13
6	84 11
6	83 11
6	85 11
6	79 12
6	84 12
6	83 12
6	85 12
6	79 12
6	84 13
6	83 13
6	85 13
6	79 15
6	84 14
6	83 14
6	85 14
6	79 21
6	84 15
6	83 15
6	85 15
6	79 18
6	84 16
6	83 16
6	85 16
6	79 18
6	84 17
6	83 17
6	85 17
6	79 13
6	84 18
6	83 18
6	85 18
6	79 16
6	84 19
6	83 19
6	85 19
6	79 14
6	84 20
6	83 20
6	85 20
6	79 14
6	84 1
6	83 1
6	85 1
6	79 18
6	84 2
6	83 2
6	85 2
6	79 15
6	84 3
6	83 3
6	85 3
6	79 15
6	84 4
6	83 4
6	85 4
6	79 13
6	84 5
6	83 5
6	85 5
6	79 17
6	84 6
6	83 6
6	85 6
6	79 18
6	84 7
6	83 7
6	85 7
6	79 15
6	84 8
6	83 8
6	85 8
6	79 19
6	84 9
6	83 9
6	85 9
6	79 17
6	84 10
6	83 10
6	85 10
6	79 12
6	84 11
6	83 11
6	85 11
6	79 17
6	84 12
6	83 12
6	85 12
6	79 18
6	84 13
6	83 13
6	85 13
6	79 16
6	84 14
6	83 14
6	85 14
6	79 17
6	84 15
6	83 15
6	85 15
6	79 16
6	84 16
6	83 16
6	85 16
6	79 18
6	84 17
6	83 17
6	85 17
6	79 18
6	84 18
6	83 18
6	85 18
6	79 12
6	84 19
6	83 19
6	85 19
6	79 16
6	84 20
6	83 20
6	85 20
6	79 12
6	84 1
6	83 1
6	85 1
6	79 16
6	84 2
6	83 2
6	85 2
6	79 15
6	84 3
6	84 4
6	83 4
6	85 4
6	79 17
6	84 5
6	83 5
6	85 3
6	79 174
6	83 5
6	85 5
6	79 24
6	84 6
6	83 6
6	85 6
6	79 14
6	84 7
6	83 7
6	85 7
6	79 15
6	84 8
6	83 8
6	85 8
6	79 13
6	84 9
6	83 9
6	85 9
6	79 14
6	84 10
6	TEST_NUMBER 3
6	SENT_TOTAL 250
6	RECEIVED_TOTAL 249
6	TIME_TOTAL 29802
6	RECEIVED_RADIO_1 122
6	RECEIVED_RADIO_2 128
6	SENT_RADIO_1 124
6	SENT_RADIO_2 126
6	RADIO_TIME_1 19763
6	RADIO_TIME_2 29867
6	RETRANSMISSIONS_1 2
6	84 1
6	83 1
6	85 1
6	79 11
6	84 2
6	83 2
6	85 2
6	79 13
6	84 3
6	83 3
6	85 3
6	79 13
6	84 4
6	83 4
6	85 4
6	79 17
6	84 5
6	83 5
6	85 5
6	79 14
6	84 6
6	83 6
6	85 6
6	79 16
6	84 7
6	83 7
6	85 7
6	79 17
6	84 8
6	83 8
6	85 8
6	79 14
6	84 9
6	83 9
6	85 9
6	79 18
6	84 10
6	83 10
6	85 10
6	79 15
6	84 11
6	83 11
6	85 11
6	79 12
6	84 12
6	83 12
6	85 12
6	79 14
6	84 13
6	83 13
6	85 13
6	79 16
6	84 14
6	83 14
6	85 14
6	79 15
6	84 15
6	83 15
6	85 15
6	79 16
6	84 16
6	83 16
6	85 16
6	79 15
6	84 17
6	83 17
6	85 17
6	79 15
6	84 18
6	83 18
6	85 18
6	79 15
6	84 19
6	83 19
6	85 19
6	79 11
6	84 20
6	83 20
6	85 20
6	79 15
6	84 1
6	83 1
6	85 1
6	79 13
6	84 2
6	83 2
6	85 2
6	79 12
6	84 3
6	83 3
6	85 3
6	79 11
6	84 4
6	83 4
6	85 4
6	79 16
6	84 5
6	83 5
6	85 5
6	79 15
6	84 6
6	83 6
6	85 6
6	79 14
6	84 7
6	83 7
6	85 7
6	79 11
6	84 8
6	83 8
6	85 8
6	79 13
6	84 9
6	83 9
6	85 9
6	79 13
6	84 10
6	83 10
6	85 10
6	79 18
6	84 11
6	83 11
6	85 11
6	79 12
6	84 12
6	83 12
6	85 12
6	79 12
6	84 13
6	83 13
6	85 13
6	79 14
6	84 14
6	83 14
6	85 14
6	79 12
6	84 15
6	83 15
6	85 15
6	79 15
6	84 16
6	83 16
6	85 16
6	79 13
6	84 17
6	83 17
6	85 17
6	79 11
6	84 18
6	83 18
6	85 18
6	79 10
6	84 19
6	83 19
6	85 19
6	79 18
6	84 20
6	83 20
6	85 20
6	79 14
6	84 1
6	83 1
6	85 1
6	79 12
6	84 2
6	83 2
6	85 2
6	79 14
6	84 3
6	83 3
6	85 3
6	79 17
6	84 4
6	83 4
6	85 4
6	79 15
6	84 5
6	83 5
6	85 5
6	79 14
6	84 6
6	83 6
6	85 6
6	79 16
6	84 7
6	83 7
6	85 7
6	79 11
6	84 8
6	83 8
6	85 8
6	79 14
6	84 9
6	83 9
6	85 9
6	79 11
6	84 10
6	83 10
6	85 10
6	79 17
6	84 11
6	83 11
6	85 11
6	79 16
6	84 12
6	83 12
6	85 12
6	79 18
6	84 13
6	83 13
6	85 13
6	79 15
6	84 14
6	83 14
6	85 14
6	79 14
6	84 15
6	83 15
6	85 15
6	79 13
6	84 16
6	83 16
6	85 16
6	79 10
6	84 17
6	83 17
6	85 17
6	79 14
6	84 18
6	83 18
6	85 18
6	79 12
6	84 19
6	83 19
6	85 19
6	79 13
6	84 20
6	83 20
6	85 20
6	79 15
6	84 1
6	83 1
6	85 1
6	79 16
6	84 2
6	83 2
6	85 2
6	79 13
6	84 3
6	83 3
6	85 3
6	79 15
6	84 4
6	83 4
6	85 4
6	79 13
6	84 5
6	83 5
6	85 5
6	79 11
6	84 6
6	83 6
6	85 6
6	79 16
6	84 7
6	83 7
6	85 7
6	79 11
6	84 8
6	84 9
6	83 9
6	85 9
6	79 12
6	84 10
6	83 10
6	85 8
6	79 171
6	83 10
6	85 10
6	79 18
6	84 11
6	83 11
6	85 11
6	79 18
6	84 12
6	83 12
6	85 12
6	79 13
6	84 13
6	83 13
6	85 13
6	79 18
6	84 14
6	83 14
6	85 14
6	79 11
6	84 15
6	83 15
6	85 15
6	79 14
6	84 16
6	83 16
6	85 16
6	79 14
6	84 17
6	83 17
6	85 17
6	79 18
6	84 18
6	83 18
6	85 18
6	79 16
6	84 19
6	83 19
6	85 19
6	79 19
6	84 20
6	83 20
6	85 20
6	79 15
6	84 1
6	83 1
6	85 1
6	79 14
6	84 2
6	83 2
6	85 2
6	79 14
6	84 3
6	83 3
6	85 3
6	79 17
6	84 4
6	83 4
6	85 4
6	79 15
6	84 5
6	83 5
6	85 5
6	79 13
6	84 6
6	83 6
6	85 6
6	79 15
6	84 7
6	83 7
6	85 7
6	79 13
6	84 8
6	83 8
6	85 8
6	79 18
6	84 9
6	83 9
6	85 9
6	79 15
6	84 10
6	85 10
6	79 16
6	84 11
6	83 11
6	85 11
6	79 17
6	84 12
6	83 12
6	85 12
6	79 15
6	84 13
6	83 13
6	85 13
6	79 14
6	84 14
6	83 14
6	85 14
6	79 14
6	84 15
6	83 15
6	85 15
6	79 14
6	84 16
6	83 16
6	85 16
6	79 15
6	84 17
6	83 17
6	85 17
6	79 12
6	84 18
6	83 18
6	85 18
6	79 13
6	84 19
6	83 19
6	85 19
6	79 14
6	84 20
6	83 20
6	85 20
6	79 13
6	84 1
6	83 1
6	85 1
6	79 13
6	84 2
6	83 2
6	85 2
6	79 13
6	84 3
6	83 3
6	85 3
6	79 18
6	84 4
6	83 4
6	85 4
6	79 16
6	84 5
6	83 5
6	85 5
6	79 19
6	84 6
6	83 6
6	85 6
6	79 19
6	84 7
6	83 7
6	85 7
6	79 12
6	84 8
6	83 8
6	85 8
6	79 17
6	84 9
6	83 9
6	85 9
6	79 17
6	84 10
6	83 10
6	85 10
6	79 13
6	84 11
6	83 11
6	85 11
6	79 14
6	84 12
6	83 12
6	85 12
6	79 13
6	84 13
6	83 13
6	85 13
6	79 14
6	84 14
6	83 14
6	85 14
6	79 15
6	84 15
6	83 15
6	85 15
6	79 18
6	84 16
6	83 16
6	85 16
6	79 13
6	84 17
6	83 17
6	85 17
6	79 18
6	84 18
6	83 18
6	85 18
6	79 16
6	84 19
6	83 19
6	85 19
6	79 17
6	84 20
6	83 20
6	85 20
6	79 14
6	84 1
6	83 1
6	85 1
6	79 14
6	84 2
6	83 2
6	85 2
6	79 19
6	84 3
6	83 3
6	85 3
6	79 14
6	84 4
6	83 4
6	85 4
6	79 14
6	84 5
6	83 5
6	85 5
6	79 16
6	84 6
6	83 6
6	85 6
6	79 14
6	84 7
6	83 7
6	85 7
6	79 13
6	84 8
6	83 8
6	85 8
6	79 14
6	84 9
6	83 9
6	85 9
6	79 16
6	84 10
6	83 10
6	85 10
6	79 14
6	84 11
6	83 11
6	85 11
6	79 16
6	84 12
6	83 12
6	85 12
6	79 13
6	84 13
6	83 13
6	85 13
6	79 15
6	84 14
6	83 14
6	85 14
6	79 17
6	84 15
6	83 15
6	85 15
6	79 19
6	84 16
6	83 16
6	85 16
6	79 12
6	84 17
6	83 17
6	85 17
6	79 17
6	84 18
6	83 18
6	85 18
6	79 15
6	84 19
6	83 19
6	85 19
6	79 14
6	84 20
6	83 20
6	85 20
6	79 17
6	84 1
6	83 1
6	85 1
6	79 13
6	84 2
6	83 2
6	85 2
6	79 17
6	84 2
6	83 2
6	85 2
6	79 13
6	84 3
6	83 3
6	85 3
6	79 14
6	84 4
6	83 4
6	85 4
6	79 13
6	84 5
6	83 5
6	85 5
6	79 17
6	84 6
6	83 6
6	85 6
6	79 14
6	84 7
6	84 8
6	83 8
6	85 8
6	79 14
6	84 9
6	83 9
6	85 7
6	79 174
6	85 9
6	79 23
6	84 10
6	83 10
6	85 10
6	79 14
6	84 11
6	83 11
6	85 11
6	79 13
6	84 12
6	83 12
6	85 12
6	79 13
6	84 13
6	83 13
6	85 13
6	79 14
6	84 14
6	83 14
6	85 14
6	79 16
6	84 15
6	83 15
6	85 15
6	79 17
6	84 16
6	83 16
6	85 16
6	79 14
6	84 17
6	83 17
6	85 17
6	79 14
6	84 18
6	83 18
6	85 18
6	79 17
6	84 19
6	83 19
6	85 19
6	79 15
6	84 20
6	83 20
6	85 20
6	79 11
6	84 1
6	83 1
6	85 1
6	79 15
6	84 2
6	83 2
6	85 2
6	79 15
6	84 3
6	83 3
6	85 3
6	79 13
6	84 4
6	83 4
6	85 4
6	79 17
6	84 5
6	83 5
6	85 5
6	79 11
6	84 6
6	83 6
6	85 6
6	79 12
6	84 7
6	83 7
6	85 7
6	79 14
6	84 8
6	83 8
6	85 8
6	79 13
6	84 9
6	83 9
6	85 9
6	79 12
6	84 10
6	83 10
6	85 10
6	79 14
6	84 11
6	83 11
6	85 11
6	79 14
6	84 12
6	83 12
6	85 12
6	79 15
6	84 13
6	83 13
6	85 13
6	79 11
6	84 14
6	83 14
6	85 14
6	79 13
6	84 15
6	83 15
6	85 15
6	79 16
6	84 16
6	83 16
6	85 16
6	79 10
6	84 17
6	83 17
6	85 17
6	79 11
6	84 18
6	83 18
6	85 18
6	79 15
6	84 19
6	83 19
6	85 19
6	79 10
6	84 20
6	83 20
6	85 20
6	79 14
6	84 1
6	83 1
6	85 1
6	79 13
6	84 2
6	83 2
6	85 2
6	79 15
6	84 3
6	83 3
6	85 3
6	79 13
6	84 4
6	83 4
6	85 4
6	79 15
6	84 5
6	83 5
6	85 5
6	79 12
6	84 6
6	83 6
6	85 6
6	79 12
6	84 7
6	83 7
6	85 7
6	79 11
6	84 8
6	83 8
6	85 8
6	79 12
6	84 9
6	83 9
6	85 9
6	79 15
6	84 10
6	83 10
6	85 10
6	79 16
6	84 11
6	83 11
6	85 11
6	79 13
6	84 12
6	83 12
6	85 12
6	79 15
6	84 13
6	83 13
6	85 13
6	79 14
6	84 14
6	83 14
6	85 14
6	79 12
6	84 15
6	83 15
6	85 15
6	79 13
6	84 16
6	83 16
6	85 16
6	79 12
6	84 17
6	83 17
6	85 17
6	79 13
6	84 18
6	83 18
6	85 18
6	79 12
6	84 19
6	83 19
6	85 19
6	79 11
6	84 20
6	83 20
6	85 20
6	79 15
6	84 1
6	83 1
6	85 1
6	79 15
6	84 1
6	83 1
6	85 1
6	79 15
6	84 2
6	83 2
6	85 2
6	79 12
6	84 3
6	83 3
6	85 3
6	79 13
6	84 4
6	83 4
6	85 4
6	79 12
6	84 5
6	83 5
6	85 5
6	79 17
6	84 6
6	83 6
6	85 6
6	79 13
6	84 7
6	83 7
6	85 7
6	79 11
6	84 8
6	83 8
6	85 8
6	79 10
6	84 9
6	83 9
6	85 9
6	79 11
6	84 10
6	83 10
6	85 10
6	79 14
6	84 11
6	83 11
6	85 11
6	79 10
6	84 12
6	83 12
6	85 12
6	79 11
6	84 13
6	83 13
6	85 13
6	79 14
6	84 14
6	83 14
6	85 14
6	79 15
6	84 15
6	83 15
6	85 15
6	79 12
6	84 16
6	83 16
6	85 16
6	79 11
6	84 17
6	83 17
6	85 17
6	79 16
6	84 18
6	83 18
6	85 18
6	79 15
6	84 19
6	83 19
6	85 19
6	79 12
6	84 20
6	83 20
6	85 20
6	79 14
6	84 1
6	83 1
6	85 1
6	79 16
6	84 2
6	83 2
6	85 2
6	79 14
6	84 3
6	83 3
6	85 3
6	79 13
6	84 4
6	83 4
6	85 4
6	79 15
6	84 5
6	83 5
6	85 5
6	79 15
6	84 6
6	84 7
6	83 7
6	85 7
6	79 13
6	84 8
6	83 8
6	85 6
6	79 173
6	83 8
6	85 8
6	79 20
6	84 9
6	83 9
6	85 9
6	79 14
6	84 10
6	83 10
6	85 10
6	79 12
6	84 11
6	83 11
6	85 11
6	79 15
6	84 12
6	83 12
6	85 12
6	79 13
6	84 13
6	83 13
6	85 13
6	79 15
6	84 14
6	83 14
6	85 14
6	79 18
6	84 15
6	83 15
6	85 15
6	79 15
6	84 16
6	83 16
6	85 16
6	79 13
6	84 17
6	83 17
6	85 17
6	79 13
6	84 18
6	83 18
6	85 18
6	79 16
6	84 19
6	83 19
6	85 19
6	79 17
6	84 20
6	83 20
6	85 20
6	79 11
6	84 1
6	83 1
6	85 1
6	79 14
6	84 2
6	83 2
6	85 2
6	79 13
6	84 3
6	83 3
6	85 3
6	79 16
6	84 4
6	83 4
6	85 4
6	79 17
6	84 5
6	83 5
6	85 5
6	79 13
6	84 6
6	83 6
6	85 6
6	79 13
6	84 7
6	83 7
6	85 7
6	79 16
6	84 8
6	83 8
6	85 8
6	79 13
6	84 9
6	83 9
6	85 9
6	79 14
6	84 10
6	83 10
6	85 10
6	79 14
6	84 11
6	83 11
6	85 11
6	79 12
6	84 12
6	83 12
6	85 12
6	79 16
6	84 13
6	83 13
6	85 13
6	79 18
6	84 14
6	83 14
6	85 14
6	79 15
6	84 15
6	83 15
6	85 15
6	79 14
6	84 16
6	83 16
6	85 16
6	79 11
6	84 17
6	83 17
6	85 17
6	79 14
6	84 18
6	83 18
6	85 18
6	79 17
6	84 19
6	83 19
6	85 19
6	79 15
6	84 20
6	83 20
6	85 20
6	79 12
6	84 1
6	83 1
6	85 1
6	79 17
6	84 2
6	83 2
6	85 2
6	79 17
6	84 3
6	83 3
6	85 3
6	79 18
6	84 4
6	83 4
6	85 4
6	79 14
6	84 5
6	83 5
6	85 5
6	79 16
6	84 6
6	83 6
6	85 6
6	79 12
6	84 7
6	83 7
6	85 7
6	79 17
6	84 8
6	83 8
6	85 8
6	79 11
6	84 9
6	83 9
6	85 9
6	79 14
6	84 10
6	83 10
6	85 10
6	79 11
6	84 11
6	83 11
6	85 11
6	79 13
6	84 12
6	83 12
6	85 12
6	79 14
6	84 13
6	83 13
6	85 13
6	79 17
6	84 14
6	83 14
6	85 14
6	79 16
6	84 15
6	83 15
6	85 15
6	79 15
6	84 16
6	83 16
6	85 16
6	79 13
6	84 17
6	84 18
6	83 18
6	85 18
6	79 18
6	84 19
6	83 19
6	85 17
6	79 175
6	83 19
6	85 19
6	79 24
6	84 20
6	83 20
6	85 20
6	79 15
6	84 1
6	83 1
6	85 1
6	79 11
6	84 2
6	83 2
6	85 2
6	79 13
6	84 3
6	83 3
6	85 3
6	79 12
6	84 4
6	83 4
6	85 4
6	79 12
6	84 5
6	83 5
6	85 5
6	79 14
6	84 6
6	83 6
6	85 6
6	79 16
6	84 7
6	83 7
6	85 7
6	79 14
6	84 8
6	83 8
6	85 8
6	79 14
6	84 9
6	83 9
6	85 9
6	79 11
6	84 10
6	83 10
6	85 10
6	79 15
6	84 11
6	83 11
6	85 11
6	79 11
6	84 12
6	83 12
6	85 12
6	79 16
6	84 13
6	83 13
6	85 13
6	79 16
6	84 14
6	83 14
6	85 14
6	79 16
6	84 15
6	83 15
6	85 15
6	79 14
6	84 16
6	84 17
6	83 17
6	85 17
6	79 13
6	84 18
6	83 18
6	85 16
6	79 176
6	83 18
6	85 18
6	79 25
6	84 19
6	83 19
6	85 19
6	79 14
6	84 20
6	83 20
6	85 20
6	79 16
6	84 1
6	83 1
6	85 1
6	79 17
6	84 2
6	83 2
6	85 2
6	79 16
6	84 3
6	83 3
6	85 3
6	79 14
6	84 4
6	83 4
6	85 4
6	79 13
6	84 5
6	83 5
6	85 5
6	79 14
6	84 6
6	83 6
6	85 6
6	79 15
6	84 7
6	83 7
6	85 7
6	79 19
6	84 8
6	83 8
6	85 8
6	79 12
6	84 9
6	83 9
6	85 9
6	79 18
6	84 10
6	85 10
6	79 15
6	84 11
6	83 11
6	85 11
6	79 17
6	84 12
6	83 12
6	85 12
6	79 12
6	84 13
6	83 13
6	85 13
6	79 14
6	84 14
6	83 14
6	85 14
6	79 13
6	84 15
6	83 15
6	85 15
6	79 17
6	84 16
6	83 16
6	85 16
6	79 19
6	84 17
6	83 17
6	85 17
6	79 11
6	84 18
6	83 18
6	85 18
6	79 19
6	84 19
6	83 19
6	85 19
6	79 14
6	84 20
6	83 20
6	85 20
6	79 16
6	84 1
6	83 1
6	85 1
6	79 17
6	84 2
6	83 2
6	85 2
6	79 15
6	84 3
6	83 3
6	85 3
6	79 12
6	84 4
6	83 4
6	85 4
6	79 16
6	84 5
6	83 5
6	85 5
6	79 16
6	84 6
6	83 6
6	85 6
6	79 18
6	84 7
6	83 7
6	85 7
6	79 18
6	84 8
6	83 8
6	85 8
6	79 16
6	84 9
6	83 9
6	85 9
6	79 14
6	84 10
6	83 10
6	85 10
6	79 19
6	84 11
6	83 11
6	85 11
6	79 12
6	84 12
6	83 12
6	85 12
6	79 14
6	84 13
6	83 13
6	85 13
6	79 17
6	84 14
6	83 14
6	85 14
6	79 16
6	84 15
6	83 15
6	85 15
6	79 14
6	84 16
6	83 16
6	85 16
6	79 15
6	84 17
6	84 18
6	83 18
6	85 18
6	79 16
6	84 19
6	83 19
6	85 17
6	79 173
6	83 19
6	85 19
6	79 19
6	84 20
6	83 20
6	85 20
6	79 11
6	84 1
6	83 1
6	85 1
6	79 15
6	84 2
6	83 2
6	85 2
6	79 18
6	84 3
6	83 3
6	85 3
6	79 12
6	84 4
6	83 4
6	85 4
6	79 13
6	84 5
6	83 5
6	85 5
6	79 14
6	84 6
6	83 6
6	85 6
6	79 10
6	84 7
6	83 7
6	85 7
6	79 14
6	84 8
6	83 8
6	85 8
6	79 13
6	84 9
6	83 9
6	85 9
6	79 15
6	84 10
6	83 10
6	85 10
6	79 17
6	84 11
6	83 11
6	85 11
6	79 13
6	84 12
6	83 12
6	85 12
6	79 17
6	84 13
6	83 13
6	85 13
6	79 13
6	84 14
6	83 14
6	85 14
6	79 11
6	84 15
6	83 15
6	85 15
6	79 16
6	84 16
6	83 16
6	85 16
6	79 11
6	84 17
6	83 17
6	85 17
6	79 13
6	84 18
6	83 18
6	85 18
6	79 17
6	84 19
6	83 19
6	85 19
6	79 13
6	84 20
6	83 20
6	85 20
6	79 15
6	84 1
6	83 1
6	85 1
6	79 15
6	84 2
6	83 2
6	85 2
6	79 14
6	84 20
6	83 20
6	85 20
6	79 14
6	84 1
6	83 1
6	85 1
6	79 16
6	84 2
6	84 3
6	83 3
6	85 3
6	79 13
6	84 4
6	83 4
6	85 2
6	79 172
6	83 4
6	85 4
6	79 21
6	84 5
6	83 5
6	85 5
6	79 16
6	84 6
6	83 6
6	85 6
6	79 16
6	84 7
6	83 7
6	85 7
6	79 15
6	84 8
6	83 8
6	85 8
6	79 15
6	84 9
6	83 9
6	85 9
6	79 12
6	84 10
6	83 10
6	85 10
6	79 14
6	84 11
6	83 11
6	85 11
6	79 13
6	84 12
6	83 12
6	85 12
6	79 12
6	84 13
6	83 13
6	85 13
6	79 19
6	84 14
6	83 14
6	85 14
6	79 15
6	84 15
6	83 15
6	85 15
6	79 14
6	84 16
6	83 16
6	85 16
6	79 15
6	84 17
6	83 17
6	85 17
6	79 18
6	84 18
6	83 18
6	85 18
6	79 14
6	84 19
6	83 19
6	85 19
6	79 14
6	84 20
6	83 20
6	85 20
6	79 15
6	84 1
6	83 1
6	85 1
6	79 15
6	84 2
6	83 2
6	85 2
6	79 16
6	84 3
6	83 3
6	85 3
6	79 18
6	84 4
6	83 4
6	85 4
6	79 16
6	84 5
6	83 5
6	85 5
6	79 16
6	84 6
6	83 6
6	85 6
6	79 13
6	84 7
6	83 7
6	85 7
6	79 12
6	84 8
6	83 8
6	85 8
6	79 19
6	84 9
6	83 9
6	85 9
6	79 13
6	84 10
6	83 10
6	85 10
6	79 12
6	84 11
6	83 11
6	85 11
6	79 12
6	84 12
6	83 12
6	85 12
6	79 18
6	84 13
6	83 13
6	85 13
6	79 15
6	84 14
6	83 14
6	85 14
6	79 14
6	84 15
6	83 15
6	85 15
6	79 16
6	84 16
6	83 16
6	85 16
6	79 14
6	84 17
6	83 17
6	85 17
6	79 17
6	84 18
6	83 18
6	85 18
6	79 15
6	84 19
6	83 19
6	85 19
6	79 15
6	84 20
6	83 20
6	85 20
6	79 13
6	84 1
6	83 1
6	85 1
6	79 16
6	84 2
6	83 2
6	85 2
6	79 16
6	84 3
6	83 3
6	85 3
6	79 15
6	84 4
6	83 4
6	85 4
6	79 16
6	84 5
6	83 5
6	85 5
6	79 15
6	84 6
6	83 6
6	85 6
6	79 13
6	84 7
6	83 7
6	85 7
6	79 18
6	84 8
6	83 8
6	85 8
6	79 15
6	84 9
6	83 9
6	85 9
6	79 17
6	84 10
6	TEST_NUMBER 5
6	SENT_TOTAL 250
6	RECEIVED_TOTAL 249
6	TIME_TOTAL 29807
6	RECEIVED_RADIO_1 123
6	RECEIVED_RADIO_2 127
6	SENT_RADIO_1 125
6	SENT_RADIO_2 125
6	RADIO_TIME_1 29807
6	RADIO_TIME_2 19828
6	RETRANSMISSIONS_1 0
6	RETRANSMISSIONS_2 0
6	DROPPED_1 0
6	DROPPED_2 0
6	MAX_QUEUE 1
6	DUPLICATED_1 0
6	DUPLICATED_2 0
6	EBUSY_RADIO_1 0
6	EBUSY_RADIO_2 0
6	83 0
6	85 10
6	86 5
6	84 1
6	84 2
6	83 2
6	85 2
6	79 18
6	84 3
6	83 3
6	85 1
6	79 175
6	83 3
6	85 3
6	79 24
6	84 4
6	83 4
6	85 4
6	79 13
6	84 5
6	83 5
6	85 5
6	79 11
6	84 6
6	83 6
6	85 6
6	79 13
6	84 7
6	83 7
6	85 7
6	79 13
6	84 8
6	83 8
6	85 8
6	79 13
6	84 9
6	83 9
6	85 9
6	79 13
6	84 10
6	83 10
6	85 10
6	79 15
6	84 11
6	83 11
6	85 11
6	79 14
6	84 12
6	83 12
6	85 12
6	79 12
6	84 13
6	83 13
6	85 13
6	79 10
6	84 14
6	83 14
6	85 14
6	79 13
6	84 15
6	83 15
6	85 15
6	79 15
6	84 16
6	83 16
6	85 16
6	79 12
6	84 17
6	83 17
6	85 17
6	79 13
6	84 18
6	83 18
6	85 18
6	79 10
6	84 19
6	83 19
6	85 19
6	79 12
6	84 20
6	83 20
6	85 20
6	79 15
6	84 1
6	83 1
6	85 1
6	79 16
6	84 2
6	83 2
6	85 2
6	79 12
6	84 3
6	83 3
6	85 3
6	79 15
6	84 4
6	83 4
6	85 4
6	79 15
6	84 5
6	83 5
6	85 5
6	79 12
6	84 6
6	83 6
6	85 6
6	79 14
6	84 7
6	83 7
6	85 7
6	79 15
6	84 8
6	83 8
6	85 8
6	79 17
6	84 9
6	83 9
6	85 9
6	79 13
6	84 10
6	83 10
6	85 10
6	79 13
6	84 11
6	83 11
6	85 11
6	79 12
6	84 12
6	83 12
6	85 12
6	79 15
6	84 13
6	83 13
6	85 13
6	79 13
6	84 14
6	83 14
6	85 14
6	79 11
6	84 15
6	83 15
6	85 15
6	79 14
6	84 16
6	83 16
6	85 16
6	79 17
6	84 17
6	83 17
6	85 17
6	79 15
6	84 18
6	83 18
6	85 18
6	79 12
6	84 19
6	83 19
6	85 19
6	79 16
6	84 20
6	83 20
6	85 20
6	79 14
6	84 1
6	83 1
6	85 1
6	79 13
6	84 2
6	83 2
6	85 2
6	79 11
6	84 3
6	83 3
6	85 3
6	79 11
6	84 4
6	83 4
6	85 4
6	79 17
6	84 5
6	83 5
6	85 5
6	79 18
6	84 6
6	83 6
6	85 6
6	79 13
6	84 7
6	83 7
6	85 7
6	79 13
6	84 8
6	83 8
6	85 8
6	79 17
6	84 9
6	83 9
6	85 9
6	79 12
6	84 10
6	83 10
6	85 10
6	79 14
6	84 11
6	83 11
6	85 11
6	79 12
6	84 12
6	83 12
6	85 12
6	79 16
6	84 13
6	83 13
6	85 13
6	79 12
6	84 14
6	83 14
6	85 14
6	79 12
6	84 15
6	83 15
6	85 15
6	79 13
6	84 16
6	83 16
6	85 16
6	79 13
6	84 17
6	83 17
6	85 17
6	79 10
6	84 18
6	83 18
6	85 18
6	79 18
6	84 19
6	83 19
6	85 19
6	79 15
6	84 20
6	83 20
6	85 20
6	79 13
6	84 1
6	83 1
6	85 1
6	79 15
6	84 2
6	83 2
6	85 2
6	79 14
6	84 3
6	83 3
6	85 3
6	79 16
6	84 4
6	83 4
6	85 4
6	79 16
6	84 5
6	83 5
6	85 5
6	79 11
6	84 6
6	83 6
6	85 6
6	79 13
6	84 7
6	83 7
6	85 7
6	79 15
6	84 8
6	83 8
6	85 8
6	79 14
6	84 9
6	83 9
6	85 9
6	79 12
6	84 10
6	83 10
6	85 10
6	79 11
6	84 11
6	83 11
6	85 11
6	79 12
6	84 12
6	83 12
6	85 12
6	79 17
6	84 13
6	83 13
6	85 13
6	79 14
6	84 14
6	83 14
6	85 14
6	79 10
6	84 15
6	83 15
6	85 15
6	79 15
6	84 16
6	83 16
6	85 16
6	79 10
6	84 17
6	83 17
6	85 17
6	79 10
6	84 18
6	83 18
6	85 18
6	79 13
6	84 19
6	83 19
6	85 19
6	79 16
6	84 20
6	83 20
6	85 20
6	79 14
6	84 1
6	83 1
6	85 1
6	79 11
6	84 2
6	83 2
6	85 2
6	79 13
6	84 3
6	83 3
6	85 3
6	79 16
6	84 4
6	83 4
6	85 4
6	79 14
6	84 5
6	83 5
6	85 5
6	79 14
6	84 6
6	83 6
6	85 6
6	79 10
6	84 7
6	83 7
6	85 7
6	79 13
6	84 8
6	83 8
6	85 8
6	79 11
6	84 9
6	83 9
6	85 9
6	79 14
6	84 10
6	83 10
6	85 10
6	79 17
6	84 11
6	83 11
6	85 11
6	79 12
6	84 12
6	83 12
6	85 12
6	79 12
6	84 13
6	85 13
6	79 17
6	84 14
6	83 14
6	85 14
6	79 11
6	84 15
6	83 15
6	85 15
6	79 13
6	84 16
6	83 16
6	85 16
6	79 12
6	84 17
6	83 17
6	85 17
6	79 12
6	84 18
6	83 18
6	85 18
6	79 11
6	84 19
6	83 19
6	85 19
6	79 18
6	84 20
6	83 20
6	85 20
6	79 14
6	84 1
6	83 1
6	85 1
6	79 12
6	84 2
6	83 2
6	85 2
6	79 13
6	84 3
6	83 3
6	85 3
6	79 10
6	84 4
6	83 4
6	85 4
6	79 18
6	84 5
6	83 5
6	85 5
6	79 17
6	84 6
6	83 6
6	85 6
6	79 15
6	84 7
6	83 7
6	85 7
6	79 11
6	84 8
6	83 8
6	85 8
6	79 14
6	84 9
6	83 9
6	85 9
6	79 11
6	84 10
6	84 11
6	83 11
6	85 11
6	79 12
6	84 12
6	83 12
6	85 10
6	79 179
6	83 12
6	85 12
6	79 26
6	84 13
6	83 13
6	85 13
6	79 17
6	84 14
6	83 14
6	85 14
6	79 15
6	84 15
6	83 15
6	85 15
6	79 12
6	84 16
6	83 16
6	85 16
6	79 17
6	84 17
6	83 17
6	85 17
6	79 18
6	84 18
6	83 18
6	85 18
6	79 16
6	84 19
6	83 19
6	85 19
6	79 18
6	84 20
6	83 20
6	85 20
6	79 17
6	84 1
6	83 1
6	85 1
6	79 17
6	84 2
6	83 2
6	85 2
6	79 14
6	84 3
6	83 3
6	85 3
6	79 15
6	84 4
6	83 4
6	85 4
6	79 13
6	84 5
6	83 5
6	85 5
6	79 20
6	84 6
6	83 6
6	85 6
6	79 15
6	84 7
6	83 7
6	85 7
6	79 17
6	84 8
6	83 8
6	85 8
6	79 15
6	84 9
6	83 9
6	85 9
6	79 12
6	84 10
6	83 10
6	85 10
6	79 18
6	84 11
6	83 11
6	85 11
6	79 13
6	84 12
6	83 12
6	85 12
6	79 15
6	84 13
6	83 13
6	85 13
6	79 14
6	84 14
6	83 14
6	85 14
6	79 15
6	84 15
6	83 15
6	85 15
6	79 17
6	84 16
6	83 16
6	85 16
6	79 18
6	84 17
6	83 17
6	85 17
6	79 15
6	84 18
6	83 18
6	85 18
6	79 16
6	84 19
6	83 19
6	85 19
6	79 12
6	84 20
6	83 20
6	85 20
6	79 16
6	84 1
6	83 1
6	85 1
6	79 18
6	84 2
6	83 2
6	85 2
6	79 15
6	84 3
6	83 3
6	85 3
6	79 15
6	84 4
6	83 4
6	85 4
6	79 15
6	84 5
6	83 5
6	85 5
6	79 14
6	83 2
6	79 11
6	84 3
6	83 3
6	85 3
6	79 13
6	84 4
6	83 4
6	85 4
6	79 14
6	84 5
6	83 5
6	85 5
6	79 14
6	84 6
6	83 6
6	85 6
6	79 17
6	84 7
6	83 7
6	85 7
6	79 13
6	84 8
6	83 8
6	85 8
6	79 15
6	84 9
6	83 9
6	85 9
6	79 14
6	83 10
6	85 10
6	79 15
6	84 11
6	83 11
6	85 11
6	79 12
6	84 12
6	83 12
6	85 12
6	79 16
6	84 13
6	83 13
6	85 13
6	79 15
6	84 14
6	83 14
6	85 14
6	79 13
6	84 15
6	83 15
6	85 15
6	79 13
6	84 16
6	83 16
6	85 16
6	79 15
6	84 17
6	83 17
6	85 17
6	79 15
6	84 18
6	83 18
6	85 18
6	79 16
6	84 19
6	83 19
6	85 19
6	79 17
6	84 20
6	83 20
6	85 20
6	79 12
6	84 1
6	83 1
6	85 1
6	79 16
6	84 2
6	83 2
6	85 2
6	79 12
6	84 3
6	83 3
6	85 3
6	79 14
6	84 4
6	83 4
6	85 4
6	79 16
6	84 5
6	83 5
6	85 5
6	79 15
6	84 6
6	84 7
6	83 7
6	85 7
6	79 15
6	84 8
6	83 8
6	85 6
6	79 173
6	83 8
6	85 8
6	79 22
6	84 9
6	83 9
6	85 9
6	79 16
6	84 10
6	83 10
6	85 10
6	79 14
6	84 11
6	83 11
6	85 11
6	79 15
6	84 12
6	83 12
6	85 12
6	79 18
6	84 13
6	83 13
6	85 13
6	79 17
6	84 14
6	83 14
6	85 14
6	79 13
6	84 15
6	83 15
6	85 15
6	79 17
6	84 16
6	83 16
6	85 16
6	79 15
6	84 17
6	83 17
6	85 17
6	79 18
6	84 18
6	83 18
6	85 18
6	79 16
6	84 19
6	83 19
6	85 19
6	79 14
6	84 20
6	83 20
6	85 20
6	79 18
6	84 1
6	83 1
6	85 1
6	79 17
6	84 2
6	83 2
6	85 2
6	79 12
6	84 3
6	83 3
6	85 3
6	79 17
6	84 4
6	83 4
6	85 4
6	79 14
6	84 5
6	83 5
6	85 5
6	79 13
6	84 6
6	83 6
6	85 6
6	79 16
6	84 7
6	83 7
6	85 7
6	79 13
6	84 8
6	83 8
6	85 8
6	79 15
6	84 9
6	83 9
6	85 9
6	79 16
6	84 10
6	83 10
6	85 10
6	79 16
6	84 11
6	83 11
6	85 11
6	79 18
6	84 12
6	83 12
6	85 12
6	79 14
6	84 13
6	83 13
6	85 13
6	79 18
6	84 14
6	83 14
6	85 14
6	79 16
6	84 15
6	84 16
6	83 16
6	85 16
6	79 14
6	84 17
6	83 17
6	85 15
6	79 175
6	83 17
6	85 17
6	79 22
6	84 18
6	83 18
6	85 18
6	79 15
6	84 19
6	83 19
6	85 19
6	79 11
6	84 20
6	83 20
6	85 20
6	79 11
6	84 1
6	83 1
6	85 1
6	79 15
6	84 2
6	83 2
6	85 2

7	DESTINATION_NODE 7
7	TEST_NUMBER 0
7	SENT_TOTAL 250
7	RECEIVED_TOTAL 250
7	TIME_TOTAL 19844
7	RECEIVED_RADIO_1 125
7	RECEIVED_RADIO_2 125
7	SENT_RADIO_1 123
7	SENT_RADIO_2 127
7	RADIO_TIME_1 19845
7	RADIO_TIME_2 19764
7	RETRANSMISSIONS_1 5
7	RETRANSMISSIONS_2 0
7	DROPPED_1 0
7	DROPPED_2 0
7	MAX_QUEUE 1
7	DUPLICATED_1 0
7	DUPLICATED_2 0
7	EBUSY_RADIO_1 0
7	EBUSY_RADIO_2 0
7	TEST_NUMBER 1
7	SENT_TOTAL 250
7	RECEIVED_TOTAL 250
7	TIME_TOTAL 19842
7	RECEIVED_RADIO_1 125
7	RECEIVED_RADIO_2 125
7	SENT_RADIO_1 123
7	SENT_RADIO_2 127
7	RADIO_TIME_1 19842
7	RADIO_TIME_2 19770
7	RETRANSMISSIONS_1 4
7	RETRANSMISSIONS_2 0
7	DROPPED_1 0
7	DROPPED_2 0
7	MAX_QUEUE 1
7	DUPLICATED_1 1
7	DUPLICATED_2 0
7	EBUSY_RADIO_1 0
7	EBUSY_RADIO_2 0
7	TEST_NUMBER 2
7	SENT_TOTAL 250
7	RECEIVED_TOTAL 250
7	TIME_TOTAL 19843
7	RECEIVED_RADIO_1 124
7	RECEIVED_RADIO_2 126
7	SENT_RADIO_1 122
7	SENT_RADIO_2 128
7	RADIO_TIME_1 19684
7	RADIO_TIME_2 19843
7	RETRANSMISSIONS_1 5
7	RETRANSMISSIONS_2 0
7	DROPPED_1 0
7	DROPPED_2 0
7	MAX_QUEUE 1
7	DUPLICATED_1 1
7	DUPLICATED_2 0
7	EBUSY_RADIO_1 0
7	EBUSY_RADIO_2 0
7	TEST_NUMBER 3
7	SENT_TOTAL 250
7	RECEIVED_TOTAL 250
7	TIME_TOTAL 19843
7	RECEIVED_RADIO_1 124
7	RECEIVED_RADIO_2 126
7	SENT_RADIO_1 123
7	SENT_RADIO_2 127
7	RADIO_TIME_1 19843
7	RADIO_TIME_2 19766
7	RETRANSMISSIONS_1 5
7	RETRANSMISSIONS_2 0
7	DROPPED_1 0
7	DROPPED_2 0
7	MAX_QUEUE 1
7	DUPLICATED_1 2
7	DUPLICATED_2 0
7	EBUSY_RADIO_1 0
7	EBUSY_RADIO_2 0
7	TEST_NUMBER 4
7	SENT_TOTAL 250
7	RECEIVED_TOTAL 250
7	TIME_TOTAL 19846
7	RECEIVED_RADIO_1 125
7	RECEIVED_RADIO_2 125
7	SENT_RADIO_1 124
7	SENT_RADIO_2 126
7	RADIO_TIME_1 19846
7	RADIO_TIME_2 19846
7	RETRANSMISSIONS_1 2
7	RETRANSMISSIONS_2 0
7	DROPPED_1 0
7	DROPPED_2 0
7	MAX_QUEUE 1
7	DUPLICATED_1 0
7	DUPLICATED_2 0
7	EBUSY_RADIO_1 0
7	EBUSY_RADIO_2 0
7	TEST_NUMBER 5
7	SENT_TOTAL 250
7	RECEIVED_TOTAL 250
7	TIME_TOTAL 19841
7	RECEIVED_RADIO_1 125
7	RECEIVED_RADIO_2 125
7	SENT_RADIO_1 122
7	SENT_RADIO_2 128
7	RADIO_TIME_1 19764
7	RADIO_TIME_2 19841
7	RETRANSMISSIONS_1 5
7	RETRANSMISSIONS_2 0
7	DROPPED_1 0
7	DROPPED_2 0
7	MAX_QUEUE 1
7	DUPLICATED_1 0
7	DUPLICATED_2 0
7	EBUSY_RADIO_1 0
7	EBUSY_RADIO_2 0
7	TEST_NUMBER 6
7	SENT_TOTAL 250
7	RECEIVED_TOTAL 250
7	TIME_TOTAL 19840
7	RECEIVED_RADIO_1 125
7	RECEIVED_RADIO_2 125
7	SENT_RADIO_1 122
7	SENT_RADIO_2 127
7	RADIO_TIME_1 19840
7	RADIO_TIME_2 19761
7	RETRANSMISSIONS_1 7
7	RETRANSMISSIONS_2 0
7	DROPPED_1 0
7	DROPPED_2 0
7	MAX_QUEUE 1
7	DUPLICATED_1 0
7	DUPLICATED_2 0
7	EBUSY_RADIO_1 0
7	EBUSY_RADIO_2 0
