
18	SOURCE_NODE 18
18	84 1
18	84 2
18	83 2
18	85 2
18	79 19
18	84 3
18	84 4
18	83 4
18	85 4
18	79 15
18	84 5
18	84 6
18	84 7
18	84 8
18	83 8
18	85 8
18	79 15
18	84 9
18	84 10
18	84 11
18	84 12
18	83 12
18	85 12
18	79 15
18	84 13
18	84 14
18	84 15
18	84 16
18	83 16
18	85 16
18	79 16
18	84 17
18	84 18
18	84 19
18	84 20
18	83 20
18	85 20
18	79 15
18	84 1
18	84 2
18	84 3
18	84 4
18	83 4
18	85 4
18	79 16
18	84 5
18	84 6
18	84 7
18	84 8
18	83 8
18	85 8
18	79 17
18	84 9
18	84 10
18	84 11
18	84 12
18	83 12
18	85 12
18	79 14
18	84 13
18	84 14
18	84 15
18	84 16
18	83 16
18	85 16
18	79 16
18	84 17
18	84 18
18	84 19
18	84 20
18	83 20
18	85 20
18	79 15
18	84 1
18	84 2
18	84 3
18	84 4
18	83 4
18	85 4
18	79 14
18	84 5
18	84 6
18	84 7
18	84 8
18	83 8
18	85 8
18	79 15
18	84 9
18	84 10
18	84 11
18	84 12
18	83 12
18	85 12
18	79 14
18	84 13
18	84 14
18	84 15
18	83 15
18	85 14
18	79 135
18	84 16
18	83 16
18	85 16
18	79 18
18	84 17
18	84 18
18	84 19
18	84 20
18	83 20
18	85 20
18	79 16
18	84 1
18	84 2
18	84 3
18	84 4
18	83 4
18	85 4
18	79 12
18	84 5
18	84 6
18	84 7
18	84 8
18	83 8
18	85 8
18	79 15
18	84 9
18	84 10
18	84 11
18	84 12
18	83 12
18	85 12
18	79 19
18	84 13
18	84 14
18	84 15
18	84 16
18	83 16
18	85 16
18	79 15
18	84 17
18	84 18
18	84 19
18	84 20
18	83 20
18	85 20
18	79 17
18	84 1
18	84 2
18	83 2
18	85 2
18	79 36
18	84 3
18	84 4
18	83 4
18	85 4
18	79 12
18	84 5
18	84 6
18	84 7
18	84 8
18	83 8
18	85 8
18	79 11
18	84 9
18	84 10
18	84 11
18	84 12
18	83 12
18	85 12
18	79 15
18	84 13
18	84 14
18	84 15
18	84 16
18	83 16
18	85 16
18	79 14
18	84 17
18	84 18
18	84 19
18	84 20
18	83 20
18	85 20
18	79 17
18	84 1
18	84 2
18	84 3
18	84 4
18	83 4
18	85 4
18	79 13
18	84 5
18	84 6
18	84 7
18	84 8
18	83 8
18	85 8
18	79 12
18	84 9
18	84 10
18	84 11
18	84 12
18	83 12
18	85 12
18	79 16
18	84 13
18	84 14
18	84 15
18	84 16
18	83 16
18	85 16
18	79 13
18	84 17
18	84 18
18	84 19
18	84 20
18	83 20
18	85 20
18	79 13
18	84 1
18	84 2
18	84 3
18	84 4
18	83 4
18	85 4
18	79 14
18	84 5
18	84 6
18	84 7
18	84 8
18	83 8
18	85 8
18	79 13
18	84 9
18	84 10
18	84 11
18	84 12
18	83 12
18	85 12
18	79 18
18	84 13
18	84 14
18	84 15
18	84 16
18	83 16
18	85 16
18	79 15
18	84 17
18	84 18
18	84 19
18	84 20
18	83 20
18	85 20
18	79 15
18	84 1
18	84 2
18	84 3
18	84 4
18	83 4
18	85 4
18	79 16
18	84 5
18	84 6
18	84 7
18	84 8
18	83 8
18	85 8
18	79 15
18	84 9
18	84 10
18	84 11
18	84 12
18	83 12
18	85 12
18	79 16
18	84 13
18	84 14
18	84 15
18	84 16
18	83 16
18	85 16
18	79 14
18	84 17
18	84 18
18	84 19
18	83 19
18	85 18
18	79 141
18	84 20
18	83 20
18	85 20
18	79 16
18	84 1
18	84 2
18	84 3
18	84 4
18	83 4
18	85 4
18	79 15
18	84 5
18	84 6
18	84 7
18	84 8
18	83 8
18	85 8
18	79 15
18	84 9
18	84 10
18	84 11
18	84 12
18	83 12
18	85 12
18	79 15
18	84 13
18	84 14
18	84 15
18	84 16
18	83 16
18	85 16
18	79 15
18	84 17
18	84 18
18	84 19
18	84 20
18	83 20
18	85 20
18	79 12
18	84 1
18	84 2
18	84 3
18	84 4
18	83 4
18	85 4
18	79 13
18	84 5
18	84 6
18	84 7
18	84 8
18	83 8
18	85 8
18	79 15
18	84 9
18	84 10
18	84 11
18	84 12
18	83 12
18	85 12
18	79 15
18	84 13
18	84 14
18	83 14
18	85 14
18	79 23
18	84 15
18	84 16
18	84 17
18	84 18
18	83 18
18	85 18
18	79 13
18	84 19
18	84 20
18	84 1
18	84 2
18	83 2
18	85 2
18	79 14
18	84 3
18	84 4
18	84 5
18	84 6
18	83 6
18	85 6
18	79 15
18	84 7
18	84 8
18	84 9
18	84 10
18	83 10
18	85 10
18	79 16
18	84 11
18	84 12
18	83 12
18	85 12
18	79 26
18	84 13
18	84 14
18	83 14
18	85 14
18	79 16
18	84 15
18	84 16
18	84 17
18	84 18
18	83 18
18	85 18
18	79 17
18	84 19
18	84 20
18	84 1
18	84 2
18	83 2
18	85 2
18	79 14
18	84 3
18	84 4
18	84 5
18	84 6
18	83 6
18	85 6
18	79 16
18	84 7
18	84 8
18	84 9
18	84 10
18	83 10
18	85 10
18	79 15
18	84 11
18	84 12
18	84 13
18	84 14
18	83 14
18	85 14
18	79 15
18	84 15
18	84 16
18	84 17
18	84 18
18	83 18
18	85 18
18	79 14
18	84 19
18	84 20
18	84 1
18	84 2
18	83 2
18	85 2
18	79 15
18	84 3
18	84 4
18	84 5
18	84 6
18	83 6
18	85 6
18	79 16
18	84 7
18	84 8
18	84 9
18	84 10
18	TEST_NUMBER 0
18	SENT_TOTAL 250
18	RECEIVED_TOTAL 67
18	TIME_TOTAL 19441
18	RECEIVED_RADIO_1 5
18	RECEIVED_RADIO_2 62
18	SENT_RADIO_1 125
18	SENT_RADIO_2 124
18	RADIO_TIME_1 19763
18	RADIO_TIME_2 19763
18	RETRANSMISSIONS_1 0
18	RETRANSMISSIONS_2 0
18	DROPPED_1 0
18	DROPPED_2 0
18	MAX_QUEUE 1
18	DUPLICATED_1 0
18	DUPLICATED_2 0
18	EBUSY_RADIO_1 0
18	EBUSY_RADIO_2 0
18	83 0
18	85 10
18	86 0
18	84 1
18	84 2
18	84 3
18	84 4
18	83 4
18	85 4
18	79 15
18	84 5
18	84 6
18	84 7
18	84 8
18	83 8
18	85 8
18	79 18
18	84 9
18	84 10
18	84 11
18	84 12
18	83 12
18	85 12
18	79 15
18	84 13
18	84 14
18	83 14
18	85 14
18	79 23
18	84 15
18	84 16
18	83 16
18	85 16
18	79 13
18	84 17
18	84 18
18	84 19
18	84 20
18	83 20
18	85 20
18	79 17
18	84 1
18	84 2
18	84 3
18	84 4
18	83 4
18	85 4
18	79 16
18	84 5
18	84 6
18	84 7
18	84 8
18	83 8
18	85 8
18	79 17
18	84 9
18	84 10
18	84 11
18	84 12
18	83 12
18	85 12
18	79 16
18	84 13
18	84 14
18	84 15
18	84 16
18	83 16
18	85 16
18	79 19
18	84 17
18	84 18
18	84 19
18	84 20
18	83 20
18	85 20
18	79 14
18	84 1
18	84 2
18	84 3
18	84 4
18	83 4
18	85 4
18	79 16
18	84 5
18	84 6
18	84 7
18	84 8
18	83 8
18	85 8
18	79 14
18	84 9
18	84 10
18	84 11
18	84 12
18	83 12
18	85 12
18	79 12
18	84 13
18	84 14
18	84 15
18	84 16
18	83 16
18	85 16
18	79 14
18	84 17
18	84 18
18	84 19
18	84 20
18	83 20
18	85 20
18	79 15
18	84 1
18	84 2
18	84 3
18	84 4
18	83 4
18	85 4
18	79 19
18	84 5
18	84 6
18	84 7
18	84 8
18	83 8
18	85 8
18	79 14
18	84 9
18	84 10
18	84 11
18	84 12
18	83 12
18	85 12
18	79 15
18	84 13
18	84 14
18	84 15
18	84 16
18	83 16
18	85 16
18	79 17
18	84 17
18	84 18
18	84 19
18	84 20
18	83 20
18	85 20
18	79 16
18	84 1
18	84 2
18	84 3
18	84 4
18	83 4
18	85 4
18	79 13
18	84 5
18	84 6
18	83 6
18	85 6
18	79 36
18	84 7
18	84 8
18	83 8
18	85 8
18	79 15
18	84 9
18	84 10
18	84 11
18	84 12
18	83 12
18	85 12
18	79 19
18	84 13
18	84 14
18	84 15
18	84 16
18	83 16
18	85 16
18	79 14
18	84 17
18	84 18
18	84 19
18	84 20
18	83 20
18	85 20
18	79 13
18	84 1
18	84 2
18	84 3
18	84 4
18	83 4
18	85 4
18	79 14
18	84 5
18	84 6
18	84 7
18	84 8
18	83 8
18	85 8
18	79 13
18	84 9
18	84 10
18	84 11
18	84 12
18	83 12
18	85 12
18	79 18
18	84 13
18	84 14
18	84 15
18	84 16
18	83 16
18	85 16
18	79 16
18	84 17
18	84 18
18	84 19
18	84 20
18	83 20
18	85 20
18	79 16
18	84 1
18	84 2
18	84 3
18	84 4
18	83 4
18	85 4
18	79 18
18	84 5
18	84 6
18	84 7
18	84 8
18	83 8
18	85 8
18	79 11
18	84 9
18	84 10
18	84 11
18	84 12
18	83 12
18	85 12
18	79 11
18	84 13
18	84 14
18	84 15
18	84 16
18	83 16
18	85 16
18	79 11
18	84 17
18	84 18
18	84 19
18	84 20
18	83 20
18	85 20
18	79 16
18	84 1
18	84 2
18	84 3
18	84 4
18	83 4
18	85 4
18	79 11
18	84 5
18	84 6
18	84 7
18	84 8
18	83 8
18	85 8
18	79 18
18	84 9
18	84 10
18	83 10
18	85 10
18	79 33
18	84 11
18	84 12
18	83 12
18	85 12
18	79 13
18	84 13
18	84 14
18	84 15
18	84 16
18	83 16
18	85 16
18	79 15
18	84 17
18	84 18
18	84 19
18	84 20
18	83 20
18	85 20
18	79 13
18	84 1
18	84 2
18	84 3
18	84 4
18	83 4
18	85 4
18	79 18
18	84 5
18	83 5
18	85 5
18	79 35
18	84 6
18	84 7
18	83 7
18	85 7
18	79 15
18	84 8
18	84 9
18	84 10
18	84 11
18	83 11
18	85 11
18	79 14
18	84 12
18	84 13
18	84 14
18	84 15
18	83 15
18	85 15
18	79 18
18	84 16
18	84 17
18	84 18
18	84 19
18	83 19
18	85 19
18	79 19
18	84 20
18	84 1
18	84 2
18	84 3
18	83 3
18	85 3
18	79 18
18	84 4
18	84 5
18	84 6
18	84 7
18	83 7
18	85 7
18	79 19
18	84 8
18	84 9
18	84 10
18	84 11
18	83 11
18	85 11
18	79 12
18	84 12
18	84 13
18	84 14
18	84 15
18	83 15
18	85 15
18	79 12
18	84 16
18	84 17
18	84 18
18	84 19
18	83 19
18	85 19
18	79 15
18	84 20
18	84 1
18	84 2
18	84 3
18	83 3
18	85 3
18	79 13
18	84 4
18	84 5
18	84 6
18	84 7
18	83 7
18	85 7
18	79 16
18	84 8
18	84 9
18	84 10
18	84 11
18	84 12
18	84 13
18	83 13
18	85 11
18	79 176
18	84 14
18	84 15
18	84 16
18	83 16
18	85 16
18	79 15
18	84 17
18	84 18
18	84 19
18	83 19
18	85 18
18	79 136
18	84 20
18	83 20
18	85 20
18	79 15
18	84 1
18	84 2
18	84 3
18	84 4
18	83 4
18	85 4
18	79 16
18	84 5
18	84 6
18	83 6
18	85 6
18	79 19
18	84 7
18	84 8
18	84 9
18	84 10
18	83 10
18	85 10
18	79 17
18	84 11
18	84 12
18	84 13
18	84 14
18	83 14
18	85 14
18	79 13
18	84 15
18	84 16
18	84 17
18	83 17
18	85 16
18	79 126
18	84 18
18	83 18
18	85 18
18	79 15
18	84 19
18	84 20
18	84 1
18	84 2
18	83 2
18	85 2
18	79 17
18	84 3
18	84 4
18	84 5
18	84 6
18	83 6
18	85 6
18	79 14
18	84 7
18	84 8
18	84 9
18	84 10
18	TEST_NUMBER 1
18	SENT_TOTAL 250
18	RECEIVED_TOTAL 68
18	TIME_TOTAL 29563
18	RECEIVED_RADIO_1 6
18	RECEIVED_RADIO_2 63
18	SENT_RADIO_1 125
18	SENT_RADIO_2 125
18	RADIO_TIME_1 19763
18	RADIO_TIME_2 29867
18	RETRANSMISSIONS_1 1
18	RETRANSMISSIONS_2 1
18	DROPPED_1 0
18	DROPPED_2 0
18	MAX_QUEUE 1
18	DUPLICATED_1 0
18	DUPLICATED_2 0
18	EBUSY_RADIO_1 0
18	EBUSY_RADIO_2 0
18	83 0
18	85 10
18	86 1
18	84 1
18	84 2
18	84 3
18	84 4
18	83 4
18	85 4
18	79 15
18	84 5
18	84 6
18	84 7
18	84 8
18	83 8
18	85 8
18	79 13
18	84 9
18	84 10
18	84 11
18	84 12
18	83 12
18	85 12
18	79 13
18	84 13
18	84 14
18	84 15
18	84 16
18	83 16
18	85 16
18	79 13
18	84 17
18	84 18
18	84 19
18	84 20
18	83 20
18	85 20
18	79 15
18	84 1
18	84 2
18	84 3
18	84 4
18	83 4
18	85 4
18	79 16
18	84 5
18	84 6
18	84 7
18	84 8
18	83 8
18	85 8
18	79 13
18	84 9
18	84 10
18	84 11
18	84 12
18	83 12
18	85 12
18	79 15
18	84 13
18	84 14
18	84 15
18	84 16
18	83 16
18	85 16
18	79 14
18	84 17
18	84 18
18	84 19
18	84 20
18	83 20
18	85 20
18	79 17
18	84 1
18	84 2
18	84 3
18	84 4
18	83 4
18	85 4
18	79 14
18	84 5
18	84 6
18	84 7
18	84 8
18	83 8
18	85 8
18	79 13
18	84 9
18	84 10
18	84 11
18	84 12
18	83 12
18	85 12
18	79 15
18	84 13
18	84 14
18	83 14
18	85 14
18	79 28
18	84 15
18	84 16
18	83 16
18	85 16
18	79 19
18	84 17
18	84 18
18	84 19
18	84 20
18	83 20
18	85 20
18	79 13
18	84 1
18	84 2
18	84 3
18	84 4
18	83 4
18	85 4
18	79 15
18	84 5
18	84 6
18	84 7
18	84 8
18	83 8
18	85 8
18	79 17
18	84 9
18	84 10
18	84 11
18	84 12
18	83 12
18	85 12
18	79 15
18	84 13
18	84 14
18	84 15
18	84 16
18	83 16
18	85 16
18	79 16
18	84 17
18	84 18
18	84 19
18	84 20
18	83 20
18	85 20
18	79 18
18	84 1
18	84 2
18	84 3
18	84 4
18	83 4
18	85 4
18	79 15
18	84 5
18	84 6
18	84 7
18	84 8
18	83 8
18	85 8
18	79 13
18	84 9
18	84 10
18	84 11
18	84 12
18	83 12
18	85 12
18	79 12
18	84 13
18	84 14
18	84 15
18	84 16
18	83 16
18	85 16
18	79 17
18	84 17
18	84 18
18	84 19
18	84 20
18	83 20
18	85 20
18	79 14
18	84 1
18	84 2
18	84 3
18	84 4
18	83 4
18	85 4
18	79 16
18	84 5
18	84 6
18	84 7
18	84 8
18	83 8
18	85 8
18	79 16
18	84 9
18	84 10
18	84 11
18	84 12
18	83 12
18	85 12
18	79 14
18	84 13
18	84 14
18	84 15
18	84 16
18	83 16
18	85 16
18	79 13
18	84 17
18	84 18
18	84 19
18	84 20
18	83 20
18	85 20
18	79 15
18	84 1
18	84 2
18	84 3
18	84 4
18	83 4
18	85 4
18	79 16
18	84 5
18	84 6
18	83 6
18	85 6
18	79 27
18	84 7
18	84 8
18	83 8
18	85 8
18	79 14
18	84 9
18	84 10
18	84 11
18	84 12
18	83 12
18	85 12
18	79 16
18	84 13
18	84 14
18	84 15
18	84 16
18	83 16
18	85 16
18	79 16
18	84 17
18	84 18
18	84 19
18	84 20
18	83 20
18	85 20
18	79 15
18	84 1
18	84 2
18	84 3
18	84 4
18	83 4
18	85 4
18	79 17
18	84 5
18	84 6
18	84 7
18	84 8
18	83 8
18	85 8
18	79 11
18	84 9
18	84 10
18	84 11
18	84 12
18	83 12
18	85 12
18	79 18
18	84 13
18	84 14
18	84 15
18	84 16
18	83 16
18	85 16
18	79 17
18	84 17
18	84 18
18	84 19
18	84 20
18	83 20
18	85 20
18	79 16
18	84 1
18	84 2
18	84 3
18	84 4
18	83 4
18	85 4
18	79 14
18	84 5
18	84 6
18	84 7
18	84 8
18	83 8
18	85 8
18	79 19
18	84 9
18	84 10
18	84 11
18	84 12
18	83 12
18	85 12
18	79 16
18	84 13
18	84 14
18	84 15
18	84 16
18	83 16
18	85 16
18	79 16
18	84 17
18	84 18
18	84 19
18	84 20
18	83 20
18	85 20
18	79 14
18	84 1
18	84 2
18	84 3
18	84 4
18	83 4
18	85 4
18	79 13
18	84 5
18	84 6
18	84 7
18	84 8
18	84 9
18	83 9
18	85 9
18	79 11
18	84 10
18	84 11
18	84 12
18	84 13
18	83 13
18	85 13
18	79 16
18	84 14
18	84 15
18	84 16
18	84 17
18	84 18
18	84 19
18	83 19
18	85 19
18	79 17
18	84 20
18	84 1
18	84 2
18	84 3
18	83 3
18	85 3
18	79 10
18	84 4
18	84 5
18	84 6
18	84 7
18	83 7
18	85 7
18	79 15
18	84 8
18	84 9
18	84 10
18	84 11
18	83 11
18	85 11
18	79 11
18	84 12
18	84 13
18	84 14
18	84 15
18	83 15
18	85 15
18	79 16
18	84 16
18	84 17
18	84 18
18	84 19
18	83 19
18	85 19
18	79 15
18	84 20
18	84 1
18	84 2
18	84 3
18	83 3
18	85 3
18	79 16
18	84 4
18	84 5
18	84 6
18	84 7
18	83 7
18	85 7
18	79 11
18	84 8
18	84 9
18	84 10
18	84 11
18	83 11
18	85 11
18	79 16
18	84 12
18	84 13
18	84 14
18	84 15
18	83 15
18	85 15
18	79 15
18	84 16
18	84 17
18	84 18
18	84 19
18	83 19
18	85 19
18	79 11
18	84 20
18	84 1
18	84 2
18	84 3
18	84 4
18	83 4
18	85 4
18	79 17
18	84 5
18	84 6
18	84 7
18	84 8
18	83 8
18	85 8
18	79 18
18	84 9
18	84 10
18	TEST_NUMBER 2
18	SENT_TOTAL 250
18	RECEIVED_TOTAL 63
18	TIME_TOTAL 29727
18	RECEIVED_RADIO_1 2
18	RECEIVED_RADIO_2 62
18	SENT_RADIO_1 126
18	SENT_RADIO_2 124
18	RADIO_TIME_1 19763
18	RADIO_TIME_2 29868
18	RETRANSMISSIONS_1 0
18	RETRANSMISSIONS_2 2
18	DROPPED_1 0
18	DROPPED_2 0
18	MAX_QUEUE 1
18	DUPLICATED_1 0
18	DUPLICATED_2 1
18	EBUSY_RADIO_1 0
18	EBUSY_RADIO_2 0
18	83 0
18	85 10
18	86 2
18	84 1
18	84 2
18	83 2
18	85 2
18	79 17
18	84 3
18	84 4
18	83 4
18	85 4
18	79 35
18	84 5
18	84 6
18	83 6
18	85 6
18	79 15
18	84 7
18	84 8
18	84 9
18	84 10
18	83 10
18	85 10
18	79 15
18	84 11
18	84 12
18	84 13
18	84 14
18	83 14
18	85 14
18	79 16
18	84 15
18	84 16
18	84 17
18	84 18
18	83 18
18	85 18
18	79 18
18	84 19
18	84 20
18	84 1
18	84 2
18	83 2
18	85 2
18	79 17
18	84 3
18	84 4
18	84 5
18	84 6
18	83 6
18	85 6
18	79 16
18	84 7
18	84 8
18	84 9
18	84 10
18	83 10
18	85 10
18	79 16
18	84 11
18	84 12
18	84 13
18	84 14
18	83 14
18	85 14
18	79 11
18	84 15
18	84 16
18	84 17
18	84 18
18	83 18
18	85 18
18	79 15
18	84 19
18	84 20
18	84 1
18	84 2
18	83 2
18	85 2
18	79 14
18	84 3
18	84 4
18	84 5
18	84 6
18	83 6
18	85 6
18	79 15
18	84 7
18	84 8
18	84 9
18	84 10
18	83 10
18	85 10
18	79 18
18	84 11
18	84 12
18	84 13
18	84 14
18	83 14
18	85 14
18	79 14
18	84 15
18	84 16
18	84 17
18	84 18
18	83 18
18	85 18
18	79 13
18	84 19
18	84 20
18	84 1
18	84 2
18	83 2
18	85 2
18	79 15
18	84 3
18	84 4
18	84 5
18	84 6
18	83 6
18	85 6
18	79 13
18	84 7
18	84 8
18	84 9
18	84 10
18	84 11
18	84 12
18	83 12
18	85 10
18	79 176
18	84 13
18	84 14
18	84 15
18	83 15
18	85 15
18	79 18
18	84 16
18	84 17
18	84 18
18	84 19
18	83 19
18	85 19
18	79 17
18	84 20
18	84 1
18	84 2
18	84 3
18	83 3
18	85 3
18	79 15
18	84 4
18	84 5
18	84 6
18	84 7
18	83 7
18	85 7
18	79 16
18	84 8
18	84 9
18	84 10
18	84 11
18	83 11
18	85 11
18	79 12
18	84 12
18	84 13
18	84 14
18	84 15
18	83 15
18	85 15
18	79 15
18	84 16
18	84 17
18	84 18
18	84 19
18	83 19
18	85 19
18	79 17
18	84 20
18	84 1
18	84 2
18	84 3
18	83 3
18	85 3
18	79 16
18	84 4
18	84 5
18	84 6
18	84 7
18	83 7
18	85 7
18	79 17
18	84 8
18	84 9
18	84 10
18	84 11
18	83 11
18	85 11
18	79 14
18	84 12
18	84 13
18	84 14
18	84 15
18	83 15
18	85 15
18	79 13
18	84 16
18	84 17
18	84 18
18	84 19
18	83 19
18	85 19
18	79 16
18	84 20
18	84 1
18	84 2
18	84 3
18	83 3
18	85 3
18	79 13
18	84 4
18	84 5
18	84 6
18	84 7
18	84 8
18	83 8
18	85 8
18	79 12
18	84 9
18	84 10
18	84 11
18	84 12
18	83 12
18	85 12
18	79 15
18	84 13
18	84 14
18	84 15
18	84 16
18	83 16
18	85 16
18	79 18
18	84 17
18	84 18
18	84 19
18	84 20
18	83 20
18	85 20
18	79 15
18	84 1
18	84 2
18	84 3
18	84 4
18	83 4
18	85 4
18	79 18
18	84 5
18	84 6
18	84 7
18	84 8
18	83 8
18	85 8
18	79 15
18	84 9
18	84 10
18	84 11
18	84 12
18	83 12
18	85 12
18	79 15
18	84 13
18	84 14
18	84 15
18	84 16
18	83 16
18	85 16
18	79 17
18	84 17
18	84 18
18	84 19
18	84 20
18	83 20
18	85 20
18	79 17
18	84 1
18	84 2
18	84 3
18	84 4
18	83 4
18	85 4
18	79 18
18	84 5
18	84 6
18	84 7
18	84 8
18	83 8
18	85 8
18	79 13
18	84 9
18	84 10
18	84 11
18	84 12
18	83 12
18	85 12
18	79 17
18	84 13
18	84 14
18	84 15
18	84 16
18	83 16
18	85 16
18	79 14
18	84 17
18	84 18
18	84 19
18	84 20
18	83 20
18	85 20
18	79 15
18	84 1
18	84 2
18	84 3
18	84 4
18	83 4
18	85 4
18	79 18
18	84 5
18	84 6
18	83 6
18	85 6
18	79 22
18	84 7
18	84 8
18	83 8
18	85 8
18	79 15
18	84 9
18	84 10
18	84 11
18	84 12
18	83 12
18	85 12
18	79 17
18	84 13
18	84 14
18	84 15
18	84 16
18	83 16
18	85 16
18	79 13
18	84 17
18	84 18
18	84 19
18	84 20
18	83 20
18	85 20
18	79 16
18	84 1
18	84 2
18	84 3
18	84 4
18	83 4
18	85 4
18	79 13
18	84 5
18	84 6
18	84 7
18	84 8
18	83 8
18	85 8
18	79 17
18	84 9
18	84 10
18	84 11
18	84 12
18	83 12
18	85 12
18	79 15
18	84 13
18	84 14
18	84 15
18	84 16
18	83 16
18	85 16
18	79 14
18	84 17
18	84 18
18	84 19
18	84 20
18	83 20
18	85 20
18	79 12
18	84 1
18	84 2
18	84 3
18	84 4
18	83 4
18	85 4
18	79 14
18	84 5
18	84 6
18	84 7
18	84 8
18	83 8
18	85 8
18	79 12
18	84 9
18	84 10
18	84 11
18	84 12
18	83 12
18	85 12
18	79 18
18	84 13
18	84 14
18	84 15
18	84 16
18	83 16
18	85 16
18	79 15
18	84 17
18	84 18
18	84 19
18	84 20
18	83 20
18	85 20
18	79 18
18	84 1
18	84 2
18	84 3
18	84 4
18	83 4
18	85 4
18	79 18
18	84 5
18	84 6
18	84 7
18	84 8
18	83 8
18	85 8
18	79 18
18	84 9
18	84 10
18	TEST_NUMBER 3
18	SENT_TOTAL 250
18	RECEIVED_TOTAL 64
18	TIME_TOTAL 29608
18	RECEIVED_RADIO_1 3
18	RECEIVED_RADIO_2 62
18	SENT_RADIO_1 126
18	SENT_RADIO_2 124
18	RADIO_TIME_1 29670
18	RADIO_TIME_2 19763
18	RETRANSMISSIONS_1 0
18	RETRANSMISSIONS_2 2
18	DROPPED_1 0
18	DROPPED_2 0
18	MAX_QUEUE 1
18	DUPLICATED_1 0
18	DUPLICATED_2 0
18	EBUSY_RADIO_1 0
18	EBUSY_RADIO_2 0
18	83 0
18	85 10
18	86 3
18	84 1
18	84 2
18	83 2
18	85 2
18	79 17
18	84 3
18	84 4
18	84 5
18	84 6
18	83 6
18	85 6
18	79 14
18	84 7
18	84 8
18	84 9
18	84 10
18	83 10
18	85 10
18	79 14
18	84 11
18	84 12
18	84 13
18	84 14
18	83 14
18	85 14
18	79 18
18	84 15
18	84 16
18	84 17
18	84 18
18	83 18
18	85 18
18	79 14
18	84 19
18	84 20
18	84 1
18	84 2
18	83 2
18	85 2
18	79 13
18	84 3
18	84 4
18	84 5
18	84 6
18	83 6
18	85 6
18	79 15
18	84 7
18	84 8
18	84 9
18	84 10
18	83 10
18	85 10
18	79 13
18	84 11
18	84 12
18	84 13
18	84 14
18	83 14
18	85 14
18	79 15
18	84 15
18	84 16
18	84 17
18	84 18
18	83 18
18	85 18
18	79 18
18	84 19
18	84 20
18	83 20
18	85 20
18	79 30
18	84 1
18	84 2
18	83 2
18	85 2
18	79 16
18	84 3
18	84 4
18	84 5
18	84 6
18	83 6
18	85 6
18	79 15
18	84 7
18	84 8
18	84 9
18	84 10
18	83 10
18	85 10
18	79 16
18	84 11
18	84 12
18	84 13
18	84 14
18	83 14
18	85 14
18	79 18
18	84 15
18	84 16
18	84 17
18	84 18
18	83 18
18	85 18
18	79 14
18	84 19
18	84 20
18	84 1
18	84 2
18	83 2
18	85 2
18	79 12
18	84 3
18	84 4
18	84 5
18	84 6
18	83 6
18	85 6
18	79 17
18	84 7
18	84 8
18	84 9
18	84 10
18	83 10
18	85 10
18	79 17
18	84 11
18	84 12
18	84 13
18	84 14
18	83 14
18	85 14
18	79 13
18	84 15
18	84 16
18	84 17
18	84 18
18	83 18
18	85 18
18	79 15
18	84 19
18	84 20
18	84 1
18	84 2
18	83 2
18	85 2
18	79 15
18	84 3
18	84 4
18	84 5
18	84 6
18	83 6
18	85 6
18	79 14
18	84 7
18	84 8
18	84 9
18	84 10
18	83 10
18	85 10
18	79 14
18	84 11
18	84 12
18	84 13
18	83 13
18	85 12
18	79 127
18	84 14
18	83 14
18	85 14
18	79 15
18	84 15
18	84 16
18	84 17
18	84 18
18	83 18
18	85 18
18	79 14
18	84 19
18	84 20
18	84 1
18	84 2
18	84 3
18	83 3
18	85 3
18	79 17
18	84 4
18	84 5
18	84 6
18	84 7
18	83 7
18	85 7
18	79 12
18	84 8
18	84 9
18	84 10
18	84 11
18	83 11
18	85 11
18	79 18
18	84 12
18	84 13
18	84 14
18	84 15
18	83 15
18	85 15
18	79 13
18	84 16
18	84 17
18	84 18
18	84 19
18	83 19
18	85 19
18	79 15
18	84 20
18	84 1
18	84 2
18	84 3
18	83 3
18	85 3
18	79 15
18	84 4
18	84 5
18	84 6
18	84 7
18	83 7
18	85 7
18	79 13
18	84 8
18	84 9
18	84 10
18	84 11
18	83 11
18	85 11
18	79 16
18	84 12
18	84 13
18	84 14
18	84 15
18	83 15
18	85 15
18	79 11
18	84 16
18	84 17
18	84 18
18	84 19
18	83 19
18	85 19
18	79 16
18	84 20
18	84 1
18	84 2
18	84 3
18	83 3
18	85 3
18	79 15
18	84 4
18	84 5
18	84 6
18	84 7
18	83 7
18	85 7
18	79 17
18	84 8
18	84 9
18	84 10
18	84 11
18	83 11
18	85 11
18	79 17
18	84 12
18	84 13
18	84 14
18	84 15
18	84 16
18	84 17
18	83 17
18	85 15
18	79 178
18	84 18
18	84 19
18	84 20
18	83 20
18	85 20
18	79 12
18	84 1
18	84 2
18	84 3
18	84 4
18	83 4
18	85 4
18	79 20
18	84 5
18	84 6
18	84 7
18	84 8
18	83 8
18	85 8
18	79 15
18	84 9
18	84 10
18	84 11
18	84 12
18	83 12
18	85 12
18	79 14
18	84 13
18	84 14
18	84 15
18	84 16
18	83 16
18	85 16
18	79 12
18	84 17
18	84 18
18	84 19
18	84 20
18	83 20
18	85 20
18	79 13
18	84 1
18	84 2
18	84 3
18	84 4
18	83 4
18	85 4
18	79 13
18	84 5
18	84 6
18	84 7
18	84 8
18	83 8
18	85 8
18	79 14
18	84 9
18	84 10
18	83 10
18	85 10
18	79 19
18	84 11
18	84 12
18	84 13
18	84 14
18	83 14
18	85 14
18	79 17
18	84 15
18	84 16
18	84 17
18	84 18
18	83 18
18	85 18
18	79 16
18	84 19
18	84 20
18	84 1
18	84 2
18	83 2
18	85 2
18	79 16
18	84 3
18	84 4
18	84 5
18	84 6
18	83 6
18	85 6
18	79 14
18	84 7
18	83 7
18	85 7
18	79 38
18	84 8
18	84 9
18	83 9
18	85 9
18	79 16
18	84 10
18	84 11
18	84 12
18	84 13
18	83 13
18	85 13
18	79 16
18	84 14
18	84 15
18	84 16
18	83 16
18	85 15
18	79 134
18	84 17
18	83 17
18	85 17
18	79 16
18	84 18
18	84 19
18	84 20
18	84 1
18	83 1
18	85 1
18	79 16
18	84 2
18	84 3
18	84 4
18	84 5
18	83 5
18	85 5
18	79 19
18	84 6
18	84 7
18	84 8
18	84 9
18	83 9
18	85 9
18	79 19
18	84 10
18	84 11
18	84 12
18	84 13
18	83 13
18	85 13
18	79 16
18	84 14
18	84 15
18	84 16
18	84 17
18	83 17
18	85 17
18	79 15
18	84 18
18	84 19
18	84 20
18	84 1
18	83 1
18	85 1
18	79 17
18	84 2
18	84 3
18	83 3
18	85 3
18	79 41
18	84 4
18	84 5
18	83 5
18	85 5
18	79 15
18	84 6
18	84 7
18	84 8
18	84 9
18	83 9
18	85 9
18	79 16
18	84 10
18	TEST_NUMBER 4
18	SENT_TOTAL 250
18	RECEIVED_TOTAL 68
18	TIME_TOTAL 29693
18	RECEIVED_RADIO_1 6
18	RECEIVED_RADIO_2 63
18	SENT_RADIO_1 125
18	SENT_RADIO_2 125
18	RADIO_TIME_1 29757
18	RADIO_TIME_2 19699
18	RETRANSMISSIONS_1 1
18	RETRANSMISSIONS_2 2
18	DROPPED_1 0
18	DROPPED_2 0
18	MAX_QUEUE 1
18	DUPLICATED_1 0
18	DUPLICATED_2 0
18	EBUSY_RADIO_1 0
18	EBUSY_RADIO_2 0
18	84 1
18	83 1
18	85 1
18	79 24
18	84 2
18	84 3
18	83 3
18	85 3
18	79 15
18	84 4
18	84 5
18	84 6
18	84 7
18	83 7
18	85 7
18	79 14
18	84 8
18	84 9
18	84 10
18	84 11
18	83 11
18	85 11
18	79 15
18	84 12
18	84 13
18	84 14
18	84 15
18	83 15
18	85 15
18	79 16
18	84 16
18	84 17
18	84 18
18	84 19
18	83 19
18	85 19
18	79 14
18	84 20
18	84 1
18	84 2
18	84 3
18	83 3
18	85 3
18	79 19
18	84 4
18	84 5
18	84 6
18	84 7
18	83 7
18	85 7
18	79 13
18	84 8
18	84 9
18	84 10
18	84 11
18	83 11
18	85 11
18	79 14
18	84 12
18	84 13
18	84 14
18	84 15
18	83 15
18	85 15
18	79 12
18	84 16
18	84 17
18	84 18
18	84 19
18	83 19
18	85 19
18	79 12
18	84 20
18	84 1
18	84 2
18	84 3
18	83 3
18	85 3
18	79 18
18	84 4
18	84 5
18	84 6
18	84 7
18	83 7
18	85 7
18	79 16
18	84 8
18	84 9
18	84 10
18	84 11
18	83 11
18	85 11
18	79 11
18	84 12
18	84 13
18	84 14
18	84 15
18	83 15
18	85 15
18	79 12
18	84 16
18	84 17
18	84 18
18	84 19
18	83 19
18	85 19
18	79 16
18	84 20
18	84 1
18	84 2
18	84 3
18	83 3
18	85 3
18	79 17
18	84 4
18	84 5
18	84 6
18	84 7
18	83 7
18	85 7
18	79 16
18	84 8
18	84 9
18	84 10
18	83 10
18	85 9
18	79 139
18	84 11
18	83 11
18	85 11
18	79 19
18	84 12
18	84 13
18	84 14
18	84 15
18	83 15
18	85 15
18	79 16
18	84 16
18	84 17
18	84 18
18	84 19
18	83 19
18	85 19
18	79 15
18	84 20
18	84 1
18	84 2
18	84 3
18	83 3
18	85 3
18	79 16
18	84 4
18	84 5
18	84 6
18	84 7
18	83 7
18	85 7
18	79 13
18	84 8
18	84 9
18	84 10
18	84 11
18	83 11
18	85 11
18	79 14
18	84 12
18	84 13
18	84 14
18	84 15
18	83 15
18	85 15
18	79 15
18	84 16
18	84 17
18	84 18
18	84 19
18	83 19
18	85 19
18	79 13
18	84 20
18	84 1
18	84 2
18	84 3
18	83 3
18	85 3
18	79 14
18	84 4
18	84 5
18	84 6
18	84 7
18	83 7
18	85 7
18	79 13
18	84 8
18	84 9
18	84 10
18	84 11
18	83 11
18	85 11
18	79 14
18	84 12
18	84 13
18	83 13
18	85 13
18	79 22
18	84 14
18	84 15
18	84 16
18	84 17
18	83 17
18	85 17
18	79 15
18	84 18
18	84 19
18	84 20
18	84 1
18	83 1
18	85 1
18	79 18
18	84 2
18	84 3
18	84 4
18	84 5
18	83 5
18	85 5
18	79 15
18	84 6
18	84 7
18	84 8
18	84 9
18	83 9
18	85 9
18	79 15
18	84 10
18	84 11
18	84 12
18	84 13
18	83 13
18	85 13
18	79 16
18	84 14
18	84 15
18	84 16
18	84 17
18	83 17
18	85 17
18	79 15
18	84 18
18	84 19
18	84 20
18	84 1
18	83 1
18	85 1
18	79 11
18	84 2
18	84 3
18	84 4
18	84 5
18	83 5
18	85 5
18	79 15
18	84 6
18	84 7
18	84 8
18	84 9
18	83 9
18	85 9
18	79 12
18	84 10
18	84 11
18	84 12
18	84 13
18	83 13
18	85 13
18	79 16
18	84 14
18	84 15
18	84 16
18	84 17
18	83 17
18	85 17
18	79 12
18	84 18
18	84 19
18	84 20
18	84 1
18	83 1
18	85 1
18	79 16
18	84 2
18	84 3
18	84 4
18	84 5
18	83 5
18	85 5
18	79 15
18	84 6
18	84 7
18	84 8
18	84 9
18	83 9
18	85 9
18	79 13
18	84 10
18	84 11
18	83 11
18	85 11
18	79 31
18	84 12
18	84 13
18	83 13
18	85 13
18	79 14
18	84 14
18	84 15
18	84 16
18	84 17
18	83 17
18	85 17
18	79 14
18	84 18
18	84 19
18	84 20
18	84 1
18	83 1
18	85 1
18	79 11
18	84 2
18	83 2
18	85 2
18	79 36
18	84 3
18	84 4
18	83 4
18	85 4
18	79 19
18	84 5
18	84 6
18	84 7
18	84 8
18	83 8
18	85 8
18	79 19
18	84 9
18	84 10
18	84 11
18	84 12
18	83 12
18	85 12
18	79 16
18	84 13
18	84 14
18	84 15
18	84 16
18	83 16
18	85 16
18	79 16
18	84 17
18	84 18
18	84 19
18	84 20
18	83 20
18	85 20
18	79 15
18	84 1
18	84 2
18	84 3
18	84 4
18	83 4
18	85 4
18	79 12
18	84 5
18	84 6
18	84 7
18	84 8
18	83 8
18	85 8
18	79 15
18	84 9
18	84 10
18	84 11
18	84 12
18	83 12
18	85 12
18	79 18
18	84 13
18	84 14
18	84 15
18	84 16
18	83 16
18	85 16
18	79 12
18	84 17
18	84 18
18	84 19
18	84 20
18	83 20
18	85 20
18	79 11
18	84 1
18	84 2
18	84 3
18	84 4
18	83 4
18	85 4
18	79 14
18	84 5
18	84 6
18	84 7
18	84 8
18	83 8
18	85 8
18	79 18
18	84 9
18	84 10
18	84 11
18	84 12
18	84 13
18	83 13
18	85 13
18	79 17
18	84 14
18	84 15
18	84 16
18	84 17
18	83 17
18	85 17
18	79 18
18	84 18
18	84 19
18	84 20
18	84 1
18	83 1
18	85 1
18	79 11
18	84 2
18	84 3
18	84 4
18	84 5
18	83 5
18	85 5
18	79 19
18	84 6
18	84 7
18	84 8
18	84 9
18	83 9
18	85 9
18	79 15
18	84 10
18	TEST_NUMBER 5
18	SENT_TOTAL 250
18	RECEIVED_TOTAL 67
18	TIME_TOTAL 19754
18	RECEIVED_RADIO_1 4
18	RECEIVED_RADIO_2 63
18	SENT_RADIO_1 125
18	SENT_RADIO_2 125
18	RADIO_TIME_1 19819
18	RADIO_TIME_2 19778
18	RETRANSMISSIONS_1 1
18	RETRANSMISSIONS_2 1
18	DROPPED_1 0
18	DROPPED_2 0
18	MAX_QUEUE 1
18	DUPLICATED_1 0
18	DUPLICATED_2 0
18	EBUSY_RADIO_1 0
18	EBUSY_RADIO_2 0
18	84 1
18	83 1
18	85 1
18	79 28
18	84 2
18	84 3
18	83 3
18	85 3
18	79 18
18	84 4
18	84 5
18	84 6
18	84 7
18	83 7
18	85 7
18	79 12
18	84 8
18	84 9
18	84 10
18	84 11
18	83 11
18	85 11
18	79 14
18	84 12
18	84 13
18	84 14
18	84 15
18	83 15
18	85 15
18	79 19
18	84 16
18	84 17
18	84 18
18	84 19
18	83 19
18	85 19
18	79 15
18	84 20
18	84 1
18	84 2
18	84 3
18	83 3
18	85 3
18	79 13
18	84 4
18	84 5
18	84 6
18	84 7
18	83 7
18	85 7
18	79 11
18	84 8
18	84 9
18	84 10
18	84 11
18	83 11
18	85 11
18	79 13
18	84 12
18	84 13
18	84 14
18	84 15
18	83 15
18	85 15
18	79 13
18	84 16
18	84 17
18	84 18
18	84 19
18	83 19
18	85 19
18	79 16
18	84 20
18	84 1
18	84 2
18	84 3
18	83 3
18	85 3
18	79 14
18	84 4
18	84 5
18	84 6
18	84 7
18	83 7
18	85 7
18	79 16
18	84 8
18	84 9
18	84 10
18	84 11
18	83 11
18	85 11
18	79 13
18	84 12
18	84 13
18	84 14
18	84 15
18	83 15
18	85 15
18	79 14
18	84 16
18	84 17
18	84 18
18	84 19
18	83 19
18	85 19
18	79 14
18	84 20
18	84 1
18	84 2
18	84 3
18	83 3
18	85 3
18	79 19
18	84 4
18	84 5
18	84 6
18	84 7
18	83 7
18	85 7
18	79 18
18	84 8
18	84 9
18	84 10
18	84 11
18	83 11
18	85 11
18	79 16
18	84 12
18	84 13
18	84 14
18	84 15
18	83 15
18	85 15
18	79 10
18	84 16
18	84 17
18	84 18
18	84 19
18	83 19
18	85 19
18	79 15
18	84 20
18	84 1
18	84 2
18	84 3
18	83 3
18	85 3
18	79 19
18	84 4
18	84 5
18	84 6
18	84 7
18	83 7
18	85 7
18	79 15
18	84 8
18	84 9
18	84 10
18	84 11
18	83 11
18	85 11
18	79 13
18	84 12
18	84 13
18	83 13
18	85 13
18	79 37
18	84 14
18	84 15
18	83 15
18	85 15
18	79 15
18	84 16
18	84 17
18	84 18
18	84 19
18	83 19
18	85 19
18	79 12
18	84 20
18	84 1
18	84 2
18	84 3
18	83 3
18	85 3
18	79 14
18	84 4
18	84 5
18	84 6
18	84 7
18	83 7
18	85 7
18	79 15
18	84 8
18	84 9
18	84 10
18	83 10
18	85 9
18	79 147
18	84 11
18	83 11
18	85 11
18	79 16
18	84 12
18	84 13
18	84 14
18	84 15
18	83 15
18	85 15
18	79 11
18	84 16
18	84 17
18	84 18
18	84 19
18	83 19
18	85 19
18	79 19
18	84 20
18	84 1
18	84 2
18	84 3
18	83 3
18	85 3
18	79 14
18	84 4
18	84 5
18	84 6
18	84 7
18	83 7
18	85 7
18	79 14
18	84 8
18	84 9
18	84 10
18	84 11
18	83 11
18	85 11
18	79 15
18	84 12
18	84 13
18	84 14
18	84 15
18	83 15
18	85 15
18	79 15
18	84 16
18	84 17
18	84 18
18	84 19
18	84 20
18	84 1
18	84 2
18	84 3
18	83 3
18	85 19
18	79 334
18	84 4
18	84 5
18	83 5
18	85 5
18	79 15
18	84 6
18	84 7
18	84 8
18	84 9
18	83 9
18	85 9
18	79 12
18	84 10
18	84 11
18	84 12
18	84 13
18	83 13
18	85 13
18	79 15
18	84 14
18	84 15
18	84 16
18	84 17
18	83 17
18	85 17
18	79 15
18	84 18
18	84 19
18	84 20
18	84 1
18	83 1
18	85 1
18	79 11
18	84 2
18	83 2
18	85 2
18	79 35
18	84 3
18	84 4
18	84 5
18	83 5
18	85 5
18	79 14
18	84 6
18	84 7
18	84 8
18	84 9
18	83 9
18	85 9
18	79 15
18	84 10
18	84 11
18	83 11
18	85 11
18	79 34
18	84 12
18	84 13
18	83 13
18	85 13
18	79 16
18	84 14
18	84 15
18	84 16
18	84 17
18	83 17
18	85 17
18	79 13
18	84 18
18	84 19
18	84 20
18	84 1
18	83 1
18	85 1
18	79 17
18	84 2
18	84 3
18	84 4
18	84 5
18	83 5
18	85 5
18	79 13
18	84 6
18	84 7
18	84 8
18	84 9
18	83 9
18	85 9
18	79 12
18	84 10
18	84 11
18	84 12
18	84 13
18	83 13
18	85 13
18	79 18
18	84 14
18	84 15
18	84 16
18	84 17
18	83 17
18	85 17
18	79 14
18	84 18
18	84 19
18	84 20
18	84 1
18	83 1
18	85 1
18	79 15
18	84 2
18	84 3
18	84 4
18	84 5
18	83 5
18	85 5
18	79 16
18	84 6
18	84 7
18	84 8
18	84 9
18	83 9
18	85 9
18	79 12
18	84 10
18	84 11
18	84 12
18	84 13
18	83 13
18	85 13
18	79 13
18	84 14
18	84 15
18	84 16
18	84 17
18	83 17
18	85 17
18	79 17
18	84 18
18	84 19
18	84 20
18	84 1
18	83 1
18	85 1
18	79 11
18	84 2
18	84 3
18	84 4
18	84 5
18	83 5
18	85 5
18	79 17
18	84 6
18	84 7
18	84 8
18	84 9
18	83 9
18	85 9
18	79 15
18	84 10
18	84 11
18	84 12
18	84 13
18	83 13
18	85 13
18	79 16
18	84 14
18	84 15
18	84 16
18	84 17
18	83 17
18	85 17
18	79 12
18	84 18
18	84 19
18	84 20
18	84 1
18	83 1
18	85 1
18	79 16
18	84 2
18	84 3
18	84 4
18	84 5
18	83 5
18	85 5
18	79 13
18	84 6
18	84 7
18	84 8
18	84 9
18	83 9
18	85 9
18	79 14
18	84 10
18	TEST_NUMBER 6
18	SENT_TOTAL 250
18	RECEIVED_TOTAL 67
18	TIME_TOTAL 19749
18	RECEIVED_RADIO_1 5
18	RECEIVED_RADIO_2 62
18	SENT_RADIO_1 125
18	SENT_RADIO_2 125
18	RADIO_TIME_1 19815
18	RADIO_TIME_2 19777
18	RETRANSMISSIONS_1 1
18	RETRANSMISSIONS_2 1
18	DROPPED_1 0
18	DROPPED_2 0
18	MAX_QUEUE 1
18	DUPLICATED_1 0
18	DUPLICATED_2 0
18	EBUSY_RADIO_1 0
18	EBUSY_RADIO_2 0

20	RELAY_NODE 20
20	TEST_NUMBER 0
20	SENT_TOTAL 0
20	RECEIVED_TOTAL 0
20	TIME_TOTAL 0
20	RECEIVED_RADIO_1 110
20	RECEIVED_RADIO_2 5
20	SENT_RADIO_1 5
20	SENT_RADIO_2 110
20	RADIO_TIME_1 17377
20	RADIO_TIME_2 17377
20	RETRANSMISSIONS_1 0
20	RETRANSMISSIONS_2 3
20	DROPPED_1 0
20	DROPPED_2 0
20	MAX_QUEUE 1
20	DUPLICATED_1 0
20	DUPLICATED_2 0
20	EBUSY_RADIO_1 0
20	EBUSY_RADIO_2 0
20	TEST_NUMBER 1
20	SENT_TOTAL 0
20	RECEIVED_TOTAL 0
20	TIME_TOTAL 0
20	RECEIVED_RADIO_1 125
20	RECEIVED_RADIO_2 5
20	SENT_RADIO_1 5
20	SENT_RADIO_2 124
20	RADIO_TIME_1 29767
20	RADIO_TIME_2 29767
20	RETRANSMISSIONS_1 0
20	RETRANSMISSIONS_2 2
20	DROPPED_1 0
20	DROPPED_2 0
20	MAX_QUEUE 1
20	DUPLICATED_1 1
20	DUPLICATED_2 0
20	EBUSY_RADIO_1 0
20	EBUSY_RADIO_2 0
20	TEST_NUMBER 2
20	SENT_TOTAL 0
20	RECEIVED_TOTAL 0
20	TIME_TOTAL 0
20	RECEIVED_RADIO_1 125
20	RECEIVED_RADIO_2 3
20	SENT_RADIO_1 3
20	SENT_RADIO_2 126
20	RADIO_TIME_1 29644
20	RADIO_TIME_2 29644
20	RETRANSMISSIONS_1 0
20	RETRANSMISSIONS_2 2
20	DROPPED_1 0
20	DROPPED_2 0
20	MAX_QUEUE 1
20	DUPLICATED_1 0
20	DUPLICATED_2 0
20	EBUSY_RADIO_1 0
20	EBUSY_RADIO_2 1
20	TEST_NUMBER 3
20	SENT_TOTAL 0
20	RECEIVED_TOTAL 0
20	TIME_TOTAL 0
20	RECEIVED_RADIO_1 127
20	RECEIVED_RADIO_2 3
20	SENT_RADIO_1 3
20	SENT_RADIO_2 127
20	RADIO_TIME_1 29802
20	RADIO_TIME_2 29802
20	RETRANSMISSIONS_1 0
20	RETRANSMISSIONS_2 1
20	DROPPED_1 0
20	DROPPED_2 0
20	MAX_QUEUE 1
20	DUPLICATED_1 0
20	DUPLICATED_2 0
20	EBUSY_RADIO_1 0
20	EBUSY_RADIO_2 0
20	TEST_NUMBER 4
20	SENT_TOTAL 0
20	RECEIVED_TOTAL 0
20	TIME_TOTAL 0
20	RECEIVED_RADIO_1 125
20	RECEIVED_RADIO_2 5
20	SENT_RADIO_1 5
20	SENT_RADIO_2 125
20	RADIO_TIME_1 29646
20	RADIO_TIME_2 29652
20	RETRANSMISSIONS_1 0
20	RETRANSMISSIONS_2 3
20	DROPPED_1 0
20	DROPPED_2 0
20	MAX_QUEUE 1
20	DUPLICATED_1 1
20	DUPLICATED_2 0
20	EBUSY_RADIO_1 0
20	EBUSY_RADIO_2 0
20	TEST_NUMBER 5
20	SENT_TOTAL 0
20	RECEIVED_TOTAL 0
20	TIME_TOTAL 0
20	RECEIVED_RADIO_1 125
20	RECEIVED_RADIO_2 5
20	SENT_RADIO_1 5
20	SENT_RADIO_2 125
20	RADIO_TIME_1 29808
20	RADIO_TIME_2 29808
20	RETRANSMISSIONS_1 0
20	RETRANSMISSIONS_2 1
20	DROPPED_1 0
20	DROPPED_2 0
20	MAX_QUEUE 1
20	DUPLICATED_1 1
20	DUPLICATED_2 0
20	EBUSY_RADIO_1 0
20	EBUSY_RADIO_2 0
20	TEST_NUMBER 6
20	SENT_TOTAL 0
20	RECEIVED_TOTAL 0
20	TIME_TOTAL 0
20	RECEIVED_RADIO_1 125
20	RECEIVED_RADIO_2 5
20	SENT_RADIO_1 5
20	SENT_RADIO_2 125
20	RADIO_TIME_1 29645
20	RADIO_TIME_2 29645
20	RETRANSMISSIONS_1 0
20	RETRANSMISSIONS_2 1
20	DROPPED_1 0
20	DROPPED_2 0
20	MAX_QUEUE 1
20	DUPLICATED_1 1
20	DUPLICATED_2 0
20	EBUSY_RADIO_1 0
20	EBUSY_RADIO_2 0

22	DESTINATION_NODE 22
22	TEST_NUMBER 0
22	SENT_TOTAL 121
22	RECEIVED_TOTAL 121
22	TIME_TOTAL 19127
22	RECEIVED_RADIO_1 0
22	RECEIVED_RADIO_2 121
22	SENT_RADIO_1 60
22	SENT_RADIO_2 61
22	RADIO_TIME_1 18967
22	RADIO_TIME_2 19127
22	RETRANSMISSIONS_1 1
22	RETRANSMISSIONS_2 0
22	DROPPED_1 0
22	DROPPED_2 0
22	MAX_QUEUE 1
22	DUPLICATED_1 0
22	DUPLICATED_2 0
22	EBUSY_RADIO_1 0
22	EBUSY_RADIO_2 0
22	86 0
22	86 0
22	86 0
22	86 0
22	TEST_NUMBER 1
22	SENT_TOTAL 125
22	RECEIVED_TOTAL 121
22	TIME_TOTAL 29727
22	RECEIVED_RADIO_1 0
22	RECEIVED_RADIO_2 125
22	SENT_RADIO_1 62
22	SENT_RADIO_2 63
22	RADIO_TIME_1 29566
22	RADIO_TIME_2 29727
22	RETRANSMISSIONS_1 1
22	RETRANSMISSIONS_2 0
22	DROPPED_1 0
22	DROPPED_2 0
22	MAX_QUEUE 1
22	DUPLICATED_1 0
22	DUPLICATED_2 0
22	EBUSY_RADIO_1 0
22	EBUSY_RADIO_2 0
22	86 1
22	86 1
22	86 1
22	86 1
22	TEST_NUMBER 2
22	SENT_TOTAL 123
22	RECEIVED_TOTAL 119
22	TIME_TOTAL 29482
22	RECEIVED_RADIO_1 0
22	RECEIVED_RADIO_2 123
22	SENT_RADIO_1 62
22	SENT_RADIO_2 61
22	RADIO_TIME_1 29323
22	RADIO_TIME_2 29482
22	RETRANSMISSIONS_1 0
22	RETRANSMISSIONS_2 1
22	DROPPED_1 0
22	DROPPED_2 0
22	MAX_QUEUE 1
22	DUPLICATED_1 0
22	DUPLICATED_2 0
22	EBUSY_RADIO_1 0
22	EBUSY_RADIO_2 0
22	86 2
22	86 2
22	86 2
22	86 2
22	86 2
22	TEST_NUMBER 3
22	SENT_TOTAL 125
22	RECEIVED_TOTAL 120
22	TIME_TOTAL 29803
22	RECEIVED_RADIO_1 0
22	RECEIVED_RADIO_2 125
22	SENT_RADIO_1 63
22	SENT_RADIO_2 62
22	RADIO_TIME_1 29803
22	RADIO_TIME_2 29803
22	RETRANSMISSIONS_1 0
22	RETRANSMISSIONS_2 0
22	DROPPED_1 0
22	DROPPED_2 0
22	MAX_QUEUE 1
22	DUPLICATED_1 0
22	DUPLICATED_2 0
22	EBUSY_RADIO_1 0
22	EBUSY_RADIO_2 0
22	86 3
22	86 3
22	86 3
22	86 3
22	TEST_NUMBER 4
22	SENT_TOTAL 124
22	RECEIVED_TOTAL 120
22	TIME_TOTAL 29643
22	RECEIVED_RADIO_1 0
22	RECEIVED_RADIO_2 124
22	SENT_RADIO_1 61
22	SENT_RADIO_2 63
22	RADIO_TIME_1 29323
22	RADIO_TIME_2 29643
22	RETRANSMISSIONS_1 1
22	RETRANSMISSIONS_2 0
22	DROPPED_1 0
22	DROPPED_2 0
22	MAX_QUEUE 1
22	DUPLICATED_1 0
22	DUPLICATED_2 0
22	EBUSY_RADIO_1 0
22	EBUSY_RADIO_2 0
22	86 4
22	86 4
22	86 4
22	86 4
22	TEST_NUMBER 5
22	SENT_TOTAL 125
22	RECEIVED_TOTAL 121
22	TIME_TOTAL 29719
22	RECEIVED_RADIO_1 0
22	RECEIVED_RADIO_2 125
22	SENT_RADIO_1 62
22	SENT_RADIO_2 63
22	RADIO_TIME_1 29562
22	RADIO_TIME_2 29719
22	RETRANSMISSIONS_1 1
22	RETRANSMISSIONS_2 0
22	DROPPED_1 0
22	DROPPED_2 0
22	MAX_QUEUE 1
22	DUPLICATED_1 0
22	DUPLICATED_2 1
22	EBUSY_RADIO_1 0
22	EBUSY_RADIO_2 0
22	86 5
22	86 5
22	86 5
22	86 5
22	TEST_NUMBER 6
22	SENT_TOTAL 125
22	RECEIVED_TOTAL 121
22	TIME_TOTAL 29725
22	RECEIVED_RADIO_1 0
22	RECEIVED_RADIO_2 125
22	SENT_RADIO_1 63
22	SENT_RADIO_2 62
22	RADIO_TIME_1 29567
22	RADIO_TIME_2 29726
22	RETRANSMISSIONS_1 0
22	RETRANSMISSIONS_2 1
22	DROPPED_1 0
22	DROPPED_2 0
22	MAX_QUEUE 1
22	DUPLICATED_1 0
22	DUPLICATED_2 1
22	EBUSY_RADIO_1 0
22	EBUSY_RADIO_2 0
22	86 6
22	86 6
22	86 6
22	86 6

23	RELAY_NODE 23
23	TEST_NUMBER 0
23	SENT_TOTAL 0
23	RECEIVED_TOTAL 0
23	TIME_TOTAL 0
23	RECEIVED_RADIO_1 60
23	RECEIVED_RADIO_2 121
23	SENT_RADIO_1 0
23	SENT_RADIO_2 5
23	RADIO_TIME_1 19144
23	RADIO_TIME_2 19146
23	RETRANSMISSIONS_1 1168
23	RETRANSMISSIONS_2 568
23	DROPPED_1 117
23	DROPPED_2 56
23	MAX_QUEUE 2
23	DUPLICATED_1 0
23	DUPLICATED_2 0
23	EBUSY_RADIO_1 0
23	EBUSY_RADIO_2 0
23	TEST_NUMBER 1
23	SENT_TOTAL 0
23	RECEIVED_TOTAL 0
23	TIME_TOTAL 0
23	RECEIVED_RADIO_1 62
23	RECEIVED_RADIO_2 125
23	SENT_RADIO_1 0
23	SENT_RADIO_2 6
23	RADIO_TIME_1 29872
23	RADIO_TIME_2 29738
23	RETRANSMISSIONS_1 1226
23	RETRANSMISSIONS_2 578
23	DROPPED_1 123
23	DROPPED_2 58
23	MAX_QUEUE 2
23	DUPLICATED_1 0
23	DUPLICATED_2 0
23	EBUSY_RADIO_1 0
23	EBUSY_RADIO_2 0
23	TEST_NUMBER 2
23	SENT_TOTAL 0
23	RECEIVED_TOTAL 0
23	TIME_TOTAL 0
23	RECEIVED_RADIO_1 62
23	RECEIVED_RADIO_2 125
23	SENT_RADIO_1 0
23	SENT_RADIO_2 2
23	RADIO_TIME_1 29874
23	RADIO_TIME_2 29783
23	RETRANSMISSIONS_1 1254
23	RETRANSMISSIONS_2 598
23	DROPPED_1 125
23	DROPPED_2 61
23	MAX_QUEUE 2
23	DUPLICATED_1 0
23	DUPLICATED_2 0
23	EBUSY_RADIO_1 0
23	EBUSY_RADIO_2 0
23	TEST_NUMBER 3
23	SENT_TOTAL 0
23	RECEIVED_TOTAL 0
23	TIME_TOTAL 0
23	RECEIVED_RADIO_1 62
23	RECEIVED_RADIO_2 127
23	SENT_RADIO_1 0
23	SENT_RADIO_2 3
23	RADIO_TIME_1 29881
23	RADIO_TIME_2 29809
23	RETRANSMISSIONS_1 1249
23	RETRANSMISSIONS_2 598
23	DROPPED_1 126
23	DROPPED_2 60
23	MAX_QUEUE 2
23	DUPLICATED_1 0
23	DUPLICATED_2 0
23	EBUSY_RADIO_1 0
23	EBUSY_RADIO_2 0
23	TEST_NUMBER 4
23	SENT_TOTAL 0
23	RECEIVED_TOTAL 0
23	TIME_TOTAL 0
23	RECEIVED_RADIO_1 62
23	RECEIVED_RADIO_2 125
23	SENT_RADIO_1 0
23	SENT_RADIO_2 5
23	RADIO_TIME_1 29866
23	RADIO_TIME_2 29737
23	RETRANSMISSIONS_1 1213
23	RETRANSMISSIONS_2 608
23	DROPPED_1 121
23	DROPPED_2 61
23	MAX_QUEUE 3
23	DUPLICATED_1 0
23	DUPLICATED_2 0
23	EBUSY_RADIO_1 0
23	EBUSY_RADIO_2 0
23	TEST_NUMBER 5
23	SENT_TOTAL 0
23	RECEIVED_TOTAL 0
23	TIME_TOTAL 0
23	RECEIVED_RADIO_1 62
23	RECEIVED_RADIO_2 125
23	SENT_RADIO_1 0
23	SENT_RADIO_2 5
23	RADIO_TIME_1 29881
23	RADIO_TIME_2 29744
23	RETRANSMISSIONS_1 1236
23	RETRANSMISSIONS_2 578
23	DROPPED_1 124
23	DROPPED_2 58
23	MAX_QUEUE 2
23	DUPLICATED_1 0
23	DUPLICATED_2 0
23	EBUSY_RADIO_1 0
23	EBUSY_RADIO_2 0
23	TEST_NUMBER 6
23	SENT_TOTAL 0
23	RECEIVED_TOTAL 0
23	TIME_TOTAL 0
23	RECEIVED_RADIO_1 63
23	RECEIVED_RADIO_2 125
23	SENT_RADIO_1 0
23	SENT_RADIO_2 5
23	RADIO_TIME_1 29875
23	RADIO_TIME_2 29741
23	RETRANSMISSIONS_1 1236
23	RETRANSMISSIONS_2 588
23	DROPPED_1 125
23	DROPPED_2 59
23	MAX_QUEUE 2
23	DUPLICATED_1 0
23	DUPLICATED_2 0
23	EBUSY_RADIO_1 1
23	EBUSY_RADIO_2 0
