
3	SOURCE_NODE 3
3	84 1
3	84 2
3	84 3
3	84 4
3	83 4
3	85 2
3	79 195
3	83 4
3	85 3
3	79 125
3	83 4
3	85 4
3	79 54
3	84 5
3	83 5
3	85 5
3	79 34
3	84 6
3	84 7
3	83 7
3	85 7
3	79 27
3	84 8
3	84 9
3	83 9
3	85 8
3	79 104
3	83 9
3	85 9
3	79 32
3	84 10
3	83 10
3	85 10
3	79 33
3	84 11
3	84 12
3	84 13
3	84 14
3	83 14
3	85 12
3	79 187
3	83 14
3	85 13
3	79 114
3	83 14
3	85 14
3	79 46
3	84 15
3	84 16
3	83 16
3	85 16
3	79 29
3	84 17
3	84 18
3	83 18
3	85 17
3	79 116
3	83 18
3	85 18
3	79 43
3	84 19
3	84 20
3	83 20
3	85 20
3	79 24
3	84 1
3	84 2
3	83 2
3	85 1
3	79 109
3	83 2
3	85 2
3	79 42
3	84 3
3	84 4
3	84 5
3	83 5
3	85 3
3	79 188
3	83 5
3	85 5
3	79 38
3	84 6
3	84 7
3	84 8
3	83 8
3	85 6
3	79 184
3	83 8
3	85 8
3	79 35
3	84 9
3	84 10
3	83 10
3	85 9
3	79 108
3	83 10
3	85 10
3	79 36
3	84 11
3	83 11
3	85 11
3	79 43
3	84 12
3	84 13
3	83 13
3	85 13
3	79 28
3	84 14
3	84 15
3	83 15
3	85 14
3	79 106
3	84 16
3	83 16
3	85 16
3	79 27
3	84 17
3	84 18
3	83 18
3	85 17
3	79 102
3	83 18
3	85 18
3	79 30
3	84 19
3	83 19
3	85 19
3	79 37
3	84 20
3	84 1
3	83 1
3	85 1
3	79 27
3	84 2
3	84 3
3	83 3
3	85 2
3	79 107
3	83 3
3	85 3
3	79 36
3	84 4
3	83 4
3	85 4
3	79 36
3	84 5
3	84 6
3	83 6
3	85 6
3	79 22
3	84 7
3	84 8
3	83 8
3	85 7
3	79 110
3	83 8
3	85 8
3	79 36
3	84 9
3	83 9
3	85 9
3	79 38
3	84 10
3	84 11
3	84 12
3	84 13
3	83 13
3	85 11
3	79 183
3	83 13
3	85 12
3	79 109
3	83 13
3	85 13
3	79 39
3	84 14
3	84 15
3	83 15
3	85 15
3	79 30
3	84 16
3	84 17
3	83 17
3	85 16
3	79 108
3	83 17
3	85 17
3	79 36
3	84 18
3	83 18
3	85 18
3	79 43
3	84 19
3	84 20
3	83 20
3	85 20
3	79 30
3	84 1
3	84 2
3	83 2
3	85 1
3	79 109
3	84 3
3	83 3
3	85 3
3	79 24
3	84 4
3	84 5
3	83 5
3	85 4
3	79 106
3	83 5
3	85 5
3	79 35
3	84 6
3	83 6
3	85 6
3	79 39
3	84 7
3	84 8
3	83 8
3	85 8
3	79 28
3	84 9
3	84 10
3	83 10
3	85 9
3	79 104
3	83 10
3	85 10
3	79 36
3	84 11
3	83 11
3	85 11
3	79 35
3	84 12
3	84 13
3	83 13
3	85 13
3	79 30
3	84 14
3	84 15
3	83 15
3	85 14
3	79 110
3	83 15
3	85 15
3	79 40
3	84 16
3	84 17
3	83 17
3	85 17
3	79 25
3	84 18
3	84 19
3	83 19
3	85 18
3	79 108
3	83 19
3	85 19
3	79 53
3	84 20
3	84 1
3	83 1
3	85 1
3	79 26
3	84 2
3	84 3
3	83 3
3	85 2
3	79 107
3	83 3
3	85 3
3	79 47
3	84 4
3	84 5
3	83 5
3	85 5
3	79 26
3	84 6
3	84 7
3	83 7
3	85 6
3	79 117
3	83 7
3	85 7
3	79 47
3	84 8
3	84 9
3	83 9
3	85 9
3	79 30
3	84 10
3	84 11
3	83 11
3	85 10
3	79 110
3	83 11
3	85 11
3	79 41
3	84 12
3	83 12
3	85 12
3	79 32
3	84 13
3	84 14
3	83 14
3	85 14
3	79 30
3	84 15
3	84 16
3	83 16
3	85 15
3	79 111
3	83 16
3	85 16
3	79 43
3	84 17
3	83 17
3	85 17
3	79 34
3	84 18
3	84 19
3	83 19
3	85 19
3	79 30
3	84 20
3	84 1
3	83 1
3	85 20
3	79 104
3	83 1
3	85 1
3	79 31
3	84 2
3	84 3
3	83 3
3	85 3
3	79 32
3	84 4
3	84 5
3	83 5
3	85 4
3	79 107
3	83 5
3	85 5
3	79 36
3	84 6
3	84 7
3	83 7
3	85 7
3	79 24
3	84 8
3	84 9
3	83 9
3	85 8
3	79 109
3	84 10
3	83 10
3	85 10
3	79 24
3	84 11
3	84 12
3	83 12
3	85 11
3	79 107
3	83 12
3	85 12
3	79 36
3	84 13
3	83 13
3	85 13
3	79 32
3	84 14
3	84 15
3	83 15
3	85 15
3	79 30
3	84 16
3	84 17
3	83 17
3	85 16
3	79 103
3	83 17
3	85 17
3	79 32
3	84 18
3	83 18
3	85 18
3	79 38
3	84 19
3	84 20
3	83 20
3	85 20
3	79 25
3	84 1
3	84 2
3	83 2
3	85 1
3	79 111
3	83 2
3	85 2
3	79 42
3	84 3
3	84 4
3	83 4
3	85 4
3	79 27
3	84 5
3	84 6
3	83 6
3	85 5
3	79 102
3	83 6
3	85 6
3	79 29
3	84 7
3	83 7
3	85 7
3	79 33
3	84 8
3	84 9
3	83 9
3	85 9
3	79 30
3	84 10
3	84 11
3	83 11
3	85 10
3	79 106
3	83 11
3	85 11
3	79 38
3	84 12
3	84 13
3	83 13
3	85 13
3	79 25
3	84 14
3	84 15
3	83 15
3	85 14
3	79 106
3	83 15
3	85 15
3	79 37
3	84 16
3	84 17
3	83 17
3	85 17
3	79 31
3	84 18
3	84 19
3	83 19
3	85 18
3	79 109
3	83 19
3	85 19
3	79 42
3	84 20
3	84 1
3	83 1
3	85 1
3	79 30
3	84 2
3	84 3
3	83 3
3	85 2
3	79 110
3	83 3
3	85 3
3	79 39
3	84 4
3	83 4
3	85 4
3	79 39
3	84 5
3	84 6
3	83 6
3	85 6
3	79 32
3	84 7
3	84 8
3	83 8
3	85 7
3	79 110
3	83 8
3	85 8
3	79 36
3	84 9
3	83 9
3	85 9
3	79 36
3	84 10
3	84 11
3	83 11
3	85 11
3	79 28
3	84 12
3	84 13
3	83 13
3	85 12
3	79 109
3	83 13
3	85 13
3	79 39
3	84 14
3	84 15
3	83 15
3	85 15
3	79 38
3	84 16
3	84 17
3	83 17
3	85 16
3	79 111
3	83 17
3	85 17
3	79 41
3	84 18
3	84 19
3	84 20
3	83 20
3	85 18
3	79 189
3	83 20
3	85 20
3	79 35
3	84 1
3	84 2
3	83 2
3	85 1
3	79 101
3	83 2
3	85 2
3	79 39
3	84 3
3	83 3
3	85 3
3	79 39
3	84 4
3	84 5
3	84 6
3	84 7
3	83 7
3	85 5
3	79 185
3	83 7
3	85 6
3	79 112
3	83 7
3	85 7
3	79 38
3	84 8
3	83 8
3	85 8
3	79 40
3	84 9
3	84 10
3	83 10
3	85 10
3	79 27
3	84 11
3	84 12
3	83 12
3	85 11
3	79 109
3	83 12
3	85 12
3	79 42
3	84 13
3	84 14
3	83 14
3	85 14
3	79 24
3	84 15
3	84 16
3	83 16
3	85 15
3	79 105
3	83 16
3	85 16
3	79 31
3	84 17
3	83 17
3	85 17
3	79 37
3	84 18
3	84 19
3	84 20
3	83 20
3	85 19
3	79 116
3	83 20
3	85 20
3	79 42
3	84 1
3	84 2
3	83 2
3	85 1
3	79 100
3	84 3
3	84 4
3	83 4
3	85 3
3	79 110
3	83 4
3	85 4
3	79 40
3	84 5
3	83 5
3	85 5
3	79 44
3	84 6
3	84 7
3	83 7
3	85 7
3	79 27
3	84 8
3	84 9
3	83 9
3	85 8
3	79 110
3	83 9
3	85 9
3	79 39
3	84 10
3	84 11
3	83 11
3	85 11
3	79 24
3	84 12
3	84 13
3	83 13
3	85 12
3	79 111
3	83 13
3	85 13
3	79 39
3	84 14
3	83 14
3	85 14
3	79 41
3	84 15
3	84 16
3	83 16
3	85 16
3	79 28
3	84 17
3	84 18
3	83 18
3	85 17
3	79 112
3	83 18
3	85 18
3	79 41
3	84 19
3	84 20
3	83 20
3	85 20
3	79 26
3	84 1
3	84 2
3	83 2
3	85 1
3	79 107
3	83 2
3	85 2
3	79 35
3	84 3
3	83 3
3	85 3
3	79 34
3	84 4
3	84 5
3	83 5
3	85 5
3	79 33
3	84 6
3	84 7
3	83 7
3	85 6
3	79 103
3	83 7
3	85 7
3	79 30
3	84 8
3	84 9
3	83 9
3	85 9
3	79 25
3	84 10
3	84 11
3	83 11
3	85 10
3	79 107
3	83 11
3	85 11
3	79 35
3	84 12
3	83 12
3	85 12
3	79 39
3	84 13
3	84 14
3	83 14
3	85 14
3	79 26
3	84 15
3	84 16
3	83 16
3	85 15
3	79 106
3	84 17
3	83 17
3	85 16
3	79 122
3	83 17
3	85 17
3	79 51
3	84 18
3	84 19
3	83 19
3	85 19
3	79 26
3	84 20
3	84 1
3	83 1
3	85 20
3	79 110
3	83 1
3	85 1
3	79 47
3	84 2
3	84 3
3	83 3
3	85 3
3	79 31
3	84 4
3	84 5
3	83 5
3	85 4
3	79 105
3	83 5
3	85 5
3	79 34
3	84 6
3	83 6
3	85 6
3	79 37
3	84 7
3	84 8
3	83 8
3	85 8
3	79 23
3	84 9
3	84 10
3	83 10
3	85 9
3	79 105
3	83 10
3	85 10
3	79 36
3	84 11
3	84 12
3	83 12
3	85 12
3	79 26
3	84 13
3	84 14
3	83 14
3	85 13
3	79 109
3	83 14
3	85 14
3	79 40
3	84 15
3	83 15
3	85 15
3	79 35
3	84 16
3	84 17
3	83 17
3	85 17
3	79 28
3	84 18
3	84 19
3	83 19
3	85 18
3	79 107
3	84 20
3	83 20
3	85 20
3	79 26
3	84 1
3	84 2
3	83 2
3	85 1
3	79 109
3	83 2
3	85 2
3	79 40
3	84 3
3	83 3
3	85 3
3	79 41
3	84 4
3	84 5
3	83 5
3	85 5
3	79 27
3	84 6
3	84 7
3	83 7
3	85 6
3	79 104
3	83 7
3	85 7
3	79 40
3	84 8
3	83 8
3	85 8
3	79 34
3	84 9
3	84 10
3	TEST_NUMBER 0
3	SENT_TOTAL 250
3	RECEIVED_TOTAL 192
3	TIME_TOTAL 19443
3	RECEIVED_RADIO_1 192
3	RECEIVED_RADIO_2 0
3	SENT_RADIO_1 125
3	SENT_RADIO_2 124
3	RADIO_TIME_1 19763
3	RADIO_TIME_2 19763
3	RETRANSMISSIONS_1 0
3	RETRANSMISSIONS_2 0
3	DROPPED_1 0
3	DROPPED_2 0
3	MAX_QUEUE 1
3	DUPLICATED_1 7
3	DUPLICATED_2 0
3	EBUSY_RADIO_1 0
3	EBUSY_RADIO_2 0
3	83 0
3	85 10
3	86 0
3	84 1
3	84 2
3	83 2
3	85 1
3	79 108
3	84 3
3	83 3
3	85 3
3	79 28
3	84 4
3	84 5
3	83 5
3	85 4
3	79 107
3	83 5
3	85 5
3	79 34
3	84 6
3	83 6
3	85 6
3	79 32
3	84 7
3	84 8
3	83 8
3	85 8
3	79 29
3	84 9
3	84 10
3	83 10
3	85 9
3	79 107
3	84 11
3	83 11
3	85 10
3	79 111
3	84 12
3	83 12
3	85 12
3	79 28
3	84 13
3	84 14
3	83 14
3	85 13
3	79 124
3	83 14
3	85 14
3	79 51
3	84 15
3	84 16
3	83 16
3	85 16
3	79 30
3	84 17
3	84 18
3	83 18
3	85 17
3	79 114
3	83 18
3	85 18
3	79 42
3	84 19
3	84 20
3	83 20
3	85 20
3	79 21
3	84 1
3	84 2
3	83 2
3	85 1
3	79 101
3	83 2
3	85 2
3	79 56
3	84 3
3	84 4
3	83 4
3	85 4
3	79 28
3	84 5
3	84 6
3	83 6
3	85 5
3	79 133
3	83 6
3	85 6
3	79 59
3	84 7
3	84 8
3	83 8
3	85 8
3	79 27
3	84 9
3	84 10
3	83 10
3	85 9
3	79 106
3	83 10
3	85 10
3	79 41
3	84 11
3	84 12
3	83 12
3	85 12
3	79 26
3	84 13
3	84 14
3	83 14
3	85 13
3	79 114
3	83 14
3	85 14
3	79 44
3	84 15
3	84 16
3	83 16
3	85 16
3	79 27
3	84 17
3	84 18
3	83 18
3	85 17
3	79 106
3	84 19
3	83 19
3	85 18
3	79 124
3	83 19
3	85 19
3	79 50
3	84 20
3	84 1
3	83 1
3	85 1
3	79 30
3	84 2
3	84 3
3	83 3
3	85 2
3	79 109
3	83 3
3	85 3
3	79 36
3	84 4
3	83 4
3	85 4
3	79 42
3	84 5
3	84 6
3	84 7
3	84 8
3	83 8
3	85 6
3	79 190
3	83 8
3	85 7
3	79 117
3	83 8
3	85 8
3	79 44
3	84 9
3	83 9
3	85 9
3	79 39
3	84 10
3	84 11
3	83 11
3	85 11
3	79 30
3	84 12
3	84 13
3	83 13
3	85 12
3	79 108
3	83 13
3	85 13
3	79 44
3	84 14
3	83 14
3	85 14
3	79 38
3	84 15
3	84 16
3	83 16
3	85 16
3	79 23
3	84 17
3	84 18
3	83 18
3	85 17
3	79 111
3	83 18
3	85 18
3	79 40
3	84 19
3	84 20
3	83 20
3	85 20
3	79 31
3	84 1
3	84 2
3	83 2
3	85 1
3	79 104
3	83 2
3	85 2
3	79 34
3	84 3
3	83 3
3	85 3
3	79 38
3	84 4
3	84 5
3	83 5
3	85 5
3	79 29
3	84 6
3	84 7
3	83 7
3	85 6
3	79 105
3	83 7
3	85 7
3	79 34
3	84 8
3	83 8
3	85 8
3	79 36
3	84 9
3	84 10
3	83 10
3	85 10
3	79 30
3	84 11
3	84 12
3	83 12
3	85 11
3	79 107
3	83 12
3	85 12
3	79 48
3	84 13
3	84 14
3	83 14
3	85 14
3	79 30
3	84 15
3	84 16
3	83 16
3	85 15
3	79 107
3	83 16
3	85 16
3	79 35
3	84 17
3	83 17
3	85 17
3	79 38
3	84 18
3	84 19
3	83 19
3	85 19
3	79 24
3	84 20
3	84 1
3	83 1
3	85 20
3	79 110
3	83 1
3	85 1
3	79 39
3	84 2
3	84 3
3	83 3
3	85 3
3	79 26
3	84 4
3	84 5
3	83 5
3	85 4
3	79 107
3	84 6
3	83 6
3	85 5
3	79 117
3	84 7
3	83 7
3	85 7
3	79 28
3	84 8
3	84 9
3	83 9
3	85 8
3	79 108
3	83 9
3	85 9
3	79 48
3	84 10
3	83 10
3	85 10
3	79 37
3	84 11
3	84 12
3	83 12
3	85 12
3	79 29
3	84 13
3	84 14
3	84 15
3	83 15
3	85 13
3	79 185
3	83 15
3	85 15
3	79 32
3	84 16
3	84 17
3	83 17
3	85 16
3	79 106
3	83 17
3	85 17
3	79 34
3	84 18
3	83 18
3	85 18
3	79 37
3	84 19
3	84 20
3	83 20
3	85 20
3	79 24
3	84 1
3	84 2
3	83 2
3	85 1
3	79 109
3	84 3
3	83 3
3	85 2
3	79 128
3	83 3
3	85 3
3	79 56
3	84 4
3	84 5
3	83 5
3	85 5
3	79 26
3	84 6
3	84 7
3	83 7
3	85 6
3	79 110
3	83 7
3	85 7
3	79 37
3	84 8
3	84 9
3	84 10
3	83 10
3	85 8
3	79 183
3	84 11
3	84 12
3	83 12
3	85 10
3	79 188
3	83 12
3	85 11
3	79 116
3	83 12
3	85 12
3	79 46
3	84 13
3	83 13
3	85 13
3	79 34
3	84 14
3	84 15
3	83 15
3	85 15
3	79 33
3	84 16
3	84 17
3	83 17
3	85 16
3	79 109
3	83 17
3	85 17
3	79 39
3	84 18
3	84 19
3	83 19
3	85 19
3	79 24
3	84 20
3	84 1
3	83 1
3	85 20
3	79 106
3	84 2
3	83 2
3	85 2
3	79 24
3	84 3
3	84 4
3	83 4
3	85 3
3	79 106
3	83 4
3	85 4
3	79 38
3	84 5
3	83 5
3	85 5
3	79 36
3	84 6
3	84 7
3	83 7
3	85 7
3	79 28
3	84 8
3	84 9
3	83 9
3	85 8
3	79 106
3	83 9
3	85 9
3	79 36
3	84 10
3	84 11
3	83 11
3	85 11
3	79 26
3	84 12
3	84 13
3	83 13
3	85 12
3	79 110
3	83 13
3	85 13
3	79 37
3	84 14
3	83 14
3	85 14
3	79 35
3	84 15
3	84 16
3	83 16
3	85 16
3	79 29
3	84 17
3	84 18
3	83 18
3	85 17
3	79 112
3	83 18
3	85 18
3	79 42
3	84 19
3	84 20
3	84 1
3	83 1
3	85 19
3	79 188
3	83 1
3	85 1
3	79 37
3	84 2
3	84 3
3	83 3
3	85 2
3	79 104
3	83 3
3	85 3
3	79 34
3	84 4
3	84 5
3	83 5
3	85 5
3	79 26
3	84 6
3	84 7
3	83 7
3	85 6
3	79 105
3	83 7
3	85 7
3	79 33
3	84 8
3	83 8
3	85 8
3	79 31
3	84 9
3	84 10
3	83 10
3	85 10
3	79 29
3	84 11
3	84 12
3	83 12
3	85 11
3	79 112
3	83 12
3	85 12
3	79 43
3	84 13
3	84 14
3	83 14
3	85 14
3	79 28
3	84 15
3	84 16
3	83 16
3	85 15
3	79 106
3	83 16
3	85 16
3	79 36
3	84 17
3	83 17
3	85 17
3	79 37
3	84 18
3	84 19
3	83 19
3	85 19
3	79 28
3	84 20
3	84 1
3	83 1
3	85 20
3	79 106
3	83 1
3	85 1
3	79 37
3	84 2
3	84 3
3	83 3
3	85 3
3	79 31
3	84 4
3	84 5
3	83 5
3	85 4
3	79 109
3	83 5
3	85 5
3	79 36
3	84 6
3	83 6
3	85 6
3	79 38
3	84 7
3	84 8
3	83 8
3	85 8
3	79 28
3	84 9
3	84 10
3	83 10
3	85 9
3	79 114
3	84 11
3	83 11
3	85 11
3	79 31
3	84 12
3	84 13
3	83 13
3	85 12
3	79 108
3	83 13
3	85 13
3	79 34
3	84 14
3	84 15
3	83 15
3	85 15
3	79 26
3	84 16
3	84 17
3	83 17
3	85 16
3	79 108
3	83 17
3	85 17
3	79 38
3	84 18
3	84 19
3	83 19
3	85 19
3	79 28
3	84 20
3	84 1
3	83 1
3	85 20
3	79 108
3	83 1
3	85 1
3	79 41
3	84 2
3	84 3
3	83 3
3	85 3
3	79 32
3	84 4
3	84 5
3	83 5
3	85 4
3	79 106
3	83 5
3	85 5
3	79 33
3	84 6
3	84 7
3	83 7
3	85 7
3	79 29
3	84 8
3	84 9
3	83 9
3	85 8
3	79 108
3	83 9
3	85 9
3	79 37
3	84 10
3	84 11
3	83 11
3	85 11
3	79 28
3	84 12
3	84 13
3	83 13
3	85 12
3	79 110
3	83 13
3	85 13
3	79 37
3	84 14
3	83 14
3	85 14
3	79 35
3	84 15
3	84 16
3	83 16
3	85 16
3	79 31
3	84 17
3	84 18
3	83 18
3	85 17
3	79 108
3	83 18
3	85 18
3	79 36
3	84 19
3	84 20
3	83 20
3	85 20
3	79 24
3	84 1
3	84 2
3	83 2
3	85 1
3	79 107
3	83 2
3	85 2
3	79 46
3	84 3
3	84 4
3	83 4
3	85 4
3	79 30
3	84 5
3	84 6
3	83 6
3	85 5
3	79 108
3	83 6
3	85 6
3	79 38
3	84 7
3	83 7
3	85 7
3	79 41
3	84 8
3	84 9
3	83 9
3	85 9
3	79 29
3	84 10
3	84 11
3	83 11
3	85 10
3	79 107
3	83 11
3	85 11
3	79 34
3	84 12
3	83 12
3	85 12
3	79 30
3	84 13
3	84 14
3	83 14
3	85 14
3	79 29
3	84 15
3	84 16
3	83 16
3	85 15
3	79 108
3	83 16
3	85 16
3	79 39
3	84 17
3	84 18
3	84 19
3	84 20
3	83 20
3	85 18
3	79 193
3	83 20
3	85 19
3	79 120
3	83 20
3	85 20
3	79 47
3	84 1
3	84 2
3	83 2
3	85 2
3	79 27
3	84 3
3	84 4
3	83 4
3	85 3
3	79 108
3	83 4
3	85 4
3	79 40
3	84 5
3	84 6
3	83 6
3	85 6
3	79 29
3	84 7
3	84 8
3	83 8
3	85 7
3	79 106
3	83 8
3	85 8
3	79 36
3	84 9
3	83 9
3	85 9
3	79 42
3	84 10
3	84 11
3	83 11
3	85 11
3	79 26
3	84 12
3	84 13
3	83 13
3	85 12
3	79 105
3	83 13
3	85 13
3	79 33
3	84 14
3	83 14
3	85 14
3	79 33
3	84 15
3	84 16
3	83 16
3	85 16
3	79 26
3	84 17
3	84 18
3	83 18
3	85 17
3	79 107
3	84 19
3	84 20
3	83 20
3	85 20
3	79 24
3	84 1
3	83 1
3	85 19
3	79 195
3	83 1
3	85 1
3	79 44
3	84 2
3	84 3
3	83 3
3	85 2
3	79 98
3	84 4
3	83 4
3	85 4
3	79 37
3	84 5
3	84 6
3	83 6
3	85 5
3	79 118
3	83 6
3	85 6
3	79 48
3	84 7
3	84 8
3	83 8
3	85 8
3	79 27
3	84 9
3	84 10
3	TEST_NUMBER 1
3	SENT_TOTAL 250
3	RECEIVED_TOTAL 191
3	TIME_TOTAL 29725
3	RECEIVED_RADIO_1 192
3	RECEIVED_RADIO_2 0
3	SENT_RADIO_1 125
3	SENT_RADIO_2 125
3	RADIO_TIME_1 29778
3	RADIO_TIME_2 19763
3	RETRANSMISSIONS_1 0
3	RETRANSMISSIONS_2 0
3	DROPPED_1 0
3	DROPPED_2 0
3	MAX_QUEUE 1
3	DUPLICATED_1 4
3	DUPLICATED_2 0
3	EBUSY_RADIO_1 0
3	EBUSY_RADIO_2 0
3	83 0
3	85 9
3	86 1
3	83 0
3	85 10
3	86 1
3	84 1
3	84 2
3	83 2
3	85 2
3	79 22
3	84 3
3	84 4
3	83 4
3	85 3
3	79 106
3	83 4
3	85 4
3	79 33
3	84 5
3	83 5
3	85 5
3	79 33
3	84 6
3	84 7
3	83 7
3	85 7
3	79 24
3	84 8
3	84 9
3	83 9
3	85 8
3	79 107
3	83 9
3	85 9
3	79 33
3	84 10
3	83 10
3	85 10
3	79 32
3	84 11
3	84 12
3	83 12
3	85 12
3	79 29
3	84 13
3	84 14
3	83 14
3	85 13
3	79 108
3	84 15
3	84 16
3	83 16
3	85 15
3	79 107
3	83 16
3	85 16
3	79 34
3	84 17
3	83 17
3	85 17
3	79 54
3	84 18
3	84 19
3	83 19
3	85 19
3	79 29
3	84 20
3	84 1
3	83 1
3	85 20
3	79 114
3	83 1
3	85 1
3	79 46
3	84 2
3	84 3
3	83 3
3	85 3
3	79 35
3	84 4
3	84 5
3	83 5
3	85 4
3	79 106
3	83 5
3	85 5
3	79 34
3	84 6
3	83 6
3	85 6
3	79 41
3	84 7
3	84 8
3	83 8
3	85 8
3	79 28
3	84 9
3	84 10
3	83 10
3	85 9
3	79 106
3	83 10
3	85 10
3	79 33
3	84 11
3	84 12
3	83 12
3	85 12
3	79 28
3	84 13
3	84 14
3	83 14
3	85 13
3	79 106
3	83 14
3	85 14
3	79 39
3	84 15
3	84 16
3	83 16
3	85 16
3	79 38
3	84 17
3	84 18
3	83 18
3	85 17
3	79 110
3	83 18
3	85 18
3	79 38
3	84 19
3	84 20
3	83 20
3	85 20
3	79 22
3	84 1
3	84 2
3	83 2
3	85 1
3	79 110
3	83 2
3	85 2
3	79 40
3	84 3
3	84 4
3	83 4
3	85 4
3	79 24
3	84 5
3	84 6
3	83 6
3	85 5
3	79 108
3	83 6
3	85 6
3	79 35
3	84 7
3	83 7
3	85 7
3	79 37
3	84 8
3	84 9
3	83 9
3	85 9
3	79 25
3	84 10
3	84 11
3	83 11
3	85 10
3	79 107
3	83 11
3	85 11
3	79 48
3	84 12
3	83 12
3	85 12
3	79 43
3	84 13
3	84 14
3	83 14
3	85 14
3	79 25
3	84 15
3	84 16
3	83 16
3	85 15
3	79 106
3	83 16
3	85 16
3	79 34
3	84 17
3	83 17
3	85 17
3	79 38
3	84 18
3	84 19
3	83 19
3	85 19
3	79 29
3	84 20
3	84 1
3	83 1
3	85 20
3	79 104
3	83 1
3	85 1
3	79 35
3	84 2
3	84 3
3	83 3
3	85 3
3	79 25
3	84 4
3	84 5
3	83 5
3	85 4
3	79 106
3	83 5
3	85 5
3	79 34
3	84 6
3	83 6
3	85 6
3	79 34
3	84 7
3	84 8
3	83 8
3	85 8
3	79 23
3	84 9
3	84 10
3	83 10
3	85 9
3	79 106
3	83 10
3	85 10
3	79 34
3	84 11
3	84 12
3	83 12
3	85 12
3	79 31
3	84 13
3	84 14
3	83 14
3	85 13
3	79 103
3	83 14
3	85 14
3	79 31
3	84 15
3	83 15
3	85 15
3	79 42
3	84 16
3	84 17
3	83 17
3	85 17
3	79 26
3	84 18
3	84 19
3	83 19
3	85 18
3	79 108
3	83 19
3	85 19
3	79 38
3	84 20
3	83 20
3	85 20
3	79 35
3	84 1
3	84 2
3	83 2
3	85 2
3	79 27
3	84 3
3	84 4
3	83 4
3	85 3
3	79 109
3	83 4
3	85 4
3	79 35
3	84 5
3	84 6
3	84 7
3	83 7
3	85 5
3	79 188
3	83 7
3	85 7
3	79 34
3	84 8
3	84 9
3	83 9
3	85 8
3	79 118
3	83 9
3	85 9
3	79 46
3	84 10
3	83 10
3	85 10
3	79 39
3	84 11
3	84 12
3	83 12
3	85 12
3	79 27
3	84 13
3	84 14
3	83 14
3	85 13
3	79 110
3	83 14
3	85 14
3	79 45
3	84 15
3	84 16
3	83 16
3	85 16
3	79 28
3	84 17
3	84 18
3	83 18
3	85 17
3	79 114
3	84 19
3	83 19
3	85 19
3	79 26
3	84 20
3	84 1
3	83 1
3	85 20
3	79 105
3	83 1
3	85 1
3	79 37
3	84 2
3	83 2
3	85 2
3	79 33
3	84 3
3	84 4
3	83 4
3	85 4
3	79 24
3	84 5
3	84 6
3	83 6
3	85 5
3	79 110
3	83 6
3	85 6
3	79 35
3	84 7
3	84 8
3	83 8
3	85 8
3	79 22
3	84 9
3	84 10
3	83 10
3	85 9
3	79 108
3	83 10
3	85 10
3	79 36
3	84 11
3	83 11
3	85 11
3	79 38
3	84 12
3	84 13
3	83 13
3	85 13
3	79 28
3	84 14
3	84 15
3	83 15
3	85 14
3	79 106
3	83 15
3	85 15
3	79 34
3	84 16
3	84 17
3	83 17
3	85 17
3	79 29
3	84 18
3	84 19
3	83 19
3	85 18
3	79 107
3	83 19
3	85 19
3	79 36
3	84 20
3	84 1
3	83 1
3	85 1
3	79 26
3	84 2
3	84 3
3	83 3
3	85 2
3	79 103
3	83 3
3	85 3
3	79 32
3	84 4
3	83 4
3	85 4
3	79 36
3	84 5
3	84 6
3	83 6
3	85 6
3	79 28
3	84 7
3	84 8
3	83 8
3	85 7
3	79 119
3	83 8
3	85 8
3	79 47
3	84 9
3	84 10
3	83 10
3	85 10
3	79 22
3	84 11
3	84 12
3	83 12
3	85 11
3	79 112
3	83 12
3	85 12
3	79 42
3	84 13
3	83 13
3	85 13
3	79 34
3	84 14
3	84 15
3	83 15
3	85 15
3	79 28
3	84 16
3	84 17
3	83 17
3	85 16
3	79 103
3	84 18
3	84 19
3	83 19
3	85 17
3	79 183
3	83 19
3	85 19
3	79 31
3	84 20
3	84 1
3	83 1
3	85 20
3	79 106
3	83 1
3	85 1
3	79 33
3	84 2
3	83 2
3	85 2
3	79 34
3	84 3
3	84 4
3	83 4
3	85 4
3	79 26
3	84 5
3	84 6
3	83 6
3	85 5
3	79 116
3	83 6
3	85 6
3	79 51
3	84 7
3	84 8
3	83 8
3	85 8
3	79 21
3	84 9
3	84 10
3	83 10
3	85 9
3	79 107
3	83 10
3	85 10
3	79 34
3	84 11
3	84 12
3	83 12
3	85 12
3	79 23
3	84 13
3	84 14
3	83 14
3	85 13
3	79 104
3	83 14
3	85 14
3	79 30
3	84 15
3	84 16
3	83 16
3	85 16
3	79 30
3	84 17
3	84 18
3	83 18
3	85 17
3	79 105
3	83 18
3	85 18
3	79 32
3	84 19
3	83 19
3	85 19
3	79 35
3	84 20
3	84 1
3	83 1
3	85 1
3	79 26
3	84 2
3	84 3
3	83 3
3	85 2
3	79 106
3	83 3
3	85 3
3	79 47
3	84 4
3	84 5
3	83 5
3	85 5
3	79 31
3	84 6
3	84 7
3	83 7
3	85 6
3	79 105
3	83 7
3	85 7
3	79 34
3	84 8
3	83 8
3	85 8
3	79 36
3	84 9
3	84 10
3	83 10
3	85 10
3	79 27
3	84 11
3	84 12
3	83 12
3	85 11
3	79 115
3	83 12
3	85 12
3	79 41
3	84 13
3	83 13
3	85 13
3	79 33
3	84 14
3	84 15
3	83 15
3	85 15
3	79 30
3	84 16
3	84 17
3	83 17
3	85 16
3	79 103
3	84 18
3	83 18
3	85 18
3	79 29
3	84 19
3	84 20
3	83 20
3	85 19
3	79 113
3	84 1
3	83 1
3	85 1
3	79 31
3	84 2
3	84 3
3	83 3
3	85 2
3	79 110
3	84 4
3	83 4
3	85 4
3	79 26
3	84 5
3	84 6
3	83 6
3	85 5
3	79 108
3	83 6
3	85 6
3	79 34
3	84 7
3	83 7
3	85 7
3	79 30
3	84 8
3	84 9
3	83 9
3	85 9
3	79 33
3	84 10
3	84 11
3	83 11
3	85 10
3	79 107
3	84 12
3	83 12
3	85 12
3	79 23
3	84 13
3	84 14
3	83 14
3	85 13
3	79 105
3	83 14
3	85 14
3	79 43
3	84 15
3	83 15
3	85 15
3	79 34
3	84 16
3	84 17
3	83 17
3	85 17
3	79 32
3	84 18
3	84 19
3	83 19
3	85 18
3	79 102
3	84 20
3	83 20
3	85 20
3	79 28
3	84 1
3	84 2
3	83 2
3	85 1
3	79 105
3	83 2
3	85 2
3	79 33
3	84 3
3	83 3
3	85 3
3	79 32
3	84 4
3	84 5
3	83 5
3	85 5
3	79 32
3	84 6
3	84 7
3	83 7
3	85 6
3	79 102
3	83 7
3	85 7
3	79 35
3	84 8
3	84 9
3	83 9
3	85 9
3	79 25
3	84 10
3	84 11
3	83 11
3	85 10
3	79 121
3	83 11
3	85 11
3	79 46
3	84 12
3	84 13
3	83 13
3	85 13
3	79 25
3	84 14
3	84 15
3	83 15
3	85 14
3	79 118
3	83 15
3	85 15
3	79 46
3	84 16
3	84 17
3	83 17
3	85 17
3	79 32
3	84 18
3	84 19
3	83 19
3	85 18
3	79 114
3	84 20
3	83 20
3	85 20
3	79 24
3	84 1
3	84 2
3	83 2
3	85 1
3	79 106
3	83 2
3	85 2
3	79 33
3	84 3
3	83 3
3	85 3
3	79 32
3	84 4
3	84 5
3	83 5
3	85 5
3	79 25
3	84 6
3	84 7
3	83 7
3	85 6
3	79 103
3	83 7
3	85 7
3	79 39
3	84 8
3	84 9
3	83 9
3	85 9
3	79 29
3	84 10
3	84 11
3	83 11
3	85 10
3	79 106
3	83 11
3	85 11
3	79 37
3	84 12
3	83 12
3	85 12
3	79 40
3	84 13
3	84 14
3	83 14
3	85 14
3	79 26
3	84 15
3	84 16
3	83 16
3	85 15
3	79 106
3	83 16
3	85 16
3	79 35
3	84 17
3	83 17
3	85 17
3	79 34
3	84 18
3	84 19
3	83 19
3	85 19
3	79 24
3	84 20
3	84 1
3	83 1
3	85 20
3	79 103
3	83 1
3	85 1
3	79 29
3	84 2
3	84 3
3	83 3
3	85 3
3	79 25
3	84 4
3	84 5
3	83 5
3	85 4
3	79 109
3	83 5
3	85 5
3	79 38
3	84 6
3	84 7
3	83 7
3	85 7
3	79 25
3	84 8
3	84 9
3	83 9
3	85 8
3	79 107
3	83 9
3	85 9
3	79 34
3	84 10
3	TEST_NUMBER 2
3	SENT_TOTAL 250
3	RECEIVED_TOTAL 191
3	TIME_TOTAL 29814
3	RECEIVED_RADIO_1 193
3	RECEIVED_RADIO_2 0
3	SENT_RADIO_1 124
3	SENT_RADIO_2 126
3	RADIO_TIME_1 29814
3	RADIO_TIME_2 19763
3	RETRANSMISSIONS_1 2
3	RETRANSMISSIONS_2 0
3	DROPPED_1 0
3	DROPPED_2 0
3	MAX_QUEUE 1
3	DUPLICATED_1 5
3	DUPLICATED_2 0
3	EBUSY_RADIO_1 0
3	EBUSY_RADIO_2 0
3	84 1
3	84 2
3	83 2
3	85 10
3	86 2
3	83 2
3	85 2
3	79 35
3	84 3
3	84 4
3	83 4
3	85 3
3	79 105
3	83 4
3	85 4
3	79 35
3	84 5
3	84 6
3	83 6
3	85 6
3	79 26
3	84 7
3	84 8
3	83 8
3	85 7
3	79 106
3	83 8
3	85 8
3	79 42
3	84 9
3	84 10
3	83 10
3	85 10
3	79 24
3	84 11
3	84 12
3	83 12
3	85 11
3	79 109
3	83 12
3	85 12
3	79 40
3	84 13
3	83 13
3	85 13
3	79 38
3	84 14
3	84 15
3	83 15
3	85 15
3	79 30
3	84 16
3	84 17
3	83 17
3	85 16
3	79 110
3	83 17
3	85 17
3	79 41
3	84 18
3	84 19
3	83 19
3	85 19
3	79 30
3	84 20
3	84 1
3	83 1
3	85 20
3	79 118
3	83 1
3	85 1
3	79 43
3	84 2
3	83 2
3	85 2
3	79 41
3	84 3
3	84 4
3	83 4
3	85 4
3	79 37
3	84 5
3	84 6
3	83 6
3	85 5
3	79 105
3	83 6
3	85 6
3	79 35
3	84 7
3	83 7
3	85 7
3	79 34
3	84 8
3	84 9
3	83 9
3	85 9
3	79 27
3	84 10
3	84 11
3	83 11
3	85 10
3	79 110
3	83 11
3	85 11
3	79 40
3	84 12
3	84 13
3	83 13
3	85 13
3	79 32
3	84 14
3	84 15
3	83 15
3	85 14
3	79 107
3	83 15
3	85 15
3	79 37
3	84 16
3	83 16
3	85 16
3	79 39
3	84 17
3	84 18
3	83 18
3	85 18
3	79 24
3	84 19
3	84 20
3	83 20
3	85 19
3	79 104
3	83 20
3	85 20
3	79 34
3	84 1
3	83 1
3	85 1
3	79 35
3	84 2
3	84 3
3	83 3
3	85 3
3	79 27
3	84 4
3	84 5
3	83 5
3	85 4
3	79 107
3	83 5
3	85 5
3	79 36
3	84 6
3	83 6
3	85 6
3	79 37
3	84 7
3	84 8
3	83 8
3	85 8
3	79 24
3	84 9
3	84 10
3	83 10
3	85 9
3	79 104
3	83 10
3	85 10
3	79 36
3	84 11
3	83 11
3	85 11
3	79 46
3	84 12
3	84 13
3	83 13
3	85 13
3	79 26
3	84 14
3	84 15
3	83 15
3	85 14
3	79 106
3	83 15
3	85 15
3	79 36
3	84 16
3	84 17
3	83 17
3	85 17
3	79 29
3	84 18
3	84 19
3	83 19
3	85 18
3	79 106
3	83 19
3	85 19
3	79 31
3	84 20
3	83 20
3	85 20
3	79 33
3	84 1
3	84 2
3	83 2
3	85 2
3	79 26
3	84 3
3	84 4
3	83 4
3	85 3
3	79 111
3	84 5
3	83 5
3	85 5
3	79 30
3	84 6
3	84 7
3	83 7
3	85 6
3	79 110
3	83 7
3	85 7
3	79 39
3	84 8
3	84 9
3	83 9
3	85 9
3	79 22
3	84 10
3	84 11
3	83 11
3	85 10
3	79 106
3	83 11
3	85 11
3	79 33
3	84 12
3	83 12
3	85 12
3	79 42
3	84 13
3	84 14
3	83 14
3	85 14
3	79 26
3	84 15
3	84 16
3	83 16
3	85 15
3	79 105
3	83 16
3	85 16
3	79 44
3	84 17
3	84 18
3	83 18
3	85 18
3	79 31
3	84 19
3	84 20
3	83 20
3	85 19
3	79 111
3	83 20
3	85 20
3	79 42
3	84 1
3	84 2
3	84 3
3	83 3
3	85 1
3	79 191
3	83 3
3	85 3
3	79 37
3	84 4
3	84 5
3	83 5
3	85 4
3	79 106
3	83 5
3	85 5
3	79 41
3	84 6
3	83 6
3	85 6
3	79 35
3	84 7
3	84 8
3	83 8
3	85 8
3	79 25
3	84 9
3	84 10
3	83 10
3	85 9
3	79 104
3	83 10
3	85 10
3	79 34
3	84 11
3	83 11
3	85 11
3	79 35
3	84 12
3	84 13
3	83 13
3	85 13
3	79 30
3	84 14
3	84 15
3	83 15
3	85 14
3	79 104
3	84 16
3	83 16
3	85 16
3	79 27
3	84 17
3	84 18
3	83 18
3	85 17
3	79 108
3	83 18
3	85 18
3	79 35
3	84 19
3	83 19
3	85 19
3	79 38
3	84 20
3	84 1
3	84 2
3	83 2
3	85 2
3	79 27
3	84 3
3	83 3
3	85 1
3	79 191
3	83 3
3	85 3
3	79 41
3	84 4
3	84 5
3	83 5
3	85 4
3	79 96
3	84 6
3	83 6
3	85 6
3	79 23
3	84 7
3	84 8
3	83 8
3	85 7
3	79 110
3	83 8
3	85 8
3	79 41
3	84 9
3	84 10
3	83 10
3	85 10
3	79 32
3	84 11
3	84 12
3	83 12
3	85 11
3	79 116
3	83 12
3	85 12
3	79 42
3	84 13
3	83 13
3	85 13
3	79 37
3	84 14
3	84 15
3	83 15
3	85 15
3	79 27
3	84 16
3	84 17
3	83 17
3	85 16
3	79 112
3	84 18
3	84 19
3	83 19
3	85 17
3	79 190
3	83 19
3	85 19
3	79 35
3	84 20
3	84 1
3	83 1
3	85 20
3	79 111
3	83 1
3	85 1
3	79 38
3	84 2
3	84 3
3	83 3
3	85 3
3	79 28
3	84 4
3	84 5
3	83 5
3	85 4
3	79 109
3	83 5
3	85 5
3	79 38
3	84 6
3	84 7
3	83 7
3	85 7
3	79 29
3	84 8
3	84 9
3	83 9
3	85 8
3	79 105
3	84 10
3	83 10
3	85 9
3	79 116
3	84 11
3	84 12
3	83 12
3	85 10
3	79 187
3	84 13
3	84 14
3	83 14
3	85 12
3	79 187
3	83 14
3	85 13
3	79 120
3	83 14
3	85 14
3	79 48
3	84 15
3	83 15
3	85 15
3	79 33
3	84 16
3	84 17
3	83 17
3	85 17
3	79 29
3	84 18
3	84 19
3	83 19
3	85 18
3	79 109
3	83 19
3	85 19
3	79 50
3	84 20
3	84 1
3	84 2
3	84 3
3	83 3
3	85 1
3	79 186
3	83 3
3	85 2
3	79 112
3	83 3
3	85 3
3	79 41
3	84 4
3	83 4
3	85 4
3	79 40
3	84 5
3	84 6
3	83 6
3	85 6
3	79 30
3	84 7
3	84 8
3	83 8
3	85 7
3	79 108
3	84 9
3	83 9
3	85 8
3	79 115
3	83 9
3	85 9
3	79 41
3	84 10
3	84 11
3	83 11
3	85 11
3	79 23
3	84 12
3	84 13
3	83 13
3	85 12
3	79 105
3	84 14
3	83 14
3	85 14
3	79 28
3	84 15
3	84 16
3	83 16
3	85 15
3	79 105
3	83 16
3	85 16
3	79 36
3	84 17
3	83 17
3	85 17
3	79 40
3	84 18
3	84 19
3	83 19
3	85 19
3	79 27
3	84 20
3	84 1
3	83 1
3	85 20
3	79 109
3	83 1
3	85 1
3	79 44
3	84 2
3	84 3
3	83 3
3	85 3
3	79 28
3	84 4
3	84 5
3	83 5
3	85 4
3	79 104
3	83 5
3	85 5
3	79 32
3	84 6
3	83 6
3	85 6
3	79 30
3	84 7
3	84 8
3	83 8
3	85 8
3	79 30
3	84 9
3	84 10
3	83 10
3	85 9
3	79 108
3	83 10
3	85 10
3	79 34
3	84 11
3	84 12
3	83 12
3	85 12
3	79 28
3	84 13
3	84 14
3	83 14
3	85 13
3	79 106
3	83 14
3	85 14
3	79 32
3	84 15
3	84 16
3	84 17
3	83 17
3	85 16
3	79 115
3	83 17
3	85 17
3	79 42
3	84 18
3	84 19
3	83 19
3	85 18
3	79 96
3	84 20
3	83 20
3	85 20
3	79 24
3	84 1
3	84 2
3	83 2
3	85 1
3	79 116
3	83 2
3	85 2
3	79 42
3	84 3
3	84 4
3	83 4
3	85 4
3	79 22
3	84 5
3	84 6
3	83 6
3	85 5
3	79 121
3	83 6
3	85 6
3	79 47
3	84 7
3	84 8
3	83 8
3	85 8
3	79 27
3	84 9
3	84 10
3	83 10
3	85 9
3	79 118
3	83 10
3	85 10
3	79 44
3	84 11
3	84 12
3	83 12
3	85 12
3	79 23
3	84 13
3	84 14
3	83 14
3	85 13
3	79 109
3	83 14
3	85 14
3	79 39
3	84 15
3	84 16
3	83 16
3	85 16
3	79 26
3	84 17
3	84 18
3	83 18
3	85 17
3	79 107
3	83 18
3	85 18
3	79 36
3	84 19
3	84 20
3	83 20
3	85 20
3	79 27
3	84 1
3	84 2
3	83 2
3	85 1
3	79 113
3	83 2
3	85 2
3	79 40
3	84 3
3	83 3
3	85 3
3	79 41
3	84 4
3	84 5
3	83 5
3	85 5
3	79 22
3	84 6
3	84 7
3	83 7
3	85 6
3	79 107
3	83 7
3	85 7
3	79 37
3	84 8
3	84 9
3	83 9
3	85 9
3	79 27
3	84 10
3	84 11
3	83 11
3	85 10
3	79 117
3	83 11
3	85 11
3	79 43
3	84 12
3	84 13
3	83 13
3	85 13
3	79 25
3	84 14
3	84 15
3	83 15
3	85 14
3	79 107
3	83 15
3	85 15
3	79 47
3	84 16
3	83 16
3	85 16
3	79 36
3	84 17
3	84 18
3	84 19
3	84 20
3	83 20
3	85 18
3	79 192
3	83 20
3	85 19
3	79 122
3	84 1
3	84 2
3	83 2
3	85 1
3	79 101
3	83 2
3	85 2
3	79 31
3	84 3
3	83 3
3	85 3
3	79 33
3	84 4
3	84 5
3	83 5
3	85 5
3	79 23
3	84 6
3	84 7
3	83 7
3	85 6
3	79 110
3	84 8
3	83 8
3	85 8
3	79 27
3	84 9
3	84 10
3	83 10
3	85 9
3	79 111
3	83 10
3	85 10
3	79 39
3	84 11
3	84 12
3	84 13
3	83 13
3	85 11
3	79 187
3	83 13
3	85 13
3	79 34
3	84 14
3	84 15
3	83 15
3	85 14
3	79 106
3	83 15
3	85 15
3	79 36
3	84 16
3	83 16
3	85 16
3	79 40
3	84 17
3	84 18
3	83 18
3	85 18
3	79 31
3	84 19
3	84 20
3	83 20
3	85 19
3	79 103
3	83 20
3	85 20
3	79 42
3	84 1
3	83 1
3	85 1
3	79 35
3	84 2
3	84 3
3	83 3
3	85 3
3	79 26
3	84 4
3	84 5
3	83 5
3	85 4
3	79 114
3	83 5
3	85 5
3	79 40
3	84 6
3	84 7
3	83 7
3	85 7
3	79 31
3	84 8
3	84 9
3	83 9
3	85 8
3	79 108
3	83 9
3	85 9
3	79 36
3	84 10
3	TEST_NUMBER 3
3	SENT_TOTAL 250
3	RECEIVED_TOTAL 192
3	TIME_TOTAL 19694
3	RECEIVED_RADIO_1 193
3	RECEIVED_RADIO_2 0
3	SENT_RADIO_1 124
3	SENT_RADIO_2 126
3	RADIO_TIME_1 19799
3	RADIO_TIME_2 19763
3	RETRANSMISSIONS_1 2
3	RETRANSMISSIONS_2 0
3	DROPPED_1 0
3	DROPPED_2 0
3	MAX_QUEUE 1
3	DUPLICATED_1 4
3	DUPLICATED_2 0
3	EBUSY_RADIO_1 0
3	EBUSY_RADIO_2 0
3	83 0
3	85 10
3	86 3
3	84 1
3	84 2
3	83 2
3	85 2
3	79 26
3	84 3
3	84 4
3	83 4
3	85 3
3	79 108
3	83 4
3	85 4
3	79 45
3	84 5
3	83 5
3	85 5
3	79 33
3	84 6
3	84 7
3	83 7
3	85 7
3	79 24
3	84 8
3	84 9
3	83 9
3	85 8
3	79 105
3	83 9
3	85 9
3	79 33
3	84 10
3	83 10
3	85 10
3	79 40
3	84 11
3	84 12
3	83 12
3	85 12
3	79 25
3	84 13
3	84 14
3	83 14
3	85 13
3	79 112
3	84 15
3	84 16
3	84 17
3	83 17
3	85 16
3	79 118
3	83 17
3	85 15
3	79 206
3	84 18
3	83 18
3	85 18
3	79 29
3	84 19
3	84 20
3	83 20
3	85 19
3	79 104
3	83 20
3	85 20
3	79 32
3	84 1
3	84 2
3	83 2
3	85 2
3	79 29
3	84 3
3	84 4
3	83 4
3	85 3
3	79 109
3	83 4
3	85 4
3	79 45
3	84 5
3	84 6
3	83 6
3	85 6
3	79 28
3	84 7
3	84 8
3	83 8
3	85 7
3	79 109
3	83 8
3	85 8
3	79 39
3	84 9
3	84 10
3	84 11
3	83 11
3	85 10
3	79 118
3	83 11
3	85 11
3	79 48
3	84 12
3	84 13
3	83 13
3	85 12
3	79 109
3	84 14
3	83 14
3	85 14
3	79 29
3	84 15
3	84 16
3	83 16
3	85 15
3	79 113
3	83 16
3	85 16
3	79 51
3	84 17
3	83 17
3	85 17
3	79 35
3	84 18
3	84 19
3	83 19
3	85 19
3	79 24
3	84 20
3	84 1
3	83 1
3	85 20
3	79 106
3	83 1
3	85 1
3	79 35
3	84 2
3	83 2
3	85 2
3	79 39
3	84 3
3	84 4
3	83 4
3	85 4
3	79 22
3	84 5
3	84 6
3	83 6
3	85 5
3	79 105
3	83 6
3	85 6
3	79 31
3	84 7
3	83 7
3	85 7
3	79 32
3	84 8
3	84 9
3	83 9
3	85 9
3	79 26
3	84 10
3	84 11
3	83 11
3	85 10
3	79 104
3	83 11
3	85 11
3	79 35
3	84 12
3	84 13
3	83 13
3	85 13
3	79 28
3	84 14
3	84 15
3	83 15
3	85 14
3	79 103
3	83 15
3	85 15
3	79 34
3	84 16
3	84 17
3	83 17
3	85 17
3	79 28
3	84 18
3	84 19
3	83 19
3	85 18
3	79 107
3	83 19
3	85 19
3	79 35
3	84 20
3	84 1
3	84 2
3	83 2
3	85 20
3	79 188
3	83 2
3	85 2
3	79 34
3	84 3
3	84 4
3	83 4
3	85 3
3	79 108
3	83 4
3	85 4
3	79 42
3	84 5
3	84 6
3	83 6
3	85 6
3	79 30
3	84 7
3	84 8
3	83 8
3	85 7
3	79 109
3	83 8
3	85 8
3	79 46
3	84 9
3	84 10
3	83 10
3	85 10
3	79 29
3	84 11
3	84 12
3	83 12
3	85 11
3	79 105
3	84 13
3	83 13
3	85 12
3	79 117
3	83 13
3	85 13
3	79 45
3	84 14
3	84 15
3	83 15
3	85 15
3	79 22
3	84 16
3	84 17
3	83 17
3	85 16
3	79 106
3	83 17
3	85 17
3	79 43
3	84 18
3	84 19
3	83 19
3	85 19
3	79 31
3	84 20
3	84 1
3	83 1
3	85 20
3	79 107
3	83 1
3	85 1
3	79 39
3	84 2
3	84 3
3	83 3
3	85 3
3	79 26
3	84 4
3	84 5
3	83 5
3	85 4
3	79 106
3	83 5
3	85 5
3	79 37
3	84 6
3	83 6
3	85 6
3	79 40
3	84 7
3	84 8
3	83 8
3	85 8
3	79 22
3	84 9
3	84 10
3	83 10
3	85 9
3	79 113
3	83 10
3	85 10
3	79 40
3	84 11
3	84 12
3	83 12
3	85 12
3	79 28
3	84 13
3	84 14
3	83 14
3	85 13
3	79 110
3	83 14
3	85 14
3	79 50
3	84 15
3	84 16
3	83 16
3	85 16
3	79 23
3	84 17
3	84 18
3	83 18
3	85 17
3	79 112
3	83 18
3	85 18
3	79 41
3	84 19
3	83 19
3	85 19
3	79 34
3	84 20
3	84 1
3	83 1
3	85 1
3	79 25
3	84 2
3	84 3
3	83 3
3	85 2
3	79 108
3	83 3
3	85 3
3	79 38
3	84 4
3	84 5
3	83 5
3	85 5
3	79 26
3	84 6
3	84 7
3	83 7
3	85 6
3	79 101
3	84 8
3	83 8
3	85 7
3	79 116
3	83 8
3	85 8
3	79 44
3	84 9
3	84 10
3	83 10
3	85 10
3	79 24
3	84 11
3	84 12
3	83 12
3	85 11
3	79 108
3	83 12
3	85 12
3	79 38
3	84 13
3	83 13
3	85 13
3	79 33
3	84 14
3	84 15
3	83 15
3	85 15
3	79 27
3	84 16
3	84 17
3	83 17
3	85 16
3	79 107
3	83 17
3	85 17
3	79 51
3	84 18
3	84 19
3	83 19
3	85 19
3	79 30
3	84 20
3	84 1
3	83 1
3	85 20
3	79 108
3	83 1
3	85 1
3	79 42
3	84 2
3	84 3
3	83 3
3	85 3
3	79 25
3	84 4
3	84 5
3	83 5
3	85 4
3	79 112
3	83 5
3	85 5
3	79 38
3	84 6
3	84 7
3	83 7
3	85 7
3	79 29
3	84 8
3	84 9
3	83 9
3	85 8
3	79 110
3	83 9
3	85 9
3	79 39
3	84 10
3	84 11
3	83 11
3	85 11
3	79 28
3	84 12
3	84 13
3	83 13
3	85 12
3	79 107
3	83 13
3	85 13
3	79 34
3	84 14
3	83 14
3	85 14
3	79 33
3	84 15
3	84 16
3	83 16
3	85 16
3	79 27
3	84 17
3	84 18
3	83 18
3	85 17
3	79 107
3	83 18
3	85 18
3	79 35
3	84 19
3	83 19
3	85 19
3	79 38
3	84 20
3	84 1
3	83 1
3	85 1
3	79 30
3	84 2
3	84 3
3	83 3
3	85 2
3	79 104
3	83 3
3	85 3
3	79 45
3	84 4
3	84 5
3	83 5
3	85 5
3	79 28
3	84 6
3	84 7
3	83 7
3	85 6
3	79 107
3	83 7
3	85 7
3	79 35
3	84 8
3	83 8
3	85 8
3	79 38
3	84 9
3	84 10
3	83 10
3	85 10
3	79 26
3	84 11
3	84 12
3	83 12
3	85 11
3	79 107
3	84 13
3	84 14
3	83 14
3	85 13
3	79 108
3	83 14
3	85 14
3	79 37
3	84 15
3	83 15
3	85 15
3	79 37
3	84 16
3	84 17
3	83 17
3	85 17
3	79 27
3	84 18
3	84 19
3	83 19
3	85 18
3	79 104
3	83 19
3	85 19
3	79 31
3	84 20
3	83 20
3	85 20
3	79 35
3	84 1
3	84 2
3	83 2
3	85 2
3	79 24
3	84 3
3	84 4
3	83 4
3	85 3
3	79 108
3	83 4
3	85 4
3	79 38
3	84 5
3	84 6
3	83 6
3	85 6
3	79 25
3	84 7
3	84 8
3	83 8
3	85 7
3	79 106
3	83 8
3	85 8
3	79 33
3	84 9
3	83 9
3	85 9
3	79 33
3	84 10
3	84 11
3	83 11
3	85 11
3	79 26
3	84 12
3	84 13
3	83 13
3	85 12
3	79 109
3	83 13
3	85 13
3	79 37
3	84 14
3	84 15
3	83 15
3	85 15
3	79 33
3	84 16
3	84 17
3	83 17
3	85 16
3	79 129
3	84 18
3	84 19
3	83 19
3	85 17
3	79 204
3	83 19
3	85 19
3	79 51
3	84 20
3	84 1
3	83 1
3	85 20
3	79 105
3	84 2
3	83 2
3	85 2
3	79 27
3	84 3
3	84 4
3	83 4
3	85 3
3	79 108
3	83 4
3	85 4
3	79 38
3	84 5
3	83 5
3	85 5
3	79 34
3	84 6
3	84 7
3	83 7
3	85 7
3	79 28
3	84 8
3	84 9
3	83 9
3	85 8
3	79 106
3	84 10
3	83 10
3	85 10
3	79 35
3	84 11
3	84 12
3	83 12
3	85 11
3	79 108
3	83 12
3	85 12
3	79 37
3	84 13
3	83 13
3	85 13
3	79 31
3	84 14
3	84 15
3	83 15
3	85 15
3	79 29
3	84 16
3	84 17
3	83 17
3	85 16
3	79 105
3	83 17
3	85 17
3	79 31
3	84 18
3	83 18
3	85 18
3	79 32
3	84 19
3	84 20
3	83 20
3	85 20
3	79 21
3	84 1
3	84 2
3	83 2
3	85 1
3	79 103
3	84 3
3	83 3
3	85 2
3	79 115
3	83 3
3	85 3
3	79 43
3	84 4
3	84 5
3	83 5
3	85 5
3	79 26
3	84 6
3	84 7
3	83 7
3	85 6
3	79 110
3	83 7
3	85 7
3	79 37
3	84 8
3	83 8
3	85 8
3	79 36
3	84 9
3	84 10
3	83 10
3	85 10
3	79 25
3	84 11
3	84 12
3	83 12
3	85 11
3	79 106
3	83 12
3	85 12
3	79 33
3	84 13
3	83 13
3	85 13
3	79 47
3	84 14
3	84 15
3	83 15
3	85 15
3	79 30
3	84 16
3	84 17
3	83 17
3	85 16
3	79 111
3	83 17
3	85 17
3	79 39
3	84 18
3	84 19
3	83 19
3	85 19
3	79 30
3	84 20
3	84 1
3	83 1
3	85 20
3	79 104
3	83 1
3	85 1
3	79 32
3	84 2
3	84 3
3	83 3
3	85 3
3	79 25
3	84 4
3	84 5
3	83 5
3	85 4
3	79 107
3	83 5
3	85 5
3	79 34
3	84 6
3	83 6
3	85 6
3	79 37
3	84 7
3	84 8
3	83 8
3	85 8
3	79 27
3	84 9
3	84 10
3	83 10
3	85 9
3	79 105
3	83 10
3	85 10
3	79 34
3	84 11
3	83 11
3	85 11
3	79 41
3	84 12
3	84 13
3	83 13
3	85 13
3	79 27
3	84 14
3	84 15
3	83 15
3	85 14
3	79 110
3	84 16
3	83 16
3	85 16
3	79 29
3	84 17
3	84 18
3	83 18
3	85 17
3	79 115
3	84 19
3	84 20
3	83 20
3	85 18
3	79 188
3	83 20
3	85 20
3	79 46
3	84 1
3	84 2
3	83 2
3	85 1
3	79 106
3	83 2
3	85 2
3	79 32
3	84 3
3	84 4
3	83 4
3	85 4
3	79 30
3	84 5
3	84 6
3	83 6
3	85 5
3	79 107
3	84 7
3	83 7
3	85 7
3	79 30
3	84 8
3	84 9
3	83 9
3	85 8
3	79 108
3	83 9
3	85 9
3	79 38
3	84 10
3	TEST_NUMBER 4
3	SENT_TOTAL 250
3	RECEIVED_TOTAL 191
3	TIME_TOTAL 29799
3	RECEIVED_RADIO_1 192
3	RECEIVED_RADIO_2 0
3	SENT_RADIO_1 125
3	SENT_RADIO_2 125
3	RADIO_TIME_1 29799
3	RADIO_TIME_2 19763
3	RETRANSMISSIONS_1 0
3	RETRANSMISSIONS_2 0
3	DROPPED_1 0
3	DROPPED_2 0
3	MAX_QUEUE 1
3	DUPLICATED_1 9
3	DUPLICATED_2 0
3	EBUSY_RADIO_1 0
3	EBUSY_RADIO_2 0
3	84 1
3	83 1
3	85 1
3	79 25
3	84 2
3	84 3
3	83 3
3	85 2
3	79 108
3	83 3
3	85 3
3	79 42
3	84 4
3	83 4
3	85 4
3	79 36
3	84 5
3	84 6
3	83 6
3	85 6
3	79 26
3	84 7
3	84 8
3	83 8
3	85 7
3	79 110
3	83 8
3	85 8
3	79 37
3	84 9
3	84 10
3	83 10
3	85 10
3	79 30
3	84 11
3	84 12
3	83 12
3	85 11
3	79 107
3	83 12
3	85 12
3	79 35
3	84 13
3	83 13
3	85 13
3	79 33
3	84 14
3	84 15
3	83 15
3	85 15
3	79 23
3	84 16
3	84 17
3	83 17
3	85 16
3	79 106
3	83 17
3	85 17
3	79 37
3	84 18
3	84 19
3	83 19
3	85 19
3	79 25
3	84 20
3	84 1
3	83 1
3	85 20
3	79 109
3	83 1
3	85 1
3	79 39
3	84 2
3	83 2
3	85 2
3	79 32
3	84 3
3	84 4
3	83 4
3	85 4
3	79 27
3	84 5
3	84 6
3	83 6
3	85 5
3	79 107
3	83 6
3	85 6
3	79 46
3	84 7
3	84 8
3	83 8
3	85 8
3	79 30
3	84 9
3	84 10
3	83 10
3	85 9
3	79 107
3	83 10
3	85 10
3	79 40
3	84 11
3	84 12
3	84 13
3	83 13
3	85 11
3	79 189
3	84 14
3	83 14
3	85 13
3	79 119
3	83 14
3	85 14
3	79 68
3	84 15
3	84 16
3	83 16
3	85 16
3	79 23
3	84 17
3	84 18
3	83 18
3	85 17
3	79 105
3	83 18
3	85 18
3	79 43
3	84 19
3	84 20
3	83 20
3	85 20
3	79 25
3	84 1
3	84 2
3	83 2
3	85 1
3	79 104
3	83 2
3	85 2
3	79 32
3	84 3
3	83 3
3	85 3
3	79 36
3	84 4
3	84 5
3	83 5
3	85 5
3	79 23
3	84 6
3	84 7
3	83 7
3	85 6
3	79 112
3	83 7
3	85 7
3	79 39
3	84 8
3	84 9
3	83 9
3	85 9
3	79 29
3	84 10
3	84 11
3	83 11
3	85 10
3	79 105
3	84 12
3	83 12
3	85 11
3	79 115
3	83 12
3	85 12
3	79 45
3	84 13
3	84 14
3	83 14
3	85 14
3	79 22
3	84 15
3	84 16
3	83 16
3	85 15
3	79 104
3	83 16
3	85 16
3	79 43
3	84 17
3	84 18
3	83 18
3	85 18
3	79 26
3	84 19
3	84 20
3	83 20
3	85 19
3	79 107
3	83 20
3	85 20
3	79 39
3	84 1
3	83 1
3	85 1
3	79 34
3	84 2
3	84 3
3	83 3
3	85 3
3	79 30
3	84 4
3	84 5
3	83 5
3	85 4
3	79 108
3	83 5
3	85 5
3	79 39
3	84 6
3	84 7
3	83 7
3	85 7
3	79 25
3	84 8
3	84 9
3	83 9
3	85 8
3	79 113
3	84 10
3	84 11
3	84 12
3	83 12
3	85 10
3	79 186
3	83 12
3	85 11
3	79 116
3	83 12
3	85 12
3	79 44
3	84 13
3	84 14
3	83 14
3	85 14
3	79 33
3	84 15
3	84 16
3	83 16
3	85 15
3	79 111
3	83 16
3	85 16
3	79 40
3	84 17
3	84 18
3	84 19
3	84 20
3	83 20
3	85 18
3	79 187
3	83 20
3	85 19
3	79 117
3	84 1
3	84 2
3	83 2
3	85 1
3	79 106
3	83 2
3	85 2
3	79 43
3	84 3
3	83 3
3	85 3
3	79 35
3	84 4
3	84 5
3	83 5
3	85 5
3	79 25
3	84 6
3	84 7
3	83 7
3	85 6
3	79 108
3	83 7
3	85 7
3	79 40
3	84 8
3	84 9
3	83 9
3	85 9
3	79 29
3	84 10
3	84 11
3	83 11
3	85 10
3	79 106
3	83 11
3	85 11
3	79 41
3	84 12
3	84 13
3	83 13
3	85 13
3	79 28
3	84 14
3	84 15
3	83 15
3	85 14
3	79 110
3	83 15
3	85 15
3	79 40
3	84 16
3	84 17
3	84 18
3	83 18
3	85 18
3	79 25
3	84 19
3	83 19
3	85 17
3	79 195
3	83 19
3	85 19
3	79 53
3	84 20
3	84 1
3	83 1
3	85 20
3	79 91
3	84 2
3	83 2
3	85 2
3	79 33
3	84 3
3	84 4
3	83 4
3	85 3
3	79 111
3	83 4
3	85 4
3	79 41
3	84 5
3	84 6
3	84 7
3	83 7
3	85 5
3	79 186
3	83 7
3	85 7
3	79 32
3	84 8
3	84 9
3	83 9
3	85 8
3	79 104
3	84 10
3	84 11
3	83 11
3	85 9
3	79 188
3	83 11
3	85 11
3	79 37
3	84 12
3	84 13
3	83 13
3	85 12
3	79 113
3	83 13
3	85 13
3	79 42
3	84 14
3	83 14
3	85 14
3	79 39
3	84 15
3	84 16
3	83 16
3	85 16
3	79 27
3	84 17
3	84 18
3	83 18
3	85 17
3	79 106
3	83 18
3	85 18
3	79 35
3	84 19
3	84 20
3	83 20
3	85 20
3	79 24
3	84 1
3	84 2
3	83 2
3	85 1
3	79 108
3	83 2
3	85 2
3	79 33
3	84 3
3	83 3
3	85 3
3	79 31
3	84 4
3	84 5
3	83 5
3	85 5
3	79 28
3	84 6
3	84 7
3	83 7
3	85 6
3	79 108
3	83 7
3	85 7
3	79 46
3	84 8
3	84 9
3	83 9
3	85 9
3	79 29
3	84 10
3	84 11
3	83 11
3	85 10
3	79 106
3	83 11
3	85 11
3	79 41
3	84 12
3	84 13
3	83 13
3	85 13
3	79 28
3	84 14
3	84 15
3	83 15
3	85 14
3	79 110
3	83 15
3	85 15
3	79 38
3	84 16
3	83 16
3	85 16
3	79 40
3	84 17
3	84 18
3	83 18
3	85 18
3	79 27
3	84 19
3	84 20
3	83 20
3	85 19
3	79 110
3	83 20
3	85 20
3	79 39
3	84 1
3	84 2
3	84 3
3	83 3
3	85 1
3	79 191
3	83 3
3	85 3
3	79 38
3	84 4
3	84 5
3	83 5
3	85 4
3	79 107
3	83 5
3	85 5
3	79 33
3	84 6
3	83 6
3	85 6
3	79 34
3	84 7
3	84 8
3	83 8
3	85 8
3	79 27
3	84 9
3	84 10
3	83 10
3	85 9
3	79 108
3	83 10
3	85 10
3	79 39
3	84 11
3	84 12
3	83 12
3	85 12
3	79 23
3	84 13
3	84 14
3	83 14
3	85 13
3	79 111
3	83 14
3	85 14
3	79 39
3	84 15
3	84 16
3	83 16
3	85 16
3	79 31
3	84 17
3	84 18
3	83 18
3	85 17
3	79 104
3	83 18
3	85 18
3	79 41
3	84 19
3	84 20
3	83 20
3	85 20
3	79 26
3	84 1
3	84 2
3	83 2
3	85 1
3	79 106
3	84 3
3	83 3
3	85 3
3	79 28
3	84 4
3	84 5
3	84 6
3	83 6
3	85 4
3	79 183
3	83 6
3	85 6
3	79 30
3	84 7
3	84 8
3	83 8
3	85 7
3	79 118
3	84 9
3	83 9
3	85 9
3	79 25
3	84 10
3	84 11
3	83 11
3	85 10
3	79 109
3	83 11
3	85 11
3	79 37
3	84 12
3	83 12
3	85 12
3	79 34
3	84 13
3	84 14
3	83 14
3	85 14
3	79 29
3	84 15
3	84 16
3	83 16
3	85 15
3	79 116
3	83 16
3	85 16
3	79 43
3	84 17
3	83 17
3	85 17
3	79 36
3	84 18
3	84 19
3	83 19
3	85 19
3	79 26
3	84 20
3	84 1
3	83 1
3	85 20
3	79 105
3	83 1
3	85 1
3	79 41
3	84 2
3	84 3
3	83 3
3	85 3
3	79 31
3	84 4
3	84 5
3	83 5
3	85 4
3	79 106
3	84 6
3	84 7
3	83 7
3	85 5
3	79 192
3	84 8
3	83 8
3	85 7
3	79 107
3	83 8
3	85 8
3	79 35
3	84 9
3	83 9
3	85 9
3	79 43
3	84 10
3	84 11
3	83 11
3	85 11
3	79 30
3	84 12
3	84 13
3	83 13
3	85 12
3	79 111
3	83 13
3	85 13
3	79 38
3	84 14
3	83 14
3	85 14
3	79 39
3	84 15
3	84 16
3	83 16
3	85 16
3	79 27
3	84 17
3	84 18
3	83 18
3	85 17
3	79 107
3	83 18
3	85 18
3	79 33
3	84 19
3	83 19
3	85 19
3	79 33
3	84 20
3	84 1
3	83 1
3	85 1
3	79 30
3	84 2
3	84 3
3	83 3
3	85 2
3	79 110
3	83 3
3	85 3
3	79 44
3	84 4
3	84 5
3	83 5
3	85 5
3	79 30
3	84 6
3	84 7
3	83 7
3	85 6
3	79 114
3	83 7
3	85 7
3	79 52
3	84 8
3	83 8
3	85 8
3	79 42
3	84 9
3	84 10
3	83 10
3	85 10
3	79 26
3	84 11
3	84 12
3	83 12
3	85 11
3	79 106
3	83 12
3	85 12
3	79 35
3	84 13
3	83 13
3	85 13
3	79 36
3	84 14
3	84 15
3	83 15
3	85 15
3	79 30
3	84 16
3	84 17
3	83 17
3	85 16
3	79 108
3	83 17
3	85 17
3	79 47
3	84 18
3	83 18
3	85 18
3	79 42
3	84 19
3	84 20
3	83 20
3	85 20
3	79 24
3	84 1
3	84 2
3	83 2
3	85 1
3	79 102
3	83 2
3	85 2
3	79 29
3	84 3
3	83 3
3	85 3
3	79 34
3	84 4
3	84 5
3	83 5
3	85 5
3	79 23
3	84 6
3	84 7
3	83 7
3	85 6
3	79 108
3	83 7
3	85 7
3	79 40
3	84 8
3	83 8
3	85 8
3	79 38
3	84 9
3	84 10
3	83 10
3	85 10
3	79 26
3	84 11
3	84 12
3	83 12
3	85 11
3	79 106
3	83 12
3	85 12
3	79 33
3	84 13
3	84 14
3	83 14
3	85 14
3	79 26
3	84 15
3	84 16
3	83 16
3	85 15
3	79 109
3	83 16
3	85 16
3	79 40
3	84 17
3	83 17
3	85 17
3	79 33
3	84 18
3	84 19
3	83 19
3	85 19
3	79 25
3	84 20
3	84 1
3	83 1
3	85 20
3	79 107
3	83 1
3	85 1
3	79 35
3	84 2
3	84 3
3	83 3
3	85 3
3	79 28
3	84 4
3	84 5
3	83 5
3	85 4
3	79 106
3	83 5
3	85 5
3	79 37
3	84 6
3	83 6
3	85 6
3	79 39
3	84 7
3	84 8
3	83 8
3	85 8
3	79 25
3	84 9
3	84 10
3	TEST_NUMBER 5
3	SENT_TOTAL 250
3	RECEIVED_TOTAL 191
3	TIME_TOTAL 19683
3	RECEIVED_RADIO_1 191
3	RECEIVED_RADIO_2 0
3	SENT_RADIO_1 125
3	SENT_RADIO_2 125
3	RADIO_TIME_1 19763
3	RADIO_TIME_2 19763
3	RETRANSMISSIONS_1 0
3	RETRANSMISSIONS_2 0
3	DROPPED_1 0
3	DROPPED_2 0
3	MAX_QUEUE 1
3	DUPLICATED_1 8
3	DUPLICATED_2 0
3	EBUSY_RADIO_1 0
3	EBUSY_RADIO_2 0
3	83 0
3	85 9
3	86 5
3	83 0
3	85 10
3	86 5
3	84 1
3	83 1
3	85 1
3	79 34
3	84 2
3	84 3
3	83 3
3	85 3
3	79 32
3	84 4
3	84 5
3	83 5
3	85 4
3	79 107
3	83 5
3	85 5
3	79 35
3	84 6
3	83 6
3	85 6
3	79 36
3	84 7
3	84 8
3	83 8
3	85 8
3	79 23
3	84 9
3	84 10
3	83 10
3	85 9
3	79 112
3	83 10
3	85 10
3	79 45
3	84 11
3	84 12
3	83 12
3	85 12
3	79 24
3	84 13
3	84 14
3	83 14
3	85 13
3	79 104
3	83 14
3	85 14
3	79 32
3	84 15
3	83 15
3	85 15
3	79 44
3	84 16
3	84 17
3	83 17
3	85 17
3	79 27
3	84 18
3	84 19
3	83 19
3	85 18
3	79 112
3	83 19
3	85 19
3	79 42
3	84 20
3	84 1
3	83 1
3	85 1
3	79 27
3	84 2
3	84 3
3	83 3
3	85 2
3	79 106
3	83 3
3	85 3
3	79 33
3	84 4
3	83 4
3	85 4
3	79 31
3	84 5
3	84 6
3	83 6
3	85 6
3	79 28
3	84 7
3	84 8
3	83 8
3	85 7
3	79 108
3	83 8
3	85 8
3	79 36
3	84 9
3	83 9
3	85 9
3	79 36
3	84 10
3	84 11
3	83 11
3	85 11
3	79 25
3	84 12
3	84 13
3	83 13
3	85 12
3	79 105
3	83 13
3	85 13
3	79 34
3	84 14
3	83 14
3	85 14
3	79 41
3	84 15
3	84 16
3	83 16
3	85 16
3	79 27
3	84 17
3	84 18
3	83 18
3	85 17
3	79 110
3	83 18
3	85 18
3	79 40
3	84 19
3	84 20
3	83 20
3	85 20
3	79 30
3	84 1
3	84 2
3	83 2
3	85 1
3	79 115
3	83 2
3	85 2
3	79 43
3	84 3
3	84 4
3	83 4
3	85 4
3	79 24
3	84 5
3	84 6
3	83 6
3	85 5
3	79 105
3	83 6
3	85 6
3	79 34
3	84 7
3	83 7
3	85 7
3	79 34
3	84 8
3	84 9
3	83 9
3	85 9
3	79 31
3	84 10
3	84 11
3	83 11
3	85 10
3	79 108
3	83 11
3	85 11
3	79 37
3	84 12
3	84 13
3	83 13
3	85 13
3	79 29
3	84 14
3	84 15
3	83 15
3	85 14
3	79 109
3	83 15
3	85 15
3	79 34
3	84 16
3	83 16
3	85 16
3	79 38
3	84 17
3	84 18
3	83 18
3	85 18
3	79 26
3	84 19
3	84 20
3	83 20
3	85 19
3	79 111
3	83 20
3	85 20
3	79 41
3	84 1
3	84 2
3	83 2
3	85 2
3	79 23
3	84 3
3	84 4
3	83 4
3	85 3
3	79 113
3	83 4
3	85 4
3	79 50
3	84 5
3	84 6
3	83 6
3	85 6
3	79 21
3	84 7
3	84 8
3	83 8
3	85 7
3	79 106
3	83 8
3	85 8
3	79 47
3	84 9
3	83 9
3	85 9
3	79 43
3	84 10
3	84 11
3	83 11
3	85 11
3	79 26
3	84 12
3	84 13
3	83 13
3	85 12
3	79 107
3	83 13
3	85 13
3	79 34
3	84 14
3	84 15
3	83 15
3	85 15
3	79 29
3	84 16
3	84 17
3	83 17
3	85 16
3	79 109
3	83 17
3	85 17
3	79 46
3	84 18
3	83 18
3	85 18
3	79 34
3	84 19
3	84 20
3	83 20
3	85 20
3	79 29
3	84 1
3	84 2
3	83 2
3	85 1
3	79 110
3	84 3
3	84 4
3	83 4
3	85 2
3	79 186
3	83 4
3	85 4
3	79 34
3	84 5
3	84 6
3	83 6
3	85 5
3	79 106
3	83 6
3	85 6
3	79 35
3	84 7
3	83 7
3	85 7
3	79 31
3	84 8
3	84 9
3	83 9
3	85 9
3	79 25
3	84 10
3	84 11
3	83 11
3	85 10
3	79 113
3	83 11
3	85 11
3	79 51
3	84 12
3	84 13
3	83 13
3	85 13
3	79 26
3	84 14
3	84 15
3	83 15
3	85 14
3	79 108
3	84 16
3	83 16
3	85 16
3	79 26
3	84 17
3	84 18
3	83 18
3	85 17
3	79 104
3	83 18
3	85 18
3	79 34
3	84 19
3	83 19
3	85 19
3	79 34
3	84 20
3	84 1
3	83 1
3	85 1
3	79 30
3	84 2
3	84 3
3	83 3
3	85 2
3	79 105
3	83 3
3	85 3
3	79 33
3	84 4
3	83 4
3	85 4
3	79 31
3	84 5
3	84 6
3	83 6
3	85 6
3	79 26
3	84 7
3	84 8
3	83 8
3	85 7
3	79 107
3	83 8
3	85 8
3	79 36
3	84 9
3	83 9
3	85 9
3	79 42
3	84 10
3	84 11
3	83 11
3	85 11
3	79 28
3	84 12
3	84 13
3	83 13
3	85 12
3	79 104
3	83 13
3	85 13
3	79 31
3	84 14
3	84 15
3	83 15
3	85 15
3	79 27
3	84 16
3	84 17
3	83 17
3	85 16
3	79 115
3	83 17
3	85 17
3	79 45
3	84 18
3	84 19
3	83 19
3	85 19
3	79 32
3	84 20
3	84 1
3	83 1
3	85 20
3	79 107
3	83 1
3	85 1
3	79 43
3	84 2
3	84 3
3	83 3
3	85 3
3	79 28
3	84 4
3	84 5
3	83 5
3	85 4
3	79 108
3	84 6
3	84 7
3	83 7
3	85 5
3	79 186
3	83 7
3	85 7
3	79 34
3	84 8
3	84 9
3	83 9
3	85 8
3	79 111
3	83 9
3	85 9
3	79 38
3	84 10
3	84 11
3	83 11
3	85 11
3	79 25
3	84 12
3	84 13
3	83 13
3	85 12
3	79 109
3	83 13
3	85 13
3	79 38
3	84 14
3	83 14
3	85 14
3	79 34
3	84 15
3	84 16
3	83 16
3	85 16
3	79 22
3	84 17
3	84 18
3	83 18
3	85 17
3	79 105
3	83 18
3	85 18
3	79 42
3	84 19
3	83 19
3	85 19
3	79 36
3	84 20
3	84 1
3	83 1
3	85 1
3	79 29
3	84 2
3	84 3
3	83 3
3	85 2
3	79 106
3	83 3
3	85 3
3	79 33
3	84 4
3	84 5
3	83 5
3	85 5
3	79 29
3	84 6
3	84 7
3	83 7
3	85 6
3	79 111
3	83 7
3	85 7
3	79 41
3	84 8
3	84 9
3	83 9
3	85 9
3	79 23
3	84 10
3	84 11
3	83 11
3	85 10
3	79 104
3	83 11
3	85 11
3	79 44
3	84 12
3	84 13
3	83 13
3	85 13
3	79 24
3	84 14
3	84 15
3	83 15
3	85 14
3	79 104
3	83 15
3	85 15
3	79 35
3	84 16
3	83 16
3	85 16
3	79 39
3	84 17
3	84 18
3	83 18
3	85 18
3	79 25
3	84 19
3	84 20
3	83 20
3	85 19
3	79 104
3	84 1
3	83 1
3	85 20
3	79 119
3	83 1
3	85 1
3	79 48
3	84 2
3	84 3
3	83 3
3	85 3
3	79 31
3	84 4
3	84 5
3	83 5
3	85 4
3	79 105
3	83 5
3	85 5
3	79 32
3	84 6
3	84 7
3	83 7
3	85 7
3	79 27
3	84 8
3	84 9
3	83 9
3	85 8
3	79 110
3	83 9
3	85 9
3	79 36
3	84 10
3	84 11
3	83 11
3	85 11
3	79 24
3	84 12
3	84 13
3	83 13
3	85 12
3	79 112
3	84 14
3	83 14
3	85 14
3	79 26
3	84 15
3	84 16
3	83 16
3	85 15
3	79 132
3	83 16
3	85 16
3	79 60
3	84 17
3	83 17
3	85 17
3	79 36
3	84 18
3	84 19
3	83 19
3	85 19
3	79 25
3	84 20
3	84 1
3	83 1
3	85 20
3	79 117
3	84 2
3	83 2
3	85 2
3	79 32
3	84 3
3	84 4
3	83 4
3	85 3
3	79 122
3	83 4
3	85 4
3	79 49
3	84 5
3	84 6
3	83 6
3	85 6
3	79 30
3	84 7
3	84 8
3	84 9
3	83 9
3	85 7
3	79 192
3	83 9
3	85 9
3	79 41
3	84 10
3	84 11
3	83 11
3	85 10
3	79 113
3	83 11
3	85 11
3	79 50
3	84 12
3	84 13
3	83 13
3	85 13
3	79 25
3	84 14
3	84 15
3	83 15
3	85 14
3	79 112
3	83 15
3	85 15
3	79 38
3	84 16
3	83 16
3	85 16
3	79 30
3	84 17
3	84 18
3	83 18
3	85 18
3	79 31
3	84 19
3	84 20
3	83 20
3	85 19
3	79 116
3	83 20
3	85 20
3	79 46
3	84 1
3	83 1
3	85 1
3	79 39
3	84 2
3	84 3
3	83 3
3	85 3
3	79 29
3	84 4
3	84 5
3	83 5
3	85 4
3	79 113
3	83 5
3	85 5
3	79 41
3	84 6
3	84 7
3	83 7
3	85 7
3	79 28
3	84 8
3	84 9
3	83 9
3	85 8
3	79 108
3	83 9
3	85 9
3	79 37
3	84 10
3	83 10
3	85 10
3	79 34
3	84 11
3	84 12
3	83 12
3	85 12
3	79 28
3	84 13
3	84 14
3	83 14
3	85 13
3	79 104
3	83 14
3	85 14
3	79 30
3	84 15
3	83 15
3	85 15
3	79 39
3	84 16
3	84 17
3	83 17
3	85 17
3	79 26
3	84 18
3	84 19
3	83 19
3	85 18
3	79 118
3	83 19
3	85 19
3	79 46
3	84 20
3	84 1
3	83 1
3	85 1
3	79 28
3	84 2
3	84 3
3	83 3
3	85 2
3	79 109
3	83 3
3	85 3
3	79 36
3	84 4
3	84 5
3	83 5
3	85 5
3	79 28
3	84 6
3	84 7
3	83 7
3	85 6
3	79 110
3	83 7
3	85 7
3	79 42
3	84 8
3	84 9
3	83 9
3	85 9
3	79 27
3	84 10
3	84 11
3	83 11
3	85 10
3	79 103
3	83 11
3	85 11
3	79 29
3	84 12
3	83 12
3	85 12
3	79 33
3	84 13
3	84 14
3	83 14
3	85 14
3	79 27
3	84 15
3	84 16
3	83 16
3	85 15
3	79 114
3	83 16
3	85 16
3	79 61
3	84 17
3	83 17
3	85 17
3	79 36
3	84 18
3	84 19
3	83 19
3	85 19
3	79 33
3	84 20
3	84 1
3	83 1
3	85 20
3	79 104
3	83 1
3	85 1
3	79 30
3	84 2
3	83 2
3	85 2
3	79 35
3	84 3
3	84 4
3	83 4
3	85 4
3	79 30
3	84 5
3	84 6
3	83 6
3	85 5
3	79 105
3	83 6
3	85 6
3	79 34
3	84 7
3	83 7
3	85 7
3	79 45
3	84 8
3	84 9
3	83 9
3	85 9
3	79 29
3	84 10
3	TEST_NUMBER 6
3	SENT_TOTAL 250
3	RECEIVED_TOTAL 192
3	TIME_TOTAL 29809
3	RECEIVED_RADIO_1 194
3	RECEIVED_RADIO_2 0
3	SENT_RADIO_1 124
3	SENT_RADIO_2 126
3	RADIO_TIME_1 29859
3	RADIO_TIME_2 19683
3	RETRANSMISSIONS_1 1
3	RETRANSMISSIONS_2 0
3	DROPPED_1 0
3	DROPPED_2 0
3	MAX_QUEUE 1
3	DUPLICATED_1 6
3	DUPLICATED_2 0
3	EBUSY_RADIO_1 0
3	EBUSY_RADIO_2 0
3	83 0
3	85 10
3	86 6

5	RELAY_NODE 5
5	TEST_NUMBER 0
5	SENT_TOTAL 0
5	RECEIVED_TOTAL 0
5	TIME_TOTAL 0
5	RECEIVED_RADIO_1 125
5	RECEIVED_RADIO_2 192
5	SENT_RADIO_1 192
5	SENT_RADIO_2 125
5	RADIO_TIME_1 19767
5	RADIO_TIME_2 19767
5	RETRANSMISSIONS_1 18
5	RETRANSMISSIONS_2 0
5	DROPPED_1 0
5	DROPPED_2 0
5	MAX_QUEUE 2
5	DUPLICATED_1 0
5	DUPLICATED_2 5
5	EBUSY_RADIO_1 0
5	EBUSY_RADIO_2 0
5	TEST_NUMBER 1
5	SENT_TOTAL 0
5	RECEIVED_TOTAL 0
5	TIME_TOTAL 0
5	RECEIVED_RADIO_1 125
5	RECEIVED_RADIO_2 192
5	SENT_RADIO_1 192
5	SENT_RADIO_2 125
5	RADIO_TIME_1 29792
5	RADIO_TIME_2 29792
5	RETRANSMISSIONS_1 15
5	RETRANSMISSIONS_2 1
5	DROPPED_1 0
5	DROPPED_2 0
5	MAX_QUEUE 1
5	DUPLICATED_1 0
5	DUPLICATED_2 0
5	EBUSY_RADIO_1 0
5	EBUSY_RADIO_2 0
5	TEST_NUMBER 2
5	SENT_TOTAL 0
5	RECEIVED_TOTAL 0
5	TIME_TOTAL 0
5	RECEIVED_RADIO_1 124
5	RECEIVED_RADIO_2 193
5	SENT_RADIO_1 193
5	SENT_RADIO_2 124
5	RADIO_TIME_1 29812
5	RADIO_TIME_2 29810
5	RETRANSMISSIONS_1 11
5	RETRANSMISSIONS_2 0
5	DROPPED_1 0
5	DROPPED_2 0
5	MAX_QUEUE 1
5	DUPLICATED_1 2
5	DUPLICATED_2 3
5	EBUSY_RADIO_1 0
5	EBUSY_RADIO_2 0
5	TEST_NUMBER 3
5	SENT_TOTAL 0
5	RECEIVED_TOTAL 0
5	TIME_TOTAL 0
5	RECEIVED_RADIO_1 124
5	RECEIVED_RADIO_2 193
5	SENT_RADIO_1 193
5	SENT_RADIO_2 124
5	RADIO_TIME_1 29806
5	RADIO_TIME_2 29806
5	RETRANSMISSIONS_1 20
5	RETRANSMISSIONS_2 2
5	DROPPED_1 0
5	DROPPED_2 0
5	MAX_QUEUE 2
5	DUPLICATED_1 2
5	DUPLICATED_2 3
5	EBUSY_RADIO_1 0
5	EBUSY_RADIO_2 0
5	TEST_NUMBER 4
5	SENT_TOTAL 0
5	RECEIVED_TOTAL 0
5	TIME_TOTAL 0
5	RECEIVED_RADIO_1 125
5	RECEIVED_RADIO_2 192
5	SENT_RADIO_1 192
5	SENT_RADIO_2 125
5	RADIO_TIME_1 29799
5	RADIO_TIME_2 29796
5	RETRANSMISSIONS_1 14
5	RETRANSMISSIONS_2 2
5	DROPPED_1 0
5	DROPPED_2 0
5	MAX_QUEUE 1
5	DUPLICATED_1 0
5	DUPLICATED_2 5
5	EBUSY_RADIO_1 0
5	EBUSY_RADIO_2 0
5	TEST_NUMBER 5
5	SENT_TOTAL 0
5	RECEIVED_TOTAL 0
5	TIME_TOTAL 0
5	RECEIVED_RADIO_1 125
5	RECEIVED_RADIO_2 191
5	SENT_RADIO_1 191
5	SENT_RADIO_2 125
5	RADIO_TIME_1 19763
5	RADIO_TIME_2 19763
5	RETRANSMISSIONS_1 18
5	RETRANSMISSIONS_2 2
5	DROPPED_1 0
5	DROPPED_2 0
5	MAX_QUEUE 1
5	DUPLICATED_1 0
5	DUPLICATED_2 3
5	EBUSY_RADIO_1 0
5	EBUSY_RADIO_2 0
5	TEST_NUMBER 6
5	SENT_TOTAL 0
5	RECEIVED_TOTAL 0
5	TIME_TOTAL 0
5	RECEIVED_RADIO_1 124
5	RECEIVED_RADIO_2 194
5	SENT_RADIO_1 194
5	SENT_RADIO_2 124
5	RADIO_TIME_1 29812
5	RADIO_TIME_2 29812
5	RETRANSMISSIONS_1 16
5	RETRANSMISSIONS_2 0
5	DROPPED_1 0
5	DROPPED_2 0
5	MAX_QUEUE 1
5	DUPLICATED_1 1
5	DUPLICATED_2 2
5	EBUSY_RADIO_1 0
5	EBUSY_RADIO_2 0

6	RELAY_NODE 6
6	TEST_NUMBER 0
6	SENT_TOTAL 0
6	RECEIVED_TOTAL 0
6	TIME_TOTAL 0
6	RECEIVED_RADIO_1 0
6	RECEIVED_RADIO_2 115
6	SENT_RADIO_1 115
6	SENT_RADIO_2 0
6	RADIO_TIME_1 18170
6	RADIO_TIME_2 18170
6	RETRANSMISSIONS_1 1
6	RETRANSMISSIONS_2 0
6	DROPPED_1 0
6	DROPPED_2 0
6	MAX_QUEUE 1
6	DUPLICATED_1 0
6	DUPLICATED_2 0
6	EBUSY_RADIO_1 0
6	EBUSY_RADIO_2 0
6	TEST_NUMBER 1
6	SENT_TOTAL 0
6	RECEIVED_TOTAL 0
6	TIME_TOTAL 0
6	RECEIVED_RADIO_1 0
6	RECEIVED_RADIO_2 125
6	SENT_RADIO_1 125
6	SENT_RADIO_2 0
6	RADIO_TIME_1 29724
6	RADIO_TIME_2 29724
6	RETRANSMISSIONS_1 0
6	RETRANSMISSIONS_2 0
6	DROPPED_1 0
6	DROPPED_2 0
6	MAX_QUEUE 1
6	DUPLICATED_1 0
6	DUPLICATED_2 0
6	EBUSY_RADIO_1 0
6	EBUSY_RADIO_2 0
6	TEST_NUMBER 2
6	SENT_TOTAL 0
6	RECEIVED_TOTAL 0
6	TIME_TOTAL 0
6	RECEIVED_RADIO_1 0
6	RECEIVED_RADIO_2 126
6	SENT_RADIO_1 126
6	SENT_RADIO_2 0
6	RADIO_TIME_1 29726
6	RADIO_TIME_2 29726
6	RETRANSMISSIONS_1 0
6	RETRANSMISSIONS_2 0
6	DROPPED_1 0
6	DROPPED_2 0
6	MAX_QUEUE 1
6	DUPLICATED_1 0
6	DUPLICATED_2 0
6	EBUSY_RADIO_1 0
6	EBUSY_RADIO_2 0
6	TEST_NUMBER 3
6	SENT_TOTAL 0
6	RECEIVED_TOTAL 0
6	TIME_TOTAL 0
6	RECEIVED_RADIO_1 0
6	RECEIVED_RADIO_2 125
6	SENT_RADIO_1 125
6	SENT_RADIO_2 0
6	RADIO_TIME_1 29640
6	RADIO_TIME_2 29640
6	RETRANSMISSIONS_1 2
6	RETRANSMISSIONS_2 0
6	DROPPED_1 0
6	DROPPED_2 0
6	MAX_QUEUE 1
6	DUPLICATED_1 0
6	DUPLICATED_2 0
6	EBUSY_RADIO_1 0
6	EBUSY_RADIO_2 0
6	TEST_NUMBER 4
6	SENT_TOTAL 0
6	RECEIVED_TOTAL 0
6	TIME_TOTAL 0
6	RECEIVED_RADIO_1 0
6	RECEIVED_RADIO_2 126
6	SENT_RADIO_1 126
6	SENT_RADIO_2 0
6	RADIO_TIME_1 29800
6	RADIO_TIME_2 29800
6	RETRANSMISSIONS_1 1
6	RETRANSMISSIONS_2 0
6	DROPPED_1 0
6	DROPPED_2 0
6	MAX_QUEUE 1
6	DUPLICATED_1 0
6	DUPLICATED_2 0
6	EBUSY_RADIO_1 0
6	EBUSY_RADIO_2 0
6	TEST_NUMBER 5
6	SENT_TOTAL 0
6	RECEIVED_TOTAL 0
6	TIME_TOTAL 0
6	RECEIVED_RADIO_1 0
6	RECEIVED_RADIO_2 125
6	SENT_RADIO_1 125
6	SENT_RADIO_2 0
6	RADIO_TIME_1 29721
6	RADIO_TIME_2 29721
6	RETRANSMISSIONS_1 3
6	RETRANSMISSIONS_2 0
6	DROPPED_1 0
6	DROPPED_2 0
6	MAX_QUEUE 1
6	DUPLICATED_1 0
6	DUPLICATED_2 0
6	EBUSY_RADIO_1 0
6	EBUSY_RADIO_2 0
6	TEST_NUMBER 6
6	SENT_TOTAL 0
6	RECEIVED_TOTAL 0
6	TIME_TOTAL 0
6	RECEIVED_RADIO_1 0
6	RECEIVED_RADIO_2 125
6	SENT_RADIO_1 125
6	SENT_RADIO_2 0
6	RADIO_TIME_1 29642
6	RADIO_TIME_2 29642
6	RETRANSMISSIONS_1 0
6	RETRANSMISSIONS_2 0
6	DROPPED_1 0
6	DROPPED_2 0
6	MAX_QUEUE 1
6	DUPLICATED_1 0
6	DUPLICATED_2 0
6	EBUSY_RADIO_1 0
6	EBUSY_RADIO_2 0

33	DESTINATION_NODE 33
33	TEST_NUMBER 0
33	SENT_TOTAL 224
33	RECEIVED_TOTAL 224
33	TIME_TOTAL 17777
33	RECEIVED_RADIO_1 112
33	RECEIVED_RADIO_2 112
33	SENT_RADIO_1 0
33	SENT_RADIO_2 172
33	RADIO_TIME_1 17842
33	RADIO_TIME_2 17696
33	RETRANSMISSIONS_1 507
33	RETRANSMISSIONS_2 7
33	DROPPED_1 50
33	DROPPED_2 0
33	MAX_QUEUE 2
33	DUPLICATED_1 0
33	DUPLICATED_2 0
33	EBUSY_RADIO_1 0
33	EBUSY_RADIO_2 0
33	86 0
33	86 0
33	86 0
33	86 0
33	86 0
33	86 0
33	86 0
33	86 0
33	86 0
33	86 0
33	86 0
33	86 0
33	86 0
33	86 0
33	86 0
33	86 0
33	86 0
33	86 0
33	86 0
33	86 0
33	86 0
33	86 0
33	86 0
33	86 0
33	86 0
33	86 0
33	TEST_NUMBER 1
33	SENT_TOTAL 250
33	RECEIVED_TOTAL 224
33	TIME_TOTAL 29808
33	RECEIVED_RADIO_1 125
33	RECEIVED_RADIO_2 125
33	SENT_RADIO_1 0
33	SENT_RADIO_2 194
33	RADIO_TIME_1 29808
33	RADIO_TIME_2 29815
33	RETRANSMISSIONS_1 570
33	RETRANSMISSIONS_2 2
33	DROPPED_1 58
33	DROPPED_2 0
33	MAX_QUEUE 2
33	DUPLICATED_1 0
33	DUPLICATED_2 0
33	EBUSY_RADIO_1 0
33	EBUSY_RADIO_2 0
33	86 1
33	86 1
33	86 1
33	86 1
33	86 1
33	86 1
33	86 1
33	86 1
33	86 1
33	86 1
33	86 1
33	86 1
33	86 1
33	86 1
33	86 1
33	86 1
33	86 1
33	86 1
33	86 1
33	86 1
33	86 1
33	86 1
33	86 1
33	86 1
33	86 1
33	86 1
33	TEST_NUMBER 2
33	SENT_TOTAL 250
33	RECEIVED_TOTAL 224
33	TIME_TOTAL 29805
33	RECEIVED_RADIO_1 126
33	RECEIVED_RADIO_2 124
33	SENT_RADIO_1 0
33	SENT_RADIO_2 191
33	RADIO_TIME_1 29805
33	RADIO_TIME_2 29729
33	RETRANSMISSIONS_1 579
33	RETRANSMISSIONS_2 3
33	DROPPED_1 58
33	DROPPED_2 0
33	MAX_QUEUE 2
33	DUPLICATED_1 0
33	DUPLICATED_2 0
33	EBUSY_RADIO_1 0
33	EBUSY_RADIO_2 0
33	86 2
33	86 2
33	86 2
33	86 2
33	86 2
33	86 2
33	86 2
33	86 2
33	86 2
33	86 2
33	86 2
33	86 2
33	86 2
33	86 2
33	86 2
33	86 2
33	86 2
33	86 2
33	86 2
33	86 2
33	86 2
33	86 2
33	86 2
33	86 2
33	86 2
33	86 2
33	TEST_NUMBER 3
33	SENT_TOTAL 250
33	RECEIVED_TOTAL 224
33	TIME_TOTAL 29802
33	RECEIVED_RADIO_1 125
33	RECEIVED_RADIO_2 125
33	SENT_RADIO_1 0
33	SENT_RADIO_2 193
33	RADIO_TIME_1 29719
33	RADIO_TIME_2 29802
33	RETRANSMISSIONS_1 568
33	RETRANSMISSIONS_2 4
33	DROPPED_1 57
33	DROPPED_2 0
33	MAX_QUEUE 2
33	DUPLICATED_1 2
33	DUPLICATED_2 0
33	EBUSY_RADIO_1 0
33	EBUSY_RADIO_2 0
33	86 3
33	86 3
33	86 3
33	86 3
33	86 3
33	86 3
33	86 3
33	86 3
33	86 3
33	86 3
33	86 3
33	86 3
33	86 3
33	86 3
33	86 3
33	86 3
33	86 3
33	86 3
33	86 3
33	86 3
33	86 3
33	86 3
33	86 3
33	86 3
33	86 3
33	86 3
33	TEST_NUMBER 4
33	SENT_TOTAL 250
33	RECEIVED_TOTAL 224
33	TIME_TOTAL 29808
33	RECEIVED_RADIO_1 126
33	RECEIVED_RADIO_2 124
33	SENT_RADIO_1 0
33	SENT_RADIO_2 192
33	RADIO_TIME_1 29873
33	RADIO_TIME_2 29723
33	RETRANSMISSIONS_1 575
33	RETRANSMISSIONS_2 5
33	DROPPED_1 57
33	DROPPED_2 0
33	MAX_QUEUE 2
33	DUPLICATED_1 1
33	DUPLICATED_2 0
33	EBUSY_RADIO_1 0
33	EBUSY_RADIO_2 0
33	86 4
33	86 4
33	86 4
33	86 4
33	86 4
33	86 4
33	86 4
33	86 4
33	86 4
33	86 4
33	86 4
33	86 4
33	86 4
33	86 4
33	86 4
33	86 4
33	86 4
33	86 4
33	86 4
33	86 4
33	86 4
33	86 4
33	86 4
33	86 4
33	86 4
33	86 4
33	TEST_NUMBER 5
33	SENT_TOTAL 251
33	RECEIVED_TOTAL 225
33	TIME_TOTAL 29881
33	RECEIVED_RADIO_1 125
33	RECEIVED_RADIO_2 126
33	SENT_RADIO_1 0
33	SENT_RADIO_2 192
33	RADIO_TIME_1 29804
33	RADIO_TIME_2 29881
33	RETRANSMISSIONS_1 581
33	RETRANSMISSIONS_2 6
33	DROPPED_1 59
33	DROPPED_2 0
33	MAX_QUEUE 2
33	DUPLICATED_1 2
33	DUPLICATED_2 0
33	EBUSY_RADIO_1 0
33	EBUSY_RADIO_2 0
33	86 5
33	86 5
33	86 5
33	86 5
33	86 5
33	86 5
33	86 5
33	86 5
33	86 5
33	86 5
33	86 5
33	86 5
33	86 5
33	86 5
33	86 5
33	86 5
33	86 5
33	86 5
33	86 5
33	86 5
33	86 5
33	86 5
33	86 5
33	86 5
33	86 5
33	TEST_NUMBER 6
33	SENT_TOTAL 249
33	RECEIVED_TOTAL 224
33	TIME_TOTAL 29724
33	RECEIVED_RADIO_1 125
33	RECEIVED_RADIO_2 124
33	SENT_RADIO_1 0
33	SENT_RADIO_2 193
33	RADIO_TIME_1 29724
33	RADIO_TIME_2 29644
33	RETRANSMISSIONS_1 568
33	RETRANSMISSIONS_2 3
33	DROPPED_1 57
33	DROPPED_2 0
33	MAX_QUEUE 2
33	DUPLICATED_1 0
33	DUPLICATED_2 0
33	EBUSY_RADIO_1 0
33	EBUSY_RADIO_2 0
33	86 6
33	86 6
33	86 6
33	86 6
33	86 6
33	86 6
33	86 6
33	86 6
33	86 6
33	86 6
33	86 6
33	86 6
33	86 6
33	86 6
33	86 6
33	86 6
33	86 6
33	86 6
33	86 6
33	86 6
33	86 6
33	86 6
33	86 6
33	86 6
33	86 6
33	86 6
