
22	SOURCE_NODE 22
22	84 1
22	84 2
22	83 2
22	85 2
22	79 19
22	84 3
22	84 4
22	83 4
22	85 3
22	79 109
22	83 4
22	85 4
22	79 38
22	84 5
22	83 5
22	85 5
22	79 36
22	84 6
22	84 7
22	83 7
22	85 7
22	79 24
22	84 8
22	84 9
22	83 9
22	85 8
22	79 102
22	83 9
22	85 9
22	79 30
22	84 10
22	83 10
22	85 10
22	79 37
22	84 11
22	84 12
22	83 12
22	85 12
22	79 24
22	84 13
22	84 14
22	84 15
22	83 15
22	85 14
22	79 107
22	83 15
22	85 13
22	79 194
22	83 15
22	85 15
22	79 52
22	84 16
22	84 17
22	83 17
22	85 17
22	79 32
22	84 18
22	84 19
22	83 19
22	85 18
22	79 108
22	83 19
22	85 19
22	79 35
22	84 20
22	83 20
22	85 20
22	79 40
22	84 1
22	84 2
22	83 2
22	85 2
22	79 32
22	84 3
22	84 4
22	83 4
22	85 3
22	79 107
22	83 4
22	85 4
22	79 46
22	84 5
22	83 5
22	85 5
22	79 42
22	84 6
22	84 7
22	83 7
22	85 7
22	79 26
22	84 8
22	84 9
22	83 9
22	85 8
22	79 106
22	83 9
22	85 9
22	79 36
22	84 10
22	83 10
22	85 10
22	79 40
22	84 11
22	84 12
22	83 12
22	85 12
22	79 29
22	84 13
22	84 14
22	83 14
22	85 13
22	79 123
22	84 15
22	84 16
22	83 16
22	85 14
22	79 209
22	83 16
22	85 16
22	79 58
22	84 17
22	84 18
22	84 19
22	83 19
22	85 18
22	79 102
22	83 19
22	85 17
22	79 192
22	84 20
22	83 20
22	85 20
22	79 30
22	84 1
22	84 2
22	83 2
22	85 1
22	79 104
22	83 2
22	85 2
22	79 34
22	84 3
22	83 3
22	85 3
22	79 40
22	84 4
22	84 5
22	83 5
22	85 5
22	79 24
22	84 6
22	84 7
22	83 7
22	85 6
22	79 115
22	84 8
22	83 8
22	85 8
22	79 34
22	84 9
22	84 10
22	83 10
22	85 9
22	79 108
22	83 10
22	85 10
22	79 47
22	84 11
22	84 12
22	83 12
22	85 12
22	79 26
22	84 13
22	84 14
22	83 14
22	85 13
22	79 107
22	83 14
22	85 14
22	79 33
22	84 15
22	83 15
22	85 15
22	79 36
22	84 16
22	84 17
22	83 17
22	85 17
22	79 26
22	84 18
22	84 19
22	83 19
22	85 18
22	79 110
22	83 19
22	85 19
22	79 51
22	84 20
22	84 1
22	83 1
22	85 1
22	79 25
22	84 2
22	84 3
22	83 3
22	85 2
22	79 107
22	83 3
22	85 3
22	79 37
22	84 4
22	84 5
22	83 5
22	85 5
22	79 40
22	84 6
22	83 6
22	85 6
22	79 30
22	84 7
22	84 8
22	83 8
22	85 7
22	79 108
22	83 8
22	85 8
22	79 36
22	84 9
22	84 10
22	83 10
22	85 10
22	79 24
22	84 11
22	84 12
22	83 12
22	85 11
22	79 101
22	83 12
22	85 12
22	79 32
22	84 13
22	83 13
22	85 13
22	79 34
22	84 14
22	84 15
22	83 15
22	85 15
22	79 26
22	84 16
22	84 17
22	83 17
22	85 16
22	79 106
22	83 17
22	85 17
22	79 34
22	84 18
22	83 18
22	85 18
22	79 37
22	84 19
22	84 20
22	83 20
22	85 20
22	79 30
22	84 1
22	84 2
22	83 2
22	85 1
22	79 106
22	83 2
22	85 2
22	79 41
22	84 3
22	84 4
22	83 4
22	85 4
22	79 24
22	84 5
22	84 6
22	84 7
22	83 7
22	85 6
22	79 108
22	83 7
22	85 7
22	79 50
22	84 8
22	84 9
22	83 9
22	85 8
22	79 104
22	83 9
22	85 9
22	79 44
22	84 10
22	83 10
22	85 10
22	79 35
22	84 11
22	84 12
22	83 12
22	85 12
22	79 30
22	84 13
22	84 14
22	83 14
22	85 13
22	79 110
22	83 14
22	85 14
22	79 50
22	84 15
22	84 16
22	83 16
22	85 16
22	79 28
22	84 17
22	84 18
22	83 18
22	85 17
22	79 110
22	83 18
22	85 18
22	79 39
22	84 19
22	83 19
22	85 19
22	79 42
22	84 20
22	84 1
22	84 2
22	83 2
22	85 20
22	79 187
22	83 2
22	85 2
22	79 36
22	84 3
22	84 4
22	83 4
22	85 3
22	79 110
22	83 4
22	85 4
22	79 38
22	84 5
22	84 6
22	83 6
22	85 6
22	79 24
22	84 7
22	84 8
22	83 8
22	85 7
22	79 106
22	83 8
22	85 8
22	79 41
22	84 9
22	83 9
22	85 9
22	79 40
22	84 10
22	84 11
22	83 11
22	85 11
22	79 30
22	84 12
22	84 13
22	83 13
22	85 12
22	79 105
22	83 13
22	85 13
22	79 31
22	84 14
22	84 15
22	83 15
22	85 15
22	79 39
22	84 16
22	84 17
22	83 17
22	85 16
22	79 105
22	83 17
22	85 17
22	79 33
22	84 18
22	83 18
22	85 18
22	79 33
22	84 19
22	84 20
22	83 20
22	85 20
22	79 28
22	84 1
22	84 2
22	84 3
22	83 3
22	85 2
22	79 106
22	83 3
22	85 3
22	79 37
22	84 4
22	84 5
22	83 5
22	85 4
22	79 104
22	83 5
22	85 5
22	79 40
22	84 6
22	84 7
22	83 7
22	85 7
22	79 34
22	84 8
22	83 8
22	85 8
22	79 34
22	84 9
22	84 10
22	84 11
22	83 11
22	85 10
22	79 107
22	83 11
22	85 9
22	79 195
22	83 11
22	85 11
22	79 57
22	84 12
22	84 13
22	83 13
22	85 13
22	79 25
22	84 14
22	84 15
22	83 15
22	85 14
22	79 107
22	83 15
22	85 15
22	79 35
22	84 16
22	83 16
22	85 16
22	79 34
22	84 17
22	84 18
22	83 18
22	85 18
22	79 25
22	84 19
22	84 20
22	83 20
22	85 19
22	79 111
22	83 20
22	85 20
22	79 48
22	84 1
22	84 2
22	83 2
22	85 2
22	79 31
22	84 3
22	84 4
22	83 4
22	85 3
22	79 128
22	84 5
22	84 6
22	83 6
22	85 4
22	79 197
22	83 6
22	85 6
22	79 45
22	84 7
22	84 8
22	83 8
22	85 7
22	79 111
22	83 8
22	85 8
22	79 38
22	84 9
22	84 10
22	83 10
22	85 10
22	79 25
22	84 11
22	84 12
22	83 12
22	85 11
22	79 108
22	83 12
22	85 12
22	79 34
22	84 13
22	84 14
22	83 14
22	85 14
22	79 37
22	84 15
22	83 15
22	85 15
22	79 39
22	84 16
22	84 17
22	83 17
22	85 16
22	79 110
22	83 17
22	85 17
22	79 38
22	84 18
22	83 18
22	85 18
22	79 42
22	84 19
22	84 20
22	83 20
22	85 20
22	79 32
22	84 1
22	84 2
22	83 2
22	85 1
22	79 124
22	84 3
22	84 4
22	83 4
22	85 2
22	79 192
22	83 4
22	85 4
22	79 40
22	84 5
22	84 6
22	83 6
22	85 5
22	79 109
22	83 6
22	85 6
22	79 40
22	84 7
22	84 8
22	84 9
22	83 9
22	85 7
22	79 187
22	83 9
22	85 9
22	79 35
22	84 10
22	84 11
22	83 11
22	85 10
22	79 107
22	84 12
22	83 12
22	85 12
22	79 26
22	84 13
22	84 14
22	83 14
22	85 13
22	79 113
22	83 14
22	85 14
22	79 38
22	84 15
22	84 16
22	83 16
22	85 16
22	79 31
22	84 17
22	84 18
22	83 18
22	85 17
22	79 107
22	83 18
22	85 18
22	79 45
22	84 19
22	83 19
22	85 19
22	79 36
22	84 20
22	84 1
22	84 2
22	83 2
22	85 20
22	79 186
22	84 3
22	83 3
22	85 2
22	79 106
22	83 3
22	85 3
22	79 37
22	84 4
22	83 4
22	85 4
22	79 31
22	84 5
22	84 6
22	83 6
22	85 6
22	79 26
22	84 7
22	84 8
22	84 9
22	83 9
22	85 8
22	79 108
22	83 9
22	85 9
22	79 44
22	84 10
22	84 11
22	83 11
22	85 10
22	79 119
22	83 11
22	85 11
22	79 45
22	84 12
22	84 13
22	83 13
22	85 13
22	79 26
22	84 14
22	84 15
22	83 15
22	85 14
22	79 109
22	83 15
22	85 15
22	79 37
22	84 16
22	84 17
22	84 18
22	83 18
22	85 16
22	79 191
22	83 18
22	85 18
22	79 47
22	84 19
22	84 20
22	83 20
22	85 19
22	79 110
22	83 20
22	85 20
22	79 40
22	84 1
22	84 2
22	84 3
22	83 3
22	85 1
22	79 189
22	84 4
22	83 4
22	85 3
22	79 125
22	84 5
22	84 6
22	83 6
22	85 4
22	79 189
22	84 7
22	83 7
22	85 6
22	79 106
22	83 7
22	85 7
22	79 38
22	84 8
22	83 8
22	85 8
22	79 40
22	84 9
22	84 10
22	84 11
22	83 11
22	85 9
22	79 192
22	83 11
22	85 11
22	79 51
22	84 12
22	84 13
22	84 14
22	83 14
22	85 13
22	79 106
22	83 14
22	85 14
22	79 33
22	84 15
22	84 16
22	83 16
22	85 15
22	79 105
22	83 16
22	85 16
22	79 33
22	84 17
22	83 17
22	85 17
22	79 34
22	84 18
22	84 19
22	84 20
22	83 20
22	85 20
22	79 32
22	84 1
22	83 1
22	85 19
22	79 201
22	83 1
22	85 1
22	79 48
22	84 2
22	84 3
22	83 3
22	85 2
22	79 99
22	84 4
22	84 5
22	83 5
22	85 5
22	79 24
22	84 6
22	83 6
22	85 4
22	79 193
22	83 6
22	85 6
22	79 40
22	84 7
22	84 8
22	83 8
22	85 7
22	79 99
22	84 9
22	83 9
22	85 9
22	79 32
22	84 10
22	84 11
22	83 11
22	85 10
22	79 105
22	83 11
22	85 11
22	79 33
22	84 12
22	83 12
22	85 12
22	79 38
22	84 13
22	84 14
22	83 14
22	85 14
22	79 27
22	84 15
22	84 16
22	83 16
22	85 15
22	79 110
22	83 16
22	85 16
22	79 38
22	84 17
22	83 17
22	85 17
22	79 36
22	84 18
22	84 19
22	83 19
22	85 19
22	79 29
22	84 20
22	84 1
22	83 1
22	85 20
22	79 106
22	83 1
22	85 1
22	79 38
22	84 2
22	83 2
22	85 2
22	79 33
22	84 3
22	84 4
22	83 4
22	85 4
22	79 23
22	84 5
22	84 6
22	83 6
22	85 5
22	79 110
22	84 7
22	83 7
22	85 7
22	79 26
22	84 8
22	84 9
22	83 9
22	85 8
22	79 120
22	84 10
22	TEST_NUMBER 0
22	SENT_TOTAL 250
22	RECEIVED_TOTAL 192
22	TIME_TOTAL 19704
22	RECEIVED_RADIO_1 192
22	RECEIVED_RADIO_2 0
22	SENT_RADIO_1 113
22	SENT_RADIO_2 135
22	RADIO_TIME_1 19803
22	RADIO_TIME_2 19763
22	RETRANSMISSIONS_1 27
22	RETRANSMISSIONS_2 0
22	DROPPED_1 0
22	DROPPED_2 0
22	MAX_QUEUE 1
22	DUPLICATED_1 13
22	DUPLICATED_2 0
22	EBUSY_RADIO_1 0
22	EBUSY_RADIO_2 0
22	84 1
22	83 1
22	85 9
22	86 0
22	83 1
22	85 1
22	79 34
22	84 2
22	84 3
22	83 3
22	85 2
22	79 109
22	83 3
22	85 3
22	79 37
22	84 4
22	83 4
22	85 4
22	79 40
22	84 5
22	84 6
22	84 7
22	83 7
22	85 7
22	79 31
22	84 8
22	83 8
22	85 6
22	79 206
22	83 8
22	85 8
22	79 57
22	84 9
22	84 10
22	83 10
22	85 9
22	79 94
22	84 11
22	83 11
22	85 11
22	79 27
22	84 12
22	84 13
22	83 13
22	85 12
22	79 106
22	83 13
22	85 13
22	79 42
22	84 14
22	84 15
22	84 16
22	83 16
22	85 16
22	79 22
22	84 17
22	83 17
22	85 15
22	79 199
22	83 17
22	85 17
22	79 48
22	84 18
22	84 19
22	84 20
22	83 20
22	85 19
22	79 107
22	83 20
22	85 20
22	79 39
22	84 1
22	84 2
22	83 2
22	85 1
22	79 108
22	83 2
22	85 2
22	79 34
22	84 3
22	84 4
22	83 4
22	85 4
22	79 35
22	84 5
22	84 6
22	84 7
22	83 7
22	85 5
22	79 185
22	83 7
22	85 6
22	79 112
22	83 7
22	85 7
22	79 49
22	84 8
22	84 9
22	83 9
22	85 9
22	79 32
22	84 10
22	83 10
22	85 10
22	79 48
22	84 11
22	84 12
22	84 13
22	83 13
22	85 12
22	79 106
22	83 13
22	85 11
22	79 196
22	83 13
22	85 13
22	79 42
22	84 14
22	84 15
22	83 15
22	85 15
22	79 24
22	84 16
22	84 17
22	83 17
22	85 16
22	79 110
22	83 17
22	85 17
22	79 38
22	84 18
22	83 18
22	85 18
22	79 35
22	84 19
22	84 20
22	83 20
22	85 20
22	79 30
22	84 1
22	84 2
22	83 2
22	85 1
22	79 110
22	83 2
22	85 2
22	79 47
22	84 3
22	84 4
22	83 4
22	85 4
22	79 30
22	84 5
22	84 6
22	83 6
22	85 5
22	79 122
22	84 7
22	84 8
22	84 9
22	83 9
22	85 6
22	79 264
22	83 9
22	85 8
22	79 111
22	83 9
22	85 9
22	79 41
22	84 10
22	83 10
22	85 10
22	79 36
22	84 11
22	84 12
22	83 12
22	85 12
22	79 24
22	84 13
22	84 14
22	83 14
22	85 13
22	79 104
22	83 14
22	85 14
22	79 34
22	84 15
22	83 15
22	85 15
22	79 33
22	84 16
22	84 17
22	83 17
22	85 17
22	79 27
22	84 18
22	84 19
22	83 19
22	85 18
22	79 107
22	83 19
22	85 19
22	79 35
22	84 20
22	84 1
22	83 1
22	85 1
22	79 27
22	84 2
22	84 3
22	83 3
22	85 2
22	79 106
22	83 3
22	85 3
22	79 48
22	84 4
22	83 4
22	85 4
22	79 34
22	84 5
22	84 6
22	83 6
22	85 6
22	79 29
22	84 7
22	84 8
22	83 8
22	85 7
22	79 102
22	83 8
22	85 8
22	79 28
22	84 9
22	83 9
22	85 9
22	79 29
22	84 10
22	84 11
22	83 11
22	85 11
22	79 22
22	84 12
22	84 13
22	83 13
22	85 12
22	79 104
22	83 13
22	85 13
22	79 39
22	84 14
22	84 15
22	83 15
22	85 15
22	79 31
22	84 16
22	84 17
22	83 17
22	85 16
22	79 104
22	83 17
22	85 17
22	79 33
22	84 18
22	84 19
22	83 19
22	85 19
22	79 31
22	84 20
22	84 1
22	83 1
22	85 20
22	79 129
22	84 2
22	84 3
22	83 3
22	85 1
22	79 187
22	84 4
22	83 4
22	85 3
22	79 107
22	83 4
22	85 4
22	79 34
22	84 5
22	83 5
22	85 5
22	79 39
22	84 6
22	84 7
22	84 8
22	83 8
22	85 6
22	79 193
22	84 9
22	83 9
22	85 8
22	79 108
22	83 9
22	85 9
22	79 34
22	84 10
22	83 10
22	85 10
22	79 48
22	84 11
22	84 12
22	83 12
22	85 12
22	79 22
22	84 13
22	84 14
22	84 15
22	83 15
22	85 14
22	79 110
22	83 15
22	85 13
22	79 196
22	83 15
22	85 15
22	79 45
22	84 16
22	84 17
22	83 17
22	85 17
22	79 24
22	84 18
22	84 19
22	83 19
22	85 18
22	79 111
22	83 19
22	85 19
22	79 47
22	84 20
22	84 1
22	84 2
22	83 2
22	85 20
22	79 197
22	84 3
22	83 3
22	85 2
22	79 106
22	83 3
22	85 3
22	79 44
22	84 4
22	83 4
22	85 4
22	79 48
22	84 5
22	84 6
22	83 6
22	85 6
22	79 27
22	84 7
22	84 8
22	83 8
22	85 7
22	79 106
22	83 8
22	85 8
22	79 34
22	84 9
22	83 9
22	85 9
22	79 37
22	84 10
22	84 11
22	83 11
22	85 11
22	79 27
22	84 12
22	84 13
22	83 13
22	85 12
22	79 104
22	83 13
22	85 13
22	79 29
22	84 14
22	83 14
22	85 14
22	79 36
22	84 15
22	84 16
22	83 16
22	85 16
22	79 25
22	84 17
22	84 18
22	83 18
22	85 17
22	79 123
22	83 18
22	85 18
22	79 50
22	84 19
22	83 19
22	85 19
22	79 32
22	84 20
22	84 1
22	84 2
22	83 2
22	85 2
22	79 27
22	84 3
22	83 3
22	85 1
22	79 200
22	83 3
22	85 3
22	79 51
22	84 4
22	84 5
22	83 5
22	85 4
22	79 108
22	84 6
22	84 7
22	83 7
22	85 7
22	79 30
22	84 8
22	83 8
22	85 6
22	79 194
22	83 8
22	85 8
22	79 43
22	84 9
22	84 10
22	84 11
22	83 11
22	85 10
22	79 109
22	83 11
22	85 11
22	79 36
22	84 12
22	84 13
22	84 14
22	83 14
22	85 13
22	79 107
22	83 14
22	85 12
22	79 197
22	83 14
22	85 14
22	79 47
22	84 15
22	84 16
22	84 17
22	83 17
22	85 15
22	79 189
22	83 17
22	85 17
22	79 38
22	84 18
22	84 19
22	83 19
22	85 18
22	79 102
22	83 19
22	85 19
22	79 31
22	84 20
22	84 1
22	83 1
22	85 1
22	79 25
22	84 2
22	84 3
22	83 3
22	85 2
22	79 108
22	83 3
22	85 3
22	79 39
22	84 4
22	83 4
22	85 4
22	79 35
22	84 5
22	84 6
22	83 6
22	85 6
22	79 29
22	84 7
22	84 8
22	83 8
22	85 7
22	79 104
22	84 9
22	84 10
22	83 10
22	85 8
22	79 190
22	83 10
22	85 10
22	79 39
22	84 11
22	84 12
22	83 12
22	85 11
22	79 108
22	83 12
22	85 12
22	79 35
22	84 13
22	83 13
22	85 13
22	79 34
22	84 14
22	84 15
22	84 16
22	83 16
22	85 14
22	79 185
22	84 17
22	83 17
22	85 16
22	79 109
22	83 17
22	85 17
22	79 37
22	84 18
22	84 19
22	83 19
22	85 19
22	79 29
22	84 20
22	84 1
22	83 1
22	85 20
22	79 109
22	83 1
22	85 1
22	79 38
22	84 2
22	84 3
22	83 3
22	85 3
22	79 29
22	84 4
22	84 5
22	83 5
22	85 4
22	79 107
22	83 5
22	85 5
22	79 37
22	84 6
22	84 7
22	83 7
22	85 7
22	79 26
22	84 8
22	84 9
22	83 9
22	85 8
22	79 105
22	83 9
22	85 9
22	79 44
22	84 10
22	84 11
22	83 11
22	85 11
22	79 31
22	84 12
22	84 13
22	83 13
22	85 12
22	79 107
22	84 14
22	84 15
22	83 15
22	85 14
22	79 110
22	83 15
22	85 15
22	79 44
22	84 16
22	83 16
22	85 16
22	79 43
22	84 17
22	84 18
22	83 18
22	85 18
22	79 26
22	84 19
22	84 20
22	83 20
22	85 19
22	79 104
22	83 20
22	85 20
22	79 41
22	84 1
22	83 1
22	85 1
22	79 38
22	84 2
22	84 3
22	83 3
22	85 3
22	79 24
22	84 4
22	84 5
22	83 5
22	85 4
22	79 107
22	83 5
22	85 5
22	79 37
22	84 6
22	83 6
22	85 6
22	79 32
22	84 7
22	84 8
22	83 8
22	85 8
22	79 26
22	84 9
22	84 10
22	83 10
22	85 9
22	79 107
22	83 10
22	85 10
22	79 44
22	84 11
22	84 12
22	83 12
22	85 12
22	79 37
22	84 13
22	83 13
22	85 13
22	79 38
22	84 14
22	84 15
22	83 15
22	85 14
22	79 113
22	83 15
22	85 15
22	79 44
22	84 16
22	84 17
22	83 17
22	85 17
22	79 35
22	84 18
22	83 18
22	85 18
22	79 48
22	84 19
22	84 20
22	83 20
22	85 19
22	79 121
22	83 20
22	85 20
22	79 47
22	84 1
22	84 2
22	84 3
22	84 4
22	84 5
22	83 5
22	85 2
22	79 268
22	83 5
22	85 4
22	79 123
22	83 5
22	85 3
22	79 210
22	84 6
22	83 6
22	85 6
22	79 28
22	84 7
22	84 8
22	83 8
22	85 7
22	79 109
22	83 8
22	85 8
22	79 37
22	84 9
22	84 10
22	83 10
22	85 10
22	79 32
22	84 11
22	84 12
22	83 12
22	85 11
22	79 108
22	84 13
22	83 13
22	85 13
22	79 26
22	84 14
22	84 15
22	83 15
22	85 14
22	79 114
22	83 15
22	85 15
22	79 41
22	84 16
22	83 16
22	85 16
22	79 28
22	84 17
22	84 18
22	83 18
22	85 18
22	79 27
22	84 19
22	84 20
22	83 20
22	85 19
22	79 105
22	84 1
22	83 1
22	85 1
22	79 29
22	84 2
22	84 3
22	83 3
22	85 2
22	79 113
22	83 3
22	85 3
22	79 42
22	84 4
22	84 5
22	83 5
22	85 5
22	79 29
22	84 6
22	84 7
22	83 7
22	85 6
22	79 106
22	83 7
22	85 7
22	79 36
22	84 8
22	84 9
22	84 10
22	83 10
22	85 8
22	79 188
22	83 10
22	85 10
22	79 34
22	84 11
22	84 12
22	83 12
22	85 11
22	79 107
22	83 12
22	85 12
22	79 33
22	84 13
22	84 14
22	83 14
22	85 14
22	79 25
22	84 15
22	84 16
22	83 16
22	85 15
22	79 106
22	83 16
22	85 16
22	79 32
22	84 17
22	84 18
22	83 18
22	85 18
22	79 29
22	84 19
22	84 20
22	83 20
22	85 19
22	79 105
22	83 20
22	85 20
22	79 33
22	84 1
22	83 1
22	85 1
22	79 37
22	84 2
22	84 3
22	83 3
22	85 3
22	79 31
22	84 4
22	84 5
22	83 5
22	85 4
22	79 111
22	83 5
22	85 5
22	79 46
22	84 6
22	83 6
22	85 6
22	79 43
22	84 7
22	84 8
22	83 8
22	85 8
22	79 26
22	84 9
22	84 10
22	TEST_NUMBER 1
22	SENT_TOTAL 250
22	RECEIVED_TOTAL 193
22	TIME_TOTAL 19682
22	RECEIVED_RADIO_1 194
22	RECEIVED_RADIO_2 0
22	SENT_RADIO_1 115
22	SENT_RADIO_2 136
22	RADIO_TIME_1 19843
22	RADIO_TIME_2 19755
22	RETRANSMISSIONS_1 24
22	RETRANSMISSIONS_2 0
22	DROPPED_1 0
22	DROPPED_2 0
22	MAX_QUEUE 1
22	DUPLICATED_1 12
22	DUPLICATED_2 0
22	EBUSY_RADIO_1 0
22	EBUSY_RADIO_2 0
22	83 0
22	85 9
22	86 1
22	83 0
22	85 10
22	86 1
22	84 1
22	84 2
22	84 3
22	83 3
22	85 3
22	79 25
22	84 4
22	83 4
22	85 2
22	79 192
22	83 4
22	85 4
22	79 39
22	84 5
22	84 6
22	83 6
22	85 5
22	79 108
22	83 6
22	85 6
22	79 46
22	84 7
22	84 8
22	83 8
22	85 8
22	79 26
22	84 9
22	84 10
22	83 10
22	85 9
22	79 110
22	83 10
22	85 10
22	79 39
22	84 11
22	84 12
22	83 12
22	85 12
22	79 36
22	84 13
22	83 13
22	85 13
22	79 35
22	84 14
22	84 15
22	83 15
22	85 14
22	79 106
22	83 15
22	85 15
22	79 41
22	84 16
22	84 17
22	83 17
22	85 17
22	79 23
22	84 18
22	84 19
22	83 19
22	85 18
22	79 103
22	83 19
22	85 19
22	79 33
22	84 20
22	83 20
22	85 20
22	79 34
22	84 1
22	84 2
22	83 2
22	85 2
22	79 30
22	84 3
22	84 4
22	83 4
22	85 3
22	79 107
22	83 4
22	85 4
22	79 33
22	84 5
22	83 5
22	85 5
22	79 42
22	84 6
22	84 7
22	83 7
22	85 7
22	79 24
22	84 8
22	84 9
22	83 9
22	85 8
22	79 106
22	83 9
22	85 9
22	79 36
22	84 10
22	83 10
22	85 10
22	79 34
22	84 11
22	84 12
22	83 12
22	85 12
22	79 28
22	84 13
22	84 14
22	83 14
22	85 13
22	79 108
22	83 14
22	85 14
22	79 43
22	84 15
22	84 16
22	83 16
22	85 16
22	79 31
22	84 17
22	84 18
22	83 18
22	85 17
22	79 111
22	83 18
22	85 18
22	79 46
22	84 19
22	84 20
22	83 20
22	85 20
22	79 27
22	84 1
22	84 2
22	83 2
22	85 1
22	79 102
22	83 2
22	85 2
22	79 28
22	84 3
22	83 3
22	85 3
22	79 39
22	84 4
22	84 5
22	83 5
22	85 5
22	79 25
22	84 6
22	84 7
22	83 7
22	85 6
22	79 108
22	83 7
22	85 7
22	79 38
22	84 8
22	84 9
22	83 9
22	85 9
22	79 31
22	84 10
22	84 11
22	84 12
22	83 12
22	85 11
22	79 111
22	83 12
22	85 10
22	79 198
22	84 13
22	83 13
22	85 13
22	79 38
22	84 14
22	84 15
22	83 15
22	85 14
22	79 114
22	83 15
22	85 15
22	79 44
22	84 16
22	84 17
22	84 18
22	83 18
22	85 18
22	79 25
22	84 19
22	83 19
22	85 17
22	79 213
22	83 19
22	85 19
22	79 63
22	84 20
22	84 1
22	83 1
22	85 20
22	79 108
22	83 1
22	85 1
22	79 36
22	84 2
22	84 3
22	83 3
22	85 3
22	79 24
22	84 4
22	84 5
22	83 5
22	85 4
22	79 106
22	83 5
22	85 5
22	79 35
22	84 6
22	83 6
22	85 6
22	79 33
22	84 7
22	84 8
22	83 8
22	85 8
22	79 31
22	84 9
22	84 10
22	83 10
22	85 9
22	79 107
22	84 11
22	83 11
22	85 11
22	79 28
22	84 12
22	84 13
22	83 13
22	85 12
22	79 106
22	83 13
22	85 13
22	79 44
22	84 14
22	84 15
22	83 15
22	85 15
22	79 22
22	84 16
22	84 17
22	83 17
22	85 16
22	79 101
22	83 17
22	85 17
22	79 30
22	84 18
22	83 18
22	85 18
22	79 33
22	84 19
22	84 20
22	83 20
22	85 20
22	79 27
22	84 1
22	84 2
22	83 2
22	85 1
22	79 109
22	83 2
22	85 2
22	79 35
22	84 3
22	84 4
22	84 5
22	83 5
22	85 5
22	79 28
22	84 6
22	83 6
22	85 4
22	79 194
22	83 6
22	85 6
22	79 39
22	84 7
22	84 8
22	83 8
22	85 7
22	79 103
22	83 8
22	85 8
22	79 30
22	84 9
22	84 10
22	83 10
22	85 10
22	79 23
22	84 11
22	84 12
22	83 12
22	85 11
22	79 107
22	83 12
22	85 12
22	79 47
22	84 13
22	84 14
22	83 14
22	85 14
22	79 30
22	84 15
22	84 16
22	83 16
22	85 15
22	79 107
22	83 16
22	85 16
22	79 38
22	84 17
22	83 17
22	85 17
22	79 40
22	84 18
22	84 19
22	83 19
22	85 19
22	79 28
22	84 20
22	84 1
22	83 1
22	85 20
22	79 125
22	84 2
22	84 3
22	83 3
22	85 1
22	79 196
22	83 3
22	85 3
22	79 46
22	84 4
22	84 5
22	83 5
22	85 4
22	79 109
22	84 6
22	83 6
22	85 6
22	79 29
22	84 7
22	84 8
22	83 8
22	85 7
22	79 130
22	84 9
22	84 10
22	83 10
22	85 8
22	79 193
22	83 10
22	85 10
22	79 45
22	84 11
22	84 12
22	83 12
22	85 11
22	79 109
22	83 12
22	85 12
22	79 40
22	84 13
22	84 14
22	83 14
22	85 14
22	79 24
22	84 15
22	84 16
22	84 17
22	83 17
22	85 16
22	79 122
22	83 17
22	85 17
22	79 51
22	84 18
22	84 19
22	83 19
22	85 18
22	79 109
22	83 19
22	85 19
22	79 46
22	84 20
22	83 20
22	85 20
22	79 33
22	84 1
22	84 2
22	84 3
22	83 3
22	85 3
22	79 24
22	84 4
22	83 4
22	85 2
22	79 195
22	83 4
22	85 4
22	79 50
22	84 5
22	84 6
22	84 7
22	83 7
22	85 6
22	79 104
22	84 8
22	83 8
22	85 7
22	79 136
22	84 9
22	84 10
22	83 10
22	85 8
22	79 186
22	83 10
22	85 10
22	79 36
22	84 11
22	84 12
22	83 12
22	85 11
22	79 111
22	83 12
22	85 12
22	79 40
22	84 13
22	84 14
22	83 14
22	85 14
22	79 30
22	84 15
22	84 16
22	83 16
22	85 15
22	79 104
22	83 16
22	85 16
22	79 40
22	84 17
22	84 18
22	83 18
22	85 18
22	79 45
22	84 19
22	84 20
22	83 20
22	85 19
22	79 110
22	83 20
22	85 20
22	79 38
22	84 1
22	84 2
22	83 2
22	85 2
22	79 24
22	84 3
22	84 4
22	83 4
22	85 3
22	79 105
22	83 4
22	85 4
22	79 31
22	84 5
22	83 5
22	85 5
22	79 44
22	84 6
22	84 7
22	83 7
22	85 7
22	79 32
22	84 8
22	84 9
22	83 9
22	85 8
22	79 104
22	83 9
22	85 9
22	79 33
22	84 10
22	84 11
22	83 11
22	85 11
22	79 33
22	84 12
22	84 13
22	83 13
22	85 12
22	79 108
22	83 13
22	85 13
22	79 34
22	84 14
22	83 14
22	85 14
22	79 39
22	84 15
22	84 16
22	83 16
22	85 16
22	79 37
22	84 17
22	84 18
22	83 18
22	85 17
22	79 106
22	83 18
22	85 18
22	79 36
22	84 19
22	83 19
22	85 19
22	79 34
22	84 20
22	84 1
22	83 1
22	85 1
22	79 29
22	84 2
22	84 3
22	83 3
22	85 2
22	79 106
22	83 3
22	85 3
22	79 35
22	84 4
22	83 4
22	85 4
22	79 41
22	84 5
22	84 6
22	83 6
22	85 6
22	79 26
22	84 7
22	84 8
22	84 9
22	83 9
22	85 8
22	79 107
22	83 9
22	85 7
22	79 196
22	83 9
22	85 9
22	79 50
22	84 10
22	84 11
22	83 11
22	85 11
22	79 27
22	84 12
22	84 13
22	83 13
22	85 12
22	79 105
22	83 13
22	85 13
22	79 43
22	84 14
22	83 14
22	85 14
22	79 33
22	84 15
22	84 16
22	83 16
22	85 16
22	79 29
22	84 17
22	84 18
22	83 18
22	85 17
22	79 107
22	83 18
22	85 18
22	79 45
22	84 19
22	84 20
22	84 1
22	83 1
22	85 1
22	79 30
22	84 2
22	83 2
22	85 20
22	79 193
22	83 2
22	85 2
22	79 44
22	84 3
22	84 4
22	84 5
22	83 5
22	85 4
22	79 103
22	83 5
22	85 3
22	79 191
22	83 5
22	85 5
22	79 54
22	84 6
22	84 7
22	83 7
22	85 7
22	79 26
22	84 8
22	84 9
22	83 9
22	85 8
22	79 104
22	83 9
22	85 9
22	79 32
22	84 10
22	83 10
22	85 10
22	79 34
22	84 11
22	84 12
22	83 12
22	85 12
22	79 27
22	84 13
22	84 14
22	83 14
22	85 13
22	79 106
22	83 14
22	85 14
22	79 35
22	84 15
22	84 16
22	83 16
22	85 16
22	79 27
22	84 17
22	84 18
22	83 18
22	85 17
22	79 109
22	83 18
22	85 18
22	79 37
22	84 19
22	84 20
22	83 20
22	85 20
22	79 30
22	84 1
22	84 2
22	83 2
22	85 1
22	79 115
22	84 3
22	84 4
22	83 4
22	85 2
22	79 188
22	83 4
22	85 4
22	79 41
22	84 5
22	84 6
22	83 6
22	85 5
22	79 105
22	84 7
22	84 8
22	84 9
22	83 9
22	85 8
22	79 107
22	83 9
22	85 7
22	79 197
22	83 9
22	85 9
22	79 46
22	84 10
22	83 10
22	85 10
22	79 31
22	84 11
22	84 12
22	83 12
22	85 12
22	79 31
22	84 13
22	84 14
22	83 14
22	85 13
22	79 108
22	83 14
22	85 14
22	79 36
22	84 15
22	84 16
22	83 16
22	85 16
22	79 26
22	84 17
22	84 18
22	83 18
22	85 17
22	79 111
22	84 19
22	83 19
22	85 19
22	79 32
22	84 20
22	84 1
22	83 1
22	85 20
22	79 117
22	83 1
22	85 1
22	79 46
22	84 2
22	84 3
22	84 4
22	83 4
22	85 2
22	79 188
22	83 4
22	85 4
22	79 35
22	84 5
22	84 6
22	83 6
22	85 5
22	79 103
22	83 6
22	85 6
22	79 33
22	84 7
22	83 7
22	85 7
22	79 44
22	84 8
22	84 9
22	84 10
22	83 10
22	85 8
22	79 194
22	83 10
22	85 10
22	79 41
22	84 11
22	84 12
22	83 12
22	85 11
22	79 109
22	84 13
22	84 14
22	83 14
22	85 14
22	79 33
22	84 15
22	83 15
22	85 13
22	79 195
22	83 15
22	85 15
22	79 45
22	84 16
22	84 17
22	83 17
22	85 16
22	79 103
22	84 18
22	83 18
22	85 18
22	79 33
22	84 19
22	84 20
22	83 20
22	85 19
22	79 126
22	84 1
22	84 2
22	83 2
22	85 20
22	79 196
22	83 2
22	85 2
22	79 55
22	84 3
22	84 4
22	83 4
22	85 3
22	79 109
22	84 5
22	83 5
22	85 5
22	79 30
22	84 6
22	84 7
22	83 7
22	85 6
22	79 106
22	83 7
22	85 7
22	79 45
22	84 8
22	84 9
22	83 9
22	85 9
22	79 27
22	84 10
22	TEST_NUMBER 2
22	SENT_TOTAL 250
22	RECEIVED_TOTAL 192
22	TIME_TOTAL 29805
22	RECEIVED_RADIO_1 194
22	RECEIVED_RADIO_2 0
22	SENT_RADIO_1 116
22	SENT_RADIO_2 134
22	RADIO_TIME_1 29805
22	RADIO_TIME_2 19843
22	RETRANSMISSIONS_1 25
22	RETRANSMISSIONS_2 0
22	DROPPED_1 0
22	DROPPED_2 0
22	MAX_QUEUE 1
22	DUPLICATED_1 17
22	DUPLICATED_2 0
22	EBUSY_RADIO_1 0
22	EBUSY_RADIO_2 0
22	83 0
22	85 10
22	86 2
22	84 1
22	84 2
22	83 2
22	85 2
22	79 28
22	84 3
22	84 4
22	83 4
22	85 3
22	79 107
22	83 4
22	85 4
22	79 49
22	84 5
22	84 6
22	83 6
22	85 6
22	79 26
22	84 7
22	84 8
22	83 8
22	85 7
22	79 108
22	83 8
22	85 8
22	79 36
22	84 9
22	83 9
22	85 9
22	79 35
22	84 10
22	84 11
22	84 12
22	83 12
22	85 12
22	79 30
22	84 13
22	83 13
22	85 11
22	79 207
22	84 14
22	83 14
22	85 13
22	79 104
22	83 14
22	85 14
22	79 46
22	84 15
22	84 16
22	83 16
22	85 16
22	79 28
22	84 17
22	84 18
22	83 18
22	85 17
22	79 107
22	83 18
22	85 18
22	79 34
22	84 19
22	83 19
22	85 19
22	79 33
22	84 20
22	84 1
22	84 2
22	83 2
22	85 20
22	79 190
22	83 2
22	85 2
22	79 42
22	84 3
22	84 4
22	83 4
22	85 3
22	79 113
22	84 5
22	84 6
22	83 6
22	85 5
22	79 112
22	83 6
22	85 6
22	79 39
22	84 7
22	84 8
22	83 8
22	85 8
22	79 36
22	84 9
22	83 9
22	85 9
22	79 39
22	84 10
22	84 11
22	83 11
22	85 10
22	79 108
22	84 12
22	84 13
22	84 14
22	83 14
22	85 13
22	79 109
22	83 14
22	85 12
22	79 195
22	83 14
22	85 14
22	79 41
22	84 15
22	83 15
22	85 15
22	79 35
22	84 16
22	84 17
22	83 17
22	85 17
22	79 33
22	84 18
22	84 19
22	83 19
22	85 18
22	79 125
22	84 20
22	84 1
22	83 1
22	85 19
22	79 189
22	83 1
22	85 1
22	79 37
22	84 2
22	84 3
22	83 3
22	85 2
22	79 104
22	84 4
22	84 5
22	83 5
22	85 4
22	79 112
22	83 5
22	85 5
22	79 44
22	84 6
22	84 7
22	83 7
22	85 7
22	79 50
22	84 8
22	83 8
22	85 8
22	79 43
22	84 9
22	84 10
22	83 10
22	85 9
22	79 124
22	83 10
22	85 10
22	79 51
22	84 11
22	84 12
22	83 12
22	85 12
22	79 25
22	84 13
22	84 14
22	83 14
22	85 13
22	79 113
22	83 14
22	85 14
22	79 39
22	84 15
22	84 16
22	83 16
22	85 16
22	79 40
22	84 17
22	84 18
22	84 19
22	83 19
22	85 17
22	79 184
22	83 19
22	85 18
22	79 112
22	83 19
22	85 19
22	79 38
22	84 20
22	83 20
22	85 20
22	79 35
22	84 1
22	84 2
22	83 2
22	85 2
22	79 30
22	84 3
22	84 4
22	83 4
22	85 3
22	79 127
22	83 4
22	85 4
22	79 56
22	84 5
22	83 5
22	85 5
22	79 32
22	84 6
22	84 7
22	83 7
22	85 7
22	79 32
22	84 8
22	84 9
22	83 9
22	85 8
22	79 105
22	84 10
22	83 10
22	85 10
22	79 25
22	84 11
22	84 12
22	83 12
22	85 11
22	79 106
22	83 12
22	85 12
22	79 46
22	84 13
22	84 14
22	83 14
22	85 14
22	79 32
22	84 15
22	84 16
22	83 16
22	85 15
22	79 135
22	84 17
22	84 18
22	83 18
22	85 16
22	79 185
22	84 19
22	83 19
22	85 18
22	79 134
22	84 20
22	84 1
22	83 1
22	85 19
22	79 186
22	83 1
22	85 1
22	79 46
22	84 2
22	84 3
22	83 3
22	85 2
22	79 103
22	83 3
22	85 3
22	79 31
22	84 4
22	84 5
22	83 5
22	85 5
22	79 30
22	84 6
22	84 7
22	84 8
22	83 8
22	85 7
22	79 109
22	83 8
22	85 6
22	79 207
22	83 8
22	85 8
22	79 53
22	84 9
22	83 9
22	85 9
22	79 38
22	84 10
22	84 11
22	83 11
22	85 11
22	79 36
22	84 12
22	84 13
22	83 13
22	85 12
22	79 122
22	84 14
22	84 15
22	83 15
22	85 13
22	79 191
22	83 15
22	85 15
22	79 41
22	84 16
22	84 17
22	83 17
22	85 16
22	79 107
22	83 17
22	85 17
22	79 33
22	84 18
22	84 19
22	83 19
22	85 19
22	79 28
22	84 20
22	84 1
22	83 1
22	85 20
22	79 110
22	83 1
22	85 1
22	79 44
22	84 2
22	84 3
22	83 3
22	85 3
22	79 36
22	84 4
22	84 5
22	83 5
22	85 4
22	79 102
22	83 5
22	85 5
22	79 37
22	84 6
22	84 7
22	83 7
22	85 7
22	79 35
22	84 8
22	83 8
22	85 8
22	79 42
22	84 9
22	84 10
22	83 10
22	85 9
22	79 106
22	83 10
22	85 10
22	79 33
22	84 11
22	83 11
22	85 11
22	79 40
22	84 12
22	84 13
22	83 13
22	85 13
22	79 26
22	84 14
22	84 15
22	83 15
22	85 14
22	79 109
22	83 15
22	85 15
22	79 37
22	84 16
22	84 17
22	83 17
22	85 17
22	79 27
22	84 18
22	84 19
22	83 19
22	85 18
22	79 105
22	83 19
22	85 19
22	79 34
22	84 20
22	83 20
22	85 20
22	79 40
22	84 1
22	84 2
22	84 3
22	83 3
22	85 1
22	79 185
22	84 4
22	84 5
22	83 5
22	85 3
22	79 188
22	83 5
22	85 4
22	79 115
22	84 6
22	83 6
22	85 6
22	79 26
22	84 7
22	84 8
22	83 8
22	85 7
22	79 112
22	83 8
22	85 8
22	79 42
22	84 9
22	84 10
22	83 10
22	85 10
22	79 30
22	84 11
22	84 12
22	83 12
22	85 11
22	79 113
22	83 12
22	85 12
22	79 43
22	84 13
22	84 14
22	83 14
22	85 14
22	79 27
22	84 15
22	84 16
22	83 16
22	85 15
22	79 111
22	83 16
22	85 16
22	79 41
22	84 17
22	84 18
22	83 18
22	85 18
22	79 31
22	84 19
22	84 20
22	83 20
22	85 19
22	79 110
22	83 20
22	85 20
22	79 39
22	84 1
22	84 2
22	84 3
22	83 3
22	85 3
22	79 26
22	84 4
22	83 4
22	85 2
22	79 199
22	83 4
22	85 4
22	79 49
22	84 5
22	84 6
22	83 6
22	85 5
22	79 97
22	84 7
22	84 8
22	83 8
22	85 7
22	79 106
22	83 8
22	85 8
22	79 35
22	84 9
22	83 9
22	85 9
22	79 48
22	84 10
22	84 11
22	83 11
22	85 11
22	79 30
22	84 12
22	84 13
22	83 13
22	85 12
22	79 109
22	84 14
22	83 14
22	85 13
22	79 115
22	83 14
22	85 14
22	79 45
22	84 15
22	84 16
22	83 16
22	85 16
22	79 24
22	84 17
22	84 18
22	84 19
22	83 19
22	85 18
22	79 109
22	83 19
22	85 19
22	79 41
22	84 20
22	84 1
22	83 1
22	85 20
22	79 119
22	83 1
22	85 1
22	79 50
22	84 2
22	83 2
22	85 2
22	79 37
22	84 3
22	84 4
22	84 5
22	83 5
22	85 5
22	79 46
22	84 6
22	83 6
22	85 4
22	79 191
22	83 6
22	85 6
22	79 38
22	84 7
22	84 8
22	83 8
22	85 7
22	79 109
22	83 8
22	85 8
22	79 36
22	84 9
22	84 10
22	84 11
22	83 11
22	85 9
22	79 191
22	84 12
22	83 12
22	85 11
22	79 144
22	84 13
22	84 14
22	83 14
22	85 12
22	79 196
22	83 14
22	85 14
22	79 50
22	84 15
22	84 16
22	83 16
22	85 15
22	79 113
22	83 16
22	85 16
22	79 39
22	84 17
22	84 18
22	84 19
22	83 19
22	85 17
22	79 190
22	83 19
22	85 19
22	79 35
22	84 20
22	84 1
22	83 1
22	85 20
22	79 106
22	84 2
22	83 2
22	85 2
22	79 31
22	84 3
22	84 4
22	83 4
22	85 3
22	79 108
22	83 4
22	85 4
22	79 34
22	84 5
22	84 6
22	83 6
22	85 6
22	79 30
22	84 7
22	84 8
22	83 8
22	85 7
22	79 108
22	83 8
22	85 8
22	79 39
22	84 9
22	84 10
22	83 10
22	85 10
22	79 26
22	84 11
22	84 12
22	83 12
22	85 11
22	79 108
22	83 12
22	85 12
22	79 35
22	84 13
22	83 13
22	85 13
22	79 38
22	84 14
22	84 15
22	83 15
22	85 15
22	79 25
22	84 16
22	84 17
22	83 17
22	85 16
22	79 106
22	83 17
22	85 17
22	79 38
22	84 18
22	83 18
22	85 18
22	79 35
22	84 19
22	84 20
22	83 20
22	85 20
22	79 28
22	84 1
22	84 2
22	83 2
22	85 1
22	79 102
22	83 2
22	85 2
22	79 48
22	84 3
22	84 4
22	83 4
22	85 4
22	79 24
22	84 5
22	84 6
22	83 6
22	85 5
22	79 108
22	83 6
22	85 6
22	79 37
22	84 7
22	84 8
22	83 8
22	85 8
22	79 31
22	84 9
22	84 10
22	83 10
22	85 9
22	79 133
22	84 11
22	84 12
22	83 12
22	85 10
22	79 205
22	84 13
22	83 13
22	85 12
22	79 108
22	83 13
22	85 13
22	79 43
22	84 14
22	83 14
22	85 14
22	79 53
22	84 15
22	84 16
22	83 16
22	85 16
22	79 28
22	84 17
22	84 18
22	83 18
22	85 17
22	79 108
22	83 18
22	85 18
22	79 38
22	84 19
22	84 20
22	84 1
22	83 1
22	85 19
22	79 187
22	83 1
22	85 1
22	79 37
22	84 2
22	84 3
22	83 3
22	85 2
22	79 106
22	84 4
22	83 4
22	85 4
22	79 30
22	84 5
22	84 6
22	84 7
22	84 8
22	83 8
22	85 5
22	79 269
22	84 9
22	83 9
22	85 6
22	79 266
22	83 9
22	85 8
22	79 116
22	83 9
22	85 9
22	79 42
22	84 10
22	83 10
22	85 10
22	79 45
22	84 11
22	84 12
22	83 12
22	85 12
22	79 30
22	84 13
22	84 14
22	84 15
22	83 15
22	85 14
22	79 109
22	83 15
22	85 13
22	79 198
22	83 15
22	85 15
22	79 47
22	84 16
22	84 17
22	83 17
22	85 17
22	79 26
22	84 18
22	84 19
22	83 19
22	85 18
22	79 115
22	83 19
22	85 19
22	79 44
22	84 20
22	83 20
22	85 20
22	79 44
22	84 1
22	84 2
22	83 2
22	85 2
22	79 25
22	84 3
22	84 4
22	83 4
22	85 3
22	79 116
22	84 5
22	84 6
22	83 6
22	85 4
22	79 195
22	84 7
22	83 7
22	85 6
22	79 109
22	84 8
22	83 8
22	85 7
22	79 127
22	83 8
22	85 8
22	79 52
22	84 9
22	84 10
22	TEST_NUMBER 3
22	SENT_TOTAL 250
22	RECEIVED_TOTAL 190
22	TIME_TOTAL 29654
22	RECEIVED_RADIO_1 191
22	RECEIVED_RADIO_2 0
22	SENT_RADIO_1 112
22	SENT_RADIO_2 138
22	RADIO_TIME_1 29682
22	RADIO_TIME_2 19763
22	RETRANSMISSIONS_1 32
22	RETRANSMISSIONS_2 0
22	DROPPED_1 0
22	DROPPED_2 0
22	MAX_QUEUE 1
22	DUPLICATED_1 18
22	DUPLICATED_2 0
22	EBUSY_RADIO_1 0
22	EBUSY_RADIO_2 0
22	83 0
22	85 10
22	86 3
22	84 1
22	84 2
22	84 3
22	83 3
22	85 2
22	79 126
22	83 3
22	85 3
22	79 72
22	84 4
22	84 5
22	83 5
22	85 4
22	79 106
22	83 5
22	85 5
22	79 32
22	84 6
22	84 7
22	83 7
22	85 7
22	79 37
22	84 8
22	83 8
22	85 8
22	79 40
22	84 9
22	84 10
22	83 10
22	85 9
22	79 102
22	83 10
22	85 10
22	79 31
22	84 11
22	84 12
22	83 12
22	85 12
22	79 37
22	84 13
22	83 13
22	85 13
22	79 44
22	84 14
22	84 15
22	83 15
22	85 14
22	79 107
22	83 15
22	85 15
22	79 43
22	84 16
22	84 17
22	83 17
22	85 17
22	79 25
22	84 18
22	84 19
22	83 19
22	85 18
22	79 107
22	83 19
22	85 19
22	79 39
22	84 20
22	83 20
22	85 20
22	79 34
22	84 1
22	84 2
22	83 2
22	85 2
22	79 35
22	84 3
22	84 4
22	83 4
22	85 3
22	79 114
22	83 4
22	85 4
22	79 40
22	84 5
22	84 6
22	83 6
22	85 6
22	79 25
22	84 7
22	84 8
22	83 8
22	85 7
22	79 110
22	83 8
22	85 8
22	79 37
22	84 9
22	84 10
22	83 10
22	85 10
22	79 28
22	84 11
22	84 12
22	83 12
22	85 11
22	79 104
22	83 12
22	85 12
22	79 34
22	84 13
22	83 13
22	85 13
22	79 34
22	84 14
22	84 15
22	84 16
22	83 16
22	85 14
22	79 189
22	83 16
22	85 16
22	79 37
22	84 17
22	84 18
22	84 19
22	83 19
22	85 18
22	79 106
22	83 19
22	85 17
22	79 206
22	84 20
22	83 20
22	85 20
22	79 32
22	84 1
22	84 2
22	83 2
22	85 1
22	79 137
22	84 3
22	84 4
22	83 4
22	85 2
22	79 191
22	84 5
22	83 5
22	85 4
22	79 104
22	83 5
22	85 5
22	79 43
22	84 6
22	83 6
22	85 6
22	79 48
22	84 7
22	84 8
22	83 8
22	85 8
22	79 25
22	84 9
22	84 10
22	83 10
22	85 9
22	79 107
22	83 10
22	85 10
22	79 49
22	84 11
22	84 12
22	83 12
22	85 12
22	79 28
22	84 13
22	84 14
22	84 15
22	83 15
22	85 14
22	79 106
22	83 15
22	85 13
22	79 192
22	83 15
22	85 15
22	79 40
22	84 16
22	83 16
22	85 16
22	79 35
22	84 17
22	84 18
22	83 18
22	85 18
22	79 24
22	84 19
22	84 20
22	83 20
22	85 19
22	79 108
22	84 1
22	83 1
22	85 20
22	79 112
22	83 1
22	85 1
22	79 41
22	84 2
22	84 3
22	83 3
22	85 3
22	79 23
22	84 4
22	84 5
22	83 5
22	85 4
22	79 102
22	83 5
22	85 5
22	79 34
22	84 6
22	84 7
22	84 8
22	83 8
22	85 6
22	79 205
22	83 8
22	85 8
22	79 51
22	84 9
22	84 10
22	84 11
22	83 11
22	85 10
22	79 107
22	83 11
22	85 11
22	79 36
22	84 12
22	84 13
22	83 13
22	85 12
22	79 110
22	83 13
22	85 13
22	79 44
22	84 14
22	84 15
22	84 16
22	83 16
22	85 14
22	79 188
22	83 16
22	85 16
22	79 35
22	84 17
22	84 18
22	83 18
22	85 17
22	79 119
22	84 19
22	83 19
22	85 19
22	79 25
22	84 20
22	84 1
22	84 2
22	83 2
22	85 1
22	79 102
22	83 2
22	85 20
22	79 213
22	84 3
22	83 3
22	85 3
22	79 24
22	84 4
22	84 5
22	83 5
22	85 4
22	79 117
22	84 6
22	84 7
22	83 7
22	85 5
22	79 192
22	84 8
22	83 8
22	85 7
22	79 111
22	83 8
22	85 8
22	79 37
22	84 9
22	83 9
22	85 9
22	79 40
22	84 10
22	84 11
22	83 11
22	85 11
22	79 30
22	84 12
22	84 13
22	83 13
22	85 12
22	79 115
22	83 13
22	85 13
22	79 43
22	84 14
22	84 15
22	83 15
22	85 15
22	79 26
22	84 16
22	84 17
22	83 17
22	85 16
22	79 109
22	83 17
22	85 17
22	79 36
22	84 18
22	83 18
22	85 18
22	79 38
22	84 19
22	84 20
22	84 1
22	83 1
22	85 1
22	79 30
22	84 2
22	83 2
22	85 20
22	79 197
22	83 2
22	85 2
22	79 44
22	84 3
22	84 4
22	83 4
22	85 3
22	79 104
22	84 5
22	84 6
22	83 6
22	85 6
22	79 27
22	84 7
22	83 7
22	85 5
22	79 194
22	83 7
22	85 7
22	79 44
22	84 8
22	84 9
22	84 10
22	83 10
22	85 9
22	79 102
22	83 10
22	85 8
22	79 190
22	84 11
22	84 12
22	83 12
22	85 10
22	79 187
22	83 12
22	85 12
22	79 36
22	84 13
22	84 14
22	83 14
22	85 13
22	79 105
22	83 14
22	85 14
22	79 43
22	84 15
22	84 16
22	83 16
22	85 16
22	79 31
22	84 17
22	84 18
22	83 18
22	85 17
22	79 108
22	83 18
22	85 18
22	79 45
22	84 19
22	83 19
22	85 19
22	79 36
22	84 20
22	84 1
22	83 1
22	85 1
22	79 32
22	84 2
22	84 3
22	83 3
22	85 2
22	79 109
22	83 3
22	85 3
22	79 36
22	84 4
22	84 5
22	83 5
22	85 5
22	79 25
22	84 6
22	84 7
22	83 7
22	85 6
22	79 108
22	83 7
22	85 7
22	79 37
22	84 8
22	83 8
22	85 8
22	79 39
22	84 9
22	84 10
22	83 10
22	85 10
22	79 28
22	84 11
22	84 12
22	83 12
22	85 11
22	79 116
22	84 13
22	83 13
22	85 13
22	79 28
22	84 14
22	84 15
22	83 15
22	85 14
22	79 108
22	84 16
22	84 17
22	84 18
22	83 18
22	85 16
22	79 188
22	83 18
22	85 17
22	79 117
22	83 18
22	85 18
22	79 43
22	84 19
22	84 20
22	84 1
22	83 1
22	85 19
22	79 189
22	83 1
22	85 1
22	79 36
22	84 2
22	84 3
22	83 3
22	85 2
22	79 105
22	83 3
22	85 3
22	79 34
22	84 4
22	84 5
22	83 5
22	85 5
22	79 26
22	84 6
22	84 7
22	84 8
22	83 8
22	85 7
22	79 109
22	83 8
22	85 6
22	79 201
22	84 9
22	83 9
22	85 9
22	79 32
22	84 10
22	84 11
22	83 11
22	85 10
22	79 129
22	84 12
22	84 13
22	83 13
22	85 11
22	79 191
22	83 13
22	85 13
22	79 39
22	84 14
22	84 15
22	84 16
22	83 16
22	85 15
22	79 110
22	83 16
22	85 16
22	79 41
22	84 17
22	84 18
22	83 18
22	85 17
22	79 116
22	83 18
22	85 18
22	79 42
22	84 19
22	83 19
22	85 19
22	79 31
22	84 20
22	84 1
22	84 2
22	84 3
22	83 3
22	85 1
22	79 191
22	83 3
22	85 2
22	79 119
22	83 3
22	85 3
22	79 45
22	84 4
22	84 5
22	83 5
22	85 5
22	79 29
22	84 6
22	84 7
22	83 7
22	85 6
22	79 116
22	84 8
22	84 9
22	83 9
22	85 7
22	79 189
22	83 9
22	85 9
22	79 56
22	84 10
22	84 11
22	83 11
22	85 10
22	79 103
22	84 12
22	84 13
22	84 14
22	83 14
22	85 13
22	79 104
22	83 14
22	85 12
22	79 195
22	83 14
22	85 14
22	79 43
22	84 15
22	83 15
22	85 15
22	79 29
22	84 16
22	84 17
22	83 17
22	85 17
22	79 38
22	84 18
22	84 19
22	83 19
22	85 18
22	79 113
22	83 19
22	85 19
22	79 48
22	84 20
22	84 1
22	83 1
22	85 1
22	79 26
22	84 2
22	84 3
22	83 3
22	85 2
22	79 108
22	84 4
22	83 4
22	85 4
22	79 27
22	84 5
22	84 6
22	83 6
22	85 5
22	79 108
22	84 7
22	83 7
22	85 7
22	79 28
22	84 8
22	84 9
22	83 9
22	85 8
22	79 114
22	83 9
22	85 9
22	79 40
22	84 10
22	83 10
22	85 10
22	79 38
22	84 11
22	84 12
22	83 12
22	85 12
22	79 26
22	84 13
22	84 14
22	83 14
22	85 13
22	79 115
22	83 14
22	85 14
22	79 50
22	84 15
22	84 16
22	83 16
22	85 16
22	79 25
22	84 17
22	84 18
22	84 19
22	83 19
22	85 18
22	79 109
22	83 19
22	85 17
22	79 202
22	83 19
22	85 19
22	79 59
22	84 20
22	84 1
22	83 1
22	85 1
22	79 26
22	84 2
22	84 3
22	83 3
22	85 2
22	79 103
22	83 3
22	85 3
22	79 33
22	84 4
22	83 4
22	85 4
22	79 46
22	84 5
22	84 6
22	84 7
22	84 8
22	83 8
22	85 6
22	79 186
22	83 8
22	85 7
22	79 113
22	83 8
22	85 8
22	79 42
22	84 9
22	83 9
22	85 9
22	79 34
22	84 10
22	84 11
22	83 11
22	85 11
22	79 25
22	84 12
22	84 13
22	83 13
22	85 12
22	79 119
22	83 13
22	85 13
22	79 46
22	84 14
22	84 15
22	83 15
22	85 15
22	79 25
22	84 16
22	84 17
22	84 18
22	83 18
22	85 17
22	79 105
22	83 18
22	85 16
22	79 204
22	84 19
22	83 19
22	85 19
22	79 28
22	84 20
22	84 1
22	83 1
22	85 20
22	79 108
22	83 1
22	85 1
22	79 42
22	84 2
22	84 3
22	84 4
22	83 4
22	85 4
22	79 27
22	84 5
22	83 5
22	85 3
22	79 190
22	83 5
22	85 5
22	79 39
22	84 6
22	84 7
22	83 7
22	85 6
22	79 110
22	84 8
22	84 9
22	83 9
22	85 9
22	79 27
22	84 10
22	83 10
22	85 8
22	79 196
22	83 10
22	85 10
22	79 47
22	84 11
22	84 12
22	83 12
22	85 11
22	79 99
22	84 13
22	84 14
22	84 15
22	83 15
22	85 14
22	79 114
22	83 15
22	85 13
22	79 200
22	83 15
22	85 15
22	79 50
22	84 16
22	84 17
22	83 17
22	85 17
22	79 27
22	84 18
22	84 19
22	83 19
22	85 18
22	79 107
22	83 19
22	85 19
22	79 36
22	84 20
22	83 20
22	85 20
22	79 45
22	84 1
22	84 2
22	84 3
22	83 3
22	85 3
22	79 23
22	84 4
22	83 4
22	85 2
22	79 198
22	84 5
22	83 5
22	85 4
22	79 121
22	83 5
22	85 5
22	79 49
22	84 6
22	84 7
22	83 7
22	85 7
22	79 29
22	84 8
22	84 9
22	83 9
22	85 8
22	79 115
22	84 10
22	TEST_NUMBER 4
22	SENT_TOTAL 250
22	RECEIVED_TOTAL 191
22	TIME_TOTAL 29811
22	RECEIVED_RADIO_1 192
22	RECEIVED_RADIO_2 0
22	SENT_RADIO_1 111
22	SENT_RADIO_2 138
22	RADIO_TIME_1 29811
22	RADIO_TIME_2 19763
22	RETRANSMISSIONS_1 30
22	RETRANSMISSIONS_2 0
22	DROPPED_1 0
22	DROPPED_2 0
22	MAX_QUEUE 1
22	DUPLICATED_1 20
22	DUPLICATED_2 0
22	EBUSY_RADIO_1 0
22	EBUSY_RADIO_2 0
22	84 1
22	83 1
22	85 9
22	86 4
22	84 2
22	83 2
22	85 1
22	79 105
22	83 2
22	85 2
22	79 34
22	84 3
22	83 3
22	85 3
22	79 36
22	84 4
22	84 5
22	83 5
22	85 5
22	79 29
22	84 6
22	84 7
22	83 7
22	85 6
22	79 114
22	83 7
22	85 7
22	79 40
22	84 8
22	84 9
22	83 9
22	85 9
22	79 28
22	84 10
22	84 11
22	83 11
22	85 10
22	79 110
22	83 11
22	85 11
22	79 38
22	84 12
22	84 13
22	83 13
22	85 13
22	79 37
22	84 14
22	83 14
22	85 14
22	79 41
22	84 15
22	84 16
22	84 17
22	83 17
22	85 16
22	79 109
22	83 17
22	85 15
22	79 195
22	83 17
22	85 17
22	79 44
22	84 18
22	84 19
22	84 20
22	83 20
22	85 18
22	79 192
22	83 20
22	85 20
22	79 38
22	84 1
22	84 2
22	83 2
22	85 1
22	79 106
22	83 2
22	85 2
22	79 32
22	84 3
22	84 4
22	84 5
22	83 5
22	85 3
22	79 187
22	83 5
22	85 5
22	79 45
22	84 6
22	84 7
22	84 8
22	83 8
22	85 7
22	79 107
22	83 8
22	85 6
22	79 197
22	84 9
22	83 9
22	85 9
22	79 31
22	84 10
22	84 11
22	83 11
22	85 10
22	79 107
22	83 11
22	85 11
22	79 45
22	84 12
22	83 12
22	85 12
22	79 44
22	84 13
22	84 14
22	83 14
22	85 14
22	79 26
22	84 15
22	84 16
22	83 16
22	85 15
22	79 109
22	83 16
22	85 16
22	79 38
22	84 17
22	83 17
22	85 17
22	79 48
22	84 18
22	84 19
22	84 20
22	83 20
22	85 18
22	79 201
22	83 20
22	85 20
22	79 48
22	84 1
22	84 2
22	84 3
22	83 3
22	85 2
22	79 107
22	83 3
22	85 3
22	79 43
22	84 4
22	84 5
22	83 5
22	85 4
22	79 114
22	83 5
22	85 5
22	79 41
22	84 6
22	84 7
22	84 8
22	83 8
22	85 6
22	79 195
22	84 9
22	83 9
22	85 8
22	79 104
22	83 9
22	85 9
22	79 33
22	84 10
22	83 10
22	85 10
22	79 45
22	84 11
22	84 12
22	83 12
22	85 12
22	79 25
22	84 13
22	84 14
22	83 14
22	85 13
22	79 104
22	83 14
22	85 14
22	79 32
22	84 15
22	83 15
22	85 15
22	79 53
22	84 16
22	84 17
22	84 18
22	83 18
22	85 18
22	79 31
22	84 19
22	83 19
22	85 17
22	79 195
22	83 19
22	85 19
22	79 46
22	84 20
22	84 1
22	84 2
22	83 2
22	85 1
22	79 102
22	83 2
22	85 2
22	79 41
22	84 3
22	84 4
22	83 4
22	85 3
22	79 106
22	83 4
22	85 4
22	79 34
22	84 5
22	83 5
22	85 5
22	79 33
22	84 6
22	84 7
22	83 7
22	85 7
22	79 31
22	84 8
22	84 9
22	83 9
22	85 8
22	79 111
22	83 9
22	85 9
22	79 40
22	84 10
22	84 11
22	83 11
22	85 11
22	79 32
22	84 12
22	84 13
22	83 13
22	85 12
22	79 107
22	83 13
22	85 13
22	79 36
22	84 14
22	83 14
22	85 14
22	79 33
22	84 15
22	84 16
22	83 16
22	85 16
22	79 27
22	84 17
22	84 18
22	83 18
22	85 17
22	79 111
22	84 19
22	83 19
22	85 19
22	79 28
22	84 20
22	84 1
22	83 1
22	85 20
22	79 108
22	83 1
22	85 1
22	79 37
22	84 2
22	84 3
22	83 3
22	85 3
22	79 31
22	84 4
22	84 5
22	83 5
22	85 4
22	79 102
22	83 5
22	85 5
22	79 31
22	84 6
22	83 6
22	85 6
22	79 39
22	84 7
22	84 8
22	83 8
22	85 8
22	79 28
22	84 9
22	84 10
22	83 10
22	85 9
22	79 110
22	83 10
22	85 10
22	79 40
22	84 11
22	84 12
22	83 12
22	85 12
22	79 23
22	84 13
22	84 14
22	83 14
22	85 13
22	79 114
22	83 14
22	85 14
22	79 42
22	84 15
22	84 16
22	83 16
22	85 16
22	79 29
22	84 17
22	84 18
22	84 19
22	83 19
22	85 18
22	79 105
22	83 19
22	85 17
22	79 193
22	83 19
22	85 19
22	79 43
22	84 20
22	83 20
22	85 20
22	79 35
22	84 1
22	84 2
22	83 2
22	85 2
22	79 25
22	84 3
22	84 4
22	83 4
22	85 3
22	79 121
22	84 5
22	84 6
22	83 6
22	85 4
22	79 187
22	84 7
22	83 7
22	85 6
22	79 131
22	83 7
22	85 7
22	79 58
22	84 8
22	84 9
22	84 10
22	84 11
22	83 11
22	85 10
22	79 119
22	83 11
22	85 9
22	79 208
22	83 11
22	85 11
22	79 54
22	84 12
22	84 13
22	83 13
22	85 12
22	79 110
22	84 14
22	83 14
22	85 14
22	79 28
22	84 15
22	84 16
22	83 16
22	85 15
22	79 103
22	83 16
22	85 16
22	79 40
22	84 17
22	84 18
22	83 18
22	85 18
22	79 27
22	84 19
22	84 20
22	83 20
22	85 19
22	79 128
22	84 1
22	84 2
22	84 3
22	83 3
22	85 20
22	79 267
22	83 3
22	85 2
22	79 114
22	84 4
22	83 4
22	85 3
22	79 117
22	83 4
22	85 4
22	79 45
22	84 5
22	84 6
22	84 7
22	84 8
22	83 8
22	85 6
22	79 186
22	83 8
22	85 7
22	79 113
22	83 8
22	85 8
22	79 41
22	84 9
22	84 10
22	83 10
22	85 10
22	79 23
22	84 11
22	84 12
22	83 12
22	85 11
22	79 113
22	83 12
22	85 12
22	79 41
22	84 13
22	83 13
22	85 13
22	79 46
22	84 14
22	84 15
22	84 16
22	83 16
22	85 16
22	79 30
22	84 17
22	83 17
22	85 15
22	79 200
22	83 17
22	85 17
22	79 49
22	84 18
22	84 19
22	83 19
22	85 18
22	79 105
22	84 20
22	84 1
22	83 1
22	85 1
22	79 28
22	84 2
22	83 2
22	85 20
22	79 188
22	83 2
22	85 2
22	79 40
22	84 3
22	84 4
22	83 4
22	85 3
22	79 105
22	83 4
22	85 4
22	79 34
22	84 5
22	84 6
22	83 6
22	85 6
22	79 24
22	84 7
22	84 8
22	83 8
22	85 7
22	79 108
22	83 8
22	85 8
22	79 54
22	84 9
22	84 10
22	83 10
22	85 10
22	79 23
22	84 11
22	84 12
22	83 12
22	85 11
22	79 105
22	83 12
22	85 12
22	79 33
22	84 13
22	84 14
22	83 14
22	85 14
22	79 36
22	84 15
22	83 15
22	85 15
22	79 34
22	84 16
22	84 17
22	83 17
22	85 16
22	79 110
22	83 17
22	85 17
22	79 44
22	84 18
22	83 18
22	85 18
22	79 35
22	84 19
22	84 20
22	84 1
22	83 1
22	85 1
22	79 23
22	84 2
22	83 2
22	85 20
22	79 188
22	83 2
22	85 2
22	79 36
22	84 3
22	84 4
22	83 4
22	85 3
22	79 108
22	83 4
22	85 4
22	79 40
22	84 5
22	84 6
22	83 6
22	85 6
22	79 24
22	84 7
22	84 8
22	83 8
22	85 7
22	79 101
22	83 8
22	85 8
22	79 31
22	84 9
22	83 9
22	85 9
22	79 48
22	84 10
22	84 11
22	83 11
22	85 11
22	79 35
22	84 12
22	84 13
22	83 13
22	85 12
22	79 108
22	83 13
22	85 13
22	79 35
22	84 14
22	83 14
22	85 14
22	79 33
22	84 15
22	84 16
22	83 16
22	85 16
22	79 25
22	84 17
22	84 18
22	83 18
22	85 17
22	79 111
22	84 19
22	83 19
22	85 19
22	79 29
22	84 20
22	84 1
22	83 1
22	85 20
22	79 103
22	83 1
22	85 1
22	79 34
22	84 2
22	83 2
22	85 2
22	79 37
22	84 3
22	84 4
22	83 4
22	85 4
22	79 30
22	84 5
22	84 6
22	83 6
22	85 5
22	79 105
22	83 6
22	85 6
22	79 36
22	84 7
22	84 8
22	83 8
22	85 8
22	79 24
22	84 9
22	84 10
22	83 10
22	85 9
22	79 107
22	83 10
22	85 10
22	79 33
22	84 11
22	83 11
22	85 11
22	79 27
22	84 12
22	84 13
22	83 13
22	85 13
22	79 22
22	84 14
22	84 15
22	83 15
22	85 14
22	79 105
22	83 15
22	85 15
22	79 36
22	84 16
22	83 16
22	85 16
22	79 37
22	84 17
22	84 18
22	83 18
22	85 18
22	79 30
22	84 19
22	84 20
22	83 20
22	85 19
22	79 109
22	83 20
22	85 20
22	79 37
22	84 1
22	84 2
22	83 2
22	85 2
22	79 28
22	84 3
22	84 4
22	83 4
22	85 3
22	79 110
22	83 4
22	85 4
22	79 47
22	84 5
22	83 5
22	85 5
22	79 50
22	84 6
22	84 7
22	84 8
22	83 8
22	85 8
22	79 27
22	84 9
22	83 9
22	85 7
22	79 195
22	83 9
22	85 9
22	79 46
22	84 10
22	84 11
22	83 11
22	85 10
22	79 102
22	84 12
22	84 13
22	84 14
22	83 14
22	85 13
22	79 104
22	83 14
22	85 12
22	79 193
22	83 14
22	85 14
22	79 40
22	84 15
22	84 16
22	83 16
22	85 16
22	79 24
22	84 17
22	84 18
22	84 19
22	83 19
22	85 18
22	79 108
22	83 19
22	85 17
22	79 204
22	83 19
22	85 19
22	79 53
22	84 20
22	84 1
22	84 2
22	83 2
22	85 20
22	79 185
22	84 3
22	83 3
22	85 2
22	79 137
22	84 4
22	84 5
22	83 5
22	85 3
22	79 191
22	83 5
22	85 5
22	79 39
22	84 6
22	84 7
22	83 7
22	85 6
22	79 105
22	83 7
22	85 7
22	79 36
22	84 8
22	84 9
22	83 9
22	85 9
22	79 24
22	84 10
22	84 11
22	83 11
22	85 10
22	79 105
22	83 11
22	85 11
22	79 33
22	84 12
22	84 13
22	84 14
22	83 14
22	85 12
22	79 188
22	83 14
22	85 14
22	79 34
22	84 15
22	84 16
22	83 16
22	85 15
22	79 104
22	83 16
22	85 16
22	79 34
22	84 17
22	83 17
22	85 17
22	79 38
22	84 18
22	84 19
22	83 19
22	85 19
22	79 28
22	84 20
22	84 1
22	83 1
22	85 20
22	79 104
22	83 1
22	85 1
22	79 40
22	84 2
22	83 2
22	85 2
22	79 33
22	84 3
22	84 4
22	83 4
22	85 4
22	79 26
22	84 5
22	84 6
22	83 6
22	85 5
22	79 108
22	83 6
22	85 6
22	79 56
22	84 7
22	84 8
22	84 9
22	83 9
22	85 8
22	79 117
22	83 9
22	85 9
22	79 45
22	84 10
22	TEST_NUMBER 5
22	SENT_TOTAL 250
22	RECEIVED_TOTAL 195
22	TIME_TOTAL 19781
22	RECEIVED_RADIO_1 196
22	RECEIVED_RADIO_2 0
22	SENT_RADIO_1 112
22	SENT_RADIO_2 139
22	RADIO_TIME_1 19843
22	RADIO_TIME_2 19759
22	RETRANSMISSIONS_1 30
22	RETRANSMISSIONS_2 0
22	DROPPED_1 0
22	DROPPED_2 0
22	MAX_QUEUE 1
22	DUPLICATED_1 10
22	DUPLICATED_2 0
22	EBUSY_RADIO_1 0
22	EBUSY_RADIO_2 0
22	83 0
22	85 10
22	86 5
22	84 1
22	84 2
22	84 3
22	83 3
22	85 3
22	79 25
22	84 4
22	83 4
22	85 2
22	79 195
22	83 4
22	85 4
22	79 46
22	84 5
22	84 6
22	83 6
22	85 5
22	79 107
22	83 6
22	85 6
22	79 35
22	84 7
22	84 8
22	83 8
22	85 8
22	79 28
22	84 9
22	84 10
22	83 10
22	85 9
22	79 111
22	84 11
22	83 11
22	85 11
22	79 31
22	84 12
22	84 13
22	83 13
22	85 12
22	79 102
22	83 13
22	85 13
22	79 32
22	84 14
22	83 14
22	85 14
22	79 33
22	84 15
22	84 16
22	83 16
22	85 16
22	79 29
22	84 17
22	84 18
22	83 18
22	85 17
22	79 111
22	84 19
22	83 19
22	85 19
22	79 27
22	84 20
22	84 1
22	83 1
22	85 20
22	79 111
22	83 1
22	85 1
22	79 44
22	84 2
22	84 3
22	83 3
22	85 3
22	79 27
22	84 4
22	84 5
22	83 5
22	85 4
22	79 130
22	84 6
22	84 7
22	83 7
22	85 5
22	79 190
22	83 7
22	85 7
22	79 35
22	84 8
22	84 9
22	83 9
22	85 8
22	79 105
22	83 9
22	85 9
22	79 37
22	84 10
22	84 11
22	84 12
22	83 12
22	85 10
22	79 188
22	84 13
22	83 13
22	85 12
22	79 108
22	83 13
22	85 13
22	79 38
22	84 14
22	83 14
22	85 14
22	79 46
22	84 15
22	84 16
22	83 16
22	85 16
22	79 27
22	84 17
22	84 18
22	83 18
22	85 17
22	79 113
22	84 19
22	83 19
22	85 19
22	79 31
22	84 20
22	84 1
22	83 1
22	85 20
22	79 124
22	84 2
22	84 3
22	83 3
22	85 1
22	79 188
22	83 3
22	85 3
22	79 40
22	84 4
22	84 5
22	83 5
22	85 4
22	79 108
22	83 5
22	85 5
22	79 39
22	84 6
22	84 7
22	83 7
22	85 7
22	79 29
22	84 8
22	84 9
22	83 9
22	85 8
22	79 111
22	83 9
22	85 9
22	79 51
22	84 10
22	83 10
22	85 10
22	79 37
22	84 11
22	84 12
22	83 12
22	85 12
22	79 27
22	84 13
22	84 14
22	83 14
22	85 13
22	79 112
22	83 14
22	85 14
22	79 60
22	84 15
22	84 16
22	83 16
22	85 16
22	79 26
22	84 17
22	84 18
22	83 18
22	85 17
22	79 106
22	83 18
22	85 18
22	79 34
22	84 19
22	83 19
22	85 19
22	79 31
22	84 20
22	84 1
22	83 1
22	85 1
22	79 31
22	84 2
22	84 3
22	83 3
22	85 2
22	79 102
22	83 3
22	85 3
22	79 32
22	84 4
22	83 4
22	85 4
22	79 31
22	84 5
22	84 6
22	83 6
22	85 6
22	79 22
22	84 7
22	84 8
22	83 8
22	85 7
22	79 107
22	83 8
22	85 8
22	79 36
22	84 9
22	83 9
22	85 9
22	79 35
22	84 10
22	84 11
22	83 11
22	85 11
22	79 30
22	84 12
22	84 13
22	83 13
22	85 12
22	79 109
22	83 13
22	85 13
22	79 45
22	84 14
22	84 15
22	83 15
22	85 15
22	79 24
22	84 16
22	84 17
22	83 17
22	85 16
22	79 107
22	83 17
22	85 17
22	79 33
22	84 18
22	83 18
22	85 18
22	79 33
22	84 19
22	84 20
22	83 20
22	85 20
22	79 29
22	84 1
22	84 2
22	83 2
22	85 1
22	79 107
22	83 2
22	85 2
22	79 41
22	84 3
22	83 3
22	85 3
22	79 39
22	84 4
22	84 5
22	83 5
22	85 5
22	79 31
22	84 6
22	84 7
22	83 7
22	85 6
22	79 113
22	83 7
22	85 7
22	79 41
22	84 8
22	84 9
22	83 9
22	85 9
22	79 39
22	84 10
22	83 10
22	85 10
22	79 31
22	84 11
22	84 12
22	83 12
22	85 11
22	79 109
22	83 12
22	85 12
22	79 38
22	84 13
22	83 13
22	85 13
22	79 34
22	84 14
22	84 15
22	83 15
22	85 15
22	79 27
22	84 16
22	84 17
22	83 17
22	85 16
22	79 105
22	83 17
22	85 17
22	79 32
22	84 18
22	83 18
22	85 18
22	79 49
22	84 19
22	84 20
22	83 20
22	85 20
22	79 23
22	84 1
22	84 2
22	83 2
22	85 1
22	79 107
22	83 2
22	85 2
22	79 36
22	84 3
22	83 3
22	85 3
22	79 36
22	84 4
22	84 5
22	83 5
22	85 5
22	79 27
22	84 6
22	84 7
22	83 7
22	85 6
22	79 106
22	83 7
22	85 7
22	79 34
22	84 8
22	84 9
22	83 9
22	85 9
22	79 32
22	84 10
22	84 11
22	83 11
22	85 10
22	79 128
22	84 12
22	84 13
22	83 13
22	85 11
22	79 199
22	84 14
22	83 14
22	85 13
22	79 104
22	83 14
22	85 14
22	79 31
22	84 15
22	83 15
22	85 15
22	79 54
22	84 16
22	84 17
22	84 18
22	83 18
22	85 16
22	79 193
22	83 18
22	85 18
22	79 42
22	84 19
22	84 20
22	83 20
22	85 19
22	79 104
22	84 1
22	84 2
22	83 2
22	85 2
22	79 24
22	84 3
22	83 3
22	85 1
22	79 204
22	84 4
22	83 4
22	85 3
22	79 110
22	83 4
22	85 4
22	79 47
22	84 5
22	84 6
22	84 7
22	83 7
22	85 7
22	79 22
22	84 8
22	83 8
22	85 6
22	79 194
22	83 8
22	85 8
22	79 43
22	84 9
22	84 10
22	83 10
22	85 9
22	79 110
22	84 11
22	83 11
22	85 11
22	79 28
22	84 12
22	84 13
22	83 13
22	85 12
22	79 104
22	83 13
22	85 13
22	79 32
22	84 14
22	83 14
22	85 14
22	79 39
22	84 15
22	84 16
22	83 16
22	85 16
22	79 23
22	84 17
22	84 18
22	84 19
22	83 19
22	85 18
22	79 102
22	83 19
22	85 17
22	79 190
22	83 19
22	85 19
22	79 37
22	84 20
22	83 20
22	85 20
22	79 34
22	84 1
22	84 2
22	84 3
22	83 3
22	85 3
22	79 27
22	84 4
22	83 4
22	85 2
22	79 198
22	83 4
22	85 4
22	79 46
22	84 5
22	84 6
22	83 6
22	85 5
22	79 101
22	84 7
22	83 7
22	85 7
22	79 26
22	84 8
22	84 9
22	83 9
22	85 8
22	79 106
22	83 9
22	85 9
22	79 33
22	84 10
22	83 10
22	85 10
22	79 43
22	84 11
22	84 12
22	83 12
22	85 12
22	79 32
22	84 13
22	84 14
22	83 14
22	85 13
22	79 111
22	83 14
22	85 14
22	79 49
22	84 15
22	84 16
22	83 16
22	85 16
22	79 24
22	84 17
22	84 18
22	83 18
22	85 17
22	79 103
22	83 18
22	85 18
22	79 52
22	84 19
22	84 20
22	83 20
22	85 20
22	79 30
22	84 1
22	84 2
22	83 2
22	85 1
22	79 114
22	83 2
22	85 2
22	79 42
22	84 3
22	83 3
22	85 3
22	79 27
22	84 4
22	84 5
22	83 5
22	85 5
22	79 30
22	84 6
22	84 7
22	83 7
22	85 6
22	79 105
22	83 7
22	85 7
22	79 43
22	84 8
22	84 9
22	84 10
22	84 11
22	83 11
22	85 9
22	79 182
22	83 11
22	85 10
22	79 108
22	83 11
22	85 11
22	79 35
22	84 12
22	83 12
22	85 12
22	79 47
22	84 13
22	84 14
22	83 14
22	85 14
22	79 25
22	84 15
22	84 16
22	83 16
22	85 15
22	79 109
22	83 16
22	85 16
22	79 41
22	84 17
22	84 18
22	83 18
22	85 18
22	79 28
22	84 19
22	84 20
22	83 20
22	85 19
22	79 110
22	84 1
22	83 1
22	85 1
22	79 26
22	84 2
22	84 3
22	83 3
22	85 2
22	79 111
22	84 4
22	83 4
22	85 4
22	79 31
22	84 5
22	84 6
22	83 6
22	85 5
22	79 114
22	83 6
22	85 6
22	79 52
22	84 7
22	84 8
22	83 8
22	85 8
22	79 27
22	84 9
22	84 10
22	83 10
22	85 9
22	79 123
22	83 10
22	85 10
22	79 49
22	84 11
22	83 11
22	85 11
22	79 35
22	84 12
22	84 13
22	83 13
22	85 13
22	79 27
22	84 14
22	84 15
22	83 15
22	85 14
22	79 105
22	83 15
22	85 15
22	79 33
22	84 16
22	83 16
22	85 16
22	79 41
22	84 17
22	84 18
22	84 19
22	83 19
22	85 17
22	79 190
22	83 19
22	85 19
22	79 35
22	84 20
22	84 1
22	83 1
22	85 20
22	79 111
22	83 1
22	85 1
22	79 40
22	84 2
22	84 3
22	83 3
22	85 3
22	79 24
22	84 4
22	84 5
22	84 6
22	83 6
22	85 5
22	79 105
22	83 6
22	85 4
22	79 195
22	83 6
22	85 6
22	79 44
22	84 7
22	84 8
22	83 8
22	85 8
22	79 26
22	84 9
22	84 10
22	83 10
22	85 9
22	79 103
22	83 10
22	85 10
22	79 29
22	84 11
22	83 11
22	85 11
22	79 46
22	84 12
22	84 13
22	83 13
22	85 13
22	79 27
22	84 14
22	84 15
22	83 15
22	85 14
22	79 108
22	83 15
22	85 15
22	79 49
22	84 16
22	84 17
22	83 17
22	85 17
22	79 28
22	84 18
22	84 19
22	83 19
22	85 18
22	79 126
22	84 20
22	84 1
22	83 1
22	85 19
22	79 192
22	84 2
22	84 3
22	83 3
22	85 1
22	79 190
22	83 3
22	85 2
22	79 119
22	84 4
22	83 4
22	85 4
22	79 27
22	84 5
22	84 6
22	83 6
22	85 5
22	79 109
22	83 6
22	85 6
22	79 40
22	84 7
22	83 7
22	85 7
22	79 33
22	84 8
22	84 9
22	83 9
22	85 9
22	79 28
22	84 10
22	84 11
22	83 11
22	85 10
22	79 104
22	83 11
22	85 11
22	79 35
22	84 12
22	84 13
22	83 13
22	85 13
22	79 45
22	84 14
22	83 14
22	85 14
22	79 42
22	84 15
22	84 16
22	83 16
22	85 15
22	79 105
22	83 16
22	85 16
22	79 33
22	84 17
22	83 17
22	85 17
22	79 37
22	84 18
22	84 19
22	83 19
22	85 19
22	79 35
22	84 20
22	84 1
22	83 1
22	85 20
22	79 107
22	83 1
22	85 1
22	79 34
22	84 2
22	84 3
22	83 3
22	85 3
22	79 27
22	84 4
22	84 5
22	83 5
22	85 4
22	79 107
22	83 5
22	85 5
22	79 35
22	84 6
22	83 6
22	85 6
22	79 44
22	84 7
22	84 8
22	83 8
22	85 8
22	79 25
22	84 9
22	84 10
22	TEST_NUMBER 6
22	SENT_TOTAL 250
22	RECEIVED_TOTAL 192
22	TIME_TOTAL 29618
22	RECEIVED_RADIO_1 193
22	RECEIVED_RADIO_2 0
22	SENT_RADIO_1 118
22	SENT_RADIO_2 132
22	RADIO_TIME_1 29673
22	RADIO_TIME_2 19843
22	RETRANSMISSIONS_1 16
22	RETRANSMISSIONS_2 0
22	DROPPED_1 0
22	DROPPED_2 0
22	MAX_QUEUE 1
22	DUPLICATED_1 15
22	DUPLICATED_2 0
22	EBUSY_RADIO_1 0
22	EBUSY_RADIO_2 0
22	83 0
22	85 9
22	86 6
22	83 0
22	85 10
22	86 6

25	DESTINATION_NODE 25
25	TEST_NUMBER 0
25	SENT_TOTAL 243
25	RECEIVED_TOTAL 243
25	TIME_TOTAL 19293
25	RECEIVED_RADIO_1 132
25	RECEIVED_RADIO_2 111
25	SENT_RADIO_1 0
25	SENT_RADIO_2 188
25	RADIO_TIME_1 19293
25	RADIO_TIME_2 19293
25	RETRANSMISSIONS_1 539
25	RETRANSMISSIONS_2 1
25	DROPPED_1 54
25	DROPPED_2 0
25	MAX_QUEUE 2
25	DUPLICATED_1 0
25	DUPLICATED_2 0
25	EBUSY_RADIO_1 0
25	EBUSY_RADIO_2 0
25	86 0
25	86 0
25	86 0
25	86 0
25	86 0
25	86 0
25	86 0
25	TEST_NUMBER 1
25	SENT_TOTAL 250
25	RECEIVED_TOTAL 243
25	TIME_TOTAL 29810
25	RECEIVED_RADIO_1 136
25	RECEIVED_RADIO_2 114
25	SENT_RADIO_1 0
25	SENT_RADIO_2 194
25	RADIO_TIME_1 29810
25	RADIO_TIME_2 29811
25	RETRANSMISSIONS_1 558
25	RETRANSMISSIONS_2 3
25	DROPPED_1 56
25	DROPPED_2 0
25	MAX_QUEUE 2
25	DUPLICATED_1 0
25	DUPLICATED_2 0
25	EBUSY_RADIO_1 0
25	EBUSY_RADIO_2 0
25	86 1
25	86 1
25	86 1
25	86 1
25	86 1
25	86 1
25	86 1
25	TEST_NUMBER 2
25	SENT_TOTAL 250
25	RECEIVED_TOTAL 243
25	TIME_TOTAL 29805
25	RECEIVED_RADIO_1 134
25	RECEIVED_RADIO_2 116
25	SENT_RADIO_1 0
25	SENT_RADIO_2 193
25	RADIO_TIME_1 29861
25	RADIO_TIME_2 29805
25	RETRANSMISSIONS_1 566
25	RETRANSMISSIONS_2 2
25	DROPPED_1 56
25	DROPPED_2 0
25	MAX_QUEUE 2
25	DUPLICATED_1 0
25	DUPLICATED_2 0
25	EBUSY_RADIO_1 0
25	EBUSY_RADIO_2 0
25	86 2
25	86 2
25	86 2
25	86 2
25	86 2
25	86 2
25	86 2
25	TEST_NUMBER 3
25	SENT_TOTAL 250
25	RECEIVED_TOTAL 243
25	TIME_TOTAL 29801
25	RECEIVED_RADIO_1 138
25	RECEIVED_RADIO_2 112
25	SENT_RADIO_1 0
25	SENT_RADIO_2 191
25	RADIO_TIME_1 29876
25	RADIO_TIME_2 29727
25	RETRANSMISSIONS_1 586
25	RETRANSMISSIONS_2 6
25	DROPPED_1 59
25	DROPPED_2 0
25	MAX_QUEUE 2
25	DUPLICATED_1 0
25	DUPLICATED_2 0
25	EBUSY_RADIO_1 0
25	EBUSY_RADIO_2 0
25	86 3
25	86 3
25	86 3
25	86 3
25	86 3
25	86 3
25	86 3
25	TEST_NUMBER 4
25	SENT_TOTAL 249
25	RECEIVED_TOTAL 242
25	TIME_TOTAL 29722
25	RECEIVED_RADIO_1 138
25	RECEIVED_RADIO_2 111
25	SENT_RADIO_1 0
25	SENT_RADIO_2 192
25	RADIO_TIME_1 29818
25	RADIO_TIME_2 29792
25	RETRANSMISSIONS_1 572
25	RETRANSMISSIONS_2 8
25	DROPPED_1 58
25	DROPPED_2 0
25	MAX_QUEUE 2
25	DUPLICATED_1 0
25	DUPLICATED_2 0
25	EBUSY_RADIO_1 0
25	EBUSY_RADIO_2 0
25	86 4
25	86 4
25	86 4
25	86 4
25	86 4
25	86 4
25	86 4
25	86 4
25	TEST_NUMBER 5
25	SENT_TOTAL 251
25	RECEIVED_TOTAL 243
25	TIME_TOTAL 29807
25	RECEIVED_RADIO_1 138
25	RECEIVED_RADIO_2 113
25	SENT_RADIO_1 0
25	SENT_RADIO_2 196
25	RADIO_TIME_1 29807
25	RADIO_TIME_2 29807
25	RETRANSMISSIONS_1 548
25	RETRANSMISSIONS_2 2
25	DROPPED_1 55
25	DROPPED_2 0
25	MAX_QUEUE 2
25	DUPLICATED_1 0
25	DUPLICATED_2 0
25	EBUSY_RADIO_1 0
25	EBUSY_RADIO_2 0
25	86 5
25	86 5
25	86 5
25	86 5
25	86 5
25	86 5
25	86 5
25	TEST_NUMBER 6
25	SENT_TOTAL 250
25	RECEIVED_TOTAL 243
25	TIME_TOTAL 29805
25	RECEIVED_RADIO_1 133
25	RECEIVED_RADIO_2 117
25	SENT_RADIO_1 0
25	SENT_RADIO_2 194
25	RADIO_TIME_1 29729
25	RADIO_TIME_2 29805
25	RETRANSMISSIONS_1 558
25	RETRANSMISSIONS_2 2
25	DROPPED_1 56
25	DROPPED_2 0
25	MAX_QUEUE 2
25	DUPLICATED_1 0
25	DUPLICATED_2 0
25	EBUSY_RADIO_1 0
25	EBUSY_RADIO_2 0
25	86 6
25	86 6
25	86 6
25	86 6
25	86 6
25	86 6
25	86 6

46	RELAY_NODE 46
46	TEST_NUMBER 0
46	SENT_TOTAL 0
46	RECEIVED_TOTAL 0
46	TIME_TOTAL 0
46	RECEIVED_RADIO_1 0
46	RECEIVED_RADIO_2 131
46	SENT_RADIO_1 130
46	SENT_RADIO_2 0
46	RADIO_TIME_1 18968
46	RADIO_TIME_2 18968
46	RETRANSMISSIONS_1 0
46	RETRANSMISSIONS_2 0
46	DROPPED_1 0
46	DROPPED_2 0
46	MAX_QUEUE 1
46	DUPLICATED_1 0
46	DUPLICATED_2 0
46	EBUSY_RADIO_1 0
46	EBUSY_RADIO_2 0
46	TEST_NUMBER 1
46	SENT_TOTAL 0
46	RECEIVED_TOTAL 0
46	TIME_TOTAL 0
46	RECEIVED_RADIO_1 0
46	RECEIVED_RADIO_2 135
46	SENT_RADIO_1 136
46	SENT_RADIO_2 0
46	RADIO_TIME_1 29645
46	RADIO_TIME_2 29645
46	RETRANSMISSIONS_1 0
46	RETRANSMISSIONS_2 0
46	DROPPED_1 0
46	DROPPED_2 0
46	MAX_QUEUE 1
46	DUPLICATED_1 0
46	DUPLICATED_2 0
46	EBUSY_RADIO_1 0
46	EBUSY_RADIO_2 0
46	TEST_NUMBER 2
46	SENT_TOTAL 0
46	RECEIVED_TOTAL 0
46	TIME_TOTAL 0
46	RECEIVED_RADIO_1 0
46	RECEIVED_RADIO_2 134
46	SENT_RADIO_1 134
46	SENT_RADIO_2 0
46	RADIO_TIME_1 29723
46	RADIO_TIME_2 29723
46	RETRANSMISSIONS_1 1
46	RETRANSMISSIONS_2 0
46	DROPPED_1 0
46	DROPPED_2 0
46	MAX_QUEUE 1
46	DUPLICATED_1 0
46	DUPLICATED_2 0
46	EBUSY_RADIO_1 0
46	EBUSY_RADIO_2 0
46	TEST_NUMBER 3
46	SENT_TOTAL 0
46	RECEIVED_TOTAL 0
46	TIME_TOTAL 0
46	RECEIVED_RADIO_1 0
46	RECEIVED_RADIO_2 138
46	SENT_RADIO_1 138
46	SENT_RADIO_2 0
46	RADIO_TIME_1 29725
46	RADIO_TIME_2 29725
46	RETRANSMISSIONS_1 0
46	RETRANSMISSIONS_2 0
46	DROPPED_1 0
46	DROPPED_2 0
46	MAX_QUEUE 1
46	DUPLICATED_1 0
46	DUPLICATED_2 0
46	EBUSY_RADIO_1 0
46	EBUSY_RADIO_2 0
46	TEST_NUMBER 4
46	SENT_TOTAL 0
46	RECEIVED_TOTAL 0
46	TIME_TOTAL 0
46	RECEIVED_RADIO_1 0
46	RECEIVED_RADIO_2 138
46	SENT_RADIO_1 138
46	SENT_RADIO_2 0
46	RADIO_TIME_1 29724
46	RADIO_TIME_2 29724
46	RETRANSMISSIONS_1 0
46	RETRANSMISSIONS_2 0
46	DROPPED_1 0
46	DROPPED_2 0
46	MAX_QUEUE 1
46	DUPLICATED_1 0
46	DUPLICATED_2 0
46	EBUSY_RADIO_1 0
46	EBUSY_RADIO_2 0
46	TEST_NUMBER 5
46	SENT_TOTAL 0
46	RECEIVED_TOTAL 0
46	TIME_TOTAL 0
46	RECEIVED_RADIO_1 0
46	RECEIVED_RADIO_2 138
46	SENT_RADIO_1 138
46	SENT_RADIO_2 0
46	RADIO_TIME_1 29641
46	RADIO_TIME_2 29641
46	RETRANSMISSIONS_1 0
46	RETRANSMISSIONS_2 0
46	DROPPED_1 0
46	DROPPED_2 0
46	MAX_QUEUE 1
46	DUPLICATED_1 0
46	DUPLICATED_2 0
46	EBUSY_RADIO_1 0
46	EBUSY_RADIO_2 0
46	TEST_NUMBER 6
46	SENT_TOTAL 0
46	RECEIVED_TOTAL 0
46	TIME_TOTAL 0
46	RECEIVED_RADIO_1 0
46	RECEIVED_RADIO_2 134
46	SENT_RADIO_1 133
46	SENT_RADIO_2 0
46	RADIO_TIME_1 29881
46	RADIO_TIME_2 29881
46	RETRANSMISSIONS_1 0
46	RETRANSMISSIONS_2 0
46	DROPPED_1 0
46	DROPPED_2 0
46	MAX_QUEUE 1
46	DUPLICATED_1 0
46	DUPLICATED_2 0
46	EBUSY_RADIO_1 0
46	EBUSY_RADIO_2 0

47	RELAY_NODE 47
47	TEST_NUMBER 0
47	SENT_TOTAL 0
47	RECEIVED_TOTAL 0
47	TIME_TOTAL 0
47	RECEIVED_RADIO_1 113
47	RECEIVED_RADIO_2 192
47	SENT_RADIO_1 192
47	SENT_RADIO_2 113
47	RADIO_TIME_1 19794
47	RADIO_TIME_2 19794
47	RETRANSMISSIONS_1 13
47	RETRANSMISSIONS_2 0
47	DROPPED_1 0
47	DROPPED_2 0
47	MAX_QUEUE 1
47	DUPLICATED_1 0
47	DUPLICATED_2 1
47	EBUSY_RADIO_1 0
47	EBUSY_RADIO_2 0
47	TEST_NUMBER 1
47	SENT_TOTAL 0
47	RECEIVED_TOTAL 0
47	TIME_TOTAL 0
47	RECEIVED_RADIO_1 116
47	RECEIVED_RADIO_2 196
47	SENT_RADIO_1 196
47	SENT_RADIO_2 116
47	RADIO_TIME_1 19874
47	RADIO_TIME_2 19861
47	RETRANSMISSIONS_1 18
47	RETRANSMISSIONS_2 0
47	DROPPED_1 0
47	DROPPED_2 0
47	MAX_QUEUE 2
47	DUPLICATED_1 0
47	DUPLICATED_2 3
47	EBUSY_RADIO_1 0
47	EBUSY_RADIO_2 0
47	TEST_NUMBER 2
47	SENT_TOTAL 0
47	RECEIVED_TOTAL 0
47	TIME_TOTAL 0
47	RECEIVED_RADIO_1 115
47	RECEIVED_RADIO_2 193
47	SENT_RADIO_1 193
47	SENT_RADIO_2 115
47	RADIO_TIME_1 19778
47	RADIO_TIME_2 19778
47	RETRANSMISSIONS_1 18
47	RETRANSMISSIONS_2 0
47	DROPPED_1 0
47	DROPPED_2 0
47	MAX_QUEUE 1
47	DUPLICATED_1 0
47	DUPLICATED_2 2
47	EBUSY_RADIO_1 0
47	EBUSY_RADIO_2 0
47	TEST_NUMBER 3
47	SENT_TOTAL 0
47	RECEIVED_TOTAL 0
47	TIME_TOTAL 0
47	RECEIVED_RADIO_1 112
47	RECEIVED_RADIO_2 191
47	SENT_RADIO_1 191
47	SENT_RADIO_2 112
47	RADIO_TIME_1 19860
47	RADIO_TIME_2 19860
47	RETRANSMISSIONS_1 30
47	RETRANSMISSIONS_2 0
47	DROPPED_1 0
47	DROPPED_2 0
47	MAX_QUEUE 2
47	DUPLICATED_1 3
47	DUPLICATED_2 6
47	EBUSY_RADIO_1 0
47	EBUSY_RADIO_2 0
47	TEST_NUMBER 4
47	SENT_TOTAL 0
47	RECEIVED_TOTAL 0
47	TIME_TOTAL 0
47	RECEIVED_RADIO_1 111
47	RECEIVED_RADIO_2 191
47	SENT_RADIO_1 191
47	SENT_RADIO_2 111
47	RADIO_TIME_1 19611
47	RADIO_TIME_2 19611
47	RETRANSMISSIONS_1 30
47	RETRANSMISSIONS_2 0
47	DROPPED_1 0
47	DROPPED_2 0
47	MAX_QUEUE 2
47	DUPLICATED_1 0
47	DUPLICATED_2 9
47	EBUSY_RADIO_1 0
47	EBUSY_RADIO_2 0
47	TEST_NUMBER 5
47	SENT_TOTAL 0
47	RECEIVED_TOTAL 0
47	TIME_TOTAL 0
47	RECEIVED_RADIO_1 113
47	RECEIVED_RADIO_2 197
47	SENT_RADIO_1 197
47	SENT_RADIO_2 113
47	RADIO_TIME_1 19955
47	RADIO_TIME_2 19950
47	RETRANSMISSIONS_1 19
47	RETRANSMISSIONS_2 0
47	DROPPED_1 0
47	DROPPED_2 0
47	MAX_QUEUE 2
47	DUPLICATED_1 1
47	DUPLICATED_2 1
47	EBUSY_RADIO_1 0
47	EBUSY_RADIO_2 0
47	TEST_NUMBER 6
47	SENT_TOTAL 0
47	RECEIVED_TOTAL 0
47	TIME_TOTAL 0
47	RECEIVED_RADIO_1 117
47	RECEIVED_RADIO_2 194
47	SENT_RADIO_1 194
47	SENT_RADIO_2 117
47	RADIO_TIME_1 19691
47	RADIO_TIME_2 19691
47	RETRANSMISSIONS_1 18
47	RETRANSMISSIONS_2 0
47	DROPPED_1 0
47	DROPPED_2 0
47	MAX_QUEUE 2
47	DUPLICATED_1 0
47	DUPLICATED_2 2
47	EBUSY_RADIO_1 0
47	EBUSY_RADIO_2 0
