
3	DESTINATION_NODE 3
3	TEST_NUMBER 0
3	SENT_TOTAL 224
3	RECEIVED_TOTAL 224
3	TIME_TOTAL 17776
3	RECEIVED_RADIO_1 116
3	RECEIVED_RADIO_2 108
3	SENT_RADIO_1 112
3	SENT_RADIO_2 112
3	RADIO_TIME_1 17777
3	RADIO_TIME_2 17776
3	RETRANSMISSIONS_1 1
3	RETRANSMISSIONS_2 0
3	DROPPED_1 0
3	DROPPED_2 0
3	MAX_QUEUE 1
3	DUPLICATED_1 3
3	DUPLICATED_2 0
3	EBUSY_RADIO_1 0
3	EBUSY_RADIO_2 0
3	86 0
3	86 0
3	86 0
3	86 0
3	86 0
3	86 0
3	86 0
3	86 0
3	86 0
3	86 0
3	86 0
3	86 0
3	86 0
3	86 0
3	86 0
3	86 0
3	86 0
3	86 0
3	86 0
3	86 0
3	86 0
3	86 0
3	86 0
3	86 0
3	86 0
3	86 0
3	TEST_NUMBER 1
3	SENT_TOTAL 250
3	RECEIVED_TOTAL 224
3	TIME_TOTAL 29794
3	RECEIVED_RADIO_1 127
3	RECEIVED_RADIO_2 123
3	SENT_RADIO_1 125
3	SENT_RADIO_2 125
3	RADIO_TIME_1 29794
3	RADIO_TIME_2 29794
3	RETRANSMISSIONS_1 0
3	RETRANSMISSIONS_2 1
3	DROPPED_1 0
3	DROPPED_2 0
3	MAX_QUEUE 1
3	DUPLICATED_1 1
3	DUPLICATED_2 0
3	EBUSY_RADIO_1 0
3	EBUSY_RADIO_2 0
3	86 1
3	86 1
3	86 1
3	86 1
3	86 1
3	86 1
3	86 1
3	86 1
3	86 1
3	86 1
3	86 1
3	86 1
3	86 1
3	86 1
3	86 1
3	86 1
3	86 1
3	86 1
3	86 1
3	86 1
3	86 1
3	86 1
3	86 1
3	86 1
3	86 1
3	86 1
3	TEST_NUMBER 2
3	SENT_TOTAL 250
3	RECEIVED_TOTAL 224
3	TIME_TOTAL 29805
3	RECEIVED_RADIO_1 128
3	RECEIVED_RADIO_2 122
3	SENT_RADIO_1 125
3	SENT_RADIO_2 125
3	RADIO_TIME_1 29805
3	RADIO_TIME_2 29805
3	RETRANSMISSIONS_1 0
3	RETRANSMISSIONS_2 0
3	DROPPED_1 0
3	DROPPED_2 0
3	MAX_QUEUE 1
3	DUPLICATED_1 4
3	DUPLICATED_2 0
3	EBUSY_RADIO_1 0
3	EBUSY_RADIO_2 0
3	86 2
3	86 2
3	86 2
3	86 2
3	86 2
3	86 2
3	86 2
3	86 2
3	86 2
3	86 2
3	86 2
3	86 2
3	86 2
3	86 2
3	86 2
3	86 2
3	86 2
3	86 2
3	86 2
3	86 2
3	86 2
3	86 2
3	86 2
3	86 2
3	86 2
3	86 2
3	TEST_NUMBER 3
3	SENT_TOTAL 250
3	RECEIVED_TOTAL 224
3	TIME_TOTAL 29805
3	RECEIVED_RADIO_1 128
3	RECEIVED_RADIO_2 122
3	SENT_RADIO_1 125
3	SENT_RADIO_2 125
3	RADIO_TIME_1 29805
3	RADIO_TIME_2 29805
3	RETRANSMISSIONS_1 0
3	RETRANSMISSIONS_2 0
3	DROPPED_1 0
3	DROPPED_2 0
3	MAX_QUEUE 1
3	DUPLICATED_1 2
3	DUPLICATED_2 0
3	EBUSY_RADIO_1 0
3	EBUSY_RADIO_2 0
3	86 3
3	86 3
3	86 3
3	86 3
3	86 3
3	86 3
3	86 3
3	86 3
3	86 3
3	86 3
3	86 3
3	86 3
3	86 3
3	86 3
3	86 3
3	86 3
3	86 3
3	86 3
3	86 3
3	86 3
3	86 3
3	86 3
3	86 3
3	86 3
3	86 3
3	86 3
3	TEST_NUMBER 4
3	SENT_TOTAL 250
3	RECEIVED_TOTAL 224
3	TIME_TOTAL 29804
3	RECEIVED_RADIO_1 128
3	RECEIVED_RADIO_2 122
3	SENT_RADIO_1 126
3	SENT_RADIO_2 124
3	RADIO_TIME_1 29804
3	RADIO_TIME_2 29804
3	RETRANSMISSIONS_1 0
3	RETRANSMISSIONS_2 1
3	DROPPED_1 0
3	DROPPED_2 0
3	MAX_QUEUE 1
3	DUPLICATED_1 2
3	DUPLICATED_2 0
3	EBUSY_RADIO_1 0
3	EBUSY_RADIO_2 0
3	86 4
3	86 4
3	86 4
3	86 4
3	86 4
3	86 4
3	86 4
3	86 4
3	86 4
3	86 4
3	86 4
3	86 4
3	86 4
3	86 4
3	86 4
3	86 4
3	86 4
3	86 4
3	86 4
3	86 4
3	86 4
3	86 4
3	86 4
3	86 4
3	86 4
3	86 4
3	TEST_NUMBER 5
3	SENT_TOTAL 250
3	RECEIVED_TOTAL 224
3	TIME_TOTAL 29800
3	RECEIVED_RADIO_1 125
3	RECEIVED_RADIO_2 125
3	SENT_RADIO_1 125
3	SENT_RADIO_2 125
3	RADIO_TIME_1 29800
3	RADIO_TIME_2 29800
3	RETRANSMISSIONS_1 0
3	RETRANSMISSIONS_2 0
3	DROPPED_1 0
3	DROPPED_2 0
3	MAX_QUEUE 1
3	DUPLICATED_1 0
3	DUPLICATED_2 0
3	EBUSY_RADIO_1 0
3	EBUSY_RADIO_2 0
3	86 5
3	86 5
3	86 5
3	86 5
3	86 5
3	86 5
3	86 5
3	86 5
3	86 5
3	86 5
3	86 5
3	86 5
3	86 5
3	86 5
3	86 5
3	86 5
3	86 5
3	86 5
3	86 5
3	86 5
3	86 5
3	86 5
3	86 5
3	86 5
3	86 5
3	86 5
3	TEST_NUMBER 6
3	SENT_TOTAL 249
3	RECEIVED_TOTAL 223
3	TIME_TOTAL 29724
3	RECEIVED_RADIO_1 125
3	RECEIVED_RADIO_2 124
3	SENT_RADIO_1 124
3	SENT_RADIO_2 125
3	RADIO_TIME_1 29724
3	RADIO_TIME_2 29724
3	RETRANSMISSIONS_1 0
3	RETRANSMISSIONS_2 0
3	DROPPED_1 0
3	DROPPED_2 0
3	MAX_QUEUE 1
3	DUPLICATED_1 0
3	DUPLICATED_2 0
3	EBUSY_RADIO_1 0
3	EBUSY_RADIO_2 0
3	86 6
3	86 6
3	86 6
3	86 6
3	86 6
3	86 6
3	86 6
3	86 6
3	86 6
3	86 6
3	86 6
3	86 6
3	86 6
3	86 6
3	86 6
3	86 6
3	86 6
3	86 6
3	86 6
3	86 6
3	86 6
3	86 6
3	86 6
3	86 6
3	86 6
3	86 6
3	86 6

58	RELAY_NODE 58
58	TEST_NUMBER 0
58	SENT_TOTAL 0
58	RECEIVED_TOTAL 0
58	TIME_TOTAL 0
58	RECEIVED_RADIO_1 124
58	RECEIVED_RADIO_2 129
58	SENT_RADIO_1 129
58	SENT_RADIO_2 124
58	RADIO_TIME_1 19754
58	RADIO_TIME_2 19754
58	RETRANSMISSIONS_1 4
58	RETRANSMISSIONS_2 0
58	DROPPED_1 0
58	DROPPED_2 0
58	MAX_QUEUE 1
58	DUPLICATED_1 1
58	DUPLICATED_2 0
58	EBUSY_RADIO_1 0
58	EBUSY_RADIO_2 0
58	TEST_NUMBER 1
58	SENT_TOTAL 0
58	RECEIVED_TOTAL 0
58	TIME_TOTAL 0
58	RECEIVED_RADIO_1 126
58	RECEIVED_RADIO_2 126
58	SENT_RADIO_1 126
58	SENT_RADIO_2 126
58	RADIO_TIME_1 29805
58	RADIO_TIME_2 29805
58	RETRANSMISSIONS_1 0
58	RETRANSMISSIONS_2 0
58	DROPPED_1 0
58	DROPPED_2 0
58	MAX_QUEUE 1
58	DUPLICATED_1 0
58	DUPLICATED_2 0
58	EBUSY_RADIO_1 0
58	EBUSY_RADIO_2 0
58	TEST_NUMBER 2
58	SENT_TOTAL 0
58	RECEIVED_TOTAL 0
58	TIME_TOTAL 0
58	RECEIVED_RADIO_1 125
58	RECEIVED_RADIO_2 129
58	SENT_RADIO_1 129
58	SENT_RADIO_2 125
58	RADIO_TIME_1 29815
58	RADIO_TIME_2 29815
58	RETRANSMISSIONS_1 4
58	RETRANSMISSIONS_2 0
58	DROPPED_1 0
58	DROPPED_2 0
58	MAX_QUEUE 1
58	DUPLICATED_1 0
58	DUPLICATED_2 0
58	EBUSY_RADIO_1 0
58	EBUSY_RADIO_2 0
58	TEST_NUMBER 3
58	SENT_TOTAL 0
58	RECEIVED_TOTAL 0
58	TIME_TOTAL 0
58	RECEIVED_RADIO_1 125
58	RECEIVED_RADIO_2 127
58	SENT_RADIO_1 127
58	SENT_RADIO_2 125
58	RADIO_TIME_1 19774
58	RADIO_TIME_2 19774
58	RETRANSMISSIONS_1 2
58	RETRANSMISSIONS_2 0
58	DROPPED_1 0
58	DROPPED_2 0
58	MAX_QUEUE 1
58	DUPLICATED_1 0
58	DUPLICATED_2 0
58	EBUSY_RADIO_1 0
58	EBUSY_RADIO_2 0
58	TEST_NUMBER 4
58	SENT_TOTAL 0
58	RECEIVED_TOTAL 0
58	TIME_TOTAL 0
58	RECEIVED_RADIO_1 125
58	RECEIVED_RADIO_2 129
58	SENT_RADIO_1 129
58	SENT_RADIO_2 125
58	RADIO_TIME_1 29805
58	RADIO_TIME_2 29805
58	RETRANSMISSIONS_1 2
58	RETRANSMISSIONS_2 0
58	DROPPED_1 0
58	DROPPED_2 0
58	MAX_QUEUE 1
58	DUPLICATED_1 0
58	DUPLICATED_2 0
58	EBUSY_RADIO_1 0
58	EBUSY_RADIO_2 0
58	TEST_NUMBER 5
58	SENT_TOTAL 0
58	RECEIVED_TOTAL 0
58	TIME_TOTAL 0
58	RECEIVED_RADIO_1 125
58	RECEIVED_RADIO_2 125
58	SENT_RADIO_1 125
58	SENT_RADIO_2 125
58	RADIO_TIME_1 29788
58	RADIO_TIME_2 29788
58	RETRANSMISSIONS_1 0
58	RETRANSMISSIONS_2 0
58	DROPPED_1 0
58	DROPPED_2 0
58	MAX_QUEUE 1
58	DUPLICATED_1 0
58	DUPLICATED_2 0
58	EBUSY_RADIO_1 0
58	EBUSY_RADIO_2 0
58	TEST_NUMBER 6
58	SENT_TOTAL 0
58	RECEIVED_TOTAL 0
58	TIME_TOTAL 0
58	RECEIVED_RADIO_1 126
58	RECEIVED_RADIO_2 125
58	SENT_RADIO_1 125
58	SENT_RADIO_2 126
58	RADIO_TIME_1 29804
58	RADIO_TIME_2 29804
58	RETRANSMISSIONS_1 0
58	RETRANSMISSIONS_2 0
58	DROPPED_1 0
58	DROPPED_2 0
58	MAX_QUEUE 1
58	DUPLICATED_1 0
58	DUPLICATED_2 0
58	EBUSY_RADIO_1 0
58	EBUSY_RADIO_2 0

81	SOURCE_NODE 81
81	84 1
81	83 1
81	85 1
81	79 19
81	84 2
81	83 2
81	85 2
81	79 19
81	84 3
81	83 3
81	85 3
81	79 27
81	84 4
81	83 4
81	85 4
81	79 27
81	84 5
81	83 5
81	85 5
81	79 25
81	84 6
81	83 6
81	85 6
81	79 28
81	84 7
81	83 7
81	85 7
81	79 27
81	84 8
81	83 8
81	85 8
81	79 23
81	84 9
81	83 9
81	85 9
81	79 25
81	84 10
81	83 10
81	85 10
81	79 25
81	84 11
81	83 11
81	85 11
81	79 29
81	84 12
81	83 12
81	85 12
81	79 23
81	84 13
81	83 13
81	85 13
81	79 24
81	84 14
81	83 14
81	85 14
81	79 26
81	84 15
81	83 15
81	85 15
81	79 29
81	84 16
81	83 16
81	85 16
81	79 31
81	84 17
81	83 17
81	85 17
81	79 24
81	84 18
81	83 18
81	85 18
81	79 27
81	84 19
81	83 19
81	85 19
81	79 27
81	84 20
81	83 20
81	85 20
81	79 22
81	84 1
81	83 1
81	85 1
81	79 26
81	84 2
81	83 2
81	85 2
81	79 32
81	84 3
81	83 3
81	85 3
81	79 27
81	84 4
81	83 4
81	85 4
81	79 26
81	84 5
81	83 5
81	85 5
81	79 27
81	84 6
81	83 6
81	85 6
81	79 22
81	84 7
81	83 7
81	85 7
81	79 27
81	84 8
81	83 8
81	85 8
81	79 29
81	84 9
81	83 9
81	85 9
81	79 23
81	84 10
81	83 10
81	85 10
81	79 29
81	84 11
81	83 11
81	85 11
81	79 26
81	84 12
81	83 12
81	85 12
81	79 30
81	84 13
81	83 13
81	85 13
81	79 27
81	84 14
81	83 14
81	85 14
81	79 25
81	84 15
81	83 15
81	85 15
81	79 27
81	84 16
81	83 16
81	85 16
81	79 26
81	84 17
81	83 17
81	85 17
81	79 29
81	84 18
81	83 18
81	85 18
81	79 26
81	84 19
81	83 19
81	85 19
81	79 28
81	84 20
81	83 20
81	85 20
81	79 27
81	84 1
81	83 1
81	85 1
81	79 28
81	84 2
81	83 2
81	85 2
81	79 24
81	84 3
81	83 3
81	85 3
81	79 26
81	84 4
81	83 4
81	85 4
81	79 27
81	84 5
81	83 5
81	85 5
81	79 22
81	84 6
81	83 6
81	85 6
81	79 25
81	84 7
81	83 7
81	85 7
81	79 26
81	84 8
81	83 8
81	85 8
81	79 30
81	84 9
81	83 9
81	85 9
81	79 28
81	84 10
81	83 10
81	85 10
81	79 32
81	84 11
81	83 11
81	85 11
81	79 29
81	84 12
81	83 12
81	85 12
81	79 26
81	84 13
81	83 13
81	85 13
81	79 27
81	84 14
81	83 14
81	85 14
81	79 23
81	84 15
81	83 15
81	85 15
81	79 25
81	84 16
81	83 16
81	85 16
81	79 25
81	84 17
81	83 17
81	85 17
81	79 32
81	84 18
81	83 18
81	85 18
81	79 30
81	84 19
81	83 19
81	85 19
81	79 26
81	84 20
81	83 20
81	85 20
81	79 31
81	84 1
81	83 1
81	85 1
81	79 27
81	84 2
81	83 2
81	85 2
81	79 31
81	84 3
81	83 3
81	85 3
81	79 30
81	84 4
81	83 4
81	85 4
81	79 23
81	84 5
81	83 5
81	85 5
81	79 29
81	84 6
81	83 6
81	85 6
81	79 29
81	84 7
81	83 7
81	85 7
81	79 26
81	84 8
81	83 8
81	85 8
81	79 27
81	84 9
81	83 9
81	85 9
81	79 30
81	84 10
81	83 10
81	85 10
81	79 26
81	84 11
81	83 11
81	85 11
81	79 26
81	84 12
81	83 12
81	85 12
81	79 30
81	84 13
81	83 13
81	85 13
81	79 28
81	84 14
81	83 14
81	85 14
81	79 27
81	84 15
81	83 15
81	85 15
81	79 31
81	84 16
81	83 16
81	85 16
81	79 29
81	84 17
81	83 17
81	85 17
81	79 24
81	84 18
81	83 18
81	85 18
81	79 22
81	84 19
81	83 19
81	85 19
81	79 24
81	84 20
81	83 20
81	85 20
81	79 25
81	84 1
81	83 1
81	85 1
81	79 27
81	84 2
81	83 2
81	85 2
81	79 26
81	84 3
81	83 3
81	85 3
81	79 29
81	84 4
81	83 4
81	85 4
81	79 28
81	84 5
81	83 5
81	85 5
81	79 29
81	84 6
81	83 6
81	85 6
81	79 28
81	84 7
81	83 7
81	85 7
81	79 31
81	84 8
81	83 8
81	85 8
81	79 26
81	84 9
81	83 9
81	85 9
81	79 27
81	84 10
81	83 10
81	85 10
81	79 26
81	84 11
81	83 11
81	85 11
81	79 26
81	84 12
81	83 12
81	85 12
81	79 27
81	84 13
81	83 13
81	85 13
81	79 23
81	84 14
81	83 14
81	85 14
81	79 31
81	84 15
81	83 15
81	85 15
81	79 23
81	84 16
81	83 16
81	85 16
81	79 29
81	84 17
81	83 17
81	85 17
81	79 28
81	84 18
81	83 18
81	85 18
81	79 32
81	84 19
81	83 19
81	85 19
81	79 26
81	84 20
81	83 20
81	85 20
81	79 24
81	84 1
81	83 1
81	85 1
81	79 26
81	84 2
81	83 2
81	85 2
81	79 27
81	84 3
81	83 3
81	85 3
81	79 31
81	84 4
81	83 4
81	85 4
81	79 26
81	84 5
81	83 5
81	85 5
81	79 28
81	84 6
81	83 6
81	85 6
81	79 25
81	84 7
81	83 7
81	85 7
81	79 27
81	84 8
81	83 8
81	85 8
81	79 24
81	84 9
81	83 9
81	85 9
81	79 25
81	84 10
81	83 10
81	85 10
81	79 27
81	84 11
81	83 11
81	85 11
81	79 28
81	84 12
81	83 12
81	85 12
81	79 30
81	84 13
81	83 13
81	85 13
81	79 27
81	84 14
81	83 14
81	85 14
81	79 24
81	84 15
81	83 15
81	85 15
81	79 24
81	84 16
81	83 16
81	85 16
81	79 24
81	84 17
81	83 17
81	85 17
81	79 24
81	84 18
81	83 18
81	85 18
81	79 27
81	84 19
81	83 19
81	85 19
81	79 28
81	84 20
81	83 20
81	85 20
81	79 27
81	84 1
81	83 1
81	85 1
81	79 23
81	84 2
81	83 2
81	85 2
81	79 26
81	84 3
81	83 3
81	85 3
81	79 27
81	84 4
81	83 4
81	85 4
81	79 24
81	84 5
81	83 5
81	85 5
81	79 22
81	84 6
81	83 6
81	85 6
81	79 29
81	84 7
81	83 7
81	85 7
81	79 25
81	84 8
81	83 8
81	85 8
81	79 30
81	84 9
81	83 9
81	85 9
81	79 25
81	84 10
81	83 10
81	85 10
81	79 28
81	84 11
81	83 11
81	85 11
81	79 24
81	84 12
81	83 12
81	85 12
81	79 23
81	84 13
81	83 13
81	85 13
81	79 24
81	84 14
81	83 14
81	85 14
81	79 27
81	84 15
81	83 15
81	85 15
81	79 27
81	84 16
81	83 16
81	85 16
81	79 26
81	84 17
81	83 17
81	85 17
81	79 27
81	84 18
81	83 18
81	85 18
81	79 27
81	84 19
81	83 19
81	85 19
81	79 26
81	84 20
81	83 20
81	85 20
81	79 34
81	84 1
81	83 1
81	85 1
81	79 28
81	84 2
81	83 2
81	85 2
81	79 29
81	84 3
81	83 3
81	85 3
81	79 28
81	84 4
81	83 4
81	85 4
81	79 30
81	84 5
81	83 5
81	85 5
81	79 23
81	84 6
81	83 6
81	85 6
81	79 25
81	84 7
81	83 7
81	85 7
81	79 24
81	84 8
81	83 8
81	85 8
81	79 28
81	84 9
81	83 9
81	85 9
81	79 28
81	84 10
81	83 10
81	85 10
81	79 23
81	84 11
81	83 11
81	85 11
81	79 28
81	84 12
81	83 12
81	85 12
81	79 29
81	84 13
81	83 13
81	85 13
81	79 28
81	84 14
81	83 14
81	85 14
81	79 25
81	84 15
81	83 15
81	85 15
81	79 27
81	84 16
81	83 16
81	85 16
81	79 25
81	84 17
81	84 18
81	83 18
81	85 18
81	79 28
81	84 19
81	83 19
81	85 17
81	79 189
81	83 19
81	85 19
81	79 41
81	84 20
81	83 20
81	85 20
81	79 30
81	84 1
81	83 1
81	85 1
81	79 32
81	84 2
81	83 2
81	85 2
81	79 24
81	84 3
81	83 3
81	85 3
81	79 31
81	84 4
81	83 4
81	85 4
81	79 29
81	84 5
81	83 5
81	85 5
81	79 28
81	84 6
81	83 6
81	85 6
81	79 28
81	84 7
81	83 7
81	85 7
81	79 28
81	84 8
81	83 8
81	85 8
81	79 27
81	84 9
81	83 9
81	85 9
81	79 28
81	84 10
81	84 11
81	83 11
81	85 11
81	79 31
81	84 12
81	83 12
81	85 10
81	79 186
81	84 13
81	83 13
81	85 13
81	79 29
81	84 14
81	83 14
81	85 12
81	79 190
81	83 14
81	85 14
81	79 37
81	84 15
81	83 15
81	85 15
81	79 22
81	84 16
81	83 16
81	85 16
81	79 25
81	84 17
81	83 17
81	85 17
81	79 30
81	84 18
81	83 18
81	85 18
81	79 28
81	84 19
81	83 19
81	85 19
81	79 25
81	84 20
81	83 20
81	85 20
81	79 30
81	84 1
81	84 2
81	83 2
81	85 2
81	79 33
81	84 3
81	83 3
81	85 1
81	79 205
81	83 3
81	85 3
81	79 47
81	84 4
81	83 4
81	85 4
81	79 27
81	84 5
81	83 5
81	85 5
81	79 26
81	84 6
81	83 6
81	85 6
81	79 29
81	84 7
81	83 7
81	85 7
81	79 26
81	84 8
81	84 9
81	83 9
81	85 9
81	79 25
81	84 10
81	83 10
81	85 8
81	79 200
81	83 10
81	85 10
81	79 46
81	84 11
81	83 11
81	85 11
81	79 28
81	84 12
81	84 13
81	84 14
81	83 14
81	85 12
81	79 187
81	83 14
81	85 13
81	79 121
81	83 14
81	85 14
81	79 56
81	84 15
81	83 15
81	85 15
81	79 24
81	84 16
81	83 16
81	85 16
81	79 30
81	84 17
81	84 18
81	83 18
81	85 18
81	79 25
81	84 19
81	83 19
81	85 17
81	79 191
81	83 19
81	85 19
81	79 34
81	84 20
81	83 20
81	85 20
81	79 25
81	84 1
81	83 1
81	85 1
81	79 29
81	84 2
81	83 2
81	85 2
81	79 30
81	84 3
81	83 3
81	85 3
81	79 30
81	84 4
81	84 5
81	83 5
81	85 5
81	79 23
81	84 6
81	83 6
81	85 6
81	79 32
81	83 6
81	85 4
81	79 193
81	84 7
81	83 7
81	85 7
81	79 40
81	84 8
81	83 8
81	85 8
81	79 25
81	84 9
81	83 9
81	85 9
81	79 27
81	84 10
81	83 10
81	85 10
81	79 31
81	84 11
81	84 12
81	83 12
81	85 12
81	79 29
81	84 13
81	83 13
81	85 11
81	79 185
81	83 13
81	85 13
81	79 39
81	84 14
81	84 15
81	83 15
81	85 15
81	79 39
81	84 16
81	83 16
81	85 14
81	79 189
81	83 16
81	85 16
81	79 38
81	84 17
81	83 17
81	85 17
81	79 31
81	84 18
81	83 18
81	85 18
81	79 28
81	84 19
81	83 19
81	85 19
81	79 28
81	84 20
81	83 20
81	85 20
81	79 30
81	84 1
81	84 2
81	83 2
81	85 2
81	79 29
81	84 3
81	83 3
81	85 1
81	79 185
81	83 3
81	85 3
81	79 39
81	84 4
81	83 4
81	85 4
81	79 27
81	84 5
81	83 5
81	85 5
81	79 36
81	84 6
81	83 6
81	85 6
81	79 21
81	84 7
81	83 7
81	85 7
81	79 28
81	84 8
81	83 8
81	85 8
81	79 29
81	84 9
81	83 9
81	85 9
81	79 31
81	84 10
81	83 10
81	85 10
81	79 25
81	84 11
81	83 11
81	85 11
81	79 28
81	84 12
81	83 12
81	85 12
81	79 25
81	84 13
81	83 13
81	85 13
81	79 25
81	84 14
81	83 14
81	85 14
81	79 24
81	84 15
81	83 15
81	85 15
81	79 28
81	84 16
81	83 16
81	85 16
81	79 28
81	84 17
81	83 17
81	85 17
81	79 26
81	84 18
81	83 18
81	85 18
81	79 31
81	84 19
81	83 19
81	85 19
81	79 23
81	84 20
81	83 20
81	85 20
81	79 24
81	84 1
81	83 1
81	85 1
81	79 26
81	84 2
81	83 2
81	85 2
81	79 29
81	84 3
81	83 3
81	85 3
81	79 28
81	84 4
81	83 4
81	85 4
81	79 25
81	84 5
81	83 5
81	85 5
81	79 28
81	84 6
81	83 6
81	85 6
81	79 27
81	84 7
81	83 7
81	85 7
81	79 29
81	84 8
81	83 8
81	85 8
81	79 29
81	84 9
81	83 9
81	85 9
81	79 28
81	84 10
81	TEST_NUMBER 0
81	SENT_TOTAL 250
81	RECEIVED_TOTAL 249
81	TIME_TOTAL 19772
81	RECEIVED_RADIO_1 125
81	RECEIVED_RADIO_2 124
81	SENT_RADIO_1 120
81	SENT_RADIO_2 129
81	RADIO_TIME_1 19843
81	RADIO_TIME_2 19744
81	RETRANSMISSIONS_1 10
81	RETRANSMISSIONS_2 0
81	DROPPED_1 0
81	DROPPED_2 0
81	MAX_QUEUE 1
81	DUPLICATED_1 4
81	DUPLICATED_2 0
81	EBUSY_RADIO_1 0
81	EBUSY_RADIO_2 0
81	83 0
81	85 10
81	86 0
81	84 1
81	83 1
81	85 1
81	79 27
81	84 2
81	83 2
81	85 2
81	79 31
81	84 3
81	83 3
81	85 3
81	79 33
81	84 4
81	83 4
81	85 4
81	79 29
81	84 5
81	83 5
81	85 5
81	79 28
81	84 6
81	83 6
81	85 6
81	79 21
81	84 7
81	83 7
81	85 7
81	79 22
81	84 8
81	83 8
81	85 8
81	79 29
81	84 9
81	83 9
81	85 9
81	79 25
81	84 10
81	83 10
81	85 10
81	79 30
81	84 11
81	83 11
81	85 11
81	79 25
81	84 12
81	83 12
81	85 12
81	79 25
81	84 13
81	83 13
81	85 13
81	79 23
81	84 14
81	83 14
81	85 14
81	79 23
81	84 15
81	83 15
81	85 15
81	79 23
81	84 16
81	83 16
81	85 16
81	79 22
81	84 17
81	83 17
81	85 17
81	79 28
81	84 18
81	83 18
81	85 18
81	79 22
81	84 19
81	83 19
81	85 19
81	79 28
81	84 20
81	83 20
81	85 20
81	79 23
81	84 1
81	83 1
81	85 1
81	79 26
81	84 2
81	83 2
81	85 2
81	79 26
81	84 3
81	83 3
81	85 3
81	79 29
81	84 4
81	83 4
81	85 4
81	79 27
81	84 5
81	83 5
81	85 5
81	79 27
81	84 6
81	83 6
81	85 6
81	79 22
81	84 7
81	83 7
81	85 7
81	79 31
81	84 8
81	83 8
81	85 8
81	79 27
81	84 9
81	83 9
81	85 9
81	79 28
81	84 10
81	83 10
81	85 10
81	79 24
81	84 11
81	83 11
81	85 11
81	79 27
81	84 12
81	83 12
81	85 12
81	79 21
81	84 13
81	83 13
81	85 13
81	79 25
81	84 14
81	83 14
81	85 14
81	79 29
81	84 15
81	83 15
81	85 15
81	79 22
81	84 16
81	83 16
81	85 16
81	79 25
81	84 17
81	83 17
81	85 17
81	79 30
81	84 18
81	84 19
81	83 19
81	85 19
81	79 33
81	84 20
81	83 20
81	85 18
81	79 187
81	83 20
81	85 20
81	79 37
81	84 1
81	83 1
81	85 1
81	79 33
81	84 2
81	83 2
81	85 2
81	79 27
81	84 3
81	83 3
81	85 3
81	79 28
81	84 4
81	83 4
81	85 4
81	79 27
81	84 5
81	83 5
81	85 5
81	79 27
81	84 6
81	83 6
81	85 6
81	79 30
81	84 7
81	83 7
81	85 7
81	79 31
81	84 8
81	83 8
81	85 8
81	79 29
81	84 9
81	83 9
81	85 9
81	79 25
81	84 10
81	83 10
81	85 10
81	79 24
81	84 11
81	83 11
81	85 11
81	79 27
81	84 12
81	83 12
81	85 12
81	79 24
81	84 13
81	83 13
81	85 13
81	79 24
81	84 14
81	83 14
81	85 14
81	79 30
81	84 15
81	83 15
81	85 15
81	79 24
81	84 16
81	83 16
81	85 16
81	79 32
81	84 17
81	83 17
81	85 17
81	79 25
81	84 18
81	83 18
81	85 18
81	79 27
81	84 19
81	83 19
81	85 19
81	79 22
81	84 20
81	83 20
81	85 20
81	79 24
81	84 1
81	83 1
81	85 1
81	79 25
81	84 2
81	83 2
81	85 2
81	79 36
81	84 3
81	83 3
81	85 3
81	79 23
81	84 4
81	83 4
81	85 4
81	79 26
81	84 5
81	83 5
81	85 5
81	79 28
81	84 6
81	83 6
81	85 6
81	79 26
81	84 7
81	84 8
81	83 8
81	85 8
81	79 31
81	84 9
81	83 9
81	85 7
81	79 194
81	83 9
81	85 9
81	79 38
81	84 10
81	83 10
81	85 10
81	79 32
81	84 11
81	83 11
81	85 11
81	79 31
81	84 12
81	83 12
81	85 12
81	79 31
81	84 13
81	83 13
81	85 13
81	79 29
81	84 14
81	83 14
81	85 14
81	79 28
81	84 15
81	83 15
81	85 15
81	79 31
81	84 16
81	83 16
81	85 16
81	79 26
81	84 17
81	83 17
81	85 17
81	79 28
81	84 18
81	83 18
81	85 18
81	79 32
81	84 19
81	83 19
81	85 19
81	79 32
81	84 20
81	83 20
81	85 20
81	79 29
81	84 1
81	83 1
81	85 1
81	79 26
81	84 2
81	83 2
81	85 2
81	79 32
81	84 3
81	83 3
81	85 3
81	79 29
81	84 4
81	83 4
81	85 4
81	79 29
81	84 5
81	83 5
81	85 5
81	79 26
81	84 6
81	83 6
81	85 6
81	79 29
81	84 7
81	83 7
81	85 7
81	79 29
81	84 8
81	83 8
81	85 8
81	79 30
81	84 9
81	83 9
81	85 9
81	79 29
81	84 10
81	83 10
81	85 10
81	79 33
81	84 11
81	83 11
81	85 11
81	79 27
81	84 12
81	83 12
81	85 12
81	79 27
81	84 13
81	83 13
81	85 13
81	79 29
81	84 14
81	83 14
81	85 14
81	79 30
81	84 15
81	83 15
81	85 15
81	79 29
81	84 16
81	83 16
81	85 16
81	79 29
81	84 17
81	83 17
81	85 17
81	79 27
81	84 18
81	83 18
81	85 18
81	79 31
81	84 19
81	83 19
81	85 19
81	79 28
81	84 20
81	83 20
81	85 20
81	79 31
81	84 1
81	83 1
81	85 1
81	79 31
81	84 2
81	83 2
81	85 2
81	79 34
81	84 3
81	83 3
81	85 3
81	79 28
81	84 4
81	83 4
81	85 4
81	79 28
81	84 5
81	83 5
81	85 5
81	79 27
81	84 6
81	83 6
81	85 6
81	79 31
81	84 7
81	83 7
81	85 7
81	79 28
81	84 8
81	83 8
81	85 8
81	79 33
81	84 9
81	83 9
81	85 9
81	79 32
81	84 10
81	83 10
81	85 10
81	79 31
81	84 11
81	83 11
81	85 11
81	79 32
81	84 12
81	84 13
81	83 13
81	85 13
81	79 34
81	84 14
81	83 14
81	85 12
81	79 186
81	83 14
81	85 14
81	79 32
81	84 15
81	83 15
81	85 15
81	79 26
81	84 16
81	83 16
81	85 16
81	79 33
81	84 17
81	83 17
81	85 17
81	79 27
81	84 18
81	83 18
81	85 18
81	79 30
81	84 19
81	83 19
81	85 19
81	79 31
81	84 20
81	83 20
81	85 20
81	79 25
81	84 1
81	83 1
81	85 1
81	79 28
81	84 2
81	83 2
81	85 2
81	79 24
81	84 3
81	83 3
81	85 3
81	79 27
81	84 4
81	83 4
81	85 4
81	79 30
81	84 5
81	83 5
81	85 5
81	79 32
81	84 6
81	83 6
81	85 6
81	79 24
81	84 7
81	83 7
81	85 7
81	79 30
81	84 8
81	83 8
81	85 8
81	79 34
81	84 9
81	83 9
81	85 9
81	79 31
81	84 10
81	83 10
81	85 10
81	79 26
81	84 11
81	83 11
81	85 11
81	79 28
81	84 12
81	83 12
81	85 12
81	79 27
81	84 13
81	83 13
81	85 13
81	79 29
81	84 14
81	84 15
81	83 15
81	85 15
81	79 25
81	84 16
81	83 16
81	85 14
81	79 187
81	83 16
81	85 16
81	79 36
81	84 17
81	83 17
81	85 17
81	79 25
81	84 18
81	83 18
81	85 18
81	79 22
81	84 19
81	83 19
81	85 19
81	79 28
81	84 20
81	83 20
81	85 20
81	79 27
81	84 1
81	83 1
81	85 1
81	79 26
81	84 2
81	83 2
81	85 2
81	79 25
81	84 3
81	83 3
81	85 3
81	79 27
81	84 4
81	83 4
81	85 4
81	79 27
81	84 5
81	83 5
81	85 5
81	79 29
81	84 6
81	83 6
81	85 6
81	79 27
81	84 7
81	83 7
81	85 7
81	79 27
81	84 8
81	83 8
81	85 8
81	79 24
81	84 9
81	83 9
81	85 9
81	79 31
81	84 10
81	83 10
81	85 10
81	79 28
81	84 11
81	83 11
81	85 11
81	79 28
81	84 12
81	83 12
81	85 12
81	79 27
81	84 13
81	83 13
81	85 13
81	79 23
81	84 14
81	83 14
81	85 14
81	79 26
81	84 15
81	83 15
81	85 15
81	79 28
81	84 16
81	83 16
81	85 16
81	79 25
81	84 17
81	83 17
81	85 17
81	79 25
81	84 18
81	83 18
81	85 18
81	79 27
81	84 19
81	83 19
81	85 19
81	79 24
81	84 20
81	83 20
81	85 20
81	79 28
81	84 1
81	83 1
81	85 1
81	79 27
81	84 2
81	83 2
81	85 2
81	79 27
81	84 3
81	83 3
81	85 3
81	79 26
81	84 4
81	83 4
81	85 4
81	79 25
81	84 5
81	83 5
81	85 5
81	79 27
81	84 6
81	83 6
81	85 6
81	79 26
81	84 7
81	83 7
81	85 7
81	79 27
81	84 8
81	83 8
81	85 8
81	79 23
81	84 9
81	83 9
81	85 9
81	79 29
81	84 10
81	83 10
81	85 10
81	79 23
81	84 11
81	83 11
81	85 11
81	79 29
81	84 12
81	83 12
81	85 12
81	79 32
81	84 13
81	83 13
81	85 13
81	79 28
81	84 14
81	83 14
81	85 14
81	79 26
81	84 15
81	83 15
81	85 15
81	79 22
81	84 16
81	83 16
81	85 16
81	79 26
81	84 17
81	83 17
81	85 17
81	79 29
81	84 18
81	83 18
81	85 18
81	79 32
81	84 19
81	83 19
81	85 19
81	79 22
81	84 20
81	83 20
81	85 20
81	79 31
81	84 1
81	83 1
81	85 1
81	79 25
81	84 2
81	83 2
81	85 2
81	79 27
81	84 3
81	83 3
81	85 3
81	79 26
81	84 4
81	83 4
81	85 4
81	79 25
81	84 5
81	83 5
81	85 5
81	79 23
81	84 6
81	83 6
81	85 6
81	79 26
81	84 7
81	83 7
81	85 7
81	79 25
81	84 8
81	83 8
81	85 8
81	79 24
81	84 9
81	83 9
81	85 9
81	79 29
81	84 10
81	83 10
81	85 10
81	79 26
81	84 11
81	83 11
81	85 11
81	79 23
81	84 12
81	83 12
81	85 12
81	79 26
81	84 13
81	83 13
81	85 13
81	79 25
81	84 14
81	83 14
81	85 14
81	79 25
81	84 15
81	83 15
81	85 15
81	79 27
81	84 16
81	83 16
81	85 16
81	79 24
81	84 17
81	83 17
81	85 17
81	79 27
81	84 18
81	83 18
81	85 18
81	79 23
81	84 19
81	83 19
81	85 19
81	79 27
81	84 20
81	83 20
81	85 20
81	79 28
81	84 1
81	83 1
81	85 1
81	79 25
81	84 2
81	83 2
81	85 2
81	79 29
81	84 3
81	83 3
81	85 3
81	79 28
81	84 4
81	83 4
81	85 4
81	79 28
81	84 5
81	83 5
81	85 5
81	79 26
81	84 6
81	83 6
81	85 6
81	79 29
81	84 7
81	83 7
81	85 7
81	79 31
81	84 8
81	83 8
81	85 8
81	79 29
81	84 9
81	83 9
81	85 9
81	79 24
81	84 10
81	83 10
81	85 10
81	79 25
81	84 11
81	83 11
81	85 11
81	79 29
81	84 12
81	83 12
81	85 12
81	79 28
81	84 13
81	83 13
81	85 13
81	79 22
81	84 14
81	83 14
81	85 14
81	79 23
81	84 15
81	83 15
81	85 15
81	79 25
81	84 16
81	83 16
81	85 16
81	79 25
81	84 17
81	83 17
81	85 17
81	79 30
81	84 18
81	83 18
81	85 18
81	79 29
81	84 19
81	83 19
81	85 19
81	79 28
81	84 20
81	83 20
81	85 20
81	79 27
81	84 1
81	83 1
81	85 1
81	79 26
81	84 2
81	83 2
81	85 2
81	79 27
81	84 3
81	83 3
81	85 3
81	79 28
81	84 4
81	83 4
81	85 4
81	79 26
81	84 5
81	83 5
81	85 5
81	79 26
81	84 6
81	83 6
81	85 6
81	79 27
81	84 7
81	83 7
81	85 7
81	79 25
81	84 8
81	83 8
81	85 8
81	79 22
81	84 9
81	83 9
81	85 9
81	79 32
81	84 10
81	83 10
81	85 10
81	79 28
81	84 11
81	83 11
81	85 11
81	79 26
81	84 12
81	83 12
81	85 12
81	79 32
81	84 13
81	83 13
81	85 13
81	79 23
81	84 14
81	83 14
81	85 14
81	79 23
81	84 15
81	83 15
81	85 15
81	79 29
81	84 16
81	83 16
81	85 16
81	79 24
81	84 17
81	83 17
81	85 17
81	79 26
81	84 18
81	83 18
81	85 18
81	79 29
81	84 19
81	83 19
81	85 19
81	79 27
81	84 20
81	83 20
81	85 20
81	79 24
81	84 1
81	83 1
81	85 1
81	79 29
81	84 2
81	83 2
81	85 2
81	79 29
81	84 3
81	83 3
81	85 3
81	79 23
81	84 4
81	83 4
81	85 4
81	79 27
81	84 5
81	83 5
81	85 5
81	79 29
81	84 6
81	83 6
81	85 6
81	79 30
81	84 7
81	83 7
81	85 7
81	79 25
81	84 8
81	83 8
81	85 8
81	79 29
81	84 9
81	83 9
81	85 9
81	79 28
81	84 10
81	TEST_NUMBER 1
81	SENT_TOTAL 250
81	RECEIVED_TOTAL 249
81	TIME_TOTAL 29803
81	RECEIVED_RADIO_1 124
81	RECEIVED_RADIO_2 126
81	SENT_RADIO_1 124
81	SENT_RADIO_2 126
81	RADIO_TIME_1 19736
81	RADIO_TIME_2 29854
81	RETRANSMISSIONS_1 3
81	RETRANSMISSIONS_2 0
81	DROPPED_1 0
81	DROPPED_2 0
81	MAX_QUEUE 1
81	DUPLICATED_1 1
81	DUPLICATED_2 0
81	EBUSY_RADIO_1 0
81	EBUSY_RADIO_2 0
81	83 0
81	85 10
81	86 1
81	84 1
81	83 1
81	85 1
81	79 25
81	84 2
81	83 2
81	85 2
81	79 24
81	84 3
81	83 3
81	85 3
81	79 27
81	84 4
81	83 4
81	85 4
81	79 26
81	84 5
81	83 5
81	85 5
81	79 25
81	84 6
81	83 6
81	85 6
81	79 25
81	84 7
81	83 7
81	85 7
81	79 26
81	84 8
81	83 8
81	85 8
81	79 24
81	84 9
81	83 9
81	85 9
81	79 27
81	84 10
81	83 10
81	85 10
81	79 23
81	84 11
81	83 11
81	85 11
81	79 23
81	84 12
81	83 12
81	85 12
81	79 25
81	84 13
81	83 13
81	85 13
81	79 21
81	84 14
81	83 14
81	85 14
81	79 26
81	84 15
81	83 15
81	85 15
81	79 27
81	84 16
81	83 16
81	85 16
81	79 22
81	84 17
81	83 17
81	85 17
81	79 25
81	84 18
81	83 18
81	85 18
81	79 30
81	84 19
81	83 19
81	85 19
81	79 26
81	84 20
81	83 20
81	85 20
81	79 27
81	84 1
81	83 1
81	85 1
81	79 29
81	84 2
81	83 2
81	85 2
81	79 27
81	84 3
81	83 3
81	85 3
81	79 23
81	84 4
81	83 4
81	85 4
81	79 27
81	84 5
81	83 5
81	85 5
81	79 24
81	84 6
81	83 6
81	85 6
81	79 27
81	84 7
81	83 7
81	85 7
81	79 25
81	84 8
81	83 8
81	85 8
81	79 24
81	84 9
81	83 9
81	85 9
81	79 25
81	84 10
81	83 10
81	85 10
81	79 28
81	84 11
81	83 11
81	85 11
81	79 22
81	84 12
81	83 12
81	85 12
81	79 25
81	84 13
81	83 13
81	85 13
81	79 22
81	84 14
81	83 14
81	85 14
81	79 30
81	84 15
81	83 15
81	85 15
81	79 27
81	84 16
81	83 16
81	85 16
81	79 27
81	84 17
81	83 17
81	85 17
81	79 25
81	84 18
81	83 18
81	85 18
81	79 26
81	84 19
81	83 19
81	85 19
81	79 29
81	84 20
81	83 20
81	85 20
81	79 31
81	84 1
81	83 1
81	85 1
81	79 24
81	84 2
81	83 2
81	85 2
81	79 26
81	84 3
81	83 3
81	85 3
81	79 31
81	84 4
81	83 4
81	85 4
81	79 27
81	84 5
81	83 5
81	85 5
81	79 28
81	84 6
81	83 6
81	85 6
81	79 31
81	84 7
81	83 7
81	85 7
81	79 26
81	84 8
81	83 8
81	85 8
81	79 26
81	84 9
81	83 9
81	85 9
81	79 22
81	84 10
81	83 10
81	85 10
81	79 29
81	84 11
81	83 11
81	85 11
81	79 24
81	84 12
81	83 12
81	85 12
81	79 25
81	84 13
81	83 13
81	85 13
81	79 29
81	84 14
81	83 14
81	85 14
81	79 25
81	84 15
81	83 15
81	85 15
81	79 23
81	84 16
81	83 16
81	85 16
81	79 26
81	84 17
81	83 17
81	85 17
81	79 21
81	84 18
81	83 18
81	85 18
81	79 29
81	84 19
81	83 19
81	85 19
81	79 24
81	84 20
81	83 20
81	85 20
81	79 28
81	84 1
81	83 1
81	85 1
81	79 30
81	84 2
81	83 2
81	85 2
81	79 28
81	84 3
81	83 3
81	85 3
81	79 24
81	84 4
81	83 4
81	85 4
81	79 30
81	84 5
81	83 5
81	85 5
81	79 25
81	84 6
81	83 6
81	85 6
81	79 25
81	84 7
81	83 7
81	85 7
81	79 24
81	84 8
81	83 8
81	85 8
81	79 27
81	84 9
81	83 9
81	85 9
81	79 23
81	84 10
81	83 10
81	85 10
81	79 32
81	84 11
81	83 11
81	85 11
81	79 25
81	84 12
81	83 12
81	85 12
81	79 26
81	84 13
81	83 13
81	85 13
81	79 27
81	84 14
81	83 14
81	85 14
81	79 24
81	84 15
81	83 15
81	85 15
81	79 25
81	84 16
81	83 16
81	85 16
81	79 29
81	84 17
81	83 17
81	85 17
81	79 27
81	84 18
81	83 18
81	85 18
81	79 25
81	84 19
81	83 19
81	85 19
81	79 24
81	84 20
81	83 20
81	85 20
81	79 27
81	84 1
81	83 1
81	85 1
81	79 25
81	84 2
81	83 2
81	85 2
81	79 26
81	84 3
81	83 3
81	85 3
81	79 31
81	84 4
81	83 4
81	85 4
81	79 26
81	84 5
81	83 5
81	85 5
81	79 27
81	84 6
81	83 6
81	85 6
81	79 25
81	84 7
81	83 7
81	85 7
81	79 24
81	84 8
81	83 8
81	85 8
81	79 27
81	84 9
81	83 9
81	85 9
81	79 30
81	84 10
81	83 10
81	85 10
81	79 31
81	84 11
81	83 11
81	85 11
81	79 22
81	84 12
81	83 12
81	85 12
81	79 27
81	84 13
81	83 13
81	85 13
81	79 27
81	84 14
81	83 14
81	85 14
81	79 25
81	84 15
81	83 15
81	85 15
81	79 26
81	84 16
81	83 16
81	85 16
81	79 27
81	84 17
81	83 17
81	85 17
81	79 25
81	84 18
81	83 18
81	85 18
81	79 30
81	84 19
81	83 19
81	85 19
81	79 31
81	84 20
81	83 20
81	85 20
81	79 26
81	84 1
81	83 1
81	85 1
81	79 26
81	84 2
81	83 2
81	85 2
81	79 25
81	84 3
81	83 3
81	85 3
81	79 26
81	84 4
81	83 4
81	85 4
81	79 26
81	84 5
81	83 5
81	85 5
81	79 26
81	84 6
81	83 6
81	85 6
81	79 28
81	84 7
81	83 7
81	85 7
81	79 33
81	84 8
81	83 8
81	85 8
81	79 29
81	84 9
81	83 9
81	85 9
81	79 29
81	84 10
81	83 10
81	85 10
81	79 27
81	84 11
81	83 11
81	85 11
81	79 27
81	84 12
81	83 12
81	85 12
81	79 27
81	84 13
81	83 13
81	85 13
81	79 25
81	84 14
81	83 14
81	85 14
81	79 31
81	84 15
81	83 15
81	85 15
81	79 24
81	84 16
81	83 16
81	85 16
81	79 27
81	84 17
81	83 17
81	85 17
81	79 21
81	84 18
81	83 18
81	85 18
81	79 26
81	84 19
81	83 19
81	85 19
81	79 26
81	84 20
81	83 20
81	85 20
81	79 27
81	84 1
81	83 1
81	85 1
81	79 24
81	84 2
81	83 2
81	85 2
81	79 28
81	84 3
81	83 3
81	85 3
81	79 27
81	84 4
81	83 4
81	85 4
81	79 23
81	84 5
81	84 6
81	83 6
81	85 6
81	79 32
81	84 7
81	83 7
81	85 7
81	79 33
81	83 7
81	85 5
81	79 193
81	84 8
81	83 8
81	85 8
81	79 25
81	84 9
81	83 9
81	85 9
81	79 27
81	84 10
81	83 10
81	85 10
81	79 24
81	84 11
81	83 11
81	85 11
81	79 29
81	84 12
81	84 13
81	83 13
81	85 13
81	79 25
81	84 14
81	83 14
81	85 12
81	79 189
81	83 14
81	85 14
81	79 42
81	84 15
81	83 15
81	85 15
81	79 27
81	84 16
81	83 16
81	85 16
81	79 38
81	84 17
81	83 17
81	85 17
81	79 28
81	84 18
81	83 18
81	85 18
81	79 25
81	84 19
81	83 19
81	85 19
81	79 29
81	84 20
81	83 20
81	85 20
81	79 27
81	84 1
81	83 1
81	85 1
81	79 23
81	84 2
81	83 2
81	85 2
81	79 25
81	84 3
81	83 3
81	85 3
81	79 25
81	84 4
81	83 4
81	85 4
81	79 27
81	84 5
81	83 5
81	85 5
81	79 30
81	84 6
81	84 7
81	83 7
81	85 7
81	79 28
81	84 8
81	83 8
81	85 6
81	79 187
81	83 8
81	85 8
81	79 38
81	84 9
81	83 9
81	85 9
81	79 26
81	84 10
81	83 10
81	85 10
81	79 31
81	84 11
81	83 11
81	85 11
81	79 24
81	84 12
81	83 12
81	85 12
81	79 25
81	84 13
81	83 13
81	85 13
81	79 27
81	84 14
81	83 14
81	85 14
81	79 27
81	84 15
81	83 15
81	85 15
81	79 27
81	84 16
81	83 16
81	85 16
81	79 22
81	84 17
81	83 17
81	85 17
81	79 29
81	84 18
81	83 18
81	85 18
81	79 29
81	84 19
81	83 19
81	85 19
81	79 26
81	84 20
81	83 20
81	85 20
81	79 24
81	84 1
81	83 1
81	85 1
81	79 29
81	84 2
81	84 3
81	83 3
81	85 3
81	79 24
81	84 4
81	83 4
81	85 2
81	79 187
81	83 4
81	85 4
81	79 34
81	84 5
81	83 5
81	85 5
81	79 28
81	84 6
81	83 6
81	85 6
81	79 29
81	84 7
81	83 7
81	85 7
81	79 29
81	84 8
81	83 8
81	85 8
81	79 24
81	84 9
81	83 9
81	85 9
81	79 29
81	84 10
81	83 10
81	85 10
81	79 24
81	84 11
81	83 11
81	85 11
81	79 25
81	84 12
81	83 12
81	85 12
81	79 25
81	84 13
81	83 13
81	85 13
81	79 24
81	84 14
81	83 14
81	85 14
81	79 26
81	84 15
81	83 15
81	85 15
81	79 27
81	84 16
81	84 17
81	83 17
81	85 17
81	79 28
81	84 18
81	83 18
81	85 16
81	79 182
81	83 18
81	85 18
81	79 28
81	84 19
81	83 19
81	85 19
81	79 24
81	84 20
81	83 20
81	85 20
81	79 29
81	84 1
81	83 1
81	85 1
81	79 26
81	84 2
81	83 2
81	85 2
81	79 29
81	84 3
81	83 3
81	85 3
81	79 24
81	84 4
81	83 4
81	85 4
81	79 28
81	84 5
81	84 6
81	83 6
81	85 6
81	79 25
81	84 7
81	83 7
81	85 5
81	79 190
81	83 7
81	85 7
81	79 37
81	84 8
81	83 8
81	85 8
81	79 30
81	84 9
81	83 9
81	85 9
81	79 31
81	84 10
81	84 11
81	83 11
81	85 11
81	79 28
81	84 12
81	83 12
81	85 10
81	79 182
81	83 12
81	85 12
81	79 35
81	84 13
81	84 14
81	83 14
81	85 14
81	79 31
81	84 15
81	83 15
81	85 13
81	79 188
81	83 15
81	85 15
81	79 35
81	84 16
81	83 16
81	85 16
81	79 29
81	84 17
81	83 17
81	85 17
81	79 38
81	84 18
81	83 18
81	85 18
81	79 26
81	84 19
81	83 19
81	85 19
81	79 29
81	84 20
81	83 20
81	85 20
81	79 33
81	84 1
81	83 1
81	85 1
81	79 28
81	84 2
81	84 3
81	83 3
81	85 3
81	79 26
81	84 4
81	83 4
81	85 2
81	79 197
81	83 4
81	85 4
81	79 51
81	84 5
81	83 5
81	85 5
81	79 26
81	84 6
81	83 6
81	85 6
81	79 32
81	84 7
81	83 7
81	85 7
81	79 29
81	84 8
81	83 8
81	85 8
81	79 29
81	84 9
81	83 9
81	85 9
81	79 27
81	84 10
81	83 10
81	85 10
81	79 32
81	84 11
81	83 11
81	85 11
81	79 27
81	84 12
81	83 12
81	85 12
81	79 29
81	84 13
81	83 13
81	85 13
81	79 30
81	84 14
81	83 14
81	85 14
81	79 25
81	84 15
81	83 15
81	85 15
81	79 23
81	84 16
81	83 16
81	85 16
81	79 25
81	84 17
81	83 17
81	85 17
81	79 30
81	84 18
81	83 18
81	85 18
81	79 28
81	84 19
81	83 19
81	85 19
81	79 23
81	84 20
81	83 20
81	85 20
81	79 30
81	84 1
81	83 1
81	85 1
81	79 28
81	84 2
81	83 2
81	85 2
81	79 24
81	84 3
81	83 3
81	85 3
81	79 24
81	84 4
81	83 4
81	85 4
81	79 28
81	84 5
81	83 5
81	85 5
81	79 27
81	84 6
81	83 6
81	85 6
81	79 28
81	84 7
81	83 7
81	85 7
81	79 27
81	84 8
81	83 8
81	85 8
81	79 26
81	84 9
81	83 9
81	85 9
81	79 27
81	84 10
81	83 10
81	85 10
81	79 26
81	84 11
81	83 11
81	85 11
81	79 26
81	84 12
81	83 12
81	85 12
81	79 27
81	84 13
81	83 13
81	85 13
81	79 23
81	84 14
81	83 14
81	85 14
81	79 29
81	84 15
81	83 15
81	85 15
81	79 25
81	84 16
81	83 16
81	85 16
81	79 32
81	84 17
81	83 17
81	85 17
81	79 25
81	84 18
81	83 18
81	85 18
81	79 27
81	84 19
81	84 20
81	83 20
81	85 20
81	79 26
81	84 1
81	83 1
81	85 19
81	79 189
81	83 1
81	85 1
81	79 38
81	84 2
81	83 2
81	85 2
81	79 39
81	84 3
81	83 3
81	85 3
81	79 27
81	84 4
81	83 4
81	85 4
81	79 27
81	84 5
81	83 5
81	85 5
81	79 30
81	84 6
81	83 6
81	85 6
81	79 22
81	84 7
81	83 7
81	85 7
81	79 23
81	84 8
81	83 8
81	85 8
81	79 32
81	84 9
81	83 9
81	85 9
81	79 22
81	84 10
81	TEST_NUMBER 2
81	SENT_TOTAL 250
81	RECEIVED_TOTAL 249
81	TIME_TOTAL 29799
81	RECEIVED_RADIO_1 125
81	RECEIVED_RADIO_2 125
81	SENT_RADIO_1 121
81	SENT_RADIO_2 129
81	RADIO_TIME_1 29856
81	RADIO_TIME_2 19760
81	RETRANSMISSIONS_1 8
81	RETRANSMISSIONS_2 0
81	DROPPED_1 0
81	DROPPED_2 0
81	MAX_QUEUE 1
81	DUPLICATED_1 1
81	DUPLICATED_2 0
81	EBUSY_RADIO_1 0
81	EBUSY_RADIO_2 0
81	83 0
81	85 10
81	86 2
81	84 1
81	83 1
81	85 1
81	79 27
81	84 2
81	83 2
81	85 2
81	79 30
81	84 3
81	83 3
81	85 3
81	79 28
81	84 4
81	83 4
81	85 4
81	79 31
81	84 5
81	83 5
81	85 5
81	79 28
81	84 6
81	83 6
81	85 6
81	79 29
81	84 7
81	83 7
81	85 7
81	79 29
81	84 8
81	83 8
81	85 8
81	79 29
81	84 9
81	83 9
81	85 9
81	79 28
81	84 10
81	83 10
81	85 10
81	79 32
81	84 11
81	83 11
81	85 11
81	79 27
81	84 12
81	83 12
81	85 12
81	79 27
81	84 13
81	83 13
81	85 13
81	79 29
81	84 14
81	83 14
81	85 14
81	79 29
81	84 15
81	83 15
81	85 15
81	79 29
81	84 16
81	83 16
81	85 16
81	79 33
81	84 17
81	83 17
81	85 17
81	79 28
81	84 18
81	83 18
81	85 18
81	79 26
81	84 19
81	83 19
81	85 19
81	79 28
81	84 20
81	83 20
81	85 20
81	79 29
81	84 1
81	83 1
81	85 1
81	79 29
81	84 2
81	83 2
81	85 2
81	79 30
81	84 3
81	83 3
81	85 3
81	79 28
81	84 4
81	83 4
81	85 4
81	79 25
81	84 5
81	83 5
81	85 5
81	79 26
81	84 6
81	83 6
81	85 6
81	79 27
81	84 7
81	83 7
81	85 7
81	79 28
81	84 8
81	84 9
81	83 9
81	85 9
81	79 26
81	84 10
81	83 10
81	85 8
81	79 186
81	83 10
81	85 10
81	79 40
81	84 11
81	83 11
81	85 11
81	79 29
81	84 12
81	83 12
81	85 12
81	79 24
81	84 13
81	84 14
81	83 14
81	85 14
81	79 28
81	84 15
81	83 15
81	85 13
81	79 185
81	83 15
81	85 15
81	79 38
81	84 16
81	84 17
81	83 17
81	85 17
81	79 27
81	84 18
81	83 18
81	85 16
81	79 187
81	83 18
81	85 18
81	79 38
81	84 19
81	83 19
81	85 19
81	79 26
81	84 20
81	83 20
81	85 20
81	79 32
81	84 1
81	83 1
81	85 1
81	79 23
81	84 2
81	83 2
81	85 2
81	79 24
81	84 3
81	83 3
81	85 3
81	79 33
81	84 4
81	83 4
81	85 4
81	79 27
81	84 5
81	83 5
81	85 5
81	79 31
81	84 6
81	83 6
81	85 6
81	79 25
81	84 7
81	83 7
81	85 7
81	79 26
81	84 8
81	83 8
81	85 8
81	79 27
81	84 9
81	83 9
81	85 9
81	79 27
81	84 10
81	83 10
81	85 10
81	79 26
81	84 11
81	83 11
81	85 11
81	79 29
81	84 12
81	83 12
81	85 12
81	79 28
81	84 13
81	83 13
81	85 13
81	79 26
81	84 14
81	83 14
81	85 14
81	79 26
81	84 15
81	83 15
81	85 15
81	79 27
81	84 16
81	83 16
81	85 16
81	79 26
81	84 17
81	83 17
81	85 17
81	79 24
81	84 18
81	83 18
81	85 18
81	79 25
81	84 19
81	83 19
81	85 19
81	79 25
81	84 20
81	83 20
81	85 20
81	79 26
81	84 1
81	83 1
81	85 1
81	79 30
81	84 2
81	83 2
81	85 2
81	79 26
81	84 3
81	83 3
81	85 3
81	79 30
81	84 4
81	83 4
81	85 4
81	79 25
81	84 5
81	83 5
81	85 5
81	79 30
81	84 6
81	83 6
81	85 6
81	79 24
81	84 7
81	83 7
81	85 7
81	79 27
81	84 8
81	83 8
81	85 8
81	79 26
81	84 9
81	83 9
81	85 9
81	79 28
81	84 10
81	83 10
81	85 10
81	79 25
81	84 11
81	83 11
81	85 11
81	79 32
81	84 12
81	83 12
81	85 12
81	79 22
81	84 13
81	83 13
81	85 13
81	79 26
81	84 14
81	83 14
81	85 14
81	79 24
81	84 15
81	83 15
81	85 15
81	79 25
81	84 16
81	83 16
81	85 16
81	79 25
81	84 17
81	83 17
81	85 17
81	79 33
81	84 18
81	83 18
81	85 18
81	79 25
81	84 19
81	83 19
81	85 19
81	79 26
81	84 20
81	83 20
81	85 20
81	79 24
81	84 1
81	83 1
81	85 1
81	79 26
81	84 2
81	83 2
81	85 2
81	79 27
81	84 3
81	83 3
81	85 3
81	79 25
81	84 4
81	83 4
81	85 4
81	79 23
81	84 5
81	83 5
81	85 5
81	79 26
81	84 6
81	83 6
81	85 6
81	79 26
81	84 7
81	83 7
81	85 7
81	79 31
81	84 8
81	83 8
81	85 8
81	79 27
81	84 9
81	83 9
81	85 9
81	79 26
81	84 10
81	83 10
81	85 10
81	79 24
81	84 11
81	83 11
81	85 11
81	79 26
81	84 12
81	83 12
81	85 12
81	79 25
81	84 13
81	83 13
81	85 13
81	79 28
81	84 14
81	83 14
81	85 14
81	79 26
81	84 15
81	83 15
81	85 15
81	79 25
81	84 16
81	83 16
81	85 16
81	79 25
81	84 17
81	84 18
81	83 18
81	85 18
81	79 27
81	84 19
81	83 19
81	85 17
81	79 188
81	83 19
81	85 19
81	79 39
81	84 20
81	83 20
81	85 20
81	79 26
81	84 1
81	83 1
81	85 1
81	79 28
81	84 2
81	83 2
81	85 2
81	79 25
81	84 3
81	83 3
81	85 3
81	79 29
81	84 4
81	84 5
81	83 5
81	85 5
81	79 32
81	84 6
81	83 6
81	85 4
81	79 186
81	83 6
81	85 6
81	79 38
81	84 7
81	83 7
81	85 7
81	79 22
81	84 8
81	83 8
81	85 8
81	79 35
81	84 9
81	83 9
81	85 9
81	79 27
81	84 10
81	83 10
81	85 10
81	79 22
81	84 11
81	83 11
81	85 11
81	79 23
81	84 12
81	83 12
81	85 12
81	79 25
81	84 13
81	83 13
81	85 13
81	79 29
81	84 14
81	83 14
81	85 14
81	79 27
81	84 15
81	83 15
81	85 15
81	79 26
81	84 16
81	83 16
81	85 16
81	79 27
81	84 17
81	83 17
81	85 17
81	79 25
81	84 18
81	83 18
81	85 18
81	79 28
81	84 19
81	83 19
81	85 19
81	79 31
81	84 20
81	83 20
81	85 20
81	79 24
81	84 1
81	83 1
81	85 1
81	79 24
81	84 2
81	83 2
81	85 2
81	79 27
81	84 3
81	83 3
81	85 3
81	79 24
81	84 4
81	83 4
81	85 4
81	79 27
81	84 5
81	83 5
81	85 5
81	79 22
81	84 6
81	83 6
81	85 6
81	79 26
81	84 7
81	83 7
81	85 7
81	79 29
81	84 8
81	83 8
81	85 8
81	79 25
81	84 9
81	83 9
81	85 9
81	79 31
81	84 10
81	83 10
81	85 10
81	79 28
81	84 11
81	83 11
81	85 11
81	79 26
81	84 12
81	83 12
81	85 12
81	79 26
81	84 13
81	83 13
81	85 13
81	79 26
81	84 14
81	83 14
81	85 14
81	79 30
81	84 15
81	83 15
81	85 15
81	79 29
81	84 16
81	83 16
81	85 16
81	79 27
81	84 17
81	83 17
81	85 17
81	79 29
81	84 18
81	83 18
81	85 18
81	79 27
81	84 19
81	83 19
81	85 19
81	79 29
81	84 20
81	83 20
81	85 20
81	79 23
81	84 1
81	83 1
81	85 1
81	79 23
81	84 2
81	83 2
81	85 2
81	79 30
81	84 3
81	83 3
81	85 3
81	79 29
81	84 4
81	83 4
81	85 4
81	79 29
81	84 5
81	83 5
81	85 5
81	79 26
81	84 6
81	83 6
81	85 6
81	79 23
81	84 7
81	83 7
81	85 7
81	79 28
81	84 8
81	83 8
81	85 8
81	79 30
81	84 9
81	83 9
81	85 9
81	79 22
81	84 10
81	83 10
81	85 10
81	79 27
81	84 11
81	83 11
81	85 11
81	79 26
81	84 12
81	83 12
81	85 12
81	79 27
81	84 13
81	83 13
81	85 13
81	79 28
81	84 14
81	83 14
81	85 14
81	79 25
81	84 15
81	83 15
81	85 15
81	79 26
81	84 16
81	83 16
81	85 16
81	79 29
81	84 17
81	83 17
81	85 17
81	79 23
81	84 18
81	83 18
81	85 18
81	79 27
81	84 19
81	83 19
81	85 19
81	79 28
81	84 20
81	83 20
81	85 20
81	79 33
81	84 1
81	83 1
81	85 1
81	79 26
81	84 2
81	83 2
81	85 2
81	79 26
81	84 3
81	83 3
81	85 3
81	79 28
81	84 4
81	83 4
81	85 4
81	79 26
81	84 5
81	83 5
81	85 5
81	79 24
81	84 6
81	83 6
81	85 6
81	79 34
81	84 7
81	83 7
81	85 7
81	79 25
81	84 8
81	83 8
81	85 8
81	79 26
81	84 9
81	83 9
81	85 9
81	79 26
81	84 10
81	83 10
81	85 10
81	79 23
81	84 11
81	83 11
81	85 11
81	79 26
81	84 12
81	83 12
81	85 12
81	79 29
81	84 13
81	83 13
81	85 13
81	79 31
81	84 14
81	83 14
81	85 14
81	79 26
81	84 15
81	83 15
81	85 15
81	79 25
81	84 16
81	83 16
81	85 16
81	79 28
81	84 17
81	83 17
81	85 17
81	79 26
81	84 18
81	83 18
81	85 18
81	79 24
81	84 19
81	83 19
81	85 19
81	79 25
81	84 20
81	83 20
81	85 20
81	79 25
81	84 1
81	83 1
81	85 1
81	79 28
81	84 2
81	83 2
81	85 2
81	79 28
81	84 3
81	83 3
81	85 3
81	79 27
81	84 4
81	83 4
81	85 4
81	79 22
81	84 5
81	83 5
81	85 5
81	79 29
81	84 6
81	83 6
81	85 6
81	79 24
81	84 7
81	83 7
81	85 7
81	79 23
81	84 8
81	83 8
81	85 8
81	79 28
81	84 9
81	83 9
81	85 9
81	79 26
81	84 10
81	83 10
81	85 10
81	79 25
81	84 11
81	83 11
81	85 11
81	79 25
81	84 12
81	83 12
81	85 12
81	79 27
81	84 13
81	83 13
81	85 13
81	79 27
81	84 14
81	83 14
81	85 14
81	79 26
81	84 15
81	83 15
81	85 15
81	79 27
81	84 16
81	83 16
81	85 16
81	79 28
81	84 17
81	83 17
81	85 17
81	79 24
81	84 18
81	83 18
81	85 18
81	79 24
81	84 19
81	83 19
81	85 19
81	79 24
81	84 20
81	83 20
81	85 20
81	79 24
81	84 1
81	83 1
81	85 1
81	79 32
81	84 2
81	83 2
81	85 2
81	79 32
81	84 3
81	83 3
81	85 3
81	79 26
81	84 4
81	83 4
81	85 4
81	79 26
81	84 5
81	83 5
81	85 5
81	79 28
81	84 6
81	83 6
81	85 6
81	79 27
81	84 7
81	83 7
81	85 7
81	79 23
81	84 8
81	83 8
81	85 8
81	79 23
81	84 9
81	83 9
81	85 9
81	79 28
81	84 10
81	83 10
81	85 10
81	79 26
81	84 11
81	83 11
81	85 11
81	79 25
81	84 12
81	83 12
81	85 12
81	79 28
81	84 13
81	83 13
81	85 13
81	79 27
81	84 14
81	83 14
81	85 14
81	79 30
81	84 15
81	83 15
81	85 15
81	79 29
81	84 16
81	83 16
81	85 16
81	79 28
81	84 17
81	83 17
81	85 17
81	79 26
81	84 18
81	83 18
81	85 18
81	79 24
81	84 19
81	83 19
81	85 19
81	79 25
81	84 20
81	83 20
81	85 20
81	79 24
81	84 1
81	83 1
81	85 1
81	79 24
81	84 2
81	83 2
81	85 2
81	79 31
81	84 3
81	83 3
81	85 3
81	79 26
81	84 4
81	83 4
81	85 4
81	79 25
81	84 5
81	83 5
81	85 5
81	79 26
81	84 6
81	83 6
81	85 6
81	79 26
81	84 7
81	83 7
81	85 7
81	79 26
81	84 8
81	83 8
81	85 8
81	79 23
81	84 9
81	83 9
81	85 9
81	79 30
81	84 10
81	83 10
81	85 10
81	79 25
81	84 11
81	83 11
81	85 11
81	79 22
81	84 12
81	83 12
81	85 12
81	79 27
81	84 13
81	83 13
81	85 13
81	79 26
81	84 14
81	83 14
81	85 14
81	79 24
81	84 15
81	83 15
81	85 15
81	79 25
81	84 16
81	83 16
81	85 16
81	79 30
81	84 17
81	83 17
81	85 17
81	79 27
81	84 18
81	83 18
81	85 18
81	79 28
81	84 19
81	83 19
81	85 19
81	79 25
81	84 20
81	83 20
81	85 20
81	79 28
81	84 1
81	83 1
81	85 1
81	79 27
81	84 2
81	83 2
81	85 2
81	79 27
81	84 3
81	83 3
81	85 3
81	79 22
81	84 4
81	83 4
81	85 4
81	79 29
81	84 5
81	83 5
81	85 5
81	79 25
81	84 6
81	83 6
81	85 6
81	79 27
81	84 7
81	83 7
81	85 7
81	79 29
81	84 8
81	83 8
81	85 8
81	79 31
81	84 9
81	83 9
81	85 9
81	79 26
81	84 10
81	TEST_NUMBER 3
81	SENT_TOTAL 250
81	RECEIVED_TOTAL 249
81	TIME_TOTAL 29797
81	RECEIVED_RADIO_1 125
81	RECEIVED_RADIO_2 125
81	SENT_RADIO_1 123
81	SENT_RADIO_2 127
81	RADIO_TIME_1 29771
81	RADIO_TIME_2 19843
81	RETRANSMISSIONS_1 5
81	RETRANSMISSIONS_2 0
81	DROPPED_1 0
81	DROPPED_2 0
81	MAX_QUEUE 1
81	DUPLICATED_1 0
81	DUPLICATED_2 0
81	EBUSY_RADIO_1 0
81	EBUSY_RADIO_2 0
81	83 0
81	85 10
81	86 3
81	84 1
81	84 2
81	83 2
81	85 2
81	79 27
81	84 3
81	83 3
81	85 1
81	79 189
81	83 3
81	85 3
81	79 36
81	84 4
81	83 4
81	85 4
81	79 38
81	84 5
81	83 5
81	85 5
81	79 27
81	84 6
81	83 6
81	85 6
81	79 24
81	84 7
81	83 7
81	85 7
81	79 25
81	84 8
81	83 8
81	85 8
81	79 28
81	84 9
81	83 9
81	85 9
81	79 27
81	84 10
81	83 10
81	85 10
81	79 24
81	84 11
81	83 11
81	85 11
81	79 28
81	84 12
81	83 12
81	85 12
81	79 22
81	84 13
81	83 13
81	85 13
81	79 26
81	84 14
81	84 15
81	83 15
81	85 15
81	79 33
81	84 16
81	83 16
81	85 14
81	79 187
81	83 16
81	85 16
81	79 36
81	84 17
81	83 17
81	85 17
81	79 26
81	84 18
81	83 18
81	85 18
81	79 27
81	84 19
81	83 19
81	85 19
81	79 28
81	84 20
81	83 20
81	85 20
81	79 31
81	84 1
81	83 1
81	85 1
81	79 35
81	84 2
81	83 2
81	85 2
81	79 30
81	84 3
81	83 3
81	85 3
81	79 25
81	84 4
81	83 4
81	85 4
81	79 28
81	84 5
81	83 5
81	85 5
81	79 27
81	84 6
81	83 6
81	85 6
81	79 30
81	84 7
81	83 7
81	85 7
81	79 28
81	84 8
81	83 8
81	85 8
81	79 31
81	84 9
81	83 9
81	85 9
81	79 28
81	84 10
81	83 10
81	85 10
81	79 29
81	84 11
81	83 11
81	85 11
81	79 25
81	84 12
81	83 12
81	85 12
81	79 26
81	84 13
81	83 13
81	85 13
81	79 29
81	84 14
81	83 14
81	85 14
81	79 28
81	84 15
81	83 15
81	85 15
81	79 33
81	84 16
81	83 16
81	85 16
81	79 27
81	84 17
81	83 17
81	85 17
81	79 31
81	84 18
81	83 18
81	85 18
81	79 32
81	84 19
81	83 19
81	85 19
81	79 30
81	84 20
81	83 20
81	85 20
81	79 34
81	84 1
81	83 1
81	85 1
81	79 26
81	84 2
81	83 2
81	85 2
81	79 26
81	84 3
81	83 3
81	85 3
81	79 28
81	84 4
81	83 4
81	85 4
81	79 25
81	84 5
81	83 5
81	85 5
81	79 31
81	84 6
81	83 6
81	85 6
81	79 25
81	84 7
81	83 7
81	85 7
81	79 27
81	84 8
81	83 8
81	85 8
81	79 29
81	84 9
81	83 9
81	85 9
81	79 26
81	84 10
81	83 10
81	85 10
81	79 24
81	84 11
81	83 11
81	85 11
81	79 32
81	84 12
81	83 12
81	85 12
81	79 29
81	84 13
81	83 13
81	85 13
81	79 30
81	84 14
81	83 14
81	85 14
81	79 27
81	84 15
81	83 15
81	85 15
81	79 25
81	84 16
81	83 16
81	85 16
81	79 31
81	84 17
81	83 17
81	85 17
81	79 31
81	84 18
81	83 18
81	85 18
81	79 30
81	84 19
81	83 19
81	85 19
81	79 26
81	84 20
81	83 20
81	85 20
81	79 28
81	84 1
81	83 1
81	85 1
81	79 32
81	84 2
81	83 2
81	85 2
81	79 31
81	84 3
81	83 3
81	85 3
81	79 29
81	84 4
81	83 4
81	85 4
81	79 27
81	84 5
81	83 5
81	85 5
81	79 28
81	84 6
81	83 6
81	85 6
81	79 27
81	84 7
81	83 7
81	85 7
81	79 26
81	84 8
81	83 8
81	85 8
81	79 30
81	84 9
81	83 9
81	85 9
81	79 28
81	84 10
81	83 10
81	85 10
81	79 29
81	84 11
81	83 11
81	85 11
81	79 30
81	84 12
81	83 12
81	85 12
81	79 24
81	84 13
81	83 13
81	85 13
81	79 31
81	84 14
81	83 14
81	85 14
81	79 31
81	84 15
81	83 15
81	85 15
81	79 23
81	84 16
81	83 16
81	85 16
81	79 31
81	84 17
81	83 17
81	85 17
81	79 33
81	84 18
81	83 18
81	85 18
81	79 32
81	84 19
81	83 19
81	85 19
81	79 28
81	84 20
81	83 20
81	85 20
81	79 27
81	84 1
81	83 1
81	85 1
81	79 32
81	84 2
81	83 2
81	85 2
81	79 28
81	84 3
81	83 3
81	85 3
81	79 32
81	84 4
81	83 4
81	85 4
81	79 30
81	84 5
81	83 5
81	85 5
81	79 26
81	84 6
81	83 6
81	85 6
81	79 31
81	84 7
81	83 7
81	85 7
81	79 23
81	84 8
81	83 8
81	85 8
81	79 32
81	84 9
81	83 9
81	85 9
81	79 24
81	84 10
81	83 10
81	85 10
81	79 29
81	84 11
81	83 11
81	85 11
81	79 30
81	84 12
81	83 12
81	85 12
81	79 23
81	84 13
81	83 13
81	85 13
81	79 26
81	84 14
81	83 14
81	85 14
81	79 26
81	84 15
81	83 15
81	85 15
81	79 33
81	84 16
81	83 16
81	85 16
81	79 24
81	84 17
81	83 17
81	85 17
81	79 29
81	84 18
81	83 18
81	85 18
81	79 26
81	84 19
81	83 19
81	85 19
81	79 28
81	84 20
81	83 20
81	85 20
81	79 31
81	84 1
81	83 1
81	85 1
81	79 27
81	84 2
81	83 2
81	85 2
81	79 29
81	84 3
81	83 3
81	85 3
81	79 27
81	84 4
81	83 4
81	85 4
81	79 27
81	84 5
81	83 5
81	85 5
81	79 28
81	84 6
81	83 6
81	85 6
81	79 26
81	84 7
81	83 7
81	85 7
81	79 32
81	84 8
81	83 8
81	85 8
81	79 26
81	84 9
81	83 9
81	85 9
81	79 30
81	84 10
81	83 10
81	85 10
81	79 27
81	84 11
81	83 11
81	85 11
81	79 25
81	84 12
81	83 12
81	85 12
81	79 28
81	84 13
81	83 13
81	85 13
81	79 31
81	84 14
81	83 14
81	85 14
81	79 30
81	84 15
81	83 15
81	85 15
81	79 29
81	84 16
81	83 16
81	85 16
81	79 28
81	84 17
81	83 17
81	85 17
81	79 23
81	84 18
81	83 18
81	85 18
81	79 28
81	84 19
81	83 19
81	85 19
81	79 27
81	84 20
81	83 20
81	85 20
81	79 29
81	84 1
81	83 1
81	85 1
81	79 30
81	84 2
81	83 2
81	85 2
81	79 30
81	84 3
81	83 3
81	85 3
81	79 29
81	84 4
81	83 4
81	85 4
81	79 30
81	84 5
81	83 5
81	85 5
81	79 32
81	84 6
81	83 6
81	85 6
81	79 24
81	84 7
81	83 7
81	85 7
81	79 29
81	84 8
81	83 8
81	85 8
81	79 25
81	84 9
81	83 9
81	85 9
81	79 28
81	84 10
81	83 10
81	85 10
81	79 26
81	84 11
81	83 11
81	85 11
81	79 28
81	84 12
81	83 12
81	85 12
81	79 30
81	84 13
81	83 13
81	85 13
81	79 32
81	84 14
81	83 14
81	85 14
81	79 32
81	84 15
81	83 15
81	85 15
81	79 27
81	84 16
81	83 16
81	85 16
81	79 28
81	84 17
81	83 17
81	85 17
81	79 32
81	84 18
81	83 18
81	85 18
81	79 27
81	84 19
81	83 19
81	85 19
81	79 29
81	84 20
81	83 20
81	85 20
81	79 27
81	84 1
81	84 2
81	83 2
81	85 2
81	79 28
81	84 3
81	83 3
81	85 1
81	79 185
81	84 4
81	83 4
81	85 4
81	79 29
81	84 5
81	83 5
81	85 3
81	79 196
81	84 6
81	83 6
81	85 6
81	79 25
81	84 7
81	83 7
81	85 5
81	79 182
81	83 7
81	85 7
81	79 31
81	84 8
81	83 8
81	85 8
81	79 28
81	84 9
81	83 9
81	85 9
81	79 29
81	84 10
81	83 10
81	85 10
81	79 30
81	84 11
81	83 11
81	85 11
81	79 28
81	84 12
81	83 12
81	85 12
81	79 29
81	84 13
81	83 13
81	85 13
81	79 22
81	84 14
81	83 14
81	85 14
81	79 30
81	84 15
81	83 15
81	85 15
81	79 24
81	84 16
81	83 16
81	85 16
81	79 27
81	84 17
81	83 17
81	85 17
81	79 28
81	84 18
81	83 18
81	85 18
81	79 23
81	84 19
81	83 19
81	85 19
81	79 30
81	84 20
81	83 20
81	85 20
81	79 25
81	84 1
81	83 1
81	85 1
81	79 24
81	84 2
81	83 2
81	85 2
81	79 28
81	84 3
81	83 3
81	85 3
81	79 27
81	84 4
81	83 4
81	85 4
81	79 25
81	84 5
81	83 5
81	85 5
81	79 23
81	84 6
81	83 6
81	85 6
81	79 27
81	84 7
81	83 7
81	85 7
81	79 27
81	84 8
81	83 8
81	85 8
81	79 26
81	84 9
81	83 9
81	85 9
81	79 26
81	84 10
81	83 10
81	85 10
81	79 27
81	84 11
81	83 11
81	85 11
81	79 24
81	84 12
81	83 12
81	85 12
81	79 26
81	84 13
81	83 13
81	85 13
81	79 29
81	84 14
81	83 14
81	85 14
81	79 22
81	84 15
81	83 15
81	85 15
81	79 25
81	84 16
81	83 16
81	85 16
81	79 23
81	84 17
81	83 17
81	85 17
81	79 28
81	84 18
81	83 18
81	85 18
81	79 31
81	84 19
81	83 19
81	85 19
81	79 21
81	84 20
81	83 20
81	85 20
81	79 29
81	84 1
81	83 1
81	85 1
81	79 25
81	84 2
81	83 2
81	85 2
81	79 25
81	84 3
81	83 3
81	85 3
81	79 29
81	84 4
81	83 4
81	85 4
81	79 29
81	84 5
81	83 5
81	85 5
81	79 24
81	84 6
81	83 6
81	85 6
81	79 30
81	84 7
81	83 7
81	85 7
81	79 24
81	84 8
81	84 9
81	83 9
81	85 9
81	79 24
81	84 10
81	83 10
81	85 8
81	79 186
81	83 10
81	85 10
81	79 34
81	84 11
81	84 12
81	83 12
81	85 12
81	79 28
81	84 13
81	83 13
81	85 13
81	79 27
81	83 13
81	85 11
81	79 190
81	84 14
81	83 14
81	85 14
81	79 27
81	84 15
81	83 15
81	85 15
81	79 28
81	84 16
81	83 16
81	85 16
81	79 27
81	84 17
81	83 17
81	85 17
81	79 30
81	84 18
81	83 18
81	85 18
81	79 26
81	84 19
81	83 19
81	85 19
81	79 26
81	84 20
81	83 20
81	85 20
81	79 27
81	84 1
81	83 1
81	85 1
81	79 27
81	84 2
81	84 3
81	83 3
81	85 3
81	79 25
81	84 4
81	83 4
81	85 2
81	79 199
81	83 4
81	85 4
81	79 46
81	84 5
81	83 5
81	85 5
81	79 29
81	84 6
81	83 6
81	85 6
81	79 33
81	84 7
81	83 7
81	85 7
81	79 25
81	84 8
81	83 8
81	85 8
81	79 27
81	84 9
81	83 9
81	85 9
81	79 33
81	84 10
81	83 10
81	85 10
81	79 27
81	84 11
81	84 12
81	83 12
81	85 12
81	79 24
81	84 13
81	83 13
81	85 11
81	79 181
81	83 13
81	85 13
81	79 36
81	84 14
81	83 14
81	85 14
81	79 24
81	84 15
81	83 15
81	85 15
81	79 38
81	84 16
81	83 16
81	85 16
81	79 27
81	84 17
81	83 17
81	85 17
81	79 23
81	84 18
81	83 18
81	85 18
81	79 27
81	84 19
81	83 19
81	85 19
81	79 25
81	84 20
81	83 20
81	85 20
81	79 29
81	84 1
81	83 1
81	85 1
81	79 21
81	84 2
81	83 2
81	85 2
81	79 26
81	84 3
81	83 3
81	85 3
81	79 28
81	84 4
81	83 4
81	85 4
81	79 27
81	84 5
81	83 5
81	85 5
81	79 29
81	84 6
81	83 6
81	85 6
81	79 28
81	84 7
81	83 7
81	85 7
81	79 22
81	84 8
81	83 8
81	85 8
81	79 33
81	84 9
81	83 9
81	85 9
81	79 31
81	84 10
81	83 10
81	85 10
81	79 27
81	84 11
81	83 11
81	85 11
81	79 30
81	84 12
81	83 12
81	85 12
81	79 24
81	84 13
81	83 13
81	85 13
81	79 28
81	84 14
81	83 14
81	85 14
81	79 28
81	84 15
81	83 15
81	85 15
81	79 29
81	84 16
81	83 16
81	85 16
81	79 28
81	84 17
81	83 17
81	85 17
81	79 26
81	84 18
81	83 18
81	85 18
81	79 25
81	84 19
81	83 19
81	85 19
81	79 25
81	84 20
81	83 20
81	85 20
81	79 29
81	84 1
81	83 1
81	85 1
81	79 28
81	84 2
81	83 2
81	85 2
81	79 26
81	84 3
81	83 3
81	85 3
81	79 27
81	84 4
81	83 4
81	85 4
81	79 23
81	84 5
81	83 5
81	85 5
81	79 27
81	84 6
81	83 6
81	85 6
81	79 21
81	84 7
81	83 7
81	85 7
81	79 23
81	84 8
81	83 8
81	85 8
81	79 30
81	84 9
81	83 9
81	85 9
81	79 24
81	84 10
81	TEST_NUMBER 4
81	SENT_TOTAL 250
81	RECEIVED_TOTAL 249
81	TIME_TOTAL 29803
81	RECEIVED_RADIO_1 125
81	RECEIVED_RADIO_2 125
81	SENT_RADIO_1 121
81	SENT_RADIO_2 129
81	RADIO_TIME_1 29858
81	RADIO_TIME_2 19683
81	RETRANSMISSIONS_1 8
81	RETRANSMISSIONS_2 0
81	DROPPED_1 0
81	DROPPED_2 0
81	MAX_QUEUE 1
81	DUPLICATED_1 0
81	DUPLICATED_2 0
81	EBUSY_RADIO_1 0
81	EBUSY_RADIO_2 0
81	83 0
81	85 10
81	86 4
81	84 1
81	83 1
81	85 1
81	79 28
81	84 2
81	83 2
81	85 2
81	79 24
81	84 3
81	83 3
81	85 3
81	79 28
81	84 4
81	83 4
81	85 4
81	79 30
81	84 5
81	83 5
81	85 5
81	79 22
81	84 6
81	83 6
81	85 6
81	79 28
81	84 7
81	83 7
81	85 7
81	79 25
81	84 8
81	83 8
81	85 8
81	79 29
81	84 9
81	83 9
81	85 9
81	79 28
81	84 10
81	83 10
81	85 10
81	79 32
81	84 11
81	83 11
81	85 11
81	79 26
81	84 12
81	83 12
81	85 12
81	79 33
81	84 13
81	83 13
81	85 13
81	79 25
81	84 14
81	83 14
81	85 14
81	79 25
81	84 15
81	83 15
81	85 15
81	79 29
81	84 16
81	83 16
81	85 16
81	79 27
81	84 17
81	83 17
81	85 17
81	79 27
81	84 18
81	83 18
81	85 18
81	79 27
81	84 19
81	83 19
81	85 19
81	79 26
81	84 20
81	83 20
81	85 20
81	79 24
81	84 1
81	83 1
81	85 1
81	79 27
81	84 2
81	83 2
81	85 2
81	79 26
81	84 3
81	83 3
81	85 3
81	79 25
81	84 4
81	83 4
81	85 4
81	79 27
81	84 5
81	83 5
81	85 5
81	79 22
81	84 6
81	83 6
81	85 6
81	79 30
81	84 7
81	83 7
81	85 7
81	79 28
81	84 8
81	83 8
81	85 8
81	79 27
81	84 9
81	83 9
81	85 9
81	79 30
81	84 10
81	83 10
81	85 10
81	79 25
81	84 11
81	83 11
81	85 11
81	79 26
81	84 12
81	83 12
81	85 12
81	79 24
81	84 13
81	83 13
81	85 13
81	79 25
81	84 14
81	83 14
81	85 14
81	79 31
81	84 15
81	83 15
81	85 15
81	79 29
81	84 16
81	83 16
81	85 16
81	79 31
81	84 17
81	83 17
81	85 17
81	79 26
81	84 18
81	83 18
81	85 18
81	79 29
81	84 19
81	83 19
81	85 19
81	79 25
81	84 20
81	83 20
81	85 20
81	79 30
81	84 1
81	83 1
81	85 1
81	79 26
81	84 2
81	83 2
81	85 2
81	79 23
81	84 3
81	83 3
81	85 3
81	79 24
81	84 4
81	83 4
81	85 4
81	79 25
81	84 5
81	83 5
81	85 5
81	79 29
81	84 6
81	83 6
81	85 6
81	79 28
81	84 7
81	83 7
81	85 7
81	79 28
81	84 8
81	83 8
81	85 8
81	79 25
81	84 9
81	83 9
81	85 9
81	79 25
81	84 10
81	83 10
81	85 10
81	79 27
81	84 11
81	83 11
81	85 11
81	79 22
81	84 12
81	83 12
81	85 12
81	79 24
81	84 13
81	83 13
81	85 13
81	79 31
81	84 14
81	83 14
81	85 14
81	79 23
81	84 15
81	83 15
81	85 15
81	79 27
81	84 16
81	83 16
81	85 16
81	79 23
81	84 17
81	83 17
81	85 17
81	79 22
81	84 18
81	83 18
81	85 18
81	79 25
81	84 19
81	83 19
81	85 19
81	79 25
81	84 20
81	83 20
81	85 20
81	79 22
81	84 1
81	83 1
81	85 1
81	79 28
81	84 2
81	83 2
81	85 2
81	79 26
81	84 3
81	83 3
81	85 3
81	79 31
81	84 4
81	83 4
81	85 4
81	79 28
81	84 5
81	83 5
81	85 5
81	79 25
81	84 6
81	83 6
81	85 6
81	79 24
81	84 7
81	83 7
81	85 7
81	79 29
81	84 8
81	83 8
81	85 8
81	79 31
81	84 9
81	83 9
81	85 9
81	79 26
81	84 10
81	83 10
81	85 10
81	79 21
81	84 11
81	83 11
81	85 11
81	79 28
81	84 12
81	83 12
81	85 12
81	79 30
81	84 13
81	83 13
81	85 13
81	79 28
81	84 14
81	83 14
81	85 14
81	79 22
81	84 15
81	83 15
81	85 15
81	79 24
81	84 16
81	83 16
81	85 16
81	79 28
81	84 17
81	83 17
81	85 17
81	79 25
81	84 18
81	83 18
81	85 18
81	79 28
81	84 19
81	83 19
81	85 19
81	79 25
81	84 20
81	83 20
81	85 20
81	79 28
81	84 1
81	83 1
81	85 1
81	79 29
81	84 2
81	83 2
81	85 2
81	79 24
81	84 3
81	83 3
81	85 3
81	79 24
81	84 4
81	83 4
81	85 4
81	79 28
81	84 5
81	83 5
81	85 5
81	79 26
81	84 6
81	83 6
81	85 6
81	79 27
81	84 7
81	83 7
81	85 7
81	79 24
81	84 8
81	83 8
81	85 8
81	79 28
81	84 9
81	83 9
81	85 9
81	79 29
81	84 10
81	83 10
81	85 10
81	79 28
81	84 11
81	83 11
81	85 11
81	79 29
81	84 12
81	83 12
81	85 12
81	79 27
81	84 13
81	83 13
81	85 13
81	79 27
81	84 14
81	83 14
81	85 14
81	79 30
81	84 15
81	83 15
81	85 15
81	79 25
81	84 16
81	83 16
81	85 16
81	79 28
81	84 17
81	83 17
81	85 17
81	79 27
81	84 18
81	83 18
81	85 18
81	79 28
81	84 19
81	83 19
81	85 19
81	79 24
81	84 20
81	83 20
81	85 20
81	79 23
81	84 1
81	83 1
81	85 1
81	79 23
81	84 2
81	83 2
81	85 2
81	79 27
81	84 3
81	83 3
81	85 3
81	79 21
81	84 4
81	83 4
81	85 4
81	79 30
81	84 5
81	83 5
81	85 5
81	79 27
81	84 6
81	83 6
81	85 6
81	79 27
81	84 7
81	83 7
81	85 7
81	79 27
81	84 8
81	83 8
81	85 8
81	79 25
81	84 9
81	83 9
81	85 9
81	79 25
81	84 10
81	83 10
81	85 10
81	79 25
81	84 11
81	83 11
81	85 11
81	79 27
81	84 12
81	83 12
81	85 12
81	79 28
81	84 13
81	83 13
81	85 13
81	79 24
81	84 14
81	83 14
81	85 14
81	79 28
81	84 15
81	83 15
81	85 15
81	79 22
81	84 16
81	83 16
81	85 16
81	79 26
81	84 17
81	83 17
81	85 17
81	79 29
81	84 18
81	83 18
81	85 18
81	79 24
81	84 19
81	83 19
81	85 19
81	79 24
81	84 20
81	83 20
81	85 20
81	79 25
81	84 1
81	83 1
81	85 1
81	79 26
81	84 2
81	83 2
81	85 2
81	79 25
81	84 3
81	83 3
81	85 3
81	79 29
81	84 4
81	83 4
81	85 4
81	79 25
81	84 5
81	83 5
81	85 5
81	79 24
81	84 6
81	83 6
81	85 6
81	79 24
81	84 7
81	83 7
81	85 7
81	79 27
81	84 8
81	83 8
81	85 8
81	79 24
81	84 9
81	83 9
81	85 9
81	79 26
81	84 10
81	83 10
81	85 10
81	79 28
81	84 11
81	83 11
81	85 11
81	79 26
81	84 12
81	83 12
81	85 12
81	79 27
81	84 13
81	83 13
81	85 13
81	79 26
81	84 14
81	83 14
81	85 14
81	79 27
81	84 15
81	83 15
81	85 15
81	79 29
81	84 16
81	83 16
81	85 16
81	79 25
81	84 17
81	83 17
81	85 17
81	79 26
81	84 18
81	83 18
81	85 18
81	79 27
81	84 19
81	83 19
81	85 19
81	79 22
81	84 20
81	83 20
81	85 20
81	79 24
81	84 1
81	83 1
81	85 1
81	79 25
81	84 2
81	83 2
81	85 2
81	79 23
81	84 3
81	83 3
81	85 3
81	79 23
81	84 4
81	83 4
81	85 4
81	79 32
81	84 5
81	83 5
81	85 5
81	79 30
81	84 6
81	83 6
81	85 6
81	79 28
81	84 7
81	83 7
81	85 7
81	79 25
81	84 8
81	83 8
81	85 8
81	79 31
81	84 9
81	83 9
81	85 9
81	79 30
81	84 10
81	83 10
81	85 10
81	79 25
81	84 11
81	83 11
81	85 11
81	79 21
81	84 12
81	83 12
81	85 12
81	79 28
81	84 13
81	83 13
81	85 13
81	79 24
81	84 14
81	83 14
81	85 14
81	79 21
81	84 15
81	83 15
81	85 15
81	79 27
81	84 16
81	83 16
81	85 16
81	79 29
81	84 17
81	83 17
81	85 17
81	79 26
81	84 18
81	83 18
81	85 18
81	79 29
81	84 19
81	83 19
81	85 19
81	79 23
81	84 20
81	83 20
81	85 20
81	79 25
81	84 1
81	83 1
81	85 1
81	79 24
81	84 2
81	83 2
81	85 2
81	79 26
81	84 3
81	83 3
81	85 3
81	79 26
81	84 4
81	83 4
81	85 4
81	79 23
81	84 5
81	83 5
81	85 5
81	79 29
81	84 6
81	83 6
81	85 6
81	79 27
81	84 7
81	83 7
81	85 7
81	79 30
81	84 8
81	83 8
81	85 8
81	79 24
81	84 9
81	83 9
81	85 9
81	79 24
81	84 10
81	83 10
81	85 10
81	79 24
81	84 11
81	83 11
81	85 11
81	79 24
81	84 12
81	83 12
81	85 12
81	79 27
81	84 13
81	83 13
81	85 13
81	79 30
81	84 14
81	83 14
81	85 14
81	79 27
81	84 15
81	83 15
81	85 15
81	79 26
81	84 16
81	83 16
81	85 16
81	79 32
81	84 17
81	83 17
81	85 17
81	79 31
81	84 18
81	83 18
81	85 18
81	79 23
81	84 19
81	83 19
81	85 19
81	79 27
81	84 20
81	83 20
81	85 20
81	79 23
81	84 1
81	83 1
81	85 1
81	79 27
81	84 2
81	83 2
81	85 2
81	79 27
81	84 3
81	83 3
81	85 3
81	79 32
81	84 4
81	83 4
81	85 4
81	79 25
81	84 5
81	83 5
81	85 5
81	79 29
81	84 6
81	83 6
81	85 6
81	79 32
81	84 7
81	83 7
81	85 7
81	79 28
81	84 8
81	83 8
81	85 8
81	79 24
81	84 9
81	83 9
81	85 9
81	79 24
81	84 10
81	83 10
81	85 10
81	79 27
81	84 11
81	83 11
81	85 11
81	79 27
81	84 12
81	83 12
81	85 12
81	79 26
81	84 13
81	83 13
81	85 13
81	79 26
81	84 14
81	83 14
81	85 14
81	79 24
81	84 15
81	83 15
81	85 15
81	79 27
81	84 16
81	83 16
81	85 16
81	79 28
81	84 17
81	83 17
81	85 17
81	79 26
81	84 18
81	83 18
81	85 18
81	79 30
81	84 19
81	83 19
81	85 19
81	79 25
81	84 20
81	83 20
81	85 20
81	79 28
81	84 1
81	83 1
81	85 1
81	79 27
81	84 2
81	83 2
81	85 2
81	79 26
81	84 3
81	83 3
81	85 3
81	79 28
81	84 4
81	83 4
81	85 4
81	79 27
81	84 5
81	83 5
81	85 5
81	79 28
81	84 6
81	83 6
81	85 6
81	79 29
81	84 7
81	83 7
81	85 7
81	79 28
81	84 8
81	83 8
81	85 8
81	79 27
81	84 9
81	83 9
81	85 9
81	79 26
81	84 10
81	83 10
81	85 10
81	79 30
81	84 11
81	83 11
81	85 11
81	79 27
81	84 12
81	83 12
81	85 12
81	79 30
81	84 13
81	83 13
81	85 13
81	79 26
81	84 14
81	83 14
81	85 14
81	79 21
81	84 15
81	83 15
81	85 15
81	79 26
81	84 16
81	83 16
81	85 16
81	79 28
81	84 17
81	83 17
81	85 17
81	79 26
81	84 18
81	83 18
81	85 18
81	79 23
81	84 19
81	83 19
81	85 19
81	79 31
81	84 20
81	83 20
81	85 20
81	79 28
81	84 1
81	83 1
81	85 1
81	79 29
81	84 2
81	83 2
81	85 2
81	79 29
81	84 3
81	83 3
81	85 3
81	79 25
81	84 4
81	83 4
81	85 4
81	79 22
81	84 5
81	83 5
81	85 5
81	79 25
81	84 6
81	83 6
81	85 6
81	79 24
81	84 7
81	83 7
81	85 7
81	79 22
81	84 8
81	83 8
81	85 8
81	79 24
81	84 9
81	83 9
81	85 9
81	79 32
81	84 10
81	83 10
81	85 10
81	79 25
81	84 11
81	83 11
81	85 11
81	79 28
81	84 12
81	83 12
81	85 12
81	79 26
81	84 13
81	83 13
81	85 13
81	79 30
81	84 14
81	83 14
81	85 14
81	79 25
81	84 15
81	83 15
81	85 15
81	79 22
81	84 16
81	83 16
81	85 16
81	79 29
81	84 17
81	83 17
81	85 17
81	79 25
81	84 18
81	83 18
81	85 18
81	79 30
81	84 19
81	83 19
81	85 19
81	79 28
81	84 20
81	83 20
81	85 20
81	79 26
81	84 1
81	83 1
81	85 1
81	79 25
81	84 2
81	83 2
81	85 2
81	79 27
81	84 3
81	83 3
81	85 3
81	79 30
81	84 4
81	83 4
81	85 4
81	79 27
81	84 5
81	83 5
81	85 5
81	79 27
81	84 6
81	83 6
81	85 6
81	79 28
81	84 7
81	83 7
81	85 7
81	79 23
81	84 8
81	83 8
81	85 8
81	79 26
81	84 9
81	83 9
81	85 9
81	79 26
81	84 10
81	TEST_NUMBER 5
81	SENT_TOTAL 250
81	RECEIVED_TOTAL 249
81	TIME_TOTAL 29804
81	RECEIVED_RADIO_1 125
81	RECEIVED_RADIO_2 125
81	SENT_RADIO_1 125
81	SENT_RADIO_2 125
81	RADIO_TIME_1 19815
81	RADIO_TIME_2 29778
81	RETRANSMISSIONS_1 0
81	RETRANSMISSIONS_2 0
81	DROPPED_1 0
81	DROPPED_2 0
81	MAX_QUEUE 1
81	DUPLICATED_1 0
81	DUPLICATED_2 0
81	EBUSY_RADIO_1 0
81	EBUSY_RADIO_2 0
81	83 0
81	85 10
81	86 5
81	84 1
81	83 1
81	85 1
81	79 25
81	84 2
81	83 2
81	85 2
81	79 24
81	84 3
81	83 3
81	85 3
81	79 30
81	84 4
81	83 4
81	85 4
81	79 24
81	84 5
81	83 5
81	85 5
81	79 30
81	84 6
81	83 6
81	85 6
81	79 27
81	84 7
81	83 7
81	85 7
81	79 26
81	84 8
81	83 8
81	85 8
81	79 27
81	84 9
81	83 9
81	85 9
81	79 28
81	84 10
81	83 10
81	85 10
81	79 24
81	84 11
81	83 11
81	85 11
81	79 27
81	84 12
81	83 12
81	85 12
81	79 27
81	84 13
81	83 13
81	85 13
81	79 27
81	84 14
81	83 14
81	85 14
81	79 32
81	84 15
81	83 15
81	85 15
81	79 25
81	84 16
81	83 16
81	85 16
81	79 26
81	84 17
81	83 17
81	85 17
81	79 27
81	84 18
81	83 18
81	85 18
81	79 27
81	84 19
81	83 19
81	85 19
81	79 27
81	84 20
81	83 20
81	85 20
81	79 27
81	84 1
81	83 1
81	85 1
81	79 22
81	84 2
81	83 2
81	85 2
81	79 32
81	84 3
81	83 3
81	85 3
81	79 27
81	84 4
81	83 4
81	85 4
81	79 23
81	84 5
81	83 5
81	85 5
81	79 26
81	84 6
81	83 6
81	85 6
81	79 24
81	84 7
81	83 7
81	85 7
81	79 26
81	84 8
81	83 8
81	85 8
81	79 27
81	84 9
81	83 9
81	85 9
81	79 29
81	84 10
81	83 10
81	85 10
81	79 26
81	84 11
81	83 11
81	85 11
81	79 25
81	84 12
81	83 12
81	85 12
81	79 25
81	84 13
81	83 13
81	85 13
81	79 20
81	84 14
81	83 14
81	85 14
81	79 21
81	84 15
81	83 15
81	85 15
81	79 29
81	84 16
81	83 16
81	85 16
81	79 28
81	84 17
81	83 17
81	85 17
81	79 28
81	84 18
81	83 18
81	85 18
81	79 24
81	84 19
81	83 19
81	85 19
81	79 22
81	84 20
81	83 20
81	85 20
81	79 27
81	84 1
81	83 1
81	85 1
81	79 29
81	84 2
81	83 2
81	85 2
81	79 24
81	84 3
81	83 3
81	85 3
81	79 26
81	84 4
81	83 4
81	85 4
81	79 26
81	84 5
81	83 5
81	85 5
81	79 27
81	84 6
81	83 6
81	85 6
81	79 25
81	84 7
81	83 7
81	85 7
81	79 23
81	84 8
81	83 8
81	85 8
81	79 28
81	84 9
81	83 9
81	85 9
81	79 26
81	84 10
81	83 10
81	85 10
81	79 25
81	84 11
81	83 11
81	85 11
81	79 26
81	84 12
81	83 12
81	85 12
81	79 24
81	84 13
81	83 13
81	85 13
81	79 29
81	84 14
81	83 14
81	85 14
81	79 25
81	84 15
81	83 15
81	85 15
81	79 24
81	84 16
81	83 16
81	85 16
81	79 26
81	84 17
81	83 17
81	85 17
81	79 28
81	84 18
81	83 18
81	85 18
81	79 25
81	84 19
81	83 19
81	85 19
81	79 25
81	84 20
81	83 20
81	85 20
81	79 29
81	84 1
81	83 1
81	85 1
81	79 29
81	84 2
81	83 2
81	85 2
81	79 25
81	84 3
81	83 3
81	85 3
81	79 27
81	84 4
81	83 4
81	85 4
81	79 26
81	84 5
81	83 5
81	85 5
81	79 29
81	84 6
81	83 6
81	85 6
81	79 27
81	84 7
81	83 7
81	85 7
81	79 30
81	84 8
81	83 8
81	85 8
81	79 24
81	84 9
81	83 9
81	85 9
81	79 26
81	84 10
81	83 10
81	85 10
81	79 23
81	84 11
81	83 11
81	85 11
81	79 28
81	84 12
81	83 12
81	85 12
81	79 25
81	84 13
81	83 13
81	85 13
81	79 30
81	84 14
81	83 14
81	85 14
81	79 24
81	84 15
81	83 15
81	85 15
81	79 27
81	84 16
81	83 16
81	85 16
81	79 21
81	84 17
81	83 17
81	85 17
81	79 25
81	84 18
81	83 18
81	85 18
81	79 24
81	84 19
81	83 19
81	85 19
81	79 26
81	84 20
81	83 20
81	85 20
81	79 27
81	84 1
81	83 1
81	85 1
81	79 24
81	84 2
81	83 2
81	85 2
81	79 28
81	84 3
81	83 3
81	85 3
81	79 28
81	84 4
81	83 4
81	85 4
81	79 29
81	84 5
81	83 5
81	85 5
81	79 26
81	84 6
81	83 6
81	85 6
81	79 28
81	84 7
81	83 7
81	85 7
81	79 21
81	84 8
81	83 8
81	85 8
81	79 27
81	84 9
81	83 9
81	85 9
81	79 30
81	84 10
81	83 10
81	85 10
81	79 25
81	84 11
81	83 11
81	85 11
81	79 27
81	84 12
81	83 12
81	85 12
81	79 26
81	84 13
81	83 13
81	85 13
81	79 25
81	84 14
81	83 14
81	85 14
81	79 27
81	84 15
81	83 15
81	85 15
81	79 24
81	84 16
81	83 16
81	85 16
81	79 29
81	84 17
81	83 17
81	85 17
81	79 25
81	84 18
81	83 18
81	85 18
81	79 26
81	84 19
81	83 19
81	85 19
81	79 26
81	84 20
81	83 20
81	85 20
81	79 30
81	84 1
81	83 1
81	85 1
81	79 27
81	84 2
81	83 2
81	85 2
81	79 25
81	84 3
81	83 3
81	85 3
81	79 29
81	84 4
81	83 4
81	85 4
81	79 28
81	84 5
81	83 5
81	85 5
81	79 29
81	84 6
81	83 6
81	85 6
81	79 27
81	84 7
81	83 7
81	85 7
81	79 24
81	84 8
81	83 8
81	85 8
81	79 30
81	84 9
81	83 9
81	85 9
81	79 31
81	84 10
81	83 10
81	85 10
81	79 29
81	84 11
81	83 11
81	85 11
81	79 27
81	84 12
81	83 12
81	85 12
81	79 21
81	84 13
81	83 13
81	85 13
81	79 27
81	84 14
81	83 14
81	85 14
81	79 30
81	84 15
81	83 15
81	85 15
81	79 21
81	84 16
81	83 16
81	85 16
81	79 23
81	84 17
81	83 17
81	85 17
81	79 27
81	84 18
81	83 18
81	85 18
81	79 22
81	84 19
81	83 19
81	85 19
81	79 24
81	84 20
81	83 20
81	85 20
81	79 29
81	84 1
81	83 1
81	85 1
81	79 30
81	84 2
81	83 2
81	85 2
81	79 29
81	84 3
81	83 3
81	85 3
81	79 25
81	84 4
81	83 4
81	85 4
81	79 30
81	84 5
81	83 5
81	85 5
81	79 28
81	84 6
81	83 6
81	85 6
81	79 25
81	84 7
81	83 7
81	85 7
81	79 31
81	84 8
81	83 8
81	85 8
81	79 30
81	84 9
81	83 9
81	85 9
81	79 27
81	84 10
81	83 10
81	85 10
81	79 24
81	84 11
81	83 11
81	85 11
81	79 27
81	84 12
81	83 12
81	85 12
81	79 28
81	84 13
81	83 13
81	85 13
81	79 28
81	84 14
81	83 14
81	85 14
81	79 29
81	84 15
81	83 15
81	85 15
81	79 26
81	84 16
81	83 16
81	85 16
81	79 28
81	84 17
81	83 17
81	85 17
81	79 22
81	84 18
81	83 18
81	85 18
81	79 25
81	84 19
81	83 19
81	85 19
81	79 23
81	84 20
81	83 20
81	85 20
81	79 32
81	84 1
81	83 1
81	85 1
81	79 26
81	84 2
81	83 2
81	85 2
81	79 22
81	84 3
81	83 3
81	85 3
81	79 26
81	84 4
81	83 4
81	85 4
81	79 30
81	84 5
81	83 5
81	85 5
81	79 28
81	84 6
81	83 6
81	85 6
81	79 29
81	84 7
81	83 7
81	85 7
81	79 29
81	84 8
81	83 8
81	85 8
81	79 26
81	84 9
81	83 9
81	85 9
81	79 29
81	84 10
81	83 10
81	85 10
81	79 29
81	84 11
81	83 11
81	85 11
81	79 31
81	84 12
81	83 12
81	85 12
81	79 24
81	84 13
81	83 13
81	85 13
81	79 25
81	84 14
81	83 14
81	85 14
81	79 28
81	84 15
81	83 15
81	85 15
81	79 22
81	84 16
81	83 16
81	85 16
81	79 22
81	84 17
81	83 17
81	85 17
81	79 22
81	84 18
81	83 18
81	85 18
81	79 27
81	84 19
81	83 19
81	85 19
81	79 26
81	84 20
81	83 20
81	85 20
81	79 28
81	84 1
81	83 1
81	85 1
81	79 28
81	84 2
81	83 2
81	85 2
81	79 25
81	84 3
81	83 3
81	85 3
81	79 26
81	84 4
81	83 4
81	85 4
81	79 28
81	84 5
81	83 5
81	85 5
81	79 25
81	84 6
81	83 6
81	85 6
81	79 27
81	84 7
81	83 7
81	85 7
81	79 28
81	84 8
81	83 8
81	85 8
81	79 24
81	84 9
81	83 9
81	85 9
81	79 25
81	84 10
81	83 10
81	85 10
81	79 26
81	84 11
81	83 11
81	85 11
81	79 30
81	84 12
81	83 12
81	85 12
81	79 32
81	84 13
81	83 13
81	85 13
81	79 30
81	84 14
81	83 14
81	85 14
81	79 25
81	84 15
81	83 15
81	85 15
81	79 28
81	84 16
81	83 16
81	85 16
81	79 30
81	84 17
81	83 17
81	85 17
81	79 22
81	84 18
81	83 18
81	85 18
81	79 27
81	84 19
81	83 19
81	85 19
81	79 24
81	84 20
81	83 20
81	85 20
81	79 29
81	84 1
81	83 1
81	85 1
81	79 26
81	84 2
81	83 2
81	85 2
81	79 24
81	84 3
81	83 3
81	85 3
81	79 25
81	84 4
81	83 4
81	85 4
81	79 22
81	84 5
81	83 5
81	85 5
81	79 35
81	84 6
81	83 6
81	85 6
81	79 28
81	84 7
81	83 7
81	85 7
81	79 25
81	84 8
81	83 8
81	85 8
81	79 29
81	84 9
81	83 9
81	85 9
81	79 28
81	84 10
81	83 10
81	85 10
81	79 22
81	84 11
81	83 11
81	85 11
81	79 22
81	84 12
81	83 12
81	85 12
81	79 24
81	84 13
81	83 13
81	85 13
81	79 30
81	84 14
81	83 14
81	85 14
81	79 30
81	84 15
81	83 15
81	85 15
81	79 23
81	84 16
81	83 16
81	85 16
81	79 27
81	84 17
81	83 17
81	85 17
81	79 28
81	84 18
81	83 18
81	85 18
81	79 26
81	84 19
81	83 19
81	85 19
81	79 25
81	84 20
81	83 20
81	85 20
81	79 26
81	84 1
81	83 1
81	85 1
81	79 26
81	84 2
81	83 2
81	85 2
81	79 25
81	84 3
81	83 3
81	85 3
81	79 23
81	84 4
81	83 4
81	85 4
81	79 27
81	84 5
81	83 5
81	85 5
81	79 24
81	84 6
81	83 6
81	85 6
81	79 25
81	84 7
81	83 7
81	85 7
81	79 27
81	84 8
81	83 8
81	85 8
81	79 25
81	84 9
81	83 9
81	85 9
81	79 28
81	84 10
81	83 10
81	85 10
81	79 33
81	84 11
81	83 11
81	85 11
81	79 30
81	84 12
81	83 12
81	85 12
81	79 29
81	84 13
81	83 13
81	85 13
81	79 29
81	84 14
81	83 14
81	85 14
81	79 25
81	84 15
81	83 15
81	85 15
81	79 26
81	84 16
81	83 16
81	85 16
81	79 25
81	84 17
81	83 17
81	85 17
81	79 25
81	84 18
81	83 18
81	85 18
81	79 26
81	84 19
81	83 19
81	85 19
81	79 32
81	84 20
81	83 20
81	85 20
81	79 25
81	84 1
81	83 1
81	85 1
81	79 28
81	84 2
81	83 2
81	85 2
81	79 24
81	84 3
81	83 3
81	85 3
81	79 22
81	84 4
81	84 5
81	83 5
81	85 5
81	79 26
81	84 6
81	83 6
81	85 4
81	79 196
81	83 6
81	85 6
81	79 42
81	84 7
81	83 7
81	85 7
81	79 34
81	84 8
81	83 8
81	85 8
81	79 25
81	84 9
81	83 9
81	85 9
81	79 23
81	84 10
81	83 10
81	85 10
81	79 24
81	84 11
81	83 11
81	85 11
81	79 28
81	84 12
81	83 12
81	85 12
81	79 30
81	84 13
81	83 13
81	85 13
81	79 30
81	84 14
81	83 14
81	85 14
81	79 27
81	84 15
81	83 15
81	85 15
81	79 28
81	84 16
81	83 16
81	85 16
81	79 29
81	84 17
81	83 17
81	85 17
81	79 30
81	84 18
81	83 18
81	85 18
81	79 26
81	84 19
81	83 19
81	85 19
81	79 27
81	84 20
81	83 20
81	85 20
81	79 25
81	84 1
81	83 1
81	85 1
81	79 25
81	84 2
81	83 2
81	85 2
81	79 23
81	84 3
81	83 3
81	85 3
81	79 28
81	84 4
81	84 5
81	83 5
81	85 5
81	79 30
81	84 6
81	83 6
81	85 4
81	79 190
81	83 6
81	85 6
81	79 35
81	84 7
81	83 7
81	85 7
81	79 27
81	84 8
81	83 8
81	85 8
81	79 32
81	84 9
81	83 9
81	85 9
81	79 26
81	84 10
81	TEST_NUMBER 6
81	SENT_TOTAL 250
81	RECEIVED_TOTAL 249
81	TIME_TOTAL 29802
81	RECEIVED_RADIO_1 124
81	RECEIVED_RADIO_2 126
81	SENT_RADIO_1 125
81	SENT_RADIO_2 125
81	RADIO_TIME_1 19738
81	RADIO_TIME_2 29855
81	RETRANSMISSIONS_1 1
81	RETRANSMISSIONS_2 0
81	DROPPED_1 0
81	DROPPED_2 0
81	MAX_QUEUE 1
81	DUPLICATED_1 0
81	DUPLICATED_2 0
81	EBUSY_RADIO_1 0
81	EBUSY_RADIO_2 0
81	83 0
81	85 10
81	86 6

82	RELAY_NODE 82
82	TEST_NUMBER 0
82	SENT_TOTAL 0
82	RECEIVED_TOTAL 0
82	TIME_TOTAL 0
82	RECEIVED_RADIO_1 121
82	RECEIVED_RADIO_2 125
82	SENT_RADIO_1 125
82	SENT_RADIO_2 121
82	RADIO_TIME_1 19845
82	RADIO_TIME_2 19845
82	RETRANSMISSIONS_1 8
82	RETRANSMISSIONS_2 0
82	DROPPED_1 0
82	DROPPED_2 0
82	MAX_QUEUE 1
82	DUPLICATED_1 0
82	DUPLICATED_2 0
82	EBUSY_RADIO_1 0
82	EBUSY_RADIO_2 0
82	TEST_NUMBER 1
82	SENT_TOTAL 0
82	RECEIVED_TOTAL 0
82	TIME_TOTAL 0
82	RECEIVED_RADIO_1 123
82	RECEIVED_RADIO_2 125
82	SENT_RADIO_1 125
82	SENT_RADIO_2 123
82	RADIO_TIME_1 19842
82	RADIO_TIME_2 19842
82	RETRANSMISSIONS_1 3
82	RETRANSMISSIONS_2 0
82	DROPPED_1 0
82	DROPPED_2 0
82	MAX_QUEUE 1
82	DUPLICATED_1 1
82	DUPLICATED_2 1
82	EBUSY_RADIO_1 0
82	EBUSY_RADIO_2 0
82	TEST_NUMBER 2
82	SENT_TOTAL 0
82	RECEIVED_TOTAL 0
82	TIME_TOTAL 0
82	RECEIVED_RADIO_1 122
82	RECEIVED_RADIO_2 125
82	SENT_RADIO_1 125
82	SENT_RADIO_2 122
82	RADIO_TIME_1 19860
82	RADIO_TIME_2 19860
82	RETRANSMISSIONS_1 4
82	RETRANSMISSIONS_2 0
82	DROPPED_1 0
82	DROPPED_2 0
82	MAX_QUEUE 1
82	DUPLICATED_1 0
82	DUPLICATED_2 0
82	EBUSY_RADIO_1 0
82	EBUSY_RADIO_2 0
82	TEST_NUMBER 3
82	SENT_TOTAL 0
82	RECEIVED_TOTAL 0
82	TIME_TOTAL 0
82	RECEIVED_RADIO_1 122
82	RECEIVED_RADIO_2 125
82	SENT_RADIO_1 125
82	SENT_RADIO_2 122
82	RADIO_TIME_1 19772
82	RADIO_TIME_2 19771
82	RETRANSMISSIONS_1 0
82	RETRANSMISSIONS_2 0
82	DROPPED_1 0
82	DROPPED_2 0
82	MAX_QUEUE 1
82	DUPLICATED_1 0
82	DUPLICATED_2 0
82	EBUSY_RADIO_1 0
82	EBUSY_RADIO_2 0
82	TEST_NUMBER 4
82	SENT_TOTAL 0
82	RECEIVED_TOTAL 0
82	TIME_TOTAL 0
82	RECEIVED_RADIO_1 122
82	RECEIVED_RADIO_2 124
82	SENT_RADIO_1 124
82	SENT_RADIO_2 122
82	RADIO_TIME_1 19687
82	RADIO_TIME_2 19687
82	RETRANSMISSIONS_1 2
82	RETRANSMISSIONS_2 0
82	DROPPED_1 0
82	DROPPED_2 0
82	MAX_QUEUE 1
82	DUPLICATED_1 0
82	DUPLICATED_2 1
82	EBUSY_RADIO_1 0
82	EBUSY_RADIO_2 0
82	TEST_NUMBER 5
82	SENT_TOTAL 0
82	RECEIVED_TOTAL 0
82	TIME_TOTAL 0
82	RECEIVED_RADIO_1 125
82	RECEIVED_RADIO_2 125
82	SENT_RADIO_1 125
82	SENT_RADIO_2 125
82	RADIO_TIME_1 19827
82	RADIO_TIME_2 19827
82	RETRANSMISSIONS_1 0
82	RETRANSMISSIONS_2 0
82	DROPPED_1 0
82	DROPPED_2 0
82	MAX_QUEUE 1
82	DUPLICATED_1 0
82	DUPLICATED_2 0
82	EBUSY_RADIO_1 0
82	EBUSY_RADIO_2 0
82	TEST_NUMBER 6
82	SENT_TOTAL 0
82	RECEIVED_TOTAL 0
82	TIME_TOTAL 0
82	RECEIVED_RADIO_1 124
82	RECEIVED_RADIO_2 125
82	SENT_RADIO_1 125
82	SENT_RADIO_2 124
82	RADIO_TIME_1 19845
82	RADIO_TIME_2 19845
82	RETRANSMISSIONS_1 1
82	RETRANSMISSIONS_2 0
82	DROPPED_1 0
82	DROPPED_2 0
82	MAX_QUEUE 1
82	DUPLICATED_1 0
82	DUPLICATED_2 1
82	EBUSY_RADIO_1 0
82	EBUSY_RADIO_2 0
