
18	SOURCE_NODE 18
18	84 1
18	84 2
18	83 2
18	85 2
18	79 19
18	84 3
18	84 4
18	83 4
18	85 4
18	79 15
18	84 5
18	84 6
18	84 7
18	84 8
18	83 8
18	85 8
18	79 15
18	84 9
18	84 10
18	84 11
18	84 12
18	83 12
18	85 12
18	79 15
18	84 13
18	84 14
18	84 15
18	84 16
18	83 16
18	85 16
18	79 16
18	84 17
18	84 18
18	84 19
18	84 20
18	83 20
18	85 20
18	79 17
18	84 1
18	84 2
18	84 3
18	84 4
18	83 4
18	85 4
18	79 17
18	84 5
18	84 6
18	84 7
18	84 8
18	83 8
18	85 8
18	79 15
18	84 9
18	84 10
18	84 11
18	84 12
18	83 12
18	85 12
18	79 17
18	84 13
18	84 14
18	84 15
18	84 16
18	83 16
18	85 16
18	79 17
18	84 17
18	84 18
18	84 19
18	84 20
18	83 20
18	85 20
18	79 15
18	84 1
18	84 2
18	84 3
18	84 4
18	83 4
18	85 4
18	79 14
18	84 5
18	84 6
18	84 7
18	84 8
18	83 8
18	85 8
18	79 15
18	84 9
18	84 10
18	84 11
18	84 12
18	83 12
18	85 12
18	79 14
18	84 13
18	84 14
18	84 15
18	84 16
18	83 16
18	85 16
18	79 18
18	84 17
18	84 18
18	84 19
18	84 20
18	83 20
18	85 20
18	79 12
18	84 1
18	84 2
18	84 3
18	84 4
18	83 4
18	85 4
18	79 14
18	84 5
18	84 6
18	84 7
18	84 8
18	83 8
18	85 8
18	79 17
18	84 9
18	84 10
18	84 11
18	83 11
18	85 10
18	79 137
18	84 12
18	83 12
18	85 12
18	79 15
18	84 13
18	84 14
18	84 15
18	84 16
18	83 16
18	85 16
18	79 14
18	84 17
18	84 18
18	84 19
18	84 20
18	83 20
18	85 20
18	79 18
18	84 1
18	84 2
18	84 3
18	84 4
18	83 4
18	85 4
18	79 13
18	84 5
18	84 6
18	84 7
18	84 8
18	83 8
18	85 8
18	79 13
18	84 9
18	84 10
18	84 11
18	84 12
18	83 12
18	85 12
18	79 15
18	84 13
18	84 14
18	84 15
18	84 16
18	83 16
18	85 16
18	79 13
18	84 17
18	84 18
18	84 19
18	84 20
18	83 20
18	85 20
18	79 15
18	84 1
18	84 2
18	84 3
18	84 4
18	83 4
18	85 4
18	79 13
18	84 5
18	84 6
18	84 7
18	84 8
18	83 8
18	85 8
18	79 14
18	84 9
18	84 10
18	84 11
18	84 12
18	83 12
18	85 12
18	79 14
18	84 13
18	84 14
18	84 15
18	84 16
18	83 16
18	85 16
18	79 14
18	84 17
18	84 18
18	84 19
18	84 20
18	83 20
18	85 20
18	79 14
18	84 1
18	84 2
18	84 3
18	84 4
18	83 4
18	85 4
18	79 15
18	84 5
18	84 6
18	84 7
18	84 8
18	83 8
18	85 8
18	79 15
18	84 9
18	84 10
18	84 11
18	84 12
18	83 12
18	85 12
18	79 13
18	84 13
18	84 14
18	84 15
18	84 16
18	83 16
18	85 16
18	79 15
18	84 17
18	84 18
18	84 19
18	84 20
18	83 20
18	85 20
18	79 13
18	84 1
18	84 2
18	84 3
18	84 4
18	83 4
18	85 4
18	79 18
18	84 5
18	84 6
18	84 7
18	84 8
18	83 8
18	85 8
18	79 16
18	84 9
18	84 10
18	84 11
18	84 12
18	83 12
18	85 12
18	79 16
18	84 13
18	84 14
18	84 15
18	84 16
18	83 16
18	85 16
18	79 12
18	84 17
18	84 18
18	84 19
18	84 20
18	83 20
18	85 20
18	79 19
18	84 1
18	84 2
18	84 3
18	84 4
18	83 4
18	85 4
18	79 17
18	84 5
18	84 6
18	84 7
18	84 8
18	83 8
18	85 8
18	79 13
18	84 9
18	84 10
18	84 11
18	84 12
18	83 12
18	85 12
18	79 11
18	84 13
18	84 14
18	84 15
18	84 16
18	83 16
18	85 16
18	79 17
18	84 17
18	84 18
18	84 19
18	84 20
18	83 20
18	85 20
18	79 12
18	84 1
18	84 2
18	84 3
18	84 4
18	83 4
18	85 4
18	79 12
18	84 5
18	84 6
18	84 7
18	84 8
18	83 8
18	85 8
18	79 15
18	84 9
18	84 10
18	84 11
18	84 12
18	83 12
18	85 12
18	79 16
18	84 13
18	84 14
18	84 15
18	84 16
18	83 16
18	85 16
18	79 14
18	84 17
18	84 18
18	84 19
18	84 20
18	83 20
18	85 20
18	79 17
18	84 1
18	84 2
18	84 3
18	84 4
18	83 4
18	85 4
18	79 16
18	84 5
18	84 6
18	83 6
18	85 6
18	79 25
18	84 7
18	84 8
18	83 8
18	85 8
18	79 16
18	84 9
18	84 10
18	84 11
18	84 12
18	83 12
18	85 12
18	79 15
18	84 13
18	84 14
18	84 15
18	84 16
18	83 16
18	85 16
18	79 18
18	84 17
18	84 18
18	84 19
18	84 20
18	83 20
18	85 20
18	79 16
18	84 1
18	84 2
18	84 3
18	84 4
18	83 4
18	85 4
18	79 16
18	84 5
18	84 6
18	84 7
18	84 8
18	83 8
18	85 8
18	79 15
18	84 9
18	84 10
18	84 11
18	84 12
18	83 12
18	85 12
18	79 15
18	84 13
18	84 14
18	84 15
18	84 16
18	83 16
18	85 16
18	79 15
18	84 17
18	84 18
18	84 19
18	84 20
18	83 20
18	85 20
18	79 14
18	84 1
18	84 2
18	83 2
18	85 2
18	79 37
18	84 3
18	84 4
18	83 4
18	85 4
18	79 11
18	84 5
18	84 6
18	83 6
18	85 6
18	79 39
18	84 7
18	84 8
18	83 8
18	85 8
18	79 12
18	84 9
18	84 10
18	TEST_NUMBER 0
18	SENT_TOTAL 250
18	RECEIVED_TOTAL 67
18	TIME_TOTAL 19597
18	RECEIVED_RADIO_1 5
18	RECEIVED_RADIO_2 62
18	SENT_RADIO_1 125
18	SENT_RADIO_2 124
18	RADIO_TIME_1 19763
18	RADIO_TIME_2 19763
18	RETRANSMISSIONS_1 0
18	RETRANSMISSIONS_2 0
18	DROPPED_1 0
18	DROPPED_2 0
18	MAX_QUEUE 1
18	DUPLICATED_1 0
18	DUPLICATED_2 0
18	EBUSY_RADIO_1 0
18	EBUSY_RADIO_2 0
18	83 0
18	85 10
18	86 0
18	84 1
18	84 2
18	83 2
18	85 2
18	79 16
18	84 3
18	84 4
18	84 5
18	84 6
18	83 6
18	85 6
18	79 16
18	84 7
18	84 8
18	83 8
18	85 8
18	79 43
18	84 9
18	84 10
18	83 10
18	85 10
18	79 17
18	84 11
18	84 12
18	84 13
18	84 14
18	83 14
18	85 14
18	79 17
18	84 15
18	84 16
18	84 17
18	84 18
18	83 18
18	85 18
18	79 15
18	84 19
18	84 20
18	84 1
18	84 2
18	83 2
18	85 2
18	79 12
18	84 3
18	84 4
18	84 5
18	84 6
18	83 6
18	85 6
18	79 15
18	84 7
18	84 8
18	84 9
18	84 10
18	83 10
18	85 10
18	79 15
18	84 11
18	84 12
18	84 13
18	84 14
18	83 14
18	85 14
18	79 15
18	84 15
18	84 16
18	84 17
18	84 18
18	83 18
18	85 18
18	79 19
18	84 19
18	84 20
18	84 1
18	84 2
18	83 2
18	85 2
18	79 17
18	84 3
18	84 4
18	84 5
18	84 6
18	83 6
18	85 6
18	79 17
18	84 7
18	84 8
18	84 9
18	84 10
18	83 10
18	85 10
18	79 12
18	84 11
18	84 12
18	84 13
18	84 14
18	83 14
18	85 14
18	79 18
18	84 15
18	84 16
18	84 17
18	84 18
18	83 18
18	85 18
18	79 19
18	84 19
18	84 20
18	84 1
18	84 2
18	83 2
18	85 2
18	79 19
18	84 3
18	84 4
18	84 5
18	84 6
18	83 6
18	85 6
18	79 16
18	84 7
18	84 8
18	84 9
18	84 10
18	83 10
18	85 10
18	79 16
18	84 11
18	84 12
18	84 13
18	84 14
18	83 14
18	85 14
18	79 14
18	84 15
18	84 16
18	84 17
18	84 18
18	83 18
18	85 18
18	79 13
18	84 19
18	84 20
18	84 1
18	84 2
18	83 2
18	85 2
18	79 14
18	84 3
18	84 4
18	84 5
18	84 6
18	83 6
18	85 6
18	79 14
18	84 7
18	84 8
18	84 9
18	84 10
18	83 10
18	85 10
18	79 16
18	84 11
18	84 12
18	84 13
18	84 14
18	83 14
18	85 14
18	79 13
18	84 15
18	84 16
18	84 17
18	84 18
18	83 18
18	85 18
18	79 13
18	84 19
18	84 20
18	84 1
18	84 2
18	83 2
18	85 2
18	79 12
18	84 3
18	84 4
18	84 5
18	84 6
18	83 6
18	85 6
18	79 14
18	84 7
18	83 7
18	85 7
18	79 34
18	84 8
18	84 9
18	83 9
18	85 9
18	79 17
18	84 10
18	84 11
18	84 12
18	84 13
18	83 13
18	85 13
18	79 16
18	84 14
18	84 15
18	84 16
18	84 17
18	83 17
18	85 17
18	79 15
18	84 18
18	84 19
18	84 20
18	84 1
18	83 1
18	85 1
18	79 13
18	84 2
18	84 3
18	84 4
18	84 5
18	83 5
18	85 5
18	79 16
18	84 6
18	84 7
18	84 8
18	84 9
18	83 9
18	85 9
18	79 13
18	84 10
18	84 11
18	84 12
18	84 13
18	83 13
18	85 13
18	79 13
18	84 14
18	84 15
18	84 16
18	84 17
18	83 17
18	85 17
18	79 11
18	84 18
18	84 19
18	84 20
18	84 1
18	83 1
18	85 1
18	79 12
18	84 2
18	84 3
18	84 4
18	84 5
18	83 5
18	85 5
18	79 19
18	84 6
18	84 7
18	84 8
18	84 9
18	83 9
18	85 9
18	79 15
18	84 10
18	84 11
18	84 12
18	84 13
18	83 13
18	85 13
18	79 14
18	84 14
18	84 15
18	83 15
18	85 15
18	79 25
18	84 16
18	84 17
18	83 17
18	85 17
18	79 13
18	84 18
18	84 19
18	84 20
18	84 1
18	83 1
18	85 1
18	79 15
18	84 2
18	84 3
18	83 3
18	85 3
18	79 40
18	84 4
18	84 5
18	83 5
18	85 5
18	79 19
18	84 6
18	84 7
18	84 8
18	84 9
18	83 9
18	85 9
18	79 13
18	84 10
18	84 11
18	84 12
18	84 13
18	83 13
18	85 13
18	79 19
18	84 14
18	84 15
18	84 16
18	84 17
18	83 17
18	85 17
18	79 12
18	84 18
18	84 19
18	84 20
18	84 1
18	83 1
18	85 1
18	79 14
18	84 2
18	84 3
18	84 4
18	84 5
18	83 5
18	85 5
18	79 16
18	84 6
18	84 7
18	84 8
18	84 9
18	83 9
18	85 9
18	79 16
18	84 10
18	84 11
18	84 12
18	84 13
18	83 13
18	85 13
18	79 17
18	84 14
18	84 15
18	84 16
18	84 17
18	83 17
18	85 17
18	79 14
18	84 18
18	84 19
18	84 20
18	84 1
18	83 1
18	85 1
18	79 16
18	84 2
18	84 3
18	84 4
18	84 5
18	83 5
18	85 5
18	79 17
18	84 6
18	84 7
18	84 8
18	84 9
18	83 9
18	85 9
18	79 15
18	84 10
18	84 11
18	84 12
18	84 13
18	83 13
18	85 13
18	79 16
18	84 14
18	84 15
18	84 16
18	84 17
18	83 17
18	85 17
18	79 15
18	84 18
18	84 19
18	84 20
18	84 1
18	83 1
18	85 1
18	79 17
18	84 2
18	84 3
18	84 4
18	84 5
18	83 5
18	85 5
18	79 14
18	84 6
18	84 7
18	84 8
18	84 9
18	83 9
18	85 9
18	79 10
18	84 10
18	84 11
18	84 12
18	84 13
18	83 13
18	85 13
18	79 15
18	84 14
18	84 15
18	84 16
18	84 17
18	83 17
18	85 17
18	79 17
18	84 18
18	84 19
18	84 20
18	84 1
18	83 1
18	85 1
18	79 13
18	84 2
18	84 3
18	84 4
18	84 5
18	83 5
18	85 5
18	79 17
18	84 6
18	84 7
18	84 8
18	84 9
18	83 9
18	85 9
18	79 17
18	84 10
18	TEST_NUMBER 1
18	SENT_TOTAL 250
18	RECEIVED_TOTAL 67
18	TIME_TOTAL 29682
18	RECEIVED_RADIO_1 5
18	RECEIVED_RADIO_2 63
18	SENT_RADIO_1 124
18	SENT_RADIO_2 126
18	RADIO_TIME_1 29745
18	RADIO_TIME_2 19699
18	RETRANSMISSIONS_1 1
18	RETRANSMISSIONS_2 0
18	DROPPED_1 0
18	DROPPED_2 0
18	MAX_QUEUE 1
18	DUPLICATED_1 0
18	DUPLICATED_2 0
18	EBUSY_RADIO_1 0
18	EBUSY_RADIO_2 0
18	84 1
18	83 1
18	85 1
18	79 26
18	84 2
18	84 3
18	83 3
18	85 3
18	79 17
18	84 4
18	84 5
18	84 6
18	84 7
18	83 7
18	85 7
18	79 12
18	84 8
18	84 9
18	83 9
18	85 9
18	79 27
18	84 10
18	84 11
18	83 11
18	85 11
18	79 15
18	84 12
18	84 13
18	84 14
18	84 15
18	83 15
18	85 15
18	79 14
18	84 16
18	84 17
18	84 18
18	84 19
18	83 19
18	85 19
18	79 18
18	84 20
18	84 1
18	84 2
18	84 3
18	83 3
18	85 3
18	79 12
18	84 4
18	84 5
18	84 6
18	84 7
18	83 7
18	85 7
18	79 14
18	84 8
18	84 9
18	84 10
18	84 11
18	83 11
18	85 11
18	79 16
18	84 12
18	84 13
18	84 14
18	84 15
18	83 15
18	85 15
18	79 16
18	84 16
18	84 17
18	84 18
18	84 19
18	83 19
18	85 19
18	79 15
18	84 20
18	84 1
18	84 2
18	84 3
18	83 3
18	85 3
18	79 18
18	84 4
18	84 5
18	84 6
18	84 7
18	83 7
18	85 7
18	79 17
18	84 8
18	84 9
18	84 10
18	84 11
18	83 11
18	85 11
18	79 17
18	84 12
18	84 13
18	84 14
18	84 15
18	83 15
18	85 15
18	79 13
18	84 16
18	84 17
18	84 18
18	84 19
18	83 19
18	85 19
18	79 13
18	84 20
18	84 1
18	84 2
18	84 3
18	83 3
18	85 3
18	79 15
18	84 4
18	84 5
18	84 6
18	84 7
18	83 7
18	85 7
18	79 16
18	84 8
18	84 9
18	84 10
18	84 11
18	83 11
18	85 11
18	79 13
18	84 12
18	84 13
18	84 14
18	84 15
18	83 15
18	85 15
18	79 15
18	84 16
18	84 17
18	84 18
18	84 19
18	83 19
18	85 19
18	79 14
18	84 20
18	84 1
18	84 2
18	84 3
18	83 3
18	85 3
18	79 18
18	84 4
18	84 5
18	84 6
18	84 7
18	83 7
18	85 7
18	79 19
18	84 8
18	84 9
18	84 10
18	84 11
18	83 11
18	85 11
18	79 15
18	84 12
18	84 13
18	84 14
18	84 15
18	83 15
18	85 15
18	79 19
18	84 16
18	84 17
18	84 18
18	84 19
18	83 19
18	85 19
18	79 11
18	84 20
18	84 1
18	84 2
18	84 3
18	83 3
18	85 3
18	79 14
18	84 4
18	84 5
18	84 6
18	84 7
18	83 7
18	85 7
18	79 18
18	84 8
18	84 9
18	84 10
18	84 11
18	83 11
18	85 11
18	79 14
18	84 12
18	83 12
18	85 12
18	79 37
18	84 13
18	84 14
18	83 14
18	85 14
18	79 15
18	84 15
18	84 16
18	84 17
18	84 18
18	83 18
18	85 18
18	79 17
18	84 19
18	84 20
18	83 20
18	85 20
18	79 30
18	84 1
18	84 2
18	83 2
18	85 2
18	79 16
18	84 3
18	84 4
18	84 5
18	84 6
18	83 6
18	85 6
18	79 15
18	84 7
18	84 8
18	84 9
18	84 10
18	83 10
18	85 10
18	79 18
18	84 11
18	84 12
18	84 13
18	84 14
18	83 14
18	85 14
18	79 16
18	84 15
18	84 16
18	84 17
18	83 17
18	85 16
18	79 137
18	84 18
18	83 18
18	85 18
18	79 18
18	84 19
18	84 20
18	84 1
18	84 2
18	83 2
18	85 2
18	79 18
18	84 3
18	84 4
18	84 5
18	84 6
18	83 6
18	85 6
18	79 15
18	84 7
18	84 8
18	83 8
18	85 8
18	79 35
18	84 9
18	84 10
18	83 10
18	85 10
18	79 17
18	84 11
18	84 12
18	84 13
18	84 14
18	83 14
18	85 14
18	79 15
18	84 15
18	84 16
18	84 17
18	84 18
18	83 18
18	85 18
18	79 15
18	84 19
18	84 20
18	84 1
18	84 2
18	83 2
18	85 2
18	79 15
18	84 3
18	84 4
18	84 5
18	84 6
18	83 6
18	85 6
18	79 15
18	84 7
18	84 8
18	84 9
18	84 10
18	83 10
18	85 10
18	79 13
18	84 11
18	84 12
18	84 13
18	84 14
18	83 14
18	85 14
18	79 12
18	84 15
18	84 16
18	84 17
18	83 17
18	85 16
18	79 133
18	84 18
18	83 18
18	85 18
18	79 14
18	84 19
18	84 20
18	84 1
18	84 2
18	83 2
18	85 2
18	79 15
18	84 3
18	84 4
18	84 5
18	84 6
18	83 6
18	85 6
18	79 14
18	84 7
18	84 8
18	84 9
18	84 10
18	84 11
18	84 12
18	83 12
18	85 12
18	79 15
18	84 13
18	84 14
18	84 15
18	84 16
18	83 16
18	85 16
18	79 13
18	84 17
18	83 17
18	85 17
18	79 34
18	84 18
18	84 19
18	83 19
18	85 19
18	79 15
18	84 20
18	84 1
18	84 2
18	84 3
18	83 3
18	85 3
18	79 18
18	84 4
18	84 5
18	84 6
18	84 7
18	83 7
18	85 7
18	79 12
18	84 8
18	84 9
18	84 10
18	84 11
18	83 11
18	85 11
18	79 16
18	84 12
18	84 13
18	84 14
18	84 15
18	83 15
18	85 15
18	79 16
18	84 16
18	84 17
18	84 18
18	84 19
18	83 19
18	85 19
18	79 13
18	84 20
18	83 20
18	85 20
18	79 35
18	84 1
18	84 2
18	83 2
18	85 2
18	79 15
18	84 3
18	84 4
18	84 5
18	84 6
18	83 6
18	85 6
18	79 18
18	84 7
18	84 8
18	84 9
18	84 10
18	83 10
18	85 10
18	79 19
18	84 11
18	84 12
18	84 13
18	84 14
18	83 14
18	85 14
18	79 19
18	84 15
18	84 16
18	84 17
18	84 18
18	83 18
18	85 18
18	79 12
18	84 19
18	84 20
18	84 1
18	84 2
18	83 2
18	85 2
18	79 17
18	84 3
18	84 4
18	84 5
18	84 6
18	83 6
18	85 6
18	79 16
18	84 7
18	84 8
18	84 9
18	84 10
18	TEST_NUMBER 2
18	SENT_TOTAL 250
18	RECEIVED_TOTAL 71
18	TIME_TOTAL 19514
18	RECEIVED_RADIO_1 9
18	RECEIVED_RADIO_2 62
18	SENT_RADIO_1 124
18	SENT_RADIO_2 126
18	RADIO_TIME_1 19737
18	RADIO_TIME_2 19843
18	RETRANSMISSIONS_1 3
18	RETRANSMISSIONS_2 0
18	DROPPED_1 0
18	DROPPED_2 0
18	MAX_QUEUE 1
18	DUPLICATED_1 0
18	DUPLICATED_2 1
18	EBUSY_RADIO_1 0
18	EBUSY_RADIO_2 0
18	83 0
18	85 10
18	86 2
18	84 1
18	84 2
18	84 3
18	84 4
18	83 4
18	85 4
18	79 16
18	84 5
18	84 6
18	84 7
18	84 8
18	83 8
18	85 8
18	79 14
18	84 9
18	84 10
18	84 11
18	84 12
18	83 12
18	85 12
18	79 14
18	84 13
18	84 14
18	84 15
18	84 16
18	83 16
18	85 16
18	79 16
18	84 17
18	84 18
18	84 19
18	84 20
18	83 20
18	85 20
18	79 14
18	84 1
18	84 2
18	84 3
18	84 4
18	83 4
18	85 4
18	79 16
18	84 5
18	84 6
18	84 7
18	84 8
18	83 8
18	85 8
18	79 18
18	84 9
18	84 10
18	84 11
18	83 11
18	85 10
18	79 141
18	84 12
18	83 12
18	85 12
18	79 14
18	84 13
18	84 14
18	84 15
18	84 16
18	83 16
18	85 16
18	79 18
18	84 17
18	84 18
18	84 19
18	84 20
18	83 20
18	85 20
18	79 14
18	84 1
18	84 2
18	84 3
18	84 4
18	83 4
18	85 4
18	79 14
18	84 5
18	84 6
18	84 7
18	84 8
18	83 8
18	85 8
18	79 14
18	84 9
18	84 10
18	84 11
18	84 12
18	83 12
18	85 12
18	79 17
18	84 13
18	84 14
18	83 14
18	85 14
18	79 20
18	84 15
18	84 16
18	84 17
18	84 18
18	83 18
18	85 18
18	79 13
18	84 19
18	84 20
18	84 1
18	84 2
18	83 2
18	85 2
18	79 17
18	84 3
18	84 4
18	84 5
18	84 6
18	83 6
18	85 6
18	79 15
18	84 7
18	84 8
18	84 9
18	84 10
18	83 10
18	85 10
18	79 18
18	84 11
18	84 12
18	84 13
18	84 14
18	83 14
18	85 14
18	79 14
18	84 15
18	84 16
18	84 17
18	84 18
18	83 18
18	85 18
18	79 16
18	84 19
18	84 20
18	84 1
18	84 2
18	83 2
18	85 2
18	79 16
18	84 3
18	84 4
18	84 5
18	84 6
18	83 6
18	85 6
18	79 16
18	84 7
18	84 8
18	84 9
18	84 10
18	83 10
18	85 10
18	79 14
18	84 11
18	84 12
18	84 13
18	84 14
18	83 14
18	85 14
18	79 14
18	84 15
18	84 16
18	84 17
18	84 18
18	83 18
18	85 18
18	79 12
18	84 19
18	84 20
18	84 1
18	84 2
18	83 2
18	85 2
18	79 15
18	84 3
18	84 4
18	84 5
18	84 6
18	83 6
18	85 6
18	79 15
18	84 7
18	84 8
18	84 9
18	84 10
18	83 10
18	85 10
18	79 12
18	84 11
18	84 12
18	84 13
18	84 14
18	83 14
18	85 14
18	79 14
18	84 15
18	84 16
18	84 17
18	84 18
18	84 19
18	84 20
18	83 20
18	85 18
18	79 173
18	84 1
18	84 2
18	84 3
18	83 3
18	85 3
18	79 13
18	84 4
18	84 5
18	84 6
18	84 7
18	83 7
18	85 7
18	79 17
18	84 8
18	84 9
18	84 10
18	84 11
18	83 11
18	85 11
18	79 14
18	84 12
18	84 13
18	83 13
18	85 13
18	79 33
18	84 14
18	84 15
18	83 15
18	85 15
18	79 14
18	84 16
18	84 17
18	84 18
18	84 19
18	84 20
18	83 20
18	85 20
18	79 14
18	84 1
18	84 2
18	84 3
18	84 4
18	83 4
18	85 4
18	79 12
18	84 5
18	84 6
18	84 7
18	84 8
18	83 8
18	85 8
18	79 16
18	84 9
18	84 10
18	84 11
18	84 12
18	83 12
18	85 12
18	79 17
18	84 13
18	84 14
18	84 15
18	84 16
18	83 16
18	85 16
18	79 14
18	84 17
18	84 18
18	84 19
18	83 19
18	85 18
18	79 126
18	84 20
18	83 20
18	85 20
18	79 16
18	84 1
18	83 1
18	85 1
18	79 38
18	84 2
18	84 3
18	83 3
18	85 3
18	79 15
18	84 4
18	84 5
18	84 6
18	84 7
18	83 7
18	85 7
18	79 15
18	84 8
18	84 9
18	84 10
18	84 11
18	83 11
18	85 11
18	79 14
18	84 12
18	84 13
18	84 14
18	84 15
18	83 15
18	85 15
18	79 14
18	84 16
18	84 17
18	84 18
18	84 19
18	83 19
18	85 19
18	79 13
18	84 20
18	84 1
18	84 2
18	84 3
18	83 3
18	85 3
18	79 13
18	84 4
18	84 5
18	84 6
18	84 7
18	83 7
18	85 7
18	79 16
18	84 8
18	84 9
18	84 10
18	84 11
18	83 11
18	85 11
18	79 13
18	84 12
18	84 13
18	84 14
18	84 15
18	83 15
18	85 15
18	79 14
18	84 16
18	84 17
18	84 18
18	84 19
18	83 19
18	85 19
18	79 11
18	84 20
18	84 1
18	84 2
18	84 3
18	83 3
18	85 3
18	79 14
18	84 4
18	84 5
18	84 6
18	84 7
18	83 7
18	85 7
18	79 17
18	84 8
18	84 9
18	83 9
18	85 9
18	79 30
18	84 10
18	84 11
18	83 11
18	85 11
18	79 16
18	84 12
18	84 13
18	84 14
18	84 15
18	83 15
18	85 15
18	79 15
18	84 16
18	84 17
18	84 18
18	84 19
18	83 19
18	85 19
18	79 15
18	84 20
18	84 1
18	84 2
18	84 3
18	83 3
18	85 3
18	79 16
18	84 4
18	84 5
18	84 6
18	84 7
18	83 7
18	85 7
18	79 14
18	84 8
18	84 9
18	84 10
18	84 11
18	83 11
18	85 11
18	79 14
18	84 12
18	84 13
18	84 14
18	84 15
18	83 15
18	85 15
18	79 17
18	84 16
18	84 17
18	84 18
18	84 19
18	83 19
18	85 19
18	79 16
18	84 20
18	84 1
18	84 2
18	84 3
18	83 3
18	85 3
18	79 17
18	84 4
18	84 5
18	84 6
18	84 7
18	83 7
18	85 7
18	79 16
18	84 8
18	84 9
18	84 10
18	TEST_NUMBER 3
18	SENT_TOTAL 250
18	RECEIVED_TOTAL 67
18	TIME_TOTAL 29646
18	RECEIVED_RADIO_1 5
18	RECEIVED_RADIO_2 63
18	SENT_RADIO_1 125
18	SENT_RADIO_2 125
18	RADIO_TIME_1 19843
18	RADIO_TIME_2 29790
18	RETRANSMISSIONS_1 1
18	RETRANSMISSIONS_2 2
18	DROPPED_1 0
18	DROPPED_2 0
18	MAX_QUEUE 1
18	DUPLICATED_1 0
18	DUPLICATED_2 0
18	EBUSY_RADIO_1 0
18	EBUSY_RADIO_2 0
18	84 1
18	83 1
18	85 1
18	79 14
18	84 2
18	84 3
18	84 4
18	84 5
18	83 5
18	85 5
18	79 17
18	84 6
18	84 7
18	84 8
18	84 9
18	83 9
18	85 9
18	79 17
18	84 10
18	84 11
18	84 12
18	84 13
18	83 13
18	85 13
18	79 14
18	84 14
18	84 15
18	84 16
18	84 17
18	83 17
18	85 17
18	79 16
18	84 18
18	84 19
18	83 19
18	85 19
18	79 23
18	84 20
18	84 1
18	84 2
18	84 3
18	83 3
18	85 3
18	79 16
18	84 4
18	84 5
18	84 6
18	84 7
18	83 7
18	85 7
18	79 13
18	84 8
18	84 9
18	84 10
18	84 11
18	83 11
18	85 11
18	79 16
18	84 12
18	84 13
18	84 14
18	84 15
18	83 15
18	85 15
18	79 17
18	84 16
18	84 17
18	84 18
18	84 19
18	83 19
18	85 19
18	79 14
18	84 20
18	84 1
18	84 2
18	84 3
18	83 3
18	85 3
18	79 12
18	84 4
18	84 5
18	84 6
18	84 7
18	83 7
18	85 7
18	79 13
18	84 8
18	84 9
18	84 10
18	84 11
18	83 11
18	85 11
18	79 14
18	84 12
18	84 13
18	84 14
18	84 15
18	83 15
18	85 15
18	79 14
18	84 16
18	84 17
18	84 18
18	84 19
18	83 19
18	85 19
18	79 17
18	84 20
18	84 1
18	84 2
18	83 2
18	85 1
18	79 125
18	84 3
18	83 3
18	85 3
18	79 13
18	84 4
18	84 5
18	84 6
18	84 7
18	83 7
18	85 7
18	79 15
18	84 8
18	84 9
18	84 10
18	84 11
18	83 11
18	85 11
18	79 18
18	84 12
18	84 13
18	84 14
18	84 15
18	83 15
18	85 15
18	79 17
18	84 16
18	84 17
18	83 17
18	85 17
18	79 31
18	84 18
18	84 19
18	83 19
18	85 19
18	79 12
18	84 20
18	84 1
18	84 2
18	84 3
18	83 3
18	85 3
18	79 19
18	84 4
18	84 5
18	84 6
18	84 7
18	83 7
18	85 7
18	79 16
18	84 8
18	84 9
18	83 9
18	85 9
18	79 35
18	84 10
18	84 11
18	83 11
18	85 11
18	79 14
18	84 12
18	84 13
18	84 14
18	84 15
18	83 15
18	85 15
18	79 10
18	84 16
18	84 17
18	84 18
18	84 19
18	83 19
18	85 19
18	79 14
18	84 20
18	84 1
18	84 2
18	84 3
18	83 3
18	85 3
18	79 19
18	84 4
18	84 5
18	84 6
18	84 7
18	83 7
18	85 7
18	79 16
18	84 8
18	84 9
18	84 10
18	84 11
18	83 11
18	85 11
18	79 13
18	84 12
18	84 13
18	83 13
18	85 13
18	79 40
18	84 14
18	84 15
18	83 15
18	85 15
18	79 16
18	84 16
18	84 17
18	84 18
18	84 19
18	83 19
18	85 19
18	79 14
18	84 20
18	84 1
18	84 2
18	84 3
18	84 4
18	84 5
18	83 5
18	85 3
18	79 179
18	84 6
18	83 6
18	85 6
18	79 22
18	84 7
18	84 8
18	84 9
18	83 9
18	85 8
18	79 130
18	84 10
18	83 10
18	85 10
18	79 14
18	84 11
18	84 12
18	84 13
18	84 14
18	83 14
18	85 14
18	79 13
18	84 15
18	84 16
18	84 17
18	84 18
18	83 18
18	85 18
18	79 15
18	84 19
18	84 20
18	84 1
18	84 2
18	83 2
18	85 2
18	79 13
18	84 3
18	84 4
18	84 5
18	84 6
18	83 6
18	85 6
18	79 17
18	84 7
18	84 8
18	84 9
18	84 10
18	83 10
18	85 10
18	79 16
18	84 11
18	84 12
18	84 13
18	84 14
18	83 14
18	85 14
18	79 14
18	84 15
18	84 16
18	84 17
18	84 18
18	83 18
18	85 18
18	79 12
18	84 19
18	84 20
18	84 1
18	84 2
18	83 2
18	85 2
18	79 13
18	84 3
18	84 4
18	84 5
18	84 6
18	83 6
18	85 6
18	79 17
18	84 7
18	84 8
18	84 9
18	84 10
18	83 10
18	85 10
18	79 18
18	84 11
18	84 12
18	84 13
18	84 14
18	83 14
18	85 14
18	79 15
18	84 15
18	84 16
18	84 17
18	84 18
18	84 19
18	84 20
18	84 1
18	83 1
18	85 1
18	79 12
18	84 2
18	84 3
18	84 4
18	84 5
18	83 5
18	85 5
18	79 15
18	84 6
18	84 7
18	84 8
18	84 9
18	83 9
18	85 9
18	79 14
18	84 10
18	84 11
18	84 12
18	84 13
18	83 13
18	85 13
18	79 17
18	84 14
18	84 15
18	83 15
18	85 15
18	79 21
18	84 16
18	84 17
18	84 18
18	84 19
18	84 20
18	83 20
18	85 20
18	79 17
18	84 1
18	84 2
18	84 3
18	84 4
18	83 4
18	85 4
18	79 18
18	84 5
18	84 6
18	84 7
18	84 8
18	83 8
18	85 8
18	79 19
18	84 9
18	84 10
18	84 11
18	84 12
18	83 12
18	85 12
18	79 15
18	84 13
18	84 14
18	84 15
18	84 16
18	83 16
18	85 16
18	79 17
18	84 17
18	84 18
18	84 19
18	83 19
18	85 18
18	79 130
18	84 20
18	83 20
18	85 20
18	79 12
18	84 1
18	84 2
18	84 3
18	84 4
18	83 4
18	85 4
18	79 15
18	84 5
18	84 6
18	84 7
18	84 8
18	83 8
18	85 8
18	79 15
18	84 9
18	84 10
18	84 11
18	84 12
18	83 12
18	85 12
18	79 16
18	84 13
18	84 14
18	84 15
18	84 16
18	83 16
18	85 16
18	79 16
18	84 17
18	84 18
18	84 19
18	84 20
18	83 20
18	85 20
18	79 18
18	84 1
18	84 2
18	84 3
18	84 4
18	83 4
18	85 4
18	79 11
18	84 5
18	84 6
18	84 7
18	84 8
18	83 8
18	85 8
18	79 16
18	84 9
18	84 10
18	TEST_NUMBER 4
18	SENT_TOTAL 250
18	RECEIVED_TOTAL 69
18	TIME_TOTAL 19685
18	RECEIVED_RADIO_1 6
18	RECEIVED_RADIO_2 63
18	SENT_RADIO_1 127
18	SENT_RADIO_2 123
18	RADIO_TIME_1 19683
18	RADIO_TIME_2 19843
18	RETRANSMISSIONS_1 0
18	RETRANSMISSIONS_2 4
18	DROPPED_1 0
18	DROPPED_2 0
18	MAX_QUEUE 1
18	DUPLICATED_1 0
18	DUPLICATED_2 1
18	EBUSY_RADIO_1 0
18	EBUSY_RADIO_2 0
18	83 0
18	85 10
18	86 4
18	84 1
18	84 2
18	83 2
18	85 2
18	79 17
18	84 3
18	84 4
18	84 5
18	84 6
18	83 6
18	85 6
18	79 15
18	84 7
18	84 8
18	84 9
18	84 10
18	83 10
18	85 10
18	79 15
18	84 11
18	84 12
18	84 13
18	84 14
18	83 14
18	85 14
18	79 14
18	84 15
18	84 16
18	84 17
18	84 18
18	83 18
18	85 18
18	79 11
18	84 19
18	84 20
18	84 1
18	84 2
18	83 2
18	85 2
18	79 13
18	84 3
18	84 4
18	84 5
18	84 6
18	83 6
18	85 6
18	79 16
18	84 7
18	84 8
18	84 9
18	84 10
18	83 10
18	85 10
18	79 13
18	84 11
18	84 12
18	83 12
18	85 12
18	79 22
18	84 13
18	84 14
18	84 15
18	84 16
18	83 16
18	85 16
18	79 16
18	84 17
18	84 18
18	84 19
18	84 20
18	83 20
18	85 20
18	79 13
18	84 1
18	84 2
18	84 3
18	84 4
18	83 4
18	85 4
18	79 14
18	84 5
18	84 6
18	84 7
18	84 8
18	83 8
18	85 8
18	79 18
18	84 9
18	84 10
18	83 10
18	85 10
18	79 27
18	84 11
18	84 12
18	84 13
18	84 14
18	83 14
18	85 14
18	79 15
18	84 15
18	84 16
18	84 17
18	84 18
18	83 18
18	85 18
18	79 14
18	84 19
18	84 20
18	84 1
18	84 2
18	83 2
18	85 2
18	79 14
18	84 3
18	84 4
18	84 5
18	84 6
18	83 6
18	85 6
18	79 14
18	84 7
18	84 8
18	84 9
18	84 10
18	83 10
18	85 10
18	79 15
18	84 11
18	84 12
18	84 13
18	83 13
18	85 12
18	79 138
18	84 14
18	83 14
18	85 14
18	79 15
18	84 15
18	84 16
18	84 17
18	84 18
18	83 18
18	85 18
18	79 16
18	84 19
18	84 20
18	83 20
18	85 20
18	79 29
18	84 1
18	84 2
18	84 3
18	84 4
18	83 4
18	85 4
18	79 14
18	84 5
18	84 6
18	84 7
18	84 8
18	83 8
18	85 8
18	79 15
18	84 9
18	84 10
18	84 11
18	84 12
18	83 12
18	85 12
18	79 17
18	84 13
18	84 14
18	83 14
18	85 14
18	79 22
18	84 15
18	84 16
18	83 16
18	85 16
18	79 15
18	84 17
18	84 18
18	84 19
18	84 20
18	83 20
18	85 20
18	79 12
18	84 1
18	84 2
18	84 3
18	84 4
18	83 4
18	85 4
18	79 15
18	84 5
18	84 6
18	84 7
18	84 8
18	83 8
18	85 8
18	79 13
18	84 9
18	84 10
18	84 11
18	84 12
18	83 12
18	85 12
18	79 14
18	84 13
18	84 14
18	84 15
18	84 16
18	83 16
18	85 16
18	79 15
18	84 17
18	84 18
18	84 19
18	84 20
18	83 20
18	85 20
18	79 10
18	84 1
18	84 2
18	84 3
18	84 4
18	83 4
18	85 4
18	79 16
18	84 5
18	84 6
18	84 7
18	84 8
18	83 8
18	85 8
18	79 14
18	84 9
18	84 10
18	84 11
18	84 12
18	83 12
18	85 12
18	79 16
18	84 13
18	84 14
18	84 15
18	84 16
18	83 16
18	85 16
18	79 12
18	84 17
18	84 18
18	84 19
18	84 20
18	83 20
18	85 20
18	79 11
18	84 1
18	84 2
18	84 3
18	84 4
18	83 4
18	85 4
18	79 11
18	84 5
18	84 6
18	84 7
18	84 8
18	83 8
18	85 8
18	79 16
18	84 9
18	84 10
18	84 11
18	84 12
18	83 12
18	85 12
18	79 14
18	84 13
18	84 14
18	84 15
18	84 16
18	83 16
18	85 16
18	79 14
18	84 17
18	84 18
18	84 19
18	84 20
18	83 20
18	85 20
18	79 17
18	84 1
18	84 2
18	84 3
18	84 4
18	83 4
18	85 4
18	79 18
18	84 5
18	84 6
18	84 7
18	84 8
18	83 8
18	85 8
18	79 12
18	84 9
18	84 10
18	84 11
18	84 12
18	83 12
18	85 12
18	79 17
18	84 13
18	84 14
18	84 15
18	84 16
18	83 16
18	85 16
18	79 15
18	84 17
18	84 18
18	84 19
18	84 20
18	83 20
18	85 20
18	79 17
18	84 1
18	84 2
18	84 3
18	84 4
18	83 4
18	85 4
18	79 15
18	84 5
18	84 6
18	84 7
18	84 8
18	83 8
18	85 8
18	79 17
18	84 9
18	84 10
18	84 11
18	84 12
18	83 12
18	85 12
18	79 16
18	84 13
18	84 14
18	84 15
18	84 16
18	83 16
18	85 16
18	79 16
18	84 17
18	84 18
18	84 19
18	84 20
18	83 20
18	85 20
18	79 18
18	84 1
18	84 2
18	84 3
18	84 4
18	83 4
18	85 4
18	79 19
18	84 5
18	84 6
18	84 7
18	84 8
18	83 8
18	85 8
18	79 17
18	84 9
18	84 10
18	84 11
18	83 11
18	85 10
18	79 137
18	84 12
18	83 12
18	85 12
18	79 12
18	84 13
18	84 14
18	84 15
18	83 15
18	85 14
18	79 127
18	84 16
18	83 16
18	85 16
18	79 18
18	84 17
18	84 18
18	84 19
18	84 20
18	83 20
18	85 20
18	79 15
18	84 1
18	84 2
18	84 3
18	84 4
18	83 4
18	85 4
18	79 17
18	84 5
18	84 6
18	84 7
18	84 8
18	83 8
18	85 8
18	79 12
18	84 9
18	84 10
18	84 11
18	84 12
18	83 12
18	85 12
18	79 17
18	84 13
18	84 14
18	84 15
18	84 16
18	83 16
18	85 16
18	79 18
18	84 17
18	84 18
18	84 19
18	84 20
18	83 20
18	85 20
18	79 11
18	84 1
18	84 2
18	84 3
18	84 4
18	83 4
18	85 4
18	79 19
18	84 5
18	84 6
18	84 7
18	84 8
18	83 8
18	85 8
18	79 15
18	84 9
18	84 10
18	TEST_NUMBER 5
18	SENT_TOTAL 250
18	RECEIVED_TOTAL 68
18	TIME_TOTAL 29601
18	RECEIVED_RADIO_1 5
18	RECEIVED_RADIO_2 64
18	SENT_RADIO_1 125
18	SENT_RADIO_2 125
18	RADIO_TIME_1 29666
18	RADIO_TIME_2 19763
18	RETRANSMISSIONS_1 0
18	RETRANSMISSIONS_2 0
18	DROPPED_1 0
18	DROPPED_2 0
18	MAX_QUEUE 1
18	DUPLICATED_1 0
18	DUPLICATED_2 0
18	EBUSY_RADIO_1 0
18	EBUSY_RADIO_2 0
18	83 0
18	85 10
18	86 5
18	84 1
18	84 2
18	83 2
18	85 2
18	79 14
18	84 3
18	84 4
18	84 5
18	84 6
18	83 6
18	85 6
18	79 15
18	84 7
18	84 8
18	84 9
18	84 10
18	83 10
18	85 10
18	79 14
18	84 11
18	84 12
18	84 13
18	84 14
18	83 14
18	85 14
18	79 18
18	84 15
18	84 16
18	84 17
18	84 18
18	83 18
18	85 18
18	79 13
18	84 19
18	84 20
18	84 1
18	84 2
18	83 2
18	85 2
18	79 13
18	84 3
18	84 4
18	84 5
18	84 6
18	83 6
18	85 6
18	79 11
18	84 7
18	84 8
18	84 9
18	84 10
18	83 10
18	85 10
18	79 16
18	84 11
18	84 12
18	84 13
18	84 14
18	83 14
18	85 14
18	79 15
18	84 15
18	84 16
18	84 17
18	84 18
18	83 18
18	85 18
18	79 11
18	84 19
18	84 20
18	84 1
18	84 2
18	83 2
18	85 2
18	79 15
18	84 3
18	84 4
18	84 5
18	84 6
18	83 6
18	85 6
18	79 14
18	84 7
18	84 8
18	84 9
18	84 10
18	83 10
18	85 10
18	79 16
18	84 11
18	84 12
18	84 13
18	84 14
18	83 14
18	85 14
18	79 14
18	84 15
18	84 16
18	84 17
18	84 18
18	83 18
18	85 18
18	79 17
18	84 19
18	84 20
18	84 1
18	84 2
18	83 2
18	85 2
18	79 16
18	84 3
18	84 4
18	84 5
18	83 5
18	85 4
18	79 134
18	84 6
18	83 6
18	85 6
18	79 11
18	84 7
18	84 8
18	84 9
18	84 10
18	83 10
18	85 10
18	79 15
18	84 11
18	84 12
18	84 13
18	84 14
18	83 14
18	85 14
18	79 15
18	84 15
18	84 16
18	84 17
18	84 18
18	83 18
18	85 18
18	79 11
18	84 19
18	84 20
18	84 1
18	84 2
18	83 2
18	85 2
18	79 14
18	84 3
18	84 4
18	84 5
18	83 5
18	85 4
18	79 135
18	84 6
18	83 6
18	85 6
18	79 15
18	84 7
18	84 8
18	84 9
18	84 10
18	83 10
18	85 10
18	79 14
18	84 11
18	84 12
18	84 13
18	84 14
18	83 14
18	85 14
18	79 16
18	84 15
18	84 16
18	84 17
18	84 18
18	83 18
18	85 18
18	79 17
18	84 19
18	84 20
18	84 1
18	84 2
18	83 2
18	85 2
18	79 16
18	84 3
18	84 4
18	84 5
18	84 6
18	83 6
18	85 6
18	79 18
18	84 7
18	84 8
18	84 9
18	84 10
18	83 10
18	85 10
18	79 12
18	84 11
18	84 12
18	84 13
18	84 14
18	83 14
18	85 14
18	79 15
18	84 15
18	84 16
18	84 17
18	84 18
18	83 18
18	85 18
18	79 14
18	84 19
18	84 20
18	84 1
18	84 2
18	83 2
18	85 2
18	79 16
18	84 3
18	84 4
18	84 5
18	84 6
18	83 6
18	85 6
18	79 16
18	84 7
18	84 8
18	83 8
18	85 5
18	79 257
18	83 8
18	85 8
18	79 28
18	83 8
18	85 7
18	79 123
18	84 9
18	83 9
18	85 9
18	79 46
18	84 10
18	83 10
18	85 10
18	79 11
18	84 11
18	83 11
18	85 11
18	79 44
18	84 12
18	83 12
18	85 12
18	79 16
18	84 13
18	83 13
18	85 13
18	79 43
18	84 14
18	83 14
18	85 14
18	79 17
18	84 15
18	83 15
18	85 15
18	79 41
18	84 16
18	83 16
18	85 16
18	79 11
18	84 17
18	83 17
18	85 17
18	79 44
18	84 18
18	83 18
18	85 18
18	79 18
18	84 19
18	83 19
18	85 19
18	79 41
18	84 20
18	83 20
18	85 20
18	79 18
18	84 1
18	83 1
18	85 1
18	79 42
18	84 2
18	83 2
18	85 2
18	79 15
18	84 3
18	83 3
18	85 3
18	79 46
18	84 4
18	83 4
18	85 4
18	79 15
18	84 5
18	83 5
18	85 5
18	79 38
18	84 6
18	83 6
18	85 6
18	79 13
18	84 7
18	83 7
18	85 7
18	79 41
18	84 8
18	83 8
18	85 8
18	79 17
18	84 9
18	83 9
18	85 9
18	79 37
18	84 10
18	83 10
18	85 10
18	79 11
18	84 11
18	83 11
18	85 11
18	79 35
18	84 12
18	83 12
18	85 12
18	79 15
18	84 13
18	83 13
18	85 13
18	79 40
18	84 14
18	83 14
18	85 14
18	79 15
18	84 15
18	83 15
18	85 15
18	79 42
18	84 16
18	83 16
18	85 16
18	79 15
18	84 17
18	83 17
18	85 17
18	79 43
18	84 18
18	83 18
18	85 18
18	79 15
18	84 19
18	83 19
18	85 19
18	79 40
18	84 20
18	83 20
18	85 20
18	79 13
18	84 1
18	83 1
18	85 1
18	79 38
18	84 2
18	83 2
18	85 2
18	79 13
18	84 3
18	83 3
18	85 3
18	79 41
18	84 4
18	83 4
18	85 4
18	79 14
18	84 5
18	83 5
18	85 5
18	79 42
18	84 6
18	83 6
18	85 6
18	79 15
18	84 7
18	83 7
18	85 7
18	79 39
18	84 8
18	83 8
18	85 8
18	79 13
18	84 9
18	83 9
18	85 9
18	79 43
18	84 10
18	83 10
18	85 10
18	79 14
18	84 11
18	83 11
18	85 11
18	79 37
18	84 12
18	83 12
18	85 12
18	79 16
18	84 13
18	83 13
18	85 13
18	79 37
18	84 14
18	83 14
18	85 14
18	79 14
18	84 15
18	83 15
18	85 15
18	79 39
18	84 16
18	83 16
18	85 16
18	79 12
18	84 17
18	83 17
18	85 17
18	79 43
18	84 18
18	83 18
18	85 18
18	79 18
18	84 19
18	83 19
18	85 19
18	79 42
18	84 20
18	83 20
18	85 20
18	79 13
18	84 1
18	83 1
18	85 1
18	79 42
18	84 2
18	83 2
18	85 2
18	79 18
18	84 3
18	83 3
18	85 3
18	79 43
18	84 4
18	83 4
18	85 4
18	79 17
18	84 5
18	83 5
18	85 5
18	79 45
18	84 6
18	83 6
18	85 6
18	79 13
18	84 7
18	83 7
18	85 7
18	79 39
18	84 8
18	83 8
18	85 8
18	79 16
18	84 9
18	83 9
18	85 9
18	79 43
18	84 10
18	83 10
18	85 10
18	79 16
18	84 11
18	83 11
18	85 11
18	79 37
18	84 12
18	83 12
18	85 12
18	79 18
18	84 13
18	83 13
18	85 13
18	79 35
18	84 14
18	83 14
18	85 14
18	79 14
18	84 15
18	83 15
18	85 15
18	79 41
18	84 16
18	83 16
18	85 16
18	79 18
18	84 17
18	83 17
18	85 17
18	79 42
18	84 18
18	83 18
18	85 18
18	79 13
18	84 19
18	83 19
18	85 19
18	79 40
18	84 20
18	83 20
18	85 20
18	79 14
18	84 1
18	83 1
18	85 1
18	79 43
18	84 2
18	83 2
18	85 2
18	79 15
18	84 3
18	83 3
18	85 3
18	79 43
18	84 4
18	83 4
18	85 4
18	79 13
18	84 5
18	84 6
18	83 6
18	85 6
18	79 24
18	84 7
18	83 7
18	85 5
18	79 184
18	83 7
18	85 7
18	79 52
18	84 8
18	83 8
18	85 8
18	79 15
18	84 9
18	83 9
18	85 9
18	79 40
18	84 10
18	83 10
18	85 10
18	79 13
18	84 11
18	83 11
18	85 11
18	79 43
18	84 12
18	83 12
18	85 12
18	79 15
18	84 13
18	83 13
18	85 13
18	79 41
18	84 14
18	83 14
18	85 14
18	79 17
18	84 15
18	83 15
18	85 15
18	79 42
18	84 16
18	83 16
18	85 16
18	79 19
18	84 17
18	83 17
18	85 17
18	79 39
18	84 18
18	83 18
18	85 18
18	79 15
18	84 19
18	83 19
18	85 19
18	79 37
18	84 20
18	83 20
18	85 20
18	79 15
18	84 1
18	83 1
18	85 1
18	79 44
18	84 2
18	83 2
18	85 2
18	79 17
18	84 3
18	83 3
18	85 3
18	79 40
18	84 4
18	83 4
18	85 4
18	79 13
18	84 5
18	83 5
18	85 5
18	79 43
18	84 6
18	83 6
18	85 6
18	79 16
18	84 7
18	83 7
18	85 7
18	79 43
18	84 8
18	83 8
18	85 8
18	79 16
18	84 9
18	83 9
18	85 9
18	79 46
18	84 10
18	83 10
18	85 10
18	79 12
18	84 11
18	83 11
18	85 11
18	79 37
18	84 12
18	83 12
18	85 12
18	79 14
18	84 13
18	83 13
18	85 13
18	79 41
18	84 14
18	83 14
18	85 14
18	79 14
18	84 15
18	83 15
18	85 15
18	79 41
18	84 16
18	83 16
18	85 16
18	79 15
18	84 17
18	83 17
18	85 17
18	79 44
18	84 18
18	83 18
18	85 18
18	79 17
18	84 19
18	83 19
18	85 19
18	79 42
18	84 20
18	83 20
18	85 20
18	79 18
18	84 1
18	83 1
18	85 1
18	79 40
18	84 2
18	83 2
18	85 2
18	79 14
18	84 3
18	83 3
18	85 3
18	79 44
18	84 4
18	83 4
18	85 4
18	79 15
18	84 5
18	83 5
18	85 5
18	79 43
18	84 6
18	83 6
18	85 6
18	79 12
18	84 7
18	83 7
18	85 7
18	79 48
18	84 8
18	83 8
18	85 8
18	79 17
18	84 9
18	83 9
18	85 9
18	79 43
18	84 10
18	TEST_NUMBER 6
18	SENT_TOTAL 250
18	RECEIVED_TOTAL 158
18	TIME_TOTAL 29714
18	RECEIVED_RADIO_1 65
18	RECEIVED_RADIO_2 94
18	SENT_RADIO_1 125
18	SENT_RADIO_2 125
18	RADIO_TIME_1 29714
18	RADIO_TIME_2 19763
18	RETRANSMISSIONS_1 0
18	RETRANSMISSIONS_2 0
18	DROPPED_1 0
18	DROPPED_2 0
18	MAX_QUEUE 1
18	DUPLICATED_1 0
18	DUPLICATED_2 0
18	EBUSY_RADIO_1 0
18	EBUSY_RADIO_2 0
18	83 0
18	85 10
18	86 6

20	RELAY_NODE 20
20	TEST_NUMBER 0
20	SENT_TOTAL 0
20	RECEIVED_TOTAL 0
20	TIME_TOTAL 0
20	RECEIVED_RADIO_1 125
20	RECEIVED_RADIO_2 5
20	SENT_RADIO_1 5
20	SENT_RADIO_2 125
20	RADIO_TIME_1 19766
20	RADIO_TIME_2 19766
20	RETRANSMISSIONS_1 0
20	RETRANSMISSIONS_2 2
20	DROPPED_1 0
20	DROPPED_2 0
20	MAX_QUEUE 1
20	DUPLICATED_1 0
20	DUPLICATED_2 1
20	EBUSY_RADIO_1 0
20	EBUSY_RADIO_2 0
20	TEST_NUMBER 1
20	SENT_TOTAL 0
20	RECEIVED_TOTAL 0
20	TIME_TOTAL 0
20	RECEIVED_RADIO_1 124
20	RECEIVED_RADIO_2 5
20	SENT_RADIO_1 5
20	SENT_RADIO_2 124
20	RADIO_TIME_1 29601
20	RADIO_TIME_2 29601
20	RETRANSMISSIONS_1 0
20	RETRANSMISSIONS_2 1
20	DROPPED_1 0
20	DROPPED_2 0
20	MAX_QUEUE 1
20	DUPLICATED_1 1
20	DUPLICATED_2 0
20	EBUSY_RADIO_1 0
20	EBUSY_RADIO_2 0
20	TEST_NUMBER 2
20	SENT_TOTAL 0
20	RECEIVED_TOTAL 0
20	TIME_TOTAL 0
20	RECEIVED_RADIO_1 124
20	RECEIVED_RADIO_2 9
20	SENT_RADIO_1 9
20	SENT_RADIO_2 124
20	RADIO_TIME_1 29804
20	RADIO_TIME_2 29804
20	RETRANSMISSIONS_1 0
20	RETRANSMISSIONS_2 4
20	DROPPED_1 0
20	DROPPED_2 0
20	MAX_QUEUE 1
20	DUPLICATED_1 3
20	DUPLICATED_2 0
20	EBUSY_RADIO_1 0
20	EBUSY_RADIO_2 0
20	TEST_NUMBER 3
20	SENT_TOTAL 0
20	RECEIVED_TOTAL 0
20	TIME_TOTAL 0
20	RECEIVED_RADIO_1 125
20	RECEIVED_RADIO_2 5
20	SENT_RADIO_1 5
20	SENT_RADIO_2 125
20	RADIO_TIME_1 19681
20	RADIO_TIME_2 19681
20	RETRANSMISSIONS_1 0
20	RETRANSMISSIONS_2 3
20	DROPPED_1 0
20	DROPPED_2 0
20	MAX_QUEUE 1
20	DUPLICATED_1 1
20	DUPLICATED_2 0
20	EBUSY_RADIO_1 0
20	EBUSY_RADIO_2 0
20	TEST_NUMBER 4
20	SENT_TOTAL 0
20	RECEIVED_TOTAL 0
20	TIME_TOTAL 0
20	RECEIVED_RADIO_1 127
20	RECEIVED_RADIO_2 6
20	SENT_RADIO_1 6
20	SENT_RADIO_2 127
20	RADIO_TIME_1 29803
20	RADIO_TIME_2 29803
20	RETRANSMISSIONS_1 0
20	RETRANSMISSIONS_2 3
20	DROPPED_1 0
20	DROPPED_2 0
20	MAX_QUEUE 1
20	DUPLICATED_1 0
20	DUPLICATED_2 0
20	EBUSY_RADIO_1 0
20	EBUSY_RADIO_2 0
20	TEST_NUMBER 5
20	SENT_TOTAL 0
20	RECEIVED_TOTAL 0
20	TIME_TOTAL 0
20	RECEIVED_RADIO_1 125
20	RECEIVED_RADIO_2 5
20	SENT_RADIO_1 5
20	SENT_RADIO_2 125
20	RADIO_TIME_1 29681
20	RADIO_TIME_2 29681
20	RETRANSMISSIONS_1 0
20	RETRANSMISSIONS_2 4
20	DROPPED_1 0
20	DROPPED_2 0
20	MAX_QUEUE 1
20	DUPLICATED_1 0
20	DUPLICATED_2 0
20	EBUSY_RADIO_1 0
20	EBUSY_RADIO_2 0
20	TEST_NUMBER 6
20	SENT_TOTAL 0
20	RECEIVED_TOTAL 0
20	TIME_TOTAL 0
20	RECEIVED_RADIO_1 125
20	RECEIVED_RADIO_2 65
20	SENT_RADIO_1 64
20	SENT_RADIO_2 125
20	RADIO_TIME_1 29714
20	RADIO_TIME_2 29715
20	RETRANSMISSIONS_1 0
20	RETRANSMISSIONS_2 3
20	DROPPED_1 0
20	DROPPED_2 0
20	MAX_QUEUE 1
20	DUPLICATED_1 0
20	DUPLICATED_2 0
20	EBUSY_RADIO_1 0
20	EBUSY_RADIO_2 0

22	DESTINATION_NODE 22
22	TEST_NUMBER 0
22	SENT_TOTAL 125
22	RECEIVED_TOTAL 125
22	TIME_TOTAL 19764
22	RECEIVED_RADIO_1 0
22	RECEIVED_RADIO_2 125
22	SENT_RADIO_1 63
22	SENT_RADIO_2 62
22	RADIO_TIME_1 19764
22	RADIO_TIME_2 19764
22	RETRANSMISSIONS_1 0
22	RETRANSMISSIONS_2 0
22	DROPPED_1 0
22	DROPPED_2 0
22	MAX_QUEUE 1
22	DUPLICATED_1 0
22	DUPLICATED_2 0
22	EBUSY_RADIO_1 0
22	EBUSY_RADIO_2 0
22	TEST_NUMBER 1
22	SENT_TOTAL 125
22	RECEIVED_TOTAL 125
22	TIME_TOTAL 19685
22	RECEIVED_RADIO_1 0
22	RECEIVED_RADIO_2 125
22	SENT_RADIO_1 62
22	SENT_RADIO_2 63
22	RADIO_TIME_1 19365
22	RADIO_TIME_2 19685
22	RETRANSMISSIONS_1 0
22	RETRANSMISSIONS_2 0
22	DROPPED_1 0
22	DROPPED_2 0
22	MAX_QUEUE 1
22	DUPLICATED_1 0
22	DUPLICATED_2 0
22	EBUSY_RADIO_1 0
22	EBUSY_RADIO_2 0
22	TEST_NUMBER 2
22	SENT_TOTAL 127
22	RECEIVED_TOTAL 127
22	TIME_TOTAL 19841
22	RECEIVED_RADIO_1 0
22	RECEIVED_RADIO_2 127
22	SENT_RADIO_1 64
22	SENT_RADIO_2 63
22	RADIO_TIME_1 19681
22	RADIO_TIME_2 19841
22	RETRANSMISSIONS_1 0
22	RETRANSMISSIONS_2 1
22	DROPPED_1 0
22	DROPPED_2 0
22	MAX_QUEUE 1
22	DUPLICATED_1 0
22	DUPLICATED_2 0
22	EBUSY_RADIO_1 0
22	EBUSY_RADIO_2 0
22	TEST_NUMBER 3
22	SENT_TOTAL 124
22	RECEIVED_TOTAL 124
22	TIME_TOTAL 19682
22	RECEIVED_RADIO_1 0
22	RECEIVED_RADIO_2 124
22	SENT_RADIO_1 62
22	SENT_RADIO_2 62
22	RADIO_TIME_1 19682
22	RADIO_TIME_2 19682
22	RETRANSMISSIONS_1 1
22	RETRANSMISSIONS_2 0
22	DROPPED_1 0
22	DROPPED_2 0
22	MAX_QUEUE 1
22	DUPLICATED_1 0
22	DUPLICATED_2 0
22	EBUSY_RADIO_1 0
22	EBUSY_RADIO_2 0
22	TEST_NUMBER 4
22	SENT_TOTAL 124
22	RECEIVED_TOTAL 124
22	TIME_TOTAL 19843
22	RECEIVED_RADIO_1 0
22	RECEIVED_RADIO_2 124
22	SENT_RADIO_1 61
22	SENT_RADIO_2 63
22	RADIO_TIME_1 19682
22	RADIO_TIME_2 19843
22	RETRANSMISSIONS_1 3
22	RETRANSMISSIONS_2 1
22	DROPPED_1 0
22	DROPPED_2 0
22	MAX_QUEUE 1
22	DUPLICATED_1 0
22	DUPLICATED_2 0
22	EBUSY_RADIO_1 0
22	EBUSY_RADIO_2 0
22	TEST_NUMBER 5
22	SENT_TOTAL 125
22	RECEIVED_TOTAL 125
22	TIME_TOTAL 19763
22	RECEIVED_RADIO_1 0
22	RECEIVED_RADIO_2 125
22	SENT_RADIO_1 61
22	SENT_RADIO_2 64
22	RADIO_TIME_1 19603
22	RADIO_TIME_2 19763
22	RETRANSMISSIONS_1 3
22	RETRANSMISSIONS_2 0
22	DROPPED_1 0
22	DROPPED_2 0
22	MAX_QUEUE 1
22	DUPLICATED_1 0
22	DUPLICATED_2 0
22	EBUSY_RADIO_1 0
22	EBUSY_RADIO_2 0
22	TEST_NUMBER 6
22	SENT_TOTAL 188
22	RECEIVED_TOTAL 188
22	TIME_TOTAL 19763
22	RECEIVED_RADIO_1 63
22	RECEIVED_RADIO_2 125
22	SENT_RADIO_1 93
22	SENT_RADIO_2 95
22	RADIO_TIME_1 19535
22	RADIO_TIME_2 19763
22	RETRANSMISSIONS_1 1
22	RETRANSMISSIONS_2 0
22	DROPPED_1 0
22	DROPPED_2 0
22	MAX_QUEUE 1
22	DUPLICATED_1 1
22	DUPLICATED_2 0
22	EBUSY_RADIO_1 0
22	EBUSY_RADIO_2 0

23	RELAY_NODE 23
23	TEST_NUMBER 0
23	SENT_TOTAL 0
23	RECEIVED_TOTAL 0
23	TIME_TOTAL 0
23	RECEIVED_RADIO_1 63
23	RECEIVED_RADIO_2 125
23	SENT_RADIO_1 0
23	SENT_RADIO_2 6
23	RADIO_TIME_1 19857
23	RADIO_TIME_2 19956
23	RETRANSMISSIONS_1 1226
23	RETRANSMISSIONS_2 589
23	DROPPED_1 123
23	DROPPED_2 59
23	MAX_QUEUE 2
23	DUPLICATED_1 0
23	DUPLICATED_2 0
23	EBUSY_RADIO_1 0
23	EBUSY_RADIO_2 0
23	TEST_NUMBER 1
23	SENT_TOTAL 0
23	RECEIVED_TOTAL 0
23	TIME_TOTAL 0
23	RECEIVED_RADIO_1 62
23	RECEIVED_RADIO_2 125
23	SENT_RADIO_1 0
23	SENT_RADIO_2 4
23	RADIO_TIME_1 19924
23	RADIO_TIME_2 19840
23	RETRANSMISSIONS_1 1237
23	RETRANSMISSIONS_2 578
23	DROPPED_1 124
23	DROPPED_2 58
23	MAX_QUEUE 2
23	DUPLICATED_1 0
23	DUPLICATED_2 0
23	EBUSY_RADIO_1 0
23	EBUSY_RADIO_2 0
23	TEST_NUMBER 2
23	SENT_TOTAL 0
23	RECEIVED_TOTAL 0
23	TIME_TOTAL 0
23	RECEIVED_RADIO_1 64
23	RECEIVED_RADIO_2 123
23	SENT_RADIO_1 0
23	SENT_RADIO_2 9
23	RADIO_TIME_1 19870
23	RADIO_TIME_2 19787
23	RETRANSMISSIONS_1 1206
23	RETRANSMISSIONS_2 568
23	DROPPED_1 121
23	DROPPED_2 57
23	MAX_QUEUE 2
23	DUPLICATED_1 0
23	DUPLICATED_2 0
23	EBUSY_RADIO_1 0
23	EBUSY_RADIO_2 0
23	TEST_NUMBER 3
23	SENT_TOTAL 0
23	RECEIVED_TOTAL 0
23	TIME_TOTAL 0
23	RECEIVED_RADIO_1 62
23	RECEIVED_RADIO_2 126
23	SENT_RADIO_1 0
23	SENT_RADIO_2 5
23	RADIO_TIME_1 19946
23	RADIO_TIME_2 19856
23	RETRANSMISSIONS_1 1236
23	RETRANSMISSIONS_2 588
23	DROPPED_1 124
23	DROPPED_2 59
23	MAX_QUEUE 2
23	DUPLICATED_1 0
23	DUPLICATED_2 0
23	EBUSY_RADIO_1 0
23	EBUSY_RADIO_2 0
23	TEST_NUMBER 4
23	SENT_TOTAL 0
23	RECEIVED_TOTAL 0
23	TIME_TOTAL 0
23	RECEIVED_RADIO_1 61
23	RECEIVED_RADIO_2 126
23	SENT_RADIO_1 0
23	SENT_RADIO_2 7
23	RADIO_TIME_1 19768
23	RADIO_TIME_2 19868
23	RETRANSMISSIONS_1 1225
23	RETRANSMISSIONS_2 578
23	DROPPED_1 123
23	DROPPED_2 58
23	MAX_QUEUE 2
23	DUPLICATED_1 0
23	DUPLICATED_2 0
23	EBUSY_RADIO_1 0
23	EBUSY_RADIO_2 0
23	TEST_NUMBER 5
23	SENT_TOTAL 0
23	RECEIVED_TOTAL 0
23	TIME_TOTAL 0
23	RECEIVED_RADIO_1 61
23	RECEIVED_RADIO_2 125
23	SENT_RADIO_1 0
23	SENT_RADIO_2 5
23	RADIO_TIME_1 19853
23	RADIO_TIME_2 19949
23	RETRANSMISSIONS_1 1206
23	RETRANSMISSIONS_2 598
23	DROPPED_1 121
23	DROPPED_2 60
23	MAX_QUEUE 2
23	DUPLICATED_1 1
23	DUPLICATED_2 0
23	EBUSY_RADIO_1 0
23	EBUSY_RADIO_2 0
23	TEST_NUMBER 6
23	SENT_TOTAL 0
23	RECEIVED_TOTAL 0
23	TIME_TOTAL 0
23	RECEIVED_RADIO_1 93
23	RECEIVED_RADIO_2 125
23	SENT_RADIO_1 63
23	SENT_RADIO_2 64
23	RADIO_TIME_1 19779
23	RADIO_TIME_2 19779
23	RETRANSMISSIONS_1 608
23	RETRANSMISSIONS_2 309
23	DROPPED_1 60
23	DROPPED_2 31
23	MAX_QUEUE 2
23	DUPLICATED_1 1
23	DUPLICATED_2 0
23	EBUSY_RADIO_1 0
23	EBUSY_RADIO_2 0
