
2	DESTINATION_NODE 2
2	TEST_NUMBER 0
2	SENT_TOTAL 115
2	RECEIVED_TOTAL 115
2	TIME_TOTAL 9090
2	RECEIVED_RADIO_1 58
2	RECEIVED_RADIO_2 57
2	SENT_RADIO_1 0
2	SENT_RADIO_2 87
2	RADIO_TIME_1 9090
2	RADIO_TIME_2 9090
2	RETRANSMISSIONS_1 260
2	RETRANSMISSIONS_2 1
2	DROPPED_1 26
2	DROPPED_2 0
2	MAX_QUEUE 2
2	DUPLICATED_1 0
2	DUPLICATED_2 0
2	EBUSY_RADIO_1 0
2	EBUSY_RADIO_2 0
2	86 0
2	86 0
2	86 0
2	86 0
2	86 0
2	86 0
2	86 0
2	86 0
2	86 0
2	86 0
2	86 0
2	86 0
2	86 0
2	86 0
2	86 0
2	86 0
2	86 0
2	86 0
2	86 0
2	86 0
2	86 0
2	86 0
2	86 0
2	86 0
2	86 0
2	86 0
2	86 0
2	86 0
2	86 0
2	86 0
2	86 0
2	86 0
2	86 0
2	86 0
2	86 0
2	86 0
2	86 0
2	86 0
2	86 0
2	86 0
2	86 0
2	86 0
2	86 0
2	86 0
2	86 0
2	86 0
2	86 0
2	86 0
2	86 0
2	86 0
2	86 0
2	86 0
2	86 0
2	86 0
2	86 0
2	86 0
2	86 0
2	86 0
2	86 0
2	86 0
2	86 0
2	86 0
2	86 0
2	86 0
2	86 0
2	86 0
2	86 0
2	86 0
2	86 0
2	86 0
2	86 0
2	86 0
2	86 0
2	86 0
2	86 0
2	86 0
2	86 0
2	86 0
2	86 0
2	86 0
2	86 0
2	86 0
2	86 0
2	86 0
2	86 0
2	86 0
2	86 0
2	86 0
2	86 0
2	86 0
2	86 0
2	86 0
2	86 0
2	86 0
2	86 0
2	86 0
2	86 0
2	86 0
2	86 0
2	86 0
2	86 0
2	86 0
2	86 0
2	86 0
2	86 0
2	86 0
2	86 0
2	86 0
2	86 0
2	86 0
2	86 0
2	86 0
2	86 0
2	86 0
2	86 0
2	86 0
2	86 0
2	86 0
2	86 0
2	86 0
2	86 0
2	86 0
2	86 0
2	86 0
2	86 0
2	86 0
2	86 0
2	86 0
2	86 0
2	86 0
2	86 0
2	86 0
2	86 0
2	86 0
2	86 0
2	TEST_NUMBER 1
2	SENT_TOTAL 249
2	RECEIVED_TOTAL 114
2	TIME_TOTAL 29804
2	RECEIVED_RADIO_1 126
2	RECEIVED_RADIO_2 123
2	SENT_RADIO_1 0
2	SENT_RADIO_2 190
2	RADIO_TIME_1 29804
2	RADIO_TIME_2 29804
2	RETRANSMISSIONS_1 590
2	RETRANSMISSIONS_2 4
2	DROPPED_1 59
2	DROPPED_2 0
2	MAX_QUEUE 2
2	DUPLICATED_1 0
2	DUPLICATED_2 0
2	EBUSY_RADIO_1 0
2	EBUSY_RADIO_2 0
2	86 1
2	86 1
2	86 1
2	86 1
2	86 1
2	86 1
2	86 1
2	86 1
2	86 1
2	86 1
2	86 1
2	86 1
2	86 1
2	86 1
2	86 1
2	86 1
2	86 1
2	86 1
2	86 1
2	86 1
2	86 1
2	86 1
2	86 1
2	86 1
2	86 1
2	86 1
2	86 1
2	86 1
2	86 1
2	86 1
2	86 1
2	86 1
2	86 1
2	86 1
2	86 1
2	86 1
2	86 1
2	86 1
2	86 1
2	86 1
2	86 1
2	86 1
2	86 1
2	86 1
2	86 1
2	86 1
2	86 1
2	86 1
2	86 1
2	86 1
2	86 1
2	86 1
2	86 1
2	86 1
2	86 1
2	86 1
2	86 1
2	86 1
2	86 1
2	86 1
2	86 1
2	86 1
2	86 1
2	86 1
2	86 1
2	86 1
2	86 1
2	86 1
2	86 1
2	86 1
2	86 1
2	86 1
2	86 1
2	86 1
2	86 1
2	86 1
2	86 1
2	86 1
2	86 1
2	86 1
2	86 1
2	86 1
2	86 1
2	86 1
2	86 1
2	86 1
2	86 1
2	86 1
2	86 1
2	86 1
2	86 1
2	86 1
2	86 1
2	86 1
2	86 1
2	86 1
2	86 1
2	86 1
2	86 1
2	86 1
2	86 1
2	86 1
2	86 1
2	86 1
2	86 1
2	86 1
2	86 1
2	86 1
2	86 1
2	86 1
2	86 1
2	86 1
2	86 1
2	86 1
2	86 1
2	86 1
2	86 1
2	86 1
2	86 1
2	86 1
2	86 1
2	86 1
2	86 1
2	86 1
2	86 1
2	86 1
2	86 1
2	86 1
2	86 1
2	86 1
2	86 1
2	86 1
2	86 1
2	86 1
2	86 1
2	86 1
2	TEST_NUMBER 2
2	SENT_TOTAL 251
2	RECEIVED_TOTAL 115
2	TIME_TOTAL 29876
2	RECEIVED_RADIO_1 127
2	RECEIVED_RADIO_2 124
2	SENT_RADIO_1 0
2	SENT_RADIO_2 192
2	RADIO_TIME_1 29877
2	RADIO_TIME_2 29797
2	RETRANSMISSIONS_1 586
2	RETRANSMISSIONS_2 5
2	DROPPED_1 59
2	DROPPED_2 0
2	MAX_QUEUE 2
2	DUPLICATED_1 0
2	DUPLICATED_2 0
2	EBUSY_RADIO_1 0
2	EBUSY_RADIO_2 0
2	86 2
2	86 2
2	86 2
2	86 2
2	86 2
2	86 2
2	86 2
2	86 2
2	86 2
2	86 2
2	86 2
2	86 2
2	86 2
2	86 2
2	86 2
2	86 2
2	86 2
2	86 2
2	86 2
2	86 2
2	86 2
2	86 2
2	86 2
2	86 2
2	86 2
2	86 2
2	86 2
2	86 2
2	86 2
2	86 2
2	86 2
2	86 2
2	86 2
2	86 2
2	86 2
2	86 2
2	86 2
2	86 2
2	86 2
2	86 2
2	86 2
2	86 2
2	86 2
2	86 2
2	86 2
2	86 2
2	86 2
2	86 2
2	86 2
2	86 2
2	86 2
2	86 2
2	86 2
2	86 2
2	86 2
2	86 2
2	86 2
2	86 2
2	86 2
2	86 2
2	86 2
2	86 2
2	86 2
2	86 2
2	86 2
2	86 2
2	86 2
2	86 2
2	86 2
2	86 2
2	86 2
2	86 2
2	86 2
2	86 2
2	86 2
2	86 2
2	86 2
2	86 2
2	86 2
2	86 2
2	86 2
2	86 2
2	86 2
2	86 2
2	86 2
2	86 2
2	86 2
2	86 2
2	86 2
2	86 2
2	86 2
2	86 2
2	86 2
2	86 2
2	86 2
2	86 2
2	86 2
2	86 2
2	86 2
2	86 2
2	86 2
2	86 2
2	86 2
2	86 2
2	86 2
2	86 2
2	86 2
2	86 2
2	86 2
2	86 2
2	86 2
2	86 2
2	86 2
2	86 2
2	86 2
2	86 2
2	86 2
2	86 2
2	86 2
2	86 2
2	86 2
2	86 2
2	86 2
2	86 2
2	86 2
2	86 2
2	86 2
2	86 2
2	86 2
2	86 2
2	86 2
2	86 2
2	86 2
2	86 2
2	86 2
2	TEST_NUMBER 3
2	SENT_TOTAL 250
2	RECEIVED_TOTAL 115
2	TIME_TOTAL 29807
2	RECEIVED_RADIO_1 125
2	RECEIVED_RADIO_2 125
2	SENT_RADIO_1 0
2	SENT_RADIO_2 191
2	RADIO_TIME_1 29876
2	RADIO_TIME_2 29807
2	RETRANSMISSIONS_1 590
2	RETRANSMISSIONS_2 4
2	DROPPED_1 59
2	DROPPED_2 0
2	MAX_QUEUE 2
2	DUPLICATED_1 0
2	DUPLICATED_2 0
2	EBUSY_RADIO_1 0
2	EBUSY_RADIO_2 0
2	86 3
2	86 3
2	86 3
2	86 3
2	86 3
2	86 3
2	86 3
2	86 3
2	86 3
2	86 3
2	86 3
2	86 3
2	86 3
2	86 3
2	86 3
2	86 3
2	86 3
2	86 3
2	86 3
2	86 3
2	86 3
2	86 3
2	86 3
2	86 3
2	86 3
2	86 3
2	86 3
2	86 3
2	86 3
2	86 3
2	86 3
2	86 3
2	86 3
2	86 3
2	86 3
2	86 3
2	86 3
2	86 3
2	86 3
2	86 3
2	86 3
2	86 3
2	86 3
2	86 3
2	86 3
2	86 3
2	86 3
2	86 3
2	86 3
2	86 3
2	86 3
2	86 3
2	86 3
2	86 3
2	86 3
2	86 3
2	86 3
2	86 3
2	86 3
2	86 3
2	86 3
2	86 3
2	86 3
2	86 3
2	86 3
2	86 3
2	86 3
2	86 3
2	86 3
2	86 3
2	86 3
2	86 3
2	86 3
2	86 3
2	86 3
2	86 3
2	86 3
2	86 3
2	86 3
2	86 3
2	86 3
2	86 3
2	86 3
2	86 3
2	86 3
2	86 3
2	86 3
2	86 3
2	86 3
2	86 3
2	86 3
2	86 3
2	86 3
2	86 3
2	86 3
2	86 3
2	86 3
2	86 3
2	86 3
2	86 3
2	86 3
2	86 3
2	86 3
2	86 3
2	86 3
2	86 3
2	86 3
2	86 3
2	86 3
2	86 3
2	86 3
2	86 3
2	86 3
2	86 3
2	86 3
2	86 3
2	86 3
2	86 3
2	86 3
2	86 3
2	86 3
2	86 3
2	86 3
2	86 3
2	86 3
2	86 3
2	86 3
2	86 3
2	86 3
2	86 3
2	86 3
2	86 3
2	86 3
2	86 3
2	86 3
2	TEST_NUMBER 4
2	SENT_TOTAL 250
2	RECEIVED_TOTAL 115
2	TIME_TOTAL 29808
2	RECEIVED_RADIO_1 126
2	RECEIVED_RADIO_2 124
2	SENT_RADIO_1 0
2	SENT_RADIO_2 191
2	RADIO_TIME_1 29874
2	RADIO_TIME_2 29822
2	RETRANSMISSIONS_1 586
2	RETRANSMISSIONS_2 2
2	DROPPED_1 59
2	DROPPED_2 0
2	MAX_QUEUE 2
2	DUPLICATED_1 0
2	DUPLICATED_2 0
2	EBUSY_RADIO_1 0
2	EBUSY_RADIO_2 0
2	86 4
2	86 4
2	86 4
2	86 4
2	86 4
2	86 4
2	86 4
2	86 4
2	86 4
2	86 4
2	86 4
2	86 4
2	86 4
2	86 4
2	86 4
2	86 4
2	86 4
2	86 4
2	86 4
2	86 4
2	86 4
2	86 4
2	86 4
2	86 4
2	86 4
2	86 4
2	86 4
2	86 4
2	86 4
2	86 4
2	86 4
2	86 4
2	86 4
2	86 4
2	86 4
2	86 4
2	86 4
2	86 4
2	86 4
2	86 4
2	86 4
2	86 4
2	86 4
2	86 4
2	86 4
2	86 4
2	86 4
2	86 4
2	86 4
2	86 4
2	86 4
2	86 4
2	86 4
2	86 4
2	86 4
2	86 4
2	86 4
2	86 4
2	86 4
2	86 4
2	86 4
2	86 4
2	86 4
2	86 4
2	86 4
2	86 4
2	86 4
2	86 4
2	86 4
2	86 4
2	86 4
2	86 4
2	86 4
2	86 4
2	86 4
2	86 4
2	86 4
2	86 4
2	86 4
2	86 4
2	86 4
2	86 4
2	86 4
2	86 4
2	86 4
2	86 4
2	86 4
2	86 4
2	86 4
2	86 4
2	86 4
2	86 4
2	86 4
2	86 4
2	86 4
2	86 4
2	86 4
2	86 4
2	86 4
2	86 4
2	86 4
2	86 4
2	86 4
2	86 4
2	86 4
2	86 4
2	86 4
2	86 4
2	86 4
2	86 4
2	86 4
2	86 4
2	86 4
2	86 4
2	86 4
2	86 4
2	86 4
2	86 4
2	86 4
2	86 4
2	86 4
2	86 4
2	86 4
2	86 4
2	86 4
2	86 4
2	86 4
2	86 4
2	86 4
2	86 4
2	86 4
2	86 4
2	86 4
2	86 4
2	86 4
2	TEST_NUMBER 5
2	SENT_TOTAL 250
2	RECEIVED_TOTAL 115
2	TIME_TOTAL 29805
2	RECEIVED_RADIO_1 127
2	RECEIVED_RADIO_2 123
2	SENT_RADIO_1 0
2	SENT_RADIO_2 192
2	RADIO_TIME_1 29805
2	RADIO_TIME_2 29805
2	RETRANSMISSIONS_1 578
2	RETRANSMISSIONS_2 4
2	DROPPED_1 58
2	DROPPED_2 0
2	MAX_QUEUE 3
2	DUPLICATED_1 0
2	DUPLICATED_2 0
2	EBUSY_RADIO_1 0
2	EBUSY_RADIO_2 0
2	86 5
2	86 5
2	86 5
2	86 5
2	86 5
2	86 5
2	86 5
2	86 5
2	86 5
2	86 5
2	86 5
2	86 5
2	86 5
2	86 5
2	86 5
2	86 5
2	86 5
2	86 5
2	86 5
2	86 5
2	86 5
2	86 5
2	86 5
2	86 5
2	86 5
2	86 5
2	86 5
2	86 5
2	86 5
2	86 5
2	86 5
2	86 5
2	86 5
2	86 5
2	86 5
2	86 5
2	86 5
2	86 5
2	86 5
2	86 5
2	86 5
2	86 5
2	86 5
2	86 5
2	86 5
2	86 5
2	86 5
2	86 5
2	86 5
2	86 5
2	86 5
2	86 5
2	86 5
2	86 5
2	86 5
2	86 5
2	86 5
2	86 5
2	86 5
2	86 5
2	86 5
2	86 5
2	86 5
2	86 5
2	86 5
2	86 5
2	86 5
2	86 5
2	86 5
2	86 5
2	86 5
2	86 5
2	86 5
2	86 5
2	86 5
2	86 5
2	86 5
2	86 5
2	86 5
2	86 5
2	86 5
2	86 5
2	86 5
2	86 5
2	86 5
2	86 5
2	86 5
2	86 5
2	86 5
2	86 5
2	86 5
2	86 5
2	86 5
2	86 5
2	86 5
2	86 5
2	86 5
2	86 5
2	86 5
2	86 5
2	86 5
2	86 5
2	86 5
2	86 5
2	86 5
2	86 5
2	86 5
2	86 5
2	86 5
2	86 5
2	86 5
2	86 5
2	86 5
2	86 5
2	86 5
2	86 5
2	86 5
2	86 5
2	86 5
2	86 5
2	86 5
2	86 5
2	86 5
2	86 5
2	86 5
2	86 5
2	86 5
2	86 5
2	86 5
2	86 5
2	86 5
2	86 5
2	86 5
2	86 5
2	86 5
2	TEST_NUMBER 6
2	SENT_TOTAL 210
2	RECEIVED_TOTAL 75
2	TIME_TOTAL 29804
2	RECEIVED_RADIO_1 86
2	RECEIVED_RADIO_2 124
2	SENT_RADIO_1 0
2	SENT_RADIO_2 158
2	RADIO_TIME_1 29871
2	RADIO_TIME_2 29804
2	RETRANSMISSIONS_1 518
2	RETRANSMISSIONS_2 1
2	DROPPED_1 52
2	DROPPED_2 0
2	MAX_QUEUE 2
2	DUPLICATED_1 0
2	DUPLICATED_2 0
2	EBUSY_RADIO_1 0
2	EBUSY_RADIO_2 0
2	86 6
2	86 6
2	86 6
2	86 6
2	86 6
2	86 6
2	86 6
2	86 6
2	86 6
2	86 6
2	86 6
2	86 6
2	86 6
2	86 6
2	86 6
2	86 6
2	86 6
2	86 6
2	86 6
2	86 6
2	86 6
2	86 6
2	86 6
2	86 6
2	86 6
2	86 6
2	86 6
2	86 6
2	86 6
2	86 6
2	86 6
2	86 6
2	86 6
2	86 6
2	86 6
2	86 6
2	86 6
2	86 6
2	86 6
2	86 6
2	86 6
2	86 6
2	86 6
2	86 6
2	86 6
2	86 6
2	86 6
2	86 6
2	86 6
2	86 6
2	86 6
2	86 6
2	86 6
2	86 6
2	86 6
2	86 6
2	86 6
2	86 6
2	86 6
2	86 6
2	86 6
2	86 6
2	86 6
2	86 6
2	86 6
2	86 6
2	86 6

4	RELAY_NODE 4
4	TEST_NUMBER 0
4	SENT_TOTAL 0
4	RECEIVED_TOTAL 0
4	TIME_TOTAL 0
4	RECEIVED_RADIO_1 0
4	RECEIVED_RADIO_2 56
4	SENT_RADIO_1 56
4	SENT_RADIO_2 0
4	RADIO_TIME_1 8698
4	RADIO_TIME_2 8698
4	RETRANSMISSIONS_1 0
4	RETRANSMISSIONS_2 0
4	DROPPED_1 0
4	DROPPED_2 0
4	MAX_QUEUE 1
4	DUPLICATED_1 0
4	DUPLICATED_2 0
4	EBUSY_RADIO_1 0
4	EBUSY_RADIO_2 0
4	TEST_NUMBER 1
4	SENT_TOTAL 0
4	RECEIVED_TOTAL 0
4	TIME_TOTAL 0
4	RECEIVED_RADIO_1 0
4	RECEIVED_RADIO_2 126
4	SENT_RADIO_1 126
4	SENT_RADIO_2 0
4	RADIO_TIME_1 29644
4	RADIO_TIME_2 29644
4	RETRANSMISSIONS_1 0
4	RETRANSMISSIONS_2 0
4	DROPPED_1 0
4	DROPPED_2 0
4	MAX_QUEUE 1
4	DUPLICATED_1 0
4	DUPLICATED_2 0
4	EBUSY_RADIO_1 0
4	EBUSY_RADIO_2 0
4	TEST_NUMBER 2
4	SENT_TOTAL 0
4	RECEIVED_TOTAL 0
4	TIME_TOTAL 0
4	RECEIVED_RADIO_1 0
4	RECEIVED_RADIO_2 127
4	SENT_RADIO_1 127
4	SENT_RADIO_2 0
4	RADIO_TIME_1 29804
4	RADIO_TIME_2 29804
4	RETRANSMISSIONS_1 0
4	RETRANSMISSIONS_2 0
4	DROPPED_1 0
4	DROPPED_2 0
4	MAX_QUEUE 1
4	DUPLICATED_1 0
4	DUPLICATED_2 0
4	EBUSY_RADIO_1 0
4	EBUSY_RADIO_2 0
4	TEST_NUMBER 3
4	SENT_TOTAL 0
4	RECEIVED_TOTAL 0
4	TIME_TOTAL 0
4	RECEIVED_RADIO_1 0
4	RECEIVED_RADIO_2 125
4	SENT_RADIO_1 125
4	SENT_RADIO_2 0
4	RADIO_TIME_1 29646
4	RADIO_TIME_2 29646
4	RETRANSMISSIONS_1 0
4	RETRANSMISSIONS_2 0
4	DROPPED_1 0
4	DROPPED_2 0
4	MAX_QUEUE 1
4	DUPLICATED_1 0
4	DUPLICATED_2 0
4	EBUSY_RADIO_1 0
4	EBUSY_RADIO_2 0
4	TEST_NUMBER 4
4	SENT_TOTAL 0
4	RECEIVED_TOTAL 0
4	TIME_TOTAL 0
4	RECEIVED_RADIO_1 0
4	RECEIVED_RADIO_2 126
4	SENT_RADIO_1 126
4	SENT_RADIO_2 0
4	RADIO_TIME_1 29805
4	RADIO_TIME_2 29805
4	RETRANSMISSIONS_1 0
4	RETRANSMISSIONS_2 0
4	DROPPED_1 0
4	DROPPED_2 0
4	MAX_QUEUE 1
4	DUPLICATED_1 0
4	DUPLICATED_2 0
4	EBUSY_RADIO_1 0
4	EBUSY_RADIO_2 0
4	TEST_NUMBER 5
4	SENT_TOTAL 0
4	RECEIVED_TOTAL 0
4	TIME_TOTAL 0
4	RECEIVED_RADIO_1 0
4	RECEIVED_RADIO_2 127
4	SENT_RADIO_1 127
4	SENT_RADIO_2 0
4	RADIO_TIME_1 29646
4	RADIO_TIME_2 29646
4	RETRANSMISSIONS_1 0
4	RETRANSMISSIONS_2 0
4	DROPPED_1 0
4	DROPPED_2 0
4	MAX_QUEUE 1
4	DUPLICATED_1 0
4	DUPLICATED_2 0
4	EBUSY_RADIO_1 0
4	EBUSY_RADIO_2 0
4	TEST_NUMBER 6
4	SENT_TOTAL 0
4	RECEIVED_TOTAL 0
4	TIME_TOTAL 0
4	RECEIVED_RADIO_1 0
4	RECEIVED_RADIO_2 126
4	SENT_RADIO_1 88
4	SENT_RADIO_2 0
4	RADIO_TIME_1 29812
4	RADIO_TIME_2 29723
4	RETRANSMISSIONS_1 369
4	RETRANSMISSIONS_2 0
4	DROPPED_1 36
4	DROPPED_2 0
4	MAX_QUEUE 2
4	DUPLICATED_1 0
4	DUPLICATED_2 0
4	EBUSY_RADIO_1 0
4	EBUSY_RADIO_2 0

6	RELAY_NODE 6
6	TEST_NUMBER 0
6	SENT_TOTAL 0
6	RECEIVED_TOTAL 0
6	TIME_TOTAL 0
6	RECEIVED_RADIO_1 100
6	RECEIVED_RADIO_2 155
6	SENT_RADIO_1 155
6	SENT_RADIO_2 100
6	RADIO_TIME_1 16045
6	RADIO_TIME_2 16044
6	RETRANSMISSIONS_1 6
6	RETRANSMISSIONS_2 0
6	DROPPED_1 0
6	DROPPED_2 0
6	MAX_QUEUE 1
6	DUPLICATED_1 0
6	DUPLICATED_2 1
6	EBUSY_RADIO_1 0
6	EBUSY_RADIO_2 0
6	TEST_NUMBER 1
6	SENT_TOTAL 0
6	RECEIVED_TOTAL 0
6	TIME_TOTAL 0
6	RECEIVED_RADIO_1 124
6	RECEIVED_RADIO_2 189
6	SENT_RADIO_1 189
6	SENT_RADIO_2 123
6	RADIO_TIME_1 29806
6	RADIO_TIME_2 29806
6	RETRANSMISSIONS_1 10
6	RETRANSMISSIONS_2 3
6	DROPPED_1 0
6	DROPPED_2 0
6	MAX_QUEUE 1
6	DUPLICATED_1 0
6	DUPLICATED_2 5
6	EBUSY_RADIO_1 0
6	EBUSY_RADIO_2 0
6	TEST_NUMBER 2
6	SENT_TOTAL 0
6	RECEIVED_TOTAL 0
6	TIME_TOTAL 0
6	RECEIVED_RADIO_1 123
6	RECEIVED_RADIO_2 192
6	SENT_RADIO_1 192
6	SENT_RADIO_2 124
6	RADIO_TIME_1 29727
6	RADIO_TIME_2 29727
6	RETRANSMISSIONS_1 9
6	RETRANSMISSIONS_2 1
6	DROPPED_1 0
6	DROPPED_2 0
6	MAX_QUEUE 1
6	DUPLICATED_1 0
6	DUPLICATED_2 5
6	EBUSY_RADIO_1 0
6	EBUSY_RADIO_2 0
6	TEST_NUMBER 3
6	SENT_TOTAL 0
6	RECEIVED_TOTAL 0
6	TIME_TOTAL 0
6	RECEIVED_RADIO_1 125
6	RECEIVED_RADIO_2 191
6	SENT_RADIO_1 191
6	SENT_RADIO_2 125
6	RADIO_TIME_1 29743
6	RADIO_TIME_2 29743
6	RETRANSMISSIONS_1 3
6	RETRANSMISSIONS_2 0
6	DROPPED_1 0
6	DROPPED_2 0
6	MAX_QUEUE 1
6	DUPLICATED_1 0
6	DUPLICATED_2 3
6	EBUSY_RADIO_1 0
6	EBUSY_RADIO_2 0
6	TEST_NUMBER 4
6	SENT_TOTAL 0
6	RECEIVED_TOTAL 0
6	TIME_TOTAL 0
6	RECEIVED_RADIO_1 124
6	RECEIVED_RADIO_2 192
6	SENT_RADIO_1 192
6	SENT_RADIO_2 124
6	RADIO_TIME_1 29817
6	RADIO_TIME_2 29817
6	RETRANSMISSIONS_1 4
6	RETRANSMISSIONS_2 1
6	DROPPED_1 0
6	DROPPED_2 0
6	MAX_QUEUE 2
6	DUPLICATED_1 0
6	DUPLICATED_2 4
6	EBUSY_RADIO_1 0
6	EBUSY_RADIO_2 0
6	TEST_NUMBER 5
6	SENT_TOTAL 0
6	RECEIVED_TOTAL 0
6	TIME_TOTAL 0
6	RECEIVED_RADIO_1 123
6	RECEIVED_RADIO_2 191
6	SENT_RADIO_1 191
6	SENT_RADIO_2 123
6	RADIO_TIME_1 29820
6	RADIO_TIME_2 29820
6	RETRANSMISSIONS_1 1
6	RETRANSMISSIONS_2 1
6	DROPPED_1 0
6	DROPPED_2 0
6	MAX_QUEUE 1
6	DUPLICATED_1 0
6	DUPLICATED_2 2
6	EBUSY_RADIO_1 0
6	EBUSY_RADIO_2 0
6	TEST_NUMBER 6
6	SENT_TOTAL 0
6	RECEIVED_TOTAL 0
6	TIME_TOTAL 0
6	RECEIVED_RADIO_1 124
6	RECEIVED_RADIO_2 120
6	SENT_RADIO_1 120
6	SENT_RADIO_2 124
6	RADIO_TIME_1 29803
6	RADIO_TIME_2 29803
6	RETRANSMISSIONS_1 2
6	RETRANSMISSIONS_2 0
6	DROPPED_1 0
6	DROPPED_2 0
6	MAX_QUEUE 1
6	DUPLICATED_1 0
6	DUPLICATED_2 0
6	EBUSY_RADIO_1 0
6	EBUSY_RADIO_2 0

7	SOURCE_NODE 7
7	84 1
7	84 2
7	83 2
7	85 2
7	79 19
7	84 3
7	84 4
7	83 4
7	85 3
7	79 110
7	83 4
7	85 4
7	79 39
7	84 5
7	83 5
7	85 5
7	79 33
7	84 6
7	84 7
7	83 7
7	85 7
7	79 31
7	84 8
7	84 9
7	83 9
7	85 8
7	79 107
7	83 9
7	85 9
7	79 34
7	84 10
7	84 11
7	83 11
7	85 11
7	79 27
7	84 12
7	84 13
7	83 13
7	85 12
7	79 106
7	83 13
7	85 13
7	79 37
7	84 14
7	84 15
7	83 15
7	85 15
7	79 27
7	84 16
7	84 17
7	83 17
7	85 16
7	79 107
7	83 17
7	85 17
7	79 35
7	84 18
7	84 19
7	83 19
7	85 19
7	79 25
7	84 20
7	84 1
7	83 1
7	85 20
7	79 105
7	83 1
7	85 1
7	79 35
7	84 2
7	83 2
7	85 2
7	79 36
7	84 3
7	84 4
7	83 4
7	85 4
7	79 26
7	84 5
7	84 6
7	83 6
7	85 5
7	79 111
7	83 6
7	85 6
7	79 38
7	84 7
7	83 7
7	85 7
7	79 37
7	84 8
7	84 9
7	83 9
7	85 9
7	79 34
7	84 10
7	84 11
7	83 11
7	85 10
7	79 108
7	83 11
7	85 11
7	79 44
7	84 12
7	83 12
7	85 12
7	79 36
7	84 13
7	84 14
7	83 14
7	85 14
7	79 24
7	84 15
7	84 16
7	83 16
7	85 15
7	79 109
7	84 17
7	83 17
7	85 17
7	79 29
7	84 18
7	84 19
7	83 19
7	85 18
7	79 106
7	83 19
7	85 19
7	79 36
7	84 20
7	83 20
7	85 20
7	79 36
7	84 1
7	84 2
7	83 2
7	85 2
7	79 25
7	84 3
7	84 4
7	83 4
7	85 3
7	79 110
7	83 4
7	85 4
7	79 43
7	84 5
7	83 5
7	85 5
7	79 29
7	84 6
7	84 7
7	83 7
7	85 7
7	79 29
7	84 8
7	84 9
7	83 9
7	85 8
7	79 103
7	83 9
7	85 9
7	79 29
7	84 10
7	84 11
7	83 11
7	85 11
7	79 29
7	84 12
7	84 13
7	83 13
7	85 12
7	79 102
7	84 14
7	83 14
7	85 14
7	79 28
7	84 15
7	84 16
7	83 16
7	85 15
7	79 110
7	83 16
7	85 16
7	79 38
7	84 17
7	83 17
7	85 17
7	79 33
7	84 18
7	84 19
7	83 19
7	85 19
7	79 26
7	84 20
7	84 1
7	83 1
7	85 20
7	79 111
7	83 1
7	85 1
7	79 37
7	84 2
7	84 3
7	83 3
7	85 3
7	79 27
7	84 4
7	84 5
7	83 5
7	85 4
7	79 105
7	83 5
7	85 5
7	79 44
7	84 6
7	83 6
7	85 6
7	79 38
7	84 7
7	84 8
7	83 8
7	85 8
7	79 25
7	84 9
7	84 10
7	83 10
7	85 9
7	79 106
7	83 10
7	85 10
7	79 31
7	84 11
7	83 11
7	85 11
7	79 37
7	84 12
7	84 13
7	83 13
7	85 13
7	79 30
7	84 14
7	84 15
7	83 15
7	85 14
7	79 108
7	83 15
7	85 15
7	79 35
7	84 16
7	84 17
7	83 17
7	85 17
7	79 28
7	84 18
7	84 19
7	83 19
7	85 18
7	79 106
7	83 19
7	85 19
7	79 32
7	84 20
7	84 1
7	83 1
7	85 1
7	79 24
7	84 2
7	84 3
7	83 3
7	85 2
7	79 110
7	83 3
7	85 3
7	79 39
7	84 4
7	83 4
7	85 4
7	79 37
7	84 5
7	84 6
7	83 6
7	85 6
7	79 29
7	84 7
7	84 8
7	83 8
7	85 7
7	79 108
7	83 8
7	85 8
7	79 37
7	84 9
7	83 9
7	85 9
7	79 47
7	84 10
7	84 11
7	83 11
7	85 11
7	79 32
7	84 12
7	84 13
7	83 13
7	85 12
7	79 104
7	83 13
7	85 13
7	79 31
7	84 14
7	84 15
7	83 15
7	85 15
7	79 24
7	84 16
7	84 17
7	83 17
7	85 16
7	79 107
7	83 17
7	85 17
7	79 35
7	84 18
7	84 19
7	83 19
7	85 19
7	79 29
7	84 20
7	84 1
7	83 1
7	85 20
7	79 110
7	83 1
7	85 1
7	79 41
7	84 2
7	84 3
7	83 3
7	85 3
7	79 24
7	84 4
7	84 5
7	83 5
7	85 4
7	79 102
7	83 5
7	85 5
7	79 32
7	84 6
7	84 7
7	83 7
7	85 7
7	79 25
7	84 8
7	84 9
7	83 9
7	85 8
7	79 114
7	84 10
7	84 11
7	83 11
7	85 9
7	79 187
7	83 11
7	85 11
7	79 34
7	84 12
7	84 13
7	83 13
7	85 12
7	79 109
7	83 13
7	85 13
7	79 39
7	84 14
7	84 15
7	83 15
7	85 15
7	79 29
7	84 16
7	84 17
7	83 17
7	85 16
7	79 105
7	83 17
7	85 17
7	79 34
7	84 18
7	83 18
7	85 18
7	79 41
7	84 19
7	84 20
7	83 20
7	85 20
7	79 26
7	84 1
7	84 2
7	83 2
7	85 1
7	79 109
7	83 2
7	85 2
7	79 39
7	84 3
7	83 3
7	85 3
7	79 39
7	84 4
7	84 5
7	83 5
7	85 5
7	79 29
7	84 6
7	84 7
7	83 7
7	85 6
7	79 105
7	84 8
7	83 8
7	85 8
7	79 30
7	84 9
7	84 10
7	83 10
7	85 9
7	79 105
7	83 10
7	85 10
7	79 42
7	84 11
7	84 12
7	83 12
7	85 12
7	79 31
7	84 13
7	84 14
7	83 14
7	85 13
7	79 108
7	83 14
7	85 14
7	79 36
7	84 15
7	84 16
7	83 16
7	85 16
7	79 25
7	84 17
7	84 18
7	83 18
7	85 17
7	79 108
7	83 18
7	85 18
7	79 35
7	84 19
7	84 20
7	83 20
7	85 20
7	79 28
7	84 1
7	84 2
7	83 2
7	85 1
7	79 110
7	84 3
7	83 3
7	85 3
7	79 24
7	84 4
7	84 5
7	83 5
7	85 4
7	79 114
7	83 5
7	85 5
7	79 43
7	84 6
7	83 6
7	85 6
7	79 32
7	84 7
7	84 8
7	83 8
7	85 8
7	79 27
7	84 9
7	84 10
7	83 10
7	85 9
7	79 107
7	83 10
7	85 10
7	79 40
7	84 11
7	84 12
7	83 12
7	85 12
7	79 31
7	84 13
7	84 14
7	83 14
7	85 13
7	79 113
7	83 14
7	85 14
7	79 43
7	84 15
7	84 16
7	83 16
7	85 16
7	79 29
7	84 17
7	84 18
7	83 18
7	85 17
7	79 107
7	83 18
7	85 18
7	79 44
7	84 19
7	84 20
7	83 20
7	85 20
7	79 28
7	84 1
7	84 2
7	83 2
7	85 1
7	79 106
7	83 2
7	85 2
7	79 44
7	84 3
7	84 4
7	83 4
7	85 4
7	79 31
7	84 5
7	84 6
7	83 6
7	85 5
7	79 106
7	83 6
7	85 6
7	79 41
7	84 7
7	83 7
7	85 7
7	79 37
7	84 8
7	84 9
7	83 9
7	85 9
7	79 28
7	84 10
7	84 11
7	83 11
7	85 10
7	79 105
7	83 11
7	85 11
7	79 34
7	84 12
7	83 12
7	85 12
7	79 44
7	84 13
7	84 14
7	83 14
7	85 14
7	79 25
7	84 15
7	84 16
7	83 16
7	85 15
7	79 109
7	83 16
7	85 16
7	79 40
7	84 17
7	83 17
7	85 17
7	79 33
7	84 18
7	84 19
7	83 19
7	85 19
7	79 23
7	84 20
7	84 1
7	83 1
7	85 20
7	79 106
7	83 1
7	85 1
7	79 38
7	84 2
7	83 2
7	85 2
7	79 34
7	84 3
7	84 4
7	83 4
7	85 4
7	79 41
7	84 5
7	84 6
7	83 6
7	85 5
7	79 108
7	83 6
7	85 6
7	79 36
7	84 7
7	84 8
7	83 8
7	85 8
7	79 28
7	84 9
7	84 10
7	83 10
7	85 9
7	79 109
7	83 10
7	85 10
7	79 37
7	84 11
7	83 11
7	85 11
7	79 37
7	84 12
7	84 13
7	83 13
7	85 13
7	79 31
7	84 14
7	84 15
7	83 15
7	85 14
7	79 102
7	83 15
7	85 15
7	79 30
7	84 16
7	83 16
7	85 16
7	79 34
7	84 17
7	84 18
7	83 18
7	85 18
7	79 26
7	84 19
7	84 20
7	83 20
7	85 19
7	79 118
7	84 1
7	84 2
7	83 2
7	85 20
7	79 191
7	83 2
7	85 2
7	79 39
7	84 3
7	84 4
7	83 4
7	85 3
7	79 115
7	83 4
7	85 4
7	79 55
7	84 5
7	84 6
7	84 7
7	83 7
7	85 6
7	79 106
7	83 7
7	85 7
7	79 33
7	84 8
7	83 8
7	85 8
7	79 35
7	84 9
7	84 10
7	83 10
7	85 10
7	79 21
7	84 11
7	84 12
7	83 12
7	85 11
7	79 107
7	83 12
7	85 12
7	79 37
7	84 13
7	83 13
7	85 13
7	79 36
7	84 14
7	84 15
7	83 15
7	85 15
7	79 30
7	84 16
7	84 17
7	83 17
7	85 16
7	79 104
7	83 17
7	85 17
7	79 33
7	84 18
7	84 19
7	83 19
7	85 19
7	79 33
7	84 20
7	84 1
7	83 1
7	85 20
7	79 109
7	83 1
7	85 1
7	79 35
7	84 2
7	84 3
7	83 3
7	85 3
7	79 28
7	84 4
7	84 5
7	83 5
7	85 4
7	79 103
7	84 6
7	84 7
7	83 7
7	85 6
7	79 110
7	83 7
7	85 7
7	79 39
7	84 8
7	83 8
7	85 8
7	79 36
7	84 9
7	84 10
7	83 10
7	85 10
7	79 21
7	84 11
7	84 12
7	83 12
7	85 11
7	79 114
7	84 13
7	83 13
7	85 13
7	79 24
7	84 14
7	84 15
7	83 15
7	85 14
7	79 121
7	84 16
7	84 17
7	83 17
7	85 15
7	79 188
7	84 18
7	83 18
7	85 17
7	79 107
7	83 18
7	85 18
7	79 34
7	84 19
7	83 19
7	85 19
7	79 38
7	84 20
7	84 1
7	83 1
7	85 1
7	79 29
7	84 2
7	84 3
7	83 3
7	85 2
7	79 111
7	83 3
7	85 3
7	79 38
7	84 4
7	84 5
7	83 5
7	85 5
7	79 24
7	84 6
7	84 7
7	83 7
7	85 6
7	79 108
7	83 7
7	85 7
7	79 36
7	84 8
7	83 8
7	85 8
7	79 35
7	84 9
7	84 10
7	TEST_NUMBER 0
7	SENT_TOTAL 250
7	RECEIVED_TOTAL 190
7	TIME_TOTAL 19620
7	RECEIVED_RADIO_1 190
7	RECEIVED_RADIO_2 0
7	SENT_RADIO_1 123
7	SENT_RADIO_2 126
7	RADIO_TIME_1 19843
7	RADIO_TIME_2 19683
7	RETRANSMISSIONS_1 3
7	RETRANSMISSIONS_2 0
7	DROPPED_1 0
7	DROPPED_2 0
7	MAX_QUEUE 1
7	DUPLICATED_1 7
7	DUPLICATED_2 0
7	EBUSY_RADIO_1 0
7	EBUSY_RADIO_2 0
7	83 0
7	85 10
7	86 0
7	84 1
7	84 2
7	83 2
7	85 1
7	79 109
7	83 2
7	85 2
7	79 48
7	84 3
7	84 4
7	83 4
7	85 4
7	79 30
7	84 5
7	84 6
7	83 6
7	85 5
7	79 105
7	83 6
7	85 6
7	79 32
7	84 7
7	83 7
7	85 7
7	79 34
7	84 8
7	84 9
7	83 9
7	85 9
7	79 27
7	84 10
7	84 11
7	83 11
7	85 10
7	79 109
7	83 11
7	85 11
7	79 36
7	84 12
7	83 12
7	85 12
7	79 30
7	84 13
7	84 14
7	83 14
7	85 14
7	79 31
7	84 15
7	84 16
7	83 16
7	85 15
7	79 112
7	83 16
7	85 16
7	79 46
7	84 17
7	84 18
7	83 18
7	85 18
7	79 30
7	84 19
7	84 20
7	83 20
7	85 19
7	79 107
7	83 20
7	85 20
7	79 35
7	84 1
7	84 2
7	83 2
7	85 2
7	79 22
7	84 3
7	84 4
7	83 4
7	85 3
7	79 109
7	83 4
7	85 4
7	79 48
7	84 5
7	84 6
7	83 6
7	85 6
7	79 27
7	84 7
7	84 8
7	83 8
7	85 7
7	79 103
7	83 8
7	85 8
7	79 31
7	84 9
7	83 9
7	85 9
7	79 41
7	84 10
7	84 11
7	83 11
7	85 11
7	79 28
7	84 12
7	84 13
7	83 13
7	85 12
7	79 108
7	83 13
7	85 13
7	79 33
7	84 14
7	84 15
7	83 15
7	85 15
7	79 30
7	84 16
7	84 17
7	83 17
7	85 16
7	79 110
7	84 18
7	83 18
7	85 18
7	79 28
7	84 19
7	84 20
7	83 20
7	85 19
7	79 107
7	83 20
7	85 20
7	79 39
7	84 1
7	84 2
7	83 2
7	85 2
7	79 26
7	84 3
7	84 4
7	83 4
7	85 3
7	79 104
7	83 4
7	85 4
7	79 49
7	84 5
7	84 6
7	83 6
7	85 6
7	79 33
7	84 7
7	84 8
7	83 8
7	85 7
7	79 110
7	83 8
7	85 8
7	79 39
7	84 9
7	84 10
7	83 10
7	85 10
7	79 27
7	84 11
7	84 12
7	83 12
7	85 11
7	79 106
7	84 13
7	83 13
7	85 13
7	79 25
7	84 14
7	84 15
7	84 16
7	83 16
7	85 15
7	79 106
7	83 16
7	85 14
7	79 198
7	83 16
7	85 16
7	79 57
7	84 17
7	84 18
7	83 18
7	85 18
7	79 27
7	84 19
7	84 20
7	83 20
7	85 19
7	79 107
7	83 20
7	85 20
7	79 43
7	84 1
7	83 1
7	85 1
7	79 32
7	84 2
7	84 3
7	83 3
7	85 3
7	79 28
7	84 4
7	84 5
7	83 5
7	85 4
7	79 102
7	84 6
7	84 7
7	83 7
7	85 6
7	79 103
7	83 7
7	85 7
7	79 29
7	84 8
7	83 8
7	85 8
7	79 34
7	84 9
7	84 10
7	83 10
7	85 10
7	79 24
7	84 11
7	84 12
7	83 12
7	85 11
7	79 107
7	83 12
7	85 12
7	79 35
7	84 13
7	83 13
7	85 13
7	79 48
7	84 14
7	84 15
7	83 15
7	85 15
7	79 25
7	84 16
7	84 17
7	83 17
7	85 16
7	79 111
7	83 17
7	85 17
7	79 37
7	84 18
7	84 19
7	83 19
7	85 19
7	79 24
7	84 20
7	84 1
7	83 1
7	85 20
7	79 112
7	83 1
7	85 1
7	79 38
7	84 2
7	83 2
7	85 2
7	79 42
7	84 3
7	84 4
7	83 4
7	85 4
7	79 27
7	84 5
7	84 6
7	83 6
7	85 5
7	79 104
7	83 6
7	85 6
7	79 50
7	84 7
7	84 8
7	83 8
7	85 8
7	79 30
7	84 9
7	84 10
7	83 10
7	85 9
7	79 114
7	84 11
7	83 11
7	85 11
7	79 25
7	84 12
7	84 13
7	83 13
7	85 12
7	79 109
7	84 14
7	83 14
7	85 14
7	79 28
7	84 15
7	84 16
7	83 16
7	85 15
7	79 108
7	83 16
7	85 16
7	79 35
7	84 17
7	83 17
7	85 17
7	79 33
7	84 18
7	84 19
7	83 19
7	85 19
7	79 28
7	84 20
7	84 1
7	83 1
7	85 20
7	79 102
7	83 1
7	85 1
7	79 37
7	84 2
7	83 2
7	85 2
7	79 35
7	84 3
7	84 4
7	83 4
7	85 4
7	79 27
7	84 5
7	84 6
7	83 6
7	85 5
7	79 110
7	84 7
7	83 7
7	85 7
7	79 35
7	84 8
7	84 9
7	83 9
7	85 8
7	79 106
7	83 9
7	85 9
7	79 33
7	84 10
7	83 10
7	85 10
7	79 41
7	84 11
7	84 12
7	84 13
7	84 14
7	83 14
7	85 11
7	79 275
7	83 14
7	85 14
7	79 42
7	84 15
7	83 15
7	85 13
7	79 194
7	84 16
7	83 16
7	85 15
7	79 95
7	84 17
7	83 17
7	85 17
7	79 25
7	84 18
7	84 19
7	83 19
7	85 18
7	79 107
7	83 19
7	85 19
7	79 35
7	84 20
7	83 20
7	85 20
7	79 32
7	84 1
7	84 2
7	83 2
7	85 2
7	79 26
7	84 3
7	84 4
7	83 4
7	85 3
7	79 106
7	83 4
7	85 4
7	79 33
7	84 5
7	83 5
7	85 5
7	79 32
7	84 6
7	84 7
7	83 7
7	85 7
7	79 28
7	84 8
7	84 9
7	83 9
7	85 8
7	79 107
7	83 9
7	85 9
7	79 36
7	84 10
7	84 11
7	83 11
7	85 11
7	79 24
7	84 12
7	84 13
7	83 13
7	85 12
7	79 109
7	83 13
7	85 13
7	79 40
7	84 14
7	84 15
7	83 15
7	85 15
7	79 26
7	84 16
7	84 17
7	83 17
7	85 16
7	79 105
7	83 17
7	85 17
7	79 32
7	84 18
7	84 19
7	83 19
7	85 19
7	79 28
7	84 20
7	84 1
7	83 1
7	85 20
7	79 110
7	83 1
7	85 1
7	79 38
7	84 2
7	84 3
7	83 3
7	85 3
7	79 24
7	84 4
7	84 5
7	83 5
7	85 4
7	79 108
7	83 5
7	85 5
7	79 44
7	84 6
7	84 7
7	83 7
7	85 7
7	79 32
7	84 8
7	84 9
7	83 9
7	85 8
7	79 108
7	84 10
7	83 10
7	85 10
7	79 27
7	84 11
7	84 12
7	83 12
7	85 11
7	79 110
7	83 12
7	85 12
7	79 46
7	84 13
7	84 14
7	84 15
7	83 15
7	85 13
7	79 184
7	84 16
7	83 16
7	85 15
7	79 106
7	83 16
7	85 16
7	79 35
7	84 17
7	83 17
7	85 17
7	79 33
7	84 18
7	84 19
7	83 19
7	85 19
7	79 25
7	84 20
7	84 1
7	83 1
7	85 20
7	79 115
7	84 2
7	83 2
7	85 2
7	79 29
7	84 3
7	84 4
7	83 4
7	85 3
7	79 109
7	84 5
7	83 5
7	85 5
7	79 23
7	84 6
7	84 7
7	83 7
7	85 6
7	79 104
7	83 7
7	85 7
7	79 39
7	84 8
7	83 8
7	85 8
7	79 32
7	84 9
7	84 10
7	83 10
7	85 10
7	79 28
7	84 11
7	84 12
7	83 12
7	85 11
7	79 109
7	83 12
7	85 12
7	79 43
7	84 13
7	84 14
7	83 14
7	85 14
7	79 25
7	84 15
7	84 16
7	83 16
7	85 15
7	79 105
7	83 16
7	85 16
7	79 43
7	84 17
7	84 18
7	83 18
7	85 18
7	79 29
7	84 19
7	84 20
7	83 20
7	85 19
7	79 105
7	83 20
7	85 20
7	79 40
7	84 1
7	84 2
7	83 2
7	85 2
7	79 25
7	84 3
7	84 4
7	83 4
7	85 3
7	79 102
7	83 4
7	85 4
7	79 32
7	84 5
7	83 5
7	85 5
7	79 36
7	84 6
7	84 7
7	83 7
7	85 7
7	79 25
7	84 8
7	84 9
7	83 9
7	85 8
7	79 107
7	83 9
7	85 9
7	79 36
7	84 10
7	83 10
7	85 10
7	79 46
7	84 11
7	84 12
7	83 12
7	85 12
7	79 26
7	84 13
7	84 14
7	83 14
7	85 13
7	79 108
7	83 14
7	85 14
7	79 37
7	84 15
7	84 16
7	83 16
7	85 16
7	79 28
7	84 17
7	84 18
7	83 18
7	85 17
7	79 105
7	84 19
7	83 19
7	85 19
7	79 21
7	84 20
7	84 1
7	83 1
7	85 20
7	79 105
7	83 1
7	85 1
7	79 31
7	84 2
7	84 3
7	83 3
7	85 3
7	79 41
7	84 4
7	83 4
7	85 4
7	79 30
7	84 5
7	84 6
7	83 6
7	85 5
7	79 111
7	83 6
7	85 6
7	79 41
7	84 7
7	84 8
7	83 8
7	85 8
7	79 24
7	84 9
7	84 10
7	83 10
7	85 9
7	79 110
7	83 10
7	85 10
7	79 48
7	84 11
7	83 11
7	85 11
7	79 46
7	84 12
7	84 13
7	83 13
7	85 13
7	79 25
7	84 14
7	84 15
7	83 15
7	85 14
7	79 110
7	83 15
7	85 15
7	79 42
7	84 16
7	84 17
7	83 17
7	85 17
7	79 29
7	84 18
7	84 19
7	83 19
7	85 18
7	79 104
7	83 19
7	85 19
7	79 32
7	84 20
7	83 20
7	85 20
7	79 36
7	84 1
7	84 2
7	84 3
7	83 3
7	85 3
7	79 25
7	84 4
7	83 4
7	85 2
7	79 196
7	83 4
7	85 4
7	79 45
7	84 5
7	84 6
7	83 6
7	85 5
7	79 97
7	84 7
7	83 7
7	85 7
7	79 23
7	84 8
7	84 9
7	83 9
7	85 8
7	79 107
7	83 9
7	85 9
7	79 37
7	84 10
7	83 10
7	85 10
7	79 39
7	84 11
7	84 12
7	83 12
7	85 12
7	79 33
7	84 13
7	84 14
7	83 14
7	85 13
7	79 107
7	83 14
7	85 14
7	79 47
7	84 15
7	84 16
7	83 16
7	85 16
7	79 30
7	84 17
7	84 18
7	83 18
7	85 17
7	79 111
7	83 18
7	85 18
7	79 39
7	84 19
7	84 20
7	83 20
7	85 20
7	79 25
7	84 1
7	84 2
7	83 2
7	85 1
7	79 107
7	83 2
7	85 2
7	79 36
7	84 3
7	84 4
7	83 4
7	85 4
7	79 28
7	84 5
7	84 6
7	83 6
7	85 5
7	79 108
7	83 6
7	85 6
7	79 38
7	84 7
7	83 7
7	85 7
7	79 36
7	84 8
7	84 9
7	83 9
7	85 9
7	79 26
7	84 10
7	TEST_NUMBER 1
7	SENT_TOTAL 250
7	RECEIVED_TOTAL 190
7	TIME_TOTAL 29809
7	RECEIVED_RADIO_1 191
7	RECEIVED_RADIO_2 0
7	SENT_RADIO_1 124
7	SENT_RADIO_2 126
7	RADIO_TIME_1 29862
7	RADIO_TIME_2 19763
7	RETRANSMISSIONS_1 2
7	RETRANSMISSIONS_2 0
7	DROPPED_1 0
7	DROPPED_2 0
7	MAX_QUEUE 1
7	DUPLICATED_1 11
7	DUPLICATED_2 0
7	EBUSY_RADIO_1 0
7	EBUSY_RADIO_2 0
7	83 0
7	85 10
7	86 1
7	84 1
7	84 2
7	83 2
7	85 2
7	79 31
7	84 3
7	84 4
7	83 4
7	85 3
7	79 105
7	83 4
7	85 4
7	79 32
7	84 5
7	83 5
7	85 5
7	79 38
7	84 6
7	84 7
7	83 7
7	85 7
7	79 25
7	84 8
7	84 9
7	83 9
7	85 8
7	79 107
7	83 9
7	85 9
7	79 40
7	84 10
7	84 11
7	83 11
7	85 11
7	79 21
7	84 12
7	84 13
7	83 13
7	85 12
7	79 108
7	83 13
7	85 13
7	79 35
7	84 14
7	83 14
7	85 14
7	79 36
7	84 15
7	84 16
7	84 17
7	83 17
7	85 17
7	79 26
7	84 18
7	83 18
7	85 16
7	79 202
7	83 18
7	85 18
7	79 50
7	84 19
7	84 20
7	83 20
7	85 19
7	79 102
7	84 1
7	83 1
7	85 1
7	79 34
7	84 2
7	84 3
7	83 3
7	85 2
7	79 111
7	83 3
7	85 3
7	79 38
7	84 4
7	84 5
7	83 5
7	85 5
7	79 25
7	84 6
7	84 7
7	83 7
7	85 6
7	79 107
7	83 7
7	85 7
7	79 35
7	84 8
7	83 8
7	85 8
7	79 38
7	84 9
7	84 10
7	83 10
7	85 10
7	79 25
7	84 11
7	84 12
7	83 12
7	85 11
7	79 105
7	83 12
7	85 12
7	79 40
7	84 13
7	83 13
7	85 13
7	79 43
7	84 14
7	84 15
7	83 15
7	85 15
7	79 25
7	84 16
7	84 17
7	83 17
7	85 16
7	79 104
7	83 17
7	85 17
7	79 34
7	84 18
7	84 19
7	83 19
7	85 19
7	79 26
7	84 20
7	84 1
7	83 1
7	85 20
7	79 105
7	83 1
7	85 1
7	79 35
7	84 2
7	83 2
7	85 2
7	79 40
7	84 3
7	84 4
7	83 4
7	85 4
7	79 29
7	84 5
7	84 6
7	83 6
7	85 5
7	79 107
7	83 6
7	85 6
7	79 37
7	84 7
7	84 8
7	83 8
7	85 8
7	79 26
7	84 9
7	84 10
7	83 10
7	85 9
7	79 106
7	83 10
7	85 10
7	79 36
7	84 11
7	83 11
7	85 11
7	79 44
7	84 12
7	84 13
7	83 13
7	85 13
7	79 23
7	84 14
7	84 15
7	83 15
7	85 14
7	79 112
7	83 15
7	85 15
7	79 40
7	84 16
7	84 17
7	83 17
7	85 17
7	79 28
7	84 18
7	84 19
7	83 19
7	85 18
7	79 105
7	83 19
7	85 19
7	79 37
7	84 20
7	84 1
7	83 1
7	85 1
7	79 31
7	84 2
7	84 3
7	83 3
7	85 2
7	79 114
7	83 3
7	85 3
7	79 51
7	84 4
7	84 5
7	83 5
7	85 5
7	79 26
7	84 6
7	84 7
7	83 7
7	85 6
7	79 108
7	83 7
7	85 7
7	79 34
7	84 8
7	84 9
7	83 9
7	85 9
7	79 28
7	84 10
7	84 11
7	83 11
7	85 10
7	79 107
7	84 12
7	83 12
7	85 12
7	79 25
7	84 13
7	84 14
7	83 14
7	85 13
7	79 110
7	84 15
7	84 16
7	83 16
7	85 15
7	79 110
7	83 16
7	85 16
7	79 53
7	84 17
7	84 18
7	83 18
7	85 18
7	79 27
7	84 19
7	84 20
7	83 20
7	85 19
7	79 110
7	83 20
7	85 20
7	79 37
7	84 1
7	83 1
7	85 1
7	79 35
7	84 2
7	84 3
7	83 3
7	85 3
7	79 25
7	84 4
7	84 5
7	83 5
7	85 4
7	79 105
7	84 6
7	83 6
7	85 6
7	79 31
7	84 7
7	84 8
7	83 8
7	85 7
7	79 105
7	83 8
7	85 8
7	79 31
7	84 9
7	83 9
7	85 9
7	79 44
7	84 10
7	84 11
7	84 12
7	83 12
7	85 12
7	79 27
7	84 13
7	83 13
7	85 11
7	79 201
7	83 13
7	85 13
7	79 48
7	84 14
7	84 15
7	83 15
7	85 14
7	79 105
7	84 16
7	83 16
7	85 16
7	79 28
7	84 17
7	84 18
7	83 18
7	85 17
7	79 104
7	83 18
7	85 18
7	79 41
7	84 19
7	84 20
7	83 20
7	85 20
7	79 30
7	84 1
7	84 2
7	83 2
7	85 1
7	79 106
7	83 2
7	85 2
7	79 32
7	84 3
7	83 3
7	85 3
7	79 41
7	84 4
7	84 5
7	83 5
7	85 5
7	79 32
7	84 6
7	84 7
7	83 7
7	85 6
7	79 105
7	83 7
7	85 7
7	79 34
7	84 8
7	84 9
7	83 9
7	85 9
7	79 30
7	84 10
7	84 11
7	83 11
7	85 10
7	79 107
7	83 11
7	85 11
7	79 36
7	84 12
7	83 12
7	85 12
7	79 35
7	84 13
7	84 14
7	83 14
7	85 14
7	79 27
7	84 15
7	84 16
7	83 16
7	85 15
7	79 106
7	83 16
7	85 16
7	79 36
7	84 17
7	83 17
7	85 17
7	79 32
7	84 18
7	84 19
7	83 19
7	85 19
7	79 22
7	84 20
7	84 1
7	83 1
7	85 20
7	79 105
7	83 1
7	85 1
7	79 34
7	84 2
7	83 2
7	85 2
7	79 36
7	84 3
7	84 4
7	83 4
7	85 4
7	79 27
7	84 5
7	84 6
7	83 6
7	85 5
7	79 106
7	83 6
7	85 6
7	79 34
7	84 7
7	83 7
7	85 7
7	79 39
7	84 8
7	84 9
7	83 9
7	85 9
7	79 31
7	84 10
7	84 11
7	83 11
7	85 10
7	79 105
7	83 11
7	85 11
7	79 34
7	84 12
7	83 12
7	85 12
7	79 34
7	84 13
7	84 14
7	83 14
7	85 14
7	79 30
7	84 15
7	84 16
7	83 16
7	85 15
7	79 106
7	83 16
7	85 16
7	79 34
7	84 17
7	83 17
7	85 17
7	79 41
7	84 18
7	84 19
7	84 20
7	83 20
7	85 18
7	79 193
7	83 20
7	85 20
7	79 48
7	84 1
7	84 2
7	83 2
7	85 1
7	79 111
7	84 3
7	83 3
7	85 3
7	79 32
7	84 4
7	84 5
7	83 5
7	85 4
7	79 107
7	83 5
7	85 5
7	79 45
7	84 6
7	84 7
7	83 7
7	85 7
7	79 30
7	84 8
7	84 9
7	83 9
7	85 8
7	79 108
7	84 10
7	83 10
7	85 10
7	79 22
7	84 11
7	84 12
7	83 12
7	85 11
7	79 109
7	83 12
7	85 12
7	79 48
7	84 13
7	83 13
7	85 13
7	79 36
7	84 14
7	84 15
7	83 15
7	85 15
7	79 29
7	84 16
7	84 17
7	83 17
7	85 16
7	79 119
7	84 18
7	83 18
7	85 18
7	79 29
7	84 19
7	84 20
7	83 20
7	85 19
7	79 112
7	83 20
7	85 20
7	79 41
7	84 1
7	84 2
7	83 2
7	85 2
7	79 24
7	84 3
7	84 4
7	83 4
7	85 3
7	79 104
7	84 5
7	84 6
7	83 6
7	85 5
7	79 106
7	83 6
7	85 6
7	79 34
7	84 7
7	83 7
7	85 7
7	79 41
7	84 8
7	84 9
7	83 9
7	85 9
7	79 25
7	84 10
7	84 11
7	83 11
7	85 10
7	79 109
7	83 11
7	85 11
7	79 38
7	84 12
7	84 13
7	83 13
7	85 13
7	79 27
7	84 14
7	84 15
7	83 15
7	85 14
7	79 108
7	83 15
7	85 15
7	79 36
7	84 16
7	84 17
7	83 17
7	85 17
7	79 23
7	84 18
7	84 19
7	83 19
7	85 18
7	79 109
7	83 19
7	85 19
7	79 38
7	84 20
7	84 1
7	83 1
7	85 1
7	79 32
7	84 2
7	84 3
7	83 3
7	85 2
7	79 102
7	83 3
7	85 3
7	79 30
7	84 4
7	83 4
7	85 4
7	79 36
7	84 5
7	84 6
7	83 6
7	85 6
7	79 28
7	84 7
7	84 8
7	83 8
7	85 7
7	79 107
7	83 8
7	85 8
7	79 36
7	84 9
7	84 10
7	83 10
7	85 10
7	79 22
7	84 11
7	84 12
7	83 12
7	85 11
7	79 107
7	83 12
7	85 12
7	79 36
7	84 13
7	83 13
7	85 13
7	79 37
7	84 14
7	84 15
7	83 15
7	85 15
7	79 31
7	84 16
7	84 17
7	83 17
7	85 16
7	79 109
7	83 17
7	85 17
7	79 47
7	84 18
7	84 19
7	83 19
7	85 19
7	79 24
7	84 20
7	84 1
7	83 1
7	85 20
7	79 113
7	83 1
7	85 1
7	79 41
7	84 2
7	84 3
7	83 3
7	85 3
7	79 27
7	84 4
7	84 5
7	83 5
7	85 4
7	79 106
7	83 5
7	85 5
7	79 44
7	84 6
7	84 7
7	83 7
7	85 7
7	79 29
7	84 8
7	84 9
7	83 9
7	85 8
7	79 108
7	83 9
7	85 9
7	79 36
7	84 10
7	84 11
7	83 11
7	85 11
7	79 29
7	84 12
7	84 13
7	83 13
7	85 12
7	79 109
7	83 13
7	85 13
7	79 38
7	84 14
7	84 15
7	83 15
7	85 15
7	79 33
7	84 16
7	84 17
7	83 17
7	85 16
7	79 107
7	83 17
7	85 17
7	79 35
7	84 18
7	84 19
7	83 19
7	85 19
7	79 27
7	84 20
7	84 1
7	83 1
7	85 20
7	79 106
7	83 1
7	85 1
7	79 36
7	84 2
7	84 3
7	83 3
7	85 3
7	79 27
7	84 4
7	84 5
7	83 5
7	85 4
7	79 109
7	83 5
7	85 5
7	79 36
7	84 6
7	84 7
7	83 7
7	85 7
7	79 28
7	84 8
7	84 9
7	83 9
7	85 8
7	79 105
7	83 9
7	85 9
7	79 33
7	84 10
7	83 10
7	85 10
7	79 42
7	84 11
7	84 12
7	83 12
7	84 1
7	84 2
7	83 2
7	85 1
7	79 109
7	83 2
7	85 2
7	79 39
7	84 3
7	83 3
7	85 3
7	79 43
7	84 4
7	84 5
7	83 5
7	85 5
7	79 30
7	84 6
7	84 7
7	83 7
7	85 6
7	79 111
7	84 8
7	83 8
7	85 8
7	79 22
7	84 9
7	84 10
7	83 10
7	85 9
7	79 110
7	83 10
7	85 10
7	79 41
7	84 11
7	83 11
7	85 11
7	79 31
7	84 12
7	84 13
7	83 13
7	85 13
7	79 28
7	84 14
7	84 15
7	83 15
7	85 14
7	79 107
7	84 16
7	83 16
7	85 16
7	79 24
7	84 17
7	84 18
7	83 18
7	85 17
7	79 112
7	83 18
7	85 18
7	79 45
7	84 19
7	84 20
7	83 20
7	85 20
7	79 26
7	84 1
7	84 2
7	83 2
7	85 1
7	79 112
7	83 2
7	85 2
7	79 41
7	84 3
7	83 3
7	85 3
7	79 36
7	84 4
7	84 5
7	83 5
7	85 5
7	79 28
7	84 6
7	84 7
7	83 7
7	85 6
7	79 108
7	83 7
7	85 7
7	79 38
7	84 8
7	83 8
7	85 8
7	79 45
7	84 9
7	84 10
7	83 10
7	85 10
7	79 27
7	84 11
7	84 12
7	83 12
7	85 11
7	79 113
7	83 12
7	85 12
7	79 43
7	84 13
7	84 14
7	83 14
7	85 14
7	79 26
7	84 15
7	84 16
7	83 16
7	85 15
7	79 105
7	83 16
7	85 16
7	79 36
7	84 17
7	83 17
7	85 17
7	79 33
7	84 18
7	84 19
7	83 19
7	85 19
7	79 29
7	84 20
7	84 1
7	83 1
7	85 20
7	79 109
7	83 1
7	85 1
7	79 37
7	84 2
7	84 3
7	83 3
7	85 3
7	79 31
7	84 4
7	84 5
7	83 5
7	85 4
7	79 106
7	83 5
7	85 5
7	79 33
7	84 6
7	83 6
7	85 6
7	79 34
7	84 7
7	84 8
7	83 8
7	85 8
7	79 26
7	84 9
7	84 10
7	83 10
7	85 9
7	79 110
7	83 10
7	85 10
7	79 42
7	84 11
7	83 11
7	85 11
7	79 34
7	84 12
7	84 13
7	83 13
7	85 13
7	79 34
7	84 14
7	84 15
7	83 15
7	85 14
7	79 105
7	83 15
7	85 15
7	79 35
7	84 16
7	84 17
7	83 17
7	85 17
7	79 27
7	84 18
7	84 19
7	83 19
7	85 18
7	79 111
7	83 19
7	85 19
7	79 37
7	84 20
7	84 1
7	83 1
7	85 1
7	79 29
7	84 2
7	84 3
7	83 3
7	85 2
7	79 104
7	83 3
7	85 3
7	79 32
7	84 4
7	83 4
7	85 4
7	79 37
7	84 5
7	84 6
7	83 6
7	85 6
7	79 27
7	84 7
7	84 8
7	83 8
7	85 7
7	79 106
7	83 8
7	85 8
7	79 42
7	84 9
7	84 10
7	83 10
7	85 10
7	79 25
7	84 11
7	84 12
7	83 12
7	85 11
7	79 109
7	83 12
7	85 12
7	79 41
7	84 13
7	83 13
7	85 13
7	79 33
7	84 14
7	84 15
7	83 15
7	85 15
7	79 26
7	84 16
7	84 17
7	83 17
7	85 16
7	79 105
7	83 17
7	85 17
7	79 34
7	84 18
7	84 19
7	83 19
7	85 19
7	79 27
7	84 20
7	84 1
7	83 1
7	85 20
7	79 104
7	83 1
7	85 1
7	79 30
7	84 2
7	83 2
7	85 2
7	79 31
7	84 3
7	84 4
7	83 4
7	85 4
7	79 26
7	84 5
7	84 6
7	83 6
7	85 5
7	79 108
7	84 7
7	83 7
7	85 7
7	79 24
7	84 8
7	84 9
7	83 9
7	85 8
7	79 107
7	83 9
7	85 9
7	79 34
7	84 10
7	83 10
7	85 10
7	79 35
7	84 11
7	84 12
7	83 12
7	85 12
7	79 27
7	84 13
7	84 14
7	83 14
7	85 13
7	79 105
7	83 14
7	85 14
7	79 33
7	84 15
7	83 15
7	85 15
7	79 30
7	84 16
7	84 17
7	83 17
7	85 17
7	79 27
7	84 18
7	84 19
7	83 19
7	85 18
7	79 107
7	84 20
7	84 1
7	83 1
7	85 20
7	79 107
7	83 1
7	85 1
7	79 42
7	84 2
7	84 3
7	83 3
7	85 3
7	79 30
7	84 4
7	84 5
7	83 5
7	85 4
7	79 105
7	83 5
7	85 5
7	79 32
7	84 6
7	83 6
7	85 6
7	79 39
7	84 7
7	84 8
7	83 8
7	85 8
7	79 27
7	84 9
7	84 10
7	83 10
7	85 9
7	79 106
7	83 10
7	85 10
7	79 34
7	84 11
7	83 11
7	85 11
7	79 32
7	84 12
7	84 13
7	83 13
7	85 13
7	79 29
7	84 14
7	83 14
7	85 14
7	79 46
7	84 15
7	84 16
7	83 16
7	85 15
7	79 93
7	84 17
7	83 17
7	85 17
7	79 26
7	84 18
7	84 19
7	83 19
7	85 18
7	79 107
7	83 19
7	85 19
7	79 35
7	84 20
7	84 1
7	83 1
7	85 1
7	79 28
7	84 2
7	84 3
7	83 3
7	85 2
7	79 105
7	83 3
7	85 3
7	79 33
7	84 4
7	83 4
7	85 4
7	79 39
7	84 5
7	84 6
7	83 6
7	85 6
7	79 26
7	84 7
7	84 8
7	83 8
7	85 7
7	79 108
7	83 8
7	85 8
7	79 43
7	84 9
7	84 10
7	83 10
7	85 10
7	79 29
7	84 11
7	84 12
7	83 12
7	85 11
7	79 105
7	83 12
7	85 12
7	79 34
7	84 13
7	83 13
7	85 13
7	79 35
7	84 14
7	84 15
7	83 15
7	85 15
7	79 29
7	84 16
7	84 17
7	83 17
7	85 16
7	79 108
7	83 17
7	85 17
7	79 37
7	84 18
7	84 19
7	83 19
7	85 19
7	79 27
7	84 20
7	84 1
7	83 1
7	85 20
7	79 111
7	83 1
7	85 1
7	79 37
7	84 2
7	84 3
7	83 3
7	85 3
7	79 25
7	84 4
7	84 5
7	83 5
7	85 4
7	79 109
7	84 6
7	83 6
7	85 6
7	79 29
7	84 7
7	84 8
7	83 8
7	85 7
7	79 103
7	83 8
7	85 8
7	79 47
7	84 9
7	84 10
7	83 10
7	85 10
7	79 26
7	84 11
7	84 12
7	83 12
7	85 11
7	79 110
7	83 12
7	85 12
7	79 38
7	84 13
7	84 14
7	83 14
7	85 14
7	79 39
7	84 15
7	84 16
7	83 16
7	85 15
7	79 104
7	83 16
7	85 16
7	79 44
7	84 17
7	84 18
7	83 18
7	85 18
7	79 27
7	84 19
7	84 20
7	83 20
7	85 19
7	79 106
7	83 20
7	85 20
7	79 35
7	84 1
7	83 1
7	85 1
7	79 31
7	84 2
7	84 3
7	83 3
7	85 3
7	79 28
7	84 4
7	84 5
7	83 5
7	85 4
7	79 109
7	83 5
7	85 5
7	79 38
7	84 6
7	84 7
7	83 7
7	85 7
7	79 27
7	84 8
7	84 9
7	83 9
7	85 8
7	79 106
7	83 9
7	85 9
7	79 35
7	84 10
7	83 10
7	85 10
7	79 41
7	84 11
7	84 12
7	83 12
7	85 12
7	79 30
7	84 13
7	84 14
7	83 14
7	85 13
7	79 106
7	83 14
7	85 14
7	79 36
7	84 15
7	83 15
7	85 15
7	79 38
7	84 16
7	84 17
7	83 17
7	85 17
7	79 26
7	84 18
7	84 19
7	83 19
7	85 18
7	79 104
7	83 19
7	85 19
7	79 31
7	84 20
7	84 1
7	83 1
7	85 1
7	79 26
7	84 2
7	84 3
7	83 3
7	85 2
7	79 105
7	83 3
7	85 3
7	79 42
7	84 4
7	84 5
7	83 5
7	85 5
7	79 25
7	84 6
7	84 7
7	83 7
7	85 6
7	79 105
7	83 7
7	85 7
7	79 34
7	84 8
7	84 9
7	83 9
7	85 9
7	79 23
7	84 10
7	84 11
7	83 11
7	85 10
7	79 108
7	83 11
7	85 11
7	79 48
7	84 12
7	84 13
7	83 13
7	85 13
7	79 26
7	84 14
7	84 15
7	83 15
7	85 14
7	79 107
7	83 15
7	85 15
7	79 36
7	84 16
7	83 16
7	85 16
7	79 43
7	84 17
7	84 18
7	83 18
7	85 18
7	79 29
7	84 19
7	84 20
7	83 20
7	85 19
7	79 105
7	83 20
7	85 20
7	79 32
7	84 1
7	83 1
7	85 1
7	79 31
7	84 2
7	84 3
7	83 3
7	85 3
7	79 29
7	84 4
7	84 5
7	83 5
7	85 4
7	79 106
7	83 5
7	85 5
7	79 32
7	84 6
7	84 7
7	83 7
7	85 7
7	79 27
7	84 8
7	84 9
7	83 9
7	85 8
7	79 107
7	83 9
7	85 9
7	79 38
7	84 10
7	84 11
7	83 11
7	85 11
7	79 30
7	84 12
7	84 13
7	83 13
7	85 12
7	79 108
7	83 13
7	85 13
7	79 45
7	84 14
7	84 15
7	83 15
7	85 15
7	79 28
7	84 16
7	84 17
7	83 17
7	85 16
7	79 107
7	83 17
7	85 17
7	79 34
7	84 18
7	84 19
7	83 19
7	85 19
7	79 25
7	84 20
7	84 1
7	83 1
7	85 20
7	79 110
7	83 1
7	85 1
7	79 35
7	84 2
7	84 3
7	83 3
7	85 3
7	79 21
7	84 4
7	84 5
7	83 5
7	85 4
7	79 107
7	84 6
7	83 6
7	85 6
7	79 28
7	84 7
7	84 8
7	83 8
7	85 7
7	79 110
7	83 8
7	85 8
7	79 46
7	84 9
7	84 10
7	83 10
7	85 10
7	79 24
7	84 11
7	84 12
7	83 12
7	85 11
7	79 109
7	83 12
7	85 12
7	79 35
7	84 13
7	84 14
7	83 14
7	85 14
7	79 28
7	84 15
7	84 16
7	83 16
7	85 15
7	79 108
7	83 16
7	85 16
7	79 36
7	84 17
7	84 18
7	83 18
7	85 18
7	79 24
7	84 19
7	84 20
7	83 20
7	85 19
7	79 110
7	83 20
7	85 20
7	79 37
7	84 1
7	83 1
7	85 1
7	79 33
7	84 2
7	84 3
7	83 3
7	85 3
7	79 30
7	84 4
7	84 5
7	83 5
7	85 4
7	79 107
7	83 5
7	85 5
7	79 45
7	84 6
7	84 7
7	83 7
7	85 7
7	79 28
7	84 8
7	84 9
7	83 9
7	85 8
7	79 106
7	83 9
7	85 9
7	79 31
7	84 10
7	TEST_NUMBER 3
7	SENT_TOTAL 250
7	RECEIVED_TOTAL 191
7	TIME_TOTAL 29806
7	RECEIVED_RADIO_1 192
7	RECEIVED_RADIO_2 0
7	SENT_RADIO_1 125
7	SENT_RADIO_2 125
7	RADIO_TIME_1 29806
7	RADIO_TIME_2 19763
7	RETRANSMISSIONS_1 0
7	RETRANSMISSIONS_2 0
7	DROPPED_1 0
7	DROPPED_2 0
7	MAX_QUEUE 1
7	DUPLICATED_1 5
7	DUPLICATED_2 0
7	EBUSY_RADIO_1 0
7	EBUSY_RADIO_2 0
7	83 0
7	85 10
7	86 3
7	84 1
7	84 2
7	83 2
7	85 2
7	79 23
7	84 3
7	84 4
7	83 4
7	85 3
7	79 103
7	83 4
7	85 4
7	79 32
7	84 5
7	83 5
7	85 5
7	79 44
7	84 6
7	84 7
7	83 7
7	85 7
7	79 31
7	84 8
7	84 9
7	83 9
7	85 8
7	79 102
7	83 9
7	85 9
7	79 42
7	84 10
7	84 11
7	83 11
7	85 11
7	79 29
7	84 12
7	84 13
7	83 13
7	85 12
7	79 107
7	83 13
7	85 13
7	79 36
7	84 14
7	84 15
7	83 15
7	85 15
7	79 27
7	84 16
7	84 17
7	83 17
7	85 16
7	79 105
7	83 17
7	85 17
7	79 34
7	84 18
7	84 19
7	83 19
7	85 19
7	79 31
7	84 20
7	84 1
7	83 1
7	85 20
7	79 111
7	83 1
7	85 1
7	79 37
7	84 2
7	84 3
7	83 3
7	85 3
7	79 29
7	84 4
7	84 5
7	83 5
7	85 4
7	79 108
7	83 5
7	85 5
7	79 36
7	84 6
7	84 7
7	83 7
7	85 7
7	79 27
7	84 8
7	84 9
7	83 9
7	85 8
7	79 108
7	83 9
7	85 9
7	79 36
7	84 10
7	84 11
7	83 11
7	85 11
7	79 27
7	84 12
7	84 13
7	83 13
7	85 12
7	79 110
7	83 13
7	85 13
7	79 48
7	84 14
7	84 15
7	83 15
7	85 15
7	79 25
7	84 16
7	84 17
7	83 17
7	85 16
7	79 108
7	83 17
7	85 17
7	79 35
7	84 18
7	83 18
7	85 18
7	79 38
7	84 19
7	84 20
7	83 20
7	85 20
7	79 23
7	84 1
7	84 2
7	83 2
7	85 1
7	79 114
7	83 2
7	85 2
7	79 40
7	84 3
7	83 3
7	85 3
7	79 31
7	84 4
7	84 5
7	83 5
7	85 5
7	79 30
7	84 6
7	84 7
7	83 7
7	85 6
7	79 105
7	83 7
7	85 7
7	79 35
7	84 8
7	84 9
7	83 9
7	85 9
7	79 30
7	84 10
7	84 11
7	83 11
7	85 10
7	79 109
7	83 11
7	85 11
7	79 38
7	84 12
7	83 12
7	85 12
7	79 41
7	84 13
7	84 14
7	83 14
7	85 14
7	79 25
7	84 15
7	84 16
7	83 16
7	85 15
7	79 106
7	83 16
7	85 16
7	79 34
7	84 17
7	83 17
7	85 17
7	79 34
7	84 18
7	84 19
7	83 19
7	85 19
7	79 26
7	84 20
7	84 1
7	83 1
7	85 20
7	79 108
7	83 1
7	85 1
7	79 34
7	84 2
7	84 3
7	83 3
7	85 3
7	79 32
7	84 4
7	84 5
7	83 5
7	85 4
7	79 107
7	83 5
7	85 5
7	79 36
7	84 6
7	83 6
7	85 6
7	79 36
7	84 7
7	84 8
7	83 8
7	85 8
7	79 25
7	84 9
7	84 10
7	83 10
7	85 9
7	79 110
7	83 10
7	85 10
7	79 37
7	84 11
7	83 11
7	85 11
7	79 35
7	84 12
7	84 13
7	83 13
7	85 13
7	79 33
7	84 14
7	84 15
7	83 15
7	85 14
7	79 121
7	84 16
7	84 17
7	83 17
7	85 15
7	79 183
7	84 18
7	83 18
7	85 17
7	79 103
7	83 18
7	85 18
7	79 33
7	84 19
7	83 19
7	85 19
7	79 46
7	84 20
7	84 1
7	83 1
7	85 1
7	79 23
7	84 2
7	84 3
7	83 3
7	85 2
7	79 109
7	83 3
7	85 3
7	79 36
7	84 4
7	83 4
7	85 4
7	79 33
7	84 5
7	84 6
7	83 6
7	85 6
7	79 28
7	84 7
7	84 8
7	83 8
7	85 7
7	79 109
7	84 9
7	83 9
7	85 9
7	79 30
7	84 10
7	84 11
7	83 11
7	85 10
7	79 109
7	83 11
7	85 11
7	79 35
7	84 12
7	83 12
7	85 12
7	79 37
7	84 13
7	84 14
7	83 14
7	85 14
7	79 24
7	84 15
7	84 16
7	83 16
7	85 15
7	79 104
7	83 16
7	85 16
7	79 32
7	84 17
7	84 18
7	83 18
7	85 18
7	79 27
7	84 19
7	84 20
7	83 20
7	85 19
7	79 106
7	83 20
7	85 20
7	79 49
7	84 1
7	84 2
7	83 2
7	85 2
7	79 27
7	84 3
7	84 4
7	83 4
7	85 3
7	79 108
7	83 4
7	85 4
7	79 34
7	84 5
7	84 6
7	83 6
7	85 6
7	79 28
7	84 7
7	84 8
7	83 8
7	85 7
7	79 108
7	83 8
7	85 8
7	79 38
7	84 9
7	84 10
7	83 10
7	85 10
7	79 28
7	84 11
7	84 12
7	83 12
7	85 11
7	79 106
7	83 12
7	85 12
7	79 33
7	84 13
7	83 13
7	85 13
7	79 36
7	84 14
7	84 15
7	83 15
7	85 15
7	79 29
7	84 16
7	84 17
7	83 17
7	85 16
7	79 108
7	83 17
7	85 17
7	79 39
7	84 18
7	83 18
7	85 18
7	79 37
7	84 19
7	84 20
7	83 20
7	85 20
7	79 28
7	84 1
7	84 2
7	83 2
7	85 1
7	79 106
7	83 2
7	85 2
7	79 32
7	84 3
7	83 3
7	85 3
7	79 32
7	84 4
7	84 5
7	83 5
7	85 5
7	79 26
7	84 6
7	84 7
7	83 7
7	85 6
7	79 108
7	83 7
7	85 7
7	79 36
7	84 8
7	83 8
7	85 8
7	79 32
7	84 9
7	84 10
7	83 10
7	85 10
7	79 28
7	84 11
7	84 12
7	83 12
7	85 11
7	79 108
7	84 13
7	83 13
7	85 13
7	79 25
7	84 14
7	84 15
7	83 15
7	85 14
7	79 113
7	83 15
7	85 15
7	79 42
7	84 16
7	83 16
7	85 16
7	79 37
7	84 17
7	84 18
7	83 18
7	85 18
7	79 24
7	84 19
7	84 20
7	83 20
7	85 19
7	79 106
7	84 1
7	83 1
7	85 1
7	79 24
7	84 2
7	84 3
7	83 3
7	85 2
7	79 111
7	83 3
7	85 3
7	79 39
7	84 4
7	84 5
7	83 5
7	85 5
7	79 25
7	84 6
7	84 7
7	83 7
7	85 6
7	79 114
7	83 7
7	85 7
7	79 40
7	84 8
7	83 8
7	85 8
7	79 36
7	84 9
7	84 10
7	83 10
7	85 10
7	79 27
7	84 11
7	84 12
7	83 12
7	85 11
7	79 104
7	83 12
7	85 12
7	79 35
7	84 13
7	83 13
7	85 13
7	79 36
7	84 14
7	84 15
7	83 15
7	85 15
7	79 26
7	84 16
7	84 17
7	83 17
7	85 16
7	79 103
7	83 17
7	85 17
7	79 32
7	84 18
7	83 18
7	85 18
7	79 31
7	84 19
7	84 20
7	83 20
7	85 20
7	79 28
7	84 1
7	84 2
7	83 2
7	85 1
7	79 111
7	83 2
7	85 2
7	79 36
7	84 3
7	84 4
7	83 4
7	85 4
7	79 30
7	84 5
7	84 6
7	83 6
7	85 5
7	79 107
7	83 6
7	85 6
7	79 36
7	84 7
7	84 8
7	83 8
7	79 24
7	84 9
7	84 10
7	83 10
7	85 9
7	79 104
7	84 11
7	83 11
7	85 11
7	79 22
7	84 12
7	84 13
7	83 13
7	85 12
7	79 107
7	83 13
7	85 13
7	79 35
7	84 14
7	83 14
7	85 14
7	79 35
7	84 15
7	84 16
7	84 17
7	83 17
7	85 17
7	79 26
7	84 18
7	84 19
7	84 20
7	83 20
7	85 19
7	79 106
7	83 20
7	85 20
7	79 53
7	83 20
7	85 18
7	79 220
7	84 1
7	84 2
7	83 2
7	85 1
7	79 113
7	83 2
7	85 2
7	79 39
7	84 3
7	84 4
7	83 4
7	85 4
7	79 29
7	84 5
7	84 6
7	83 6
7	85 5
7	79 107
7	83 6
7	85 6
7	79 33
7	84 7
7	83 7
7	85 7
7	79 33
7	84 8
7	84 9
7	83 9
7	85 9
7	79 27
7	84 10
7	84 11
7	83 11
7	85 10
7	79 108
7	83 11
7	85 11
7	79 34
7	84 12
7	84 13
7	83 13
7	85 13
7	79 29
7	84 14
7	84 15
7	83 15
7	85 14
7	79 106
7	83 15
7	85 15
7	79 36
7	84 16
7	84 17
7	83 17
7	85 17
7	79 27
7	84 18
7	84 19
7	83 19
7	85 18
7	79 111
7	83 19
7	85 19
7	79 41
7	84 20
7	83 20
7	85 20
7	79 38
7	84 1
7	84 2
7	83 2
7	85 2
7	79 27
7	84 3
7	84 4
7	83 4
7	85 3
7	79 104
7	83 4
7	85 4
7	79 34
7	84 5
7	83 5
7	85 5
7	79 33
7	84 6
7	84 7
7	83 7
7	85 7
7	79 30
7	84 8
7	84 9
7	83 9
7	85 8
7	79 109
7	83 9
7	85 9
7	79 35
7	84 10
7	84 11
7	83 11
7	85 11
7	79 31
7	84 12
7	84 13
7	83 13
7	85 12
7	79 120
7	84 14
7	84 15
7	83 15
7	85 13
7	79 187
7	84 16
7	83 16
7	85 15
7	79 106
7	83 16
7	85 16
7	79 34
7	84 17
7	83 17
7	85 17
7	79 38
7	84 18
7	84 19
7	83 19
7	85 19
7	79 27
7	84 20
7	84 1
7	83 1
7	85 20
7	79 104
7	84 2
7	83 2
7	85 2
7	79 28
7	84 3
7	84 4
7	83 4
7	85 3
7	79 107
7	84 5
7	83 5
7	85 5
7	79 25
7	84 6
7	84 7
7	83 7
7	85 6
7	79 107
7	83 7
7	85 7
7	79 42
7	84 8
7	84 9
7	83 9
7	85 9
7	79 27
7	84 10
7	84 11
7	83 11
7	85 10
7	79 105
7	83 11
7	85 11
7	79 34
7	84 12
7	83 12
7	84 1
7	84 2
7	83 2
7	85 2
7	79 34
7	84 3
7	84 4
7	83 4
7	85 3
7	79 106
7	83 4
7	85 4
7	79 36
7	84 5
7	83 5
7	85 5
7	79 36
7	84 6
7	84 7
7	83 7
7	85 7
7	79 23
7	84 8
7	83 8
7	85 8
7	79 48
7	84 9
7	84 10
7	83 10
7	85 9
7	79 108
7	84 11
7	83 11
7	85 11
7	79 20
7	84 12
7	84 13
7	83 13
7	85 12
7	79 109
7	83 13
7	85 13
7	79 39
7	84 14
7	83 14
7	85 14
7	79 46
7	84 15
7	84 16
7	83 16
7	85 16
7	79 27
7	84 17
7	84 18
7	83 18
7	85 17
7	79 105
7	83 18
7	85 18
7	79 35
7	84 19
7	83 19
7	85 19
7	79 36
7	84 20
7	84 1
7	83 1
7	85 1
7	79 26
7	84 2
7	84 3
7	83 3
7	85 2
7	79 105
7	83 3
7	85 3
7	79 46
7	84 4
7	84 5
7	83 5
7	85 5
7	79 26
7	84 6
7	84 7
7	83 7
7	85 6
7	79 110
7	83 7
7	85 7
7	79 40
7	84 8
7	84 9
7	83 9
7	85 9
7	79 31
7	84 10
7	84 11
7	84 12
7	83 12
7	85 11
7	79 108
7	83 12
7	85 12
7	79 42
7	84 13
7	84 14
7	83 14
7	85 13
7	79 104
7	83 14
7	85 14
7	79 34
7	84 15
7	83 15
7	85 15
7	79 34
7	84 16
7	84 17
7	83 17
7	85 17
7	79 30
7	84 18
7	84 19
7	84 20
7	83 20
7	85 19
7	79 107
7	83 20
7	85 18
7	79 196
7	83 20
7	85 20
7	79 43
7	84 1
7	83 1
7	85 1
7	79 35
7	84 2
7	84 3
7	83 3
7	85 3
7	79 27
7	84 4
7	84 5
7	83 5
7	85 4
7	79 105
7	84 6
7	83 6
7	85 6
7	79 24
7	84 7
7	84 8
7	83 8
7	85 7
7	79 108
7	83 8
7	85 8
7	79 38
7	84 9
7	83 9
7	85 9
7	79 32
7	84 10
7	84 11
7	83 11
7	85 11
7	79 27
7	84 12
7	84 13
7	83 13
7	85 12
7	79 109
7	83 13
7	85 13
7	79 37
7	84 14
7	84 15
7	83 15
7	85 15
7	79 29
7	84 16
7	84 17
7	83 17
7	85 16
7	79 121
7	84 18
7	84 19
7	83 19
7	85 17
7	79 187
7	84 20
7	83 20
7	85 19
7	79 108
7	83 20
7	85 20
7	79 38
7	84 1
7	83 1
7	85 1
7	79 33
7	84 2
7	84 3
7	83 3
7	85 3
7	79 31
7	84 4
7	84 5
7	83 5
7	85 4
7	79 105
7	83 5
7	85 5
7	79 56
7	84 6
7	84 7
7	83 7
7	85 7
7	79 27
7	84 8
7	84 9
7	83 9
7	85 8
7	79 109
7	83 9
7	85 9
7	79 44
7	84 10
7	84 11
7	83 11
7	85 11
7	79 25
7	84 12
7	84 13
7	83 13
7	85 12
7	79 110
7	83 13
7	85 13
7	79 45
7	84 14
7	84 15
7	83 15
7	85 15
7	79 27
7	84 16
7	84 17
7	83 17
7	85 16
7	79 106
7	83 17
7	85 17
7	79 36
7	84 18
7	83 18
7	85 18
7	79 29
7	84 19
7	84 20
7	84 1
7	83 1
7	85 1
7	79 29
7	84 2
7	83 2
7	85 20
7	79 201
7	83 2
7	85 2
7	79 49
7	84 3
7	84 4
7	83 4
7	85 3
7	79 101
7	84 5
7	83 5
7	85 5
7	79 28
7	84 6
7	84 7
7	83 7
7	85 6
7	79 110
7	83 7
7	85 7
7	79 36
7	84 8
7	84 9
7	83 9
7	85 9
7	79 30
7	84 10
7	84 11
7	83 11
7	85 10
7	79 107
7	83 11
7	85 11
7	79 36
7	84 12
7	84 13
7	83 13
7	85 13
7	79 30
7	84 14
7	84 15
7	83 15
7	85 14
7	79 109
7	83 15
7	85 15
7	79 36
7	84 16
7	83 16
7	85 16
7	79 38
7	84 17
7	84 18
7	83 18
7	85 18
7	79 27
7	84 19
7	84 20
7	83 20
7	85 19
7	79 105
7	83 20
7	85 20
7	79 45
7	84 1
7	84 2
7	83 2
7	85 2
7	79 28
7	84 3
7	84 4
7	83 4
7	85 3
7	79 114
7	83 4
7	85 4
7	79 46
7	84 5
7	84 6
7	83 6
7	85 6
7	79 22
7	84 7
7	84 8
7	83 8
7	85 7
7	79 108
7	83 8
7	85 8
7	79 40
7	84 9
7	84 10
7	83 10
7	85 10
7	79 25
7	84 11
7	84 12
7	83 12
7	85 11
7	79 106
7	83 12
7	85 12
7	79 40
7	84 13
7	84 14
7	83 14
7	85 14
7	79 28
7	84 15
7	84 16
7	83 16
7	85 15
7	79 103
7	83 16
7	85 16
7	79 34
7	84 17
7	83 17
7	85 17
7	79 28
7	84 18
7	84 19
7	83 19
7	85 19
7	79 28
7	84 20
7	84 1
7	83 1
7	85 20
7	79 113
7	84 2
7	83 2
7	85 2
7	79 29
7	84 3
7	84 4
7	83 4
7	85 3
7	79 105
7	83 4
7	85 4
7	79 38
7	84 5
7	84 6
7	83 6
7	85 6
7	79 23
7	84 7
7	84 8
7	83 8
7	85 7
7	79 109
7	83 8
7	85 8
7	79 42
7	84 9
7	84 10
7	83 10
7	85 10
7	79 30
7	84 11
7	84 12
7	83 12
7	85 11
7	79 102
7	83 12
7	85 12
7	79 32
7	84 13
7	83 13
7	85 13
7	79 41
7	84 14
7	84 15
7	83 15
7	85 15
7	79 26
7	84 16
7	84 17
7	83 17
7	85 16
7	79 106
7	83 17
7	85 17
7	79 37
7	84 18
7	83 18
7	85 18
7	79 38
7	84 19
7	84 20
7	83 20
7	85 20
7	79 28
7	84 1
7	84 2
7	83 2
7	85 1
7	79 114
7	84 3
7	83 3
7	85 3
7	79 29
7	84 4
7	84 5
7	83 5
7	85 4
7	79 110
7	83 5
7	85 5
7	79 39
7	84 6
7	84 7
7	83 7
7	85 7
7	79 25
7	84 8
7	84 9
7	83 9
7	85 8
7	79 109
7	83 9
7	85 9
7	79 38
7	84 10
7	84 11
7	83 11
7	85 11
7	79 26
7	84 12
7	84 13
7	83 13
7	85 12
7	79 105
7	83 13
7	85 13
7	79 31
7	84 14
7	83 14
7	85 14
7	79 39
7	84 15
7	84 16
7	83 16
7	85 16
7	79 24
7	84 17
7	84 18
7	83 18
7	85 17
7	79 108
7	83 18
7	85 18
7	79 34
7	84 19
7	84 20
7	83 20
7	85 20
7	79 28
7	84 1
7	84 2
7	83 2
7	85 1
7	79 104
7	83 2
7	85 2
7	79 38
7	84 3
7	84 4
7	83 4
7	85 4
7	79 26
7	84 5
7	84 6
7	83 6
7	85 5
7	79 105
7	83 6
7	85 6
7	79 35
7	84 7
7	83 7
7	85 7
7	79 30
7	84 8
7	84 9
7	83 9
7	85 9
7	79 24
7	84 10
7	84 11
7	83 11
7	85 10
7	79 109
7	83 11
7	85 11
7	79 39
7	84 12
7	84 13
7	83 13
7	85 13
7	79 24
7	84 14
7	84 15
7	83 15
7	85 14
7	79 103
7	83 15
7	85 15
7	79 34
7	84 16
7	83 16
7	85 16
7	79 33
7	84 17
7	84 18
7	83 18
7	85 18
7	79 23
7	84 19
7	84 20
7	83 20
7	85 19
7	79 113
7	83 20
7	85 20
7	79 39
7	84 1
7	83 1
7	85 1
7	79 37
7	84 2
7	84 3
7	83 3
7	85 3
7	79 31
7	84 4
7	84 5
7	83 5
7	85 4
7	79 108
7	84 6
7	83 6
7	85 6
7	79 24
7	84 7
7	84 8
7	83 8
7	85 7
7	79 106
7	83 8
7	85 8
7	79 32
7	84 9
7	83 9
7	85 9
7	79 37
7	84 10
7	84 11
7	83 11
7	85 11
7	79 30
7	84 12
7	84 13
7	83 13
7	85 12
7	79 103
7	83 13
7	85 13
7	79 32
7	84 14
7	84 15
7	83 15
7	85 15
7	79 23
7	84 16
7	84 17
7	83 17
7	85 16
7	79 104
7	83 17
7	85 17
7	79 41
7	84 18
7	84 19
7	83 19
7	85 19
7	79 28
7	84 20
7	84 1
7	83 1
7	85 20
7	79 109
7	84 2
7	83 2
7	85 2
7	79 27
7	84 3
7	84 4
7	83 4
7	85 3
7	79 102
7	83 4
7	85 4
7	79 32
7	84 5
7	83 5
7	85 5
7	79 45
7	84 6
7	84 7
7	83 7
7	85 7
7	79 27
7	84 8
7	84 9
7	83 9
7	85 8
7	79 107
7	83 9
7	85 9
7	79 36
7	84 10
7	84 11
7	83 11
7	85 11
7	79 25
7	84 12
7	84 13
7	83 13
7	85 12
7	79 106
7	83 13
7	85 13
7	79 33
7	84 14
7	84 15
7	83 15
7	85 15
7	79 26
7	84 16
7	84 17
7	83 17
7	85 16
7	79 105
7	83 17
7	85 17
7	79 32
7	84 18
7	83 18
7	85 18
7	79 33
7	84 19
7	84 20
7	83 20
7	85 20
7	79 22
7	84 1
7	84 2
7	83 2
7	85 1
7	79 109
7	83 2
7	85 2
7	79 58
7	84 3
7	84 4
7	83 4
7	85 4
7	79 27
7	84 5
7	84 6
7	83 6
7	85 5
7	79 105
7	83 6
7	85 6
7	79 35
7	84 7
7	83 7
7	85 7
7	79 41
7	84 8
7	84 9
7	83 9
7	85 9
7	79 27
7	84 10
7	84 11
7	83 11
7	85 10
7	79 109
7	83 11
7	85 11
7	79 37
7	84 12
7	84 13
7	84 14
7	83 14
7	85 14
7	79 25
7	84 15
7	83 15
7	85 13
7	79 193
7	83 15
7	85 15
7	79 49
7	84 16
7	84 17
7	83 17
7	85 16
7	79 102
7	83 17
7	85 17
7	79 29
7	84 18
7	84 19
7	83 19
7	85 19
7	79 24
7	84 20
7	84 1
7	83 1
7	85 20
7	79 112
7	83 1
7	85 1
7	79 39
7	84 2
7	84 3
7	83 3
7	85 3
7	79 23
7	84 4
7	84 5
7	83 5
7	85 4
7	79 106
7	83 5
7	85 5
7	79 36
7	84 6
7	83 6
7	85 6
7	79 32
7	84 7
7	84 8
7	83 8
7	85 8
7	79 31
7	84 9
7	84 10
7	TEST_NUMBER 5
7	SENT_TOTAL 250
7	RECEIVED_TOTAL 190
7	TIME_TOTAL 29635
7	RECEIVED_RADIO_1 191
7	RECEIVED_RADIO_2 0
7	SENT_RADIO_1 123
7	SENT_RADIO_2 127
7	RADIO_TIME_1 29764
7	RADIO_TIME_2 19763
7	RETRANSMISSIONS_1 4
7	RETRANSMISSIONS_2 0
7	DROPPED_1 0
7	DROPPED_2 0
7	MAX_QUEUE 1
7	DUPLICATED_1 2
7	DUPLICATED_2 0
7	EBUSY_RADIO_1 0
7	EBUSY_RADIO_2 0
7	83 0
7	85 9
7	86 5
7	83 0
7	85 10
7	86 5
7	84 1
7	84 2
7	83 2
7	85 2
7	79 29
7	84 3
7	84 4
7	83 4
7	85 3
7	79 110
7	84 5
7	83 5
7	85 5
7	79 23
7	84 6
7	84 7
7	83 7
7	85 6
7	79 108
7	83 7
7	85 7
7	79 40
7	84 8
7	83 8
7	85 8
7	79 31
7	84 9
7	84 10
7	83 10
7	85 10
7	79 33
7	84 11
7	84 12
7	83 12
7	85 11
7	79 108
7	83 12
7	85 12
7	79 41
7	84 13
7	84 14
7	83 14
7	85 14
7	79 33
7	84 15
7	84 16
7	83 16
7	85 15
7	79 111
7	84 17
7	83 17
7	85 17
7	79 32
7	84 18
7	84 19
7	83 19
7	85 18
7	79 103
7	83 19
7	85 19
7	79 30
7	84 20
7	83 20
7	85 20
7	79 33
7	84 1
7	84 2
7	83 2
7	85 2
7	79 28
7	84 3
7	84 4
7	83 4
7	85 3
7	79 106
7	83 4
7	85 4
7	79 32
7	84 5
7	84 6
7	83 6
7	85 6
7	79 26
7	84 7
7	84 8
7	83 8
7	85 7
7	79 105
7	83 8
7	85 8
7	79 41
7	84 9
7	84 10
7	83 10
7	85 10
7	79 28
7	84 11
7	84 12
7	83 12
7	85 11
7	79 104
7	83 12
7	85 12
7	79 32
7	84 13
7	84 14
7	83 14
7	85 14
7	79 27
7	84 15
7	84 16
7	83 16
7	85 15
7	79 105
7	83 16
7	85 16
7	79 33
7	84 17
7	84 18
7	83 18
7	85 18
7	79 39
7	84 19
7	84 20
7	84 1
7	84 2
7	83 2
7	85 2
7	79 31
7	84 3
7	84 4
7	84 5
7	83 5
7	85 4
7	79 117
7	84 6
7	84 7
7	84 8
7	83 8
7	85 8
7	79 25
7	84 9
7	84 10
7	84 11
7	84 12
7	84 13
7	83 13
7	85 10
7	79 265
7	83 13
7	85 13
7	79 34
7	84 14
7	84 15
7	83 15
7	85 15
7	79 45
7	84 16
7	84 17
7	84 18
7	84 19
7	83 19
7	85 19
7	79 28
7	84 20
7	84 1
7	84 2
7	83 2
7	85 1
7	79 121
7	84 3
7	84 4
7	84 5
7	83 5
7	85 5
7	79 33
7	84 6
7	84 7
7	84 8
7	83 8
7	85 7
7	79 133
7	84 9
7	84 10
7	84 11
7	83 11
7	85 11
7	79 28
7	84 12
7	84 13
7	84 14
7	83 14
7	85 13
7	79 116
7	84 15
7	84 16
7	84 17
7	83 17
7	85 17
7	79 34
7	84 18
7	84 19
7	84 20
7	83 20
7	85 19
7	79 123
7	84 1
7	84 2
7	84 3
7	83 3
7	85 3
7	79 25
7	84 4
7	84 5
7	84 6
7	83 6
7	85 5
7	79 131
7	84 7
7	84 8
7	84 9
7	83 9
7	85 9
7	79 31
7	84 10
7	84 11
7	84 12
7	83 12
7	85 11
7	79 126
7	84 13
7	84 14
7	84 15
7	83 15
7	85 15
7	79 28
7	84 16
7	84 17
7	84 18
7	83 18
7	85 17
7	79 134
7	84 19
7	84 20
7	84 1
7	83 1
7	85 1
7	79 28
7	84 2
7	84 3
7	84 4
7	83 4
7	85 3
7	79 138
7	84 5
7	84 6
7	84 7
7	83 7
7	85 7
7	79 24
7	84 8
7	84 9
7	84 10
7	83 10
7	85 9
7	79 126
7	84 11
7	84 12
7	84 13
7	83 13
7	85 13
7	79 28
7	84 14
7	84 15
7	84 16
7	83 16
7	85 15
7	79 121
7	84 17
7	84 18
7	84 19
7	83 19
7	85 19
7	79 26
7	84 20
7	84 1
7	84 2
7	83 2
7	85 1
7	79 122
7	84 3
7	84 4
7	84 5
7	83 5
7	85 5
7	79 28
7	84 6
7	84 7
7	84 8
7	83 8
7	85 7
7	79 134
7	84 9
7	84 10
7	84 11
7	83 11
7	85 11
7	79 29
7	84 12
7	84 13
7	84 14
7	83 14
7	85 13
7	79 124
7	84 15
7	84 16
7	84 17
7	83 17
7	85 17
7	79 28
7	84 18
7	84 19
7	84 20
7	83 20
7	85 19
7	79 136
7	84 1
7	84 2
7	84 3
7	83 3
7	85 3
7	79 28
7	84 4
7	84 5
7	84 6
7	83 6
7	85 5
7	79 126
7	84 7
7	84 8
7	84 9
7	83 9
7	85 9
7	79 25
7	84 10
7	84 11
7	84 12
7	83 12
7	85 11
7	79 139
7	84 13
7	84 14
7	84 15
7	84 16
7	83 16
7	85 16
7	79 26
7	84 17
7	84 18
7	84 19
7	83 19
7	85 18
7	79 134
7	84 20
7	84 1
7	84 2
7	83 2
7	85 2
7	79 30
7	84 3
7	84 4
7	84 5
7	83 5
7	85 4
7	79 125
7	84 6
7	84 7
7	84 8
7	83 8
7	85 8
7	79 27
7	84 9
7	84 10
7	84 11
7	83 11
7	85 10
7	79 128
7	84 12
7	84 13
7	84 14
7	83 14
7	85 14
7	79 27
7	84 15
7	84 16
7	84 17
7	83 17
7	85 16
7	79 140
7	84 18
7	84 19
7	84 20
7	83 20
7	85 20
7	79 29
7	84 1
7	84 2
7	84 3
7	83 3
7	85 2
7	79 126
7	84 4
7	84 5
7	84 6
7	83 6
7	85 6
7	79 29
7	84 7
7	84 8
7	84 9
7	83 9
7	85 8
7	79 122
7	84 10
7	84 11
7	84 12
7	83 12
7	85 12
7	79 28
7	84 13
7	84 14
7	84 15
7	83 15
7	85 14
7	79 123
7	84 16
7	84 17
7	84 18
7	83 18
7	85 18
7	79 29
7	84 19
7	84 20
7	84 1
7	83 1
7	85 20
7	79 134
7	84 2
7	84 3
7	84 4
7	83 4
7	85 4
7	79 24
7	84 5
7	84 6
7	84 7
7	83 7
7	85 6
7	79 139
7	84 8
7	84 9
7	84 10
7	83 10
7	85 10
7	79 29
7	84 11
7	84 12
7	84 13
7	83 13
7	85 12
7	79 129
7	84 14
7	84 15
7	84 16
7	83 16
7	85 16
7	79 26
7	84 17
7	84 18
7	84 19
7	83 19
7	85 18
7	79 136
7	84 20
7	84 1
7	84 2
7	83 2
7	85 2
7	79 26
7	84 3
7	84 4
7	84 5
7	83 5
7	85 4
7	79 123
7	84 6
7	84 7
7	84 8
7	83 8
7	85 8
7	79 28
7	84 9
7	84 10
7	84 11
7	83 11
7	85 10
7	79 127
7	84 12
7	84 13
7	84 14
7	83 14
7	85 14
7	79 24
7	84 15
7	84 16
7	84 17
7	83 17
7	85 16
7	79 141
7	84 18
7	84 19
7	84 20
7	83 20
7	85 20
7	79 29
7	84 1
7	84 2
7	84 3
7	83 3
7	85 2
7	79 140
7	84 4
7	84 5
7	84 6
7	83 6
7	85 6
7	79 33
7	84 7
7	84 8
7	84 9
7	83 9
7	85 8
7	79 124
7	84 10
7	TEST_NUMBER 6
7	SENT_TOTAL 250
7	RECEIVED_TOTAL 98
7	TIME_TOTAL 29824
7	RECEIVED_RADIO_1 100
7	RECEIVED_RADIO_2 0
7	SENT_RADIO_1 124
7	SENT_RADIO_2 126
7	RADIO_TIME_1 29859
7	RADIO_TIME_2 19763
7	RETRANSMISSIONS_1 2
7	RETRANSMISSIONS_2 0
7	DROPPED_1 0
7	DROPPED_2 0
7	MAX_QUEUE 1
7	DUPLICATED_1 1
7	DUPLICATED_2 0
7	EBUSY_RADIO_1 0
7	EBUSY_RADIO_2 0
