
3	SOURCE_NODE 3
3	84 1
3	83 1
3	85 1
3	79 39
3	84 2
3	84 3
3	83 3
3	85 3
3	79 44
3	84 4
3	84 5
3	83 5
3	85 5
3	79 56
3	84 6
3	84 7
3	83 7
3	85 7
3	79 52
3	84 8
3	84 9
3	83 9
3	85 9
3	79 50
3	84 10
3	84 11
3	83 11
3	85 11
3	79 50
3	84 12
3	84 13
3	83 13
3	85 13
3	79 49
3	84 14
3	84 15
3	83 15
3	85 15
3	79 57
3	84 16
3	84 17
3	83 17
3	85 17
3	79 54
3	84 18
3	84 19
3	83 19
3	85 19
3	79 53
3	84 20
3	84 1
3	83 1
3	85 1
3	79 57
3	84 2
3	84 3
3	83 3
3	85 3
3	79 51
3	84 4
3	84 5
3	83 5
3	85 5
3	79 50
3	84 6
3	84 7
3	83 7
3	85 7
3	79 55
3	84 8
3	84 9
3	83 9
3	85 9
3	79 53
3	84 10
3	84 11
3	83 11
3	85 11
3	79 55
3	84 12
3	84 13
3	83 13
3	85 13
3	79 55
3	84 14
3	84 15
3	83 15
3	85 15
3	79 50
3	84 16
3	84 17
3	83 17
3	85 17
3	79 50
3	84 18
3	84 19
3	83 19
3	85 19
3	79 55
3	84 20
3	84 1
3	83 1
3	85 1
3	79 55
3	84 2
3	84 3
3	83 3
3	85 3
3	79 60
3	84 4
3	84 5
3	83 5
3	85 5
3	79 55
3	84 6
3	84 7
3	83 7
3	85 7
3	79 51
3	84 8
3	84 9
3	83 9
3	85 9
3	79 53
3	84 10
3	84 11
3	83 11
3	85 11
3	79 52
3	84 12
3	84 13
3	83 13
3	85 13
3	79 54
3	84 14
3	84 15
3	83 15
3	85 15
3	79 52
3	84 16
3	84 17
3	83 17
3	85 17
3	79 50
3	84 18
3	84 19
3	83 19
3	85 19
3	79 57
3	84 20
3	84 1
3	83 1
3	85 1
3	79 58
3	84 2
3	84 3
3	83 3
3	85 3
3	79 53
3	84 4
3	84 5
3	83 5
3	85 5
3	79 55
3	84 6
3	84 7
3	83 7
3	85 7
3	79 59
3	84 8
3	84 9
3	83 9
3	85 9
3	79 53
3	84 10
3	84 11
3	83 11
3	85 11
3	79 65
3	84 12
3	84 13
3	83 13
3	85 13
3	79 54
3	84 14
3	84 15
3	83 15
3	85 15
3	79 54
3	84 16
3	84 17
3	83 17
3	85 17
3	79 53
3	84 18
3	84 19
3	83 19
3	85 19
3	79 51
3	84 20
3	84 1
3	83 1
3	85 1
3	79 55
3	84 2
3	84 3
3	83 3
3	85 3
3	79 61
3	84 4
3	84 5
3	83 5
3	85 5
3	79 52
3	84 6
3	84 7
3	83 7
3	85 7
3	79 56
3	84 8
3	84 9
3	83 9
3	85 9
3	79 55
3	84 10
3	84 11
3	83 11
3	85 11
3	79 56
3	84 12
3	84 13
3	83 13
3	85 13
3	79 55
3	84 14
3	84 15
3	83 15
3	85 15
3	79 52
3	84 16
3	84 17
3	83 17
3	85 17
3	79 53
3	84 18
3	84 19
3	83 19
3	85 19
3	79 54
3	84 20
3	84 1
3	83 1
3	85 1
3	79 47
3	84 2
3	84 3
3	83 3
3	85 3
3	79 53
3	84 4
3	84 5
3	83 5
3	85 5
3	79 51
3	84 6
3	84 7
3	83 7
3	85 7
3	79 50
3	84 8
3	84 9
3	83 9
3	85 9
3	79 50
3	84 10
3	84 11
3	83 11
3	85 11
3	79 55
3	84 12
3	84 13
3	83 13
3	85 13
3	79 49
3	84 14
3	84 15
3	83 15
3	85 15
3	79 56
3	84 16
3	84 17
3	83 17
3	85 17
3	79 53
3	84 18
3	84 19
3	83 19
3	85 19
3	79 54
3	84 20
3	84 1
3	83 1
3	85 1
3	79 54
3	84 2
3	84 3
3	83 3
3	85 3
3	79 59
3	84 4
3	84 5
3	83 5
3	85 5
3	79 48
3	84 6
3	84 7
3	83 7
3	85 7
3	79 55
3	84 8
3	84 9
3	83 9
3	85 9
3	79 54
3	84 10
3	84 11
3	83 11
3	85 11
3	79 52
3	84 12
3	84 13
3	83 13
3	85 13
3	79 53
3	84 14
3	84 15
3	83 15
3	85 15
3	79 52
3	84 16
3	84 17
3	83 17
3	85 17
3	79 53
3	84 18
3	84 19
3	83 19
3	85 19
3	79 62
3	84 20
3	84 1
3	83 1
3	85 1
3	79 57
3	84 2
3	84 3
3	83 3
3	85 3
3	79 50
3	84 4
3	84 5
3	83 5
3	85 5
3	79 51
3	84 6
3	84 7
3	83 7
3	85 7
3	79 56
3	84 8
3	84 9
3	83 9
3	85 9
3	79 57
3	84 10
3	84 11
3	83 11
3	85 11
3	79 50
3	84 12
3	84 13
3	83 13
3	85 13
3	79 52
3	84 14
3	84 15
3	83 15
3	85 15
3	79 50
3	84 16
3	84 17
3	83 17
3	85 17
3	79 54
3	84 18
3	84 19
3	83 19
3	85 19
3	79 56
3	84 20
3	84 1
3	83 1
3	85 1
3	79 52
3	84 2
3	84 3
3	83 3
3	85 3
3	79 57
3	84 4
3	84 5
3	83 5
3	85 5
3	79 55
3	84 6
3	84 7
3	83 7
3	85 7
3	79 52
3	84 8
3	84 9
3	83 9
3	85 9
3	79 54
3	84 10
3	84 11
3	83 11
3	85 11
3	79 46
3	84 12
3	84 13
3	83 13
3	85 13
3	79 53
3	84 14
3	84 15
3	83 15
3	85 15
3	79 54
3	84 16
3	84 17
3	83 17
3	85 17
3	79 52
3	84 18
3	84 19
3	83 19
3	85 19
3	79 58
3	84 20
3	84 1
3	83 1
3	85 1
3	79 51
3	84 2
3	84 3
3	83 3
3	85 3
3	79 51
3	84 4
3	84 5
3	83 5
3	85 5
3	79 48
3	84 6
3	84 7
3	83 7
3	85 7
3	79 50
3	84 8
3	84 9
3	83 9
3	85 9
3	79 45
3	84 10
3	84 11
3	83 11
3	85 11
3	79 55
3	84 12
3	84 13
3	83 13
3	85 13
3	79 54
3	84 14
3	84 15
3	83 15
3	85 15
3	79 54
3	84 16
3	84 17
3	83 17
3	85 17
3	79 49
3	84 18
3	84 19
3	83 19
3	85 19
3	79 54
3	84 20
3	84 1
3	83 1
3	85 1
3	79 54
3	84 2
3	84 3
3	83 3
3	85 3
3	79 51
3	84 4
3	84 5
3	83 5
3	85 5
3	79 55
3	84 6
3	84 7
3	83 7
3	85 7
3	79 55
3	84 8
3	84 9
3	83 9
3	85 9
3	79 47
3	84 10
3	84 11
3	83 11
3	85 11
3	79 53
3	84 12
3	84 13
3	83 13
3	85 13
3	79 45
3	84 14
3	84 15
3	83 15
3	85 15
3	79 53
3	84 16
3	84 17
3	83 17
3	85 17
3	79 50
3	84 18
3	84 19
3	83 19
3	85 19
3	79 53
3	84 20
3	84 1
3	83 1
3	85 1
3	79 50
3	84 2
3	84 3
3	83 3
3	85 3
3	79 47
3	84 4
3	84 5
3	83 5
3	85 5
3	79 53
3	84 6
3	84 7
3	83 7
3	85 7
3	79 57
3	84 8
3	84 9
3	83 9
3	85 9
3	79 47
3	84 10
3	84 11
3	83 11
3	85 11
3	79 51
3	84 12
3	84 13
3	83 13
3	85 13
3	79 53
3	84 14
3	84 15
3	83 15
3	85 15
3	79 55
3	84 16
3	84 17
3	83 17
3	85 17
3	79 48
3	84 18
3	84 19
3	83 19
3	85 19
3	79 57
3	84 20
3	84 1
3	83 1
3	85 1
3	79 61
3	84 2
3	84 3
3	83 3
3	85 3
3	79 52
3	84 4
3	84 5
3	83 5
3	85 5
3	79 57
3	84 6
3	84 7
3	83 7
3	85 7
3	79 51
3	84 8
3	84 9
3	83 9
3	85 9
3	79 51
3	84 10
3	TEST_NUMBER 0
3	SENT_TOTAL 250
3	RECEIVED_TOTAL 125
3	TIME_TOTAL 19775
3	RECEIVED_RADIO_1 62
3	RECEIVED_RADIO_2 63
3	SENT_RADIO_1 125
3	SENT_RADIO_2 124
3	RADIO_TIME_1 19763
3	RADIO_TIME_2 19804
3	RETRANSMISSIONS_1 0
3	RETRANSMISSIONS_2 0
3	DROPPED_1 0
3	DROPPED_2 0
3	MAX_QUEUE 1
3	DUPLICATED_1 0
3	DUPLICATED_2 0
3	EBUSY_RADIO_1 0
3	EBUSY_RADIO_2 0
3	84 1
3	83 1
3	85 1
3	79 57
3	84 2
3	84 3
3	83 3
3	85 3
3	79 49
3	84 4
3	84 5
3	83 5
3	85 5
3	79 56
3	84 6
3	84 7
3	83 7
3	85 7
3	79 45
3	84 8
3	84 9
3	83 9
3	85 9
3	79 52
3	84 10
3	84 11
3	83 11
3	85 11
3	79 50
3	84 12
3	84 13
3	83 13
3	85 13
3	79 51
3	84 14
3	84 15
3	83 15
3	85 15
3	79 52
3	84 16
3	84 17
3	83 17
3	85 17
3	79 51
3	84 18
3	84 19
3	83 19
3	85 19
3	79 49
3	84 20
3	84 1
3	83 1
3	85 1
3	79 56
3	84 2
3	84 3
3	83 3
3	85 3
3	79 50
3	84 4
3	84 5
3	83 5
3	85 5
3	79 54
3	84 6
3	84 7
3	83 7
3	85 7
3	79 55
3	84 8
3	84 9
3	83 9
3	85 9
3	79 54
3	84 10
3	84 11
3	83 11
3	85 11
3	79 53
3	84 12
3	84 13
3	83 13
3	85 13
3	79 52
3	84 14
3	84 15
3	83 15
3	85 15
3	79 54
3	84 16
3	84 17
3	83 17
3	85 17
3	79 58
3	84 18
3	84 19
3	83 19
3	85 19
3	79 48
3	84 20
3	84 1
3	83 1
3	85 1
3	79 53
3	84 2
3	84 3
3	83 3
3	85 3
3	79 55
3	84 4
3	84 5
3	83 5
3	85 5
3	79 50
3	84 6
3	84 7
3	83 7
3	85 7
3	79 51
3	84 8
3	84 9
3	83 9
3	85 9
3	79 55
3	84 10
3	84 11
3	83 11
3	85 11
3	79 51
3	84 12
3	84 13
3	83 13
3	85 13
3	79 59
3	84 14
3	84 15
3	83 15
3	85 15
3	79 55
3	84 16
3	84 17
3	83 17
3	85 17
3	79 48
3	84 18
3	84 19
3	83 19
3	85 19
3	79 53
3	84 20
3	84 1
3	83 1
3	85 1
3	79 56
3	84 2
3	84 3
3	83 3
3	85 3
3	79 58
3	84 4
3	84 5
3	83 5
3	85 5
3	79 54
3	84 6
3	84 7
3	83 7
3	85 7
3	79 53
3	84 8
3	84 9
3	83 9
3	85 9
3	79 53
3	84 10
3	84 11
3	83 11
3	85 11
3	79 53
3	84 12
3	84 13
3	83 13
3	85 13
3	79 56
3	84 14
3	84 15
3	83 15
3	85 15
3	79 47
3	84 16
3	84 17
3	83 17
3	85 17
3	79 54
3	84 18
3	84 19
3	83 19
3	85 19
3	79 48
3	84 20
3	84 1
3	83 1
3	85 1
3	79 53
3	84 2
3	84 3
3	83 3
3	85 3
3	79 51
3	84 4
3	84 5
3	83 5
3	85 5
3	79 53
3	84 6
3	84 7
3	83 7
3	85 7
3	79 53
3	84 8
3	84 9
3	83 9
3	85 9
3	79 50
3	84 10
3	84 11
3	83 11
3	85 11
3	79 53
3	84 12
3	84 13
3	83 13
3	85 13
3	79 57
3	84 14
3	84 15
3	83 15
3	85 15
3	79 57
3	84 16
3	84 17
3	83 17
3	85 17
3	79 51
3	84 18
3	84 19
3	83 19
3	85 19
3	79 51
3	84 20
3	84 1
3	83 1
3	85 1
3	79 57
3	84 2
3	84 3
3	83 3
3	85 3
3	79 54
3	84 4
3	84 5
3	83 5
3	85 5
3	79 55
3	84 6
3	84 7
3	83 7
3	85 7
3	79 60
3	84 8
3	84 9
3	83 9
3	85 9
3	79 52
3	84 10
3	84 11
3	83 11
3	85 11
3	79 45
3	84 12
3	84 13
3	83 13
3	85 13
3	79 57
3	84 14
3	84 15
3	83 15
3	85 15
3	79 51
3	84 16
3	84 17
3	83 17
3	85 17
3	79 59
3	84 18
3	84 19
3	83 19
3	85 19
3	79 49
3	84 20
3	84 1
3	83 1
3	85 1
3	79 58
3	84 2
3	84 3
3	83 3
3	85 3
3	79 52
3	84 4
3	84 5
3	83 5
3	85 5
3	79 50
3	84 6
3	84 7
3	83 7
3	85 7
3	79 44
3	84 8
3	84 9
3	83 9
3	85 9
3	79 55
3	84 10
3	84 11
3	83 11
3	85 11
3	79 52
3	84 12
3	84 13
3	83 13
3	85 13
3	79 57
3	84 14
3	84 15
3	83 15
3	85 15
3	79 51
3	84 16
3	84 17
3	83 17
3	85 17
3	79 52
3	84 18
3	84 19
3	83 19
3	85 19
3	79 56
3	84 20
3	84 1
3	83 1
3	85 1
3	79 58
3	84 2
3	84 3
3	83 3
3	85 3
3	79 55
3	84 4
3	84 5
3	83 5
3	85 5
3	79 53
3	84 6
3	84 7
3	83 7
3	85 7
3	79 50
3	84 8
3	84 9
3	83 9
3	85 9
3	79 56
3	84 10
3	84 11
3	83 11
3	85 11
3	79 51
3	84 12
3	84 13
3	83 13
3	85 13
3	79 49
3	84 14
3	84 15
3	83 15
3	85 15
3	79 58
3	84 16
3	84 17
3	83 17
3	85 17
3	79 51
3	84 18
3	84 19
3	83 19
3	85 19
3	79 46
3	84 20
3	84 1
3	83 1
3	85 1
3	79 58
3	84 2
3	84 3
3	83 3
3	85 3
3	79 49
3	84 4
3	84 5
3	83 5
3	85 5
3	79 52
3	84 6
3	84 7
3	83 7
3	85 7
3	79 57
3	84 8
3	84 9
3	83 9
3	85 9
3	79 49
3	84 10
3	84 11
3	83 11
3	85 11
3	79 47
3	84 12
3	84 13
3	83 13
3	85 13
3	79 50
3	84 14
3	84 15
3	83 15
3	85 15
3	79 48
3	84 16
3	84 17
3	83 17
3	85 17
3	79 53
3	84 18
3	84 19
3	83 19
3	85 19
3	79 56
3	84 20
3	84 1
3	83 1
3	85 1
3	79 56
3	84 2
3	84 3
3	83 3
3	85 3
3	79 57
3	84 4
3	84 5
3	83 5
3	85 5
3	79 54
3	84 6
3	84 7
3	83 7
3	85 7
3	79 54
3	84 8
3	84 9
3	83 9
3	85 9
3	79 51
3	84 10
3	84 11
3	83 11
3	85 11
3	79 52
3	84 12
3	84 13
3	83 13
3	85 13
3	79 58
3	84 14
3	84 15
3	83 15
3	85 15
3	79 49
3	84 16
3	84 17
3	83 17
3	85 17
3	79 51
3	84 18
3	84 19
3	83 19
3	85 19
3	79 58
3	84 20
3	84 1
3	83 1
3	85 1
3	79 53
3	84 2
3	84 3
3	83 3
3	85 3
3	79 48
3	84 4
3	84 5
3	83 5
3	85 5
3	79 53
3	84 6
3	84 7
3	83 7
3	85 7
3	79 51
3	84 8
3	84 9
3	83 9
3	85 9
3	79 52
3	84 10
3	84 11
3	83 11
3	85 11
3	79 58
3	84 12
3	84 13
3	83 13
3	85 13
3	79 59
3	84 14
3	84 15
3	83 15
3	85 15
3	79 54
3	84 16
3	84 17
3	83 17
3	85 17
3	79 57
3	84 18
3	84 19
3	83 19
3	85 19
3	79 52
3	84 20
3	84 1
3	83 1
3	85 1
3	79 55
3	84 2
3	84 3
3	83 3
3	85 3
3	79 49
3	84 4
3	84 5
3	83 5
3	85 5
3	79 51
3	84 6
3	84 7
3	83 7
3	85 7
3	79 48
3	84 8
3	84 9
3	83 9
3	85 9
3	79 61
3	84 10
3	84 11
3	83 11
3	85 11
3	79 50
3	84 12
3	84 13
3	83 13
3	85 13
3	79 53
3	84 14
3	84 15
3	83 15
3	85 15
3	79 51
3	84 16
3	84 17
3	83 17
3	85 17
3	79 58
3	84 18
3	84 19
3	83 19
3	85 19
3	79 47
3	84 20
3	84 1
3	83 1
3	85 1
3	79 53
3	84 2
3	84 3
3	83 3
3	85 3
3	79 52
3	84 4
3	84 5
3	83 5
3	85 5
3	79 51
3	84 6
3	84 7
3	83 7
3	85 7
3	79 48
3	84 8
3	84 9
3	83 9
3	85 9
3	79 51
3	84 10
3	TEST_NUMBER 1
3	SENT_TOTAL 250
3	RECEIVED_TOTAL 125
3	TIME_TOTAL 19757
3	RECEIVED_RADIO_1 63
3	RECEIVED_RADIO_2 62
3	SENT_RADIO_1 125
3	SENT_RADIO_2 125
3	RADIO_TIME_1 19814
3	RADIO_TIME_2 19763
3	RETRANSMISSIONS_1 0
3	RETRANSMISSIONS_2 0
3	DROPPED_1 0
3	DROPPED_2 0
3	MAX_QUEUE 1
3	DUPLICATED_1 0
3	DUPLICATED_2 0
3	EBUSY_RADIO_1 0
3	EBUSY_RADIO_2 0
3	84 1
3	83 1
3	85 1
3	79 52
3	84 2
3	84 3
3	83 3
3	85 3
3	79 55
3	84 4
3	84 5
3	83 5
3	85 5
3	79 50
3	84 6
3	84 7
3	83 7
3	85 7
3	79 51
3	84 8
3	84 9
3	83 9
3	85 9
3	79 47
3	84 10
3	84 11
3	83 11
3	85 11
3	79 52
3	84 12
3	84 13
3	83 13
3	85 13
3	79 61
3	84 14
3	84 15
3	83 15
3	85 15
3	79 52
3	84 16
3	84 17
3	83 17
3	85 17
3	79 49
3	84 18
3	84 19
3	83 19
3	85 19
3	79 56
3	84 20
3	84 1
3	83 1
3	85 1
3	79 49
3	84 2
3	84 3
3	83 3
3	85 3
3	79 56
3	84 4
3	84 5
3	83 5
3	85 5
3	79 47
3	84 6
3	84 7
3	83 7
3	85 7
3	79 54
3	84 8
3	84 9
3	83 9
3	85 9
3	79 50
3	84 10
3	84 11
3	83 11
3	85 11
3	79 56
3	84 12
3	84 13
3	83 13
3	85 13
3	79 53
3	84 14
3	84 15
3	83 15
3	85 15
3	79 49
3	84 16
3	84 17
3	83 17
3	85 17
3	79 53
3	84 18
3	84 19
3	83 19
3	85 19
3	79 61
3	84 20
3	84 1
3	83 1
3	85 1
3	79 49
3	84 2
3	84 3
3	83 3
3	85 3
3	79 54
3	84 4
3	84 5
3	83 5
3	85 5
3	79 53
3	84 6
3	84 7
3	83 7
3	85 7
3	79 51
3	84 8
3	84 9
3	83 9
3	85 9
3	79 49
3	84 10
3	84 11
3	83 11
3	85 11
3	79 57
3	84 12
3	84 13
3	83 13
3	85 13
3	79 52
3	84 14
3	84 15
3	83 15
3	85 15
3	79 52
3	84 16
3	84 17
3	83 17
3	85 17
3	79 48
3	84 18
3	84 19
3	83 19
3	85 19
3	79 56
3	84 20
3	84 1
3	83 1
3	85 1
3	79 54
3	84 2
3	84 3
3	83 3
3	85 3
3	79 53
3	84 4
3	84 5
3	83 5
3	85 5
3	79 53
3	84 6
3	84 7
3	83 7
3	85 7
3	79 55
3	84 8
3	84 9
3	83 9
3	85 9
3	79 50
3	84 10
3	84 11
3	83 11
3	85 11
3	79 53
3	84 12
3	84 13
3	83 13
3	85 13
3	79 49
3	84 14
3	84 15
3	83 15
3	85 15
3	79 59
3	84 16
3	84 17
3	83 17
3	85 17
3	79 52
3	84 18
3	84 19
3	83 19
3	85 19
3	79 52
3	84 20
3	84 1
3	83 1
3	85 1
3	79 48
3	84 2
3	84 3
3	83 3
3	85 3
3	79 51
3	84 4
3	84 5
3	83 5
3	85 5
3	79 59
3	84 6
3	84 7
3	83 7
3	85 7
3	79 59
3	84 8
3	84 9
3	83 9
3	85 9
3	79 48
3	84 10
3	84 11
3	83 11
3	85 11
3	79 54
3	84 12
3	84 13
3	83 13
3	85 13
3	79 54
3	84 14
3	84 15
3	83 15
3	85 15
3	79 52
3	84 16
3	84 17
3	83 17
3	85 17
3	79 56
3	84 18
3	84 19
3	83 19
3	85 19
3	79 54
3	84 20
3	84 1
3	83 1
3	85 1
3	79 53
3	84 2
3	84 3
3	83 3
3	85 3
3	79 52
3	84 4
3	84 5
3	83 5
3	85 5
3	79 47
3	84 6
3	84 7
3	83 7
3	85 7
3	79 53
3	84 8
3	84 9
3	83 9
3	85 9
3	79 51
3	84 10
3	84 11
3	83 11
3	85 11
3	79 54
3	84 12
3	84 13
3	83 13
3	85 13
3	79 51
3	84 14
3	84 15
3	83 15
3	85 15
3	79 60
3	84 16
3	84 17
3	83 17
3	85 17
3	79 51
3	84 18
3	84 19
3	83 19
3	85 19
3	79 52
3	84 20
3	84 1
3	83 1
3	85 1
3	79 49
3	84 2
3	84 3
3	83 3
3	85 3
3	79 50
3	84 4
3	84 5
3	83 5
3	85 5
3	79 50
3	84 6
3	84 7
3	83 7
3	85 7
3	79 50
3	84 8
3	84 9
3	83 9
3	85 9
3	79 56
3	84 10
3	84 11
3	83 11
3	85 11
3	79 55
3	84 12
3	84 13
3	83 13
3	85 13
3	79 52
3	84 14
3	84 15
3	83 15
3	85 15
3	79 49
3	84 16
3	84 17
3	83 17
3	85 17
3	79 55
3	84 18
3	84 19
3	83 19
3	85 19
3	79 54
3	84 20
3	84 1
3	83 1
3	85 1
3	79 55
3	84 2
3	84 3
3	83 3
3	85 3
3	79 52
3	84 4
3	84 5
3	83 5
3	85 5
3	79 49
3	84 6
3	84 7
3	83 7
3	85 7
3	79 53
3	84 8
3	84 9
3	83 9
3	85 9
3	79 50
3	84 10
3	84 11
3	83 11
3	85 11
3	79 50
3	84 12
3	84 13
3	83 13
3	85 13
3	79 51
3	84 14
3	84 15
3	83 15
3	85 15
3	79 57
3	84 16
3	84 17
3	83 17
3	85 17
3	79 52
3	84 18
3	84 19
3	83 19
3	85 19
3	79 54
3	84 20
3	84 1
3	83 1
3	85 1
3	79 51
3	84 2
3	84 3
3	83 3
3	85 3
3	79 54
3	84 4
3	84 5
3	83 5
3	85 5
3	79 51
3	84 6
3	84 7
3	83 7
3	85 7
3	79 52
3	84 8
3	84 9
3	83 9
3	85 9
3	79 59
3	84 10
3	84 11
3	83 11
3	85 11
3	79 58
3	84 12
3	84 13
3	83 13
3	85 13
3	79 54
3	84 14
3	84 15
3	83 15
3	85 15
3	79 50
3	84 16
3	84 17
3	83 17
3	85 17
3	79 49
3	84 18
3	84 19
3	83 19
3	85 19
3	79 50
3	84 20
3	84 1
3	83 1
3	85 1
3	79 48
3	84 2
3	84 3
3	83 3
3	85 3
3	79 56
3	84 4
3	84 5
3	83 5
3	85 5
3	79 52
3	84 6
3	84 7
3	83 7
3	85 7
3	79 59
3	84 8
3	84 9
3	83 9
3	85 9
3	79 50
3	84 10
3	84 11
3	83 11
3	85 11
3	79 56
3	84 12
3	84 13
3	83 13
3	85 13
3	79 56
3	84 14
3	84 15
3	83 15
3	85 15
3	79 50
3	84 16
3	84 17
3	83 17
3	85 17
3	79 53
3	84 18
3	84 19
3	83 19
3	85 19
3	79 52
3	84 20
3	84 1
3	83 1
3	85 1
3	79 55
3	84 2
3	84 3
3	83 3
3	85 3
3	79 48
3	84 4
3	84 5
3	83 5
3	85 5
3	79 55
3	84 6
3	84 7
3	83 7
3	85 7
3	79 63
3	84 8
3	84 9
3	83 9
3	85 9
3	79 53
3	84 10
3	84 11
3	83 11
3	85 11
3	79 49
3	84 12
3	84 13
3	83 13
3	85 13
3	79 53
3	84 14
3	84 15
3	83 15
3	85 15
3	79 58
3	84 16
3	84 17
3	83 17
3	85 17
3	79 48
3	84 18
3	84 19
3	83 19
3	85 19
3	79 52
3	84 20
3	84 1
3	83 1
3	85 1
3	79 54
3	84 2
3	84 3
3	83 3
3	85 3
3	79 60
3	84 4
3	84 5
3	83 5
3	85 5
3	79 48
3	84 6
3	84 7
3	83 7
3	85 7
3	79 52
3	84 8
3	84 9
3	83 9
3	85 9
3	79 50
3	84 10
3	84 11
3	83 11
3	85 11
3	79 52
3	84 12
3	84 13
3	83 13
3	85 13
3	79 53
3	84 14
3	84 15
3	83 15
3	85 15
3	79 56
3	84 16
3	84 17
3	83 17
3	85 17
3	79 49
3	84 18
3	84 19
3	83 19
3	85 19
3	79 59
3	84 20
3	84 1
3	83 1
3	85 1
3	79 51
3	84 2
3	84 3
3	83 3
3	85 3
3	79 53
3	84 4
3	84 5
3	83 5
3	85 5
3	79 50
3	84 6
3	84 7
3	83 7
3	85 7
3	79 50
3	84 8
3	84 9
3	83 9
3	85 9
3	79 48
3	84 10
3	TEST_NUMBER 2
3	SENT_TOTAL 250
3	RECEIVED_TOTAL 125
3	TIME_TOTAL 19759
3	RECEIVED_RADIO_1 62
3	RECEIVED_RADIO_2 63
3	SENT_RADIO_1 125
3	SENT_RADIO_2 125
3	RADIO_TIME_1 19763
3	RADIO_TIME_2 19791
3	RETRANSMISSIONS_1 0
3	RETRANSMISSIONS_2 0
3	DROPPED_1 0
3	DROPPED_2 0
3	MAX_QUEUE 1
3	DUPLICATED_1 0
3	DUPLICATED_2 0
3	EBUSY_RADIO_1 0
3	EBUSY_RADIO_2 0
3	84 1
3	83 1
3	85 1
3	79 55
3	84 2
3	84 3
3	83 3
3	85 3
3	79 49
3	84 4
3	84 5
3	83 5
3	85 5
3	79 60
3	84 6
3	84 7
3	83 7
3	85 7
3	79 53
3	84 8
3	84 9
3	83 9
3	85 9
3	79 55
3	84 10
3	84 11
3	83 11
3	85 11
3	79 54
3	84 12
3	84 13
3	83 13
3	85 13
3	79 52
3	84 14
3	84 15
3	83 15
3	85 15
3	79 55
3	84 16
3	84 17
3	83 17
3	85 17
3	79 56
3	84 18
3	84 19
3	83 19
3	85 19
3	79 48
3	84 20
3	84 1
3	83 1
3	85 1
3	79 51
3	84 2
3	84 3
3	83 3
3	85 3
3	79 52
3	84 4
3	84 5
3	83 5
3	85 5
3	79 54
3	84 6
3	84 7
3	83 7
3	85 7
3	79 50
3	84 8
3	84 9
3	83 9
3	85 9
3	79 48
3	84 10
3	84 11
3	83 11
3	85 11
3	79 52
3	84 12
3	84 13
3	83 13
3	85 13
3	79 56
3	84 14
3	84 15
3	83 15
3	85 15
3	79 47
3	84 16
3	84 17
3	83 17
3	85 17
3	79 55
3	84 18
3	84 19
3	83 19
3	85 19
3	79 52
3	84 20
3	84 1
3	83 1
3	85 1
3	79 57
3	84 2
3	84 3
3	83 3
3	85 3
3	79 51
3	84 4
3	84 5
3	83 5
3	85 5
3	79 54
3	84 6
3	84 7
3	83 7
3	85 7
3	79 55
3	84 8
3	84 9
3	83 9
3	85 9
3	79 59
3	84 10
3	84 11
3	83 11
3	85 11
3	79 59
3	84 12
3	84 13
3	83 13
3	85 13
3	79 51
3	84 14
3	84 15
3	83 15
3	85 15
3	79 49
3	84 16
3	84 17
3	83 17
3	85 17
3	79 52
3	84 18
3	84 19
3	83 19
3	85 19
3	79 54
3	84 20
3	84 1
3	83 1
3	85 1
3	79 59
3	84 2
3	84 3
3	83 3
3	85 3
3	79 51
3	84 4
3	84 5
3	83 5
3	85 5
3	79 54
3	84 6
3	84 7
3	83 7
3	85 7
3	79 56
3	84 8
3	84 9
3	83 9
3	85 9
3	79 50
3	84 10
3	84 11
3	83 11
3	85 11
3	79 52
3	84 12
3	84 13
3	83 13
3	85 13
3	79 53
3	84 14
3	84 15
3	83 15
3	85 15
3	79 55
3	84 16
3	84 17
3	83 17
3	85 17
3	79 52
3	84 18
3	84 19
3	83 19
3	85 19
3	79 48
3	84 20
3	84 1
3	83 1
3	85 1
3	79 52
3	84 2
3	84 3
3	83 3
3	85 3
3	79 53
3	84 4
3	84 5
3	83 5
3	85 5
3	79 48
3	84 6
3	84 7
3	83 7
3	85 7
3	79 51
3	84 8
3	84 9
3	83 9
3	85 9
3	79 52
3	84 10
3	84 11
3	83 11
3	85 11
3	79 54
3	84 12
3	84 13
3	83 13
3	85 13
3	79 51
3	84 14
3	84 15
3	83 15
3	85 15
3	79 53
3	84 16
3	84 17
3	83 17
3	85 17
3	79 55
3	84 18
3	84 19
3	83 19
3	85 19
3	79 56
3	84 20
3	84 1
3	83 1
3	85 1
3	79 50
3	84 2
3	84 3
3	83 3
3	85 3
3	79 57
3	84 4
3	84 5
3	83 5
3	85 5
3	79 50
3	84 6
3	84 7
3	83 7
3	85 7
3	79 51
3	84 8
3	84 9
3	83 9
3	85 9
3	79 53
3	84 10
3	84 11
3	83 11
3	85 11
3	79 55
3	84 12
3	84 13
3	83 13
3	85 13
3	79 55
3	84 14
3	84 15
3	83 15
3	85 15
3	79 52
3	84 16
3	84 17
3	83 17
3	85 17
3	79 55
3	84 18
3	84 19
3	83 19
3	85 19
3	79 52
3	84 20
3	84 1
3	83 1
3	85 1
3	79 46
3	84 2
3	84 3
3	83 3
3	85 3
3	79 54
3	84 4
3	84 5
3	83 5
3	85 5
3	79 51
3	84 6
3	84 7
3	83 7
3	85 7
3	79 58
3	84 8
3	84 9
3	83 9
3	85 9
3	79 56
3	84 10
3	84 11
3	83 11
3	85 11
3	79 53
3	84 12
3	84 13
3	83 13
3	85 13
3	79 55
3	84 14
3	84 15
3	83 15
3	85 15
3	79 54
3	84 16
3	84 17
3	83 17
3	85 17
3	79 51
3	84 18
3	84 19
3	83 19
3	85 19
3	79 51
3	84 20
3	84 1
3	83 1
3	85 1
3	79 52
3	84 2
3	84 3
3	83 3
3	85 3
3	79 52
3	84 4
3	84 5
3	83 5
3	85 5
3	79 54
3	84 6
3	84 7
3	83 7
3	85 7
3	79 58
3	84 8
3	84 9
3	83 9
3	85 9
3	79 62
3	84 10
3	84 11
3	83 11
3	85 11
3	79 53
3	84 12
3	84 13
3	83 13
3	85 13
3	79 54
3	84 14
3	84 15
3	83 15
3	85 15
3	79 55
3	84 16
3	84 17
3	83 17
3	85 17
3	79 52
3	84 18
3	84 19
3	83 19
3	85 19
3	79 56
3	84 20
3	84 1
3	83 1
3	85 1
3	79 53
3	84 2
3	84 3
3	83 3
3	85 3
3	79 45
3	84 4
3	84 5
3	83 5
3	85 5
3	79 58
3	84 6
3	84 7
3	83 7
3	85 7
3	79 52
3	84 8
3	84 9
3	83 9
3	85 9
3	79 50
3	84 10
3	84 11
3	83 11
3	85 11
3	79 58
3	84 12
3	84 13
3	83 13
3	85 13
3	79 50
3	84 14
3	84 15
3	83 15
3	85 15
3	79 53
3	84 16
3	84 17
3	83 17
3	85 17
3	79 57
3	84 18
3	84 19
3	83 19
3	85 19
3	79 48
3	84 20
3	84 1
3	83 1
3	85 1
3	79 58
3	84 2
3	84 3
3	83 3
3	85 3
3	79 49
3	84 4
3	84 5
3	83 5
3	85 5
3	79 50
3	84 6
3	84 7
3	83 7
3	85 7
3	79 50
3	84 8
3	84 9
3	83 9
3	85 9
3	79 50
3	84 10
3	84 11
3	83 11
3	85 11
3	79 48
3	84 12
3	84 13
3	83 13
3	85 13
3	79 55
3	84 14
3	84 15
3	83 15
3	85 15
3	79 57
3	84 16
3	84 17
3	83 17
3	85 17
3	79 49
3	84 18
3	84 19
3	83 19
3	85 19
3	79 49
3	84 20
3	84 1
3	83 1
3	85 1
3	79 51
3	84 2
3	84 3
3	83 3
3	85 3
3	79 48
3	84 4
3	84 5
3	83 5
3	85 5
3	79 56
3	84 6
3	84 7
3	83 7
3	85 7
3	79 53
3	84 8
3	84 9
3	83 9
3	85 9
3	79 54
3	84 10
3	84 11
3	83 11
3	85 11
3	79 52
3	84 12
3	84 13
3	83 13
3	85 13
3	79 52
3	84 14
3	84 15
3	83 15
3	85 15
3	79 54
3	84 16
3	84 17
3	83 17
3	85 17
3	79 53
3	84 18
3	84 19
3	83 19
3	85 19
3	79 49
3	84 20
3	84 1
3	83 1
3	85 1
3	79 58
3	84 2
3	84 3
3	83 3
3	85 3
3	79 50
3	84 4
3	84 5
3	83 5
3	85 5
3	79 53
3	84 6
3	84 7
3	83 7
3	85 7
3	79 55
3	84 8
3	84 9
3	83 9
3	85 9
3	79 54
3	84 10
3	84 11
3	83 11
3	85 11
3	79 48
3	84 12
3	84 13
3	83 13
3	85 13
3	79 55
3	84 14
3	84 15
3	83 15
3	85 15
3	79 48
3	84 16
3	84 17
3	83 17
3	85 17
3	79 53
3	84 18
3	84 19
3	83 19
3	85 19
3	79 51
3	84 20
3	84 1
3	83 1
3	85 1
3	79 57
3	84 2
3	84 3
3	83 3
3	85 3
3	79 52
3	84 4
3	84 5
3	83 5
3	85 5
3	79 54
3	84 6
3	84 7
3	83 7
3	85 7
3	79 44
3	84 8
3	84 9
3	83 9
3	85 9
3	79 54
3	84 10
3	TEST_NUMBER 3
3	SENT_TOTAL 250
3	RECEIVED_TOTAL 125
3	TIME_TOTAL 19762
3	RECEIVED_RADIO_1 63
3	RECEIVED_RADIO_2 62
3	SENT_RADIO_1 125
3	SENT_RADIO_2 125
3	RADIO_TIME_1 19817
3	RADIO_TIME_2 19763
3	RETRANSMISSIONS_1 0
3	RETRANSMISSIONS_2 0
3	DROPPED_1 0
3	DROPPED_2 0
3	MAX_QUEUE 1
3	DUPLICATED_1 0
3	DUPLICATED_2 0
3	EBUSY_RADIO_1 0
3	EBUSY_RADIO_2 0
3	84 1
3	83 1
3	85 1
3	79 46
3	84 2
3	84 3
3	83 3
3	85 3
3	79 53
3	84 4
3	84 5
3	83 5
3	85 5
3	79 54
3	84 6
3	84 7
3	83 7
3	85 7
3	79 53
3	84 8
3	84 9
3	83 9
3	85 9
3	79 48
3	84 10
3	84 11
3	83 11
3	85 11
3	79 56
3	84 12
3	84 13
3	83 13
3	85 13
3	79 57
3	84 14
3	84 15
3	83 15
3	85 15
3	79 56
3	84 16
3	84 17
3	83 17
3	85 17
3	79 54
3	84 18
3	84 19
3	83 19
3	85 19
3	79 54
3	84 20
3	84 1
3	83 1
3	85 1
3	79 54
3	84 2
3	84 3
3	83 3
3	85 3
3	79 59
3	84 4
3	84 5
3	83 5
3	85 5
3	79 51
3	84 6
3	84 7
3	83 7
3	85 7
3	79 54
3	84 8
3	84 9
3	83 9
3	85 9
3	79 51
3	84 10
3	84 11
3	83 11
3	85 11
3	79 61
3	84 12
3	84 13
3	83 13
3	85 13
3	79 53
3	84 14
3	84 15
3	83 15
3	85 15
3	79 57
3	84 16
3	84 17
3	83 17
3	85 17
3	79 57
3	84 18
3	84 19
3	83 19
3	85 19
3	79 49
3	84 20
3	84 1
3	83 1
3	85 1
3	79 53
3	84 2
3	84 3
3	83 3
3	85 3
3	79 52
3	84 4
3	84 5
3	83 5
3	85 5
3	79 47
3	84 6
3	84 7
3	83 7
3	85 7
3	79 54
3	84 8
3	84 9
3	83 9
3	85 9
3	79 51
3	84 10
3	84 11
3	83 11
3	85 11
3	79 55
3	84 12
3	84 13
3	83 13
3	85 13
3	79 52
3	84 14
3	84 15
3	83 15
3	85 15
3	79 53
3	84 16
3	84 17
3	83 17
3	85 17
3	79 49
3	84 18
3	84 19
3	83 19
3	85 19
3	79 66
3	84 20
3	84 1
3	83 1
3	85 1
3	79 53
3	84 2
3	84 3
3	83 3
3	85 3
3	79 55
3	84 4
3	84 5
3	83 5
3	85 5
3	79 52
3	84 6
3	84 7
3	83 7
3	85 7
3	79 54
3	84 8
3	84 9
3	83 9
3	85 9
3	79 49
3	84 10
3	84 11
3	83 11
3	85 11
3	79 53
3	84 12
3	84 13
3	83 13
3	85 13
3	79 61
3	84 14
3	84 15
3	83 15
3	85 15
3	79 56
3	84 16
3	84 17
3	83 17
3	85 17
3	79 51
3	84 18
3	84 19
3	83 19
3	85 19
3	79 51
3	84 20
3	84 1
3	83 1
3	85 1
3	79 51
3	84 2
3	84 3
3	83 3
3	85 3
3	79 49
3	84 4
3	84 5
3	83 5
3	85 5
3	79 49
3	84 6
3	84 7
3	83 7
3	85 7
3	79 51
3	84 8
3	84 9
3	83 9
3	85 9
3	79 53
3	84 10
3	84 11
3	83 11
3	85 11
3	79 56
3	84 12
3	84 13
3	83 13
3	85 13
3	79 47
3	84 14
3	84 15
3	83 15
3	85 15
3	79 50
3	84 16
3	84 17
3	83 17
3	85 17
3	79 56
3	84 18
3	84 19
3	83 19
3	85 19
3	79 51
3	84 20
3	84 1
3	83 1
3	85 1
3	79 52
3	84 2
3	84 3
3	83 3
3	85 3
3	79 54
3	84 4
3	84 5
3	83 5
3	85 5
3	79 46
3	84 6
3	84 7
3	83 7
3	85 7
3	79 57
3	84 8
3	84 9
3	83 9
3	85 9
3	79 58
3	84 10
3	84 11
3	83 11
3	85 11
3	79 60
3	84 12
3	84 13
3	83 13
3	85 13
3	79 51
3	84 14
3	84 15
3	83 15
3	85 15
3	79 53
3	84 16
3	84 17
3	83 17
3	85 17
3	79 46
3	84 18
3	84 19
3	83 19
3	85 19
3	79 59
3	84 20
3	84 1
3	83 1
3	85 1
3	79 56
3	84 2
3	84 3
3	83 3
3	85 3
3	79 50
3	84 4
3	84 5
3	83 5
3	85 5
3	79 54
3	84 6
3	84 7
3	83 7
3	85 7
3	79 52
3	84 8
3	84 9
3	83 9
3	85 9
3	79 49
3	84 10
3	84 11
3	83 11
3	85 11
3	79 54
3	84 12
3	84 13
3	83 13
3	85 13
3	79 60
3	84 14
3	84 15
3	83 15
3	85 15
3	79 54
3	84 16
3	84 17
3	83 17
3	85 17
3	79 49
3	84 18
3	84 19
3	83 19
3	85 19
3	79 54
3	84 20
3	84 1
3	83 1
3	85 1
3	79 54
3	84 2
3	84 3
3	83 3
3	85 3
3	79 57
3	84 4
3	84 5
3	83 5
3	85 5
3	79 54
3	84 6
3	84 7
3	83 7
3	85 7
3	79 49
3	84 8
3	84 9
3	83 9
3	85 9
3	79 48
3	84 10
3	84 11
3	83 11
3	85 11
3	79 61
3	84 12
3	84 13
3	83 13
3	85 13
3	79 50
3	84 14
3	84 15
3	83 15
3	85 15
3	79 52
3	84 16
3	84 17
3	83 17
3	85 17
3	79 50
3	84 18
3	84 19
3	83 19
3	85 19
3	79 50
3	84 20
3	84 1
3	83 1
3	85 1
3	79 46
3	84 2
3	84 3
3	83 3
3	85 3
3	79 51
3	84 4
3	84 5
3	83 5
3	85 5
3	79 53
3	84 6
3	84 7
3	83 7
3	85 7
3	79 50
3	84 8
3	84 9
3	83 9
3	85 9
3	79 53
3	84 10
3	84 11
3	83 11
3	85 11
3	79 52
3	84 12
3	84 13
3	83 13
3	85 13
3	79 51
3	84 14
3	84 15
3	83 15
3	85 15
3	79 50
3	84 16
3	84 17
3	83 17
3	85 17
3	79 54
3	84 18
3	84 19
3	83 19
3	85 19
3	79 53
3	84 20
3	84 1
3	83 1
3	85 1
3	79 54
3	84 2
3	84 3
3	83 3
3	85 3
3	79 57
3	84 4
3	84 5
3	83 5
3	85 5
3	79 58
3	84 6
3	84 7
3	83 7
3	85 7
3	79 57
3	84 8
3	84 9
3	83 9
3	85 9
3	79 52
3	84 10
3	84 11
3	83 11
3	85 11
3	79 51
3	84 12
3	84 13
3	83 13
3	85 13
3	79 48
3	84 14
3	84 15
3	83 15
3	85 15
3	79 53
3	84 16
3	84 17
3	83 17
3	85 17
3	79 56
3	84 18
3	84 19
3	83 19
3	85 19
3	79 53
3	84 20
3	84 1
3	83 1
3	85 1
3	79 57
3	84 2
3	84 3
3	83 3
3	85 3
3	79 59
3	84 4
3	84 5
3	83 5
3	85 5
3	79 52
3	84 6
3	84 7
3	83 7
3	85 7
3	79 56
3	84 8
3	84 9
3	83 9
3	85 9
3	79 50
3	84 10
3	84 11
3	83 11
3	85 11
3	79 51
3	84 12
3	84 13
3	83 13
3	85 13
3	79 52
3	84 14
3	84 15
3	83 15
3	85 15
3	79 51
3	84 16
3	84 17
3	83 17
3	85 17
3	79 47
3	84 18
3	84 19
3	83 19
3	85 19
3	79 55
3	84 20
3	84 1
3	83 1
3	85 1
3	79 55
3	84 2
3	84 3
3	83 3
3	85 3
3	79 58
3	84 4
3	84 5
3	83 5
3	85 5
3	79 48
3	84 6
3	84 7
3	83 7
3	85 7
3	79 54
3	84 8
3	84 9
3	83 9
3	85 9
3	79 53
3	84 10
3	84 11
3	83 11
3	85 11
3	79 52
3	84 12
3	84 13
3	83 13
3	85 13
3	79 49
3	84 14
3	84 15
3	83 15
3	85 15
3	79 55
3	84 16
3	84 17
3	83 17
3	85 17
3	79 50
3	84 18
3	84 19
3	83 19
3	85 19
3	79 59
3	84 20
3	84 1
3	83 1
3	85 1
3	79 54
3	84 2
3	84 3
3	83 3
3	85 3
3	79 55
3	84 4
3	84 5
3	83 5
3	85 5
3	79 53
3	84 6
3	84 7
3	83 7
3	85 7
3	79 48
3	84 8
3	84 9
3	83 9
3	85 9
3	79 49
3	84 10
3	TEST_NUMBER 4
3	SENT_TOTAL 250
3	RECEIVED_TOTAL 125
3	TIME_TOTAL 19766
3	RECEIVED_RADIO_1 62
3	RECEIVED_RADIO_2 63
3	SENT_RADIO_1 125
3	SENT_RADIO_2 125
3	RADIO_TIME_1 19763
3	RADIO_TIME_2 19797
3	RETRANSMISSIONS_1 0
3	RETRANSMISSIONS_2 0
3	DROPPED_1 0
3	DROPPED_2 0
3	MAX_QUEUE 1
3	DUPLICATED_1 0
3	DUPLICATED_2 0
3	EBUSY_RADIO_1 0
3	EBUSY_RADIO_2 0
3	84 1
3	83 1
3	85 1
3	79 55
3	84 2
3	84 3
3	83 3
3	85 3
3	79 57
3	84 4
3	84 5
3	83 5
3	85 5
3	79 59
3	84 6
3	84 7
3	83 7
3	85 7
3	79 57
3	84 8
3	84 9
3	83 9
3	85 9
3	79 55
3	84 10
3	84 11
3	83 11
3	85 11
3	79 51
3	84 12
3	84 13
3	83 13
3	85 13
3	79 52
3	84 14
3	84 15
3	83 15
3	85 15
3	79 48
3	84 16
3	84 17
3	83 17
3	85 17
3	79 54
3	84 18
3	84 19
3	83 19
3	85 19
3	79 55
3	84 20
3	84 1
3	83 1
3	85 1
3	79 49
3	84 2
3	84 3
3	83 3
3	85 3
3	79 50
3	84 4
3	84 5
3	83 5
3	85 5
3	79 46
3	84 6
3	84 7
3	83 7
3	85 7
3	79 47
3	84 8
3	84 9
3	83 9
3	85 9
3	79 49
3	84 10
3	84 11
3	83 11
3	85 11
3	79 47
3	84 12
3	84 13
3	83 13
3	85 13
3	79 59
3	84 14
3	84 15
3	83 15
3	85 15
3	79 50
3	84 16
3	84 17
3	83 17
3	85 17
3	79 56
3	84 18
3	84 19
3	83 19
3	85 19
3	79 60
3	84 20
3	84 1
3	83 1
3	85 1
3	79 57
3	84 2
3	84 3
3	83 3
3	85 3
3	79 55
3	84 4
3	84 5
3	83 5
3	85 5
3	79 55
3	84 6
3	84 7
3	83 7
3	85 7
3	79 51
3	84 8
3	84 9
3	83 9
3	85 9
3	79 52
3	84 10
3	84 11
3	83 11
3	85 11
3	79 50
3	84 12
3	84 13
3	83 13
3	85 13
3	79 52
3	84 14
3	84 15
3	83 15
3	85 15
3	79 55
3	84 16
3	84 17
3	83 17
3	85 17
3	79 46
3	84 18
3	84 19
3	83 19
3	85 19
3	79 55
3	84 20
3	84 1
3	83 1
3	85 1
3	79 57
3	84 2
3	84 3
3	83 3
3	85 3
3	79 54
3	84 4
3	84 5
3	83 5
3	85 5
3	79 51
3	84 6
3	84 7
3	83 7
3	85 7
3	79 48
3	84 8
3	84 9
3	83 9
3	85 9
3	79 52
3	84 10
3	84 11
3	83 11
3	85 11
3	79 50
3	84 12
3	84 13
3	83 13
3	85 13
3	79 54
3	84 14
3	84 15
3	83 15
3	85 15
3	79 52
3	84 16
3	84 17
3	83 17
3	85 17
3	79 52
3	84 18
3	84 19
3	83 19
3	85 19
3	79 52
3	84 20
3	84 1
3	83 1
3	85 1
3	79 56
3	84 2
3	84 3
3	83 3
3	85 3
3	79 51
3	84 4
3	84 5
3	83 5
3	85 5
3	79 51
3	84 6
3	84 7
3	83 7
3	85 7
3	79 50
3	84 8
3	84 9
3	83 9
3	85 9
3	79 52
3	84 10
3	84 11
3	83 11
3	85 11
3	79 48
3	84 12
3	84 13
3	83 13
3	85 13
3	79 49
3	84 14
3	84 15
3	83 15
3	85 15
3	79 54
3	84 16
3	84 17
3	83 17
3	85 17
3	79 58
3	84 18
3	84 19
3	83 19
3	85 19
3	79 52
3	84 20
3	84 1
3	83 1
3	85 1
3	79 53
3	84 2
3	84 3
3	83 3
3	85 3
3	79 52
3	84 4
3	84 5
3	83 5
3	85 5
3	79 56
3	84 6
3	84 7
3	83 7
3	85 7
3	79 48
3	84 8
3	84 9
3	83 9
3	85 9
3	79 54
3	84 10
3	84 11
3	83 11
3	85 11
3	79 51
3	84 12
3	84 13
3	83 13
3	85 13
3	79 53
3	84 14
3	84 15
3	83 15
3	85 15
3	79 53
3	84 16
3	84 17
3	83 17
3	85 17
3	79 53
3	84 18
3	84 19
3	83 19
3	85 19
3	79 45
3	84 20
3	84 1
3	83 1
3	85 1
3	79 56
3	84 2
3	84 3
3	83 3
3	85 3
3	79 55
3	84 4
3	84 5
3	83 5
3	85 5
3	79 52
3	84 6
3	84 7
3	83 7
3	85 7
3	79 55
3	84 8
3	84 9
3	83 9
3	85 9
3	79 58
3	84 10
3	84 11
3	83 11
3	85 11
3	79 49
3	84 12
3	84 13
3	83 13
3	85 13
3	79 56
3	84 14
3	84 15
3	83 15
3	85 15
3	79 56
3	84 16
3	84 17
3	83 17
3	85 17
3	79 48
3	84 18
3	84 19
3	83 19
3	85 19
3	79 50
3	84 20
3	84 1
3	83 1
3	85 1
3	79 53
3	84 2
3	84 3
3	83 3
3	85 3
3	79 53
3	84 4
3	84 5
3	83 5
3	85 5
3	79 49
3	84 6
3	84 7
3	83 7
3	85 7
3	79 53
3	84 8
3	84 9
3	83 9
3	85 9
3	79 55
3	84 10
3	84 11
3	83 11
3	85 11
3	79 53
3	84 12
3	84 13
3	83 13
3	85 13
3	79 52
3	84 14
3	84 15
3	83 15
3	85 15
3	79 54
3	84 16
3	84 17
3	83 17
3	85 17
3	79 59
3	84 18
3	84 19
3	83 19
3	85 19
3	79 52
3	84 20
3	84 1
3	83 1
3	85 1
3	79 55
3	84 2
3	84 3
3	83 3
3	85 3
3	79 48
3	84 4
3	84 5
3	83 5
3	85 5
3	79 56
3	84 6
3	84 7
3	83 7
3	85 7
3	79 59
3	84 8
3	84 9
3	83 9
3	85 9
3	79 51
3	84 10
3	84 11
3	83 11
3	85 11
3	79 52
3	84 12
3	84 13
3	83 13
3	85 13
3	79 51
3	84 14
3	84 15
3	83 15
3	85 15
3	79 51
3	84 16
3	84 17
3	83 17
3	85 17
3	79 51
3	84 18
3	84 19
3	83 19
3	85 19
3	79 52
3	84 20
3	84 1
3	83 1
3	85 1
3	79 56
3	84 2
3	84 3
3	83 3
3	85 3
3	79 50
3	84 4
3	84 5
3	83 5
3	85 5
3	79 54
3	84 6
3	84 7
3	83 7
3	85 7
3	79 52
3	84 8
3	84 9
3	83 9
3	85 9
3	79 53
3	84 10
3	84 11
3	83 11
3	85 11
3	79 59
3	84 12
3	84 13
3	83 13
3	85 13
3	79 57
3	84 14
3	84 15
3	83 15
3	85 15
3	79 49
3	84 16
3	84 17
3	83 17
3	85 17
3	79 55
3	84 18
3	84 19
3	83 19
3	85 19
3	79 52
3	84 20
3	84 1
3	83 1
3	85 1
3	79 51
3	84 2
3	84 3
3	83 3
3	85 3
3	79 52
3	84 4
3	84 5
3	83 5
3	85 5
3	79 54
3	84 6
3	84 7
3	83 7
3	85 7
3	79 58
3	84 8
3	84 9
3	83 9
3	85 9
3	79 49
3	84 10
3	84 11
3	83 11
3	85 11
3	79 50
3	84 12
3	84 13
3	83 13
3	85 13
3	79 46
3	84 14
3	84 15
3	83 15
3	85 15
3	79 55
3	84 16
3	84 17
3	83 17
3	85 17
3	79 58
3	84 18
3	84 19
3	83 19
3	85 19
3	79 56
3	84 20
3	84 1
3	83 1
3	85 1
3	79 52
3	84 2
3	84 3
3	83 3
3	85 3
3	79 52
3	84 4
3	84 5
3	83 5
3	85 5
3	79 48
3	84 6
3	84 7
3	83 7
3	85 7
3	79 54
3	84 8
3	84 9
3	83 9
3	85 9
3	79 54
3	84 10
3	84 11
3	83 11
3	85 11
3	79 49
3	84 12
3	84 13
3	83 13
3	85 13
3	79 53
3	84 14
3	84 15
3	83 15
3	85 15
3	79 51
3	84 16
3	84 17
3	83 17
3	85 17
3	79 55
3	84 18
3	84 19
3	83 19
3	85 19
3	79 53
3	84 20
3	84 1
3	83 1
3	85 1
3	79 54
3	84 2
3	84 3
3	83 3
3	85 3
3	79 47
3	84 4
3	84 5
3	83 5
3	85 5
3	79 47
3	84 6
3	84 7
3	83 7
3	85 7
3	79 49
3	84 8
3	84 9
3	83 9
3	85 9
3	79 61
3	84 10
3	TEST_NUMBER 5
3	SENT_TOTAL 250
3	RECEIVED_TOTAL 125
3	TIME_TOTAL 19769
3	RECEIVED_RADIO_1 63
3	RECEIVED_RADIO_2 62
3	SENT_RADIO_1 125
3	SENT_RADIO_2 125
3	RADIO_TIME_1 19824
3	RADIO_TIME_2 19763
3	RETRANSMISSIONS_1 0
3	RETRANSMISSIONS_2 0
3	DROPPED_1 0
3	DROPPED_2 0
3	MAX_QUEUE 1
3	DUPLICATED_1 0
3	DUPLICATED_2 0
3	EBUSY_RADIO_1 0
3	EBUSY_RADIO_2 0
3	84 1
3	83 1
3	85 1
3	79 55
3	84 2
3	84 3
3	83 3
3	85 3
3	79 51
3	84 4
3	84 5
3	83 5
3	85 5
3	79 52
3	84 6
3	84 7
3	83 7
3	85 7
3	79 52
3	84 8
3	84 9
3	83 9
3	85 9
3	79 48
3	84 10
3	84 11
3	83 11
3	85 11
3	79 51
3	84 12
3	84 13
3	83 13
3	85 13
3	79 55
3	84 14
3	84 15
3	83 15
3	85 15
3	79 48
3	84 16
3	84 17
3	83 17
3	85 17
3	79 54
3	84 18
3	84 19
3	83 19
3	85 19
3	79 53
3	84 20
3	84 1
3	83 1
3	85 1
3	79 50
3	84 2
3	84 3
3	83 3
3	85 3
3	79 50
3	84 4
3	84 5
3	83 5
3	85 5
3	79 49
3	84 6
3	84 7
3	83 7
3	85 7
3	79 55
3	84 8
3	84 9
3	83 9
3	85 9
3	79 53
3	84 10
3	84 11
3	83 11
3	85 11
3	79 54
3	84 12
3	84 13
3	83 13
3	85 13
3	79 54
3	84 14
3	84 15
3	83 15
3	85 15
3	79 53
3	84 16
3	84 17
3	83 17
3	85 17
3	79 51
3	84 18
3	84 19
3	83 19
3	85 19
3	79 57
3	84 20
3	84 1
3	83 1
3	85 1
3	79 50
3	84 2
3	84 3
3	83 3
3	85 3
3	79 66
3	84 4
3	84 5
3	83 5
3	85 5
3	79 54
3	84 6
3	84 7
3	83 7
3	85 7
3	79 54
3	84 8
3	84 9
3	83 9
3	85 9
3	79 60
3	84 10
3	84 11
3	83 11
3	85 11
3	79 59
3	84 12
3	84 13
3	83 13
3	85 13
3	79 56
3	84 14
3	84 15
3	83 15
3	85 15
3	79 56
3	84 16
3	84 17
3	83 17
3	85 17
3	79 53
3	84 18
3	84 19
3	83 19
3	85 19
3	79 56
3	84 20
3	84 1
3	83 1
3	85 1
3	79 46
3	84 2
3	84 3
3	83 3
3	85 3
3	79 57
3	84 4
3	84 5
3	83 5
3	85 5
3	79 60
3	84 6
3	84 7
3	83 7
3	85 7
3	79 55
3	84 8
3	84 9
3	83 9
3	85 9
3	79 53
3	84 10
3	84 11
3	83 11
3	85 11
3	79 52
3	84 12
3	84 13
3	83 13
3	85 13
3	79 48
3	84 14
3	84 15
3	83 15
3	85 15
3	79 56
3	84 16
3	84 17
3	83 17
3	85 17
3	79 50
3	84 18
3	84 19
3	83 19
3	85 19
3	79 58
3	84 20
3	84 1
3	83 1
3	85 1
3	79 53
3	84 2
3	84 3
3	83 3
3	85 3
3	79 49
3	84 4
3	84 5
3	83 5
3	85 5
3	79 50
3	84 6
3	84 7
3	83 7
3	85 7
3	79 60
3	84 8
3	84 9
3	83 9
3	85 9
3	79 52
3	84 10
3	84 11
3	83 11
3	85 11
3	79 51
3	84 12
3	84 13
3	83 13
3	85 13
3	79 54
3	84 14
3	84 15
3	83 15
3	85 15
3	79 54
3	84 16
3	84 17
3	83 17
3	85 17
3	79 50
3	84 18
3	84 19
3	83 19
3	85 19
3	79 56
3	84 20
3	84 1
3	83 1
3	85 1
3	79 53
3	84 2
3	84 3
3	83 3
3	85 3
3	79 50
3	84 4
3	84 5
3	83 5
3	85 5
3	79 44
3	84 6
3	84 7
3	83 7
3	85 7
3	79 49
3	84 8
3	84 9
3	83 9
3	85 9
3	79 48
3	84 10
3	84 11
3	83 11
3	85 11
3	79 57
3	84 12
3	84 13
3	83 13
3	85 13
3	79 51
3	84 14
3	84 15
3	83 15
3	85 15
3	79 54
3	84 16
3	84 17
3	83 17
3	85 17
3	79 61
3	84 18
3	84 19
3	83 19
3	85 19
3	79 50
3	84 20
3	84 1
3	83 1
3	85 1
3	79 52
3	84 2
3	84 3
3	83 3
3	85 3
3	79 58
3	84 4
3	84 5
3	83 5
3	85 5
3	79 52
3	84 6
3	84 7
3	83 7
3	85 7
3	79 50
3	84 8
3	84 9
3	83 9
3	85 9
3	79 58
3	84 10
3	84 11
3	83 11
3	85 11
3	79 49
3	84 12
3	84 13
3	83 13
3	85 13
3	79 57
3	84 14
3	84 15
3	83 15
3	85 15
3	79 52
3	84 16
3	84 17
3	83 17
3	85 17
3	79 51
3	84 18
3	84 19
3	83 19
3	85 19
3	79 50
3	84 20
3	84 1
3	83 1
3	85 1
3	79 52
3	84 2
3	84 3
3	83 3
3	85 3
3	79 48
3	84 4
3	84 5
3	83 5
3	85 5
3	79 50
3	84 6
3	84 7
3	83 7
3	85 7
3	79 51
3	84 8
3	84 9
3	83 9
3	85 9
3	79 56
3	84 10
3	84 11
3	83 11
3	85 11
3	79 54
3	84 12
3	84 13
3	83 13
3	85 13
3	79 53
3	84 14
3	84 15
3	83 15
3	85 15
3	79 55
3	84 16
3	84 17
3	83 17
3	85 17
3	79 50
3	84 18
3	84 19
3	83 19
3	85 19
3	79 62
3	84 20
3	84 1
3	83 1
3	85 1
3	79 54
3	84 2
3	84 3
3	83 3
3	85 3
3	79 50
3	84 4
3	84 5
3	83 5
3	85 5
3	79 49
3	84 6
3	84 7
3	83 7
3	85 7
3	79 53
3	84 8
3	84 9
3	83 9
3	85 9
3	79 52
3	84 10
3	84 11
3	83 11
3	85 11
3	79 57
3	84 12
3	84 13
3	83 13
3	85 13
3	79 56
3	84 14
3	84 15
3	83 15
3	85 15
3	79 57
3	84 16
3	84 17
3	83 17
3	85 17
3	79 47
3	84 18
3	84 19
3	83 19
3	85 19
3	79 49
3	84 20
3	84 1
3	83 1
3	85 1
3	79 54
3	84 2
3	84 3
3	83 3
3	85 3
3	79 54
3	84 4
3	84 5
3	83 5
3	85 5
3	79 54
3	84 6
3	84 7
3	83 7
3	85 7
3	79 51
3	84 8
3	84 9
3	83 9
3	85 9
3	79 50
3	84 10
3	84 11
3	83 11
3	85 11
3	79 56
3	84 12
3	84 13
3	83 13
3	85 13
3	79 56
3	84 14
3	84 15
3	83 15
3	85 15
3	79 51
3	84 16
3	84 17
3	83 17
3	85 17
3	79 51
3	84 18
3	84 19
3	83 19
3	85 19
3	79 53
3	84 20
3	84 1
3	83 1
3	85 1
3	79 48
3	84 2
3	84 3
3	83 3
3	85 3
3	79 50
3	84 4
3	84 5
3	83 5
3	85 5
3	79 56
3	84 6
3	84 7
3	83 7
3	85 7
3	79 54
3	84 8
3	84 9
3	83 9
3	85 9
3	79 57
3	84 10
3	84 11
3	83 11
3	85 11
3	79 54
3	84 12
3	84 13
3	83 13
3	85 13
3	79 52
3	84 14
3	84 15
3	83 15
3	85 15
3	79 54
3	84 16
3	84 17
3	83 17
3	85 17
3	79 52
3	84 18
3	84 19
3	83 19
3	85 19
3	79 48
3	84 20
3	84 1
3	83 1
3	85 1
3	79 56
3	84 2
3	84 3
3	83 3
3	85 3
3	79 57
3	84 4
3	84 5
3	83 5
3	85 5
3	79 49
3	84 6
3	84 7
3	83 7
3	85 7
3	79 57
3	84 8
3	84 9
3	83 9
3	85 9
3	79 56
3	84 10
3	84 11
3	83 11
3	85 11
3	79 55
3	84 12
3	84 13
3	83 13
3	85 13
3	79 59
3	84 14
3	84 15
3	83 15
3	85 15
3	79 52
3	84 16
3	84 17
3	83 17
3	85 17
3	79 58
3	84 18
3	84 19
3	83 19
3	85 19
3	79 60
3	84 20
3	84 1
3	83 1
3	85 1
3	79 49
3	84 2
3	84 3
3	83 3
3	85 3
3	79 53
3	84 4
3	84 5
3	83 5
3	85 5
3	79 52
3	84 6
3	84 7
3	83 7
3	85 7
3	79 51
3	84 8
3	84 9
3	83 9
3	85 9
3	79 52
3	84 10
3	TEST_NUMBER 6
3	SENT_TOTAL 250
3	RECEIVED_TOTAL 125
3	TIME_TOTAL 19760
3	RECEIVED_RADIO_1 62
3	RECEIVED_RADIO_2 63
3	SENT_RADIO_1 125
3	SENT_RADIO_2 125
3	RADIO_TIME_1 19763
3	RADIO_TIME_2 19788
3	RETRANSMISSIONS_1 0
3	RETRANSMISSIONS_2 0
3	DROPPED_1 0
3	DROPPED_2 0
3	MAX_QUEUE 1
3	DUPLICATED_1 0
3	DUPLICATED_2 0
3	EBUSY_RADIO_1 0
3	EBUSY_RADIO_2 0

4	RELAY_NODE 4
4	TEST_NUMBER 0
4	SENT_TOTAL 0
4	RECEIVED_TOTAL 0
4	TIME_TOTAL 0
4	RECEIVED_RADIO_1 125
4	RECEIVED_RADIO_2 62
4	SENT_RADIO_1 62
4	SENT_RADIO_2 125
4	RADIO_TIME_1 19768
4	RADIO_TIME_2 19768
4	RETRANSMISSIONS_1 0
4	RETRANSMISSIONS_2 0
4	DROPPED_1 0
4	DROPPED_2 0
4	MAX_QUEUE 1
4	DUPLICATED_1 0
4	DUPLICATED_2 0
4	EBUSY_RADIO_1 0
4	EBUSY_RADIO_2 0
4	TEST_NUMBER 1
4	SENT_TOTAL 0
4	RECEIVED_TOTAL 0
4	TIME_TOTAL 0
4	RECEIVED_RADIO_1 125
4	RECEIVED_RADIO_2 63
4	SENT_RADIO_1 63
4	SENT_RADIO_2 125
4	RADIO_TIME_1 19799
4	RADIO_TIME_2 19799
4	RETRANSMISSIONS_1 0
4	RETRANSMISSIONS_2 0
4	DROPPED_1 0
4	DROPPED_2 0
4	MAX_QUEUE 1
4	DUPLICATED_1 0
4	DUPLICATED_2 0
4	EBUSY_RADIO_1 0
4	EBUSY_RADIO_2 0
4	TEST_NUMBER 2
4	SENT_TOTAL 0
4	RECEIVED_TOTAL 0
4	TIME_TOTAL 0
4	RECEIVED_RADIO_1 125
4	RECEIVED_RADIO_2 62
4	SENT_RADIO_1 62
4	SENT_RADIO_2 125
4	RADIO_TIME_1 19762
4	RADIO_TIME_2 19762
4	RETRANSMISSIONS_1 0
4	RETRANSMISSIONS_2 0
4	DROPPED_1 0
4	DROPPED_2 0
4	MAX_QUEUE 1
4	DUPLICATED_1 0
4	DUPLICATED_2 0
4	EBUSY_RADIO_1 0
4	EBUSY_RADIO_2 0
4	TEST_NUMBER 3
4	SENT_TOTAL 0
4	RECEIVED_TOTAL 0
4	TIME_TOTAL 0
4	RECEIVED_RADIO_1 125
4	RECEIVED_RADIO_2 63
4	SENT_RADIO_1 63
4	SENT_RADIO_2 125
4	RADIO_TIME_1 19803
4	RADIO_TIME_2 19803
4	RETRANSMISSIONS_1 0
4	RETRANSMISSIONS_2 0
4	DROPPED_1 0
4	DROPPED_2 0
4	MAX_QUEUE 1
4	DUPLICATED_1 0
4	DUPLICATED_2 0
4	EBUSY_RADIO_1 0
4	EBUSY_RADIO_2 0
4	TEST_NUMBER 4
4	SENT_TOTAL 0
4	RECEIVED_TOTAL 0
4	TIME_TOTAL 0
4	RECEIVED_RADIO_1 125
4	RECEIVED_RADIO_2 62
4	SENT_RADIO_1 62
4	SENT_RADIO_2 125
4	RADIO_TIME_1 19761
4	RADIO_TIME_2 19761
4	RETRANSMISSIONS_1 0
4	RETRANSMISSIONS_2 0
4	DROPPED_1 0
4	DROPPED_2 0
4	MAX_QUEUE 1
4	DUPLICATED_1 0
4	DUPLICATED_2 0
4	EBUSY_RADIO_1 0
4	EBUSY_RADIO_2 0
4	TEST_NUMBER 5
4	SENT_TOTAL 0
4	RECEIVED_TOTAL 0
4	TIME_TOTAL 0
4	RECEIVED_RADIO_1 125
4	RECEIVED_RADIO_2 63
4	SENT_RADIO_1 63
4	SENT_RADIO_2 125
4	RADIO_TIME_1 19808
4	RADIO_TIME_2 19808
4	RETRANSMISSIONS_1 0
4	RETRANSMISSIONS_2 0
4	DROPPED_1 0
4	DROPPED_2 0
4	MAX_QUEUE 1
4	DUPLICATED_1 0
4	DUPLICATED_2 0
4	EBUSY_RADIO_1 0
4	EBUSY_RADIO_2 0
4	TEST_NUMBER 6
4	SENT_TOTAL 0
4	RECEIVED_TOTAL 0
4	TIME_TOTAL 0
4	RECEIVED_RADIO_1 125
4	RECEIVED_RADIO_2 62
4	SENT_RADIO_1 62
4	SENT_RADIO_2 125
4	RADIO_TIME_1 19765
4	RADIO_TIME_2 19765
4	RETRANSMISSIONS_1 0
4	RETRANSMISSIONS_2 0
4	DROPPED_1 0
4	DROPPED_2 0
4	MAX_QUEUE 1
4	DUPLICATED_1 0
4	DUPLICATED_2 0
4	EBUSY_RADIO_1 0
4	EBUSY_RADIO_2 0

6	RELAY_NODE 6
6	TEST_NUMBER 0
6	SENT_TOTAL 0
6	RECEIVED_TOTAL 0
6	TIME_TOTAL 0
6	RECEIVED_RADIO_1 63
6	RECEIVED_RADIO_2 125
6	SENT_RADIO_1 0
6	SENT_RADIO_2 63
6	RADIO_TIME_1 19897
6	RADIO_TIME_2 19814
6	RETRANSMISSIONS_1 1237
6	RETRANSMISSIONS_2 0
6	DROPPED_1 124
6	DROPPED_2 0
6	MAX_QUEUE 1
6	DUPLICATED_1 0
6	DUPLICATED_2 0
6	EBUSY_RADIO_1 0
6	EBUSY_RADIO_2 0
6	TEST_NUMBER 1
6	SENT_TOTAL 0
6	RECEIVED_TOTAL 0
6	TIME_TOTAL 0
6	RECEIVED_RADIO_1 62
6	RECEIVED_RADIO_2 125
6	SENT_RADIO_1 0
6	SENT_RADIO_2 62
6	RADIO_TIME_1 19854
6	RADIO_TIME_2 19760
6	RETRANSMISSIONS_1 1246
6	RETRANSMISSIONS_2 0
6	DROPPED_1 125
6	DROPPED_2 0
6	MAX_QUEUE 1
6	DUPLICATED_1 0
6	DUPLICATED_2 0
6	EBUSY_RADIO_1 0
6	EBUSY_RADIO_2 0
6	TEST_NUMBER 2
6	SENT_TOTAL 0
6	RECEIVED_TOTAL 0
6	TIME_TOTAL 0
6	RECEIVED_RADIO_1 63
6	RECEIVED_RADIO_2 125
6	SENT_RADIO_1 0
6	SENT_RADIO_2 63
6	RADIO_TIME_1 19902
6	RADIO_TIME_2 19803
6	RETRANSMISSIONS_1 1246
6	RETRANSMISSIONS_2 0
6	DROPPED_1 125
6	DROPPED_2 0
6	MAX_QUEUE 1
6	DUPLICATED_1 0
6	DUPLICATED_2 0
6	EBUSY_RADIO_1 0
6	EBUSY_RADIO_2 0
6	TEST_NUMBER 3
6	SENT_TOTAL 0
6	RECEIVED_TOTAL 0
6	TIME_TOTAL 0
6	RECEIVED_RADIO_1 62
6	RECEIVED_RADIO_2 125
6	SENT_RADIO_1 0
6	SENT_RADIO_2 62
6	RADIO_TIME_1 19863
6	RADIO_TIME_2 19764
6	RETRANSMISSIONS_1 1246
6	RETRANSMISSIONS_2 0
6	DROPPED_1 125
6	DROPPED_2 0
6	MAX_QUEUE 1
6	DUPLICATED_1 0
6	DUPLICATED_2 0
6	EBUSY_RADIO_1 0
6	EBUSY_RADIO_2 0
6	TEST_NUMBER 4
6	SENT_TOTAL 0
6	RECEIVED_TOTAL 0
6	TIME_TOTAL 0
6	RECEIVED_RADIO_1 63
6	RECEIVED_RADIO_2 125
6	SENT_RADIO_1 0
6	SENT_RADIO_2 63
6	RADIO_TIME_1 19891
6	RADIO_TIME_2 19808
6	RETRANSMISSIONS_1 1246
6	RETRANSMISSIONS_2 0
6	DROPPED_1 125
6	DROPPED_2 0
6	MAX_QUEUE 1
6	DUPLICATED_1 0
6	DUPLICATED_2 0
6	EBUSY_RADIO_1 0
6	EBUSY_RADIO_2 0
6	TEST_NUMBER 5
6	SENT_TOTAL 0
6	RECEIVED_TOTAL 0
6	TIME_TOTAL 0
6	RECEIVED_RADIO_1 62
6	RECEIVED_RADIO_2 125
6	SENT_RADIO_1 0
6	SENT_RADIO_2 62
6	RADIO_TIME_1 19862
6	RADIO_TIME_2 19765
6	RETRANSMISSIONS_1 1246
6	RETRANSMISSIONS_2 0
6	DROPPED_1 125
6	DROPPED_2 0
6	MAX_QUEUE 1
6	DUPLICATED_1 0
6	DUPLICATED_2 0
6	EBUSY_RADIO_1 0
6	EBUSY_RADIO_2 0
6	TEST_NUMBER 6
6	SENT_TOTAL 0
6	RECEIVED_TOTAL 0
6	TIME_TOTAL 0
6	RECEIVED_RADIO_1 63
6	RECEIVED_RADIO_2 125
6	SENT_RADIO_1 0
6	SENT_RADIO_2 63
6	RADIO_TIME_1 19895
6	RADIO_TIME_2 19803
6	RETRANSMISSIONS_1 1246
6	RETRANSMISSIONS_2 0
6	DROPPED_1 125
6	DROPPED_2 0
6	MAX_QUEUE 1
6	DUPLICATED_1 0
6	DUPLICATED_2 0
6	EBUSY_RADIO_1 0
6	EBUSY_RADIO_2 0

8	RELAY_NODE 8
8	TEST_NUMBER 0
8	SENT_TOTAL 0
8	RECEIVED_TOTAL 0
8	TIME_TOTAL 0
8	RECEIVED_RADIO_1 125
8	RECEIVED_RADIO_2 62
8	SENT_RADIO_1 62
8	SENT_RADIO_2 125
8	RADIO_TIME_1 19768
8	RADIO_TIME_2 19768
8	RETRANSMISSIONS_1 0
8	RETRANSMISSIONS_2 0
8	DROPPED_1 0
8	DROPPED_2 0
8	MAX_QUEUE 1
8	DUPLICATED_1 0
8	DUPLICATED_2 0
8	EBUSY_RADIO_1 0
8	EBUSY_RADIO_2 0
8	TEST_NUMBER 1
8	SENT_TOTAL 0
8	RECEIVED_TOTAL 0
8	TIME_TOTAL 0
8	RECEIVED_RADIO_1 125
8	RECEIVED_RADIO_2 63
8	SENT_RADIO_1 63
8	SENT_RADIO_2 125
8	RADIO_TIME_1 19775
8	RADIO_TIME_2 19775
8	RETRANSMISSIONS_1 0
8	RETRANSMISSIONS_2 0
8	DROPPED_1 0
8	DROPPED_2 0
8	MAX_QUEUE 1
8	DUPLICATED_1 0
8	DUPLICATED_2 0
8	EBUSY_RADIO_1 0
8	EBUSY_RADIO_2 0
8	TEST_NUMBER 2
8	SENT_TOTAL 0
8	RECEIVED_TOTAL 0
8	TIME_TOTAL 0
8	RECEIVED_RADIO_1 125
8	RECEIVED_RADIO_2 62
8	SENT_RADIO_1 62
8	SENT_RADIO_2 125
8	RADIO_TIME_1 19761
8	RADIO_TIME_2 19761
8	RETRANSMISSIONS_1 0
8	RETRANSMISSIONS_2 0
8	DROPPED_1 0
8	DROPPED_2 0
8	MAX_QUEUE 1
8	DUPLICATED_1 0
8	DUPLICATED_2 0
8	EBUSY_RADIO_1 0
8	EBUSY_RADIO_2 0
8	TEST_NUMBER 3
8	SENT_TOTAL 0
8	RECEIVED_TOTAL 0
8	TIME_TOTAL 0
8	RECEIVED_RADIO_1 125
8	RECEIVED_RADIO_2 63
8	SENT_RADIO_1 63
8	SENT_RADIO_2 125
8	RADIO_TIME_1 19775
8	RADIO_TIME_2 19775
8	RETRANSMISSIONS_1 0
8	RETRANSMISSIONS_2 0
8	DROPPED_1 0
8	DROPPED_2 0
8	MAX_QUEUE 1
8	DUPLICATED_1 0
8	DUPLICATED_2 0
8	EBUSY_RADIO_1 0
8	EBUSY_RADIO_2 0
8	TEST_NUMBER 4
8	SENT_TOTAL 0
8	RECEIVED_TOTAL 0
8	TIME_TOTAL 0
8	RECEIVED_RADIO_1 125
8	RECEIVED_RADIO_2 62
8	SENT_RADIO_1 62
8	SENT_RADIO_2 125
8	RADIO_TIME_1 19761
8	RADIO_TIME_2 19761
8	RETRANSMISSIONS_1 0
8	RETRANSMISSIONS_2 0
8	DROPPED_1 0
8	DROPPED_2 0
8	MAX_QUEUE 1
8	DUPLICATED_1 0
8	DUPLICATED_2 0
8	EBUSY_RADIO_1 0
8	EBUSY_RADIO_2 0
8	TEST_NUMBER 5
8	SENT_TOTAL 0
8	RECEIVED_TOTAL 0
8	TIME_TOTAL 0
8	RECEIVED_RADIO_1 125
8	RECEIVED_RADIO_2 63
8	SENT_RADIO_1 63
8	SENT_RADIO_2 125
8	RADIO_TIME_1 19783
8	RADIO_TIME_2 19783
8	RETRANSMISSIONS_1 0
8	RETRANSMISSIONS_2 0
8	DROPPED_1 0
8	DROPPED_2 0
8	MAX_QUEUE 1
8	DUPLICATED_1 0
8	DUPLICATED_2 0
8	EBUSY_RADIO_1 0
8	EBUSY_RADIO_2 0
8	TEST_NUMBER 6
8	SENT_TOTAL 0
8	RECEIVED_TOTAL 0
8	TIME_TOTAL 0
8	RECEIVED_RADIO_1 125
8	RECEIVED_RADIO_2 62
8	SENT_RADIO_1 62
8	SENT_RADIO_2 125
8	RADIO_TIME_1 19762
8	RADIO_TIME_2 19762
8	RETRANSMISSIONS_1 1
8	RETRANSMISSIONS_2 0
8	DROPPED_1 0
8	DROPPED_2 0
8	MAX_QUEUE 1
8	DUPLICATED_1 0
8	DUPLICATED_2 0
8	EBUSY_RADIO_1 0
8	EBUSY_RADIO_2 0

10	RELAY_NODE 10
10	TEST_NUMBER 0
10	SENT_TOTAL 0
10	RECEIVED_TOTAL 0
10	TIME_TOTAL 0
10	RECEIVED_RADIO_1 0
10	RECEIVED_RADIO_2 54
10	SENT_RADIO_1 54
10	SENT_RADIO_2 0
10	RADIO_TIME_1 16898
10	RADIO_TIME_2 16898
10	RETRANSMISSIONS_1 0
10	RETRANSMISSIONS_2 0
10	DROPPED_1 0
10	DROPPED_2 0
10	MAX_QUEUE 1
10	DUPLICATED_1 0
10	DUPLICATED_2 0
10	EBUSY_RADIO_1 0
10	EBUSY_RADIO_2 0
10	TEST_NUMBER 1
10	SENT_TOTAL 0
10	RECEIVED_TOTAL 0
10	TIME_TOTAL 0
10	RECEIVED_RADIO_1 0
10	RECEIVED_RADIO_2 62
10	SENT_RADIO_1 62
10	SENT_RADIO_2 0
10	RADIO_TIME_1 29408
10	RADIO_TIME_2 29408
10	RETRANSMISSIONS_1 0
10	RETRANSMISSIONS_2 0
10	DROPPED_1 0
10	DROPPED_2 0
10	MAX_QUEUE 1
10	DUPLICATED_1 0
10	DUPLICATED_2 0
10	EBUSY_RADIO_1 0
10	EBUSY_RADIO_2 0
10	TEST_NUMBER 2
10	SENT_TOTAL 0
10	RECEIVED_TOTAL 0
10	TIME_TOTAL 0
10	RECEIVED_RADIO_1 0
10	RECEIVED_RADIO_2 63
10	SENT_RADIO_1 63
10	SENT_RADIO_2 0
10	RADIO_TIME_1 29721
10	RADIO_TIME_2 29721
10	RETRANSMISSIONS_1 0
10	RETRANSMISSIONS_2 0
10	DROPPED_1 0
10	DROPPED_2 0
10	MAX_QUEUE 1
10	DUPLICATED_1 0
10	DUPLICATED_2 0
10	EBUSY_RADIO_1 0
10	EBUSY_RADIO_2 0
10	TEST_NUMBER 3
10	SENT_TOTAL 0
10	RECEIVED_TOTAL 0
10	TIME_TOTAL 0
10	RECEIVED_RADIO_1 0
10	RECEIVED_RADIO_2 62
10	SENT_RADIO_1 62
10	SENT_RADIO_2 0
10	RADIO_TIME_1 29404
10	RADIO_TIME_2 29405
10	RETRANSMISSIONS_1 0
10	RETRANSMISSIONS_2 0
10	DROPPED_1 0
10	DROPPED_2 0
10	MAX_QUEUE 1
10	DUPLICATED_1 0
10	DUPLICATED_2 0
10	EBUSY_RADIO_1 0
10	EBUSY_RADIO_2 0
10	TEST_NUMBER 4
10	SENT_TOTAL 0
10	RECEIVED_TOTAL 0
10	TIME_TOTAL 0
10	RECEIVED_RADIO_1 0
10	RECEIVED_RADIO_2 63
10	SENT_RADIO_1 63
10	SENT_RADIO_2 0
10	RADIO_TIME_1 29723
10	RADIO_TIME_2 29723
10	RETRANSMISSIONS_1 0
10	RETRANSMISSIONS_2 0
10	DROPPED_1 0
10	DROPPED_2 0
10	MAX_QUEUE 1
10	DUPLICATED_1 0
10	DUPLICATED_2 0
10	EBUSY_RADIO_1 0
10	EBUSY_RADIO_2 0
10	TEST_NUMBER 5
10	SENT_TOTAL 0
10	RECEIVED_TOTAL 0
10	TIME_TOTAL 0
10	RECEIVED_RADIO_1 0
10	RECEIVED_RADIO_2 62
10	SENT_RADIO_1 62
10	SENT_RADIO_2 0
10	RADIO_TIME_1 29408
10	RADIO_TIME_2 29408
10	RETRANSMISSIONS_1 0
10	RETRANSMISSIONS_2 0
10	DROPPED_1 0
10	DROPPED_2 0
10	MAX_QUEUE 1
10	DUPLICATED_1 0
10	DUPLICATED_2 0
10	EBUSY_RADIO_1 0
10	EBUSY_RADIO_2 0
10	TEST_NUMBER 6
10	SENT_TOTAL 0
10	RECEIVED_TOTAL 0
10	TIME_TOTAL 0
10	RECEIVED_RADIO_1 0
10	RECEIVED_RADIO_2 63
10	SENT_RADIO_1 63
10	SENT_RADIO_2 0
10	RADIO_TIME_1 29720
10	RADIO_TIME_2 29720
10	RETRANSMISSIONS_1 0
10	RETRANSMISSIONS_2 0
10	DROPPED_1 0
10	DROPPED_2 0
10	MAX_QUEUE 1
10	DUPLICATED_1 0
10	DUPLICATED_2 0
10	EBUSY_RADIO_1 0
10	EBUSY_RADIO_2 0

12	RELAY_NODE 12
12	TEST_NUMBER 0
12	SENT_TOTAL 0
12	RECEIVED_TOTAL 0
12	TIME_TOTAL 0
12	RECEIVED_RADIO_1 63
12	RECEIVED_RADIO_2 0
12	SENT_RADIO_1 0
12	SENT_RADIO_2 63
12	RADIO_TIME_1 19769
12	RADIO_TIME_2 19769
12	RETRANSMISSIONS_1 0
12	RETRANSMISSIONS_2 0
12	DROPPED_1 0
12	DROPPED_2 0
12	MAX_QUEUE 1
12	DUPLICATED_1 0
12	DUPLICATED_2 0
12	EBUSY_RADIO_1 0
12	EBUSY_RADIO_2 0
12	TEST_NUMBER 1
12	SENT_TOTAL 0
12	RECEIVED_TOTAL 0
12	TIME_TOTAL 0
12	RECEIVED_RADIO_1 62
12	RECEIVED_RADIO_2 0
12	SENT_RADIO_1 0
12	SENT_RADIO_2 62
12	RADIO_TIME_1 19441
12	RADIO_TIME_2 19441
12	RETRANSMISSIONS_1 0
12	RETRANSMISSIONS_2 0
12	DROPPED_1 0
12	DROPPED_2 0
12	MAX_QUEUE 1
12	DUPLICATED_1 0
12	DUPLICATED_2 0
12	EBUSY_RADIO_1 0
12	EBUSY_RADIO_2 0
12	TEST_NUMBER 2
12	SENT_TOTAL 0
12	RECEIVED_TOTAL 0
12	TIME_TOTAL 0
12	RECEIVED_RADIO_1 63
12	RECEIVED_RADIO_2 0
12	SENT_RADIO_1 0
12	SENT_RADIO_2 63
12	RADIO_TIME_1 19761
12	RADIO_TIME_2 19761
12	RETRANSMISSIONS_1 0
12	RETRANSMISSIONS_2 0
12	DROPPED_1 0
12	DROPPED_2 0
12	MAX_QUEUE 1
12	DUPLICATED_1 0
12	DUPLICATED_2 0
12	EBUSY_RADIO_1 0
12	EBUSY_RADIO_2 0
12	TEST_NUMBER 3
12	SENT_TOTAL 0
12	RECEIVED_TOTAL 0
12	TIME_TOTAL 0
12	RECEIVED_RADIO_1 62
12	RECEIVED_RADIO_2 0
12	SENT_RADIO_1 0
12	SENT_RADIO_2 62
12	RADIO_TIME_1 19439
12	RADIO_TIME_2 19439
12	RETRANSMISSIONS_1 0
12	RETRANSMISSIONS_2 0
12	DROPPED_1 0
12	DROPPED_2 0
12	MAX_QUEUE 1
12	DUPLICATED_1 0
12	DUPLICATED_2 0
12	EBUSY_RADIO_1 0
12	EBUSY_RADIO_2 0
12	TEST_NUMBER 4
12	SENT_TOTAL 0
12	RECEIVED_TOTAL 0
12	TIME_TOTAL 0
12	RECEIVED_RADIO_1 63
12	RECEIVED_RADIO_2 0
12	SENT_RADIO_1 0
12	SENT_RADIO_2 63
12	RADIO_TIME_1 19761
12	RADIO_TIME_2 19761
12	RETRANSMISSIONS_1 0
12	RETRANSMISSIONS_2 0
12	DROPPED_1 0
12	DROPPED_2 0
12	MAX_QUEUE 1
12	DUPLICATED_1 0
12	DUPLICATED_2 0
12	EBUSY_RADIO_1 0
12	EBUSY_RADIO_2 0
12	TEST_NUMBER 5
12	SENT_TOTAL 0
12	RECEIVED_TOTAL 0
12	TIME_TOTAL 0
12	RECEIVED_RADIO_1 62
12	RECEIVED_RADIO_2 0
12	SENT_RADIO_1 0
12	SENT_RADIO_2 62
12	RADIO_TIME_1 19444
12	RADIO_TIME_2 19444
12	RETRANSMISSIONS_1 0
12	RETRANSMISSIONS_2 0
12	DROPPED_1 0
12	DROPPED_2 0
12	MAX_QUEUE 1
12	DUPLICATED_1 0
12	DUPLICATED_2 0
12	EBUSY_RADIO_1 0
12	EBUSY_RADIO_2 0
12	TEST_NUMBER 6
12	SENT_TOTAL 0
12	RECEIVED_TOTAL 0
12	TIME_TOTAL 0
12	RECEIVED_RADIO_1 63
12	RECEIVED_RADIO_2 0
12	SENT_RADIO_1 0
12	SENT_RADIO_2 63
12	RADIO_TIME_1 19764
12	RADIO_TIME_2 19764
12	RETRANSMISSIONS_1 0
12	RETRANSMISSIONS_2 0
12	DROPPED_1 0
12	DROPPED_2 0
12	MAX_QUEUE 1
12	DUPLICATED_1 0
12	DUPLICATED_2 0
12	EBUSY_RADIO_1 0
12	EBUSY_RADIO_2 0

15	DESTINATION_NODE 15
15	TEST_NUMBER 0
15	SENT_TOTAL 125
15	RECEIVED_TOTAL 125
15	TIME_TOTAL 19768
15	RECEIVED_RADIO_1 0
15	RECEIVED_RADIO_2 125
15	SENT_RADIO_1 63
15	SENT_RADIO_2 62
15	RADIO_TIME_1 19768
15	RADIO_TIME_2 19768
15	RETRANSMISSIONS_1 0
15	RETRANSMISSIONS_2 0
15	DROPPED_1 0
15	DROPPED_2 0
15	MAX_QUEUE 1
15	DUPLICATED_1 0
15	DUPLICATED_2 0
15	EBUSY_RADIO_1 0
15	EBUSY_RADIO_2 0
15	TEST_NUMBER 1
15	SENT_TOTAL 125
15	RECEIVED_TOTAL 125
15	TIME_TOTAL 19762
15	RECEIVED_RADIO_1 0
15	RECEIVED_RADIO_2 125
15	SENT_RADIO_1 62
15	SENT_RADIO_2 63
15	RADIO_TIME_1 19445
15	RADIO_TIME_2 19762
15	RETRANSMISSIONS_1 0
15	RETRANSMISSIONS_2 0
15	DROPPED_1 0
15	DROPPED_2 0
15	MAX_QUEUE 1
15	DUPLICATED_1 0
15	DUPLICATED_2 0
15	EBUSY_RADIO_1 0
15	EBUSY_RADIO_2 0
15	TEST_NUMBER 2
15	SENT_TOTAL 125
15	RECEIVED_TOTAL 125
15	TIME_TOTAL 19759
15	RECEIVED_RADIO_1 0
15	RECEIVED_RADIO_2 125
15	SENT_RADIO_1 63
15	SENT_RADIO_2 62
15	RADIO_TIME_1 19759
15	RADIO_TIME_2 19759
15	RETRANSMISSIONS_1 0
15	RETRANSMISSIONS_2 0
15	DROPPED_1 0
15	DROPPED_2 0
15	MAX_QUEUE 1
15	DUPLICATED_1 0
15	DUPLICATED_2 0
15	EBUSY_RADIO_1 0
15	EBUSY_RADIO_2 0
15	TEST_NUMBER 3
15	SENT_TOTAL 125
15	RECEIVED_TOTAL 125
15	TIME_TOTAL 19758
15	RECEIVED_RADIO_1 0
15	RECEIVED_RADIO_2 125
15	SENT_RADIO_1 62
15	SENT_RADIO_2 63
15	RADIO_TIME_1 19438
15	RADIO_TIME_2 19758
15	RETRANSMISSIONS_1 0
15	RETRANSMISSIONS_2 0
15	DROPPED_1 0
15	DROPPED_2 0
15	MAX_QUEUE 1
15	DUPLICATED_1 0
15	DUPLICATED_2 0
15	EBUSY_RADIO_1 0
15	EBUSY_RADIO_2 0
15	TEST_NUMBER 4
15	SENT_TOTAL 125
15	RECEIVED_TOTAL 125
15	TIME_TOTAL 19762
15	RECEIVED_RADIO_1 0
15	RECEIVED_RADIO_2 125
15	SENT_RADIO_1 63
15	SENT_RADIO_2 62
15	RADIO_TIME_1 19762
15	RADIO_TIME_2 19762
15	RETRANSMISSIONS_1 0
15	RETRANSMISSIONS_2 0
15	DROPPED_1 0
15	DROPPED_2 0
15	MAX_QUEUE 1
15	DUPLICATED_1 0
15	DUPLICATED_2 0
15	EBUSY_RADIO_1 0
15	EBUSY_RADIO_2 0
15	TEST_NUMBER 5
15	SENT_TOTAL 125
15	RECEIVED_TOTAL 125
15	TIME_TOTAL 19768
15	RECEIVED_RADIO_1 0
15	RECEIVED_RADIO_2 125
15	SENT_RADIO_1 62
15	SENT_RADIO_2 63
15	RADIO_TIME_1 19441
15	RADIO_TIME_2 19768
15	RETRANSMISSIONS_1 0
15	RETRANSMISSIONS_2 0
15	DROPPED_1 0
15	DROPPED_2 0
15	MAX_QUEUE 1
15	DUPLICATED_1 0
15	DUPLICATED_2 0
15	EBUSY_RADIO_1 0
15	EBUSY_RADIO_2 0
15	TEST_NUMBER 6
15	SENT_TOTAL 125
15	RECEIVED_TOTAL 125
15	TIME_TOTAL 19761
15	RECEIVED_RADIO_1 0
15	RECEIVED_RADIO_2 125
15	SENT_RADIO_1 63
15	SENT_RADIO_2 62
15	RADIO_TIME_1 19761
15	RADIO_TIME_2 19761
15	RETRANSMISSIONS_1 0
15	RETRANSMISSIONS_2 0
15	DROPPED_1 0
15	DROPPED_2 0
15	MAX_QUEUE 1
15	DUPLICATED_1 0
15	DUPLICATED_2 0
15	EBUSY_RADIO_1 0
15	EBUSY_RADIO_2 0

32	RELAY_NODE 32
32	TEST_NUMBER 0
32	SENT_TOTAL 0
32	RECEIVED_TOTAL 0
32	TIME_TOTAL 0
32	RECEIVED_RADIO_1 62
32	RECEIVED_RADIO_2 125
32	SENT_RADIO_1 125
32	SENT_RADIO_2 62
32	RADIO_TIME_1 19768
32	RADIO_TIME_2 19768
32	RETRANSMISSIONS_1 0
32	RETRANSMISSIONS_2 0
32	DROPPED_1 0
32	DROPPED_2 0
32	MAX_QUEUE 1
32	DUPLICATED_1 0
32	DUPLICATED_2 0
32	EBUSY_RADIO_1 0
32	EBUSY_RADIO_2 0
32	TEST_NUMBER 1
32	SENT_TOTAL 0
32	RECEIVED_TOTAL 0
32	TIME_TOTAL 0
32	RECEIVED_RADIO_1 63
32	RECEIVED_RADIO_2 125
32	SENT_RADIO_1 125
32	SENT_RADIO_2 63
32	RADIO_TIME_1 19787
32	RADIO_TIME_2 19787
32	RETRANSMISSIONS_1 0
32	RETRANSMISSIONS_2 0
32	DROPPED_1 0
32	DROPPED_2 0
32	MAX_QUEUE 1
32	DUPLICATED_1 0
32	DUPLICATED_2 0
32	EBUSY_RADIO_1 0
32	EBUSY_RADIO_2 0
32	TEST_NUMBER 2
32	SENT_TOTAL 0
32	RECEIVED_TOTAL 0
32	TIME_TOTAL 0
32	RECEIVED_RADIO_1 62
32	RECEIVED_RADIO_2 125
32	SENT_RADIO_1 125
32	SENT_RADIO_2 62
32	RADIO_TIME_1 19761
32	RADIO_TIME_2 19761
32	RETRANSMISSIONS_1 0
32	RETRANSMISSIONS_2 0
32	DROPPED_1 0
32	DROPPED_2 0
32	MAX_QUEUE 1
32	DUPLICATED_1 0
32	DUPLICATED_2 0
32	EBUSY_RADIO_1 0
32	EBUSY_RADIO_2 0
32	TEST_NUMBER 3
32	SENT_TOTAL 0
32	RECEIVED_TOTAL 0
32	TIME_TOTAL 0
32	RECEIVED_RADIO_1 63
32	RECEIVED_RADIO_2 125
32	SENT_RADIO_1 125
32	SENT_RADIO_2 63
32	RADIO_TIME_1 19789
32	RADIO_TIME_2 19789
32	RETRANSMISSIONS_1 0
32	RETRANSMISSIONS_2 0
32	DROPPED_1 0
32	DROPPED_2 0
32	MAX_QUEUE 1
32	DUPLICATED_1 0
32	DUPLICATED_2 0
32	EBUSY_RADIO_1 0
32	EBUSY_RADIO_2 0
32	TEST_NUMBER 4
32	SENT_TOTAL 0
32	RECEIVED_TOTAL 0
32	TIME_TOTAL 0
32	RECEIVED_RADIO_1 62
32	RECEIVED_RADIO_2 125
32	SENT_RADIO_1 125
32	SENT_RADIO_2 62
32	RADIO_TIME_1 19762
32	RADIO_TIME_2 19762
32	RETRANSMISSIONS_1 0
32	RETRANSMISSIONS_2 0
32	DROPPED_1 0
32	DROPPED_2 0
32	MAX_QUEUE 1
32	DUPLICATED_1 0
32	DUPLICATED_2 0
32	EBUSY_RADIO_1 0
32	EBUSY_RADIO_2 0
32	TEST_NUMBER 5
32	SENT_TOTAL 0
32	RECEIVED_TOTAL 0
32	TIME_TOTAL 0
32	RECEIVED_RADIO_1 63
32	RECEIVED_RADIO_2 125
32	SENT_RADIO_1 125
32	SENT_RADIO_2 63
32	RADIO_TIME_1 19794
32	RADIO_TIME_2 19794
32	RETRANSMISSIONS_1 0
32	RETRANSMISSIONS_2 0
32	DROPPED_1 0
32	DROPPED_2 0
32	MAX_QUEUE 1
32	DUPLICATED_1 0
32	DUPLICATED_2 0
32	EBUSY_RADIO_1 0
32	EBUSY_RADIO_2 0
32	TEST_NUMBER 6
32	SENT_TOTAL 0
32	RECEIVED_TOTAL 0
32	TIME_TOTAL 0
32	RECEIVED_RADIO_1 62
32	RECEIVED_RADIO_2 125
32	SENT_RADIO_1 125
32	SENT_RADIO_2 62
32	RADIO_TIME_1 19761
32	RADIO_TIME_2 19761
32	RETRANSMISSIONS_1 0
32	RETRANSMISSIONS_2 0
32	DROPPED_1 0
32	DROPPED_2 0
32	MAX_QUEUE 1
32	DUPLICATED_1 1
32	DUPLICATED_2 0
32	EBUSY_RADIO_1 0
32	EBUSY_RADIO_2 0
