
4	DESTINATION_NODE 4
4	TEST_NUMBER 0
4	SENT_TOTAL 250
4	RECEIVED_TOTAL 250
4	TIME_TOTAL 19849
4	RECEIVED_RADIO_1 125
4	RECEIVED_RADIO_2 125
4	SENT_RADIO_1 0
4	SENT_RADIO_2 190
4	RADIO_TIME_1 19849
4	RADIO_TIME_2 19849
4	RETRANSMISSIONS_1 589
4	RETRANSMISSIONS_2 4
4	DROPPED_1 59
4	DROPPED_2 0
4	MAX_QUEUE 2
4	DUPLICATED_1 0
4	DUPLICATED_2 0
4	EBUSY_RADIO_1 0
4	EBUSY_RADIO_2 0
4	TEST_NUMBER 1
4	SENT_TOTAL 250
4	RECEIVED_TOTAL 250
4	TIME_TOTAL 19852
4	RECEIVED_RADIO_1 125
4	RECEIVED_RADIO_2 125
4	SENT_RADIO_1 0
4	SENT_RADIO_2 192
4	RADIO_TIME_1 19937
4	RADIO_TIME_2 19946
4	RETRANSMISSIONS_1 587
4	RETRANSMISSIONS_2 4
4	DROPPED_1 59
4	DROPPED_2 0
4	MAX_QUEUE 2
4	DUPLICATED_1 0
4	DUPLICATED_2 0
4	EBUSY_RADIO_1 0
4	EBUSY_RADIO_2 0
4	TEST_NUMBER 2
4	SENT_TOTAL 250
4	RECEIVED_TOTAL 250
4	TIME_TOTAL 19844
4	RECEIVED_RADIO_1 124
4	RECEIVED_RADIO_2 126
4	SENT_RADIO_1 0
4	SENT_RADIO_2 192
4	RADIO_TIME_1 19844
4	RADIO_TIME_2 19775
4	RETRANSMISSIONS_1 569
4	RETRANSMISSIONS_2 0
4	DROPPED_1 57
4	DROPPED_2 0
4	MAX_QUEUE 2
4	DUPLICATED_1 0
4	DUPLICATED_2 0
4	EBUSY_RADIO_1 0
4	EBUSY_RADIO_2 0
4	TEST_NUMBER 3
4	SENT_TOTAL 250
4	RECEIVED_TOTAL 250
4	TIME_TOTAL 19840
4	RECEIVED_RADIO_1 125
4	RECEIVED_RADIO_2 125
4	SENT_RADIO_1 0
4	SENT_RADIO_2 193
4	RADIO_TIME_1 19855
4	RADIO_TIME_2 19941
4	RETRANSMISSIONS_1 577
4	RETRANSMISSIONS_2 2
4	DROPPED_1 58
4	DROPPED_2 0
4	MAX_QUEUE 2
4	DUPLICATED_1 0
4	DUPLICATED_2 0
4	EBUSY_RADIO_1 0
4	EBUSY_RADIO_2 0
4	TEST_NUMBER 4
4	SENT_TOTAL 250
4	RECEIVED_TOTAL 250
4	TIME_TOTAL 19841
4	RECEIVED_RADIO_1 124
4	RECEIVED_RADIO_2 126
4	SENT_RADIO_1 0
4	SENT_RADIO_2 190
4	RADIO_TIME_1 19927
4	RADIO_TIME_2 19936
4	RETRANSMISSIONS_1 598
4	RETRANSMISSIONS_2 5
4	DROPPED_1 60
4	DROPPED_2 0
4	MAX_QUEUE 2
4	DUPLICATED_1 0
4	DUPLICATED_2 0
4	EBUSY_RADIO_1 0
4	EBUSY_RADIO_2 0
4	TEST_NUMBER 5
4	SENT_TOTAL 338
4	RECEIVED_TOTAL 496
4	TIME_TOTAL 19841
4	RECEIVED_RADIO_1 382
4	RECEIVED_RADIO_2 114
4	SENT_RADIO_1 0
4	SENT_RADIO_2 272
4	RADIO_TIME_1 19841
4	RADIO_TIME_2 19841
4	RETRANSMISSIONS_1 649
4	RETRANSMISSIONS_2 11
4	DROPPED_1 65
4	DROPPED_2 0
4	MAX_QUEUE 98
4	DUPLICATED_1 0
4	DUPLICATED_2 0
4	EBUSY_RADIO_1 0
4	EBUSY_RADIO_2 0
4	TEST_NUMBER 6
4	SENT_TOTAL 222
4	RECEIVED_TOTAL 222
4	TIME_TOTAL 19765
4	RECEIVED_RADIO_1 158
4	RECEIVED_RADIO_2 64
4	SENT_RADIO_1 0
4	SENT_RADIO_2 166
4	RADIO_TIME_1 19849
4	RADIO_TIME_2 19838
4	RETRANSMISSIONS_1 567
4	RETRANSMISSIONS_2 4
4	DROPPED_1 57
4	DROPPED_2 0
4	MAX_QUEUE 2
4	DUPLICATED_1 5
4	DUPLICATED_2 0
4	EBUSY_RADIO_1 0
4	EBUSY_RADIO_2 0

6	RELAY_NODE 6
6	TEST_NUMBER 0
6	SENT_TOTAL 0
6	RECEIVED_TOTAL 0
6	TIME_TOTAL 0
6	RECEIVED_RADIO_1 0
6	RECEIVED_RADIO_2 125
6	SENT_RADIO_1 125
6	SENT_RADIO_2 0
6	RADIO_TIME_1 19766
6	RADIO_TIME_2 19766
6	RETRANSMISSIONS_1 5
6	RETRANSMISSIONS_2 0
6	DROPPED_1 0
6	DROPPED_2 0
6	MAX_QUEUE 1
6	DUPLICATED_1 0
6	DUPLICATED_2 0
6	EBUSY_RADIO_1 0
6	EBUSY_RADIO_2 0
6	TEST_NUMBER 1
6	SENT_TOTAL 0
6	RECEIVED_TOTAL 0
6	TIME_TOTAL 0
6	RECEIVED_RADIO_1 0
6	RECEIVED_RADIO_2 125
6	SENT_RADIO_1 125
6	SENT_RADIO_2 0
6	RADIO_TIME_1 19771
6	RADIO_TIME_2 19765
6	RETRANSMISSIONS_1 1
6	RETRANSMISSIONS_2 0
6	DROPPED_1 0
6	DROPPED_2 0
6	MAX_QUEUE 1
6	DUPLICATED_1 0
6	DUPLICATED_2 0
6	EBUSY_RADIO_1 0
6	EBUSY_RADIO_2 0
6	TEST_NUMBER 2
6	SENT_TOTAL 0
6	RECEIVED_TOTAL 0
6	TIME_TOTAL 0
6	RECEIVED_RADIO_1 0
6	RECEIVED_RADIO_2 124
6	SENT_RADIO_1 124
6	SENT_RADIO_2 0
6	RADIO_TIME_1 19761
6	RADIO_TIME_2 19761
6	RETRANSMISSIONS_1 1
6	RETRANSMISSIONS_2 0
6	DROPPED_1 0
6	DROPPED_2 0
6	MAX_QUEUE 1
6	DUPLICATED_1 0
6	DUPLICATED_2 0
6	EBUSY_RADIO_1 0
6	EBUSY_RADIO_2 0
6	TEST_NUMBER 3
6	SENT_TOTAL 0
6	RECEIVED_TOTAL 0
6	TIME_TOTAL 0
6	RECEIVED_RADIO_1 0
6	RECEIVED_RADIO_2 125
6	SENT_RADIO_1 125
6	SENT_RADIO_2 0
6	RADIO_TIME_1 19763
6	RADIO_TIME_2 19763
6	RETRANSMISSIONS_1 1
6	RETRANSMISSIONS_2 0
6	DROPPED_1 0
6	DROPPED_2 0
6	MAX_QUEUE 1
6	DUPLICATED_1 0
6	DUPLICATED_2 0
6	EBUSY_RADIO_1 0
6	EBUSY_RADIO_2 0
6	TEST_NUMBER 4
6	SENT_TOTAL 0
6	RECEIVED_TOTAL 0
6	TIME_TOTAL 0
6	RECEIVED_RADIO_1 0
6	RECEIVED_RADIO_2 124
6	SENT_RADIO_1 124
6	SENT_RADIO_2 0
6	RADIO_TIME_1 19764
6	RADIO_TIME_2 19764
6	RETRANSMISSIONS_1 3
6	RETRANSMISSIONS_2 0
6	DROPPED_1 0
6	DROPPED_2 0
6	MAX_QUEUE 1
6	DUPLICATED_1 0
6	DUPLICATED_2 0
6	EBUSY_RADIO_1 0
6	EBUSY_RADIO_2 0
6	TEST_NUMBER 5
6	SENT_TOTAL 0
6	RECEIVED_TOTAL 0
6	TIME_TOTAL 0
6	RECEIVED_RADIO_1 0
6	RECEIVED_RADIO_2 128
6	SENT_RADIO_1 128
6	SENT_RADIO_2 0
6	RADIO_TIME_1 19761
6	RADIO_TIME_2 19761
6	RETRANSMISSIONS_1 0
6	RETRANSMISSIONS_2 0
6	DROPPED_1 0
6	DROPPED_2 0
6	MAX_QUEUE 1
6	DUPLICATED_1 0
6	DUPLICATED_2 0
6	EBUSY_RADIO_1 0
6	EBUSY_RADIO_2 0
6	TEST_NUMBER 6
6	SENT_TOTAL 0
6	RECEIVED_TOTAL 0
6	TIME_TOTAL 0
6	RECEIVED_RADIO_1 0
6	RECEIVED_RADIO_2 158
6	SENT_RADIO_1 158
6	SENT_RADIO_2 0
6	RADIO_TIME_1 19763
6	RADIO_TIME_2 19763
6	RETRANSMISSIONS_1 5
6	RETRANSMISSIONS_2 0
6	DROPPED_1 0
6	DROPPED_2 0
6	MAX_QUEUE 1
6	DUPLICATED_1 0
6	DUPLICATED_2 0
6	EBUSY_RADIO_1 0
6	EBUSY_RADIO_2 0

9	SOURCE_NODE 9
9	84 1
9	84 2
9	83 2
9	85 2
9	79 19
9	84 3
9	84 4
9	83 4
9	85 3
9	79 108
9	83 4
9	85 4
9	79 47
9	84 5
9	84 6
9	83 6
9	85 6
9	79 25
9	84 7
9	84 8
9	83 8
9	85 7
9	79 107
9	83 8
9	85 8
9	79 42
9	84 9
9	84 10
9	83 10
9	85 10
9	79 26
9	84 11
9	84 12
9	83 12
9	85 11
9	79 108
9	83 12
9	85 12
9	79 38
9	84 13
9	83 13
9	85 13
9	79 36
9	84 14
9	84 15
9	83 15
9	85 15
9	79 33
9	84 16
9	84 17
9	83 17
9	85 16
9	79 103
9	83 17
9	85 17
9	79 30
9	84 18
9	83 18
9	85 18
9	79 36
9	84 19
9	84 20
9	83 20
9	85 20
9	79 28
9	84 1
9	84 2
9	83 2
9	85 1
9	79 108
9	83 2
9	85 2
9	79 40
9	84 3
9	84 4
9	83 4
9	85 4
9	79 21
9	84 5
9	84 6
9	83 6
9	85 5
9	79 115
9	83 6
9	85 6
9	79 41
9	84 7
9	84 8
9	83 8
9	85 8
9	79 25
9	84 9
9	84 10
9	83 10
9	85 9
9	79 103
9	83 10
9	85 10
9	79 33
9	84 11
9	83 11
9	85 11
9	79 40
9	84 12
9	84 13
9	83 13
9	85 13
9	79 30
9	84 14
9	84 15
9	83 15
9	85 14
9	79 113
9	84 16
9	83 16
9	85 16
9	79 26
9	84 17
9	84 18
9	83 18
9	85 17
9	79 111
9	83 18
9	85 18
9	79 38
9	84 19
9	84 20
9	83 20
9	85 20
9	79 27
9	84 1
9	84 2
9	83 2
9	85 1
9	79 102
9	83 2
9	85 2
9	79 30
9	84 3
9	83 3
9	85 3
9	79 30
9	84 4
9	84 5
9	83 5
9	85 5
9	79 28
9	84 6
9	84 7
9	83 7
9	85 6
9	79 106
9	83 7
9	85 7
9	79 32
9	84 8
9	84 9
9	83 9
9	85 9
9	79 30
9	84 10
9	84 11
9	83 11
9	85 10
9	79 107
9	83 11
9	85 11
9	79 39
9	84 12
9	84 13
9	83 13
9	85 13
9	79 26
9	84 14
9	84 15
9	83 15
9	85 14
9	79 105
9	83 15
9	85 15
9	79 35
9	84 16
9	83 16
9	85 16
9	79 34
9	84 17
9	84 18
9	83 18
9	85 18
9	79 24
9	84 19
9	84 20
9	83 20
9	85 19
9	79 110
9	83 20
9	85 20
9	79 37
9	84 1
9	84 2
9	83 2
9	85 2
9	79 24
9	84 3
9	84 4
9	83 4
9	85 3
9	79 110
9	83 4
9	85 4
9	79 35
9	84 5
9	83 5
9	85 5
9	79 34
9	84 6
9	84 7
9	83 7
9	85 7
9	79 29
9	84 8
9	84 9
9	84 10
9	83 10
9	85 9
9	79 105
9	83 10
9	85 8
9	79 200
9	84 11
9	83 11
9	85 11
9	79 24
9	84 12
9	84 13
9	83 13
9	85 12
9	79 106
9	83 13
9	85 13
9	79 35
9	84 14
9	84 15
9	83 15
9	85 15
9	79 28
9	84 16
9	84 17
9	83 17
9	85 16
9	79 120
9	84 18
9	84 19
9	83 19
9	85 17
9	79 187
9	84 20
9	83 20
9	85 19
9	79 115
9	83 20
9	85 20
9	79 40
9	84 1
9	83 1
9	85 1
9	79 45
9	84 2
9	84 3
9	83 3
9	85 3
9	79 28
9	84 4
9	84 5
9	83 5
9	85 4
9	79 108
9	84 6
9	83 6
9	85 6
9	79 25
9	84 7
9	84 8
9	83 8
9	85 7
9	79 110
9	84 9
9	84 10
9	83 10
9	85 9
9	79 110
9	83 10
9	85 10
9	79 36
9	84 11
9	83 11
9	85 11
9	79 41
9	84 12
9	84 13
9	83 13
9	85 13
9	79 32
9	84 14
9	84 15
9	83 15
9	85 14
9	79 111
9	84 16
9	83 16
9	85 16
9	79 27
9	84 17
9	84 18
9	83 18
9	85 17
9	79 103
9	83 18
9	85 18
9	79 41
9	84 19
9	83 19
9	85 19
9	79 34
9	84 20
9	84 1
9	84 2
9	83 2
9	85 20
9	79 185
9	84 3
9	83 3
9	85 2
9	79 106
9	83 3
9	85 3
9	79 47
9	84 4
9	83 4
9	85 4
9	79 46
9	84 5
9	84 6
9	83 6
9	85 6
9	79 28
9	84 7
9	84 8
9	83 8
9	85 7
9	79 106
9	83 8
9	85 8
9	79 34
9	84 9
9	83 9
9	85 9
9	79 28
9	84 10
9	84 11
9	83 11
9	85 11
9	79 28
9	84 12
9	84 13
9	83 13
9	85 12
9	79 105
9	83 13
9	85 13
9	79 32
9	84 14
9	83 14
9	85 14
9	79 33
9	84 15
9	84 16
9	83 16
9	85 16
9	79 27
9	84 17
9	84 18
9	83 18
9	85 17
9	79 111
9	83 18
9	85 18
9	79 41
9	84 19
9	84 20
9	83 20
9	85 20
9	79 27
9	84 1
9	84 2
9	83 2
9	85 1
9	79 106
9	83 2
9	85 2
9	79 34
9	84 3
9	83 3
9	85 3
9	79 38
9	84 4
9	84 5
9	83 5
9	85 5
9	79 29
9	84 6
9	84 7
9	83 7
9	85 6
9	79 109
9	84 8
9	84 9
9	83 9
9	85 8
9	79 108
9	83 9
9	85 9
9	79 45
9	84 10
9	84 11
9	83 11
9	85 11
9	79 31
9	84 12
9	84 13
9	83 13
9	85 12
9	79 105
9	83 13
9	85 13
9	79 42
9	84 14
9	84 15
9	83 15
9	85 15
9	79 30
9	84 16
9	84 17
9	83 17
9	85 16
9	79 105
9	83 17
9	85 17
9	79 35
9	84 18
9	83 18
9	85 18
9	79 35
9	84 19
9	84 20
9	83 20
9	85 20
9	79 22
9	84 1
9	84 2
9	83 2
9	85 1
9	79 106
9	83 2
9	85 2
9	79 33
9	84 3
9	83 3
9	85 3
9	79 32
9	84 4
9	84 5
9	83 5
9	85 5
9	79 30
9	84 6
9	84 7
9	83 7
9	85 6
9	79 104
9	83 7
9	85 7
9	79 32
9	84 8
9	84 9
9	83 9
9	85 9
9	79 31
9	84 10
9	84 11
9	83 11
9	85 10
9	79 108
9	84 12
9	83 12
9	85 12
9	79 30
9	84 13
9	84 14
9	83 14
9	85 13
9	79 111
9	83 14
9	85 14
9	79 49
9	84 15
9	83 15
9	85 15
9	79 30
9	84 16
9	84 17
9	83 17
9	85 17
9	79 33
9	84 18
9	84 19
9	83 19
9	85 18
9	79 106
9	84 20
9	83 20
9	85 20
9	79 28
9	84 1
9	84 2
9	83 2
9	85 1
9	79 109
9	83 2
9	85 2
9	79 38
9	84 3
9	83 3
9	85 3
9	79 31
9	84 4
9	84 5
9	83 5
9	85 5
9	79 26
9	84 6
9	84 7
9	83 7
9	85 6
9	79 112
9	83 7
9	85 7
9	79 41
9	84 8
9	84 9
9	83 9
9	85 9
9	79 41
9	84 10
9	83 10
9	85 10
9	79 41
9	84 11
9	84 12
9	83 12
9	85 11
9	79 109
9	83 12
9	85 12
9	79 38
9	84 13
9	84 14
9	83 14
9	85 14
9	79 28
9	84 15
9	84 16
9	83 16
9	85 15
9	79 111
9	84 17
9	83 17
9	85 17
9	79 30
9	84 18
9	84 19
9	83 19
9	85 18
9	79 105
9	83 19
9	85 19
9	79 34
9	84 20
9	83 20
9	85 20
9	79 43
9	84 1
9	84 2
9	83 2
9	85 2
9	79 25
9	84 3
9	84 4
9	83 4
9	85 3
9	79 119
9	84 5
9	84 6
9	83 6
9	85 4
9	79 189
9	83 6
9	85 6
9	79 48
9	84 7
9	84 8
9	83 8
9	85 7
9	79 107
9	84 9
9	83 9
9	85 9
9	79 34
9	84 10
9	84 11
9	83 11
9	85 10
9	79 102
9	83 11
9	85 11
9	79 30
9	84 12
9	84 13
9	83 13
9	85 13
9	79 26
9	84 14
9	84 15
9	83 15
9	85 14
9	79 106
9	83 15
9	85 15
9	79 36
9	84 16
9	84 17
9	83 17
9	85 17
9	79 31
9	84 18
9	84 19
9	83 19
9	85 18
9	79 107
9	83 19
9	85 19
9	79 35
9	84 20
9	84 1
9	83 1
9	85 1
9	79 28
9	84 2
9	84 3
9	83 3
9	85 2
9	79 104
9	83 3
9	85 3
9	79 32
9	84 4
9	84 5
9	83 5
9	85 5
9	79 28
9	84 6
9	84 7
9	83 7
9	85 6
9	79 109
9	83 7
9	85 7
9	79 47
9	84 8
9	84 9
9	83 9
9	85 9
9	79 31
9	84 10
9	84 11
9	83 11
9	85 10
9	79 102
9	83 11
9	85 11
9	79 31
9	84 12
9	83 12
9	85 12
9	79 32
9	84 13
9	84 14
9	83 14
9	85 14
9	79 28
9	84 15
9	84 16
9	83 16
9	85 15
9	79 106
9	83 16
9	85 16
9	79 45
9	84 17
9	84 18
9	83 18
9	85 18
9	79 32
9	84 19
9	84 20
9	83 20
9	85 19
9	79 102
9	83 20
9	85 20
9	79 29
9	84 1
9	83 1
9	85 1
9	79 31
9	84 2
9	84 3
9	83 3
9	85 3
9	79 30
9	84 4
9	84 5
9	83 5
9	85 4
9	79 107
9	83 5
9	85 5
9	79 39
9	84 6
9	84 7
9	83 7
9	85 7
9	79 29
9	84 8
9	84 9
9	84 10
9	83 10
9	85 9
9	79 110
9	83 10
9	85 8
9	79 197
9	84 11
9	83 11
9	85 11
9	79 26
9	84 12
9	84 13
9	83 13
9	85 12
9	79 108
9	83 13
9	85 13
9	79 35
9	84 14
9	83 14
9	85 14
9	79 33
9	84 15
9	84 16
9	83 16
9	85 16
9	79 24
9	84 17
9	84 18
9	83 18
9	85 17
9	79 101
9	83 18
9	85 18
9	79 38
9	84 19
9	84 20
9	83 20
9	85 20
9	79 26
9	84 1
9	84 2
9	83 2
9	85 1
9	79 107
9	83 2
9	85 2
9	79 47
9	84 3
9	83 3
9	85 3
9	79 41
9	84 4
9	84 5
9	83 5
9	85 5
9	79 30
9	84 6
9	84 7
9	83 7
9	85 6
9	79 104
9	83 7
9	85 7
9	79 33
9	84 8
9	83 8
9	85 8
9	79 38
9	84 9
9	84 10
9	TEST_NUMBER 0
9	SENT_TOTAL 250
9	RECEIVED_TOTAL 189
9	TIME_TOTAL 19623
9	RECEIVED_RADIO_1 189
9	RECEIVED_RADIO_2 0
9	SENT_RADIO_1 125
9	SENT_RADIO_2 124
9	RADIO_TIME_1 19763
9	RADIO_TIME_2 19763
9	RETRANSMISSIONS_1 0
9	RETRANSMISSIONS_2 0
9	DROPPED_1 0
9	DROPPED_2 0
9	MAX_QUEUE 1
9	DUPLICATED_1 8
9	DUPLICATED_2 0
9	EBUSY_RADIO_1 0
9	EBUSY_RADIO_2 0
9	83 0
9	85 10
9	86 0
9	84 1
9	84 2
9	83 2
9	85 1
9	79 104
9	83 2
9	85 2
9	79 41
9	84 3
9	84 4
9	83 4
9	85 4
9	79 30
9	84 5
9	84 6
9	83 6
9	85 5
9	79 106
9	83 6
9	85 6
9	79 34
9	84 7
9	83 7
9	85 7
9	79 31
9	84 8
9	84 9
9	83 9
9	85 9
9	79 26
9	84 10
9	84 11
9	83 11
9	85 10
9	79 105
9	83 11
9	85 11
9	79 31
9	84 12
9	84 13
9	83 13
9	85 13
9	79 26
9	84 14
9	84 15
9	83 15
9	85 14
9	79 110
9	83 15
9	85 15
9	79 39
9	84 16
9	84 17
9	83 17
9	85 17
9	79 25
9	84 18
9	84 19
9	83 19
9	85 18
9	79 104
9	83 19
9	85 19
9	79 32
9	84 20
9	83 20
9	85 20
9	79 35
9	84 1
9	84 2
9	83 2
9	85 2
9	79 27
9	84 3
9	84 4
9	83 4
9	85 3
9	79 108
9	83 4
9	85 4
9	79 36
9	84 5
9	84 6
9	83 6
9	85 6
9	79 27
9	84 7
9	84 8
9	83 8
9	85 7
9	79 111
9	83 8
9	85 8
9	79 40
9	84 9
9	83 9
9	85 9
9	79 34
9	84 10
9	84 11
9	83 11
9	85 11
9	79 27
9	84 12
9	84 13
9	83 13
9	85 12
9	79 105
9	83 13
9	85 13
9	79 32
9	84 14
9	84 15
9	83 15
9	85 15
9	79 24
9	84 16
9	84 17
9	83 17
9	85 16
9	79 104
9	83 17
9	85 17
9	79 33
9	84 18
9	84 19
9	83 19
9	85 19
9	79 23
9	84 20
9	84 1
9	83 1
9	85 20
9	79 103
9	83 1
9	85 1
9	79 29
9	84 2
9	84 3
9	83 3
9	85 3
9	79 28
9	84 4
9	84 5
9	83 5
9	85 4
9	79 108
9	83 5
9	85 5
9	79 43
9	84 6
9	83 6
9	85 6
9	79 33
9	84 7
9	84 8
9	83 8
9	85 8
9	79 27
9	84 9
9	84 10
9	83 10
9	85 9
9	79 108
9	83 10
9	85 10
9	79 38
9	84 11
9	84 12
9	83 12
9	85 12
9	79 24
9	84 13
9	84 14
9	83 14
9	85 13
9	79 113
9	83 14
9	85 14
9	79 41
9	84 15
9	84 16
9	83 16
9	85 16
9	79 26
9	84 17
9	84 18
9	83 18
9	85 17
9	79 108
9	83 18
9	85 18
9	79 36
9	84 19
9	83 19
9	85 19
9	79 38
9	84 20
9	84 1
9	83 1
9	85 1
9	79 27
9	84 2
9	84 3
9	83 3
9	85 2
9	79 107
9	83 3
9	85 3
9	79 36
9	84 4
9	84 5
9	83 5
9	85 5
9	79 27
9	84 6
9	84 7
9	83 7
9	85 6
9	79 107
9	84 8
9	83 8
9	85 8
9	79 32
9	84 9
9	84 10
9	83 10
9	85 9
9	79 118
9	83 10
9	85 10
9	79 46
9	84 11
9	83 11
9	85 11
9	79 36
9	84 12
9	84 13
9	83 13
9	85 13
9	79 26
9	84 14
9	84 15
9	83 15
9	85 14
9	79 108
9	83 15
9	85 15
9	79 38
9	84 16
9	84 17
9	83 17
9	85 17
9	79 30
9	84 18
9	84 19
9	83 19
9	85 18
9	79 105
9	83 19
9	85 19
9	79 33
9	84 20
9	84 1
9	83 1
9	85 1
9	79 30
9	84 2
9	84 3
9	83 3
9	85 2
9	79 110
9	83 3
9	85 3
9	79 36
9	84 4
9	84 5
9	83 5
9	85 5
9	79 26
9	84 6
9	84 7
9	83 7
9	85 6
9	79 108
9	83 7
9	85 7
9	79 38
9	84 8
9	84 9
9	83 9
9	85 9
9	79 33
9	84 10
9	84 11
9	83 11
9	85 10
9	79 107
9	83 11
9	85 11
9	79 46
9	84 12
9	84 13
9	83 13
9	85 13
9	79 26
9	84 14
9	84 15
9	83 15
9	85 14
9	79 108
9	83 15
9	85 15
9	79 41
9	84 16
9	84 17
9	83 17
9	85 17
9	79 27
9	84 18
9	84 19
9	83 19
9	85 18
9	79 102
9	83 19
9	85 19
9	79 30
9	84 20
9	83 20
9	85 20
9	79 40
9	84 1
9	84 2
9	83 2
9	85 2
9	79 32
9	84 3
9	84 4
9	83 4
9	85 3
9	79 110
9	83 4
9	85 4
9	79 37
9	84 5
9	83 5
9	85 5
9	79 34
9	84 6
9	84 7
9	83 7
9	85 7
9	79 28
9	84 8
9	84 9
9	83 9
9	85 8
9	79 105
9	83 9
9	85 9
9	79 33
9	84 10
9	83 10
9	85 10
9	79 38
9	84 11
9	84 12
9	83 12
9	85 12
9	79 24
9	84 13
9	84 14
9	83 14
9	85 13
9	79 105
9	84 15
9	83 15
9	85 15
9	79 30
9	84 16
9	84 17
9	83 17
9	85 16
9	79 107
9	83 17
9	85 17
9	79 33
9	84 18
9	84 19
9	83 19
9	85 19
9	79 25
9	84 20
9	84 1
9	83 1
9	85 20
9	79 110
9	83 1
9	85 1
9	79 36
9	84 2
9	84 3
9	83 3
9	85 3
9	79 31
9	84 4
9	84 5
9	83 5
9	85 4
9	79 105
9	83 5
9	85 5
9	79 34
9	84 6
9	83 6
9	85 6
9	79 35
9	84 7
9	84 8
9	83 8
9	85 8
9	79 26
9	84 9
9	84 10
9	83 10
9	85 9
9	79 105
9	83 10
9	85 10
9	79 33
9	84 11
9	83 11
9	85 11
9	79 39
9	84 12
9	84 13
9	83 13
9	85 13
9	79 27
9	84 14
9	84 15
9	83 15
9	85 14
9	79 106
9	83 15
9	85 15
9	79 34
9	84 16
9	84 17
9	83 17
9	85 17
9	79 24
9	84 18
9	84 19
9	83 19
9	85 18
9	79 108
9	83 19
9	85 19
9	79 35
9	84 20
9	84 1
9	83 1
9	85 1
9	79 27
9	84 2
9	84 3
9	83 3
9	85 2
9	79 109
9	83 3
9	85 3
9	79 34
9	84 4
9	83 4
9	85 4
9	79 38
9	84 5
9	84 6
9	83 6
9	85 6
9	79 26
9	84 7
9	84 8
9	83 8
9	85 7
9	79 107
9	83 8
9	85 8
9	79 37
9	84 9
9	83 9
9	85 9
9	79 32
9	84 10
9	84 11
9	83 11
9	85 11
9	79 28
9	84 12
9	84 13
9	83 13
9	85 12
9	79 106
9	83 13
9	85 13
9	79 49
9	84 14
9	84 15
9	83 15
9	85 15
9	79 27
9	84 16
9	84 17
9	83 17
9	85 16
9	79 106
9	83 17
9	85 17
9	79 44
9	84 18
9	84 19
9	83 19
9	85 19
9	79 30
9	84 20
9	84 1
9	83 1
9	85 20
9	79 107
9	83 1
9	85 1
9	79 36
9	84 2
9	83 2
9	85 2
9	79 34
9	84 3
9	84 4
9	83 4
9	85 4
9	79 25
9	84 5
9	84 6
9	83 6
9	85 5
9	79 102
9	83 6
9	85 6
9	79 30
9	84 7
9	83 7
9	85 7
9	79 32
9	84 8
9	84 9
9	83 9
9	85 9
9	79 26
9	84 10
9	84 11
9	83 11
9	85 10
9	79 108
9	83 11
9	85 11
9	79 40
9	84 12
9	83 12
9	85 12
9	79 40
9	84 13
9	84 14
9	83 14
9	85 14
9	79 23
9	84 15
9	84 16
9	83 16
9	85 15
9	79 110
9	83 16
9	85 16
9	79 39
9	84 17
9	84 18
9	83 18
9	85 18
9	79 25
9	84 19
9	84 20
9	83 20
9	85 19
9	79 118
9	84 1
9	83 1
9	85 1
9	79 24
9	84 2
9	84 3
9	83 3
9	85 2
9	79 113
9	83 3
9	85 3
9	79 50
9	84 4
9	84 5
9	83 5
9	85 5
9	79 30
9	84 6
9	84 7
9	83 7
9	85 6
9	79 105
9	83 7
9	85 7
9	79 34
9	84 8
9	83 8
9	85 8
9	79 33
9	84 9
9	84 10
9	83 10
9	85 10
9	79 25
9	84 11
9	84 12
9	83 12
9	85 11
9	79 111
9	83 12
9	85 12
9	79 38
9	84 13
9	83 13
9	85 13
9	79 35
9	84 14
9	84 15
9	83 15
9	85 15
9	79 31
9	84 16
9	84 17
9	83 17
9	85 16
9	79 109
9	83 17
9	85 17
9	79 36
9	84 18
9	84 19
9	83 19
9	85 19
9	79 24
9	84 20
9	84 1
9	83 1
9	85 20
9	79 111
9	83 1
9	85 1
9	79 41
9	84 2
9	84 3
9	83 3
9	85 3
9	79 31
9	84 4
9	84 5
9	83 5
9	85 4
9	79 105
9	83 5
9	85 5
9	79 35
9	84 6
9	84 7
9	83 7
9	85 7
9	79 30
9	84 8
9	84 9
9	83 9
9	85 8
9	79 107
9	83 9
9	85 9
9	79 45
9	84 10
9	83 10
9	85 10
9	79 36
9	84 11
9	84 12
9	83 12
9	85 12
9	79 21
9	84 13
9	84 14
9	83 14
9	85 13
9	79 110
9	83 14
9	85 14
9	79 39
9	84 15
9	84 16
9	83 16
9	85 16
9	79 30
9	84 17
9	84 18
9	83 18
9	85 17
9	79 104
9	83 18
9	85 18
9	79 32
9	84 19
9	83 19
9	85 19
9	79 38
9	84 20
9	84 1
9	83 1
9	85 1
9	79 27
9	84 2
9	84 3
9	83 3
9	85 2
9	79 105
9	83 3
9	85 3
9	79 44
9	84 4
9	84 5
9	83 5
9	85 5
9	79 23
9	84 6
9	84 7
9	83 7
9	85 6
9	79 107
9	83 7
9	85 7
9	79 36
9	84 8
9	84 9
9	83 9
9	85 9
9	79 30
9	84 10
9	84 11
9	83 11
9	85 10
9	79 112
9	84 12
9	84 13
9	83 13
9	85 12
9	79 105
9	83 13
9	85 13
9	79 38
9	84 14
9	83 14
9	85 14
9	79 33
9	84 15
9	84 16
9	83 16
9	85 16
9	79 28
9	84 17
9	84 18
9	83 18
9	85 17
9	79 101
9	83 18
9	85 18
9	79 30
9	84 19
9	83 19
9	85 19
9	79 32
9	84 20
9	84 1
9	83 1
9	85 1
9	79 31
9	84 2
9	84 3
9	83 3
9	85 2
9	79 107
9	83 3
9	85 3
9	79 34
9	84 4
9	83 4
9	85 4
9	79 34
9	84 5
9	84 6
9	83 6
9	85 6
9	79 26
9	84 7
9	84 8
9	83 8
9	85 7
9	79 119
9	84 9
9	84 10
9	TEST_NUMBER 1
9	SENT_TOTAL 250
9	RECEIVED_TOTAL 190
9	TIME_TOTAL 29737
9	RECEIVED_RADIO_1 191
9	RECEIVED_RADIO_2 0
9	SENT_RADIO_1 125
9	SENT_RADIO_2 125
9	RADIO_TIME_1 29778
9	RADIO_TIME_2 19763
9	RETRANSMISSIONS_1 0
9	RETRANSMISSIONS_2 0
9	DROPPED_1 0
9	DROPPED_2 0
9	MAX_QUEUE 1
9	DUPLICATED_1 4
9	DUPLICATED_2 0
9	EBUSY_RADIO_1 0
9	EBUSY_RADIO_2 0
9	83 0
9	85 8
9	86 1
9	83 0
9	85 10
9	86 1
9	84 1
9	84 2
9	83 2
9	85 2
9	79 27
9	84 3
9	84 4
9	83 4
9	85 3
9	79 108
9	83 4
9	85 4
9	79 37
9	84 5
9	83 5
9	85 5
9	79 36
9	84 6
9	84 7
9	83 7
9	85 7
9	79 24
9	84 8
9	84 9
9	83 9
9	85 8
9	79 109
9	83 9
9	85 9
9	79 38
9	84 10
9	84 11
9	83 11
9	85 11
9	79 27
9	84 12
9	84 13
9	83 13
9	85 12
9	79 109
9	83 13
9	85 13
9	79 37
9	84 14
9	83 14
9	85 14
9	79 38
9	84 15
9	84 16
9	83 16
9	85 16
9	79 25
9	84 17
9	84 18
9	83 18
9	85 17
9	79 117
9	84 19
9	84 20
9	83 20
9	85 18
9	79 195
9	83 20
9	85 20
9	79 45
9	84 1
9	84 2
9	83 2
9	85 1
9	79 105
9	83 2
9	85 2
9	79 35
9	84 3
9	84 4
9	83 4
9	85 4
9	79 26
9	84 5
9	84 6
9	83 6
9	85 5
9	79 106
9	83 6
9	85 6
9	79 36
9	84 7
9	84 8
9	83 8
9	85 8
9	79 30
9	84 9
9	84 10
9	83 10
9	85 9
9	79 111
9	83 10
9	85 10
9	79 41
9	84 11
9	84 12
9	83 12
9	85 12
9	79 25
9	84 13
9	84 14
9	83 14
9	85 13
9	79 107
9	83 14
9	85 14
9	79 36
9	84 15
9	84 16
9	83 16
9	85 16
9	79 27
9	84 17
9	84 18
9	83 18
9	85 17
9	79 111
9	83 18
9	85 18
9	79 40
9	84 19
9	84 20
9	83 20
9	85 20
9	79 30
9	84 1
9	84 2
9	83 2
9	85 1
9	79 115
9	84 3
9	83 3
9	85 3
9	79 30
9	84 4
9	84 5
9	83 5
9	85 4
9	79 108
9	83 5
9	85 5
9	79 37
9	84 6
9	83 6
9	85 6
9	79 38
9	84 7
9	84 8
9	83 8
9	85 8
9	79 25
9	84 9
9	84 10
9	83 10
9	85 9
9	79 106
9	83 10
9	85 10
9	79 35
9	84 11
9	84 12
9	83 12
9	85 12
9	79 30
9	84 13
9	84 14
9	83 14
9	85 13
9	79 109
9	83 14
9	85 14
9	79 35
9	84 15
9	84 16
9	83 16
9	85 16
9	79 25
9	84 17
9	84 18
9	83 18
9	85 17
9	79 108
9	83 18
9	85 18
9	79 37
9	84 19
9	84 20
9	83 20
9	85 20
9	79 29
9	84 1
9	84 2
9	83 2
9	85 1
9	79 107
9	83 2
9	85 2
9	79 33
9	84 3
9	84 4
9	83 4
9	85 4
9	79 24
9	84 5
9	84 6
9	83 6
9	85 5
9	79 108
9	83 6
9	85 6
9	79 37
9	84 7
9	84 8
9	83 8
9	85 8
9	79 25
9	84 9
9	84 10
9	83 10
9	85 9
9	79 109
9	83 10
9	85 10
9	79 47
9	84 11
9	84 12
9	83 12
9	85 12
9	79 27
9	84 13
9	84 14
9	83 14
9	85 13
9	79 108
9	83 14
9	85 14
9	79 37
9	84 15
9	83 15
9	85 15
9	79 42
9	84 16
9	84 17
9	83 17
9	85 17
9	79 27
9	84 18
9	84 19
9	83 19
9	85 18
9	79 112
9	83 19
9	85 19
9	79 47
9	84 20
9	84 1
9	83 1
9	85 1
9	79 25
9	84 2
9	84 3
9	83 3
9	85 2
9	79 108
9	83 3
9	85 3
9	79 36
9	84 4
9	83 4
9	85 4
9	79 33
9	84 5
9	84 6
9	83 6
9	85 6
9	79 30
9	84 7
9	84 8
9	83 8
9	85 7
9	79 109
9	83 8
9	85 8
9	79 35
9	84 9
9	83 9
9	85 9
9	79 37
9	84 10
9	84 11
9	83 11
9	85 11
9	79 25
9	84 12
9	84 13
9	83 13
9	85 12
9	79 111
9	83 13
9	85 13
9	79 42
9	84 14
9	83 14
9	85 14
9	79 36
9	84 15
9	84 16
9	83 16
9	85 16
9	79 29
9	84 17
9	84 18
9	83 18
9	85 17
9	79 110
9	83 18
9	85 18
9	79 41
9	84 19
9	83 19
9	85 19
9	79 34
9	84 20
9	84 1
9	83 1
9	85 1
9	79 28
9	84 2
9	84 3
9	83 3
9	85 2
9	79 109
9	83 3
9	85 3
9	79 40
9	84 4
9	83 4
9	85 4
9	79 38
9	84 5
9	84 6
9	83 6
9	85 6
9	79 31
9	84 7
9	84 8
9	83 8
9	85 7
9	79 113
9	83 8
9	85 8
9	79 41
9	84 9
9	83 9
9	85 9
9	79 29
9	84 10
9	84 11
9	83 11
9	85 11
9	79 24
9	84 12
9	84 13
9	83 13
9	85 12
9	79 101
9	83 13
9	85 13
9	79 31
9	84 14
9	83 14
9	85 14
9	79 44
9	84 15
9	84 16
9	83 16
9	85 16
9	79 33
9	84 17
9	84 18
9	83 18
9	85 17
9	79 105
9	83 18
9	85 18
9	79 33
9	84 19
9	83 19
9	85 19
9	79 32
9	84 20
9	84 1
9	83 1
9	85 1
9	79 30
9	84 2
9	84 3
9	83 3
9	85 2
9	79 107
9	83 3
9	85 3
9	79 37
9	84 4
9	83 4
9	85 4
9	79 31
9	84 5
9	84 6
9	83 6
9	85 6
9	79 30
9	84 7
9	84 8
9	83 8
9	85 7
9	79 109
9	83 8
9	85 8
9	79 35
9	84 9
9	84 10
9	83 10
9	85 10
9	79 26
9	84 11
9	84 12
9	83 12
9	85 11
9	79 108
9	83 12
9	85 12
9	79 35
9	84 13
9	84 14
9	83 14
9	85 14
9	79 32
9	84 15
9	84 16
9	83 16
9	85 15
9	79 105
9	83 16
9	85 16
9	79 36
9	84 17
9	83 17
9	85 17
9	79 41
9	84 18
9	84 19
9	83 19
9	85 19
9	79 25
9	84 20
9	84 1
9	83 1
9	85 20
9	79 108
9	84 2
9	83 2
9	85 2
9	79 28
9	84 3
9	84 4
9	83 4
9	85 3
9	79 106
9	83 4
9	85 4
9	79 34
9	84 5
9	84 6
9	83 6
9	85 6
9	79 28
9	84 7
9	84 8
9	83 8
9	85 7
9	79 107
9	83 8
9	85 8
9	79 45
9	84 9
9	84 10
9	83 10
9	85 10
9	79 30
9	84 11
9	84 12
9	83 12
9	85 11
9	79 102
9	83 12
9	85 12
9	79 31
9	84 13
9	84 14
9	84 15
9	83 15
9	85 13
9	79 188
9	83 15
9	85 15
9	79 37
9	84 16
9	84 17
9	83 17
9	85 16
9	79 111
9	84 18
9	83 18
9	85 18
9	79 25
9	84 19
9	84 20
9	83 20
9	85 19
9	79 105
9	83 20
9	85 20
9	79 33
9	84 1
9	83 1
9	85 1
9	79 42
9	84 2
9	84 3
9	83 3
9	85 3
9	79 27
9	84 4
9	84 5
9	83 5
9	85 4
9	79 112
9	83 5
9	85 5
9	79 46
9	84 6
9	84 7
9	83 7
9	85 7
9	79 21
9	84 8
9	84 9
9	83 9
9	85 8
9	79 107
9	83 9
9	85 9
9	79 33
9	84 10
9	83 10
9	85 10
9	79 31
9	84 11
9	84 12
9	83 12
9	85 12
9	79 29
9	84 13
9	84 14
9	83 14
9	85 13
9	79 105
9	83 14
9	85 14
9	79 37
9	84 15
9	83 15
9	85 15
9	79 36
9	84 16
9	84 17
9	83 17
9	85 17
9	79 22
9	84 18
9	84 19
9	83 19
9	85 18
9	79 108
9	83 19
9	85 19
9	79 36
9	84 20
9	84 1
9	83 1
9	85 1
9	79 30
9	84 2
9	84 3
9	83 3
9	85 2
9	79 104
9	83 3
9	85 3
9	79 34
9	84 4
9	83 4
9	85 4
9	79 36
9	84 5
9	84 6
9	83 6
9	85 6
9	79 30
9	84 7
9	84 8
9	83 8
9	85 7
9	79 107
9	83 8
9	85 8
9	79 41
9	84 9
9	84 10
9	83 10
9	85 10
9	79 27
9	84 11
9	84 12
9	83 12
9	85 11
9	79 107
9	83 12
9	85 12
9	79 38
9	84 13
9	84 14
9	83 14
9	85 14
9	79 29
9	84 15
9	84 16
9	83 16
9	85 15
9	79 105
9	83 16
9	85 16
9	79 35
9	84 17
9	83 17
9	85 17
9	79 35
9	84 18
9	84 19
9	83 19
9	85 19
9	79 27
9	84 20
9	84 1
9	83 1
9	85 20
9	79 114
9	84 2
9	84 3
9	83 3
9	85 1
9	79 187
9	84 4
9	83 4
9	85 3
9	79 114
9	83 4
9	85 4
9	79 40
9	84 5
9	83 5
9	85 5
9	79 45
9	84 6
9	84 7
9	83 7
9	85 7
9	79 32
9	84 8
9	84 9
9	83 9
9	85 8
9	79 105
9	83 9
9	85 9
9	79 35
9	84 10
9	84 11
9	83 11
9	85 11
9	79 28
9	84 12
9	84 13
9	83 13
9	85 12
9	79 113
9	83 13
9	85 13
9	79 40
9	84 14
9	84 15
9	83 15
9	85 15
9	79 27
9	84 16
9	84 17
9	83 17
9	85 16
9	79 106
9	83 17
9	85 17
9	79 34
9	84 18
9	84 19
9	83 19
9	85 19
9	79 27
9	84 20
9	84 1
9	83 1
9	85 20
9	79 110
9	83 1
9	85 1
9	79 37
9	84 2
9	84 3
9	83 3
9	85 3
9	79 30
9	84 4
9	84 5
9	83 5
9	85 4
9	79 105
9	83 5
9	85 5
9	79 32
9	84 6
9	83 6
9	85 6
9	79 38
9	84 7
9	84 8
9	83 8
9	85 8
9	79 26
9	84 9
9	84 10
9	83 10
9	85 9
9	79 104
9	83 10
9	85 10
9	79 34
9	84 11
9	84 12
9	83 12
9	85 12
9	79 30
9	84 13
9	84 14
9	83 14
9	85 13
9	79 107
9	83 14
9	85 14
9	79 35
9	84 15
9	83 15
9	85 15
9	79 40
9	84 16
9	84 17
9	83 17
9	85 17
9	79 25
9	84 18
9	84 19
9	83 19
9	85 18
9	79 105
9	83 19
9	85 19
9	79 34
9	84 20
9	83 20
9	85 20
9	79 36
9	84 1
9	84 2
9	83 2
9	85 2
9	79 30
9	84 3
9	84 4
9	83 4
9	85 3
9	79 109
9	83 4
9	85 4
9	79 38
9	84 5
9	83 5
9	85 5
9	79 34
9	84 6
9	84 7
9	83 7
9	85 7
9	79 29
9	84 8
9	84 9
9	83 9
9	85 8
9	79 104
9	83 9
9	85 9
9	79 40
9	84 10
9	TEST_NUMBER 2
9	SENT_TOTAL 250
9	RECEIVED_TOTAL 192
9	TIME_TOTAL 29819
9	RECEIVED_RADIO_1 194
9	RECEIVED_RADIO_2 0
9	SENT_RADIO_1 126
9	SENT_RADIO_2 124
9	RADIO_TIME_1 29819
9	RADIO_TIME_2 19763
9	RETRANSMISSIONS_1 0
9	RETRANSMISSIONS_2 2
9	DROPPED_1 0
9	DROPPED_2 0
9	MAX_QUEUE 1
9	DUPLICATED_1 3
9	DUPLICATED_2 0
9	EBUSY_RADIO_1 0
9	EBUSY_RADIO_2 0
9	84 1
9	83 1
9	85 1
9	79 29
9	84 2
9	84 3
9	83 3
9	85 2
9	79 104
9	83 3
9	85 3
9	79 30
9	84 4
9	83 4
9	85 4
9	79 41
9	84 5
9	84 6
9	83 6
9	85 6
9	79 23
9	84 7
9	84 8
9	83 8
9	85 7
9	79 107
9	83 8
9	85 8
9	79 36
9	84 9
9	84 10
9	83 10
9	85 10
9	79 31
9	84 11
9	84 12
9	83 12
9	85 11
9	79 104
9	83 12
9	85 12
9	79 32
9	84 13
9	83 13
9	85 13
9	79 42
9	84 14
9	84 15
9	83 15
9	85 15
9	79 26
9	84 16
9	84 17
9	83 17
9	85 16
9	79 105
9	83 17
9	85 17
9	79 31
9	84 18
9	83 18
9	85 18
9	79 42
9	84 19
9	84 20
9	83 20
9	85 20
9	79 25
9	84 1
9	84 2
9	83 2
9	85 1
9	79 113
9	83 2
9	85 2
9	79 42
9	84 3
9	84 4
9	83 4
9	85 4
9	79 30
9	84 5
9	84 6
9	83 6
9	85 5
9	79 112
9	83 6
9	85 6
9	79 43
9	84 7
9	83 7
9	85 7
9	79 34
9	84 8
9	84 9
9	83 9
9	85 9
9	79 27
9	84 10
9	84 11
9	83 11
9	85 10
9	79 106
9	83 11
9	85 11
9	79 38
9	84 12
9	84 13
9	83 13
9	85 13
9	79 30
9	84 14
9	84 15
9	83 15
9	85 14
9	79 105
9	83 15
9	85 15
9	79 34
9	84 16
9	83 16
9	85 16
9	79 34
9	84 17
9	84 18
9	83 18
9	85 18
9	79 26
9	84 19
9	84 20
9	83 20
9	85 19
9	79 109
9	83 20
9	85 20
9	79 35
9	84 1
9	83 1
9	85 1
9	79 36
9	84 2
9	84 3
9	83 3
9	85 3
9	79 28
9	84 4
9	84 5
9	83 5
9	85 4
9	79 109
9	83 5
9	85 5
9	79 39
9	84 6
9	84 7
9	83 7
9	85 7
9	79 32
9	84 8
9	84 9
9	83 9
9	85 8
9	79 104
9	83 9
9	85 9
9	79 41
9	84 10
9	84 11
9	83 11
9	85 11
9	79 24
9	84 12
9	84 13
9	83 13
9	85 12
9	79 111
9	83 13
9	85 13
9	79 40
9	84 14
9	84 15
9	83 15
9	85 15
9	79 28
9	84 16
9	84 17
9	83 17
9	85 16
9	79 103
9	83 17
9	85 17
9	79 31
9	84 18
9	83 18
9	85 18
9	79 51
9	84 19
9	84 20
9	83 20
9	85 20
9	79 24
9	84 1
9	84 2
9	83 2
9	85 1
9	79 103
9	83 2
9	85 2
9	79 31
9	84 3
9	83 3
9	85 3
9	79 30
9	84 4
9	84 5
9	83 5
9	85 5
9	79 30
9	84 6
9	84 7
9	83 7
9	85 6
9	79 101
9	83 7
9	85 7
9	79 30
9	84 8
9	83 8
9	85 8
9	79 40
9	84 9
9	84 10
9	83 10
9	85 10
9	79 29
9	84 11
9	84 12
9	83 12
9	85 11
9	79 107
9	83 12
9	85 12
9	79 48
9	84 13
9	84 14
9	83 14
9	85 14
9	79 27
9	84 15
9	84 16
9	83 16
9	85 15
9	79 107
9	83 16
9	85 16
9	79 38
9	84 17
9	83 17
9	85 17
9	79 32
9	84 18
9	84 19
9	83 19
9	85 19
9	79 26
9	84 20
9	84 1
9	83 1
9	85 20
9	79 109
9	83 1
9	85 1
9	79 41
9	84 2
9	84 3
9	83 3
9	85 3
9	79 28
9	84 4
9	84 5
9	83 5
9	85 4
9	79 108
9	83 5
9	85 5
9	79 35
9	84 6
9	83 6
9	85 6
9	79 34
9	84 7
9	84 8
9	83 8
9	85 8
9	79 27
9	84 9
9	84 10
9	83 10
9	85 9
9	79 128
9	84 11
9	84 12
9	83 12
9	85 10
9	79 192
9	83 12
9	85 12
9	79 42
9	84 13
9	84 14
9	83 14
9	85 13
9	79 104
9	84 15
9	83 15
9	85 15
9	79 26
9	84 16
9	84 17
9	83 17
9	85 16
9	79 106
9	83 17
9	85 17
9	79 42
9	84 18
9	84 19
9	83 19
9	85 19
9	79 31
9	84 20
9	84 1
9	83 1
9	85 20
9	79 107
9	83 1
9	85 1
9	79 35
9	84 2
9	84 3
9	83 3
9	85 3
9	79 29
9	84 4
9	84 5
9	83 5
9	85 4
9	79 106
9	83 5
9	85 5
9	79 34
9	84 6
9	84 7
9	83 7
9	85 7
9	79 29
9	84 8
9	84 9
9	83 9
9	85 8
9	79 106
9	83 9
9	85 9
9	79 35
9	84 10
9	84 11
9	83 11
9	85 11
9	79 27
9	84 12
9	84 13
9	83 13
9	85 12
9	79 109
9	83 13
9	85 13
9	79 36
9	84 14
9	83 14
9	85 14
9	79 33
9	84 15
9	84 16
9	83 16
9	85 16
9	79 23
9	84 17
9	84 18
9	83 18
9	85 17
9	79 110
9	83 18
9	85 18
9	79 36
9	84 19
9	84 20
9	83 20
9	85 20
9	79 24
9	84 1
9	84 2
9	83 2
9	85 1
9	79 103
9	83 2
9	85 2
9	79 33
9	84 3
9	83 3
9	85 3
9	79 39
9	84 4
9	84 5
9	83 5
9	85 5
9	79 23
9	84 6
9	84 7
9	83 7
9	85 6
9	79 109
9	83 7
9	85 7
9	79 40
9	84 8
9	84 9
9	83 9
9	85 9
9	79 26
9	84 10
9	84 11
9	83 11
9	85 10
9	79 110
9	83 11
9	85 11
9	79 37
9	84 12
9	84 13
9	83 13
9	85 13
9	79 28
9	84 14
9	84 15
9	83 15
9	85 14
9	79 107
9	83 15
9	85 15
9	79 34
9	84 16
9	83 16
9	85 16
9	79 35
9	84 17
9	84 18
9	83 18
9	85 18
9	79 28
9	84 19
9	84 20
9	83 20
9	85 19
9	79 112
9	83 20
9	85 20
9	79 42
9	84 1
9	83 1
9	85 1
9	79 35
9	84 2
9	84 3
9	83 3
9	85 3
9	79 28
9	84 4
9	84 5
9	83 5
9	85 4
9	79 107
9	83 5
9	85 5
9	79 37
9	84 6
9	84 7
9	83 7
9	85 7
9	79 29
9	84 8
9	84 9
9	83 9
9	85 8
9	79 108
9	83 9
9	85 9
9	79 38
9	84 10
9	84 11
9	83 11
9	85 11
9	79 33
9	84 12
9	84 13
9	83 13
9	85 12
9	79 107
9	84 14
9	83 14
9	85 14
9	79 25
9	84 15
9	84 16
9	83 16
9	85 15
9	79 112
9	83 16
9	85 16
9	79 39
9	84 17
9	84 18
9	83 18
9	85 18
9	79 26
9	84 19
9	84 20
9	83 20
9	85 19
9	79 105
9	83 20
9	85 20
9	79 36
9	84 1
9	83 1
9	85 1
9	79 50
9	84 2
9	84 3
9	83 3
9	85 3
9	79 24
9	84 4
9	84 5
9	83 5
9	85 4
9	79 108
9	83 5
9	85 5
9	79 34
9	84 6
9	84 7
9	83 7
9	85 7
9	79 29
9	84 8
9	84 9
9	83 9
9	85 8
9	79 105
9	83 9
9	85 9
9	79 35
9	84 10
9	83 10
9	85 10
9	79 37
9	84 11
9	84 12
9	83 12
9	85 12
9	79 22
9	84 13
9	84 14
9	83 14
9	85 13
9	79 117
9	84 15
9	83 15
9	85 15
9	79 30
9	84 16
9	84 17
9	83 17
9	85 16
9	79 111
9	83 17
9	85 17
9	79 42
9	84 18
9	84 19
9	83 19
9	85 19
9	79 30
9	84 20
9	84 1
9	83 1
9	85 20
9	79 107
9	83 1
9	85 1
9	79 35
9	84 2
9	84 3
9	83 3
9	85 3
9	79 24
9	84 4
9	84 5
9	83 5
9	85 4
9	79 108
9	83 5
9	85 5
9	79 43
9	84 6
9	83 6
9	85 6
9	79 31
9	84 7
9	84 8
9	83 8
9	85 8
9	79 23
9	84 9
9	84 10
9	83 10
9	85 9
9	79 111
9	83 10
9	85 10
9	79 42
9	84 11
9	84 12
9	83 12
9	85 12
9	79 28
9	84 13
9	84 14
9	83 14
9	85 13
9	79 111
9	83 14
9	85 14
9	79 37
9	84 15
9	83 15
9	85 15
9	79 36
9	84 16
9	84 17
9	83 17
9	85 17
9	79 26
9	84 18
9	84 19
9	83 19
9	85 18
9	79 110
9	83 19
9	85 19
9	79 38
9	84 20
9	83 20
9	85 20
9	79 33
9	84 1
9	84 2
9	83 2
9	85 2
9	79 26
9	84 3
9	84 4
9	83 4
9	85 3
9	79 109
9	84 5
9	83 5
9	85 5
9	79 27
9	84 6
9	84 7
9	83 7
9	85 6
9	79 110
9	83 7
9	85 7
9	79 39
9	84 8
9	84 9
9	83 9
9	85 9
9	79 24
9	84 10
9	84 11
9	83 11
9	85 10
9	79 104
9	83 11
9	85 11
9	79 31
9	84 12
9	84 13
9	83 13
9	85 13
9	79 24
9	84 14
9	84 15
9	83 15
9	85 14
9	79 107
9	83 15
9	85 15
9	79 41
9	84 16
9	84 17
9	83 17
9	85 17
9	79 25
9	84 18
9	84 19
9	83 19
9	85 18
9	79 106
9	83 19
9	85 19
9	79 36
9	84 20
9	84 1
9	83 1
9	85 1
9	79 32
9	84 2
9	84 3
9	83 3
9	85 2
9	79 107
9	83 3
9	85 3
9	79 44
9	84 4
9	83 4
9	85 4
9	79 38
9	84 5
9	84 6
9	83 6
9	85 6
9	79 26
9	84 7
9	84 8
9	83 8
9	85 7
9	79 109
9	83 8
9	85 8
9	79 39
9	84 9
9	83 9
9	85 9
9	79 30
9	84 10
9	84 11
9	83 11
9	85 11
9	79 25
9	84 12
9	84 13
9	83 13
9	85 12
9	79 109
9	83 13
9	85 13
9	79 36
9	84 14
9	84 15
9	83 15
9	85 15
9	79 29
9	84 16
9	84 17
9	83 17
9	85 16
9	79 105
9	83 17
9	85 17
9	79 32
9	84 18
9	83 18
9	85 18
9	79 37
9	84 19
9	84 20
9	83 20
9	85 20
9	79 27
9	84 1
9	84 2
9	83 2
9	85 1
9	79 109
9	83 2
9	85 2
9	79 38
9	84 3
9	84 4
9	83 4
9	85 4
9	79 30
9	84 5
9	84 6
9	83 6
9	85 5
9	79 104
9	83 6
9	85 6
9	79 32
9	84 7
9	83 7
9	85 7
9	79 46
9	84 8
9	84 9
9	83 9
9	85 9
9	79 32
9	84 10
9	TEST_NUMBER 3
9	SENT_TOTAL 250
9	RECEIVED_TOTAL 192
9	TIME_TOTAL 19766
9	RECEIVED_RADIO_1 192
9	RECEIVED_RADIO_2 0
9	SENT_RADIO_1 125
9	SENT_RADIO_2 125
9	RADIO_TIME_1 19795
9	RADIO_TIME_2 19763
9	RETRANSMISSIONS_1 0
9	RETRANSMISSIONS_2 0
9	DROPPED_1 0
9	DROPPED_2 0
9	MAX_QUEUE 1
9	DUPLICATED_1 3
9	DUPLICATED_2 0
9	EBUSY_RADIO_1 0
9	EBUSY_RADIO_2 0
9	83 0
9	85 10
9	86 3
9	84 1
9	84 2
9	83 2
9	85 2
9	79 24
9	84 3
9	84 4
9	83 4
9	85 3
9	79 104
9	83 4
9	85 4
9	79 33
9	84 5
9	83 5
9	85 5
9	79 42
9	84 6
9	84 7
9	83 7
9	85 7
9	79 22
9	84 8
9	84 9
9	83 9
9	85 8
9	79 108
9	83 9
9	85 9
9	79 37
9	84 10
9	83 10
9	85 10
9	79 40
9	84 11
9	84 12
9	83 12
9	85 12
9	79 26
9	84 13
9	84 14
9	83 14
9	85 13
9	79 126
9	84 15
9	84 16
9	83 16
9	85 14
9	79 189
9	84 17
9	83 17
9	85 16
9	79 111
9	83 17
9	85 17
9	79 47
9	84 18
9	83 18
9	85 18
9	79 38
9	84 19
9	84 20
9	83 20
9	85 20
9	79 24
9	84 1
9	84 2
9	83 2
9	85 1
9	79 106
9	83 2
9	85 2
9	79 35
9	84 3
9	84 4
9	83 4
9	85 4
9	79 24
9	84 5
9	84 6
9	83 6
9	85 5
9	79 105
9	83 6
9	85 6
9	79 37
9	84 7
9	83 7
9	85 7
9	79 40
9	84 8
9	84 9
9	83 9
9	85 9
9	79 23
9	84 10
9	84 11
9	83 11
9	85 10
9	79 108
9	84 12
9	84 13
9	83 13
9	85 13
9	79 29
9	84 14
9	83 14
9	85 12
9	79 193
9	83 14
9	85 14
9	79 39
9	84 15
9	84 16
9	83 16
9	85 15
9	79 103
9	84 17
9	83 17
9	85 17
9	79 30
9	84 18
9	84 19
9	83 19
9	85 18
9	79 114
9	84 20
9	84 1
9	83 1
9	85 20
9	79 125
9	84 2
9	84 3
9	83 3
9	85 1
9	79 185
9	84 4
9	83 4
9	85 3
9	79 105
9	83 4
9	85 4
9	79 33
9	84 5
9	83 5
9	85 5
9	79 34
9	84 6
9	84 7
9	83 7
9	85 7
9	79 29
9	84 8
9	84 9
9	83 9
9	85 8
9	79 105
9	83 9
9	85 9
9	79 32
9	84 10
9	83 10
9	85 10
9	79 38
9	84 11
9	84 12
9	83 12
9	85 12
9	79 29
9	84 13
9	84 14
9	83 14
9	85 13
9	79 109
9	84 15
9	83 15
9	85 15
9	79 25
9	84 16
9	84 17
9	83 17
9	85 16
9	79 105
9	83 17
9	85 17
9	79 44
9	84 18
9	84 19
9	83 19
9	85 19
9	79 30
9	84 20
9	84 1
9	83 1
9	85 20
9	79 107
9	83 1
9	85 1
9	79 34
9	84 2
9	83 2
9	85 2
9	79 34
9	84 3
9	84 4
9	83 4
9	85 4
9	79 31
9	84 5
9	84 6
9	83 6
9	85 5
9	79 107
9	83 6
9	85 6
9	79 36
9	84 7
9	84 8
9	83 8
9	85 8
9	79 27
9	84 9
9	84 10
9	83 10
9	85 9
9	79 109
9	83 10
9	85 10
9	79 35
9	84 11
9	84 12
9	83 12
9	85 12
9	79 31
9	84 13
9	84 14
9	83 14
9	85 13
9	79 108
9	83 14
9	85 14
9	79 36
9	84 15
9	84 16
9	83 16
9	85 16
9	79 28
9	84 17
9	84 18
9	83 18
9	85 17
9	79 111
9	84 19
9	83 19
9	85 19
9	79 29
9	84 20
9	84 1
9	83 1
9	85 20
9	79 107
9	83 1
9	85 1
9	79 38
9	84 2
9	83 2
9	85 2
9	79 36
9	84 3
9	84 4
9	83 4
9	85 4
9	79 24
9	84 5
9	84 6
9	83 6
9	85 5
9	79 103
9	83 6
9	85 6
9	79 29
9	84 7
9	84 8
9	83 8
9	85 8
9	79 30
9	84 9
9	84 10
9	83 10
9	85 9
9	79 116
9	83 10
9	85 10
9	79 45
9	84 11
9	84 12
9	83 12
9	85 12
9	79 27
9	84 13
9	84 14
9	83 14
9	85 13
9	79 110
9	83 14
9	85 14
9	79 47
9	84 15
9	83 15
9	85 15
9	79 38
9	84 16
9	84 17
9	83 17
9	85 17
9	79 26
9	84 18
9	84 19
9	83 19
9	85 18
9	79 108
9	83 19
9	85 19
9	79 40
9	84 20
9	83 20
9	85 20
9	79 36
9	84 1
9	84 2
9	83 2
9	85 2
9	79 26
9	84 3
9	84 4
9	83 4
9	85 3
9	79 106
9	84 5
9	83 5
9	85 5
9	79 28
9	84 6
9	84 7
9	83 7
9	85 6
9	79 106
9	83 7
9	85 7
9	79 33
9	84 8
9	84 9
9	83 9
9	85 9
9	79 25
9	84 10
9	84 11
9	83 11
9	85 10
9	79 104
9	83 11
9	85 11
9	79 32
9	84 12
9	83 12
9	85 12
9	79 38
9	84 13
9	84 14
9	83 14
9	85 14
9	79 30
9	84 15
9	84 16
9	83 16
9	85 15
9	79 109
9	84 17
9	83 17
9	85 17
9	79 29
9	84 18
9	84 19
9	83 19
9	85 18
9	79 103
9	83 19
9	85 19
9	79 33
9	84 20
9	83 20
9	85 20
9	79 35
9	84 1
9	84 2
9	83 2
9	85 2
9	79 31
9	84 3
9	84 4
9	83 4
9	85 3
9	79 109
9	83 4
9	85 4
9	79 39
9	84 5
9	84 6
9	83 6
9	85 6
9	79 26
9	84 7
9	84 8
9	83 8
9	85 7
9	79 109
9	83 8
9	85 8
9	79 39
9	84 9
9	84 10
9	83 10
9	85 10
9	79 23
9	84 11
9	84 12
9	83 12
9	85 11
9	79 109
9	84 13
9	83 13
9	85 13
9	79 25
9	84 14
9	84 15
9	83 15
9	85 14
9	79 103
9	83 15
9	85 15
9	79 40
9	84 16
9	84 17
9	83 17
9	85 17
9	79 23
9	84 18
9	84 19
9	83 19
9	85 18
9	79 112
9	83 19
9	85 19
9	79 40
9	84 20
9	84 1
9	83 1
9	85 1
9	79 26
9	84 2
9	84 3
9	83 3
9	85 2
9	79 108
9	83 3
9	85 3
9	79 38
9	84 4
9	83 4
9	85 4
9	79 32
9	84 5
9	84 6
9	83 6
9	85 6
9	79 27
9	84 7
9	84 8
9	83 8
9	85 7
9	79 107
9	83 8
9	85 8
9	79 35
9	84 9
9	84 10
9	83 10
9	85 10
9	79 33
9	84 11
9	84 12
9	83 12
9	85 11
9	79 107
9	83 12
9	85 12
9	79 35
9	84 13
9	84 14
9	83 14
9	85 14
9	79 28
9	84 15
9	84 16
9	83 16
9	85 15
9	79 111
9	83 16
9	85 16
9	79 37
9	84 17
9	83 17
9	85 17
9	79 42
9	84 18
9	84 19
9	83 19
9	85 19
9	79 27
9	84 20
9	84 1
9	83 1
9	85 20
9	79 127
9	84 2
9	84 3
9	83 3
9	85 1
9	79 188
9	84 4
9	83 4
9	85 3
9	79 102
9	83 4
9	85 4
9	79 31
9	84 5
9	83 5
9	85 5
9	79 53
9	84 6
9	84 7
9	83 7
9	85 7
9	79 29
9	84 8
9	84 9
9	83 9
9	85 8
9	79 110
9	84 10
9	84 11
9	83 11
9	85 10
9	79 107
9	83 11
9	85 11
9	79 34
9	84 12
9	83 12
9	85 12
9	79 34
9	84 13
9	84 14
9	83 14
9	85 14
9	79 23
9	84 15
9	84 16
9	83 16
9	85 15
9	79 108
9	83 16
9	85 16
9	79 38
9	84 17
9	83 17
9	85 17
9	79 36
9	84 18
9	84 19
9	83 19
9	85 19
9	79 27
9	84 20
9	84 1
9	83 1
9	85 20
9	79 107
9	83 1
9	85 1
9	79 44
9	84 2
9	84 3
9	83 3
9	85 3
9	79 26
9	84 4
9	84 5
9	83 5
9	85 4
9	79 106
9	83 5
9	85 5
9	79 34
9	84 6
9	83 6
9	85 6
9	79 35
9	84 7
9	84 8
9	83 8
9	85 8
9	79 31
9	84 9
9	84 10
9	83 10
9	85 9
9	79 110
9	83 10
9	85 10
9	79 39
9	84 11
9	83 11
9	85 11
9	79 38
9	84 12
9	84 13
9	83 13
9	85 13
9	79 25
9	84 14
9	84 15
9	83 15
9	85 14
9	79 109
9	83 15
9	85 15
9	79 43
9	84 16
9	84 17
9	83 17
9	85 17
9	79 26
9	84 18
9	84 19
9	83 19
9	85 18
9	79 110
9	83 19
9	85 19
9	79 38
9	84 20
9	84 1
9	83 1
9	85 1
9	79 30
9	84 2
9	84 3
9	83 3
9	85 2
9	79 107
9	83 3
9	85 3
9	79 34
9	84 4
9	84 5
9	83 5
9	85 5
9	79 24
9	84 6
9	84 7
9	84 8
9	83 8
9	85 7
9	79 106
9	83 8
9	85 6
9	79 195
9	83 8
9	85 8
9	79 44
9	84 9
9	84 10
9	83 10
9	85 10
9	79 28
9	84 11
9	84 12
9	83 12
9	85 11
9	79 111
9	83 12
9	85 12
9	79 42
9	84 13
9	84 14
9	83 14
9	85 14
9	79 29
9	84 15
9	84 16
9	83 16
9	85 15
9	79 111
9	83 16
9	85 16
9	79 45
9	84 17
9	84 18
9	83 18
9	85 18
9	79 28
9	84 19
9	84 20
9	83 20
9	85 19
9	79 105
9	83 20
9	85 20
9	79 33
9	84 1
9	83 1
9	85 1
9	79 36
9	84 2
9	84 3
9	83 3
9	85 3
9	79 32
9	84 4
9	84 5
9	83 5
9	85 4
9	79 107
9	83 5
9	85 5
9	79 40
9	84 6
9	83 6
9	85 6
9	79 39
9	84 7
9	84 8
9	83 8
9	85 8
9	79 25
9	84 9
9	84 10
9	83 10
9	85 9
9	79 106
9	83 10
9	85 10
9	79 34
9	84 11
9	83 11
9	85 11
9	79 41
9	84 12
9	84 13
9	83 13
9	85 13
9	79 31
9	84 14
9	84 15
9	83 15
9	85 14
9	79 106
9	83 15
9	85 15
9	79 37
9	84 16
9	84 17
9	83 17
9	85 17
9	79 33
9	84 18
9	84 19
9	83 19
9	85 18
9	79 108
9	83 19
9	85 19
9	79 37
9	84 20
9	84 1
9	83 1
9	85 1
9	79 27
9	84 2
9	84 3
9	83 3
9	85 2
9	79 105
9	83 3
9	85 3
9	79 32
9	84 4
9	84 5
9	83 5
9	85 5
9	79 33
9	84 6
9	84 7
9	83 7
9	85 6
9	79 104
9	83 7
9	85 7
9	79 40
9	84 8
9	84 9
9	83 9
9	85 9
9	79 27
9	84 10
9	TEST_NUMBER 4
9	SENT_TOTAL 250
9	RECEIVED_TOTAL 189
9	TIME_TOTAL 29703
9	RECEIVED_RADIO_1 190
9	RECEIVED_RADIO_2 0
9	SENT_RADIO_1 126
9	SENT_RADIO_2 124
9	RADIO_TIME_1 29703
9	RADIO_TIME_2 19763
9	RETRANSMISSIONS_1 0
9	RETRANSMISSIONS_2 2
9	DROPPED_1 0
9	DROPPED_2 0
9	MAX_QUEUE 1
9	DUPLICATED_1 7
9	DUPLICATED_2 0
9	EBUSY_RADIO_1 0
9	EBUSY_RADIO_2 0
9	83 0
9	85 10
9	86 4
9	84 1
9	84 2
9	83 2
9	85 2
9	79 29
9	84 3
9	84 4
9	83 4
9	85 3
9	79 104
9	84 5
9	83 5
9	85 5
9	79 31
9	84 6
9	84 7
9	83 7
9	85 6
9	79 106
9	83 7
9	85 7
9	79 35
9	84 8
9	84 9
9	83 9
9	85 9
9	79 31
9	84 10
9	84 11
9	83 11
9	85 10
9	79 106
9	83 11
9	85 11
9	79 36
9	84 12
9	83 12
9	85 12
9	79 38
9	84 13
9	84 14
9	83 14
9	85 14
9	79 29
9	84 15
9	84 16
9	83 16
9	85 15
9	79 104
9	83 16
9	85 16
9	79 36
9	84 17
9	83 17
9	85 17
9	79 36
9	84 18
9	84 19
9	83 19
9	85 19
9	79 31
9	84 20
9	84 1
9	83 1
9	85 20
9	79 107
9	84 2
9	83 2
9	85 2
9	79 26
9	84 3
9	84 4
9	83 4
9	85 3
9	79 108
9	83 4
9	85 4
9	79 43
9	84 5
9	84 6
9	83 6
9	85 6
9	79 24
9	84 7
9	84 8
9	83 8
9	85 7
9	79 105
9	83 8
9	85 8
9	79 36
9	84 9
9	83 9
9	85 9
9	79 35
9	84 10
9	84 11
9	83 11
9	85 11
9	79 25
9	84 12
9	84 13
9	83 13
9	85 12
9	79 105
9	84 14
9	83 14
9	85 14
9	79 30
9	84 15
9	84 16
9	83 16
9	85 15
9	79 105
9	83 16
9	85 16
9	79 44
9	84 17
9	84 18
9	83 18
9	85 18
9	79 29
9	84 19
9	84 20
9	83 20
9	85 19
9	79 104
9	84 1
9	83 1
9	85 1
9	79 28
9	84 2
9	84 3
9	83 3
9	85 2
9	79 108
9	83 3
9	85 3
9	79 34
9	84 4
9	83 4
9	85 4
9	79 36
9	84 5
9	84 6
9	83 6
9	85 6
9	79 25
9	84 7
9	84 8
9	83 8
9	85 7
9	79 107
9	83 8
9	85 8
9	79 37
9	84 9
9	83 9
9	85 9
9	79 35
9	84 10
9	84 11
9	83 11
9	85 11
9	79 27
9	84 12
9	84 13
9	83 13
9	85 12
9	79 108
9	83 13
9	85 13
9	79 48
9	84 14
9	83 14
9	85 14
9	79 41
9	84 15
9	84 16
9	83 16
9	85 16
9	79 27
9	84 17
9	84 18
9	83 18
9	85 17
9	79 107
9	83 18
9	85 18
9	79 38
9	84 19
9	84 20
9	83 20
9	85 20
9	79 29
9	84 1
9	84 2
9	83 2
9	85 1
9	79 106
9	83 2
9	85 2
9	79 38
9	84 3
9	84 4
9	83 4
9	85 4
9	79 25
9	84 5
9	84 6
9	83 6
9	85 5
9	79 106
9	83 6
9	85 6
9	79 36
9	84 7
9	84 8
9	83 8
9	85 8
9	79 33
9	84 9
9	83 9
9	85 9
9	79 37
9	84 10
9	84 11
9	83 11
9	85 10
9	79 104
9	83 11
9	85 11
9	79 32
9	84 12
9	84 13
9	83 13
9	85 13
9	79 30
9	84 14
9	84 15
9	83 15
9	85 14
9	79 107
9	83 15
9	85 15
9	79 34
9	84 16
9	83 16
9	85 16
9	79 34
9	84 17
9	84 18
9	83 18
9	85 18
9	79 26
9	84 19
9	84 20
9	83 20
9	85 19
9	79 105
9	83 20
9	85 20
9	79 33
9	84 1
9	83 1
9	85 1
9	79 33
9	84 2
9	84 3
9	83 3
9	85 3
9	79 33
9	84 4
9	84 5
9	83 5
9	85 4
9	79 103
9	83 5
9	85 5
9	79 33
9	84 6
9	84 7
9	83 7
9	85 7
9	79 28
9	84 8
9	84 9
9	83 9
9	85 8
9	79 104
9	83 9
9	85 9
9	79 32
9	84 10
9	83 10
9	85 10
9	79 44
9	84 11
9	84 12
9	83 12
9	85 12
9	79 28
9	84 13
9	84 14
9	83 14
9	85 13
9	79 108
9	83 14
9	85 14
9	79 35
9	84 15
9	83 15
9	85 15
9	79 36
9	84 16
9	84 17
9	83 17
9	85 17
9	79 26
9	84 18
9	84 19
9	83 19
9	85 18
9	79 106
9	83 19
9	85 19
9	79 32
9	84 20
9	84 1
9	83 1
9	85 1
9	79 31
9	84 2
9	84 3
9	83 3
9	85 2
9	79 105
9	83 3
9	85 3
9	79 39
9	84 4
9	83 4
9	85 4
9	79 37
9	84 5
9	84 6
9	83 6
9	85 6
9	79 27
9	84 7
9	84 8
9	83 8
9	85 7
9	79 109
9	84 9
9	83 9
9	85 9
9	79 28
9	84 10
9	84 11
9	83 11
9	85 10
9	79 110
9	83 11
9	85 11
9	79 40
9	84 12
9	83 12
9	85 12
9	79 37
9	84 13
9	84 14
9	83 14
9	85 14
9	79 33
9	84 15
9	84 16
9	83 16
9	85 15
9	79 116
9	83 16
9	85 16
9	79 46
9	84 17
9	84 18
9	83 18
9	85 18
9	79 27
9	84 19
9	84 20
9	83 20
9	85 19
9	79 108
9	83 20
9	85 20
9	79 41
9	84 1
9	84 2
9	83 2
9	85 2
9	79 24
9	84 3
9	84 4
9	83 4
9	85 3
9	79 105
9	83 4
9	85 4
9	79 33
9	84 5
9	84 6
9	83 6
9	85 6
9	79 28
9	84 7
9	84 8
9	83 8
9	85 7
9	79 110
9	83 8
9	85 8
9	79 41
9	84 9
9	83 9
9	85 9
9	79 37
9	84 10
9	84 11
9	83 11
9	85 11
9	79 25
9	84 12
9	84 13
9	83 13
9	85 12
9	79 107
9	83 13
9	85 13
9	79 34
9	84 14
9	83 14
9	85 14
9	79 31
9	84 15
9	84 16
9	83 16
9	85 16
9	79 29
9	84 17
9	84 18
9	83 18
9	85 17
9	79 110
9	83 18
9	85 18
9	79 40
9	84 19
9	84 20
9	83 20
9	85 20
9	79 26
9	84 1
9	84 2
9	83 2
9	85 1
9	79 104
9	83 2
9	85 2
9	79 34
9	84 3
9	83 3
9	85 3
9	79 31
9	84 4
9	84 5
9	83 5
9	85 5
9	79 29
9	84 6
9	84 7
9	83 7
9	85 6
9	79 110
9	83 7
9	85 7
9	79 36
9	84 8
9	84 9
9	83 9
9	85 9
9	79 30
9	84 10
9	84 11
9	83 11
9	85 10
9	79 104
9	83 11
9	85 11
9	79 32
9	84 12
9	84 13
9	83 13
9	85 13
9	79 28
9	84 14
9	84 15
9	83 15
9	85 14
9	79 109
9	83 15
9	85 15
9	79 37
9	84 16
9	84 17
9	83 17
9	85 17
9	79 32
9	84 18
9	84 19
9	83 19
9	85 18
9	79 107
9	83 19
9	85 19
9	79 37
9	84 20
9	83 20
9	85 20
9	79 36
9	84 1
9	84 2
9	83 2
9	85 2
9	79 27
9	84 3
9	84 4
9	83 4
9	85 3
9	79 107
9	83 4
9	85 4
9	79 43
9	84 5
9	84 6
9	83 6
9	85 6
9	79 25
9	84 7
9	84 8
9	83 8
9	85 7
9	79 112
9	83 8
9	85 8
9	79 42
9	84 9
9	84 10
9	83 10
9	85 10
9	79 26
9	84 11
9	84 12
9	83 12
9	85 11
9	79 110
9	83 12
9	85 12
9	79 35
9	84 13
9	83 13
9	85 13
9	79 34
9	84 14
9	84 15
9	83 15
9	85 15
9	79 28
9	84 16
9	84 17
9	83 17
9	85 16
9	79 103
9	83 17
9	85 17
9	79 43
9	84 18
9	83 18
9	85 18
9	79 38
9	84 19
9	84 20
9	83 20
9	85 20
9	79 25
9	84 1
9	84 2
9	83 2
9	85 1
9	79 109
9	83 2
9	85 2
9	79 39
9	84 3
9	83 3
9	85 3
9	79 37
9	84 4
9	84 5
9	83 5
9	85 5
9	79 26
9	84 6
9	84 7
9	83 7
9	85 6
9	79 107
9	83 7
9	85 7
9	79 48
9	84 8
9	83 8
9	85 8
9	79 38
9	84 9
9	84 10
9	83 10
9	85 10
9	79 23
9	84 11
9	84 12
9	83 12
9	85 11
9	79 110
9	84 13
9	83 13
9	85 13
9	79 30
9	84 14
9	84 15
9	83 15
9	85 14
9	79 109
9	83 15
9	85 15
9	79 36
9	84 16
9	84 17
9	83 17
9	85 17
9	79 28
9	84 18
9	84 19
9	83 19
9	85 18
9	79 101
9	83 19
9	85 19
9	79 28
9	84 20
9	83 20
9	85 20
9	79 38
9	84 1
9	84 2
9	83 2
9	85 2
9	79 23
9	84 3
9	84 4
9	83 4
9	85 3
9	79 109
9	84 5
9	83 5
9	85 5
9	79 28
9	84 6
9	84 7
9	83 7
9	85 6
9	79 109
9	83 7
9	85 7
9	79 48
9	84 8
9	84 9
9	83 9
9	85 9
9	79 26
9	84 10
9	84 11
9	83 11
9	85 10
9	79 105
9	83 11
9	85 11
9	79 31
9	84 12
9	84 13
9	83 13
9	85 13
9	79 28
9	84 14
9	84 15
9	83 15
9	85 14
9	79 101
9	83 15
9	85 15
9	79 31
9	84 16
9	83 16
9	85 16
9	79 39
9	84 17
9	84 18
9	83 18
9	85 18
9	79 27
9	84 19
9	84 20
9	83 20
9	85 19
9	79 108
9	83 20
9	85 20
9	79 34
9	84 1
9	83 1
9	85 1
9	79 37
9	84 2
9	84 3
9	83 3
9	85 3
9	79 23
9	84 4
9	84 5
9	83 5
9	85 4
9	79 113
9	84 6
9	83 6
9	85 6
9	79 24
9	84 7
9	84 8
9	83 8
9	85 7
9	79 111
9	83 8
9	85 8
9	79 41
9	83 8
9	85 6
9	79 208
9	83 8
9	85 8
9	79 56
9	83 8
9	85 4
9	79 385
9	83 8
9	85 6
9	79 235
9	84 9
9	83 9
9	85 8
9	79 81
9	83 9
9	85 4
9	79 413
9	84 10
9	83 10
9	85 8
9	79 203
9	83 10
9	85 4
9	79 545
9	83 10
9	85 6
9	79 393
9	84 11
9	83 11
9	85 4
9	79 562
9	83 11
9	85 6
9	79 416
9	84 12
9	83 12
9	85 4
9	79 669
9	83 12
9	85 6
9	79 524
9	83 12
9	85 8
9	79 384
9	83 12
9	85 4
9	79 709
9	84 13
9	84 14
9	83 14
9	85 6
9	79 648
9	83 14
9	85 8
9	79 496
9	83 14
9	85 4
9	79 839
9	83 14
9	85 6
9	79 686
9	83 14
9	85 8
9	79 534
9	83 14
9	85 4
9	79 861
9	83 14
9	85 6
9	79 715
9	84 15
9	83 15
9	85 8
9	79 570
9	84 16
9	83 16
9	85 6
9	79 826
9	83 16
9	85 8
9	79 688
9	83 16
9	85 6
9	79 854
9	83 16
9	85 8
9	79 701
9	83 16
9	85 4
9	79 1026
9	84 17
9	83 17
9	85 6
9	79 891
9	83 17
9	85 8
9	79 761
9	83 17
9	85 4
9	79 1086
9	83 17
9	85 6
9	79 935
9	83 17
9	85 8
9	79 784
9	83 17
9	85 4
9	79 1112
9	84 18
9	83 18
9	85 8
9	79 799
9	83 18
9	85 4
9	79 1125
9	83 18
9	85 6
9	79 973
9	83 18
9	85 8
9	79 829
9	83 18
9	85 4
9	79 1156
9	84 19
9	83 19
9	85 6
9	79 1104
9	83 19
9	85 8
9	79 954
9	84 20
9	83 20
9	85 4
9	79 1280
9	83 20
9	85 8
9	79 978
9	83 20
9	85 4
9	79 1307
9	83 20
9	85 6
9	79 1156
9	83 20
9	85 8
9	79 1005
9	83 20
9	85 4
9	79 1330
9	83 20
9	85 6
9	79 1177
9	83 20
9	85 8
9	79 1025
9	83 20
9	85 4
9	79 1351
9	84 1
9	84 2
9	83 2
9	85 8
9	79 1158
9	83 2
9	85 4
9	79 1485
9	83 2
9	85 6
9	79 1331
9	83 2
9	85 8
9	79 1180
9	83 2
9	85 4
9	79 1506
9	83 2
9	85 6
9	79 1354
9	84 3
9	83 3
9	85 8
9	79 1203
9	83 3
9	85 4
9	79 1532
9	83 3
9	85 6
9	79 1384
9	83 3
9	85 4
9	79 1550
9	83 3
9	85 6
9	79 1397
9	83 3
9	85 8
9	79 1248
9	83 3
9	85 4
9	79 1574
9	83 3
9	85 6
9	79 1423
9	83 3
9	85 8
9	79 1270
9	84 4
9	83 4
9	85 4
9	79 3
9	83 4
9	85 6
9	79 1449
9	83 4
9	85 8
9	79 1296
9	83 4
9	85 4
9	79 27
9	83 4
9	85 6
9	79 1471
9	83 4
9	85 8
9	79 1321
9	83 4
9	85 4
9	79 53
9	83 4
9	85 8
9	79 1339
9	83 4
9	85 4
9	79 74
9	84 5
9	83 5
9	85 6
9	79 1520
9	83 5
9	85 8
9	79 1366
9	83 5
9	85 4
9	79 98
9	83 5
9	85 6
9	79 1541
9	83 5
9	85 8
9	79 1388
9	83 5
9	85 4
9	79 118
9	83 5
9	85 6
9	79 1559
9	83 5
9	85 4
9	79 133
9	83 5
9	85 10
9	79 1257
9	83 5
9	85 12
9	79 1107
9	83 5
9	85 14
9	79 955
9	84 6
9	83 6
9	85 16
9	79 804
9	83 6
9	85 18
9	79 651
9	83 6
9	85 20
9	79 499
9	83 6
9	85 1
9	79 432
9	83 6
9	85 2
9	79 373
9	83 6
9	85 3
9	79 304
9	84 7
9	83 7
9	85 6
9	79 105
9	84 8
9	83 8
9	85 7
9	79 123
9	84 9
9	84 10
9	TEST_NUMBER 5
9	SENT_TOTAL 250
9	RECEIVED_TOTAL 267
9	TIME_TOTAL 29647
9	RECEIVED_RADIO_1 268
9	RECEIVED_RADIO_2 0
9	SENT_RADIO_1 119
9	SENT_RADIO_2 128
9	RADIO_TIME_1 29684
9	RADIO_TIME_2 19763
9	RETRANSMISSIONS_1 21
9	RETRANSMISSIONS_2 0
9	DROPPED_1 2
9	DROPPED_2 0
9	MAX_QUEUE 2
9	DUPLICATED_1 23
9	DUPLICATED_2 0
9	EBUSY_RADIO_1 0
9	EBUSY_RADIO_2 0
9	83 0
9	85 10
9	86 5
9	84 1
9	84 2
9	83 2
9	85 1
9	79 118
9	83 2
9	85 2
9	79 46
9	84 3
9	84 4
9	84 5
9	83 5
9	85 4
9	79 107
9	84 6
9	84 7
9	84 8
9	83 8
9	85 6
9	79 187
9	84 9
9	83 9
9	85 8
9	79 120
9	83 9
9	85 9
9	79 50
9	84 10
9	84 11
9	83 11
9	85 10
9	79 113
9	84 12
9	84 13
9	84 14
9	83 14
9	85 13
9	79 107
9	83 14
9	85 14
9	79 42
9	84 15
9	84 16
9	83 16
9	85 15
9	79 107
9	84 17
9	84 18
9	84 19
9	83 19
9	85 18
9	79 109
9	84 20
9	83 20
9	85 19
9	79 117
9	83 20
9	85 20
9	79 43
9	84 1
9	84 2
9	83 2
9	85 2
9	79 42
9	84 3
9	84 4
9	83 4
9	85 4
9	79 31
9	84 5
9	84 6
9	84 7
9	83 7
9	85 6
9	79 125
9	84 8
9	83 8
9	85 8
9	79 34
9	84 9
9	84 10
9	84 11
9	83 11
9	85 10
9	79 120
9	84 12
9	83 12
9	85 12
9	79 41
9	84 13
9	84 14
9	84 15
9	83 15
9	85 14
9	79 133
9	84 16
9	83 16
9	85 16
9	79 44
9	84 17
9	84 18
9	84 19
9	83 19
9	85 18
9	79 121
9	84 20
9	83 20
9	85 20
9	79 41
9	84 1
9	84 2
9	84 3
9	83 3
9	85 2
9	79 123
9	84 4
9	83 4
9	85 4
9	79 38
9	84 5
9	84 6
9	83 6
9	85 5
9	79 121
9	84 7
9	84 8
9	84 9
9	83 9
9	85 8
9	79 105
9	84 10
9	83 10
9	85 9
9	79 142
9	84 11
9	84 12
9	84 13
9	83 13
9	85 12
9	79 105
9	84 14
9	83 14
9	85 13
9	79 142
9	84 15
9	84 16
9	84 17
9	83 17
9	85 16
9	79 107
9	84 18
9	83 18
9	85 17
9	79 120
9	84 19
9	84 20
9	84 1
9	83 1
9	85 20
9	79 104
9	84 2
9	83 2
9	85 1
9	79 114
9	83 2
9	85 2
9	79 44
9	84 3
9	84 4
9	83 4
9	85 4
9	79 42
9	84 5
9	84 6
9	83 6
9	85 6
9	79 47
9	84 7
9	84 8
9	83 8
9	85 7
9	79 138
9	84 9
9	84 10
9	84 11
9	83 11
9	85 10
9	79 106
9	84 12
9	84 13
9	83 13
9	85 11
9	79 194
9	83 13
9	85 13
9	79 53
9	84 14
9	84 15
9	83 15
9	85 15
9	79 41
9	84 16
9	84 17
9	84 18
9	83 18
9	85 17
9	79 126
9	84 19
9	83 19
9	85 19
9	79 46
9	84 20
9	84 1
9	83 1
9	85 20
9	79 130
9	84 2
9	84 3
9	84 4
9	83 4
9	85 3
9	79 109
9	84 5
9	83 5
9	85 4
9	79 116
9	83 5
9	85 5
9	79 46
9	84 6
9	84 7
9	83 7
9	85 7
9	79 42
9	84 8
9	84 9
9	84 10
9	83 10
9	85 10
9	79 21
9	84 11
9	84 12
9	83 12
9	85 11
9	79 116
9	83 12
9	85 12
9	79 44
9	84 13
9	84 14
9	83 14
9	85 13
9	79 120
9	84 15
9	84 16
9	84 17
9	83 17
9	85 16
9	79 104
9	84 18
9	83 18
9	85 17
9	79 130
9	84 19
9	84 20
9	84 1
9	83 1
9	85 20
9	79 104
9	84 2
9	83 2
9	85 1
9	79 126
9	84 3
9	84 4
9	84 5
9	83 5
9	85 4
9	79 108
9	84 6
9	84 7
9	83 7
9	85 6
9	79 126
9	84 8
9	83 8
9	85 8
9	79 36
9	84 9
9	84 10
9	84 11
9	83 11
9	85 10
9	79 128
9	84 12
9	83 12
9	85 12
9	79 41
9	84 13
9	84 14
9	83 14
9	85 13
9	79 141
9	84 15
9	84 16
9	84 17
9	83 17
9	85 16
9	79 108
9	84 18
9	83 18
9	85 17
9	79 136
9	84 19
9	84 20
9	84 1
9	83 1
9	85 20
9	79 105
9	84 2
9	84 3
9	84 4
9	83 4
9	85 1
9	79 272
9	83 4
9	85 3
9	79 127
9	83 4
9	85 2
9	79 214
9	83 4
9	85 4
9	79 63
9	84 5
9	84 6
9	83 6
9	85 6
9	79 24
9	84 7
9	84 8
9	83 8
9	85 7
9	79 114
9	83 8
9	85 8
9	79 40
9	84 9
9	84 10
9	83 10
9	85 10
9	79 26
9	84 11
9	84 12
9	83 12
9	85 11
9	79 110
9	83 12
9	85 12
9	79 41
9	84 13
9	83 13
9	85 13
9	79 33
9	84 14
9	84 15
9	83 15
9	85 15
9	79 29
9	84 16
9	84 17
9	83 17
9	85 16
9	79 103
9	83 17
9	85 17
9	79 31
9	84 18
9	83 18
9	85 18
9	79 38
9	84 19
9	84 20
9	83 20
9	85 20
9	79 21
9	84 1
9	84 2
9	83 2
9	85 1
9	79 108
9	84 3
9	83 3
9	85 3
9	79 28
9	84 4
9	84 5
9	83 5
9	85 4
9	79 108
9	83 5
9	85 5
9	79 43
9	84 6
9	84 7
9	83 7
9	85 7
9	79 27
9	84 8
9	84 9
9	83 9
9	85 8
9	79 105
9	83 9
9	85 9
9	79 32
9	84 10
9	83 10
9	85 10
9	79 41
9	84 11
9	84 12
9	83 12
9	85 12
9	79 25
9	84 13
9	84 14
9	83 14
9	85 13
9	79 108
9	83 14
9	85 14
9	79 38
9	84 15
9	83 15
9	85 15
9	79 33
9	84 16
9	84 17
9	83 17
9	85 17
9	79 25
9	84 18
9	84 19
9	83 19
9	85 18
9	79 112
9	83 19
9	85 19
9	79 52
9	84 20
9	84 1
9	83 1
9	85 1
9	79 30
9	84 2
9	84 3
9	83 3
9	85 2
9	79 106
9	83 3
9	85 3
9	79 33
9	84 4
9	84 5
9	83 5
9	85 5
9	79 26
9	84 6
9	84 7
9	83 7
9	85 6
9	79 108
9	83 7
9	85 7
9	79 40
9	84 8
9	84 9
9	83 9
9	85 9
9	79 25
9	84 10
9	84 11
9	83 11
9	85 10
9	79 107
9	83 11
9	85 11
9	79 45
9	84 12
9	83 12
9	85 12
9	79 40
9	84 13
9	84 14
9	83 14
9	85 14
9	79 29
9	84 15
9	84 16
9	83 16
9	85 15
9	79 110
9	83 16
9	85 16
9	79 40
9	84 17
9	84 18
9	83 18
9	85 18
9	79 29
9	84 19
9	84 20
9	83 20
9	85 19
9	79 107
9	83 20
9	85 20
9	79 36
9	84 1
9	83 1
9	85 1
9	79 30
9	84 2
9	84 3
9	83 3
9	85 3
9	79 24
9	84 4
9	84 5
9	83 5
9	85 4
9	79 105
9	83 5
9	85 5
9	79 32
9	84 6
9	83 6
9	85 6
9	79 56
9	84 7
9	84 8
9	83 8
9	85 8
9	79 25
9	84 9
9	84 10
9	83 10
9	85 9
9	79 105
9	83 10
9	85 10
9	79 31
9	84 11
9	83 11
9	85 11
9	79 44
9	84 12
9	84 13
9	83 13
9	85 13
9	79 27
9	84 14
9	84 15
9	83 15
9	85 14
9	79 110
9	83 15
9	85 15
9	79 40
9	84 16
9	83 16
9	85 16
9	79 37
9	84 17
9	84 18
9	83 18
9	85 18
9	79 23
9	84 19
9	84 20
9	83 20
9	85 19
9	79 109
9	83 20
9	85 20
9	79 37
9	84 1
9	83 1
9	85 1
9	79 31
9	84 2
9	84 3
9	83 3
9	85 3
9	79 27
9	84 4
9	84 5
9	83 5
9	85 4
9	79 106
9	84 6
9	84 7
9	83 7
9	85 6
9	79 109
9	83 7
9	85 7
9	79 36
9	84 8
9	84 9
9	83 9
9	85 9
9	79 25
9	84 10
9	84 11
9	83 11
9	85 10
9	79 108
9	84 12
9	83 12
9	85 12
9	79 26
9	84 13
9	84 14
9	83 14
9	85 13
9	79 108
9	83 14
9	85 14
9	79 35
9	84 15
9	84 16
9	83 16
9	85 16
9	79 26
9	84 17
9	84 18
9	83 18
9	85 17
9	79 107
9	83 18
9	85 18
9	79 36
9	84 19
9	83 19
9	85 19
9	79 35
9	84 20
9	84 1
9	83 1
9	85 1
9	79 24
9	84 2
9	84 3
9	83 3
9	85 2
9	79 106
9	83 3
9	85 3
9	79 34
9	84 4
9	84 5
9	83 5
9	85 5
9	79 29
9	84 6
9	84 7
9	83 7
9	85 6
9	79 111
9	83 7
9	85 7
9	79 38
9	84 8
9	84 9
9	83 9
9	85 9
9	79 27
9	84 10
9	84 11
9	83 11
9	85 10
9	79 105
9	83 11
9	85 11
9	79 31
9	84 12
9	84 13
9	83 13
9	85 13
9	79 27
9	84 14
9	84 15
9	83 15
9	85 14
9	79 109
9	83 15
9	85 15
9	79 43
9	84 16
9	84 17
9	83 17
9	85 17
9	79 31
9	84 18
9	84 19
9	83 19
9	85 18
9	79 109
9	83 19
9	85 19
9	79 38
9	84 20
9	84 1
9	83 1
9	85 1
9	79 24
9	84 2
9	84 3
9	83 3
9	85 2
9	79 104
9	83 3
9	85 3
9	79 42
9	84 4
9	84 5
9	83 5
9	85 5
9	79 27
9	84 6
9	84 7
9	83 7
9	85 6
9	79 109
9	83 7
9	85 7
9	79 35
9	84 8
9	84 9
9	83 9
9	85 9
9	79 26
9	84 10
9	TEST_NUMBER 6
9	SENT_TOTAL 250
9	RECEIVED_TOTAL 165
9	TIME_TOTAL 29807
9	RECEIVED_RADIO_1 166
9	RECEIVED_RADIO_2 0
9	SENT_RADIO_1 64
9	SENT_RADIO_2 158
9	RADIO_TIME_1 29807
9	RADIO_TIME_2 19763
9	RETRANSMISSIONS_1 298
9	RETRANSMISSIONS_2 4
9	DROPPED_1 29
9	DROPPED_2 0
9	MAX_QUEUE 2
9	DUPLICATED_1 4
9	DUPLICATED_2 0
9	EBUSY_RADIO_1 0
9	EBUSY_RADIO_2 0
9	83 0
9	85 10
9	86 6

10	RELAY_NODE 10
10	TEST_NUMBER 0
10	SENT_TOTAL 0
10	RECEIVED_TOTAL 0
10	TIME_TOTAL 0
10	RECEIVED_RADIO_1 106
10	RECEIVED_RADIO_2 160
10	SENT_RADIO_1 160
10	SENT_RADIO_2 106
10	RADIO_TIME_1 16755
10	RADIO_TIME_2 16755
10	RETRANSMISSIONS_1 7
10	RETRANSMISSIONS_2 1
10	DROPPED_1 0
10	DROPPED_2 0
10	MAX_QUEUE 1
10	DUPLICATED_1 0
10	DUPLICATED_2 4
10	EBUSY_RADIO_1 0
10	EBUSY_RADIO_2 0
10	TEST_NUMBER 1
10	SENT_TOTAL 0
10	RECEIVED_TOTAL 0
10	TIME_TOTAL 0
10	RECEIVED_RADIO_1 125
10	RECEIVED_RADIO_2 192
10	SENT_RADIO_1 192
10	SENT_RADIO_2 125
10	RADIO_TIME_1 29786
10	RADIO_TIME_2 29786
10	RETRANSMISSIONS_1 5
10	RETRANSMISSIONS_2 0
10	DROPPED_1 0
10	DROPPED_2 0
10	MAX_QUEUE 1
10	DUPLICATED_1 0
10	DUPLICATED_2 2
10	EBUSY_RADIO_1 0
10	EBUSY_RADIO_2 0
10	TEST_NUMBER 2
10	SENT_TOTAL 0
10	RECEIVED_TOTAL 0
10	TIME_TOTAL 0
10	RECEIVED_RADIO_1 126
10	RECEIVED_RADIO_2 192
10	SENT_RADIO_1 192
10	SENT_RADIO_2 126
10	RADIO_TIME_1 29811
10	RADIO_TIME_2 29811
10	RETRANSMISSIONS_1 3
10	RETRANSMISSIONS_2 0
10	DROPPED_1 0
10	DROPPED_2 0
10	MAX_QUEUE 1
10	DUPLICATED_1 0
10	DUPLICATED_2 2
10	EBUSY_RADIO_1 0
10	EBUSY_RADIO_2 0
10	TEST_NUMBER 3
10	SENT_TOTAL 0
10	RECEIVED_TOTAL 0
10	TIME_TOTAL 0
10	RECEIVED_RADIO_1 125
10	RECEIVED_RADIO_2 193
10	SENT_RADIO_1 193
10	SENT_RADIO_2 125
10	RADIO_TIME_1 29740
10	RADIO_TIME_2 29740
10	RETRANSMISSIONS_1 2
10	RETRANSMISSIONS_2 0
10	DROPPED_1 0
10	DROPPED_2 0
10	MAX_QUEUE 1
10	DUPLICATED_1 0
10	DUPLICATED_2 2
10	EBUSY_RADIO_1 0
10	EBUSY_RADIO_2 0
10	TEST_NUMBER 4
10	SENT_TOTAL 0
10	RECEIVED_TOTAL 0
10	TIME_TOTAL 0
10	RECEIVED_RADIO_1 126
10	RECEIVED_RADIO_2 189
10	SENT_RADIO_1 189
10	SENT_RADIO_2 126
10	RADIO_TIME_1 29725
10	RADIO_TIME_2 29725
10	RETRANSMISSIONS_1 7
10	RETRANSMISSIONS_2 0
10	DROPPED_1 0
10	DROPPED_2 0
10	MAX_QUEUE 1
10	DUPLICATED_1 0
10	DUPLICATED_2 5
10	EBUSY_RADIO_1 0
10	EBUSY_RADIO_2 0
10	TEST_NUMBER 5
10	SENT_TOTAL 0
10	RECEIVED_TOTAL 0
10	TIME_TOTAL 0
10	RECEIVED_RADIO_1 125
10	RECEIVED_RADIO_2 193
10	SENT_RADIO_1 193
10	SENT_RADIO_2 125
10	RADIO_TIME_1 29803
10	RADIO_TIME_2 29803
10	RETRANSMISSIONS_1 6
10	RETRANSMISSIONS_2 1
10	DROPPED_1 0
10	DROPPED_2 0
10	MAX_QUEUE 1
10	DUPLICATED_1 0
10	DUPLICATED_2 3
10	EBUSY_RADIO_1 0
10	EBUSY_RADIO_2 0
10	TEST_NUMBER 6
10	SENT_TOTAL 0
10	RECEIVED_TOTAL 0
10	TIME_TOTAL 0
10	RECEIVED_RADIO_1 58
10	RECEIVED_RADIO_2 247
10	SENT_RADIO_1 243
10	SENT_RADIO_2 53
10	RADIO_TIME_1 29736
10	RADIO_TIME_2 29736
10	RETRANSMISSIONS_1 71
10	RETRANSMISSIONS_2 40
10	DROPPED_1 5
10	DROPPED_2 4
10	MAX_QUEUE 39
10	DUPLICATED_1 0
10	DUPLICATED_2 12
10	EBUSY_RADIO_1 0
10	EBUSY_RADIO_2 3
