
16	RELAY_NODE 16
16	TEST_NUMBER 0
16	SENT_TOTAL 0
16	RECEIVED_TOTAL 0
16	TIME_TOTAL 0
16	RECEIVED_RADIO_1 54
16	RECEIVED_RADIO_2 112
16	SENT_RADIO_1 0
16	SENT_RADIO_2 3
16	RADIO_TIME_1 17847
16	RADIO_TIME_2 17786
16	RETRANSMISSIONS_1 1103
16	RETRANSMISSIONS_2 509
16	DROPPED_1 110
16	DROPPED_2 51
16	MAX_QUEUE 2
16	DUPLICATED_1 3
16	DUPLICATED_2 1
16	EBUSY_RADIO_1 0
16	EBUSY_RADIO_2 0
16	TEST_NUMBER 1
16	SENT_TOTAL 0
16	RECEIVED_TOTAL 0
16	TIME_TOTAL 0
16	RECEIVED_RADIO_1 77
16	RECEIVED_RADIO_2 125
16	SENT_RADIO_1 32
16	SENT_RADIO_2 35
16	RADIO_TIME_1 29803
16	RADIO_TIME_2 29723
16	RETRANSMISSIONS_1 932
16	RETRANSMISSIONS_2 429
16	DROPPED_1 94
16	DROPPED_2 43
16	MAX_QUEUE 2
16	DUPLICATED_1 2
16	DUPLICATED_2 0
16	EBUSY_RADIO_1 0
16	EBUSY_RADIO_2 0
16	TEST_NUMBER 2
16	SENT_TOTAL 0
16	RECEIVED_TOTAL 0
16	TIME_TOTAL 0
16	RECEIVED_RADIO_1 120
16	RECEIVED_RADIO_2 125
16	SENT_RADIO_1 124
16	SENT_RADIO_2 120
16	RADIO_TIME_1 29800
16	RADIO_TIME_2 29800
16	RETRANSMISSIONS_1 9
16	RETRANSMISSIONS_2 1
16	DROPPED_1 0
16	DROPPED_2 0
16	MAX_QUEUE 1
16	DUPLICATED_1 6
16	DUPLICATED_2 0
16	EBUSY_RADIO_1 0
16	EBUSY_RADIO_2 0
16	TEST_NUMBER 3
16	SENT_TOTAL 0
16	RECEIVED_TOTAL 0
16	TIME_TOTAL 0
16	RECEIVED_RADIO_1 119
16	RECEIVED_RADIO_2 125
16	SENT_RADIO_1 125
16	SENT_RADIO_2 118
16	RADIO_TIME_1 29802
16	RADIO_TIME_2 29802
16	RETRANSMISSIONS_1 13
16	RETRANSMISSIONS_2 12
16	DROPPED_1 0
16	DROPPED_2 1
16	MAX_QUEUE 2
16	DUPLICATED_1 8
16	DUPLICATED_2 0
16	EBUSY_RADIO_1 0
16	EBUSY_RADIO_2 0
16	TEST_NUMBER 4
16	SENT_TOTAL 0
16	RECEIVED_TOTAL 0
16	TIME_TOTAL 0
16	RECEIVED_RADIO_1 120
16	RECEIVED_RADIO_2 125
16	SENT_RADIO_1 125
16	SENT_RADIO_2 121
16	RADIO_TIME_1 29721
16	RADIO_TIME_2 29721
16	RETRANSMISSIONS_1 13
16	RETRANSMISSIONS_2 2
16	DROPPED_1 0
16	DROPPED_2 0
16	MAX_QUEUE 1
16	DUPLICATED_1 5
16	DUPLICATED_2 0
16	EBUSY_RADIO_1 0
16	EBUSY_RADIO_2 0
16	TEST_NUMBER 5
16	SENT_TOTAL 0
16	RECEIVED_TOTAL 0
16	TIME_TOTAL 0
16	RECEIVED_RADIO_1 119
16	RECEIVED_RADIO_2 125
16	SENT_RADIO_1 125
16	SENT_RADIO_2 119
16	RADIO_TIME_1 29738
16	RADIO_TIME_2 29738
16	RETRANSMISSIONS_1 11
16	RETRANSMISSIONS_2 0
16	DROPPED_1 0
16	DROPPED_2 0
16	MAX_QUEUE 1
16	DUPLICATED_1 8
16	DUPLICATED_2 1
16	EBUSY_RADIO_1 0
16	EBUSY_RADIO_2 0
16	TEST_NUMBER 6
16	SENT_TOTAL 0
16	RECEIVED_TOTAL 0
16	TIME_TOTAL 0
16	RECEIVED_RADIO_1 119
16	RECEIVED_RADIO_2 125
16	SENT_RADIO_1 125
16	SENT_RADIO_2 119
16	RADIO_TIME_1 29738
16	RADIO_TIME_2 29738
16	RETRANSMISSIONS_1 10
16	RETRANSMISSIONS_2 1
16	DROPPED_1 0
16	DROPPED_2 0
16	MAX_QUEUE 1
16	DUPLICATED_1 8
16	DUPLICATED_2 0
16	EBUSY_RADIO_1 0
16	EBUSY_RADIO_2 0

18	DESTINATION_NODE 18
18	TEST_NUMBER 0
18	SENT_TOTAL 118
18	RECEIVED_TOTAL 118
18	TIME_TOTAL 18571
18	RECEIVED_RADIO_1 0
18	RECEIVED_RADIO_2 118
18	SENT_RADIO_1 57
18	SENT_RADIO_2 61
18	RADIO_TIME_1 18571
18	RADIO_TIME_2 18571
18	RETRANSMISSIONS_1 5
18	RETRANSMISSIONS_2 0
18	DROPPED_1 0
18	DROPPED_2 0
18	MAX_QUEUE 1
18	DUPLICATED_1 0
18	DUPLICATED_2 0
18	EBUSY_RADIO_1 0
18	EBUSY_RADIO_2 0
18	86 0
18	86 0
18	86 0
18	86 0
18	86 0
18	86 0
18	86 0
18	TEST_NUMBER 1
18	SENT_TOTAL 162
18	RECEIVED_TOTAL 155
18	TIME_TOTAL 29727
18	RECEIVED_RADIO_1 37
18	RECEIVED_RADIO_2 125
18	SENT_RADIO_1 80
18	SENT_RADIO_2 82
18	RADIO_TIME_1 29566
18	RADIO_TIME_2 29727
18	RETRANSMISSIONS_1 3
18	RETRANSMISSIONS_2 1
18	DROPPED_1 0
18	DROPPED_2 0
18	MAX_QUEUE 1
18	DUPLICATED_1 0
18	DUPLICATED_2 0
18	EBUSY_RADIO_1 0
18	EBUSY_RADIO_2 0
18	86 1
18	86 1
18	86 1
18	86 1
18	86 1
18	86 1
18	86 1
18	86 1
18	86 1
18	86 1
18	86 1
18	86 1
18	86 1
18	86 1
18	86 1
18	TEST_NUMBER 2
18	SENT_TOTAL 250
18	RECEIVED_TOTAL 235
18	TIME_TOTAL 29790
18	RECEIVED_RADIO_1 125
18	RECEIVED_RADIO_2 125
18	SENT_RADIO_1 119
18	SENT_RADIO_2 131
18	RADIO_TIME_1 29721
18	RADIO_TIME_2 29790
18	RETRANSMISSIONS_1 12
18	RETRANSMISSIONS_2 1
18	DROPPED_1 0
18	DROPPED_2 0
18	MAX_QUEUE 1
18	DUPLICATED_1 0
18	DUPLICATED_2 0
18	EBUSY_RADIO_1 0
18	EBUSY_RADIO_2 0
18	86 2
18	86 2
18	86 2
18	86 2
18	86 2
18	86 2
18	86 2
18	86 2
18	86 2
18	86 2
18	86 2
18	86 2
18	86 2
18	86 2
18	86 2
18	TEST_NUMBER 3
18	SENT_TOTAL 249
18	RECEIVED_TOTAL 234
18	TIME_TOTAL 29797
18	RECEIVED_RADIO_1 124
18	RECEIVED_RADIO_2 125
18	SENT_RADIO_1 118
18	SENT_RADIO_2 131
18	RADIO_TIME_1 29797
18	RADIO_TIME_2 29731
18	RETRANSMISSIONS_1 13
18	RETRANSMISSIONS_2 0
18	DROPPED_1 0
18	DROPPED_2 0
18	MAX_QUEUE 1
18	DUPLICATED_1 5
18	DUPLICATED_2 0
18	EBUSY_RADIO_1 0
18	EBUSY_RADIO_2 0
18	86 3
18	86 3
18	86 3
18	86 3
18	86 3
18	86 3
18	86 3
18	86 3
18	86 3
18	86 3
18	86 3
18	86 3
18	86 3
18	86 3
18	86 3
18	TEST_NUMBER 4
18	SENT_TOTAL 250
18	RECEIVED_TOTAL 235
18	TIME_TOTAL 29790
18	RECEIVED_RADIO_1 125
18	RECEIVED_RADIO_2 125
18	SENT_RADIO_1 121
18	SENT_RADIO_2 129
18	RADIO_TIME_1 29722
18	RADIO_TIME_2 29725
18	RETRANSMISSIONS_1 11
18	RETRANSMISSIONS_2 1
18	DROPPED_1 0
18	DROPPED_2 0
18	MAX_QUEUE 1
18	DUPLICATED_1 3
18	DUPLICATED_2 0
18	EBUSY_RADIO_1 0
18	EBUSY_RADIO_2 0
18	86 4
18	86 4
18	86 4
18	86 4
18	86 4
18	86 4
18	86 4
18	86 4
18	86 4
18	86 4
18	86 4
18	86 4
18	86 4
18	86 4
18	86 4
18	TEST_NUMBER 5
18	SENT_TOTAL 250
18	RECEIVED_TOTAL 235
18	TIME_TOTAL 29792
18	RECEIVED_RADIO_1 125
18	RECEIVED_RADIO_2 125
18	SENT_RADIO_1 118
18	SENT_RADIO_2 132
18	RADIO_TIME_1 29792
18	RADIO_TIME_2 29731
18	RETRANSMISSIONS_1 16
18	RETRANSMISSIONS_2 0
18	DROPPED_1 0
18	DROPPED_2 0
18	MAX_QUEUE 1
18	DUPLICATED_1 5
18	DUPLICATED_2 0
18	EBUSY_RADIO_1 0
18	EBUSY_RADIO_2 0
18	86 5
18	86 5
18	86 5
18	86 5
18	86 5
18	86 5
18	86 5
18	86 5
18	86 5
18	86 5
18	86 5
18	86 5
18	86 5
18	86 5
18	86 5
18	TEST_NUMBER 6
18	SENT_TOTAL 250
18	RECEIVED_TOTAL 235
18	TIME_TOTAL 29788
18	RECEIVED_RADIO_1 125
18	RECEIVED_RADIO_2 125
18	SENT_RADIO_1 120
18	SENT_RADIO_2 130
18	RADIO_TIME_1 29719
18	RADIO_TIME_2 29721
18	RETRANSMISSIONS_1 10
18	RETRANSMISSIONS_2 0
18	DROPPED_1 0
18	DROPPED_2 0
18	MAX_QUEUE 1
18	DUPLICATED_1 3
18	DUPLICATED_2 0
18	EBUSY_RADIO_1 0
18	EBUSY_RADIO_2 0
18	86 6
18	86 6
18	86 6
18	86 6
18	86 6
18	86 6
18	86 6
18	86 6
18	86 6
18	86 6
18	86 6
18	86 6
18	86 6
18	86 6

21	SOURCE_NODE 21
21	84 1
21	84 2
21	83 2
21	85 2
21	79 19
21	84 3
21	84 4
21	83 4
21	85 4
21	79 14
21	84 5
21	84 6
21	84 7
21	84 8
21	83 8
21	85 8
21	79 18
21	84 9
21	84 10
21	84 11
21	84 12
21	83 12
21	85 12
21	79 19
21	84 13
21	84 14
21	83 14
21	85 14
21	79 24
21	84 15
21	84 16
21	84 17
21	84 18
21	83 18
21	85 18
21	79 16
21	84 19
21	84 20
21	84 1
21	84 2
21	83 2
21	85 2
21	79 16
21	84 3
21	84 4
21	84 5
21	84 6
21	83 6
21	85 6
21	79 13
21	84 7
21	84 8
21	84 9
21	84 10
21	83 10
21	85 10
21	79 17
21	84 11
21	84 12
21	84 13
21	84 14
21	83 14
21	85 14
21	79 18
21	84 15
21	84 16
21	84 17
21	84 18
21	83 18
21	85 18
21	79 19
21	84 19
21	84 20
21	84 1
21	84 2
21	83 2
21	85 2
21	79 16
21	84 3
21	84 4
21	84 5
21	84 6
21	83 6
21	85 6
21	79 16
21	84 7
21	84 8
21	84 9
21	84 10
21	83 10
21	85 10
21	79 18
21	84 11
21	84 12
21	84 13
21	84 14
21	83 14
21	85 14
21	79 12
21	84 15
21	84 16
21	84 17
21	84 18
21	83 18
21	85 18
21	79 16
21	84 19
21	84 20
21	84 1
21	84 2
21	83 2
21	85 2
21	79 16
21	84 3
21	84 4
21	84 5
21	84 6
21	83 6
21	85 6
21	79 17
21	84 7
21	84 8
21	84 9
21	84 10
21	83 10
21	85 10
21	79 18
21	84 11
21	84 12
21	84 13
21	84 14
21	83 14
21	85 14
21	79 12
21	84 15
21	84 16
21	84 17
21	84 18
21	83 18
21	85 18
21	79 19
21	84 19
21	84 20
21	84 1
21	84 2
21	83 2
21	85 2
21	79 18
21	84 3
21	84 4
21	83 4
21	85 4
21	79 22
21	84 5
21	84 6
21	84 7
21	84 8
21	83 8
21	85 8
21	79 13
21	84 9
21	84 10
21	84 11
21	84 12
21	83 12
21	85 12
21	79 13
21	84 13
21	84 14
21	84 15
21	84 16
21	83 16
21	85 16
21	79 15
21	84 17
21	84 18
21	83 18
21	85 18
21	79 36
21	84 19
21	84 20
21	83 20
21	85 20
21	79 18
21	84 1
21	84 2
21	84 3
21	84 4
21	83 4
21	85 4
21	79 12
21	84 5
21	84 6
21	84 7
21	84 8
21	83 8
21	85 8
21	79 17
21	84 9
21	84 10
21	84 11
21	84 12
21	83 12
21	85 12
21	79 13
21	84 13
21	84 14
21	84 15
21	84 16
21	83 16
21	85 16
21	79 13
21	84 17
21	84 18
21	84 19
21	84 20
21	83 20
21	85 20
21	79 15
21	84 1
21	84 2
21	84 3
21	84 4
21	83 4
21	85 4
21	79 18
21	84 5
21	84 6
21	84 7
21	84 8
21	83 8
21	85 8
21	79 14
21	84 9
21	83 9
21	85 9
21	79 38
21	84 10
21	84 11
21	83 11
21	85 11
21	79 18
21	84 12
21	84 13
21	84 14
21	84 15
21	83 15
21	85 15
21	79 13
21	84 16
21	84 17
21	84 18
21	84 19
21	83 19
21	85 19
21	79 13
21	84 20
21	84 1
21	84 2
21	84 3
21	83 3
21	85 3
21	79 13
21	84 4
21	84 5
21	84 6
21	84 7
21	83 7
21	85 7
21	79 16
21	84 8
21	84 9
21	83 9
21	85 9
21	79 27
21	84 10
21	84 11
21	84 12
21	84 13
21	83 13
21	85 13
21	79 14
21	84 14
21	84 15
21	84 16
21	84 17
21	83 17
21	85 17
21	79 16
21	84 18
21	84 19
21	84 20
21	84 1
21	83 1
21	85 1
21	79 14
21	84 2
21	84 3
21	84 4
21	84 5
21	83 5
21	85 5
21	79 15
21	84 6
21	84 7
21	84 8
21	84 9
21	83 9
21	85 9
21	79 15
21	84 10
21	84 11
21	84 12
21	84 13
21	83 13
21	85 13
21	79 18
21	84 14
21	84 15
21	84 16
21	84 17
21	83 17
21	85 17
21	79 17
21	84 18
21	84 19
21	84 20
21	84 1
21	83 1
21	85 1
21	79 18
21	84 2
21	84 3
21	83 3
21	85 3
21	79 24
21	84 4
21	84 5
21	84 6
21	84 7
21	83 7
21	85 7
21	79 14
21	84 8
21	84 9
21	84 10
21	84 11
21	83 11
21	85 11
21	79 16
21	84 12
21	84 13
21	84 14
21	84 15
21	83 15
21	85 15
21	79 17
21	84 16
21	84 17
21	84 18
21	84 19
21	83 19
21	85 19
21	79 16
21	84 20
21	84 1
21	84 2
21	84 3
21	83 3
21	85 3
21	79 19
21	84 4
21	84 5
21	84 6
21	84 7
21	83 7
21	85 7
21	79 15
21	84 8
21	84 9
21	83 9
21	85 9
21	79 25
21	84 10
21	84 11
21	84 12
21	84 13
21	83 13
21	85 13
21	79 17
21	84 14
21	84 15
21	84 16
21	84 17
21	83 17
21	85 17
21	79 16
21	84 18
21	84 19
21	84 20
21	84 1
21	83 1
21	85 1
21	79 14
21	84 2
21	84 3
21	84 4
21	84 5
21	83 5
21	85 5
21	79 12
21	84 6
21	84 7
21	84 8
21	84 9
21	83 9
21	85 9
21	79 12
21	84 10
21	84 11
21	84 12
21	84 13
21	83 13
21	85 13
21	79 16
21	84 14
21	84 15
21	84 16
21	84 17
21	83 17
21	85 17
21	79 15
21	84 18
21	84 19
21	84 20
21	84 1
21	83 1
21	85 1
21	79 13
21	84 2
21	84 3
21	84 4
21	83 4
21	85 3
21	79 130
21	84 5
21	83 5
21	85 5
21	79 14
21	84 6
21	84 7
21	84 8
21	84 9
21	83 9
21	85 9
21	79 16
21	84 10
21	TEST_NUMBER 0
21	SENT_TOTAL 250
21	RECEIVED_TOTAL 69
21	TIME_TOTAL 19680
21	RECEIVED_RADIO_1 4
21	RECEIVED_RADIO_2 65
21	SENT_RADIO_1 124
21	SENT_RADIO_2 125
21	RADIO_TIME_1 19843
21	RADIO_TIME_2 19699
21	RETRANSMISSIONS_1 1
21	RETRANSMISSIONS_2 0
21	DROPPED_1 0
21	DROPPED_2 0
21	MAX_QUEUE 1
21	DUPLICATED_1 0
21	DUPLICATED_2 0
21	EBUSY_RADIO_1 0
21	EBUSY_RADIO_2 0
21	84 1
21	83 1
21	85 1
21	79 24
21	83 1
21	85 7
21	86 0
21	84 2
21	84 3
21	84 4
21	84 5
21	83 5
21	85 5
21	79 17
21	84 6
21	84 7
21	84 8
21	84 9
21	83 9
21	85 9
21	79 13
21	84 10
21	84 11
21	84 12
21	84 13
21	83 13
21	85 13
21	79 12
21	84 14
21	84 15
21	84 16
21	84 17
21	83 17
21	85 17
21	79 17
21	84 18
21	84 19
21	84 20
21	84 1
21	83 1
21	85 1
21	79 17
21	84 2
21	84 3
21	84 4
21	84 5
21	83 5
21	85 5
21	79 15
21	84 6
21	84 7
21	84 8
21	84 9
21	83 9
21	85 9
21	79 15
21	84 10
21	84 11
21	84 12
21	84 13
21	83 13
21	85 13
21	79 15
21	84 14
21	84 15
21	84 16
21	84 17
21	83 17
21	85 17
21	79 15
21	84 18
21	84 19
21	84 20
21	84 1
21	83 1
21	85 1
21	79 16
21	84 2
21	84 3
21	84 4
21	84 5
21	83 5
21	85 5
21	79 16
21	84 6
21	84 7
21	84 8
21	84 9
21	83 9
21	85 9
21	79 15
21	84 10
21	84 11
21	84 12
21	84 13
21	83 13
21	85 13
21	79 17
21	84 14
21	84 15
21	84 16
21	84 17
21	83 17
21	85 17
21	79 17
21	84 18
21	84 19
21	84 20
21	84 1
21	83 1
21	85 1
21	79 17
21	84 2
21	84 3
21	84 4
21	84 5
21	83 5
21	85 5
21	79 14
21	84 6
21	84 7
21	84 8
21	84 9
21	83 9
21	85 9
21	79 12
21	84 10
21	84 11
21	84 12
21	84 13
21	83 13
21	85 13
21	79 12
21	84 14
21	84 15
21	84 16
21	84 17
21	83 17
21	85 17
21	79 13
21	84 18
21	84 19
21	84 20
21	84 1
21	83 1
21	85 1
21	79 17
21	84 2
21	84 3
21	84 4
21	84 5
21	83 5
21	85 5
21	79 14
21	84 6
21	84 7
21	84 8
21	84 9
21	83 9
21	85 9
21	79 14
21	84 10
21	84 11
21	84 12
21	84 13
21	83 13
21	85 13
21	79 16
21	84 14
21	84 15
21	84 16
21	84 17
21	83 17
21	85 17
21	79 12
21	84 18
21	84 19
21	84 20
21	84 1
21	83 1
21	85 1
21	79 15
21	84 2
21	84 3
21	84 4
21	84 5
21	83 5
21	85 5
21	79 13
21	84 6
21	84 7
21	84 8
21	84 9
21	83 9
21	85 9
21	79 16
21	84 10
21	84 11
21	84 12
21	84 13
21	83 13
21	85 13
21	79 14
21	84 14
21	84 15
21	83 15
21	85 15
21	79 34
21	84 16
21	84 17
21	83 17
21	85 17
21	79 18
21	84 18
21	84 19
21	83 19
21	85 19
21	79 34
21	84 20
21	84 1
21	83 1
21	85 1
21	79 13
21	84 2
21	84 3
21	84 4
21	84 5
21	83 5
21	85 5
21	79 15
21	84 6
21	84 7
21	84 8
21	84 9
21	83 9
21	85 9
21	79 10
21	84 10
21	84 11
21	84 12
21	84 13
21	83 13
21	85 13
21	79 16
21	84 14
21	84 15
21	84 16
21	84 17
21	83 17
21	85 17
21	79 13
21	84 18
21	84 19
21	84 20
21	84 1
21	83 1
21	85 1
21	79 19
21	84 2
21	84 3
21	84 4
21	84 5
21	83 5
21	85 5
21	79 15
21	84 6
21	84 7
21	84 8
21	84 9
21	83 9
21	85 9
21	79 16
21	84 10
21	84 11
21	84 12
21	84 13
21	83 13
21	85 13
21	79 16
21	84 14
21	84 15
21	84 16
21	84 17
21	83 17
21	85 17
21	79 12
21	84 18
21	84 19
21	83 19
21	85 19
21	79 29
21	84 20
21	84 1
21	84 2
21	84 3
21	83 3
21	85 3
21	79 15
21	83 3
21	85 2
21	79 149
21	84 4
21	83 4
21	85 4
21	79 28
21	84 5
21	83 5
21	85 5
21	79 27
21	84 6
21	83 6
21	85 6
21	79 26
21	84 7
21	83 7
21	85 7
21	79 29
21	84 8
21	83 8
21	85 8
21	79 24
21	84 9
21	83 9
21	85 9
21	79 31
21	84 10
21	83 10
21	85 10
21	79 29
21	84 11
21	83 11
21	85 11
21	79 24
21	84 12
21	83 12
21	85 12
21	79 25
21	84 13
21	83 13
21	85 13
21	79 28
21	84 14
21	83 14
21	85 14
21	79 23
21	84 15
21	83 15
21	85 15
21	79 25
21	84 16
21	83 16
21	85 16
21	79 30
21	84 17
21	83 17
21	85 17
21	79 28
21	84 18
21	83 18
21	85 18
21	79 26
21	84 19
21	83 19
21	85 19
21	79 27
21	84 20
21	83 20
21	85 20
21	79 28
21	84 1
21	83 1
21	85 1
21	79 27
21	84 2
21	83 2
21	85 2
21	79 30
21	84 3
21	83 3
21	85 3
21	79 23
21	84 4
21	83 4
21	85 4
21	79 30
21	84 5
21	83 5
21	85 5
21	79 26
21	84 6
21	83 6
21	85 6
21	79 26
21	84 7
21	83 7
21	85 7
21	79 33
21	84 8
21	83 8
21	85 8
21	79 26
21	84 9
21	83 9
21	85 9
21	79 27
21	84 10
21	83 10
21	85 10
21	79 25
21	84 11
21	83 11
21	85 11
21	79 29
21	84 12
21	83 12
21	85 12
21	79 24
21	84 13
21	83 13
21	85 13
21	79 24
21	84 14
21	83 14
21	85 14
21	79 28
21	84 15
21	83 15
21	85 15
21	79 24
21	84 16
21	83 16
21	85 16
21	79 23
21	84 17
21	83 17
21	85 17
21	79 32
21	84 18
21	83 18
21	85 18
21	79 27
21	84 19
21	83 19
21	85 19
21	79 26
21	84 20
21	83 20
21	85 20
21	79 33
21	84 1
21	83 1
21	85 1
21	79 27
21	84 2
21	83 2
21	85 2
21	79 28
21	84 3
21	83 3
21	85 3
21	79 29
21	84 4
21	83 4
21	85 4
21	79 28
21	84 5
21	83 5
21	85 5
21	79 24
21	84 6
21	83 6
21	85 6
21	79 24
21	84 7
21	83 7
21	85 7
21	79 28
21	84 8
21	83 8
21	85 8
21	79 23
21	84 9
21	83 9
21	85 9
21	79 26
21	84 10
21	84 11
21	83 11
21	85 11
21	79 14
21	84 12
21	83 12
21	85 12
21	79 34
21	83 12
21	85 10
21	79 211
21	84 13
21	83 13
21	85 13
21	79 24
21	84 14
21	84 15
21	83 15
21	85 15
21	79 25
21	84 16
21	83 16
21	85 14
21	79 188
21	83 16
21	85 16
21	79 47
21	84 17
21	83 17
21	85 17
21	79 34
21	84 18
21	83 18
21	85 18
21	79 22
21	84 19
21	83 19
21	85 19
21	79 22
21	84 20
21	83 20
21	85 20
21	79 29
21	84 1
21	83 1
21	85 1
21	79 24
21	84 2
21	83 2
21	85 2
21	79 25
21	84 3
21	83 3
21	85 3
21	79 25
21	84 4
21	83 4
21	85 4
21	79 28
21	84 5
21	83 5
21	85 5
21	79 30
21	84 6
21	83 6
21	85 6
21	79 26
21	84 7
21	83 7
21	85 7
21	79 31
21	84 8
21	83 8
21	85 8
21	79 32
21	84 9
21	83 9
21	85 9
21	79 25
21	84 10
21	83 10
21	85 10
21	79 29
21	84 11
21	83 11
21	85 11
21	79 30
21	84 12
21	83 12
21	85 12
21	79 23
21	84 13
21	83 13
21	85 13
21	79 23
21	84 14
21	83 14
21	85 14
21	79 29
21	84 15
21	83 15
21	85 15
21	79 28
21	84 16
21	83 16
21	85 16
21	79 28
21	84 17
21	83 17
21	85 17
21	79 26
21	84 18
21	83 18
21	85 18
21	79 27
21	84 19
21	84 20
21	83 20
21	85 20
21	79 25
21	84 1
21	83 1
21	85 1
21	79 19
21	83 1
21	85 19
21	79 185
21	84 2
21	83 2
21	85 2
21	79 43
21	84 3
21	83 3
21	85 3
21	79 15
21	84 4
21	83 4
21	85 4
21	79 43
21	84 5
21	83 5
21	85 5
21	79 15
21	84 6
21	83 6
21	85 6
21	79 42
21	84 7
21	83 7
21	85 7
21	79 14
21	84 8
21	84 9
21	83 9
21	85 9
21	79 26
21	84 10
21	TEST_NUMBER 1
21	SENT_TOTAL 250
21	RECEIVED_TOTAL 130
21	TIME_TOTAL 19765
21	RECEIVED_RADIO_1 46
21	RECEIVED_RADIO_2 85
21	SENT_RADIO_1 125
21	SENT_RADIO_2 125
21	RADIO_TIME_1 19813
21	RADIO_TIME_2 19763
21	RETRANSMISSIONS_1 0
21	RETRANSMISSIONS_2 0
21	DROPPED_1 0
21	DROPPED_2 0
21	MAX_QUEUE 1
21	DUPLICATED_1 0
21	DUPLICATED_2 1
21	EBUSY_RADIO_1 0
21	EBUSY_RADIO_2 0
21	83 0
21	85 8
21	86 1
21	83 0
21	85 10
21	86 1
21	84 1
21	83 1
21	85 1
21	79 14
21	84 2
21	83 2
21	85 2
21	79 39
21	84 3
21	83 3
21	85 3
21	79 13
21	84 4
21	84 5
21	83 5
21	85 5
21	79 27
21	84 6
21	83 6
21	85 4
21	79 190
21	83 6
21	85 6
21	79 51
21	84 7
21	83 7
21	85 7
21	79 14
21	84 8
21	83 8
21	85 8
21	79 44
21	84 9
21	83 9
21	85 9
21	79 13
21	84 10
21	83 10
21	85 10
21	79 43
21	84 11
21	83 11
21	85 11
21	79 12
21	84 12
21	83 12
21	85 12
21	79 43
21	84 13
21	83 13
21	85 13
21	79 18
21	84 14
21	83 14
21	85 14
21	79 46
21	84 15
21	83 15
21	85 15
21	79 14
21	84 16
21	83 16
21	85 16
21	79 41
21	84 17
21	83 17
21	85 17
21	79 15
21	84 18
21	83 18
21	85 18
21	79 39
21	84 19
21	83 19
21	85 19
21	79 17
21	84 20
21	83 20
21	85 20
21	79 46
21	84 1
21	83 1
21	85 1
21	79 17
21	84 2
21	83 2
21	85 2
21	79 42
21	84 3
21	83 3
21	85 3
21	79 15
21	84 4
21	83 4
21	85 4
21	79 45
21	84 5
21	83 5
21	85 5
21	79 17
21	84 6
21	83 6
21	85 6
21	79 38
21	84 7
21	83 7
21	85 7
21	79 20
21	84 8
21	83 8
21	85 8
21	79 38
21	84 9
21	83 9
21	85 9
21	79 13
21	84 10
21	83 10
21	85 10
21	79 41
21	84 11
21	83 11
21	85 11
21	79 16
21	84 12
21	83 12
21	85 12
21	79 40
21	84 13
21	83 13
21	85 13
21	79 19
21	84 14
21	83 14
21	85 14
21	79 35
21	84 15
21	83 15
21	85 15
21	79 15
21	84 16
21	83 16
21	85 16
21	79 34
21	84 17
21	83 17
21	85 17
21	79 25
21	84 18
21	84 19
21	83 19
21	85 19
21	79 12
21	84 20
21	83 20
21	85 20
21	79 32
21	83 20
21	85 18
21	79 206
21	84 1
21	83 1
21	85 1
21	79 22
21	84 2
21	83 2
21	85 2
21	79 46
21	84 3
21	83 3
21	85 3
21	79 17
21	84 4
21	83 4
21	85 4
21	79 45
21	84 5
21	83 5
21	85 5
21	79 15
21	84 6
21	83 6
21	85 6
21	79 37
21	84 7
21	83 7
21	85 7
21	79 16
21	84 8
21	83 8
21	85 8
21	79 36
21	84 9
21	83 9
21	85 9
21	79 16
21	84 10
21	83 10
21	85 10
21	79 45
21	84 11
21	83 11
21	85 11
21	79 16
21	84 12
21	84 13
21	83 13
21	85 13
21	79 11
21	84 14
21	83 14
21	85 14
21	79 38
21	83 14
21	85 12
21	79 202
21	84 15
21	83 15
21	85 15
21	79 25
21	84 16
21	83 16
21	85 16
21	79 22
21	84 17
21	83 17
21	85 17
21	79 27
21	84 18
21	83 18
21	85 18
21	79 23
21	84 19
21	83 19
21	85 19
21	79 29
21	84 20
21	83 20
21	85 20
21	79 27
21	84 1
21	83 1
21	85 1
21	79 26
21	84 2
21	83 2
21	85 2
21	79 21
21	84 3
21	83 3
21	85 3
21	79 28
21	84 4
21	83 4
21	85 4
21	79 28
21	84 5
21	83 5
21	85 5
21	79 27
21	84 6
21	83 6
21	85 6
21	79 21
21	84 7
21	83 7
21	85 7
21	79 27
21	84 8
21	83 8
21	85 8
21	79 28
21	84 9
21	83 9
21	85 9
21	79 26
21	84 10
21	83 10
21	85 10
21	79 25
21	84 11
21	83 11
21	85 11
21	79 24
21	84 12
21	83 12
21	85 12
21	79 25
21	84 13
21	83 13
21	85 13
21	79 28
21	84 14
21	83 14
21	85 14
21	79 28
21	84 15
21	83 15
21	85 15
21	79 27
21	84 16
21	83 16
21	85 16
21	79 24
21	84 17
21	83 17
21	85 17
21	79 33
21	84 18
21	83 18
21	85 18
21	79 31
21	84 19
21	83 19
21	85 19
21	79 25
21	84 20
21	83 20
21	85 20
21	79 26
21	84 1
21	83 1
21	85 1
21	79 24
21	84 2
21	83 2
21	85 2
21	79 25
21	84 3
21	83 3
21	85 3
21	79 27
21	84 4
21	83 4
21	85 4
21	79 23
21	84 5
21	83 5
21	85 5
21	79 28
21	84 6
21	83 6
21	85 6
21	79 22
21	84 7
21	83 7
21	85 7
21	79 30
21	84 8
21	83 8
21	85 8
21	79 23
21	84 9
21	83 9
21	85 9
21	79 27
21	84 10
21	83 10
21	85 10
21	79 24
21	84 11
21	83 11
21	85 11
21	79 25
21	84 12
21	83 12
21	85 12
21	79 23
21	84 13
21	83 13
21	85 13
21	79 28
21	84 14
21	83 14
21	85 14
21	79 23
21	84 15
21	83 15
21	85 15
21	79 30
21	84 16
21	83 16
21	85 16
21	79 23
21	84 17
21	83 17
21	85 17
21	79 24
21	84 18
21	83 18
21	85 18
21	79 24
21	84 19
21	83 19
21	85 19
21	79 26
21	84 20
21	83 20
21	85 20
21	79 29
21	84 1
21	83 1
21	85 1
21	79 27
21	84 2
21	83 2
21	85 2
21	79 27
21	84 3
21	83 3
21	85 3
21	79 25
21	84 4
21	83 4
21	85 4
21	79 43
21	84 5
21	83 5
21	85 5
21	79 15
21	84 6
21	83 6
21	85 6
21	79 42
21	84 7
21	83 7
21	85 7
21	79 12
21	84 8
21	83 8
21	85 8
21	79 40
21	84 9
21	83 9
21	85 9
21	79 24
21	84 10
21	84 11
21	83 11
21	85 11
21	79 12
21	84 12
21	83 12
21	85 12
21	79 34
21	83 12
21	85 10
21	79 207
21	84 13
21	83 13
21	85 13
21	79 22
21	84 14
21	84 15
21	83 15
21	85 15
21	79 23
21	84 16
21	83 16
21	85 14
21	79 187
21	83 16
21	85 16
21	79 52
21	84 17
21	83 17
21	85 17
21	79 16
21	84 18
21	84 19
21	83 19
21	85 19
21	79 31
21	84 20
21	83 20
21	85 18
21	79 183
21	83 20
21	85 20
21	79 45
21	84 1
21	83 1
21	85 1
21	79 42
21	84 2
21	83 2
21	85 2
21	79 25
21	84 3
21	83 3
21	85 3
21	79 29
21	84 4
21	83 4
21	85 4
21	79 32
21	84 5
21	83 5
21	85 5
21	79 28
21	84 6
21	83 6
21	85 6
21	79 34
21	84 7
21	83 7
21	85 7
21	79 26
21	84 8
21	83 8
21	85 8
21	79 26
21	84 9
21	83 9
21	85 9
21	79 27
21	84 10
21	83 10
21	85 10
21	79 24
21	84 11
21	83 11
21	85 11
21	79 30
21	84 12
21	83 12
21	85 12
21	79 25
21	84 13
21	83 13
21	85 13
21	79 26
21	84 14
21	83 14
21	85 14
21	79 27
21	84 15
21	83 15
21	85 15
21	79 24
21	84 16
21	83 16
21	85 16
21	79 27
21	84 17
21	84 18
21	83 18
21	85 18
21	79 28
21	84 19
21	83 19
21	85 19
21	79 21
21	83 19
21	85 17
21	79 183
21	84 20
21	83 20
21	85 20
21	79 38
21	84 1
21	83 1
21	85 1
21	79 17
21	84 2
21	83 2
21	85 2
21	79 43
21	84 3
21	83 3
21	85 3
21	79 17
21	84 4
21	83 4
21	85 4
21	79 43
21	84 5
21	83 5
21	85 5
21	79 17
21	84 6
21	83 6
21	85 6
21	79 46
21	84 7
21	83 7
21	85 7
21	79 17
21	84 8
21	84 9
21	83 9
21	85 9
21	79 13
21	84 10
21	83 10
21	85 8
21	79 201
21	83 10
21	85 10
21	79 50
21	84 11
21	83 11
21	85 11
21	79 16
21	84 12
21	84 13
21	83 13
21	85 13
21	79 25
21	84 14
21	83 14
21	85 12
21	79 186
21	83 14
21	85 14
21	79 52
21	84 15
21	83 15
21	85 15
21	79 16
21	84 16
21	83 16
21	85 16
21	79 47
21	84 17
21	83 17
21	85 17
21	79 18
21	84 18
21	83 18
21	85 18
21	79 42
21	84 19
21	83 19
21	85 19
21	79 13
21	84 20
21	83 20
21	85 20
21	79 43
21	84 1
21	83 1
21	85 1
21	79 14
21	84 2
21	83 2
21	85 2
21	79 41
21	84 3
21	83 3
21	85 3
21	79 14
21	84 4
21	83 4
21	85 4
21	79 41
21	84 5
21	83 5
21	85 5
21	79 12
21	84 6
21	83 6
21	85 6
21	79 39
21	84 7
21	83 7
21	85 7
21	79 15
21	84 8
21	83 8
21	85 8
21	79 48
21	84 9
21	83 9
21	85 9
21	79 16
21	84 10
21	83 10
21	85 10
21	79 40
21	84 11
21	83 11
21	85 11
21	79 12
21	84 12
21	83 12
21	85 12
21	79 34
21	84 13
21	83 13
21	85 13
21	79 12
21	84 14
21	83 14
21	85 14
21	79 41
21	84 15
21	83 15
21	85 15
21	79 16
21	84 16
21	83 16
21	85 16
21	79 45
21	84 17
21	83 17
21	85 17
21	79 13
21	84 18
21	84 19
21	83 19
21	85 19
21	79 15
21	84 20
21	83 20
21	85 20
21	79 38
21	83 20
21	85 18
21	79 204
21	84 1
21	83 1
21	85 1
21	79 27
21	84 2
21	83 2
21	85 2
21	79 29
21	84 3
21	83 3
21	85 3
21	79 24
21	84 4
21	83 4
21	85 4
21	79 28
21	84 5
21	83 5
21	85 5
21	79 25
21	84 6
21	83 6
21	85 6
21	79 26
21	84 7
21	83 7
21	85 7
21	79 30
21	84 8
21	83 8
21	85 8
21	79 27
21	84 9
21	83 9
21	85 9
21	79 28
21	84 10
21	84 11
21	83 11
21	85 11
21	79 14
21	84 12
21	83 12
21	85 10
21	79 197
21	83 12
21	85 12
21	79 41
21	84 13
21	83 13
21	85 13
21	79 27
21	84 14
21	83 14
21	85 14
21	79 30
21	84 15
21	83 15
21	85 15
21	79 25
21	84 16
21	83 16
21	85 16
21	79 23
21	84 17
21	83 17
21	85 17
21	79 24
21	84 18
21	83 18
21	85 18
21	79 27
21	84 19
21	84 20
21	83 20
21	85 20
21	79 26
21	84 1
21	83 1
21	85 1
21	79 22
21	83 1
21	85 19
21	79 186
21	84 2
21	83 2
21	85 2
21	79 42
21	84 3
21	83 3
21	85 3
21	79 14
21	84 4
21	83 4
21	85 4
21	79 41
21	84 5
21	83 5
21	85 5
21	79 14
21	84 6
21	83 6
21	85 6
21	79 39
21	84 7
21	83 7
21	85 7
21	79 16
21	84 8
21	83 8
21	85 8
21	79 41
21	84 9
21	83 9
21	85 9
21	79 13
21	84 10
21	83 10
21	85 10
21	79 42
21	84 11
21	83 11
21	85 11
21	79 10
21	84 12
21	83 12
21	85 12
21	79 48
21	84 13
21	83 13
21	85 13
21	79 12
21	84 14
21	83 14
21	85 14
21	79 41
21	84 15
21	83 15
21	85 15
21	79 27
21	84 16
21	83 16
21	85 16
21	79 29
21	84 17
21	83 17
21	85 17
21	79 28
21	84 18
21	83 18
21	85 18
21	79 23
21	84 19
21	83 19
21	85 19
21	79 26
21	84 20
21	83 20
21	85 20
21	79 21
21	84 1
21	83 1
21	85 1
21	79 23
21	84 2
21	83 2
21	85 2
21	79 29
21	84 3
21	83 3
21	85 3
21	79 27
21	84 4
21	84 5
21	83 5
21	85 5
21	79 15
21	84 6
21	83 6
21	85 6
21	79 31
21	83 6
21	85 4
21	79 208
21	84 7
21	83 7
21	85 7
21	79 25
21	84 8
21	84 9
21	83 9
21	85 9
21	79 26
21	84 10
21	83 10
21	85 8
21	79 183
21	83 10
21	85 10
21	79 46
21	84 11
21	83 11
21	85 11
21	79 13
21	84 12
21	83 12
21	85 12
21	79 43
21	84 13
21	83 13
21	85 13
21	79 15
21	84 14
21	83 14
21	85 14
21	79 38
21	84 15
21	83 15
21	85 15
21	79 15
21	84 16
21	83 16
21	85 16
21	79 42
21	84 17
21	83 17
21	85 17
21	79 16
21	84 18
21	83 18
21	85 18
21	79 42
21	84 19
21	83 19
21	85 19
21	79 13
21	84 20
21	83 20
21	85 20
21	79 37
21	84 1
21	83 1
21	85 1
21	79 15
21	84 2
21	83 2
21	85 2
21	79 39
21	84 3
21	83 3
21	85 3
21	79 12
21	84 4
21	83 4
21	85 4
21	79 47
21	84 5
21	83 5
21	85 5
21	79 18
21	84 6
21	83 6
21	85 6
21	79 38
21	84 7
21	83 7
21	85 7
21	79 12
21	84 8
21	83 8
21	85 8
21	79 37
21	84 9
21	83 9
21	85 9
21	79 15
21	84 10
21	TEST_NUMBER 2
21	SENT_TOTAL 250
21	RECEIVED_TOTAL 249
21	TIME_TOTAL 29795
21	RECEIVED_RADIO_1 120
21	RECEIVED_RADIO_2 131
21	SENT_RADIO_1 125
21	SENT_RADIO_2 125
21	RADIO_TIME_1 29837
21	RADIO_TIME_2 29795
21	RETRANSMISSIONS_1 0
21	RETRANSMISSIONS_2 0
21	DROPPED_1 0
21	DROPPED_2 0
21	MAX_QUEUE 1
21	DUPLICATED_1 0
21	DUPLICATED_2 1
21	EBUSY_RADIO_1 0
21	EBUSY_RADIO_2 0
21	83 0
21	85 10
21	86 2
21	84 1
21	83 1
21	85 1
21	79 16
21	84 2
21	83 2
21	85 2
21	79 36
21	84 3
21	83 3
21	85 3
21	79 13
21	84 4
21	83 4
21	85 4
21	79 41
21	84 5
21	83 5
21	85 5
21	79 15
21	84 6
21	83 6
21	85 6
21	79 39
21	84 7
21	83 7
21	85 7
21	79 15
21	84 8
21	83 8
21	85 8
21	79 36
21	84 9
21	83 9
21	85 9
21	79 14
21	84 10
21	83 10
21	85 10
21	79 44
21	84 11
21	83 11
21	85 11
21	79 18
21	84 12
21	83 12
21	85 12
21	79 39
21	84 13
21	83 13
21	85 13
21	79 15
21	84 14
21	84 15
21	83 15
21	85 15
21	79 26
21	84 16
21	83 16
21	85 14
21	79 184
21	83 16
21	85 16
21	79 46
21	84 17
21	83 17
21	85 17
21	79 17
21	84 18
21	83 18
21	85 18
21	79 48
21	84 19
21	83 19
21	85 19
21	79 14
21	84 20
21	83 20
21	85 20
21	79 44
21	84 1
21	83 1
21	85 1
21	79 20
21	84 2
21	83 2
21	85 2
21	79 42
21	84 3
21	83 3
21	85 3
21	79 18
21	84 4
21	84 5
21	83 5
21	85 5
21	79 18
21	84 6
21	83 6
21	85 6
21	79 35
21	83 6
21	85 4
21	79 199
21	84 7
21	83 7
21	85 7
21	79 25
21	84 8
21	83 8
21	85 8
21	79 26
21	84 9
21	83 9
21	85 9
21	79 23
21	84 10
21	83 10
21	85 10
21	79 21
21	84 11
21	83 11
21	85 11
21	79 23
21	84 12
21	83 12
21	85 12
21	79 25
21	84 13
21	83 13
21	85 13
21	79 28
21	84 14
21	83 14
21	85 14
21	79 27
21	84 15
21	83 15
21	85 15
21	79 28
21	84 16
21	83 16
21	85 16
21	79 30
21	84 17
21	83 17
21	85 17
21	79 22
21	84 18
21	83 18
21	85 18
21	79 30
21	84 19
21	83 19
21	85 19
21	79 23
21	84 20
21	83 20
21	85 20
21	79 28
21	84 1
21	83 1
21	85 1
21	79 23
21	84 2
21	83 2
21	85 2
21	79 43
21	84 3
21	83 3
21	85 3
21	79 15
21	84 4
21	84 5
21	84 6
21	83 6
21	85 4
21	79 198
21	83 6
21	85 5
21	79 118
21	83 6
21	85 6
21	79 77
21	84 7
21	83 7
21	85 7
21	79 16
21	84 8
21	83 8
21	85 8
21	79 41
21	84 9
21	83 9
21	85 9
21	79 17
21	84 10
21	83 10
21	85 10
21	79 37
21	84 11
21	83 11
21	85 11
21	79 29
21	84 12
21	83 12
21	85 12
21	79 28
21	84 13
21	83 13
21	85 13
21	79 29
21	84 14
21	83 14
21	85 14
21	79 24
21	84 15
21	83 15
21	85 15
21	79 23
21	84 16
21	83 16
21	85 16
21	79 28
21	84 17
21	83 17
21	85 17
21	79 28
21	84 18
21	83 18
21	85 18
21	79 21
21	84 19
21	83 19
21	85 19
21	79 27
21	84 20
21	83 20
21	85 20
21	79 24
21	84 1
21	83 1
21	85 1
21	79 28
21	84 2
21	83 2
21	85 2
21	79 26
21	84 3
21	83 3
21	85 3
21	79 28
21	84 4
21	83 4
21	85 4
21	79 26
21	84 5
21	83 5
21	85 5
21	79 27
21	84 6
21	83 6
21	85 6
21	79 26
21	84 7
21	83 7
21	85 7
21	79 28
21	84 8
21	83 8
21	85 8
21	79 26
21	84 9
21	83 9
21	85 9
21	79 25
21	84 10
21	83 10
21	85 10
21	79 25
21	84 11
21	83 11
21	85 11
21	79 23
21	84 12
21	83 12
21	85 12
21	79 25
21	84 13
21	83 13
21	85 13
21	79 27
21	84 14
21	83 14
21	85 14
21	79 25
21	84 15
21	83 15
21	85 15
21	79 27
21	84 16
21	83 16
21	85 16
21	79 27
21	84 17
21	83 17
21	85 17
21	79 31
21	84 18
21	83 18
21	85 18
21	79 27
21	84 19
21	83 19
21	85 19
21	79 32
21	84 20
21	83 20
21	85 20
21	79 29
21	84 1
21	83 1
21	85 1
21	79 28
21	84 2
21	83 2
21	85 2
21	79 26
21	84 3
21	83 3
21	85 3
21	79 27
21	84 4
21	83 4
21	85 4
21	79 26
21	84 5
21	83 5
21	85 5
21	79 24
21	84 6
21	83 6
21	85 6
21	79 24
21	84 7
21	83 7
21	85 7
21	79 26
21	84 8
21	83 8
21	85 8
21	79 28
21	84 9
21	83 9
21	85 9
21	79 24
21	84 10
21	84 11
21	83 11
21	85 11
21	79 14
21	84 12
21	83 12
21	85 12
21	79 30
21	83 12
21	85 10
21	79 202
21	84 13
21	83 13
21	85 13
21	79 19
21	84 14
21	83 14
21	85 14
21	79 42
21	84 15
21	83 15
21	85 15
21	79 15
21	84 16
21	83 16
21	85 16
21	79 37
21	84 17
21	83 17
21	85 17
21	79 17
21	84 18
21	83 18
21	85 18
21	79 41
21	84 19
21	83 19
21	85 19
21	79 16
21	84 20
21	83 20
21	85 20
21	79 46
21	84 1
21	83 1
21	85 1
21	79 14
21	84 2
21	83 2
21	85 2
21	79 40
21	84 3
21	83 3
21	85 3
21	79 16
21	84 4
21	83 4
21	85 4
21	79 41
21	84 5
21	83 5
21	85 5
21	79 13
21	84 6
21	83 6
21	85 6
21	79 38
21	84 7
21	83 7
21	85 7
21	79 15
21	84 8
21	83 8
21	85 8
21	79 41
21	84 9
21	83 9
21	85 9
21	79 11
21	84 10
21	83 10
21	85 10
21	79 36
21	84 11
21	83 11
21	85 11
21	79 17
21	84 12
21	83 12
21	85 12
21	79 43
21	84 13
21	83 13
21	85 13
21	79 18
21	84 14
21	83 14
21	85 14
21	79 44
21	84 15
21	83 15
21	85 15
21	79 15
21	84 16
21	83 16
21	85 16
21	79 42
21	84 17
21	83 17
21	85 17
21	79 10
21	84 18
21	84 19
21	83 19
21	85 19
21	79 14
21	84 20
21	83 20
21	85 20
21	79 31
21	83 20
21	85 18
21	79 199
21	84 1
21	83 1
21	85 1
21	79 22
21	84 2
21	83 2
21	85 2
21	79 23
21	84 3
21	83 3
21	85 3
21	79 27
21	84 4
21	83 4
21	85 4
21	79 27
21	84 5
21	83 5
21	85 5
21	79 27
21	84 6
21	83 6
21	85 6
21	79 23
21	84 7
21	83 7
21	85 7
21	79 29
21	84 8
21	84 9
21	83 9
21	85 9
21	79 14
21	84 10
21	83 10
21	85 8
21	79 198
21	83 10
21	85 10
21	79 39
21	84 11
21	83 11
21	85 11
21	79 27
21	84 12
21	83 12
21	85 12
21	79 36
21	84 13
21	83 13
21	85 13
21	79 25
21	84 14
21	83 14
21	85 14
21	79 28
21	84 15
21	83 15
21	85 15
21	79 23
21	84 16
21	83 16
21	85 16
21	79 27
21	84 17
21	83 17
21	85 17
21	79 26
21	84 18
21	83 18
21	85 18
21	79 21
21	84 19
21	83 19
21	85 19
21	79 25
21	84 20
21	83 20
21	85 20
21	79 26
21	84 1
21	83 1
21	85 1
21	79 28
21	84 2
21	83 2
21	85 2
21	79 25
21	84 3
21	83 3
21	85 3
21	79 26
21	84 4
21	83 4
21	85 4
21	79 27
21	84 5
21	83 5
21	85 5
21	79 22
21	84 6
21	83 6
21	85 6
21	79 28
21	84 7
21	83 7
21	85 7
21	79 26
21	84 8
21	83 8
21	85 8
21	79 29
21	84 9
21	83 9
21	85 9
21	79 29
21	84 10
21	83 10
21	85 10
21	79 23
21	84 11
21	83 11
21	85 11
21	79 22
21	84 12
21	83 12
21	85 12
21	79 36
21	84 13
21	83 13
21	85 13
21	79 15
21	84 14
21	83 14
21	85 14
21	79 40
21	84 15
21	83 15
21	85 15
21	79 11
21	84 16
21	83 16
21	85 16
21	79 38
21	84 17
21	83 17
21	85 17
21	79 15
21	84 18
21	83 18
21	85 18
21	79 42
21	84 19
21	83 19
21	85 19
21	79 13
21	84 20
21	83 20
21	85 20
21	79 37
21	84 1
21	83 1
21	85 1
21	79 29
21	84 2
21	84 3
21	83 3
21	85 3
21	79 12
21	84 4
21	83 4
21	85 4
21	79 34
21	83 4
21	85 2
21	79 207
21	84 5
21	83 5
21	85 5
21	79 21
21	84 6
21	83 6
21	85 6
21	79 37
21	84 7
21	83 7
21	85 7
21	79 15
21	84 8
21	83 8
21	85 8
21	79 38
21	84 9
21	83 9
21	85 9
21	79 12
21	84 10
21	84 11
21	83 11
21	85 11
21	79 11
21	84 12
21	83 12
21	85 12
21	79 32
21	83 12
21	85 10
21	79 199
21	84 13
21	83 13
21	85 13
21	79 27
21	84 14
21	83 14
21	85 14
21	79 27
21	84 15
21	83 15
21	85 15
21	79 29
21	84 16
21	83 16
21	85 16
21	79 26
21	84 17
21	83 17
21	85 17
21	79 27
21	84 18
21	83 18
21	85 18
21	79 30
21	84 19
21	83 19
21	85 19
21	79 24
21	84 20
21	83 20
21	85 20
21	79 25
21	84 1
21	83 1
21	85 1
21	79 23
21	84 2
21	83 2
21	85 2
21	79 25
21	84 3
21	83 3
21	85 3
21	79 27
21	84 4
21	83 4
21	85 4
21	79 22
21	84 5
21	83 5
21	85 5
21	79 28
21	84 6
21	83 6
21	85 6
21	79 24
21	84 7
21	83 7
21	85 7
21	79 26
21	84 8
21	83 8
21	85 8
21	79 25
21	84 9
21	83 9
21	85 9
21	79 20
21	84 10
21	83 10
21	85 10
21	79 36
21	84 11
21	83 11
21	85 11
21	79 16
21	84 12
21	84 13
21	83 13
21	85 13
21	79 18
21	84 14
21	83 14
21	85 14
21	79 33
21	83 14
21	85 12
21	79 199
21	84 15
21	83 15
21	85 15
21	79 27
21	84 16
21	83 16
21	85 16
21	79 30
21	84 17
21	83 17
21	85 17
21	79 23
21	84 18
21	83 18
21	85 18
21	79 25
21	84 19
21	84 20
21	84 1
21	83 1
21	85 1
21	79 18
21	84 2
21	83 2
21	85 19
21	79 276
21	84 3
21	83 3
21	85 3
21	79 14
21	83 3
21	85 20
21	79 312
21	84 4
21	83 4
21	85 4
21	79 45
21	84 5
21	83 5
21	85 5
21	79 13
21	84 6
21	83 6
21	85 6
21	79 45
21	84 7
21	83 7
21	85 7
21	79 13
21	84 8
21	83 8
21	85 8
21	79 45
21	84 9
21	83 9
21	85 9
21	79 16
21	84 10
21	83 10
21	85 10
21	79 40
21	84 11
21	83 11
21	85 11
21	79 17
21	84 12
21	84 13
21	83 13
21	85 13
21	79 12
21	84 14
21	83 14
21	85 14
21	79 40
21	83 14
21	85 12
21	79 204
21	84 15
21	83 15
21	85 15
21	79 30
21	84 16
21	83 16
21	85 16
21	79 25
21	84 17
21	83 17
21	85 17
21	79 27
21	84 18
21	83 18
21	85 18
21	79 25
21	84 19
21	83 19
21	85 19
21	79 26
21	84 20
21	83 20
21	85 20
21	79 29
21	84 1
21	83 1
21	85 1
21	79 31
21	84 2
21	83 2
21	85 2
21	79 28
21	84 3
21	83 3
21	85 3
21	79 27
21	84 4
21	83 4
21	85 4
21	79 29
21	84 5
21	83 5
21	85 5
21	79 23
21	84 6
21	83 6
21	85 6
21	79 32
21	84 7
21	83 7
21	85 7
21	79 25
21	84 8
21	83 8
21	85 8
21	79 26
21	84 9
21	83 9
21	85 9
21	79 27
21	84 10
21	83 10
21	85 10
21	79 27
21	84 11
21	84 12
21	83 12
21	85 12
21	79 28
21	84 13
21	84 14
21	83 14
21	85 14
21	79 27
21	84 15
21	83 15
21	85 15
21	79 23
21	83 15
21	85 11
21	79 345
21	83 15
21	85 13
21	79 198
21	84 16
21	83 16
21	85 16
21	79 42
21	84 17
21	83 17
21	85 17
21	79 15
21	84 18
21	84 19
21	83 19
21	85 19
21	79 24
21	84 20
21	83 20
21	85 18
21	79 186
21	83 20
21	85 20
21	79 51
21	84 1
21	83 1
21	85 1
21	79 15
21	84 2
21	83 2
21	85 2
21	79 45
21	84 3
21	83 3
21	85 3
21	79 16
21	84 4
21	83 4
21	85 4
21	79 36
21	84 5
21	83 5
21	85 5
21	79 14
21	84 6
21	83 6
21	85 6
21	79 51
21	84 7
21	83 7
21	85 7
21	79 13
21	84 8
21	83 8
21	85 8
21	79 44
21	84 9
21	83 9
21	85 9
21	79 15
21	84 10
21	TEST_NUMBER 3
21	SENT_TOTAL 250
21	RECEIVED_TOTAL 248
21	TIME_TOTAL 29778
21	RECEIVED_RADIO_1 118
21	RECEIVED_RADIO_2 131
21	SENT_RADIO_1 125
21	SENT_RADIO_2 125
21	RADIO_TIME_1 29842
21	RADIO_TIME_2 19778
21	RETRANSMISSIONS_1 0
21	RETRANSMISSIONS_2 0
21	DROPPED_1 0
21	DROPPED_2 0
21	MAX_QUEUE 1
21	DUPLICATED_1 0
21	DUPLICATED_2 0
21	EBUSY_RADIO_1 0
21	EBUSY_RADIO_2 0
21	83 0
21	85 10
21	86 3
21	84 1
21	83 1
21	85 1
21	79 18
21	84 2
21	83 2
21	85 2
21	79 43
21	84 3
21	83 3
21	85 3
21	79 17
21	84 4
21	83 4
21	85 4
21	79 39
21	84 5
21	83 5
21	85 5
21	79 13
21	84 6
21	83 6
21	85 6
21	79 43
21	84 7
21	83 7
21	85 7
21	79 18
21	84 8
21	83 8
21	85 8
21	79 38
21	84 9
21	83 9
21	85 9
21	79 15
21	84 10
21	83 10
21	85 10
21	79 34
21	84 11
21	83 11
21	85 11
21	79 15
21	84 12
21	83 12
21	85 12
21	79 42
21	84 13
21	83 13
21	85 13
21	79 19
21	84 14
21	83 14
21	85 14
21	79 44
21	84 15
21	83 15
21	85 15
21	79 13
21	84 16
21	83 16
21	85 16
21	79 39
21	84 17
21	83 17
21	85 17
21	79 16
21	84 18
21	83 18
21	85 18
21	79 43
21	84 19
21	83 19
21	85 19
21	79 17
21	84 20
21	83 20
21	85 20
21	79 42
21	84 1
21	83 1
21	85 1
21	79 14
21	84 2
21	83 2
21	85 2
21	79 36
21	84 3
21	83 3
21	85 3
21	79 12
21	84 4
21	83 4
21	85 4
21	79 39
21	84 5
21	83 5
21	85 5
21	79 15
21	84 6
21	83 6
21	85 6
21	79 53
21	84 7
21	84 8
21	83 8
21	85 8
21	79 26
21	84 9
21	83 9
21	85 9
21	79 18
21	83 9
21	85 7
21	79 184
21	84 10
21	83 10
21	85 10
21	79 38
21	84 11
21	83 11
21	85 11
21	79 16
21	84 12
21	84 13
21	83 13
21	85 13
21	79 27
21	84 14
21	83 14
21	85 12
21	79 187
21	83 14
21	85 14
21	79 55
21	84 15
21	83 15
21	85 15
21	79 17
21	84 16
21	83 16
21	85 16
21	79 37
21	84 17
21	83 17
21	85 17
21	79 18
21	84 18
21	83 18
21	85 18
21	79 42
21	84 19
21	83 19
21	85 19
21	79 18
21	84 20
21	83 20
21	85 20
21	79 43
21	84 1
21	83 1
21	85 1
21	79 15
21	84 2
21	83 2
21	85 2
21	79 40
21	84 3
21	83 3
21	85 3
21	79 16
21	84 4
21	83 4
21	85 4
21	79 48
21	84 5
21	83 5
21	85 5
21	79 14
21	84 6
21	83 6
21	85 6
21	79 45
21	84 7
21	83 7
21	85 7
21	79 18
21	84 8
21	83 8
21	85 8
21	79 48
21	84 9
21	83 9
21	85 9
21	79 13
21	84 10
21	83 10
21	85 10
21	79 40
21	84 11
21	83 11
21	85 11
21	79 17
21	84 12
21	83 12
21	85 12
21	79 39
21	84 13
21	83 13
21	85 13
21	79 16
21	84 14
21	83 14
21	85 14
21	79 40
21	84 15
21	83 15
21	85 15
21	79 15
21	84 16
21	83 16
21	85 16
21	79 43
21	84 17
21	83 17
21	85 17
21	79 16
21	84 18
21	83 18
21	85 18
21	79 38
21	84 19
21	83 19
21	85 19
21	79 18
21	84 20
21	83 20
21	85 20
21	79 44
21	84 1
21	83 1
21	85 1
21	79 19
21	84 2
21	83 2
21	85 2
21	79 37
21	84 3
21	83 3
21	85 3
21	79 15
21	84 4
21	83 4
21	85 4
21	79 36
21	84 5
21	83 5
21	85 5
21	79 29
21	84 6
21	83 6
21	85 6
21	79 26
21	84 7
21	83 7
21	85 7
21	79 27
21	84 8
21	83 8
21	85 8
21	79 26
21	84 9
21	83 9
21	85 9
21	79 33
21	84 10
21	84 11
21	83 11
21	85 11
21	79 14
21	84 12
21	83 12
21	85 12
21	79 38
21	83 12
21	85 10
21	79 209
21	84 13
21	83 13
21	85 13
21	79 19
21	84 14
21	83 14
21	85 14
21	79 41
21	84 15
21	83 15
21	85 15
21	79 15
21	84 16
21	83 16
21	85 16
21	79 44
21	84 17
21	83 17
21	85 17
21	79 15
21	84 18
21	83 18
21	85 18
21	79 44
21	84 19
21	83 19
21	85 19
21	79 16
21	84 20
21	83 20
21	85 20
21	79 45
21	84 1
21	83 1
21	85 1
21	79 19
21	84 2
21	83 2
21	85 2
21	79 41
21	84 3
21	83 3
21	85 3
21	79 19
21	84 4
21	83 4
21	85 4
21	79 45
21	84 5
21	83 5
21	85 5
21	79 17
21	84 6
21	83 6
21	85 6
21	79 40
21	84 7
21	83 7
21	85 7
21	79 16
21	84 8
21	83 8
21	85 8
21	79 41
21	84 9
21	83 9
21	85 9
21	79 14
21	84 10
21	83 10
21	85 10
21	79 43
21	84 11
21	83 11
21	85 11
21	79 18
21	84 12
21	83 12
21	85 12
21	79 43
21	84 13
21	83 13
21	85 13
21	79 12
21	84 14
21	83 14
21	85 14
21	79 38
21	84 15
21	83 15
21	85 15
21	79 17
21	84 16
21	83 16
21	85 16
21	79 36
21	84 17
21	83 17
21	85 17
21	79 18
21	84 18
21	83 18
21	85 18
21	79 38
21	84 19
21	83 19
21	85 19
21	79 17
21	84 20
21	83 20
21	85 20
21	79 41
21	84 1
21	83 1
21	85 1
21	79 13
21	84 2
21	83 2
21	85 2
21	79 41
21	84 3
21	83 3
21	85 3
21	79 29
21	84 4
21	84 5
21	83 5
21	85 5
21	79 15
21	84 6
21	83 6
21	85 6
21	79 31
21	83 6
21	85 4
21	79 205
21	84 7
21	83 7
21	85 7
21	79 21
21	84 8
21	84 9
21	83 9
21	85 9
21	79 22
21	84 10
21	83 10
21	85 8
21	79 189
21	83 10
21	85 10
21	79 52
21	84 11
21	83 11
21	85 11
21	79 16
21	84 12
21	83 12
21	85 12
21	79 39
21	84 13
21	83 13
21	85 13
21	79 16
21	84 14
21	83 14
21	85 14
21	79 36
21	84 15
21	83 15
21	85 15
21	79 15
21	84 16
21	83 16
21	85 16
21	79 37
21	84 17
21	83 17
21	85 17
21	79 17
21	84 18
21	83 18
21	85 18
21	79 41
21	84 19
21	83 19
21	85 19
21	79 15
21	84 20
21	83 20
21	85 20
21	79 51
21	84 1
21	83 1
21	85 1
21	79 13
21	84 2
21	83 2
21	85 2
21	79 37
21	84 3
21	83 3
21	85 3
21	79 19
21	84 4
21	83 4
21	85 4
21	79 38
21	84 5
21	83 5
21	85 5
21	79 18
21	84 6
21	83 6
21	85 6
21	79 38
21	84 7
21	83 7
21	85 7
21	79 16
21	84 8
21	83 8
21	85 8
21	79 34
21	84 9
21	83 9
21	85 9
21	79 18
21	84 10
21	83 10
21	85 10
21	79 41
21	84 11
21	83 11
21	85 11
21	79 11
21	84 12
21	83 12
21	85 12
21	79 42
21	84 13
21	83 13
21	85 13
21	79 11
21	84 14
21	83 14
21	85 14
21	79 39
21	84 15
21	83 15
21	85 15
21	79 14
21	84 16
21	83 16
21	85 16
21	79 40
21	84 17
21	83 17
21	85 17
21	79 18
21	84 18
21	83 18
21	85 18
21	79 44
21	84 19
21	83 19
21	85 19
21	79 15
21	84 20
21	83 20
21	85 20
21	79 39
21	84 1
21	83 1
21	85 1
21	79 16
21	84 2
21	84 3
21	83 3
21	85 3
21	79 29
21	84 4
21	83 4
21	85 2
21	79 186
21	83 4
21	85 4
21	79 46
21	84 5
21	83 5
21	85 5
21	79 15
21	84 6
21	84 7
21	83 7
21	85 7
21	79 27
21	84 8
21	83 8
21	85 6
21	79 185
21	83 8
21	85 8
21	79 42
21	84 9
21	83 9
21	85 9
21	79 19
21	84 10
21	83 10
21	85 10
21	79 45
21	84 11
21	83 11
21	85 11
21	79 16
21	84 12
21	83 12
21	85 12
21	79 42
21	84 13
21	83 13
21	85 13
21	79 19
21	84 14
21	83 14
21	85 14
21	79 43
21	84 15
21	83 15
21	85 15
21	79 16
21	84 16
21	83 16
21	85 16
21	79 46
21	84 17
21	83 17
21	85 17
21	79 15
21	84 18
21	83 18
21	85 18
21	79 40
21	84 19
21	83 19
21	85 19
21	79 14
21	84 20
21	83 20
21	85 20
21	79 39
21	84 1
21	83 1
21	85 1
21	79 10
21	84 2
21	84 3
21	83 3
21	85 3
21	79 17
21	84 4
21	83 4
21	85 2
21	79 208
21	83 4
21	85 4
21	79 58
21	84 5
21	83 5
21	85 5
21	79 18
21	84 6
21	83 6
21	85 6
21	79 41
21	84 7
21	83 7
21	85 7
21	79 12
21	84 8
21	83 8
21	85 8
21	79 39
21	84 9
21	83 9
21	85 9
21	79 12
21	84 10
21	83 10
21	85 10
21	79 36
21	84 11
21	83 11
21	85 11
21	79 17
21	84 12
21	83 12
21	85 12
21	79 46
21	84 13
21	83 13
21	85 13
21	79 15
21	84 14
21	83 14
21	85 14
21	79 38
21	84 15
21	83 15
21	85 15
21	79 13
21	84 16
21	84 17
21	83 17
21	85 17
21	79 27
21	84 18
21	83 18
21	85 16
21	79 190
21	83 18
21	85 18
21	79 52
21	84 19
21	83 19
21	85 19
21	79 14
21	84 20
21	84 1
21	83 1
21	85 1
21	79 26
21	84 2
21	83 2
21	85 20
21	79 189
21	83 2
21	85 2
21	79 50
21	84 3
21	83 3
21	85 3
21	79 12
21	84 4
21	84 5
21	83 5
21	85 5
21	79 13
21	84 6
21	83 6
21	85 6
21	79 36
21	83 6
21	85 4
21	79 199
21	84 7
21	83 7
21	85 7
21	79 31
21	84 8
21	83 8
21	85 8
21	79 23
21	84 9
21	83 9
21	85 9
21	79 29
21	84 10
21	83 10
21	85 10
21	79 27
21	84 11
21	83 11
21	85 11
21	79 29
21	84 12
21	83 12
21	85 12
21	79 26
21	84 13
21	83 13
21	85 13
21	79 24
21	84 14
21	83 14
21	85 14
21	79 27
21	84 15
21	83 15
21	85 15
21	79 26
21	84 16
21	83 16
21	85 16
21	79 34
21	84 17
21	83 17
21	85 17
21	79 24
21	84 18
21	83 18
21	85 18
21	79 24
21	84 19
21	83 19
21	85 19
21	79 24
21	84 20
21	83 20
21	85 20
21	79 30
21	84 1
21	83 1
21	85 1
21	79 28
21	84 2
21	83 2
21	85 2
21	79 25
21	84 3
21	83 3
21	85 3
21	79 29
21	84 4
21	83 4
21	85 4
21	79 21
21	84 5
21	83 5
21	85 5
21	79 26
21	84 6
21	83 6
21	85 6
21	79 28
21	84 7
21	83 7
21	85 7
21	79 26
21	84 8
21	83 8
21	85 8
21	79 29
21	84 9
21	83 9
21	85 9
21	79 23
21	84 10
21	83 10
21	85 10
21	79 24
21	84 11
21	83 11
21	85 11
21	79 25
21	84 12
21	83 12
21	85 12
21	79 25
21	84 13
21	83 13
21	85 13
21	79 24
21	84 14
21	83 14
21	85 14
21	79 25
21	84 15
21	84 16
21	83 16
21	85 16
21	79 27
21	84 17
21	83 17
21	85 17
21	79 19
21	83 17
21	85 15
21	79 184
21	84 18
21	84 19
21	83 19
21	85 19
21	79 29
21	84 20
21	83 20
21	85 18
21	79 187
21	83 20
21	85 20
21	79 47
21	84 1
21	83 1
21	85 1
21	79 36
21	84 2
21	83 2
21	85 2
21	79 28
21	84 3
21	83 3
21	85 3
21	79 29
21	84 4
21	83 4
21	85 4
21	79 26
21	84 5
21	84 6
21	83 6
21	85 6
21	79 29
21	84 7
21	83 7
21	85 7
21	79 20
21	83 7
21	85 5
21	79 181
21	84 8
21	83 8
21	85 8
21	79 40
21	84 9
21	83 9
21	85 9
21	79 17
21	84 10
21	83 10
21	85 10
21	79 47
21	84 11
21	83 11
21	85 11
21	79 17
21	84 12
21	83 12
21	85 12
21	79 44
21	84 13
21	83 13
21	85 13
21	79 14
21	84 14
21	83 14
21	85 14
21	79 40
21	84 15
21	83 15
21	85 15
21	79 13
21	84 16
21	83 16
21	85 16
21	79 46
21	84 17
21	83 17
21	85 17
21	79 16
21	84 18
21	83 18
21	85 18
21	79 54
21	84 19
21	83 19
21	85 19
21	79 13
21	84 20
21	83 20
21	85 20
21	79 41
21	84 1
21	83 1
21	85 1
21	79 13
21	84 2
21	83 2
21	85 2
21	79 46
21	84 3
21	83 3
21	85 3
21	79 18
21	84 4
21	83 4
21	85 4
21	79 35
21	84 5
21	83 5
21	85 5
21	79 16
21	84 6
21	83 6
21	85 6
21	79 43
21	84 7
21	83 7
21	85 7
21	79 16
21	84 8
21	84 9
21	83 9
21	85 9
21	79 28
21	84 10
21	TEST_NUMBER 4
21	SENT_TOTAL 250
21	RECEIVED_TOTAL 248
21	TIME_TOTAL 29795
21	RECEIVED_RADIO_1 121
21	RECEIVED_RADIO_2 128
21	SENT_RADIO_1 125
21	SENT_RADIO_2 125
21	RADIO_TIME_1 29846
21	RADIO_TIME_2 19763
21	RETRANSMISSIONS_1 0
21	RETRANSMISSIONS_2 0
21	DROPPED_1 0
21	DROPPED_2 0
21	MAX_QUEUE 1
21	DUPLICATED_1 0
21	DUPLICATED_2 1
21	EBUSY_RADIO_1 0
21	EBUSY_RADIO_2 0
21	83 0
21	85 8
21	86 4
21	83 0
21	85 10
21	86 4
21	84 1
21	83 1
21	85 1
21	79 14
21	84 2
21	83 2
21	85 2
21	79 41
21	84 3
21	83 3
21	85 3
21	79 18
21	84 4
21	83 4
21	85 4
21	79 37
21	84 5
21	83 5
21	85 5
21	79 14
21	84 6
21	83 6
21	85 6
21	79 36
21	84 7
21	83 7
21	85 7
21	79 12
21	84 8
21	83 8
21	85 8
21	79 46
21	84 9
21	83 9
21	85 9
21	79 13
21	84 10
21	83 10
21	85 10
21	79 47
21	84 11
21	83 11
21	85 11
21	79 16
21	84 12
21	83 12
21	85 12
21	79 46
21	84 13
21	83 13
21	85 13
21	79 15
21	84 14
21	83 14
21	85 14
21	79 41
21	84 15
21	83 15
21	85 15
21	79 15
21	84 16
21	83 16
21	85 16
21	79 42
21	84 17
21	83 17
21	85 17
21	79 13
21	84 18
21	83 18
21	85 18
21	79 42
21	84 19
21	83 19
21	85 19
21	79 14
21	84 20
21	83 20
21	85 20
21	79 43
21	84 1
21	83 1
21	85 1
21	79 11
21	84 2
21	83 2
21	85 2
21	79 33
21	84 3
21	83 3
21	85 3
21	79 17
21	84 4
21	83 4
21	85 4
21	79 41
21	84 5
21	83 5
21	85 5
21	79 15
21	84 6
21	83 6
21	85 6
21	79 41
21	84 7
21	83 7
21	85 7
21	79 19
21	84 8
21	84 9
21	83 9
21	85 9
21	79 20
21	84 10
21	83 10
21	85 10
21	79 39
21	83 10
21	85 8
21	79 201
21	84 11
21	83 11
21	85 11
21	79 21
21	84 12
21	83 12
21	85 12
21	79 27
21	84 13
21	83 13
21	85 13
21	79 25
21	84 14
21	83 14
21	85 14
21	79 24
21	84 15
21	83 15
21	85 15
21	79 19
21	84 16
21	83 16
21	85 16
21	79 41
21	84 17
21	83 17
21	85 17
21	79 12
21	84 18
21	83 18
21	85 18
21	79 45
21	84 19
21	83 19
21	85 19
21	79 12
21	84 20
21	83 20
21	85 20
21	79 50
21	84 1
21	83 1
21	85 1
21	79 15
21	84 2
21	83 2
21	85 2
21	79 43
21	84 3
21	83 3
21	85 3
21	79 13
21	84 4
21	83 4
21	85 4
21	79 43
21	84 5
21	83 5
21	85 5
21	79 13
21	84 6
21	84 7
21	83 7
21	85 7
21	79 23
21	84 8
21	83 8
21	85 6
21	79 186
21	83 8
21	85 8
21	79 53
21	84 9
21	83 9
21	85 9
21	79 18
21	84 10
21	84 11
21	83 11
21	85 11
21	79 11
21	84 12
21	83 12
21	85 12
21	79 37
21	83 12
21	85 10
21	79 203
21	84 13
21	83 13
21	85 13
21	79 23
21	84 14
21	83 14
21	85 14
21	79 26
21	84 15
21	83 15
21	85 15
21	79 29
21	84 16
21	83 16
21	85 16
21	79 26
21	84 17
21	83 17
21	85 17
21	79 24
21	84 18
21	83 18
21	85 18
21	79 23
21	84 19
21	83 19
21	85 19
21	79 29
21	84 20
21	83 20
21	85 20
21	79 27
21	84 1
21	83 1
21	85 1
21	79 25
21	84 2
21	83 2
21	85 2
21	79 35
21	84 3
21	83 3
21	85 3
21	79 28
21	84 4
21	83 4
21	85 4
21	79 29
21	84 5
21	83 5
21	85 5
21	79 24
21	84 6
21	83 6
21	85 6
21	79 28
21	84 7
21	83 7
21	85 7
21	79 25
21	84 8
21	83 8
21	85 8
21	79 22
21	84 9
21	83 9
21	85 9
21	79 29
21	84 10
21	83 10
21	85 10
21	79 21
21	84 11
21	84 12
21	83 12
21	85 12
21	79 30
21	84 13
21	83 13
21	85 13
21	79 17
21	83 13
21	85 11
21	79 183
21	84 14
21	83 14
21	85 14
21	79 38
21	84 15
21	83 15
21	85 15
21	79 17
21	84 16
21	83 16
21	85 16
21	79 43
21	84 17
21	83 17
21	85 17
21	79 15
21	84 18
21	83 18
21	85 18
21	79 34
21	84 19
21	83 19
21	85 19
21	79 30
21	84 20
21	83 20
21	85 20
21	79 26
21	84 1
21	83 1
21	85 1
21	79 27
21	84 2
21	83 2
21	85 2
21	79 27
21	84 3
21	83 3
21	85 3
21	79 27
21	84 4
21	84 5
21	83 5
21	85 5
21	79 16
21	84 6
21	83 6
21	85 6
21	79 39
21	83 6
21	85 4
21	79 200
21	84 7
21	83 7
21	85 7
21	79 24
21	84 8
21	83 8
21	85 8
21	79 31
21	84 9
21	83 9
21	85 9
21	79 25
21	84 10
21	83 10
21	85 10
21	79 24
21	84 11
21	83 11
21	85 11
21	79 28
21	84 12
21	83 12
21	85 12
21	79 28
21	84 13
21	83 13
21	85 13
21	79 24
21	84 14
21	83 14
21	85 14
21	79 27
21	84 15
21	83 15
21	85 15
21	79 25
21	84 16
21	83 16
21	85 16
21	79 28
21	84 17
21	83 17
21	85 17
21	79 24
21	84 18
21	83 18
21	85 18
21	79 26
21	84 19
21	83 19
21	85 19
21	79 28
21	84 20
21	83 20
21	85 20
21	79 22
21	84 1
21	83 1
21	85 1
21	79 25
21	84 2
21	83 2
21	85 2
21	79 28
21	84 3
21	83 3
21	85 3
21	79 31
21	84 4
21	83 4
21	85 4
21	79 25
21	84 5
21	83 5
21	85 5
21	79 29
21	84 6
21	83 6
21	85 6
21	79 26
21	84 7
21	83 7
21	85 7
21	79 32
21	84 8
21	83 8
21	85 8
21	79 21
21	84 9
21	83 9
21	85 9
21	79 25
21	84 10
21	83 10
21	85 10
21	79 31
21	84 11
21	83 11
21	85 11
21	79 27
21	84 12
21	83 12
21	85 12
21	79 35
21	84 13
21	83 13
21	85 13
21	79 26
21	84 14
21	83 14
21	85 14
21	79 28
21	84 15
21	83 15
21	85 15
21	79 27
21	84 16
21	83 16
21	85 16
21	79 29
21	84 17
21	83 17
21	85 17
21	79 28
21	84 18
21	83 18
21	85 18
21	79 23
21	84 19
21	83 19
21	85 19
21	79 29
21	84 20
21	83 20
21	85 20
21	79 25
21	84 1
21	83 1
21	85 1
21	79 23
21	84 2
21	84 3
21	83 3
21	85 3
21	79 15
21	84 4
21	83 4
21	85 4
21	79 34
21	83 4
21	85 2
21	79 207
21	84 5
21	83 5
21	85 5
21	79 21
21	84 6
21	83 6
21	85 6
21	79 40
21	84 7
21	83 7
21	85 7
21	79 14
21	84 8
21	83 8
21	85 8
21	79 37
21	84 9
21	83 9
21	85 9
21	79 15
21	84 10
21	83 10
21	85 10
21	79 41
21	84 11
21	83 11
21	85 11
21	79 18
21	84 12
21	83 12
21	85 12
21	79 38
21	84 13
21	83 13
21	85 13
21	79 17
21	84 14
21	84 15
21	83 15
21	85 15
21	79 14
21	84 16
21	83 16
21	85 16
21	79 35
21	83 16
21	85 14
21	79 204
21	84 17
21	83 17
21	85 17
21	79 29
21	84 18
21	83 18
21	85 18
21	79 28
21	84 19
21	83 19
21	85 19
21	79 27
21	84 20
21	83 20
21	85 20
21	79 24
21	84 1
21	83 1
21	85 1
21	79 27
21	84 2
21	83 2
21	85 2
21	79 30
21	84 3
21	83 3
21	85 3
21	79 25
21	84 4
21	83 4
21	85 4
21	79 28
21	84 5
21	83 5
21	85 5
21	79 22
21	84 6
21	83 6
21	85 6
21	79 42
21	84 7
21	83 7
21	85 7
21	79 14
21	84 8
21	83 8
21	85 8
21	79 39
21	84 9
21	83 9
21	85 9
21	79 12
21	84 10
21	83 10
21	85 10
21	79 43
21	84 11
21	83 11
21	85 11
21	79 17
21	84 12
21	83 12
21	85 12
21	79 38
21	84 13
21	83 13
21	85 13
21	79 15
21	84 14
21	83 14
21	85 14
21	79 51
21	84 15
21	83 15
21	85 15
21	79 27
21	84 16
21	83 16
21	85 16
21	79 23
21	84 17
21	83 17
21	85 17
21	79 26
21	84 18
21	83 18
21	85 18
21	79 26
21	84 19
21	83 19
21	85 19
21	79 24
21	84 20
21	83 20
21	85 20
21	79 28
21	84 1
21	83 1
21	85 1
21	79 23
21	84 2
21	83 2
21	85 2
21	79 24
21	84 3
21	83 3
21	85 3
21	79 23
21	84 4
21	83 4
21	85 4
21	79 25
21	84 5
21	83 5
21	85 5
21	79 27
21	84 6
21	83 6
21	85 6
21	79 29
21	84 7
21	83 7
21	85 7
21	79 25
21	84 8
21	83 8
21	85 8
21	79 24
21	84 9
21	83 9
21	85 9
21	79 29
21	84 10
21	83 10
21	85 10
21	79 23
21	84 11
21	83 11
21	85 11
21	79 27
21	84 12
21	83 12
21	85 12
21	79 26
21	84 13
21	83 13
21	85 13
21	79 23
21	84 14
21	83 14
21	85 14
21	79 25
21	84 15
21	84 16
21	83 16
21	85 16
21	79 29
21	84 17
21	83 17
21	85 15
21	79 189
21	83 17
21	85 17
21	79 31
21	84 18
21	83 18
21	85 18
21	79 37
21	84 19
21	83 19
21	85 19
21	79 14
21	84 20
21	83 20
21	85 20
21	79 40
21	84 1
21	83 1
21	85 1
21	79 11
21	84 2
21	83 2
21	85 2
21	79 41
21	84 3
21	83 3
21	85 3
21	79 11
21	84 4
21	83 4
21	85 4
21	79 43
21	84 5
21	83 5
21	85 5
21	79 17
21	84 6
21	83 6
21	85 6
21	79 42
21	84 7
21	83 7
21	85 7
21	79 16
21	84 8
21	83 8
21	85 8
21	79 33
21	84 9
21	83 9
21	85 9
21	79 31
21	84 10
21	84 11
21	83 11
21	85 11
21	79 14
21	84 12
21	83 12
21	85 12
21	79 32
21	83 12
21	85 10
21	79 210
21	84 13
21	83 13
21	85 13
21	79 21
21	84 14
21	84 15
21	83 15
21	85 15
21	79 28
21	84 16
21	83 16
21	85 14
21	79 183
21	83 16
21	85 16
21	79 58
21	84 17
21	83 17
21	85 17
21	79 19
21	84 18
21	83 18
21	85 18
21	79 39
21	84 19
21	83 19
21	85 19
21	79 17
21	84 20
21	83 20
21	85 20
21	79 39
21	84 1
21	83 1
21	85 1
21	79 15
21	84 2
21	83 2
21	85 2
21	79 44
21	84 3
21	83 3
21	85 3
21	79 19
21	84 4
21	83 4
21	85 4
21	79 44
21	84 5
21	83 5
21	85 5
21	79 15
21	84 6
21	83 6
21	85 6
21	79 40
21	84 7
21	83 7
21	85 7
21	79 14
21	84 8
21	83 8
21	85 8
21	79 45
21	84 9
21	83 9
21	85 9
21	79 18
21	84 10
21	83 10
21	85 10
21	79 46
21	84 11
21	83 11
21	85 11
21	79 15
21	84 12
21	83 12
21	85 12
21	79 36
21	84 13
21	83 13
21	85 13
21	79 11
21	84 14
21	83 14
21	85 14
21	79 41
21	84 15
21	83 15
21	85 15
21	79 19
21	84 16
21	83 16
21	85 16
21	79 40
21	84 17
21	83 17
21	85 17
21	79 16
21	84 18
21	83 18
21	85 18
21	79 36
21	84 19
21	83 19
21	85 19
21	79 13
21	84 20
21	83 20
21	85 20
21	79 39
21	84 1
21	83 1
21	85 1
21	79 17
21	84 2
21	83 2
21	85 2
21	79 43
21	84 3
21	83 3
21	85 3
21	79 14
21	84 4
21	83 4
21	85 4
21	79 40
21	84 5
21	83 5
21	85 5
21	79 16
21	84 6
21	83 6
21	85 6
21	79 34
21	84 7
21	83 7
21	85 7
21	79 31
21	84 8
21	84 9
21	83 9
21	85 9
21	79 16
21	84 10
21	83 10
21	85 10
21	79 39
21	83 10
21	85 8
21	79 205
21	84 11
21	83 11
21	85 11
21	79 26
21	84 12
21	84 13
21	83 13
21	85 13
21	79 19
21	84 14
21	83 14
21	85 14
21	79 33
21	83 14
21	85 12
21	79 207
21	84 15
21	83 15
21	85 15
21	79 21
21	84 16
21	83 16
21	85 16
21	79 41
21	84 17
21	83 17
21	85 17
21	79 17
21	84 18
21	84 19
21	83 19
21	85 19
21	79 18
21	84 20
21	83 20
21	85 20
21	79 37
21	83 20
21	85 18
21	79 199
21	84 1
21	83 1
21	85 1
21	79 25
21	84 2
21	83 2
21	85 2
21	79 26
21	84 3
21	83 3
21	85 3
21	79 29
21	84 4
21	83 4
21	85 4
21	79 23
21	84 5
21	83 5
21	85 5
21	79 29
21	84 6
21	83 6
21	85 6
21	79 23
21	84 7
21	83 7
21	85 7
21	79 27
21	84 8
21	83 8
21	85 8
21	79 24
21	84 9
21	84 10
21	TEST_NUMBER 5
21	SENT_TOTAL 250
21	RECEIVED_TOTAL 248
21	TIME_TOTAL 29725
21	RECEIVED_RADIO_1 117
21	RECEIVED_RADIO_2 133
21	SENT_RADIO_1 125
21	SENT_RADIO_2 125
21	RADIO_TIME_1 29840
21	RADIO_TIME_2 29781
21	RETRANSMISSIONS_1 0
21	RETRANSMISSIONS_2 0
21	DROPPED_1 0
21	DROPPED_2 0
21	MAX_QUEUE 1
21	DUPLICATED_1 0
21	DUPLICATED_2 0
21	EBUSY_RADIO_1 0
21	EBUSY_RADIO_2 0
21	83 0
21	85 10
21	86 5
21	84 1
21	83 1
21	85 1
21	79 22
21	83 1
21	85 9
21	86 5
21	84 2
21	83 2
21	85 2
21	79 38
21	84 3
21	83 3
21	85 3
21	79 16
21	84 4
21	83 4
21	85 4
21	79 40
21	84 5
21	83 5
21	85 5
21	79 17
21	84 6
21	83 6
21	85 6
21	79 44
21	84 7
21	83 7
21	85 7
21	79 16
21	84 8
21	83 8
21	85 8
21	79 42
21	84 9
21	83 9
21	85 9
21	79 17
21	84 10
21	83 10
21	85 10
21	79 43
21	84 11
21	83 11
21	85 11
21	79 15
21	84 12
21	83 12
21	85 12
21	79 45
21	84 13
21	83 13
21	85 13
21	79 15
21	84 14
21	83 14
21	85 14
21	79 45
21	84 15
21	83 15
21	85 15
21	79 15
21	84 16
21	83 16
21	85 16
21	79 39
21	84 17
21	83 17
21	85 17
21	79 16
21	84 18
21	83 18
21	85 18
21	79 42
21	84 19
21	83 19
21	85 19
21	79 15
21	84 20
21	83 20
21	85 20
21	79 40
21	84 1
21	83 1
21	85 1
21	79 15
21	84 2
21	83 2
21	85 2
21	79 39
21	84 3
21	83 3
21	85 3
21	79 15
21	84 4
21	83 4
21	85 4
21	79 41
21	84 5
21	83 5
21	85 5
21	79 11
21	84 6
21	83 6
21	85 6
21	79 42
21	84 7
21	83 7
21	85 7
21	79 15
21	84 8
21	83 8
21	85 8
21	79 43
21	84 9
21	83 9
21	85 9
21	79 17
21	84 10
21	83 10
21	85 10
21	79 40
21	84 11
21	83 11
21	85 11
21	79 17
21	84 12
21	83 12
21	85 12
21	79 39
21	84 13
21	83 13
21	85 13
21	79 19
21	84 14
21	83 14
21	85 14
21	79 40
21	84 15
21	83 15
21	85 15
21	79 16
21	84 16
21	83 16
21	85 16
21	79 44
21	84 17
21	83 17
21	85 17
21	79 14
21	84 18
21	83 18
21	85 18
21	79 40
21	84 19
21	83 19
21	85 19
21	79 15
21	84 20
21	83 20
21	85 20
21	79 42
21	84 1
21	83 1
21	85 1
21	79 16
21	84 2
21	83 2
21	85 2
21	79 38
21	84 3
21	83 3
21	85 3
21	79 15
21	84 4
21	83 4
21	85 4
21	79 47
21	84 5
21	83 5
21	85 5
21	79 15
21	84 6
21	83 6
21	85 6
21	79 39
21	84 7
21	83 7
21	85 7
21	79 17
21	84 8
21	83 8
21	85 8
21	79 37
21	84 9
21	83 9
21	85 9
21	79 16
21	84 10
21	83 10
21	85 10
21	79 39
21	84 11
21	83 11
21	85 11
21	79 10
21	84 12
21	83 12
21	85 12
21	79 41
21	84 13
21	83 13
21	85 13
21	79 12
21	84 14
21	83 14
21	85 14
21	79 34
21	84 15
21	83 15
21	85 15
21	79 26
21	84 16
21	83 16
21	85 16
21	79 28
21	84 17
21	83 17
21	85 17
21	79 23
21	84 18
21	83 18
21	85 18
21	79 26
21	84 19
21	83 19
21	85 19
21	79 29
21	84 20
21	84 1
21	83 1
21	85 1
21	79 12
21	84 2
21	83 2
21	85 2
21	79 38
21	83 2
21	85 20
21	79 198
21	84 3
21	83 3
21	85 3
21	79 24
21	84 4
21	83 4
21	85 4
21	79 34
21	84 5
21	83 5
21	85 5
21	79 26
21	84 6
21	83 6
21	85 6
21	79 27
21	84 7
21	83 7
21	85 7
21	79 30
21	84 8
21	83 8
21	85 8
21	79 23
21	84 9
21	83 9
21	85 9
21	79 28
21	84 10
21	83 10
21	85 10
21	79 25
21	84 11
21	83 11
21	85 11
21	79 28
21	84 12
21	83 12
21	85 12
21	79 27
21	84 13
21	83 13
21	85 13
21	79 26
21	84 14
21	83 14
21	85 14
21	79 26
21	84 15
21	83 15
21	85 15
21	79 28
21	84 16
21	83 16
21	85 16
21	79 29
21	84 17
21	83 17
21	85 17
21	79 29
21	84 18
21	83 18
21	85 18
21	79 25
21	84 19
21	83 19
21	85 19
21	79 25
21	84 20
21	83 20
21	85 20
21	79 28
21	84 1
21	83 1
21	85 1
21	79 25
21	84 2
21	83 2
21	85 2
21	79 27
21	84 3
21	84 4
21	83 4
21	85 4
21	79 28
21	84 5
21	83 5
21	85 5
21	79 23
21	83 5
21	85 3
21	79 190
21	84 6
21	84 7
21	83 7
21	85 7
21	79 14
21	84 8
21	83 8
21	85 6
21	79 195
21	83 8
21	85 8
21	79 46
21	84 9
21	83 9
21	85 9
21	79 14
21	84 10
21	83 10
21	85 10
21	79 39
21	84 11
21	83 11
21	85 11
21	79 17
21	84 12
21	83 12
21	85 12
21	79 35
21	84 13
21	83 13
21	85 13
21	79 28
21	84 14
21	83 14
21	85 14
21	79 24
21	84 15
21	83 15
21	85 15
21	79 28
21	84 16
21	83 16
21	85 16
21	79 27
21	84 17
21	83 17
21	85 17
21	79 26
21	84 18
21	84 19
21	83 19
21	85 19
21	79 16
21	84 20
21	83 20
21	85 20
21	79 40
21	83 20
21	85 18
21	79 203
21	84 1
21	83 1
21	85 1
21	79 31
21	84 2
21	83 2
21	85 2
21	79 36
21	84 3
21	83 3
21	85 3
21	79 29
21	84 4
21	83 4
21	85 4
21	79 29
21	84 5
21	83 5
21	85 5
21	79 29
21	84 6
21	83 6
21	85 6
21	79 31
21	84 7
21	83 7
21	85 7
21	79 24
21	84 8
21	83 8
21	85 8
21	79 23
21	84 9
21	83 9
21	85 9
21	79 25
21	84 10
21	83 10
21	85 10
21	79 22
21	84 11
21	83 11
21	85 11
21	79 27
21	84 12
21	83 12
21	85 12
21	79 30
21	84 13
21	83 13
21	85 13
21	79 22
21	84 14
21	83 14
21	85 14
21	79 22
21	84 15
21	83 15
21	85 15
21	79 25
21	84 16
21	83 16
21	85 16
21	79 24
21	84 17
21	83 17
21	85 17
21	79 25
21	84 18
21	83 18
21	85 18
21	79 28
21	84 19
21	83 19
21	85 19
21	79 27
21	84 20
21	83 20
21	85 20
21	79 27
21	84 1
21	83 1
21	85 1
21	79 24
21	84 2
21	83 2
21	85 2
21	79 29
21	84 3
21	83 3
21	85 3
21	79 30
21	84 4
21	83 4
21	85 4
21	79 27
21	84 5
21	83 5
21	85 5
21	79 30
21	84 6
21	83 6
21	85 6
21	79 23
21	84 7
21	83 7
21	85 7
21	79 28
21	84 8
21	83 8
21	85 8
21	79 31
21	84 9
21	83 9
21	85 9
21	79 26
21	84 10
21	83 10
21	85 10
21	79 26
21	84 11
21	83 11
21	85 11
21	79 26
21	84 12
21	83 12
21	85 12
21	79 26
21	84 13
21	83 13
21	85 13
21	79 23
21	84 14
21	83 14
21	85 14
21	79 26
21	84 15
21	83 15
21	85 15
21	79 26
21	84 16
21	84 17
21	83 17
21	85 17
21	79 13
21	84 18
21	83 18
21	85 18
21	79 31
21	83 18
21	85 16
21	79 205
21	84 19
21	83 19
21	85 19
21	79 26
21	84 20
21	83 20
21	85 20
21	79 26
21	84 1
21	83 1
21	85 1
21	79 31
21	84 2
21	83 2
21	85 2
21	79 26
21	84 3
21	83 3
21	85 3
21	79 25
21	84 4
21	83 4
21	85 4
21	79 27
21	84 5
21	83 5
21	85 5
21	79 26
21	84 6
21	83 6
21	85 6
21	79 36
21	84 7
21	83 7
21	85 7
21	79 23
21	84 8
21	83 8
21	85 8
21	79 26
21	84 9
21	83 9
21	85 9
21	79 24
21	84 10
21	83 10
21	85 10
21	79 25
21	84 11
21	83 11
21	85 11
21	79 26
21	84 12
21	83 12
21	85 12
21	79 29
21	84 13
21	83 13
21	85 13
21	79 28
21	84 14
21	84 15
21	83 15
21	85 15
21	79 17
21	84 16
21	83 16
21	85 16
21	79 31
21	83 16
21	85 14
21	79 206
21	84 17
21	83 17
21	85 17
21	79 16
21	84 18
21	83 18
21	85 18
21	79 45
21	84 19
21	83 19
21	85 19
21	79 14
21	84 20
21	83 20
21	85 20
21	79 40
21	84 1
21	83 1
21	85 1
21	79 13
21	84 2
21	83 2
21	85 2
21	79 37
21	84 3
21	83 3
21	85 3
21	79 16
21	84 4
21	83 4
21	85 4
21	79 45
21	84 5
21	83 5
21	85 5
21	79 12
21	84 6
21	83 6
21	85 6
21	79 40
21	84 7
21	83 7
21	85 7
21	79 14
21	84 8
21	83 8
21	85 8
21	79 36
21	84 9
21	83 9
21	85 9
21	79 26
21	84 10
21	84 11
21	83 11
21	85 11
21	79 13
21	84 12
21	83 12
21	85 12
21	79 32
21	83 12
21	85 10
21	79 206
21	84 13
21	83 13
21	85 13
21	79 27
21	84 14
21	83 14
21	85 14
21	79 40
21	84 15
21	83 15
21	85 15
21	79 14
21	84 16
21	83 16
21	85 16
21	79 39
21	84 17
21	83 17
21	85 17
21	79 14
21	84 18
21	84 19
21	83 19
21	85 19
21	79 15
21	84 20
21	83 20
21	85 20
21	79 39
21	83 20
21	85 18
21	79 202
21	84 1
21	83 1
21	85 1
21	79 26
21	84 2
21	83 2
21	85 2
21	79 26
21	84 3
21	83 3
21	85 3
21	79 29
21	84 4
21	83 4
21	85 4
21	79 29
21	84 5
21	83 5
21	85 5
21	79 26
21	84 6
21	83 6
21	85 6
21	79 30
21	84 7
21	83 7
21	85 7
21	79 27
21	84 8
21	83 8
21	85 8
21	79 26
21	84 9
21	83 9
21	85 9
21	79 25
21	84 10
21	83 10
21	85 10
21	79 26
21	84 11
21	83 11
21	85 11
21	79 29
21	84 12
21	83 12
21	85 12
21	79 27
21	84 13
21	83 13
21	85 13
21	79 22
21	84 14
21	83 14
21	85 14
21	79 38
21	84 15
21	83 15
21	85 15
21	79 15
21	84 16
21	83 16
21	85 16
21	79 41
21	84 17
21	83 17
21	85 17
21	79 13
21	84 18
21	83 18
21	85 18
21	79 38
21	84 19
21	83 19
21	85 19
21	79 12
21	84 20
21	83 20
21	85 20
21	79 38
21	84 1
21	83 1
21	85 1
21	79 16
21	84 2
21	83 2
21	85 2
21	79 43
21	84 3
21	83 3
21	85 3
21	79 12
21	84 4
21	83 4
21	85 4
21	79 42
21	84 5
21	83 5
21	85 5
21	79 19
21	84 6
21	83 6
21	85 6
21	79 44
21	84 7
21	83 7
21	85 7
21	79 15
21	84 8
21	83 8
21	85 8
21	79 44
21	84 9
21	83 9
21	85 9
21	79 17
21	84 10
21	83 10
21	85 10
21	79 42
21	84 11
21	83 11
21	85 11
21	79 12
21	84 12
21	83 12
21	85 12
21	79 40
21	84 13
21	83 13
21	85 13
21	79 14
21	84 14
21	83 14
21	85 14
21	79 42
21	84 15
21	83 15
21	85 15
21	79 14
21	84 16
21	83 16
21	85 16
21	79 44
21	84 17
21	83 17
21	85 17
21	79 12
21	84 18
21	83 18
21	85 18
21	79 42
21	84 19
21	83 19
21	85 19
21	79 15
21	84 20
21	83 20
21	85 20
21	79 46
21	84 1
21	83 1
21	85 1
21	79 12
21	84 2
21	83 2
21	85 2
21	79 43
21	84 3
21	83 3
21	85 3
21	79 15
21	84 4
21	83 4
21	85 4
21	79 41
21	84 5
21	83 5
21	85 5
21	79 15
21	84 6
21	83 6
21	85 6
21	79 43
21	84 7
21	83 7
21	85 7
21	79 17
21	84 8
21	83 8
21	85 8
21	79 43
21	84 9
21	83 9
21	85 9
21	79 16
21	84 10
21	83 10
21	85 10
21	79 44
21	84 11
21	83 11
21	85 11
21	79 15
21	84 12
21	83 12
21	85 12
21	79 39
21	84 13
21	83 13
21	85 13
21	79 16
21	84 14
21	83 14
21	85 14
21	79 37
21	84 15
21	83 15
21	85 15
21	79 15
21	84 16
21	83 16
21	85 16
21	79 42
21	84 17
21	83 17
21	85 17
21	79 15
21	84 18
21	83 18
21	85 18
21	79 45
21	84 19
21	83 19
21	85 19
21	79 16
21	84 20
21	83 20
21	85 20
21	79 34
21	84 1
21	84 2
21	83 2
21	85 2
21	79 25
21	84 3
21	83 3
21	85 3
21	79 25
21	83 3
21	85 1
21	79 191
21	84 4
21	83 4
21	85 4
21	79 44
21	84 5
21	83 5
21	85 5
21	79 14
21	84 6
21	84 7
21	83 7
21	85 7
21	79 24
21	84 8
21	83 8
21	85 6
21	79 185
21	83 8
21	85 8
21	79 52
21	84 9
21	83 9
21	85 9
21	79 10
21	84 10
21	TEST_NUMBER 6
21	SENT_TOTAL 250
21	RECEIVED_TOTAL 249
21	TIME_TOTAL 29784
21	RECEIVED_RADIO_1 120
21	RECEIVED_RADIO_2 131
21	SENT_RADIO_1 125
21	SENT_RADIO_2 125
21	RADIO_TIME_1 19819
21	RADIO_TIME_2 29784
21	RETRANSMISSIONS_1 0
21	RETRANSMISSIONS_2 0
21	DROPPED_1 0
21	DROPPED_2 0
21	MAX_QUEUE 1
21	DUPLICATED_1 0
21	DUPLICATED_2 0
21	EBUSY_RADIO_1 0
21	EBUSY_RADIO_2 0

25	RELAY_NODE 25
25	TEST_NUMBER 0
25	SENT_TOTAL 0
25	RECEIVED_TOTAL 0
25	TIME_TOTAL 0
25	RECEIVED_RADIO_1 105
25	RECEIVED_RADIO_2 3
25	SENT_RADIO_1 3
25	SENT_RADIO_2 105
25	RADIO_TIME_1 16657
25	RADIO_TIME_2 16657
25	RETRANSMISSIONS_1 0
25	RETRANSMISSIONS_2 1
25	DROPPED_1 0
25	DROPPED_2 0
25	MAX_QUEUE 1
25	DUPLICATED_1 1
25	DUPLICATED_2 0
25	EBUSY_RADIO_1 0
25	EBUSY_RADIO_2 0
25	TEST_NUMBER 1
25	SENT_TOTAL 0
25	RECEIVED_TOTAL 0
25	TIME_TOTAL 0
25	RECEIVED_RADIO_1 125
25	RECEIVED_RADIO_2 28
25	SENT_RADIO_1 28
25	SENT_RADIO_2 125
25	RADIO_TIME_1 29722
25	RADIO_TIME_2 29722
25	RETRANSMISSIONS_1 0
25	RETRANSMISSIONS_2 1
25	DROPPED_1 0
25	DROPPED_2 0
25	MAX_QUEUE 1
25	DUPLICATED_1 0
25	DUPLICATED_2 0
25	EBUSY_RADIO_1 0
25	EBUSY_RADIO_2 0
25	TEST_NUMBER 2
25	SENT_TOTAL 0
25	RECEIVED_TOTAL 0
25	TIME_TOTAL 0
25	RECEIVED_RADIO_1 125
25	RECEIVED_RADIO_2 121
25	SENT_RADIO_1 121
25	SENT_RADIO_2 125
25	RADIO_TIME_1 29751
25	RADIO_TIME_2 29750
25	RETRANSMISSIONS_1 0
25	RETRANSMISSIONS_2 0
25	DROPPED_1 0
25	DROPPED_2 0
25	MAX_QUEUE 1
25	DUPLICATED_1 0
25	DUPLICATED_2 0
25	EBUSY_RADIO_1 0
25	EBUSY_RADIO_2 0
25	TEST_NUMBER 3
25	SENT_TOTAL 0
25	RECEIVED_TOTAL 0
25	TIME_TOTAL 0
25	RECEIVED_RADIO_1 125
25	RECEIVED_RADIO_2 118
25	SENT_RADIO_1 118
25	SENT_RADIO_2 125
25	RADIO_TIME_1 29750
25	RADIO_TIME_2 29749
25	RETRANSMISSIONS_1 0
25	RETRANSMISSIONS_2 0
25	DROPPED_1 0
25	DROPPED_2 0
25	MAX_QUEUE 1
25	DUPLICATED_1 0
25	DUPLICATED_2 0
25	EBUSY_RADIO_1 0
25	EBUSY_RADIO_2 0
25	TEST_NUMBER 4
25	SENT_TOTAL 0
25	RECEIVED_TOTAL 0
25	TIME_TOTAL 0
25	RECEIVED_RADIO_1 125
25	RECEIVED_RADIO_2 120
25	SENT_RADIO_1 120
25	SENT_RADIO_2 125
25	RADIO_TIME_1 29727
25	RADIO_TIME_2 29727
25	RETRANSMISSIONS_1 0
25	RETRANSMISSIONS_2 0
25	DROPPED_1 0
25	DROPPED_2 0
25	MAX_QUEUE 1
25	DUPLICATED_1 0
25	DUPLICATED_2 0
25	EBUSY_RADIO_1 0
25	EBUSY_RADIO_2 0
25	TEST_NUMBER 5
25	SENT_TOTAL 0
25	RECEIVED_TOTAL 0
25	TIME_TOTAL 0
25	RECEIVED_RADIO_1 125
25	RECEIVED_RADIO_2 119
25	SENT_RADIO_1 119
25	SENT_RADIO_2 125
25	RADIO_TIME_1 29823
25	RADIO_TIME_2 29823
25	RETRANSMISSIONS_1 0
25	RETRANSMISSIONS_2 1
25	DROPPED_1 0
25	DROPPED_2 0
25	MAX_QUEUE 1
25	DUPLICATED_1 0
25	DUPLICATED_2 0
25	EBUSY_RADIO_1 0
25	EBUSY_RADIO_2 0
25	TEST_NUMBER 6
25	SENT_TOTAL 0
25	RECEIVED_TOTAL 0
25	TIME_TOTAL 0
25	RECEIVED_RADIO_1 125
25	RECEIVED_RADIO_2 119
25	SENT_RADIO_1 119
25	SENT_RADIO_2 125
25	RADIO_TIME_1 29755
25	RADIO_TIME_2 29755
25	RETRANSMISSIONS_1 0
25	RETRANSMISSIONS_2 0
25	DROPPED_1 0
25	DROPPED_2 0
25	MAX_QUEUE 1
25	DUPLICATED_1 0
25	DUPLICATED_2 0
25	EBUSY_RADIO_1 0
25	EBUSY_RADIO_2 0
