
16	RELAY_NODE 16
16	TEST_NUMBER 0
16	SENT_TOTAL 0
16	RECEIVED_TOTAL 0
16	TIME_TOTAL 0
16	RECEIVED_RADIO_1 98
16	RECEIVED_RADIO_2 108
16	SENT_RADIO_1 107
16	SENT_RADIO_2 98
16	RADIO_TIME_1 19231
16	RADIO_TIME_2 19231
16	RETRANSMISSIONS_1 0
16	RETRANSMISSIONS_2 0
16	DROPPED_1 0
16	DROPPED_2 0
16	MAX_QUEUE 1
16	DUPLICATED_1 0
16	DUPLICATED_2 0
16	EBUSY_RADIO_1 0
16	EBUSY_RADIO_2 0
16	TEST_NUMBER 1
16	SENT_TOTAL 0
16	RECEIVED_TOTAL 0
16	TIME_TOTAL 0
16	RECEIVED_RADIO_1 98
16	RECEIVED_RADIO_2 109
16	SENT_RADIO_1 110
16	SENT_RADIO_2 98
16	RADIO_TIME_1 29817
16	RADIO_TIME_2 29817
16	RETRANSMISSIONS_1 0
16	RETRANSMISSIONS_2 0
16	DROPPED_1 0
16	DROPPED_2 0
16	MAX_QUEUE 1
16	DUPLICATED_1 0
16	DUPLICATED_2 0
16	EBUSY_RADIO_1 0
16	EBUSY_RADIO_2 0
16	TEST_NUMBER 2
16	SENT_TOTAL 0
16	RECEIVED_TOTAL 0
16	TIME_TOTAL 0
16	RECEIVED_RADIO_1 104
16	RECEIVED_RADIO_2 62
16	SENT_RADIO_1 62
16	SENT_RADIO_2 104
16	RADIO_TIME_1 29724
16	RADIO_TIME_2 29724
16	RETRANSMISSIONS_1 0
16	RETRANSMISSIONS_2 0
16	DROPPED_1 0
16	DROPPED_2 0
16	MAX_QUEUE 1
16	DUPLICATED_1 0
16	DUPLICATED_2 0
16	EBUSY_RADIO_1 0
16	EBUSY_RADIO_2 0
16	TEST_NUMBER 3
16	SENT_TOTAL 0
16	RECEIVED_TOTAL 0
16	TIME_TOTAL 0
16	RECEIVED_RADIO_1 104
16	RECEIVED_RADIO_2 52
16	SENT_RADIO_1 52
16	SENT_RADIO_2 104
16	RADIO_TIME_1 29729
16	RADIO_TIME_2 29729
16	RETRANSMISSIONS_1 0
16	RETRANSMISSIONS_2 0
16	DROPPED_1 0
16	DROPPED_2 0
16	MAX_QUEUE 1
16	DUPLICATED_1 0
16	DUPLICATED_2 0
16	EBUSY_RADIO_1 0
16	EBUSY_RADIO_2 0
16	TEST_NUMBER 4
16	SENT_TOTAL 0
16	RECEIVED_TOTAL 0
16	TIME_TOTAL 0
16	RECEIVED_RADIO_1 104
16	RECEIVED_RADIO_2 52
16	SENT_RADIO_1 52
16	SENT_RADIO_2 104
16	RADIO_TIME_1 29723
16	RADIO_TIME_2 29723
16	RETRANSMISSIONS_1 0
16	RETRANSMISSIONS_2 0
16	DROPPED_1 0
16	DROPPED_2 0
16	MAX_QUEUE 1
16	DUPLICATED_1 0
16	DUPLICATED_2 0
16	EBUSY_RADIO_1 0
16	EBUSY_RADIO_2 0
16	TEST_NUMBER 5
16	SENT_TOTAL 0
16	RECEIVED_TOTAL 0
16	TIME_TOTAL 0
16	RECEIVED_RADIO_1 98
16	RECEIVED_RADIO_2 49
16	SENT_RADIO_1 49
16	SENT_RADIO_2 98
16	RADIO_TIME_1 29723
16	RADIO_TIME_2 29723
16	RETRANSMISSIONS_1 0
16	RETRANSMISSIONS_2 0
16	DROPPED_1 0
16	DROPPED_2 0
16	MAX_QUEUE 1
16	DUPLICATED_1 0
16	DUPLICATED_2 0
16	EBUSY_RADIO_1 0
16	EBUSY_RADIO_2 0
16	TEST_NUMBER 6
16	SENT_TOTAL 0
16	RECEIVED_TOTAL 0
16	TIME_TOTAL 0
16	RECEIVED_RADIO_1 99
16	RECEIVED_RADIO_2 50
16	SENT_RADIO_1 50
16	SENT_RADIO_2 99
16	RADIO_TIME_1 29424
16	RADIO_TIME_2 29424
16	RETRANSMISSIONS_1 0
16	RETRANSMISSIONS_2 0
16	DROPPED_1 0
16	DROPPED_2 0
16	MAX_QUEUE 1
16	DUPLICATED_1 0
16	DUPLICATED_2 0
16	EBUSY_RADIO_1 0
16	EBUSY_RADIO_2 0

20	DESTINATION_NODE 20
20	TEST_NUMBER 0
20	SENT_TOTAL 179
20	RECEIVED_TOTAL 179
20	TIME_TOTAL 15949
20	RECEIVED_RADIO_1 99
20	RECEIVED_RADIO_2 80
20	SENT_RADIO_1 90
20	SENT_RADIO_2 89
20	RADIO_TIME_1 15949
20	RADIO_TIME_2 15949
20	RETRANSMISSIONS_1 0
20	RETRANSMISSIONS_2 0
20	DROPPED_1 0
20	DROPPED_2 0
20	MAX_QUEUE 1
20	DUPLICATED_1 0
20	DUPLICATED_2 0
20	EBUSY_RADIO_1 0
20	EBUSY_RADIO_2 0
20	86 0
20	86 0
20	86 0
20	86 0
20	86 0
20	86 0
20	86 0
20	86 0
20	86 0
20	86 0
20	86 0
20	86 0
20	86 0
20	86 0
20	86 0
20	86 0
20	86 0
20	86 0
20	86 0
20	86 0
20	86 0
20	86 0
20	86 0
20	86 0
20	86 0
20	86 0
20	86 0
20	86 0
20	86 0
20	86 0
20	86 0
20	86 0
20	86 0
20	86 0
20	86 0
20	86 0
20	86 0
20	86 0
20	86 0
20	86 0
20	86 0
20	86 0
20	86 0
20	86 0
20	TEST_NUMBER 1
20	SENT_TOTAL 219
20	RECEIVED_TOTAL 175
20	TIME_TOTAL 29804
20	RECEIVED_RADIO_1 121
20	RECEIVED_RADIO_2 98
20	SENT_RADIO_1 109
20	SENT_RADIO_2 110
20	RADIO_TIME_1 29721
20	RADIO_TIME_2 29804
20	RETRANSMISSIONS_1 0
20	RETRANSMISSIONS_2 0
20	DROPPED_1 0
20	DROPPED_2 0
20	MAX_QUEUE 1
20	DUPLICATED_1 0
20	DUPLICATED_2 0
20	EBUSY_RADIO_1 0
20	EBUSY_RADIO_2 0
20	86 1
20	86 1
20	86 1
20	86 1
20	86 1
20	86 1
20	86 1
20	86 1
20	86 1
20	86 1
20	86 1
20	86 1
20	86 1
20	86 1
20	86 1
20	86 1
20	86 1
20	86 1
20	86 1
20	86 1
20	86 1
20	86 1
20	86 1
20	86 1
20	86 1
20	86 1
20	86 1
20	86 1
20	86 1
20	86 1
20	86 1
20	86 1
20	86 1
20	86 1
20	86 1
20	86 1
20	86 1
20	86 1
20	86 1
20	86 1
20	86 1
20	86 1
20	86 1
20	TEST_NUMBER 2
20	SENT_TOTAL 146
20	RECEIVED_TOTAL 103
20	TIME_TOTAL 29722
20	RECEIVED_RADIO_1 39
20	RECEIVED_RADIO_2 107
20	SENT_RADIO_1 73
20	SENT_RADIO_2 73
20	RADIO_TIME_1 29563
20	RADIO_TIME_2 29722
20	RETRANSMISSIONS_1 0
20	RETRANSMISSIONS_2 0
20	DROPPED_1 0
20	DROPPED_2 0
20	MAX_QUEUE 1
20	DUPLICATED_1 0
20	DUPLICATED_2 0
20	EBUSY_RADIO_1 0
20	EBUSY_RADIO_2 0
20	86 2
20	86 2
20	86 2
20	86 2
20	86 2
20	86 2
20	86 2
20	86 2
20	86 2
20	86 2
20	86 2
20	86 2
20	86 2
20	86 2
20	86 2
20	86 2
20	86 2
20	86 2
20	86 2
20	TEST_NUMBER 3
20	SENT_TOTAL 103
20	RECEIVED_TOTAL 84
20	TIME_TOTAL 29723
20	RECEIVED_RADIO_1 0
20	RECEIVED_RADIO_2 103
20	SENT_RADIO_1 52
20	SENT_RADIO_2 51
20	RADIO_TIME_1 29723
20	RADIO_TIME_2 29723
20	RETRANSMISSIONS_1 0
20	RETRANSMISSIONS_2 0
20	DROPPED_1 0
20	DROPPED_2 0
20	MAX_QUEUE 1
20	DUPLICATED_1 0
20	DUPLICATED_2 0
20	EBUSY_RADIO_1 0
20	EBUSY_RADIO_2 0
20	86 3
20	86 3
20	86 3
20	86 3
20	86 3
20	86 3
20	86 3
20	86 3
20	86 3
20	86 3
20	86 3
20	86 3
20	86 3
20	86 3
20	86 3
20	86 3
20	86 3
20	86 3
20	86 3
20	86 3
20	TEST_NUMBER 4
20	SENT_TOTAL 106
20	RECEIVED_TOTAL 86
20	TIME_TOTAL 29726
20	RECEIVED_RADIO_1 0
20	RECEIVED_RADIO_2 106
20	SENT_RADIO_1 53
20	SENT_RADIO_2 53
20	RADIO_TIME_1 29569
20	RADIO_TIME_2 29726
20	RETRANSMISSIONS_1 0
20	RETRANSMISSIONS_2 0
20	DROPPED_1 0
20	DROPPED_2 0
20	MAX_QUEUE 1
20	DUPLICATED_1 0
20	DUPLICATED_2 0
20	EBUSY_RADIO_1 0
20	EBUSY_RADIO_2 0
20	86 4
20	86 4
20	86 4
20	86 4
20	86 4
20	86 4
20	86 4
20	86 4
20	86 4
20	86 4
20	86 4
20	86 4
20	86 4
20	86 4
20	86 4
20	86 4
20	86 4
20	TEST_NUMBER 5
20	SENT_TOTAL 98
20	RECEIVED_TOTAL 81
20	TIME_TOTAL 29731
20	RECEIVED_RADIO_1 0
20	RECEIVED_RADIO_2 98
20	SENT_RADIO_1 49
20	SENT_RADIO_2 49
20	RADIO_TIME_1 29410
20	RADIO_TIME_2 29731
20	RETRANSMISSIONS_1 0
20	RETRANSMISSIONS_2 0
20	DROPPED_1 0
20	DROPPED_2 0
20	MAX_QUEUE 1
20	DUPLICATED_1 0
20	DUPLICATED_2 0
20	EBUSY_RADIO_1 0
20	EBUSY_RADIO_2 0
20	86 5
20	86 5
20	86 5
20	86 5
20	86 5
20	86 5
20	86 5
20	86 5
20	86 5
20	86 5
20	86 5
20	86 5
20	86 5
20	86 5
20	86 5
20	86 5
20	86 5
20	TEST_NUMBER 6
20	SENT_TOTAL 98
20	RECEIVED_TOTAL 81
20	TIME_TOTAL 29721
20	RECEIVED_RADIO_1 0
20	RECEIVED_RADIO_2 98
20	SENT_RADIO_1 49
20	SENT_RADIO_2 49
20	RADIO_TIME_1 29084
20	RADIO_TIME_2 29721
20	RETRANSMISSIONS_1 0
20	RETRANSMISSIONS_2 0
20	DROPPED_1 0
20	DROPPED_2 0
20	MAX_QUEUE 1
20	DUPLICATED_1 0
20	DUPLICATED_2 0
20	EBUSY_RADIO_1 0
20	EBUSY_RADIO_2 0
20	86 6
20	86 6
20	86 6
20	86 6
20	86 6
20	86 6
20	86 6
20	86 6
20	86 6
20	86 6
20	86 6
20	86 6
20	86 6
20	86 6
20	86 6
20	86 6
20	86 6
20	86 6
20	86 6

25	RELAY_NODE 25
25	TEST_NUMBER 0
25	SENT_TOTAL 0
25	RECEIVED_TOTAL 0
25	TIME_TOTAL 0
25	RECEIVED_RADIO_1 109
25	RECEIVED_RADIO_2 99
25	SENT_RADIO_1 99
25	SENT_RADIO_2 109
25	RADIO_TIME_1 17758
25	RADIO_TIME_2 17758
25	RETRANSMISSIONS_1 0
25	RETRANSMISSIONS_2 0
25	DROPPED_1 0
25	DROPPED_2 0
25	MAX_QUEUE 1
25	DUPLICATED_1 0
25	DUPLICATED_2 0
25	EBUSY_RADIO_1 0
25	EBUSY_RADIO_2 0
25	TEST_NUMBER 1
25	SENT_TOTAL 0
25	RECEIVED_TOTAL 0
25	TIME_TOTAL 0
25	RECEIVED_RADIO_1 120
25	RECEIVED_RADIO_2 110
25	SENT_RADIO_1 110
25	SENT_RADIO_2 120
25	RADIO_TIME_1 29851
25	RADIO_TIME_2 29851
25	RETRANSMISSIONS_1 0
25	RETRANSMISSIONS_2 0
25	DROPPED_1 0
25	DROPPED_2 0
25	MAX_QUEUE 1
25	DUPLICATED_1 0
25	DUPLICATED_2 0
25	EBUSY_RADIO_1 0
25	EBUSY_RADIO_2 0
25	TEST_NUMBER 2
25	SENT_TOTAL 0
25	RECEIVED_TOTAL 0
25	TIME_TOTAL 0
25	RECEIVED_RADIO_1 116
25	RECEIVED_RADIO_2 68
25	SENT_RADIO_1 68
25	SENT_RADIO_2 116
25	RADIO_TIME_1 29768
25	RADIO_TIME_2 29768
25	RETRANSMISSIONS_1 0
25	RETRANSMISSIONS_2 0
25	DROPPED_1 0
25	DROPPED_2 0
25	MAX_QUEUE 1
25	DUPLICATED_1 0
25	DUPLICATED_2 0
25	EBUSY_RADIO_1 0
25	EBUSY_RADIO_2 0
25	TEST_NUMBER 3
25	SENT_TOTAL 0
25	RECEIVED_TOTAL 0
25	TIME_TOTAL 0
25	RECEIVED_RADIO_1 113
25	RECEIVED_RADIO_2 52
25	SENT_RADIO_1 52
25	SENT_RADIO_2 113
25	RADIO_TIME_1 29727
25	RADIO_TIME_2 29727
25	RETRANSMISSIONS_1 0
25	RETRANSMISSIONS_2 0
25	DROPPED_1 0
25	DROPPED_2 0
25	MAX_QUEUE 1
25	DUPLICATED_1 0
25	DUPLICATED_2 0
25	EBUSY_RADIO_1 0
25	EBUSY_RADIO_2 0
25	TEST_NUMBER 4
25	SENT_TOTAL 0
25	RECEIVED_TOTAL 0
25	TIME_TOTAL 0
25	RECEIVED_RADIO_1 122
25	RECEIVED_RADIO_2 51
25	SENT_RADIO_1 51
25	SENT_RADIO_2 122
25	RADIO_TIME_1 29724
25	RADIO_TIME_2 29724
25	RETRANSMISSIONS_1 0
25	RETRANSMISSIONS_2 0
25	DROPPED_1 0
25	DROPPED_2 0
25	MAX_QUEUE 1
25	DUPLICATED_1 0
25	DUPLICATED_2 0
25	EBUSY_RADIO_1 0
25	EBUSY_RADIO_2 0
25	TEST_NUMBER 5
25	SENT_TOTAL 0
25	RECEIVED_TOTAL 0
25	TIME_TOTAL 0
25	RECEIVED_RADIO_1 122
25	RECEIVED_RADIO_2 49
25	SENT_RADIO_1 49
25	SENT_RADIO_2 122
25	RADIO_TIME_1 29726
25	RADIO_TIME_2 29726
25	RETRANSMISSIONS_1 0
25	RETRANSMISSIONS_2 0
25	DROPPED_1 0
25	DROPPED_2 0
25	MAX_QUEUE 1
25	DUPLICATED_1 0
25	DUPLICATED_2 0
25	EBUSY_RADIO_1 0
25	EBUSY_RADIO_2 0
25	TEST_NUMBER 6
25	SENT_TOTAL 0
25	RECEIVED_TOTAL 0
25	TIME_TOTAL 0
25	RECEIVED_RADIO_1 123
25	RECEIVED_RADIO_2 51
25	SENT_RADIO_1 51
25	SENT_RADIO_2 123
25	RADIO_TIME_1 29770
25	RADIO_TIME_2 29770
25	RETRANSMISSIONS_1 0
25	RETRANSMISSIONS_2 0
25	DROPPED_1 0
25	DROPPED_2 0
25	MAX_QUEUE 1
25	DUPLICATED_1 0
25	DUPLICATED_2 0
25	EBUSY_RADIO_1 0
25	EBUSY_RADIO_2 0

36	SOURCE_NODE 36
36	84 1
36	83 1
36	85 1
36	79 39
36	84 2
36	83 2
36	85 2
36	79 38
36	84 3
36	83 3
36	85 3
36	79 59
36	84 4
36	83 4
36	85 4
36	79 60
36	84 5
36	83 5
36	85 5
36	79 60
36	84 6
36	83 6
36	85 6
36	79 51
36	84 7
36	84 8
36	84 9
36	84 10
36	83 10
36	85 10
36	79 66
36	84 11
36	83 11
36	85 11
36	79 57
36	84 12
36	83 12
36	85 12
36	79 64
36	84 13
36	83 13
36	85 13
36	79 63
36	84 14
36	83 14
36	85 14
36	79 59
36	84 15
36	83 15
36	85 15
36	79 67
36	84 16
36	84 17
36	84 18
36	83 18
36	85 18
36	79 63
36	84 19
36	84 20
36	83 20
36	85 20
36	79 60
36	84 1
36	84 2
36	83 2
36	85 2
36	79 62
36	84 3
36	83 3
36	85 3
36	79 57
36	84 4
36	83 4
36	85 4
36	79 65
36	84 5
36	84 6
36	83 6
36	85 6
36	79 58
36	84 7
36	84 8
36	84 9
36	83 9
36	85 9
36	79 59
36	84 10
36	83 10
36	85 10
36	79 52
36	84 11
36	83 11
36	85 11
36	79 60
36	84 12
36	83 12
36	85 12
36	79 57
36	84 13
36	83 13
36	85 13
36	79 56
36	84 14
36	83 14
36	85 14
36	79 64
36	84 15
36	83 15
36	85 15
36	79 56
36	84 16
36	83 16
36	85 16
36	79 65
36	84 17
36	84 18
36	83 18
36	85 18
36	79 59
36	84 19
36	84 20
36	83 20
36	85 20
36	79 56
36	84 1
36	83 1
36	85 1
36	79 55
36	84 2
36	83 2
36	85 2
36	79 64
36	84 3
36	83 3
36	85 3
36	79 66
36	84 4
36	83 4
36	85 4
36	79 54
36	84 5
36	83 5
36	85 5
36	79 48
36	84 6
36	83 6
36	85 6
36	79 62
36	84 7
36	83 7
36	85 7
36	79 52
36	84 8
36	83 8
36	85 8
36	79 56
36	84 9
36	83 9
36	85 9
36	79 57
36	84 10
36	83 10
36	85 10
36	79 61
36	84 11
36	83 11
36	85 11
36	79 61
36	84 12
36	83 12
36	85 12
36	79 56
36	84 13
36	83 13
36	85 13
36	79 51
36	84 14
36	83 14
36	85 14
36	79 50
36	84 15
36	83 15
36	85 15
36	79 59
36	84 16
36	83 16
36	85 16
36	79 52
36	84 17
36	84 18
36	83 18
36	85 18
36	79 56
36	84 19
36	83 19
36	85 19
36	79 54
36	84 20
36	83 20
36	85 20
36	79 58
36	84 1
36	83 1
36	85 1
36	79 65
36	84 2
36	83 2
36	85 2
36	79 56
36	84 3
36	84 4
36	83 4
36	85 4
36	79 57
36	84 5
36	83 5
36	85 5
36	79 63
36	84 6
36	83 6
36	85 6
36	79 57
36	84 7
36	83 7
36	85 7
36	79 51
36	84 8
36	83 8
36	85 8
36	79 56
36	84 9
36	84 10
36	83 10
36	85 10
36	79 56
36	84 11
36	83 11
36	85 11
36	79 49
36	84 12
36	83 12
36	85 12
36	79 62
36	84 13
36	83 13
36	85 13
36	79 60
36	84 14
36	83 14
36	85 14
36	79 67
36	84 15
36	83 15
36	85 15
36	79 57
36	84 16
36	83 16
36	85 16
36	79 62
36	84 17
36	84 18
36	83 18
36	85 18
36	79 58
36	84 19
36	84 20
36	83 20
36	85 20
36	79 63
36	84 1
36	83 1
36	85 1
36	79 53
36	84 2
36	83 2
36	85 2
36	79 61
36	84 3
36	83 3
36	85 3
36	79 55
36	84 4
36	83 4
36	85 4
36	79 54
36	84 5
36	83 5
36	85 5
36	79 63
36	84 6
36	83 6
36	85 6
36	79 65
36	84 7
36	83 7
36	85 7
36	79 58
36	84 8
36	83 8
36	85 8
36	79 57
36	84 9
36	84 10
36	84 11
36	83 11
36	85 11
36	79 58
36	84 12
36	83 12
36	85 12
36	79 51
36	84 13
36	83 13
36	85 13
36	79 57
36	84 14
36	83 14
36	85 14
36	79 59
36	84 15
36	83 15
36	85 15
36	79 62
36	84 16
36	84 17
36	84 18
36	83 18
36	85 18
36	79 59
36	84 19
36	83 19
36	85 19
36	79 66
36	84 20
36	83 20
36	85 20
36	79 59
36	84 1
36	83 1
36	85 1
36	79 63
36	84 2
36	83 2
36	85 2
36	79 51
36	84 3
36	83 3
36	85 3
36	79 50
36	84 4
36	83 4
36	85 4
36	79 59
36	84 5
36	83 5
36	85 5
36	79 61
36	84 6
36	83 6
36	85 6
36	79 57
36	84 7
36	83 7
36	85 7
36	79 54
36	84 8
36	83 8
36	85 8
36	79 58
36	84 9
36	83 9
36	85 9
36	79 53
36	84 10
36	83 10
36	85 10
36	79 62
36	84 11
36	84 12
36	83 12
36	85 12
36	79 59
36	84 13
36	83 13
36	85 13
36	79 52
36	84 14
36	83 14
36	85 14
36	79 63
36	84 15
36	83 15
36	85 15
36	79 58
36	84 16
36	83 16
36	85 16
36	79 60
36	84 17
36	83 17
36	85 17
36	79 61
36	84 18
36	83 18
36	85 18
36	79 65
36	84 19
36	83 19
36	85 19
36	79 59
36	84 20
36	84 1
36	84 2
36	83 2
36	85 2
36	79 54
36	84 3
36	83 3
36	85 3
36	79 61
36	84 4
36	83 4
36	85 4
36	79 67
36	84 5
36	83 5
36	85 5
36	79 55
36	84 6
36	83 6
36	85 6
36	79 57
36	84 7
36	84 8
36	83 8
36	85 8
36	79 57
36	84 9
36	83 9
36	85 9
36	79 58
36	84 10
36	83 10
36	85 10
36	79 60
36	84 11
36	84 12
36	83 12
36	85 12
36	79 59
36	84 13
36	83 13
36	85 13
36	79 62
36	84 14
36	83 14
36	85 14
36	79 64
36	84 15
36	83 15
36	85 15
36	79 63
36	84 16
36	83 16
36	85 16
36	79 61
36	84 17
36	83 17
36	85 17
36	79 52
36	84 18
36	83 18
36	85 18
36	79 62
36	84 19
36	83 19
36	85 19
36	79 62
36	84 20
36	83 20
36	85 20
36	79 64
36	84 1
36	83 1
36	85 1
36	79 53
36	84 2
36	83 2
36	85 2
36	79 65
36	84 3
36	84 4
36	83 4
36	85 4
36	79 59
36	84 5
36	83 5
36	85 5
36	79 52
36	84 6
36	83 6
36	85 6
36	79 54
36	84 7
36	83 7
36	85 7
36	79 52
36	84 8
36	83 8
36	85 8
36	79 52
36	84 9
36	83 9
36	85 9
36	79 55
36	84 10
36	84 11
36	83 11
36	85 11
36	79 59
36	84 12
36	83 12
36	85 12
36	79 60
36	84 13
36	84 14
36	83 14
36	85 14
36	79 60
36	84 15
36	83 15
36	85 15
36	79 63
36	84 16
36	83 16
36	85 16
36	79 59
36	84 17
36	84 18
36	84 19
36	83 19
36	85 19
36	79 51
36	84 20
36	83 20
36	85 20
36	79 65
36	84 1
36	83 1
36	85 1
36	79 59
36	84 2
36	83 2
36	85 2
36	79 54
36	84 3
36	84 4
36	83 4
36	85 4
36	79 57
36	84 5
36	83 5
36	85 5
36	79 56
36	84 6
36	84 7
36	83 7
36	85 7
36	79 62
36	84 8
36	83 8
36	85 8
36	79 64
36	84 9
36	83 9
36	85 9
36	79 55
36	84 10
36	83 10
36	85 10
36	79 63
36	84 11
36	83 11
36	85 11
36	79 56
36	84 12
36	83 12
36	85 12
36	79 56
36	84 13
36	83 13
36	85 13
36	79 63
36	84 14
36	84 15
36	83 15
36	85 15
36	79 56
36	84 16
36	83 16
36	85 16
36	79 61
36	84 17
36	83 17
36	85 17
36	79 60
36	84 18
36	83 18
36	85 18
36	79 63
36	84 19
36	84 20
36	83 20
36	85 20
36	79 65
36	84 1
36	84 2
36	83 2
36	85 2
36	79 58
36	84 3
36	83 3
36	85 3
36	79 62
36	84 4
36	83 4
36	85 4
36	79 60
36	84 5
36	83 5
36	85 5
36	79 67
36	84 6
36	83 6
36	85 6
36	79 67
36	84 7
36	83 7
36	85 7
36	79 57
36	84 8
36	83 8
36	85 8
36	79 61
36	84 9
36	83 9
36	85 9
36	79 56
36	84 10
36	83 10
36	85 10
36	79 57
36	84 11
36	83 11
36	85 11
36	79 64
36	84 12
36	83 12
36	85 12
36	79 57
36	84 13
36	83 13
36	85 13
36	79 59
36	84 14
36	83 14
36	85 14
36	79 53
36	84 15
36	84 16
36	83 16
36	85 16
36	79 58
36	84 17
36	83 17
36	85 17
36	79 61
36	84 18
36	83 18
36	85 18
36	79 55
36	84 19
36	83 19
36	85 19
36	79 61
36	84 20
36	83 20
36	85 20
36	79 62
36	84 1
36	83 1
36	85 1
36	79 58
36	84 2
36	84 3
36	83 3
36	85 3
36	79 59
36	84 4
36	83 4
36	85 4
36	79 55
36	84 5
36	84 6
36	83 6
36	85 6
36	79 54
36	84 7
36	83 7
36	85 7
36	79 57
36	84 8
36	83 8
36	85 8
36	79 61
36	84 9
36	83 9
36	85 9
36	79 54
36	84 10
36	83 10
36	85 10
36	79 61
36	84 11
36	83 11
36	85 11
36	79 57
36	84 12
36	84 13
36	83 13
36	85 13
36	79 62
36	84 14
36	84 15
36	83 15
36	85 15
36	79 57
36	84 16
36	83 16
36	85 16
36	79 61
36	84 17
36	83 17
36	85 17
36	79 54
36	84 18
36	83 18
36	85 18
36	79 59
36	84 19
36	83 19
36	85 19
36	79 62
36	84 20
36	83 20
36	85 20
36	79 61
36	84 1
36	84 2
36	83 2
36	85 2
36	79 59
36	84 3
36	83 3
36	85 3
36	79 56
36	84 4
36	83 4
36	85 4
36	79 58
36	84 5
36	83 5
36	85 5
36	79 65
36	84 6
36	83 6
36	85 6
36	79 54
36	84 7
36	83 7
36	85 7
36	79 64
36	84 8
36	83 8
36	85 8
36	79 58
36	84 9
36	83 9
36	85 9
36	79 55
36	84 10
36	83 10
36	85 10
36	79 56
36	84 11
36	83 11
36	85 11
36	79 58
36	84 12
36	83 12
36	85 12
36	79 58
36	84 13
36	84 14
36	83 14
36	85 14
36	79 59
36	84 15
36	83 15
36	85 15
36	79 59
36	84 16
36	83 16
36	85 16
36	79 51
36	84 17
36	84 18
36	83 18
36	85 18
36	79 58
36	84 19
36	83 19
36	85 19
36	79 62
36	84 20
36	83 20
36	85 20
36	79 53
36	84 1
36	83 1
36	85 1
36	79 56
36	84 2
36	83 2
36	85 2
36	79 61
36	84 3
36	83 3
36	85 3
36	79 56
36	84 4
36	83 4
36	85 4
36	79 53
36	84 5
36	83 5
36	85 5
36	79 51
36	84 6
36	83 6
36	85 6
36	79 56
36	84 7
36	84 8
36	83 8
36	85 8
36	79 57
36	84 9
36	83 9
36	85 9
36	79 56
36	84 10
36	TEST_NUMBER 0
36	SENT_TOTAL 250
36	RECEIVED_TOTAL 204
36	TIME_TOTAL 19780
36	RECEIVED_RADIO_1 95
36	RECEIVED_RADIO_2 109
36	SENT_RADIO_1 125
36	SENT_RADIO_2 124
36	RADIO_TIME_1 19819
36	RADIO_TIME_2 19804
36	RETRANSMISSIONS_1 0
36	RETRANSMISSIONS_2 0
36	DROPPED_1 0
36	DROPPED_2 0
36	MAX_QUEUE 1
36	DUPLICATED_1 0
36	DUPLICATED_2 0
36	EBUSY_RADIO_1 0
36	EBUSY_RADIO_2 0
36	83 0
36	85 10
36	86 0
36	84 1
36	83 1
36	85 1
36	79 55
36	84 2
36	83 2
36	85 2
36	79 58
36	84 3
36	83 3
36	85 3
36	79 57
36	84 4
36	83 4
36	85 4
36	79 60
36	84 5
36	83 5
36	85 5
36	79 58
36	84 6
36	83 6
36	85 6
36	79 64
36	84 7
36	83 7
36	85 7
36	79 65
36	84 8
36	83 8
36	85 8
36	79 59
36	84 9
36	84 10
36	83 10
36	85 10
36	79 64
36	84 11
36	83 11
36	85 11
36	79 61
36	84 12
36	84 13
36	84 14
36	84 15
36	83 15
36	85 15
36	79 54
36	84 16
36	83 16
36	85 16
36	79 54
36	84 17
36	83 17
36	85 17
36	79 59
36	84 18
36	83 18
36	85 18
36	79 65
36	84 19
36	84 20
36	83 20
36	85 20
36	79 55
36	84 1
36	83 1
36	85 1
36	79 62
36	84 2
36	83 2
36	85 2
36	79 61
36	84 3
36	83 3
36	85 3
36	79 54
36	84 4
36	83 4
36	85 4
36	79 59
36	84 5
36	83 5
36	85 5
36	79 66
36	84 6
36	83 6
36	85 6
36	79 54
36	84 7
36	83 7
36	85 7
36	79 56
36	84 8
36	83 8
36	85 8
36	79 56
36	84 9
36	84 10
36	83 10
36	85 10
36	79 53
36	84 11
36	83 11
36	85 11
36	79 61
36	84 12
36	83 12
36	85 12
36	79 51
36	84 13
36	83 13
36	85 13
36	79 52
36	84 14
36	83 14
36	85 14
36	79 59
36	84 15
36	83 15
36	85 15
36	79 57
36	84 16
36	83 16
36	85 16
36	79 56
36	84 17
36	83 17
36	85 17
36	79 61
36	84 18
36	83 18
36	85 18
36	79 61
36	84 19
36	83 19
36	85 19
36	79 65
36	84 20
36	83 20
36	85 20
36	79 63
36	84 1
36	83 1
36	85 1
36	79 57
36	84 2
36	83 2
36	85 2
36	79 59
36	84 3
36	84 4
36	83 4
36	85 4
36	79 64
36	84 5
36	84 6
36	83 6
36	85 6
36	79 64
36	84 7
36	84 8
36	83 8
36	85 8
36	79 54
36	84 9
36	84 10
36	83 10
36	85 10
36	79 67
36	84 11
36	84 12
36	83 12
36	85 12
36	79 63
36	84 13
36	83 13
36	85 13
36	79 58
36	84 14
36	83 14
36	85 14
36	79 48
36	84 15
36	83 15
36	85 15
36	79 62
36	84 16
36	83 16
36	85 16
36	79 50
36	84 17
36	83 17
36	85 17
36	79 61
36	84 18
36	84 19
36	83 19
36	85 19
36	79 66
36	84 20
36	83 20
36	85 20
36	79 58
36	84 1
36	84 2
36	83 2
36	85 2
36	79 56
36	84 3
36	83 3
36	85 3
36	79 60
36	84 4
36	83 4
36	85 4
36	79 58
36	84 5
36	83 5
36	85 5
36	79 62
36	84 6
36	83 6
36	85 6
36	79 63
36	84 7
36	83 7
36	85 7
36	79 61
36	84 8
36	84 9
36	83 9
36	85 9
36	79 61
36	84 10
36	83 10
36	85 10
36	79 59
36	84 11
36	84 12
36	83 12
36	85 12
36	79 55
36	84 13
36	83 13
36	85 13
36	79 59
36	84 14
36	84 15
36	83 15
36	85 15
36	79 59
36	84 16
36	83 16
36	85 16
36	79 64
36	84 17
36	83 17
36	85 17
36	79 58
36	84 18
36	84 19
36	83 19
36	85 19
36	79 58
36	84 20
36	83 20
36	85 20
36	79 54
36	84 1
36	83 1
36	85 1
36	79 63
36	84 2
36	84 3
36	83 3
36	85 3
36	79 52
36	84 4
36	83 4
36	85 4
36	79 60
36	84 5
36	84 6
36	83 6
36	85 6
36	79 63
36	84 7
36	83 7
36	85 7
36	79 70
36	84 8
36	83 8
36	85 8
36	79 55
36	84 9
36	84 10
36	83 10
36	85 10
36	79 60
36	84 11
36	83 11
36	85 11
36	79 58
36	84 12
36	84 13
36	84 14
36	83 14
36	85 14
36	79 53
36	84 15
36	83 15
36	85 15
36	79 55
36	84 16
36	83 16
36	85 16
36	79 70
36	84 17
36	83 17
36	85 17
36	79 58
36	84 18
36	83 18
36	85 18
36	79 55
36	84 19
36	83 19
36	85 19
36	79 58
36	84 20
36	83 20
36	85 20
36	79 63
36	84 1
36	84 2
36	83 2
36	85 2
36	79 51
36	84 3
36	84 4
36	83 4
36	85 4
36	79 68
36	84 5
36	83 5
36	85 5
36	79 62
36	84 6
36	83 6
36	85 6
36	79 61
36	84 7
36	83 7
36	85 7
36	79 54
36	84 8
36	83 8
36	85 8
36	79 55
36	84 9
36	83 9
36	85 9
36	79 52
36	84 10
36	83 10
36	85 10
36	79 56
36	84 11
36	83 11
36	85 11
36	79 53
36	84 12
36	83 12
36	85 12
36	79 61
36	84 13
36	84 14
36	83 14
36	85 14
36	79 54
36	84 15
36	83 15
36	85 15
36	79 58
36	84 16
36	83 16
36	85 16
36	79 64
36	84 17
36	84 18
36	83 18
36	85 18
36	79 62
36	84 19
36	83 19
36	85 19
36	79 56
36	84 20
36	83 20
36	85 20
36	79 65
36	84 1
36	83 1
36	85 1
36	79 65
36	84 2
36	83 2
36	85 2
36	79 58
36	84 3
36	83 3
36	85 3
36	79 57
36	84 4
36	84 5
36	83 5
36	85 5
36	79 61
36	84 6
36	83 6
36	85 6
36	79 55
36	84 7
36	83 7
36	85 7
36	79 57
36	84 8
36	83 8
36	85 8
36	79 62
36	84 9
36	83 9
36	85 9
36	79 60
36	84 10
36	83 10
36	85 10
36	79 65
36	84 11
36	84 12
36	83 12
36	85 12
36	79 60
36	84 13
36	83 13
36	85 13
36	79 64
36	84 14
36	83 14
36	85 14
36	79 61
36	84 15
36	83 15
36	85 15
36	79 56
36	84 16
36	83 16
36	85 16
36	79 55
36	84 17
36	83 17
36	85 17
36	79 64
36	84 18
36	83 18
36	85 18
36	79 60
36	84 19
36	83 19
36	85 19
36	79 61
36	84 20
36	83 20
36	85 20
36	79 64
36	84 1
36	84 2
36	84 3
36	83 3
36	85 3
36	79 51
36	84 4
36	84 5
36	83 5
36	85 5
36	79 63
36	84 6
36	83 6
36	85 6
36	79 62
36	84 7
36	83 7
36	85 7
36	79 59
36	84 8
36	83 8
36	85 8
36	79 50
36	84 9
36	83 9
36	85 9
36	79 68
36	84 10
36	83 10
36	85 10
36	79 48
36	84 11
36	83 11
36	85 11
36	79 62
36	84 12
36	83 12
36	85 12
36	79 57
36	84 13
36	83 13
36	85 13
36	79 60
36	84 14
36	83 14
36	85 14
36	79 54
36	84 15
36	84 16
36	83 16
36	85 16
36	79 61
36	84 17
36	84 18
36	83 18
36	85 18
36	79 55
36	84 19
36	83 19
36	85 19
36	79 57
36	84 20
36	83 20
36	85 20
36	79 58
36	84 1
36	83 1
36	85 1
36	79 56
36	84 2
36	83 2
36	85 2
36	79 59
36	84 3
36	84 4
36	83 4
36	85 4
36	79 58
36	84 5
36	83 5
36	85 5
36	79 55
36	84 6
36	84 7
36	84 8
36	83 8
36	85 8
36	79 61
36	84 9
36	83 9
36	85 9
36	79 62
36	84 10
36	83 10
36	85 10
36	79 57
36	84 11
36	83 11
36	85 11
36	79 54
36	84 12
36	83 12
36	85 12
36	79 56
36	84 13
36	84 14
36	83 14
36	85 14
36	79 62
36	84 15
36	83 15
36	85 15
36	79 54
36	84 16
36	84 17
36	83 17
36	85 17
36	79 59
36	84 18
36	83 18
36	85 18
36	79 63
36	84 19
36	83 19
36	85 19
36	79 59
36	84 20
36	83 20
36	85 20
36	79 60
36	84 1
36	83 1
36	85 1
36	79 53
36	84 2
36	83 2
36	85 2
36	79 55
36	84 3
36	83 3
36	85 3
36	79 63
36	84 4
36	83 4
36	85 4
36	79 54
36	84 5
36	83 5
36	85 5
36	79 57
36	84 6
36	83 6
36	85 6
36	79 64
36	84 7
36	84 8
36	84 9
36	83 9
36	85 9
36	79 61
36	84 10
36	84 11
36	84 12
36	83 12
36	85 12
36	79 50
36	84 13
36	83 13
36	85 13
36	79 55
36	84 14
36	83 14
36	85 14
36	79 49
36	84 15
36	84 16
36	83 16
36	85 16
36	79 59
36	84 17
36	84 18
36	83 18
36	85 18
36	79 56
36	84 19
36	83 19
36	85 19
36	79 65
36	84 20
36	83 20
36	85 20
36	79 62
36	84 1
36	83 1
36	85 1
36	79 55
36	84 2
36	83 2
36	85 2
36	79 58
36	84 3
36	83 3
36	85 3
36	79 58
36	84 4
36	83 4
36	85 4
36	79 61
36	84 5
36	83 5
36	85 5
36	79 59
36	84 6
36	84 7
36	84 8
36	83 8
36	85 8
36	79 58
36	84 9
36	83 9
36	85 9
36	79 55
36	84 10
36	83 10
36	85 10
36	79 58
36	84 11
36	84 12
36	83 12
36	85 12
36	79 62
36	84 13
36	84 14
36	83 14
36	85 14
36	79 59
36	84 15
36	83 15
36	85 15
36	79 53
36	84 16
36	83 16
36	85 16
36	79 66
36	84 17
36	83 17
36	85 17
36	79 61
36	84 18
36	84 19
36	83 19
36	85 19
36	79 60
36	84 20
36	83 20
36	85 20
36	79 63
36	84 1
36	83 1
36	85 1
36	79 57
36	84 2
36	83 2
36	85 2
36	79 57
36	84 3
36	83 3
36	85 3
36	79 56
36	84 4
36	83 4
36	85 4
36	79 63
36	84 5
36	83 5
36	85 5
36	79 67
36	84 6
36	83 6
36	85 6
36	79 59
36	84 7
36	83 7
36	85 7
36	79 57
36	84 8
36	84 9
36	84 10
36	83 10
36	85 10
36	79 59
36	84 11
36	83 11
36	85 11
36	79 59
36	84 12
36	83 12
36	85 12
36	79 65
36	84 13
36	83 13
36	85 13
36	79 55
36	84 14
36	83 14
36	85 14
36	79 63
36	84 15
36	83 15
36	85 15
36	79 58
36	84 16
36	83 16
36	85 16
36	79 65
36	84 17
36	83 17
36	85 17
36	79 62
36	84 18
36	83 18
36	85 18
36	79 64
36	84 19
36	84 20
36	83 20
36	85 20
36	79 55
36	84 1
36	83 1
36	85 1
36	79 65
36	84 2
36	83 2
36	85 2
36	79 54
36	84 3
36	83 3
36	85 3
36	79 59
36	84 4
36	83 4
36	85 4
36	79 65
36	84 5
36	83 5
36	85 5
36	79 61
36	84 6
36	83 6
36	85 6
36	79 56
36	84 7
36	83 7
36	85 7
36	79 64
36	84 8
36	83 8
36	85 8
36	79 55
36	84 9
36	84 10
36	TEST_NUMBER 1
36	SENT_TOTAL 250
36	RECEIVED_TOTAL 196
36	TIME_TOTAL 29710
36	RECEIVED_RADIO_1 91
36	RECEIVED_RADIO_2 106
36	SENT_RADIO_1 125
36	SENT_RADIO_2 125
36	RADIO_TIME_1 19763
36	RADIO_TIME_2 29815
36	RETRANSMISSIONS_1 0
36	RETRANSMISSIONS_2 0
36	DROPPED_1 0
36	DROPPED_2 0
36	MAX_QUEUE 1
36	DUPLICATED_1 0
36	DUPLICATED_2 0
36	EBUSY_RADIO_1 0
36	EBUSY_RADIO_2 0
36	83 0
36	85 10
36	86 1
36	84 1
36	84 2
36	83 2
36	85 2
36	79 60
36	84 3
36	83 3
36	85 3
36	79 59
36	84 4
36	83 4
36	85 4
36	79 62
36	84 5
36	83 5
36	85 5
36	79 62
36	84 6
36	83 6
36	85 6
36	79 51
36	84 7
36	83 7
36	85 7
36	79 58
36	84 8
36	84 9
36	83 9
36	85 9
36	79 62
36	84 10
36	83 10
36	85 10
36	79 56
36	84 11
36	84 12
36	83 12
36	85 12
36	79 59
36	84 13
36	83 13
36	85 13
36	79 54
36	84 14
36	83 14
36	85 14
36	79 59
36	84 15
36	83 15
36	85 15
36	79 56
36	84 16
36	83 16
36	85 16
36	79 59
36	84 17
36	83 17
36	85 17
36	79 62
36	84 18
36	83 18
36	85 18
36	79 60
36	84 19
36	83 19
36	85 19
36	79 56
36	84 20
36	83 20
36	85 20
36	79 60
36	84 1
36	84 2
36	83 2
36	85 2
36	79 54
36	84 3
36	83 3
36	85 3
36	79 67
36	84 4
36	83 4
36	85 4
36	79 55
36	84 5
36	83 5
36	85 5
36	79 55
36	84 6
36	83 6
36	85 6
36	79 50
36	84 7
36	83 7
36	85 7
36	79 57
36	84 8
36	84 9
36	83 9
36	85 9
36	79 61
36	84 10
36	83 10
36	85 10
36	79 58
36	84 11
36	83 11
36	85 11
36	79 57
36	84 12
36	84 13
36	83 13
36	85 13
36	79 57
36	84 14
36	83 14
36	85 14
36	79 55
36	84 15
36	83 15
36	85 15
36	79 56
36	84 16
36	84 17
36	83 17
36	85 17
36	79 55
36	84 18
36	84 19
36	83 19
36	85 19
36	79 54
36	84 20
36	84 1
36	83 1
36	85 1
36	79 57
36	84 2
36	84 3
36	84 4
36	84 5
36	83 5
36	85 5
36	79 53
36	84 6
36	84 7
36	84 8
36	84 9
36	83 9
36	85 9
36	79 53
36	84 10
36	84 11
36	83 11
36	85 11
36	79 56
36	84 12
36	84 13
36	84 14
36	84 15
36	83 15
36	85 15
36	79 52
36	84 16
36	84 17
36	83 17
36	85 17
36	79 67
36	84 18
36	84 19
36	83 19
36	85 19
36	79 62
36	84 20
36	84 1
36	83 1
36	85 1
36	79 57
36	84 2
36	84 3
36	84 4
36	84 5
36	83 5
36	85 5
36	79 63
36	84 6
36	84 7
36	83 7
36	85 7
36	79 59
36	84 8
36	84 9
36	83 9
36	85 9
36	79 58
36	84 10
36	84 11
36	83 11
36	85 11
36	79 55
36	84 12
36	84 13
36	83 13
36	85 13
36	79 59
36	84 14
36	84 15
36	83 15
36	85 15
36	79 58
36	84 16
36	84 17
36	83 17
36	85 17
36	79 47
36	84 18
36	84 19
36	83 19
36	85 19
36	79 55
36	84 20
36	84 1
36	84 2
36	84 3
36	84 4
36	84 5
36	84 6
36	84 7
36	84 8
36	84 9
36	83 9
36	85 9
36	79 66
36	84 10
36	84 11
36	83 11
36	85 11
36	79 57
36	84 12
36	84 13
36	84 14
36	84 15
36	83 15
36	85 15
36	79 56
36	84 16
36	84 17
36	84 18
36	84 19
36	84 20
36	84 1
36	83 1
36	85 1
36	79 63
36	84 2
36	84 3
36	83 3
36	85 3
36	79 56
36	84 4
36	84 5
36	84 6
36	84 7
36	83 7
36	85 7
36	79 61
36	84 8
36	84 9
36	83 9
36	85 9
36	79 65
36	84 10
36	84 11
36	83 11
36	85 11
36	79 66
36	84 12
36	84 13
36	84 14
36	84 15
36	83 15
36	85 15
36	79 55
36	84 16
36	84 17
36	84 18
36	84 19
36	83 19
36	85 19
36	79 60
36	84 20
36	84 1
36	83 1
36	85 1
36	79 58
36	84 2
36	84 3
36	83 3
36	85 3
36	79 56
36	84 4
36	84 5
36	83 5
36	85 5
36	79 60
36	84 6
36	84 7
36	83 7
36	85 7
36	79 53
36	84 8
36	84 9
36	83 9
36	85 9
36	79 54
36	84 10
36	84 11
36	83 11
36	85 11
36	79 53
36	84 12
36	84 13
36	83 13
36	85 13
36	79 55
36	84 14
36	84 15
36	83 15
36	85 15
36	79 61
36	84 16
36	84 17
36	84 18
36	84 19
36	84 20
36	84 1
36	83 1
36	85 1
36	79 56
36	84 2
36	84 3
36	83 3
36	85 3
36	79 56
36	84 4
36	84 5
36	83 5
36	85 5
36	79 59
36	84 6
36	84 7
36	84 8
36	84 9
36	83 9
36	85 9
36	79 65
36	84 10
36	84 11
36	83 11
36	85 11
36	79 50
36	84 12
36	84 13
36	83 13
36	85 13
36	79 50
36	84 14
36	84 15
36	83 15
36	85 15
36	79 56
36	84 16
36	84 17
36	84 18
36	84 19
36	83 19
36	85 19
36	79 54
36	84 20
36	84 1
36	83 1
36	85 1
36	79 65
36	84 2
36	84 3
36	83 3
36	85 3
36	79 62
36	84 4
36	84 5
36	83 5
36	85 5
36	79 54
36	84 6
36	84 7
36	83 7
36	85 7
36	79 57
36	84 8
36	84 9
36	83 9
36	85 9
36	79 61
36	84 10
36	84 11
36	83 11
36	85 11
36	79 53
36	84 12
36	84 13
36	83 13
36	85 13
36	79 60
36	84 14
36	84 15
36	83 15
36	85 15
36	79 58
36	84 16
36	84 17
36	83 17
36	85 17
36	79 58
36	84 18
36	84 19
36	84 20
36	84 1
36	83 1
36	85 1
36	79 56
36	84 2
36	84 3
36	83 3
36	85 3
36	79 60
36	84 4
36	84 5
36	83 5
36	85 5
36	79 62
36	84 6
36	84 7
36	83 7
36	85 7
36	79 64
36	84 8
36	84 9
36	84 10
36	84 11
36	83 11
36	85 11
36	79 54
36	84 12
36	84 13
36	83 13
36	85 13
36	79 64
36	84 14
36	84 15
36	83 15
36	85 15
36	79 57
36	84 16
36	84 17
36	83 17
36	85 17
36	79 56
36	84 18
36	84 19
36	83 19
36	85 19
36	79 56
36	84 20
36	84 1
36	83 1
36	85 1
36	79 55
36	84 2
36	84 3
36	83 3
36	85 3
36	79 54
36	84 4
36	84 5
36	83 5
36	85 5
36	79 54
36	84 6
36	84 7
36	83 7
36	85 7
36	79 62
36	84 8
36	84 9
36	84 10
36	84 11
36	83 11
36	85 11
36	79 61
36	84 12
36	84 13
36	83 13
36	85 13
36	79 52
36	84 14
36	84 15
36	83 15
36	85 15
36	79 57
36	84 16
36	84 17
36	83 17
36	85 17
36	79 63
36	84 18
36	84 19
36	83 19
36	85 19
36	79 54
36	84 20
36	84 1
36	84 2
36	84 3
36	84 4
36	84 5
36	84 6
36	84 7
36	83 7
36	85 7
36	79 59
36	84 8
36	84 9
36	83 9
36	85 9
36	79 55
36	84 10
36	84 11
36	84 12
36	84 13
36	83 13
36	85 13
36	79 52
36	84 14
36	84 15
36	84 16
36	84 17
36	84 18
36	84 19
36	83 19
36	85 19
36	79 54
36	84 20
36	84 1
36	83 1
36	85 1
36	79 61
36	84 2
36	84 3
36	83 3
36	85 3
36	79 56
36	84 4
36	84 5
36	83 5
36	85 5
36	79 56
36	84 6
36	84 7
36	83 7
36	85 7
36	79 71
36	84 8
36	84 9
36	83 9
36	85 9
36	79 54
36	84 10
36	TEST_NUMBER 2
36	SENT_TOTAL 250
36	RECEIVED_TOTAL 109
36	TIME_TOTAL 29804
36	RECEIVED_RADIO_1 50
36	RECEIVED_RADIO_2 60
36	SENT_RADIO_1 125
36	SENT_RADIO_2 125
36	RADIO_TIME_1 19763
36	RADIO_TIME_2 29830
36	RETRANSMISSIONS_1 0
36	RETRANSMISSIONS_2 0
36	DROPPED_1 0
36	DROPPED_2 0
36	MAX_QUEUE 1
36	DUPLICATED_1 0
36	DUPLICATED_2 0
36	EBUSY_RADIO_1 0
36	EBUSY_RADIO_2 0
36	84 1
36	83 1
36	85 1
36	79 53
36	84 2
36	84 3
36	84 4
36	84 5
36	83 5
36	85 5
36	79 58
36	84 6
36	84 7
36	83 7
36	85 7
36	79 51
36	84 8
36	84 9
36	84 10
36	84 11
36	83 11
36	85 11
36	79 59
36	84 12
36	84 13
36	84 14
36	84 15
36	83 15
36	85 15
36	79 61
36	84 16
36	84 17
36	83 17
36	85 17
36	79 56
36	84 18
36	84 19
36	84 20
36	84 1
36	83 1
36	85 1
36	79 60
36	84 2
36	84 3
36	83 3
36	85 3
36	79 57
36	84 4
36	84 5
36	83 5
36	85 5
36	79 59
36	84 6
36	84 7
36	84 8
36	84 9
36	83 9
36	85 9
36	79 53
36	84 10
36	84 11
36	84 12
36	84 13
36	83 13
36	85 13
36	79 59
36	84 14
36	84 15
36	84 16
36	84 17
36	84 18
36	84 19
36	83 19
36	85 19
36	79 62
36	84 20
36	84 1
36	83 1
36	85 1
36	79 63
36	84 2
36	84 3
36	83 3
36	85 3
36	79 56
36	84 4
36	84 5
36	84 6
36	84 7
36	83 7
36	85 7
36	79 60
36	84 8
36	84 9
36	84 10
36	84 11
36	84 12
36	84 13
36	83 13
36	85 13
36	79 61
36	84 14
36	84 15
36	84 16
36	84 17
36	83 17
36	85 17
36	79 62
36	84 18
36	84 19
36	83 19
36	85 19
36	79 60
36	84 20
36	84 1
36	83 1
36	85 1
36	79 60
36	84 2
36	84 3
36	83 3
36	85 3
36	79 60
36	84 4
36	84 5
36	84 6
36	84 7
36	83 7
36	85 7
36	79 63
36	84 8
36	84 9
36	83 9
36	85 9
36	79 59
36	84 10
36	84 11
36	83 11
36	85 11
36	79 55
36	84 12
36	84 13
36	83 13
36	85 13
36	79 64
36	84 14
36	84 15
36	83 15
36	85 15
36	79 62
36	84 16
36	84 17
36	83 17
36	85 17
36	79 60
36	84 18
36	84 19
36	83 19
36	85 19
36	79 54
36	84 20
36	84 1
36	83 1
36	85 1
36	79 63
36	84 2
36	84 3
36	83 3
36	85 3
36	79 53
36	84 4
36	84 5
36	83 5
36	85 5
36	79 61
36	84 6
36	84 7
36	84 8
36	84 9
36	83 9
36	85 9
36	79 59
36	84 10
36	84 11
36	83 11
36	85 11
36	79 53
36	84 12
36	84 13
36	83 13
36	85 13
36	79 52
36	84 14
36	84 15
36	83 15
36	85 15
36	79 56
36	84 16
36	84 17
36	83 17
36	85 17
36	79 53
36	84 18
36	84 19
36	83 19
36	85 19
36	79 52
36	84 20
36	84 1
36	83 1
36	85 1
36	79 60
36	84 2
36	84 3
36	83 3
36	85 3
36	79 49
36	84 4
36	84 5
36	83 5
36	85 5
36	79 56
36	84 6
36	84 7
36	83 7
36	85 7
36	79 57
36	84 8
36	84 9
36	83 9
36	85 9
36	79 56
36	84 10
36	84 11
36	84 12
36	84 13
36	84 14
36	84 15
36	83 15
36	85 15
36	79 57
36	84 16
36	84 17
36	83 17
36	85 17
36	79 62
36	84 18
36	84 19
36	83 19
36	85 19
36	79 60
36	84 20
36	84 1
36	83 1
36	85 1
36	79 60
36	84 2
36	84 3
36	83 3
36	85 3
36	79 56
36	84 4
36	84 5
36	83 5
36	85 5
36	79 54
36	84 6
36	84 7
36	83 7
36	85 7
36	79 54
36	84 8
36	84 9
36	84 10
36	84 11
36	83 11
36	85 11
36	79 62
36	84 12
36	84 13
36	83 13
36	85 13
36	79 61
36	84 14
36	84 15
36	83 15
36	85 15
36	79 61
36	84 16
36	84 17
36	83 17
36	85 17
36	79 57
36	84 18
36	84 19
36	83 19
36	85 19
36	79 60
36	84 20
36	84 1
36	83 1
36	85 1
36	79 61
36	84 2
36	84 3
36	83 3
36	85 3
36	79 50
36	84 4
36	84 5
36	83 5
36	85 5
36	79 58
36	84 6
36	84 7
36	84 8
36	84 9
36	84 10
36	84 11
36	83 11
36	85 11
36	79 60
36	84 12
36	84 13
36	84 14
36	84 15
36	84 16
36	84 17
36	83 17
36	85 17
36	79 59
36	84 18
36	84 19
36	83 19
36	85 19
36	79 60
36	84 20
36	84 1
36	83 1
36	85 1
36	79 59
36	84 2
36	84 3
36	83 3
36	85 3
36	79 65
36	84 4
36	84 5
36	83 5
36	85 5
36	79 61
36	84 6
36	84 7
36	83 7
36	85 7
36	79 59
36	84 8
36	84 9
36	83 9
36	85 9
36	79 61
36	84 10
36	84 11
36	84 12
36	84 13
36	83 13
36	85 13
36	79 63
36	84 14
36	84 15
36	83 15
36	85 15
36	79 63
36	84 16
36	84 17
36	83 17
36	85 17
36	79 56
36	84 18
36	84 19
36	83 19
36	85 19
36	79 53
36	84 20
36	84 1
36	84 2
36	84 3
36	84 4
36	84 5
36	83 5
36	85 5
36	79 59
36	84 6
36	84 7
36	84 8
36	84 9
36	83 9
36	85 9
36	79 64
36	84 10
36	84 11
36	84 12
36	84 13
36	83 13
36	85 13
36	79 62
36	84 14
36	84 15
36	83 15
36	85 15
36	79 63
36	84 16
36	84 17
36	83 17
36	85 17
36	79 62
36	84 18
36	84 19
36	83 19
36	85 19
36	79 55
36	84 20
36	84 1
36	83 1
36	85 1
36	79 56
36	84 2
36	84 3
36	83 3
36	85 3
36	79 56
36	84 4
36	84 5
36	83 5
36	85 5
36	79 48
36	84 6
36	84 7
36	83 7
36	85 7
36	79 60
36	84 8
36	84 9
36	83 9
36	85 9
36	79 55
36	84 10
36	84 11
36	83 11
36	85 11
36	79 57
36	84 12
36	84 13
36	83 13
36	85 13
36	79 56
36	84 14
36	84 15
36	83 15
36	85 15
36	79 59
36	84 16
36	84 17
36	83 17
36	85 17
36	79 48
36	84 18
36	84 19
36	83 19
36	85 19
36	79 60
36	84 20
36	84 1
36	83 1
36	85 1
36	79 63
36	84 2
36	84 3
36	84 4
36	84 5
36	84 6
36	84 7
36	83 7
36	85 7
36	79 59
36	84 8
36	84 9
36	84 10
36	84 11
36	83 11
36	85 11
36	79 62
36	84 12
36	84 13
36	84 14
36	84 15
36	83 15
36	85 15
36	79 56
36	84 16
36	84 17
36	83 17
36	85 17
36	79 54
36	84 18
36	84 19
36	83 19
36	85 19
36	79 60
36	84 20
36	84 1
36	83 1
36	85 1
36	79 62
36	84 2
36	84 3
36	83 3
36	85 3
36	79 52
36	84 4
36	84 5
36	83 5
36	85 5
36	79 56
36	84 6
36	84 7
36	83 7
36	85 7
36	79 57
36	84 8
36	84 9
36	83 9
36	85 9
36	79 53
36	84 10
36	TEST_NUMBER 3
36	SENT_TOTAL 250
36	RECEIVED_TOTAL 95
36	TIME_TOTAL 19763
36	RECEIVED_RADIO_1 45
36	RECEIVED_RADIO_2 50
36	SENT_RADIO_1 125
36	SENT_RADIO_2 125
36	RADIO_TIME_1 19763
36	RADIO_TIME_2 19763
36	RETRANSMISSIONS_1 0
36	RETRANSMISSIONS_2 0
36	DROPPED_1 0
36	DROPPED_2 0
36	MAX_QUEUE 1
36	DUPLICATED_1 0
36	DUPLICATED_2 0
36	EBUSY_RADIO_1 0
36	EBUSY_RADIO_2 0
36	84 1
36	84 2
36	84 3
36	83 3
36	85 3
36	79 60
36	84 4
36	84 5
36	84 6
36	84 7
36	83 7
36	85 7
36	79 53
36	84 8
36	84 9
36	83 9
36	85 9
36	79 60
36	84 10
36	84 11
36	83 11
36	85 11
36	79 62
36	84 12
36	84 13
36	83 13
36	85 13
36	79 58
36	84 14
36	84 15
36	84 16
36	84 17
36	83 17
36	85 17
36	79 50
36	84 18
36	84 19
36	83 19
36	85 19
36	79 60
36	84 20
36	84 1
36	83 1
36	85 1
36	79 58
36	84 2
36	84 3
36	84 4
36	84 5
36	83 5
36	85 5
36	79 60
36	84 6
36	84 7
36	83 7
36	85 7
36	79 58
36	84 8
36	84 9
36	84 10
36	84 11
36	83 11
36	85 11
36	79 52
36	84 12
36	84 13
36	84 14
36	84 15
36	83 15
36	85 15
36	79 64
36	84 16
36	84 17
36	84 18
36	84 19
36	83 19
36	85 19
36	79 61
36	84 20
36	84 1
36	83 1
36	85 1
36	79 60
36	84 2
36	84 3
36	84 4
36	84 5
36	83 5
36	85 5
36	79 63
36	84 6
36	84 7
36	84 8
36	84 9
36	83 9
36	85 9
36	79 53
36	84 10
36	84 11
36	83 11
36	85 11
36	79 62
36	84 12
36	84 13
36	83 13
36	85 13
36	79 65
36	84 14
36	84 15
36	83 15
36	85 15
36	79 54
36	84 16
36	84 17
36	83 17
36	85 17
36	79 59
36	84 18
36	84 19
36	83 19
36	85 19
36	79 50
36	84 20
36	84 1
36	83 1
36	85 1
36	79 62
36	84 2
36	84 3
36	83 3
36	85 3
36	79 56
36	84 4
36	84 5
36	83 5
36	85 5
36	79 66
36	84 6
36	84 7
36	83 7
36	85 7
36	79 57
36	84 8
36	84 9
36	84 10
36	84 11
36	84 12
36	84 13
36	83 13
36	85 13
36	79 65
36	84 14
36	84 15
36	84 16
36	84 17
36	83 17
36	85 17
36	79 62
36	84 18
36	84 19
36	84 20
36	84 1
36	83 1
36	85 1
36	79 57
36	84 2
36	84 3
36	83 3
36	85 3
36	79 57
36	84 4
36	84 5
36	84 6
36	84 7
36	83 7
36	85 7
36	79 57
36	84 8
36	84 9
36	84 10
36	84 11
36	83 11
36	85 11
36	79 59
36	84 12
36	84 13
36	83 13
36	85 13
36	79 59
36	84 14
36	84 15
36	84 16
36	84 17
36	83 17
36	85 17
36	79 60
36	84 18
36	84 19
36	83 19
36	85 19
36	79 56
36	84 20
36	84 1
36	83 1
36	85 1
36	79 61
36	84 2
36	84 3
36	84 4
36	84 5
36	83 5
36	85 5
36	79 63
36	84 6
36	84 7
36	83 7
36	85 7
36	79 66
36	84 8
36	84 9
36	84 10
36	84 11
36	83 11
36	85 11
36	79 56
36	84 12
36	84 13
36	83 13
36	85 13
36	79 56
36	84 14
36	84 15
36	83 15
36	85 15
36	79 64
36	84 16
36	84 17
36	83 17
36	85 17
36	79 61
36	84 18
36	84 19
36	83 19
36	85 19
36	79 59
36	84 20
36	84 1
36	84 2
36	84 3
36	83 3
36	85 3
36	79 62
36	84 4
36	84 5
36	83 5
36	85 5
36	79 51
36	84 6
36	84 7
36	83 7
36	85 7
36	79 58
36	84 8
36	84 9
36	84 10
36	84 11
36	84 12
36	84 13
36	83 13
36	85 13
36	79 60
36	84 14
36	84 15
36	83 15
36	85 15
36	79 59
36	84 16
36	84 17
36	84 18
36	84 19
36	83 19
36	85 19
36	79 55
36	84 20
36	84 1
36	83 1
36	85 1
36	79 57
36	84 2
36	84 3
36	83 3
36	85 3
36	79 62
36	84 4
36	84 5
36	83 5
36	85 5
36	79 57
36	84 6
36	84 7
36	83 7
36	85 7
36	79 60
36	84 8
36	84 9
36	83 9
36	85 9
36	79 56
36	84 10
36	84 11
36	83 11
36	85 11
36	79 57
36	84 12
36	84 13
36	83 13
36	85 13
36	79 60
36	84 14
36	84 15
36	83 15
36	85 15
36	79 57
36	84 16
36	84 17
36	83 17
36	85 17
36	79 65
36	84 18
36	84 19
36	83 19
36	85 19
36	79 57
36	84 20
36	84 1
36	83 1
36	85 1
36	79 60
36	84 2
36	84 3
36	83 3
36	85 3
36	79 60
36	84 4
36	84 5
36	83 5
36	85 5
36	79 64
36	84 6
36	84 7
36	83 7
36	85 7
36	79 64
36	84 8
36	84 9
36	83 9
36	85 9
36	79 60
36	84 10
36	84 11
36	83 11
36	85 11
36	79 58
36	84 12
36	84 13
36	84 14
36	84 15
36	83 15
36	85 15
36	79 61
36	84 16
36	84 17
36	83 17
36	85 17
36	79 50
36	84 18
36	84 19
36	84 20
36	84 1
36	83 1
36	85 1
36	79 61
36	84 2
36	84 3
36	83 3
36	85 3
36	79 68
36	84 4
36	84 5
36	83 5
36	85 5
36	79 57
36	84 6
36	84 7
36	83 7
36	85 7
36	79 57
36	84 8
36	84 9
36	83 9
36	85 9
36	79 54
36	84 10
36	84 11
36	83 11
36	85 11
36	79 54
36	84 12
36	84 13
36	83 13
36	85 13
36	79 59
36	84 14
36	84 15
36	83 15
36	85 15
36	79 53
36	84 16
36	84 17
36	83 17
36	85 17
36	79 61
36	84 18
36	84 19
36	83 19
36	85 19
36	79 59
36	84 20
36	84 1
36	83 1
36	85 1
36	79 60
36	84 2
36	84 3
36	83 3
36	85 3
36	79 60
36	84 4
36	84 5
36	84 6
36	84 7
36	83 7
36	85 7
36	79 61
36	84 8
36	84 9
36	83 9
36	85 9
36	79 55
36	84 10
36	84 11
36	83 11
36	85 11
36	79 59
36	84 12
36	84 13
36	83 13
36	85 13
36	79 60
36	84 14
36	84 15
36	84 16
36	84 17
36	84 18
36	84 19
36	83 19
36	85 19
36	79 61
36	84 20
36	84 1
36	84 2
36	84 3
36	83 3
36	85 3
36	79 54
36	84 4
36	84 5
36	84 6
36	84 7
36	83 7
36	85 7
36	79 61
36	84 8
36	84 9
36	83 9
36	85 9
36	79 61
36	84 10
36	84 11
36	83 11
36	85 11
36	79 63
36	84 12
36	84 13
36	84 14
36	84 15
36	84 16
36	84 17
36	83 17
36	85 17
36	79 64
36	84 18
36	84 19
36	83 19
36	85 19
36	79 58
36	84 20
36	84 1
36	83 1
36	85 1
36	79 53
36	84 2
36	84 3
36	83 3
36	85 3
36	79 59
36	84 4
36	84 5
36	83 5
36	85 5
36	79 49
36	84 6
36	84 7
36	83 7
36	85 7
36	79 53
36	84 8
36	84 9
36	84 10
36	TEST_NUMBER 4
36	SENT_TOTAL 250
36	RECEIVED_TOTAL 93
36	TIME_TOTAL 19437
36	RECEIVED_RADIO_1 44
36	RECEIVED_RADIO_2 49
36	SENT_RADIO_1 125
36	SENT_RADIO_2 125
36	RADIO_TIME_1 19763
36	RADIO_TIME_2 19763
36	RETRANSMISSIONS_1 0
36	RETRANSMISSIONS_2 0
36	DROPPED_1 0
36	DROPPED_2 0
36	MAX_QUEUE 1
36	DUPLICATED_1 0
36	DUPLICATED_2 0
36	EBUSY_RADIO_1 0
36	EBUSY_RADIO_2 0
36	84 1
36	83 1
36	85 1
36	79 61
36	84 2
36	84 3
36	83 3
36	85 3
36	79 59
36	84 4
36	84 5
36	83 5
36	85 5
36	79 53
36	84 6
36	84 7
36	83 7
36	85 7
36	79 66
36	84 8
36	84 9
36	83 9
36	85 9
36	79 52
36	84 10
36	84 11
36	83 11
36	85 11
36	79 63
36	84 12
36	84 13
36	83 13
36	85 13
36	79 55
36	84 14
36	84 15
36	84 16
36	84 17
36	84 18
36	84 19
36	83 19
36	85 19
36	79 57
36	84 20
36	84 1
36	83 1
36	85 1
36	79 60
36	84 2
36	84 3
36	83 3
36	85 3
36	79 59
36	84 4
36	84 5
36	83 5
36	85 5
36	79 57
36	84 6
36	84 7
36	83 7
36	85 7
36	79 61
36	84 8
36	84 9
36	84 10
36	84 11
36	83 11
36	85 11
36	79 55
36	84 12
36	84 13
36	83 13
36	85 13
36	79 59
36	84 14
36	84 15
36	83 15
36	85 15
36	79 58
36	84 16
36	84 17
36	84 18
36	84 19
36	84 20
36	84 1
36	83 1
36	85 1
36	79 56
36	84 2
36	84 3
36	83 3
36	85 3
36	79 59
36	84 4
36	84 5
36	83 5
36	85 5
36	79 57
36	84 6
36	84 7
36	83 7
36	85 7
36	79 48
36	84 8
36	84 9
36	83 9
36	85 9
36	79 62
36	84 10
36	84 11
36	83 11
36	85 11
36	79 58
36	84 12
36	84 13
36	84 14
36	84 15
36	83 15
36	85 15
36	79 63
36	84 16
36	84 17
36	84 18
36	84 19
36	83 19
36	85 19
36	79 65
36	84 20
36	84 1
36	83 1
36	85 1
36	79 53
36	84 2
36	84 3
36	83 3
36	85 3
36	79 51
36	84 4
36	84 5
36	83 5
36	85 5
36	79 54
36	84 6
36	84 7
36	84 8
36	84 9
36	83 9
36	85 9
36	79 61
36	84 10
36	84 11
36	84 12
36	84 13
36	84 14
36	84 15
36	83 15
36	85 15
36	79 54
36	84 16
36	84 17
36	83 17
36	85 17
36	79 58
36	84 18
36	84 19
36	83 19
36	85 19
36	79 60
36	84 20
36	84 1
36	84 2
36	84 3
36	84 4
36	84 5
36	83 5
36	85 5
36	79 59
36	84 6
36	84 7
36	83 7
36	85 7
36	79 58
36	84 8
36	84 9
36	84 10
36	84 11
36	83 11
36	85 11
36	79 64
36	84 12
36	84 13
36	84 14
36	84 15
36	83 15
36	85 15
36	79 65
36	84 16
36	84 17
36	83 17
36	85 17
36	79 52
36	84 18
36	84 19
36	84 20
36	84 1
36	83 1
36	85 1
36	79 60
36	84 2
36	84 3
36	83 3
36	85 3
36	79 61
36	84 4
36	84 5
36	83 5
36	85 5
36	79 63
36	84 6
36	84 7
36	83 7
36	85 7
36	79 54
36	84 8
36	84 9
36	83 9
36	85 9
36	79 59
36	84 10
36	84 11
36	83 11
36	85 11
36	79 54
36	84 12
36	84 13
36	84 14
36	84 15
36	83 15
36	85 15
36	79 65
36	84 16
36	84 17
36	84 18
36	84 19
36	83 19
36	85 19
36	79 58
36	84 20
36	84 1
36	83 1
36	85 1
36	79 60
36	84 2
36	84 3
36	84 4
36	84 5
36	83 5
36	85 5
36	79 57
36	84 6
36	84 7
36	83 7
36	85 7
36	79 50
36	84 8
36	84 9
36	84 10
36	84 11
36	83 11
36	85 11
36	79 58
36	84 12
36	84 13
36	84 14
36	84 15
36	83 15
36	85 15
36	79 58
36	84 16
36	84 17
36	84 18
36	84 19
36	83 19
36	85 19
36	79 59
36	84 20
36	84 1
36	84 2
36	84 3
36	83 3
36	85 3
36	79 66
36	84 4
36	84 5
36	83 5
36	85 5
36	79 52
36	84 6
36	84 7
36	84 8
36	84 9
36	83 9
36	85 9
36	79 49
36	84 10
36	84 11
36	83 11
36	85 11
36	79 52
36	84 12
36	84 13
36	83 13
36	85 13
36	79 52
36	84 14
36	84 15
36	84 16
36	84 17
36	83 17
36	85 17
36	79 60
36	84 18
36	84 19
36	83 19
36	85 19
36	79 68
36	84 20
36	84 1
36	83 1
36	85 1
36	79 53
36	84 2
36	84 3
36	83 3
36	85 3
36	79 56
36	84 4
36	84 5
36	83 5
36	85 5
36	79 66
36	84 6
36	84 7
36	83 7
36	85 7
36	79 56
36	84 8
36	84 9
36	83 9
36	85 9
36	79 63
36	84 10
36	84 11
36	83 11
36	85 11
36	79 67
36	84 12
36	84 13
36	83 13
36	85 13
36	79 60
36	84 14
36	84 15
36	83 15
36	85 15
36	79 62
36	84 16
36	84 17
36	83 17
36	85 17
36	79 66
36	84 18
36	84 19
36	83 19
36	85 19
36	79 56
36	84 20
36	84 1
36	83 1
36	85 1
36	79 53
36	84 2
36	84 3
36	83 3
36	85 3
36	79 60
36	84 4
36	84 5
36	83 5
36	85 5
36	79 57
36	84 6
36	84 7
36	83 7
36	85 7
36	79 61
36	84 8
36	84 9
36	83 9
36	85 9
36	79 63
36	84 10
36	84 11
36	84 12
36	84 13
36	83 13
36	85 13
36	79 64
36	84 14
36	84 15
36	84 16
36	84 17
36	84 18
36	84 19
36	83 19
36	85 19
36	79 60
36	84 20
36	84 1
36	83 1
36	85 1
36	79 62
36	84 2
36	84 3
36	83 3
36	85 3
36	79 60
36	84 4
36	84 5
36	84 6
36	84 7
36	84 8
36	84 9
36	84 10
36	84 11
36	83 11
36	85 11
36	79 58
36	84 12
36	84 13
36	83 13
36	85 13
36	79 55
36	84 14
36	84 15
36	83 15
36	85 15
36	79 57
36	84 16
36	84 17
36	84 18
36	84 19
36	83 19
36	85 19
36	79 54
36	84 20
36	84 1
36	83 1
36	85 1
36	79 62
36	84 2
36	84 3
36	83 3
36	85 3
36	79 63
36	84 4
36	84 5
36	83 5
36	85 5
36	79 62
36	84 6
36	84 7
36	83 7
36	85 7
36	79 65
36	84 8
36	84 9
36	83 9
36	85 9
36	79 62
36	84 10
36	84 11
36	83 11
36	85 11
36	79 51
36	84 12
36	84 13
36	83 13
36	85 13
36	79 55
36	84 14
36	84 15
36	84 16
36	84 17
36	83 17
36	85 17
36	79 57
36	84 18
36	84 19
36	84 20
36	84 1
36	83 1
36	85 1
36	79 56
36	84 2
36	84 3
36	83 3
36	85 3
36	79 49
36	84 4
36	84 5
36	83 5
36	85 5
36	79 62
36	84 6
36	84 7
36	83 7
36	85 7
36	79 61
36	84 8
36	84 9
36	84 10
36	TEST_NUMBER 5
36	SENT_TOTAL 250
36	RECEIVED_TOTAL 91
36	TIME_TOTAL 19604
36	RECEIVED_RADIO_1 43
36	RECEIVED_RADIO_2 48
36	SENT_RADIO_1 125
36	SENT_RADIO_2 125
36	RADIO_TIME_1 19763
36	RADIO_TIME_2 19782
36	RETRANSMISSIONS_1 0
36	RETRANSMISSIONS_2 0
36	DROPPED_1 0
36	DROPPED_2 0
36	MAX_QUEUE 1
36	DUPLICATED_1 0
36	DUPLICATED_2 0
36	EBUSY_RADIO_1 0
36	EBUSY_RADIO_2 0
36	84 1
36	83 1
36	85 1
36	79 53
36	84 2
36	84 3
36	84 4
36	84 5
36	84 6
36	84 7
36	83 7
36	85 7
36	79 58
36	84 8
36	84 9
36	83 9
36	85 9
36	79 53
36	84 10
36	84 11
36	83 11
36	85 11
36	79 60
36	84 12
36	84 13
36	83 13
36	85 13
36	79 63
36	84 14
36	84 15
36	83 15
36	85 15
36	79 57
36	84 16
36	84 17
36	83 17
36	85 17
36	79 62
36	84 18
36	84 19
36	83 19
36	85 19
36	79 58
36	84 20
36	84 1
36	84 2
36	84 3
36	84 4
36	84 5
36	83 5
36	85 5
36	79 59
36	84 6
36	84 7
36	83 7
36	85 7
36	79 62
36	84 8
36	84 9
36	83 9
36	85 9
36	79 53
36	84 10
36	84 11
36	84 12
36	84 13
36	83 13
36	85 13
36	79 62
36	84 14
36	84 15
36	83 15
36	85 15
36	79 60
36	84 16
36	84 17
36	83 17
36	85 17
36	79 63
36	84 18
36	84 19
36	83 19
36	85 19
36	79 57
36	84 20
36	84 1
36	83 1
36	85 1
36	79 60
36	84 2
36	84 3
36	83 3
36	85 3
36	79 55
36	84 4
36	84 5
36	84 6
36	84 7
36	84 8
36	84 9
36	84 10
36	84 11
36	83 11
36	85 11
36	79 54
36	84 12
36	84 13
36	83 13
36	85 13
36	79 62
36	84 14
36	84 15
36	83 15
36	85 15
36	79 66
36	84 16
36	84 17
36	83 17
36	85 17
36	79 59
36	84 18
36	84 19
36	83 19
36	85 19
36	79 62
36	84 20
36	84 1
36	83 1
36	85 1
36	79 64
36	84 2
36	84 3
36	83 3
36	85 3
36	79 56
36	84 4
36	84 5
36	83 5
36	85 5
36	79 58
36	84 6
36	84 7
36	84 8
36	84 9
36	83 9
36	85 9
36	79 62
36	84 10
36	84 11
36	83 11
36	85 11
36	79 62
36	84 12
36	84 13
36	83 13
36	85 13
36	79 64
36	84 14
36	84 15
36	83 15
36	85 15
36	79 57
36	84 16
36	84 17
36	83 17
36	85 17
36	79 56
36	84 18
36	84 19
36	83 19
36	85 19
36	79 61
36	84 20
36	84 1
36	83 1
36	85 1
36	79 57
36	84 2
36	84 3
36	84 4
36	84 5
36	83 5
36	85 5
36	79 59
36	84 6
36	84 7
36	83 7
36	85 7
36	79 64
36	84 8
36	84 9
36	84 10
36	84 11
36	83 11
36	85 11
36	79 51
36	84 12
36	84 13
36	83 13
36	85 13
36	79 55
36	84 14
36	84 15
36	83 15
36	85 15
36	79 65
36	84 16
36	84 17
36	83 17
36	85 17
36	79 60
36	84 18
36	84 19
36	83 19
36	85 19
36	79 56
36	84 20
36	84 1
36	83 1
36	85 1
36	79 56
36	84 2
36	84 3
36	83 3
36	85 3
36	79 60
36	84 4
36	84 5
36	84 6
36	84 7
36	83 7
36	85 7
36	79 56
36	84 8
36	84 9
36	83 9
36	85 9
36	79 60
36	84 10
36	84 11
36	83 11
36	85 11
36	79 60
36	84 12
36	84 13
36	83 13
36	85 13
36	79 58
36	84 14
36	84 15
36	84 16
36	84 17
36	83 17
36	85 17
36	79 58
36	84 18
36	84 19
36	83 19
36	85 19
36	79 56
36	84 20
36	84 1
36	83 1
36	85 1
36	79 59
36	84 2
36	84 3
36	83 3
36	85 3
36	79 56
36	84 4
36	84 5
36	84 6
36	84 7
36	83 7
36	85 7
36	79 57
36	84 8
36	84 9
36	83 9
36	85 9
36	79 58
36	84 10
36	84 11
36	83 11
36	85 11
36	79 61
36	84 12
36	84 13
36	83 13
36	85 13
36	79 61
36	84 14
36	84 15
36	83 15
36	85 15
36	79 63
36	84 16
36	84 17
36	83 17
36	85 17
36	79 61
36	84 18
36	84 19
36	83 19
36	85 19
36	79 62
36	84 20
36	84 1
36	83 1
36	85 1
36	79 64
36	84 2
36	84 3
36	84 4
36	84 5
36	84 6
36	84 7
36	84 8
36	84 9
36	83 9
36	85 9
36	79 64
36	84 10
36	84 11
36	83 11
36	85 11
36	79 54
36	84 12
36	84 13
36	83 13
36	85 13
36	79 60
36	84 14
36	84 15
36	83 15
36	85 15
36	79 57
36	84 16
36	84 17
36	84 18
36	84 19
36	83 19
36	85 19
36	79 56
36	84 20
36	84 1
36	83 1
36	85 1
36	79 61
36	84 2
36	84 3
36	84 4
36	84 5
36	83 5
36	85 5
36	79 55
36	84 6
36	84 7
36	84 8
36	84 9
36	83 9
36	85 9
36	79 62
36	84 10
36	84 11
36	84 12
36	84 13
36	83 13
36	85 13
36	79 54
36	84 14
36	84 15
36	83 15
36	85 15
36	79 60
36	84 16
36	84 17
36	83 17
36	85 17
36	79 61
36	84 18
36	84 19
36	83 19
36	85 19
36	79 64
36	84 20
36	84 1
36	83 1
36	85 1
36	79 60
36	84 2
36	84 3
36	83 3
36	85 3
36	79 64
36	84 4
36	84 5
36	84 6
36	84 7
36	83 7
36	85 7
36	79 60
36	84 8
36	84 9
36	84 10
36	84 11
36	83 11
36	85 11
36	79 62
36	84 12
36	84 13
36	83 13
36	85 13
36	79 55
36	84 14
36	84 15
36	84 16
36	84 17
36	84 18
36	84 19
36	84 20
36	84 1
36	83 1
36	85 1
36	79 59
36	84 2
36	84 3
36	83 3
36	85 3
36	79 66
36	84 4
36	84 5
36	83 5
36	85 5
36	79 63
36	84 6
36	84 7
36	83 7
36	85 7
36	79 63
36	84 8
36	84 9
36	84 10
36	84 11
36	83 11
36	85 11
36	79 58
36	84 12
36	84 13
36	83 13
36	85 13
36	79 59
36	84 14
36	84 15
36	83 15
36	85 15
36	79 57
36	84 16
36	84 17
36	84 18
36	84 19
36	83 19
36	85 19
36	79 54
36	84 20
36	84 1
36	83 1
36	85 1
36	79 62
36	84 2
36	84 3
36	83 3
36	85 3
36	79 61
36	84 4
36	84 5
36	83 5
36	85 5
36	79 50
36	84 6
36	84 7
36	83 7
36	85 7
36	79 56
36	84 8
36	84 9
36	83 9
36	85 9
36	79 64
36	84 10
36	84 11
36	84 12
36	84 13
36	83 13
36	85 13
36	79 55
36	84 14
36	84 15
36	84 16
36	84 17
36	83 17
36	85 17
36	79 55
36	84 18
36	84 19
36	84 20
36	84 1
36	84 2
36	84 3
36	83 3
36	85 3
36	79 59
36	84 4
36	84 5
36	83 5
36	85 5
36	79 59
36	84 6
36	84 7
36	83 7
36	85 7
36	79 54
36	84 8
36	84 9
36	83 9
36	85 9
36	79 58
36	84 10
36	TEST_NUMBER 6
36	SENT_TOTAL 250
36	RECEIVED_TOTAL 93
36	TIME_TOTAL 19768
36	RECEIVED_RADIO_1 45
36	RECEIVED_RADIO_2 48
36	SENT_RADIO_1 125
36	SENT_RADIO_2 125
36	RADIO_TIME_1 19821
36	RADIO_TIME_2 19790
36	RETRANSMISSIONS_1 0
36	RETRANSMISSIONS_2 0
36	DROPPED_1 0
36	DROPPED_2 0
36	MAX_QUEUE 1
36	DUPLICATED_1 0
36	DUPLICATED_2 0
36	EBUSY_RADIO_1 0
36	EBUSY_RADIO_2 0

37	RELAY_NODE 37
37	TEST_NUMBER 0
37	SENT_TOTAL 0
37	RECEIVED_TOTAL 0
37	TIME_TOTAL 0
37	RECEIVED_RADIO_1 107
37	RECEIVED_RADIO_2 80
37	SENT_RADIO_1 80
37	SENT_RADIO_2 107
37	RADIO_TIME_1 16942
37	RADIO_TIME_2 16942
37	RETRANSMISSIONS_1 0
37	RETRANSMISSIONS_2 0
37	DROPPED_1 0
37	DROPPED_2 0
37	MAX_QUEUE 1
37	DUPLICATED_1 0
37	DUPLICATED_2 0
37	EBUSY_RADIO_1 0
37	EBUSY_RADIO_2 0
37	TEST_NUMBER 1
37	SENT_TOTAL 0
37	RECEIVED_TOTAL 0
37	TIME_TOTAL 0
37	RECEIVED_RADIO_1 125
37	RECEIVED_RADIO_2 91
37	SENT_RADIO_1 91
37	SENT_RADIO_2 125
37	RADIO_TIME_1 29726
37	RADIO_TIME_2 29726
37	RETRANSMISSIONS_1 0
37	RETRANSMISSIONS_2 0
37	DROPPED_1 0
37	DROPPED_2 0
37	MAX_QUEUE 1
37	DUPLICATED_1 0
37	DUPLICATED_2 0
37	EBUSY_RADIO_1 0
37	EBUSY_RADIO_2 0
37	TEST_NUMBER 2
37	SENT_TOTAL 0
37	RECEIVED_TOTAL 0
37	TIME_TOTAL 0
37	RECEIVED_RADIO_1 125
37	RECEIVED_RADIO_2 60
37	SENT_RADIO_1 60
37	SENT_RADIO_2 125
37	RADIO_TIME_1 29766
37	RADIO_TIME_2 29766
37	RETRANSMISSIONS_1 0
37	RETRANSMISSIONS_2 0
37	DROPPED_1 0
37	DROPPED_2 0
37	MAX_QUEUE 1
37	DUPLICATED_1 0
37	DUPLICATED_2 0
37	EBUSY_RADIO_1 0
37	EBUSY_RADIO_2 0
37	TEST_NUMBER 3
37	SENT_TOTAL 0
37	RECEIVED_TOTAL 0
37	TIME_TOTAL 0
37	RECEIVED_RADIO_1 125
37	RECEIVED_RADIO_2 43
37	SENT_RADIO_1 43
37	SENT_RADIO_2 125
37	RADIO_TIME_1 29723
37	RADIO_TIME_2 29723
37	RETRANSMISSIONS_1 0
37	RETRANSMISSIONS_2 0
37	DROPPED_1 0
37	DROPPED_2 0
37	MAX_QUEUE 1
37	DUPLICATED_1 0
37	DUPLICATED_2 0
37	EBUSY_RADIO_1 0
37	EBUSY_RADIO_2 0
37	TEST_NUMBER 4
37	SENT_TOTAL 0
37	RECEIVED_TOTAL 0
37	TIME_TOTAL 0
37	RECEIVED_RADIO_1 125
37	RECEIVED_RADIO_2 46
37	SENT_RADIO_1 46
37	SENT_RADIO_2 125
37	RADIO_TIME_1 29768
37	RADIO_TIME_2 29768
37	RETRANSMISSIONS_1 0
37	RETRANSMISSIONS_2 0
37	DROPPED_1 0
37	DROPPED_2 0
37	MAX_QUEUE 1
37	DUPLICATED_1 0
37	DUPLICATED_2 0
37	EBUSY_RADIO_1 0
37	EBUSY_RADIO_2 0
37	TEST_NUMBER 5
37	SENT_TOTAL 0
37	RECEIVED_TOTAL 0
37	TIME_TOTAL 0
37	RECEIVED_RADIO_1 125
37	RECEIVED_RADIO_2 41
37	SENT_RADIO_1 41
37	SENT_RADIO_2 125
37	RADIO_TIME_1 29762
37	RADIO_TIME_2 29762
37	RETRANSMISSIONS_1 0
37	RETRANSMISSIONS_2 0
37	DROPPED_1 0
37	DROPPED_2 0
37	MAX_QUEUE 1
37	DUPLICATED_1 0
37	DUPLICATED_2 0
37	EBUSY_RADIO_1 0
37	EBUSY_RADIO_2 0
37	TEST_NUMBER 6
37	SENT_TOTAL 0
37	RECEIVED_TOTAL 0
37	TIME_TOTAL 0
37	RECEIVED_RADIO_1 125
37	RECEIVED_RADIO_2 46
37	SENT_RADIO_1 46
37	SENT_RADIO_2 125
37	RADIO_TIME_1 29765
37	RADIO_TIME_2 29765
37	RETRANSMISSIONS_1 0
37	RETRANSMISSIONS_2 0
37	DROPPED_1 0
37	DROPPED_2 0
37	MAX_QUEUE 1
37	DUPLICATED_1 0
37	DUPLICATED_2 0
37	EBUSY_RADIO_1 0
37	EBUSY_RADIO_2 0

41	RELAY_NODE 41
41	TEST_NUMBER 0
41	SENT_TOTAL 0
41	RECEIVED_TOTAL 0
41	TIME_TOTAL 0
41	RECEIVED_RADIO_1 88
41	RECEIVED_RADIO_2 116
41	SENT_RADIO_1 116
41	SENT_RADIO_2 88
41	RADIO_TIME_1 18362
41	RADIO_TIME_2 18362
41	RETRANSMISSIONS_1 0
41	RETRANSMISSIONS_2 0
41	DROPPED_1 0
41	DROPPED_2 0
41	MAX_QUEUE 1
41	DUPLICATED_1 0
41	DUPLICATED_2 0
41	EBUSY_RADIO_1 0
41	EBUSY_RADIO_2 0
41	TEST_NUMBER 1
41	SENT_TOTAL 0
41	RECEIVED_TOTAL 0
41	TIME_TOTAL 0
41	RECEIVED_RADIO_1 90
41	RECEIVED_RADIO_2 125
41	SENT_RADIO_1 125
41	SENT_RADIO_2 90
41	RADIO_TIME_1 29759
41	RADIO_TIME_2 29759
41	RETRANSMISSIONS_1 0
41	RETRANSMISSIONS_2 0
41	DROPPED_1 0
41	DROPPED_2 0
41	MAX_QUEUE 1
41	DUPLICATED_1 0
41	DUPLICATED_2 0
41	EBUSY_RADIO_1 0
41	EBUSY_RADIO_2 0
41	TEST_NUMBER 2
41	SENT_TOTAL 0
41	RECEIVED_TOTAL 0
41	TIME_TOTAL 0
41	RECEIVED_RADIO_1 55
41	RECEIVED_RADIO_2 125
41	SENT_RADIO_1 125
41	SENT_RADIO_2 55
41	RADIO_TIME_1 29723
41	RADIO_TIME_2 29723
41	RETRANSMISSIONS_1 0
41	RETRANSMISSIONS_2 0
41	DROPPED_1 0
41	DROPPED_2 0
41	MAX_QUEUE 1
41	DUPLICATED_1 0
41	DUPLICATED_2 0
41	EBUSY_RADIO_1 0
41	EBUSY_RADIO_2 0
41	TEST_NUMBER 3
41	SENT_TOTAL 0
41	RECEIVED_TOTAL 0
41	TIME_TOTAL 0
41	RECEIVED_RADIO_1 44
41	RECEIVED_RADIO_2 125
41	SENT_RADIO_1 125
41	SENT_RADIO_2 44
41	RADIO_TIME_1 29727
41	RADIO_TIME_2 29727
41	RETRANSMISSIONS_1 0
41	RETRANSMISSIONS_2 0
41	DROPPED_1 0
41	DROPPED_2 0
41	MAX_QUEUE 1
41	DUPLICATED_1 0
41	DUPLICATED_2 0
41	EBUSY_RADIO_1 0
41	EBUSY_RADIO_2 0
41	TEST_NUMBER 4
41	SENT_TOTAL 0
41	RECEIVED_TOTAL 0
41	TIME_TOTAL 0
41	RECEIVED_RADIO_1 45
41	RECEIVED_RADIO_2 125
41	SENT_RADIO_1 125
41	SENT_RADIO_2 45
41	RADIO_TIME_1 29728
41	RADIO_TIME_2 29728
41	RETRANSMISSIONS_1 0
41	RETRANSMISSIONS_2 0
41	DROPPED_1 0
41	DROPPED_2 0
41	MAX_QUEUE 1
41	DUPLICATED_1 0
41	DUPLICATED_2 0
41	EBUSY_RADIO_1 0
41	EBUSY_RADIO_2 0
41	TEST_NUMBER 5
41	SENT_TOTAL 0
41	RECEIVED_TOTAL 0
41	TIME_TOTAL 0
41	RECEIVED_RADIO_1 43
41	RECEIVED_RADIO_2 125
41	SENT_RADIO_1 125
41	SENT_RADIO_2 43
41	RADIO_TIME_1 29749
41	RADIO_TIME_2 29749
41	RETRANSMISSIONS_1 0
41	RETRANSMISSIONS_2 0
41	DROPPED_1 0
41	DROPPED_2 0
41	MAX_QUEUE 1
41	DUPLICATED_1 0
41	DUPLICATED_2 0
41	EBUSY_RADIO_1 0
41	EBUSY_RADIO_2 0
41	TEST_NUMBER 6
41	SENT_TOTAL 0
41	RECEIVED_TOTAL 0
41	TIME_TOTAL 0
41	RECEIVED_RADIO_1 45
41	RECEIVED_RADIO_2 125
41	SENT_RADIO_1 125
41	SENT_RADIO_2 45
41	RADIO_TIME_1 29725
41	RADIO_TIME_2 29725
41	RETRANSMISSIONS_1 0
41	RETRANSMISSIONS_2 0
41	DROPPED_1 0
41	DROPPED_2 0
41	MAX_QUEUE 1
41	DUPLICATED_1 0
41	DUPLICATED_2 0
41	EBUSY_RADIO_1 0
41	EBUSY_RADIO_2 0

46	RELAY_NODE 46
46	TEST_NUMBER 0
46	SENT_TOTAL 0
46	RECEIVED_TOTAL 0
46	TIME_TOTAL 0
46	RECEIVED_RADIO_1 109
46	RECEIVED_RADIO_2 119
46	SENT_RADIO_1 119
46	SENT_RADIO_2 109
46	RADIO_TIME_1 19336
46	RADIO_TIME_2 19336
46	RETRANSMISSIONS_1 0
46	RETRANSMISSIONS_2 0
46	DROPPED_1 0
46	DROPPED_2 0
46	MAX_QUEUE 1
46	DUPLICATED_1 0
46	DUPLICATED_2 0
46	EBUSY_RADIO_1 0
46	EBUSY_RADIO_2 0
46	TEST_NUMBER 1
46	SENT_TOTAL 0
46	RECEIVED_TOTAL 0
46	TIME_TOTAL 0
46	RECEIVED_RADIO_1 109
46	RECEIVED_RADIO_2 120
46	SENT_RADIO_1 120
46	SENT_RADIO_2 109
46	RADIO_TIME_1 29767
46	RADIO_TIME_2 29767
46	RETRANSMISSIONS_1 0
46	RETRANSMISSIONS_2 0
46	DROPPED_1 0
46	DROPPED_2 0
46	MAX_QUEUE 1
46	DUPLICATED_1 0
46	DUPLICATED_2 0
46	EBUSY_RADIO_1 0
46	EBUSY_RADIO_2 0
46	TEST_NUMBER 2
46	SENT_TOTAL 0
46	RECEIVED_TOTAL 0
46	TIME_TOTAL 0
46	RECEIVED_RADIO_1 62
46	RECEIVED_RADIO_2 116
46	SENT_RADIO_1 116
46	SENT_RADIO_2 62
46	RADIO_TIME_1 29757
46	RADIO_TIME_2 29757
46	RETRANSMISSIONS_1 0
46	RETRANSMISSIONS_2 0
46	DROPPED_1 0
46	DROPPED_2 0
46	MAX_QUEUE 1
46	DUPLICATED_1 0
46	DUPLICATED_2 0
46	EBUSY_RADIO_1 0
46	EBUSY_RADIO_2 0
46	TEST_NUMBER 3
46	SENT_TOTAL 0
46	RECEIVED_TOTAL 0
46	TIME_TOTAL 0
46	RECEIVED_RADIO_1 52
46	RECEIVED_RADIO_2 113
46	SENT_RADIO_1 113
46	SENT_RADIO_2 52
46	RADIO_TIME_1 29758
46	RADIO_TIME_2 29758
46	RETRANSMISSIONS_1 0
46	RETRANSMISSIONS_2 0
46	DROPPED_1 0
46	DROPPED_2 0
46	MAX_QUEUE 1
46	DUPLICATED_1 0
46	DUPLICATED_2 0
46	EBUSY_RADIO_1 0
46	EBUSY_RADIO_2 0
46	TEST_NUMBER 4
46	SENT_TOTAL 0
46	RECEIVED_TOTAL 0
46	TIME_TOTAL 0
46	RECEIVED_RADIO_1 52
46	RECEIVED_RADIO_2 122
46	SENT_RADIO_1 122
46	SENT_RADIO_2 52
46	RADIO_TIME_1 29758
46	RADIO_TIME_2 29758
46	RETRANSMISSIONS_1 0
46	RETRANSMISSIONS_2 0
46	DROPPED_1 0
46	DROPPED_2 0
46	MAX_QUEUE 1
46	DUPLICATED_1 0
46	DUPLICATED_2 0
46	EBUSY_RADIO_1 0
46	EBUSY_RADIO_2 0
46	TEST_NUMBER 5
46	SENT_TOTAL 0
46	RECEIVED_TOTAL 0
46	TIME_TOTAL 0
46	RECEIVED_RADIO_1 49
46	RECEIVED_RADIO_2 122
46	SENT_RADIO_1 122
46	SENT_RADIO_2 49
46	RADIO_TIME_1 29770
46	RADIO_TIME_2 29770
46	RETRANSMISSIONS_1 0
46	RETRANSMISSIONS_2 0
46	DROPPED_1 0
46	DROPPED_2 0
46	MAX_QUEUE 1
46	DUPLICATED_1 0
46	DUPLICATED_2 0
46	EBUSY_RADIO_1 0
46	EBUSY_RADIO_2 0
46	TEST_NUMBER 6
46	SENT_TOTAL 0
46	RECEIVED_TOTAL 0
46	TIME_TOTAL 0
46	RECEIVED_RADIO_1 50
46	RECEIVED_RADIO_2 123
46	SENT_RADIO_1 123
46	SENT_RADIO_2 50
46	RADIO_TIME_1 29756
46	RADIO_TIME_2 29756
46	RETRANSMISSIONS_1 0
46	RETRANSMISSIONS_2 0
46	DROPPED_1 0
46	DROPPED_2 0
46	MAX_QUEUE 1
46	DUPLICATED_1 0
46	DUPLICATED_2 0
46	EBUSY_RADIO_1 0
46	EBUSY_RADIO_2 0

71	RELAY_NODE 71
71	TEST_NUMBER 0
71	SENT_TOTAL 0
71	RECEIVED_TOTAL 0
71	TIME_TOTAL 0
71	RECEIVED_RADIO_1 112
71	RECEIVED_RADIO_2 122
71	SENT_RADIO_1 122
71	SENT_RADIO_2 112
71	RADIO_TIME_1 19862
71	RADIO_TIME_2 19862
71	RETRANSMISSIONS_1 0
71	RETRANSMISSIONS_2 0
71	DROPPED_1 0
71	DROPPED_2 0
71	MAX_QUEUE 1
71	DUPLICATED_1 0
71	DUPLICATED_2 0
71	EBUSY_RADIO_1 0
71	EBUSY_RADIO_2 0
71	TEST_NUMBER 1
71	SENT_TOTAL 0
71	RECEIVED_TOTAL 0
71	TIME_TOTAL 0
71	RECEIVED_RADIO_1 109
71	RECEIVED_RADIO_2 120
71	SENT_RADIO_1 120
71	SENT_RADIO_2 109
71	RADIO_TIME_1 19773
71	RADIO_TIME_2 19773
71	RETRANSMISSIONS_1 0
71	RETRANSMISSIONS_2 0
71	DROPPED_1 0
71	DROPPED_2 0
71	MAX_QUEUE 1
71	DUPLICATED_1 0
71	DUPLICATED_2 0
71	EBUSY_RADIO_1 0
71	EBUSY_RADIO_2 0
71	TEST_NUMBER 2
71	SENT_TOTAL 0
71	RECEIVED_TOTAL 0
71	TIME_TOTAL 0
71	RECEIVED_RADIO_1 61
71	RECEIVED_RADIO_2 115
71	SENT_RADIO_1 115
71	SENT_RADIO_2 61
71	RADIO_TIME_1 19762
71	RADIO_TIME_2 19762
71	RETRANSMISSIONS_1 0
71	RETRANSMISSIONS_2 0
71	DROPPED_1 0
71	DROPPED_2 0
71	MAX_QUEUE 1
71	DUPLICATED_1 0
71	DUPLICATED_2 0
71	EBUSY_RADIO_1 0
71	EBUSY_RADIO_2 0
71	TEST_NUMBER 3
71	SENT_TOTAL 0
71	RECEIVED_TOTAL 0
71	TIME_TOTAL 0
71	RECEIVED_RADIO_1 52
71	RECEIVED_RADIO_2 114
71	SENT_RADIO_1 114
71	SENT_RADIO_2 52
71	RADIO_TIME_1 19758
71	RADIO_TIME_2 19758
71	RETRANSMISSIONS_1 0
71	RETRANSMISSIONS_2 0
71	DROPPED_1 0
71	DROPPED_2 0
71	MAX_QUEUE 1
71	DUPLICATED_1 0
71	DUPLICATED_2 0
71	EBUSY_RADIO_1 0
71	EBUSY_RADIO_2 0
71	TEST_NUMBER 4
71	SENT_TOTAL 0
71	RECEIVED_TOTAL 0
71	TIME_TOTAL 0
71	RECEIVED_RADIO_1 51
71	RECEIVED_RADIO_2 121
71	SENT_RADIO_1 121
71	SENT_RADIO_2 51
71	RADIO_TIME_1 19759
71	RADIO_TIME_2 19759
71	RETRANSMISSIONS_1 0
71	RETRANSMISSIONS_2 0
71	DROPPED_1 0
71	DROPPED_2 0
71	MAX_QUEUE 1
71	DUPLICATED_1 0
71	DUPLICATED_2 0
71	EBUSY_RADIO_1 0
71	EBUSY_RADIO_2 0
71	TEST_NUMBER 5
71	SENT_TOTAL 0
71	RECEIVED_TOTAL 0
71	TIME_TOTAL 0
71	RECEIVED_RADIO_1 49
71	RECEIVED_RADIO_2 123
71	SENT_RADIO_1 123
71	SENT_RADIO_2 49
71	RADIO_TIME_1 19831
71	RADIO_TIME_2 19831
71	RETRANSMISSIONS_1 0
71	RETRANSMISSIONS_2 0
71	DROPPED_1 0
71	DROPPED_2 0
71	MAX_QUEUE 1
71	DUPLICATED_1 0
71	DUPLICATED_2 0
71	EBUSY_RADIO_1 0
71	EBUSY_RADIO_2 0
71	TEST_NUMBER 6
71	SENT_TOTAL 0
71	RECEIVED_TOTAL 0
71	TIME_TOTAL 0
71	RECEIVED_RADIO_1 50
71	RECEIVED_RADIO_2 123
71	SENT_RADIO_1 123
71	SENT_RADIO_2 50
71	RADIO_TIME_1 19831
71	RADIO_TIME_2 19831
71	RETRANSMISSIONS_1 0
71	RETRANSMISSIONS_2 0
71	DROPPED_1 0
71	DROPPED_2 0
71	MAX_QUEUE 1
71	DUPLICATED_1 0
71	DUPLICATED_2 0
71	EBUSY_RADIO_1 0
71	EBUSY_RADIO_2 0
