
54	RELAY_NODE 54
54	TEST_NUMBER 0
54	SENT_TOTAL 0
54	RECEIVED_TOTAL 0
54	TIME_TOTAL 0
54	RECEIVED_RADIO_1 124
54	RECEIVED_RADIO_2 107
54	SENT_RADIO_1 107
54	SENT_RADIO_2 124
54	RADIO_TIME_1 19784
54	RADIO_TIME_2 19784
54	RETRANSMISSIONS_1 0
54	RETRANSMISSIONS_2 0
54	DROPPED_1 0
54	DROPPED_2 0
54	MAX_QUEUE 1
54	DUPLICATED_1 0
54	DUPLICATED_2 0
54	EBUSY_RADIO_1 0
54	EBUSY_RADIO_2 0
54	TEST_NUMBER 1
54	SENT_TOTAL 0
54	RECEIVED_TOTAL 0
54	TIME_TOTAL 0
54	RECEIVED_RADIO_1 125
54	RECEIVED_RADIO_2 122
54	SENT_RADIO_1 122
54	SENT_RADIO_2 125
54	RADIO_TIME_1 19777
54	RADIO_TIME_2 19777
54	RETRANSMISSIONS_1 0
54	RETRANSMISSIONS_2 0
54	DROPPED_1 0
54	DROPPED_2 0
54	MAX_QUEUE 1
54	DUPLICATED_1 0
54	DUPLICATED_2 0
54	EBUSY_RADIO_1 0
54	EBUSY_RADIO_2 0
54	TEST_NUMBER 2
54	SENT_TOTAL 0
54	RECEIVED_TOTAL 0
54	TIME_TOTAL 0
54	RECEIVED_RADIO_1 125
54	RECEIVED_RADIO_2 114
54	SENT_RADIO_1 114
54	SENT_RADIO_2 125
54	RADIO_TIME_1 19855
54	RADIO_TIME_2 19855
54	RETRANSMISSIONS_1 0
54	RETRANSMISSIONS_2 0
54	DROPPED_1 0
54	DROPPED_2 0
54	MAX_QUEUE 1
54	DUPLICATED_1 0
54	DUPLICATED_2 0
54	EBUSY_RADIO_1 0
54	EBUSY_RADIO_2 0
54	TEST_NUMBER 3
54	SENT_TOTAL 0
54	RECEIVED_TOTAL 0
54	TIME_TOTAL 0
54	RECEIVED_RADIO_1 125
54	RECEIVED_RADIO_2 94
54	SENT_RADIO_1 94
54	SENT_RADIO_2 125
54	RADIO_TIME_1 19773
54	RADIO_TIME_2 19773
54	RETRANSMISSIONS_1 0
54	RETRANSMISSIONS_2 0
54	DROPPED_1 0
54	DROPPED_2 0
54	MAX_QUEUE 1
54	DUPLICATED_1 0
54	DUPLICATED_2 0
54	EBUSY_RADIO_1 0
54	EBUSY_RADIO_2 0
54	TEST_NUMBER 4
54	SENT_TOTAL 0
54	RECEIVED_TOTAL 0
54	TIME_TOTAL 0
54	RECEIVED_RADIO_1 125
54	RECEIVED_RADIO_2 116
54	SENT_RADIO_1 116
54	SENT_RADIO_2 125
54	RADIO_TIME_1 19765
54	RADIO_TIME_2 19765
54	RETRANSMISSIONS_1 0
54	RETRANSMISSIONS_2 0
54	DROPPED_1 0
54	DROPPED_2 0
54	MAX_QUEUE 1
54	DUPLICATED_1 0
54	DUPLICATED_2 0
54	EBUSY_RADIO_1 0
54	EBUSY_RADIO_2 0
54	TEST_NUMBER 5
54	SENT_TOTAL 0
54	RECEIVED_TOTAL 0
54	TIME_TOTAL 0
54	RECEIVED_RADIO_1 120
54	RECEIVED_RADIO_2 107
54	SENT_RADIO_1 107
54	SENT_RADIO_2 120
54	RADIO_TIME_1 19779
54	RADIO_TIME_2 19779
54	RETRANSMISSIONS_1 0
54	RETRANSMISSIONS_2 0
54	DROPPED_1 0
54	DROPPED_2 0
54	MAX_QUEUE 1
54	DUPLICATED_1 0
54	DUPLICATED_2 0
54	EBUSY_RADIO_1 0
54	EBUSY_RADIO_2 0
54	TEST_NUMBER 6
54	SENT_TOTAL 0
54	RECEIVED_TOTAL 0
54	TIME_TOTAL 0
54	RECEIVED_RADIO_1 125
54	RECEIVED_RADIO_2 123
54	SENT_RADIO_1 123
54	SENT_RADIO_2 125
54	RADIO_TIME_1 19854
54	RADIO_TIME_2 19854
54	RETRANSMISSIONS_1 0
54	RETRANSMISSIONS_2 0
54	DROPPED_1 0
54	DROPPED_2 0
54	MAX_QUEUE 1
54	DUPLICATED_1 0
54	DUPLICATED_2 0
54	EBUSY_RADIO_1 0
54	EBUSY_RADIO_2 0

55	SOURCE_NODE 55
55	84 1
55	84 2
55	84 3
55	83 3
55	85 3
55	79 25
55	84 4
55	84 5
55	84 6
55	84 7
55	83 7
55	85 7
55	79 31
55	84 8
55	84 9
55	84 10
55	84 11
55	83 11
55	85 11
55	79 24
55	84 12
55	84 13
55	84 14
55	84 15
55	83 15
55	85 15
55	79 25
55	84 16
55	84 17
55	84 18
55	84 19
55	83 19
55	85 19
55	79 27
55	84 20
55	84 1
55	84 2
55	84 3
55	83 3
55	85 3
55	79 25
55	84 4
55	84 5
55	84 6
55	84 7
55	83 7
55	85 7
55	79 31
55	84 8
55	84 9
55	84 10
55	84 11
55	84 12
55	84 13
55	83 13
55	85 13
55	79 27
55	84 14
55	84 15
55	84 16
55	84 17
55	83 17
55	85 17
55	79 29
55	84 18
55	84 19
55	84 20
55	84 1
55	83 1
55	85 1
55	79 31
55	84 2
55	84 3
55	84 4
55	84 5
55	83 5
55	85 5
55	79 30
55	84 6
55	84 7
55	84 8
55	84 9
55	83 9
55	85 9
55	79 30
55	84 10
55	84 11
55	83 11
55	85 11
55	79 31
55	84 12
55	84 13
55	83 13
55	85 13
55	79 27
55	84 14
55	84 15
55	83 15
55	85 15
55	79 30
55	84 16
55	84 17
55	83 17
55	85 17
55	79 32
55	84 18
55	84 19
55	83 19
55	85 19
55	79 28
55	84 20
55	84 1
55	83 1
55	85 1
55	79 24
55	84 2
55	84 3
55	83 3
55	85 3
55	79 29
55	84 4
55	84 5
55	83 5
55	85 5
55	79 28
55	84 6
55	84 7
55	83 7
55	85 7
55	79 27
55	84 8
55	84 9
55	83 9
55	85 9
55	79 32
55	84 10
55	84 11
55	83 11
55	85 11
55	79 30
55	84 12
55	84 13
55	83 13
55	85 13
55	79 30
55	84 14
55	84 15
55	83 15
55	85 15
55	79 31
55	84 16
55	84 17
55	83 17
55	85 17
55	79 25
55	84 18
55	84 19
55	83 19
55	85 19
55	79 26
55	84 20
55	84 1
55	83 1
55	85 1
55	79 29
55	84 2
55	84 3
55	83 3
55	85 3
55	79 35
55	84 4
55	84 5
55	83 5
55	85 5
55	79 26
55	84 6
55	84 7
55	83 7
55	85 7
55	79 28
55	84 8
55	84 9
55	84 10
55	83 10
55	85 10
55	79 26
55	84 11
55	84 12
55	83 12
55	85 12
55	79 27
55	84 13
55	84 14
55	83 14
55	85 14
55	79 29
55	84 15
55	84 16
55	83 16
55	85 16
55	79 29
55	84 17
55	84 18
55	83 18
55	85 18
55	79 26
55	84 19
55	84 20
55	83 20
55	85 20
55	79 26
55	84 1
55	84 2
55	83 2
55	85 2
55	79 29
55	84 3
55	84 4
55	83 4
55	85 4
55	79 29
55	84 5
55	84 6
55	83 6
55	85 6
55	79 30
55	84 7
55	84 8
55	83 8
55	85 8
55	79 23
55	84 9
55	84 10
55	83 10
55	85 10
55	79 26
55	84 11
55	84 12
55	83 12
55	85 12
55	79 35
55	84 13
55	84 14
55	83 14
55	85 14
55	79 31
55	84 15
55	84 16
55	83 16
55	85 16
55	79 30
55	84 17
55	84 18
55	83 18
55	85 18
55	79 32
55	84 19
55	84 20
55	83 20
55	85 20
55	79 25
55	84 1
55	84 2
55	83 2
55	85 2
55	79 25
55	84 3
55	84 4
55	83 4
55	85 4
55	79 25
55	84 5
55	84 6
55	83 6
55	85 6
55	79 28
55	84 7
55	84 8
55	83 8
55	85 8
55	79 33
55	84 9
55	84 10
55	83 10
55	85 10
55	79 27
55	84 11
55	84 12
55	84 13
55	83 13
55	85 13
55	79 28
55	84 14
55	84 15
55	83 15
55	85 15
55	79 33
55	84 16
55	84 17
55	83 17
55	85 17
55	79 32
55	84 18
55	84 19
55	83 19
55	85 19
55	79 28
55	84 20
55	84 1
55	83 1
55	85 1
55	79 32
55	84 2
55	84 3
55	83 3
55	85 3
55	79 27
55	84 4
55	84 5
55	83 5
55	85 5
55	79 25
55	84 6
55	84 7
55	83 7
55	85 7
55	79 30
55	84 8
55	84 9
55	83 9
55	85 9
55	79 25
55	84 10
55	84 11
55	84 12
55	84 13
55	83 13
55	85 13
55	79 26
55	84 14
55	84 15
55	84 16
55	83 16
55	85 16
55	79 26
55	84 17
55	84 18
55	83 18
55	85 18
55	79 31
55	84 19
55	84 20
55	84 1
55	83 1
55	85 1
55	79 33
55	84 2
55	84 3
55	83 3
55	85 3
55	79 32
55	84 4
55	84 5
55	84 6
55	84 7
55	83 7
55	85 7
55	79 27
55	84 8
55	84 9
55	84 10
55	83 10
55	85 10
55	79 25
55	84 11
55	84 12
55	83 12
55	85 12
55	79 29
55	84 13
55	84 14
55	83 14
55	85 14
55	79 26
55	84 15
55	84 16
55	83 16
55	85 16
55	79 29
55	84 17
55	84 18
55	83 18
55	85 18
55	79 30
55	84 19
55	84 20
55	83 20
55	85 20
55	79 31
55	84 1
55	84 2
55	83 2
55	85 2
55	79 29
55	84 3
55	84 4
55	83 4
55	85 4
55	79 36
55	84 5
55	84 6
55	83 6
55	85 6
55	79 29
55	84 7
55	84 8
55	83 8
55	85 8
55	79 31
55	84 9
55	84 10
55	83 10
55	85 10
55	79 33
55	84 11
55	84 12
55	83 12
55	85 12
55	79 27
55	84 13
55	84 14
55	83 14
55	85 14
55	79 29
55	84 15
55	84 16
55	83 16
55	85 16
55	79 27
55	84 17
55	84 18
55	83 18
55	85 18
55	79 30
55	84 19
55	84 20
55	83 20
55	85 20
55	79 29
55	84 1
55	84 2
55	83 2
55	85 2
55	79 24
55	84 3
55	84 4
55	83 4
55	85 4
55	79 30
55	84 5
55	84 6
55	83 6
55	85 6
55	79 31
55	84 7
55	84 8
55	83 8
55	85 8
55	79 26
55	84 9
55	84 10
55	83 10
55	85 10
55	79 25
55	84 11
55	84 12
55	83 12
55	85 12
55	79 28
55	84 13
55	84 14
55	84 15
55	83 15
55	85 15
55	79 27
55	84 16
55	84 17
55	83 17
55	85 17
55	79 28
55	84 18
55	84 19
55	83 19
55	85 19
55	79 31
55	84 20
55	84 1
55	83 1
55	85 1
55	79 27
55	84 2
55	84 3
55	83 3
55	85 3
55	79 27
55	84 4
55	84 5
55	83 5
55	85 5
55	79 26
55	84 6
55	84 7
55	83 7
55	85 7
55	79 25
55	84 8
55	84 9
55	83 9
55	85 9
55	79 28
55	84 10
55	84 11
55	83 11
55	85 11
55	79 28
55	84 12
55	84 13
55	83 13
55	85 13
55	79 25
55	84 14
55	84 15
55	83 15
55	85 15
55	79 26
55	84 16
55	84 17
55	83 17
55	85 17
55	79 26
55	84 18
55	84 19
55	83 19
55	85 19
55	79 31
55	84 20
55	84 1
55	83 1
55	85 1
55	79 28
55	84 2
55	84 3
55	83 3
55	85 3
55	79 34
55	84 4
55	84 5
55	83 5
55	85 5
55	79 24
55	84 6
55	84 7
55	83 7
55	85 7
55	79 27
55	84 8
55	84 9
55	83 9
55	85 9
55	79 32
55	84 10
55	TEST_NUMBER 0
55	SENT_TOTAL 250
55	RECEIVED_TOTAL 107
55	TIME_TOTAL 19611
55	RECEIVED_RADIO_1 107
55	RECEIVED_RADIO_2 0
55	SENT_RADIO_1 125
55	SENT_RADIO_2 124
55	RADIO_TIME_1 19795
55	RADIO_TIME_2 19763
55	RETRANSMISSIONS_1 0
55	RETRANSMISSIONS_2 0
55	DROPPED_1 0
55	DROPPED_2 0
55	MAX_QUEUE 1
55	DUPLICATED_1 0
55	DUPLICATED_2 0
55	EBUSY_RADIO_1 0
55	EBUSY_RADIO_2 0
55	84 1
55	83 1
55	85 1
55	79 28
55	84 2
55	84 3
55	83 3
55	85 3
55	79 29
55	84 4
55	84 5
55	83 5
55	85 5
55	79 30
55	84 6
55	84 7
55	83 7
55	85 7
55	79 34
55	84 8
55	84 9
55	83 9
55	85 9
55	79 32
55	84 10
55	84 11
55	83 11
55	85 11
55	79 31
55	84 12
55	84 13
55	83 13
55	85 13
55	79 27
55	84 14
55	84 15
55	83 15
55	85 15
55	79 28
55	84 16
55	84 17
55	83 17
55	85 17
55	79 23
55	84 18
55	84 19
55	83 19
55	85 19
55	79 30
55	84 20
55	84 1
55	84 2
55	83 2
55	85 2
55	79 31
55	84 3
55	84 4
55	83 4
55	85 4
55	79 23
55	84 5
55	84 6
55	83 6
55	85 6
55	79 30
55	84 7
55	84 8
55	83 8
55	85 8
55	79 28
55	84 9
55	84 10
55	83 10
55	85 10
55	79 21
55	84 11
55	84 12
55	83 12
55	85 12
55	79 26
55	84 13
55	84 14
55	83 14
55	85 14
55	79 25
55	84 15
55	84 16
55	83 16
55	85 16
55	79 28
55	84 17
55	84 18
55	83 18
55	85 18
55	79 26
55	84 19
55	84 20
55	83 20
55	85 20
55	79 29
55	84 1
55	84 2
55	83 2
55	85 2
55	79 29
55	84 3
55	84 4
55	83 4
55	85 4
55	79 28
55	84 5
55	84 6
55	83 6
55	85 6
55	79 29
55	84 7
55	84 8
55	83 8
55	85 8
55	79 28
55	84 9
55	84 10
55	83 10
55	85 10
55	79 34
55	84 11
55	84 12
55	83 12
55	85 12
55	79 30
55	84 13
55	84 14
55	83 14
55	85 14
55	79 31
55	84 15
55	84 16
55	83 16
55	85 16
55	79 27
55	84 17
55	84 18
55	83 18
55	85 18
55	79 31
55	84 19
55	84 20
55	83 20
55	85 20
55	79 22
55	84 1
55	84 2
55	83 2
55	85 2
55	79 30
55	84 3
55	84 4
55	83 4
55	85 4
55	79 32
55	84 5
55	84 6
55	84 7
55	83 7
55	85 7
55	79 30
55	84 8
55	84 9
55	83 9
55	85 9
55	79 27
55	84 10
55	84 11
55	83 11
55	85 11
55	79 29
55	84 12
55	84 13
55	83 13
55	85 13
55	79 28
55	84 14
55	84 15
55	83 15
55	85 15
55	79 29
55	84 16
55	84 17
55	83 17
55	85 17
55	79 28
55	84 18
55	84 19
55	83 19
55	85 19
55	79 31
55	84 20
55	84 1
55	83 1
55	85 1
55	79 28
55	84 2
55	84 3
55	84 4
55	83 4
55	85 4
55	79 27
55	84 5
55	84 6
55	84 7
55	83 7
55	85 7
55	79 33
55	84 8
55	84 9
55	83 9
55	85 9
55	79 27
55	84 10
55	84 11
55	83 11
55	85 11
55	79 31
55	84 12
55	84 13
55	83 13
55	85 13
55	79 28
55	84 14
55	84 15
55	83 15
55	85 15
55	79 26
55	84 16
55	84 17
55	83 17
55	85 17
55	79 30
55	84 18
55	84 19
55	83 19
55	85 19
55	79 27
55	84 20
55	84 1
55	83 1
55	85 1
55	79 29
55	84 2
55	84 3
55	83 3
55	85 3
55	79 25
55	84 4
55	84 5
55	83 5
55	85 5
55	79 29
55	84 6
55	84 7
55	83 7
55	85 7
55	79 30
55	84 8
55	84 9
55	83 9
55	85 9
55	79 26
55	84 10
55	84 11
55	83 11
55	85 11
55	79 29
55	84 12
55	84 13
55	83 13
55	85 13
55	79 30
55	84 14
55	84 15
55	83 15
55	85 15
55	79 25
55	84 16
55	84 17
55	83 17
55	85 17
55	79 33
55	84 18
55	84 19
55	83 19
55	85 19
55	79 31
55	84 20
55	84 1
55	83 1
55	85 1
55	79 28
55	84 2
55	84 3
55	83 3
55	85 3
55	79 33
55	84 4
55	84 5
55	83 5
55	85 5
55	79 31
55	84 6
55	84 7
55	83 7
55	85 7
55	79 26
55	84 8
55	84 9
55	83 9
55	85 9
55	79 34
55	84 10
55	84 11
55	83 11
55	85 11
55	79 29
55	84 12
55	84 13
55	83 13
55	85 13
55	79 27
55	84 14
55	84 15
55	83 15
55	85 15
55	79 32
55	84 16
55	84 17
55	83 17
55	85 17
55	79 25
55	84 18
55	84 19
55	83 19
55	85 19
55	79 33
55	84 20
55	84 1
55	83 1
55	85 1
55	79 30
55	84 2
55	84 3
55	83 3
55	85 3
55	79 30
55	84 4
55	84 5
55	83 5
55	85 5
55	79 25
55	84 6
55	84 7
55	83 7
55	85 7
55	79 33
55	84 8
55	84 9
55	83 9
55	85 9
55	79 32
55	84 10
55	84 11
55	83 11
55	85 11
55	79 30
55	84 12
55	84 13
55	83 13
55	85 13
55	79 24
55	84 14
55	84 15
55	83 15
55	85 15
55	79 26
55	84 16
55	84 17
55	83 17
55	85 17
55	79 33
55	84 18
55	84 19
55	83 19
55	85 19
55	79 34
55	84 20
55	84 1
55	83 1
55	85 1
55	79 28
55	84 2
55	84 3
55	83 3
55	85 3
55	79 35
55	84 4
55	84 5
55	83 5
55	85 5
55	79 29
55	84 6
55	84 7
55	83 7
55	85 7
55	79 27
55	84 8
55	84 9
55	83 9
55	85 9
55	79 27
55	84 10
55	84 11
55	83 11
55	85 11
55	79 24
55	84 12
55	84 13
55	83 13
55	85 13
55	79 28
55	84 14
55	84 15
55	83 15
55	85 15
55	79 32
55	84 16
55	84 17
55	83 17
55	85 17
55	79 30
55	84 18
55	84 19
55	83 19
55	85 19
55	79 29
55	84 20
55	84 1
55	83 1
55	85 1
55	79 31
55	84 2
55	84 3
55	83 3
55	85 3
55	79 30
55	84 4
55	84 5
55	83 5
55	85 5
55	79 30
55	84 6
55	84 7
55	83 7
55	85 7
55	79 32
55	84 8
55	84 9
55	83 9
55	85 9
55	79 30
55	84 10
55	84 11
55	84 12
55	83 12
55	85 12
55	79 24
55	84 13
55	84 14
55	83 14
55	85 14
55	79 23
55	84 15
55	84 16
55	83 16
55	85 16
55	79 25
55	84 17
55	84 18
55	83 18
55	85 18
55	79 31
55	84 19
55	84 20
55	83 20
55	85 20
55	79 28
55	84 1
55	84 2
55	83 2
55	85 2
55	79 25
55	84 3
55	84 4
55	83 4
55	85 4
55	79 30
55	84 5
55	84 6
55	83 6
55	85 6
55	79 22
55	84 7
55	84 8
55	83 8
55	85 8
55	79 24
55	84 9
55	84 10
55	83 10
55	85 10
55	79 34
55	84 11
55	84 12
55	83 12
55	85 12
55	79 27
55	84 13
55	84 14
55	83 14
55	85 14
55	79 31
55	84 15
55	84 16
55	83 16
55	85 16
55	79 32
55	84 17
55	84 18
55	83 18
55	85 18
55	79 24
55	84 19
55	84 20
55	83 20
55	85 20
55	79 32
55	84 1
55	84 2
55	83 2
55	85 2
55	79 26
55	84 3
55	84 4
55	83 4
55	85 4
55	79 25
55	84 5
55	84 6
55	83 6
55	85 6
55	79 26
55	84 7
55	84 8
55	83 8
55	85 8
55	79 26
55	84 9
55	84 10
55	83 10
55	85 10
55	79 28
55	84 11
55	84 12
55	83 12
55	85 12
55	79 27
55	84 13
55	84 14
55	83 14
55	85 14
55	79 27
55	84 15
55	84 16
55	84 17
55	83 17
55	85 17
55	79 30
55	84 18
55	84 19
55	83 19
55	85 19
55	79 30
55	84 20
55	84 1
55	83 1
55	85 1
55	79 29
55	84 2
55	84 3
55	83 3
55	85 3
55	79 31
55	84 4
55	84 5
55	83 5
55	85 5
55	79 25
55	84 6
55	84 7
55	83 7
55	85 7
55	79 26
55	84 8
55	84 9
55	83 9
55	85 9
55	79 28
55	84 10
55	TEST_NUMBER 1
55	SENT_TOTAL 250
55	RECEIVED_TOTAL 122
55	TIME_TOTAL 19763
55	RECEIVED_RADIO_1 122
55	RECEIVED_RADIO_2 0
55	SENT_RADIO_1 125
55	SENT_RADIO_2 125
55	RADIO_TIME_1 19791
55	RADIO_TIME_2 19763
55	RETRANSMISSIONS_1 0
55	RETRANSMISSIONS_2 0
55	DROPPED_1 0
55	DROPPED_2 0
55	MAX_QUEUE 1
55	DUPLICATED_1 0
55	DUPLICATED_2 0
55	EBUSY_RADIO_1 0
55	EBUSY_RADIO_2 0
55	84 1
55	83 1
55	85 1
55	79 32
55	84 2
55	84 3
55	83 3
55	85 3
55	79 31
55	84 4
55	84 5
55	83 5
55	85 5
55	79 26
55	84 6
55	84 7
55	84 8
55	84 9
55	83 9
55	85 9
55	79 31
55	84 10
55	84 11
55	83 11
55	85 11
55	79 27
55	84 12
55	84 13
55	83 13
55	85 13
55	79 24
55	84 14
55	84 15
55	83 15
55	85 15
55	79 30
55	84 16
55	84 17
55	84 18
55	84 19
55	83 19
55	85 19
55	79 26
55	84 20
55	84 1
55	84 2
55	84 3
55	83 3
55	85 3
55	79 31
55	84 4
55	84 5
55	83 5
55	85 5
55	79 27
55	84 6
55	84 7
55	83 7
55	85 7
55	79 30
55	84 8
55	84 9
55	83 9
55	85 9
55	79 27
55	84 10
55	84 11
55	83 11
55	85 11
55	79 29
55	84 12
55	84 13
55	83 13
55	85 13
55	79 29
55	84 14
55	84 15
55	83 15
55	85 15
55	79 25
55	84 16
55	84 17
55	83 17
55	85 17
55	79 26
55	84 18
55	84 19
55	83 19
55	85 19
55	79 31
55	84 20
55	84 1
55	83 1
55	85 1
55	79 28
55	84 2
55	84 3
55	84 4
55	84 5
55	83 5
55	85 5
55	79 26
55	84 6
55	84 7
55	84 8
55	84 9
55	83 9
55	85 9
55	79 27
55	84 10
55	84 11
55	84 12
55	84 13
55	83 13
55	85 13
55	79 31
55	84 14
55	84 15
55	83 15
55	85 15
55	79 25
55	84 16
55	84 17
55	84 18
55	84 19
55	83 19
55	85 19
55	79 31
55	84 20
55	84 1
55	83 1
55	85 1
55	79 28
55	84 2
55	84 3
55	83 3
55	85 3
55	79 27
55	84 4
55	84 5
55	83 5
55	85 5
55	79 31
55	84 6
55	84 7
55	83 7
55	85 7
55	79 28
55	84 8
55	84 9
55	83 9
55	85 9
55	79 27
55	84 10
55	84 11
55	83 11
55	85 11
55	79 29
55	84 12
55	84 13
55	83 13
55	85 13
55	79 26
55	84 14
55	84 15
55	83 15
55	85 15
55	79 37
55	84 16
55	84 17
55	84 18
55	83 18
55	85 18
55	79 29
55	84 19
55	84 20
55	83 20
55	85 20
55	79 29
55	84 1
55	84 2
55	83 2
55	85 2
55	79 27
55	84 3
55	84 4
55	84 5
55	83 5
55	85 5
55	79 32
55	84 6
55	84 7
55	84 8
55	83 8
55	85 8
55	79 31
55	84 9
55	84 10
55	83 10
55	85 10
55	79 29
55	84 11
55	84 12
55	83 12
55	85 12
55	79 33
55	84 13
55	84 14
55	83 14
55	85 14
55	79 30
55	84 15
55	84 16
55	84 17
55	83 17
55	85 17
55	79 29
55	84 18
55	84 19
55	84 20
55	84 1
55	83 1
55	85 1
55	79 28
55	84 2
55	84 3
55	83 3
55	85 3
55	79 33
55	84 4
55	84 5
55	83 5
55	85 5
55	79 24
55	84 6
55	84 7
55	83 7
55	85 7
55	79 33
55	84 8
55	84 9
55	84 10
55	83 10
55	85 10
55	79 30
55	84 11
55	84 12
55	83 12
55	85 12
55	79 31
55	84 13
55	84 14
55	83 14
55	85 14
55	79 30
55	84 15
55	84 16
55	83 16
55	85 16
55	79 25
55	84 17
55	84 18
55	83 18
55	85 18
55	79 31
55	84 19
55	84 20
55	83 20
55	85 20
55	79 28
55	84 1
55	84 2
55	83 2
55	85 2
55	79 34
55	84 3
55	84 4
55	84 5
55	83 5
55	85 5
55	79 32
55	84 6
55	84 7
55	83 7
55	85 7
55	79 30
55	84 8
55	84 9
55	83 9
55	85 9
55	79 37
55	84 10
55	84 11
55	83 11
55	85 11
55	79 27
55	84 12
55	84 13
55	83 13
55	85 13
55	79 33
55	84 14
55	84 15
55	83 15
55	85 15
55	79 31
55	84 16
55	84 17
55	83 17
55	85 17
55	79 30
55	84 18
55	84 19
55	83 19
55	85 19
55	79 25
55	84 20
55	84 1
55	83 1
55	85 1
55	79 23
55	84 2
55	84 3
55	83 3
55	85 3
55	79 27
55	84 4
55	84 5
55	83 5
55	85 5
55	79 31
55	84 6
55	84 7
55	83 7
55	85 7
55	79 28
55	84 8
55	84 9
55	83 9
55	85 9
55	79 28
55	84 10
55	84 11
55	83 11
55	85 11
55	79 28
55	84 12
55	84 13
55	83 13
55	85 13
55	79 31
55	84 14
55	84 15
55	83 15
55	85 15
55	79 30
55	84 16
55	84 17
55	83 17
55	85 17
55	79 29
55	84 18
55	84 19
55	83 19
55	85 19
55	79 32
55	84 20
55	84 1
55	83 1
55	85 1
55	79 33
55	84 2
55	84 3
55	83 3
55	85 3
55	79 29
55	84 4
55	84 5
55	83 5
55	85 5
55	79 32
55	84 6
55	84 7
55	83 7
55	85 7
55	79 31
55	84 8
55	84 9
55	84 10
55	83 10
55	85 10
55	79 31
55	84 11
55	84 12
55	83 12
55	85 12
55	79 26
55	84 13
55	84 14
55	83 14
55	85 14
55	79 30
55	84 15
55	84 16
55	83 16
55	85 16
55	79 22
55	84 17
55	84 18
55	83 18
55	85 18
55	79 27
55	84 19
55	84 20
55	83 20
55	85 20
55	79 34
55	84 1
55	84 2
55	83 2
55	85 2
55	79 26
55	84 3
55	84 4
55	83 4
55	85 4
55	79 25
55	84 5
55	84 6
55	83 6
55	85 6
55	79 26
55	84 7
55	84 8
55	83 8
55	85 8
55	79 30
55	84 9
55	84 10
55	83 10
55	85 10
55	79 30
55	84 11
55	84 12
55	83 12
55	85 12
55	79 26
55	84 13
55	84 14
55	83 14
55	85 14
55	79 26
55	84 15
55	84 16
55	83 16
55	85 16
55	79 28
55	84 17
55	84 18
55	83 18
55	85 18
55	79 28
55	84 19
55	84 20
55	83 20
55	85 20
55	79 30
55	84 1
55	84 2
55	83 2
55	85 2
55	79 29
55	84 3
55	84 4
55	83 4
55	85 4
55	79 28
55	84 5
55	84 6
55	83 6
55	85 6
55	79 28
55	84 7
55	84 8
55	83 8
55	85 8
55	79 30
55	84 9
55	84 10
55	83 10
55	85 10
55	79 30
55	84 11
55	84 12
55	83 12
55	85 12
55	79 32
55	84 13
55	84 14
55	83 14
55	85 14
55	79 26
55	84 15
55	84 16
55	83 16
55	85 16
55	79 32
55	84 17
55	84 18
55	83 18
55	85 18
55	79 29
55	84 19
55	84 20
55	83 20
55	85 20
55	79 35
55	84 1
55	84 2
55	83 2
55	85 2
55	79 29
55	84 3
55	84 4
55	83 4
55	85 4
55	79 25
55	84 5
55	84 6
55	83 6
55	85 6
55	79 26
55	84 7
55	84 8
55	83 8
55	85 8
55	79 30
55	84 9
55	84 10
55	83 10
55	85 10
55	79 25
55	84 11
55	84 12
55	83 12
55	85 12
55	79 30
55	84 13
55	84 14
55	83 14
55	85 14
55	79 29
55	84 15
55	84 16
55	83 16
55	85 16
55	79 27
55	84 17
55	84 18
55	83 18
55	85 18
55	79 32
55	84 19
55	84 20
55	83 20
55	85 20
55	79 30
55	84 1
55	84 2
55	83 2
55	85 2
55	79 32
55	84 3
55	84 4
55	83 4
55	85 4
55	79 27
55	84 5
55	84 6
55	83 6
55	85 6
55	79 25
55	84 7
55	84 8
55	83 8
55	85 8
55	79 35
55	84 9
55	84 10
55	TEST_NUMBER 2
55	SENT_TOTAL 250
55	RECEIVED_TOTAL 113
55	TIME_TOTAL 19686
55	RECEIVED_RADIO_1 113
55	RECEIVED_RADIO_2 0
55	SENT_RADIO_1 125
55	SENT_RADIO_2 125
55	RADIO_TIME_1 19763
55	RADIO_TIME_2 19763
55	RETRANSMISSIONS_1 0
55	RETRANSMISSIONS_2 0
55	DROPPED_1 0
55	DROPPED_2 0
55	MAX_QUEUE 1
55	DUPLICATED_1 0
55	DUPLICATED_2 0
55	EBUSY_RADIO_1 0
55	EBUSY_RADIO_2 0
55	83 0
55	85 10
55	86 2
55	84 1
55	84 2
55	83 2
55	85 2
55	79 26
55	84 3
55	84 4
55	83 4
55	85 4
55	79 35
55	84 5
55	84 6
55	83 6
55	85 6
55	79 37
55	84 7
55	84 8
55	83 8
55	85 8
55	79 25
55	84 9
55	84 10
55	83 10
55	85 10
55	79 32
55	84 11
55	84 12
55	83 12
55	85 12
55	79 37
55	84 13
55	84 14
55	83 14
55	85 14
55	79 29
55	84 15
55	84 16
55	83 16
55	85 16
55	79 32
55	84 17
55	84 18
55	83 18
55	85 18
55	79 30
55	84 19
55	84 20
55	83 20
55	85 20
55	79 29
55	84 1
55	84 2
55	83 2
55	85 2
55	79 30
55	84 3
55	84 4
55	83 4
55	85 4
55	79 24
55	84 5
55	84 6
55	83 6
55	85 6
55	79 28
55	84 7
55	84 8
55	83 8
55	85 8
55	79 28
55	84 9
55	84 10
55	83 10
55	85 10
55	79 31
55	84 11
55	84 12
55	83 12
55	85 12
55	79 35
55	84 13
55	84 14
55	83 14
55	85 14
55	79 21
55	84 15
55	84 16
55	83 16
55	85 16
55	79 29
55	84 17
55	84 18
55	83 18
55	85 18
55	79 30
55	84 19
55	84 20
55	83 20
55	85 20
55	79 29
55	84 1
55	84 2
55	83 2
55	85 2
55	79 32
55	84 3
55	84 4
55	83 4
55	85 4
55	79 29
55	84 5
55	84 6
55	83 6
55	85 6
55	79 28
55	84 7
55	84 8
55	83 8
55	85 8
55	79 28
55	84 9
55	84 10
55	83 10
55	85 10
55	79 25
55	84 11
55	84 12
55	83 12
55	85 12
55	79 28
55	84 13
55	84 14
55	83 14
55	85 14
55	79 25
55	84 15
55	84 16
55	83 16
55	85 16
55	79 27
55	84 17
55	84 18
55	83 18
55	85 18
55	79 24
55	84 19
55	84 20
55	83 20
55	85 20
55	79 37
55	84 1
55	84 2
55	83 2
55	85 2
55	79 31
55	84 3
55	84 4
55	83 4
55	85 4
55	79 35
55	84 5
55	84 6
55	83 6
55	85 6
55	79 32
55	84 7
55	84 8
55	83 8
55	85 8
55	79 33
55	84 9
55	84 10
55	83 10
55	85 10
55	79 29
55	84 11
55	84 12
55	83 12
55	85 12
55	79 28
55	84 13
55	84 14
55	83 14
55	85 14
55	79 31
55	84 15
55	84 16
55	83 16
55	85 16
55	79 34
55	84 17
55	84 18
55	84 19
55	83 19
55	85 19
55	79 30
55	84 20
55	84 1
55	83 1
55	85 1
55	79 27
55	84 2
55	84 3
55	83 3
55	85 3
55	79 36
55	84 4
55	84 5
55	83 5
55	85 5
55	79 30
55	84 6
55	84 7
55	83 7
55	85 7
55	79 31
55	84 8
55	84 9
55	83 9
55	85 9
55	79 24
55	84 10
55	84 11
55	83 11
55	85 11
55	79 30
55	84 12
55	84 13
55	84 14
55	84 15
55	83 15
55	85 15
55	79 29
55	84 16
55	84 17
55	83 17
55	85 17
55	79 26
55	84 18
55	84 19
55	83 19
55	85 19
55	79 23
55	84 20
55	84 1
55	83 1
55	85 1
55	79 23
55	84 2
55	84 3
55	84 4
55	83 4
55	85 4
55	79 27
55	84 5
55	84 6
55	83 6
55	85 6
55	79 27
55	84 7
55	84 8
55	83 8
55	85 8
55	79 27
55	84 9
55	84 10
55	84 11
55	83 11
55	85 11
55	79 30
55	84 12
55	84 13
55	83 13
55	85 13
55	79 29
55	84 14
55	84 15
55	83 15
55	85 15
55	79 31
55	84 16
55	84 17
55	83 17
55	85 17
55	79 28
55	84 18
55	84 19
55	83 19
55	85 19
55	79 31
55	84 20
55	84 1
55	83 1
55	85 1
55	79 32
55	84 2
55	84 3
55	83 3
55	85 3
55	79 35
55	84 4
55	84 5
55	83 5
55	85 5
55	79 31
55	84 6
55	84 7
55	83 7
55	85 7
55	79 30
55	84 8
55	84 9
55	83 9
55	85 9
55	79 23
55	84 10
55	84 11
55	84 12
55	84 13
55	83 13
55	85 13
55	79 28
55	84 14
55	84 15
55	84 16
55	84 17
55	83 17
55	85 17
55	79 33
55	84 18
55	84 19
55	84 20
55	84 1
55	83 1
55	85 1
55	79 26
55	84 2
55	84 3
55	84 4
55	83 4
55	85 4
55	79 30
55	84 5
55	84 6
55	84 7
55	83 7
55	85 7
55	79 27
55	84 8
55	84 9
55	83 9
55	85 9
55	79 32
55	84 10
55	84 11
55	84 12
55	84 13
55	83 13
55	85 13
55	79 29
55	84 14
55	84 15
55	83 15
55	85 15
55	79 31
55	84 16
55	84 17
55	84 18
55	84 19
55	83 19
55	85 19
55	79 34
55	84 20
55	84 1
55	84 2
55	84 3
55	83 3
55	85 3
55	79 27
55	84 4
55	84 5
55	84 6
55	84 7
55	83 7
55	85 7
55	79 24
55	84 8
55	84 9
55	84 10
55	84 11
55	83 11
55	85 11
55	79 29
55	84 12
55	84 13
55	84 14
55	84 15
55	83 15
55	85 15
55	79 30
55	84 16
55	84 17
55	83 17
55	85 17
55	79 32
55	84 18
55	84 19
55	84 20
55	84 1
55	83 1
55	85 1
55	79 27
55	84 2
55	84 3
55	84 4
55	84 5
55	83 5
55	85 5
55	79 30
55	84 6
55	84 7
55	84 8
55	84 9
55	83 9
55	85 9
55	79 28
55	84 10
55	84 11
55	84 12
55	84 13
55	83 13
55	85 13
55	79 24
55	84 14
55	84 15
55	84 16
55	84 17
55	83 17
55	85 17
55	79 30
55	84 18
55	84 19
55	84 20
55	84 1
55	83 1
55	85 1
55	79 30
55	84 2
55	84 3
55	84 4
55	84 5
55	83 5
55	85 5
55	79 30
55	84 6
55	84 7
55	84 8
55	84 9
55	83 9
55	85 9
55	79 28
55	84 10
55	84 11
55	84 12
55	84 13
55	83 13
55	85 13
55	79 21
55	84 14
55	84 15
55	84 16
55	84 17
55	83 17
55	85 17
55	79 32
55	84 18
55	84 19
55	84 20
55	84 1
55	83 1
55	85 1
55	79 31
55	84 2
55	84 3
55	84 4
55	84 5
55	83 5
55	85 5
55	79 31
55	84 6
55	84 7
55	84 8
55	84 9
55	83 9
55	85 9
55	79 29
55	84 10
55	84 11
55	84 12
55	84 13
55	83 13
55	85 13
55	79 28
55	84 14
55	84 15
55	84 16
55	84 17
55	83 17
55	85 17
55	79 33
55	84 18
55	84 19
55	84 20
55	84 1
55	83 1
55	85 1
55	79 31
55	84 2
55	84 3
55	84 4
55	84 5
55	83 5
55	85 5
55	79 27
55	84 6
55	84 7
55	84 8
55	84 9
55	83 9
55	85 9
55	79 29
55	84 10
55	TEST_NUMBER 3
55	SENT_TOTAL 250
55	RECEIVED_TOTAL 94
55	TIME_TOTAL 29806
55	RECEIVED_RADIO_1 95
55	RECEIVED_RADIO_2 0
55	SENT_RADIO_1 125
55	SENT_RADIO_2 125
55	RADIO_TIME_1 29806
55	RADIO_TIME_2 19763
55	RETRANSMISSIONS_1 0
55	RETRANSMISSIONS_2 0
55	DROPPED_1 0
55	DROPPED_2 0
55	MAX_QUEUE 1
55	DUPLICATED_1 0
55	DUPLICATED_2 0
55	EBUSY_RADIO_1 0
55	EBUSY_RADIO_2 0
55	84 1
55	84 2
55	83 2
55	85 2
55	79 31
55	84 3
55	84 4
55	84 5
55	83 5
55	85 5
55	79 26
55	84 6
55	84 7
55	83 7
55	85 7
55	79 24
55	84 8
55	84 9
55	83 9
55	85 9
55	79 31
55	84 10
55	84 11
55	83 11
55	85 11
55	79 33
55	84 12
55	84 13
55	83 13
55	85 13
55	79 30
55	84 14
55	84 15
55	83 15
55	85 15
55	79 25
55	84 16
55	84 17
55	83 17
55	85 17
55	79 25
55	84 18
55	84 19
55	83 19
55	85 19
55	79 29
55	84 20
55	84 1
55	83 1
55	85 1
55	79 26
55	84 2
55	84 3
55	83 3
55	85 3
55	79 32
55	84 4
55	84 5
55	83 5
55	85 5
55	79 35
55	84 6
55	84 7
55	83 7
55	85 7
55	79 30
55	84 8
55	84 9
55	83 9
55	85 9
55	79 29
55	84 10
55	84 11
55	83 11
55	85 11
55	79 31
55	84 12
55	84 13
55	83 13
55	85 13
55	79 31
55	84 14
55	84 15
55	83 15
55	85 15
55	79 34
55	84 16
55	84 17
55	83 17
55	85 17
55	79 31
55	84 18
55	84 19
55	83 19
55	85 19
55	79 30
55	84 20
55	84 1
55	83 1
55	85 1
55	79 27
55	84 2
55	84 3
55	83 3
55	85 3
55	79 26
55	84 4
55	84 5
55	83 5
55	85 5
55	79 29
55	84 6
55	84 7
55	83 7
55	85 7
55	79 28
55	84 8
55	84 9
55	83 9
55	85 9
55	79 33
55	84 10
55	84 11
55	83 11
55	85 11
55	79 26
55	84 12
55	84 13
55	83 13
55	85 13
55	79 25
55	84 14
55	84 15
55	83 15
55	85 15
55	79 29
55	84 16
55	84 17
55	83 17
55	85 17
55	79 24
55	84 18
55	84 19
55	83 19
55	85 19
55	79 29
55	84 20
55	84 1
55	83 1
55	85 1
55	79 33
55	84 2
55	84 3
55	83 3
55	85 3
55	79 33
55	84 4
55	84 5
55	83 5
55	85 5
55	79 32
55	84 6
55	84 7
55	83 7
55	85 7
55	79 32
55	84 8
55	84 9
55	83 9
55	85 9
55	79 32
55	84 10
55	84 11
55	83 11
55	85 11
55	79 28
55	84 12
55	84 13
55	83 13
55	85 13
55	79 30
55	84 14
55	84 15
55	83 15
55	85 15
55	79 30
55	84 16
55	84 17
55	83 17
55	85 17
55	79 24
55	84 18
55	84 19
55	83 19
55	85 19
55	79 31
55	84 20
55	84 1
55	83 1
55	85 1
55	79 30
55	84 2
55	84 3
55	83 3
55	85 3
55	79 33
55	84 4
55	84 5
55	83 5
55	85 5
55	79 28
55	84 6
55	84 7
55	83 7
55	85 7
55	79 29
55	84 8
55	84 9
55	83 9
55	85 9
55	79 24
55	84 10
55	84 11
55	83 11
55	85 11
55	79 28
55	84 12
55	84 13
55	83 13
55	85 13
55	79 32
55	84 14
55	84 15
55	83 15
55	85 15
55	79 27
55	84 16
55	84 17
55	83 17
55	85 17
55	79 30
55	84 18
55	84 19
55	83 19
55	85 19
55	79 32
55	84 20
55	84 1
55	83 1
55	85 1
55	79 30
55	84 2
55	84 3
55	83 3
55	85 3
55	79 29
55	84 4
55	84 5
55	83 5
55	85 5
55	79 30
55	84 6
55	84 7
55	83 7
55	85 7
55	79 33
55	84 8
55	84 9
55	83 9
55	85 9
55	79 27
55	84 10
55	84 11
55	83 11
55	85 11
55	79 32
55	84 12
55	84 13
55	83 13
55	85 13
55	79 27
55	84 14
55	84 15
55	83 15
55	85 15
55	79 29
55	84 16
55	84 17
55	83 17
55	85 17
55	79 32
55	84 18
55	84 19
55	83 19
55	85 19
55	79 27
55	84 20
55	84 1
55	83 1
55	85 1
55	79 28
55	84 2
55	84 3
55	83 3
55	85 3
55	79 26
55	84 4
55	84 5
55	83 5
55	85 5
55	79 26
55	84 6
55	84 7
55	83 7
55	85 7
55	79 25
55	84 8
55	84 9
55	84 10
55	83 10
55	85 10
55	79 29
55	84 11
55	84 12
55	83 12
55	85 12
55	79 26
55	84 13
55	84 14
55	83 14
55	85 14
55	79 25
55	84 15
55	84 16
55	83 16
55	85 16
55	79 32
55	84 17
55	84 18
55	83 18
55	85 18
55	79 23
55	84 19
55	84 20
55	83 20
55	85 20
55	79 24
55	84 1
55	84 2
55	83 2
55	85 2
55	79 30
55	84 3
55	84 4
55	83 4
55	85 4
55	79 32
55	84 5
55	84 6
55	83 6
55	85 6
55	79 26
55	84 7
55	84 8
55	83 8
55	85 8
55	79 29
55	84 9
55	84 10
55	83 10
55	85 10
55	79 30
55	84 11
55	84 12
55	83 12
55	85 12
55	79 29
55	84 13
55	84 14
55	83 14
55	85 14
55	79 27
55	84 15
55	84 16
55	83 16
55	85 16
55	79 24
55	84 17
55	84 18
55	84 19
55	83 19
55	85 19
55	79 26
55	84 20
55	84 1
55	83 1
55	85 1
55	79 27
55	84 2
55	84 3
55	83 3
55	85 3
55	79 26
55	84 4
55	84 5
55	83 5
55	85 5
55	79 29
55	84 6
55	84 7
55	83 7
55	85 7
55	79 29
55	84 8
55	84 9
55	83 9
55	85 9
55	79 30
55	84 10
55	84 11
55	83 11
55	85 11
55	79 31
55	84 12
55	84 13
55	83 13
55	85 13
55	79 26
55	84 14
55	84 15
55	83 15
55	85 15
55	79 28
55	84 16
55	84 17
55	83 17
55	85 17
55	79 27
55	84 18
55	84 19
55	84 20
55	83 20
55	85 20
55	79 29
55	84 1
55	84 2
55	83 2
55	85 2
55	79 31
55	84 3
55	84 4
55	83 4
55	85 4
55	79 29
55	84 5
55	84 6
55	83 6
55	85 6
55	79 28
55	84 7
55	84 8
55	83 8
55	85 8
55	79 29
55	84 9
55	84 10
55	84 11
55	83 11
55	85 11
55	79 26
55	84 12
55	84 13
55	83 13
55	85 13
55	79 28
55	84 14
55	84 15
55	84 16
55	83 16
55	85 16
55	79 31
55	84 17
55	84 18
55	83 18
55	85 18
55	79 31
55	84 19
55	84 20
55	83 20
55	85 20
55	79 24
55	84 1
55	84 2
55	83 2
55	85 2
55	79 25
55	84 3
55	84 4
55	83 4
55	85 4
55	79 26
55	84 5
55	84 6
55	83 6
55	85 6
55	79 31
55	84 7
55	84 8
55	83 8
55	85 8
55	79 30
55	84 9
55	84 10
55	84 11
55	83 11
55	85 11
55	79 31
55	84 12
55	84 13
55	83 13
55	85 13
55	79 31
55	84 14
55	84 15
55	84 16
55	84 17
55	83 17
55	85 17
55	79 31
55	84 18
55	84 19
55	83 19
55	85 19
55	79 25
55	84 20
55	84 1
55	84 2
55	84 3
55	83 3
55	85 3
55	79 25
55	84 4
55	84 5
55	83 5
55	85 5
55	79 30
55	84 6
55	84 7
55	83 7
55	85 7
55	79 31
55	84 8
55	84 9
55	83 9
55	85 9
55	79 32
55	84 10
55	84 11
55	83 11
55	85 11
55	79 26
55	84 12
55	84 13
55	83 13
55	85 13
55	79 29
55	84 14
55	84 15
55	83 15
55	85 15
55	79 27
55	84 16
55	84 17
55	84 18
55	83 18
55	85 18
55	79 29
55	84 19
55	84 20
55	83 20
55	85 20
55	79 25
55	84 1
55	84 2
55	84 3
55	83 3
55	85 3
55	79 30
55	84 4
55	84 5
55	84 6
55	84 7
55	83 7
55	85 7
55	79 28
55	84 8
55	84 9
55	84 10
55	TEST_NUMBER 4
55	SENT_TOTAL 250
55	RECEIVED_TOTAL 116
55	TIME_TOTAL 19521
55	RECEIVED_RADIO_1 116
55	RECEIVED_RADIO_2 0
55	SENT_RADIO_1 125
55	SENT_RADIO_2 125
55	RADIO_TIME_1 19763
55	RADIO_TIME_2 19763
55	RETRANSMISSIONS_1 0
55	RETRANSMISSIONS_2 0
55	DROPPED_1 0
55	DROPPED_2 0
55	MAX_QUEUE 1
55	DUPLICATED_1 0
55	DUPLICATED_2 0
55	EBUSY_RADIO_1 0
55	EBUSY_RADIO_2 0
55	84 1
55	83 1
55	85 1
55	79 28
55	84 2
55	84 3
55	84 4
55	84 5
55	83 5
55	85 5
55	79 27
55	84 6
55	84 7
55	84 8
55	84 9
55	83 9
55	85 9
55	79 30
55	84 10
55	84 11
55	84 12
55	84 13
55	83 13
55	85 13
55	79 31
55	84 14
55	84 15
55	84 16
55	84 17
55	83 17
55	85 17
55	79 25
55	84 18
55	84 19
55	84 20
55	84 1
55	83 1
55	85 1
55	79 26
55	84 2
55	84 3
55	84 4
55	84 5
55	83 5
55	85 5
55	79 28
55	84 6
55	84 7
55	84 8
55	84 9
55	84 10
55	83 10
55	85 10
55	79 29
55	84 11
55	84 12
55	84 13
55	83 13
55	85 13
55	79 33
55	84 14
55	84 15
55	84 16
55	83 16
55	85 16
55	79 31
55	84 17
55	84 18
55	83 18
55	85 18
55	79 32
55	84 19
55	84 20
55	83 20
55	85 20
55	79 32
55	84 1
55	84 2
55	83 2
55	85 2
55	79 30
55	84 3
55	84 4
55	83 4
55	85 4
55	79 29
55	84 5
55	84 6
55	83 6
55	85 6
55	79 33
55	84 7
55	84 8
55	83 8
55	85 8
55	79 27
55	84 9
55	84 10
55	83 10
55	85 10
55	79 37
55	84 11
55	84 12
55	84 13
55	83 13
55	85 13
55	79 28
55	84 14
55	84 15
55	84 16
55	84 17
55	83 17
55	85 17
55	79 27
55	84 18
55	84 19
55	83 19
55	85 19
55	79 30
55	84 20
55	84 1
55	83 1
55	85 1
55	79 27
55	84 2
55	84 3
55	83 3
55	85 3
55	79 28
55	84 4
55	84 5
55	84 6
55	83 6
55	85 6
55	79 30
55	84 7
55	84 8
55	83 8
55	85 8
55	79 31
55	84 9
55	84 10
55	83 10
55	85 10
55	79 29
55	84 11
55	84 12
55	83 12
55	85 12
55	79 30
55	84 13
55	84 14
55	84 15
55	83 15
55	85 15
55	79 31
55	84 16
55	84 17
55	83 17
55	85 17
55	79 25
55	84 18
55	84 19
55	84 20
55	84 1
55	83 1
55	85 1
55	79 30
55	84 2
55	84 3
55	84 4
55	83 4
55	85 4
55	79 26
55	84 5
55	84 6
55	84 7
55	83 7
55	85 7
55	79 23
55	84 8
55	84 9
55	83 9
55	85 9
55	79 31
55	84 10
55	84 11
55	83 11
55	85 11
55	79 27
55	84 12
55	84 13
55	83 13
55	85 13
55	79 31
55	84 14
55	84 15
55	83 15
55	85 15
55	79 24
55	84 16
55	84 17
55	83 17
55	85 17
55	79 36
55	84 18
55	84 19
55	83 19
55	85 19
55	79 28
55	84 20
55	84 1
55	83 1
55	85 1
55	79 31
55	84 2
55	84 3
55	83 3
55	85 3
55	79 30
55	84 4
55	84 5
55	83 5
55	85 5
55	79 34
55	84 6
55	84 7
55	83 7
55	85 7
55	79 23
55	84 8
55	84 9
55	83 9
55	85 9
55	79 29
55	84 10
55	84 11
55	83 11
55	85 11
55	79 29
55	84 12
55	84 13
55	83 13
55	85 13
55	79 24
55	84 14
55	84 15
55	83 15
55	85 15
55	79 32
55	84 16
55	84 17
55	84 18
55	83 18
55	85 18
55	79 31
55	84 19
55	84 20
55	83 20
55	85 20
55	79 31
55	84 1
55	84 2
55	83 2
55	85 2
55	79 33
55	84 3
55	84 4
55	83 4
55	85 4
55	79 31
55	84 5
55	84 6
55	83 6
55	85 6
55	79 24
55	84 7
55	84 8
55	83 8
55	85 8
55	79 24
55	84 9
55	84 10
55	83 10
55	85 10
55	79 24
55	84 11
55	84 12
55	83 12
55	85 12
55	79 32
55	84 13
55	84 14
55	83 14
55	85 14
55	79 28
55	84 15
55	84 16
55	83 16
55	85 16
55	79 33
55	84 17
55	84 18
55	84 19
55	84 20
55	84 1
55	83 1
55	85 1
55	79 34
55	84 2
55	84 3
55	83 3
55	85 3
55	79 22
55	84 4
55	84 5
55	84 6
55	84 7
55	83 7
55	85 7
55	79 28
55	84 8
55	84 9
55	84 10
55	84 11
55	83 11
55	85 11
55	79 30
55	84 12
55	84 13
55	83 13
55	85 13
55	79 22
55	84 14
55	84 15
55	83 15
55	85 15
55	79 30
55	84 16
55	84 17
55	84 18
55	83 18
55	85 18
55	79 31
55	84 19
55	84 20
55	83 20
55	85 20
55	79 31
55	84 1
55	84 2
55	83 2
55	85 2
55	79 33
55	84 3
55	84 4
55	84 5
55	83 5
55	85 5
55	79 32
55	84 6
55	84 7
55	83 7
55	85 7
55	79 26
55	84 8
55	84 9
55	83 9
55	85 9
55	79 32
55	84 10
55	84 11
55	83 11
55	85 11
55	79 28
55	84 12
55	84 13
55	83 13
55	85 13
55	79 30
55	84 14
55	84 15
55	83 15
55	85 15
55	79 31
55	84 16
55	84 17
55	83 17
55	85 17
55	79 30
55	84 18
55	84 19
55	83 19
55	85 19
55	79 29
55	84 20
55	84 1
55	83 1
55	85 1
55	79 29
55	84 2
55	84 3
55	83 3
55	85 3
55	79 27
55	84 4
55	84 5
55	83 5
55	85 5
55	79 33
55	84 6
55	84 7
55	83 7
55	85 7
55	79 30
55	84 8
55	84 9
55	83 9
55	85 9
55	79 35
55	84 10
55	84 11
55	83 11
55	85 11
55	79 27
55	84 12
55	84 13
55	83 13
55	85 13
55	79 38
55	84 14
55	84 15
55	83 15
55	85 15
55	79 35
55	84 16
55	84 17
55	83 17
55	85 17
55	79 31
55	84 18
55	84 19
55	83 19
55	85 19
55	79 32
55	84 20
55	84 1
55	83 1
55	85 1
55	79 32
55	84 2
55	84 3
55	83 3
55	85 3
55	79 27
55	84 4
55	84 5
55	83 5
55	85 5
55	79 32
55	84 6
55	84 7
55	83 7
55	85 7
55	79 30
55	84 8
55	84 9
55	83 9
55	85 9
55	79 34
55	84 10
55	84 11
55	83 11
55	85 11
55	79 29
55	84 12
55	84 13
55	83 13
55	85 13
55	79 28
55	84 14
55	84 15
55	83 15
55	85 15
55	79 33
55	84 16
55	84 17
55	83 17
55	85 17
55	79 36
55	84 18
55	84 19
55	83 19
55	85 19
55	79 36
55	84 20
55	84 1
55	83 1
55	85 1
55	79 30
55	84 2
55	84 3
55	83 3
55	85 3
55	79 31
55	84 4
55	84 5
55	83 5
55	85 5
55	79 33
55	84 6
55	84 7
55	83 7
55	85 7
55	79 30
55	84 8
55	84 9
55	83 9
55	85 9
55	79 29
55	84 10
55	84 11
55	83 11
55	85 11
55	79 24
55	84 12
55	84 13
55	83 13
55	85 13
55	79 29
55	84 14
55	84 15
55	83 15
55	85 15
55	79 32
55	84 16
55	84 17
55	83 17
55	85 17
55	79 28
55	84 18
55	84 19
55	83 19
55	85 19
55	79 27
55	84 20
55	84 1
55	83 1
55	85 1
55	79 30
55	84 2
55	84 3
55	83 3
55	85 3
55	79 30
55	84 4
55	84 5
55	83 5
55	85 5
55	79 25
55	84 6
55	84 7
55	83 7
55	85 7
55	79 31
55	84 8
55	84 9
55	83 9
55	85 9
55	79 29
55	84 10
55	TEST_NUMBER 5
55	SENT_TOTAL 250
55	RECEIVED_TOTAL 107
55	TIME_TOTAL 19764
55	RECEIVED_RADIO_1 107
55	RECEIVED_RADIO_2 0
55	SENT_RADIO_1 125
55	SENT_RADIO_2 125
55	RADIO_TIME_1 19792
55	RADIO_TIME_2 19763
55	RETRANSMISSIONS_1 0
55	RETRANSMISSIONS_2 0
55	DROPPED_1 0
55	DROPPED_2 0
55	MAX_QUEUE 1
55	DUPLICATED_1 0
55	DUPLICATED_2 0
55	EBUSY_RADIO_1 0
55	EBUSY_RADIO_2 0
55	84 1
55	83 1
55	85 1
55	79 26
55	84 2
55	84 3
55	83 3
55	85 3
55	79 28
55	84 4
55	84 5
55	83 5
55	85 5
55	79 27
55	84 6
55	84 7
55	83 7
55	85 7
55	79 29
55	84 8
55	84 9
55	83 9
55	85 9
55	79 29
55	84 10
55	84 11
55	83 11
55	85 11
55	79 33
55	84 12
55	84 13
55	83 13
55	85 13
55	79 32
55	84 14
55	84 15
55	83 15
55	85 15
55	79 26
55	84 16
55	84 17
55	83 17
55	85 17
55	79 28
55	84 18
55	84 19
55	83 19
55	85 19
55	79 31
55	84 20
55	84 1
55	83 1
55	85 1
55	79 34
55	84 2
55	84 3
55	83 3
55	85 3
55	79 29
55	84 4
55	84 5
55	83 5
55	85 5
55	79 28
55	84 6
55	84 7
55	83 7
55	85 7
55	79 27
55	84 8
55	84 9
55	83 9
55	85 9
55	79 27
55	84 10
55	84 11
55	83 11
55	85 11
55	79 33
55	84 12
55	84 13
55	83 13
55	85 13
55	79 27
55	84 14
55	84 15
55	83 15
55	85 15
55	79 31
55	84 16
55	84 17
55	83 17
55	85 17
55	79 31
55	84 18
55	84 19
55	83 19
55	85 19
55	79 30
55	84 20
55	84 1
55	83 1
55	85 1
55	79 31
55	84 2
55	84 3
55	83 3
55	85 3
55	79 27
55	84 4
55	84 5
55	83 5
55	85 5
55	79 32
55	84 6
55	84 7
55	83 7
55	85 7
55	79 32
55	84 8
55	84 9
55	83 9
55	85 9
55	79 24
55	84 10
55	84 11
55	83 11
55	85 11
55	79 27
55	84 12
55	84 13
55	83 13
55	85 13
55	79 30
55	84 14
55	84 15
55	83 15
55	85 15
55	79 33
55	84 16
55	84 17
55	83 17
55	85 17
55	79 33
55	84 18
55	84 19
55	83 19
55	85 19
55	79 29
55	84 20
55	84 1
55	83 1
55	85 1
55	79 27
55	84 2
55	84 3
55	83 3
55	85 3
55	79 27
55	84 4
55	84 5
55	83 5
55	85 5
55	79 29
55	84 6
55	84 7
55	83 7
55	85 7
55	79 24
55	84 8
55	84 9
55	83 9
55	85 9
55	79 32
55	84 10
55	84 11
55	83 11
55	85 11
55	79 33
55	84 12
55	84 13
55	83 13
55	85 13
55	79 28
55	84 14
55	84 15
55	83 15
55	85 15
55	79 32
55	84 16
55	84 17
55	83 17
55	85 17
55	79 35
55	84 18
55	84 19
55	83 19
55	85 19
55	79 33
55	84 20
55	84 1
55	83 1
55	85 1
55	79 30
55	84 2
55	84 3
55	83 3
55	85 3
55	79 34
55	84 4
55	84 5
55	83 5
55	85 5
55	79 26
55	84 6
55	84 7
55	83 7
55	85 7
55	79 27
55	84 8
55	84 9
55	83 9
55	85 9
55	79 27
55	84 10
55	84 11
55	83 11
55	85 11
55	79 27
55	84 12
55	84 13
55	83 13
55	85 13
55	79 29
55	84 14
55	84 15
55	83 15
55	85 15
55	79 29
55	84 16
55	84 17
55	83 17
55	85 17
55	79 27
55	84 18
55	84 19
55	83 19
55	85 19
55	79 26
55	84 20
55	84 1
55	83 1
55	85 1
55	79 28
55	84 2
55	84 3
55	83 3
55	85 3
55	79 28
55	84 4
55	84 5
55	83 5
55	85 5
55	79 31
55	84 6
55	84 7
55	83 7
55	85 7
55	79 28
55	84 8
55	84 9
55	83 9
55	85 9
55	79 26
55	84 10
55	84 11
55	83 11
55	85 11
55	79 26
55	84 12
55	84 13
55	83 13
55	85 13
55	79 30
55	84 14
55	84 15
55	83 15
55	85 15
55	79 27
55	84 16
55	84 17
55	83 17
55	85 17
55	79 31
55	84 18
55	84 19
55	83 19
55	85 19
55	79 24
55	84 20
55	84 1
55	83 1
55	85 1
55	79 31
55	84 2
55	84 3
55	83 3
55	85 3
55	79 26
55	84 4
55	84 5
55	83 5
55	85 5
55	79 25
55	84 6
55	84 7
55	83 7
55	85 7
55	79 31
55	84 8
55	84 9
55	83 9
55	85 9
55	79 25
55	84 10
55	84 11
55	83 11
55	85 11
55	79 24
55	84 12
55	84 13
55	83 13
55	85 13
55	79 31
55	84 14
55	84 15
55	83 15
55	85 15
55	79 28
55	84 16
55	84 17
55	83 17
55	85 17
55	79 29
55	84 18
55	84 19
55	83 19
55	85 19
55	79 29
55	84 20
55	84 1
55	83 1
55	85 1
55	79 28
55	84 2
55	84 3
55	84 4
55	83 4
55	85 4
55	79 25
55	84 5
55	84 6
55	83 6
55	85 6
55	79 32
55	84 7
55	84 8
55	83 8
55	85 8
55	79 30
55	84 9
55	84 10
55	83 10
55	85 10
55	79 32
55	84 11
55	84 12
55	83 12
55	85 12
55	79 31
55	84 13
55	84 14
55	83 14
55	85 14
55	79 27
55	84 15
55	84 16
55	83 16
55	85 16
55	79 29
55	84 17
55	84 18
55	83 18
55	85 18
55	79 32
55	84 19
55	84 20
55	83 20
55	85 20
55	79 27
55	84 1
55	84 2
55	83 2
55	85 2
55	79 31
55	84 3
55	84 4
55	83 4
55	85 4
55	79 31
55	84 5
55	84 6
55	83 6
55	85 6
55	79 25
55	84 7
55	84 8
55	83 8
55	85 8
55	79 27
55	84 9
55	84 10
55	83 10
55	85 10
55	79 36
55	84 11
55	84 12
55	83 12
55	85 12
55	79 24
55	84 13
55	84 14
55	83 14
55	85 14
55	79 35
55	84 15
55	84 16
55	84 17
55	83 17
55	85 17
55	79 29
55	84 18
55	84 19
55	83 19
55	85 19
55	79 31
55	84 20
55	84 1
55	83 1
55	85 1
55	79 29
55	84 2
55	84 3
55	83 3
55	85 3
55	79 31
55	84 4
55	84 5
55	83 5
55	85 5
55	79 29
55	84 6
55	84 7
55	84 8
55	83 8
55	85 8
55	79 24
55	84 9
55	84 10
55	83 10
55	85 10
55	79 25
55	84 11
55	84 12
55	83 12
55	85 12
55	79 32
55	84 13
55	84 14
55	83 14
55	85 14
55	79 27
55	84 15
55	84 16
55	83 16
55	85 16
55	79 28
55	84 17
55	84 18
55	83 18
55	85 18
55	79 33
55	84 19
55	84 20
55	83 20
55	85 20
55	79 29
55	84 1
55	84 2
55	83 2
55	85 2
55	79 31
55	84 3
55	84 4
55	83 4
55	85 4
55	79 33
55	84 5
55	84 6
55	83 6
55	85 6
55	79 28
55	84 7
55	84 8
55	83 8
55	85 8
55	79 28
55	84 9
55	84 10
55	83 10
55	85 10
55	79 29
55	84 11
55	84 12
55	83 12
55	85 12
55	79 31
55	84 13
55	84 14
55	83 14
55	85 14
55	79 28
55	84 15
55	84 16
55	83 16
55	85 16
55	79 29
55	84 17
55	84 18
55	83 18
55	85 18
55	79 28
55	84 19
55	84 20
55	83 20
55	85 20
55	79 27
55	84 1
55	84 2
55	83 2
55	85 2
55	79 32
55	84 3
55	84 4
55	83 4
55	85 4
55	79 27
55	84 5
55	84 6
55	83 6
55	85 6
55	79 28
55	84 7
55	84 8
55	83 8
55	85 8
55	79 35
55	84 9
55	84 10
55	83 10
55	85 10
55	79 30
55	84 11
55	84 12
55	83 12
55	85 12
55	79 28
55	84 13
55	84 14
55	83 14
55	85 14
55	79 32
55	84 15
55	84 16
55	83 16
55	85 16
55	79 35
55	84 17
55	84 18
55	83 18
55	85 18
55	79 30
55	84 19
55	84 20
55	83 20
55	85 20
55	79 31
55	84 1
55	84 2
55	84 3
55	83 3
55	85 3
55	79 27
55	84 4
55	84 5
55	83 5
55	85 5
55	79 25
55	84 6
55	84 7
55	83 7
55	85 7
55	79 25
55	84 8
55	84 9
55	84 10
55	TEST_NUMBER 6
55	SENT_TOTAL 250
55	RECEIVED_TOTAL 122
55	TIME_TOTAL 19603
55	RECEIVED_RADIO_1 122
55	RECEIVED_RADIO_2 0
55	SENT_RADIO_1 125
55	SENT_RADIO_2 125
55	RADIO_TIME_1 19763
55	RADIO_TIME_2 19763
55	RETRANSMISSIONS_1 0
55	RETRANSMISSIONS_2 0
55	DROPPED_1 0
55	DROPPED_2 0
55	MAX_QUEUE 1
55	DUPLICATED_1 0
55	DUPLICATED_2 0
55	EBUSY_RADIO_1 0
55	EBUSY_RADIO_2 0
55	83 0
55	85 10
55	86 6

86	RELAY_NODE 86
86	TEST_NUMBER 0
86	SENT_TOTAL 0
86	RECEIVED_TOTAL 0
86	TIME_TOTAL 0
86	RECEIVED_RADIO_1 0
86	RECEIVED_RADIO_2 92
86	SENT_RADIO_1 92
86	SENT_RADIO_2 0
86	RADIO_TIME_1 15941
86	RADIO_TIME_2 15941
86	RETRANSMISSIONS_1 0
86	RETRANSMISSIONS_2 0
86	DROPPED_1 0
86	DROPPED_2 0
86	MAX_QUEUE 1
86	DUPLICATED_1 0
86	DUPLICATED_2 0
86	EBUSY_RADIO_1 0
86	EBUSY_RADIO_2 0
86	TEST_NUMBER 1
86	SENT_TOTAL 0
86	RECEIVED_TOTAL 0
86	TIME_TOTAL 0
86	RECEIVED_RADIO_1 0
86	RECEIVED_RADIO_2 122
86	SENT_RADIO_1 122
86	SENT_RADIO_2 0
86	RADIO_TIME_1 19763
86	RADIO_TIME_2 19763
86	RETRANSMISSIONS_1 0
86	RETRANSMISSIONS_2 0
86	DROPPED_1 0
86	DROPPED_2 0
86	MAX_QUEUE 1
86	DUPLICATED_1 0
86	DUPLICATED_2 0
86	EBUSY_RADIO_1 0
86	EBUSY_RADIO_2 0
86	TEST_NUMBER 2
86	SENT_TOTAL 0
86	RECEIVED_TOTAL 0
86	TIME_TOTAL 0
86	RECEIVED_RADIO_1 0
86	RECEIVED_RADIO_2 102
86	SENT_RADIO_1 102
86	SENT_RADIO_2 0
86	RADIO_TIME_1 19764
86	RADIO_TIME_2 19764
86	RETRANSMISSIONS_1 0
86	RETRANSMISSIONS_2 0
86	DROPPED_1 0
86	DROPPED_2 0
86	MAX_QUEUE 1
86	DUPLICATED_1 0
86	DUPLICATED_2 0
86	EBUSY_RADIO_1 0
86	EBUSY_RADIO_2 0
86	TEST_NUMBER 3
86	SENT_TOTAL 0
86	RECEIVED_TOTAL 0
86	TIME_TOTAL 0
86	RECEIVED_RADIO_1 0
86	RECEIVED_RADIO_2 63
86	SENT_RADIO_1 63
86	SENT_RADIO_2 0
86	RADIO_TIME_1 13863
86	RADIO_TIME_2 13863
86	RETRANSMISSIONS_1 0
86	RETRANSMISSIONS_2 0
86	DROPPED_1 0
86	DROPPED_2 0
86	MAX_QUEUE 1
86	DUPLICATED_1 0
86	DUPLICATED_2 0
86	EBUSY_RADIO_1 0
86	EBUSY_RADIO_2 0
86	TEST_NUMBER 4
86	SENT_TOTAL 0
86	RECEIVED_TOTAL 0
86	TIME_TOTAL 0
86	RECEIVED_RADIO_1 0
86	RECEIVED_RADIO_2 108
86	SENT_RADIO_1 108
86	SENT_RADIO_2 0
86	RADIO_TIME_1 18966
86	RADIO_TIME_2 18966
86	RETRANSMISSIONS_1 0
86	RETRANSMISSIONS_2 0
86	DROPPED_1 0
86	DROPPED_2 0
86	MAX_QUEUE 1
86	DUPLICATED_1 0
86	DUPLICATED_2 0
86	EBUSY_RADIO_1 0
86	EBUSY_RADIO_2 0
86	TEST_NUMBER 5
86	SENT_TOTAL 0
86	RECEIVED_TOTAL 0
86	TIME_TOTAL 0
86	RECEIVED_RADIO_1 0
86	RECEIVED_RADIO_2 94
86	SENT_RADIO_1 94
86	SENT_RADIO_2 0
86	RADIO_TIME_1 17533
86	RADIO_TIME_2 17533
86	RETRANSMISSIONS_1 0
86	RETRANSMISSIONS_2 0
86	DROPPED_1 0
86	DROPPED_2 0
86	MAX_QUEUE 1
86	DUPLICATED_1 0
86	DUPLICATED_2 0
86	EBUSY_RADIO_1 0
86	EBUSY_RADIO_2 0
86	TEST_NUMBER 6
86	SENT_TOTAL 0
86	RECEIVED_TOTAL 0
86	TIME_TOTAL 0
86	RECEIVED_RADIO_1 0
86	RECEIVED_RADIO_2 120
86	SENT_RADIO_1 120
86	SENT_RADIO_2 0
86	RADIO_TIME_1 19764
86	RADIO_TIME_2 19764
86	RETRANSMISSIONS_1 0
86	RETRANSMISSIONS_2 0
86	DROPPED_1 0
86	DROPPED_2 0
86	MAX_QUEUE 1
86	DUPLICATED_1 0
86	DUPLICATED_2 0
86	EBUSY_RADIO_1 0
86	EBUSY_RADIO_2 0

90	DESTINATION_NODE 90
90	TEST_NUMBER 0
90	SENT_TOTAL 215
90	RECEIVED_TOTAL 215
90	TIME_TOTAL 19847
90	RECEIVED_RADIO_1 91
90	RECEIVED_RADIO_2 124
90	SENT_RADIO_1 108
90	SENT_RADIO_2 107
90	RADIO_TIME_1 19846
90	RADIO_TIME_2 19772
90	RETRANSMISSIONS_1 0
90	RETRANSMISSIONS_2 0
90	DROPPED_1 0
90	DROPPED_2 0
90	MAX_QUEUE 1
90	DUPLICATED_1 0
90	DUPLICATED_2 0
90	EBUSY_RADIO_1 0
90	EBUSY_RADIO_2 0
90	TEST_NUMBER 1
90	SENT_TOTAL 244
90	RECEIVED_TOTAL 244
90	TIME_TOTAL 19839
90	RECEIVED_RADIO_1 119
90	RECEIVED_RADIO_2 125
90	SENT_RADIO_1 122
90	SENT_RADIO_2 122
90	RADIO_TIME_1 19764
90	RADIO_TIME_2 19759
90	RETRANSMISSIONS_1 0
90	RETRANSMISSIONS_2 0
90	DROPPED_1 0
90	DROPPED_2 0
90	MAX_QUEUE 1
90	DUPLICATED_1 0
90	DUPLICATED_2 0
90	EBUSY_RADIO_1 0
90	EBUSY_RADIO_2 0
90	TEST_NUMBER 2
90	SENT_TOTAL 227
90	RECEIVED_TOTAL 227
90	TIME_TOTAL 19841
90	RECEIVED_RADIO_1 102
90	RECEIVED_RADIO_2 125
90	SENT_RADIO_1 113
90	SENT_RADIO_2 114
90	RADIO_TIME_1 19764
90	RADIO_TIME_2 19841
90	RETRANSMISSIONS_1 0
90	RETRANSMISSIONS_2 0
90	DROPPED_1 0
90	DROPPED_2 0
90	MAX_QUEUE 1
90	DUPLICATED_1 0
90	DUPLICATED_2 0
90	EBUSY_RADIO_1 0
90	EBUSY_RADIO_2 0
90	TEST_NUMBER 3
90	SENT_TOTAL 188
90	RECEIVED_TOTAL 188
90	TIME_TOTAL 19760
90	RECEIVED_RADIO_1 63
90	RECEIVED_RADIO_2 125
90	SENT_RADIO_1 94
90	SENT_RADIO_2 94
90	RADIO_TIME_1 19604
90	RADIO_TIME_2 19760
90	RETRANSMISSIONS_1 0
90	RETRANSMISSIONS_2 0
90	DROPPED_1 0
90	DROPPED_2 0
90	MAX_QUEUE 1
90	DUPLICATED_1 0
90	DUPLICATED_2 0
90	EBUSY_RADIO_1 0
90	EBUSY_RADIO_2 0
90	TEST_NUMBER 4
90	SENT_TOTAL 233
90	RECEIVED_TOTAL 233
90	TIME_TOTAL 19763
90	RECEIVED_RADIO_1 108
90	RECEIVED_RADIO_2 125
90	SENT_RADIO_1 117
90	SENT_RADIO_2 116
90	RADIO_TIME_1 19763
90	RADIO_TIME_2 19763
90	RETRANSMISSIONS_1 0
90	RETRANSMISSIONS_2 0
90	DROPPED_1 0
90	DROPPED_2 0
90	MAX_QUEUE 1
90	DUPLICATED_1 0
90	DUPLICATED_2 0
90	EBUSY_RADIO_1 0
90	EBUSY_RADIO_2 0
90	TEST_NUMBER 5
90	SENT_TOTAL 214
90	RECEIVED_TOTAL 214
90	TIME_TOTAL 19847
90	RECEIVED_RADIO_1 94
90	RECEIVED_RADIO_2 120
90	SENT_RADIO_1 107
90	SENT_RADIO_2 107
90	RADIO_TIME_1 19685
90	RADIO_TIME_2 19768
90	RETRANSMISSIONS_1 0
90	RETRANSMISSIONS_2 0
90	DROPPED_1 0
90	DROPPED_2 0
90	MAX_QUEUE 1
90	DUPLICATED_1 0
90	DUPLICATED_2 0
90	EBUSY_RADIO_1 0
90	EBUSY_RADIO_2 0
90	TEST_NUMBER 6
90	SENT_TOTAL 245
90	RECEIVED_TOTAL 245
90	TIME_TOTAL 19843
90	RECEIVED_RADIO_1 120
90	RECEIVED_RADIO_2 125
90	SENT_RADIO_1 122
90	SENT_RADIO_2 123
90	RADIO_TIME_1 19761
90	RADIO_TIME_2 19843
90	RETRANSMISSIONS_1 0
90	RETRANSMISSIONS_2 0
90	DROPPED_1 0
90	DROPPED_2 0
90	MAX_QUEUE 1
90	DUPLICATED_1 0
90	DUPLICATED_2 0
90	EBUSY_RADIO_1 0
90	EBUSY_RADIO_2 0
