
19	DESTINATION_NODE 19
19	TEST_NUMBER 0
19	SENT_TOTAL 122
19	RECEIVED_TOTAL 122
19	TIME_TOTAL 19206
19	RECEIVED_RADIO_1 0
19	RECEIVED_RADIO_2 122
19	SENT_RADIO_1 59
19	SENT_RADIO_2 63
19	RADIO_TIME_1 19050
19	RADIO_TIME_2 19206
19	RETRANSMISSIONS_1 5
19	RETRANSMISSIONS_2 0
19	DROPPED_1 0
19	DROPPED_2 0
19	MAX_QUEUE 1
19	DUPLICATED_1 0
19	DUPLICATED_2 0
19	EBUSY_RADIO_1 0
19	EBUSY_RADIO_2 0
19	86 0
19	86 0
19	86 0
19	TEST_NUMBER 1
19	SENT_TOTAL 125
19	RECEIVED_TOTAL 122
19	TIME_TOTAL 29723
19	RECEIVED_RADIO_1 0
19	RECEIVED_RADIO_2 125
19	SENT_RADIO_1 61
19	SENT_RADIO_2 64
19	RADIO_TIME_1 29723
19	RADIO_TIME_2 29723
19	RETRANSMISSIONS_1 6
19	RETRANSMISSIONS_2 1
19	DROPPED_1 0
19	DROPPED_2 0
19	MAX_QUEUE 1
19	DUPLICATED_1 0
19	DUPLICATED_2 0
19	EBUSY_RADIO_1 0
19	EBUSY_RADIO_2 0
19	86 1
19	86 1
19	86 1
19	TEST_NUMBER 2
19	SENT_TOTAL 125
19	RECEIVED_TOTAL 122
19	TIME_TOTAL 29645
19	RECEIVED_RADIO_1 0
19	RECEIVED_RADIO_2 125
19	SENT_RADIO_1 61
19	SENT_RADIO_2 64
19	RADIO_TIME_1 29324
19	RADIO_TIME_2 29645
19	RETRANSMISSIONS_1 4
19	RETRANSMISSIONS_2 1
19	DROPPED_1 0
19	DROPPED_2 0
19	MAX_QUEUE 1
19	DUPLICATED_1 0
19	DUPLICATED_2 1
19	EBUSY_RADIO_1 0
19	EBUSY_RADIO_2 0
19	86 2
19	86 2
19	86 2
19	86 2
19	TEST_NUMBER 3
19	SENT_TOTAL 125
19	RECEIVED_TOTAL 121
19	TIME_TOTAL 29723
19	RECEIVED_RADIO_1 0
19	RECEIVED_RADIO_2 125
19	SENT_RADIO_1 63
19	SENT_RADIO_2 62
19	RADIO_TIME_1 29723
19	RADIO_TIME_2 29723
19	RETRANSMISSIONS_1 2
19	RETRANSMISSIONS_2 2
19	DROPPED_1 0
19	DROPPED_2 0
19	MAX_QUEUE 1
19	DUPLICATED_1 0
19	DUPLICATED_2 2
19	EBUSY_RADIO_1 0
19	EBUSY_RADIO_2 0
19	86 3
19	86 3
19	86 3
19	86 3
19	TEST_NUMBER 4
19	SENT_TOTAL 125
19	RECEIVED_TOTAL 121
19	TIME_TOTAL 29723
19	RECEIVED_RADIO_1 0
19	RECEIVED_RADIO_2 125
19	SENT_RADIO_1 60
19	SENT_RADIO_2 65
19	RADIO_TIME_1 29405
19	RADIO_TIME_2 29723
19	RETRANSMISSIONS_1 5
19	RETRANSMISSIONS_2 1
19	DROPPED_1 0
19	DROPPED_2 0
19	MAX_QUEUE 1
19	DUPLICATED_1 0
19	DUPLICATED_2 2
19	EBUSY_RADIO_1 0
19	EBUSY_RADIO_2 0
19	86 4
19	86 4
19	86 4
19	86 4
19	TEST_NUMBER 5
19	SENT_TOTAL 124
19	RECEIVED_TOTAL 120
19	TIME_TOTAL 29806
19	RECEIVED_RADIO_1 0
19	RECEIVED_RADIO_2 124
19	SENT_RADIO_1 62
19	SENT_RADIO_2 62
19	RADIO_TIME_1 29645
19	RADIO_TIME_2 29806
19	RETRANSMISSIONS_1 3
19	RETRANSMISSIONS_2 2
19	DROPPED_1 0
19	DROPPED_2 0
19	MAX_QUEUE 1
19	DUPLICATED_1 0
19	DUPLICATED_2 4
19	EBUSY_RADIO_1 0
19	EBUSY_RADIO_2 0
19	86 5
19	86 5
19	86 5
19	TEST_NUMBER 6
19	SENT_TOTAL 126
19	RECEIVED_TOTAL 123
19	TIME_TOTAL 29726
19	RECEIVED_RADIO_1 0
19	RECEIVED_RADIO_2 126
19	SENT_RADIO_1 62
19	SENT_RADIO_2 64
19	RADIO_TIME_1 29567
19	RADIO_TIME_2 29726
19	RETRANSMISSIONS_1 5
19	RETRANSMISSIONS_2 2
19	DROPPED_1 0
19	DROPPED_2 0
19	MAX_QUEUE 1
19	DUPLICATED_1 0
19	DUPLICATED_2 0
19	EBUSY_RADIO_1 0
19	EBUSY_RADIO_2 0
19	86 6
19	86 6
19	86 6

25	RELAY_NODE 25
25	TEST_NUMBER 0
25	SENT_TOTAL 0
25	RECEIVED_TOTAL 0
25	TIME_TOTAL 0
25	RECEIVED_RADIO_1 50
25	RECEIVED_RADIO_2 101
25	SENT_RADIO_1 0
25	SENT_RADIO_2 6
25	RADIO_TIME_1 16104
25	RADIO_TIME_2 16145
25	RETRANSMISSIONS_1 977
25	RETRANSMISSIONS_2 453
25	DROPPED_1 98
25	DROPPED_2 45
25	MAX_QUEUE 2
25	DUPLICATED_1 0
25	DUPLICATED_2 0
25	EBUSY_RADIO_1 0
25	EBUSY_RADIO_2 0
25	TEST_NUMBER 1
25	SENT_TOTAL 0
25	RECEIVED_TOTAL 0
25	TIME_TOTAL 0
25	RECEIVED_RADIO_1 60
25	RECEIVED_RADIO_2 125
25	SENT_RADIO_1 0
25	SENT_RADIO_2 1
25	RADIO_TIME_1 29828
25	RADIO_TIME_2 29770
25	RETRANSMISSIONS_1 1247
25	RETRANSMISSIONS_2 594
25	DROPPED_1 125
25	DROPPED_2 60
25	MAX_QUEUE 3
25	DUPLICATED_1 2
25	DUPLICATED_2 0
25	EBUSY_RADIO_1 0
25	EBUSY_RADIO_2 0
25	TEST_NUMBER 2
25	SENT_TOTAL 0
25	RECEIVED_TOTAL 0
25	TIME_TOTAL 0
25	RECEIVED_RADIO_1 61
25	RECEIVED_RADIO_2 125
25	SENT_RADIO_1 0
25	SENT_RADIO_2 5
25	RADIO_TIME_1 29843
25	RADIO_TIME_2 29802
25	RETRANSMISSIONS_1 1240
25	RETRANSMISSIONS_2 558
25	DROPPED_1 124
25	DROPPED_2 56
25	MAX_QUEUE 2
25	DUPLICATED_1 1
25	DUPLICATED_2 0
25	EBUSY_RADIO_1 0
25	EBUSY_RADIO_2 0
25	TEST_NUMBER 3
25	SENT_TOTAL 0
25	RECEIVED_TOTAL 0
25	TIME_TOTAL 0
25	RECEIVED_RADIO_1 63
25	RECEIVED_RADIO_2 125
25	SENT_RADIO_1 1
25	SENT_RADIO_2 4
25	RADIO_TIME_1 29861
25	RADIO_TIME_2 29743
25	RETRANSMISSIONS_1 1241
25	RETRANSMISSIONS_2 598
25	DROPPED_1 124
25	DROPPED_2 60
25	MAX_QUEUE 2
25	DUPLICATED_1 1
25	DUPLICATED_2 0
25	EBUSY_RADIO_1 0
25	EBUSY_RADIO_2 0
25	TEST_NUMBER 4
25	SENT_TOTAL 0
25	RECEIVED_TOTAL 0
25	TIME_TOTAL 0
25	RECEIVED_RADIO_1 60
25	RECEIVED_RADIO_2 125
25	SENT_RADIO_1 0
25	SENT_RADIO_2 7
25	RADIO_TIME_1 29844
25	RADIO_TIME_2 29805
25	RETRANSMISSIONS_1 1210
25	RETRANSMISSIONS_2 558
25	DROPPED_1 121
25	DROPPED_2 56
25	MAX_QUEUE 2
25	DUPLICATED_1 0
25	DUPLICATED_2 0
25	EBUSY_RADIO_1 0
25	EBUSY_RADIO_2 0
25	TEST_NUMBER 5
25	SENT_TOTAL 0
25	RECEIVED_TOTAL 0
25	TIME_TOTAL 0
25	RECEIVED_RADIO_1 62
25	RECEIVED_RADIO_2 126
25	SENT_RADIO_1 0
25	SENT_RADIO_2 4
25	RADIO_TIME_1 29871
25	RADIO_TIME_2 29826
25	RETRANSMISSIONS_1 1237
25	RETRANSMISSIONS_2 598
25	DROPPED_1 124
25	DROPPED_2 60
25	MAX_QUEUE 3
25	DUPLICATED_1 0
25	DUPLICATED_2 0
25	EBUSY_RADIO_1 0
25	EBUSY_RADIO_2 0
25	TEST_NUMBER 6
25	SENT_TOTAL 0
25	RECEIVED_TOTAL 0
25	TIME_TOTAL 0
25	RECEIVED_RADIO_1 62
25	RECEIVED_RADIO_2 125
25	SENT_RADIO_1 0
25	SENT_RADIO_2 4
25	RADIO_TIME_1 29881
25	RADIO_TIME_2 29740
25	RETRANSMISSIONS_1 1225
25	RETRANSMISSIONS_2 598
25	DROPPED_1 123
25	DROPPED_2 60
25	MAX_QUEUE 2
25	DUPLICATED_1 2
25	DUPLICATED_2 0
25	EBUSY_RADIO_1 0
25	EBUSY_RADIO_2 0

46	SOURCE_NODE 46
46	84 1
46	84 2
46	83 2
46	85 2
46	79 19
46	84 3
46	84 4
46	83 4
46	85 4
46	79 14
46	84 5
46	84 6
46	84 7
46	84 8
46	83 8
46	85 8
46	79 16
46	84 9
46	84 10
46	84 11
46	84 12
46	83 12
46	85 12
46	79 15
46	84 13
46	84 14
46	84 15
46	84 16
46	83 16
46	85 16
46	79 15
46	84 17
46	84 18
46	84 19
46	83 19
46	85 18
46	79 144
46	84 20
46	83 20
46	85 20
46	79 17
46	84 1
46	84 2
46	84 3
46	84 4
46	83 4
46	85 4
46	79 16
46	84 5
46	84 6
46	84 7
46	84 8
46	83 8
46	85 8
46	79 15
46	84 9
46	84 10
46	84 11
46	84 12
46	83 12
46	85 12
46	79 19
46	84 13
46	84 14
46	84 15
46	84 16
46	83 16
46	85 16
46	79 15
46	84 17
46	84 18
46	84 19
46	84 20
46	83 20
46	85 20
46	79 12
46	84 1
46	84 2
46	84 3
46	84 4
46	83 4
46	85 4
46	79 13
46	84 5
46	84 6
46	84 7
46	84 8
46	83 8
46	85 8
46	79 13
46	84 9
46	84 10
46	84 11
46	84 12
46	83 12
46	85 12
46	79 14
46	84 13
46	84 14
46	83 14
46	85 14
46	79 23
46	84 15
46	83 15
46	85 10
46	79 457
46	84 16
46	83 16
46	85 16
46	79 24
46	84 17
46	83 17
46	85 17
46	79 20
46	84 18
46	84 19
46	84 20
46	84 1
46	83 1
46	85 1
46	79 17
46	84 2
46	84 3
46	84 4
46	84 5
46	83 5
46	85 5
46	79 15
46	84 6
46	84 7
46	84 8
46	84 9
46	83 9
46	85 9
46	79 12
46	84 10
46	84 11
46	83 11
46	85 11
46	79 33
46	84 12
46	84 13
46	84 14
46	84 15
46	83 15
46	85 15
46	79 12
46	84 16
46	84 17
46	84 18
46	84 19
46	83 19
46	85 19
46	79 16
46	84 20
46	84 1
46	84 2
46	84 3
46	83 3
46	85 3
46	79 15
46	84 4
46	84 5
46	84 6
46	84 7
46	83 7
46	85 7
46	79 12
46	84 8
46	84 9
46	84 10
46	84 11
46	83 11
46	85 11
46	79 14
46	84 12
46	84 13
46	84 14
46	84 15
46	83 15
46	85 15
46	79 14
46	84 16
46	84 17
46	84 18
46	84 19
46	83 19
46	85 19
46	79 13
46	84 20
46	84 1
46	84 2
46	84 3
46	83 3
46	85 3
46	79 15
46	84 4
46	84 5
46	84 6
46	84 7
46	83 7
46	85 7
46	79 18
46	84 8
46	84 9
46	83 9
46	85 9
46	79 26
46	84 10
46	84 11
46	84 12
46	84 13
46	83 13
46	85 13
46	79 16
46	84 14
46	84 15
46	84 16
46	84 17
46	83 17
46	85 17
46	79 16
46	84 18
46	84 19
46	84 20
46	84 1
46	83 1
46	85 1
46	79 18
46	84 2
46	84 3
46	84 4
46	84 5
46	83 5
46	85 5
46	79 15
46	84 6
46	84 7
46	84 8
46	84 9
46	83 9
46	85 9
46	79 12
46	84 10
46	84 11
46	84 12
46	84 13
46	83 13
46	85 13
46	79 11
46	84 14
46	84 15
46	84 16
46	84 17
46	83 17
46	85 17
46	79 13
46	84 18
46	84 19
46	84 20
46	84 1
46	83 1
46	85 1
46	79 19
46	84 2
46	84 3
46	84 4
46	84 5
46	83 5
46	85 5
46	79 15
46	84 6
46	84 7
46	84 8
46	84 9
46	83 9
46	85 9
46	79 13
46	84 10
46	84 11
46	84 12
46	84 13
46	83 13
46	85 13
46	79 19
46	84 14
46	84 15
46	83 15
46	85 15
46	79 33
46	84 16
46	84 17
46	83 17
46	85 17
46	79 13
46	84 18
46	84 19
46	84 20
46	84 1
46	83 1
46	85 1
46	79 16
46	84 2
46	84 3
46	84 4
46	84 5
46	83 5
46	85 5
46	79 17
46	84 6
46	84 7
46	84 8
46	84 9
46	83 9
46	85 9
46	79 16
46	84 10
46	84 11
46	84 12
46	84 13
46	83 13
46	85 13
46	79 16
46	84 14
46	84 15
46	84 16
46	84 17
46	83 17
46	85 17
46	79 16
46	84 18
46	84 19
46	83 19
46	85 19
46	79 41
46	84 20
46	84 1
46	83 1
46	85 1
46	79 13
46	84 2
46	84 3
46	84 4
46	84 5
46	83 5
46	85 5
46	79 16
46	84 6
46	84 7
46	84 8
46	84 9
46	83 9
46	85 9
46	79 13
46	84 10
46	84 11
46	84 12
46	84 13
46	83 13
46	85 13
46	79 15
46	84 14
46	84 15
46	84 16
46	84 17
46	83 17
46	85 17
46	79 13
46	84 18
46	84 19
46	84 20
46	84 1
46	83 1
46	85 1
46	79 13
46	84 2
46	84 3
46	84 4
46	84 5
46	83 5
46	85 5
46	79 14
46	84 6
46	84 7
46	84 8
46	84 9
46	83 9
46	85 9
46	79 15
46	84 10
46	84 11
46	84 12
46	84 13
46	83 13
46	85 13
46	79 15
46	84 14
46	84 15
46	84 16
46	84 17
46	83 17
46	85 17
46	79 11
46	84 18
46	84 19
46	83 19
46	85 19
46	79 32
46	84 20
46	84 1
46	84 2
46	84 3
46	83 3
46	85 3
46	79 14
46	84 4
46	84 5
46	84 6
46	84 7
46	83 7
46	85 7
46	79 15
46	84 8
46	84 9
46	84 10
46	84 11
46	83 11
46	85 11
46	79 12
46	84 12
46	84 13
46	84 14
46	84 15
46	83 15
46	85 15
46	79 16
46	84 16
46	84 17
46	84 18
46	84 19
46	83 19
46	85 19
46	79 15
46	84 20
46	84 1
46	84 2
46	84 3
46	83 3
46	85 3
46	79 14
46	84 4
46	84 5
46	84 6
46	84 7
46	83 7
46	85 7
46	79 13
46	84 8
46	84 9
46	84 10
46	TEST_NUMBER 0
46	SENT_TOTAL 250
46	RECEIVED_TOTAL 70
46	TIME_TOTAL 19518
46	RECEIVED_RADIO_1 6
46	RECEIVED_RADIO_2 64
46	SENT_RADIO_1 124
46	SENT_RADIO_2 125
46	RADIO_TIME_1 19843
46	RADIO_TIME_2 19683
46	RETRANSMISSIONS_1 1
46	RETRANSMISSIONS_2 0
46	DROPPED_1 0
46	DROPPED_2 0
46	MAX_QUEUE 1
46	DUPLICATED_1 0
46	DUPLICATED_2 0
46	EBUSY_RADIO_1 0
46	EBUSY_RADIO_2 0
46	84 1
46	83 1
46	85 1
46	79 18
46	84 2
46	84 3
46	84 4
46	84 5
46	83 5
46	85 5
46	79 15
46	84 6
46	84 7
46	84 8
46	84 9
46	83 9
46	85 9
46	79 18
46	84 10
46	84 11
46	84 12
46	84 13
46	83 13
46	85 13
46	79 16
46	84 14
46	84 15
46	84 16
46	84 17
46	83 17
46	85 17
46	79 18
46	84 18
46	84 19
46	84 20
46	84 1
46	83 1
46	85 1
46	79 12
46	84 2
46	84 3
46	84 4
46	84 5
46	83 5
46	85 5
46	79 16
46	84 6
46	84 7
46	84 8
46	84 9
46	83 9
46	85 9
46	79 15
46	84 10
46	84 11
46	84 12
46	84 13
46	83 13
46	85 13
46	79 16
46	84 14
46	84 15
46	84 16
46	84 17
46	83 17
46	85 17
46	79 15
46	84 18
46	84 19
46	84 20
46	84 1
46	83 1
46	85 1
46	79 13
46	84 2
46	84 3
46	83 3
46	85 3
46	79 35
46	84 4
46	84 5
46	84 6
46	84 7
46	83 7
46	85 7
46	79 19
46	84 8
46	84 9
46	84 10
46	84 11
46	83 11
46	85 11
46	79 17
46	84 12
46	84 13
46	84 14
46	84 15
46	83 15
46	85 15
46	79 13
46	84 16
46	84 17
46	84 18
46	84 19
46	83 19
46	85 19
46	79 15
46	84 20
46	84 1
46	84 2
46	84 3
46	83 3
46	85 3
46	79 15
46	84 4
46	84 5
46	84 6
46	84 7
46	83 7
46	85 7
46	79 12
46	84 8
46	84 9
46	84 10
46	84 11
46	83 11
46	85 11
46	79 15
46	84 12
46	84 13
46	84 14
46	84 15
46	83 15
46	85 15
46	79 18
46	84 16
46	84 17
46	84 18
46	83 18
46	85 17
46	79 135
46	84 19
46	83 19
46	85 19
46	79 15
46	84 20
46	84 1
46	84 2
46	84 3
46	83 3
46	85 3
46	79 14
46	84 4
46	84 5
46	84 6
46	84 7
46	84 8
46	84 9
46	83 9
46	85 7
46	79 185
46	84 10
46	84 11
46	83 11
46	85 11
46	79 16
46	84 12
46	84 13
46	84 14
46	84 15
46	83 15
46	85 15
46	79 11
46	84 16
46	84 17
46	84 18
46	84 19
46	83 19
46	85 19
46	79 15
46	84 20
46	84 1
46	84 2
46	84 3
46	83 3
46	85 3
46	79 15
46	84 4
46	84 5
46	84 6
46	84 7
46	83 7
46	85 7
46	79 17
46	84 8
46	84 9
46	84 10
46	84 11
46	83 11
46	85 11
46	79 15
46	84 12
46	84 13
46	84 14
46	84 15
46	83 15
46	85 15
46	79 12
46	84 16
46	84 17
46	84 18
46	84 19
46	83 19
46	85 19
46	79 15
46	84 20
46	84 1
46	84 2
46	84 3
46	83 3
46	85 3
46	79 17
46	84 4
46	84 5
46	84 6
46	84 7
46	83 7
46	85 7
46	79 16
46	84 8
46	84 9
46	84 10
46	84 11
46	83 11
46	85 11
46	79 15
46	84 12
46	84 13
46	84 14
46	84 15
46	83 15
46	85 15
46	79 16
46	84 16
46	84 17
46	84 18
46	84 19
46	83 19
46	85 19
46	79 17
46	84 20
46	84 1
46	84 2
46	84 3
46	83 3
46	85 3
46	79 14
46	84 4
46	84 5
46	84 6
46	84 7
46	83 7
46	85 7
46	79 19
46	84 8
46	84 9
46	84 10
46	84 11
46	83 11
46	85 11
46	79 17
46	84 12
46	84 13
46	84 14
46	84 15
46	83 15
46	85 15
46	79 13
46	84 16
46	84 17
46	84 18
46	84 19
46	83 19
46	85 19
46	79 13
46	84 20
46	84 1
46	83 1
46	85 1
46	79 21
46	84 2
46	84 3
46	84 4
46	84 5
46	83 5
46	85 5
46	79 16
46	84 6
46	84 7
46	84 8
46	84 9
46	83 9
46	85 9
46	79 18
46	84 10
46	84 11
46	84 12
46	84 13
46	83 13
46	85 13
46	79 14
46	84 14
46	84 15
46	84 16
46	84 17
46	83 17
46	85 17
46	79 14
46	84 18
46	84 19
46	84 20
46	84 1
46	83 1
46	85 1
46	79 14
46	84 2
46	84 3
46	84 4
46	84 5
46	83 5
46	85 5
46	79 13
46	84 6
46	84 7
46	84 8
46	84 9
46	83 9
46	85 9
46	79 12
46	84 10
46	84 11
46	84 12
46	84 13
46	83 13
46	85 13
46	79 19
46	84 14
46	84 15
46	84 16
46	84 17
46	83 17
46	85 17
46	79 14
46	84 18
46	84 19
46	83 19
46	85 19
46	79 21
46	84 20
46	84 1
46	84 2
46	84 3
46	83 3
46	85 3
46	79 18
46	84 4
46	84 5
46	84 6
46	84 7
46	83 7
46	85 7
46	79 16
46	84 8
46	84 9
46	84 10
46	84 11
46	83 11
46	85 11
46	79 18
46	84 12
46	84 13
46	84 14
46	84 15
46	83 15
46	85 15
46	79 16
46	84 16
46	84 17
46	84 18
46	84 19
46	83 19
46	85 19
46	79 13
46	84 20
46	84 1
46	84 2
46	84 3
46	83 3
46	85 3
46	79 17
46	84 4
46	84 5
46	84 6
46	84 7
46	83 7
46	85 7
46	79 16
46	84 8
46	84 9
46	84 10
46	84 11
46	83 11
46	85 11
46	79 12
46	84 12
46	84 13
46	83 13
46	85 13
46	79 24
46	84 14
46	84 15
46	84 16
46	84 17
46	83 17
46	85 17
46	79 14
46	84 18
46	84 19
46	84 20
46	84 1
46	83 1
46	85 1
46	79 17
46	84 2
46	84 3
46	84 4
46	84 5
46	83 5
46	85 5
46	79 18
46	84 6
46	84 7
46	84 8
46	84 9
46	83 9
46	85 9
46	79 14
46	84 10
46	TEST_NUMBER 1
46	SENT_TOTAL 250
46	RECEIVED_TOTAL 66
46	TIME_TOTAL 19759
46	RECEIVED_RADIO_1 1
46	RECEIVED_RADIO_2 65
46	SENT_RADIO_1 125
46	SENT_RADIO_2 125
46	RADIO_TIME_1 19763
46	RADIO_TIME_2 19777
46	RETRANSMISSIONS_1 0
46	RETRANSMISSIONS_2 0
46	DROPPED_1 0
46	DROPPED_2 0
46	MAX_QUEUE 1
46	DUPLICATED_1 0
46	DUPLICATED_2 0
46	EBUSY_RADIO_1 0
46	EBUSY_RADIO_2 0
46	84 1
46	83 1
46	85 1
46	79 26
46	84 2
46	84 3
46	83 3
46	85 3
46	79 13
46	84 4
46	84 5
46	84 6
46	84 7
46	83 7
46	85 7
46	79 16
46	84 8
46	84 9
46	84 10
46	84 11
46	83 11
46	85 11
46	79 16
46	84 12
46	84 13
46	84 14
46	84 15
46	84 16
46	83 16
46	85 16
46	79 39
46	84 17
46	84 18
46	83 18
46	85 15
46	79 255
46	84 19
46	84 20
46	83 20
46	85 20
46	79 12
46	84 1
46	84 2
46	84 3
46	84 4
46	83 4
46	85 4
46	79 14
46	84 5
46	84 6
46	84 7
46	84 8
46	83 8
46	85 8
46	79 13
46	84 9
46	83 9
46	85 9
46	79 36
46	84 10
46	84 11
46	83 11
46	85 11
46	79 12
46	84 12
46	84 13
46	84 14
46	84 15
46	83 15
46	85 15
46	79 17
46	84 16
46	84 17
46	84 18
46	84 19
46	83 19
46	85 19
46	79 14
46	84 20
46	84 1
46	84 2
46	84 3
46	83 3
46	85 3
46	79 17
46	84 4
46	84 5
46	83 5
46	85 5
46	79 36
46	84 6
46	84 7
46	83 7
46	85 7
46	79 14
46	84 8
46	84 9
46	84 10
46	84 11
46	83 11
46	85 11
46	79 16
46	84 12
46	84 13
46	84 14
46	84 15
46	83 15
46	85 15
46	79 16
46	84 16
46	84 17
46	84 18
46	84 19
46	83 19
46	85 19
46	79 13
46	84 20
46	84 1
46	83 1
46	85 1
46	79 30
46	84 2
46	84 3
46	84 4
46	84 5
46	83 5
46	85 5
46	79 15
46	84 6
46	84 7
46	84 8
46	84 9
46	83 9
46	85 9
46	79 12
46	84 10
46	84 11
46	84 12
46	84 13
46	83 13
46	85 13
46	79 20
46	84 14
46	84 15
46	84 16
46	84 17
46	83 17
46	85 17
46	79 10
46	84 18
46	84 19
46	84 20
46	84 1
46	84 2
46	83 2
46	85 2
46	79 13
46	84 3
46	84 4
46	84 5
46	84 6
46	83 6
46	85 6
46	79 17
46	84 7
46	84 8
46	84 9
46	84 10
46	83 10
46	85 10
46	79 14
46	84 11
46	84 12
46	84 13
46	84 14
46	83 14
46	85 14
46	79 14
46	84 15
46	84 16
46	84 17
46	84 18
46	83 18
46	85 18
46	79 14
46	84 19
46	84 20
46	84 1
46	84 2
46	83 2
46	85 2
46	79 11
46	84 3
46	84 4
46	84 5
46	84 6
46	83 6
46	85 6
46	79 15
46	84 7
46	84 8
46	84 9
46	84 10
46	83 10
46	85 10
46	79 16
46	84 11
46	84 12
46	84 13
46	84 14
46	83 14
46	85 14
46	79 20
46	84 15
46	84 16
46	84 17
46	84 18
46	83 18
46	85 18
46	79 18
46	84 19
46	84 20
46	83 20
46	85 20
46	79 28
46	84 1
46	84 2
46	84 3
46	84 4
46	83 4
46	85 4
46	79 16
46	84 5
46	84 6
46	84 7
46	84 8
46	83 8
46	85 8
46	79 16
46	84 9
46	84 10
46	84 11
46	84 12
46	83 12
46	85 12
46	79 16
46	84 13
46	84 14
46	84 15
46	84 16
46	83 16
46	85 16
46	79 15
46	84 17
46	84 18
46	84 19
46	84 20
46	83 20
46	85 20
46	79 14
46	84 1
46	84 2
46	84 3
46	84 4
46	83 4
46	85 4
46	79 11
46	84 5
46	84 6
46	84 7
46	84 8
46	83 8
46	85 8
46	79 17
46	84 9
46	84 10
46	84 11
46	84 12
46	83 12
46	85 12
46	79 15
46	84 13
46	84 14
46	83 14
46	85 14
46	79 35
46	84 15
46	84 16
46	84 17
46	84 18
46	83 18
46	85 18
46	79 15
46	84 19
46	84 20
46	84 1
46	84 2
46	83 2
46	85 2
46	79 17
46	84 3
46	84 4
46	84 5
46	84 6
46	83 6
46	85 6
46	79 16
46	84 7
46	84 8
46	84 9
46	84 10
46	83 10
46	85 10
46	79 15
46	84 11
46	84 12
46	84 13
46	84 14
46	83 14
46	85 14
46	79 16
46	84 15
46	84 16
46	84 17
46	84 18
46	83 18
46	85 18
46	79 12
46	84 19
46	84 20
46	84 1
46	84 2
46	83 2
46	85 2
46	79 16
46	84 3
46	84 4
46	84 5
46	84 6
46	83 6
46	85 6
46	79 13
46	84 7
46	84 8
46	84 9
46	84 10
46	83 10
46	85 10
46	79 17
46	84 11
46	84 12
46	83 12
46	85 12
46	79 38
46	84 13
46	84 14
46	83 14
46	85 14
46	79 13
46	84 15
46	84 16
46	84 17
46	84 18
46	83 18
46	85 18
46	79 14
46	84 19
46	84 20
46	84 1
46	84 2
46	83 2
46	85 2
46	79 20
46	84 3
46	84 4
46	84 5
46	84 6
46	83 6
46	85 6
46	79 13
46	84 7
46	84 8
46	84 9
46	84 10
46	83 10
46	85 10
46	79 16
46	84 11
46	84 12
46	84 13
46	84 14
46	83 14
46	85 14
46	79 16
46	84 15
46	84 16
46	84 17
46	84 18
46	83 18
46	85 18
46	79 18
46	84 19
46	84 20
46	84 1
46	84 2
46	83 2
46	85 2
46	79 14
46	84 3
46	84 4
46	84 5
46	84 6
46	83 6
46	85 6
46	79 12
46	84 7
46	84 8
46	84 9
46	84 10
46	83 10
46	85 10
46	79 14
46	84 11
46	84 12
46	84 13
46	84 14
46	83 14
46	85 14
46	79 14
46	84 15
46	84 16
46	84 17
46	84 18
46	83 18
46	85 18
46	79 14
46	84 19
46	84 20
46	84 1
46	84 2
46	83 2
46	85 2
46	79 14
46	84 3
46	84 4
46	84 5
46	84 6
46	83 6
46	85 6
46	79 18
46	84 7
46	84 8
46	84 9
46	84 10
46	TEST_NUMBER 2
46	SENT_TOTAL 250
46	RECEIVED_TOTAL 68
46	TIME_TOTAL 19516
46	RECEIVED_RADIO_1 5
46	RECEIVED_RADIO_2 63
46	SENT_RADIO_1 125
46	SENT_RADIO_2 125
46	RADIO_TIME_1 19737
46	RADIO_TIME_2 19843
46	RETRANSMISSIONS_1 2
46	RETRANSMISSIONS_2 1
46	DROPPED_1 0
46	DROPPED_2 0
46	MAX_QUEUE 1
46	DUPLICATED_1 0
46	DUPLICATED_2 0
46	EBUSY_RADIO_1 0
46	EBUSY_RADIO_2 0
46	83 0
46	85 10
46	86 2
46	84 1
46	84 2
46	84 3
46	84 4
46	83 4
46	85 4
46	79 16
46	84 5
46	84 6
46	84 7
46	84 8
46	83 8
46	85 8
46	79 17
46	84 9
46	84 10
46	84 11
46	84 12
46	83 12
46	85 12
46	79 15
46	84 13
46	84 14
46	84 15
46	84 16
46	83 16
46	85 16
46	79 12
46	84 17
46	84 18
46	84 19
46	84 20
46	83 20
46	85 20
46	79 15
46	84 1
46	84 2
46	84 3
46	84 4
46	83 4
46	85 4
46	79 16
46	84 5
46	84 6
46	84 7
46	84 8
46	83 8
46	85 8
46	79 16
46	84 9
46	84 10
46	84 11
46	84 12
46	83 12
46	85 12
46	79 16
46	84 13
46	84 14
46	84 15
46	84 16
46	83 16
46	85 16
46	79 14
46	84 17
46	84 18
46	84 19
46	84 20
46	83 20
46	85 20
46	79 14
46	84 1
46	84 2
46	84 3
46	84 4
46	83 4
46	85 4
46	79 15
46	84 5
46	84 6
46	84 7
46	84 8
46	83 8
46	85 8
46	79 15
46	84 9
46	84 10
46	84 11
46	84 12
46	83 12
46	85 12
46	79 14
46	84 13
46	84 14
46	83 14
46	85 14
46	79 32
46	84 15
46	84 16
46	84 17
46	84 18
46	84 19
46	83 19
46	85 19
46	79 12
46	84 20
46	84 1
46	84 2
46	83 2
46	85 1
46	79 126
46	84 3
46	83 3
46	85 3
46	79 16
46	84 4
46	84 5
46	84 6
46	84 7
46	83 7
46	85 7
46	79 15
46	84 8
46	84 9
46	84 10
46	84 11
46	83 11
46	85 11
46	79 12
46	84 12
46	84 13
46	83 13
46	85 13
46	79 28
46	84 14
46	84 15
46	84 16
46	84 17
46	84 18
46	84 19
46	83 19
46	85 15
46	79 338
46	83 19
46	85 19
46	79 43
46	84 20
46	84 1
46	83 1
46	85 1
46	79 19
46	84 2
46	84 3
46	84 4
46	84 5
46	84 6
46	84 7
46	84 8
46	84 9
46	83 9
46	85 5
46	79 334
46	84 10
46	84 11
46	83 11
46	85 11
46	79 19
46	84 12
46	84 13
46	84 14
46	84 15
46	83 15
46	85 15
46	79 15
46	84 16
46	84 17
46	84 18
46	84 19
46	83 19
46	85 19
46	79 15
46	84 20
46	84 1
46	84 2
46	84 3
46	83 3
46	85 3
46	79 17
46	84 4
46	84 5
46	83 5
46	85 5
46	79 25
46	84 6
46	83 6
46	85 6
46	79 20
46	84 7
46	84 8
46	84 9
46	84 10
46	84 11
46	83 11
46	85 11
46	79 14
46	84 12
46	84 13
46	84 14
46	84 15
46	83 15
46	85 15
46	79 11
46	84 16
46	84 17
46	84 18
46	84 19
46	83 19
46	85 19
46	79 11
46	84 20
46	84 1
46	84 2
46	84 3
46	83 3
46	85 3
46	79 15
46	84 4
46	84 5
46	84 6
46	84 7
46	83 7
46	85 7
46	79 11
46	84 8
46	84 9
46	84 10
46	84 11
46	83 11
46	85 11
46	79 12
46	84 12
46	84 13
46	84 14
46	84 15
46	83 15
46	85 15
46	79 17
46	84 16
46	84 17
46	84 18
46	84 19
46	83 19
46	85 19
46	79 15
46	84 20
46	84 1
46	84 2
46	84 3
46	83 3
46	85 3
46	79 14
46	84 4
46	84 5
46	84 6
46	84 7
46	83 7
46	85 7
46	79 17
46	84 8
46	84 9
46	84 10
46	84 11
46	83 11
46	85 11
46	79 17
46	84 12
46	84 13
46	84 14
46	84 15
46	83 15
46	85 15
46	79 15
46	84 16
46	84 17
46	84 18
46	84 19
46	83 19
46	85 19
46	79 14
46	84 20
46	84 1
46	84 2
46	84 3
46	83 3
46	85 3
46	79 14
46	84 4
46	84 5
46	84 6
46	84 7
46	83 7
46	85 7
46	79 19
46	84 8
46	84 9
46	84 10
46	84 11
46	83 11
46	85 11
46	79 17
46	84 12
46	84 13
46	84 14
46	84 15
46	83 15
46	85 15
46	79 14
46	84 16
46	84 17
46	84 18
46	84 19
46	83 19
46	85 19
46	79 18
46	84 20
46	84 1
46	84 2
46	84 3
46	83 3
46	85 3
46	79 11
46	84 4
46	84 5
46	84 6
46	84 7
46	83 7
46	85 7
46	79 15
46	84 8
46	84 9
46	84 10
46	84 11
46	83 11
46	85 11
46	79 14
46	84 12
46	84 13
46	84 14
46	84 15
46	83 15
46	85 15
46	79 13
46	84 16
46	84 17
46	84 18
46	84 19
46	83 19
46	85 19
46	79 14
46	84 20
46	84 1
46	84 2
46	84 3
46	83 3
46	85 3
46	79 14
46	84 4
46	84 5
46	84 6
46	84 7
46	83 7
46	85 7
46	79 15
46	84 8
46	84 9
46	84 10
46	84 11
46	83 11
46	85 11
46	79 18
46	84 12
46	84 13
46	84 14
46	84 15
46	83 15
46	85 15
46	79 17
46	84 16
46	84 17
46	84 18
46	84 19
46	83 19
46	85 19
46	79 17
46	84 20
46	84 1
46	84 2
46	84 3
46	83 3
46	85 3
46	79 18
46	84 4
46	84 5
46	84 6
46	84 7
46	83 7
46	85 7
46	79 11
46	84 8
46	84 9
46	84 10
46	84 11
46	83 11
46	85 11
46	79 17
46	84 12
46	84 13
46	84 14
46	84 15
46	83 15
46	85 15
46	79 17
46	84 16
46	84 17
46	84 18
46	83 18
46	85 18
46	79 16
46	84 19
46	84 20
46	83 20
46	85 20
46	79 21
46	84 1
46	84 2
46	84 3
46	84 4
46	83 4
46	85 4
46	79 18
46	84 5
46	84 6
46	84 7
46	84 8
46	83 8
46	85 8
46	79 12
46	84 9
46	84 10
46	TEST_NUMBER 3
46	SENT_TOTAL 250
46	RECEIVED_TOTAL 66
46	TIME_TOTAL 29722
46	RECEIVED_RADIO_1 4
46	RECEIVED_RADIO_2 63
46	SENT_RADIO_1 125
46	SENT_RADIO_2 125
46	RADIO_TIME_1 19763
46	RADIO_TIME_2 29869
46	RETRANSMISSIONS_1 2
46	RETRANSMISSIONS_2 2
46	DROPPED_1 0
46	DROPPED_2 0
46	MAX_QUEUE 1
46	DUPLICATED_1 0
46	DUPLICATED_2 0
46	EBUSY_RADIO_1 0
46	EBUSY_RADIO_2 0
46	83 0
46	85 10
46	86 3
46	84 1
46	84 2
46	83 2
46	85 2
46	79 19
46	84 3
46	84 4
46	84 5
46	84 6
46	83 6
46	85 6
46	79 16
46	84 7
46	84 8
46	84 9
46	84 10
46	83 10
46	85 10
46	79 15
46	84 11
46	84 12
46	84 13
46	84 14
46	83 14
46	85 14
46	79 14
46	84 15
46	84 16
46	84 17
46	84 18
46	83 18
46	85 18
46	79 15
46	84 19
46	84 20
46	84 1
46	84 2
46	83 2
46	85 2
46	79 16
46	84 3
46	84 4
46	84 5
46	84 6
46	83 6
46	85 6
46	79 19
46	84 7
46	84 8
46	83 8
46	85 8
46	79 25
46	84 9
46	84 10
46	84 11
46	84 12
46	83 12
46	85 12
46	79 16
46	84 13
46	84 14
46	84 15
46	84 16
46	83 16
46	85 16
46	79 18
46	84 17
46	84 18
46	84 19
46	84 20
46	84 1
46	83 1
46	85 20
46	79 133
46	84 2
46	83 2
46	85 18
46	79 332
46	83 2
46	85 2
46	79 31
46	84 3
46	84 4
46	83 4
46	85 4
46	79 15
46	84 5
46	84 6
46	84 7
46	84 8
46	83 8
46	85 8
46	79 15
46	84 9
46	84 10
46	83 10
46	85 10
46	79 39
46	84 11
46	84 12
46	83 12
46	85 12
46	79 15
46	84 13
46	84 14
46	84 15
46	84 16
46	83 16
46	85 16
46	79 14
46	84 17
46	84 18
46	84 19
46	84 20
46	83 20
46	85 20
46	79 15
46	84 1
46	84 2
46	84 3
46	84 4
46	83 4
46	85 4
46	79 19
46	84 5
46	84 6
46	84 7
46	84 8
46	83 8
46	85 8
46	79 17
46	84 9
46	84 10
46	84 11
46	84 12
46	83 12
46	85 12
46	79 14
46	84 13
46	84 14
46	84 15
46	84 16
46	83 16
46	85 16
46	79 16
46	84 17
46	84 18
46	84 19
46	84 20
46	83 20
46	85 20
46	79 16
46	84 1
46	84 2
46	84 3
46	84 4
46	83 4
46	85 4
46	79 15
46	84 5
46	84 6
46	84 7
46	84 8
46	83 8
46	85 8
46	79 18
46	84 9
46	84 10
46	84 11
46	84 12
46	83 12
46	85 12
46	79 18
46	84 13
46	84 14
46	84 15
46	84 16
46	83 16
46	85 16
46	79 17
46	84 17
46	84 18
46	84 19
46	84 20
46	83 20
46	85 20
46	79 13
46	84 1
46	84 2
46	84 3
46	84 4
46	83 4
46	85 4
46	79 35
46	84 5
46	84 6
46	84 7
46	84 8
46	83 8
46	85 8
46	79 20
46	84 9
46	84 10
46	84 11
46	84 12
46	83 12
46	85 12
46	79 18
46	84 13
46	84 14
46	83 14
46	85 14
46	79 23
46	84 15
46	84 16
46	84 17
46	84 18
46	83 18
46	85 18
46	79 16
46	84 19
46	84 20
46	84 1
46	84 2
46	83 2
46	85 2
46	79 16
46	84 3
46	84 4
46	84 5
46	83 5
46	85 4
46	79 135
46	84 6
46	83 6
46	85 6
46	79 15
46	84 7
46	83 7
46	85 7
46	79 32
46	84 8
46	84 9
46	83 9
46	85 9
46	79 13
46	84 10
46	84 11
46	84 12
46	84 13
46	83 13
46	85 13
46	79 15
46	84 14
46	84 15
46	83 15
46	85 15
46	79 39
46	84 16
46	84 17
46	83 17
46	85 17
46	79 11
46	84 18
46	84 19
46	84 20
46	84 1
46	84 2
46	83 2
46	85 2
46	79 16
46	84 3
46	84 4
46	84 5
46	84 6
46	83 6
46	85 6
46	79 11
46	84 7
46	84 8
46	83 8
46	85 8
46	79 26
46	84 9
46	84 10
46	84 11
46	84 12
46	83 12
46	85 12
46	79 15
46	84 13
46	84 14
46	84 15
46	84 16
46	83 16
46	85 16
46	79 15
46	84 17
46	84 18
46	84 19
46	84 20
46	83 20
46	85 20
46	79 14
46	84 1
46	84 2
46	84 3
46	84 4
46	83 4
46	85 4
46	79 15
46	84 5
46	84 6
46	84 7
46	84 8
46	83 8
46	85 8
46	79 18
46	84 9
46	84 10
46	84 11
46	84 12
46	83 12
46	85 12
46	79 19
46	84 13
46	84 14
46	84 15
46	84 16
46	83 16
46	85 16
46	79 17
46	84 17
46	84 18
46	84 19
46	84 20
46	83 20
46	85 20
46	79 18
46	84 1
46	84 2
46	84 3
46	84 4
46	83 4
46	85 4
46	79 14
46	84 5
46	84 6
46	83 6
46	85 6
46	79 32
46	84 7
46	84 8
46	84 9
46	84 10
46	83 10
46	85 10
46	79 15
46	84 11
46	84 12
46	84 13
46	84 14
46	83 14
46	85 14
46	79 13
46	84 15
46	84 16
46	84 17
46	84 18
46	83 18
46	85 18
46	79 17
46	84 19
46	84 20
46	84 1
46	84 2
46	83 2
46	85 2
46	79 15
46	84 3
46	84 4
46	84 5
46	84 6
46	83 6
46	85 6
46	79 13
46	84 7
46	84 8
46	84 9
46	84 10
46	83 10
46	85 10
46	79 16
46	84 11
46	84 12
46	84 13
46	84 14
46	83 14
46	85 14
46	79 12
46	84 15
46	84 16
46	84 17
46	84 18
46	83 18
46	85 18
46	79 12
46	84 19
46	84 20
46	84 1
46	84 2
46	83 2
46	85 2
46	79 15
46	84 3
46	84 4
46	84 5
46	84 6
46	83 6
46	85 6
46	79 18
46	84 7
46	84 8
46	84 9
46	84 10
46	83 10
46	85 10
46	79 15
46	84 11
46	84 12
46	84 13
46	84 14
46	83 14
46	85 14
46	79 14
46	84 15
46	84 16
46	84 17
46	84 18
46	83 18
46	85 18
46	79 15
46	84 19
46	84 20
46	84 1
46	84 2
46	83 2
46	85 2
46	79 15
46	84 3
46	84 4
46	84 5
46	84 6
46	83 6
46	85 6
46	79 16
46	84 7
46	84 8
46	84 9
46	84 10
46	TEST_NUMBER 4
46	SENT_TOTAL 250
46	RECEIVED_TOTAL 70
46	TIME_TOTAL 29440
46	RECEIVED_RADIO_1 7
46	RECEIVED_RADIO_2 64
46	SENT_RADIO_1 125
46	SENT_RADIO_2 125
46	RADIO_TIME_1 29663
46	RADIO_TIME_2 19763
46	RETRANSMISSIONS_1 2
46	RETRANSMISSIONS_2 2
46	DROPPED_1 0
46	DROPPED_2 0
46	MAX_QUEUE 1
46	DUPLICATED_1 0
46	DUPLICATED_2 0
46	EBUSY_RADIO_1 0
46	EBUSY_RADIO_2 0
46	83 0
46	85 10
46	86 4
46	84 1
46	84 2
46	84 3
46	84 4
46	83 4
46	85 4
46	79 13
46	84 5
46	84 6
46	84 7
46	84 8
46	83 8
46	85 8
46	79 12
46	84 9
46	84 10
46	84 11
46	84 12
46	83 12
46	85 12
46	79 13
46	84 13
46	84 14
46	84 15
46	84 16
46	83 16
46	85 16
46	79 16
46	84 17
46	84 18
46	84 19
46	84 20
46	83 20
46	85 20
46	79 16
46	84 1
46	84 2
46	84 3
46	84 4
46	84 5
46	83 5
46	85 5
46	79 12
46	84 6
46	84 7
46	84 8
46	84 9
46	83 9
46	85 9
46	79 16
46	84 10
46	84 11
46	84 12
46	84 13
46	83 13
46	85 13
46	79 13
46	84 14
46	84 15
46	84 16
46	83 16
46	85 15
46	79 135
46	84 17
46	83 17
46	85 17
46	79 18
46	84 18
46	84 19
46	84 20
46	84 1
46	83 1
46	85 1
46	79 17
46	84 2
46	84 3
46	84 4
46	84 5
46	83 5
46	85 5
46	79 16
46	84 6
46	84 7
46	84 8
46	84 9
46	83 9
46	85 9
46	79 18
46	84 10
46	84 11
46	84 12
46	84 13
46	84 14
46	83 14
46	85 14
46	79 17
46	84 15
46	84 16
46	84 17
46	84 18
46	83 18
46	85 18
46	79 14
46	84 19
46	84 20
46	84 1
46	84 2
46	83 2
46	85 2
46	79 14
46	84 3
46	84 4
46	84 5
46	84 6
46	83 6
46	85 6
46	79 17
46	84 7
46	84 8
46	84 9
46	84 10
46	83 10
46	85 10
46	79 14
46	84 11
46	84 12
46	84 13
46	84 14
46	83 14
46	85 14
46	79 17
46	84 15
46	84 16
46	84 17
46	84 18
46	83 18
46	85 18
46	79 17
46	84 19
46	84 20
46	84 1
46	84 2
46	83 2
46	85 2
46	79 14
46	84 3
46	84 4
46	84 5
46	84 6
46	83 6
46	85 6
46	79 13
46	84 7
46	84 8
46	84 9
46	84 10
46	83 10
46	85 10
46	79 15
46	84 11
46	84 12
46	84 13
46	84 14
46	83 14
46	85 14
46	79 17
46	84 15
46	84 16
46	84 17
46	84 18
46	83 18
46	85 18
46	79 13
46	84 19
46	84 20
46	84 1
46	84 2
46	83 2
46	85 2
46	79 14
46	84 3
46	84 4
46	84 5
46	84 6
46	83 6
46	85 6
46	79 13
46	84 7
46	84 8
46	84 9
46	84 10
46	83 10
46	85 10
46	79 19
46	84 11
46	84 12
46	84 13
46	84 14
46	83 14
46	85 14
46	79 15
46	84 15
46	84 16
46	84 17
46	84 18
46	83 18
46	85 18
46	79 14
46	84 19
46	84 20
46	84 1
46	84 2
46	83 2
46	85 2
46	79 18
46	84 3
46	84 4
46	83 4
46	85 4
46	79 31
46	84 5
46	84 6
46	84 7
46	83 7
46	85 7
46	79 24
46	83 7
46	85 6
46	79 139
46	84 8
46	84 9
46	83 9
46	85 9
46	79 27
46	84 10
46	84 11
46	83 11
46	85 11
46	79 14
46	84 12
46	84 13
46	84 14
46	84 15
46	83 15
46	85 15
46	79 13
46	84 16
46	84 17
46	84 18
46	84 19
46	84 20
46	84 1
46	83 1
46	85 19
46	79 187
46	84 2
46	84 3
46	83 3
46	85 3
46	79 13
46	84 4
46	84 5
46	84 6
46	84 7
46	83 7
46	85 7
46	79 11
46	84 8
46	84 9
46	84 10
46	84 11
46	83 11
46	85 11
46	79 15
46	84 12
46	84 13
46	84 14
46	84 15
46	83 15
46	85 15
46	79 18
46	84 16
46	84 17
46	84 18
46	84 19
46	83 19
46	85 19
46	79 15
46	84 20
46	84 1
46	84 2
46	84 3
46	83 3
46	85 3
46	79 14
46	84 4
46	84 5
46	84 6
46	84 7
46	83 7
46	85 7
46	79 13
46	84 8
46	84 9
46	84 10
46	83 10
46	85 9
46	79 133
46	84 11
46	83 11
46	85 11
46	79 14
46	84 12
46	84 13
46	84 14
46	84 15
46	83 15
46	85 15
46	79 16
46	84 16
46	84 17
46	84 18
46	84 19
46	83 19
46	85 19
46	79 13
46	84 20
46	84 1
46	84 2
46	84 3
46	83 3
46	85 3
46	79 12
46	84 4
46	84 5
46	84 6
46	84 7
46	83 7
46	85 7
46	79 18
46	84 8
46	84 9
46	84 10
46	84 11
46	83 11
46	85 11
46	79 16
46	84 12
46	84 13
46	84 14
46	84 15
46	83 15
46	85 15
46	79 15
46	84 16
46	84 17
46	84 18
46	84 19
46	83 19
46	85 19
46	79 15
46	84 20
46	84 1
46	84 2
46	84 3
46	84 4
46	83 4
46	85 4
46	79 12
46	84 5
46	84 6
46	84 7
46	84 8
46	83 8
46	85 8
46	79 16
46	84 9
46	84 10
46	84 11
46	84 12
46	83 12
46	85 12
46	79 17
46	84 13
46	84 14
46	84 15
46	84 16
46	83 16
46	85 16
46	79 19
46	84 17
46	84 18
46	84 19
46	84 20
46	84 1
46	83 1
46	85 1
46	79 16
46	84 2
46	84 3
46	84 4
46	84 5
46	83 5
46	85 5
46	79 19
46	84 6
46	84 7
46	84 8
46	84 9
46	84 10
46	84 11
46	84 12
46	84 13
46	83 13
46	85 9
46	79 335
46	84 14
46	84 15
46	83 15
46	85 15
46	79 14
46	84 16
46	84 17
46	84 18
46	84 19
46	83 19
46	85 19
46	79 13
46	84 20
46	84 1
46	84 2
46	84 3
46	83 3
46	85 3
46	79 17
46	84 4
46	84 5
46	84 6
46	84 7
46	83 7
46	85 7
46	79 17
46	84 8
46	84 9
46	84 10
46	TEST_NUMBER 5
46	SENT_TOTAL 250
46	RECEIVED_TOTAL 65
46	TIME_TOTAL 29646
46	RECEIVED_RADIO_1 4
46	RECEIVED_RADIO_2 62
46	SENT_RADIO_1 126
46	SENT_RADIO_2 124
46	RADIO_TIME_1 19843
46	RADIO_TIME_2 29789
46	RETRANSMISSIONS_1 1
46	RETRANSMISSIONS_2 4
46	DROPPED_1 0
46	DROPPED_2 0
46	MAX_QUEUE 1
46	DUPLICATED_1 0
46	DUPLICATED_2 0
46	EBUSY_RADIO_1 0
46	EBUSY_RADIO_2 0
46	84 1
46	83 1
46	85 1
46	79 19
46	84 2
46	84 3
46	84 4
46	84 5
46	83 5
46	85 5
46	79 17
46	84 6
46	84 7
46	83 7
46	85 7
46	79 33
46	84 8
46	84 9
46	84 10
46	84 11
46	83 11
46	85 11
46	79 18
46	84 12
46	84 13
46	84 14
46	84 15
46	83 15
46	85 15
46	79 16
46	84 16
46	84 17
46	84 18
46	84 19
46	83 19
46	85 19
46	79 18
46	84 20
46	84 1
46	84 2
46	84 3
46	83 3
46	85 3
46	79 14
46	84 4
46	84 5
46	84 6
46	84 7
46	83 7
46	85 7
46	79 13
46	84 8
46	84 9
46	84 10
46	84 11
46	83 11
46	85 11
46	79 16
46	84 12
46	84 13
46	84 14
46	84 15
46	83 15
46	85 15
46	79 14
46	84 16
46	84 17
46	84 18
46	84 19
46	83 19
46	85 19
46	79 18
46	84 20
46	84 1
46	84 2
46	84 3
46	83 3
46	85 3
46	79 16
46	84 4
46	84 5
46	84 6
46	84 7
46	83 7
46	85 7
46	79 11
46	84 8
46	84 9
46	84 10
46	84 11
46	83 11
46	85 11
46	79 18
46	84 12
46	84 13
46	84 14
46	84 15
46	83 15
46	85 15
46	79 16
46	84 16
46	84 17
46	84 18
46	84 19
46	84 20
46	84 1
46	84 2
46	84 3
46	83 3
46	85 19
46	79 334
46	84 4
46	84 5
46	83 5
46	85 5
46	79 12
46	84 6
46	84 7
46	84 8
46	84 9
46	83 9
46	85 9
46	79 16
46	84 10
46	84 11
46	84 12
46	84 13
46	83 13
46	85 13
46	79 11
46	84 14
46	84 15
46	84 16
46	84 17
46	83 17
46	85 17
46	79 11
46	84 18
46	84 19
46	84 20
46	84 1
46	83 1
46	85 1
46	79 11
46	84 2
46	84 3
46	83 3
46	85 3
46	79 32
46	83 3
46	85 19
46	79 357
46	84 4
46	84 5
46	84 6
46	84 7
46	83 7
46	85 7
46	79 17
46	84 8
46	84 9
46	84 10
46	84 11
46	83 11
46	85 11
46	79 16
46	84 12
46	84 13
46	84 14
46	84 15
46	83 15
46	85 15
46	79 15
46	84 16
46	84 17
46	84 18
46	84 19
46	83 19
46	85 19
46	79 13
46	84 20
46	84 1
46	84 2
46	84 3
46	83 3
46	85 3
46	79 17
46	84 4
46	84 5
46	84 6
46	84 7
46	83 7
46	85 7
46	79 15
46	84 8
46	84 9
46	84 10
46	83 10
46	85 9
46	79 135
46	84 11
46	84 12
46	84 13
46	84 14
46	84 15
46	83 15
46	85 11
46	79 335
46	84 16
46	84 17
46	83 17
46	85 17
46	79 13
46	84 18
46	84 19
46	84 20
46	84 1
46	83 1
46	85 1
46	79 16
46	84 2
46	84 3
46	84 4
46	84 5
46	83 5
46	85 5
46	79 16
46	84 6
46	84 7
46	84 8
46	84 9
46	83 9
46	85 9
46	79 13
46	84 10
46	84 11
46	84 12
46	84 13
46	83 13
46	85 13
46	79 13
46	84 14
46	84 15
46	84 16
46	84 17
46	83 17
46	85 17
46	79 13
46	84 18
46	84 19
46	84 20
46	84 1
46	83 1
46	85 1
46	79 17
46	84 2
46	84 3
46	84 4
46	84 5
46	83 5
46	85 5
46	79 16
46	84 6
46	84 7
46	84 8
46	84 9
46	83 9
46	85 9
46	79 18
46	84 10
46	84 11
46	84 12
46	84 13
46	83 13
46	85 13
46	79 14
46	84 14
46	84 15
46	83 15
46	85 15
46	79 26
46	84 16
46	84 17
46	84 18
46	84 19
46	83 19
46	85 19
46	79 18
46	84 20
46	84 1
46	84 2
46	84 3
46	83 3
46	85 3
46	79 11
46	84 4
46	84 5
46	84 6
46	84 7
46	83 7
46	85 7
46	79 14
46	84 8
46	84 9
46	84 10
46	83 10
46	85 9
46	79 139
46	84 11
46	83 11
46	85 11
46	79 14
46	84 12
46	83 12
46	85 12
46	79 37
46	84 13
46	84 14
46	83 14
46	85 14
46	79 14
46	84 15
46	84 16
46	84 17
46	84 18
46	83 18
46	85 18
46	79 11
46	84 19
46	84 20
46	84 1
46	84 2
46	83 2
46	85 2
46	79 20
46	84 3
46	84 4
46	83 4
46	85 4
46	79 16
46	84 5
46	84 6
46	84 7
46	84 8
46	83 8
46	85 8
46	79 17
46	84 9
46	84 10
46	84 11
46	84 12
46	83 12
46	85 12
46	79 16
46	84 13
46	84 14
46	84 15
46	84 16
46	83 16
46	85 16
46	79 14
46	84 17
46	84 18
46	84 19
46	84 20
46	83 20
46	85 20
46	79 12
46	84 1
46	84 2
46	84 3
46	84 4
46	83 4
46	85 4
46	79 18
46	84 5
46	84 6
46	84 7
46	84 8
46	83 8
46	85 8
46	79 11
46	84 9
46	84 10
46	84 11
46	84 12
46	83 12
46	85 12
46	79 13
46	84 13
46	84 14
46	84 15
46	84 16
46	83 16
46	85 16
46	79 17
46	84 17
46	84 18
46	84 19
46	84 20
46	83 20
46	85 20
46	79 15
46	84 1
46	84 2
46	84 3
46	84 4
46	83 4
46	85 4
46	79 19
46	84 5
46	84 6
46	84 7
46	84 8
46	83 8
46	85 8
46	79 14
46	84 9
46	84 10
46	84 11
46	84 12
46	83 12
46	85 12
46	79 18
46	84 13
46	83 13
46	85 13
46	79 33
46	84 14
46	84 15
46	83 15
46	85 15
46	79 18
46	84 16
46	84 17
46	84 18
46	84 19
46	83 19
46	85 19
46	79 13
46	84 20
46	84 1
46	84 2
46	84 3
46	83 3
46	85 3
46	79 15
46	84 4
46	84 5
46	84 6
46	84 7
46	83 7
46	85 7
46	79 17
46	84 8
46	84 9
46	84 10
46	TEST_NUMBER 6
46	SENT_TOTAL 250
46	RECEIVED_TOTAL 69
46	TIME_TOTAL 19602
46	RECEIVED_RADIO_1 5
46	RECEIVED_RADIO_2 64
46	SENT_RADIO_1 124
46	SENT_RADIO_2 126
46	RADIO_TIME_1 19763
46	RADIO_TIME_2 19763
46	RETRANSMISSIONS_1 2
46	RETRANSMISSIONS_2 0
46	DROPPED_1 0
46	DROPPED_2 0
46	MAX_QUEUE 1
46	DUPLICATED_1 0
46	DUPLICATED_2 0
46	EBUSY_RADIO_1 0
46	EBUSY_RADIO_2 0

49	RELAY_NODE 49
49	TEST_NUMBER 0
49	SENT_TOTAL 0
49	RECEIVED_TOTAL 0
49	TIME_TOTAL 0
49	RECEIVED_RADIO_1 125
49	RECEIVED_RADIO_2 6
49	SENT_RADIO_1 6
49	SENT_RADIO_2 125
49	RADIO_TIME_1 19848
49	RADIO_TIME_2 19848
49	RETRANSMISSIONS_1 0
49	RETRANSMISSIONS_2 1
49	DROPPED_1 0
49	DROPPED_2 0
49	MAX_QUEUE 1
49	DUPLICATED_1 0
49	DUPLICATED_2 0
49	EBUSY_RADIO_1 0
49	EBUSY_RADIO_2 0
49	TEST_NUMBER 1
49	SENT_TOTAL 0
49	RECEIVED_TOTAL 0
49	TIME_TOTAL 0
49	RECEIVED_RADIO_1 125
49	RECEIVED_RADIO_2 1
49	SENT_RADIO_1 1
49	SENT_RADIO_2 125
49	RADIO_TIME_1 19764
49	RADIO_TIME_2 19764
49	RETRANSMISSIONS_1 0
49	RETRANSMISSIONS_2 1
49	DROPPED_1 0
49	DROPPED_2 0
49	MAX_QUEUE 1
49	DUPLICATED_1 0
49	DUPLICATED_2 0
49	EBUSY_RADIO_1 0
49	EBUSY_RADIO_2 0
49	TEST_NUMBER 2
49	SENT_TOTAL 0
49	RECEIVED_TOTAL 0
49	TIME_TOTAL 0
49	RECEIVED_RADIO_1 124
49	RECEIVED_RADIO_2 5
49	SENT_RADIO_1 5
49	SENT_RADIO_2 124
49	RADIO_TIME_1 19747
49	RADIO_TIME_2 19747
49	RETRANSMISSIONS_1 0
49	RETRANSMISSIONS_2 0
49	DROPPED_1 0
49	DROPPED_2 0
49	MAX_QUEUE 1
49	DUPLICATED_1 2
49	DUPLICATED_2 0
49	EBUSY_RADIO_1 0
49	EBUSY_RADIO_2 0
49	TEST_NUMBER 3
49	SENT_TOTAL 0
49	RECEIVED_TOTAL 0
49	TIME_TOTAL 0
49	RECEIVED_RADIO_1 125
49	RECEIVED_RADIO_2 5
49	SENT_RADIO_1 5
49	SENT_RADIO_2 125
49	RADIO_TIME_1 19971
49	RADIO_TIME_2 19970
49	RETRANSMISSIONS_1 0
49	RETRANSMISSIONS_2 1
49	DROPPED_1 0
49	DROPPED_2 0
49	MAX_QUEUE 1
49	DUPLICATED_1 1
49	DUPLICATED_2 0
49	EBUSY_RADIO_1 0
49	EBUSY_RADIO_2 0
49	TEST_NUMBER 4
49	SENT_TOTAL 0
49	RECEIVED_TOTAL 0
49	TIME_TOTAL 0
49	RECEIVED_RADIO_1 125
49	RECEIVED_RADIO_2 6
49	SENT_RADIO_1 6
49	SENT_RADIO_2 125
49	RADIO_TIME_1 19762
49	RADIO_TIME_2 19762
49	RETRANSMISSIONS_1 0
49	RETRANSMISSIONS_2 1
49	DROPPED_1 0
49	DROPPED_2 0
49	MAX_QUEUE 1
49	DUPLICATED_1 1
49	DUPLICATED_2 0
49	EBUSY_RADIO_1 0
49	EBUSY_RADIO_2 0
49	TEST_NUMBER 5
49	SENT_TOTAL 0
49	RECEIVED_TOTAL 0
49	TIME_TOTAL 0
49	RECEIVED_RADIO_1 127
49	RECEIVED_RADIO_2 4
49	SENT_RADIO_1 4
49	SENT_RADIO_2 127
49	RADIO_TIME_1 19845
49	RADIO_TIME_2 19846
49	RETRANSMISSIONS_1 0
49	RETRANSMISSIONS_2 1
49	DROPPED_1 0
49	DROPPED_2 0
49	MAX_QUEUE 1
49	DUPLICATED_1 1
49	DUPLICATED_2 0
49	EBUSY_RADIO_1 0
49	EBUSY_RADIO_2 1
49	TEST_NUMBER 6
49	SENT_TOTAL 0
49	RECEIVED_TOTAL 0
49	TIME_TOTAL 0
49	RECEIVED_RADIO_1 124
49	RECEIVED_RADIO_2 5
49	SENT_RADIO_1 5
49	SENT_RADIO_2 124
49	RADIO_TIME_1 19760
49	RADIO_TIME_2 19760
49	RETRANSMISSIONS_1 0
49	RETRANSMISSIONS_2 1
49	DROPPED_1 0
49	DROPPED_2 0
49	MAX_QUEUE 1
49	DUPLICATED_1 1
49	DUPLICATED_2 0
49	EBUSY_RADIO_1 0
49	EBUSY_RADIO_2 0
