
19	SOURCE_NODE 19
19	84 1
19	84 2
19	84 3
19	83 3
19	85 3
19	79 23
19	84 4
19	84 5
19	83 5
19	85 5
19	79 29
19	84 6
19	84 7
19	83 7
19	85 7
19	79 30
19	84 8
19	84 9
19	83 9
19	85 9
19	79 29
19	84 10
19	84 11
19	83 11
19	85 11
19	79 29
19	84 12
19	84 13
19	83 13
19	85 13
19	79 29
19	84 14
19	84 15
19	83 15
19	85 15
19	79 35
19	84 16
19	84 17
19	83 17
19	85 17
19	79 28
19	84 18
19	84 19
19	83 19
19	85 19
19	79 22
19	84 20
19	84 1
19	83 1
19	85 1
19	79 30
19	84 2
19	84 3
19	83 3
19	85 3
19	79 25
19	84 4
19	84 5
19	83 5
19	85 5
19	79 27
19	84 6
19	84 7
19	83 7
19	85 7
19	79 29
19	84 8
19	84 9
19	83 9
19	85 9
19	79 30
19	84 10
19	84 11
19	83 11
19	85 11
19	79 30
19	84 12
19	84 13
19	83 13
19	85 13
19	79 29
19	84 14
19	84 15
19	83 15
19	85 15
19	79 29
19	84 16
19	84 17
19	83 17
19	85 17
19	79 26
19	84 18
19	84 19
19	83 19
19	85 19
19	79 26
19	84 20
19	84 1
19	83 1
19	85 1
19	79 27
19	84 2
19	84 3
19	83 3
19	85 3
19	79 28
19	84 4
19	84 5
19	83 5
19	85 5
19	79 28
19	84 6
19	84 7
19	83 7
19	85 7
19	79 30
19	84 8
19	84 9
19	83 9
19	85 9
19	79 29
19	84 10
19	84 11
19	83 11
19	85 11
19	79 32
19	84 12
19	84 13
19	83 13
19	85 13
19	79 34
19	84 14
19	84 15
19	83 15
19	85 15
19	79 28
19	84 16
19	84 17
19	83 17
19	85 17
19	79 30
19	84 18
19	84 19
19	83 19
19	85 19
19	79 29
19	84 20
19	84 1
19	83 1
19	85 1
19	79 27
19	84 2
19	84 3
19	83 3
19	85 3
19	79 31
19	84 4
19	84 5
19	83 5
19	85 5
19	79 29
19	84 6
19	84 7
19	84 8
19	83 8
19	85 8
19	79 30
19	84 9
19	84 10
19	83 10
19	85 10
19	79 29
19	84 11
19	84 12
19	83 12
19	85 12
19	79 30
19	84 13
19	84 14
19	83 14
19	85 14
19	79 26
19	84 15
19	84 16
19	83 16
19	85 16
19	79 33
19	84 17
19	84 18
19	83 18
19	85 18
19	79 29
19	84 19
19	84 20
19	83 20
19	85 20
19	79 33
19	84 1
19	84 2
19	83 2
19	85 2
19	79 31
19	84 3
19	84 4
19	83 4
19	85 4
19	79 31
19	84 5
19	84 6
19	83 6
19	85 6
19	79 30
19	84 7
19	84 8
19	83 8
19	85 8
19	79 28
19	84 9
19	84 10
19	83 10
19	85 10
19	79 23
19	84 11
19	84 12
19	83 12
19	85 12
19	79 27
19	84 13
19	84 14
19	83 14
19	85 14
19	79 30
19	84 15
19	84 16
19	83 16
19	85 16
19	79 30
19	84 17
19	84 18
19	83 18
19	85 18
19	79 26
19	84 19
19	84 20
19	83 20
19	85 20
19	79 27
19	84 1
19	84 2
19	83 2
19	85 2
19	79 34
19	84 3
19	84 4
19	83 4
19	85 4
19	79 26
19	84 5
19	84 6
19	83 6
19	85 6
19	79 27
19	84 7
19	84 8
19	83 8
19	85 8
19	79 26
19	84 9
19	84 10
19	83 10
19	85 10
19	79 24
19	84 11
19	84 12
19	83 12
19	85 12
19	79 28
19	84 13
19	84 14
19	83 14
19	85 14
19	79 30
19	84 15
19	84 16
19	83 16
19	85 16
19	79 32
19	84 17
19	84 18
19	83 18
19	85 18
19	79 26
19	84 19
19	84 20
19	83 20
19	85 20
19	79 30
19	84 1
19	84 2
19	83 2
19	85 2
19	79 34
19	84 3
19	84 4
19	83 4
19	85 4
19	79 26
19	84 5
19	84 6
19	83 6
19	85 6
19	79 27
19	84 7
19	84 8
19	83 8
19	85 8
19	79 32
19	84 9
19	84 10
19	83 10
19	85 10
19	79 25
19	84 11
19	84 12
19	83 12
19	85 12
19	79 26
19	84 13
19	84 14
19	83 14
19	85 14
19	79 26
19	84 15
19	84 16
19	83 16
19	85 16
19	79 30
19	84 17
19	84 18
19	83 18
19	85 18
19	79 30
19	84 19
19	84 20
19	83 20
19	85 20
19	79 24
19	84 1
19	84 2
19	83 2
19	85 2
19	79 27
19	84 3
19	84 4
19	83 4
19	85 4
19	79 26
19	84 5
19	84 6
19	83 6
19	85 6
19	79 29
19	84 7
19	84 8
19	83 8
19	85 8
19	79 28
19	84 9
19	84 10
19	83 10
19	85 10
19	79 25
19	84 11
19	84 12
19	83 12
19	85 12
19	79 30
19	84 13
19	84 14
19	83 14
19	85 14
19	79 24
19	84 15
19	84 16
19	83 16
19	85 16
19	79 29
19	84 17
19	84 18
19	83 18
19	85 18
19	79 29
19	84 19
19	84 20
19	83 20
19	85 20
19	79 28
19	84 1
19	84 2
19	83 2
19	85 2
19	79 25
19	84 3
19	84 4
19	83 4
19	85 4
19	79 30
19	84 5
19	84 6
19	83 6
19	85 6
19	79 33
19	84 7
19	84 8
19	83 8
19	85 8
19	79 35
19	84 9
19	84 10
19	83 10
19	85 10
19	79 35
19	84 11
19	84 12
19	83 12
19	85 12
19	79 33
19	84 13
19	84 14
19	83 14
19	85 14
19	79 35
19	84 15
19	84 16
19	83 16
19	85 16
19	79 33
19	84 17
19	84 18
19	83 18
19	85 18
19	79 35
19	84 19
19	84 20
19	83 20
19	85 20
19	79 28
19	84 1
19	84 2
19	83 2
19	85 2
19	79 28
19	84 3
19	84 4
19	83 4
19	85 4
19	79 32
19	84 5
19	84 6
19	83 6
19	85 6
19	79 28
19	84 7
19	84 8
19	83 8
19	85 8
19	79 28
19	84 9
19	84 10
19	83 10
19	85 10
19	79 31
19	84 11
19	84 12
19	83 12
19	85 12
19	79 27
19	84 13
19	84 14
19	83 14
19	85 14
19	79 27
19	84 15
19	84 16
19	83 16
19	85 16
19	79 31
19	84 17
19	84 18
19	83 18
19	85 18
19	79 31
19	84 19
19	84 20
19	83 20
19	85 20
19	79 27
19	84 1
19	84 2
19	83 2
19	85 2
19	79 33
19	84 3
19	84 4
19	83 4
19	85 4
19	79 33
19	84 5
19	84 6
19	83 6
19	85 6
19	79 24
19	84 7
19	84 8
19	83 8
19	85 8
19	79 32
19	84 9
19	84 10
19	83 10
19	85 10
19	79 33
19	84 11
19	84 12
19	83 12
19	85 12
19	79 28
19	84 13
19	84 14
19	83 14
19	85 14
19	79 26
19	84 15
19	84 16
19	83 16
19	85 16
19	79 27
19	84 17
19	84 18
19	83 18
19	85 18
19	79 29
19	84 19
19	84 20
19	83 20
19	85 20
19	79 23
19	84 1
19	84 2
19	83 2
19	85 2
19	79 24
19	84 3
19	84 4
19	83 4
19	85 4
19	79 31
19	84 5
19	84 6
19	83 6
19	85 6
19	79 29
19	84 7
19	84 8
19	83 8
19	85 8
19	79 26
19	84 9
19	84 10
19	83 10
19	85 10
19	79 30
19	84 11
19	84 12
19	83 12
19	85 12
19	79 28
19	84 13
19	84 14
19	83 14
19	85 14
19	79 25
19	84 15
19	84 16
19	83 16
19	85 16
19	79 26
19	84 17
19	84 18
19	83 18
19	85 18
19	79 28
19	84 19
19	84 20
19	83 20
19	85 20
19	79 27
19	84 1
19	84 2
19	83 2
19	85 2
19	79 27
19	84 3
19	84 4
19	83 4
19	85 4
19	79 32
19	84 5
19	84 6
19	83 6
19	85 6
19	79 24
19	84 7
19	84 8
19	83 8
19	85 8
19	79 29
19	84 9
19	84 10
19	TEST_NUMBER 0
19	SENT_TOTAL 250
19	RECEIVED_TOTAL 123
19	TIME_TOTAL 19530
19	RECEIVED_RADIO_1 123
19	RECEIVED_RADIO_2 0
19	SENT_RADIO_1 125
19	SENT_RADIO_2 124
19	RADIO_TIME_1 19763
19	RADIO_TIME_2 19763
19	RETRANSMISSIONS_1 0
19	RETRANSMISSIONS_2 0
19	DROPPED_1 0
19	DROPPED_2 0
19	MAX_QUEUE 1
19	DUPLICATED_1 0
19	DUPLICATED_2 0
19	EBUSY_RADIO_1 0
19	EBUSY_RADIO_2 0
19	83 0
19	85 10
19	86 0
19	84 1
19	84 2
19	83 2
19	85 2
19	79 31
19	84 3
19	84 4
19	83 4
19	85 4
19	79 31
19	84 5
19	84 6
19	83 6
19	85 6
19	79 27
19	84 7
19	84 8
19	83 8
19	85 8
19	79 29
19	84 9
19	84 10
19	83 10
19	85 10
19	79 28
19	84 11
19	84 12
19	83 12
19	85 12
19	79 31
19	84 13
19	84 14
19	83 14
19	85 14
19	79 33
19	84 15
19	84 16
19	83 16
19	85 16
19	79 32
19	84 17
19	84 18
19	83 18
19	85 18
19	79 32
19	84 19
19	84 20
19	83 20
19	85 20
19	79 33
19	84 1
19	84 2
19	83 2
19	85 2
19	79 30
19	84 3
19	84 4
19	83 4
19	85 4
19	79 33
19	84 5
19	84 6
19	83 6
19	85 6
19	79 24
19	84 7
19	84 8
19	83 8
19	85 8
19	79 27
19	84 9
19	84 10
19	83 10
19	85 10
19	79 31
19	84 11
19	84 12
19	83 12
19	85 12
19	79 36
19	84 13
19	84 14
19	83 14
19	85 14
19	79 34
19	84 15
19	84 16
19	83 16
19	85 16
19	79 29
19	84 17
19	84 18
19	83 18
19	85 18
19	79 24
19	84 19
19	84 20
19	83 20
19	85 20
19	79 29
19	84 1
19	84 2
19	83 2
19	85 2
19	79 26
19	84 3
19	84 4
19	83 4
19	85 4
19	79 31
19	84 5
19	84 6
19	83 6
19	85 6
19	79 31
19	84 7
19	84 8
19	83 8
19	85 8
19	79 33
19	84 9
19	84 10
19	83 10
19	85 10
19	79 29
19	84 11
19	84 12
19	83 12
19	85 12
19	79 29
19	84 13
19	84 14
19	83 14
19	85 14
19	79 28
19	84 15
19	84 16
19	83 16
19	85 16
19	79 33
19	84 17
19	84 18
19	83 18
19	85 18
19	79 27
19	84 19
19	84 20
19	83 20
19	85 20
19	79 29
19	84 1
19	84 2
19	84 3
19	83 3
19	85 3
19	79 33
19	84 4
19	84 5
19	83 5
19	85 5
19	79 26
19	84 6
19	84 7
19	83 7
19	85 7
19	79 29
19	84 8
19	84 9
19	83 9
19	85 9
19	79 34
19	84 10
19	84 11
19	83 11
19	85 11
19	79 31
19	84 12
19	84 13
19	83 13
19	85 13
19	79 25
19	84 14
19	84 15
19	83 15
19	85 15
19	79 29
19	84 16
19	84 17
19	83 17
19	85 17
19	79 27
19	84 18
19	84 19
19	83 19
19	85 19
19	79 33
19	84 20
19	84 1
19	83 1
19	85 1
19	79 28
19	84 2
19	84 3
19	83 3
19	85 3
19	79 31
19	84 4
19	84 5
19	83 5
19	85 5
19	79 30
19	84 6
19	84 7
19	83 7
19	85 7
19	79 31
19	84 8
19	84 9
19	83 9
19	85 9
19	79 35
19	84 10
19	84 11
19	83 11
19	85 11
19	79 32
19	84 12
19	84 13
19	83 13
19	85 13
19	79 27
19	84 14
19	84 15
19	83 15
19	85 15
19	79 26
19	84 16
19	84 17
19	83 17
19	85 17
19	79 29
19	84 18
19	84 19
19	83 19
19	85 19
19	79 28
19	84 20
19	84 1
19	83 1
19	85 1
19	79 28
19	84 2
19	84 3
19	83 3
19	85 3
19	79 33
19	84 4
19	84 5
19	83 5
19	85 5
19	79 26
19	84 6
19	84 7
19	83 7
19	85 7
19	79 27
19	84 8
19	84 9
19	83 9
19	85 9
19	79 28
19	84 10
19	84 11
19	83 11
19	85 11
19	79 27
19	84 12
19	84 13
19	83 13
19	85 13
19	79 29
19	84 14
19	84 15
19	83 15
19	85 15
19	79 32
19	84 16
19	84 17
19	83 17
19	85 17
19	79 22
19	84 18
19	84 19
19	83 19
19	85 19
19	79 28
19	84 20
19	84 1
19	83 1
19	85 1
19	79 30
19	84 2
19	84 3
19	83 3
19	85 3
19	79 26
19	84 4
19	84 5
19	83 5
19	85 5
19	79 32
19	84 6
19	84 7
19	83 7
19	85 7
19	79 26
19	84 8
19	84 9
19	83 9
19	85 9
19	79 32
19	84 10
19	84 11
19	83 11
19	85 11
19	79 33
19	84 12
19	84 13
19	83 13
19	85 13
19	79 29
19	84 14
19	84 15
19	83 15
19	85 15
19	79 28
19	84 16
19	84 17
19	83 17
19	85 17
19	79 33
19	84 18
19	84 19
19	83 19
19	85 19
19	79 25
19	84 20
19	84 1
19	83 1
19	85 1
19	79 28
19	84 2
19	84 3
19	83 3
19	85 3
19	79 27
19	84 4
19	84 5
19	83 5
19	85 5
19	79 32
19	84 6
19	84 7
19	83 7
19	85 7
19	79 36
19	84 8
19	84 9
19	83 9
19	85 9
19	79 32
19	84 10
19	84 11
19	83 11
19	85 11
19	79 31
19	84 12
19	84 13
19	83 13
19	85 13
19	79 25
19	84 14
19	84 15
19	83 15
19	85 15
19	79 29
19	84 16
19	84 17
19	83 17
19	85 17
19	79 28
19	84 18
19	84 19
19	83 19
19	85 19
19	79 28
19	84 20
19	84 1
19	83 1
19	85 1
19	79 25
19	84 2
19	84 3
19	83 3
19	85 3
19	79 31
19	84 4
19	84 5
19	83 5
19	85 5
19	79 30
19	84 6
19	84 7
19	83 7
19	85 7
19	79 36
19	84 8
19	84 9
19	83 9
19	85 9
19	79 30
19	84 10
19	84 11
19	83 11
19	85 11
19	79 32
19	84 12
19	84 13
19	83 13
19	85 13
19	79 21
19	84 14
19	84 15
19	83 15
19	85 15
19	79 30
19	84 16
19	84 17
19	83 17
19	85 17
19	79 33
19	84 18
19	84 19
19	83 19
19	85 19
19	79 34
19	84 20
19	84 1
19	83 1
19	85 1
19	79 28
19	84 2
19	84 3
19	83 3
19	85 3
19	79 25
19	84 4
19	84 5
19	83 5
19	85 5
19	79 23
19	84 6
19	84 7
19	83 7
19	85 7
19	79 31
19	84 8
19	84 9
19	83 9
19	85 9
19	79 29
19	84 10
19	84 11
19	83 11
19	85 11
19	79 32
19	84 12
19	84 13
19	83 13
19	85 13
19	79 26
19	84 14
19	84 15
19	83 15
19	85 15
19	79 32
19	84 16
19	84 17
19	83 17
19	85 17
19	79 32
19	84 18
19	84 19
19	83 19
19	85 19
19	79 33
19	84 20
19	84 1
19	83 1
19	85 1
19	79 27
19	84 2
19	84 3
19	83 3
19	85 3
19	79 30
19	84 4
19	84 5
19	83 5
19	85 5
19	79 31
19	84 6
19	84 7
19	83 7
19	85 7
19	79 31
19	84 8
19	84 9
19	83 9
19	85 9
19	79 29
19	84 10
19	84 11
19	83 11
19	85 11
19	79 27
19	84 12
19	84 13
19	83 13
19	85 13
19	79 30
19	84 14
19	84 15
19	83 15
19	85 15
19	79 25
19	84 16
19	84 17
19	83 17
19	85 17
19	79 29
19	84 18
19	84 19
19	83 19
19	85 19
19	79 24
19	84 20
19	84 1
19	83 1
19	85 1
19	79 25
19	84 2
19	84 3
19	83 3
19	85 3
19	79 29
19	84 4
19	84 5
19	83 5
19	85 5
19	79 28
19	84 6
19	84 7
19	83 7
19	85 7
19	79 30
19	84 8
19	84 9
19	83 9
19	85 9
19	79 27
19	84 10
19	84 11
19	83 11
19	85 11
19	79 30
19	84 12
19	84 13
19	83 13
19	85 13
19	79 33
19	84 14
19	84 15
19	83 15
19	85 15
19	79 29
19	84 16
19	84 17
19	83 17
19	85 17
19	79 31
19	84 18
19	84 19
19	83 19
19	85 19
19	79 28
19	84 20
19	84 1
19	83 1
19	85 1
19	79 30
19	84 2
19	84 3
19	83 3
19	85 3
19	79 26
19	84 4
19	84 5
19	83 5
19	85 5
19	79 31
19	84 6
19	84 7
19	83 7
19	85 7
19	79 33
19	84 8
19	84 9
19	83 9
19	85 9
19	79 33
19	84 10
19	TEST_NUMBER 1
19	SENT_TOTAL 250
19	RECEIVED_TOTAL 124
19	TIME_TOTAL 29807
19	RECEIVED_RADIO_1 125
19	RECEIVED_RADIO_2 0
19	SENT_RADIO_1 125
19	SENT_RADIO_2 125
19	RADIO_TIME_1 29807
19	RADIO_TIME_2 19763
19	RETRANSMISSIONS_1 0
19	RETRANSMISSIONS_2 0
19	DROPPED_1 0
19	DROPPED_2 0
19	MAX_QUEUE 1
19	DUPLICATED_1 0
19	DUPLICATED_2 0
19	EBUSY_RADIO_1 0
19	EBUSY_RADIO_2 0
19	84 1
19	83 1
19	85 1
19	79 32
19	84 2
19	84 3
19	83 3
19	85 3
19	79 33
19	84 4
19	84 5
19	83 5
19	85 5
19	79 31
19	84 6
19	84 7
19	83 7
19	85 7
19	79 30
19	84 8
19	84 9
19	83 9
19	85 9
19	79 28
19	84 10
19	84 11
19	83 11
19	85 11
19	79 33
19	84 12
19	84 13
19	83 13
19	85 13
19	79 29
19	84 14
19	84 15
19	83 15
19	85 15
19	79 28
19	84 16
19	84 17
19	83 17
19	85 17
19	79 31
19	84 18
19	84 19
19	83 19
19	85 19
19	79 26
19	84 20
19	84 1
19	83 1
19	85 1
19	79 30
19	84 2
19	84 3
19	83 3
19	85 3
19	79 30
19	84 4
19	84 5
19	83 5
19	85 5
19	79 21
19	84 6
19	84 7
19	83 7
19	85 7
19	79 29
19	84 8
19	84 9
19	83 9
19	85 9
19	79 34
19	84 10
19	84 11
19	83 11
19	85 11
19	79 29
19	84 12
19	84 13
19	83 13
19	85 13
19	79 28
19	84 14
19	84 15
19	83 15
19	85 15
19	79 27
19	84 16
19	84 17
19	83 17
19	85 17
19	79 30
19	84 18
19	84 19
19	83 19
19	85 19
19	79 27
19	84 20
19	84 1
19	83 1
19	85 1
19	79 27
19	84 2
19	84 3
19	83 3
19	85 3
19	79 31
19	84 4
19	84 5
19	83 5
19	85 5
19	79 34
19	84 6
19	84 7
19	83 7
19	85 7
19	79 28
19	84 8
19	84 9
19	84 10
19	83 10
19	85 10
19	79 35
19	84 11
19	84 12
19	83 12
19	85 12
19	79 32
19	84 13
19	84 14
19	83 14
19	85 14
19	79 29
19	84 15
19	84 16
19	83 16
19	85 16
19	79 27
19	84 17
19	84 18
19	83 18
19	85 18
19	79 31
19	84 19
19	84 20
19	83 20
19	85 20
19	79 25
19	84 1
19	84 2
19	83 2
19	85 2
19	79 34
19	84 3
19	84 4
19	83 4
19	85 4
19	79 28
19	84 5
19	84 6
19	83 6
19	85 6
19	79 29
19	84 7
19	84 8
19	83 8
19	85 8
19	79 29
19	84 9
19	84 10
19	83 10
19	85 10
19	79 27
19	84 11
19	84 12
19	83 12
19	85 12
19	79 21
19	84 13
19	84 14
19	83 14
19	85 14
19	79 28
19	84 15
19	84 16
19	83 16
19	85 16
19	79 34
19	84 17
19	84 18
19	83 18
19	85 18
19	79 29
19	84 19
19	84 20
19	83 20
19	85 20
19	79 27
19	84 1
19	84 2
19	83 2
19	85 2
19	79 23
19	84 3
19	84 4
19	83 4
19	85 4
19	79 30
19	84 5
19	84 6
19	83 6
19	85 6
19	79 25
19	84 7
19	84 8
19	83 8
19	85 8
19	79 28
19	84 9
19	84 10
19	83 10
19	85 10
19	79 26
19	84 11
19	84 12
19	83 12
19	85 12
19	79 25
19	84 13
19	84 14
19	83 14
19	85 14
19	79 29
19	84 15
19	84 16
19	83 16
19	85 16
19	79 31
19	84 17
19	84 18
19	83 18
19	85 18
19	79 31
19	84 19
19	84 20
19	83 20
19	85 20
19	79 29
19	84 1
19	84 2
19	83 2
19	85 2
19	79 26
19	84 3
19	84 4
19	83 4
19	85 4
19	79 31
19	84 5
19	84 6
19	83 6
19	85 6
19	79 28
19	84 7
19	84 8
19	83 8
19	85 8
19	79 25
19	84 9
19	84 10
19	83 10
19	85 10
19	79 26
19	84 11
19	84 12
19	83 12
19	85 12
19	79 26
19	84 13
19	84 14
19	83 14
19	85 14
19	79 28
19	84 15
19	84 16
19	83 16
19	85 16
19	79 30
19	84 17
19	84 18
19	83 18
19	85 18
19	79 32
19	84 19
19	84 20
19	83 20
19	85 20
19	79 31
19	84 1
19	84 2
19	84 3
19	83 3
19	85 3
19	79 32
19	84 4
19	84 5
19	83 5
19	85 5
19	79 32
19	84 6
19	84 7
19	83 7
19	85 7
19	79 31
19	84 8
19	84 9
19	83 9
19	85 9
19	79 27
19	84 10
19	84 11
19	83 11
19	85 11
19	79 28
19	84 12
19	84 13
19	83 13
19	85 13
19	79 26
19	84 14
19	84 15
19	83 15
19	85 15
19	79 32
19	84 16
19	84 17
19	83 17
19	85 17
19	79 35
19	84 18
19	84 19
19	83 19
19	85 19
19	79 30
19	84 20
19	84 1
19	83 1
19	85 1
19	79 28
19	84 2
19	84 3
19	83 3
19	85 3
19	79 31
19	84 4
19	84 5
19	83 5
19	85 5
19	79 36
19	84 6
19	84 7
19	83 7
19	85 7
19	79 33
19	84 8
19	84 9
19	83 9
19	85 9
19	79 33
19	84 10
19	84 11
19	83 11
19	85 11
19	79 24
19	84 12
19	84 13
19	83 13
19	85 13
19	79 33
19	84 14
19	84 15
19	83 15
19	85 15
19	79 23
19	84 16
19	84 17
19	83 17
19	85 17
19	79 29
19	84 18
19	84 19
19	83 19
19	85 19
19	79 31
19	84 20
19	84 1
19	83 1
19	85 1
19	79 28
19	84 2
19	84 3
19	83 3
19	85 3
19	79 30
19	84 4
19	84 5
19	83 5
19	85 5
19	79 31
19	84 6
19	84 7
19	83 7
19	85 7
19	79 26
19	84 8
19	84 9
19	83 9
19	85 9
19	79 26
19	84 10
19	84 11
19	83 11
19	85 11
19	79 24
19	84 12
19	84 13
19	83 13
19	85 13
19	79 27
19	84 14
19	84 15
19	83 15
19	85 15
19	79 37
19	84 16
19	84 17
19	83 17
19	85 17
19	79 26
19	84 18
19	84 19
19	83 19
19	85 19
19	79 29
19	84 20
19	84 1
19	83 1
19	85 1
19	79 27
19	84 2
19	84 3
19	83 3
19	85 3
19	79 34
19	84 4
19	84 5
19	83 5
19	85 5
19	79 27
19	84 6
19	84 7
19	83 7
19	85 7
19	79 28
19	84 8
19	84 9
19	83 9
19	85 9
19	79 32
19	84 10
19	84 11
19	83 11
19	85 11
19	79 30
19	84 12
19	84 13
19	83 13
19	85 13
19	79 30
19	84 14
19	84 15
19	83 15
19	85 15
19	79 23
19	84 16
19	84 17
19	83 17
19	85 17
19	79 33
19	84 18
19	84 19
19	83 19
19	85 19
19	79 25
19	84 20
19	84 1
19	83 1
19	85 1
19	79 24
19	84 2
19	84 3
19	84 4
19	83 4
19	85 4
19	79 36
19	84 5
19	84 6
19	83 6
19	85 6
19	79 33
19	84 7
19	84 8
19	83 8
19	85 8
19	79 26
19	84 9
19	84 10
19	83 10
19	85 10
19	79 27
19	84 11
19	84 12
19	83 12
19	85 12
19	79 28
19	84 13
19	84 14
19	83 14
19	85 14
19	79 28
19	84 15
19	84 16
19	83 16
19	85 16
19	79 29
19	84 17
19	84 18
19	83 18
19	85 18
19	79 31
19	84 19
19	84 20
19	83 20
19	85 20
19	79 27
19	84 1
19	84 2
19	83 2
19	85 2
19	79 26
19	84 3
19	84 4
19	83 4
19	85 4
19	79 30
19	84 5
19	84 6
19	83 6
19	85 6
19	79 32
19	84 7
19	84 8
19	83 8
19	85 8
19	79 29
19	84 9
19	84 10
19	83 10
19	85 10
19	79 24
19	84 11
19	84 12
19	83 12
19	85 12
19	79 28
19	84 13
19	84 14
19	83 14
19	85 14
19	79 25
19	84 15
19	84 16
19	83 16
19	85 16
19	79 28
19	84 17
19	84 18
19	83 18
19	85 18
19	79 27
19	84 19
19	84 20
19	83 20
19	85 20
19	79 32
19	84 1
19	84 2
19	83 2
19	85 2
19	79 24
19	84 3
19	84 4
19	83 4
19	85 4
19	79 33
19	84 5
19	84 6
19	83 6
19	85 6
19	79 27
19	84 7
19	84 8
19	83 8
19	85 8
19	79 31
19	84 9
19	84 10
19	TEST_NUMBER 2
19	SENT_TOTAL 250
19	RECEIVED_TOTAL 123
19	TIME_TOTAL 19682
19	RECEIVED_RADIO_1 123
19	RECEIVED_RADIO_2 0
19	SENT_RADIO_1 125
19	SENT_RADIO_2 125
19	RADIO_TIME_1 19763
19	RADIO_TIME_2 19763
19	RETRANSMISSIONS_1 0
19	RETRANSMISSIONS_2 0
19	DROPPED_1 0
19	DROPPED_2 0
19	MAX_QUEUE 1
19	DUPLICATED_1 0
19	DUPLICATED_2 0
19	EBUSY_RADIO_1 0
19	EBUSY_RADIO_2 0
19	83 0
19	85 10
19	86 2
19	84 1
19	84 2
19	83 2
19	85 2
19	79 29
19	84 3
19	84 4
19	83 4
19	85 4
19	79 33
19	84 5
19	84 6
19	83 6
19	85 6
19	79 27
19	84 7
19	84 8
19	83 8
19	85 8
19	79 36
19	84 9
19	84 10
19	83 10
19	85 10
19	79 28
19	84 11
19	84 12
19	83 12
19	85 12
19	79 27
19	84 13
19	84 14
19	83 14
19	85 14
19	79 25
19	84 15
19	84 16
19	83 16
19	85 16
19	79 29
19	84 17
19	84 18
19	83 18
19	85 18
19	79 29
19	84 19
19	84 20
19	83 20
19	85 20
19	79 31
19	84 1
19	84 2
19	83 2
19	85 2
19	79 28
19	84 3
19	84 4
19	83 4
19	85 4
19	79 29
19	84 5
19	84 6
19	83 6
19	85 6
19	79 31
19	84 7
19	84 8
19	83 8
19	85 8
19	79 23
19	84 9
19	84 10
19	83 10
19	85 10
19	79 25
19	84 11
19	84 12
19	83 12
19	85 12
19	79 30
19	84 13
19	84 14
19	83 14
19	85 14
19	79 34
19	84 15
19	84 16
19	83 16
19	85 16
19	79 27
19	84 17
19	84 18
19	83 18
19	85 18
19	79 21
19	84 19
19	84 20
19	83 20
19	85 20
19	79 31
19	84 1
19	84 2
19	84 3
19	83 3
19	85 3
19	79 28
19	84 4
19	84 5
19	83 5
19	85 5
19	79 32
19	84 6
19	84 7
19	83 7
19	85 7
19	79 26
19	84 8
19	84 9
19	83 9
19	85 9
19	79 25
19	84 10
19	84 11
19	83 11
19	85 11
19	79 24
19	84 12
19	84 13
19	83 13
19	85 13
19	79 36
19	84 14
19	84 15
19	83 15
19	85 15
19	79 31
19	84 16
19	84 17
19	84 18
19	83 18
19	85 18
19	79 29
19	84 19
19	84 20
19	83 20
19	85 20
19	79 29
19	84 1
19	84 2
19	83 2
19	85 2
19	79 23
19	84 3
19	84 4
19	83 4
19	85 4
19	79 26
19	84 5
19	84 6
19	83 6
19	85 6
19	79 30
19	84 7
19	84 8
19	83 8
19	85 8
19	79 29
19	84 9
19	84 10
19	83 10
19	85 10
19	79 26
19	84 11
19	84 12
19	83 12
19	85 12
19	79 25
19	84 13
19	84 14
19	83 14
19	85 14
19	79 28
19	84 15
19	84 16
19	83 16
19	85 16
19	79 31
19	84 17
19	84 18
19	83 18
19	85 18
19	79 30
19	84 19
19	84 20
19	83 20
19	85 20
19	79 26
19	84 1
19	84 2
19	83 2
19	85 2
19	79 32
19	84 3
19	84 4
19	83 4
19	85 4
19	79 25
19	84 5
19	84 6
19	83 6
19	85 6
19	79 28
19	84 7
19	84 8
19	83 8
19	85 8
19	79 27
19	84 9
19	84 10
19	83 10
19	85 10
19	79 28
19	84 11
19	84 12
19	83 12
19	85 12
19	79 30
19	84 13
19	84 14
19	83 14
19	85 14
19	79 36
19	84 15
19	84 16
19	83 16
19	85 16
19	79 36
19	84 17
19	84 18
19	83 18
19	85 18
19	79 28
19	84 19
19	84 20
19	83 20
19	85 20
19	79 26
19	84 1
19	84 2
19	83 2
19	85 2
19	79 24
19	84 3
19	84 4
19	83 4
19	85 4
19	79 25
19	84 5
19	84 6
19	83 6
19	85 6
19	79 25
19	84 7
19	84 8
19	83 8
19	85 8
19	79 30
19	84 9
19	84 10
19	83 10
19	85 10
19	79 28
19	84 11
19	84 12
19	83 12
19	85 12
19	79 31
19	84 13
19	84 14
19	83 14
19	85 14
19	79 32
19	84 15
19	84 16
19	83 16
19	85 16
19	79 32
19	84 17
19	84 18
19	83 18
19	85 18
19	79 26
19	84 19
19	84 20
19	83 20
19	85 20
19	79 26
19	84 1
19	84 2
19	83 2
19	85 2
19	79 28
19	84 3
19	84 4
19	83 4
19	85 4
19	79 31
19	84 5
19	84 6
19	83 6
19	85 6
19	79 30
19	84 7
19	84 8
19	83 8
19	85 8
19	79 29
19	84 9
19	84 10
19	83 10
19	85 10
19	79 27
19	84 11
19	84 12
19	83 12
19	85 12
19	79 30
19	84 13
19	84 14
19	83 14
19	85 14
19	79 30
19	84 15
19	84 16
19	83 16
19	85 16
19	79 24
19	84 17
19	84 18
19	83 18
19	85 18
19	79 26
19	84 19
19	84 20
19	83 20
19	85 20
19	79 30
19	84 1
19	84 2
19	83 2
19	85 2
19	79 32
19	84 3
19	84 4
19	83 4
19	85 4
19	79 29
19	84 5
19	84 6
19	83 6
19	85 6
19	79 32
19	84 7
19	84 8
19	83 8
19	85 8
19	79 23
19	84 9
19	84 10
19	83 10
19	85 10
19	79 26
19	84 11
19	84 12
19	83 12
19	85 12
19	79 28
19	84 13
19	84 14
19	83 14
19	85 14
19	79 27
19	84 15
19	84 16
19	83 16
19	85 16
19	79 28
19	84 17
19	84 18
19	83 18
19	85 18
19	79 31
19	84 19
19	84 20
19	83 20
19	85 20
19	79 33
19	84 1
19	84 2
19	83 2
19	85 2
19	79 31
19	84 3
19	84 4
19	83 4
19	85 4
19	79 25
19	84 5
19	84 6
19	83 6
19	85 6
19	79 32
19	84 7
19	84 8
19	83 8
19	85 8
19	79 32
19	84 9
19	84 10
19	83 10
19	85 10
19	79 28
19	84 11
19	84 12
19	83 12
19	85 12
19	79 29
19	84 13
19	84 14
19	83 14
19	85 14
19	79 27
19	84 15
19	84 16
19	83 16
19	85 16
19	79 25
19	84 17
19	84 18
19	83 18
19	85 18
19	79 29
19	84 19
19	84 20
19	83 20
19	85 20
19	79 28
19	84 1
19	84 2
19	84 3
19	83 3
19	85 3
19	79 25
19	84 4
19	84 5
19	83 5
19	85 5
19	79 30
19	84 6
19	84 7
19	83 7
19	85 7
19	79 31
19	84 8
19	84 9
19	83 9
19	85 9
19	79 27
19	84 10
19	84 11
19	83 11
19	85 11
19	79 28
19	84 12
19	84 13
19	83 13
19	85 13
19	79 32
19	84 14
19	84 15
19	83 15
19	85 15
19	79 27
19	84 16
19	84 17
19	83 17
19	85 17
19	79 28
19	84 18
19	84 19
19	83 19
19	85 19
19	79 30
19	84 20
19	84 1
19	83 1
19	85 1
19	79 32
19	84 2
19	84 3
19	83 3
19	85 3
19	79 33
19	84 4
19	84 5
19	83 5
19	85 5
19	79 32
19	84 6
19	84 7
19	83 7
19	85 7
19	79 34
19	84 8
19	84 9
19	83 9
19	85 9
19	79 32
19	84 10
19	84 11
19	83 11
19	85 11
19	79 34
19	84 12
19	84 13
19	83 13
19	85 13
19	79 34
19	84 14
19	84 15
19	83 15
19	85 15
19	79 27
19	84 16
19	84 17
19	83 17
19	85 17
19	79 29
19	84 18
19	84 19
19	83 19
19	85 19
19	79 28
19	84 20
19	84 1
19	83 1
19	85 1
19	79 28
19	84 2
19	84 3
19	83 3
19	85 3
19	79 29
19	84 4
19	84 5
19	83 5
19	85 5
19	79 29
19	84 6
19	84 7
19	83 7
19	85 7
19	79 30
19	84 8
19	84 9
19	83 9
19	85 9
19	79 30
19	84 10
19	84 11
19	83 11
19	85 11
19	79 26
19	84 12
19	84 13
19	83 13
19	85 13
19	79 28
19	84 14
19	84 15
19	83 15
19	85 15
19	79 28
19	84 16
19	84 17
19	83 17
19	85 17
19	79 32
19	84 18
19	84 19
19	83 19
19	85 19
19	79 31
19	84 20
19	84 1
19	83 1
19	85 1
19	79 26
19	84 2
19	84 3
19	83 3
19	85 3
19	79 27
19	84 4
19	84 5
19	83 5
19	85 5
19	79 34
19	84 6
19	84 7
19	83 7
19	85 7
19	79 29
19	84 8
19	84 9
19	83 9
19	85 9
19	79 32
19	84 10
19	TEST_NUMBER 3
19	SENT_TOTAL 250
19	RECEIVED_TOTAL 123
19	TIME_TOTAL 29804
19	RECEIVED_RADIO_1 124
19	RECEIVED_RADIO_2 0
19	SENT_RADIO_1 125
19	SENT_RADIO_2 125
19	RADIO_TIME_1 29804
19	RADIO_TIME_2 19763
19	RETRANSMISSIONS_1 0
19	RETRANSMISSIONS_2 0
19	DROPPED_1 0
19	DROPPED_2 0
19	MAX_QUEUE 1
19	DUPLICATED_1 0
19	DUPLICATED_2 0
19	EBUSY_RADIO_1 0
19	EBUSY_RADIO_2 0
19	84 1
19	83 1
19	85 1
19	79 34
19	84 2
19	84 3
19	83 3
19	85 3
19	79 31
19	84 4
19	84 5
19	83 5
19	85 5
19	79 26
19	84 6
19	84 7
19	83 7
19	85 7
19	79 33
19	84 8
19	84 9
19	83 9
19	85 9
19	79 26
19	84 10
19	84 11
19	83 11
19	85 11
19	79 33
19	84 12
19	84 13
19	83 13
19	85 13
19	79 27
19	84 14
19	84 15
19	83 15
19	85 15
19	79 29
19	84 16
19	84 17
19	83 17
19	85 17
19	79 24
19	84 18
19	84 19
19	83 19
19	85 19
19	79 35
19	84 20
19	84 1
19	83 1
19	85 1
19	79 34
19	84 2
19	84 3
19	83 3
19	85 3
19	79 35
19	84 4
19	84 5
19	83 5
19	85 5
19	79 31
19	84 6
19	84 7
19	83 7
19	85 7
19	79 33
19	84 8
19	84 9
19	83 9
19	85 9
19	79 31
19	84 10
19	84 11
19	83 11
19	85 11
19	79 29
19	84 12
19	84 13
19	83 13
19	85 13
19	79 31
19	84 14
19	84 15
19	83 15
19	85 15
19	79 29
19	84 16
19	84 17
19	83 17
19	85 17
19	79 25
19	84 18
19	84 19
19	83 19
19	85 19
19	79 32
19	84 20
19	84 1
19	83 1
19	85 1
19	79 29
19	84 2
19	84 3
19	83 3
19	85 3
19	79 34
19	84 4
19	84 5
19	83 5
19	85 5
19	79 33
19	84 6
19	84 7
19	83 7
19	85 7
19	79 30
19	84 8
19	84 9
19	83 9
19	85 9
19	79 29
19	84 10
19	84 11
19	83 11
19	85 11
19	79 30
19	84 12
19	84 13
19	83 13
19	85 13
19	79 33
19	84 14
19	84 15
19	83 15
19	85 15
19	79 31
19	84 16
19	84 17
19	83 17
19	85 17
19	79 28
19	84 18
19	84 19
19	83 19
19	85 19
19	79 34
19	84 20
19	84 1
19	83 1
19	85 1
19	79 34
19	84 2
19	84 3
19	83 3
19	85 3
19	79 31
19	84 4
19	84 5
19	83 5
19	85 5
19	79 32
19	84 6
19	84 7
19	83 7
19	85 7
19	79 34
19	84 8
19	84 9
19	83 9
19	85 9
19	79 27
19	84 10
19	84 11
19	83 11
19	85 11
19	79 27
19	84 12
19	84 13
19	83 13
19	85 13
19	79 25
19	84 14
19	84 15
19	83 15
19	85 15
19	79 24
19	84 16
19	84 17
19	83 17
19	85 17
19	79 32
19	84 18
19	84 19
19	83 19
19	85 19
19	79 31
19	84 20
19	84 1
19	83 1
19	85 1
19	79 31
19	84 2
19	84 3
19	83 3
19	85 3
19	79 27
19	84 4
19	84 5
19	83 5
19	85 5
19	79 29
19	84 6
19	84 7
19	83 7
19	85 7
19	79 26
19	84 8
19	84 9
19	83 9
19	85 9
19	79 33
19	84 10
19	84 11
19	83 11
19	85 11
19	79 31
19	84 12
19	84 13
19	83 13
19	85 13
19	79 30
19	84 14
19	84 15
19	83 15
19	85 15
19	79 32
19	84 16
19	84 17
19	83 17
19	85 17
19	79 28
19	84 18
19	84 19
19	83 19
19	85 19
19	79 24
19	84 20
19	84 1
19	83 1
19	85 1
19	79 25
19	84 2
19	84 3
19	83 3
19	85 3
19	79 30
19	84 4
19	84 5
19	83 5
19	85 5
19	79 30
19	84 6
19	84 7
19	83 7
19	85 7
19	79 27
19	84 8
19	84 9
19	83 9
19	85 9
19	79 30
19	84 10
19	84 11
19	83 11
19	85 11
19	79 27
19	84 12
19	84 13
19	83 13
19	85 13
19	79 28
19	84 14
19	84 15
19	83 15
19	85 15
19	79 31
19	84 16
19	84 17
19	84 18
19	83 18
19	85 18
19	79 24
19	84 19
19	84 20
19	83 20
19	85 20
19	79 25
19	84 1
19	84 2
19	83 2
19	85 2
19	79 27
19	84 3
19	84 4
19	83 4
19	85 4
19	79 28
19	84 5
19	84 6
19	83 6
19	85 6
19	79 30
19	84 7
19	84 8
19	83 8
19	85 8
19	79 31
19	84 9
19	84 10
19	83 10
19	85 10
19	79 30
19	84 11
19	84 12
19	83 12
19	85 12
19	79 31
19	84 13
19	84 14
19	83 14
19	85 14
19	79 30
19	84 15
19	84 16
19	83 16
19	85 16
19	79 29
19	84 17
19	84 18
19	83 18
19	85 18
19	79 33
19	84 19
19	84 20
19	83 20
19	85 20
19	79 26
19	84 1
19	84 2
19	83 2
19	85 2
19	79 30
19	84 3
19	84 4
19	83 4
19	85 4
19	79 32
19	84 5
19	84 6
19	83 6
19	85 6
19	79 26
19	84 7
19	84 8
19	83 8
19	85 8
19	79 31
19	84 9
19	84 10
19	83 10
19	85 10
19	79 30
19	84 11
19	84 12
19	83 12
19	85 12
19	79 27
19	84 13
19	84 14
19	83 14
19	85 14
19	79 30
19	84 15
19	84 16
19	83 16
19	85 16
19	79 31
19	84 17
19	84 18
19	83 18
19	85 18
19	79 28
19	84 19
19	84 20
19	83 20
19	85 20
19	79 33
19	84 1
19	84 2
19	83 2
19	85 2
19	79 29
19	84 3
19	84 4
19	83 4
19	85 4
19	79 26
19	84 5
19	84 6
19	83 6
19	85 6
19	79 28
19	84 7
19	84 8
19	83 8
19	85 8
19	79 25
19	84 9
19	84 10
19	83 10
19	85 10
19	79 35
19	84 11
19	84 12
19	83 12
19	85 12
19	79 28
19	84 13
19	84 14
19	83 14
19	85 14
19	79 27
19	84 15
19	84 16
19	83 16
19	85 16
19	79 27
19	84 17
19	84 18
19	83 18
19	85 18
19	79 29
19	84 19
19	84 20
19	83 20
19	85 20
19	79 30
19	84 1
19	84 2
19	83 2
19	85 2
19	79 28
19	84 3
19	84 4
19	83 4
19	85 4
19	79 28
19	84 5
19	84 6
19	83 6
19	85 6
19	79 31
19	84 7
19	84 8
19	83 8
19	85 8
19	79 30
19	84 9
19	84 10
19	83 10
19	85 10
19	79 27
19	84 11
19	84 12
19	83 12
19	85 12
19	79 31
19	84 13
19	84 14
19	83 14
19	85 14
19	79 30
19	84 15
19	84 16
19	83 16
19	85 16
19	79 31
19	84 17
19	84 18
19	83 18
19	85 18
19	79 32
19	84 19
19	84 20
19	83 20
19	85 20
19	79 30
19	84 1
19	84 2
19	83 2
19	85 2
19	79 24
19	84 3
19	84 4
19	83 4
19	85 4
19	79 30
19	84 5
19	84 6
19	83 6
19	85 6
19	79 31
19	84 7
19	84 8
19	83 8
19	85 8
19	79 25
19	84 9
19	84 10
19	83 10
19	85 10
19	79 29
19	84 11
19	84 12
19	83 12
19	85 12
19	79 29
19	84 13
19	84 14
19	83 14
19	85 14
19	79 27
19	84 15
19	84 16
19	83 16
19	85 16
19	79 25
19	84 17
19	84 18
19	83 18
19	85 18
19	79 25
19	84 19
19	84 20
19	83 20
19	85 20
19	79 28
19	84 1
19	84 2
19	83 2
19	85 2
19	79 30
19	84 3
19	84 4
19	83 4
19	85 4
19	79 26
19	84 5
19	84 6
19	83 6
19	85 6
19	79 34
19	84 7
19	84 8
19	83 8
19	85 8
19	79 32
19	84 9
19	84 10
19	83 10
19	85 10
19	79 30
19	84 11
19	84 12
19	83 12
19	85 12
19	79 27
19	84 13
19	84 14
19	83 14
19	85 14
19	79 35
19	84 15
19	84 16
19	84 17
19	83 17
19	85 17
19	79 27
19	84 18
19	84 19
19	83 19
19	85 19
19	79 32
19	84 20
19	84 1
19	83 1
19	85 1
19	79 23
19	84 2
19	84 3
19	83 3
19	85 3
19	79 34
19	84 4
19	84 5
19	83 5
19	85 5
19	79 29
19	84 6
19	84 7
19	83 7
19	85 7
19	79 29
19	84 8
19	84 9
19	83 9
19	85 9
19	79 34
19	84 10
19	TEST_NUMBER 4
19	SENT_TOTAL 250
19	RECEIVED_TOTAL 124
19	TIME_TOTAL 19763
19	RECEIVED_RADIO_1 124
19	RECEIVED_RADIO_2 0
19	SENT_RADIO_1 125
19	SENT_RADIO_2 125
19	RADIO_TIME_1 19797
19	RADIO_TIME_2 19763
19	RETRANSMISSIONS_1 0
19	RETRANSMISSIONS_2 0
19	DROPPED_1 0
19	DROPPED_2 0
19	MAX_QUEUE 1
19	DUPLICATED_1 0
19	DUPLICATED_2 0
19	EBUSY_RADIO_1 0
19	EBUSY_RADIO_2 0
19	84 1
19	83 1
19	85 1
19	79 27
19	84 2
19	84 3
19	83 3
19	85 3
19	79 26
19	84 4
19	84 5
19	83 5
19	85 5
19	79 27
19	84 6
19	84 7
19	83 7
19	85 7
19	79 30
19	84 8
19	84 9
19	83 9
19	85 9
19	79 28
19	84 10
19	84 11
19	83 11
19	85 11
19	79 32
19	84 12
19	84 13
19	83 13
19	85 13
19	79 33
19	84 14
19	84 15
19	83 15
19	85 15
19	79 35
19	84 16
19	84 17
19	83 17
19	85 17
19	79 28
19	84 18
19	84 19
19	83 19
19	85 19
19	79 28
19	84 20
19	84 1
19	83 1
19	85 1
19	79 28
19	84 2
19	84 3
19	83 3
19	85 3
19	79 27
19	84 4
19	84 5
19	83 5
19	85 5
19	79 27
19	84 6
19	84 7
19	83 7
19	85 7
19	79 26
19	84 8
19	84 9
19	83 9
19	85 9
19	79 33
19	84 10
19	84 11
19	83 11
19	85 11
19	79 33
19	84 12
19	84 13
19	83 13
19	85 13
19	79 28
19	84 14
19	84 15
19	83 15
19	85 15
19	79 30
19	84 16
19	84 17
19	83 17
19	85 17
19	79 33
19	84 18
19	84 19
19	83 19
19	85 19
19	79 29
19	84 20
19	84 1
19	83 1
19	85 1
19	79 31
19	84 2
19	84 3
19	83 3
19	85 3
19	79 29
19	84 4
19	84 5
19	83 5
19	85 5
19	79 24
19	84 6
19	84 7
19	83 7
19	85 7
19	79 30
19	84 8
19	84 9
19	83 9
19	85 9
19	79 33
19	84 10
19	84 11
19	83 11
19	85 11
19	79 26
19	84 12
19	84 13
19	83 13
19	85 13
19	79 33
19	84 14
19	84 15
19	83 15
19	85 15
19	79 29
19	84 16
19	84 17
19	83 17
19	85 17
19	79 22
19	84 18
19	84 19
19	83 19
19	85 19
19	79 22
19	84 20
19	84 1
19	83 1
19	85 1
19	79 26
19	84 2
19	84 3
19	83 3
19	85 3
19	79 34
19	84 4
19	84 5
19	83 5
19	85 5
19	79 23
19	84 6
19	84 7
19	83 7
19	85 7
19	79 34
19	84 8
19	84 9
19	83 9
19	85 9
19	79 32
19	84 10
19	84 11
19	83 11
19	85 11
19	79 30
19	84 12
19	84 13
19	83 13
19	85 13
19	79 23
19	84 14
19	84 15
19	83 15
19	85 15
19	79 31
19	84 16
19	84 17
19	83 17
19	85 17
19	79 27
19	84 18
19	84 19
19	83 19
19	85 19
19	79 29
19	84 20
19	84 1
19	83 1
19	85 1
19	79 30
19	84 2
19	84 3
19	83 3
19	85 3
19	79 28
19	84 4
19	84 5
19	83 5
19	85 5
19	79 33
19	84 6
19	84 7
19	83 7
19	85 7
19	79 27
19	84 8
19	84 9
19	83 9
19	85 9
19	79 30
19	84 10
19	84 11
19	83 11
19	85 11
19	79 31
19	84 12
19	84 13
19	83 13
19	85 13
19	79 27
19	84 14
19	84 15
19	83 15
19	85 15
19	79 31
19	84 16
19	84 17
19	83 17
19	85 17
19	79 34
19	84 18
19	84 19
19	83 19
19	85 19
19	79 27
19	84 20
19	84 1
19	83 1
19	85 1
19	79 32
19	84 2
19	84 3
19	83 3
19	85 3
19	79 24
19	84 4
19	84 5
19	83 5
19	85 5
19	79 33
19	84 6
19	84 7
19	83 7
19	85 7
19	79 34
19	84 8
19	84 9
19	83 9
19	85 9
19	79 30
19	84 10
19	84 11
19	83 11
19	85 11
19	79 30
19	84 12
19	84 13
19	83 13
19	85 13
19	79 23
19	84 14
19	84 15
19	83 15
19	85 15
19	79 34
19	84 16
19	84 17
19	83 17
19	85 17
19	79 27
19	84 18
19	84 19
19	83 19
19	85 19
19	79 30
19	84 20
19	84 1
19	83 1
19	85 1
19	79 31
19	84 2
19	84 3
19	83 3
19	85 3
19	79 32
19	84 4
19	84 5
19	83 5
19	85 5
19	79 31
19	84 6
19	84 7
19	83 7
19	85 7
19	79 28
19	84 8
19	84 9
19	83 9
19	85 9
19	79 26
19	84 10
19	84 11
19	83 11
19	85 11
19	79 33
19	84 12
19	84 13
19	83 13
19	85 13
19	79 32
19	84 14
19	84 15
19	83 15
19	85 15
19	79 34
19	84 16
19	84 17
19	83 17
19	85 17
19	79 30
19	84 18
19	84 19
19	83 19
19	85 19
19	79 32
19	84 20
19	84 1
19	83 1
19	85 1
19	79 31
19	84 2
19	84 3
19	83 3
19	85 3
19	79 23
19	84 4
19	84 5
19	83 5
19	85 5
19	79 30
19	84 6
19	84 7
19	83 7
19	85 7
19	79 28
19	84 8
19	84 9
19	83 9
19	85 9
19	79 27
19	84 10
19	84 11
19	83 11
19	85 11
19	79 31
19	84 12
19	84 13
19	83 13
19	85 13
19	79 30
19	84 14
19	84 15
19	83 15
19	85 15
19	79 32
19	84 16
19	84 17
19	83 17
19	85 17
19	79 25
19	84 18
19	84 19
19	83 19
19	85 19
19	79 28
19	84 20
19	84 1
19	83 1
19	85 1
19	79 29
19	84 2
19	84 3
19	83 3
19	85 3
19	79 31
19	84 4
19	84 5
19	83 5
19	85 5
19	79 35
19	84 6
19	84 7
19	83 7
19	85 7
19	79 29
19	84 8
19	84 9
19	83 9
19	85 9
19	79 30
19	84 10
19	84 11
19	83 11
19	85 11
19	79 29
19	84 12
19	84 13
19	83 13
19	85 13
19	79 29
19	84 14
19	84 15
19	83 15
19	85 15
19	79 24
19	84 16
19	84 17
19	84 18
19	83 18
19	85 18
19	79 29
19	84 19
19	84 20
19	83 20
19	85 20
19	79 31
19	84 1
19	84 2
19	83 2
19	85 2
19	79 33
19	84 3
19	84 4
19	83 4
19	85 4
19	79 26
19	84 5
19	84 6
19	83 6
19	85 6
19	79 29
19	84 7
19	84 8
19	83 8
19	85 8
19	79 35
19	84 9
19	84 10
19	83 10
19	85 10
19	79 33
19	84 11
19	84 12
19	83 12
19	85 12
19	79 24
19	84 13
19	84 14
19	83 14
19	85 14
19	79 26
19	84 15
19	84 16
19	83 16
19	85 16
19	79 33
19	84 17
19	84 18
19	83 18
19	85 18
19	79 31
19	84 19
19	84 20
19	83 20
19	85 20
19	79 28
19	84 1
19	84 2
19	83 2
19	85 2
19	79 24
19	84 3
19	84 4
19	83 4
19	85 4
19	79 26
19	84 5
19	84 6
19	83 6
19	85 6
19	79 31
19	84 7
19	84 8
19	83 8
19	85 8
19	79 31
19	84 9
19	84 10
19	83 10
19	85 10
19	79 30
19	84 11
19	84 12
19	83 12
19	85 12
19	79 25
19	84 13
19	84 14
19	83 14
19	85 14
19	79 28
19	84 15
19	84 16
19	83 16
19	85 16
19	79 26
19	84 17
19	84 18
19	83 18
19	85 18
19	79 28
19	84 19
19	84 20
19	83 20
19	85 20
19	79 31
19	84 1
19	84 2
19	83 2
19	85 2
19	79 31
19	84 3
19	84 4
19	83 4
19	85 4
19	79 31
19	84 5
19	84 6
19	83 6
19	85 6
19	79 28
19	84 7
19	84 8
19	83 8
19	85 8
19	79 30
19	84 9
19	84 10
19	83 10
19	85 10
19	79 25
19	84 11
19	84 12
19	83 12
19	85 12
19	79 31
19	84 13
19	84 14
19	83 14
19	85 14
19	79 33
19	84 15
19	84 16
19	83 16
19	85 16
19	79 31
19	84 17
19	84 18
19	83 18
19	85 18
19	79 29
19	84 19
19	84 20
19	83 20
19	85 20
19	79 28
19	84 1
19	84 2
19	83 2
19	85 2
19	79 26
19	84 3
19	84 4
19	83 4
19	85 4
19	79 31
19	84 5
19	84 6
19	83 6
19	85 6
19	79 30
19	84 7
19	84 8
19	83 8
19	85 8
19	79 26
19	84 9
19	84 10
19	TEST_NUMBER 5
19	SENT_TOTAL 250
19	RECEIVED_TOTAL 124
19	TIME_TOTAL 19682
19	RECEIVED_RADIO_1 124
19	RECEIVED_RADIO_2 0
19	SENT_RADIO_1 125
19	SENT_RADIO_2 125
19	RADIO_TIME_1 19763
19	RADIO_TIME_2 19763
19	RETRANSMISSIONS_1 0
19	RETRANSMISSIONS_2 0
19	DROPPED_1 0
19	DROPPED_2 0
19	MAX_QUEUE 1
19	DUPLICATED_1 0
19	DUPLICATED_2 0
19	EBUSY_RADIO_1 0
19	EBUSY_RADIO_2 0
19	83 0
19	85 10
19	86 5
19	84 1
19	84 2
19	83 2
19	85 2
19	79 26
19	84 3
19	84 4
19	83 4
19	85 4
19	79 27
19	84 5
19	84 6
19	83 6
19	85 6
19	79 26
19	84 7
19	84 8
19	83 8
19	85 8
19	79 31
19	84 9
19	84 10
19	83 10
19	85 10
19	79 25
19	84 11
19	84 12
19	83 12
19	85 12
19	79 31
19	84 13
19	84 14
19	83 14
19	85 14
19	79 24
19	84 15
19	84 16
19	84 17
19	83 17
19	85 17
19	79 25
19	84 18
19	84 19
19	83 19
19	85 19
19	79 31
19	84 20
19	84 1
19	83 1
19	85 1
19	79 33
19	84 2
19	84 3
19	83 3
19	85 3
19	79 32
19	84 4
19	84 5
19	83 5
19	85 5
19	79 32
19	84 6
19	84 7
19	83 7
19	85 7
19	79 32
19	84 8
19	84 9
19	83 9
19	85 9
19	79 26
19	84 10
19	84 11
19	84 12
19	83 12
19	85 12
19	79 28
19	84 13
19	84 14
19	83 14
19	85 14
19	79 30
19	84 15
19	84 16
19	83 16
19	85 16
19	79 33
19	84 17
19	84 18
19	83 18
19	85 18
19	79 27
19	84 19
19	84 20
19	83 20
19	85 20
19	79 33
19	84 1
19	84 2
19	83 2
19	85 2
19	79 28
19	84 3
19	84 4
19	83 4
19	85 4
19	79 26
19	84 5
19	84 6
19	83 6
19	85 6
19	79 35
19	84 7
19	84 8
19	83 8
19	85 8
19	79 30
19	84 9
19	84 10
19	83 10
19	85 10
19	79 26
19	84 11
19	84 12
19	83 12
19	85 12
19	79 33
19	84 13
19	84 14
19	83 14
19	85 14
19	79 33
19	84 15
19	84 16
19	83 16
19	85 16
19	79 31
19	84 17
19	84 18
19	83 18
19	85 18
19	79 31
19	84 19
19	84 20
19	83 20
19	85 20
19	79 31
19	84 1
19	84 2
19	83 2
19	85 2
19	79 31
19	84 3
19	84 4
19	83 4
19	85 4
19	79 33
19	84 5
19	84 6
19	83 6
19	85 6
19	79 27
19	84 7
19	84 8
19	83 8
19	85 8
19	79 30
19	84 9
19	84 10
19	83 10
19	85 10
19	79 33
19	84 11
19	84 12
19	83 12
19	85 12
19	79 26
19	84 13
19	84 14
19	83 14
19	85 14
19	79 27
19	84 15
19	84 16
19	83 16
19	85 16
19	79 26
19	84 17
19	84 18
19	83 18
19	85 18
19	79 30
19	84 19
19	84 20
19	83 20
19	85 20
19	79 33
19	84 1
19	84 2
19	83 2
19	85 2
19	79 30
19	84 3
19	84 4
19	83 4
19	85 4
19	79 33
19	84 5
19	84 6
19	83 6
19	85 6
19	79 28
19	84 7
19	84 8
19	83 8
19	85 8
19	79 34
19	84 9
19	84 10
19	83 10
19	85 10
19	79 27
19	84 11
19	84 12
19	83 12
19	85 12
19	79 32
19	84 13
19	84 14
19	83 14
19	85 14
19	79 28
19	84 15
19	84 16
19	83 16
19	85 16
19	79 29
19	84 17
19	84 18
19	83 18
19	85 18
19	79 24
19	84 19
19	84 20
19	83 20
19	85 20
19	79 32
19	84 1
19	84 2
19	83 2
19	85 2
19	79 26
19	84 3
19	84 4
19	83 4
19	85 4
19	79 27
19	84 5
19	84 6
19	83 6
19	85 6
19	79 30
19	84 7
19	84 8
19	83 8
19	85 8
19	79 30
19	84 9
19	84 10
19	83 10
19	85 10
19	79 33
19	84 11
19	84 12
19	83 12
19	85 12
19	79 27
19	84 13
19	84 14
19	83 14
19	85 14
19	79 26
19	84 15
19	84 16
19	83 16
19	85 16
19	79 30
19	84 17
19	84 18
19	83 18
19	85 18
19	79 30
19	84 19
19	84 20
19	83 20
19	85 20
19	79 28
19	84 1
19	84 2
19	83 2
19	85 2
19	79 30
19	84 3
19	84 4
19	83 4
19	85 4
19	79 30
19	84 5
19	84 6
19	83 6
19	85 6
19	79 32
19	84 7
19	84 8
19	83 8
19	85 8
19	79 27
19	84 9
19	84 10
19	83 10
19	85 10
19	79 28
19	84 11
19	84 12
19	83 12
19	85 12
19	79 30
19	84 13
19	84 14
19	83 14
19	85 14
19	79 26
19	84 15
19	84 16
19	83 16
19	85 16
19	79 35
19	84 17
19	84 18
19	83 18
19	85 18
19	79 28
19	84 19
19	84 20
19	83 20
19	85 20
19	79 36
19	84 1
19	84 2
19	83 2
19	85 2
19	79 32
19	84 3
19	84 4
19	83 4
19	85 4
19	79 31
19	84 5
19	84 6
19	83 6
19	85 6
19	79 28
19	84 7
19	84 8
19	83 8
19	85 8
19	79 26
19	84 9
19	84 10
19	83 10
19	85 10
19	79 28
19	84 11
19	84 12
19	83 12
19	85 12
19	79 30
19	84 13
19	84 14
19	83 14
19	85 14
19	79 32
19	84 15
19	84 16
19	84 17
19	83 17
19	85 17
19	79 27
19	84 18
19	84 19
19	83 19
19	85 19
19	79 26
19	84 20
19	84 1
19	83 1
19	85 1
19	79 27
19	84 2
19	84 3
19	83 3
19	85 3
19	79 27
19	84 4
19	84 5
19	83 5
19	85 5
19	79 24
19	84 6
19	84 7
19	83 7
19	85 7
19	79 26
19	84 8
19	84 9
19	83 9
19	85 9
19	79 28
19	84 10
19	84 11
19	83 11
19	85 11
19	79 32
19	84 12
19	84 13
19	83 13
19	85 13
19	79 26
19	84 14
19	84 15
19	83 15
19	85 15
19	79 30
19	84 16
19	84 17
19	83 17
19	85 17
19	79 31
19	84 18
19	84 19
19	83 19
19	85 19
19	79 24
19	84 20
19	84 1
19	83 1
19	85 1
19	79 36
19	84 2
19	84 3
19	83 3
19	85 3
19	79 27
19	84 4
19	84 5
19	83 5
19	85 5
19	79 32
19	84 6
19	84 7
19	83 7
19	85 7
19	79 25
19	84 8
19	84 9
19	83 9
19	85 9
19	79 31
19	84 10
19	84 11
19	83 11
19	85 11
19	79 32
19	84 12
19	84 13
19	83 13
19	85 13
19	79 34
19	84 14
19	84 15
19	83 15
19	85 15
19	79 27
19	84 16
19	84 17
19	83 17
19	85 17
19	79 34
19	84 18
19	84 19
19	83 19
19	85 19
19	79 28
19	84 20
19	84 1
19	83 1
19	85 1
19	79 29
19	84 2
19	84 3
19	83 3
19	85 3
19	79 31
19	84 4
19	84 5
19	83 5
19	85 5
19	79 29
19	84 6
19	84 7
19	83 7
19	85 7
19	79 30
19	84 8
19	84 9
19	83 9
19	85 9
19	79 30
19	84 10
19	84 11
19	83 11
19	85 11
19	79 33
19	84 12
19	84 13
19	83 13
19	85 13
19	79 32
19	84 14
19	84 15
19	83 15
19	85 15
19	79 29
19	84 16
19	84 17
19	83 17
19	85 17
19	79 32
19	84 18
19	84 19
19	83 19
19	85 19
19	79 29
19	84 20
19	84 1
19	83 1
19	85 1
19	79 31
19	84 2
19	84 3
19	83 3
19	85 3
19	79 30
19	84 4
19	84 5
19	83 5
19	85 5
19	79 30
19	84 6
19	84 7
19	83 7
19	85 7
19	79 32
19	84 8
19	84 9
19	83 9
19	85 9
19	79 31
19	84 10
19	84 11
19	83 11
19	85 11
19	79 30
19	84 12
19	84 13
19	83 13
19	85 13
19	79 36
19	84 14
19	84 15
19	83 15
19	85 15
19	79 29
19	84 16
19	84 17
19	83 17
19	85 17
19	79 28
19	84 18
19	84 19
19	83 19
19	85 19
19	79 34
19	84 20
19	84 1
19	83 1
19	85 1
19	79 26
19	84 2
19	84 3
19	83 3
19	85 3
19	79 34
19	84 4
19	84 5
19	83 5
19	85 5
19	79 28
19	84 6
19	84 7
19	83 7
19	85 7
19	79 24
19	84 8
19	84 9
19	83 9
19	85 9
19	79 27
19	84 10
19	TEST_NUMBER 6
19	SENT_TOTAL 250
19	RECEIVED_TOTAL 123
19	TIME_TOTAL 29804
19	RECEIVED_RADIO_1 124
19	RECEIVED_RADIO_2 0
19	SENT_RADIO_1 125
19	SENT_RADIO_2 125
19	RADIO_TIME_1 29804
19	RADIO_TIME_2 19763
19	RETRANSMISSIONS_1 0
19	RETRANSMISSIONS_2 0
19	DROPPED_1 0
19	DROPPED_2 0
19	MAX_QUEUE 1
19	DUPLICATED_1 0
19	DUPLICATED_2 0
19	EBUSY_RADIO_1 0
19	EBUSY_RADIO_2 0

20	RELAY_NODE 20
20	TEST_NUMBER 0
20	SENT_TOTAL 0
20	RECEIVED_TOTAL 0
20	TIME_TOTAL 0
20	RECEIVED_RADIO_1 124
20	RECEIVED_RADIO_2 122
20	SENT_RADIO_1 122
20	SENT_RADIO_2 124
20	RADIO_TIME_1 19604
20	RADIO_TIME_2 19604
20	RETRANSMISSIONS_1 0
20	RETRANSMISSIONS_2 0
20	DROPPED_1 0
20	DROPPED_2 0
20	MAX_QUEUE 1
20	DUPLICATED_1 0
20	DUPLICATED_2 0
20	EBUSY_RADIO_1 0
20	EBUSY_RADIO_2 0
20	TEST_NUMBER 1
20	SENT_TOTAL 0
20	RECEIVED_TOTAL 0
20	TIME_TOTAL 0
20	RECEIVED_RADIO_1 125
20	RECEIVED_RADIO_2 124
20	SENT_RADIO_1 124
20	SENT_RADIO_2 125
20	RADIO_TIME_1 29792
20	RADIO_TIME_2 29792
20	RETRANSMISSIONS_1 0
20	RETRANSMISSIONS_2 0
20	DROPPED_1 0
20	DROPPED_2 0
20	MAX_QUEUE 1
20	DUPLICATED_1 0
20	DUPLICATED_2 0
20	EBUSY_RADIO_1 0
20	EBUSY_RADIO_2 0
20	TEST_NUMBER 2
20	SENT_TOTAL 0
20	RECEIVED_TOTAL 0
20	TIME_TOTAL 0
20	RECEIVED_RADIO_1 125
20	RECEIVED_RADIO_2 124
20	SENT_RADIO_1 124
20	SENT_RADIO_2 125
20	RADIO_TIME_1 29860
20	RADIO_TIME_2 29860
20	RETRANSMISSIONS_1 0
20	RETRANSMISSIONS_2 0
20	DROPPED_1 0
20	DROPPED_2 0
20	MAX_QUEUE 1
20	DUPLICATED_1 0
20	DUPLICATED_2 0
20	EBUSY_RADIO_1 0
20	EBUSY_RADIO_2 0
20	TEST_NUMBER 3
20	SENT_TOTAL 0
20	RECEIVED_TOTAL 0
20	TIME_TOTAL 0
20	RECEIVED_RADIO_1 125
20	RECEIVED_RADIO_2 123
20	SENT_RADIO_1 123
20	SENT_RADIO_2 125
20	RADIO_TIME_1 29790
20	RADIO_TIME_2 29790
20	RETRANSMISSIONS_1 0
20	RETRANSMISSIONS_2 0
20	DROPPED_1 0
20	DROPPED_2 0
20	MAX_QUEUE 1
20	DUPLICATED_1 0
20	DUPLICATED_2 0
20	EBUSY_RADIO_1 0
20	EBUSY_RADIO_2 0
20	TEST_NUMBER 4
20	SENT_TOTAL 0
20	RECEIVED_TOTAL 0
20	TIME_TOTAL 0
20	RECEIVED_RADIO_1 125
20	RECEIVED_RADIO_2 124
20	SENT_RADIO_1 124
20	SENT_RADIO_2 125
20	RADIO_TIME_1 29867
20	RADIO_TIME_2 29867
20	RETRANSMISSIONS_1 0
20	RETRANSMISSIONS_2 0
20	DROPPED_1 0
20	DROPPED_2 0
20	MAX_QUEUE 1
20	DUPLICATED_1 0
20	DUPLICATED_2 0
20	EBUSY_RADIO_1 0
20	EBUSY_RADIO_2 0
20	TEST_NUMBER 5
20	SENT_TOTAL 0
20	RECEIVED_TOTAL 0
20	TIME_TOTAL 0
20	RECEIVED_RADIO_1 125
20	RECEIVED_RADIO_2 125
20	SENT_RADIO_1 125
20	SENT_RADIO_2 125
20	RADIO_TIME_1 29869
20	RADIO_TIME_2 29869
20	RETRANSMISSIONS_1 0
20	RETRANSMISSIONS_2 0
20	DROPPED_1 0
20	DROPPED_2 0
20	MAX_QUEUE 1
20	DUPLICATED_1 0
20	DUPLICATED_2 0
20	EBUSY_RADIO_1 0
20	EBUSY_RADIO_2 0
20	TEST_NUMBER 6
20	SENT_TOTAL 0
20	RECEIVED_TOTAL 0
20	TIME_TOTAL 0
20	RECEIVED_RADIO_1 125
20	RECEIVED_RADIO_2 124
20	SENT_RADIO_1 123
20	SENT_RADIO_2 125
20	RADIO_TIME_1 29805
20	RADIO_TIME_2 29805
20	RETRANSMISSIONS_1 0
20	RETRANSMISSIONS_2 0
20	DROPPED_1 0
20	DROPPED_2 0
20	MAX_QUEUE 1
20	DUPLICATED_1 0
20	DUPLICATED_2 0
20	EBUSY_RADIO_1 0
20	EBUSY_RADIO_2 0

23	DESTINATION_NODE 23
23	TEST_NUMBER 0
23	SENT_TOTAL 248
23	RECEIVED_TOTAL 248
23	TIME_TOTAL 19766
23	RECEIVED_RADIO_1 125
23	RECEIVED_RADIO_2 123
23	SENT_RADIO_1 124
23	SENT_RADIO_2 124
23	RADIO_TIME_1 19766
23	RADIO_TIME_2 19682
23	RETRANSMISSIONS_1 0
23	RETRANSMISSIONS_2 0
23	DROPPED_1 0
23	DROPPED_2 0
23	MAX_QUEUE 1
23	DUPLICATED_1 0
23	DUPLICATED_2 0
23	EBUSY_RADIO_1 0
23	EBUSY_RADIO_2 0
23	TEST_NUMBER 1
23	SENT_TOTAL 249
23	RECEIVED_TOTAL 249
23	TIME_TOTAL 19844
23	RECEIVED_RADIO_1 125
23	RECEIVED_RADIO_2 124
23	SENT_RADIO_1 125
23	SENT_RADIO_2 124
23	RADIO_TIME_1 19844
23	RADIO_TIME_2 19768
23	RETRANSMISSIONS_1 0
23	RETRANSMISSIONS_2 0
23	DROPPED_1 0
23	DROPPED_2 0
23	MAX_QUEUE 1
23	DUPLICATED_1 0
23	DUPLICATED_2 0
23	EBUSY_RADIO_1 0
23	EBUSY_RADIO_2 0
23	TEST_NUMBER 2
23	SENT_TOTAL 247
23	RECEIVED_TOTAL 247
23	TIME_TOTAL 19840
23	RECEIVED_RADIO_1 125
23	RECEIVED_RADIO_2 122
23	SENT_RADIO_1 123
23	SENT_RADIO_2 124
23	RADIO_TIME_1 19758
23	RADIO_TIME_2 19840
23	RETRANSMISSIONS_1 0
23	RETRANSMISSIONS_2 0
23	DROPPED_1 0
23	DROPPED_2 0
23	MAX_QUEUE 1
23	DUPLICATED_1 0
23	DUPLICATED_2 0
23	EBUSY_RADIO_1 0
23	EBUSY_RADIO_2 0
23	TEST_NUMBER 3
23	SENT_TOTAL 247
23	RECEIVED_TOTAL 247
23	TIME_TOTAL 19844
23	RECEIVED_RADIO_1 125
23	RECEIVED_RADIO_2 122
23	SENT_RADIO_1 124
23	SENT_RADIO_2 123
23	RADIO_TIME_1 19844
23	RADIO_TIME_2 19762
23	RETRANSMISSIONS_1 0
23	RETRANSMISSIONS_2 0
23	DROPPED_1 0
23	DROPPED_2 0
23	MAX_QUEUE 1
23	DUPLICATED_1 0
23	DUPLICATED_2 0
23	EBUSY_RADIO_1 0
23	EBUSY_RADIO_2 0
23	TEST_NUMBER 4
23	SENT_TOTAL 248
23	RECEIVED_TOTAL 248
23	TIME_TOTAL 19839
23	RECEIVED_RADIO_1 125
23	RECEIVED_RADIO_2 123
23	SENT_RADIO_1 124
23	SENT_RADIO_2 124
23	RADIO_TIME_1 19764
23	RADIO_TIME_2 19764
23	RETRANSMISSIONS_1 0
23	RETRANSMISSIONS_2 0
23	DROPPED_1 0
23	DROPPED_2 0
23	MAX_QUEUE 1
23	DUPLICATED_1 0
23	DUPLICATED_2 0
23	EBUSY_RADIO_1 0
23	EBUSY_RADIO_2 0
23	TEST_NUMBER 5
23	SENT_TOTAL 249
23	RECEIVED_TOTAL 249
23	TIME_TOTAL 19845
23	RECEIVED_RADIO_1 125
23	RECEIVED_RADIO_2 124
23	SENT_RADIO_1 124
23	SENT_RADIO_2 125
23	RADIO_TIME_1 19764
23	RADIO_TIME_2 19845
23	RETRANSMISSIONS_1 0
23	RETRANSMISSIONS_2 0
23	DROPPED_1 0
23	DROPPED_2 0
23	MAX_QUEUE 1
23	DUPLICATED_1 0
23	DUPLICATED_2 0
23	EBUSY_RADIO_1 0
23	EBUSY_RADIO_2 0
23	TEST_NUMBER 6
23	SENT_TOTAL 247
23	RECEIVED_TOTAL 247
23	TIME_TOTAL 19842
23	RECEIVED_RADIO_1 125
23	RECEIVED_RADIO_2 122
23	SENT_RADIO_1 124
23	SENT_RADIO_2 123
23	RADIO_TIME_1 19842
23	RADIO_TIME_2 19758
23	RETRANSMISSIONS_1 0
23	RETRANSMISSIONS_2 0
23	DROPPED_1 0
23	DROPPED_2 0
23	MAX_QUEUE 1
23	DUPLICATED_1 0
23	DUPLICATED_2 0
23	EBUSY_RADIO_1 0
23	EBUSY_RADIO_2 0

24	RELAY_NODE 24
24	TEST_NUMBER 0
24	SENT_TOTAL 0
24	RECEIVED_TOTAL 0
24	TIME_TOTAL 0
24	RECEIVED_RADIO_1 0
24	RECEIVED_RADIO_2 120
24	SENT_RADIO_1 120
24	SENT_RADIO_2 0
24	RADIO_TIME_1 18966
24	RADIO_TIME_2 18966
24	RETRANSMISSIONS_1 0
24	RETRANSMISSIONS_2 0
24	DROPPED_1 0
24	DROPPED_2 0
24	MAX_QUEUE 1
24	DUPLICATED_1 0
24	DUPLICATED_2 0
24	EBUSY_RADIO_1 0
24	EBUSY_RADIO_2 0
24	TEST_NUMBER 1
24	SENT_TOTAL 0
24	RECEIVED_TOTAL 0
24	TIME_TOTAL 0
24	RECEIVED_RADIO_1 0
24	RECEIVED_RADIO_2 125
24	SENT_RADIO_1 125
24	SENT_RADIO_2 0
24	RADIO_TIME_1 29719
24	RADIO_TIME_2 29719
24	RETRANSMISSIONS_1 0
24	RETRANSMISSIONS_2 0
24	DROPPED_1 0
24	DROPPED_2 0
24	MAX_QUEUE 1
24	DUPLICATED_1 0
24	DUPLICATED_2 0
24	EBUSY_RADIO_1 0
24	EBUSY_RADIO_2 0
24	TEST_NUMBER 2
24	SENT_TOTAL 0
24	RECEIVED_TOTAL 0
24	TIME_TOTAL 0
24	RECEIVED_RADIO_1 0
24	RECEIVED_RADIO_2 125
24	SENT_RADIO_1 125
24	SENT_RADIO_2 0
24	RADIO_TIME_1 29725
24	RADIO_TIME_2 29725
24	RETRANSMISSIONS_1 0
24	RETRANSMISSIONS_2 0
24	DROPPED_1 0
24	DROPPED_2 0
24	MAX_QUEUE 1
24	DUPLICATED_1 0
24	DUPLICATED_2 0
24	EBUSY_RADIO_1 0
24	EBUSY_RADIO_2 0
24	TEST_NUMBER 3
24	SENT_TOTAL 0
24	RECEIVED_TOTAL 0
24	TIME_TOTAL 0
24	RECEIVED_RADIO_1 0
24	RECEIVED_RADIO_2 125
24	SENT_RADIO_1 125
24	SENT_RADIO_2 0
24	RADIO_TIME_1 29724
24	RADIO_TIME_2 29724
24	RETRANSMISSIONS_1 0
24	RETRANSMISSIONS_2 0
24	DROPPED_1 0
24	DROPPED_2 0
24	MAX_QUEUE 1
24	DUPLICATED_1 0
24	DUPLICATED_2 0
24	EBUSY_RADIO_1 0
24	EBUSY_RADIO_2 0
24	TEST_NUMBER 4
24	SENT_TOTAL 0
24	RECEIVED_TOTAL 0
24	TIME_TOTAL 0
24	RECEIVED_RADIO_1 0
24	RECEIVED_RADIO_2 125
24	SENT_RADIO_1 125
24	SENT_RADIO_2 0
24	RADIO_TIME_1 29721
24	RADIO_TIME_2 29721
24	RETRANSMISSIONS_1 0
24	RETRANSMISSIONS_2 0
24	DROPPED_1 0
24	DROPPED_2 0
24	MAX_QUEUE 1
24	DUPLICATED_1 0
24	DUPLICATED_2 0
24	EBUSY_RADIO_1 0
24	EBUSY_RADIO_2 0
24	TEST_NUMBER 5
24	SENT_TOTAL 0
24	RECEIVED_TOTAL 0
24	TIME_TOTAL 0
24	RECEIVED_RADIO_1 0
24	RECEIVED_RADIO_2 125
24	SENT_RADIO_1 125
24	SENT_RADIO_2 0
24	RADIO_TIME_1 29721
24	RADIO_TIME_2 29722
24	RETRANSMISSIONS_1 0
24	RETRANSMISSIONS_2 0
24	DROPPED_1 0
24	DROPPED_2 0
24	MAX_QUEUE 1
24	DUPLICATED_1 0
24	DUPLICATED_2 0
24	EBUSY_RADIO_1 0
24	EBUSY_RADIO_2 0
24	TEST_NUMBER 6
24	SENT_TOTAL 0
24	RECEIVED_TOTAL 0
24	TIME_TOTAL 0
24	RECEIVED_RADIO_1 0
24	RECEIVED_RADIO_2 125
24	SENT_RADIO_1 125
24	SENT_RADIO_2 0
24	RADIO_TIME_1 29725
24	RADIO_TIME_2 29725
24	RETRANSMISSIONS_1 0
24	RETRANSMISSIONS_2 0
24	DROPPED_1 0
24	DROPPED_2 0
24	MAX_QUEUE 1
24	DUPLICATED_1 0
24	DUPLICATED_2 0
24	EBUSY_RADIO_1 0
24	EBUSY_RADIO_2 0
