
1	SOURCE_NODE 1
1	84 1
1	83 1
1	85 1
1	79 30
1	84 2
1	84 3
1	84 4
1	84 5
1	83 5
1	85 5
1	79 45
1	84 6
1	84 7
1	84 8
1	83 8
1	85 7
1	79 142
1	84 9
1	84 10
1	84 11
1	83 11
1	85 11
1	79 46
1	84 12
1	84 13
1	84 14
1	83 14
1	85 13
1	79 129
1	84 15
1	84 16
1	84 17
1	83 17
1	85 17
1	79 45
1	84 18
1	84 19
1	84 20
1	83 20
1	85 19
1	79 145
1	84 1
1	84 2
1	84 3
1	83 3
1	85 3
1	79 44
1	84 4
1	84 5
1	84 6
1	83 6
1	85 5
1	79 144
1	84 7
1	84 8
1	84 9
1	83 9
1	85 9
1	79 37
1	84 10
1	84 11
1	84 12
1	83 12
1	85 11
1	79 133
1	84 13
1	84 14
1	84 15
1	83 15
1	85 15
1	79 42
1	84 16
1	84 17
1	84 18
1	83 18
1	85 17
1	79 129
1	84 19
1	84 20
1	84 1
1	83 1
1	85 1
1	79 42
1	84 2
1	84 3
1	84 4
1	83 4
1	85 3
1	79 142
1	84 5
1	84 6
1	84 7
1	83 7
1	85 7
1	79 39
1	84 8
1	84 9
1	84 10
1	84 11
1	83 11
1	85 10
1	79 139
1	84 12
1	84 13
1	84 14
1	83 14
1	85 14
1	79 45
1	84 15
1	84 16
1	84 17
1	83 17
1	85 16
1	79 133
1	84 18
1	84 19
1	84 20
1	83 20
1	85 20
1	79 37
1	84 1
1	84 2
1	84 3
1	83 3
1	85 2
1	79 135
1	84 4
1	84 5
1	84 6
1	83 6
1	85 6
1	79 40
1	84 7
1	84 8
1	84 9
1	83 9
1	85 8
1	79 137
1	84 10
1	84 11
1	84 12
1	83 12
1	85 12
1	79 38
1	84 13
1	84 14
1	84 15
1	83 15
1	85 14
1	79 142
1	84 16
1	84 17
1	84 18
1	83 18
1	85 18
1	79 42
1	84 19
1	84 20
1	84 1
1	83 1
1	85 20
1	79 152
1	84 2
1	84 3
1	84 4
1	83 4
1	85 4
1	79 47
1	84 5
1	84 6
1	84 7
1	83 7
1	85 6
1	79 139
1	84 8
1	84 9
1	84 10
1	83 10
1	85 10
1	79 39
1	84 11
1	84 12
1	84 13
1	83 13
1	85 12
1	79 137
1	84 14
1	84 15
1	84 16
1	83 16
1	85 16
1	79 43
1	84 17
1	84 18
1	84 19
1	83 19
1	85 18
1	79 143
1	84 20
1	84 1
1	84 2
1	83 2
1	85 2
1	79 38
1	84 3
1	84 4
1	84 5
1	83 5
1	85 4
1	79 141
1	84 6
1	84 7
1	84 8
1	83 8
1	85 8
1	79 37
1	84 9
1	84 10
1	84 11
1	83 11
1	85 10
1	79 146
1	84 12
1	84 13
1	84 14
1	83 14
1	85 14
1	79 40
1	84 15
1	84 16
1	84 17
1	83 17
1	85 16
1	79 136
1	84 18
1	84 19
1	84 20
1	83 20
1	85 20
1	79 38
1	84 1
1	84 2
1	84 3
1	83 3
1	85 2
1	79 136
1	84 4
1	84 5
1	84 6
1	83 6
1	85 6
1	79 44
1	84 7
1	84 8
1	84 9
1	83 9
1	85 8
1	79 138
1	84 10
1	84 11
1	84 12
1	83 12
1	85 12
1	79 43
1	84 13
1	84 14
1	84 15
1	83 15
1	85 14
1	79 135
1	84 16
1	84 17
1	84 18
1	83 18
1	85 18
1	79 39
1	84 19
1	84 20
1	84 1
1	83 1
1	85 20
1	79 133
1	84 2
1	84 3
1	84 4
1	83 4
1	85 4
1	79 41
1	84 5
1	84 6
1	84 7
1	83 7
1	85 6
1	79 141
1	84 8
1	84 9
1	84 10
1	83 10
1	85 10
1	79 47
1	84 11
1	84 12
1	84 13
1	83 13
1	85 12
1	79 143
1	84 14
1	84 15
1	84 16
1	83 16
1	85 16
1	79 41
1	84 17
1	84 18
1	84 19
1	83 19
1	85 18
1	79 141
1	84 20
1	84 1
1	84 2
1	83 2
1	85 2
1	79 48
1	84 3
1	84 4
1	84 5
1	83 5
1	85 4
1	79 142
1	84 6
1	84 7
1	84 8
1	83 8
1	85 8
1	79 45
1	84 9
1	84 10
1	84 11
1	83 11
1	85 10
1	79 139
1	84 12
1	84 13
1	84 14
1	83 14
1	85 14
1	79 40
1	84 15
1	84 16
1	84 17
1	83 17
1	85 16
1	79 131
1	84 18
1	84 19
1	84 20
1	83 20
1	85 20
1	79 41
1	84 1
1	84 2
1	84 3
1	83 3
1	85 2
1	79 140
1	84 4
1	84 5
1	84 6
1	83 6
1	85 6
1	79 48
1	84 7
1	84 8
1	83 8
1	85 7
1	79 150
1	84 9
1	84 10
1	84 11
1	83 11
1	85 11
1	79 41
1	84 12
1	84 13
1	84 14
1	83 14
1	85 13
1	79 142
1	84 15
1	84 16
1	84 17
1	83 17
1	85 17
1	79 44
1	84 18
1	84 19
1	84 20
1	83 20
1	85 19
1	79 136
1	84 1
1	84 2
1	84 3
1	83 3
1	85 3
1	79 43
1	84 4
1	84 5
1	84 6
1	83 6
1	85 5
1	79 143
1	84 7
1	84 8
1	84 9
1	83 9
1	85 9
1	79 39
1	84 10
1	84 11
1	84 12
1	83 12
1	85 11
1	79 155
1	84 13
1	84 14
1	84 15
1	83 15
1	85 15
1	79 40
1	84 16
1	84 17
1	84 18
1	83 18
1	85 17
1	79 127
1	84 19
1	84 20
1	84 1
1	84 2
1	83 2
1	85 2
1	79 33
1	84 3
1	84 4
1	84 5
1	83 5
1	85 4
1	79 139
1	84 6
1	84 7
1	84 8
1	83 8
1	85 8
1	79 35
1	84 9
1	84 10
1	84 11
1	83 11
1	85 10
1	79 142
1	84 12
1	84 13
1	84 14
1	83 14
1	85 14
1	79 46
1	84 15
1	84 16
1	84 17
1	83 17
1	85 16
1	79 146
1	84 18
1	84 19
1	84 20
1	83 20
1	85 20
1	79 35
1	84 1
1	84 2
1	84 3
1	84 4
1	84 5
1	84 6
1	83 6
1	85 2
1	79 439
1	83 6
1	85 6
1	79 47
1	84 7
1	84 8
1	84 9
1	83 9
1	85 8
1	79 136
1	84 10
1	TEST_NUMBER 0
1	SENT_TOTAL 250
1	RECEIVED_TOTAL 83
1	TIME_TOTAL 24710
1	RECEIVED_RADIO_1 83
1	RECEIVED_RADIO_2 0
1	SENT_RADIO_1 125
1	SENT_RADIO_2 125
1	RADIO_TIME_1 24803
1	RADIO_TIME_2 24604
1	RETRANSMISSIONS_1 2
1	RETRANSMISSIONS_2 1
1	DROPPED_1 0
1	DROPPED_2 0
1	MAX_QUEUE 1
1	DUPLICATED_1 0
1	DUPLICATED_2 0
1	EBUSY_RADIO_1 0
1	EBUSY_RADIO_2 0
1	84 1
1	84 2
1	83 2
1	85 2
1	79 43
1	84 3
1	84 4
1	84 5
1	83 5
1	85 4
1	79 139
1	84 6
1	84 7
1	84 8
1	83 8
1	85 8
1	79 41
1	84 9
1	84 10
1	84 11
1	83 11
1	85 10
1	79 144
1	84 12
1	84 13
1	84 14
1	83 14
1	85 14
1	79 38
1	84 15
1	84 16
1	84 17
1	83 17
1	85 16
1	79 136
1	84 18
1	84 19
1	84 20
1	83 20
1	85 20
1	79 47
1	84 1
1	84 2
1	84 3
1	83 3
1	85 2
1	79 142
1	84 4
1	84 5
1	84 6
1	83 6
1	85 6
1	79 41
1	84 7
1	84 8
1	84 9
1	84 10
1	84 11
1	84 12
1	83 12
1	85 8
1	79 437
1	83 12
1	85 12
1	79 44
1	84 13
1	84 14
1	84 15
1	84 16
1	84 17
1	84 18
1	83 18
1	85 14
1	79 446
1	84 19
1	83 19
1	85 18
1	79 147
1	84 20
1	84 1
1	84 2
1	83 2
1	85 2
1	79 38
1	84 3
1	84 4
1	84 5
1	83 5
1	85 4
1	79 145
1	84 6
1	84 7
1	84 8
1	83 8
1	85 8
1	79 47
1	84 9
1	84 10
1	84 11
1	83 11
1	85 10
1	79 130
1	84 12
1	84 13
1	84 14
1	83 14
1	85 14
1	79 33
1	84 15
1	84 16
1	84 17
1	84 18
1	84 19
1	84 20
1	83 20
1	85 16
1	79 440
1	83 20
1	85 20
1	79 49
1	84 1
1	84 2
1	84 3
1	83 3
1	85 2
1	79 130
1	84 4
1	84 5
1	84 6
1	83 6
1	85 6
1	79 44
1	84 7
1	84 8
1	84 9
1	83 9
1	85 8
1	79 134
1	84 10
1	84 11
1	84 12
1	84 13
1	84 14
1	84 15
1	83 15
1	85 12
1	79 344
1	83 15
1	85 14
1	79 151
1	84 16
1	84 17
1	84 18
1	83 18
1	85 18
1	79 46
1	84 19
1	84 20
1	84 1
1	83 1
1	85 20
1	79 141
1	84 2
1	84 3
1	84 4
1	83 4
1	85 4
1	79 44
1	84 5
1	84 6
1	84 7
1	83 7
1	85 6
1	79 146
1	84 8
1	84 9
1	84 10
1	83 10
1	85 10
1	79 38
1	84 11
1	84 12
1	84 13
1	83 13
1	85 12
1	79 130
1	84 14
1	84 15
1	84 16
1	84 17
1	84 18
1	84 19
1	83 19
1	85 16
1	79 337
1	83 19
1	85 18
1	79 147
1	84 20
1	84 1
1	84 2
1	83 2
1	85 2
1	79 47
1	84 3
1	84 4
1	84 5
1	83 5
1	85 4
1	79 137
1	84 6
1	84 7
1	84 8
1	83 8
1	85 8
1	79 39
1	84 9
1	84 10
1	84 11
1	84 12
1	84 13
1	84 14
1	83 14
1	85 10
1	79 436
1	83 14
1	85 14
1	79 45
1	84 15
1	84 16
1	84 17
1	83 17
1	85 16
1	79 149
1	84 18
1	84 19
1	84 20
1	83 20
1	85 20
1	79 36
1	84 1
1	84 2
1	84 3
1	83 3
1	85 2
1	79 143
1	84 4
1	84 5
1	84 6
1	84 7
1	84 8
1	84 9
1	83 9
1	85 6
1	79 345
1	83 9
1	85 8
1	79 151
1	84 10
1	84 11
1	84 12
1	83 12
1	85 12
1	79 51
1	84 13
1	84 14
1	84 15
1	83 15
1	85 14
1	79 142
1	84 16
1	84 17
1	84 18
1	83 18
1	85 18
1	79 37
1	84 19
1	84 20
1	84 1
1	83 1
1	85 20
1	79 141
1	84 2
1	84 3
1	84 4
1	83 4
1	85 4
1	79 41
1	84 5
1	84 6
1	84 7
1	83 7
1	85 6
1	79 141
1	84 8
1	84 9
1	84 10
1	83 10
1	85 10
1	79 42
1	84 11
1	84 12
1	84 13
1	83 13
1	85 12
1	79 130
1	84 14
1	84 15
1	84 16
1	83 16
1	85 16
1	79 39
1	84 17
1	84 18
1	84 19
1	83 19
1	85 18
1	79 148
1	84 20
1	84 1
1	84 2
1	83 2
1	85 2
1	79 39
1	84 3
1	84 4
1	84 5
1	83 5
1	85 4
1	79 138
1	84 6
1	84 7
1	84 8
1	83 8
1	85 8
1	79 40
1	84 9
1	84 10
1	84 11
1	83 11
1	85 10
1	79 138
1	84 12
1	84 13
1	84 14
1	83 14
1	85 14
1	79 41
1	84 15
1	84 16
1	84 17
1	83 17
1	85 16
1	79 140
1	84 18
1	84 19
1	84 20
1	83 20
1	85 20
1	79 46
1	84 1
1	84 2
1	84 3
1	83 3
1	85 2
1	79 135
1	84 4
1	84 5
1	84 6
1	84 7
1	84 8
1	84 9
1	83 9
1	85 6
1	79 335
1	83 9
1	85 8
1	79 144
1	84 10
1	84 11
1	84 12
1	83 12
1	85 12
1	79 45
1	84 13
1	84 14
1	84 15
1	83 15
1	85 14
1	79 137
1	84 16
1	84 17
1	84 18
1	83 18
1	85 18
1	79 43
1	84 19
1	84 20
1	84 1
1	83 1
1	85 20
1	79 135
1	84 2
1	84 3
1	84 4
1	83 4
1	85 4
1	79 40
1	84 5
1	84 6
1	84 7
1	83 7
1	85 6
1	79 143
1	84 8
1	84 9
1	84 10
1	83 10
1	85 10
1	79 43
1	84 11
1	84 12
1	84 13
1	84 14
1	83 14
1	85 13
1	79 138
1	84 15
1	84 16
1	84 17
1	83 17
1	85 16
1	79 149
1	84 18
1	84 19
1	84 20
1	83 20
1	85 20
1	79 43
1	84 1
1	84 2
1	84 3
1	84 4
1	84 5
1	84 6
1	83 6
1	85 2
1	79 439
1	83 6
1	85 6
1	79 49
1	84 7
1	84 8
1	84 9
1	83 9
1	85 8
1	79 137
1	84 10
1	84 11
1	84 12
1	83 12
1	85 12
1	79 41
1	84 13
1	84 14
1	84 15
1	83 15
1	85 14
1	79 138
1	84 16
1	84 17
1	84 18
1	83 18
1	85 18
1	79 36
1	84 19
1	84 20
1	84 1
1	83 1
1	85 20
1	79 141
1	84 2
1	84 3
1	84 4
1	83 4
1	85 4
1	79 44
1	84 5
1	84 6
1	84 7
1	83 7
1	85 6
1	79 142
1	84 8
1	84 9
1	84 10
1	83 10
1	85 10
1	79 42
1	TEST_NUMBER 1
1	SENT_TOTAL 250
1	RECEIVED_TOTAL 83
1	TIME_TOTAL 24703
1	RECEIVED_RADIO_1 83
1	RECEIVED_RADIO_2 0
1	SENT_RADIO_1 125
1	SENT_RADIO_2 125
1	RADIO_TIME_1 24745
1	RADIO_TIME_2 24704
1	RETRANSMISSIONS_1 2
1	RETRANSMISSIONS_2 2
1	DROPPED_1 0
1	DROPPED_2 0
1	MAX_QUEUE 1
1	DUPLICATED_1 0
1	DUPLICATED_2 0
1	EBUSY_RADIO_1 0
1	EBUSY_RADIO_2 0
1	84 1
1	84 2
1	84 3
1	83 3
1	85 2
1	79 138
1	84 4
1	84 5
1	84 6
1	83 6
1	85 6
1	79 41
1	84 7
1	84 8
1	84 9
1	83 9
1	85 8
1	79 132
1	84 10
1	84 11
1	84 12
1	83 12
1	85 12
1	79 44
1	84 13
1	84 14
1	84 15
1	83 15
1	85 14
1	79 137
1	84 16
1	84 17
1	84 18
1	83 18
1	85 18
1	79 47
1	84 19
1	84 20
1	84 1
1	83 1
1	85 20
1	79 133
1	84 2
1	84 3
1	84 4
1	83 4
1	85 4
1	79 40
1	84 5
1	84 6
1	84 7
1	83 7
1	85 6
1	79 126
1	84 8
1	84 9
1	84 10
1	83 10
1	85 10
1	79 43
1	84 11
1	84 12
1	84 13
1	83 13
1	85 12
1	79 140
1	84 14
1	84 15
1	84 16
1	84 17
1	84 18
1	84 19
1	83 19
1	85 16
1	79 330
1	83 19
1	85 18
1	79 139
1	84 20
1	84 1
1	84 2
1	83 2
1	85 2
1	79 42
1	84 3
1	84 4
1	84 5
1	83 5
1	85 4
1	79 132
1	84 6
1	84 7
1	84 8
1	83 8
1	85 8
1	79 45
1	84 9
1	84 10
1	84 11
1	83 11
1	85 10
1	79 144
1	84 12
1	84 13
1	84 14
1	83 14
1	85 14
1	79 35
1	84 15
1	84 16
1	84 17
1	83 17
1	85 16
1	79 137
1	84 18
1	84 19
1	84 20
1	83 20
1	85 20
1	79 37
1	84 1
1	84 2
1	84 3
1	83 3
1	85 2
1	79 133
1	84 4
1	84 5
1	84 6
1	84 7
1	84 8
1	84 9
1	83 9
1	85 6
1	79 338
1	83 9
1	85 8
1	79 149
1	84 10
1	84 11
1	84 12
1	83 12
1	85 12
1	79 42
1	84 13
1	84 14
1	84 15
1	83 15
1	85 14
1	79 133
1	84 16
1	84 17
1	84 18
1	83 18
1	85 18
1	79 44
1	84 19
1	84 20
1	84 1
1	83 1
1	85 20
1	79 141
1	84 2
1	84 3
1	84 4
1	83 4
1	85 4
1	79 43
1	84 5
1	84 6
1	84 7
1	83 7
1	85 6
1	79 134
1	84 8
1	84 9
1	84 10
1	83 10
1	85 10
1	79 38
1	84 11
1	84 12
1	84 13
1	83 13
1	85 12
1	79 142
1	84 14
1	84 15
1	84 16
1	83 16
1	85 16
1	79 42
1	84 17
1	84 18
1	84 19
1	83 19
1	85 18
1	79 134
1	84 20
1	84 1
1	84 2
1	83 2
1	85 2
1	79 39
1	84 3
1	84 4
1	84 5
1	83 5
1	85 4
1	79 137
1	84 6
1	84 7
1	84 8
1	83 8
1	85 8
1	79 41
1	84 9
1	84 10
1	84 11
1	83 11
1	85 10
1	79 145
1	84 12
1	84 13
1	84 14
1	83 14
1	85 14
1	79 38
1	84 15
1	84 16
1	84 17
1	83 17
1	85 16
1	79 140
1	84 18
1	84 19
1	84 20
1	83 20
1	85 20
1	79 41
1	84 1
1	84 2
1	84 3
1	83 3
1	85 2
1	79 143
1	84 4
1	84 5
1	84 6
1	83 6
1	85 6
1	79 42
1	84 7
1	84 8
1	84 9
1	83 9
1	85 8
1	79 138
1	84 10
1	84 11
1	84 12
1	83 12
1	85 12
1	79 37
1	84 13
1	84 14
1	84 15
1	83 15
1	85 14
1	79 140
1	84 16
1	84 17
1	84 18
1	84 19
1	84 20
1	84 1
1	83 1
1	85 18
1	79 330
1	83 1
1	85 20
1	79 141
1	84 2
1	84 3
1	84 4
1	83 4
1	85 4
1	79 43
1	84 5
1	84 6
1	84 7
1	84 8
1	84 9
1	84 10
1	83 10
1	85 6
1	79 451
1	84 11
1	84 12
1	84 13
1	83 13
1	85 10
1	79 345
1	83 13
1	85 12
1	79 156
1	84 14
1	84 15
1	84 16
1	83 16
1	85 16
1	79 41
1	84 17
1	84 18
1	84 19
1	83 19
1	85 18
1	79 136
1	84 20
1	84 1
1	84 2
1	83 2
1	85 2
1	79 44
1	84 3
1	84 4
1	84 5
1	83 5
1	85 4
1	79 135
1	84 6
1	84 7
1	84 8
1	83 8
1	85 8
1	79 41
1	84 9
1	84 10
1	84 11
1	83 11
1	85 10
1	79 139
1	84 12
1	84 13
1	84 14
1	83 14
1	85 14
1	79 40
1	84 15
1	84 16
1	84 17
1	83 17
1	85 16
1	79 138
1	84 18
1	84 19
1	84 20
1	83 20
1	85 20
1	79 42
1	84 1
1	84 2
1	84 3
1	83 3
1	85 2
1	79 136
1	84 4
1	84 5
1	84 6
1	83 6
1	85 6
1	79 39
1	84 7
1	84 8
1	84 9
1	83 9
1	85 8
1	79 142
1	84 10
1	84 11
1	84 12
1	83 12
1	85 12
1	79 45
1	84 13
1	84 14
1	84 15
1	83 15
1	85 14
1	79 146
1	84 16
1	84 17
1	84 18
1	83 18
1	85 18
1	79 38
1	84 19
1	84 20
1	84 1
1	83 1
1	85 20
1	79 136
1	84 2
1	84 3
1	84 4
1	83 4
1	85 4
1	79 42
1	84 5
1	84 6
1	84 7
1	83 7
1	85 6
1	79 138
1	84 8
1	84 9
1	84 10
1	83 10
1	85 10
1	79 38
1	84 11
1	84 12
1	84 13
1	83 13
1	85 12
1	79 144
1	84 14
1	84 15
1	84 16
1	83 16
1	85 16
1	79 42
1	84 17
1	84 18
1	84 19
1	83 19
1	85 18
1	79 138
1	84 20
1	84 1
1	84 2
1	83 2
1	85 2
1	79 39
1	84 3
1	84 4
1	84 5
1	83 5
1	85 4
1	79 139
1	84 6
1	84 7
1	84 8
1	83 8
1	85 8
1	79 40
1	84 9
1	84 10
1	84 11
1	83 11
1	85 10
1	79 141
1	84 12
1	84 13
1	84 14
1	83 14
1	85 14
1	79 41
1	84 15
1	84 16
1	84 17
1	83 17
1	85 16
1	79 134
1	84 18
1	84 19
1	84 20
1	84 1
1	84 2
1	84 3
1	83 3
1	85 20
1	79 346
1	84 4
1	84 5
1	84 6
1	83 6
1	85 2
1	79 443
1	84 7
1	84 8
1	84 9
1	83 9
1	85 6
1	79 338
1	83 9
1	85 8
1	79 146
1	84 10
1	TEST_NUMBER 2
1	SENT_TOTAL 250
1	RECEIVED_TOTAL 83
1	TIME_TOTAL 24512
1	RECEIVED_RADIO_1 83
1	RECEIVED_RADIO_2 0
1	SENT_RADIO_1 125
1	SENT_RADIO_2 125
1	RADIO_TIME_1 24704
1	RADIO_TIME_2 24704
1	RETRANSMISSIONS_1 0
1	RETRANSMISSIONS_2 0
1	DROPPED_1 0
1	DROPPED_2 0
1	MAX_QUEUE 1
1	DUPLICATED_1 0
1	DUPLICATED_2 0
1	EBUSY_RADIO_1 0
1	EBUSY_RADIO_2 0
1	84 1
1	84 2
1	84 3
1	84 4
1	84 5
1	83 5
1	85 2
1	79 333
1	83 5
1	85 4
1	79 141
1	84 6
1	84 7
1	84 8
1	83 8
1	85 8
1	79 43
1	84 9
1	84 10
1	84 11
1	83 11
1	85 10
1	79 135
1	84 12
1	84 13
1	84 14
1	83 14
1	85 14
1	79 36
1	84 15
1	84 16
1	84 17
1	83 17
1	85 16
1	79 142
1	84 18
1	84 19
1	84 20
1	83 20
1	85 20
1	79 36
1	84 1
1	84 2
1	84 3
1	83 3
1	85 2
1	79 139
1	84 4
1	84 5
1	84 6
1	83 6
1	85 6
1	79 41
1	84 7
1	84 8
1	84 9
1	83 9
1	85 8
1	79 143
1	84 10
1	84 11
1	84 12
1	84 13
1	84 14
1	84 15
1	83 15
1	85 12
1	79 335
1	83 15
1	85 14
1	79 146
1	84 16
1	84 17
1	84 18
1	83 18
1	85 18
1	79 41
1	84 19
1	84 20
1	84 1
1	83 1
1	85 20
1	79 140
1	84 2
1	84 3
1	84 4
1	83 4
1	85 4
1	79 39
1	84 5
1	84 6
1	84 7
1	83 7
1	85 6
1	79 136
1	84 8
1	84 9
1	84 10
1	83 10
1	85 10
1	79 43
1	84 11
1	84 12
1	84 13
1	83 13
1	85 12
1	79 142
1	84 14
1	84 15
1	84 16
1	83 16
1	85 16
1	79 42
1	84 17
1	84 18
1	84 19
1	83 19
1	85 18
1	79 137
1	84 20
1	84 1
1	84 2
1	83 2
1	85 2
1	79 39
1	84 3
1	84 4
1	84 5
1	83 5
1	85 4
1	79 144
1	84 6
1	84 7
1	84 8
1	83 8
1	85 8
1	79 40
1	84 9
1	84 10
1	84 11
1	83 11
1	85 10
1	79 142
1	84 12
1	84 13
1	84 14
1	83 14
1	85 14
1	79 42
1	84 15
1	84 16
1	84 17
1	84 18
1	84 19
1	84 20
1	83 20
1	85 16
1	79 438
1	83 20
1	85 20
1	79 47
1	84 1
1	84 2
1	84 3
1	84 4
1	84 5
1	84 6
1	83 6
1	85 2
1	79 440
1	83 6
1	85 6
1	79 50
1	84 7
1	84 8
1	84 9
1	83 9
1	85 8
1	79 141
1	84 10
1	84 11
1	84 12
1	83 12
1	85 12
1	79 46
1	84 13
1	84 14
1	84 15
1	83 15
1	85 14
1	79 136
1	84 16
1	84 17
1	84 18
1	84 19
1	84 20
1	84 1
1	83 1
1	85 18
1	79 342
1	83 1
1	85 20
1	79 150
1	84 2
1	84 3
1	84 4
1	83 4
1	85 4
1	79 35
1	84 5
1	84 6
1	84 7
1	83 7
1	85 6
1	79 130
1	84 8
1	84 9
1	84 10
1	83 10
1	85 10
1	79 44
1	84 11
1	84 12
1	84 13
1	83 13
1	85 12
1	79 143
1	84 14
1	84 15
1	84 16
1	83 16
1	85 16
1	79 48
1	84 17
1	84 18
1	84 19
1	83 19
1	85 18
1	79 134
1	84 20
1	84 1
1	84 2
1	83 2
1	85 2
1	79 40
1	84 3
1	84 4
1	84 5
1	84 6
1	84 7
1	84 8
1	83 8
1	85 4
1	79 439
1	83 8
1	85 8
1	79 49
1	84 9
1	84 10
1	84 11
1	83 11
1	85 10
1	79 138
1	84 12
1	84 13
1	84 14
1	83 14
1	85 14
1	79 38
1	84 15
1	84 16
1	84 17
1	83 17
1	85 16
1	79 143
1	84 18
1	84 19
1	84 20
1	83 20
1	85 20
1	79 39
1	84 1
1	84 2
1	84 3
1	83 3
1	85 2
1	79 135
1	84 4
1	84 5
1	84 6
1	83 6
1	85 6
1	79 41
1	84 7
1	84 8
1	84 9
1	83 9
1	85 8
1	79 150
1	84 10
1	84 11
1	84 12
1	84 13
1	84 14
1	84 15
1	83 15
1	85 12
1	79 331
1	83 15
1	85 14
1	79 140
1	84 16
1	84 17
1	84 18
1	84 19
1	83 19
1	85 19
1	79 42
1	84 20
1	84 1
1	84 2
1	83 2
1	85 1
1	79 140
1	84 3
1	84 4
1	84 5
1	83 5
1	85 5
1	79 39
1	84 6
1	84 7
1	84 8
1	83 8
1	85 7
1	79 137
1	84 9
1	84 10
1	84 11
1	83 11
1	85 11
1	79 39
1	84 12
1	84 13
1	84 14
1	83 14
1	85 13
1	79 143
1	84 15
1	84 16
1	84 17
1	83 17
1	85 17
1	79 40
1	84 18
1	84 19
1	84 20
1	83 20
1	85 19
1	79 132
1	84 1
1	84 2
1	84 3
1	83 3
1	85 3
1	79 41
1	84 4
1	84 5
1	84 6
1	83 6
1	85 5
1	79 150
1	84 7
1	84 8
1	84 9
1	83 9
1	85 9
1	79 41
1	84 10
1	84 11
1	84 12
1	83 12
1	85 11
1	79 132
1	84 13
1	84 14
1	84 15
1	83 15
1	85 15
1	79 46
1	84 16
1	84 17
1	84 18
1	83 18
1	85 17
1	79 133
1	84 19
1	84 20
1	84 1
1	83 1
1	85 1
1	79 38
1	84 2
1	84 3
1	84 4
1	83 4
1	85 3
1	79 144
1	84 5
1	84 6
1	84 7
1	83 7
1	85 7
1	79 40
1	84 8
1	84 9
1	84 10
1	83 10
1	85 9
1	79 140
1	84 11
1	84 12
1	84 13
1	83 13
1	85 13
1	79 39
1	84 14
1	84 15
1	84 16
1	83 16
1	85 15
1	79 137
1	84 17
1	84 18
1	84 19
1	84 20
1	83 20
1	85 20
1	79 49
1	84 1
1	84 2
1	84 3
1	83 3
1	85 2
1	79 145
1	84 4
1	84 5
1	84 6
1	83 6
1	85 6
1	79 40
1	84 7
1	84 8
1	84 9
1	83 9
1	85 8
1	79 133
1	84 10
1	84 11
1	84 12
1	83 12
1	85 12
1	79 40
1	84 13
1	84 14
1	84 15
1	84 16
1	84 17
1	84 18
1	83 18
1	85 14
1	79 444
1	83 18
1	85 18
1	79 54
1	84 19
1	84 20
1	84 1
1	83 1
1	85 20
1	79 132
1	84 2
1	84 3
1	84 4
1	83 4
1	85 4
1	79 40
1	84 5
1	84 6
1	84 7
1	83 7
1	85 6
1	79 135
1	84 8
1	84 9
1	84 10
1	83 10
1	85 10
1	79 43
1	TEST_NUMBER 3
1	SENT_TOTAL 250
1	RECEIVED_TOTAL 83
1	TIME_TOTAL 24414
1	RECEIVED_RADIO_1 83
1	RECEIVED_RADIO_2 0
1	SENT_RADIO_1 124
1	SENT_RADIO_2 126
1	RADIO_TIME_1 24746
1	RADIO_TIME_2 24704
1	RETRANSMISSIONS_1 2
1	RETRANSMISSIONS_2 0
1	DROPPED_1 0
1	DROPPED_2 0
1	MAX_QUEUE 1
1	DUPLICATED_1 0
1	DUPLICATED_2 0
1	EBUSY_RADIO_1 0
1	EBUSY_RADIO_2 0
1	84 1
1	84 2
1	84 3
1	83 3
1	85 2
1	79 138
1	84 4
1	84 5
1	84 6
1	83 6
1	85 6
1	79 37
1	84 7
1	84 8
1	84 9
1	83 9
1	85 8
1	79 137
1	84 10
1	84 11
1	84 12
1	83 12
1	85 12
1	79 40
1	84 13
1	84 14
1	84 15
1	83 15
1	85 14
1	79 141
1	84 16
1	84 17
1	84 18
1	83 18
1	85 18
1	79 40
1	84 19
1	84 20
1	84 1
1	83 1
1	85 20
1	79 141
1	84 2
1	84 3
1	84 4
1	83 4
1	85 4
1	79 46
1	84 5
1	84 6
1	84 7
1	83 7
1	85 6
1	79 140
1	84 8
1	84 9
1	84 10
1	83 10
1	85 10
1	79 42
1	84 11
1	84 12
1	84 13
1	83 13
1	85 12
1	79 146
1	84 14
1	84 15
1	84 16
1	83 16
1	85 16
1	79 39
1	84 17
1	84 18
1	83 18
1	85 17
1	79 148
1	84 19
1	84 20
1	84 1
1	83 1
1	85 1
1	79 42
1	84 2
1	84 3
1	84 4
1	83 4
1	85 3
1	79 138
1	84 5
1	84 6
1	84 7
1	83 7
1	85 7
1	79 38
1	84 8
1	84 9
1	84 10
1	83 10
1	85 9
1	79 144
1	84 11
1	84 12
1	84 13
1	83 13
1	85 13
1	79 44
1	84 14
1	84 15
1	84 16
1	83 16
1	85 15
1	79 143
1	84 17
1	84 18
1	84 19
1	83 19
1	85 19
1	79 42
1	84 20
1	84 1
1	84 2
1	83 2
1	85 1
1	79 138
1	84 3
1	84 4
1	84 5
1	83 5
1	85 5
1	79 42
1	84 6
1	84 7
1	84 8
1	83 8
1	85 7
1	79 131
1	84 9
1	84 10
1	84 11
1	83 11
1	85 11
1	79 42
1	84 12
1	84 13
1	84 14
1	83 14
1	85 13
1	79 134
1	84 15
1	84 16
1	84 17
1	83 17
1	85 17
1	79 47
1	84 18
1	84 19
1	84 20
1	83 20
1	85 19
1	79 137
1	84 1
1	84 2
1	84 3
1	83 3
1	85 3
1	79 44
1	84 4
1	84 5
1	84 6
1	83 6
1	85 5
1	79 141
1	84 7
1	84 8
1	84 9
1	83 9
1	85 9
1	79 40
1	84 10
1	84 11
1	84 12
1	83 12
1	85 11
1	79 138
1	84 13
1	84 14
1	84 15
1	83 15
1	85 15
1	79 44
1	84 16
1	84 17
1	84 18
1	83 18
1	85 17
1	79 135
1	84 19
1	84 20
1	84 1
1	83 1
1	85 1
1	79 45
1	84 2
1	84 3
1	84 4
1	83 4
1	85 3
1	79 145
1	84 5
1	84 6
1	84 7
1	83 7
1	85 7
1	79 37
1	84 8
1	84 9
1	84 10
1	83 10
1	85 9
1	79 136
1	84 11
1	84 12
1	84 13
1	83 13
1	85 13
1	79 46
1	84 14
1	84 15
1	84 16
1	83 16
1	85 15
1	79 132
1	84 17
1	84 18
1	84 19
1	83 19
1	85 19
1	79 36
1	84 20
1	84 1
1	84 2
1	83 2
1	85 1
1	79 145
1	84 3
1	84 4
1	84 5
1	83 5
1	85 5
1	79 43
1	84 6
1	84 7
1	84 8
1	83 8
1	85 7
1	79 138
1	84 9
1	84 10
1	84 11
1	83 11
1	85 11
1	79 44
1	84 12
1	84 13
1	84 14
1	83 14
1	85 13
1	79 136
1	84 15
1	84 16
1	84 17
1	83 17
1	85 17
1	79 38
1	84 18
1	84 19
1	84 20
1	83 20
1	85 19
1	79 151
1	84 1
1	84 2
1	84 3
1	83 3
1	85 3
1	79 42
1	84 4
1	84 5
1	84 6
1	83 6
1	85 5
1	79 137
1	84 7
1	84 8
1	84 9
1	83 9
1	85 9
1	79 38
1	84 10
1	84 11
1	83 11
1	85 10
1	79 152
1	84 12
1	84 13
1	84 14
1	83 14
1	85 14
1	79 44
1	84 15
1	84 16
1	84 17
1	83 17
1	85 16
1	79 138
1	84 18
1	84 19
1	84 20
1	83 20
1	85 20
1	79 45
1	84 1
1	84 2
1	84 3
1	83 3
1	85 2
1	79 135
1	84 4
1	84 5
1	84 6
1	83 6
1	85 6
1	79 41
1	84 7
1	84 8
1	84 9
1	83 9
1	85 8
1	79 143
1	84 10
1	84 11
1	84 12
1	84 13
1	84 14
1	84 15
1	83 15
1	85 12
1	79 344
1	83 15
1	85 14
1	79 153
1	84 16
1	84 17
1	84 18
1	83 18
1	85 18
1	79 45
1	84 19
1	84 20
1	84 1
1	83 1
1	85 20
1	79 146
1	84 2
1	84 3
1	84 4
1	83 4
1	85 4
1	79 40
1	84 5
1	84 6
1	84 7
1	83 7
1	85 6
1	79 139
1	84 8
1	84 9
1	84 10
1	83 10
1	85 10
1	79 42
1	84 11
1	84 12
1	84 13
1	83 13
1	85 12
1	79 145
1	84 14
1	84 15
1	84 16
1	83 16
1	85 16
1	79 42
1	84 17
1	84 18
1	84 19
1	83 19
1	85 18
1	79 148
1	84 20
1	84 1
1	84 2
1	83 2
1	85 2
1	79 44
1	84 3
1	84 4
1	84 5
1	83 5
1	85 4
1	79 149
1	84 6
1	84 7
1	84 8
1	83 8
1	85 8
1	79 44
1	84 9
1	84 10
1	84 11
1	83 11
1	85 10
1	79 144
1	84 12
1	84 13
1	84 14
1	83 14
1	85 14
1	79 37
1	84 15
1	84 16
1	84 17
1	83 17
1	85 16
1	79 138
1	84 18
1	84 19
1	84 20
1	83 20
1	85 20
1	79 46
1	84 1
1	84 2
1	84 3
1	83 3
1	85 2
1	79 136
1	84 4
1	84 5
1	84 6
1	83 6
1	85 6
1	79 43
1	84 7
1	84 8
1	84 9

4	RELAY_NODE 4
4	TEST_NUMBER 0
4	SENT_TOTAL 0
4	RECEIVED_TOTAL 0
4	TIME_TOTAL 0
4	RECEIVED_RADIO_1 125
4	RECEIVED_RADIO_2 83
4	SENT_RADIO_1 83
4	SENT_RADIO_2 125
4	RADIO_TIME_1 24804
4	RADIO_TIME_2 24804
4	RETRANSMISSIONS_1 1
4	RETRANSMISSIONS_2 0
4	DROPPED_1 0
4	DROPPED_2 0
4	MAX_QUEUE 1
4	DUPLICATED_1 2
4	DUPLICATED_2 0
4	EBUSY_RADIO_1 0
4	EBUSY_RADIO_2 0
4	TEST_NUMBER 1
4	SENT_TOTAL 0
4	RECEIVED_TOTAL 0
4	TIME_TOTAL 0
4	RECEIVED_RADIO_1 125
4	RECEIVED_RADIO_2 83
4	SENT_RADIO_1 83
4	SENT_RADIO_2 125
4	RADIO_TIME_1 24734
4	RADIO_TIME_2 24734
4	RETRANSMISSIONS_1 8
4	RETRANSMISSIONS_2 0
4	DROPPED_1 0
4	DROPPED_2 0
4	MAX_QUEUE 1
4	DUPLICATED_1 2
4	DUPLICATED_2 0
4	EBUSY_RADIO_1 0
4	EBUSY_RADIO_2 0
4	TEST_NUMBER 2
4	SENT_TOTAL 0
4	RECEIVED_TOTAL 0
4	TIME_TOTAL 0
4	RECEIVED_RADIO_1 125
4	RECEIVED_RADIO_2 83
4	SENT_RADIO_1 83
4	SENT_RADIO_2 125
4	RADIO_TIME_1 24703
4	RADIO_TIME_2 24703
4	RETRANSMISSIONS_1 10
4	RETRANSMISSIONS_2 0
4	DROPPED_1 0
4	DROPPED_2 0
4	MAX_QUEUE 1
4	DUPLICATED_1 0
4	DUPLICATED_2 0
4	EBUSY_RADIO_1 0
4	EBUSY_RADIO_2 0
4	TEST_NUMBER 3
4	SENT_TOTAL 0
4	RECEIVED_TOTAL 0
4	TIME_TOTAL 0
4	RECEIVED_RADIO_1 124
4	RECEIVED_RADIO_2 83
4	SENT_RADIO_1 83
4	SENT_RADIO_2 124
4	RADIO_TIME_1 24732
4	RADIO_TIME_2 24732
4	RETRANSMISSIONS_1 8
4	RETRANSMISSIONS_2 0
4	DROPPED_1 0
4	DROPPED_2 0
4	MAX_QUEUE 1
4	DUPLICATED_1 2
4	DUPLICATED_2 0
4	EBUSY_RADIO_1 0
4	EBUSY_RADIO_2 0

9	DESTINATION_NODE 9
9	TEST_NUMBER 0
9	SENT_TOTAL 125
9	RECEIVED_TOTAL 125
9	TIME_TOTAL 24808
9	RECEIVED_RADIO_1 125
9	RECEIVED_RADIO_2 0
9	SENT_RADIO_1 83
9	SENT_RADIO_2 0
9	RADIO_TIME_1 24808
9	RADIO_TIME_2 24600
9	RETRANSMISSIONS_1 0
9	RETRANSMISSIONS_2 410
9	DROPPED_1 0
9	DROPPED_2 41
9	MAX_QUEUE 1
9	DUPLICATED_1 0
9	DUPLICATED_2 0
9	EBUSY_RADIO_1 0
9	EBUSY_RADIO_2 0
9	TEST_NUMBER 1
9	SENT_TOTAL 125
9	RECEIVED_TOTAL 125
9	TIME_TOTAL 24708
9	RECEIVED_RADIO_1 125
9	RECEIVED_RADIO_2 0
9	SENT_RADIO_1 83
9	SENT_RADIO_2 0
9	RADIO_TIME_1 24708
9	RADIO_TIME_2 24306
9	RETRANSMISSIONS_1 8
9	RETRANSMISSIONS_2 419
9	DROPPED_1 0
9	DROPPED_2 42
9	MAX_QUEUE 1
9	DUPLICATED_1 0
9	DUPLICATED_2 0
9	EBUSY_RADIO_1 0
9	EBUSY_RADIO_2 0
9	TEST_NUMBER 2
9	SENT_TOTAL 125
9	RECEIVED_TOTAL 125
9	TIME_TOTAL 24705
9	RECEIVED_RADIO_1 125
9	RECEIVED_RADIO_2 0
9	SENT_RADIO_1 83
9	SENT_RADIO_2 0
9	RADIO_TIME_1 24705
9	RADIO_TIME_2 24705
9	RETRANSMISSIONS_1 0
9	RETRANSMISSIONS_2 419
9	DROPPED_1 0
9	DROPPED_2 42
9	MAX_QUEUE 1
9	DUPLICATED_1 0
9	DUPLICATED_2 0
9	EBUSY_RADIO_1 0
9	EBUSY_RADIO_2 0
9	TEST_NUMBER 3
9	SENT_TOTAL 124
9	RECEIVED_TOTAL 124
9	TIME_TOTAL 24704
9	RECEIVED_RADIO_1 124
9	RECEIVED_RADIO_2 0
9	SENT_RADIO_1 83
9	SENT_RADIO_2 0
9	RADIO_TIME_1 24704
9	RADIO_TIME_2 24301
9	RETRANSMISSIONS_1 0
9	RETRANSMISSIONS_2 409
9	DROPPED_1 0
9	DROPPED_2 41
9	MAX_QUEUE 1
9	DUPLICATED_1 0
9	DUPLICATED_2 0
9	EBUSY_RADIO_1 0
9	EBUSY_RADIO_2 0

10	RELAY_NODE 10
10	TEST_NUMBER 0
10	SENT_TOTAL 0
10	RECEIVED_TOTAL 0
10	TIME_TOTAL 0
10	RECEIVED_RADIO_1 83
10	RECEIVED_RADIO_2 125
10	SENT_RADIO_1 125
10	SENT_RADIO_2 83
10	RADIO_TIME_1 24805
10	RADIO_TIME_2 24805
10	RETRANSMISSIONS_1 0
10	RETRANSMISSIONS_2 0
10	DROPPED_1 0
10	DROPPED_2 0
10	MAX_QUEUE 1
10	DUPLICATED_1 0
10	DUPLICATED_2 0
10	EBUSY_RADIO_1 0
10	EBUSY_RADIO_2 0
10	TEST_NUMBER 1
10	SENT_TOTAL 0
10	RECEIVED_TOTAL 0
10	TIME_TOTAL 0
10	RECEIVED_RADIO_1 83
10	RECEIVED_RADIO_2 125
10	SENT_RADIO_1 125
10	SENT_RADIO_2 83
10	RADIO_TIME_1 24722
10	RADIO_TIME_2 24722
10	RETRANSMISSIONS_1 1
10	RETRANSMISSIONS_2 0
10	DROPPED_1 0
10	DROPPED_2 0
10	MAX_QUEUE 1
10	DUPLICATED_1 7
10	DUPLICATED_2 0
10	EBUSY_RADIO_1 0
10	EBUSY_RADIO_2 0
10	TEST_NUMBER 2
10	SENT_TOTAL 0
10	RECEIVED_TOTAL 0
10	TIME_TOTAL 0
10	RECEIVED_RADIO_1 83
10	RECEIVED_RADIO_2 125
10	SENT_RADIO_1 125
10	SENT_RADIO_2 83
10	RADIO_TIME_1 24705
10	RADIO_TIME_2 24705
10	RETRANSMISSIONS_1 0
10	RETRANSMISSIONS_2 0
10	DROPPED_1 0
10	DROPPED_2 0
10	MAX_QUEUE 1
10	DUPLICATED_1 0
10	DUPLICATED_2 0
10	EBUSY_RADIO_1 0
10	EBUSY_RADIO_2 0
10	TEST_NUMBER 3
10	SENT_TOTAL 0
10	RECEIVED_TOTAL 0
10	TIME_TOTAL 0
10	RECEIVED_RADIO_1 83
10	RECEIVED_RADIO_2 124
10	SENT_RADIO_1 124
10	SENT_RADIO_2 83
10	RADIO_TIME_1 24717
10	RADIO_TIME_2 24717
10	RETRANSMISSIONS_1 0
10	RETRANSMISSIONS_2 0
10	DROPPED_1 0
10	DROPPED_2 0
10	MAX_QUEUE 1
10	DUPLICATED_1 0
10	DUPLICATED_2 0
10	EBUSY_RADIO_1 0
10	EBUSY_RADIO_2 0

32	RELAY_NODE 32
32	TEST_NUMBER 0
32	SENT_TOTAL 0
32	RECEIVED_TOTAL 0
32	TIME_TOTAL 0
32	RECEIVED_RADIO_1 0
32	RECEIVED_RADIO_2 125
32	SENT_RADIO_1 0
32	SENT_RADIO_2 0
32	RADIO_TIME_1 24701
32	RADIO_TIME_2 24606
32	RETRANSMISSIONS_1 1237
32	RETRANSMISSIONS_2 0
32	DROPPED_1 124
32	DROPPED_2 0
32	MAX_QUEUE 1
32	DUPLICATED_1 0
32	DUPLICATED_2 0
32	EBUSY_RADIO_1 0
32	EBUSY_RADIO_2 0
32	TEST_NUMBER 1
32	SENT_TOTAL 0
32	RECEIVED_TOTAL 0
32	TIME_TOTAL 0
32	RECEIVED_RADIO_1 0
32	RECEIVED_RADIO_2 125
32	SENT_RADIO_1 0
32	SENT_RADIO_2 0
32	RADIO_TIME_1 24788
32	RADIO_TIME_2 24703
32	RETRANSMISSIONS_1 1246
32	RETRANSMISSIONS_2 0
32	DROPPED_1 125
32	DROPPED_2 0
32	MAX_QUEUE 1
32	DUPLICATED_1 0
32	DUPLICATED_2 1
32	EBUSY_RADIO_1 0
32	EBUSY_RADIO_2 0
32	TEST_NUMBER 2
32	SENT_TOTAL 0
32	RECEIVED_TOTAL 0
32	TIME_TOTAL 0
32	RECEIVED_RADIO_1 0
32	RECEIVED_RADIO_2 125
32	SENT_RADIO_1 0
32	SENT_RADIO_2 0
32	RADIO_TIME_1 24799
32	RADIO_TIME_2 24705
32	RETRANSMISSIONS_1 1246
32	RETRANSMISSIONS_2 0
32	DROPPED_1 125
32	DROPPED_2 0
32	MAX_QUEUE 1
32	DUPLICATED_1 0
32	DUPLICATED_2 0
32	EBUSY_RADIO_1 0
32	EBUSY_RADIO_2 0
32	TEST_NUMBER 3
32	SENT_TOTAL 0
32	RECEIVED_TOTAL 0
32	TIME_TOTAL 0
32	RECEIVED_RADIO_1 0
32	RECEIVED_RADIO_2 126
32	SENT_RADIO_1 0
32	SENT_RADIO_2 0
32	RADIO_TIME_1 24793
32	RADIO_TIME_2 24705
32	RETRANSMISSIONS_1 1256
32	RETRANSMISSIONS_2 0
32	DROPPED_1 126
32	DROPPED_2 0
32	MAX_QUEUE 1
32	DUPLICATED_1 0
32	DUPLICATED_2 0
32	EBUSY_RADIO_1 0
32	EBUSY_RADIO_2 0
