
1	SOURCE_NODE 1
1	84 1
1	84 2
1	83 2
1	85 2
1	79 19
1	84 3
1	84 4
1	83 4
1	85 3
1	79 107
1	84 5
1	83 5
1	85 5
1	79 29
1	84 6
1	84 7
1	84 8
1	83 8
1	85 7
1	79 113
1	83 8
1	85 6
1	79 199
1	83 8
1	85 8
1	79 47
1	84 9
1	84 10
1	83 10
1	85 10
1	79 24
1	84 11
1	84 12
1	83 12
1	85 11
1	79 114
1	83 12
1	85 12
1	79 41
1	84 13
1	83 13
1	85 13
1	79 36
1	84 14
1	84 15
1	83 15
1	85 15
1	79 30
1	84 16
1	84 17
1	84 18
1	83 18
1	85 17
1	79 117
1	83 18
1	85 16
1	79 203
1	84 19
1	83 19
1	85 19
1	79 32
1	84 20
1	83 20
1	85 20
1	79 32
1	84 1
1	84 2
1	83 2
1	85 1
1	79 111
1	83 2
1	85 2
1	79 41
1	84 3
1	83 3
1	85 3
1	79 33
1	84 4
1	84 5
1	84 6
1	84 7
1	83 7
1	85 5
1	79 184
1	83 7
1	85 6
1	79 112
1	83 7
1	85 7
1	79 41
1	84 8
1	83 8
1	85 8
1	79 38
1	84 9
1	84 10
1	84 11
1	84 12
1	83 12
1	85 10
1	79 205
1	83 12
1	85 11
1	79 135
1	84 13
1	84 14
1	83 14
1	85 12
1	79 186
1	84 15
1	83 15
1	85 14
1	79 113
1	83 15
1	85 15
1	79 42
1	84 16
1	83 16
1	85 16
1	79 50
1	84 17
1	84 18
1	83 18
1	85 18
1	79 27
1	84 19
1	84 20
1	83 20
1	85 19
1	79 108
1	83 20
1	85 20
1	79 42
1	84 1
1	84 2
1	83 2
1	85 2
1	79 28
1	84 3
1	84 4
1	83 4
1	85 3
1	79 123
1	84 5
1	84 6
1	83 6
1	85 4
1	79 185
1	84 7
1	83 7
1	85 6
1	79 108
1	83 7
1	85 7
1	79 38
1	84 8
1	84 9
1	83 9
1	85 9
1	79 27
1	84 10
1	84 11
1	83 11
1	85 10
1	79 106
1	83 11
1	85 11
1	79 34
1	84 12
1	84 13
1	83 13
1	85 13
1	79 31
1	84 14
1	84 15
1	83 15
1	85 14
1	79 105
1	83 15
1	85 15
1	79 34
1	84 16
1	84 17
1	83 17
1	85 17
1	79 25
1	84 18
1	84 19
1	83 19
1	85 18
1	79 106
1	83 19
1	85 19
1	79 34
1	84 20
1	84 1
1	83 1
1	85 1
1	79 27
1	84 2
1	84 3
1	83 3
1	85 2
1	79 105
1	84 4
1	84 5
1	83 5
1	85 5
1	79 32
1	84 6
1	83 6
1	85 4
1	79 229
1	83 6
1	85 6
1	79 76
1	84 7
1	84 8
1	83 8
1	85 7
1	79 100
1	84 9
1	83 9
1	85 9
1	79 27
1	84 10
1	84 11
1	83 11
1	85 10
1	79 114
1	84 12
1	83 12
1	85 12
1	79 25
1	84 13
1	84 14
1	83 14
1	85 13
1	79 109
1	83 14
1	85 14
1	79 39
1	84 15
1	84 16
1	84 17
1	84 18
1	83 18
1	85 16
1	79 190
1	83 18
1	85 17
1	79 120
1	84 19
1	83 19
1	85 19
1	79 25
1	84 20
1	84 1
1	83 1
1	85 20
1	79 108
1	84 2
1	83 2
1	85 2
1	79 29
1	84 3
1	84 4
1	83 4
1	85 3
1	79 108
1	83 4
1	85 4
1	79 36
1	84 5
1	84 6
1	83 6
1	85 6
1	79 27
1	84 7
1	84 8
1	83 8
1	85 7
1	79 104
1	83 8
1	85 8
1	79 35
1	84 9
1	83 9
1	85 9
1	79 41
1	84 10
1	84 11
1	83 11
1	85 11
1	79 25
1	84 12
1	84 13
1	83 13
1	85 12
1	79 107
1	83 13
1	85 13
1	79 37
1	84 14
1	83 14
1	85 14
1	79 39
1	84 15
1	84 16
1	83 16
1	85 16
1	79 30
1	84 17
1	84 18
1	83 18
1	85 17
1	79 110
1	83 18
1	85 18
1	79 36
1	84 19
1	84 20
1	84 1
1	83 1
1	85 19
1	79 187
1	84 2
1	83 2
1	85 1
1	79 116
1	83 2
1	85 2
1	79 54
1	84 3
1	84 4
1	83 4
1	85 4
1	79 28
1	84 5
1	84 6
1	83 6
1	85 5
1	79 122
1	84 7
1	84 8
1	83 8
1	85 6
1	79 187
1	84 9
1	83 9
1	85 8
1	79 118
1	83 9
1	85 9
1	79 46
1	84 10
1	83 10
1	85 10
1	79 42
1	84 11
1	84 12
1	83 12
1	85 12
1	79 28
1	84 13
1	84 14
1	83 14
1	85 13
1	79 115
1	83 14
1	85 14
1	79 43
1	84 15
1	84 16
1	83 16
1	85 16
1	79 21
1	84 17
1	84 18
1	83 18
1	85 17
1	79 130
1	84 19
1	84 20
1	83 20
1	85 18
1	79 191
1	83 20
1	85 20
1	79 48
1	84 1
1	84 2
1	83 2
1	85 1
1	79 105
1	84 3
1	84 4
1	83 4
1	85 3
1	79 107
1	83 4
1	85 4
1	79 34
1	84 5
1	83 5
1	85 5
1	79 42
1	84 6
1	84 7
1	83 7
1	85 7
1	79 32
1	84 8
1	84 9
1	83 9
1	85 8
1	79 105
1	83 9
1	85 9
1	79 34
1	84 10
1	84 11
1	83 11
1	85 11
1	79 26
1	84 12
1	84 13
1	83 13
1	85 12
1	79 109
1	84 14
1	84 15
1	83 15
1	85 15
1	79 29
1	84 16
1	83 16
1	85 14
1	79 212
1	83 16
1	85 16
1	79 60
1	84 17
1	84 18
1	83 18
1	85 17
1	79 98
1	84 19
1	84 20
1	83 20
1	85 18
1	79 197
1	84 1
1	83 1
1	85 20
1	79 107
1	83 1
1	85 1
1	79 34
1	84 2
1	83 2
1	85 2
1	79 48
1	84 3
1	84 4
1	83 4
1	85 4
1	79 28
1	84 5
1	84 6
1	83 6
1	85 5
1	79 112
1	83 6
1	85 6
1	79 44
1	84 7
1	83 7
1	85 7
1	79 41
1	84 8
1	84 9
1	83 9
1	85 9
1	79 31
1	84 10
1	84 11
1	83 11
1	85 10
1	79 112
1	83 11
1	85 11
1	79 48
1	84 12
1	84 13
1	83 13
1	85 13
1	79 23
1	84 14
1	84 15
1	84 16
1	83 16
1	85 15
1	79 106
1	83 16
1	85 14
1	79 195
1	83 16
1	85 16
1	79 44
1	84 17
1	84 18
1	83 18
1	85 18
1	79 26
1	84 19
1	84 20
1	83 20
1	85 19
1	79 130
1	84 1
1	84 2
1	83 2
1	85 2
1	79 39
1	84 3
1	83 3
1	85 20
1	79 273
1	83 3
1	85 3
1	79 50
1	84 4
1	84 5
1	83 5
1	85 4
1	79 99
1	84 6
1	83 6
1	85 6
1	79 30
1	84 7
1	84 8
1	83 8
1	85 7
1	79 108
1	83 8
1	85 8
1	79 36
1	84 9
1	84 10
1	84 11
1	83 11
1	85 9
1	79 188
1	84 12
1	84 13
1	83 13
1	85 11
1	79 180
1	83 13
1	85 12
1	79 109
1	84 14
1	83 14
1	85 14
1	79 31
1	84 15
1	84 16
1	83 16
1	85 15
1	79 104
1	83 16
1	85 16
1	79 31
1	84 17
1	83 17
1	85 17
1	79 34
1	84 18
1	84 19
1	84 20
1	84 1
1	83 1
1	85 19
1	79 194
1	83 1
1	85 20
1	79 120
1	83 1
1	85 1
1	79 46
1	84 2
1	84 3
1	83 3
1	85 3
1	79 23
1	84 4
1	84 5
1	83 5
1	85 4
1	79 121
1	84 6
1	84 7
1	83 7
1	85 5
1	79 187
1	84 8
1	83 8
1	85 7
1	79 107
1	83 8
1	85 8
1	79 42
1	84 9
1	83 9
1	85 9
1	79 40
1	84 10
1	84 11
1	83 11
1	85 11
1	79 29
1	84 12
1	84 13
1	83 13
1	85 12
1	79 117
1	84 14
1	84 15
1	83 15
1	85 13
1	79 190
1	83 15
1	85 15
1	79 39
1	84 16
1	84 17
1	83 17
1	85 16
1	79 113
1	83 17
1	85 17
1	79 40
1	84 18
1	84 19
1	83 19
1	85 19
1	79 28
1	84 20
1	84 1
1	83 1
1	85 20
1	79 108
1	83 1
1	85 1
1	79 39
1	84 2
1	84 3
1	83 3
1	85 3
1	79 26
1	84 4
1	84 5
1	83 5
1	85 4
1	79 109
1	83 5
1	85 5
1	79 35
1	84 6
1	83 6
1	85 6
1	79 31
1	84 7
1	84 8
1	83 8
1	85 8
1	79 24
1	84 9
1	84 10
1	84 11
1	83 11
1	85 10
1	79 112
1	83 11
1	85 11
1	79 51
1	84 12
1	84 13
1	83 13
1	85 12
1	79 120
1	84 14
1	84 15
1	83 15
1	85 13
1	79 188
1	83 15
1	85 15
1	79 36
1	84 16
1	84 17
1	83 17
1	85 16
1	79 104
1	84 18
1	84 19
1	84 20
1	83 20
1	85 18
1	79 183
1	83 20
1	85 19
1	79 109
1	83 20
1	85 20
1	79 38
1	84 1
1	84 2
1	84 3
1	83 3
1	85 1
1	79 185
1	83 3
1	85 3
1	79 34
1	84 4
1	84 5
1	83 5
1	85 4
1	79 109
1	83 5
1	85 5
1	79 37
1	84 6
1	84 7
1	83 7
1	85 7
1	79 32
1	84 8
1	84 9
1	83 9
1	85 8
1	79 106
1	83 9
1	85 9
1	79 32
1	84 10
1	83 10
1	85 10
1	79 38
1	84 11
1	84 12
1	83 12
1	85 12
1	79 27
1	84 13
1	84 14
1	83 14
1	85 13
1	79 108
1	83 14
1	85 14
1	79 46
1	84 15
1	84 16
1	83 16
1	85 16
1	79 26
1	84 17
1	84 18
1	83 18
1	85 17
1	79 102
1	83 18
1	85 18
1	79 43
1	84 19
1	84 20
1	83 20
1	85 20
1	79 28
1	84 1
1	84 2
1	83 2
1	85 1
1	79 111
1	84 3
1	83 3
1	85 3
1	79 29
1	84 4
1	84 5
1	83 5
1	85 4
1	79 125
1	84 6
1	84 7
1	83 7
1	85 5
1	79 198
1	84 8
1	84 9
1	83 9
1	85 8
1	79 124
1	84 10
1	TEST_NUMBER 0
1	SENT_TOTAL 250
1	RECEIVED_TOTAL 186
1	TIME_TOTAL 19708
1	RECEIVED_RADIO_1 186
1	RECEIVED_RADIO_2 0
1	SENT_RADIO_1 125
1	SENT_RADIO_2 123
1	RADIO_TIME_1 19843
1	RADIO_TIME_2 19683
1	RETRANSMISSIONS_1 3
1	RETRANSMISSIONS_2 5
1	DROPPED_1 0
1	DROPPED_2 0
1	MAX_QUEUE 1
1	DUPLICATED_1 6
1	DUPLICATED_2 0
1	EBUSY_RADIO_1 0
1	EBUSY_RADIO_2 0
1	84 1
1	83 1
1	85 7
1	86 0
1	83 1
1	85 9
1	86 0
1	83 1
1	85 1
1	79 50
1	84 2
1	84 3
1	83 3
1	85 2
1	79 95
1	84 4
1	83 4
1	85 4
1	79 37
1	84 5
1	84 6
1	83 6
1	85 5
1	79 116
1	83 6
1	85 6
1	79 42
1	84 7
1	83 7
1	85 7
1	79 30
1	84 8
1	84 9
1	83 9
1	85 9
1	79 28
1	84 10
1	84 11
1	84 12
1	83 12
1	85 11
1	79 111
1	83 12
1	85 10
1	79 210
1	83 12
1	85 12
1	79 57
1	84 13
1	84 14
1	84 15
1	83 15
1	85 15
1	79 21
1	84 16
1	83 16
1	85 14
1	79 192
1	84 17
1	83 17
1	85 16
1	79 111
1	83 17
1	85 17
1	79 38
1	84 18
1	83 18
1	85 18
1	79 38
1	84 19
1	84 20
1	84 1
1	83 1
1	85 1
1	79 26
1	84 2
1	83 2
1	85 20
1	79 201
1	83 2
1	85 2
1	79 50
1	84 3
1	84 4
1	83 4
1	85 3
1	79 94
1	84 5
1	83 5
1	85 5
1	79 28
1	84 6
1	84 7
1	83 7
1	85 6
1	79 119
1	83 7
1	85 7
1	79 50
1	84 8
1	84 9
1	83 9
1	85 9
1	79 29
1	84 10
1	84 11
1	83 11
1	85 10
1	79 106
1	83 11
1	85 11
1	79 47
1	84 12
1	83 12
1	85 12
1	79 35
1	84 13
1	84 14
1	83 14
1	85 14
1	79 28
1	84 15
1	84 16
1	83 16
1	85 15
1	79 115
1	84 17
1	84 18
1	83 18
1	85 16
1	79 185
1	84 19
1	83 19
1	85 18
1	79 134
1	84 20
1	84 1
1	83 1
1	85 19
1	79 185
1	84 2
1	83 2
1	85 1
1	79 131
1	84 3
1	84 4
1	83 4
1	85 2
1	79 186
1	84 5
1	83 5
1	85 4
1	79 114
1	83 5
1	85 5
1	79 42
1	84 6
1	83 6
1	85 6
1	79 43
1	84 7
1	84 8
1	83 8
1	85 8
1	79 28
1	84 9
1	84 10
1	83 10
1	85 9
1	79 110
1	83 10
1	85 10
1	79 38
1	84 11
1	84 12
1	83 12
1	85 12
1	79 26
1	84 13
1	84 14
1	83 14
1	85 13
1	79 109
1	84 15
1	84 16
1	83 16
1	85 16
1	79 28
1	84 17
1	83 17
1	85 15
1	79 196
1	83 17
1	85 17
1	79 46
1	84 18
1	84 19
1	84 20
1	83 20
1	85 19
1	79 104
1	84 1
1	84 2
1	83 2
1	85 18
1	79 351
1	83 2
1	85 20
1	79 207
1	83 2
1	85 2
1	79 55
1	84 3
1	84 4
1	83 4
1	85 3
1	79 103
1	84 5
1	83 5
1	85 5
1	79 30
1	84 6
1	84 7
1	83 7
1	85 6
1	79 107
1	83 7
1	85 7
1	79 39
1	84 8
1	84 9
1	84 10
1	84 11
1	83 11
1	85 10
1	79 120
1	83 11
1	85 9
1	79 206
1	84 12
1	84 13
1	83 13
1	85 11
1	79 184
1	83 13
1	85 12
1	79 113
1	84 14
1	84 15
1	84 16
1	84 17
1	83 17
1	85 14
1	79 277
1	83 17
1	85 16
1	79 125
1	83 17
1	85 15
1	79 214
1	84 18
1	83 18
1	85 18
1	79 24
1	84 19
1	84 20
1	83 20
1	85 19
1	79 106
1	83 20
1	85 20
1	79 40
1	84 1
1	84 2
1	83 2
1	85 2
1	79 24
1	84 3
1	84 4
1	83 4
1	85 3
1	79 108
1	84 5
1	83 5
1	85 5
1	79 27
1	84 6
1	84 7
1	83 7
1	85 6
1	79 111
1	83 7
1	85 7
1	79 40
1	84 8
1	84 9
1	84 10
1	83 10
1	85 10
1	79 29
1	84 11
1	83 11
1	85 9
1	79 204
1	84 12
1	84 13
1	83 13
1	85 11
1	79 170
1	83 13
1	85 12
1	79 98
1	84 14
1	83 14
1	85 14
1	79 32
1	84 15
1	84 16
1	83 16
1	85 15
1	79 108
1	83 16
1	85 16
1	79 34
1	84 17
1	84 18
1	83 18
1	85 18
1	79 32
1	84 19
1	84 20
1	83 20
1	85 19
1	79 109
1	84 1
1	83 1
1	85 1
1	79 27
1	84 2
1	84 3
1	83 3
1	85 2
1	79 108
1	84 4
1	83 4
1	85 4
1	79 31
1	84 5
1	84 6
1	84 7
1	83 7
1	85 6
1	79 108
1	83 7
1	85 5
1	79 198
1	83 7
1	85 7
1	79 44
1	84 8
1	83 8
1	85 8
1	79 36
1	84 9
1	84 10
1	83 10
1	85 10
1	79 34
1	84 11
1	84 12
1	83 12
1	85 11
1	79 102
1	83 12
1	85 12
1	79 31
1	84 13
1	84 14
1	83 14
1	85 14
1	79 38
1	84 15
1	83 15
1	85 15
1	79 37
1	84 16
1	84 17
1	83 17
1	85 16
1	79 113
1	84 18
1	83 18
1	85 18
1	79 25
1	84 19
1	84 20
1	83 20
1	85 19
1	79 108
1	83 20
1	85 20
1	79 34
1	84 1
1	83 1
1	85 1
1	79 36
1	84 2
1	84 3
1	83 3
1	85 3
1	79 27
1	84 4
1	84 5
1	83 5
1	85 4
1	79 110
1	84 6
1	83 6
1	85 6
1	79 26
1	84 7
1	84 8
1	83 8
1	85 7
1	79 122
1	84 9
1	84 10
1	83 10
1	85 8
1	79 187
1	84 11
1	83 11
1	85 10
1	79 109
1	83 11
1	85 11
1	79 45
1	84 12
1	83 12
1	85 12
1	79 46
1	84 13
1	84 14
1	83 14
1	85 14
1	79 25
1	84 15
1	84 16
1	83 16
1	85 15
1	79 120
1	84 17
1	84 18
1	83 18
1	85 16
1	79 183
1	84 19
1	83 19
1	85 18
1	79 128
1	83 19
1	85 19
1	79 55
1	84 20
1	83 20
1	85 20
1	79 34
1	84 1
1	84 2
1	83 2
1	85 2
1	79 29
1	84 3
1	84 4
1	83 4
1	85 3
1	79 105
1	83 4
1	85 4
1	79 33
1	84 5
1	84 6
1	83 6
1	85 6
1	79 33
1	84 7
1	84 8
1	83 8
1	85 7
1	79 113
1	83 8
1	85 8
1	79 43
1	84 9
1	84 10
1	84 11
1	83 11
1	85 9
1	79 185
1	83 11
1	85 11
1	79 33
1	84 12
1	84 13
1	83 13
1	85 12
1	79 108
1	84 14
1	83 14
1	85 14
1	79 27
1	84 15
1	84 16
1	83 16
1	85 15
1	79 113
1	84 17
1	83 17
1	85 17
1	79 28
1	84 18
1	84 19
1	83 19
1	85 18
1	79 115
1	84 20
1	84 1
1	83 1
1	85 19
1	79 186
1	84 2
1	83 2
1	85 1
1	79 133
1	84 3
1	84 4
1	84 5
1	83 5
1	85 2
1	79 265
1	83 5
1	85 4
1	79 114
1	84 6
1	84 7
1	83 7
1	85 5
1	79 196
1	83 7
1	85 7
1	79 41
1	84 8
1	83 8
1	85 8
1	79 40
1	84 9
1	84 10
1	83 10
1	85 9
1	79 105
1	83 10
1	85 10
1	79 31
1	84 11
1	84 12
1	83 12
1	85 12
1	79 25
1	84 13
1	84 14
1	83 14
1	85 13
1	79 104
1	84 15
1	83 15
1	85 15
1	79 28
1	84 16
1	84 17
1	83 17
1	85 16
1	79 107
1	83 17
1	85 17
1	79 47
1	84 18
1	83 18
1	85 18
1	79 33
1	84 19
1	84 20
1	83 20
1	85 20
1	79 31
1	84 1
1	84 2
1	83 2
1	85 1
1	79 108
1	83 2
1	85 2
1	79 37
1	84 3
1	83 3
1	85 3
1	79 42
1	84 4
1	84 5
1	83 5
1	85 5
1	79 28
1	84 6
1	84 7
1	83 7
1	85 6
1	79 103
1	83 7
1	85 7
1	79 34
1	84 8
1	83 8
1	85 8
1	79 46
1	84 9
1	84 10
1	84 11
1	83 11
1	85 9
1	79 187
1	84 12
1	83 12
1	85 11
1	79 119
1	83 12
1	85 12
1	79 49
1	84 13
1	83 13
1	85 13
1	79 46
1	84 14
1	84 15
1	83 15
1	85 15
1	79 28
1	84 16
1	84 17
1	83 17
1	85 16
1	79 106
1	83 17
1	85 17
1	79 45
1	84 18
1	84 19
1	84 20
1	84 1
1	83 1
1	85 19
1	79 189
1	83 1
1	85 20
1	79 117
1	83 1
1	85 1
1	79 47
1	84 2
1	84 3
1	83 3
1	85 3
1	79 26
1	84 4
1	84 5
1	83 5
1	85 4
1	79 105
1	83 5
1	85 5
1	79 33
1	84 6
1	84 7
1	83 7
1	85 7
1	79 23
1	84 8
1	84 9
1	83 9
1	85 8
1	79 112
1	83 9
1	85 9
1	79 38
1	84 10
1	84 11
1	84 12
1	84 13
1	83 13
1	85 11
1	79 186
1	83 13
1	85 12
1	79 113
1	84 14
1	83 14
1	85 14
1	79 25
1	84 15
1	84 16
1	83 16
1	85 15
1	79 116
1	84 17
1	84 18
1	83 18
1	85 16
1	79 195
1	83 18
1	85 18
1	79 48
1	84 19
1	84 20
1	83 20
1	85 19
1	79 105
1	84 1
1	83 1
1	85 1
1	79 26
1	84 2
1	84 3
1	83 3
1	85 2
1	79 104
1	83 3
1	85 3
1	79 31
1	84 4
1	84 5
1	83 5
1	85 5
1	79 23
1	84 6
1	84 7
1	83 7
1	85 6
1	79 106
1	84 8
1	83 8
1	85 8
1	79 28
1	84 9
1	84 10
1	84 11
1	83 11
1	85 10
1	79 106
1	83 11
1	85 9
1	79 193
1	84 12
1	84 13
1	83 13
1	85 12
1	79 115
1	83 13
1	85 13
1	79 44
1	84 14
1	84 15
1	83 15
1	85 14
1	79 111
1	83 15
1	85 15
1	79 40
1	84 16
1	83 16
1	85 16
1	79 34
1	84 17
1	84 18
1	83 18
1	85 18
1	79 31
1	84 19
1	84 20
1	83 20
1	85 19
1	79 104
1	83 20
1	85 20
1	79 43
1	84 1
1	84 2
1	83 2
1	85 2
1	79 27
1	84 3
1	84 4
1	83 4
1	85 3
1	79 107
1	83 4
1	85 4
1	79 36
1	84 5
1	84 6
1	83 6
1	85 6
1	79 25
1	84 7
1	84 8
1	83 8
1	85 7
1	79 109
1	83 8
1	85 8
1	79 38
1	84 9
1	84 10
1	TEST_NUMBER 1
1	SENT_TOTAL 250
1	RECEIVED_TOTAL 188
1	TIME_TOTAL 19699
1	RECEIVED_RADIO_1 190
1	RECEIVED_RADIO_2 0
1	SENT_RADIO_1 131
1	SENT_RADIO_2 120
1	RADIO_TIME_1 19838
1	RADIO_TIME_2 19763
1	RETRANSMISSIONS_1 0
1	RETRANSMISSIONS_2 11
1	DROPPED_1 0
1	DROPPED_2 0
1	MAX_QUEUE 1
1	DUPLICATED_1 13
1	DUPLICATED_2 0
1	EBUSY_RADIO_1 0
1	EBUSY_RADIO_2 0
1	83 0
1	85 10
1	86 1
1	84 1
1	84 2
1	83 2
1	85 1
1	79 107
1	83 2
1	85 2
1	79 49
1	84 3
1	84 4
1	83 4
1	85 4
1	79 31
1	84 5
1	84 6
1	83 6
1	85 5
1	79 109
1	83 6
1	85 6
1	79 36
1	84 7
1	84 8
1	84 9
1	83 9
1	85 7
1	79 188
1	84 10
1	84 11
1	83 11
1	85 10
1	79 119
1	84 12
1	84 13
1	83 13
1	85 9
1	79 352
1	83 13
1	85 13
1	79 39
1	83 13
1	85 11
1	79 211
1	84 14
1	84 15
1	84 16
1	83 16
1	85 15
1	79 107
1	84 17
1	84 18
1	83 18
1	85 14
1	79 347
1	83 18
1	85 16
1	79 199
1	83 18
1	85 18
1	79 45
1	84 19
1	84 20
1	83 20
1	85 19
1	79 107
1	84 1
1	83 1
1	85 1
1	79 22
1	84 2
1	84 3
1	83 3
1	85 2
1	79 108
1	83 3
1	85 3
1	79 36
1	84 4
1	83 4
1	85 4
1	79 40
1	84 5
1	84 6
1	84 7
1	83 7
1	85 5
1	79 199
1	84 8
1	83 8
1	85 7
1	79 106
1	83 8
1	85 8
1	79 31
1	84 9
1	83 9
1	85 9
1	79 56
1	84 10
1	84 11
1	83 11
1	85 11
1	79 31
1	84 12
1	84 13
1	83 13
1	85 12
1	79 126
1	84 14
1	84 15
1	83 15
1	85 13
1	79 189
1	84 16
1	83 16
1	85 15
1	79 112
1	83 16
1	85 16
1	79 63
1	84 17
1	84 18
1	84 19
1	83 19
1	85 19
1	79 25
1	84 20
1	83 20
1	85 18
1	79 208
1	83 20
1	85 20
1	79 55
1	84 1
1	84 2
1	83 2
1	85 1
1	79 102
1	84 3
1	83 3
1	85 3
1	79 27
1	84 4
1	84 5
1	83 5
1	85 4
1	79 107
1	83 5
1	85 5
1	79 35
1	84 6
1	84 7
1	83 7
1	85 7
1	79 29
1	84 8
1	84 9
1	83 9
1	85 8
1	79 106
1	83 9
1	85 9
1	79 33
1	84 10
1	83 10
1	85 10
1	79 38
1	84 11
1	84 12
1	83 12
1	85 12
1	79 31
1	84 13
1	84 14
1	83 14
1	85 13
1	79 122
1	84 15
1	84 16
1	83 16
1	85 14
1	79 188
1	84 17
1	83 17
1	85 16
1	79 111
1	83 17
1	85 17
1	79 41
1	84 18
1	84 19
1	83 19
1	85 19
1	79 32
1	84 20
1	83 20
1	85 20
1	79 41
1	84 1
1	84 2
1	83 2
1	85 1
1	79 123
1	84 3
1	84 4
1	83 4
1	85 2
1	79 185
1	84 5
1	83 5
1	85 4
1	79 143
1	84 6
1	84 7
1	83 7
1	85 5
1	79 185
1	84 8
1	83 8
1	85 7
1	79 114
1	83 8
1	85 8
1	79 57
1	84 9
1	84 10
1	83 10
1	85 10
1	79 24
1	84 11
1	84 12
1	83 12
1	85 11
1	79 112
1	84 13
1	83 13
1	85 13
1	79 22
1	84 14
1	84 15
1	83 15
1	85 14
1	79 109
1	83 15
1	85 15
1	79 36
1	84 16
1	84 17
1	83 17
1	85 17
1	79 30
1	84 18
1	84 19
1	84 20
1	83 20
1	85 19
1	79 114
1	83 20
1	85 18
1	79 203
1	84 1
1	84 2
1	83 2
1	85 20
1	79 186
1	84 3
1	83 3
1	85 2
1	79 108
1	83 3
1	85 3
1	79 38
1	84 4
1	84 5
1	83 5
1	85 5
1	79 26
1	84 6
1	84 7
1	83 7
1	85 6
1	79 109
1	83 7
1	85 7
1	79 35
1	84 8
1	84 9
1	83 9
1	85 9
1	79 25
1	84 10
1	84 11
1	83 11
1	85 10
1	79 105
1	83 11
1	85 11
1	79 34
1	84 12
1	83 12
1	85 12
1	79 36
1	84 13
1	84 14
1	83 14
1	85 14
1	79 26
1	84 15
1	84 16
1	83 16
1	85 15
1	79 113
1	84 17
1	84 18
1	83 18
1	85 16
1	79 184
1	84 19
1	83 19
1	85 18
1	79 151
1	84 20
1	84 1
1	83 1
1	85 19
1	79 193
1	83 1
1	85 1
1	79 42
1	84 2
1	84 3
1	83 3
1	85 2
1	79 108
1	84 4
1	83 4
1	85 4
1	79 24
1	84 5
1	84 6
1	83 6
1	85 5
1	79 110
1	83 6
1	85 6
1	79 35
1	84 7
1	83 7
1	85 7
1	79 31
1	84 8
1	84 9
1	83 9
1	85 9
1	79 22
1	84 10
1	84 11
1	83 11
1	85 10
1	79 108
1	83 11
1	85 11
1	79 35
1	84 12
1	83 12
1	85 12
1	79 36
1	84 13
1	84 14
1	83 14
1	85 14
1	79 25
1	84 15
1	84 16
1	83 16
1	85 15
1	79 106
1	83 16
1	85 16
1	79 35
1	84 17
1	83 17
1	85 17
1	79 33
1	84 18
1	84 19
1	83 19
1	85 19
1	79 24
1	84 20
1	84 1
1	84 2
1	83 2
1	85 1
1	79 112
1	83 2
1	85 20
1	79 199
1	83 2
1	85 2
1	79 45
1	84 3
1	84 4
1	83 4
1	85 4
1	79 30
1	84 5
1	84 6
1	83 6
1	85 5
1	79 106
1	83 6
1	85 6
1	79 38
1	84 7
1	84 8
1	83 8
1	85 8
1	79 25
1	84 9
1	84 10
1	83 10
1	85 9
1	79 110
1	83 10
1	85 10
1	79 37
1	84 11
1	83 11
1	85 11
1	79 31
1	84 12
1	84 13
1	84 14
1	83 14
1	85 12
1	79 190
1	83 14
1	85 14
1	79 52
1	84 15
1	84 16
1	83 16
1	85 15
1	79 106
1	84 17
1	83 17
1	85 17
1	79 27
1	84 18
1	84 19
1	84 20
1	83 20
1	85 19
1	79 117
1	83 20
1	85 20
1	79 48
1	84 1
1	84 2
1	83 2
1	85 1
1	79 108
1	83 2
1	85 2
1	79 36
1	84 3
1	84 4
1	83 4
1	85 4
1	79 31
1	84 5
1	84 6
1	84 7
1	83 7
1	85 6
1	79 125
1	84 8
1	84 9
1	83 9
1	85 9
1	79 35
1	83 9
1	85 5
1	79 365
1	83 9
1	85 7
1	79 212
1	84 10
1	84 11
1	83 11
1	85 10
1	79 106
1	84 12
1	84 13
1	83 13
1	85 13
1	79 30
1	84 14
1	83 14
1	85 12
1	79 195
1	83 14
1	85 14
1	79 45
1	84 15
1	84 16
1	83 16
1	85 15
1	79 102
1	84 17
1	83 17
1	85 17
1	79 26
1	84 18
1	84 19
1	83 19
1	85 18
1	79 111
1	83 19
1	85 19
1	79 40
1	84 20
1	84 1
1	84 2
1	83 2
1	85 2
1	79 34
1	84 3
1	83 3
1	85 20
1	79 268
1	83 3
1	85 3
1	79 38
1	84 4
1	84 5
1	83 5
1	85 4
1	79 110
1	83 5
1	85 5
1	79 49
1	84 6
1	84 7
1	84 8
1	84 9
1	83 9
1	85 7
1	79 189
1	83 9
1	85 8
1	79 117
1	84 10
1	83 10
1	85 10
1	79 31
1	84 11
1	84 12
1	83 12
1	85 11
1	79 103
1	83 12
1	85 12
1	79 32
1	84 13
1	83 13
1	85 13
1	79 34
1	84 14
1	84 15
1	84 16
1	83 16
1	85 16
1	79 25
1	84 17
1	84 18
1	83 18
1	85 15
1	79 263
1	83 18
1	85 18
1	79 34
1	84 19
1	83 19
1	85 17
1	79 203
1	84 20
1	84 1
1	83 1
1	85 19
1	79 192
1	83 1
1	85 1
1	79 38
1	84 2
1	84 3
1	83 3
1	85 2
1	79 103
1	84 4
1	83 4
1	85 4
1	79 28
1	84 5
1	84 6
1	83 6
1	85 5
1	79 105
1	83 6
1	85 6
1	79 35
1	84 7
1	83 7
1	85 7
1	79 44
1	84 8
1	84 9
1	83 9
1	85 9
1	79 31
1	84 10
1	84 11
1	83 11
1	85 10
1	79 109
1	83 11
1	85 11
1	79 37
1	84 12
1	83 12
1	85 12
1	79 32
1	84 13
1	84 14
1	83 14
1	85 14
1	79 27
1	84 15
1	84 16
1	83 16
1	85 15
1	79 103
1	83 16
1	85 16
1	79 33
1	84 17
1	83 17
1	85 17
1	79 32
1	84 18
1	84 19
1	83 19
1	85 19
1	79 25
1	84 20
1	84 1
1	83 1
1	85 20
1	79 122
1	84 2
1	84 3
1	83 3
1	85 1
1	79 187
1	84 4
1	83 4
1	85 3
1	79 118
1	83 4
1	85 4
1	79 43
1	84 5
1	83 5
1	85 5
1	79 42
1	84 6
1	84 7
1	83 7
1	85 7
1	79 26
1	84 8
1	84 9
1	83 9
1	85 8
1	79 104
1	83 9
1	85 9
1	79 34
1	84 10
1	84 11
1	83 11
1	85 11
1	79 32
1	84 12
1	84 13
1	83 13
1	85 12
1	79 109
1	83 13
1	85 13
1	79 38
1	84 14
1	83 14
1	85 14
1	79 34
1	84 15
1	84 16
1	83 16
1	85 16
1	79 21
1	84 17
1	84 18
1	83 18
1	85 17
1	79 105
1	83 18
1	85 18
1	79 36
1	84 19
1	83 19
1	85 19
1	79 32
1	84 20
1	84 1
1	83 1
1	85 1
1	79 28
1	84 2
1	84 3
1	83 3
1	85 2
1	79 110
1	83 3
1	85 3
1	79 38
1	84 4
1	84 5
1	83 5
1	85 5
1	79 25
1	84 6
1	84 7
1	84 8
1	83 8
1	85 7
1	79 109
1	83 8
1	85 6
1	79 195
1	84 9
1	83 9
1	85 9
1	79 26
1	84 10
1	84 11
1	83 11
1	85 10
1	79 109
1	83 11
1	85 11
1	79 39
1	84 12
1	84 13
1	83 13
1	85 13
1	79 29
1	84 14
1	84 15
1	83 15
1	85 14
1	79 107
1	84 16
1	83 16
1	85 16
1	79 38
1	84 17
1	84 18
1	83 18
1	85 17
1	79 126
1	84 19
1	84 20
1	83 20
1	85 18
1	79 186
1	84 1
1	83 1
1	85 20
1	79 109
1	83 1
1	85 1
1	79 38
1	84 2
1	83 2
1	85 2
1	79 44
1	84 3
1	84 4
1	83 4
1	85 4
1	79 31
1	84 5
1	84 6
1	83 6
1	85 5
1	79 122
1	84 7
1	84 8
1	83 8
1	85 6
1	79 188
1	83 8
1	85 8
1	79 36
1	84 9
1	84 10
1	TEST_NUMBER 2
1	SENT_TOTAL 250
1	RECEIVED_TOTAL 189
1	TIME_TOTAL 29732
1	RECEIVED_RADIO_1 190
1	RECEIVED_RADIO_2 0
1	SENT_RADIO_1 131
1	SENT_RADIO_2 119
1	RADIO_TIME_1 29776
1	RADIO_TIME_2 19843
1	RETRANSMISSIONS_1 0
1	RETRANSMISSIONS_2 12
1	DROPPED_1 0
1	DROPPED_2 0
1	MAX_QUEUE 1
1	DUPLICATED_1 9
1	DUPLICATED_2 0
1	EBUSY_RADIO_1 0
1	EBUSY_RADIO_2 0
1	83 0
1	85 9
1	86 2
1	84 1
1	83 1
1	85 1
1	79 27
1	84 2
1	84 3
1	83 3
1	85 2
1	79 107
1	83 3
1	85 3
1	79 37
1	84 4
1	83 4
1	85 4
1	79 39
1	84 5
1	84 6
1	83 6
1	85 6
1	79 28
1	84 7
1	84 8
1	83 8
1	85 7
1	79 122
1	84 9
1	84 10
1	83 10
1	85 8
1	79 193
1	83 10
1	85 10
1	79 43
1	84 11
1	84 12
1	83 12
1	85 11
1	79 104
1	83 12
1	85 12
1	79 31
1	84 13
1	84 14
1	83 14
1	85 14
1	79 27
1	84 15
1	84 16
1	83 16
1	85 15
1	79 107
1	83 16
1	85 16
1	79 34
1	84 17
1	84 18
1	83 18
1	85 18
1	79 32
1	84 19
1	84 20
1	83 20
1	85 19
1	79 110
1	83 20
1	85 20
1	79 41
1	84 1
1	84 2
1	83 2
1	85 2
1	79 30
1	84 3
1	84 4
1	83 4
1	85 3
1	79 109
1	83 4
1	85 4
1	79 35
1	84 5
1	84 6
1	83 6
1	85 6
1	79 36
1	84 7
1	83 7
1	85 7
1	79 34
1	84 8
1	84 9
1	83 9
1	85 8
1	79 122
1	84 10
1	84 11
1	83 11
1	85 9
1	79 200
1	84 12
1	83 12
1	85 11
1	79 153
1	84 13
1	84 14
1	83 14
1	85 12
1	79 181
1	84 15
1	83 15
1	85 14
1	79 110
1	83 15
1	85 15
1	79 45
1	84 16
1	83 16
1	85 16
1	79 31
1	84 17
1	84 18
1	83 18
1	85 18
1	79 29
1	84 19
1	84 20
1	83 20
1	85 19
1	79 109
1	83 20
1	85 20
1	79 47
1	84 1
1	84 2
1	83 2
1	85 2
1	79 32
1	84 3
1	84 4
1	84 5
1	83 5
1	85 4
1	79 113
1	83 5
1	85 3
1	79 200
1	84 6
1	83 6
1	85 6
1	79 33
1	84 7
1	84 8
1	83 8
1	85 7
1	79 112
1	83 8
1	85 8
1	79 39
1	84 9
1	83 9
1	85 9
1	79 36
1	84 10
1	84 11
1	83 11
1	85 11
1	79 28
1	84 12
1	84 13
1	83 13
1	85 12
1	79 105
1	83 13
1	85 13
1	79 36
1	84 14
1	83 14
1	85 14
1	79 32
1	84 15
1	84 16
1	83 16
1	85 16
1	79 27
1	84 17
1	84 18
1	83 18
1	85 17
1	79 103
1	83 18
1	85 18
1	79 44
1	84 19
1	83 19
1	85 19
1	79 35
1	84 20
1	84 1
1	83 1
1	85 1
1	79 26
1	84 2
1	84 3
1	83 3
1	85 2
1	79 109
1	84 4
1	83 4
1	85 4
1	79 22
1	84 5
1	84 6
1	84 7
1	83 7
1	85 6
1	79 114
1	83 7
1	85 7
1	79 59
1	84 8
1	84 9
1	83 9
1	85 8
1	79 102
1	83 9
1	85 9
1	79 28
1	84 10
1	83 10
1	85 10
1	79 36
1	84 11
1	84 12
1	83 12
1	85 12
1	79 28
1	84 13
1	84 14
1	83 14
1	85 13
1	79 119
1	83 14
1	85 14
1	79 44
1	84 15
1	84 16
1	83 16
1	85 16
1	79 26
1	84 17
1	84 18
1	83 18
1	85 17
1	79 109
1	83 18
1	85 18
1	79 39
1	84 19
1	84 20
1	83 20
1	85 20
1	79 33
1	84 1
1	83 1
1	85 1
1	79 37
1	84 2
1	84 3
1	83 3
1	85 2
1	79 105
1	83 3
1	85 3
1	79 34
1	84 4
1	83 4
1	85 4
1	79 31
1	84 5
1	84 6
1	84 7
1	83 7
1	85 5
1	79 199
1	83 7
1	85 7
1	79 47
1	84 8
1	84 9
1	83 9
1	85 8
1	79 107
1	84 10
1	84 11
1	84 12
1	83 12
1	85 9
1	79 267
1	83 12
1	85 11
1	79 114
1	83 12
1	85 12
1	79 43
1	84 13
1	83 13
1	85 13
1	79 48
1	84 14
1	84 15
1	84 16
1	83 16
1	85 14
1	79 188
1	83 16
1	85 16
1	79 37
1	84 17
1	84 18
1	83 18
1	85 17
1	79 122
1	84 19
1	84 20
1	83 20
1	85 20
1	79 32
1	84 1
1	83 1
1	85 18
1	79 280
1	83 1
1	85 1
1	79 49
1	84 2
1	84 3
1	84 4
1	83 4
1	85 2
1	79 188
1	83 4
1	85 4
1	79 38
1	84 5
1	84 6
1	84 7
1	83 7
1	85 6
1	79 105
1	83 7
1	85 5
1	79 192
1	84 8
1	83 8
1	85 7
1	79 111
1	83 8
1	85 8
1	79 38
1	84 9
1	84 10
1	83 10
1	85 10
1	79 33
1	84 11
1	84 12
1	83 12
1	85 11
1	79 109
1	83 12
1	85 12
1	79 46
1	84 13
1	84 14
1	83 14
1	85 14
1	79 25
1	84 15
1	84 16
1	83 16
1	85 15
1	79 106
1	83 16
1	85 16
1	79 33
1	84 17
1	84 18
1	83 18
1	85 18
1	79 29
1	84 19
1	84 20
1	84 1
1	83 1
1	85 20
1	79 108
1	83 1
1	85 19
1	79 198
1	83 1
1	85 1
1	79 48
1	84 2
1	84 3
1	83 3
1	85 3
1	79 25
1	84 4
1	84 5
1	83 5
1	85 4
1	79 132
1	84 6
1	84 7
1	83 7
1	85 5
1	79 191
1	84 8
1	83 8
1	85 7
1	79 108
1	83 8
1	85 8
1	79 34
1	84 9
1	83 9
1	85 9
1	79 52
1	84 10
1	84 11
1	83 11
1	85 11
1	79 27
1	84 12
1	84 13
1	83 13
1	85 12
1	79 110
1	83 13
1	85 13
1	79 37
1	84 14
1	83 14
1	85 14
1	79 36
1	84 15
1	84 16
1	83 16
1	85 16
1	79 27
1	84 17
1	84 18
1	83 18
1	85 17
1	79 104
1	83 18
1	85 18
1	79 38
1	84 19
1	84 20
1	83 20
1	85 20
1	79 28
1	84 1
1	84 2
1	83 2
1	85 1
1	79 114
1	83 2
1	85 2
1	79 44
1	84 3
1	84 4
1	83 4
1	85 4
1	79 23
1	84 5
1	84 6
1	83 6
1	85 5
1	79 107
1	83 6
1	85 6
1	79 38
1	84 7
1	84 8
1	83 8
1	85 8
1	79 28
1	84 9
1	84 10
1	83 10
1	85 9
1	79 106
1	83 10
1	85 10
1	79 31
1	84 11
1	84 12
1	83 12
1	85 12
1	79 31
1	84 13
1	84 14
1	83 14
1	85 13
1	79 105
1	83 14
1	85 14
1	79 35
1	84 15
1	83 15
1	85 15
1	79 36
1	84 16
1	84 17
1	83 17
1	85 17
1	79 27
1	84 18
1	84 19
1	83 19
1	85 18
1	79 106
1	83 19
1	85 19
1	79 38
1	84 20
1	83 20
1	85 20
1	79 33
1	84 1
1	84 2
1	83 2
1	85 2
1	79 29
1	84 3
1	84 4
1	83 4
1	85 3
1	79 104
1	83 4
1	85 4
1	79 38
1	84 5
1	84 6
1	83 6
1	85 6
1	79 27
1	84 7
1	84 8
1	83 8
1	85 7
1	79 107
1	83 8
1	85 8
1	79 45
1	84 9
1	84 10
1	83 10
1	85 10
1	79 24
1	84 11
1	84 12
1	83 12
1	85 11
1	79 101
1	83 12
1	85 12
1	79 28
1	84 13
1	83 13
1	85 13
1	79 35
1	84 14
1	84 15
1	84 16
1	83 16
1	85 16
1	79 26
1	84 17
1	84 18
1	83 18
1	85 15
1	79 265
1	84 19
1	83 19
1	85 18
1	79 117
1	83 19
1	85 19
1	79 42
1	84 20
1	84 1
1	83 1
1	85 20
1	79 107
1	83 1
1	85 1
1	79 38
1	84 2
1	84 3
1	83 3
1	85 3
1	79 28
1	84 4
1	84 5
1	83 5
1	85 4
1	79 106
1	83 5
1	85 5
1	79 43
1	84 6
1	83 6
1	85 6
1	79 36
1	84 7
1	84 8
1	83 8
1	85 8
1	79 28
1	84 9
1	84 10
1	83 10
1	85 9
1	79 111
1	83 10
1	85 10
1	79 40
1	84 11
1	84 12
1	84 13
1	83 13
1	85 11
1	79 185
1	84 14
1	83 14
1	85 13
1	79 105
1	83 14
1	85 14
1	79 35
1	84 15
1	84 16
1	84 17
1	83 17
1	85 15
1	79 186
1	83 17
1	85 17
1	79 35
1	84 18
1	84 19
1	83 19
1	85 18
1	79 109
1	83 19
1	85 19
1	79 40
1	84 20
1	84 1
1	83 1
1	85 1
1	79 23
1	84 2
1	84 3
1	83 3
1	85 2
1	79 108
1	83 3
1	85 3
1	79 36
1	84 4
1	84 5
1	83 5
1	85 5
1	79 29
1	84 6
1	84 7
1	83 7
1	85 6
1	79 131
1	84 8
1	84 9
1	83 9
1	85 7
1	79 192
1	84 10
1	83 10
1	85 9
1	79 112
1	83 10
1	85 10
1	79 50
1	84 11
1	83 11
1	85 11
1	79 46
1	84 12
1	84 13
1	83 13
1	85 13
1	79 29
1	84 14
1	84 15
1	83 15
1	85 14
1	79 108
1	83 15
1	85 15
1	79 36
1	84 16
1	84 17
1	83 17
1	85 17
1	79 25
1	84 18
1	84 19
1	83 19
1	85 18
1	79 122
1	84 20
1	84 1
1	83 1
1	85 19
1	79 195
1	83 1
1	85 1
1	79 44
1	84 2
1	84 3
1	84 4
1	83 4
1	85 3
1	79 97
1	83 4
1	85 4
1	79 33
1	84 5
1	84 6
1	83 6
1	85 5
1	79 120
1	84 7
1	84 8
1	83 8
1	85 6
1	79 198
1	84 9
1	83 9
1	85 8
1	79 108
1	83 9
1	85 9
1	79 38
1	84 10
1	84 11
1	83 11
1	85 11
1	79 41
1	84 12
1	83 12
1	85 12
1	79 34
1	84 13
1	84 14
1	83 14
1	85 13
1	79 117
1	83 14
1	85 14
1	79 44
1	84 15
1	83 15
1	85 15
1	79 37
1	84 16
1	84 17
1	83 17
1	85 17
1	79 25
1	84 18
1	84 19
1	83 19
1	85 18
1	79 106
1	83 19
1	85 19
1	79 32
1	84 20
1	83 20
1	85 20
1	79 29
1	84 1
1	84 2
1	83 2
1	85 2
1	79 28
1	84 3
1	84 4
1	84 5
1	83 5
1	85 4
1	79 113
1	83 5
1	85 5
1	79 41
1	84 6
1	84 7
1	83 7
1	85 6
1	79 107
1	84 8
1	84 9
1	84 10
1	TEST_NUMBER 3
1	SENT_TOTAL 250
1	RECEIVED_TOTAL 189
1	TIME_TOTAL 29644
1	RECEIVED_RADIO_1 190
1	RECEIVED_RADIO_2 0
1	SENT_RADIO_1 128
1	SENT_RADIO_2 122
1	RADIO_TIME_1 29856
1	RADIO_TIME_2 19683
1	RETRANSMISSIONS_1 1
1	RETRANSMISSIONS_2 9
1	DROPPED_1 0
1	DROPPED_2 0
1	MAX_QUEUE 1
1	DUPLICATED_1 8
1	DUPLICATED_2 0
1	EBUSY_RADIO_1 0
1	EBUSY_RADIO_2 0
1	83 0
1	85 8
1	86 3
1	83 0
1	85 9
1	86 3
1	83 0
1	85 10
1	86 3
1	84 1
1	84 2
1	83 2
1	85 2
1	79 24
1	84 3
1	84 4
1	83 4
1	85 3
1	79 104
1	83 4
1	85 4
1	79 35
1	84 5
1	83 5
1	85 5
1	79 36
1	84 6
1	84 7
1	83 7
1	85 7
1	79 23
1	84 8
1	84 9
1	83 9
1	85 8
1	79 104
1	83 9
1	85 9
1	79 37
1	84 10
1	83 10
1	85 10
1	79 33
1	84 11
1	84 12
1	84 13
1	83 13
1	85 11
1	79 195
1	84 14
1	83 14
1	85 13
1	79 105
1	83 14
1	85 14
1	79 56
1	84 15
1	84 16
1	83 16
1	85 16
1	79 29
1	84 17
1	84 18
1	83 18
1	85 17
1	79 103
1	83 18
1	85 18
1	79 30
1	84 19
1	83 19
1	85 19
1	79 36
1	84 20
1	84 1
1	83 1
1	85 1
1	79 25
1	84 2
1	84 3
1	83 3
1	85 2
1	79 127
1	84 4
1	84 5
1	83 5
1	85 3
1	79 188
1	84 6
1	83 6
1	85 5
1	79 115
1	83 6
1	85 6
1	79 50
1	84 7
1	84 8
1	83 8
1	85 8
1	79 26
1	84 9
1	84 10
1	83 10
1	85 9
1	79 108
1	83 10
1	85 10
1	79 35
1	84 11
1	83 11
1	85 11
1	79 39
1	84 12
1	84 13
1	84 14
1	83 14
1	85 12
1	79 183
1	84 15
1	83 15
1	85 14
1	79 104
1	83 15
1	85 15
1	79 30
1	84 16
1	83 16
1	85 16
1	79 51
1	84 17
1	84 18
1	83 18
1	85 18
1	79 24
1	84 19
1	84 20
1	83 20
1	85 19
1	79 105
1	83 20
1	85 20
1	79 32
1	84 1
1	83 1
1	85 1
1	79 32
1	84 2
1	84 3
1	83 3
1	85 3
1	79 25
1	84 4
1	84 5
1	83 5
1	85 4
1	79 106
1	83 5
1	85 5
1	79 44
1	84 6
1	84 7
1	83 7
1	85 7
1	79 28
1	84 8
1	84 9
1	83 9
1	85 8
1	79 110
1	83 9
1	85 9
1	79 40
1	84 10
1	83 10
1	85 10
1	79 41
1	84 11
1	84 12
1	83 12
1	85 12
1	79 31
1	84 13
1	84 14
1	83 14
1	85 13
1	79 104
1	83 14
1	85 14
1	79 30
1	84 15
1	83 15
1	85 15
1	79 37
1	84 16
1	84 17
1	84 18
1	83 18
1	85 16
1	79 185
1	84 19
1	83 19
1	85 18
1	79 117
1	83 19
1	85 19
1	79 47
1	84 20
1	83 20
1	85 20
1	79 42
1	84 1
1	84 2
1	83 2
1	85 2
1	79 22
1	84 3
1	84 4
1	83 4
1	85 3
1	79 111
1	83 4
1	85 4
1	79 40
1	84 5
1	84 6
1	84 7
1	83 7
1	85 7
1	79 32
1	84 8
1	83 8
1	85 6
1	79 191
1	83 8
1	85 8
1	79 41
1	84 9
1	84 10
1	83 10
1	85 9
1	79 110
1	84 11
1	84 12
1	83 12
1	85 10
1	79 195
1	83 12
1	85 12
1	79 45
1	84 13
1	84 14
1	84 15
1	83 15
1	85 14
1	79 91
1	83 15
1	85 15
1	79 39
1	84 16
1	84 17
1	83 17
1	85 16
1	79 105
1	83 17
1	85 17
1	79 32
1	84 18
1	84 19
1	83 19
1	85 19
1	79 24
1	84 20
1	84 1
1	83 1
1	85 20
1	79 101
1	83 1
1	85 1
1	79 31
1	84 2
1	83 2
1	85 2
1	79 35
1	84 3
1	84 4
1	83 4
1	85 4
1	79 29
1	84 5
1	84 6
1	83 6
1	85 5
1	79 107
1	83 6
1	85 6
1	79 36
1	84 7
1	83 7
1	85 7
1	79 34
1	84 8
1	84 9
1	83 9
1	85 9
1	79 28
1	84 10
1	84 11
1	83 11
1	85 10
1	79 103
1	83 11
1	85 11
1	79 40
1	84 12
1	84 13
1	83 13
1	85 13
1	79 25
1	84 14
1	84 15
1	83 15
1	85 14
1	79 105
1	83 15
1	85 15
1	79 36
1	84 16
1	83 16
1	85 16
1	79 37
1	84 17
1	84 18
1	83 18
1	85 18
1	79 30
1	84 19
1	84 20
1	83 20
1	85 19
1	79 108
1	83 20
1	85 20
1	79 37
1	84 1
1	84 2
1	84 3
1	83 3
1	85 1
1	79 189
1	84 4
1	84 5
1	83 5
1	85 4
1	79 110
1	83 5
1	85 3
1	79 197
1	83 5
1	85 5
1	79 48
1	84 6
1	84 7
1	84 8
1	83 8
1	85 8
1	79 30
1	84 9
1	83 9
1	85 7
1	79 190
1	83 9
1	85 9
1	79 37
1	84 10
1	84 11
1	83 11
1	85 10
1	79 108
1	83 11
1	85 11
1	79 38
1	84 12
1	84 13
1	83 13
1	85 13
1	79 32
1	84 14
1	84 15
1	83 15
1	85 14
1	79 104
1	83 15
1	85 15
1	79 31
1	84 16
1	83 16
1	85 16
1	79 34
1	84 17
1	84 18
1	83 18
1	85 18
1	79 24
1	84 19
1	84 20
1	84 1
1	83 1
1	85 20
1	79 110
1	83 1
1	85 19
1	79 199
1	84 2
1	83 2
1	85 2
1	79 28
1	84 3
1	84 4
1	84 5
1	83 5
1	85 4
1	79 105
1	83 5
1	85 3
1	79 195
1	83 5
1	85 5
1	79 46
1	84 6
1	84 7
1	83 7
1	85 7
1	79 29
1	84 8
1	84 9
1	83 9
1	85 8
1	79 108
1	83 9
1	85 9
1	79 42
1	84 10
1	84 11
1	83 11
1	85 11
1	79 25
1	84 12
1	84 13
1	83 13
1	85 12
1	79 107
1	83 13
1	85 13
1	79 34
1	84 14
1	84 15
1	83 15
1	85 15
1	79 24
1	84 16
1	84 17
1	83 17
1	85 16
1	79 105
1	83 17
1	85 17
1	79 33
1	84 18
1	83 18
1	85 18
1	79 43
1	84 19
1	84 20
1	83 20
1	85 20
1	79 29
1	84 1
1	84 2
1	83 2
1	85 1
1	79 118
1	84 3
1	84 4
1	83 4
1	85 2
1	79 190
1	83 4
1	85 4
1	79 39
1	84 5
1	84 6
1	83 6
1	85 5
1	79 115
1	84 7
1	84 8
1	83 8
1	85 6
1	79 184
1	84 9
1	83 9
1	85 8
1	79 113
1	84 10
1	83 10
1	85 9
1	79 114
1	83 10
1	85 10
1	79 41
1	84 11
1	84 12
1	83 12
1	85 12
1	79 28
1	84 13
1	84 14
1	83 14
1	85 13
1	79 102
1	83 14
1	85 14
1	79 33
1	84 15
1	83 15
1	85 15
1	79 33
1	84 16
1	84 17
1	83 17
1	85 17
1	79 24
1	84 18
1	84 19
1	83 19
1	85 18
1	79 113
1	84 20
1	83 20
1	85 20
1	79 26
1	84 1
1	84 2
1	83 2
1	85 1
1	79 108
1	83 2
1	85 2
1	79 37
1	84 3
1	83 3
1	85 3
1	79 38
1	84 4
1	84 5
1	83 5
1	85 5
1	79 30
1	84 6
1	84 7
1	84 8
1	83 8
1	85 7
1	79 104
1	83 8
1	85 6
1	79 189
1	84 9
1	83 9
1	85 9
1	79 24
1	84 10
1	84 11
1	83 11
1	85 10
1	79 105
1	83 11
1	85 11
1	79 31
1	84 12
1	83 12
1	85 12
1	79 41
1	84 13
1	84 14
1	83 14
1	85 14
1	79 28
1	84 15
1	84 16
1	83 16
1	85 15
1	79 106
1	83 16
1	85 16
1	79 35
1	84 17
1	83 17
1	85 17
1	79 36
1	84 18
1	84 19
1	83 19
1	85 19
1	79 34
1	84 20
1	84 1
1	83 1
1	85 20
1	79 109
1	83 1
1	85 1
1	79 37
1	84 2
1	84 3
1	83 3
1	85 3
1	79 31
1	84 4
1	84 5
1	83 5
1	85 4
1	79 106
1	83 5
1	85 5
1	79 38
1	84 6
1	83 6
1	85 6
1	79 38
1	84 7
1	84 8
1	83 8
1	85 8
1	79 30
1	84 9
1	84 10
1	83 10
1	85 9
1	79 132
1	84 11
1	84 12
1	83 12
1	85 10
1	79 187
1	84 13
1	83 13
1	85 12
1	79 118
1	84 14
1	83 14
1	85 13
1	79 132
1	83 14
1	85 14
1	79 62
1	84 15
1	84 16
1	83 16
1	85 16
1	79 29
1	84 17
1	84 18
1	83 18
1	85 17
1	79 107
1	83 18
1	85 18
1	79 34
1	84 19
1	83 19
1	85 19
1	79 40
1	84 20
1	84 1
1	83 1
1	85 1
1	79 29
1	84 2
1	84 3
1	83 3
1	85 2
1	79 114
1	84 4
1	84 5
1	84 6
1	83 6
1	85 4
1	79 189
1	83 6
1	85 5
1	79 117
1	83 6
1	85 6
1	79 47
1	84 7
1	84 8
1	83 8
1	85 8
1	79 25
1	84 9
1	84 10
1	83 10
1	85 9
1	79 107
1	83 10
1	85 10
1	79 46
1	84 11
1	83 11
1	85 11
1	79 42
1	84 12
1	84 13
1	83 13
1	85 13
1	79 21
1	84 14
1	84 15
1	83 15
1	85 14
1	79 117
1	84 16
1	84 17
1	83 17
1	85 15
1	79 191
1	83 17
1	85 17
1	79 38
1	84 18
1	84 19
1	83 19
1	85 18
1	79 103
1	83 19
1	85 19
1	79 33
1	84 20
1	84 1
1	84 2
1	83 2
1	85 2
1	79 25
1	84 3
1	83 3
1	85 1
1	79 199
1	84 4
1	83 4
1	85 3
1	79 109
1	83 4
1	85 4
1	79 35
1	84 5
1	84 6
1	83 6
1	85 6
1	79 28
1	84 7
1	84 8
1	83 8
1	85 7
1	79 109
1	83 8
1	85 8
1	79 36
1	84 9
1	84 10
1	83 10
1	85 10
1	79 23
1	84 11
1	84 12
1	83 12
1	85 11
1	79 108
1	83 12
1	85 12
1	79 35
1	84 13
1	84 14
1	83 14
1	85 14
1	79 29
1	84 15
1	84 16
1	84 17
1	83 17
1	85 16
1	79 109
1	83 17
1	85 15
1	79 199
1	84 18
1	83 18
1	85 18
1	79 33
1	84 19
1	84 20
1	83 20
1	85 19
1	79 103
1	83 20
1	85 20
1	79 30
1	84 1
1	84 2
1	83 2
1	85 2
1	79 26
1	84 3
1	84 4
1	83 4
1	85 3
1	79 108
1	84 5
1	84 6
1	83 6
1	85 4
1	79 191
1	83 6
1	85 6
1	79 38
1	84 7
1	84 8
1	83 8
1	85 7
1	79 108
1	83 8
1	85 8
1	79 36
1	84 9
1	84 10
1	TEST_NUMBER 4
1	SENT_TOTAL 250
1	RECEIVED_TOTAL 192
1	TIME_TOTAL 29728
1	RECEIVED_RADIO_1 195
1	RECEIVED_RADIO_2 0
1	SENT_RADIO_1 126
1	SENT_RADIO_2 124
1	RADIO_TIME_1 29851
1	RADIO_TIME_2 19763
1	RETRANSMISSIONS_1 2
1	RETRANSMISSIONS_2 4
1	DROPPED_1 0
1	DROPPED_2 0
1	MAX_QUEUE 1
1	DUPLICATED_1 5
1	DUPLICATED_2 0
1	EBUSY_RADIO_1 0
1	EBUSY_RADIO_2 0
1	83 0
1	85 10
1	86 4
1	84 1
1	84 2
1	83 2
1	85 1
1	79 109
1	83 2
1	85 2
1	79 38
1	84 3
1	84 4
1	84 5
1	84 6
1	83 6
1	85 3
1	79 267
1	83 6
1	85 5
1	79 115
1	83 6
1	85 6
1	79 40
1	84 7
1	84 8
1	83 8
1	85 8
1	79 31
1	84 9
1	83 9
1	85 9
1	79 37
1	84 10
1	84 11
1	83 11
1	85 10
1	79 103
1	83 11
1	85 11
1	79 29
1	84 12
1	83 12
1	85 12
1	79 38
1	84 13
1	84 14
1	83 14
1	85 14
1	79 23
1	84 15
1	84 16
1	83 16
1	85 15
1	79 106
1	83 16
1	85 16
1	79 33
1	84 17
1	84 18
1	84 19
1	83 19
1	85 17
1	79 185
1	84 20
1	83 20
1	85 19
1	79 111
1	84 1
1	84 2
1	83 2
1	85 2
1	79 40
1	84 3
1	83 3
1	85 1
1	79 204
1	83 3
1	85 3
1	79 53
1	84 4
1	84 5
1	83 5
1	85 4
1	79 104
1	84 6
1	83 6
1	85 6
1	79 23
1	84 7
1	84 8
1	83 8
1	85 7
1	79 107
1	83 8
1	85 8
1	79 45
1	84 9
1	84 10
1	83 10
1	85 10
1	79 30
1	84 11
1	84 12
1	83 12
1	85 11
1	79 107
1	83 12
1	85 12
1	79 34
1	84 13
1	84 14
1	84 15
1	83 15
1	85 13
1	79 191
1	83 15
1	85 15
1	79 41
1	84 16
1	84 17
1	83 17
1	85 16
1	79 112
1	83 17
1	85 17
1	79 62
1	84 18
1	84 19
1	83 19
1	85 19
1	79 25
1	84 20
1	84 1
1	83 1
1	85 20
1	79 110
1	83 1
1	85 1
1	79 46
1	84 2
1	83 2
1	85 2
1	79 35
1	84 3
1	84 4
1	84 5
1	84 6
1	84 7
1	83 7
1	85 4
1	79 265
1	83 7
1	85 6
1	79 114
1	83 7
1	85 5
1	79 201
1	83 7
1	85 7
1	79 51
1	84 8
1	84 9
1	83 9
1	85 9
1	79 25
1	84 10
1	84 11
1	83 11
1	85 10
1	79 117
1	84 12
1	84 13
1	83 13
1	85 11
1	79 196
1	84 14
1	84 15
1	83 15
1	85 14
1	79 113
1	83 15
1	85 13
1	79 201
1	84 16
1	83 16
1	85 16
1	79 34
1	84 17
1	84 18
1	84 19
1	83 19
1	85 18
1	79 102
1	83 19
1	85 17
1	79 213
1	83 19
1	85 19
1	79 60
1	84 20
1	84 1
1	83 1
1	85 1
1	79 24
1	84 2
1	84 3
1	83 3
1	85 2
1	79 117
1	83 3
1	85 3
1	79 55
1	84 4
1	84 5
1	83 5
1	85 5
1	79 23
1	84 6
1	84 7
1	83 7
1	85 6
1	79 119
1	84 8
1	84 9
1	83 9
1	85 7
1	79 182
1	84 10
1	83 10
1	85 9
1	79 110
1	83 10
1	85 10
1	79 36
1	84 11
1	83 11
1	85 11
1	79 40
1	84 12
1	84 13
1	83 13
1	85 13
1	79 27
1	84 14
1	84 15
1	83 15
1	85 14
1	79 114
1	83 15
1	85 15
1	79 41
1	84 16
1	84 17
1	83 17
1	85 17
1	79 25
1	84 18
1	84 19
1	83 19
1	85 18
1	79 106
1	83 19
1	85 19
1	79 32
1	84 20
1	83 20
1	85 20
1	79 37
1	84 1
1	84 2
1	83 2
1	85 2
1	79 27
1	84 3
1	84 4
1	83 4
1	85 3
1	79 124
1	84 5
1	84 6
1	83 6
1	85 4
1	79 186
1	84 7
1	83 7
1	85 6
1	79 136
1	84 8
1	84 9
1	83 9
1	85 7
1	79 190
1	84 10
1	83 10
1	85 9
1	79 106
1	83 10
1	85 10
1	79 64
1	84 11
1	84 12
1	84 13
1	83 13
1	85 13
1	79 29
1	84 14
1	84 15
1	83 15
1	85 14
1	79 128
1	84 16
1	84 17
1	83 17
1	85 12
1	79 426
1	83 17
1	85 15
1	79 221
1	83 17
1	85 17
1	79 70
1	84 18
1	84 19
1	83 19
1	85 18
1	79 107
1	84 20
1	83 20
1	85 20
1	79 24
1	84 1
1	84 2
1	83 2
1	85 1
1	79 131
1	84 3
1	84 4
1	83 4
1	85 4
1	79 32
1	84 5
1	83 5
1	85 2
1	79 276
1	84 6
1	83 6
1	85 5
1	79 105
1	83 6
1	85 6
1	79 35
1	84 7
1	84 8
1	83 8
1	85 8
1	79 30
1	84 9
1	84 10
1	83 10
1	85 9
1	79 109
1	83 10
1	85 10
1	79 43
1	84 11
1	84 12
1	83 12
1	85 12
1	79 29
1	84 13
1	84 14
1	83 14
1	85 13
1	79 106
1	84 15
1	83 15
1	85 15
1	79 27
1	84 16
1	84 17
1	83 17
1	85 16
1	79 105
1	83 17
1	85 17
1	79 32
1	84 18
1	83 18
1	85 18
1	79 37
1	84 19
1	84 20
1	83 20
1	85 20
1	79 28
1	84 1
1	84 2
1	83 2
1	85 1
1	79 109
1	83 2
1	85 2
1	79 36
1	84 3
1	84 4
1	83 4
1	85 4
1	79 25
1	84 5
1	84 6
1	83 6
1	85 5
1	79 105
1	83 6
1	85 6
1	79 35
1	84 7
1	83 7
1	85 7
1	79 35
1	84 8
1	84 9
1	83 9
1	85 9
1	79 27
1	84 10
1	84 11
1	83 11
1	85 10
1	79 107
1	83 11
1	85 11
1	79 38
1	84 12
1	84 13
1	84 14
1	83 14
1	85 14
1	79 31
1	84 15
1	83 15
1	85 13
1	79 195
1	83 15
1	85 15
1	79 44
1	84 16
1	84 17
1	83 17
1	85 16
1	79 108
1	84 18
1	84 19
1	83 19
1	85 17
1	79 190
1	84 20
1	83 20
1	85 19
1	79 108
1	83 20
1	85 20
1	79 54
1	84 1
1	84 2
1	83 2
1	85 2
1	79 26
1	84 3
1	84 4
1	83 4
1	85 3
1	79 108
1	84 5
1	84 6
1	83 6
1	85 4
1	79 188
1	83 6
1	85 6
1	79 36
1	84 7
1	84 8
1	84 9
1	83 9
1	85 8
1	79 127
1	84 10
1	84 11
1	83 11
1	85 7
1	79 344
1	83 11
1	85 9
1	79 200
1	83 11
1	85 11
1	79 47
1	84 12
1	84 13
1	83 13
1	85 12
1	79 107
1	84 14
1	83 14
1	85 14
1	79 22
1	84 15
1	84 16
1	83 16
1	85 15
1	79 102
1	84 17
1	83 17
1	85 16
1	79 115
1	83 17
1	85 17
1	79 45
1	84 18
1	84 19
1	83 19
1	85 19
1	79 32
1	84 20
1	84 1
1	83 1
1	85 20
1	79 110
1	83 1
1	85 1
1	79 45
1	84 2
1	84 3
1	83 3
1	85 3
1	79 29
1	84 4
1	84 5
1	83 5
1	85 4
1	79 108
1	83 5
1	85 5
1	79 35
1	84 6
1	84 7
1	83 7
1	85 7
1	79 32
1	84 8
1	84 9
1	83 9
1	85 8
1	79 102
1	83 9
1	85 9
1	79 33
1	84 10
1	84 11
1	83 11
1	85 11
1	79 28
1	84 12
1	84 13
1	83 13
1	85 12
1	79 108
1	83 13
1	85 13
1	79 39
1	84 14
1	83 14
1	85 14
1	79 32
1	84 15
1	84 16
1	83 16
1	85 16
1	79 27
1	84 17
1	84 18
1	83 18
1	85 17
1	79 110
1	83 18
1	85 18
1	79 40
1	84 19
1	84 20
1	83 20
1	85 20
1	79 27
1	84 1
1	84 2
1	83 2
1	85 1
1	79 107
1	83 2
1	85 2
1	79 36
1	84 3
1	84 4
1	83 4
1	85 4
1	79 23
1	84 5
1	84 6
1	83 6
1	85 5
1	79 109
1	83 6
1	85 6
1	79 36
1	84 7
1	83 7
1	85 7
1	79 41
1	84 8
1	84 9
1	83 9
1	85 9
1	79 30
1	84 10
1	84 11
1	83 11
1	85 10
1	79 108
1	84 12
1	84 13
1	83 13
1	85 11
1	79 185
1	83 13
1	85 13
1	79 32
1	84 14
1	84 15
1	83 15
1	85 14
1	79 103
1	83 15
1	85 15
1	79 31
1	84 16
1	83 16
1	85 16
1	79 40
1	84 17
1	84 18
1	83 18
1	85 18
1	79 25
1	84 19
1	84 20
1	83 20
1	85 19
1	79 111
1	84 1
1	83 1
1	85 1
1	79 30
1	84 2
1	84 3
1	83 3
1	85 2
1	79 109
1	83 3
1	85 3
1	79 35
1	84 4
1	83 4
1	85 4
1	79 38
1	84 5
1	84 6
1	83 6
1	85 6
1	79 25
1	84 7
1	84 8
1	83 8
1	85 7
1	79 120
1	84 9
1	84 10
1	83 10
1	85 8
1	79 186
1	84 11
1	83 11
1	85 10
1	79 115
1	84 12
1	84 13
1	83 13
1	85 11
1	79 186
1	83 13
1	85 13
1	79 33
1	84 14
1	84 15
1	83 15
1	85 14
1	79 120
1	84 16
1	84 17
1	83 17
1	85 15
1	79 194
1	83 17
1	85 17
1	79 39
1	84 18
1	84 19
1	83 19
1	85 18
1	79 105
1	84 20
1	83 20
1	85 20
1	79 25
1	84 1
1	84 2
1	83 2
1	85 1
1	79 116
1	84 3
1	84 4
1	84 5
1	83 5
1	85 2
1	79 275
1	83 5
1	85 5
1	79 45
1	84 6
1	83 6
1	85 4
1	79 194
1	84 7
1	84 8
1	83 8
1	85 6
1	79 185
1	83 8
1	85 7
1	79 114
1	84 9
1	83 9
1	85 9
1	79 25
1	84 10
1	84 11
1	83 11
1	85 10
1	79 107
1	83 11
1	85 11
1	79 36
1	84 12
1	84 13
1	83 13
1	85 13
1	79 31
1	84 14
1	84 15
1	83 15
1	85 14
1	79 109
1	83 15
1	85 15
1	79 39
1	84 16
1	84 17
1	83 17
1	85 17
1	79 30
1	84 18
1	84 19
1	83 19
1	85 18
1	79 105
1	83 19
1	85 19
1	79 32
1	84 20
1	84 1
1	83 1
1	85 1
1	79 29
1	84 2
1	84 3
1	83 3
1	85 2
1	79 109
1	83 3
1	85 3
1	79 43
1	84 4
1	83 4
1	85 4
1	79 29
1	84 5
1	84 6
1	83 6
1	85 6
1	79 28
1	84 7
1	84 8
1	83 8
1	85 7
1	79 109
1	83 8
1	85 8
1	79 46
1	84 9
1	83 9
1	85 9
1	79 37
1	84 10
1	TEST_NUMBER 5
1	SENT_TOTAL 250
1	RECEIVED_TOTAL 190
1	TIME_TOTAL 29813
1	RECEIVED_RADIO_1 191
1	RECEIVED_RADIO_2 0
1	SENT_RADIO_1 130
1	SENT_RADIO_2 120
1	RADIO_TIME_1 29813
1	RADIO_TIME_2 19843
1	RETRANSMISSIONS_1 0
1	RETRANSMISSIONS_2 9
1	DROPPED_1 0
1	DROPPED_2 0
1	MAX_QUEUE 1
1	DUPLICATED_1 14
1	DUPLICATED_2 0
1	EBUSY_RADIO_1 0
1	EBUSY_RADIO_2 0
1	84 1
1	83 1
1	85 1
1	79 33
1	84 2
1	84 3
1	83 3
1	85 2
1	79 110
1	83 3
1	85 3
1	79 39
1	84 4
1	84 5
1	83 5
1	85 5
1	79 29
1	84 6
1	84 7
1	83 7
1	85 6
1	79 105
1	83 7
1	85 7
1	79 32
1	84 8
1	84 9
1	83 9
1	85 9
1	79 27
1	84 10
1	84 11
1	84 12
1	83 12
1	85 11
1	79 114
1	84 13
1	84 14
1	83 14
1	85 10
1	79 354
1	83 14
1	85 12
1	79 205
1	84 15
1	83 15
1	85 14
1	79 111
1	83 15
1	85 15
1	79 45
1	84 16
1	83 16
1	85 16
1	79 46
1	84 17
1	84 18
1	83 18
1	85 18
1	79 29
1	84 19
1	84 20
1	84 1
1	84 2
1	83 2
1	85 19
1	79 265
1	83 2
1	85 20
1	79 203
1	84 3
1	83 3
1	85 2
1	79 114
1	83 3
1	85 3
1	79 42
1	84 4
1	83 4
1	85 4
1	79 45
1	84 5
1	84 6
1	83 6
1	85 6
1	79 30
1	84 7
1	84 8
1	83 8
1	85 7
1	79 106
1	83 8
1	85 8
1	79 34
1	84 9
1	83 9
1	85 9
1	79 33
1	84 10
1	84 11
1	83 11
1	85 11
1	79 29
1	84 12
1	84 13
1	83 13
1	85 12
1	79 122
1	84 14
1	84 15
1	83 15
1	85 13
1	79 186
1	84 16
1	83 16
1	85 15
1	79 103
1	83 16
1	85 16
1	79 31
1	84 17
1	83 17
1	85 17
1	79 44
1	84 18
1	84 19
1	83 19
1	85 19
1	79 27
1	84 20
1	84 1
1	83 1
1	85 20
1	79 105
1	83 1
1	85 1
1	79 31
1	84 2
1	83 2
1	85 2
1	79 38
1	84 3
1	84 4
1	84 5
1	83 5
1	85 3
1	79 206
1	84 6
1	83 6
1	85 5
1	79 110
1	83 6
1	85 6
1	79 37
1	84 7
1	84 8
1	84 9
1	83 9
1	85 7
1	79 186
1	83 9
1	85 9
1	79 33
1	84 10
1	84 11
1	83 11
1	85 10
1	79 103
1	83 11
1	85 11
1	79 39
1	84 12
1	83 12
1	85 12
1	79 35
1	84 13
1	84 14
1	83 14
1	85 14
1	79 26
1	84 15
1	84 16
1	83 16
1	85 15
1	79 113
1	84 17
1	83 17
1	85 17
1	79 27
1	84 18
1	84 19
1	83 19
1	85 18
1	79 117
1	84 20
1	84 1
1	83 1
1	85 19
1	79 187
1	84 2
1	83 2
1	85 1
1	79 126
1	83 2
1	85 2
1	79 55
1	84 3
1	83 3
1	85 3
1	79 54
1	84 4
1	84 5
1	84 6
1	83 6
1	85 4
1	79 182
1	84 7
1	83 7
1	85 6
1	79 106
1	83 7
1	85 7
1	79 34
1	84 8
1	83 8
1	85 8
1	79 32
1	84 9
1	84 10
1	83 10
1	85 10
1	79 22
1	84 11
1	84 12
1	83 12
1	85 11
1	79 106
1	83 12
1	85 12
1	79 35
1	84 13
1	83 13
1	85 13
1	79 35
1	84 14
1	84 15
1	83 15
1	85 15
1	79 27
1	84 16
1	84 17
1	83 17
1	85 16
1	79 106
1	83 17
1	85 17
1	79 35
1	84 18
1	84 19
1	83 19
1	85 19
1	79 28
1	84 20
1	84 1
1	83 1
1	85 20
1	79 105
1	83 1
1	85 1
1	79 42
1	84 2
1	84 3
1	84 4
1	83 4
1	85 2
1	79 186
1	83 4
1	85 4
1	79 44
1	84 5
1	84 6
1	83 6
1	85 5
1	79 120
1	84 7
1	84 8
1	83 8
1	85 6
1	79 186
1	84 9
1	84 10
1	83 10
1	85 9
1	79 116
1	84 11
1	84 12
1	83 12
1	85 8
1	79 351
1	83 12
1	85 12
1	79 39
1	83 12
1	85 10
1	79 207
1	84 13
1	84 14
1	83 14
1	85 13
1	79 111
1	84 15
1	83 15
1	85 15
1	79 26
1	84 16
1	84 17
1	83 17
1	85 16
1	79 108
1	83 17
1	85 17
1	79 35
1	84 18
1	83 18
1	85 18
1	79 36
1	84 19
1	84 20
1	83 20
1	85 20
1	79 31
1	84 1
1	84 2
1	83 2
1	85 1
1	79 107
1	83 2
1	85 2
1	79 36
1	84 3
1	84 4
1	83 4
1	85 4
1	79 35
1	84 5
1	83 5
1	85 5
1	79 34
1	84 6
1	84 7
1	83 7
1	85 6
1	79 106
1	83 7
1	85 7
1	79 36
1	84 8
1	83 8
1	85 8
1	79 36
1	84 9
1	84 10
1	83 10
1	85 10
1	79 27
1	84 11
1	84 12
1	83 12
1	85 11
1	79 109
1	83 12
1	85 12
1	79 36
1	84 13
1	84 14
1	83 14
1	85 14
1	79 34
1	84 15
1	83 15
1	85 15
1	79 35
1	84 16
1	84 17
1	83 17
1	85 16
1	79 137
1	84 18
1	84 19
1	83 19
1	85 17
1	79 184
1	84 20
1	83 20
1	85 19
1	79 104
1	83 20
1	85 20
1	79 55
1	84 1
1	84 2
1	84 3
1	83 3
1	85 1
1	79 189
1	84 4
1	83 4
1	85 3
1	79 110
1	83 4
1	85 4
1	79 36
1	84 5
1	83 5
1	85 5
1	79 42
1	84 6
1	84 7
1	83 7
1	85 7
1	79 29
1	84 8
1	84 9
1	84 10
1	83 10
1	85 9
1	79 110
1	83 10
1	85 8
1	79 200
1	83 10
1	85 10
1	79 49
1	84 11
1	83 11
1	85 11
1	79 37
1	84 12
1	84 13
1	83 13
1	85 13
1	79 31
1	84 14
1	84 15
1	84 16
1	83 16
1	85 15
1	79 106
1	83 16
1	85 14
1	79 196
1	83 16
1	85 16
1	79 55
1	84 17
1	83 17
1	85 17
1	79 34
1	84 18
1	84 19
1	83 19
1	85 19
1	79 28
1	84 20
1	84 1
1	83 1
1	85 20
1	79 108
1	83 1
1	85 1
1	79 33
1	84 2
1	83 2
1	85 2
1	79 33
1	84 3
1	84 4
1	83 4
1	85 4
1	79 31
1	84 5
1	84 6
1	83 6
1	85 5
1	79 107
1	83 6
1	85 6
1	79 34
1	84 7
1	83 7
1	85 7
1	79 39
1	84 8
1	84 9
1	84 10
1	84 11
1	83 11
1	85 9
1	79 184
1	83 11
1	85 10
1	79 125
1	83 11
1	85 11
1	79 53
1	84 12
1	83 12
1	85 12
1	79 49
1	84 13
1	84 14
1	83 14
1	85 14
1	79 29
1	84 15
1	84 16
1	83 16
1	85 15
1	79 108
1	83 16
1	85 16
1	79 38
1	84 17
1	83 17
1	85 17
1	79 33
1	84 18
1	84 19
1	83 19
1	85 19
1	79 25
1	84 20
1	84 1
1	83 1
1	85 20
1	79 102
1	83 1
1	85 1
1	79 31
1	84 2
1	84 3
1	84 4
1	83 4
1	85 2
1	79 188
1	83 4
1	85 4
1	79 50
1	84 5
1	84 6
1	83 6
1	85 5
1	79 101
1	84 7
1	83 7
1	85 7
1	79 30
1	84 8
1	84 9
1	84 10
1	83 10
1	85 9
1	79 109
1	83 10
1	85 8
1	79 196
1	84 11
1	83 11
1	85 11
1	79 31
1	84 12
1	84 13
1	84 14
1	83 14
1	85 13
1	79 103
1	83 14
1	85 12
1	79 192
1	84 15
1	84 16
1	83 16
1	85 14
1	79 185
1	83 16
1	85 16
1	79 32
1	84 17
1	84 18
1	83 18
1	85 17
1	79 104
1	83 18
1	85 18
1	79 31
1	84 19
1	83 19
1	85 19
1	79 32
1	84 20
1	84 1
1	83 1
1	85 1
1	79 30
1	84 2
1	84 3
1	83 3
1	85 2
1	79 104
1	84 4
1	83 4
1	85 4
1	79 26
1	84 5
1	84 6
1	83 6
1	85 5
1	79 108
1	83 6
1	85 6
1	79 43
1	84 7
1	84 8
1	83 8
1	85 8
1	79 31
1	84 9
1	84 10
1	83 10
1	85 9
1	79 114
1	84 11
1	84 12
1	83 12
1	85 10
1	79 187
1	84 13
1	83 13
1	85 12
1	79 130
1	84 14
1	84 15
1	83 15
1	85 13
1	79 184
1	84 16
1	83 16
1	85 15
1	79 108
1	83 16
1	85 16
1	79 43
1	84 17
1	84 18
1	83 18
1	85 18
1	79 32
1	84 19
1	84 20
1	84 1
1	83 1
1	85 20
1	79 108
1	83 1
1	85 19
1	79 195
1	83 1
1	85 1
1	79 44
1	84 2
1	84 3
1	83 3
1	85 3
1	79 24
1	84 4
1	84 5
1	83 5
1	85 4
1	79 103
1	83 5
1	85 5
1	79 31
1	84 6
1	83 6
1	85 6
1	79 44
1	84 7
1	84 8
1	83 8
1	85 8
1	79 25
1	84 9
1	84 10
1	83 10
1	85 9
1	79 107
1	83 10
1	85 10
1	79 34
1	84 11
1	83 11
1	85 11
1	79 42
1	84 12
1	84 13
1	83 13
1	85 13
1	79 27
1	84 14
1	84 15
1	83 15
1	85 14
1	79 116
1	83 15
1	85 15
1	79 44
1	84 16
1	83 16
1	85 16
1	79 37
1	84 17
1	84 18
1	83 18
1	85 18
1	79 30
1	84 19
1	84 20
1	83 20
1	85 19
1	79 110
1	83 20
1	85 20
1	79 41
1	84 1
1	83 1
1	85 1
1	79 39
1	84 2
1	84 3
1	83 3
1	85 3
1	79 25
1	84 4
1	84 5
1	83 5
1	85 4
1	79 120
1	84 6
1	84 7
1	83 7
1	85 5
1	79 187
1	84 8
1	83 8
1	85 7
1	79 108
1	83 8
1	85 8
1	79 54
1	84 9
1	84 10
1	83 10
1	85 10
1	79 30
1	84 11
1	84 12
1	84 13
1	83 13
1	85 12
1	79 103
1	83 13
1	85 11
1	79 203
1	83 13
1	85 13
1	79 51
1	84 14
1	84 15
1	83 15
1	85 15
1	79 30
1	84 16
1	84 17
1	83 17
1	85 16
1	79 119
1	84 18
1	84 19
1	83 19
1	85 17
1	79 186
1	83 19
1	85 19
1	79 35
1	84 20
1	84 1
1	84 2
1	84 3
1	83 3
1	85 20
1	79 264
1	83 3
1	85 1
1	79 191
1	84 4
1	83 4
1	85 3
1	79 105
1	83 4
1	85 4
1	79 35
1	84 5
1	83 5
1	85 5
1	79 31
1	84 6
1	84 7
1	83 7
1	85 7
1	79 30
1	84 8
1	84 9
1	83 9
1	85 8
1	79 108
1	84 10
1	TEST_NUMBER 6
1	SENT_TOTAL 250
1	RECEIVED_TOTAL 192
1	TIME_TOTAL 19758
1	RECEIVED_RADIO_1 192
1	RECEIVED_RADIO_2 0
1	SENT_RADIO_1 127
1	SENT_RADIO_2 123
1	RADIO_TIME_1 19791
1	RADIO_TIME_2 19763
1	RETRANSMISSIONS_1 1
1	RETRANSMISSIONS_2 5
1	DROPPED_1 0
1	DROPPED_2 0
1	MAX_QUEUE 1
1	DUPLICATED_1 10
1	DUPLICATED_2 0
1	EBUSY_RADIO_1 0
1	EBUSY_RADIO_2 0
1	83 0
1	85 10
1	86 6

5	RELAY_NODE 5
5	TEST_NUMBER 0
5	SENT_TOTAL 0
5	RECEIVED_TOTAL 0
5	TIME_TOTAL 0
5	RECEIVED_RADIO_1 126
5	RECEIVED_RADIO_2 186
5	SENT_RADIO_1 186
5	SENT_RADIO_2 126
5	RADIO_TIME_1 19847
5	RADIO_TIME_2 19847
5	RETRANSMISSIONS_1 14
5	RETRANSMISSIONS_2 0
5	DROPPED_1 0
5	DROPPED_2 0
5	MAX_QUEUE 1
5	DUPLICATED_1 3
5	DUPLICATED_2 4
5	EBUSY_RADIO_1 0
5	EBUSY_RADIO_2 0
5	TEST_NUMBER 1
5	SENT_TOTAL 0
5	RECEIVED_TOTAL 0
5	TIME_TOTAL 0
5	RECEIVED_RADIO_1 131
5	RECEIVED_RADIO_2 191
5	SENT_RADIO_1 191
5	SENT_RADIO_2 131
5	RADIO_TIME_1 19849
5	RADIO_TIME_2 19848
5	RETRANSMISSIONS_1 24
5	RETRANSMISSIONS_2 0
5	DROPPED_1 0
5	DROPPED_2 0
5	MAX_QUEUE 2
5	DUPLICATED_1 0
5	DUPLICATED_2 6
5	EBUSY_RADIO_1 0
5	EBUSY_RADIO_2 0
5	TEST_NUMBER 2
5	SENT_TOTAL 0
5	RECEIVED_TOTAL 0
5	TIME_TOTAL 0
5	RECEIVED_RADIO_1 130
5	RECEIVED_RADIO_2 190
5	SENT_RADIO_1 190
5	SENT_RADIO_2 130
5	RADIO_TIME_1 19775
5	RADIO_TIME_2 19775
5	RETRANSMISSIONS_1 11
5	RETRANSMISSIONS_2 0
5	DROPPED_1 0
5	DROPPED_2 0
5	MAX_QUEUE 1
5	DUPLICATED_1 0
5	DUPLICATED_2 3
5	EBUSY_RADIO_1 0
5	EBUSY_RADIO_2 0
5	TEST_NUMBER 3
5	SENT_TOTAL 0
5	RECEIVED_TOTAL 0
5	TIME_TOTAL 0
5	RECEIVED_RADIO_1 129
5	RECEIVED_RADIO_2 192
5	SENT_RADIO_1 192
5	SENT_RADIO_2 129
5	RADIO_TIME_1 19890
5	RADIO_TIME_2 19870
5	RETRANSMISSIONS_1 19
5	RETRANSMISSIONS_2 0
5	DROPPED_1 0
5	DROPPED_2 0
5	MAX_QUEUE 2
5	DUPLICATED_1 1
5	DUPLICATED_2 2
5	EBUSY_RADIO_1 0
5	EBUSY_RADIO_2 0
5	TEST_NUMBER 4
5	SENT_TOTAL 0
5	RECEIVED_TOTAL 0
5	TIME_TOTAL 0
5	RECEIVED_RADIO_1 126
5	RECEIVED_RADIO_2 193
5	SENT_RADIO_1 193
5	SENT_RADIO_2 126
5	RADIO_TIME_1 19780
5	RADIO_TIME_2 19780
5	RETRANSMISSIONS_1 11
5	RETRANSMISSIONS_2 0
5	DROPPED_1 0
5	DROPPED_2 0
5	MAX_QUEUE 2
5	DUPLICATED_1 2
5	DUPLICATED_2 3
5	EBUSY_RADIO_1 0
5	EBUSY_RADIO_2 0
5	TEST_NUMBER 5
5	SENT_TOTAL 0
5	RECEIVED_TOTAL 0
5	TIME_TOTAL 0
5	RECEIVED_RADIO_1 129
5	RECEIVED_RADIO_2 190
5	SENT_RADIO_1 190
5	SENT_RADIO_2 129
5	RADIO_TIME_1 19709
5	RADIO_TIME_2 19709
5	RETRANSMISSIONS_1 25
5	RETRANSMISSIONS_2 0
5	DROPPED_1 0
5	DROPPED_2 0
5	MAX_QUEUE 2
5	DUPLICATED_1 0
5	DUPLICATED_2 3
5	EBUSY_RADIO_1 0
5	EBUSY_RADIO_2 0
5	TEST_NUMBER 6
5	SENT_TOTAL 0
5	RECEIVED_TOTAL 0
5	TIME_TOTAL 0
5	RECEIVED_RADIO_1 127
5	RECEIVED_RADIO_2 193
5	SENT_RADIO_1 193
5	SENT_RADIO_2 127
5	RADIO_TIME_1 19855
5	RADIO_TIME_2 19855
5	RETRANSMISSIONS_1 17
5	RETRANSMISSIONS_2 0
5	DROPPED_1 0
5	DROPPED_2 0
5	MAX_QUEUE 2
5	DUPLICATED_1 1
5	DUPLICATED_2 2
5	EBUSY_RADIO_1 0
5	EBUSY_RADIO_2 0

52	RELAY_NODE 52
52	TEST_NUMBER 0
52	SENT_TOTAL 0
52	RECEIVED_TOTAL 0
52	TIME_TOTAL 0
52	RECEIVED_RADIO_1 0
52	RECEIVED_RADIO_2 123
52	SENT_RADIO_1 122
52	SENT_RADIO_2 0
52	RADIO_TIME_1 19546
52	RADIO_TIME_2 19526
52	RETRANSMISSIONS_1 23
52	RETRANSMISSIONS_2 0
52	DROPPED_1 0
52	DROPPED_2 0
52	MAX_QUEUE 1
52	DUPLICATED_1 0
52	DUPLICATED_2 0
52	EBUSY_RADIO_1 0
52	EBUSY_RADIO_2 0
52	TEST_NUMBER 1
52	SENT_TOTAL 0
52	RECEIVED_TOTAL 0
52	TIME_TOTAL 0
52	RECEIVED_RADIO_1 0
52	RECEIVED_RADIO_2 120
52	SENT_RADIO_1 121
52	SENT_RADIO_2 0
52	RADIO_TIME_1 19766
52	RADIO_TIME_2 19766
52	RETRANSMISSIONS_1 13
52	RETRANSMISSIONS_2 0
52	DROPPED_1 0
52	DROPPED_2 0
52	MAX_QUEUE 1
52	DUPLICATED_1 0
52	DUPLICATED_2 0
52	EBUSY_RADIO_1 0
52	EBUSY_RADIO_2 0
52	TEST_NUMBER 2
52	SENT_TOTAL 0
52	RECEIVED_TOTAL 0
52	TIME_TOTAL 0
52	RECEIVED_RADIO_1 0
52	RECEIVED_RADIO_2 120
52	SENT_RADIO_1 120
52	SENT_RADIO_2 0
52	RADIO_TIME_1 19842
52	RADIO_TIME_2 19842
52	RETRANSMISSIONS_1 26
52	RETRANSMISSIONS_2 0
52	DROPPED_1 0
52	DROPPED_2 0
52	MAX_QUEUE 1
52	DUPLICATED_1 0
52	DUPLICATED_2 0
52	EBUSY_RADIO_1 0
52	EBUSY_RADIO_2 0
52	TEST_NUMBER 3
52	SENT_TOTAL 0
52	RECEIVED_TOTAL 0
52	TIME_TOTAL 0
52	RECEIVED_RADIO_1 0
52	RECEIVED_RADIO_2 121
52	SENT_RADIO_1 121
52	SENT_RADIO_2 0
52	RADIO_TIME_1 19686
52	RADIO_TIME_2 19686
52	RETRANSMISSIONS_1 19
52	RETRANSMISSIONS_2 0
52	DROPPED_1 0
52	DROPPED_2 0
52	MAX_QUEUE 1
52	DUPLICATED_1 0
52	DUPLICATED_2 0
52	EBUSY_RADIO_1 0
52	EBUSY_RADIO_2 0
52	TEST_NUMBER 4
52	SENT_TOTAL 0
52	RECEIVED_TOTAL 0
52	TIME_TOTAL 0
52	RECEIVED_RADIO_1 0
52	RECEIVED_RADIO_2 124
52	SENT_RADIO_1 124
52	SENT_RADIO_2 0
52	RADIO_TIME_1 19765
52	RADIO_TIME_2 19765
52	RETRANSMISSIONS_1 17
52	RETRANSMISSIONS_2 0
52	DROPPED_1 0
52	DROPPED_2 0
52	MAX_QUEUE 1
52	DUPLICATED_1 0
52	DUPLICATED_2 0
52	EBUSY_RADIO_1 0
52	EBUSY_RADIO_2 0
52	TEST_NUMBER 5
52	SENT_TOTAL 0
52	RECEIVED_TOTAL 0
52	TIME_TOTAL 0
52	RECEIVED_RADIO_1 0
52	RECEIVED_RADIO_2 121
52	SENT_RADIO_1 121
52	SENT_RADIO_2 0
52	RADIO_TIME_1 19842
52	RADIO_TIME_2 19842
52	RETRANSMISSIONS_1 17
52	RETRANSMISSIONS_2 0
52	DROPPED_1 0
52	DROPPED_2 0
52	MAX_QUEUE 1
52	DUPLICATED_1 0
52	DUPLICATED_2 0
52	EBUSY_RADIO_1 0
52	EBUSY_RADIO_2 0
52	TEST_NUMBER 6
52	SENT_TOTAL 0
52	RECEIVED_TOTAL 0
52	TIME_TOTAL 0
52	RECEIVED_RADIO_1 0
52	RECEIVED_RADIO_2 123
52	SENT_RADIO_1 123
52	SENT_RADIO_2 0
52	RADIO_TIME_1 19761
52	RADIO_TIME_2 19761
52	RETRANSMISSIONS_1 25
52	RETRANSMISSIONS_2 0
52	DROPPED_1 0
52	DROPPED_2 0
52	MAX_QUEUE 1
52	DUPLICATED_1 0
52	DUPLICATED_2 0
52	EBUSY_RADIO_1 0
52	EBUSY_RADIO_2 0

54	DESTINATION_NODE 54
54	TEST_NUMBER 0
54	SENT_TOTAL 248
54	RECEIVED_TOTAL 248
54	TIME_TOTAL 19849
54	RECEIVED_RADIO_1 122
54	RECEIVED_RADIO_2 126
54	SENT_RADIO_1 0
54	SENT_RADIO_2 186
54	RADIO_TIME_1 19850
54	RADIO_TIME_2 19849
54	RETRANSMISSIONS_1 609
54	RETRANSMISSIONS_2 4
54	DROPPED_1 61
54	DROPPED_2 0
54	MAX_QUEUE 2
54	DUPLICATED_1 1
54	DUPLICATED_2 0
54	EBUSY_RADIO_1 0
54	EBUSY_RADIO_2 0
54	86 0
54	86 0
54	TEST_NUMBER 1
54	SENT_TOTAL 252
54	RECEIVED_TOTAL 250
54	TIME_TOTAL 19847
54	RECEIVED_RADIO_1 121
54	RECEIVED_RADIO_2 131
54	SENT_RADIO_1 0
54	SENT_RADIO_2 191
54	RADIO_TIME_1 19769
54	RADIO_TIME_2 19847
54	RETRANSMISSIONS_1 608
54	RETRANSMISSIONS_2 6
54	DROPPED_1 61
54	DROPPED_2 0
54	MAX_QUEUE 2
54	DUPLICATED_1 0
54	DUPLICATED_2 0
54	EBUSY_RADIO_1 0
54	EBUSY_RADIO_2 0
54	TEST_NUMBER 2
54	SENT_TOTAL 250
54	RECEIVED_TOTAL 250
54	TIME_TOTAL 19843
54	RECEIVED_RADIO_1 120
54	RECEIVED_RADIO_2 130
54	SENT_RADIO_1 0
54	SENT_RADIO_2 190
54	RADIO_TIME_1 19848
54	RADIO_TIME_2 19765
54	RETRANSMISSIONS_1 598
54	RETRANSMISSIONS_2 3
54	DROPPED_1 60
54	DROPPED_2 0
54	MAX_QUEUE 2
54	DUPLICATED_1 3
54	DUPLICATED_2 0
54	EBUSY_RADIO_1 0
54	EBUSY_RADIO_2 0
54	TEST_NUMBER 3
54	SENT_TOTAL 250
54	RECEIVED_TOTAL 250
54	TIME_TOTAL 19847
54	RECEIVED_RADIO_1 121
54	RECEIVED_RADIO_2 129
54	SENT_RADIO_1 0
54	SENT_RADIO_2 192
54	RADIO_TIME_1 19769
54	RADIO_TIME_2 19855
54	RETRANSMISSIONS_1 587
54	RETRANSMISSIONS_2 2
54	DROPPED_1 59
54	DROPPED_2 0
54	MAX_QUEUE 2
54	DUPLICATED_1 0
54	DUPLICATED_2 0
54	EBUSY_RADIO_1 0
54	EBUSY_RADIO_2 0
54	TEST_NUMBER 4
54	SENT_TOTAL 250
54	RECEIVED_TOTAL 250
54	TIME_TOTAL 19844
54	RECEIVED_RADIO_1 124
54	RECEIVED_RADIO_2 126
54	SENT_RADIO_1 0
54	SENT_RADIO_2 193
54	RADIO_TIME_1 19768
54	RADIO_TIME_2 19764
54	RETRANSMISSIONS_1 559
54	RETRANSMISSIONS_2 3
54	DROPPED_1 56
54	DROPPED_2 0
54	MAX_QUEUE 2
54	DUPLICATED_1 1
54	DUPLICATED_2 0
54	EBUSY_RADIO_1 0
54	EBUSY_RADIO_2 0
54	TEST_NUMBER 5
54	SENT_TOTAL 250
54	RECEIVED_TOTAL 250
54	TIME_TOTAL 19841
54	RECEIVED_RADIO_1 121
54	RECEIVED_RADIO_2 129
54	SENT_RADIO_1 0
54	SENT_RADIO_2 190
54	RADIO_TIME_1 19841
54	RADIO_TIME_2 19694
54	RETRANSMISSIONS_1 598
54	RETRANSMISSIONS_2 3
54	DROPPED_1 60
54	DROPPED_2 0
54	MAX_QUEUE 2
54	DUPLICATED_1 2
54	DUPLICATED_2 0
54	EBUSY_RADIO_1 0
54	EBUSY_RADIO_2 0
54	TEST_NUMBER 6
54	SENT_TOTAL 250
54	RECEIVED_TOTAL 250
54	TIME_TOTAL 19842
54	RECEIVED_RADIO_1 123
54	RECEIVED_RADIO_2 127
54	SENT_RADIO_1 0
54	SENT_RADIO_2 193
54	RADIO_TIME_1 19762
54	RADIO_TIME_2 19843
54	RETRANSMISSIONS_1 568
54	RETRANSMISSIONS_2 2
54	DROPPED_1 57
54	DROPPED_2 0
54	MAX_QUEUE 2
54	DUPLICATED_1 0
54	DUPLICATED_2 0
54	EBUSY_RADIO_1 0
54	EBUSY_RADIO_2 0
