
12	SOURCE_NODE 12
12	84 1
12	84 2
12	84 3
12	84 4
12	84 5
12	84 6
12	84 7
12	84 8
12	84 9
12	84 10
12	84 11
12	84 12
12	84 13
12	84 14
12	84 15
12	84 16
12	84 17
12	84 18
12	84 19
12	84 20
12	84 1
12	84 2
12	84 3
12	84 4
12	84 5
12	84 6
12	84 7
12	84 8
12	84 9
12	84 10
12	84 11
12	84 12
12	84 13
12	84 14
12	84 15
12	84 16
12	84 17
12	84 18
12	84 19
12	84 20
12	84 1
12	84 2
12	84 3
12	84 4
12	84 5
12	84 6
12	84 7
12	84 8
12	84 9
12	84 10
12	84 11
12	84 12
12	84 13
12	84 14
12	84 15
12	84 16
12	84 17
12	84 18
12	84 19
12	84 20
12	84 1
12	84 2
12	84 3
12	84 4
12	84 5
12	84 6
12	84 7
12	84 8
12	84 9
12	84 10
12	84 11
12	84 12
12	84 13
12	84 14
12	84 15
12	84 16
12	84 17
12	84 18
12	84 19
12	84 20
12	84 1
12	84 2
12	84 3
12	84 4
12	84 5
12	84 6
12	84 7
12	84 8
12	84 9
12	84 10
12	84 11
12	84 12
12	84 13
12	84 14
12	84 15
12	84 16
12	84 17
12	84 18
12	84 19
12	84 20
12	84 1
12	84 2
12	84 3
12	84 4
12	84 5
12	84 6
12	84 7
12	84 8
12	84 9
12	84 10
12	84 11
12	84 12
12	84 13
12	84 14
12	84 15
12	84 16
12	84 17
12	84 18
12	84 19
12	84 20
12	84 1
12	84 2
12	84 3
12	84 4
12	84 5
12	84 6
12	84 7
12	84 8
12	84 9
12	84 10
12	84 11
12	84 12
12	84 13
12	84 14
12	84 15
12	84 16
12	84 17
12	84 18
12	84 19
12	84 20
12	84 1
12	84 2
12	84 3
12	84 4
12	84 5
12	84 6
12	84 7
12	84 8
12	84 9
12	84 10
12	84 11
12	84 12
12	84 13
12	84 14
12	84 15
12	84 16
12	84 17
12	84 18
12	84 19
12	84 20
12	84 1
12	84 2
12	84 3
12	84 4
12	84 5
12	84 6
12	84 7
12	84 8
12	84 9
12	84 10
12	84 11
12	84 12
12	84 13
12	84 14
12	84 15
12	84 16
12	84 17
12	84 18
12	84 19
12	84 20
12	84 1
12	84 2
12	84 3
12	84 4
12	84 5
12	84 6
12	84 7
12	84 8
12	84 9
12	84 10
12	84 11
12	84 12
12	84 13
12	84 14
12	84 15
12	84 16
12	84 17
12	84 18
12	84 19
12	84 20
12	84 1
12	84 2
12	84 3
12	84 4
12	84 5
12	84 6
12	84 7
12	84 8
12	84 9
12	84 10
12	84 11
12	84 12
12	84 13
12	84 14
12	84 15
12	84 16
12	84 17
12	84 18
12	84 19
12	84 20
12	84 1
12	84 2
12	84 3
12	84 4
12	84 5
12	84 6
12	84 7
12	84 8
12	84 9
12	84 10
12	84 11
12	84 12
12	84 13
12	84 14
12	84 15
12	84 16
12	84 17
12	84 18
12	84 19
12	84 20
12	84 1
12	84 2
12	84 3
12	84 4
12	84 5
12	84 6
12	84 7
12	84 8
12	84 9
12	84 10
12	TEST_NUMBER 0
12	SENT_TOTAL 250
12	RECEIVED_TOTAL 0
12	TIME_TOTAL 0
12	RECEIVED_RADIO_1 0
12	RECEIVED_RADIO_2 0
12	SENT_RADIO_1 0
12	SENT_RADIO_2 0
12	RADIO_TIME_1 19843
12	RADIO_TIME_2 19752
12	RETRANSMISSIONS_1 1236
12	RETRANSMISSIONS_2 1234
12	DROPPED_1 124
12	DROPPED_2 123
12	MAX_QUEUE 2
12	DUPLICATED_1 0
12	DUPLICATED_2 0
12	EBUSY_RADIO_1 0
12	EBUSY_RADIO_2 0
12	84 1
12	84 2
12	84 3
12	84 4
12	84 5
12	84 6
12	84 7
12	84 8
12	84 9
12	84 10
12	84 11
12	84 12
12	84 13
12	84 14
12	84 15
12	84 16
12	84 17
12	84 18
12	84 19
12	84 20
12	84 1
12	84 2
12	84 3
12	84 4
12	84 5
12	84 6
12	84 7
12	84 8
12	84 9
12	84 10
12	84 11
12	84 12
12	84 13
12	84 14
12	84 15
12	84 16
12	84 17
12	84 18
12	84 19
12	84 20
12	84 1
12	84 2
12	84 3
12	84 4
12	84 5
12	84 6
12	84 7
12	84 8
12	84 9
12	84 10
12	84 11
12	84 12
12	84 13
12	84 14
12	84 15
12	84 16
12	84 17
12	84 18
12	84 19
12	84 20
12	84 1
12	84 2
12	84 3
12	84 4
12	84 5
12	84 6
12	84 7
12	84 8
12	84 9
12	84 10
12	84 11
12	84 12
12	84 13
12	84 14
12	84 15
12	84 16
12	84 17
12	84 18
12	84 19
12	84 20
12	84 1
12	84 2
12	84 3
12	84 4
12	84 5
12	84 6
12	84 7
12	84 8
12	84 9
12	84 10
12	84 11
12	84 12
12	84 13
12	84 14
12	84 15
12	84 16
12	84 17
12	84 18
12	84 19
12	84 20
12	84 1
12	84 2
12	84 3
12	84 4
12	84 5
12	84 6
12	84 7
12	84 8
12	84 9
12	84 10
12	84 11
12	84 12
12	84 13
12	84 14
12	84 15
12	84 16
12	84 17
12	84 18
12	84 19
12	84 20
12	84 1
12	84 2
12	84 3
12	84 4
12	84 5
12	84 6
12	84 7
12	84 8
12	84 9
12	84 10
12	84 11
12	84 12
12	84 13
12	84 14
12	84 15
12	84 16
12	84 17
12	84 18
12	84 19
12	84 20
12	84 1
12	84 2
12	84 3
12	84 4
12	84 5
12	84 6
12	84 7
12	84 8
12	84 9
12	84 10
12	84 11
12	84 12
12	84 13
12	84 14
12	84 15
12	84 16
12	84 17
12	84 18
12	84 19
12	84 20
12	84 1
12	84 2
12	84 3
12	84 4
12	84 5
12	84 6
12	84 7
12	84 8
12	84 9
12	84 10
12	84 11
12	84 12
12	84 13
12	84 14
12	84 15
12	84 16
12	84 17
12	84 18
12	84 19
12	84 20
12	84 1
12	84 2
12	84 3
12	84 4
12	84 5
12	84 6
12	84 7
12	84 8
12	84 9
12	84 10
12	84 11
12	84 12
12	84 13
12	84 14
12	84 15
12	84 16
12	84 17
12	84 18
12	84 19
12	84 20
12	84 1
12	84 2
12	84 3
12	84 4
12	84 5
12	84 6
12	84 7
12	84 8
12	84 9
12	84 10
12	84 11
12	84 12
12	84 13
12	84 14
12	84 15
12	84 16
12	84 17
12	84 18
12	84 19
12	84 20
12	84 1
12	84 2
12	84 3
12	84 4
12	84 5
12	84 6
12	84 7
12	84 8
12	84 9
12	84 10
12	84 11
12	84 12
12	84 13
12	84 14
12	84 15
12	84 16
12	84 17
12	84 18
12	84 19
12	84 20
12	84 1
12	84 2
12	84 3
12	84 4
12	84 5
12	84 6
12	84 7
12	84 8
12	84 9
12	84 10
12	TEST_NUMBER 1
12	SENT_TOTAL 250
12	RECEIVED_TOTAL 0
12	TIME_TOTAL 0
12	RECEIVED_RADIO_1 0
12	RECEIVED_RADIO_2 0
12	SENT_RADIO_1 0
12	SENT_RADIO_2 0
12	RADIO_TIME_1 29867
12	RADIO_TIME_2 29876
12	RETRANSMISSIONS_1 1246
12	RETRANSMISSIONS_2 1246
12	DROPPED_1 124
12	DROPPED_2 125
12	MAX_QUEUE 2
12	DUPLICATED_1 0
12	DUPLICATED_2 0
12	EBUSY_RADIO_1 0
12	EBUSY_RADIO_2 0
12	84 1
12	84 2
12	84 3
12	84 4
12	84 5
12	84 6
12	84 7
12	84 8
12	84 9
12	84 10
12	84 11
12	84 12
12	84 13
12	84 14
12	84 15
12	84 16
12	84 17
12	84 18
12	84 19
12	84 20
12	84 1
12	84 2
12	84 3
12	84 4
12	84 5
12	84 6
12	84 7
12	84 8
12	84 9
12	84 10
12	84 11
12	84 12
12	84 13
12	84 14
12	84 15
12	84 16
12	84 17
12	84 18
12	84 19
12	84 20
12	84 1
12	84 2
12	84 3
12	84 4
12	84 5
12	84 6
12	84 7
12	84 8
12	84 9
12	84 10
12	84 11
12	84 12
12	84 13
12	84 14
12	84 15
12	84 16
12	84 17
12	84 18
12	84 19
12	84 20
12	84 1
12	84 2
12	84 3
12	84 4
12	84 5
12	84 6
12	84 7
12	84 8
12	84 9
12	84 10
12	84 11
12	84 12
12	84 13
12	84 14
12	84 15
12	84 16
12	84 17
12	84 18
12	84 19
12	84 20
12	84 1
12	84 2
12	84 3
12	84 4
12	84 5
12	84 6
12	84 7
12	84 8
12	84 9
12	84 10
12	84 11
12	84 12
12	84 13
12	84 14
12	84 15
12	84 16
12	84 17
12	84 18
12	84 19
12	84 20
12	84 1
12	84 2
12	84 3
12	84 4
12	84 5
12	84 6
12	84 7
12	84 8
12	84 9
12	84 10
12	84 11
12	84 12
12	84 13
12	84 14
12	84 15
12	84 16
12	84 17
12	84 18
12	84 19
12	84 20
12	84 1
12	84 2
12	84 3
12	84 4
12	84 5
12	84 6
12	84 7
12	84 8
12	84 9
12	84 10
12	84 11
12	84 12
12	84 13
12	84 14
12	84 15
12	84 16
12	84 17
12	84 18
12	84 19
12	84 20
12	84 1
12	84 2
12	84 3
12	84 4
12	84 5
12	84 6
12	84 7
12	84 8
12	84 9
12	84 10
12	84 11
12	84 12
12	84 13
12	84 14
12	84 15
12	84 16
12	84 17
12	84 18
12	84 19
12	84 20
12	84 1
12	84 2
12	84 3
12	84 4
12	84 5
12	84 6
12	84 7
12	84 8
12	84 9
12	84 10
12	84 11
12	84 12
12	84 13
12	84 14
12	84 15
12	84 16
12	84 17
12	84 18
12	84 19
12	84 20
12	84 1
12	84 2
12	84 3
12	84 4
12	84 5
12	84 6
12	84 7
12	84 8
12	84 9
12	84 10
12	84 11
12	84 12
12	84 13
12	84 14
12	84 15
12	84 16
12	84 17
12	84 18
12	84 19
12	84 20
12	84 1
12	84 2
12	84 3
12	84 4
12	84 5
12	84 6
12	84 7
12	84 8
12	84 9
12	84 10
12	84 11
12	84 12
12	84 13
12	84 14
12	84 15
12	84 16
12	84 17
12	84 18
12	84 19
12	84 20
12	84 1
12	84 2
12	84 3
12	84 4
12	84 5
12	84 6
12	84 7
12	84 8
12	84 9
12	84 10
12	84 11
12	84 12
12	84 13
12	84 14
12	84 15
12	84 16
12	84 17
12	84 18
12	84 19
12	84 20
12	84 1
12	84 2
12	84 3
12	84 4
12	84 5
12	84 6
12	84 7
12	84 8
12	84 9
12	84 10
12	TEST_NUMBER 2
12	SENT_TOTAL 250
12	RECEIVED_TOTAL 0
12	TIME_TOTAL 0
12	RECEIVED_RADIO_1 0
12	RECEIVED_RADIO_2 0
12	SENT_RADIO_1 0
12	SENT_RADIO_2 0
12	RADIO_TIME_1 29846
12	RADIO_TIME_2 29882
12	RETRANSMISSIONS_1 1247
12	RETRANSMISSIONS_2 1246
12	DROPPED_1 126
12	DROPPED_2 125
12	MAX_QUEUE 2
12	DUPLICATED_1 0
12	DUPLICATED_2 0
12	EBUSY_RADIO_1 0
12	EBUSY_RADIO_2 0
12	84 1
12	84 2
12	84 3
12	84 4
12	84 5
12	84 6
12	84 7
12	84 8
12	84 9
12	84 10
12	84 11
12	84 12
12	84 13
12	84 14
12	84 15
12	84 16
12	84 17
12	84 18
12	84 19
12	84 20
12	84 1
12	84 2
12	84 3
12	84 4
12	84 5
12	84 6
12	84 7
12	84 8
12	84 9
12	84 10
12	84 11
12	84 12
12	84 13
12	84 14
12	84 15
12	84 16
12	84 17
12	84 18
12	84 19
12	84 20
12	84 1
12	84 2
12	84 3
12	84 4
12	84 5
12	84 6
12	84 7
12	84 8
12	84 9
12	84 10
12	84 11
12	84 12
12	84 13
12	84 14
12	84 15
12	84 16
12	84 17
12	84 18
12	84 19
12	84 20
12	84 1
12	84 2
12	84 3
12	84 4
12	84 5
12	84 6
12	84 7
12	84 8
12	84 9
12	84 10
12	84 11
12	84 12
12	84 13
12	84 14
12	84 15
12	84 16
12	84 17
12	84 18
12	84 19
12	84 20
12	84 1
12	84 2
12	84 3
12	84 4
12	84 5
12	84 6
12	84 7
12	84 8
12	84 9
12	84 10
12	84 11
12	84 12
12	84 13
12	84 14
12	84 15
12	84 16
12	84 17
12	84 18
12	84 19
12	84 20
12	84 1
12	84 2
12	84 3
12	84 4
12	84 5
12	84 6
12	84 7
12	84 8
12	84 9
12	84 10
12	84 11
12	84 12
12	84 13
12	84 14
12	84 15
12	84 16
12	84 17
12	84 18
12	84 19
12	84 20
12	84 1
12	84 2
12	84 3
12	84 4
12	84 5
12	84 6
12	84 7
12	84 8
12	84 9
12	84 10
12	84 11
12	84 12
12	84 13
12	84 14
12	84 15
12	84 16
12	84 17
12	84 18
12	84 19
12	84 20
12	84 1
12	84 2
12	84 3
12	84 4
12	84 5
12	84 6
12	84 7
12	84 8
12	84 9
12	84 10
12	84 11
12	84 12
12	84 13
12	84 14
12	84 15
12	84 16
12	84 17
12	84 18
12	84 19
12	84 20
12	84 1
12	84 2
12	84 3
12	84 4
12	84 5
12	84 6
12	84 7
12	84 8
12	84 9
12	84 10
12	84 11
12	84 12
12	84 13
12	84 14
12	84 15
12	84 16
12	84 17
12	84 18
12	84 19
12	84 20
12	84 1
12	84 2
12	84 3
12	84 4
12	84 5
12	84 6
12	84 7
12	84 8
12	84 9
12	84 10
12	84 11
12	84 12
12	84 13
12	84 14
12	84 15
12	84 16
12	84 17
12	84 18
12	84 19
12	84 20
12	84 1
12	84 2
12	84 3
12	84 4
12	84 5
12	84 6
12	84 7
12	84 8
12	84 9
12	84 10
12	84 11
12	84 12
12	84 13
12	84 14
12	84 15
12	84 16
12	84 17
12	84 18
12	84 19
12	84 20
12	84 1
12	84 2
12	84 3
12	84 4
12	84 5
12	84 6
12	84 7
12	84 8
12	84 9
12	84 10
12	84 11
12	84 12
12	84 13
12	84 14
12	84 15
12	84 16
12	84 17
12	84 18
12	84 19
12	84 20
12	84 1
12	84 2
12	84 3
12	84 4
12	84 5
12	84 6
12	84 7
12	84 8
12	84 9
12	84 10
12	TEST_NUMBER 3
12	SENT_TOTAL 250
12	RECEIVED_TOTAL 0
12	TIME_TOTAL 0
12	RECEIVED_RADIO_1 0
12	RECEIVED_RADIO_2 0
12	SENT_RADIO_1 0
12	SENT_RADIO_2 0
12	RADIO_TIME_1 29849
12	RADIO_TIME_2 29871
12	RETRANSMISSIONS_1 1246
12	RETRANSMISSIONS_2 1245
12	DROPPED_1 125
12	DROPPED_2 125
12	MAX_QUEUE 2
12	DUPLICATED_1 0
12	DUPLICATED_2 0
12	EBUSY_RADIO_1 0
12	EBUSY_RADIO_2 0
12	84 1
12	84 2
12	84 3
12	84 4
12	84 5
12	84 6
12	84 7
12	84 8
12	84 9
12	84 10
12	84 11
12	84 12
12	84 13
12	84 14
12	84 15
12	84 16
12	84 17
12	84 18
12	84 19
12	84 20
12	84 1
12	84 2
12	84 3
12	84 4
12	84 5
12	84 6
12	84 7
12	84 8
12	84 9
12	84 10
12	84 11
12	84 12
12	84 13
12	84 14
12	84 15
12	84 16
12	84 17
12	84 18
12	84 19
12	84 20
12	84 1
12	84 2
12	84 3
12	84 4
12	84 5
12	84 6
12	84 7
12	84 8
12	84 9
12	84 10
12	84 11
12	84 12
12	84 13
12	84 14
12	84 15
12	84 16
12	84 17
12	84 18
12	84 19
12	84 20
12	84 1
12	84 2
12	84 3
12	84 4
12	84 5
12	84 6
12	84 7
12	84 8
12	84 9
12	84 10
12	84 11
12	84 12
12	84 13
12	84 14
12	84 15
12	84 16
12	84 17
12	84 18
12	84 19
12	84 20
12	84 1
12	84 2
12	84 3
12	84 4
12	84 5
12	84 6
12	84 7
12	84 8
12	84 9
12	84 10
12	84 11
12	84 12
12	84 13
12	84 14
12	84 15
12	84 16
12	84 17
12	84 18
12	84 19
12	84 20
12	84 1
12	84 2
12	84 3
12	84 4
12	84 5
12	84 6
12	84 7
12	84 8
12	84 9
12	84 10
12	84 11
12	84 12
12	84 13
12	84 14
12	84 15
12	84 16
12	84 17
12	84 18
12	84 19
12	84 20
12	84 1
12	84 2
12	84 3
12	84 4
12	84 5
12	84 6
12	84 7
12	84 8
12	84 9
12	84 10
12	84 11
12	84 12
12	84 13
12	84 14
12	84 15
12	84 16
12	84 17
12	84 18
12	84 19
12	84 20
12	84 1
12	84 2
12	84 3
12	84 4
12	84 5
12	84 6
12	84 7
12	84 8
12	84 9
12	84 10
12	84 11
12	84 12
12	84 13
12	84 14
12	84 15
12	84 16
12	84 17
12	84 18
12	84 19
12	84 20
12	84 1
12	84 2
12	84 3
12	84 4
12	84 5
12	84 6
12	84 7
12	84 8
12	84 9
12	84 10
12	84 11
12	84 12
12	84 13
12	84 14
12	84 15
12	84 16
12	84 17
12	84 18
12	84 19
12	84 20
12	84 1
12	84 2
12	84 3
12	84 4
12	84 5
12	84 6
12	84 7
12	84 8
12	84 9
12	84 10
12	84 11
12	84 12
12	84 13
12	84 14
12	84 15
12	84 16
12	84 17
12	84 18
12	84 19
12	84 20
12	84 1
12	84 2
12	84 3
12	84 4
12	84 5
12	84 6
12	84 7
12	84 8
12	84 9
12	84 10
12	84 11
12	84 12
12	84 13
12	84 14
12	84 15
12	84 16
12	84 17
12	84 18
12	84 19
12	84 20
12	84 1
12	84 2
12	84 3
12	84 4
12	84 5
12	84 6
12	84 7
12	84 8
12	84 9
12	84 10
12	84 11
12	84 12
12	84 13
12	84 14
12	84 15
12	84 16
12	84 17
12	84 18
12	84 19
12	84 20
12	84 1
12	84 2
12	84 3
12	84 4
12	84 5
12	84 6
12	84 7
12	84 8
12	84 9
12	84 10
12	TEST_NUMBER 4
12	SENT_TOTAL 250
12	RECEIVED_TOTAL 0
12	TIME_TOTAL 0
12	RECEIVED_RADIO_1 0
12	RECEIVED_RADIO_2 0
12	SENT_RADIO_1 0
12	SENT_RADIO_2 0
12	RADIO_TIME_1 29872
12	RADIO_TIME_2 29867
12	RETRANSMISSIONS_1 1245
12	RETRANSMISSIONS_2 1247
12	DROPPED_1 125
12	DROPPED_2 125
12	MAX_QUEUE 2
12	DUPLICATED_1 0
12	DUPLICATED_2 0
12	EBUSY_RADIO_1 0
12	EBUSY_RADIO_2 0
12	84 1
12	84 2
12	84 3
12	84 4
12	84 5
12	84 6
12	84 7
12	84 8
12	84 9
12	84 10
12	84 11
12	84 12
12	84 13
12	84 14
12	84 15
12	84 16
12	84 17
12	84 18
12	84 19
12	84 20
12	84 1
12	84 2
12	84 3
12	84 4
12	84 5
12	84 6
12	84 7
12	84 8
12	84 9
12	84 10
12	84 11
12	84 12
12	84 13
12	84 14
12	84 15
12	84 16
12	84 17
12	84 18
12	84 19
12	84 20
12	84 1
12	84 2
12	84 3
12	84 4
12	84 5
12	84 6
12	84 7
12	84 8
12	84 9
12	84 10
12	84 11
12	84 12
12	84 13
12	84 14
12	84 15
12	84 16
12	84 17
12	84 18
12	84 19
12	84 20
12	84 1
12	84 2
12	84 3
12	84 4
12	84 5
12	84 6
12	84 7
12	84 8
12	84 9
12	84 10
12	84 11
12	84 12
12	84 13
12	84 14
12	84 15
12	84 16
12	84 17
12	84 18
12	84 19
12	84 20
12	84 1
12	84 2
12	84 3
12	84 4
12	84 5
12	84 6
12	84 7
12	84 8
12	84 9
12	84 10
12	84 11
12	84 12
12	84 13
12	84 14
12	84 15
12	84 16
12	84 17
12	84 18
12	84 19
12	84 20
12	84 1
12	84 2
12	84 3
12	84 4
12	84 5
12	84 6
12	84 7
12	84 8
12	84 9
12	84 10
12	84 11
12	84 12
12	84 13
12	84 14
12	84 15
12	84 16
12	84 17
12	84 18
12	84 19
12	84 20
12	84 1
12	84 2
12	84 3
12	84 4
12	84 5
12	84 6
12	84 7
12	84 8
12	84 9
12	84 10
12	84 11
12	84 12
12	84 13
12	84 14
12	84 15
12	84 16
12	84 17
12	84 18
12	84 19
12	84 20
12	84 1
12	84 2
12	84 3
12	84 4
12	84 5
12	84 6
12	84 7
12	84 8
12	84 9
12	84 10
12	84 11
12	84 12
12	84 13
12	84 14
12	84 15
12	84 16
12	84 17
12	84 18
12	84 19
12	84 20
12	84 1
12	84 2
12	84 3
12	84 4
12	84 5
12	84 6
12	84 7
12	84 8
12	84 9
12	84 10
12	84 11
12	84 12
12	84 13
12	84 14
12	84 15
12	84 16
12	84 17
12	84 18
12	84 19
12	84 20
12	84 1
12	84 2
12	84 3
12	84 4
12	84 5
12	84 6
12	84 7
12	84 8
12	84 9
12	84 10
12	84 11
12	84 12
12	84 13
12	84 14
12	84 15
12	84 16
12	84 17
12	84 18
12	84 19
12	84 20
12	84 1
12	84 2
12	84 3
12	84 4
12	84 5
12	84 6
12	84 7
12	84 8
12	84 9
12	84 10
12	84 11
12	84 12
12	84 13
12	84 14
12	84 15
12	84 16
12	84 17
12	84 18
12	84 19
12	84 20
12	84 1
12	84 2
12	84 3
12	84 4
12	84 5
12	84 6
12	84 7
12	84 8
12	84 9
12	84 10
12	84 11
12	84 12
12	84 13
12	84 14
12	84 15
12	84 16
12	84 17
12	84 18
12	84 19
12	84 20
12	84 1
12	84 2
12	84 3
12	84 4
12	84 5
12	84 6
12	84 7
12	84 8
12	84 9
12	84 10
12	TEST_NUMBER 5
12	SENT_TOTAL 250
12	RECEIVED_TOTAL 0
12	TIME_TOTAL 0
12	RECEIVED_RADIO_1 0
12	RECEIVED_RADIO_2 0
12	SENT_RADIO_1 0
12	SENT_RADIO_2 0
12	RADIO_TIME_1 29875
12	RADIO_TIME_2 29873
12	RETRANSMISSIONS_1 1246
12	RETRANSMISSIONS_2 1247
12	DROPPED_1 125
12	DROPPED_2 125
12	MAX_QUEUE 2
12	DUPLICATED_1 0
12	DUPLICATED_2 0
12	EBUSY_RADIO_1 0
12	EBUSY_RADIO_2 0
12	84 1
12	84 2
12	84 3
12	84 4
12	84 5
12	84 6
12	84 7
12	84 8
12	84 9
12	84 10
12	84 11
12	84 12
12	84 13
12	84 14
12	84 15
12	84 16
12	84 17
12	84 18
12	84 19
12	84 20
12	84 1
12	84 2
12	84 3
12	84 4
12	84 5
12	84 6
12	84 7
12	84 8
12	84 9
12	84 10
12	84 11
12	84 12
12	84 13
12	84 14
12	84 15
12	84 16
12	84 17
12	84 18
12	84 19
12	84 20
12	84 1
12	84 2
12	84 3
12	84 4
12	84 5
12	84 6
12	84 7
12	84 8
12	84 9
12	84 10
12	84 11
12	84 12
12	84 13
12	84 14
12	84 15
12	84 16
12	84 17
12	84 18
12	84 19
12	84 20
12	84 1
12	84 2
12	84 3
12	84 4
12	84 5
12	84 6
12	84 7
12	84 8
12	84 9
12	84 10
12	84 11
12	84 12
12	84 13
12	84 14
12	84 15
12	84 16
12	84 17
12	84 18
12	84 19
12	84 20
12	84 1
12	84 2
12	84 3
12	84 4
12	84 5
12	84 6
12	84 7
12	84 8
12	84 9
12	84 10
12	84 11
12	84 12
12	84 13
12	84 14
12	84 15
12	84 16
12	84 17
12	84 18
12	84 19
12	84 20
12	84 1
12	84 2
12	84 3
12	84 4
12	84 5
12	84 6
12	84 7
12	84 8
12	84 9
12	84 10
12	84 11
12	84 12
12	84 13
12	84 14
12	84 15
12	84 16
12	84 17
12	84 18
12	84 19
12	84 20
12	84 1
12	84 2
12	84 3
12	84 4
12	84 5
12	84 6
12	84 7
12	84 8
12	84 9
12	84 10
12	84 11
12	84 12
12	84 13
12	84 14
12	84 15
12	84 16
12	84 17
12	84 18
12	84 19
12	84 20
12	84 1
12	84 2
12	84 3
12	84 4
12	84 5
12	84 6
12	84 7
12	84 8
12	84 9
12	84 10
12	84 11
12	84 12
12	84 13
12	84 14
12	84 15
12	84 16
12	84 17
12	84 18
12	84 19
12	84 20
12	84 1
12	84 2
12	84 3
12	84 4
12	84 5
12	84 6
12	84 7
12	84 8
12	84 9
12	84 10
12	84 11
12	84 12
12	84 13
12	84 14
12	84 15
12	84 16
12	84 17
12	84 18
12	84 19
12	84 20
12	84 1
12	84 2
12	84 3
12	84 4
12	84 5
12	84 6
12	84 7
12	84 8
12	84 9
12	84 10
12	84 11
12	84 12
12	84 13
12	84 14
12	84 15
12	84 16
12	84 17
12	84 18
12	84 19
12	84 20
12	84 1
12	84 2
12	84 3
12	84 4
12	84 5
12	84 6
12	84 7
12	84 8
12	84 9
12	84 10
12	84 11
12	84 12
12	84 13
12	84 14
12	84 15
12	84 16
12	84 17
12	84 18
12	84 19
12	84 20
12	84 1
12	84 2
12	84 3
12	84 4
12	84 5
12	84 6
12	84 7
12	84 8
12	84 9
12	84 10
12	84 11
12	84 12
12	84 13
12	84 14
12	84 15
12	84 16
12	84 17
12	84 18
12	84 19
12	84 20
12	84 1
12	84 2
12	84 3
12	84 4
12	84 5
12	84 6
12	84 7
12	84 8
12	84 9
12	84 10
12	TEST_NUMBER 6
12	SENT_TOTAL 250
12	RECEIVED_TOTAL 0
12	TIME_TOTAL 0
12	RECEIVED_RADIO_1 0
12	RECEIVED_RADIO_2 0
12	SENT_RADIO_1 0
12	SENT_RADIO_2 0
12	RADIO_TIME_1 29835
12	RADIO_TIME_2 29877
12	RETRANSMISSIONS_1 1247
12	RETRANSMISSIONS_2 1242
12	DROPPED_1 125
12	DROPPED_2 125
12	MAX_QUEUE 2
12	DUPLICATED_1 0
12	DUPLICATED_2 0
12	EBUSY_RADIO_1 0
12	EBUSY_RADIO_2 0
