
6	DESTINATION_NODE 6
6	TEST_NUMBER 0
6	SENT_TOTAL 241
6	RECEIVED_TOTAL 241
6	TIME_TOTAL 19846
6	RECEIVED_RADIO_1 116
6	RECEIVED_RADIO_2 125
6	SENT_RADIO_1 121
6	SENT_RADIO_2 120
6	RADIO_TIME_1 19846
6	RADIO_TIME_2 19766
6	RETRANSMISSIONS_1 0
6	RETRANSMISSIONS_2 0
6	DROPPED_1 0
6	DROPPED_2 0
6	MAX_QUEUE 1
6	DUPLICATED_1 0
6	DUPLICATED_2 0
6	EBUSY_RADIO_1 0
6	EBUSY_RADIO_2 0
6	TEST_NUMBER 1
6	SENT_TOTAL 239
6	RECEIVED_TOTAL 239
6	TIME_TOTAL 19841
6	RECEIVED_RADIO_1 114
6	RECEIVED_RADIO_2 125
6	SENT_RADIO_1 119
6	SENT_RADIO_2 120
6	RADIO_TIME_1 19763
6	RADIO_TIME_2 19841
6	RETRANSMISSIONS_1 0
6	RETRANSMISSIONS_2 0
6	DROPPED_1 0
6	DROPPED_2 0
6	MAX_QUEUE 1
6	DUPLICATED_1 0
6	DUPLICATED_2 0
6	EBUSY_RADIO_1 0
6	EBUSY_RADIO_2 0
6	TEST_NUMBER 2
6	SENT_TOTAL 243
6	RECEIVED_TOTAL 243
6	TIME_TOTAL 19842
6	RECEIVED_RADIO_1 118
6	RECEIVED_RADIO_2 125
6	SENT_RADIO_1 122
6	SENT_RADIO_2 121
6	RADIO_TIME_1 19842
6	RADIO_TIME_2 19766
6	RETRANSMISSIONS_1 0
6	RETRANSMISSIONS_2 0
6	DROPPED_1 0
6	DROPPED_2 0
6	MAX_QUEUE 1
6	DUPLICATED_1 0
6	DUPLICATED_2 0
6	EBUSY_RADIO_1 0
6	EBUSY_RADIO_2 0
6	TEST_NUMBER 3
6	SENT_TOTAL 245
6	RECEIVED_TOTAL 245
6	TIME_TOTAL 19843
6	RECEIVED_RADIO_1 120
6	RECEIVED_RADIO_2 125
6	SENT_RADIO_1 122
6	SENT_RADIO_2 123
6	RADIO_TIME_1 19762
6	RADIO_TIME_2 19843
6	RETRANSMISSIONS_1 0
6	RETRANSMISSIONS_2 0
6	DROPPED_1 0
6	DROPPED_2 0
6	MAX_QUEUE 1
6	DUPLICATED_1 0
6	DUPLICATED_2 0
6	EBUSY_RADIO_1 0
6	EBUSY_RADIO_2 0
6	TEST_NUMBER 4
6	SENT_TOTAL 246
6	RECEIVED_TOTAL 246
6	TIME_TOTAL 19842
6	RECEIVED_RADIO_1 121
6	RECEIVED_RADIO_2 125
6	SENT_RADIO_1 123
6	SENT_RADIO_2 123
6	RADIO_TIME_1 19760
6	RADIO_TIME_2 19761
6	RETRANSMISSIONS_1 0
6	RETRANSMISSIONS_2 0
6	DROPPED_1 0
6	DROPPED_2 0
6	MAX_QUEUE 1
6	DUPLICATED_1 0
6	DUPLICATED_2 0
6	EBUSY_RADIO_1 0
6	EBUSY_RADIO_2 0
6	TEST_NUMBER 5
6	SENT_TOTAL 241
6	RECEIVED_TOTAL 241
6	TIME_TOTAL 19761
6	RECEIVED_RADIO_1 116
6	RECEIVED_RADIO_2 125
6	SENT_RADIO_1 121
6	SENT_RADIO_2 120
6	RADIO_TIME_1 19761
6	RADIO_TIME_2 19761
6	RETRANSMISSIONS_1 0
6	RETRANSMISSIONS_2 0
6	DROPPED_1 0
6	DROPPED_2 0
6	MAX_QUEUE 1
6	DUPLICATED_1 0
6	DUPLICATED_2 0
6	EBUSY_RADIO_1 0
6	EBUSY_RADIO_2 0
6	TEST_NUMBER 6
6	SENT_TOTAL 244
6	RECEIVED_TOTAL 244
6	TIME_TOTAL 19844
6	RECEIVED_RADIO_1 119
6	RECEIVED_RADIO_2 125
6	SENT_RADIO_1 122
6	SENT_RADIO_2 122
6	RADIO_TIME_1 19844
6	RADIO_TIME_2 19844
6	RETRANSMISSIONS_1 0
6	RETRANSMISSIONS_2 0
6	DROPPED_1 0
6	DROPPED_2 0
6	MAX_QUEUE 1
6	DUPLICATED_1 0
6	DUPLICATED_2 0
6	EBUSY_RADIO_1 0
6	EBUSY_RADIO_2 0

7	SOURCE_NODE 7
7	84 1
7	83 1
7	85 1
7	79 9
7	84 2
7	83 2
7	85 2
7	79 10
7	84 3
7	83 3
7	85 3
7	79 15
7	84 4
7	83 4
7	85 4
7	79 11
7	84 5
7	83 5
7	85 5
7	79 14
7	84 6
7	83 6
7	85 6
7	79 12
7	84 7
7	83 7
7	85 7
7	79 14
7	84 8
7	83 8
7	85 8
7	79 15
7	84 9
7	83 9
7	85 9
7	79 15
7	84 10
7	83 10
7	85 10
7	79 13
7	84 11
7	83 11
7	85 11
7	79 15
7	84 12
7	83 12
7	85 12
7	79 16
7	84 13
7	83 13
7	85 13
7	79 12
7	84 14
7	83 14
7	85 14
7	79 16
7	84 15
7	83 15
7	85 15
7	79 16
7	84 16
7	83 16
7	85 16
7	79 13
7	84 17
7	83 17
7	85 17
7	79 16
7	84 18
7	83 18
7	85 18
7	79 17
7	84 19
7	83 19
7	85 19
7	79 13
7	84 20
7	83 20
7	85 20
7	79 13
7	84 1
7	83 1
7	85 1
7	79 15
7	84 2
7	83 2
7	85 2
7	79 14
7	84 3
7	83 3
7	85 3
7	79 16
7	84 4
7	83 4
7	85 4
7	79 14
7	84 5
7	83 5
7	85 5
7	79 12
7	84 6
7	83 6
7	85 6
7	79 15
7	84 7
7	83 7
7	85 7
7	79 17
7	84 8
7	83 8
7	85 8
7	79 18
7	84 9
7	83 9
7	85 9
7	79 13
7	84 10
7	83 10
7	85 10
7	79 12
7	84 11
7	83 11
7	85 11
7	79 16
7	84 12
7	83 12
7	85 12
7	79 19
7	84 13
7	83 13
7	85 13
7	79 19
7	84 14
7	83 14
7	85 14
7	79 14
7	84 15
7	83 15
7	85 15
7	79 14
7	84 16
7	83 16
7	85 16
7	79 15
7	84 17
7	83 17
7	85 17
7	79 19
7	84 18
7	83 18
7	85 18
7	79 15
7	84 19
7	83 19
7	85 19
7	79 13
7	84 20
7	83 20
7	85 20
7	79 13
7	84 1
7	83 1
7	85 1
7	79 15
7	84 2
7	83 2
7	85 2
7	79 13
7	84 3
7	83 3
7	85 3
7	79 12
7	84 4
7	83 4
7	85 4
7	79 13
7	84 5
7	83 5
7	85 5
7	79 13
7	84 6
7	83 6
7	85 6
7	79 16
7	84 7
7	83 7
7	85 7
7	79 13
7	84 8
7	83 8
7	85 8
7	79 12
7	84 9
7	83 9
7	85 9
7	79 12
7	84 10
7	83 10
7	85 10
7	79 17
7	84 11
7	83 11
7	85 11
7	79 16
7	84 12
7	83 12
7	85 12
7	79 16
7	84 13
7	83 13
7	85 13
7	79 13
7	84 14
7	83 14
7	85 14
7	79 17
7	84 15
7	83 15
7	85 15
7	79 18
7	84 16
7	83 16
7	85 16
7	79 13
7	84 17
7	83 17
7	85 17
7	79 10
7	84 18
7	83 18
7	85 18
7	79 17
7	84 19
7	83 19
7	85 19
7	79 12
7	84 20
7	83 20
7	85 20
7	79 17
7	84 1
7	83 1
7	85 1
7	79 18
7	84 2
7	83 2
7	85 2
7	79 13
7	84 3
7	83 3
7	85 3
7	79 11
7	84 4
7	83 4
7	85 4
7	79 17
7	84 5
7	83 5
7	85 5
7	79 10
7	84 6
7	83 6
7	85 6
7	79 15
7	84 7
7	83 7
7	85 7
7	79 11
7	84 8
7	83 8
7	85 8
7	79 12
7	84 9
7	83 9
7	85 9
7	79 12
7	84 10
7	83 10
7	85 10
7	79 13
7	84 11
7	83 11
7	85 11
7	79 16
7	84 12
7	83 12
7	85 12
7	79 15
7	84 13
7	83 13
7	85 13
7	79 16
7	84 14
7	83 14
7	85 14
7	79 12
7	84 15
7	83 15
7	85 15
7	79 12
7	84 16
7	83 16
7	85 16
7	79 12
7	84 17
7	83 17
7	85 17
7	79 13
7	84 18
7	83 18
7	85 18
7	79 13
7	84 19
7	83 19
7	85 19
7	79 15
7	84 20
7	83 20
7	85 20
7	79 18
7	84 1
7	83 1
7	85 1
7	79 12
7	84 2
7	83 2
7	85 2
7	79 17
7	84 3
7	83 3
7	85 3
7	79 15
7	84 4
7	83 4
7	85 4
7	79 15
7	84 5
7	84 6
7	83 6
7	85 6
7	79 17
7	84 7
7	83 7
7	85 7
7	79 14
7	84 8
7	83 8
7	85 8
7	79 15
7	84 9
7	83 9
7	85 9
7	79 15
7	84 10
7	83 10
7	85 10
7	79 11
7	84 11
7	83 11
7	85 11
7	79 15
7	84 12
7	83 12
7	85 12
7	79 15
7	84 13
7	84 14
7	83 14
7	85 14
7	79 17
7	84 15
7	83 15
7	85 15
7	79 11
7	84 16
7	83 16
7	85 16
7	79 14
7	84 17
7	83 17
7	85 17
7	79 14
7	84 18
7	83 18
7	85 18
7	79 14
7	84 19
7	83 19
7	85 19
7	79 15
7	84 20
7	83 20
7	85 20
7	79 16
7	84 1
7	83 1
7	85 1
7	79 18
7	84 2
7	83 2
7	85 2
7	79 16
7	84 3
7	83 3
7	85 3
7	79 11
7	84 4
7	83 4
7	85 4
7	79 15
7	84 5
7	83 5
7	85 5
7	79 13
7	84 6
7	83 6
7	85 6
7	79 11
7	84 7
7	83 7
7	85 7
7	79 12
7	84 8
7	83 8
7	85 8
7	79 14
7	84 9
7	83 9
7	85 9
7	79 15
7	84 10
7	83 10
7	85 10
7	79 14
7	84 11
7	83 11
7	85 11
7	79 14
7	84 12
7	83 12
7	85 12
7	79 16
7	84 13
7	83 13
7	85 13
7	79 14
7	84 14
7	83 14
7	85 14
7	79 18
7	84 15
7	83 15
7	85 15
7	79 19
7	84 16
7	83 16
7	85 16
7	79 17
7	84 17
7	83 17
7	85 17
7	79 17
7	84 18
7	83 18
7	85 18
7	79 14
7	84 19
7	83 19
7	85 19
7	79 14
7	84 20
7	83 20
7	85 20
7	79 15
7	84 1
7	83 1
7	85 1
7	79 11
7	84 2
7	83 2
7	85 2
7	79 13
7	84 3
7	83 3
7	85 3
7	79 13
7	84 4
7	83 4
7	85 4
7	84 5
7	83 5
7	85 5
7	79 12
7	84 6
7	83 6
7	85 6
7	79 14
7	84 7
7	83 7
7	85 7
7	79 12
7	84 8
7	83 8
7	85 8
7	79 14
7	84 9
7	83 9
7	85 9
7	79 16
7	84 10
7	83 10
7	85 10
7	79 15
7	84 11
7	83 11
7	85 11
7	79 14
7	84 12
7	83 12
7	85 12
7	79 12
7	84 13
7	83 13
7	85 13
7	79 15
7	84 14
7	83 14
7	85 14
7	79 15
7	84 15
7	83 15
7	85 15
7	79 18
7	84 16
7	83 16
7	85 16
7	79 14
7	84 17
7	83 17
7	85 17
7	79 12
7	84 18
7	83 18
7	85 18
7	79 13
7	84 19
7	83 19
7	85 19
7	79 14
7	84 20
7	83 20
7	85 20
7	79 17
7	84 1
7	83 1
7	85 1
7	79 19
7	84 2
7	83 2
7	85 2
7	79 13
7	84 3
7	83 3
7	85 3
7	79 17
7	84 4
7	83 4
7	85 4
7	79 11
7	84 5
7	83 5
7	85 5
7	79 19
7	84 6
7	83 6
7	85 6
7	79 14
7	84 7
7	83 7
7	85 7
7	79 13
7	84 8
7	83 8
7	85 8
7	79 16
7	84 9
7	83 9
7	85 9
7	79 17
7	84 10
7	83 10
7	85 10
7	79 15
7	84 11
7	83 11
7	85 11
7	79 16
7	84 12
7	83 12
7	85 12
7	79 13
7	84 13
7	83 13
7	85 13
7	79 18
7	84 14
7	83 14
7	85 14
7	79 15
7	84 15
7	83 15
7	85 15
7	79 15
7	84 16
7	83 16
7	85 16
7	79 15
7	84 17
7	83 17
7	85 17
7	79 14
7	84 18
7	83 18
7	85 18
7	79 17
7	84 19
7	84 20
7	83 20
7	85 20
7	79 16
7	84 1
7	83 1
7	85 1
7	79 12
7	84 2
7	83 2
7	85 2
7	79 13
7	84 3
7	83 3
7	85 3
7	79 14
7	84 4
7	83 4
7	85 4
7	79 14
7	84 5
7	83 5
7	85 5
7	79 19
7	84 6
7	83 6
7	85 6
7	79 14
7	84 7
7	84 8
7	83 8
7	85 8
7	79 16
7	84 9
7	83 9
7	85 9
7	79 15
7	84 10
7	83 10
7	85 10
7	79 18
7	84 11
7	83 11
7	85 11
7	79 18
7	84 12
7	83 12
7	85 12
7	79 13
7	84 13
7	83 13
7	85 13
7	79 16
7	84 14
7	83 14
7	85 14
7	79 16
7	84 15
7	83 15
7	85 15
7	79 13
7	84 16
7	83 16
7	85 16
7	79 18
7	84 17
7	83 17
7	85 17
7	79 16
7	84 18
7	83 18
7	85 18
7	79 15
7	84 19
7	84 20
7	83 20
7	85 20
7	79 14
7	84 1
7	83 1
7	85 1
7	79 14
7	84 2
7	83 2
7	85 2
7	79 17
7	84 3
7	83 3
7	85 3
7	79 13
7	84 4
7	83 4
7	85 4
7	79 14
7	84 5
7	83 5
7	85 5
7	79 14
7	84 6
7	83 6
7	85 6
7	79 11
7	84 4
7	83 4
7	85 4
7	79 19
7	84 5
7	83 5
7	85 5
7	79 13
7	84 6
7	83 6
7	85 6
7	79 13
7	84 7
7	83 7
7	85 7
7	79 11
7	84 8
7	83 8
7	85 8
7	79 17
7	84 9
7	83 9
7	85 9
7	79 18
7	84 10
7	83 10
7	85 10
7	79 13
7	84 11
7	84 12
7	83 12
7	85 12
7	79 12
7	84 13
7	83 13
7	85 13
7	79 16
7	84 14
7	83 14
7	85 14
7	79 16
7	84 15
7	83 15
7	85 15
7	79 11
7	84 16
7	83 16
7	85 16
7	79 17
7	84 17
7	83 17
7	85 17
7	79 17
7	84 18
7	83 18
7	85 18
7	79 15
7	84 19
7	83 19
7	85 19
7	79 13
7	84 20
7	83 20
7	85 20
7	79 18
7	84 1
7	83 1
7	85 1
7	79 17
7	84 2
7	83 2
7	85 2
7	79 15
7	84 3
7	83 3
7	85 3
7	79 12
7	84 4
7	83 4
7	85 4
7	79 12
7	84 5
7	83 5
7	85 5
7	79 13
7	84 6
7	83 6
7	85 6
7	79 17
7	84 7
7	83 7
7	85 7
7	79 11
7	84 8
7	83 8
7	85 8
7	79 15
7	84 9
7	83 9
7	85 9
7	79 18
7	84 10
7	TEST_NUMBER 0
7	SENT_TOTAL 250
7	RECEIVED_TOTAL 240
7	TIME_TOTAL 19772
7	RECEIVED_RADIO_1 120
7	RECEIVED_RADIO_2 120
7	SENT_RADIO_1 125
7	SENT_RADIO_2 124
7	RADIO_TIME_1 19763
7	RADIO_TIME_2 19763
7	RETRANSMISSIONS_1 0
7	RETRANSMISSIONS_2 0
7	DROPPED_1 0
7	DROPPED_2 0
7	MAX_QUEUE 1
7	DUPLICATED_1 0
7	DUPLICATED_2 0
7	EBUSY_RADIO_1 0
7	EBUSY_RADIO_2 0
7	83 0
7	85 10
7	86 0
7	84 1
7	83 1
7	85 1
7	79 17
7	84 2
7	83 2
7	85 2
7	79 14
7	84 3
7	83 3
7	85 3
7	79 12
7	84 4
7	83 4
7	85 4
7	79 15
7	84 5
7	83 5
7	85 5
7	79 17
7	84 6
7	83 6
7	85 6
7	79 15
7	84 7
7	83 7
7	85 7
7	79 16
7	84 8
7	83 8
7	85 8
7	79 10
7	84 9
7	83 9
7	85 9
7	79 12
7	84 10
7	83 10
7	85 10
7	79 13
7	84 11
7	83 11
7	85 11
7	79 16
7	84 12
7	83 12
7	85 12
7	79 17
7	84 13
7	83 13
7	85 13
7	79 14
7	84 14
7	83 14
7	85 14
7	79 14
7	84 15
7	83 15
7	85 15
7	79 14
7	84 16
7	83 16
7	85 16
7	79 16
7	84 17
7	83 17
7	85 17
7	79 16
7	84 18
7	83 18
7	85 18
7	79 14
7	84 19
7	83 19
7	85 19
7	79 18
7	84 20
7	83 20
7	85 20
7	79 15
7	84 1
7	83 1
7	85 1
7	79 17
7	84 2
7	83 2
7	85 2
7	79 19
7	84 3
7	83 3
7	85 3
7	79 14
7	84 4
7	83 4
7	85 4
7	79 16
7	84 5
7	83 5
7	85 5
7	79 14
7	84 6
7	83 6
7	85 6
7	79 16
7	84 7
7	83 7
7	85 7
7	79 16
7	84 8
7	83 8
7	85 8
7	79 11
7	84 9
7	83 9
7	85 9
7	79 15
7	84 10
7	83 10
7	85 10
7	79 13
7	84 11
7	83 11
7	85 11
7	79 12
7	84 12
7	83 12
7	85 12
7	79 14
7	84 13
7	83 13
7	85 13
7	79 13
7	84 14
7	83 14
7	85 14
7	79 15
7	84 15
7	83 15
7	85 15
7	79 12
7	84 16
7	83 16
7	85 16
7	79 16
7	84 17
7	83 17
7	85 17
7	79 17
7	84 18
7	83 18
7	85 18
7	79 17
7	84 19
7	83 19
7	85 19
7	79 12
7	84 20
7	83 20
7	85 20
7	79 19
7	84 1
7	83 1
7	85 1
7	79 14
7	84 2
7	83 2
7	85 2
7	79 15
7	84 3
7	83 3
7	85 3
7	79 18
7	84 4
7	83 4
7	85 4
7	79 15
7	84 5
7	84 6
7	83 6
7	85 6
7	79 15
7	84 7
7	83 7
7	85 7
7	79 13
7	84 8
7	83 8
7	85 8
7	79 14
7	84 9
7	83 9
7	85 9
7	79 14
7	84 10
7	83 10
7	85 10
7	79 14
7	84 11
7	83 11
7	85 11
7	79 18
7	84 12
7	83 12
7	85 12
7	79 16
7	84 13
7	84 14
7	83 14
7	85 14
7	79 14
7	84 15
7	83 15
7	85 15
7	79 18
7	84 16
7	83 16
7	85 16
7	79 13
7	84 17
7	84 18
7	83 18
7	85 18
7	79 15
7	84 19
7	83 19
7	85 19
7	79 15
7	84 20
7	83 20
7	85 20
7	79 13
7	84 1
7	83 1
7	85 1
7	79 11
7	84 2
7	83 2
7	85 2
7	79 13
7	84 3
7	83 3
7	85 3
7	79 16
7	84 4
7	83 4
7	85 4
7	79 17
7	84 5
7	83 5
7	85 5
7	79 11
7	84 6
7	83 6
7	85 6
7	79 11
7	84 7
7	83 7
7	85 7
7	79 18
7	84 8
7	83 8
7	85 8
7	79 11
7	84 9
7	83 9
7	85 9
7	79 13
7	84 10
7	83 10
7	85 10
7	79 11
7	84 11
7	83 11
7	85 11
7	79 13
7	84 12
7	83 12
7	85 12
7	79 11
7	84 13
7	83 13
7	85 13
7	79 17
7	84 14
7	83 14
7	85 14
7	79 14
7	84 15
7	83 15
7	85 15
7	79 17
7	84 16
7	83 16
7	85 16
7	79 16
7	84 17
7	83 17
7	85 17
7	79 18
7	84 18
7	83 18
7	85 18
7	79 11
7	84 19
7	83 19
7	85 19
7	79 13
7	84 20
7	83 20
7	85 20
7	79 18
7	84 1
7	83 1
7	85 1
7	79 18
7	84 2
7	83 2
7	85 2
7	79 14
7	84 3
7	83 3
7	85 3
7	79 12
7	84 4
7	83 4
7	85 4
7	79 18
7	84 5
7	84 6
7	83 6
7	85 6
7	79 16
7	84 7
7	83 7
7	85 7
7	79 12
7	84 8
7	83 8
7	85 8
7	79 11
7	84 9
7	83 9
7	85 9
7	79 13
7	84 10
7	83 10
7	85 10
7	79 13
7	84 11
7	83 11
7	85 11
7	79 16
7	84 12
7	83 12
7	85 12
7	79 15
7	84 13
7	83 13
7	85 13
7	79 14
7	84 14
7	83 14
7	85 14
7	79 16
7	84 15
7	83 15
7	85 15
7	79 16
7	84 16
7	83 16
7	85 16
7	79 11
7	84 17
7	83 17
7	85 17
7	79 14
7	84 18
7	83 18
7	85 18
7	79 16
7	84 19
7	83 19
7	85 19
7	79 14
7	84 20
7	83 20
7	85 20
7	79 14
7	84 1
7	83 1
7	85 1
7	79 14
7	84 2
7	83 2
7	85 2
7	79 16
7	84 3
7	83 3
7	85 3
7	79 12
7	84 4
7	83 4
7	85 4
7	79 16
7	84 5
7	83 5
7	85 5
7	79 15
7	84 6
7	83 6
7	85 6
7	79 14
7	84 7
7	83 7
7	85 7
7	79 19
7	84 8
7	83 8
7	85 8
7	79 15
7	84 9
7	83 9
7	85 9
7	79 16
7	84 10
7	83 10
7	85 10
7	79 12
7	84 11
7	83 11
7	85 11
7	79 15
7	84 12
7	83 12
7	85 12
7	79 14
7	84 13
7	83 13
7	85 13
7	79 14
7	84 14
7	83 14
7	85 14
7	79 14
7	84 15
7	83 15
7	85 15
7	79 15
7	84 16
7	83 16
7	85 16
7	79 16
7	84 17
7	83 17
7	85 17
7	79 13
7	84 18
7	83 18
7	85 18
7	79 17
7	84 19
7	83 19
7	85 19
7	79 14
7	84 20
7	83 20
7	85 20
7	79 13
7	84 1
7	83 1
7	85 1
7	79 14
7	84 2
7	83 2
7	85 2
7	79 12
7	84 3
7	83 3
7	85 3
7	79 17
7	84 4
7	83 4
7	85 4
7	79 11
7	84 5
7	83 5
7	85 5
7	79 14
7	84 6
7	83 6
7	85 6
7	79 12
7	84 7
7	83 7
7	85 7
7	79 18
7	84 8
7	83 8
7	85 8
7	79 13
7	84 9
7	83 9
7	85 9
7	79 13
7	84 10
7	83 10
7	85 10
7	79 16
7	84 11
7	83 11
7	85 11
7	79 14
7	84 12
7	83 12
7	85 12
7	79 15
7	84 13
7	83 13
7	85 13
7	79 18
7	84 14
7	83 14
7	85 14
7	79 16
7	84 15
7	83 15
7	85 15
7	79 12
7	84 16
7	83 16
7	85 16
7	79 18
7	84 17
7	83 17
7	85 17
7	79 16
7	84 18
7	83 18
7	85 18
7	79 17
7	84 19
7	83 19
7	85 19
7	79 15
7	84 20
7	83 20
7	85 20
7	79 15
7	84 1
7	83 1
7	85 1
7	79 15
7	84 2
7	83 2
7	85 2
7	79 14
7	84 3
7	83 3
7	85 3
7	79 13
7	84 4
7	83 4
7	85 4
7	79 13
7	84 5
7	83 5
7	85 5
7	79 16
7	84 6
7	83 6
7	85 6
7	79 16
7	84 7
7	83 7
7	85 7
7	79 11
7	84 8
7	83 8
7	85 8
7	79 14
7	84 9
7	83 9
7	85 9
7	79 13
7	84 10
7	83 10
7	85 10
7	79 16
7	84 11
7	84 12
7	83 12
7	85 12
7	79 15
7	84 13
7	83 13
7	85 13
7	79 16
7	84 14
7	83 14
7	85 14
7	79 13
7	84 15
7	84 16
7	83 16
7	85 16
7	79 15
7	84 17
7	83 17
7	85 17
7	79 14
7	84 18
7	83 18
7	85 18
7	79 16
7	84 19
7	84 20
7	84 19
7	83 19
7	85 19
7	79 17
7	84 20
7	83 20
7	85 20
7	79 19
7	84 1
7	83 1
7	85 1
7	79 14
7	84 2
7	83 2
7	85 2
7	79 12
7	84 3
7	83 3
7	85 3
7	79 15
7	84 4
7	83 4
7	85 4
7	79 14
7	84 5
7	83 5
7	85 5
7	79 15
7	84 6
7	83 6
7	85 6
7	79 14
7	84 7
7	83 7
7	85 7
7	79 15
7	84 8
7	83 8
7	85 8
7	79 13
7	84 9
7	83 9
7	85 9
7	79 15
7	84 10
7	83 10
7	85 10
7	79 10
7	84 11
7	83 11
7	85 11
7	79 17
7	84 12
7	83 12
7	85 12
7	79 13
7	84 13
7	83 13
7	85 13
7	79 14
7	84 14
7	83 14
7	85 14
7	79 17
7	84 15
7	83 15
7	85 15
7	79 16
7	84 16
7	83 16
7	85 16
7	79 15
7	84 17
7	83 17
7	85 17
7	79 18
7	84 18
7	83 18
7	85 18
7	79 13
7	84 19
7	83 19
7	85 19
7	79 13
7	84 20
7	83 20
7	85 20
7	79 14
7	84 1
7	84 2
7	83 2
7	85 2
7	79 16
7	84 3
7	83 3
7	85 3
7	79 13
7	84 4
7	83 4
7	85 4
7	79 15
7	84 5
7	83 5
7	85 5
7	79 14
7	84 6
7	83 6
7	85 6
7	79 15
7	84 7
7	83 7
7	85 7
7	79 16
7	84 8
7	83 8
7	85 8
7	79 12
7	84 9
7	83 9
7	85 9
7	79 16
7	84 10
7	83 10
7	85 10
7	79 15
7	84 11
7	83 11
7	85 11
7	79 14
7	84 12
7	83 12
7	85 12
7	79 10
7	84 13
7	83 13
7	85 13
7	79 13
7	84 14
7	83 14
7	85 14
7	79 16
7	84 15
7	83 15
7	85 15
7	79 15
7	84 16
7	83 16
7	85 16
7	79 13
7	84 17
7	83 17
7	85 17
7	79 12
7	84 18
7	83 18
7	85 18
7	79 15
7	84 19
7	83 19
7	85 19
7	79 12
7	84 20
7	83 20
7	85 20
7	79 16
7	84 1
7	83 1
7	85 1
7	79 19
7	84 2
7	83 2
7	85 2
7	79 14
7	84 3
7	83 3
7	85 3
7	79 15
7	84 4
7	83 4
7	85 4
7	79 18
7	84 5
7	83 5
7	85 5
7	79 11
7	84 6
7	83 6
7	85 6
7	79 17
7	84 7
7	83 7
7	85 7
7	79 12
7	84 8
7	83 8
7	85 8
7	79 12
7	84 9
7	83 9
7	85 9
7	79 13
7	84 10
7	TEST_NUMBER 1
7	SENT_TOTAL 250
7	RECEIVED_TOTAL 238
7	TIME_TOTAL 29801
7	RECEIVED_RADIO_1 120
7	RECEIVED_RADIO_2 119
7	SENT_RADIO_1 125
7	SENT_RADIO_2 125
7	RADIO_TIME_1 29801
7	RADIO_TIME_2 19826
7	RETRANSMISSIONS_1 0
7	RETRANSMISSIONS_2 0
7	DROPPED_1 0
7	DROPPED_2 0
7	MAX_QUEUE 1
7	DUPLICATED_1 0
7	DUPLICATED_2 0
7	EBUSY_RADIO_1 0
7	EBUSY_RADIO_2 0
7	83 0
7	85 10
7	86 1
7	84 1
7	83 1
7	85 1
7	79 17
7	84 2
7	83 2
7	85 2
7	79 13
7	84 3
7	83 3
7	85 3
7	79 17
7	84 4
7	83 4
7	85 4
7	79 16
7	84 5
7	83 5
7	85 5
7	79 15
7	84 6
7	83 6
7	85 6
7	79 19
7	84 7
7	83 7
7	85 7
7	79 16
7	84 8
7	83 8
7	85 8
7	79 16
7	84 9
7	83 9
7	85 9
7	79 11
7	84 10
7	83 10
7	85 10
7	79 15
7	84 11
7	83 11
7	85 11
7	79 14
7	84 12
7	83 12
7	85 12
7	79 11
7	84 13
7	83 13
7	85 13
7	79 16
7	84 14
7	83 14
7	85 14
7	79 13
7	84 15
7	83 15
7	85 15
7	79 10
7	84 16
7	83 16
7	85 16
7	79 11
7	84 17
7	83 17
7	85 17
7	79 11
7	84 18
7	83 18
7	85 18
7	79 15
7	84 19
7	84 20
7	83 20
7	85 20
7	79 14
7	84 1
7	83 1
7	85 1
7	79 11
7	84 2
7	83 2
7	85 2
7	79 15
7	84 3
7	83 3
7	85 3
7	79 15
7	84 4
7	83 4
7	85 4
7	79 14
7	84 5
7	83 5
7	85 5
7	79 16
7	84 6
7	83 6
7	85 6
7	79 15
7	84 7
7	83 7
7	85 7
7	79 19
7	84 8
7	83 8
7	85 8
7	79 13
7	84 9
7	83 9
7	85 9
7	79 16
7	84 10
7	83 10
7	85 10
7	79 13
7	84 11
7	83 11
7	85 11
7	79 13
7	84 12
7	83 12
7	85 12
7	79 13
7	84 13
7	83 13
7	85 13
7	79 13
7	84 14
7	83 14
7	85 14
7	79 18
7	84 15
7	83 15
7	85 15
7	79 16
7	84 16
7	83 16
7	85 16
7	79 19
7	84 17
7	83 17
7	85 17
7	79 17
7	84 18
7	83 18
7	85 18
7	79 13
7	84 19
7	83 19
7	85 19
7	79 15
7	84 20
7	83 20
7	85 20
7	79 17
7	84 1
7	83 1
7	85 1
7	79 12
7	84 2
7	83 2
7	85 2
7	79 10
7	84 3
7	83 3
7	85 3
7	79 14
7	84 4
7	83 4
7	85 4
7	79 13
7	84 5
7	83 5
7	85 5
7	79 14
7	84 6
7	83 6
7	85 6
7	79 13
7	84 7
7	83 7
7	85 7
7	79 13
7	84 8
7	83 8
7	85 8
7	79 15
7	84 9
7	83 9
7	85 9
7	79 12
7	84 10
7	83 10
7	85 10
7	79 14
7	84 11
7	83 11
7	85 11
7	79 17
7	84 12
7	83 12
7	85 12
7	79 13
7	84 13
7	83 13
7	85 13
7	79 15
7	84 14
7	83 14
7	85 14
7	79 16
7	84 15
7	83 15
7	85 15
7	79 13
7	84 16
7	83 16
7	85 16
7	79 15
7	84 17
7	83 17
7	85 17
7	79 20
7	84 18
7	83 18
7	85 18
7	79 15
7	84 19
7	83 19
7	85 19
7	79 13
7	84 20
7	83 20
7	85 20
7	79 16
7	84 1
7	83 1
7	85 1
7	79 14
7	84 2
7	83 2
7	85 2
7	79 14
7	84 3
7	83 3
7	85 3
7	79 13
7	84 4
7	83 4
7	85 4
7	79 10
7	84 5
7	83 5
7	85 5
7	79 15
7	84 6
7	83 6
7	85 6
7	79 13
7	84 7
7	83 7
7	85 7
7	79 12
7	84 8
7	83 8
7	85 8
7	79 16
7	84 9
7	83 9
7	85 9
7	79 19
7	84 10
7	83 10
7	85 10
7	79 15
7	84 11
7	83 11
7	85 11
7	79 11
7	84 12
7	83 12
7	85 12
7	79 11
7	84 13
7	83 13
7	85 13
7	79 10
7	84 14
7	83 14
7	85 14
7	79 13
7	84 15
7	83 15
7	85 15
7	79 17
7	84 16
7	83 16
7	85 16
7	79 13
7	84 17
7	83 17
7	85 17
7	79 16
7	84 18
7	83 18
7	85 18
7	79 13
7	84 19
7	83 19
7	85 19
7	79 14
7	84 20
7	83 20
7	85 20
7	79 13
7	84 1
7	83 1
7	85 1
7	79 12
7	84 2
7	83 2
7	85 2
7	79 12
7	84 3
7	83 3
7	85 3
7	79 13
7	84 4
7	83 4
7	85 4
7	79 14
7	84 5
7	83 5
7	85 5
7	79 16
7	84 6
7	83 6
7	85 6
7	79 11
7	84 7
7	83 7
7	85 7
7	79 13
7	84 8
7	83 8
7	85 8
7	79 13
7	84 9
7	83 9
7	85 9
7	79 14
7	84 10
7	83 10
7	85 10
7	79 14
7	84 11
7	83 11
7	85 11
7	79 13
7	84 12
7	83 12
7	85 12
7	79 17
7	84 13
7	83 13
7	85 13
7	79 14
7	84 14
7	83 14
7	85 14
7	79 12
7	84 15
7	83 15
7	85 15
7	79 16
7	84 16
7	83 16
7	85 16
7	79 13
7	84 17
7	83 17
7	85 17
7	79 15
7	84 18
7	83 18
7	85 18
7	79 16
7	84 19
7	83 19
7	85 19
7	79 12
7	84 20
7	83 20
7	85 20
7	79 15
7	84 1
7	83 1
7	85 1
7	79 17
7	84 2
7	83 2
7	85 2
7	79 13
7	84 3
7	83 3
7	85 3
7	79 17
7	84 4
7	83 4
7	85 4
7	79 15
7	84 5
7	83 5
7	85 5
7	79 15
7	84 6
7	83 6
7	85 6
7	79 14
7	84 7
7	83 7
7	85 7
7	79 16
7	84 8
7	83 8
7	85 8
7	79 16
7	84 9
7	83 9
7	85 9
7	79 16
7	84 10
7	83 10
7	85 10
7	79 16
7	84 11
7	83 11
7	85 11
7	79 12
7	84 12
7	83 12
7	85 12
7	79 18
7	84 13
7	83 13
7	85 13
7	79 12
7	84 14
7	83 14
7	85 14
7	79 14
7	84 15
7	83 15
7	85 15
7	79 16
7	84 16
7	83 16
7	85 16
7	79 18
7	84 17
7	83 17
7	85 17
7	79 18
7	84 18
7	83 18
7	85 18
7	79 13
7	84 19
7	83 19
7	85 19
7	79 14
7	84 20
7	83 20
7	85 20
7	79 11
7	84 1
7	83 1
7	85 1
7	79 11
7	84 2
7	83 2
7	85 2
7	79 18
7	84 3
7	83 3
7	85 3
7	79 14
7	84 4
7	83 4
7	85 4
7	79 15
7	84 5
7	83 5
7	85 5
7	79 14
7	84 6
7	83 6
7	85 6
7	79 14
7	84 7
7	83 7
7	85 7
7	79 10
7	84 8
7	83 8
7	85 8
7	79 11
7	84 9
7	83 9
7	85 9
7	79 10
7	84 13
7	83 13
7	85 13
7	79 17
7	84 14
7	83 14
7	85 14
7	79 13
7	84 15
7	83 15
7	85 15
7	79 14
7	84 16
7	83 16
7	85 16
7	79 17
7	84 17
7	83 17
7	85 17
7	79 16
7	84 18
7	83 18
7	85 18
7	79 12
7	84 19
7	83 19
7	85 19
7	79 17
7	84 20
7	83 20
7	85 20
7	79 15
7	84 1
7	83 1
7	85 1
7	79 16
7	84 2
7	83 2
7	85 2
7	79 15
7	84 3
7	83 3
7	85 3
7	79 16
7	84 4
7	83 4
7	85 4
7	79 18
7	84 5
7	83 5
7	85 5
7	79 12
7	84 6
7	83 6
7	85 6
7	79 13
7	84 7
7	83 7
7	85 7
7	79 18
7	84 8
7	83 8
7	85 8
7	79 11
7	84 9
7	83 9
7	85 9
7	79 12
7	84 10
7	83 10
7	85 10
7	79 11
7	84 11
7	83 11
7	85 11
7	79 12
7	84 12
7	83 12
7	85 12
7	79 19
7	84 13
7	84 14
7	83 14
7	85 14
7	79 14
7	84 15
7	83 15
7	85 15
7	79 10
7	84 16
7	83 16
7	85 16
7	79 16
7	84 17
7	84 18
7	83 18
7	85 18
7	79 12
7	84 19
7	83 19
7	85 19
7	79 15
7	84 20
7	83 20
7	85 20
7	79 15
7	84 1
7	83 1
7	85 1
7	79 17
7	84 2
7	83 2
7	85 2
7	79 11
7	84 3
7	83 3
7	85 3
7	79 17
7	84 4
7	83 4
7	85 4
7	79 14
7	84 5
7	83 5
7	85 5
7	79 14
7	84 6
7	83 6
7	85 6
7	79 17
7	84 7
7	83 7
7	85 7
7	79 11
7	84 8
7	83 8
7	85 8
7	79 13
7	84 9
7	83 9
7	85 9
7	79 17
7	84 10
7	83 10
7	85 10
7	79 12
7	84 11
7	83 11
7	85 11
7	79 14
7	84 12
7	83 12
7	85 12
7	79 16
7	84 13
7	83 13
7	85 13
7	79 15
7	84 14
7	83 14
7	85 14
7	79 16
7	84 15
7	83 15
7	85 15
7	79 16
7	84 16
7	83 16
7	85 16
7	79 13
7	84 17
7	83 17
7	85 17
7	79 14
7	84 18
7	83 18
7	85 18
7	79 15
7	84 19
7	83 19
7	85 19
7	79 18
7	84 20
7	83 20
7	85 20
7	79 13
7	84 1
7	83 1
7	85 1
7	79 18
7	84 2
7	83 2
7	85 2
7	79 15
7	84 3
7	83 3
7	85 3
7	79 13
7	84 4
7	83 4
7	85 4
7	79 13
7	84 5
7	83 5
7	85 5
7	79 16
7	84 6
7	83 6
7	85 6
7	79 12
7	84 7
7	83 7
7	85 7
7	79 12
7	84 8
7	83 8
7	85 8
7	79 11
7	84 9
7	83 9
7	85 9
7	79 14
7	84 10
7	83 10
7	85 10
7	79 16
7	84 11
7	83 11
7	85 11
7	79 13
7	84 12
7	83 12
7	85 12
7	79 16
7	84 13
7	83 13
7	85 13
7	79 16
7	84 14
7	83 14
7	84 1
7	83 1
7	85 1
7	79 17
7	84 2
7	83 2
7	85 2
7	79 13
7	84 3
7	83 3
7	85 3
7	79 14
7	84 4
7	83 4
7	85 4
7	79 11
7	84 5
7	83 5
7	85 5
7	79 16
7	84 6
7	83 6
7	85 6
7	79 16
7	84 7
7	83 7
7	85 7
7	79 19
7	84 8
7	83 8
7	85 8
7	79 18
7	84 9
7	83 9
7	85 9
7	79 16
7	84 10
7	83 10
7	85 10
7	79 13
7	84 11
7	83 11
7	85 11
7	79 11
7	84 12
7	83 12
7	85 12
7	79 14
7	84 13
7	83 13
7	85 13
7	79 16
7	84 14
7	83 14
7	85 14
7	79 15
7	84 15
7	83 15
7	85 15
7	79 16
7	84 16
7	83 16
7	85 16
7	79 14
7	84 17
7	83 17
7	85 17
7	79 15
7	84 18
7	83 18
7	85 18
7	79 16
7	84 19
7	83 19
7	85 19
7	79 15
7	84 20
7	83 20
7	85 20
7	79 12
7	84 1
7	83 1
7	85 1
7	79 15
7	84 2
7	83 2
7	85 2
7	79 12
7	84 3
7	83 3
7	85 3
7	79 19
7	84 4
7	83 4
7	85 4
7	79 13
7	84 5
7	83 5
7	85 5
7	79 17
7	84 6
7	83 6
7	85 6
7	79 14
7	84 7
7	83 7
7	85 7
7	79 16
7	84 8
7	83 8
7	85 8
7	79 17
7	84 9
7	83 9
7	85 9
7	79 15
7	84 10
7	83 10
7	85 10
7	79 15
7	84 11
7	83 11
7	85 11
7	79 14
7	84 12
7	83 12
7	85 12
7	79 12
7	84 13
7	83 13
7	85 13
7	79 14
7	84 14
7	83 14
7	85 14
7	79 17
7	84 15
7	83 15
7	85 15
7	79 15
7	84 16
7	83 16
7	85 16
7	79 15
7	84 17
7	83 17
7	85 17
7	79 17
7	84 18
7	83 18
7	85 18
7	79 12
7	84 19
7	83 19
7	85 19
7	79 17
7	84 20
7	83 20
7	85 20
7	79 13
7	84 1
7	83 1
7	85 1
7	79 12
7	84 2
7	83 2
7	85 2
7	79 16
7	84 3
7	83 3
7	85 3
7	79 14
7	84 4
7	83 4
7	85 4
7	79 13
7	84 5
7	83 5
7	85 5
7	79 13
7	84 6
7	83 6
7	85 6
7	79 15
7	84 7
7	83 7
7	85 7
7	79 16
7	84 8
7	83 8
7	85 8
7	79 17
7	84 9
7	83 9
7	85 9
7	79 15
7	84 10
7	83 10
7	85 10
7	79 16
7	84 11
7	83 11
7	85 11
7	79 15
7	84 12
7	83 12
7	85 12
7	79 14
7	84 13
7	83 13
7	85 13
7	79 13
7	84 14
7	83 14
7	85 14
7	79 16
7	84 15
7	83 15
7	85 15
7	79 15
7	84 16
7	83 16
7	85 16
7	79 14
7	84 17
7	83 17
7	85 17
7	79 13
7	84 18
7	83 18
7	85 18
7	79 14
7	84 19
7	83 19
7	85 19
7	79 18
7	84 20
7	83 20
7	85 20
7	79 16
7	84 1
7	83 1
7	85 1
7	79 16
7	84 2
7	83 2
7	85 2
7	79 15
7	84 3
7	83 3
7	85 3
7	79 10
7	84 4
7	83 4
7	85 4
7	79 11
7	84 5
7	83 5
7	85 5
7	79 15
7	84 6
7	83 6
7	85 6
7	79 14
7	84 7
7	83 7
7	85 7
7	79 16
7	84 8
7	83 8
7	85 8
7	79 13
7	84 9
7	83 9
7	85 9
7	79 14
7	84 10
7	83 10
7	85 10
7	79 13
7	84 11
7	83 11
7	85 11
7	79 11
7	84 12
7	83 12
7	85 12
7	79 16
7	84 13
7	83 13
7	85 13
7	79 13
7	84 14
7	83 14
7	85 14
7	79 13
7	84 15
7	83 15
7	85 15
7	79 11
7	84 16
7	83 16
7	85 16
7	79 16
7	84 17
7	83 17
7	85 17
7	79 16
7	84 18
7	83 18
7	85 18
7	79 17
7	84 19
7	83 19
7	85 19
7	79 13
7	84 20
7	83 20
7	85 20
7	79 18
7	84 1
7	83 1
7	85 1
7	79 15
7	84 2
7	83 2
7	85 2
7	79 16
7	84 3
7	84 4
7	83 4
7	85 4
7	79 19
7	84 5
7	83 5
7	85 5
7	79 17
7	84 6
7	83 6
7	85 6
7	79 13
7	84 7
7	83 7
7	85 7
7	79 10
7	84 8
7	83 8
7	85 8
7	79 15
7	84 9
7	83 9
7	85 9
7	79 15
7	84 10
7	83 10
7	85 10
7	79 13
7	84 11
7	83 11
7	85 11
7	79 16
7	84 12
7	83 12
7	85 12
7	79 13
7	84 13
7	83 13
7	85 13
7	79 18
7	84 14
7	83 14
7	85 14
7	79 17
7	84 15
7	83 15
7	85 15
7	79 15
7	84 16
7	83 16
7	85 16
7	79 18
7	84 17
7	83 17
7	85 17
7	79 13
7	84 18
7	83 18
7	85 18
7	79 14
7	84 19
7	83 19
7	85 19
7	79 12
7	84 20
7	83 20
7	85 20
7	79 17
7	84 1
7	83 1
7	85 1
7	79 12
7	84 2
7	83 2
7	85 2
7	79 13
7	84 3
7	83 3
7	85 3
7	79 12
7	84 4
7	83 4
7	85 4
7	79 16
7	84 5
7	83 5
7	85 5
7	79 16
7	84 6
7	83 6
7	85 6
7	79 12
7	84 7
7	83 7
7	85 7
7	79 13
7	84 8
7	83 8
7	85 8
7	79 13
7	84 9
7	83 9
7	85 9
7	79 15
7	84 10
7	83 10
7	85 10
7	79 17
7	84 11
7	83 11
7	85 11
7	79 15
7	84 12
7	83 12
7	85 12
7	79 15
7	84 13
7	83 13
7	85 13
7	79 13
7	84 14
7	83 14
7	85 14
7	79 11
7	84 15
7	83 15
7	85 15
7	79 13
7	84 16
7	83 16
7	85 16
7	79 11
7	84 17
7	83 17
7	85 17
7	79 19
7	84 18
7	83 18
7	85 18
7	79 16
7	84 19
7	83 19
7	85 19
7	79 18
7	84 20
7	83 20
7	85 20
7	79 15
7	84 1
7	83 1
7	85 1
7	79 14
7	84 2
7	83 2
7	85 2
7	79 18
7	84 3
7	83 3
7	85 3
7	79 17
7	84 4
7	83 4
7	85 4
7	79 12
7	84 5
7	83 5
7	85 5
7	79 18
7	84 6
7	83 6
7	85 6
7	79 15
7	84 7
7	83 7
7	85 7
7	79 17
7	84 8
7	83 8
7	85 8
7	79 13
7	84 9
7	83 9
7	85 9
7	79 16
7	84 10
7	83 10
7	85 10
7	79 14
7	84 11
7	83 11
7	85 11
7	79 15
7	84 12
7	83 12
7	85 12
7	79 17
7	84 13
7	83 13
7	85 13
7	79 12
7	84 14
7	83 14
7	85 14
7	79 15
7	84 15
7	83 15
7	85 15
7	79 12
7	84 16
7	83 16
7	85 16
7	79 16
7	84 17
7	83 17
7	85 17
7	79 15
7	84 18
7	83 18
7	85 18
7	79 18
7	84 19
7	83 19
7	85 19
7	79 15
7	84 20
7	83 20
7	85 20
7	79 12
7	84 1
7	83 1
7	85 1
7	79 16
7	84 2
7	83 2
7	85 2
7	79 18
7	84 3
7	83 3
7	85 3
7	79 17
7	84 4
7	83 4
7	85 4
7	79 11
7	84 5
7	83 5
7	85 5
7	79 17
7	84 6
7	83 6
7	85 6
7	79 13
7	84 7
7	83 7
7	85 7
7	79 15
7	84 8
7	83 8
7	85 8
7	79 12
7	84 9
7	83 9
7	85 9
7	79 13
7	84 10
7	83 10
7	85 10
7	79 11
7	84 11
7	83 11
7	85 11
7	79 14
7	84 12
7	83 12
7	85 12
7	79 15
7	84 13
7	83 13
7	85 13
7	79 17
7	84 14
7	83 14
7	85 14
7	79 18
7	84 19
7	83 19
7	85 19
7	79 15
7	84 20
7	83 20
7	85 20
7	79 17
7	84 1
7	83 1
7	85 1
7	79 19
7	84 2
7	83 2
7	85 2
7	79 15
7	84 3
7	83 3
7	85 3
7	79 15
7	84 4
7	83 4
7	85 4
7	79 15
7	84 5
7	83 5
7	85 5
7	79 14
7	84 6
7	83 6
7	85 6
7	79 17
7	84 7
7	83 7
7	85 7
7	79 19
7	84 8
7	83 8
7	85 8
7	79 13
7	84 9
7	83 9
7	85 9
7	79 16
7	84 10
7	83 10
7	85 10
7	79 16
7	84 11
7	83 11
7	85 11
7	79 12
7	84 12
7	83 12
7	85 12
7	79 13
7	84 13
7	83 13
7	85 13
7	79 10
7	84 14
7	83 14
7	85 14
7	79 13
7	84 15
7	83 15
7	85 15
7	79 15
7	84 16
7	83 16
7	85 16
7	79 12
7	84 17
7	83 17
7	85 17
7	79 15
7	84 18
7	83 18
7	85 18
7	79 16
7	84 19
7	83 19
7	85 19
7	79 18
7	84 20
7	83 20
7	85 20
7	79 17
7	84 1
7	83 1
7	85 1
7	79 13
7	84 2
7	83 2
7	85 2
7	79 18
7	84 3
7	83 3
7	85 3
7	79 19
7	84 4
7	83 4
7	85 4
7	79 12
7	84 5
7	83 5
7	85 5
7	79 12
7	84 6
7	83 6
7	85 6
7	79 14
7	84 7
7	83 7
7	85 7
7	79 12
7	84 8
7	83 8
7	85 8
7	79 11
7	84 9
7	83 9
7	85 9
7	79 18
7	84 10
7	83 10
7	85 10
7	79 16
7	84 11
7	83 11
7	85 11
7	79 14
7	84 12
7	83 12
7	85 12
7	79 17
7	84 13
7	83 13
7	85 13
7	79 17
7	84 14
7	83 14
7	85 14
7	79 15
7	84 15
7	83 15
7	85 15
7	79 16
7	84 16
7	83 16
7	85 16
7	79 13
7	84 17
7	83 17
7	85 17
7	79 16
7	84 18
7	83 18
7	85 18
7	79 15
7	84 19
7	83 19
7	85 19
7	79 13
7	84 20
7	83 20
7	85 20
7	79 17
7	84 1
7	83 1
7	85 1
7	79 14
7	84 2
7	83 2
7	85 2
7	79 13
7	84 3
7	83 3
7	85 3
7	79 15
7	84 4
7	83 4
7	85 4
7	79 17
7	84 5
7	83 5
7	85 5
7	79 14
7	84 6
7	83 6
7	85 6
7	79 11
7	84 7
7	83 7
7	85 7
7	79 17
7	84 8
7	83 8
7	85 8
7	79 16
7	84 9
7	83 9
7	85 9
7	79 12
7	84 10
7	TEST_NUMBER 3
7	SENT_TOTAL 250
7	RECEIVED_TOTAL 244
7	TIME_TOTAL 29801
7	RECEIVED_RADIO_1 123
7	RECEIVED_RADIO_2 122
7	SENT_RADIO_1 125
7	SENT_RADIO_2 125
7	RADIO_TIME_1 29801
7	RADIO_TIME_2 19826
7	RETRANSMISSIONS_1 0
7	RETRANSMISSIONS_2 0
7	DROPPED_1 0
7	DROPPED_2 0
7	MAX_QUEUE 1
7	DUPLICATED_1 0
7	DUPLICATED_2 0
7	EBUSY_RADIO_1 0
7	EBUSY_RADIO_2 0
7	83 0
7	85 10
7	86 3
7	84 1
7	83 1
7	85 1
7	79 17
7	84 2
7	83 2
7	85 2
7	79 17
7	84 3
7	83 3
7	85 3
7	79 13
7	84 4
7	83 4
7	85 4
7	79 14
7	84 5
7	83 5
7	85 5
7	79 13
7	84 6
7	83 6
7	85 6
7	79 17
7	84 7
7	83 7
7	85 7
7	79 14
7	84 8
7	83 8
7	85 8
7	79 15
7	84 9
7	83 9
7	85 9
7	79 12
7	84 10
7	83 10
7	85 10
7	79 12
7	84 11
7	83 11
7	85 11
7	79 16
7	84 12
7	83 12
7	85 12
7	79 15
7	84 13
7	83 13
7	85 13
7	79 16
7	84 14
7	83 14
7	85 14
7	79 15
7	84 15
7	83 15
7	85 15
7	79 17
7	84 16
7	83 16
7	85 16
7	79 15
7	84 17
7	83 17
7	85 17
7	79 15
7	84 18
7	83 18
7	85 18
7	79 17
7	84 19
7	83 19
7	85 19
7	79 12
7	84 20
7	83 20
7	85 20
7	79 18
7	84 1
7	83 1
7	85 1
7	79 16
7	84 2
7	83 2
7	85 2
7	79 18
7	84 3
7	83 3
7	85 3
7	79 16
7	84 4
7	83 4
7	85 4
7	79 15
7	84 5
7	83 5
7	85 5
7	79 12
7	84 6
7	83 6
7	85 6
7	79 14
7	84 7
7	83 7
7	85 7
7	79 19
7	84 8
7	83 8
7	85 8
7	79 11
7	84 9
7	83 9
7	85 9
7	79 15
7	84 10
7	83 10
7	85 10
7	79 16
7	84 11
7	83 11
7	85 11
7	79 12
7	84 12
7	83 12
7	85 12
7	79 12
7	84 13
7	83 13
7	85 13
7	79 19
7	84 14
7	83 14
7	85 14
7	79 11
7	84 15
7	83 15
7	85 15
7	79 17
7	84 16
7	83 16
7	85 16
7	79 15
7	84 17
7	83 17
7	85 17
7	79 14
7	84 18
7	83 18
7	85 18
7	79 12
7	84 19
7	83 19
7	85 19
7	79 12
7	84 20
7	83 20
7	85 20
7	79 16
7	84 1
7	83 1
7	85 1
7	79 17
7	84 2
7	83 2
7	85 2
7	79 16
7	84 3
7	83 3
7	85 3
7	79 14
7	84 4
7	83 4
7	85 4
7	79 19
7	84 5
7	83 5
7	85 5
7	79 15
7	84 6
7	83 6
7	85 6
7	79 18
7	84 7
7	83 7
7	85 7
7	79 11
7	84 8
7	83 8
7	85 8
7	79 17
7	84 9
7	83 9
7	85 9
7	79 16
7	84 10
7	83 10
7	85 10
7	79 19
7	84 11
7	83 11
7	85 11
7	79 17
7	84 12
7	83 12
7	85 12
7	79 16
7	84 13
7	83 13
7	85 13
7	79 15
7	84 14
7	83 14
7	85 14
7	79 16
7	84 15
7	83 15
7	85 15
7	79 12
7	84 16
7	83 16
7	85 16
7	79 14
7	84 17
7	83 17
7	85 17
7	79 12
7	84 18
7	83 18
7	85 18
7	79 12
7	84 19
7	83 19
7	85 19
7	79 15
7	84 20
7	83 20
7	85 20
7	79 12
7	84 1
7	83 1
7	85 1
7	79 18
7	84 2
7	83 2
7	85 2
7	79 15
7	84 3
7	83 3
7	85 3
7	79 15
7	84 4
7	83 4
7	85 4
7	79 17
7	84 5
7	83 5
7	85 5
7	79 14
7	84 6
7	83 6
7	85 6
7	79 17
7	84 7
7	84 8
7	83 8
7	85 8
7	79 12
7	84 9
7	83 9
7	85 9
7	79 13
7	84 10
7	83 10
7	85 10
7	79 17
7	84 11
7	83 11
7	85 11
7	79 15
7	84 12
7	83 12
7	85 12
7	79 19
7	84 13
7	83 13
7	85 13
7	79 15
7	84 14
7	83 14
7	85 14
7	79 13
7	84 15
7	83 15
7	85 15
7	79 14
7	84 16
7	83 16
7	85 16
7	79 16
7	84 17
7	83 17
7	85 17
7	79 16
7	84 18
7	83 18
7	85 18
7	79 12
7	84 19
7	83 19
7	85 19
7	79 14
7	84 20
7	83 20
7	85 20
7	79 17
7	84 1
7	83 1
7	85 1
7	79 15
7	84 2
7	83 2
7	85 2
7	79 13
7	84 3
7	83 3
7	85 3
7	79 16
7	84 4
7	83 4
7	85 4
7	79 12
7	84 5
7	83 5
7	85 5
7	79 13
7	84 6
7	83 6
7	85 6
7	79 15
7	84 7
7	84 8
7	83 8
7	85 8
7	79 15
7	84 9
7	83 9
7	85 9
7	79 16
7	84 10
7	83 10
7	85 10
7	79 15
7	84 11
7	83 11
7	85 11
7	79 16
7	84 12
7	83 12
7	85 12
7	79 17
7	84 13
7	83 13
7	85 13
7	79 10
7	84 14
7	83 14
7	85 14
7	79 13
7	84 15
7	83 15
7	85 15
7	79 13
7	84 16
7	83 16
7	85 16
7	79 11
7	84 17
7	83 17
7	85 17
7	79 15
7	84 18
7	83 18
7	85 18
7	79 17
7	84 19
7	83 19
7	85 19
7	79 16
7	84 20
7	83 20
7	85 20
7	79 18
7	84 1
7	83 1
7	85 1
7	79 17
7	84 2
7	83 2
7	85 2
7	79 14
7	84 3
7	83 3
7	85 3
7	79 11
7	84 4
7	83 4
7	85 4
7	79 17
7	84 5
7	83 5
7	85 5
7	79 12
7	84 6
7	83 6
7	85 6
7	79 13
7	84 7
7	83 7
7	85 7
7	79 13
7	84 8
7	83 8
7	85 8
7	79 12
7	84 9
7	83 9
7	85 9
7	79 18
7	84 10
7	83 10
7	85 10
7	79 17
7	84 11
7	83 11
7	85 11
7	79 16
7	84 12
7	83 12
7	85 12
7	79 13
7	84 13
7	83 13
7	85 13
7	79 17
7	84 14
7	83 14
7	85 14
7	79 12
7	84 15
7	83 15
7	85 15
7	79 14
7	84 16
7	83 16
7	85 16
7	79 12
7	84 17
7	83 17
7	85 17
7	79 18
7	84 18
7	83 18
7	85 18
7	79 13
7	84 19
7	83 19
7	85 19
7	79 10
7	84 20
7	83 20
7	85 20
7	79 15
7	84 1
7	83 1
7	85 1
7	79 13
7	84 2
7	83 2
7	85 2
7	79 15
7	84 3
7	83 3
7	85 3
7	79 12
7	84 4
7	83 4
7	85 4
7	79 16
7	84 5
7	83 5
7	85 5
7	79 14
7	84 6
7	83 6
7	85 6
7	79 16
7	84 7
7	83 7
7	85 7
7	79 14
7	84 8
7	83 8
7	85 8
7	79 15
7	84 9
7	83 9
7	85 9
7	79 17
7	84 10
7	83 10
7	85 10
7	79 13
7	84 11
7	83 11
7	85 11
7	79 10
7	84 12
7	83 12
7	85 12
7	79 13
7	84 13
7	84 14
7	83 14
7	85 14
7	79 14
7	84 15
7	83 15
7	85 15
7	79 12
7	84 16
7	83 16
7	84 18
7	83 18
7	85 18
7	79 16
7	84 19
7	83 19
7	85 19
7	79 12
7	84 20
7	83 20
7	85 20
7	79 14
7	84 1
7	83 1
7	85 1
7	79 14
7	84 2
7	83 2
7	85 2
7	79 17
7	84 3
7	83 3
7	85 3
7	79 15
7	84 4
7	83 4
7	85 4
7	79 16
7	84 5
7	83 5
7	85 5
7	79 14
7	84 6
7	83 6
7	85 6
7	79 14
7	84 7
7	83 7
7	85 7
7	79 15
7	84 8
7	83 8
7	85 8
7	79 17
7	84 9
7	83 9
7	85 9
7	79 14
7	84 10
7	83 10
7	85 10
7	79 12
7	84 11
7	83 11
7	85 11
7	79 17
7	84 12
7	83 12
7	85 12
7	79 15
7	84 13
7	83 13
7	85 13
7	79 17
7	84 14
7	83 14
7	85 14
7	79 17
7	84 15
7	83 15
7	85 15
7	79 13
7	84 16
7	83 16
7	85 16
7	79 19
7	84 17
7	83 17
7	85 17
7	79 14
7	84 18
7	83 18
7	85 18
7	79 17
7	84 19
7	83 19
7	85 19
7	79 14
7	84 20
7	83 20
7	85 20
7	79 14
7	84 1
7	83 1
7	85 1
7	79 18
7	84 2
7	83 2
7	85 2
7	79 13
7	84 3
7	83 3
7	85 3
7	79 15
7	84 4
7	83 4
7	85 4
7	79 13
7	84 5
7	83 5
7	85 5
7	79 14
7	84 6
7	83 6
7	85 6
7	79 14
7	84 7
7	83 7
7	85 7
7	79 13
7	84 8
7	83 8
7	85 8
7	79 18
7	84 9
7	83 9
7	85 9
7	79 16
7	84 10
7	83 10
7	85 10
7	79 13
7	84 11
7	83 11
7	85 11
7	79 14
7	84 12
7	83 12
7	85 12
7	79 15
7	84 13
7	83 13
7	85 13
7	79 13
7	84 14
7	83 14
7	85 14
7	79 15
7	84 15
7	83 15
7	85 15
7	79 15
7	84 16
7	83 16
7	85 16
7	79 17
7	84 17
7	83 17
7	85 17
7	79 16
7	84 18
7	83 18
7	85 18
7	79 16
7	84 19
7	83 19
7	85 19
7	79 15
7	84 20
7	83 20
7	85 20
7	79 19
7	84 1
7	83 1
7	85 1
7	79 13
7	84 2
7	83 2
7	85 2
7	79 14
7	84 3
7	83 3
7	85 3
7	79 15
7	84 4
7	83 4
7	85 4
7	79 15
7	84 5
7	83 5
7	85 5
7	79 16
7	84 6
7	83 6
7	85 6
7	79 17
7	84 7
7	83 7
7	85 7
7	79 15
7	84 8
7	83 8
7	85 8
7	79 12
7	84 9
7	83 9
7	85 9
7	79 15
7	84 10
7	83 10
7	85 10
7	79 17
7	84 11
7	83 11
7	85 11
7	79 16
7	84 12
7	83 12
7	85 12
7	79 13
7	84 13
7	83 13
7	85 13
7	79 18
7	84 14
7	83 14
7	85 14
7	79 15
7	84 15
7	83 15
7	85 15
7	79 16
7	84 16
7	83 16
7	85 16
7	79 16
7	84 17
7	83 17
7	85 17
7	79 17
7	84 1
7	84 2
7	83 2
7	85 2
7	79 14
7	84 3
7	84 4
7	83 4
7	85 4
7	79 16
7	84 5
7	83 5
7	85 5
7	79 14
7	84 6
7	83 6
7	85 6
7	79 13
7	84 7
7	83 7
7	85 7
7	79 16
7	84 8
7	83 8
7	85 8
7	79 14
7	84 9
7	83 9
7	85 9
7	79 13
7	84 10
7	83 10
7	85 10
7	79 14
7	84 11
7	83 11
7	85 11
7	79 12
7	84 12
7	83 12
7	85 12
7	79 18
7	84 13
7	83 13
7	85 13
7	79 16
7	84 14
7	83 14
7	85 14
7	79 13
7	84 15
7	83 15
7	85 15
7	79 14
7	84 16
7	83 16
7	85 16
7	79 15
7	84 17
7	83 17
7	85 17
7	79 14
7	84 18
7	83 18
7	85 18
7	79 13
7	84 19
7	83 19
7	85 19
7	79 11
7	84 20
7	83 20
7	85 20
7	79 12
7	84 1
7	83 1
7	85 1
7	79 19
7	84 2
7	83 2
7	85 2
7	79 15
7	84 3
7	83 3
7	85 3
7	79 16
7	84 4
7	83 4
7	85 4
7	79 14
7	84 5
7	83 5
7	85 5
7	79 13
7	84 6
7	83 6
7	85 6
7	79 11
7	84 7
7	83 7
7	85 7
7	79 16
7	84 8
7	83 8
7	85 8
7	79 11
7	84 9
7	83 9
7	85 9
7	79 14
7	84 10
7	83 10
7	85 10
7	79 13
7	84 11
7	83 11
7	85 11
7	79 12
7	84 12
7	83 12
7	85 12
7	79 13
7	84 13
7	83 13
7	85 13
7	79 14
7	84 14
7	83 14
7	85 14
7	79 13
7	84 15
7	83 15
7	85 15
7	79 15
7	84 16
7	83 16
7	85 16
7	79 14
7	84 17
7	83 17
7	85 17
7	79 15
7	84 18
7	83 18
7	85 18
7	79 13
7	84 19
7	83 19
7	85 19
7	79 18
7	84 20
7	83 20
7	85 20
7	79 15
7	84 1
7	83 1
7	85 1
7	79 14
7	84 2
7	83 2
7	85 2
7	79 18
7	84 3
7	83 3
7	85 3
7	79 17
7	84 4
7	83 4
7	85 4
7	79 14
7	84 5
7	83 5
7	85 5
7	79 15
7	84 6
7	83 6
7	85 6
7	79 14
7	84 7
7	83 7
7	85 7
7	79 16
7	84 8
7	83 8
7	85 8
7	79 17
7	84 9
7	83 9
7	85 9
7	79 14
7	84 10
7	83 10
7	85 10
7	79 14
7	84 11
7	83 11
7	85 11
7	79 12
7	84 12
7	83 12
7	85 12
7	79 16
7	84 13
7	83 13
7	85 13
7	79 11
7	84 14
7	83 14
7	85 14
7	79 11
7	84 15
7	83 15
7	85 15
7	79 13
7	84 16
7	83 16
7	85 16
7	79 15
7	84 17
7	83 17
7	85 17
7	79 15
7	84 18
7	83 18
7	85 18
7	79 12
7	84 19
7	83 19
7	85 19
7	79 15
7	84 20
7	83 20
7	85 20
7	79 14
7	84 1
7	83 1
7	85 1
7	79 13
7	84 2
7	83 2
7	85 2
7	79 13
7	84 3
7	83 3
7	85 3
7	79 14
7	84 4
7	83 4
7	85 4
7	79 13
7	84 5
7	83 5
7	85 5
7	79 15
7	84 6
7	83 6
7	85 6
7	79 16
7	84 7
7	84 8
7	83 8
7	85 8
7	79 15
7	84 9
7	83 9
7	85 9
7	79 11
7	84 10
7	83 10
7	85 10
7	79 13
7	84 11
7	84 12
7	83 12
7	85 12
7	79 14
7	84 13
7	83 13
7	85 13
7	79 13
7	84 14
7	83 14
7	85 14
7	79 11
7	84 15
7	83 15
7	85 15
7	79 17
7	84 16
7	83 16
7	85 16
7	79 15
7	84 17
7	83 17
7	85 17
7	79 15
7	84 18
7	83 18
7	85 18
7	79 17
7	84 19
7	83 19
7	85 19
7	79 14
7	84 20
7	83 20
7	85 20
7	79 14
7	84 1
7	83 1
7	85 1
7	79 13
7	84 2
7	83 2
7	85 2
7	79 17
7	84 3
7	83 3
7	85 3
7	79 16
7	84 4
7	83 4
7	85 4
7	79 13
7	84 5
7	83 5
7	85 5
7	79 15
7	84 6
7	83 6
7	85 6
7	79 15
7	84 7
7	83 7
7	85 7
7	79 15
7	84 8
7	83 8
7	85 8
7	79 15
7	84 9
7	83 9
7	85 9
7	79 12
7	84 10
7	83 10
7	85 10
7	79 13
7	84 11
7	83 11
7	85 11
7	79 13
7	84 12
7	83 12
7	85 12
7	79 13
7	84 13
7	83 13
7	85 13
7	79 10
7	84 14
7	83 14
7	85 14
7	79 13
7	84 15
7	83 15
7	85 15
7	79 13
7	84 16
7	83 16
7	85 16
7	79 16
7	84 17
7	83 17
7	85 17
7	79 15
7	84 18
7	83 18
7	85 18
7	79 15
7	84 19
7	83 19
7	85 19
7	79 13
7	84 20
7	83 20
7	85 20
7	79 14
7	84 1
7	83 1
7	85 1
7	79 14
7	84 2
7	83 2
7	85 2
7	79 15
7	84 3
7	83 3
7	85 3
7	79 13
7	84 4
7	83 4
7	85 4
7	79 13
7	84 5
7	83 5
7	85 5
7	79 14
7	84 6
7	83 6
7	85 6
7	79 15
7	84 7
7	83 7
7	85 7
7	79 14
7	84 8
7	83 8
7	85 8
7	79 15
7	84 9
7	83 9
7	85 9
7	79 16
7	84 10
7	83 10
7	85 10
7	79 14
7	84 11
7	83 11
7	85 11
7	79 17
7	84 12
7	83 12
7	85 12
7	79 13
7	84 13
7	83 13
7	85 13
7	79 17
7	84 14
7	83 14
7	85 14
7	79 12
7	84 15
7	83 15
7	85 15
7	79 12
7	84 16
7	83 16
7	85 16
7	79 12
7	84 17
7	83 17
7	85 17
7	79 14
7	84 18
7	83 18
7	85 18
7	79 16
7	84 19
7	83 19
7	85 19
7	79 18
7	84 20
7	83 20
7	85 20
7	79 10
7	84 1
7	83 1
7	85 1
7	79 11
7	84 2
7	83 2
7	85 2
7	79 18
7	84 3
7	83 3
7	85 3
7	79 16
7	84 4
7	83 4
7	85 4
7	79 17
7	84 5
7	83 5
7	85 5
7	79 12
7	84 6
7	83 6
7	85 6
7	79 16
7	84 7
7	83 7
7	85 7
7	79 15
7	84 8
7	83 8
7	85 8
7	79 14
7	84 9
7	83 9
7	85 9
7	79 16
7	84 10
7	83 10
7	85 10
7	79 13
7	84 11
7	83 11
7	85 11
7	79 15
7	84 12
7	83 12
7	85 12
7	79 12
7	84 13
7	83 13
7	85 13
7	79 14
7	84 14
7	83 14
7	85 14
7	79 15
7	84 15
7	83 15
7	85 15
7	79 14
7	84 16
7	83 16
7	85 16
7	79 16
7	84 17
7	84 18
7	83 18
7	85 18
7	79 14
7	84 19
7	83 19
7	85 19
7	79 12
7	84 20
7	83 20
7	85 20
7	79 17
7	84 1
7	83 1
7	85 1
7	79 14
7	84 2
7	83 2
7	85 2
7	79 15
7	84 3
7	83 3
7	85 3
7	79 13
7	84 4
7	83 4
7	85 4
7	79 16
7	84 5
7	83 5
7	85 5
7	79 14
7	84 6
7	83 6
7	85 6
7	79 14
7	84 7
7	83 7
7	85 7
7	79 16
7	84 8
7	83 8
7	85 8
7	79 14
7	84 9
7	83 9
7	85 9
7	79 13
7	84 10
7	83 10
7	85 10
7	79 15
7	84 11
7	83 11
7	85 11
7	79 16
7	84 12
7	83 12
7	85 12
7	79 17
7	84 13
7	83 13
7	85 13
7	79 13
7	84 14
7	83 14
7	85 14
7	79 18
7	84 15
7	83 15
7	85 15
7	79 16
7	84 16
7	83 16
7	85 16
7	79 17
7	84 17
7	83 17
7	85 17
7	79 12
7	84 18
7	83 18
7	85 18
7	83 20
7	85 20
7	79 15
7	84 1
7	84 2
7	83 2
7	85 2
7	79 13
7	84 3
7	83 3
7	85 3
7	79 17
7	84 4
7	83 4
7	85 4
7	79 16
7	84 5
7	83 5
7	85 5
7	79 16
7	84 6
7	83 6
7	85 6
7	79 15
7	84 7
7	83 7
7	85 7
7	79 13
7	84 8
7	83 8
7	85 8
7	79 17
7	84 9
7	83 9
7	85 9
7	79 11
7	84 10
7	83 10
7	85 10
7	79 14
7	84 11
7	83 11
7	85 11
7	79 10
7	84 12
7	83 12
7	85 12
7	79 14
7	84 13
7	83 13
7	85 13
7	79 15
7	84 14
7	83 14
7	85 14
7	79 12
7	84 15
7	83 15
7	85 15
7	79 15
7	84 16
7	83 16
7	85 16
7	79 14
7	84 17
7	83 17
7	85 17
7	79 17
7	84 18
7	83 18
7	85 18
7	79 12
7	84 19
7	84 20
7	83 20
7	85 20
7	79 14
7	84 1
7	83 1
7	85 1
7	79 15
7	84 2
7	83 2
7	85 2
7	79 12
7	84 3
7	83 3
7	85 3
7	79 16
7	84 4
7	83 4
7	85 4
7	79 12
7	84 5
7	83 5
7	85 5
7	79 12
7	84 6
7	83 6
7	85 6
7	79 15
7	84 7
7	83 7
7	85 7
7	79 17
7	84 8
7	83 8
7	85 8
7	79 13
7	84 9
7	83 9
7	85 9
7	79 11
7	84 10
7	83 10
7	85 10
7	79 13
7	84 11
7	83 11
7	85 11
7	79 15
7	84 12
7	83 12
7	85 12
7	79 14
7	84 13
7	83 13
7	85 13
7	79 16
7	84 14
7	83 14
7	85 14
7	79 14
7	84 15
7	83 15
7	85 15
7	79 13
7	84 16
7	83 16
7	85 16
7	79 16
7	84 17
7	83 17
7	85 17
7	79 15
7	84 18
7	83 18
7	85 18
7	79 13
7	84 19
7	83 19
7	85 19
7	79 11
7	84 20
7	83 20
7	85 20
7	79 13
7	84 1
7	83 1
7	85 1
7	79 18
7	84 2
7	83 2
7	85 2
7	79 14
7	84 3
7	83 3
7	85 3
7	79 16
7	84 4
7	83 4
7	85 4
7	79 17
7	84 5
7	84 6
7	83 6
7	85 6
7	79 16
7	84 7
7	83 7
7	85 7
7	79 13
7	84 8
7	83 8
7	85 8
7	79 12
7	84 9
7	84 10
7	TEST_NUMBER 5
7	SENT_TOTAL 250
7	RECEIVED_TOTAL 240
7	TIME_TOTAL 29720
7	RECEIVED_RADIO_1 120
7	RECEIVED_RADIO_2 121
7	SENT_RADIO_1 125
7	SENT_RADIO_2 125
7	RADIO_TIME_1 19763
7	RADIO_TIME_2 29867
7	RETRANSMISSIONS_1 0
7	RETRANSMISSIONS_2 0
7	DROPPED_1 0
7	DROPPED_2 0
7	MAX_QUEUE 1
7	DUPLICATED_1 0
7	DUPLICATED_2 0
7	EBUSY_RADIO_1 0
7	EBUSY_RADIO_2 0
7	83 0
7	85 10
7	86 5
7	84 1
7	83 1
7	85 1
7	79 15
7	84 2
7	83 2
7	85 2
7	79 13
7	84 3
7	83 3
7	85 3
7	79 16
7	84 4
7	83 4
7	85 4
7	79 14
7	84 5
7	84 6
7	83 6
7	85 6
7	79 19
7	84 7
7	83 7
7	85 7
7	79 16
7	84 8
7	83 8
7	85 8
7	79 11
7	84 9
7	84 10
7	83 10
7	85 10
7	79 13
7	84 11
7	83 11
7	85 11
7	79 13
7	84 12
7	83 12
7	85 12
7	79 12
7	84 13
7	83 13
7	85 13
7	79 14
7	84 14
7	83 14
7	85 14
7	79 17
7	84 15
7	83 15
7	85 15
7	79 15
7	84 16
7	83 16
7	85 16
7	79 11
7	84 17
7	83 17
7	85 17
7	79 13
7	84 18
7	83 18
7	85 18
7	79 16
7	84 19
7	83 19
7	85 19
7	79 15
7	84 20
7	83 20
7	85 20
7	79 13
7	84 1
7	83 1
7	85 1
7	79 17
7	84 2
7	83 2
7	85 2
7	79 14
7	84 3
7	83 3
7	85 3
7	79 16
7	84 4
7	83 4
7	85 4
7	79 16
7	84 5
7	84 6
7	83 6
7	85 6
7	79 18
7	84 7
7	83 7
7	85 7
7	79 14
7	84 8
7	83 8
7	85 8
7	79 14
7	84 9
7	83 9
7	85 9
7	79 15
7	84 10
7	83 10
7	85 10
7	79 18
7	84 11
7	83 11
7	85 11
7	79 14
7	84 12
7	83 12
7	85 12
7	79 15
7	84 13
7	83 13
7	85 13
7	79 14
7	84 14
7	83 14
7	85 14
7	79 16
7	84 15
7	83 15
7	85 15
7	79 14
7	84 16
7	83 16
7	85 16
7	79 15
7	84 17
7	83 17
7	85 17
7	79 16
7	84 18
7	83 18
7	85 18
7	79 15
7	84 19
7	83 19
7	85 19
7	79 16
7	84 20
7	83 20
7	85 20
7	79 16
7	84 1
7	83 1
7	85 1
7	79 14
7	84 2
7	83 2
7	85 2
7	79 11
7	84 3
7	83 3
7	85 3
7	79 14
7	84 4
7	83 4
7	85 4
7	79 18
7	84 5
7	83 5
7	85 5
7	79 13
7	84 6
7	83 6
7	85 6
7	79 13
7	84 7
7	83 7
7	85 7
7	79 14
7	84 8
7	83 8
7	85 8
7	79 13
7	84 9
7	83 9
7	85 9
7	79 17
7	84 10
7	83 10
7	85 10
7	79 15
7	84 11
7	83 11
7	85 11
7	79 16
7	84 12
7	83 12
7	85 12
7	79 15
7	84 13
7	83 13
7	85 13
7	79 17
7	84 14
7	83 14
7	85 14
7	79 15
7	84 15
7	83 15
7	85 15
7	79 14
7	84 16
7	83 16
7	85 16
7	79 15
7	84 17
7	83 17
7	85 17
7	79 14
7	84 18
7	83 18
7	85 18
7	79 15
7	84 19
7	83 19
7	85 19
7	79 14
7	84 20
7	83 20
7	85 20
7	79 12
7	84 1
7	83 1
7	85 1
7	79 11
7	84 2
7	83 2
7	85 2
7	79 18
7	84 3
7	83 3
7	85 3
7	79 15
7	84 4
7	83 4
7	85 4
7	79 15
7	84 5
7	83 5
7	85 5
7	79 15
7	84 6
7	83 6
7	85 6
7	79 16
7	84 7
7	83 7
7	85 7
7	79 15
7	84 8
7	83 8
7	85 8
7	79 14
7	84 9
7	83 9
7	85 9
7	79 13
7	84 10
7	83 10
7	85 10
7	79 10
7	84 11
7	83 11
7	85 11
7	79 12
7	84 12
7	83 12
7	85 12
7	79 13
7	84 13
7	83 13
7	85 13
7	79 17
7	84 14
7	83 14
7	85 14
7	79 16
7	84 15
7	83 15
7	85 15
7	79 14
7	84 16
7	83 16
7	85 16
7	79 15
7	84 17
7	83 17
7	85 17
7	79 17
7	84 18
7	83 18
7	85 18
7	79 12
7	84 19
7	83 19
7	85 19
7	79 12
7	84 20
7	83 20
7	85 20
7	79 18
7	84 1
7	83 1
7	85 1
7	79 16
7	84 2
7	83 2
7	85 2
7	79 16
7	84 3
7	83 3
7	85 3
7	79 13
7	84 4
7	83 4
7	85 4
7	79 17
7	84 5
7	83 5
7	85 5
7	79 11
7	84 6
7	83 6
7	85 6
7	79 12
7	84 7
7	83 7
7	85 7
7	79 15
7	84 8
7	83 8
7	85 8
7	79 15
7	84 9
7	83 9
7	85 9
7	79 13
7	84 10
7	83 10
7	85 10
7	79 12
7	84 11
7	83 11
7	85 11
7	79 14
7	84 12
7	83 12
7	85 12
7	79 19
7	84 13
7	83 13
7	85 13
7	79 16
7	84 14
7	83 14
7	85 14
7	79 11
7	84 15
7	83 15
7	85 15
7	79 14
7	84 16
7	83 16
7	85 16
7	79 14
7	84 17
7	84 18
7	83 18
7	85 18
7	79 17
7	84 19
7	83 19
7	85 19
7	79 13
7	84 20
7	83 20
7	85 20
7	79 13
7	84 1
7	83 1
7	85 1
7	79 17
7	84 2
7	83 2
7	85 2
7	79 11
7	84 3
7	83 3
7	85 3
7	79 14
7	84 4
7	83 4
7	85 4
7	79 14
7	84 5
7	83 5
7	85 5
7	79 15
7	84 6
7	83 6
7	85 6
7	79 11
7	84 7
7	83 7
7	85 7
7	79 12
7	84 8
7	83 8
7	85 8
7	79 16
7	84 9
7	83 9
7	85 9
7	79 17
7	84 10
7	83 10
7	85 10
7	79 11
7	84 11
7	83 11
7	85 11
7	79 16
7	84 12
7	83 12
7	85 12
7	79 18
7	84 13
7	83 13
7	85 13
7	79 13
7	84 14
7	83 14
7	85 14
7	79 17
7	84 15
7	83 15
7	85 15
7	79 15
7	84 16
7	83 16
7	85 16
7	79 17
7	84 17
7	84 18
7	83 18
7	85 18
7	79 19
7	84 19
7	83 19
7	85 19
7	79 15
7	84 20
7	83 20
7	85 20
7	79 11
7	84 1
7	84 2
7	83 2
7	85 2
7	79 18
7	84 3
7	83 3
7	85 3
7	79 12
7	84 4
7	83 4
7	85 4
7	79 13
7	84 5
7	83 5
7	85 5
7	79 10
7	84 6
7	83 6
7	85 6
7	79 13
7	84 7
7	83 7
7	85 7
7	79 16
7	84 8
7	83 8
7	85 8
7	79 19
7	84 9
7	83 9
7	85 9
7	79 14
7	84 10
7	83 10
7	85 10
7	79 13
7	84 11
7	83 11
7	85 11
7	79 11
7	84 12
7	83 12
7	85 12
7	79 10
7	84 13
7	83 13
7	85 13
7	79 18
7	84 14
7	83 14
7	85 14
7	79 18
7	84 15
7	83 15
7	85 15
7	79 15
7	84 16
7	83 16
7	85 16
7	79 13
7	84 17
7	83 17
7	85 17
7	79 13
7	84 18
7	84 19
7	83 19
7	85 19
7	79 12
7	84 20
7	83 20
7	85 20
7	79 18
7	84 1
7	83 1
7	85 1
7	79 13
7	84 2
7	83 2
7	85 2
7	79 18
7	84 3
7	83 3
7	85 3
7	79 15
7	84 4
7	83 4
7	85 4
7	79 12
7	84 5
7	83 5
7	85 5
7	79 16
7	84 6
7	83 6
7	85 6
7	79 11
7	84 7
7	83 7
7	85 7
7	79 14
7	84 8
7	83 8
7	85 8
7	79 13
7	84 9
7	83 9
7	85 9
7	79 17
7	84 10
7	83 10
7	85 10
7	79 13
7	84 11
7	83 11
7	85 11
7	79 15
7	84 12
7	83 12
7	85 12
7	79 13
7	84 13
7	83 13
7	85 13
7	79 15
7	84 14
7	83 14
7	85 14
7	79 14
7	84 15
7	83 15
7	85 15
7	79 18
7	84 16
7	83 16
7	85 16
7	79 17
7	84 17
7	83 17
7	85 17
7	79 17
7	84 18
7	83 18
7	85 18
7	79 15
7	84 19
7	83 19
7	85 19
7	79 12
7	84 20
7	83 20
7	85 20
7	79 13
7	84 1
7	83 1
7	85 1
7	79 16
7	84 2
7	83 2
7	85 2
7	79 14
7	84 3
7	83 3
7	85 3
7	79 12
7	84 4
7	83 4
7	85 4
7	79 16
7	84 5
7	83 5
7	85 5
7	79 17
7	84 6
7	83 6
7	85 6
7	79 16
7	84 7
7	83 7
7	85 7
7	79 16
7	84 8
7	83 8
7	85 8
7	79 17
7	84 9
7	83 9
7	85 9
7	79 13
7	84 10
7	83 10
7	85 10
7	79 15
7	84 11
7	83 11
7	85 11
7	79 17
7	84 12
7	83 12
7	85 12
7	79 15
7	84 13
7	83 13
7	85 13
7	79 16
7	84 14
7	83 14
7	85 14
7	79 14
7	84 15
7	83 15
7	85 15
7	79 18
7	84 16
7	83 16
7	85 16
7	79 18
7	84 17
7	83 17
7	85 17
7	79 17
7	84 18
7	83 18
7	85 18
7	79 16
7	84 19
7	83 19
7	85 19
7	79 15
7	84 20
7	83 20
7	85 20
7	79 18
7	84 1
7	83 1
7	85 1
7	79 13
7	84 2
7	83 2
7	85 2
7	79 14
7	84 3
7	83 3
7	85 3
7	79 12
7	84 4
7	83 4
7	85 4
7	79 17
7	84 5
7	83 5
7	85 5
7	79 11
7	84 6
7	83 6
7	85 6
7	79 10
7	84 7
7	83 7
7	85 7
7	79 17
7	84 8
7	83 8
7	85 8
7	79 15
7	84 9
7	83 9
7	85 9
7	79 13
7	84 10
7	83 10
7	85 10
7	79 15
7	84 11
7	83 11
7	85 11
7	79 18
7	84 12
7	83 12
7	85 12
7	79 16
7	84 13
7	83 13
7	85 13
7	79 17
7	84 14
7	83 14
7	85 14
7	79 11
7	84 15
7	83 15
7	85 15
7	79 15
7	84 16
7	83 16
7	85 16
7	79 17
7	84 17
7	83 17
7	85 17
7	79 12
7	84 18
7	83 18
7	85 18
7	79 11
