
13	RELAY_NODE 13
13	TEST_NUMBER 0
13	SENT_TOTAL 0
13	RECEIVED_TOTAL 0
13	TIME_TOTAL 0
13	RECEIVED_RADIO_1 123
13	RECEIVED_RADIO_2 123
13	SENT_RADIO_1 123
13	SENT_RADIO_2 123
13	RADIO_TIME_1 19853
13	RADIO_TIME_2 19853
13	RETRANSMISSIONS_1 1
13	RETRANSMISSIONS_2 1
13	DROPPED_1 0
13	DROPPED_2 0
13	MAX_QUEUE 1
13	DUPLICATED_1 3
13	DUPLICATED_2 2
13	EBUSY_RADIO_1 0
13	EBUSY_RADIO_2 0
13	TEST_NUMBER 1
13	SENT_TOTAL 0
13	RECEIVED_TOTAL 0
13	TIME_TOTAL 0
13	RECEIVED_RADIO_1 124
13	RECEIVED_RADIO_2 124
13	SENT_RADIO_1 124
13	SENT_RADIO_2 124
13	RADIO_TIME_1 19776
13	RADIO_TIME_2 19776
13	RETRANSMISSIONS_1 0
13	RETRANSMISSIONS_2 4
13	DROPPED_1 0
13	DROPPED_2 0
13	MAX_QUEUE 1
13	DUPLICATED_1 1
13	DUPLICATED_2 0
13	EBUSY_RADIO_1 0
13	EBUSY_RADIO_2 0
13	TEST_NUMBER 2
13	SENT_TOTAL 0
13	RECEIVED_TOTAL 0
13	TIME_TOTAL 0
13	RECEIVED_RADIO_1 125
13	RECEIVED_RADIO_2 124
13	SENT_RADIO_1 124
13	SENT_RADIO_2 125
13	RADIO_TIME_1 19863
13	RADIO_TIME_2 19863
13	RETRANSMISSIONS_1 0
13	RETRANSMISSIONS_2 2
13	DROPPED_1 0
13	DROPPED_2 0
13	MAX_QUEUE 1
13	DUPLICATED_1 1
13	DUPLICATED_2 1
13	EBUSY_RADIO_1 0
13	EBUSY_RADIO_2 0
13	TEST_NUMBER 3
13	SENT_TOTAL 0
13	RECEIVED_TOTAL 0
13	TIME_TOTAL 0
13	RECEIVED_RADIO_1 124
13	RECEIVED_RADIO_2 124
13	SENT_RADIO_1 124
13	SENT_RADIO_2 124
13	RADIO_TIME_1 19763
13	RADIO_TIME_2 19763
13	RETRANSMISSIONS_1 0
13	RETRANSMISSIONS_2 2
13	DROPPED_1 0
13	DROPPED_2 0
13	MAX_QUEUE 1
13	DUPLICATED_1 1
13	DUPLICATED_2 2
13	EBUSY_RADIO_1 0
13	EBUSY_RADIO_2 0
13	TEST_NUMBER 4
13	SENT_TOTAL 0
13	RECEIVED_TOTAL 0
13	TIME_TOTAL 0
13	RECEIVED_RADIO_1 125
13	RECEIVED_RADIO_2 122
13	SENT_RADIO_1 122
13	SENT_RADIO_2 125
13	RADIO_TIME_1 19754
13	RADIO_TIME_2 19754
13	RETRANSMISSIONS_1 0
13	RETRANSMISSIONS_2 4
13	DROPPED_1 0
13	DROPPED_2 0
13	MAX_QUEUE 1
13	DUPLICATED_1 0
13	DUPLICATED_2 2
13	EBUSY_RADIO_1 0
13	EBUSY_RADIO_2 0
13	TEST_NUMBER 5
13	SENT_TOTAL 0
13	RECEIVED_TOTAL 0
13	TIME_TOTAL 0
13	RECEIVED_RADIO_1 125
13	RECEIVED_RADIO_2 124
13	SENT_RADIO_1 124
13	SENT_RADIO_2 125
13	RADIO_TIME_1 19777
13	RADIO_TIME_2 19777
13	RETRANSMISSIONS_1 0
13	RETRANSMISSIONS_2 3
13	DROPPED_1 0
13	DROPPED_2 0
13	MAX_QUEUE 1
13	DUPLICATED_1 0
13	DUPLICATED_2 1
13	EBUSY_RADIO_1 0
13	EBUSY_RADIO_2 0
13	TEST_NUMBER 6
13	SENT_TOTAL 0
13	RECEIVED_TOTAL 0
13	TIME_TOTAL 0
13	RECEIVED_RADIO_1 124
13	RECEIVED_RADIO_2 125
13	SENT_RADIO_1 125
13	SENT_RADIO_2 124
13	RADIO_TIME_1 19862
13	RADIO_TIME_2 19862
13	RETRANSMISSIONS_1 0
13	RETRANSMISSIONS_2 3
13	DROPPED_1 0
13	DROPPED_2 0
13	MAX_QUEUE 1
13	DUPLICATED_1 3
13	DUPLICATED_2 0
13	EBUSY_RADIO_1 0
13	EBUSY_RADIO_2 0

15	DESTINATION_NODE 15
15	TEST_NUMBER 0
15	SENT_TOTAL 241
15	RECEIVED_TOTAL 241
15	TIME_TOTAL 19209
15	RECEIVED_RADIO_1 119
15	RECEIVED_RADIO_2 122
15	SENT_RADIO_1 119
15	SENT_RADIO_2 122
15	RADIO_TIME_1 19118
15	RADIO_TIME_2 19209
15	RETRANSMISSIONS_1 3
15	RETRANSMISSIONS_2 0
15	DROPPED_1 0
15	DROPPED_2 0
15	MAX_QUEUE 1
15	DUPLICATED_1 0
15	DUPLICATED_2 1
15	EBUSY_RADIO_1 0
15	EBUSY_RADIO_2 0
15	86 0
15	86 0
15	86 0
15	86 0
15	86 0
15	86 0
15	86 0
15	86 0
15	TEST_NUMBER 1
15	SENT_TOTAL 249
15	RECEIVED_TOTAL 241
15	TIME_TOTAL 29822
15	RECEIVED_RADIO_1 124
15	RECEIVED_RADIO_2 125
15	SENT_RADIO_1 124
15	SENT_RADIO_2 125
15	RADIO_TIME_1 29814
15	RADIO_TIME_2 29730
15	RETRANSMISSIONS_1 1
15	RETRANSMISSIONS_2 0
15	DROPPED_1 0
15	DROPPED_2 0
15	MAX_QUEUE 1
15	DUPLICATED_1 0
15	DUPLICATED_2 1
15	EBUSY_RADIO_1 0
15	EBUSY_RADIO_2 0
15	86 1
15	86 1
15	86 1
15	86 1
15	86 1
15	86 1
15	86 1
15	86 1
15	TEST_NUMBER 2
15	SENT_TOTAL 250
15	RECEIVED_TOTAL 242
15	TIME_TOTAL 29805
15	RECEIVED_RADIO_1 124
15	RECEIVED_RADIO_2 126
15	SENT_RADIO_1 125
15	SENT_RADIO_2 125
15	RADIO_TIME_1 29805
15	RADIO_TIME_2 29647
15	RETRANSMISSIONS_1 1
15	RETRANSMISSIONS_2 0
15	DROPPED_1 0
15	DROPPED_2 0
15	MAX_QUEUE 1
15	DUPLICATED_1 0
15	DUPLICATED_2 0
15	EBUSY_RADIO_1 0
15	EBUSY_RADIO_2 0
15	86 2
15	86 2
15	86 2
15	86 2
15	86 2
15	86 2
15	86 2
15	86 2
15	TEST_NUMBER 3
15	SENT_TOTAL 250
15	RECEIVED_TOTAL 242
15	TIME_TOTAL 29794
15	RECEIVED_RADIO_1 124
15	RECEIVED_RADIO_2 126
15	SENT_RADIO_1 124
15	SENT_RADIO_2 126
15	RADIO_TIME_1 29728
15	RADIO_TIME_2 29794
15	RETRANSMISSIONS_1 1
15	RETRANSMISSIONS_2 0
15	DROPPED_1 0
15	DROPPED_2 0
15	MAX_QUEUE 1
15	DUPLICATED_1 0
15	DUPLICATED_2 0
15	EBUSY_RADIO_1 0
15	EBUSY_RADIO_2 0
15	86 3
15	86 3
15	86 3
15	86 3
15	86 3
15	86 3
15	86 3
15	86 3
15	TEST_NUMBER 4
15	SENT_TOTAL 250
15	RECEIVED_TOTAL 242
15	TIME_TOTAL 29803
15	RECEIVED_RADIO_1 122
15	RECEIVED_RADIO_2 128
15	SENT_RADIO_1 125
15	SENT_RADIO_2 125
15	RADIO_TIME_1 29711
15	RADIO_TIME_2 29803
15	RETRANSMISSIONS_1 0
15	RETRANSMISSIONS_2 0
15	DROPPED_1 0
15	DROPPED_2 0
15	MAX_QUEUE 1
15	DUPLICATED_1 0
15	DUPLICATED_2 1
15	EBUSY_RADIO_1 0
15	EBUSY_RADIO_2 0
15	86 4
15	86 4
15	86 4
15	86 4
15	86 4
15	86 4
15	86 4
15	86 4
15	TEST_NUMBER 5
15	SENT_TOTAL 250
15	RECEIVED_TOTAL 242
15	TIME_TOTAL 29819
15	RECEIVED_RADIO_1 124
15	RECEIVED_RADIO_2 126
15	SENT_RADIO_1 125
15	SENT_RADIO_2 125
15	RADIO_TIME_1 29725
15	RADIO_TIME_2 29726
15	RETRANSMISSIONS_1 0
15	RETRANSMISSIONS_2 0
15	DROPPED_1 0
15	DROPPED_2 0
15	MAX_QUEUE 1
15	DUPLICATED_1 0
15	DUPLICATED_2 0
15	EBUSY_RADIO_1 0
15	EBUSY_RADIO_2 0
15	86 5
15	86 5
15	86 5
15	86 5
15	86 5
15	86 5
15	86 5
15	86 5
15	TEST_NUMBER 6
15	SENT_TOTAL 250
15	RECEIVED_TOTAL 242
15	TIME_TOTAL 29804
15	RECEIVED_RADIO_1 125
15	RECEIVED_RADIO_2 125
15	SENT_RADIO_1 124
15	SENT_RADIO_2 126
15	RADIO_TIME_1 29804
15	RADIO_TIME_2 29643
15	RETRANSMISSIONS_1 3
15	RETRANSMISSIONS_2 0
15	DROPPED_1 0
15	DROPPED_2 0
15	MAX_QUEUE 1
15	DUPLICATED_1 0
15	DUPLICATED_2 2
15	EBUSY_RADIO_1 0
15	EBUSY_RADIO_2 0
15	86 6
15	86 6
15	86 6
15	86 6
15	86 6
15	86 6
15	86 6
15	86 6

16	RELAY_NODE 16
16	TEST_NUMBER 0
16	SENT_TOTAL 0
16	RECEIVED_TOTAL 0
16	TIME_TOTAL 0
16	RECEIVED_RADIO_1 127
16	RECEIVED_RADIO_2 126
16	SENT_RADIO_1 126
16	SENT_RADIO_2 126
16	RADIO_TIME_1 19873
16	RADIO_TIME_2 19873
16	RETRANSMISSIONS_1 32
16	RETRANSMISSIONS_2 1
16	DROPPED_1 1
16	DROPPED_2 0
16	MAX_QUEUE 2
16	DUPLICATED_1 0
16	DUPLICATED_2 0
16	EBUSY_RADIO_1 0
16	EBUSY_RADIO_2 0
16	TEST_NUMBER 1
16	SENT_TOTAL 0
16	RECEIVED_TOTAL 0
16	TIME_TOTAL 0
16	RECEIVED_RADIO_1 126
16	RECEIVED_RADIO_2 125
16	SENT_RADIO_1 124
16	SENT_RADIO_2 125
16	RADIO_TIME_1 19776
16	RADIO_TIME_2 19776
16	RETRANSMISSIONS_1 18
16	RETRANSMISSIONS_2 1
16	DROPPED_1 1
16	DROPPED_2 0
16	MAX_QUEUE 2
16	DUPLICATED_1 1
16	DUPLICATED_2 0
16	EBUSY_RADIO_1 0
16	EBUSY_RADIO_2 0
16	TEST_NUMBER 2
16	SENT_TOTAL 0
16	RECEIVED_TOTAL 0
16	TIME_TOTAL 0
16	RECEIVED_RADIO_1 126
16	RECEIVED_RADIO_2 125
16	SENT_RADIO_1 126
16	SENT_RADIO_2 126
16	RADIO_TIME_1 19693
16	RADIO_TIME_2 19693
16	RETRANSMISSIONS_1 14
16	RETRANSMISSIONS_2 0
16	DROPPED_1 0
16	DROPPED_2 0
16	MAX_QUEUE 1
16	DUPLICATED_1 3
16	DUPLICATED_2 0
16	EBUSY_RADIO_1 0
16	EBUSY_RADIO_2 0
16	TEST_NUMBER 3
16	SENT_TOTAL 0
16	RECEIVED_TOTAL 0
16	TIME_TOTAL 0
16	RECEIVED_RADIO_1 126
16	RECEIVED_RADIO_2 126
16	SENT_RADIO_1 126
16	SENT_RADIO_2 126
16	RADIO_TIME_1 19843
16	RADIO_TIME_2 19843
16	RETRANSMISSIONS_1 11
16	RETRANSMISSIONS_2 0
16	DROPPED_1 0
16	DROPPED_2 0
16	MAX_QUEUE 1
16	DUPLICATED_1 1
16	DUPLICATED_2 0
16	EBUSY_RADIO_1 0
16	EBUSY_RADIO_2 0
16	TEST_NUMBER 4
16	SENT_TOTAL 0
16	RECEIVED_TOTAL 0
16	TIME_TOTAL 0
16	RECEIVED_RADIO_1 128
16	RECEIVED_RADIO_2 125
16	SENT_RADIO_1 125
16	SENT_RADIO_2 128
16	RADIO_TIME_1 19862
16	RADIO_TIME_2 19862
16	RETRANSMISSIONS_1 16
16	RETRANSMISSIONS_2 1
16	DROPPED_1 0
16	DROPPED_2 0
16	MAX_QUEUE 1
16	DUPLICATED_1 3
16	DUPLICATED_2 0
16	EBUSY_RADIO_1 0
16	EBUSY_RADIO_2 0
16	TEST_NUMBER 5
16	SENT_TOTAL 0
16	RECEIVED_TOTAL 0
16	TIME_TOTAL 0
16	RECEIVED_RADIO_1 126
16	RECEIVED_RADIO_2 125
16	SENT_RADIO_1 125
16	SENT_RADIO_2 126
16	RADIO_TIME_1 19781
16	RADIO_TIME_2 19781
16	RETRANSMISSIONS_1 7
16	RETRANSMISSIONS_2 0
16	DROPPED_1 0
16	DROPPED_2 0
16	MAX_QUEUE 1
16	DUPLICATED_1 2
16	DUPLICATED_2 0
16	EBUSY_RADIO_1 0
16	EBUSY_RADIO_2 0
16	TEST_NUMBER 6
16	SENT_TOTAL 0
16	RECEIVED_TOTAL 0
16	TIME_TOTAL 0
16	RECEIVED_RADIO_1 125
16	RECEIVED_RADIO_2 126
16	SENT_RADIO_1 126
16	SENT_RADIO_2 125
16	RADIO_TIME_1 19710
16	RADIO_TIME_2 19702
16	RETRANSMISSIONS_1 14
16	RETRANSMISSIONS_2 2
16	DROPPED_1 0
16	DROPPED_2 0
16	MAX_QUEUE 1
16	DUPLICATED_1 2
16	DUPLICATED_2 0
16	EBUSY_RADIO_1 0
16	EBUSY_RADIO_2 0

19	RELAY_NODE 19
19	TEST_NUMBER 0
19	SENT_TOTAL 0
19	RECEIVED_TOTAL 0
19	TIME_TOTAL 0
19	RECEIVED_RADIO_1 126
19	RECEIVED_RADIO_2 127
19	SENT_RADIO_1 127
19	SENT_RADIO_2 126
19	RADIO_TIME_1 19886
19	RADIO_TIME_2 19886
19	RETRANSMISSIONS_1 11
19	RETRANSMISSIONS_2 3
19	DROPPED_1 0
19	DROPPED_2 0
19	MAX_QUEUE 1
19	DUPLICATED_1 6
19	DUPLICATED_2 0
19	EBUSY_RADIO_1 0
19	EBUSY_RADIO_2 0
19	TEST_NUMBER 1
19	SENT_TOTAL 0
19	RECEIVED_TOTAL 0
19	TIME_TOTAL 0
19	RECEIVED_RADIO_1 125
19	RECEIVED_RADIO_2 126
19	SENT_RADIO_1 126
19	SENT_RADIO_2 125
19	RADIO_TIME_1 19789
19	RADIO_TIME_2 19789
19	RETRANSMISSIONS_1 9
19	RETRANSMISSIONS_2 0
19	DROPPED_1 0
19	DROPPED_2 0
19	MAX_QUEUE 1
19	DUPLICATED_1 4
19	DUPLICATED_2 1
19	EBUSY_RADIO_1 0
19	EBUSY_RADIO_2 0
19	TEST_NUMBER 2
19	SENT_TOTAL 0
19	RECEIVED_TOTAL 0
19	TIME_TOTAL 0
19	RECEIVED_RADIO_1 125
19	RECEIVED_RADIO_2 126
19	SENT_RADIO_1 126
19	SENT_RADIO_2 125
19	RADIO_TIME_1 19704
19	RADIO_TIME_2 19704
19	RETRANSMISSIONS_1 10
19	RETRANSMISSIONS_2 2
19	DROPPED_1 0
19	DROPPED_2 0
19	MAX_QUEUE 1
19	DUPLICATED_1 10
19	DUPLICATED_2 0
19	EBUSY_RADIO_1 0
19	EBUSY_RADIO_2 0
19	TEST_NUMBER 3
19	SENT_TOTAL 0
19	RECEIVED_TOTAL 0
19	TIME_TOTAL 0
19	RECEIVED_RADIO_1 126
19	RECEIVED_RADIO_2 126
19	SENT_RADIO_1 126
19	SENT_RADIO_2 126
19	RADIO_TIME_1 19856
19	RADIO_TIME_2 19856
19	RETRANSMISSIONS_1 6
19	RETRANSMISSIONS_2 1
19	DROPPED_1 0
19	DROPPED_2 0
19	MAX_QUEUE 1
19	DUPLICATED_1 6
19	DUPLICATED_2 0
19	EBUSY_RADIO_1 0
19	EBUSY_RADIO_2 0
19	TEST_NUMBER 4
19	SENT_TOTAL 0
19	RECEIVED_TOTAL 0
19	TIME_TOTAL 0
19	RECEIVED_RADIO_1 125
19	RECEIVED_RADIO_2 128
19	SENT_RADIO_1 128
19	SENT_RADIO_2 125
19	RADIO_TIME_1 19873
19	RADIO_TIME_2 19873
19	RETRANSMISSIONS_1 13
19	RETRANSMISSIONS_2 0
19	DROPPED_1 0
19	DROPPED_2 0
19	MAX_QUEUE 1
19	DUPLICATED_1 6
19	DUPLICATED_2 0
19	EBUSY_RADIO_1 0
19	EBUSY_RADIO_2 0
19	TEST_NUMBER 5
19	SENT_TOTAL 0
19	RECEIVED_TOTAL 0
19	TIME_TOTAL 0
19	RECEIVED_RADIO_1 125
19	RECEIVED_RADIO_2 126
19	SENT_RADIO_1 126
19	SENT_RADIO_2 125
19	RADIO_TIME_1 19794
19	RADIO_TIME_2 19794
19	RETRANSMISSIONS_1 10
19	RETRANSMISSIONS_2 0
19	DROPPED_1 0
19	DROPPED_2 0
19	MAX_QUEUE 1
19	DUPLICATED_1 2
19	DUPLICATED_2 0
19	EBUSY_RADIO_1 0
19	EBUSY_RADIO_2 0
19	TEST_NUMBER 6
19	SENT_TOTAL 0
19	RECEIVED_TOTAL 0
19	TIME_TOTAL 0
19	RECEIVED_RADIO_1 126
19	RECEIVED_RADIO_2 125
19	SENT_RADIO_1 125
19	SENT_RADIO_2 126
19	RADIO_TIME_1 19722
19	RADIO_TIME_2 19722
19	RETRANSMISSIONS_1 14
19	RETRANSMISSIONS_2 1
19	DROPPED_1 0
19	DROPPED_2 0
19	MAX_QUEUE 1
19	DUPLICATED_1 7
19	DUPLICATED_2 0
19	EBUSY_RADIO_1 0
19	EBUSY_RADIO_2 0

21	SOURCE_NODE 21
21	84 1
21	83 1
21	85 1
21	79 29
21	84 2
21	83 2
21	85 2
21	79 29
21	84 3
21	83 3
21	85 3
21	79 41
21	84 4
21	84 5
21	83 5
21	85 5
21	79 41
21	84 6
21	83 6
21	85 4
21	79 205
21	83 6
21	85 6
21	79 59
21	84 7
21	84 8
21	83 8
21	85 8
21	79 28
21	84 9
21	83 9
21	85 9
21	79 46
21	83 9
21	85 7
21	79 221
21	84 10
21	83 10
21	85 10
21	79 59
21	84 11
21	83 11
21	85 11
21	79 52
21	84 12
21	83 12
21	85 12
21	79 39
21	84 13
21	83 13
21	85 13
21	79 43
21	84 14
21	83 14
21	85 14
21	79 41
21	84 15
21	83 15
21	85 15
21	79 40
21	84 16
21	83 16
21	85 16
21	79 38
21	84 17
21	83 17
21	85 17
21	79 42
21	84 18
21	83 18
21	85 18
21	79 40
21	84 19
21	83 19
21	85 19
21	79 41
21	84 20
21	83 20
21	85 20
21	79 40
21	84 1
21	83 1
21	85 1
21	79 36
21	84 2
21	83 2
21	85 2
21	79 41
21	84 3
21	83 3
21	85 3
21	79 39
21	84 4
21	83 4
21	85 4
21	79 46
21	84 5
21	83 5
21	85 5
21	79 38
21	84 6
21	83 6
21	85 6
21	79 37
21	84 7
21	84 8
21	84 9
21	83 9
21	85 9
21	79 30
21	84 10
21	83 10
21	85 10
21	79 48
21	83 10
21	85 7
21	79 300
21	83 10
21	85 8
21	79 229
21	84 11
21	84 12
21	83 12
21	85 11
21	79 145
21	84 13
21	83 13
21	85 13
21	79 30
21	84 14
21	83 14
21	85 12
21	79 206
21	83 14
21	85 14
21	79 62
21	84 15
21	83 15
21	85 15
21	79 33
21	84 16
21	83 16
21	85 16
21	79 52
21	84 17
21	83 17
21	85 17
21	79 29
21	84 18
21	84 19
21	83 19
21	85 19
21	79 37
21	84 20
21	83 20
21	85 18
21	79 199
21	83 20
21	85 20
21	79 66
21	84 1
21	83 1
21	85 1
21	79 31
21	84 2
21	83 2
21	85 2
21	79 55
21	84 3
21	83 3
21	85 3
21	79 26
21	84 4
21	83 4
21	85 4
21	79 54
21	84 5
21	83 5
21	85 5
21	79 29
21	84 6
21	83 6
21	85 6
21	79 56
21	84 7
21	83 7
21	85 7
21	79 31
21	84 8
21	84 9
21	83 9
21	85 9
21	79 45
21	84 10
21	83 10
21	85 8
21	79 200
21	83 10
21	85 10
21	79 66
21	84 11
21	83 11
21	85 11
21	79 25
21	84 12
21	83 12
21	85 12
21	79 56
21	84 13
21	83 13
21	85 13
21	79 27
21	84 14
21	83 14
21	85 14
21	79 54
21	84 15
21	83 15
21	85 15
21	79 27
21	84 16
21	83 16
21	85 16
21	79 52
21	84 17
21	83 17
21	85 17
21	79 34
21	84 18
21	83 18
21	85 18
21	79 57
21	84 19
21	83 19
21	85 19
21	79 36
21	84 20
21	83 20
21	85 20
21	79 52
21	84 1
21	83 1
21	85 1
21	79 31
21	84 2
21	83 2
21	85 2
21	79 54
21	84 3
21	83 3
21	85 3
21	79 24
21	84 4
21	83 4
21	85 4
21	79 55
21	84 5
21	83 5
21	85 5
21	79 32
21	84 6
21	83 6
21	85 6
21	79 53
21	84 7
21	83 7
21	85 7
21	79 31
21	84 8
21	83 8
21	85 8
21	79 54
21	84 9
21	83 9
21	85 9
21	79 32
21	84 10
21	83 10
21	85 10
21	79 51
21	84 11
21	83 11
21	85 11
21	79 31
21	84 12
21	83 12
21	85 12
21	79 55
21	84 13
21	83 13
21	85 13
21	79 28
21	84 14
21	83 14
21	85 14
21	79 49
21	84 15
21	83 15
21	85 15
21	79 26
21	84 16
21	83 16
21	85 16
21	79 53
21	84 17
21	83 17
21	85 17
21	79 32
21	84 18
21	83 18
21	85 18
21	79 52
21	84 19
21	83 19
21	85 19
21	79 31
21	84 20
21	84 1
21	84 2
21	83 2
21	85 20
21	79 201
21	83 2
21	85 1
21	79 140
21	83 2
21	85 2
21	79 77
21	84 3
21	83 3
21	85 3
21	79 28
21	84 4
21	83 4
21	85 4
21	79 55
21	84 5
21	83 5
21	85 5
21	79 30
21	84 6
21	83 6
21	85 6
21	79 62
21	84 7
21	83 7
21	85 7
21	79 26
21	84 8
21	83 8
21	85 8
21	79 53
21	84 9
21	83 9
21	85 9
21	79 26
21	84 10
21	84 11
21	83 11
21	85 11
21	79 35
21	84 12
21	83 12
21	85 10
21	79 199
21	83 12
21	85 12
21	79 54
21	84 13
21	83 13
21	85 13
21	79 30
21	84 14
21	83 14
21	85 14
21	79 54
21	84 15
21	83 15
21	85 15
21	79 29
21	84 16
21	83 16
21	85 16
21	79 51
21	84 17
21	83 17
21	85 17
21	79 26
21	84 18
21	83 18
21	85 18
21	79 49
21	84 19
21	83 19
21	85 19
21	79 31
21	84 20
21	83 20
21	85 20
21	79 50
21	84 1
21	83 1
21	85 1
21	79 24
21	84 2
21	83 2
21	85 2
21	79 53
21	84 3
21	83 3
21	85 3
21	79 22
21	84 4
21	83 4
21	85 4
21	79 54
21	84 5
21	83 5
21	85 5
21	79 31
21	84 6
21	83 6
21	85 6
21	79 54
21	84 7
21	83 7
21	85 7
21	79 28
21	84 8
21	83 8
21	85 8
21	79 49
21	84 9
21	84 10
21	83 10
21	85 10
21	79 48
21	84 11
21	83 11
21	85 9
21	79 185
21	83 11
21	85 11
21	79 35
21	84 12
21	84 13
21	83 13
21	85 13
21	79 38
21	84 14
21	83 14
21	85 12
21	79 204
21	83 14
21	85 14
21	79 65
21	84 15
21	84 16
21	83 16
21	85 16
21	79 39
21	84 17
21	83 17
21	85 15
21	79 198
21	83 17
21	85 17
21	79 52
21	84 18
21	83 18
21	85 18
21	79 35
21	84 19
21	83 19
21	85 19
21	79 36
21	84 20
21	83 20
21	85 20
21	79 39
21	84 1
21	83 1
21	85 1
21	79 40
21	84 2
21	83 2
21	85 2
21	79 40
21	84 3
21	83 3
21	85 3
21	79 37
21	84 4
21	83 4
21	85 4
21	79 36
21	84 5
21	83 5
21	85 5
21	79 43
21	84 6
21	83 6
21	85 6
21	79 41
21	84 7
21	84 8
21	83 8
21	85 8
21	79 42
21	84 9
21	84 10
21	83 10
21	85 7
21	79 290
21	83 10
21	85 10
21	79 62
21	84 11
21	83 11
21	85 9
21	79 194
21	83 11
21	85 11
21	79 48
21	84 12
21	83 12
21	85 12
21	79 36
21	84 13
21	83 13
21	85 13
21	79 37
21	84 14
21	83 14
21	85 14
21	79 43
21	84 15
21	83 15
21	85 15
21	79 37
21	84 16
21	83 16
21	85 16
21	79 41
21	84 17
21	83 17
21	85 17
21	79 38
21	84 18
21	83 18
21	85 18
21	79 37
21	84 19
21	84 20
21	83 20
21	85 20
21	79 37
21	84 1
21	83 1
21	85 19
21	79 199
21	83 1
21	85 1
21	79 45
21	84 2
21	83 2
21	85 2
21	79 47
21	84 3
21	84 4
21	83 4
21	85 4
21	79 36
21	84 5
21	83 5
21	85 3
21	79 197
21	83 5
21	85 5
21	79 50
21	84 6
21	83 6
21	85 6
21	79 37
21	84 7
21	84 8
21	83 8
21	85 8
21	79 36
21	84 9
21	83 9
21	85 7
21	79 201
21	83 9
21	85 9
21	79 52
21	84 10
21	83 10
21	85 10
21	79 40
21	84 11
21	83 11
21	85 11
21	79 38
21	84 12
21	83 12
21	85 12
21	79 37
21	84 13
21	83 13
21	85 13
21	79 37
21	84 14
21	84 15
21	83 15
21	85 15
21	79 28
21	84 16
21	83 16
21	85 16
21	79 57
21	83 16
21	85 14
21	79 219
21	84 17
21	83 17
21	85 17
21	79 57
21	84 18
21	83 18
21	85 18
21	79 38
21	84 19
21	83 19
21	85 19
21	79 38
21	84 20
21	83 20
21	85 20
21	79 41
21	84 1
21	83 1
21	85 1
21	79 37
21	84 2
21	83 2
21	85 2
21	79 40
21	84 3
21	84 4
21	83 4
21	85 4
21	79 46
21	84 5
21	83 5
21	85 3
21	79 202
21	83 5
21	85 5
21	79 61
21	84 6
21	83 6
21	85 6
21	79 41
21	84 7
21	83 7
21	85 7
21	79 39
21	84 8
21	83 8
21	85 8
21	79 40
21	84 9
21	83 9
21	85 9
21	79 38
21	84 10
21	83 10
21	85 10
21	79 44
21	84 11
21	83 11
21	85 11
21	79 44
21	84 12
21	83 12
21	85 12
21	79 44
21	84 13
21	83 13
21	85 13
21	79 36
21	84 14
21	84 15
21	83 15
21	85 15
21	79 29
21	84 16
21	83 16
21	85 14
21	79 218
21	83 16
21	85 16
21	79 59
21	84 17
21	83 17
21	85 17
21	79 48
21	84 18
21	83 18
21	85 18
21	79 37
21	84 19
21	83 19
21	85 19
21	79 35
21	84 20
21	83 20
21	85 20
21	79 36
21	84 1
21	83 1
21	85 1
21	79 33
21	84 2
21	83 2
21	85 2
21	79 37
21	84 3
21	84 4
21	83 4
21	85 4
21	79 35
21	84 5
21	83 5
21	85 3
21	79 198
21	83 5
21	85 5
21	79 59
21	84 6
21	83 6
21	85 6
21	79 39
21	84 7
21	83 7
21	85 7
21	79 53
21	84 8
21	83 8
21	85 8
21	79 37
21	84 9
21	83 9
21	85 9
21	79 41
21	84 10
21	83 10
21	85 10
21	79 43
21	84 11
21	84 12
21	83 12
21	85 12
21	79 43
21	84 13
21	83 13
21	85 11
21	79 197
21	83 13
21	85 13
21	79 48
21	84 14
21	83 14
21	85 14
21	79 37
21	84 15
21	83 15
21	85 15
21	79 38
21	84 16
21	83 16
21	85 16
21	79 34
21	84 17
21	83 17
21	85 17
21	79 47
21	84 18
21	83 18
21	85 18
21	79 36
21	84 19
21	84 20
21	83 20
21	85 20
21	79 51
21	84 1
21	83 1
21	85 19
21	79 190
21	83 1
21	85 1
21	79 58
21	84 2
21	83 2
21	85 2
21	79 29
21	84 3
21	83 3
21	85 3
21	79 59
21	84 4
21	83 4
21	85 4
21	79 29
21	84 5
21	83 5
21	85 5
21	79 53
21	84 6
21	83 6
21	85 6
21	79 31
21	84 7
21	84 8
21	83 8
21	85 8
21	79 29
21	84 9
21	83 9
21	85 7
21	79 218
21	83 9
21	85 9
21	79 68
21	84 10
21	83 10
21	85 10
21	79 30
21	84 11
21	83 11
21	85 11
21	79 50
21	84 12
21	83 12
21	85 12
21	79 46
21	84 13
21	83 13
21	85 13
21	79 42
21	84 14
21	83 14
21	85 14
21	79 34
21	84 15
21	83 15
21	85 15
21	79 46
21	84 16
21	84 17
21	83 17
21	85 17
21	79 26
21	84 18
21	84 19
21	83 19
21	85 19
21	79 27
21	84 20
21	83 20
21	85 16
21	79 324
21	83 20
21	85 20
21	79 50
21	84 1
21	83 1
21	85 1
21	79 24
21	84 2
21	83 2
21	85 2
21	79 49
21	84 3
21	83 3
21	85 3
21	79 31
21	84 4
21	83 4
21	85 4
21	79 56
21	84 5
21	83 5
21	85 5
21	79 28
21	84 6
21	83 6
21	85 6
21	79 47
21	84 7
21	83 7
21	85 7
21	79 32
21	84 8
21	83 8
21	85 8
21	79 55
21	84 9
21	83 9
21	85 9
21	79 28
21	84 10
21	83 10
21	85 10
21	79 53
21	84 11
21	83 11
21	85 11
21	79 28
21	84 12
21	83 12
21	85 12
21	79 52
21	84 13
21	83 13
21	85 13
21	79 31
21	84 14
21	83 14
21	85 14
21	79 51
21	84 15
21	83 15
21	85 15
21	79 27
21	84 16
21	83 16
21	85 16
21	79 56
21	84 17
21	83 17
21	85 17
21	79 27
21	84 18
21	84 19
21	83 19
21	85 19
21	79 27
21	84 20
21	83 20
21	85 18
21	79 209
21	83 20
21	85 20
21	79 58
21	84 1
21	83 1
21	85 1
21	79 29
21	84 2
21	83 2
21	85 2
21	79 48
21	84 3
21	83 3
21	85 3
21	79 32
21	84 4
21	83 4
21	85 4
21	79 53
21	84 5
21	83 5
21	85 5
21	79 27
21	84 6
21	83 6
21	85 6
21	79 55
21	84 7
21	83 7
21	85 7
21	79 33
21	84 8
21	84 9
21	83 9
21	85 9
21	79 37
21	84 10
21	TEST_NUMBER 0
21	SENT_TOTAL 250
21	RECEIVED_TOTAL 247
21	TIME_TOTAL 19771
21	RECEIVED_RADIO_1 125
21	RECEIVED_RADIO_2 122
21	SENT_RADIO_1 126
21	SENT_RADIO_2 123
21	RADIO_TIME_1 19843
21	RADIO_TIME_2 19734
21	RETRANSMISSIONS_1 0
21	RETRANSMISSIONS_2 3
21	DROPPED_1 0
21	DROPPED_2 0
21	MAX_QUEUE 1
21	DUPLICATED_1 0
21	DUPLICATED_2 0
21	EBUSY_RADIO_1 0
21	EBUSY_RADIO_2 0
21	83 0
21	85 8
21	86 0
21	83 0
21	85 10
21	86 0
21	84 1
21	83 1
21	85 1
21	79 26
21	84 2
21	83 2
21	85 2
21	79 54
21	84 3
21	83 3
21	85 3
21	79 33
21	84 4
21	83 4
21	85 4
21	79 59
21	84 5
21	83 5
21	85 5
21	79 28
21	84 6
21	83 6
21	85 6
21	79 60
21	84 7
21	83 7
21	85 7
21	79 27
21	84 8
21	83 8
21	85 8
21	79 52
21	84 9
21	84 10
21	84 11
21	83 11
21	85 9
21	79 192
21	83 11
21	85 10
21	79 139
21	83 11
21	85 11
21	79 62
21	84 12
21	83 12
21	85 12
21	79 66
21	84 13
21	83 13
21	85 13
21	79 44
21	84 14
21	83 14
21	85 14
21	79 40
21	84 15
21	83 15
21	85 15
21	79 40
21	84 16
21	84 17
21	83 17
21	85 17
21	79 39
21	84 18
21	83 18
21	85 16
21	79 203
21	83 18
21	85 18
21	79 50
21	84 19
21	84 20
21	83 20
21	85 20
21	79 29
21	84 1
21	84 2
21	83 2
21	85 2
21	79 25
21	83 2
21	85 19
21	79 311
21	84 3
21	83 3
21	85 3
21	79 54
21	84 4
21	83 4
21	85 4
21	79 33
21	84 5
21	83 5
21	85 5
21	79 53
21	84 6
21	83 6
21	85 6
21	79 30
21	84 7
21	83 7
21	85 7
21	79 56
21	84 8
21	83 8
21	85 8
21	79 27
21	84 9
21	83 9
21	85 9
21	79 54
21	84 10
21	83 10
21	85 10
21	79 31
21	84 11
21	83 11
21	85 11
21	79 48
21	84 12
21	83 12
21	85 12
21	79 32
21	84 13
21	83 13
21	85 13
21	79 53
21	84 14
21	83 14
21	85 14
21	79 31
21	84 15
21	83 15
21	85 15
21	79 54
21	84 16
21	83 16
21	85 16
21	79 30
21	84 17
21	83 17
21	85 17
21	79 57
21	84 18
21	83 18
21	85 18
21	79 26
21	84 19
21	83 19
21	85 19
21	79 52
21	84 20
21	83 20
21	85 20
21	79 33
21	84 1
21	83 1
21	85 1
21	79 52
21	84 2
21	83 2
21	85 2
21	79 32
21	84 3
21	83 3
21	85 3
21	79 56
21	84 4
21	83 4
21	85 4
21	79 28
21	84 5
21	83 5
21	85 5
21	79 53
21	84 6
21	84 7
21	83 7
21	85 7
21	79 55
21	84 8
21	83 8
21	85 6
21	79 189
21	83 8
21	85 8
21	79 37
21	84 9
21	83 9
21	85 9
21	79 53
21	84 10
21	83 10
21	85 10
21	79 31
21	84 11
21	83 11
21	85 11
21	79 58
21	84 12
21	83 12
21	85 12
21	79 28
21	84 13
21	83 13
21	85 13
21	79 54
21	84 14
21	83 14
21	85 14
21	79 28
21	84 15
21	83 15
21	85 15
21	79 58
21	84 16
21	83 16
21	85 16
21	79 22
21	84 17
21	83 17
21	85 17
21	79 50
21	84 18
21	83 18
21	85 18
21	79 23
21	84 19
21	83 19
21	85 19
21	79 57
21	84 20
21	83 20
21	85 20
21	79 24
21	84 1
21	83 1
21	85 1
21	79 53
21	84 2
21	83 2
21	85 2
21	79 26
21	84 3
21	83 3
21	85 3
21	79 68
21	84 4
21	84 5
21	83 5
21	85 5
21	79 32
21	84 6
21	83 6
21	85 4
21	79 198
21	83 6
21	85 6
21	79 49
21	84 7
21	84 8
21	83 8
21	85 8
21	79 50
21	84 9
21	83 9
21	85 7
21	79 200
21	83 9
21	85 9
21	79 48
21	84 10
21	83 10
21	85 10
21	79 37
21	84 11
21	83 11
21	85 11
21	79 41
21	84 12
21	84 13
21	83 13
21	85 13
21	79 30
21	84 14
21	83 14
21	85 14
21	79 54
21	83 14
21	85 12
21	79 214
21	84 15
21	83 15
21	85 15
21	79 49
21	84 16
21	83 16
21	85 16
21	79 50
21	84 17
21	83 17
21	85 17
21	79 41
21	84 18
21	83 18
21	85 18
21	79 40
21	84 19
21	83 19
21	85 19
21	79 39
21	84 20
21	83 20
21	85 20
21	79 36
21	84 1
21	83 1
21	85 1
21	79 41
21	84 2
21	83 2
21	85 2
21	79 34
21	84 3
21	83 3
21	85 3
21	79 43
21	84 4
21	83 4
21	85 4
21	79 42
21	84 5
21	83 5
21	85 5
21	79 39
21	84 6
21	83 6
21	85 6
21	79 37
21	84 7
21	83 7
21	85 7
21	79 39
21	84 8
21	83 8
21	85 8
21	79 39
21	84 9
21	83 9
21	85 9
21	79 35
21	84 10
21	83 10
21	85 10
21	79 36
21	84 11
21	83 11
21	85 11
21	79 37
21	84 12
21	83 12
21	85 12
21	79 37
21	84 13
21	83 13
21	85 13
21	79 40
21	84 14
21	83 14
21	85 14
21	79 36
21	84 15
21	83 15
21	85 15
21	79 34
21	84 16
21	83 16
21	85 16
21	79 37
21	84 17
21	83 17
21	85 17
21	79 36
21	84 18
21	83 18
21	85 18
21	79 40
21	84 19
21	83 19
21	85 19
21	79 46
21	84 20
21	83 20
21	85 20
21	79 37
21	84 1
21	83 1
21	85 1
21	79 40
21	84 2
21	83 2
21	85 2
21	79 38
21	84 3
21	83 3
21	85 3
21	79 38
21	84 4
21	83 4
21	85 4
21	79 38
21	84 5
21	83 5
21	85 5
21	79 44
21	84 6
21	83 6
21	85 6
21	79 35
21	84 7
21	83 7
21	85 7
21	79 40
21	84 8
21	83 8
21	85 8
21	79 38
21	84 9
21	83 9
21	85 9
21	79 45
21	84 10
21	83 10
21	85 10
21	79 38
21	84 11
21	83 11
21	85 11
21	79 44
21	84 12
21	83 12
21	85 12
21	79 36
21	84 13
21	83 13
21	85 13
21	79 32
21	84 14
21	83 14
21	85 14
21	79 39
21	84 15
21	83 15
21	85 15
21	79 40
21	84 16
21	83 16
21	85 16
21	79 39
21	84 17
21	83 17
21	85 17
21	79 40
21	84 18
21	83 18
21	85 18
21	79 35
21	84 19
21	83 19
21	85 19
21	79 36
21	84 20
21	83 20
21	85 20
21	79 40
21	84 1
21	83 1
21	85 1
21	79 38
21	84 2
21	83 2
21	85 2
21	79 36
21	84 3
21	83 3
21	85 3
21	79 38
21	84 4
21	83 4
21	85 4
21	79 42
21	84 5
21	83 5
21	85 5
21	79 40
21	84 6
21	83 6
21	85 6
21	79 46
21	84 7
21	83 7
21	85 7
21	79 39
21	84 8
21	83 8
21	85 8
21	79 39
21	84 9
21	83 9
21	85 9
21	79 40
21	84 10
21	83 10
21	85 10
21	79 38
21	84 11
21	83 11
21	85 11
21	79 37
21	84 12
21	83 12
21	85 12
21	79 37
21	84 13
21	83 13
21	85 13
21	79 45
21	84 14
21	83 14
21	85 14
21	79 39
21	84 15
21	83 15
21	85 15
21	79 37
21	84 16
21	83 16
21	85 16
21	79 39
21	84 17
21	83 17
21	85 17
21	79 34
21	84 18
21	83 18
21	85 18
21	79 44
21	84 19
21	83 19
21	85 19
21	79 36
21	84 20
21	83 20
21	85 20
21	79 38
21	84 1
21	83 1
21	85 1
21	79 42
21	84 2
21	83 2
21	85 2
21	79 43
21	84 3
21	83 3
21	85 3
21	79 43
21	84 4
21	83 4
21	85 4
21	79 43
21	84 5
21	83 5
21	85 5
21	79 41
21	84 6
21	84 7
21	83 7
21	85 7
21	79 25
21	84 8
21	83 8
21	85 8
21	79 46
21	83 8
21	85 6
21	79 215
21	84 9
21	83 9
21	85 9
21	79 37
21	84 10
21	83 10
21	85 10
21	79 58
21	84 11
21	83 11
21	85 11
21	79 32
21	84 12
21	83 12
21	85 12
21	79 52
21	84 13
21	83 13
21	85 13
21	79 25
21	84 14
21	83 14
21	85 14
21	79 49
21	84 15
21	83 15
21	85 15
21	79 30
21	84 16
21	84 17
21	83 17
21	85 17
21	79 44
21	84 18
21	83 18
21	85 16
21	79 195
21	83 18
21	85 18
21	79 58
21	84 19
21	83 19
21	85 19
21	79 28
21	84 20
21	83 20
21	85 20
21	79 53
21	84 1
21	83 1
21	85 1
21	79 30
21	84 2
21	83 2
21	85 2
21	79 52
21	84 3
21	83 3
21	85 3
21	79 26
21	84 4
21	83 4
21	85 4
21	79 54
21	84 5
21	83 5
21	85 5
21	79 31
21	84 6
21	84 7
21	83 7
21	85 7
21	79 40
21	84 8
21	83 8
21	85 6
21	79 200
21	83 8
21	85 8
21	79 61
21	84 9
21	83 9
21	85 9
21	79 35
21	84 10
21	83 10
21	85 10
21	79 52
21	84 11
21	84 12
21	83 12
21	85 12
21	79 59
21	84 13
21	83 13
21	85 11
21	79 188
21	83 13
21	85 13
21	79 34
21	84 14
21	83 14
21	85 14
21	79 56
21	84 15
21	83 15
21	85 15
21	79 27
21	84 16
21	83 16
21	85 16
21	79 52
21	84 17
21	83 17
21	85 17
21	79 26
21	84 18
21	83 18
21	85 18
21	79 63
21	84 19
21	83 19
21	85 19
21	79 31
21	84 20
21	83 20
21	85 20
21	79 46
21	84 1
21	83 1
21	85 1
21	79 29
21	84 2
21	83 2
21	85 2
21	79 55
21	84 3
21	83 3
21	85 3
21	79 26
21	84 4
21	83 4
21	85 4
21	79 60
21	84 5
21	83 5
21	85 5
21	79 25
21	84 6
21	83 6
21	85 6
21	79 50
21	84 7
21	83 7
21	85 7
21	79 26
21	84 8
21	83 8
21	85 8
21	79 58
21	84 9
21	83 9
21	85 9
21	79 26
21	84 10
21	83 10
21	85 10
21	79 49
21	84 11
21	83 11
21	85 11
21	79 27
21	84 12
21	83 12
21	85 12
21	79 52
21	84 13
21	83 13
21	85 13
21	79 27
21	84 14
21	83 14
21	85 14
21	79 59
21	84 15
21	83 15
21	85 15
21	79 30
21	84 16
21	83 16
21	85 16
21	79 49
21	84 17
21	83 17
21	85 17
21	79 26
21	84 18
21	84 19
21	83 19
21	85 19
21	79 41
21	84 20
21	83 20
21	85 18
21	79 192
21	83 20
21	85 20
21	79 58
21	84 1
21	83 1
21	85 1
21	79 31
21	84 2
21	83 2
21	85 2
21	79 53
21	84 3
21	83 3
21	85 3
21	79 25
21	84 4
21	83 4
21	85 4
21	79 55
21	84 5
21	83 5
21	85 5
21	79 27
21	84 6
21	83 6
21	85 6
21	79 50
21	84 7
21	83 7
21	85 7
21	79 30
21	84 8
21	83 8
21	85 8
21	79 65
21	84 9
21	83 9
21	85 9
21	79 30
21	84 10
21	83 10
21	85 10
21	79 52
21	84 11
21	83 11
21	85 11
21	79 27
21	84 12
21	83 12
21	85 12
21	79 56
21	84 13
21	84 14
21	83 14
21	85 14
21	79 52
21	84 15
21	83 15
21	85 13
21	79 188
21	83 15
21	85 15
21	79 34
21	84 16
21	83 16
21	85 16
21	79 57
21	84 17
21	83 17
21	85 17
21	79 32
21	84 18
21	83 18
21	85 18
21	79 62
21	84 19
21	83 19
21	85 19
21	79 31
21	84 20
21	83 20
21	85 20
21	79 54
21	84 1
21	83 1
21	85 1
21	79 31
21	84 2
21	83 2
21	85 2
21	79 62
21	84 3
21	84 4
21	83 4
21	85 4
21	79 50
21	84 5
21	83 5
21	85 3
21	79 188
21	83 5
21	85 5
21	79 34
21	84 6
21	83 6
21	85 6
21	79 59
21	84 7
21	83 7
21	85 7
21	79 30
21	84 8
21	83 8
21	85 8
21	79 56
21	84 9
21	83 9
21	85 9
21	79 28
21	84 10
21	83 10
21	85 10
21	79 55
21	84 11
21	83 11
21	85 11
21	79 30
21	84 12
21	83 12
21	85 12
21	79 58
21	84 13
21	83 13
21	85 13
21	79 30
21	84 14
21	83 14
21	85 14
21	79 52
21	84 15
21	83 15
21	85 15
21	79 28
21	84 16
21	83 16
21	85 16
21	79 49
21	84 17
21	83 17
21	85 17
21	79 32
21	84 18
21	83 18
21	85 18
21	79 54
21	84 19
21	83 19
21	85 19
21	79 28
21	84 20
21	84 1
21	83 1
21	85 1
21	79 42
21	84 2
21	83 2
21	85 20
21	79 200
21	83 2
21	85 2
21	79 59
21	84 3
21	83 3
21	85 3
21	79 25
21	84 4
21	83 4
21	85 4
21	79 54
21	84 5
21	83 5
21	85 5
21	79 26
21	84 6
21	83 6
21	85 6
21	79 57
21	84 7
21	83 7
21	85 7
21	79 28
21	84 8
21	83 8
21	85 8
21	79 55
21	84 9
21	83 9
21	85 9
21	79 25
21	84 10
21	TEST_NUMBER 1
21	SENT_TOTAL 250
21	RECEIVED_TOTAL 248
21	TIME_TOTAL 29786
21	RECEIVED_RADIO_1 125
21	RECEIVED_RADIO_2 125
21	SENT_RADIO_1 126
21	SENT_RADIO_2 124
21	RADIO_TIME_1 29819
21	RADIO_TIME_2 29786
21	RETRANSMISSIONS_1 0
21	RETRANSMISSIONS_2 2
21	DROPPED_1 0
21	DROPPED_2 0
21	MAX_QUEUE 1
21	DUPLICATED_1 0
21	DUPLICATED_2 0
21	EBUSY_RADIO_1 0
21	EBUSY_RADIO_2 0
21	83 0
21	85 10
21	86 1
21	84 1
21	83 1
21	85 1
21	79 25
21	84 2
21	83 2
21	85 2
21	79 58
21	84 3
21	83 3
21	85 3
21	79 30
21	84 4
21	83 4
21	85 4
21	79 55
21	84 5
21	83 5
21	85 5
21	79 27
21	84 6
21	83 6
21	85 6
21	79 45
21	84 7
21	83 7
21	85 7
21	79 28
21	84 8
21	83 8
21	85 8
21	79 53
21	84 9
21	83 9
21	85 9
21	79 30
21	84 10
21	83 10
21	85 10
21	79 49
21	84 11
21	83 11
21	85 11
21	79 33
21	84 12
21	83 12
21	85 12
21	79 59
21	84 13
21	83 13
21	85 13
21	79 27
21	84 14
21	83 14
21	85 14
21	79 59
21	84 15
21	83 15
21	85 15
21	79 22
21	84 16
21	83 16
21	85 16
21	79 53
21	84 17
21	83 17
21	85 17
21	79 32
21	84 18
21	83 18
21	85 18
21	79 55
21	84 19
21	83 19
21	85 19
21	79 32
21	84 20
21	83 20
21	85 20
21	79 54
21	84 1
21	83 1
21	85 1
21	79 28
21	84 2
21	83 2
21	85 2
21	79 60
21	84 3
21	83 3
21	85 3
21	79 31
21	84 4
21	83 4
21	85 4
21	79 58
21	84 5
21	83 5
21	85 5
21	79 37
21	84 6
21	83 6
21	85 6
21	79 52
21	84 7
21	83 7
21	85 7
21	79 33
21	84 8
21	83 8
21	85 8
21	79 55
21	84 9
21	83 9
21	85 9
21	79 30
21	84 10
21	83 10
21	85 10
21	79 53
21	84 11
21	83 11
21	85 11
21	79 28
21	84 12
21	84 13
21	83 13
21	85 13
21	79 43
21	84 14
21	83 14
21	85 12
21	79 200
21	83 14
21	85 14
21	79 63
21	84 15
21	83 15
21	85 15
21	79 25
21	84 16
21	83 16
21	85 16
21	79 59
21	84 17
21	83 17
21	85 17
21	79 25
21	84 18
21	83 18
21	85 18
21	79 50
21	84 19
21	84 20
21	83 20
21	85 20
21	79 38
21	84 1
21	83 1
21	85 1
21	79 43
21	83 1
21	85 19
21	79 205
21	84 2
21	83 2
21	85 2
21	79 49
21	84 3
21	84 4
21	83 4
21	85 4
21	79 28
21	84 5
21	83 5
21	85 3
21	79 211
21	84 6
21	83 6
21	85 6
21	79 50
21	84 7
21	83 7
21	85 5
21	79 195
21	83 7
21	85 7
21	79 42
21	84 8
21	83 8
21	85 8
21	79 38
21	84 9
21	83 9
21	85 9
21	79 33
21	84 10
21	83 10
21	85 10
21	79 42
21	84 11
21	83 11
21	85 11
21	79 41
21	84 12
21	83 12
21	85 12
21	79 37
21	84 13
21	83 13
21	85 13
21	79 39
21	84 14
21	83 14
21	85 14
21	79 37
21	84 15
21	83 15
21	85 15
21	79 44
21	84 16
21	83 16
21	85 16
21	79 36
21	84 17
21	83 17
21	85 17
21	79 34
21	84 18
21	83 18
21	85 18
21	79 37
21	84 19
21	83 19
21	85 19
21	79 40
21	84 20
21	83 20
21	85 20
21	79 38
21	84 1
21	83 1
21	85 1
21	79 50
21	84 2
21	83 2
21	85 2
21	79 37
21	84 3
21	83 3
21	85 3
21	79 41
21	84 4
21	83 4
21	85 4
21	79 43
21	84 5
21	83 5
21	85 5
21	79 37
21	84 6
21	83 6
21	85 6
21	79 40
21	84 7
21	83 7
21	85 7
21	79 39
21	84 8
21	83 8
21	85 8
21	79 43
21	84 9
21	83 9
21	85 9
21	79 45
21	84 10
21	83 10
21	85 10
21	79 47
21	84 11
21	83 11
21	85 11
21	79 43
21	84 12
21	83 12
21	85 12
21	79 38
21	84 13
21	83 13
21	85 13
21	79 37
21	84 14
21	83 14
21	85 14
21	79 41
21	84 15
21	84 16
21	83 16
21	85 16
21	79 30
21	84 17
21	83 17
21	85 17
21	79 45
21	83 17
21	85 15
21	79 221
21	84 18
21	83 18
21	85 18
21	79 37
21	84 19
21	83 19
21	85 19
21	79 35
21	84 20
21	83 20
21	85 20
21	79 40
21	84 1
21	83 1
21	85 1
21	79 46
21	84 2
21	83 2
21	85 2
21	79 39
21	84 3
21	83 3
21	85 3
21	79 40
21	84 4
21	83 4
21	85 4
21	79 65
21	84 5
21	83 5
21	85 5
21	79 29
21	84 6
21	83 6
21	85 6
21	79 51
21	84 7
21	83 7
21	85 7
21	79 30
21	84 8
21	83 8
21	85 8
21	79 51
21	84 9
21	83 9
21	85 9
21	79 30
21	84 10
21	83 10
21	85 10
21	79 47
21	84 11
21	83 11
21	85 11
21	79 28
21	84 12
21	84 13
21	83 13
21	85 13
21	79 29
21	84 14
21	83 14
21	85 12
21	79 214
21	83 14
21	85 14
21	79 62
21	84 15
21	83 15
21	85 15
21	79 24
21	84 16
21	83 16
21	85 16
21	79 56
21	84 17
21	83 17
21	85 17
21	79 27
21	84 18
21	83 18
21	85 18
21	79 55
21	84 19
21	83 19
21	85 19
21	79 26
21	84 20
21	83 20
21	85 20
21	79 60
21	84 1
21	83 1
21	85 1
21	79 22
21	84 2
21	83 2
21	85 2
21	79 53
21	84 3
21	83 3
21	85 3
21	79 26
21	84 4
21	83 4
21	85 4
21	79 53
21	84 5
21	83 5
21	85 5
21	79 25
21	84 6
21	84 7
21	83 7
21	85 7
21	79 37
21	84 8
21	83 8
21	85 6
21	79 197
21	83 8
21	85 8
21	79 60
21	84 9
21	83 9
21	85 9
21	79 29
21	84 10
21	83 10
21	85 10
21	79 57
21	84 11
21	83 11
21	85 11
21	79 33
21	84 12
21	84 13
21	84 14
21	83 14
21	85 14
21	79 37
21	84 15
21	83 15
21	85 12
21	79 277
21	83 15
21	85 13
21	79 209
21	83 15
21	85 15
21	79 51
21	84 16
21	83 16
21	85 16
21	79 65
21	84 17
21	83 17
21	85 17
21	79 49
21	84 18
21	83 18
21	85 18
21	79 40
21	84 19
21	83 19
21	85 19
21	79 40
21	84 20
21	83 20
21	85 20
21	79 43
21	84 1
21	83 1
21	85 1
21	79 41
21	84 2
21	83 2
21	85 2
21	79 38
21	84 3
21	83 3
21	85 3
21	79 35
21	84 4
21	83 4
21	85 4
21	79 42
21	84 5
21	83 5
21	85 5
21	79 36
21	84 6
21	83 6
21	85 6
21	79 45
21	84 7
21	83 7
21	85 7
21	79 38
21	84 8
21	83 8
21	85 8
21	79 37
21	84 9
21	83 9
21	85 9
21	79 41
21	84 10
21	83 10
21	85 10
21	79 38
21	84 11
21	83 11
21	85 11
21	79 41
21	84 12
21	83 12
21	85 12
21	79 35
21	84 13
21	83 13
21	85 13
21	79 43
21	84 14
21	83 14
21	85 14
21	79 40
21	84 15
21	83 15
21	85 15
21	79 41
21	84 16
21	84 17
21	83 17
21	85 17
21	79 40
21	84 18
21	83 18
21	85 16
21	79 197
21	83 18
21	85 18
21	79 48
21	84 19
21	83 19
21	85 19
21	79 40
21	84 20
21	83 20
21	85 20
21	79 45
21	84 1
21	83 1
21	85 1
21	79 37
21	84 2
21	83 2
21	85 2
21	79 37
21	84 3
21	83 3
21	85 3
21	79 37
21	84 4
21	83 4
21	85 4
21	79 38
21	84 5
21	83 5
21	85 5
21	79 42
21	84 6
21	83 6
21	85 6
21	79 38
21	84 7
21	83 7
21	85 7
21	79 41
21	84 8
21	83 8
21	85 8
21	79 38
21	84 9
21	83 9
21	85 9
21	79 48
21	84 10
21	83 10
21	85 10
21	79 42
21	84 11
21	83 11
21	85 11
21	79 35
21	84 12
21	83 12
21	85 12
21	79 38
21	84 13
21	84 14
21	83 14
21	85 14
21	79 37
21	84 15
21	83 15
21	85 13
21	79 202
21	83 15
21	85 15
21	79 49
21	84 16
21	83 16
21	85 16
21	79 38
21	84 17
21	83 17
21	85 17
21	79 42
21	84 18
21	83 18
21	85 18
21	79 38
21	84 19
21	83 19
21	85 19
21	79 41
21	84 20
21	83 20
21	85 20
21	79 38
21	84 1
21	83 1
21	85 1
21	79 41
21	84 2
21	83 2
21	85 2
21	79 40
21	84 3
21	83 3
21	85 3
21	79 35
21	84 4
21	83 4
21	85 4
21	79 41
21	84 5
21	83 5
21	85 5
21	79 39
21	84 6
21	83 6
21	85 6
21	79 40
21	84 7
21	83 7
21	85 7
21	79 45
21	84 8
21	83 8
21	85 8
21	79 43
21	84 9
21	84 10
21	83 10
21	85 10
21	79 24
21	84 11
21	83 11
21	85 11
21	79 54
21	83 11
21	85 9
21	79 234
21	84 12
21	83 12
21	85 12
21	79 39
21	84 13
21	83 13
21	85 13
21	79 40
21	84 14
21	83 14
21	85 14
21	79 39
21	84 15
21	83 15
21	85 15
21	79 37
21	84 16
21	83 16
21	85 16
21	79 37
21	84 17
21	83 17
21	85 17
21	79 46
21	84 18
21	83 18
21	85 18
21	79 41
21	84 19
21	84 20
21	83 20
21	85 20
21	79 29
21	84 1
21	83 1
21	85 1
21	79 49
21	84 2
21	83 2
21	85 19
21	79 276
21	83 2
21	85 2
21	79 58
21	84 3
21	83 3
21	85 3
21	79 42
21	84 4
21	83 4
21	85 4
21	79 37
21	84 5
21	83 5
21	85 5
21	79 41
21	84 6
21	83 6
21	85 6
21	79 46
21	84 7
21	83 7
21	85 7
21	79 39
21	84 8
21	83 8
21	85 8
21	79 37
21	84 9
21	83 9
21	85 9
21	79 43
21	84 10
21	83 10
21	85 10
21	79 37
21	84 11
21	83 11
21	85 11
21	79 39
21	84 12
21	83 12
21	85 12
21	79 42
21	84 13
21	83 13
21	85 13
21	79 37
21	84 14
21	83 14
21	85 14
21	79 37
21	84 15
21	83 15
21	85 15
21	79 41
21	84 16
21	83 16
21	85 16
21	79 43
21	84 17
21	83 17
21	85 17
21	79 40
21	84 18
21	83 18
21	85 18
21	79 38
21	84 19
21	83 19
21	85 19
21	79 38
21	84 20
21	83 20
21	85 20
21	79 42
21	84 1
21	83 1
21	85 1
21	79 38
21	84 2
21	83 2
21	85 2
21	79 33
21	84 3
21	83 3
21	85 3
21	79 43
21	84 4
21	83 4
21	85 4
21	79 39
21	84 5
21	83 5
21	85 5
21	79 41
21	84 6
21	83 6
21	85 6
21	79 39
21	84 7
21	83 7
21	85 7
21	79 37
21	84 8
21	83 8
21	85 8
21	79 39
21	84 9
21	83 9
21	85 9
21	79 41
21	84 10
21	83 10
21	85 10
21	79 42
21	84 11
21	84 12
21	83 12
21	85 12
21	79 25
21	84 13
21	83 13
21	85 13
21	79 46
21	83 13
21	85 11
21	79 219
21	84 14
21	83 14
21	85 14
21	79 38
21	84 15
21	83 15
21	85 15
21	79 62
21	84 16
21	83 16
21	85 16
21	79 31
21	84 17
21	83 17
21	85 17
21	79 51
21	84 18
21	83 18
21	85 18
21	79 30
21	84 19
21	83 19
21	85 19
21	79 53
21	84 20
21	83 20
21	85 20
21	79 26
21	84 1
21	83 1
21	85 1
21	79 63
21	84 2
21	83 2
21	85 2
21	79 24
21	84 3
21	83 3
21	85 3
21	79 56
21	84 4
21	83 4
21	85 4
21	79 32
21	84 5
21	84 6
21	83 6
21	85 6
21	79 29
21	84 7
21	83 7
21	85 5
21	79 212
21	83 7
21	85 7
21	79 61
21	84 8
21	83 8
21	85 8
21	79 26
21	84 9
21	83 9
21	85 9
21	79 56
21	84 10
21	83 10
21	85 10
21	79 37
21	84 11
21	83 11
21	85 11
21	79 57
21	84 12
21	83 12
21	85 12
21	79 27
21	84 13
21	83 13
21	85 13
21	79 61
21	84 14
21	83 14
21	85 14
21	79 27
21	84 15
21	83 15
21	85 15
21	79 59
21	84 16
21	83 16
21	85 16
21	79 29
21	84 17
21	83 17
21	85 17
21	79 54
21	84 18
21	83 18
21	85 18
21	79 25
21	84 19
21	83 19
21	85 19
21	79 51
21	84 20
21	83 20
21	85 20
21	79 30
21	84 1
21	83 1
21	85 1
21	79 57
21	84 2
21	83 2
21	85 2
21	79 27
21	84 3
21	83 3
21	85 3
21	79 51
21	84 4
21	83 4
21	85 4
21	79 25
21	84 5
21	84 6
21	83 6
21	85 6
21	79 32
21	84 7
21	83 7
21	85 5
21	79 212
21	83 7
21	85 7
21	79 61
21	84 8
21	83 8
21	85 8
21	79 25
21	84 9
21	83 9
21	85 9
21	79 50
21	84 10
21	TEST_NUMBER 2
21	SENT_TOTAL 250
21	RECEIVED_TOTAL 249
21	TIME_TOTAL 29801
21	RECEIVED_RADIO_1 126
21	RECEIVED_RADIO_2 124
21	SENT_RADIO_1 127
21	SENT_RADIO_2 123
21	RADIO_TIME_1 29801
21	RADIO_TIME_2 19843
21	RETRANSMISSIONS_1 0
21	RETRANSMISSIONS_2 3
21	DROPPED_1 0
21	DROPPED_2 0
21	MAX_QUEUE 1
21	DUPLICATED_1 1
21	DUPLICATED_2 0
21	EBUSY_RADIO_1 0
21	EBUSY_RADIO_2 0
21	83 0
21	85 10
21	86 2
21	84 1
21	83 1
21	85 1
21	79 53
21	84 2
21	83 2
21	85 2
21	79 31
21	84 3
21	83 3
21	85 3
21	79 60
21	84 4
21	83 4
21	85 4
21	79 27
21	84 5
21	83 5
21	85 5
21	79 58
21	84 6
21	83 6
21	85 6
21	79 32
21	84 7
21	83 7
21	85 7
21	79 55
21	84 8
21	83 8
21	85 8
21	79 31
21	84 9
21	83 9
21	85 9
21	79 52
21	84 10
21	83 10
21	85 10
21	79 29
21	84 11
21	83 11
21	85 11
21	79 56
21	84 12
21	83 12
21	85 12
21	79 27
21	84 13
21	83 13
21	85 13
21	79 55
21	84 14
21	83 14
21	85 14
21	79 34
21	84 15
21	83 15
21	85 15
21	79 63
21	84 16
21	83 16
21	85 16
21	79 31
21	84 17
21	83 17
21	85 17
21	79 56
21	84 18
21	83 18
21	85 18
21	79 27
21	84 19
21	83 19
21	85 19
21	79 54
21	84 20
21	83 20
21	85 20
21	79 27
21	84 1
21	84 2
21	83 2
21	85 2
21	79 31
21	84 3
21	83 3
21	85 1
21	79 209
21	83 3
21	85 3
21	79 60
21	84 4
21	83 4
21	85 4
21	79 27
21	84 5
21	83 5
21	85 5
21	79 57
21	84 6
21	83 6
21	85 6
21	79 25
21	84 7
21	83 7
21	85 7
21	79 56
21	84 8
21	83 8
21	85 8
21	79 29
21	84 9
21	83 9
21	85 9
21	79 56
21	84 10
21	84 11
21	83 11
21	85 11
21	79 55
21	84 12
21	83 12
21	85 10
21	79 186
21	83 12
21	85 12
21	79 34
21	84 13
21	83 13
21	85 13
21	79 57
21	84 14
21	83 14
21	85 14
21	79 29
21	84 15
21	83 15
21	85 15
21	79 50
21	84 16
21	83 16
21	85 16
21	79 28
21	84 17
21	83 17
21	85 17
21	79 61
21	84 18
21	83 18
21	85 18
21	79 27
21	84 19
21	83 19
21	85 19
21	79 54
21	84 20
21	83 20
21	85 20
21	79 23
21	84 1
21	83 1
21	85 1
21	79 56
21	84 2
21	83 2
21	85 2
21	79 33
21	84 3
21	83 3
21	85 3
21	79 54
21	84 4
21	83 4
21	85 4
21	79 29
21	84 5
21	84 6
21	83 6
21	85 6
21	79 40
21	84 7
21	83 7
21	85 5
21	79 195
21	83 7
21	85 7
21	79 71
21	84 8
21	83 8
21	85 8
21	79 30
21	84 9
21	83 9
21	85 9
21	79 53
21	84 10
21	83 10
21	85 10
21	79 29
21	84 11
21	83 11
21	85 11
21	79 51
21	84 12
21	83 12
21	85 12
21	79 26
21	84 13
21	83 13
21	85 13
21	79 56
21	84 14
21	83 14
21	85 14
21	79 28
21	84 15
21	83 15
21	85 15
21	79 56
21	84 16
21	83 16
21	85 16
21	79 29
21	84 17
21	83 17
21	85 17
21	79 63
21	84 18
21	83 18
21	85 18
21	79 24
21	84 19
21	83 19
21	85 19
21	79 51
21	84 20
21	83 20
21	85 20
21	79 24
21	84 1
21	83 1
21	85 1
21	79 57
21	84 2
21	83 2
21	85 2
21	79 32
21	84 3
21	84 4
21	83 4
21	85 4
21	79 29
21	84 5
21	83 5
21	85 3
21	79 210
21	83 5
21	85 5
21	79 57
21	84 6
21	83 6
21	85 6
21	79 28
21	84 7
21	83 7
21	85 7
21	79 47
21	84 8
21	83 8
21	85 8
21	79 32
21	84 9
21	83 9
21	85 9
21	79 59
21	84 10
21	83 10
21	85 10
21	79 29
21	84 11
21	83 11
21	85 11
21	79 57
21	84 12
21	83 12
21	85 12
21	79 24
21	84 13
21	83 13
21	85 13
21	79 52
21	84 14
21	83 14
21	85 14
21	79 26
21	84 15
21	83 15
21	85 15
21	79 54
21	84 16
21	83 16
21	85 16
21	79 26
21	84 17
21	83 17
21	85 17
21	79 56
21	84 18
21	83 18
21	85 18
21	79 26
21	84 19
21	83 19
21	85 19
21	79 55
21	84 20
21	83 20
21	85 20
21	79 24
21	84 1
21	83 1
21	85 1
21	79 56
21	84 2
21	83 2
21	85 2
21	79 30
21	84 3
21	83 3
21	85 3
21	79 52
21	84 4
21	83 4
21	85 4
21	79 28
21	84 5
21	83 5
21	85 5
21	79 52
21	84 6
21	83 6
21	85 6
21	79 27
21	84 7
21	83 7
21	85 7
21	79 58
21	84 8
21	83 8
21	85 8
21	79 28
21	84 9
21	83 9
21	85 9
21	79 50
21	84 10
21	83 10
21	85 10
21	79 28
21	84 11
21	83 11
21	85 11
21	79 49
21	84 12
21	83 12
21	85 12
21	79 31
21	84 13
21	83 13
21	85 13
21	79 49
21	84 14
21	83 14
21	85 14
21	79 25
21	84 15
21	83 15
21	85 15
21	79 46
21	84 16
21	83 16
21	85 16
21	79 27
21	84 17
21	83 17
21	85 17
21	79 55
21	84 18
21	83 18
21	85 18
21	79 28
21	84 19
21	83 19
21	85 19
21	79 47
21	84 20
21	83 20
21	85 20
21	79 29
21	84 1
21	83 1
21	85 1
21	79 47
21	84 2
21	83 2
21	85 2
21	79 26
21	84 3
21	83 3
21	85 3
21	79 49
21	84 4
21	83 4
21	85 4
21	79 27
21	84 5
21	83 5
21	85 5
21	79 53
21	84 6
21	83 6
21	85 6
21	79 28
21	84 7
21	83 7
21	85 7
21	79 53
21	84 8
21	83 8
21	85 8
21	79 29
21	84 9
21	83 9
21	85 9
21	79 53
21	84 10
21	83 10
21	85 10
21	79 28
21	84 11
21	83 11
21	85 11
21	79 51
21	84 12
21	83 12
21	85 12
21	79 31
21	84 13
21	83 13
21	85 13
21	79 58
21	84 14
21	83 14
21	85 14
21	79 28
21	84 15
21	84 16
21	83 16
21	85 16
21	79 28
21	84 17
21	83 17
21	85 15
21	79 214
21	83 17
21	85 17
21	79 63
21	84 18
21	83 18
21	85 18
21	79 31
21	84 19
21	83 19
21	85 19
21	79 54
21	84 20
21	83 20
21	85 20
21	79 30
21	84 1
21	83 1
21	85 1
21	79 51
21	84 2
21	83 2
21	85 2
21	79 22
21	84 3
21	83 3
21	85 3
21	79 55
21	84 4
21	83 4
21	85 4
21	79 24
21	84 5
21	83 5
21	85 5
21	79 53
21	84 6
21	83 6
21	85 6
21	79 29
21	84 7
21	83 7
21	85 7
21	79 51
21	84 8
21	83 8
21	85 8
21	79 32
21	84 9
21	84 10
21	83 10
21	85 10
21	79 37
21	84 11
21	83 11
21	85 9
21	79 205
21	83 11
21	85 11
21	79 65
21	84 12
21	83 12
21	85 12
21	79 29
21	84 13
21	83 13
21	85 13
21	79 56
21	84 14
21	83 14
21	85 14
21	79 27
21	84 15
21	83 15
21	85 15
21	79 57
21	84 16
21	83 16
21	85 16
21	79 27
21	84 17
21	83 17
21	85 17
21	79 50
21	84 18
21	84 19
21	83 19
21	85 19
21	79 52
21	84 20
21	83 20
21	85 18
21	79 191
21	83 20
21	85 20
21	79 40
21	84 1
21	83 1
21	85 1
21	79 63
21	84 2
21	83 2
21	85 2
21	79 29
21	84 3
21	83 3
21	85 3
21	79 48
21	84 4
21	83 4
21	85 4
21	79 27
21	84 5
21	83 5
21	85 5
21	79 51
21	84 6
21	83 6
21	85 6
21	79 28
21	84 7
21	83 7
21	85 7
21	79 53
21	84 8
21	83 8
21	85 8
21	79 27
21	84 9
21	83 9
21	85 9
21	79 55
21	84 10
21	83 10
21	85 10
21	79 27
21	84 11
21	83 11
21	85 11
21	79 55
21	84 12
21	84 13
21	83 13
21	85 13
21	79 38
21	84 14
21	83 14
21	85 12
21	79 201
21	83 14
21	85 14
21	79 58
21	84 15
21	83 15
21	85 15
21	79 42
21	84 16
21	83 16
21	85 16
21	79 37
21	84 17
21	83 17
21	85 17
21	79 36
21	84 18
21	83 18
21	85 18
21	79 37
21	84 19
21	83 19
21	85 19
21	79 42
21	84 20
21	84 1
21	83 1
21	85 1
21	79 32
21	84 2
21	83 2
21	85 20
21	79 211
21	83 2
21	85 2
21	79 53
21	84 3
21	83 3
21	85 3
21	79 44
21	84 4
21	83 4
21	85 4
21	79 38
21	84 5
21	83 5
21	85 5
21	79 37
21	84 6
21	83 6
21	85 6
21	79 45
21	84 7
21	83 7
21	85 7
21	79 37
21	84 8
21	83 8
21	85 8
21	79 36
21	84 9
21	83 9
21	85 9
21	79 36
21	84 10
21	83 10
21	85 10
21	79 39
21	84 11
21	83 11
21	85 11
21	79 36
21	84 12
21	83 12
21	85 12
21	79 35
21	84 13
21	83 13
21	85 13
21	79 39
21	84 14
21	83 14
21	85 14
21	79 39
21	84 15
21	83 15
21	85 15
21	79 38
21	84 16
21	83 16
21	85 16
21	79 39
21	84 17
21	83 17
21	85 17
21	79 43
21	84 18
21	83 18
21	85 18
21	79 40
21	84 19
21	83 19
21	85 19
21	79 42
21	84 20
21	83 20
21	85 20
21	79 36
21	84 1
21	83 1
21	85 1
21	79 37
21	84 2
21	84 3
21	83 3
21	85 3
21	79 31
21	84 4
21	83 4
21	85 4
21	79 48
21	83 4
21	85 2
21	79 211
21	84 5
21	83 5
21	85 5
21	79 57
21	84 6
21	83 6
21	85 6
21	79 30
21	84 7
21	83 7
21	85 7
21	79 57
21	84 8
21	83 8
21	85 8
21	79 31
21	84 9
21	83 9
21	85 9
21	79 55
21	84 10
21	83 10
21	85 10
21	79 31
21	84 11
21	83 11
21	85 11
21	79 50
21	84 12
21	83 12
21	85 12
21	79 30
21	84 13
21	83 13
21	85 13
21	79 52
21	84 14
21	83 14
21	85 14
21	79 31
21	84 15
21	83 15
21	85 15
21	79 56
21	84 16
21	83 16
21	85 16
21	79 25
21	84 17
21	83 17
21	85 17
21	79 59
21	84 18
21	83 18
21	85 18
21	79 26
21	84 19
21	83 19
21	85 19
21	79 53
21	84 20
21	83 20
21	85 20
21	79 27
21	84 1
21	83 1
21	85 1
21	79 55
21	84 2
21	83 2
21	85 2
21	79 27
21	84 3
21	84 4
21	83 4
21	85 4
21	79 41
21	84 5
21	83 5
21	85 3
21	79 197
21	83 5
21	85 5
21	79 61
21	84 6
21	83 6
21	85 6
21	79 46
21	84 7
21	83 7
21	85 7
21	79 43
21	84 8
21	84 9
21	83 9
21	85 9
21	79 39
21	84 10
21	83 10
21	85 8
21	79 201
21	83 10
21	85 10
21	79 53
21	84 11
21	83 11
21	85 11
21	79 41
21	84 12
21	84 13
21	83 13
21	85 13
21	79 39
21	84 14
21	83 14
21	85 12
21	79 191
21	83 14
21	85 14
21	79 51
21	84 15
21	83 15
21	85 15
21	79 40
21	84 16
21	83 16
21	85 16
21	79 36
21	84 17
21	83 17
21	85 17
21	79 39
21	84 18
21	83 18
21	85 18
21	79 43
21	84 19
21	83 19
21	85 19
21	79 36
21	84 20
21	83 20
21	85 20
21	79 44
21	84 1
21	83 1
21	85 1
21	79 41
21	84 2
21	83 2
21	85 2
21	79 41
21	84 3
21	83 3
21	85 3
21	79 37
21	84 4
21	83 4
21	85 4
21	79 50
21	84 5
21	83 5
21	85 5
21	79 36
21	84 6
21	83 6
21	85 6
21	79 39
21	84 7
21	83 7
21	85 7
21	79 43
21	84 8
21	83 8
21	85 8
21	79 40
21	84 9
21	83 9
21	85 9
21	79 42
21	84 10
21	83 10
21	85 10
21	79 43
21	84 11
21	83 11
21	85 11
21	79 38
21	84 12
21	83 12
21	85 12
21	79 47
21	84 13
21	83 13
21	85 13
21	79 36
21	84 14
21	83 14
21	85 14
21	79 41
21	84 15
21	83 15
21	85 15
21	79 43
21	84 16
21	83 16
21	85 16
21	79 47
21	84 17
21	83 17
21	85 17
21	79 47
21	84 18
21	83 18
21	85 18
21	79 35
21	84 19
21	83 19
21	85 19
21	79 40
21	84 20
21	83 20
21	85 20
21	79 41
21	84 1
21	83 1
21	85 1
21	79 42
21	84 2
21	83 2
21	85 2
21	79 41
21	84 3
21	83 3
21	85 3
21	79 41
21	84 4
21	83 4
21	85 4
21	79 45
21	84 5
21	83 5
21	85 5
21	79 41
21	84 6
21	83 6
21	85 6
21	79 38
21	84 7
21	83 7
21	85 7
21	79 36
21	84 8
21	83 8
21	85 8
21	79 42
21	84 9
21	83 9
21	85 9
21	79 38
21	84 10
21	TEST_NUMBER 3
21	SENT_TOTAL 250
21	RECEIVED_TOTAL 249
21	TIME_TOTAL 29812
21	RECEIVED_RADIO_1 125
21	RECEIVED_RADIO_2 125
21	SENT_RADIO_1 126
21	SENT_RADIO_2 124
21	RADIO_TIME_1 19763
21	RADIO_TIME_2 29853
21	RETRANSMISSIONS_1 0
21	RETRANSMISSIONS_2 3
21	DROPPED_1 0
21	DROPPED_2 0
21	MAX_QUEUE 1
21	DUPLICATED_1 0
21	DUPLICATED_2 0
21	EBUSY_RADIO_1 0
21	EBUSY_RADIO_2 0
21	83 0
21	85 10
21	86 3
21	84 1
21	83 1
21	85 1
21	79 39
21	84 2
21	83 2
21	85 2
21	79 36
21	84 3
21	83 3
21	85 3
21	79 41
21	84 4
21	83 4
21	85 4
21	79 39
21	84 5
21	83 5
21	85 5
21	79 43
21	84 6
21	83 6
21	85 6
21	79 37
21	84 7
21	83 7
21	85 7
21	79 41
21	84 8
21	84 9
21	83 9
21	85 9
21	79 47
21	84 10
21	83 10
21	85 8
21	79 188
21	83 10
21	85 10
21	79 64
21	84 11
21	83 11
21	85 11
21	79 29
21	84 12
21	83 12
21	85 12
21	79 55
21	84 13
21	83 13
21	85 13
21	79 32
21	84 14
21	84 15
21	83 15
21	85 15
21	79 27
21	84 16
21	84 17
21	83 17
21	85 14
21	79 288
21	83 17
21	85 17
21	79 59
21	84 18
21	83 18
21	85 16
21	79 197
21	83 18
21	85 18
21	79 65
21	84 19
21	83 19
21	85 19
21	79 25
21	84 20
21	83 20
21	85 20
21	79 57
21	84 1
21	83 1
21	85 1
21	79 27
21	84 2
21	83 2
21	85 2
21	79 58
21	84 3
21	83 3
21	85 3
21	79 31
21	84 4
21	83 4
21	85 4
21	79 57
21	84 5
21	83 5
21	85 5
21	79 31
21	84 6
21	83 6
21	85 6
21	79 53
21	84 7
21	83 7
21	85 7
21	79 33
21	84 8
21	83 8
21	85 8
21	79 61
21	84 9
21	83 9
21	85 9
21	79 32
21	84 10
21	83 10
21	85 10
21	79 53
21	84 11
21	83 11
21	85 11
21	79 29
21	84 12
21	83 12
21	85 12
21	79 54
21	84 13
21	83 13
21	85 13
21	79 28
21	84 14
21	83 14
21	85 14
21	79 52
21	84 15
21	83 15
21	85 15
21	79 30
21	84 16
21	83 16
21	85 16
21	79 47
21	84 17
21	83 17
21	85 17
21	79 30
21	84 18
21	83 18
21	85 18
21	79 53
21	84 19
21	83 19
21	85 19
21	79 46
21	84 20
21	83 20
21	85 20
21	79 40
21	84 1
21	83 1
21	85 1
21	79 46
21	84 2
21	83 2
21	85 2
21	79 40
21	84 3
21	83 3
21	85 3
21	79 39
21	84 4
21	83 4
21	85 4
21	79 34
21	84 5
21	83 5
21	85 5
21	79 40
21	84 6
21	83 6
21	85 6
21	79 44
21	84 7
21	83 7
21	85 7
21	79 44
21	84 8
21	83 8
21	85 8
21	79 38
21	84 9
21	83 9
21	85 9
21	79 34
21	84 10
21	83 10
21	85 10
21	79 39
21	84 11
21	83 11
21	85 11
21	79 41
21	84 12
21	83 12
21	85 12
21	79 39
21	84 13
21	83 13
21	85 13
21	79 39
21	84 14
21	84 15
21	83 15
21	85 15
21	79 39
21	84 16
21	83 16
21	85 14
21	79 200
21	83 16
21	85 16
21	79 46
21	84 17
21	83 17
21	85 17
21	79 34
21	84 18
21	84 19
21	83 19
21	85 19
21	79 39
21	84 20
21	83 20
21	85 18
21	79 202
21	83 20
21	85 20
21	79 50
21	84 1
21	83 1
21	85 1
21	79 40
21	84 2
21	83 2
21	85 2
21	79 37
21	84 3
21	83 3
21	85 3
21	79 37
21	84 4
21	83 4
21	85 4
21	79 39
21	84 5
21	83 5
21	85 5
21	79 43
21	84 6
21	84 7
21	83 7
21	85 7
21	79 37
21	84 8
21	83 8
21	85 6
21	79 224
21	83 8
21	85 8
21	79 74
21	84 9
21	83 9
21	85 9
21	79 29
21	84 10
21	83 10
21	85 10
21	79 64
21	84 11
21	83 11
21	85 11
21	79 30
21	84 12
21	83 12
21	85 12
21	79 58
21	84 13
21	83 13
21	85 13
21	79 31
21	84 14
21	83 14
21	85 14
21	79 64
21	84 15
21	83 15
21	85 15
21	79 23
21	84 16
21	83 16
21	85 16
21	79 57
21	84 17
21	83 17
21	85 17
21	79 34
21	84 18
21	84 19
21	83 19
21	85 19
21	79 26
21	84 20
21	83 20
21	85 18
21	79 214
21	83 20
21	85 20
21	79 64
21	84 1
21	83 1
21	85 1
21	79 26
21	84 2
21	83 2
21	85 2
21	79 56
21	84 3
21	83 3
21	85 3
21	79 28
21	84 4
21	83 4
21	85 4
21	79 54
21	84 5
21	83 5
21	85 5
21	79 29
21	84 6
21	83 6
21	85 6
21	79 55
21	84 7
21	83 7
21	85 7
21	79 32
21	84 8
21	83 8
21	85 8
21	79 50
21	84 9
21	83 9
21	85 9
21	79 25
21	84 10
21	83 10
21	85 10
21	79 51
21	84 11
21	83 11
21	85 11
21	79 24
21	84 12
21	83 12
21	85 12
21	79 62
21	84 13
21	83 13
21	85 13
21	79 27
21	84 14
21	83 14
21	85 14
21	79 54
21	84 15
21	83 15
21	85 15
21	79 26
21	84 16
21	83 16
21	85 16
21	79 54
21	84 17
21	83 17
21	85 17
21	79 23
21	84 18
21	83 18
21	85 18
21	79 47
21	84 19
21	83 19
21	85 19
21	79 25
21	84 20
21	84 1
21	84 2
21	83 2
21	85 20
21	79 194
21	83 2
21	85 1
21	79 137
21	84 3
21	83 3
21	85 3
21	79 29
21	84 4
21	83 4
21	85 2
21	79 216
21	83 4
21	85 4
21	79 76
21	84 5
21	83 5
21	85 5
21	79 30
21	84 6
21	83 6
21	85 6
21	79 55
21	84 7
21	83 7
21	85 7
21	79 28
21	84 8
21	83 8
21	85 8
21	79 45
21	84 9
21	83 9
21	85 9
21	79 26
21	84 10
21	83 10
21	85 10
21	79 49
21	84 11
21	83 11
21	85 11
21	79 28
21	84 12
21	83 12
21	85 12
21	79 54
21	84 13
21	83 13
21	85 13
21	79 25
21	84 14
21	83 14
21	85 14
21	79 56
21	84 15
21	83 15
21	85 15
21	79 29
21	84 16
21	83 16
21	85 16
21	79 55
21	84 17
21	83 17
21	85 17
21	79 31
21	84 18
21	83 18
21	85 18
21	79 53
21	84 19
21	84 20
21	83 20
21	85 20
21	79 38
21	84 1
21	83 1
21	85 1
21	79 50
21	84 2
21	83 2
21	85 19
21	79 280
21	83 2
21	85 2
21	79 51
21	84 3
21	83 3
21	85 3
21	79 39
21	84 4
21	83 4
21	85 4
21	79 37
21	84 5
21	83 5
21	85 5
21	79 38
21	84 6
21	83 6
21	85 6
21	79 37
21	84 7
21	83 7
21	85 7
21	79 40
21	84 8
21	83 8
21	85 8
21	79 40
21	84 9
21	83 9
21	85 9
21	79 43
21	84 10
21	83 10
21	85 10
21	79 39
21	84 11
21	83 11
21	85 11
21	79 45
21	84 12
21	83 12
21	85 12
21	79 38
21	84 13
21	83 13
21	85 13
21	79 38
21	84 14
21	83 14
21	85 14
21	79 45
21	84 15
21	83 15
21	85 15
21	79 43
21	84 16
21	83 16
21	85 16
21	79 38
21	84 17
21	83 17
21	85 17
21	79 43
21	84 18
21	83 18
21	85 18
21	79 45
21	84 19
21	83 19
21	85 19
21	79 40
21	84 20
21	83 20
21	85 20
21	79 37
21	84 1
21	84 2
21	83 2
21	85 2
21	79 35
21	84 3
21	83 3
21	85 1
21	79 203
21	83 3
21	85 3
21	79 50
21	84 4
21	83 4
21	85 4
21	79 42
21	84 5
21	84 6
21	83 6
21	85 6
21	79 38
21	84 7
21	83 7
21	85 5
21	79 197
21	83 7
21	85 7
21	79 44
21	84 8
21	84 9
21	83 9
21	85 9
21	79 35
21	84 10
21	83 10
21	85 8
21	79 200
21	83 10
21	85 10
21	79 49
21	84 11
21	83 11
21	85 11
21	79 36
21	84 12
21	83 12
21	85 12
21	79 40
21	84 13
21	84 14
21	83 14
21	85 14
21	79 26
21	84 15
21	83 15
21	85 13
21	79 212
21	84 16
21	83 16
21	85 16
21	79 33
21	84 17
21	83 17
21	85 15
21	79 199
21	83 17
21	85 17
21	79 48
21	84 18
21	83 18
21	85 18
21	79 42
21	84 19
21	83 19
21	85 19
21	79 38
21	84 20
21	83 20
21	85 20
21	79 35
21	84 1
21	83 1
21	85 1
21	79 39
21	84 2
21	83 2
21	85 2
21	79 39
21	84 3
21	84 4
21	83 4
21	85 4
21	79 29
21	84 5
21	83 5
21	85 5
21	79 55
21	83 5
21	85 3
21	79 217
21	84 6
21	83 6
21	85 6
21	79 36
21	84 7
21	83 7
21	85 7
21	79 41
21	84 8
21	83 8
21	85 8
21	79 42
21	84 9
21	83 9
21	85 9
21	79 37
21	84 10
21	83 10
21	85 10
21	79 42
21	84 11
21	83 11
21	85 11
21	79 39
21	84 12
21	83 12
21	85 12
21	79 41
21	84 13
21	84 14
21	83 14
21	85 14
21	79 29
21	84 15
21	83 15
21	85 13
21	79 213
21	83 15
21	85 15
21	79 53
21	84 16
21	83 16
21	85 16
21	79 37
21	84 17
21	83 17
21	85 17
21	79 36
21	84 18
21	83 18
21	85 18
21	79 41
21	84 19
21	83 19
21	85 19
21	79 37
21	84 20
21	83 20
21	85 20
21	79 39
21	84 1
21	83 1
21	85 1
21	79 40
21	84 2
21	83 2
21	85 2
21	79 41
21	84 3
21	83 3
21	85 3
21	79 41
21	84 4
21	83 4
21	85 4
21	79 41
21	84 5
21	83 5
21	85 5
21	79 38
21	84 6
21	83 6
21	85 6
21	79 37
21	84 7
21	83 7
21	85 7
21	79 40
21	84 8
21	83 8
21	85 8
21	79 41
21	84 9
21	83 9
21	85 9
21	79 40
21	84 10
21	83 10
21	85 10
21	79 42
21	84 11
21	83 11
21	85 11
21	79 46
21	84 12
21	83 12
21	85 12
21	79 40
21	84 13
21	83 13
21	85 13
21	79 38
21	84 14
21	83 14
21	85 14
21	79 39
21	84 15
21	84 16
21	83 16
21	85 16
21	79 25
21	84 17
21	83 17
21	85 17
21	79 55
21	83 17
21	85 15
21	79 232
21	84 18
21	83 18
21	85 18
21	79 40
21	84 19
21	83 19
21	85 19
21	79 37
21	84 20
21	83 20
21	85 20
21	79 38
21	84 1
21	83 1
21	85 1
21	79 40
21	84 2
21	83 2
21	85 2
21	79 38
21	84 3
21	83 3
21	85 3
21	79 35
21	84 4
21	83 4
21	85 4
21	79 35
21	84 5
21	83 5
21	85 5
21	79 38
21	84 6
21	83 6
21	85 6
21	79 34
21	84 7
21	83 7
21	85 7
21	79 36
21	84 8
21	83 8
21	85 8
21	79 35
21	84 9
21	83 9
21	85 9
21	79 35
21	84 10
21	83 10
21	85 10
21	79 42
21	84 11
21	83 11
21	85 11
21	79 44
21	84 12
21	84 13
21	83 13
21	85 13
21	79 57
21	84 14
21	83 14
21	85 12
21	79 187
21	83 14
21	85 14
21	79 65
21	84 15
21	83 15
21	85 15
21	79 27
21	84 16
21	83 16
21	85 16
21	79 49
21	84 17
21	83 17
21	85 17
21	79 27
21	84 18
21	83 18
21	85 18
21	79 54
21	84 19
21	83 19
21	85 19
21	79 25
21	84 20
21	83 20
21	85 20
21	79 60
21	84 1
21	83 1
21	85 1
21	79 28
21	84 2
21	83 2
21	85 2
21	79 53
21	84 3
21	83 3
21	85 3
21	79 29
21	84 4
21	83 4
21	85 4
21	79 55
21	84 5
21	83 5
21	85 5
21	79 34
21	84 6
21	84 7
21	83 7
21	85 7
21	79 46
21	84 8
21	83 8
21	85 6
21	79 194
21	83 8
21	85 8
21	79 68
21	84 9
21	83 9
21	85 9
21	79 30
21	84 10
21	83 10
21	85 10
21	79 51
21	84 11
21	83 11
21	85 11
21	79 26
21	84 12
21	83 12
21	85 12
21	79 52
21	84 13
21	83 13
21	85 13
21	79 32
21	84 14
21	83 14
21	85 14
21	79 57
21	84 15
21	83 15
21	85 15
21	79 31
21	84 16
21	83 16
21	85 16
21	79 73
21	84 17
21	83 17
21	85 17
21	79 32
21	84 18
21	83 18
21	85 18
21	79 55
21	84 19
21	83 19
21	85 19
21	79 33
21	84 20
21	83 20
21	85 20
21	79 52
21	84 1
21	83 1
21	85 1
21	79 32
21	84 2
21	83 2
21	85 2
21	79 55
21	84 3
21	83 3
21	85 3
21	79 28
21	84 4
21	83 4
21	85 4
21	79 53
21	84 5
21	83 5
21	85 5
21	79 29
21	84 6
21	83 6
21	85 6
21	79 47
21	84 7
21	83 7
21	85 7
21	79 29
21	84 8
21	83 8
21	85 8
21	79 52
21	84 9
21	83 9
21	85 9
21	79 31
21	84 10
21	TEST_NUMBER 4
21	SENT_TOTAL 250
21	RECEIVED_TOTAL 249
21	TIME_TOTAL 29797
21	RECEIVED_RADIO_1 125
21	RECEIVED_RADIO_2 125
21	SENT_RADIO_1 127
21	SENT_RADIO_2 123
21	RADIO_TIME_1 29845
21	RADIO_TIME_2 19755
21	RETRANSMISSIONS_1 0
21	RETRANSMISSIONS_2 5
21	DROPPED_1 0
21	DROPPED_2 0
21	MAX_QUEUE 1
21	DUPLICATED_1 1
21	DUPLICATED_2 1
21	EBUSY_RADIO_1 0
21	EBUSY_RADIO_2 0
21	83 0
21	85 10
21	86 4
21	84 1
21	83 1
21	85 1
21	79 24
21	84 2
21	83 2
21	85 2
21	79 51
21	84 3
21	83 3
21	85 3
21	79 29
21	84 4
21	83 4
21	85 4
21	79 55
21	84 5
21	83 5
21	85 5
21	79 28
21	84 6
21	83 6
21	85 6
21	79 57
21	84 7
21	83 7
21	85 7
21	79 28
21	84 8
21	84 9
21	83 9
21	85 9
21	79 38
21	84 10
21	83 10
21	85 8
21	79 199
21	83 10
21	85 10
21	79 61
21	84 11
21	83 11
21	85 11
21	79 32
21	84 12
21	83 12
21	85 12
21	79 50
21	84 13
21	83 13
21	85 13
21	79 29
21	84 14
21	83 14
21	85 14
21	79 54
21	84 15
21	83 15
21	85 15
21	79 28
21	84 16
21	83 16
21	85 16
21	79 52
21	84 17
21	83 17
21	85 17
21	79 26
21	84 18
21	83 18
21	85 18
21	79 53
21	84 19
21	83 19
21	85 19
21	79 32
21	84 20
21	83 20
21	85 20
21	79 61
21	84 1
21	83 1
21	85 1
21	79 33
21	84 2
21	83 2
21	85 2
21	79 51
21	84 3
21	83 3
21	85 3
21	79 29
21	84 4
21	83 4
21	85 4
21	79 54
21	84 5
21	83 5
21	85 5
21	79 31
21	84 6
21	83 6
21	85 6
21	79 51
21	84 7
21	83 7
21	85 7
21	79 27
21	84 8
21	83 8
21	85 8
21	79 59
21	84 9
21	83 9
21	85 9
21	79 30
21	84 10
21	83 10
21	85 10
21	79 54
21	84 11
21	84 12
21	83 12
21	85 12
21	79 36
21	84 13
21	83 13
21	85 11
21	79 197
21	83 13
21	85 13
21	79 48
21	84 14
21	83 14
21	85 14
21	79 34
21	84 15
21	83 15
21	85 15
21	79 52
21	84 16
21	83 16
21	85 16
21	79 45
21	84 17
21	83 17
21	85 17
21	79 40
21	84 18
21	83 18
21	85 18
21	79 41
21	84 19
21	83 19
21	85 19
21	79 39
21	84 20
21	83 20
21	85 20
21	79 46
21	84 1
21	83 1
21	85 1
21	79 39
21	84 2
21	83 2
21	85 2
21	79 43
21	84 3
21	83 3
21	85 3
21	79 36
21	84 4
21	83 4
21	85 4
21	79 45
21	84 5
21	83 5
21	85 5
21	79 34
21	84 6
21	83 6
21	85 6
21	79 38
21	84 7
21	83 7
21	85 7
21	79 39
21	84 8
21	83 8
21	85 8
21	79 35
21	84 9
21	83 9
21	85 9
21	79 41
21	84 10
21	83 10
21	85 10
21	79 41
21	84 11
21	83 11
21	85 11
21	79 35
21	84 12
21	83 12
21	85 12
21	79 39
21	84 13
21	83 13
21	85 13
21	79 39
21	84 14
21	83 14
21	85 14
21	79 39
21	84 15
21	83 15
21	85 15
21	79 37
21	84 16
21	83 16
21	85 16
21	79 41
21	84 17
21	84 18
21	83 18
21	85 18
21	79 36
21	84 19
21	83 19
21	85 17
21	79 196
21	83 19
21	85 19
21	79 46
21	84 20
21	83 20
21	85 20
21	79 42
21	84 1
21	83 1
21	85 1
21	79 40
21	84 2
21	83 2
21	85 2
21	79 36
21	84 3
21	83 3
21	85 3
21	79 45
21	84 4
21	83 4
21	85 4
21	79 39
21	84 5
21	83 5
21	85 5
21	79 35
21	84 6
21	84 7
21	83 7
21	85 7
21	79 49
21	84 8
21	83 8
21	85 6
21	79 187
21	83 8
21	85 8
21	79 65
21	84 9
21	83 9
21	85 9
21	79 27
21	84 10
21	83 10
21	85 10
21	79 51
21	84 11
21	83 11
21	85 11
21	79 24
21	84 12
21	83 12
21	85 12
21	79 58
21	84 13
21	83 13
21	85 13
21	79 26
21	84 14
21	83 14
21	85 14
21	79 57
21	84 15
21	83 15
21	85 15
21	79 28
21	84 16
21	83 16
21	85 16
21	79 48
21	84 17
21	83 17
21	85 17
21	79 30
21	84 18
21	83 18
21	85 18
21	79 61
21	84 19
21	83 19
21	85 19
21	79 27
21	84 20
21	83 20
21	85 20
21	79 57
21	84 1
21	83 1
21	85 1
21	79 26
21	84 2
21	83 2
21	85 2
21	79 52
21	84 3
21	83 3
21	85 3
21	79 30
21	84 4
21	83 4
21	85 4
21	79 54
21	84 5
21	83 5
21	85 5
21	79 25
21	84 6
21	83 6
21	85 6
21	79 54
21	84 7
21	83 7
21	85 7
21	79 31
21	84 8
21	83 8
21	85 8
21	79 61
21	84 9
21	83 9
21	85 9
21	79 25
21	84 10
21	83 10
21	85 10
21	79 54
21	84 11
21	83 11
21	85 11
21	79 29
21	84 12
21	84 13
21	83 13
21	85 13
21	79 41
21	84 14
21	83 14
21	85 12
21	79 202
21	83 14
21	85 14
21	79 70
21	84 15
21	83 15
21	85 15
21	79 29
21	84 16
21	83 16
21	85 16
21	79 60
21	84 17
21	83 17
21	85 17
21	79 26
21	84 18
21	83 18
21	85 18
21	79 60
21	84 19
21	83 19
21	85 19
21	79 26
21	84 20
21	83 20
21	85 20
21	79 58
21	84 1
21	83 1
21	85 1
21	79 32
21	84 2
21	83 2
21	85 2
21	79 51
21	84 3
21	84 4
21	83 4
21	85 4
21	79 58
21	84 5
21	83 5
21	85 3
21	79 190
21	83 5
21	85 5
21	79 36
21	84 6
21	83 6
21	85 6
21	79 51
21	84 7
21	83 7
21	85 7
21	79 27
21	84 8
21	83 8
21	85 8
21	79 56
21	84 9
21	83 9
21	85 9
21	79 30
21	84 10
21	83 10
21	85 10
21	79 54
21	84 11
21	83 11
21	85 11
21	79 25
21	84 12
21	83 12
21	85 12
21	79 47
21	84 13
21	83 13
21	85 13
21	79 27
21	84 14
21	83 14
21	85 14
21	79 50
21	84 15
21	83 15
21	85 15
21	79 27
21	84 16
21	83 16
21	85 16
21	79 49
21	84 17
21	83 17
21	85 17
21	79 28
21	84 18
21	83 18
21	85 18
21	79 53
21	84 19
21	83 19
21	85 19
21	79 27
21	84 20
21	83 20
21	85 20
21	79 62
21	84 1
21	83 1
21	85 1
21	79 30
21	84 2
21	83 2
21	85 2
21	79 52
21	84 3
21	83 3
21	85 3
21	79 25
21	84 4
21	84 5
21	83 5
21	85 5
21	79 42
21	84 6
21	83 6
21	85 4
21	79 196
21	83 6
21	85 6
21	79 67
21	84 7
21	83 7
21	85 7
21	79 28
21	84 8
21	83 8
21	85 8
21	79 56
21	84 9
21	83 9
21	85 9
21	79 30
21	84 10
21	83 10
21	85 10
21	79 48
21	84 11
21	83 11
21	85 11
21	79 24
21	84 12
21	83 12
21	85 12
21	79 53
21	84 13
21	83 13
21	85 13
21	79 31
21	84 14
21	84 15
21	84 16
21	83 16
21	85 14
21	79 198
21	83 16
21	85 15
21	79 145
21	84 17
21	83 17
21	85 16
21	79 81
21	83 17
21	85 17
21	79 32
21	84 18
21	83 18
21	85 18
21	79 51
21	84 19
21	83 19
21	85 19
21	79 30
21	84 20
21	83 20
21	85 20
21	79 52
21	84 1
21	83 1
21	85 1
21	79 26
21	84 2
21	83 2
21	85 2
21	79 51
21	84 3
21	83 3
21	85 3
21	79 32
21	84 4
21	84 5
21	84 6
21	83 6
21	85 4
21	79 197
21	83 6
21	85 5
21	79 144
21	84 7
21	83 7
21	85 7
21	79 27
21	84 8
21	83 8
21	85 6
21	79 205
21	83 8
21	85 8
21	79 54
21	84 9
21	83 9
21	85 9
21	79 30
21	84 10
21	83 10
21	85 10
21	79 47
21	84 11
21	83 11
21	85 11
21	79 27
21	84 12
21	83 12
21	85 12
21	79 48
21	84 13
21	83 13
21	85 13
21	79 30
21	84 14
21	83 14
21	85 14
21	79 52
21	84 15
21	83 15
21	85 15
21	79 25
21	84 16
21	83 16
21	85 16
21	79 47
21	84 17
21	83 17
21	85 17
21	79 28
21	84 18
21	83 18
21	85 18
21	79 54
21	84 19
21	83 19
21	85 19
21	79 28
21	84 20
21	83 20
21	85 20
21	79 56
21	84 1
21	83 1
21	85 1
21	79 30
21	84 2
21	83 2
21	85 2
21	79 55
21	84 3
21	83 3
21	85 3
21	79 34
21	84 4
21	83 4
21	85 4
21	79 55
21	84 5
21	83 5
21	85 5
21	79 27
21	84 6
21	84 7
21	83 7
21	85 7
21	79 37
21	84 8
21	83 8
21	85 8
21	79 62
21	84 9
21	83 9
21	85 6
21	79 271
21	83 9
21	85 9
21	79 37
21	84 10
21	83 10
21	85 10
21	79 51
21	84 11
21	83 11
21	85 11
21	79 32
21	84 12
21	83 12
21	85 12
21	79 59
21	84 13
21	83 13
21	85 13
21	79 27
21	84 14
21	83 14
21	85 14
21	79 59
21	84 15
21	83 15
21	85 15
21	79 27
21	84 16
21	83 16
21	85 16
21	79 59
21	84 17
21	83 17
21	85 17
21	79 30
21	84 18
21	83 18
21	85 18
21	79 57
21	84 19
21	83 19
21	85 19
21	79 23
21	84 20
21	83 20
21	85 20
21	79 53
21	84 1
21	83 1
21	85 1
21	79 30
21	84 2
21	83 2
21	85 2
21	79 55
21	84 3
21	83 3
21	85 3
21	79 29
21	84 4
21	83 4
21	85 4
21	79 55
21	84 5
21	83 5
21	85 5
21	79 26
21	84 6
21	83 6
21	85 6
21	79 48
21	84 7
21	83 7
21	85 7
21	79 22
21	84 8
21	84 9
21	83 9
21	85 9
21	79 28
21	84 10
21	83 10
21	85 8
21	79 217
21	83 10
21	85 10
21	79 65
21	84 11
21	83 11
21	85 11
21	79 26
21	84 12
21	83 12
21	85 12
21	79 55
21	84 13
21	83 13
21	85 13
21	79 29
21	84 14
21	83 14
21	85 14
21	79 50
21	84 15
21	83 15
21	85 15
21	79 30
21	84 16
21	83 16
21	85 16
21	79 57
21	84 17
21	83 17
21	85 17
21	79 28
21	84 18
21	83 18
21	85 18
21	79 53
21	84 19
21	83 19
21	85 19
21	79 29
21	84 20
21	83 20
21	85 20
21	79 51
21	84 1
21	83 1
21	85 1
21	79 24
21	84 2
21	83 2
21	85 2
21	79 48
21	84 3
21	83 3
21	85 3
21	79 32
21	84 4
21	83 4
21	85 4
21	79 60
21	84 5
21	83 5
21	85 5
21	79 29
21	84 6
21	83 6
21	85 6
21	79 60
21	84 7
21	83 7
21	85 7
21	79 30
21	84 8
21	84 9
21	83 9
21	85 9
21	79 43
21	84 10
21	83 10
21	85 8
21	79 201
21	83 10
21	85 10
21	79 65
21	84 11
21	83 11
21	85 11
21	79 29
21	84 12
21	83 12
21	85 12
21	79 58
21	84 13
21	83 13
21	85 13
21	79 36
21	84 14
21	83 14
21	85 14
21	79 56
21	84 15
21	83 15
21	85 15
21	79 33
21	84 16
21	83 16
21	85 16
21	79 58
21	84 17
21	83 17
21	85 17
21	79 31
21	84 18
21	83 18
21	85 18
21	79 56
21	84 19
21	83 19
21	85 19
21	79 27
21	84 20
21	83 20
21	85 20
21	79 51
21	84 1
21	83 1
21	85 1
21	79 26
21	84 2
21	83 2
21	85 2
21	79 56
21	84 3
21	83 3
21	85 3
21	79 29
21	84 4
21	83 4
21	85 4
21	79 48
21	84 5
21	83 5
21	85 5
21	79 27
21	84 6
21	83 6
21	85 6
21	79 56
21	84 7
21	83 7
21	85 7
21	79 28
21	84 8
21	84 9
21	83 9
21	85 9
21	79 41
21	84 10
21	83 10
21	85 8
21	79 196
21	83 10
21	85 10
21	79 58
21	84 11
21	83 11
21	85 11
21	79 29
21	84 12
21	83 12
21	85 12
21	79 57
21	84 13
21	83 13
21	85 13
21	79 28
21	84 14
21	83 14
21	85 14
21	79 53
21	84 15
21	83 15
21	85 15
21	79 28
21	84 16
21	83 16
21	85 16
21	79 60
21	84 17
21	83 17
21	85 17
21	79 31
21	84 18
21	83 18
21	85 18
21	79 59
21	84 19
21	83 19
21	85 19
21	79 24
21	84 20
21	83 20
21	85 20
21	79 73
21	84 1
21	83 1
21	85 1
21	79 27
21	84 2
21	83 2
21	85 2
21	79 56
21	84 3
21	83 3
21	85 3
21	79 27
21	84 4
21	83 4
21	85 4
21	79 51
21	84 5
21	83 5
21	85 5
21	79 26
21	84 6
21	83 6
21	85 6
21	79 57
21	84 7
21	83 7
21	85 7
21	79 29
21	84 8
21	83 8
21	85 8
21	79 49
21	84 9
21	83 9
21	85 9
21	79 27
21	84 10
21	TEST_NUMBER 5
21	SENT_TOTAL 250
21	RECEIVED_TOTAL 249
21	TIME_TOTAL 29772
21	RECEIVED_RADIO_1 125
21	RECEIVED_RADIO_2 125
21	SENT_RADIO_1 126
21	SENT_RADIO_2 124
21	RADIO_TIME_1 29825
21	RADIO_TIME_2 19790
21	RETRANSMISSIONS_1 0
21	RETRANSMISSIONS_2 3
21	DROPPED_1 0
21	DROPPED_2 0
21	MAX_QUEUE 1
21	DUPLICATED_1 1
21	DUPLICATED_2 0
21	EBUSY_RADIO_1 0
21	EBUSY_RADIO_2 0
21	83 0
21	85 10
21	86 5
21	84 1
21	83 1
21	85 1
21	79 29
21	84 2
21	83 2
21	85 2
21	79 54
21	84 3
21	83 3
21	85 3
21	79 29
21	84 4
21	83 4
21	85 4
21	79 68
21	84 5
21	83 5
21	85 5
21	79 29
21	84 6
21	83 6
21	85 6
21	79 58
21	84 7
21	83 7
21	85 7
21	79 30
21	84 8
21	83 8
21	85 8
21	79 48
21	84 9
21	83 9
21	85 9
21	79 31
21	84 10
21	83 10
21	85 10
21	79 52
21	84 11
21	83 11
21	85 11
21	79 29
21	84 12
21	83 12
21	85 12
21	79 59
21	84 13
21	83 13
21	85 13
21	79 33
21	84 14
21	83 14
21	85 14
21	79 59
21	84 15
21	83 15
21	85 15
21	79 33
21	84 16
21	83 16
21	85 16
21	79 52
21	84 17
21	83 17
21	85 17
21	79 32
21	84 18
21	83 18
21	85 18
21	79 55
21	84 19
21	83 19
21	85 19
21	79 30
21	84 20
21	83 20
21	85 20
21	79 59
21	84 1
21	83 1
21	85 1
21	79 32
21	84 2
21	83 2
21	85 2
21	79 51
21	84 3
21	83 3
21	85 3
21	79 32
21	84 4
21	83 4
21	85 4
21	79 55
21	84 5
21	83 5
21	85 5
21	79 24
21	84 6
21	83 6
21	85 6
21	79 55
21	84 7
21	83 7
21	85 7
21	79 26
21	84 8
21	83 8
21	85 8
21	79 55
21	84 9
21	83 9
21	85 9
21	79 37
21	84 10
21	83 10
21	85 10
21	79 53
21	84 11
21	83 11
21	85 11
21	79 27
21	84 12
21	84 13
21	83 13
21	85 13
21	79 39
21	84 14
21	83 14
21	85 12
21	79 198
21	83 14
21	85 14
21	79 61
21	84 15
21	83 15
21	85 15
21	79 27
21	84 16
21	83 16
21	85 16
21	79 51
21	84 17
21	83 17
21	85 17
21	79 29
21	84 18
21	83 18
21	85 18
21	79 55
21	84 19
21	83 19
21	85 19
21	79 30
21	84 20
21	83 20
21	85 20
21	79 54
21	84 1
21	83 1
21	85 1
21	79 26
21	84 2
21	84 3
21	83 3
21	85 3
21	79 41
21	84 4
21	83 4
21	85 2
21	79 202
21	83 4
21	85 4
21	79 58
21	84 5
21	84 6
21	83 6
21	85 6
21	79 54
21	84 7
21	83 7
21	85 5
21	79 190
21	83 7
21	85 7
21	79 40
21	84 8
21	83 8
21	85 8
21	79 56
21	84 9
21	83 9
21	85 9
21	79 33
21	84 10
21	83 10
21	85 10
21	79 54
21	84 11
21	83 11
21	85 11
21	79 31
21	84 12
21	83 12
21	85 12
21	79 48
21	84 13
21	83 13
21	85 13
21	79 28
21	84 14
21	83 14
21	85 14
21	79 55
21	84 15
21	83 15
21	85 15
21	79 27
21	84 16
21	83 16
21	85 16
21	79 54
21	84 17
21	84 18
21	83 18
21	85 18
21	79 48
21	84 19
21	83 19
21	85 17
21	79 190
21	83 19
21	85 19
21	79 41
21	84 20
21	83 20
21	85 20
21	79 54
21	84 1
21	83 1
21	85 1
21	79 30
21	84 2
21	83 2
21	85 2
21	79 50
21	84 3
21	83 3
21	85 3
21	79 28
21	84 4
21	83 4
21	85 4
21	79 48
21	84 5
21	83 5
21	85 5
21	79 31
21	84 6
21	84 7
21	83 7
21	85 7
21	79 30
21	84 8
21	83 8
21	85 6
21	79 214
21	83 8
21	85 8
21	79 72
21	84 9
21	83 9
21	85 9
21	79 27
21	84 10
21	83 10
21	85 10
21	79 55
21	84 11
21	83 11
21	85 11
21	79 27
21	84 12
21	83 12
21	85 12
21	79 54
21	84 13
21	83 13
21	85 13
21	79 30
21	84 14
21	84 15
21	83 15
21	85 15
21	79 42
21	84 16
21	83 16
21	85 14
21	79 204
21	84 17
21	83 17
21	85 16
21	79 127
21	83 17
21	85 17
21	79 54
21	84 18
21	83 18
21	85 18
21	79 42
21	84 19
21	83 19
21	85 19
21	79 39
21	84 20
21	83 20
21	85 20
21	79 42
21	84 1
21	83 1
21	85 1
21	79 38
21	84 2
21	83 2
21	85 2
21	79 39
21	84 3
21	83 3
21	85 3
21	79 43
21	84 4
21	84 5
21	83 5
21	85 5
21	79 27
21	84 6
21	83 6
21	85 6
21	79 49
21	83 6
21	85 4
21	79 209
21	84 7
21	83 7
21	85 7
21	79 49
21	84 8
21	83 8
21	85 8
21	79 36
21	84 9
21	83 9
21	85 9
21	79 36
21	84 10
21	83 10
21	85 10
21	79 38
21	84 11
21	83 11
21	85 11
21	79 42
21	84 12
21	83 12
21	85 12
21	79 40
21	84 13
21	83 13
21	85 13
21	79 43
21	84 14
21	83 14
21	85 14
21	79 40
21	84 15
21	83 15
21	85 15
21	79 39
21	84 16
21	83 16
21	85 16
21	79 43
21	84 17
21	83 17
21	85 17
21	79 45
21	84 18
21	83 18
21	85 18
21	79 40
21	84 19
21	83 19
21	85 19
21	79 41
21	84 20
21	83 20
21	85 20
21	79 43
21	84 1
21	83 1
21	85 1
21	79 38
21	84 2
21	83 2
21	85 2
21	79 33
21	84 3
21	83 3
21	85 3
21	79 41
21	84 4
21	83 4
21	85 4
21	79 40
21	84 5
21	83 5
21	85 5
21	79 42
21	84 6
21	83 6
21	85 6
21	79 33
21	84 7
21	83 7
21	85 7
21	79 36
21	84 8
21	83 8
21	85 8
21	79 41
21	84 9
21	83 9
21	85 9
21	79 40
21	84 10
21	83 10
21	85 10
21	79 38
21	84 11
21	83 11
21	85 11
21	79 41
21	84 12
21	83 12
21	85 12
21	79 43
21	84 13
21	83 13
21	85 13
21	79 43
21	84 14
21	83 14
21	85 14
21	79 38
21	84 15
21	83 15
21	85 15
21	79 40
21	84 16
21	83 16
21	85 16
21	79 42
21	84 17
21	83 17
21	85 17
21	79 43
21	84 18
21	83 18
21	85 18
21	79 44
21	84 19
21	83 19
21	85 19
21	79 36
21	84 20
21	83 20
21	85 20
21	79 38
21	84 1
21	83 1
21	85 1
21	79 38
21	84 2
21	83 2
21	85 2
21	79 43
21	84 3
21	83 3
21	85 3
21	79 39
21	84 4
21	83 4
21	85 4
21	79 37
21	84 5
21	83 5
21	85 5
21	79 34
21	84 6
21	83 6
21	85 6
21	79 36
21	84 7
21	83 7
21	85 7
21	79 42
21	84 8
21	83 8
21	85 8
21	79 38
21	84 9
21	83 9
21	85 9
21	79 44
21	84 10
21	83 10
21	85 10
21	79 41
21	84 11
21	83 11
21	85 11
21	79 39
21	84 12
21	83 12
21	85 12
21	79 38
21	84 13
21	83 13
21	85 13
21	79 42
21	84 14
21	83 14
21	85 14
21	79 38
21	84 15
21	83 15
21	85 15
21	79 41
21	84 16
21	84 17
21	83 17
21	85 17
21	79 32
21	84 18
21	83 18
21	85 18
21	79 47
21	83 18
21	85 16
21	79 210
21	84 19
21	83 19
21	85 19
21	79 49
21	84 20
21	83 20
21	85 20
21	79 37
21	84 1
21	83 1
21	85 1
21	79 32
21	84 2
21	83 2
21	85 2
21	79 40
21	84 3
21	83 3
21	85 3
21	79 39
21	84 4
21	83 4
21	85 4
21	79 45
21	84 5
21	83 5
21	85 5
21	79 35
21	84 6
21	83 6
21	85 6
21	79 44
21	84 7
21	83 7
21	85 7
21	79 39
21	84 8
21	83 8
21	85 8
21	79 41
21	84 9
21	83 9
21	85 9
21	79 43
21	84 10
21	83 10
21	85 10
21	79 40
21	84 11
21	83 11
21	85 11
21	79 37
21	84 12
21	83 12
21	85 12
21	79 39
21	84 13
21	83 13
21	85 13
21	79 36
21	84 14
21	83 14
21	85 14
21	79 37
21	84 15
21	83 15
21	85 15
21	79 35
21	84 16
21	83 16
21	85 16
21	79 39
21	84 17
21	83 17
21	85 17
21	79 44
21	84 18
21	83 18
21	85 18
21	79 39
21	84 19
21	83 19
21	85 19
21	79 43
21	84 20
21	83 20
21	85 20
21	79 38
21	84 1
21	83 1
21	85 1
21	79 34
21	84 2
21	83 2
21	85 2
21	79 41
21	84 3
21	83 3
21	85 3
21	79 44
21	84 4
21	83 4
21	85 4
21	79 37
21	84 5
21	83 5
21	85 5
21	79 36
21	84 6
21	83 6
21	85 6
21	79 39
21	84 7
21	83 7
21	85 7
21	79 37
21	84 8
21	84 9
21	83 9
21	85 9
21	79 30
21	84 10
21	83 10
21	85 10
21	79 54
21	83 10
21	85 8
21	79 216
21	84 11
21	83 11
21	85 11
21	79 52
21	84 12
21	83 12
21	85 12
21	79 36
21	84 13
21	83 13
21	85 13
21	79 39
21	84 14
21	83 14
21	85 14
21	79 43
21	84 15
21	83 15
21	85 15
21	79 43
21	84 16
21	83 16
21	85 16
21	79 38
21	84 17
21	83 17
21	85 17
21	79 44
21	84 18
21	84 19
21	83 19
21	85 19
21	79 33
21	84 20
21	83 20
21	85 20
21	79 53
21	84 1
21	84 2
21	83 2
21	85 18
21	79 376
21	83 2
21	85 2
21	79 70
21	84 3
21	83 3
21	85 1
21	79 187
21	83 3
21	85 3
21	79 60
21	84 4
21	83 4
21	85 4
21	79 26
21	84 5
21	83 5
21	85 5
21	79 55
21	84 6
21	83 6
21	85 6
21	79 25
21	84 7
21	83 7
21	85 7
21	79 53
21	84 8
21	83 8
21	85 8
21	79 28
21	84 9
21	84 10
21	83 10
21	85 10
21	79 38
21	84 11
21	83 11
21	85 9
21	79 196
21	83 11
21	85 11
21	79 62
21	84 12
21	83 12
21	85 12
21	79 28
21	84 13
21	83 13
21	85 13
21	79 54
21	84 14
21	83 14
21	85 14
21	79 32
21	84 15
21	83 15
21	85 15
21	79 54
21	84 16
21	83 16
21	85 16
21	79 27
21	84 17
21	83 17
21	85 17
21	79 54
21	84 18
21	83 18
21	85 18
21	79 29
21	84 19
21	84 20
21	83 20
21	85 20
21	79 39
21	84 1
21	83 1
21	85 19
21	79 200
21	83 1
21	85 1
21	79 71
21	84 2
21	83 2
21	85 2
21	79 26
21	84 3
21	84 4
21	83 4
21	85 4
21	79 40
21	84 5
21	83 5
21	85 3
21	79 199
21	83 5
21	85 5
21	79 53
21	84 6
21	83 6
21	85 6
21	79 53
21	84 7
21	83 7
21	85 7
21	79 39
21	84 8
21	83 8
21	85 8
21	79 45
21	84 9
21	83 9
21	85 9
21	79 40
21	84 10
21	83 10
21	85 10
21	79 43
21	84 11
21	83 11
21	85 11
21	79 38
21	84 12
21	83 12
21	85 12
21	79 44
21	84 13
21	83 13
21	85 13
21	79 40
21	84 14
21	83 14
21	85 14
21	79 42
21	84 15
21	83 15
21	85 15
21	79 40
21	84 16
21	83 16
21	85 16
21	79 39
21	84 17
21	83 17
21	85 17
21	79 45
21	84 18
21	83 18
21	85 18
21	79 40
21	84 19
21	83 19
21	85 19
21	79 36
21	84 20
21	83 20
21	85 20
21	79 34
21	84 1
21	83 1
21	85 1
21	79 43
21	84 2
21	83 2
21	85 2
21	79 44
21	84 3
21	83 3
21	85 3
21	79 35
21	84 4
21	83 4
21	85 4
21	79 46
21	84 5
21	83 5
21	85 5
21	79 41
21	84 6
21	83 6
21	85 6
21	79 37
21	84 7
21	83 7
21	85 7
21	79 38
21	84 8
21	83 8
21	85 8
21	79 39
21	84 9
21	83 9
21	85 9
21	79 38
21	84 10
21	83 10
21	85 10
21	79 40
21	84 11
21	84 12
21	83 12
21	85 12
21	79 26
21	84 13
21	83 13
21	85 13
21	79 40
21	83 13
21	85 11
21	79 213
21	84 14
21	83 14
21	85 14
21	79 43
21	84 15
21	83 15
21	85 15
21	79 59
21	84 16
21	83 16
21	85 16
21	79 29
21	84 17
21	83 17
21	85 17
21	79 52
21	84 18
21	83 18
21	85 18
21	79 30
21	84 19
21	83 19
21	85 19
21	79 47
21	84 20
21	83 20
21	85 20
21	79 30
21	84 1
21	83 1
21	85 1
21	79 56
21	84 2
21	83 2
21	85 2
21	79 27
21	84 3
21	84 4
21	83 4
21	85 4
21	79 27
21	84 5
21	83 5
21	85 3
21	79 219
21	83 5
21	85 5
21	79 68
21	84 6
21	83 6
21	85 6
21	79 25
21	84 7
21	84 8
21	83 8
21	85 8
21	79 27
21	84 9
21	83 9
21	85 7
21	79 215
21	83 9
21	85 9
21	79 71
21	84 10
21	TEST_NUMBER 6
21	SENT_TOTAL 250
21	RECEIVED_TOTAL 249
21	TIME_TOTAL 29817
21	RECEIVED_RADIO_1 127
21	RECEIVED_RADIO_2 123
21	SENT_RADIO_1 126
21	SENT_RADIO_2 124
21	RADIO_TIME_1 29817
21	RADIO_TIME_2 19843
21	RETRANSMISSIONS_1 0
21	RETRANSMISSIONS_2 1
21	DROPPED_1 0
21	DROPPED_2 0
21	MAX_QUEUE 1
21	DUPLICATED_1 1
21	DUPLICATED_2 1
21	EBUSY_RADIO_1 0
21	EBUSY_RADIO_2 0
21	83 0
21	85 10
21	86 6

24	RELAY_NODE 24
24	TEST_NUMBER 0
24	SENT_TOTAL 0
24	RECEIVED_TOTAL 0
24	TIME_TOTAL 0
24	RECEIVED_RADIO_1 127
24	RECEIVED_RADIO_2 126
24	SENT_RADIO_1 126
24	SENT_RADIO_2 127
24	RADIO_TIME_1 19897
24	RADIO_TIME_2 19897
24	RETRANSMISSIONS_1 0
24	RETRANSMISSIONS_2 0
24	DROPPED_1 0
24	DROPPED_2 0
24	MAX_QUEUE 1
24	DUPLICATED_1 0
24	DUPLICATED_2 3
24	EBUSY_RADIO_1 0
24	EBUSY_RADIO_2 0
24	TEST_NUMBER 1
24	SENT_TOTAL 0
24	RECEIVED_TOTAL 0
24	TIME_TOTAL 0
24	RECEIVED_RADIO_1 126
24	RECEIVED_RADIO_2 125
24	SENT_RADIO_1 125
24	SENT_RADIO_2 126
24	RADIO_TIME_1 19800
24	RADIO_TIME_2 19800
24	RETRANSMISSIONS_1 0
24	RETRANSMISSIONS_2 1
24	DROPPED_1 0
24	DROPPED_2 0
24	MAX_QUEUE 1
24	DUPLICATED_1 0
24	DUPLICATED_2 0
24	EBUSY_RADIO_1 0
24	EBUSY_RADIO_2 0
24	TEST_NUMBER 2
24	SENT_TOTAL 0
24	RECEIVED_TOTAL 0
24	TIME_TOTAL 0
24	RECEIVED_RADIO_1 126
24	RECEIVED_RADIO_2 125
24	SENT_RADIO_1 125
24	SENT_RADIO_2 126
24	RADIO_TIME_1 19719
24	RADIO_TIME_2 19719
24	RETRANSMISSIONS_1 1
24	RETRANSMISSIONS_2 0
24	DROPPED_1 0
24	DROPPED_2 0
24	MAX_QUEUE 1
24	DUPLICATED_1 0
24	DUPLICATED_2 1
24	EBUSY_RADIO_1 0
24	EBUSY_RADIO_2 0
24	TEST_NUMBER 3
24	SENT_TOTAL 0
24	RECEIVED_TOTAL 0
24	TIME_TOTAL 0
24	RECEIVED_RADIO_1 126
24	RECEIVED_RADIO_2 126
24	SENT_RADIO_1 126
24	SENT_RADIO_2 126
24	RADIO_TIME_1 19869
24	RADIO_TIME_2 19869
24	RETRANSMISSIONS_1 0
24	RETRANSMISSIONS_2 0
24	DROPPED_1 0
24	DROPPED_2 0
24	MAX_QUEUE 1
24	DUPLICATED_1 0
24	DUPLICATED_2 1
24	EBUSY_RADIO_1 0
24	EBUSY_RADIO_2 0
24	TEST_NUMBER 4
24	SENT_TOTAL 0
24	RECEIVED_TOTAL 0
24	TIME_TOTAL 0
24	RECEIVED_RADIO_1 128
24	RECEIVED_RADIO_2 125
24	SENT_RADIO_1 125
24	SENT_RADIO_2 128
24	RADIO_TIME_1 19887
24	RADIO_TIME_2 19887
24	RETRANSMISSIONS_1 1
24	RETRANSMISSIONS_2 0
24	DROPPED_1 0
24	DROPPED_2 0
24	MAX_QUEUE 1
24	DUPLICATED_1 0
24	DUPLICATED_2 0
24	EBUSY_RADIO_1 0
24	EBUSY_RADIO_2 0
24	TEST_NUMBER 5
24	SENT_TOTAL 0
24	RECEIVED_TOTAL 0
24	TIME_TOTAL 0
24	RECEIVED_RADIO_1 126
24	RECEIVED_RADIO_2 125
24	SENT_RADIO_1 125
24	SENT_RADIO_2 126
24	RADIO_TIME_1 19806
24	RADIO_TIME_2 19806
24	RETRANSMISSIONS_1 1
24	RETRANSMISSIONS_2 0
24	DROPPED_1 0
24	DROPPED_2 0
24	MAX_QUEUE 1
24	DUPLICATED_1 0
24	DUPLICATED_2 0
24	EBUSY_RADIO_1 0
24	EBUSY_RADIO_2 0
24	TEST_NUMBER 6
24	SENT_TOTAL 0
24	RECEIVED_TOTAL 0
24	TIME_TOTAL 0
24	RECEIVED_RADIO_1 125
24	RECEIVED_RADIO_2 126
24	SENT_RADIO_1 126
24	SENT_RADIO_2 125
24	RADIO_TIME_1 19741
24	RADIO_TIME_2 19732
24	RETRANSMISSIONS_1 1
24	RETRANSMISSIONS_2 0
24	DROPPED_1 0
24	DROPPED_2 0
24	MAX_QUEUE 1
24	DUPLICATED_1 0
24	DUPLICATED_2 1
24	EBUSY_RADIO_1 0
24	EBUSY_RADIO_2 0
