
1	DESTINATION_NODE 1
1	TEST_NUMBER 0
1	SENT_TOTAL 250
1	RECEIVED_TOTAL 250
1	TIME_TOTAL 14884
1	RECEIVED_RADIO_1 125
1	RECEIVED_RADIO_2 125
1	SENT_RADIO_1 125
1	SENT_RADIO_2 125
1	RADIO_TIME_1 14884
1	RADIO_TIME_2 14823
1	RETRANSMISSIONS_1 2
1	RETRANSMISSIONS_2 1
1	DROPPED_1 0
1	DROPPED_2 0
1	MAX_QUEUE 1
1	DUPLICATED_1 0
1	DUPLICATED_2 0
1	EBUSY_RADIO_1 0
1	EBUSY_RADIO_2 0
1	TEST_NUMBER 1
1	SENT_TOTAL 250
1	RECEIVED_TOTAL 250
1	TIME_TOTAL 14883
1	RECEIVED_RADIO_1 124
1	RECEIVED_RADIO_2 126
1	SENT_RADIO_1 125
1	SENT_RADIO_2 125
1	RADIO_TIME_1 14761
1	RADIO_TIME_2 14883
1	RETRANSMISSIONS_1 1
1	RETRANSMISSIONS_2 2
1	DROPPED_1 0
1	DROPPED_2 0
1	MAX_QUEUE 1
1	DUPLICATED_1 0
1	DUPLICATED_2 1
1	EBUSY_RADIO_1 0
1	EBUSY_RADIO_2 0
1	TEST_NUMBER 2
1	SENT_TOTAL 250
1	RECEIVED_TOTAL 250
1	TIME_TOTAL 14884
1	RECEIVED_RADIO_1 125
1	RECEIVED_RADIO_2 125
1	SENT_RADIO_1 126
1	SENT_RADIO_2 124
1	RADIO_TIME_1 14884
1	RADIO_TIME_2 14822
1	RETRANSMISSIONS_1 0
1	RETRANSMISSIONS_2 1
1	DROPPED_1 0
1	DROPPED_2 0
1	MAX_QUEUE 1
1	DUPLICATED_1 0
1	DUPLICATED_2 0
1	EBUSY_RADIO_1 0
1	EBUSY_RADIO_2 0
1	TEST_NUMBER 3
1	SENT_TOTAL 250
1	RECEIVED_TOTAL 250
1	TIME_TOTAL 14886
1	RECEIVED_RADIO_1 125
1	RECEIVED_RADIO_2 125
1	SENT_RADIO_1 126
1	SENT_RADIO_2 124
1	RADIO_TIME_1 14827
1	RADIO_TIME_2 14886
1	RETRANSMISSIONS_1 0
1	RETRANSMISSIONS_2 4
1	DROPPED_1 0
1	DROPPED_2 0
1	MAX_QUEUE 1
1	DUPLICATED_1 0
1	DUPLICATED_2 0
1	EBUSY_RADIO_1 0
1	EBUSY_RADIO_2 0
1	TEST_NUMBER 4
1	SENT_TOTAL 250
1	RECEIVED_TOTAL 250
1	TIME_TOTAL 14885
1	RECEIVED_RADIO_1 125
1	RECEIVED_RADIO_2 125
1	SENT_RADIO_1 125
1	SENT_RADIO_2 125
1	RADIO_TIME_1 14823
1	RADIO_TIME_2 14828
1	RETRANSMISSIONS_1 0
1	RETRANSMISSIONS_2 0
1	DROPPED_1 0
1	DROPPED_2 0
1	MAX_QUEUE 1
1	DUPLICATED_1 0
1	DUPLICATED_2 0
1	EBUSY_RADIO_1 0
1	EBUSY_RADIO_2 0
1	TEST_NUMBER 5
1	SENT_TOTAL 250
1	RECEIVED_TOTAL 250
1	TIME_TOTAL 14882
1	RECEIVED_RADIO_1 125
1	RECEIVED_RADIO_2 125
1	SENT_RADIO_1 125
1	SENT_RADIO_2 125
1	RADIO_TIME_1 14818
1	RADIO_TIME_2 14826
1	RETRANSMISSIONS_1 0
1	RETRANSMISSIONS_2 0
1	DROPPED_1 0
1	DROPPED_2 0
1	MAX_QUEUE 1
1	DUPLICATED_1 0
1	DUPLICATED_2 0
1	EBUSY_RADIO_1 0
1	EBUSY_RADIO_2 0
1	TEST_NUMBER 6
1	SENT_TOTAL 250
1	RECEIVED_TOTAL 250
1	TIME_TOTAL 14882
1	RECEIVED_RADIO_1 125
1	RECEIVED_RADIO_2 125
1	SENT_RADIO_1 126
1	SENT_RADIO_2 124
1	RADIO_TIME_1 14882
1	RADIO_TIME_2 14823
1	RETRANSMISSIONS_1 0
1	RETRANSMISSIONS_2 1
1	DROPPED_1 0
1	DROPPED_2 0
1	MAX_QUEUE 1
1	DUPLICATED_1 0
1	DUPLICATED_2 0
1	EBUSY_RADIO_1 0
1	EBUSY_RADIO_2 0

2	RELAY_NODE 2
2	TEST_NUMBER 0
2	SENT_TOTAL 0
2	RECEIVED_TOTAL 0
2	TIME_TOTAL 0
2	RECEIVED_RADIO_1 125
2	RECEIVED_RADIO_2 125
2	SENT_RADIO_1 125
2	SENT_RADIO_2 125
2	RADIO_TIME_1 14887
2	RADIO_TIME_2 14887
2	RETRANSMISSIONS_1 0
2	RETRANSMISSIONS_2 0
2	DROPPED_1 0
2	DROPPED_2 0
2	MAX_QUEUE 1
2	DUPLICATED_1 2
2	DUPLICATED_2 0
2	EBUSY_RADIO_1 0
2	EBUSY_RADIO_2 0
2	TEST_NUMBER 1
2	SENT_TOTAL 0
2	RECEIVED_TOTAL 0
2	TIME_TOTAL 0
2	RECEIVED_RADIO_1 125
2	RECEIVED_RADIO_2 124
2	SENT_RADIO_1 124
2	SENT_RADIO_2 125
2	RADIO_TIME_1 14778
2	RADIO_TIME_2 14778
2	RETRANSMISSIONS_1 0
2	RETRANSMISSIONS_2 0
2	DROPPED_1 0
2	DROPPED_2 0
2	MAX_QUEUE 1
2	DUPLICATED_1 1
2	DUPLICATED_2 0
2	EBUSY_RADIO_1 0
2	EBUSY_RADIO_2 0
2	TEST_NUMBER 2
2	SENT_TOTAL 0
2	RECEIVED_TOTAL 0
2	TIME_TOTAL 0
2	RECEIVED_RADIO_1 126
2	RECEIVED_RADIO_2 125
2	SENT_RADIO_1 125
2	SENT_RADIO_2 126
2	RADIO_TIME_1 14897
2	RADIO_TIME_2 14897
2	RETRANSMISSIONS_1 0
2	RETRANSMISSIONS_2 2
2	DROPPED_1 0
2	DROPPED_2 0
2	MAX_QUEUE 1
2	DUPLICATED_1 0
2	DUPLICATED_2 0
2	EBUSY_RADIO_1 0
2	EBUSY_RADIO_2 0
2	TEST_NUMBER 3
2	SENT_TOTAL 0
2	RECEIVED_TOTAL 0
2	TIME_TOTAL 0
2	RECEIVED_RADIO_1 126
2	RECEIVED_RADIO_2 125
2	SENT_RADIO_1 125
2	SENT_RADIO_2 126
2	RADIO_TIME_1 14838
2	RADIO_TIME_2 14838
2	RETRANSMISSIONS_1 0
2	RETRANSMISSIONS_2 1
2	DROPPED_1 0
2	DROPPED_2 0
2	MAX_QUEUE 1
2	DUPLICATED_1 0
2	DUPLICATED_2 0
2	EBUSY_RADIO_1 0
2	EBUSY_RADIO_2 0
2	TEST_NUMBER 4
2	SENT_TOTAL 0
2	RECEIVED_TOTAL 0
2	TIME_TOTAL 0
2	RECEIVED_RADIO_1 125
2	RECEIVED_RADIO_2 125
2	SENT_RADIO_1 125
2	SENT_RADIO_2 125
2	RADIO_TIME_1 14841
2	RADIO_TIME_2 14841
2	RETRANSMISSIONS_1 0
2	RETRANSMISSIONS_2 0
2	DROPPED_1 0
2	DROPPED_2 0
2	MAX_QUEUE 1
2	DUPLICATED_1 0
2	DUPLICATED_2 0
2	EBUSY_RADIO_1 0
2	EBUSY_RADIO_2 0
2	TEST_NUMBER 5
2	SENT_TOTAL 0
2	RECEIVED_TOTAL 0
2	TIME_TOTAL 0
2	RECEIVED_RADIO_1 125
2	RECEIVED_RADIO_2 125
2	SENT_RADIO_1 125
2	SENT_RADIO_2 125
2	RADIO_TIME_1 14833
2	RADIO_TIME_2 14833
2	RETRANSMISSIONS_1 0
2	RETRANSMISSIONS_2 0
2	DROPPED_1 0
2	DROPPED_2 0
2	MAX_QUEUE 1
2	DUPLICATED_1 0
2	DUPLICATED_2 0
2	EBUSY_RADIO_1 0
2	EBUSY_RADIO_2 0
2	TEST_NUMBER 6
2	SENT_TOTAL 0
2	RECEIVED_TOTAL 0
2	TIME_TOTAL 0
2	RECEIVED_RADIO_1 126
2	RECEIVED_RADIO_2 125
2	SENT_RADIO_1 125
2	SENT_RADIO_2 126
2	RADIO_TIME_1 14896
2	RADIO_TIME_2 14896
2	RETRANSMISSIONS_1 0
2	RETRANSMISSIONS_2 0
2	DROPPED_1 0
2	DROPPED_2 0
2	MAX_QUEUE 1
2	DUPLICATED_1 0
2	DUPLICATED_2 0
2	EBUSY_RADIO_1 0
2	EBUSY_RADIO_2 0

6	SOURCE_NODE 6
6	84 1
6	83 1
6	85 1
6	79 19
6	84 2
6	83 2
6	85 2
6	79 19
6	84 3
6	83 3
6	85 3
6	79 27
6	84 4
6	83 4
6	85 4
6	79 21
6	84 5
6	83 5
6	85 5
6	79 26
6	84 6
6	83 6
6	85 6
6	79 25
6	84 7
6	83 7
6	85 7
6	79 29
6	84 8
6	83 8
6	85 8
6	79 26
6	84 9
6	83 9
6	85 9
6	79 30
6	84 10
6	83 10
6	85 10
6	79 25
6	84 11
6	83 11
6	85 11
6	79 28
6	84 12
6	83 12
6	85 12
6	79 28
6	84 13
6	83 13
6	85 13
6	79 24
6	84 14
6	83 14
6	85 14
6	79 26
6	84 15
6	83 15
6	85 15
6	79 31
6	84 16
6	83 16
6	85 16
6	79 25
6	84 17
6	83 17
6	85 17
6	79 28
6	84 18
6	83 18
6	85 18
6	79 29
6	84 19
6	83 19
6	85 19
6	79 28
6	84 20
6	83 20
6	85 20
6	79 24
6	84 1
6	83 1
6	85 1
6	79 30
6	84 2
6	83 2
6	85 2
6	79 25
6	84 3
6	83 3
6	85 3
6	79 28
6	84 4
6	83 4
6	85 4
6	79 26
6	84 5
6	83 5
6	85 5
6	79 23
6	84 6
6	83 6
6	85 6
6	79 25
6	84 7
6	84 8
6	83 8
6	85 8
6	79 30
6	84 9
6	83 9
6	85 9
6	79 30
6	83 9
6	85 7
6	79 152
6	84 10
6	83 10
6	85 10
6	79 28
6	84 11
6	83 11
6	85 11
6	79 37
6	84 12
6	83 12
6	85 12
6	79 27
6	84 13
6	83 13
6	85 13
6	79 28
6	84 14
6	83 14
6	85 14
6	79 25
6	84 15
6	83 15
6	85 15
6	79 32
6	84 16
6	83 16
6	85 16
6	79 30
6	84 17
6	83 17
6	85 17
6	79 27
6	84 18
6	83 18
6	85 18
6	79 28
6	84 19
6	83 19
6	85 19
6	79 27
6	84 20
6	83 20
6	85 20
6	79 29
6	84 1
6	83 1
6	85 1
6	79 27
6	84 2
6	83 2
6	85 2
6	79 24
6	84 3
6	83 3
6	85 3
6	79 26
6	84 4
6	83 4
6	85 4
6	79 22
6	84 5
6	83 5
6	85 5
6	79 27
6	84 6
6	83 6
6	85 6
6	79 29
6	84 7
6	83 7
6	85 7
6	79 25
6	84 8
6	83 8
6	85 8
6	79 28
6	84 9
6	83 9
6	85 9
6	79 26
6	84 10
6	83 10
6	85 10
6	79 29
6	84 11
6	83 11
6	85 11
6	79 26
6	84 12
6	83 12
6	85 12
6	79 31
6	84 13
6	83 13
6	85 13
6	79 32
6	84 14
6	83 14
6	85 14
6	79 31
6	84 15
6	83 15
6	85 15
6	79 27
6	84 16
6	83 16
6	85 16
6	79 29
6	84 17
6	83 17
6	85 17
6	79 23
6	84 18
6	83 18
6	85 18
6	79 31
6	84 19
6	83 19
6	85 19
6	79 31
6	84 20
6	83 20
6	85 20
6	79 32
6	84 1
6	83 1
6	85 1
6	79 28
6	84 2
6	83 2
6	85 2
6	79 27
6	84 3
6	83 3
6	85 3
6	79 27
6	84 4
6	83 4
6	85 4
6	79 27
6	84 5
6	83 5
6	85 5
6	79 25
6	84 6
6	83 6
6	85 6
6	79 30
6	84 7
6	84 8
6	83 8
6	85 8
6	79 29
6	84 9
6	83 9
6	85 7
6	79 145
6	83 9
6	85 9
6	79 34
6	84 10
6	83 10
6	85 10
6	79 28
6	84 11
6	83 11
6	85 11
6	79 26
6	84 12
6	83 12
6	85 12
6	79 32
6	84 13
6	83 13
6	85 13
6	79 25
6	84 14
6	83 14
6	85 14
6	79 24
6	84 15
6	83 15
6	85 15
6	79 21
6	84 16
6	83 16
6	85 16
6	79 25
6	84 17
6	83 17
6	85 17
6	79 27
6	84 18
6	83 18
6	85 18
6	79 25
6	84 19
6	83 19
6	85 19
6	79 29
6	84 20
6	83 20
6	85 20
6	79 27
6	84 1
6	83 1
6	85 1
6	79 25
6	84 2
6	83 2
6	85 2
6	79 29
6	84 3
6	83 3
6	85 3
6	79 26
6	84 4
6	83 4
6	85 4
6	79 26
6	84 5
6	83 5
6	85 5
6	79 30
6	84 6
6	83 6
6	85 6
6	79 23
6	84 7
6	83 7
6	85 7
6	79 24
6	84 8
6	83 8
6	85 8
6	79 28
6	84 9
6	83 9
6	85 9
6	79 24
6	84 10
6	83 10
6	85 10
6	79 30
6	84 11
6	83 11
6	85 11
6	79 28
6	84 12
6	83 12
6	85 12
6	79 30
6	84 13
6	83 13
6	85 13
6	79 22
6	84 14
6	83 14
6	85 14
6	79 27
6	84 15
6	83 15
6	85 15
6	79 23
6	84 16
6	83 16
6	85 16
6	79 29
6	84 17
6	83 17
6	85 17
6	79 30
6	84 18
6	83 18
6	85 18
6	79 31
6	84 19
6	83 19
6	85 19
6	79 29
6	84 20
6	83 20
6	85 20
6	79 30
6	84 1
6	83 1
6	85 1
6	79 27
6	84 2
6	83 2
6	85 2
6	79 24
6	84 3
6	83 3
6	85 3
6	79 28
6	84 4
6	83 4
6	85 4
6	79 25
6	84 5
6	83 5
6	85 5
6	79 26
6	84 6
6	83 6
6	85 6
6	79 22
6	84 7
6	83 7
6	85 7
6	79 28
6	84 8
6	83 8
6	85 8
6	79 29
6	84 9
6	83 9
6	85 9
6	79 22
6	84 10
6	83 10
6	85 10
6	79 29
6	84 11
6	83 11
6	85 11
6	79 29
6	84 12
6	83 12
6	85 12
6	79 29
6	84 13
6	83 13
6	85 13
6	79 31
6	84 14
6	83 14
6	85 14
6	79 31
6	84 15
6	83 15
6	85 15
6	79 29
6	84 16
6	83 16
6	85 16
6	79 27
6	84 17
6	83 17
6	85 17
6	79 28
6	84 18
6	83 18
6	85 18
6	79 29
6	84 19
6	83 19
6	85 19
6	79 21
6	84 20
6	83 20
6	85 20
6	79 23
6	84 1
6	83 1
6	85 1
6	79 24
6	84 2
6	83 2
6	85 2
6	79 31
6	84 3
6	83 3
6	85 3
6	79 24
6	84 4
6	83 4
6	85 4
6	79 24
6	84 5
6	83 5
6	85 5
6	79 26
6	84 6
6	83 6
6	85 6
6	79 23
6	84 7
6	83 7
6	85 7
6	79 25
6	84 8
6	83 8
6	85 8
6	79 30
6	84 9
6	83 9
6	85 9
6	79 26
6	84 10
6	83 10
6	85 10
6	79 25
6	84 11
6	83 11
6	85 11
6	79 23
6	84 12
6	83 12
6	85 12
6	79 29
6	84 13
6	83 13
6	85 13
6	79 30
6	84 14
6	83 14
6	85 14
6	79 26
6	84 15
6	83 15
6	85 15
6	79 26
6	84 16
6	83 16
6	85 16
6	79 24
6	84 17
6	83 17
6	85 17
6	79 26
6	84 18
6	83 18
6	85 18
6	79 29
6	84 19
6	83 19
6	85 19
6	79 30
6	84 20
6	83 20
6	85 20
6	79 26
6	84 1
6	83 1
6	85 1
6	79 28
6	84 2
6	83 2
6	85 2
6	79 24
6	84 3
6	83 3
6	85 3
6	79 26
6	84 4
6	83 4
6	85 4
6	79 31
6	84 5
6	83 5
6	85 5
6	79 27
6	84 6
6	83 6
6	85 6
6	79 27
6	84 7
6	83 7
6	85 7
6	79 32
6	84 8
6	83 8
6	85 8
6	79 25
6	84 9
6	83 9
6	85 9
6	79 28
6	84 10
6	83 10
6	85 10
6	79 27
6	84 11
6	83 11
6	85 11
6	79 28
6	84 12
6	83 12
6	85 12
6	79 29
6	84 13
6	83 13
6	85 13
6	79 24
6	84 14
6	83 14
6	85 14
6	79 27
6	84 15
6	83 15
6	85 15
6	79 29
6	84 16
6	83 16
6	85 16
6	79 24
6	84 17
6	83 17
6	85 17
6	79 30
6	84 18
6	83 18
6	85 18
6	79 28
6	84 19
6	83 19
6	85 19
6	79 26
6	84 20
6	83 20
6	85 20
6	79 25
6	84 1
6	83 1
6	85 1
6	79 25
6	84 2
6	83 2
6	85 2
6	79 30
6	84 3
6	83 3
6	85 3
6	79 29
6	84 4
6	83 4
6	85 4
6	79 25
6	84 5
6	83 5
6	85 5
6	79 26
6	84 6
6	83 6
6	85 6
6	79 26
6	84 7
6	83 7
6	85 7
6	79 29
6	84 8
6	83 8
6	85 8
6	79 27
6	84 9
6	83 9
6	85 9
6	79 25
6	84 10
6	83 10
6	85 10
6	79 28
6	84 11
6	83 11
6	85 11
6	79 26
6	84 12
6	83 12
6	85 12
6	79 30
6	84 13
6	83 13
6	85 13
6	79 26
6	84 14
6	83 14
6	85 14
6	79 25
6	84 15
6	84 16
6	83 16
6	85 16
6	79 26
6	84 17
6	83 17
6	85 15
6	79 154
6	83 17
6	85 17
6	79 34
6	84 18
6	83 18
6	85 18
6	79 25
6	84 19
6	83 19
6	85 19
6	79 41
6	84 20
6	83 20
6	85 20
6	79 23
6	84 1
6	83 1
6	85 1
6	79 25
6	84 2
6	83 2
6	85 2
6	79 26
6	84 3
6	83 3
6	85 3
6	79 28
6	84 4
6	83 4
6	85 4
6	79 27
6	84 5
6	83 5
6	85 5
6	79 27
6	84 6
6	83 6
6	85 6
6	79 28
6	84 7
6	83 7
6	85 7
6	79 30
6	84 8
6	83 8
6	85 8
6	79 29
6	84 9
6	83 9
6	85 9
6	79 23
6	84 10
6	83 10
6	85 10
6	79 30
6	84 11
6	83 11
6	85 11
6	79 30
6	84 12
6	83 12
6	85 12
6	79 31
6	84 13
6	83 13
6	85 13
6	79 28
6	84 14
6	83 14
6	85 14
6	79 32
6	84 15
6	83 15
6	85 15
6	79 28
6	84 16
6	83 16
6	85 16
6	79 29
6	84 17
6	83 17
6	85 17
6	79 28
6	84 18
6	83 18
6	85 18
6	79 32
6	84 19
6	83 19
6	85 19
6	79 25
6	84 20
6	83 20
6	85 20
6	79 35
6	84 1
6	83 1
6	85 1
6	79 29
6	84 2
6	83 2
6	85 2
6	79 27
6	84 3
6	83 3
6	85 3
6	79 26
6	84 4
6	83 4
6	85 4
6	79 28
6	84 5
6	83 5
6	85 5
6	79 25
6	84 6
6	83 6
6	85 6
6	79 31
6	84 7
6	83 7
6	85 7
6	79 32
6	84 8
6	83 8
6	85 8
6	79 31
6	84 9
6	83 9
6	85 9
6	79 27
6	84 10
6	83 10
6	85 10
6	79 25
6	84 11
6	83 11
6	85 11
6	79 31
6	84 12
6	83 12
6	85 12
6	79 29
6	84 13
6	83 13
6	85 13
6	79 29
6	84 14
6	83 14
6	85 14
6	79 27
6	84 15
6	83 15
6	85 15
6	79 27
6	84 16
6	83 16
6	85 16
6	79 28
6	84 17
6	83 17
6	85 17
6	79 24
6	84 18
6	83 18
6	85 18
6	79 25
6	84 19
6	83 19
6	85 19
6	79 27
6	84 20
6	83 20
6	85 20
6	79 26
6	84 1
6	83 1
6	85 1
6	79 32
6	84 2
6	83 2
6	85 2
6	79 26
6	84 3
6	83 3
6	85 3
6	79 30
6	84 4
6	83 4
6	85 4
6	79 29
6	84 5
6	83 5
6	85 5
6	79 28
6	84 6
6	83 6
6	85 6
6	79 26
6	84 7
6	83 7
6	85 7
6	79 30
6	84 8
6	83 8
6	85 8
6	79 34
6	84 9
6	83 9
6	85 9
6	79 24
6	84 10
6	83 10
6	85 10
6	79 27
6	84 11
6	83 11
6	85 11
6	79 33
6	84 12
6	83 12
6	85 12
6	79 26
6	84 13
6	83 13
6	85 13
6	79 28
6	84 14
6	83 14
6	85 14
6	79 26
6	84 15
6	83 15
6	85 15
6	79 27
6	84 16
6	83 16
6	85 16
6	79 27
6	84 17
6	83 17
6	85 17
6	79 28
6	84 18
6	83 18
6	85 18
6	79 27
6	84 19
6	83 19
6	85 19
6	79 29
6	84 20
6	83 20
6	85 20
6	79 31
6	84 1
6	83 1
6	85 1
6	79 27
6	84 2
6	83 2
6	85 2
6	79 31
6	84 3
6	83 3
6	85 3
6	79 32
6	84 4
6	83 4
6	85 4
6	79 24
6	84 5
6	83 5
6	85 5
6	79 25
6	84 6
6	83 6
6	85 6
6	79 26
6	84 7
6	83 7
6	85 7
6	79 28
6	84 8
6	83 8
6	85 8
6	79 28
6	84 9
6	83 9
6	85 9
6	79 24
6	84 10
6	83 10
6	85 10
6	79 25
6	TEST_NUMBER 0
6	SENT_TOTAL 250
6	RECEIVED_TOTAL 250
6	TIME_TOTAL 14888
6	RECEIVED_RADIO_1 125
6	RECEIVED_RADIO_2 125
6	SENT_RADIO_1 125
6	SENT_RADIO_2 125
6	RADIO_TIME_1 14846
6	RADIO_TIME_2 14888
6	RETRANSMISSIONS_1 0
6	RETRANSMISSIONS_2 0
6	DROPPED_1 0
6	DROPPED_2 0
6	MAX_QUEUE 1
6	DUPLICATED_1 0
6	DUPLICATED_2 0
6	EBUSY_RADIO_1 0
6	EBUSY_RADIO_2 0
6	84 1
6	83 1
6	85 1
6	79 27
6	84 2
6	83 2
6	85 2
6	79 32
6	84 3
6	83 3
6	85 3
6	79 26
6	84 4
6	83 4
6	85 4
6	79 28
6	84 5
6	83 5
6	85 5
6	79 27
6	84 6
6	83 6
6	85 6
6	79 32
6	84 7
6	83 7
6	85 7
6	79 28
6	84 8
6	83 8
6	85 8
6	79 30
6	84 9
6	83 9
6	85 9
6	79 29
6	84 10
6	83 10
6	85 10
6	79 29
6	84 11
6	83 11
6	85 11
6	79 28
6	84 12
6	83 12
6	85 12
6	79 31
6	84 13
6	83 13
6	85 13
6	79 24
6	84 14
6	83 14
6	85 14
6	79 31
6	84 15
6	83 15
6	85 15
6	79 27
6	84 16
6	83 16
6	85 16
6	79 36
6	84 17
6	83 17
6	85 17
6	79 29
6	84 18
6	83 18
6	85 18
6	79 27
6	84 19
6	84 20
6	83 20
6	85 20
6	79 31
6	84 1
6	83 1
6	85 19
6	79 148
6	83 1
6	85 1
6	79 32
6	84 2
6	83 2
6	85 2
6	79 40
6	84 3
6	83 3
6	85 3
6	79 23
6	84 4
6	83 4
6	85 4
6	79 25
6	84 5
6	83 5
6	85 5
6	79 25
6	84 6
6	83 6
6	85 6
6	79 25
6	84 7
6	83 7
6	85 7
6	79 27
6	84 8
6	83 8
6	85 8
6	79 29
6	84 9
6	83 9
6	85 9
6	79 24
6	84 10
6	83 10
6	85 10
6	79 28
6	84 11
6	83 11
6	85 11
6	79 24
6	84 12
6	83 12
6	85 12
6	79 26
6	84 13
6	83 13
6	85 13
6	79 30
6	84 14
6	83 14
6	85 14
6	79 27
6	84 15
6	83 15
6	85 15
6	79 26
6	84 16
6	83 16
6	85 16
6	79 29
6	84 17
6	83 17
6	85 17
6	79 24
6	84 18
6	83 18
6	85 18
6	79 30
6	84 19
6	83 19
6	85 19
6	79 29
6	84 20
6	83 20
6	85 20
6	79 30
6	84 1
6	83 1
6	85 1
6	79 23
6	84 2
6	83 2
6	85 2
6	79 27
6	84 3
6	83 3
6	85 3
6	79 29
6	84 4
6	83 4
6	85 4
6	79 23
6	84 5
6	83 5
6	85 5
6	79 22
6	84 6
6	83 6
6	85 6
6	79 27
6	84 7
6	83 7
6	85 7
6	79 29
6	84 8
6	83 8
6	85 8
6	79 27
6	84 9
6	83 9
6	85 9
6	79 25
6	84 10
6	83 10
6	85 10
6	79 30
6	84 11
6	83 11
6	85 11
6	79 31
6	84 12
6	83 12
6	85 12
6	79 24
6	84 13
6	83 13
6	85 13
6	79 25
6	84 14
6	83 14
6	85 14
6	79 30
6	84 15
6	83 15
6	85 15
6	79 24
6	84 16
6	83 16
6	85 16
6	79 27
6	84 17
6	83 17
6	85 17
6	79 22
6	84 18
6	83 18
6	85 18
6	79 24
6	84 19
6	83 19
6	85 19
6	79 22
6	84 20
6	83 20
6	85 20
6	79 33
6	84 1
6	83 1
6	85 1
6	79 29
6	84 2
6	83 2
6	85 2
6	79 29
6	84 3
6	83 3
6	85 3
6	79 30
6	84 4
6	83 4
6	85 4
6	79 25
6	84 5
6	83 5
6	85 5
6	79 23
6	84 6
6	83 6
6	85 6
6	79 25
6	84 7
6	83 7
6	85 7
6	79 30
6	84 8
6	83 8
6	85 8
6	79 29
6	84 9
6	83 9
6	85 9
6	79 27
6	84 10
6	83 10
6	85 10
6	79 26
6	84 11
6	83 11
6	85 11
6	79 29
6	84 12
6	83 12
6	85 12
6	79 25
6	84 13
6	83 13
6	85 13
6	79 28
6	84 14
6	83 14
6	85 14
6	79 25
6	84 15
6	83 15
6	85 15
6	79 25
6	84 16
6	83 16
6	85 16
6	79 29
6	84 17
6	83 17
6	85 17
6	79 27
6	84 18
6	83 18
6	85 18
6	79 27
6	84 19
6	83 19
6	85 19
6	79 26
6	84 20
6	83 20
6	85 20
6	79 28
6	84 1
6	83 1
6	85 1
6	79 28
6	84 2
6	83 2
6	85 2
6	79 29
6	84 3
6	83 3
6	85 3
6	79 26
6	84 4
6	83 4
6	85 4
6	79 25
6	84 5
6	83 5
6	85 5
6	79 24
6	84 6
6	83 6
6	85 6
6	79 22
6	84 7
6	83 7
6	85 7
6	79 24
6	84 8
6	83 8
6	85 8
6	79 28
6	84 9
6	83 9
6	85 9
6	79 23
6	84 10
6	83 10
6	85 10
6	79 28
6	84 11
6	83 11
6	85 11
6	79 26
6	84 12
6	83 12
6	85 12
6	79 23
6	84 13
6	83 13
6	85 13
6	79 30
6	84 14
6	83 14
6	85 14
6	79 31
6	84 15
6	83 15
6	85 15
6	79 27
6	84 16
6	83 16
6	85 16
6	79 25
6	84 17
6	83 17
6	85 17
6	79 28
6	84 18
6	83 18
6	85 18
6	79 29
6	84 19
6	83 19
6	85 19
6	79 23
6	84 20
6	84 1
6	83 1
6	85 1
6	79 25
6	84 2
6	83 2
6	85 20
6	79 151
6	83 2
6	85 2
6	79 36
6	84 3
6	83 3
6	85 3
6	79 29
6	84 4
6	83 4
6	85 4
6	79 28
6	84 5
6	83 5
6	85 5
6	79 29
6	84 6
6	83 6
6	85 6
6	79 26
6	84 7
6	83 7
6	85 7
6	79 33
6	84 8
6	83 8
6	85 8
6	79 26
6	84 9
6	83 9
6	85 9
6	79 33
6	84 10
6	83 10
6	85 10
6	79 29
6	84 11
6	83 11
6	85 11
6	79 26
6	84 12
6	83 12
6	85 12
6	79 22
6	84 13
6	83 13
6	85 13
6	79 34
6	84 14
6	83 14
6	85 14
6	79 26
6	84 15
6	83 15
6	85 15
6	79 26
6	84 16
6	83 16
6	85 16
6	79 23
6	84 17
6	83 17
6	85 17
6	79 26
6	84 18
6	83 18
6	85 18
6	79 24
6	84 19
6	83 19
6	85 19
6	79 29
6	84 20
6	83 20
6	85 20
6	79 26
6	84 1
6	83 1
6	85 1
6	79 29
6	84 2
6	83 2
6	85 2
6	79 31
6	84 3
6	83 3
6	85 3
6	79 27
6	84 4
6	83 4
6	85 4
6	79 27
6	84 5
6	83 5
6	85 5
6	79 28
6	84 6
6	83 6
6	85 6
6	79 24
6	84 7
6	83 7
6	85 7
6	79 31
6	84 8
6	83 8
6	85 8
6	79 25
6	84 9
6	83 9
6	85 9
6	79 29
6	84 10
6	83 10
6	85 10
6	79 29
6	84 11
6	83 11
6	85 11
6	79 28
6	84 12
6	83 12
6	85 12
6	79 28
6	84 13
6	84 14
6	83 14
6	85 14
6	79 32
6	84 15
6	83 15
6	85 13
6	79 148
6	83 15
6	85 15
6	79 36
6	84 16
6	83 16
6	85 16
6	79 26
6	84 17
6	83 17
6	85 17
6	79 26
6	84 18
6	83 18
6	85 18
6	79 28
6	84 19
6	83 19
6	85 19
6	79 28
6	84 20
6	83 20
6	85 20
6	79 34
6	84 1
6	83 1
6	85 1
6	79 31
6	84 2
6	83 2
6	85 2
6	79 27
6	84 3
6	83 3
6	85 3
6	79 24
6	84 4
6	83 4
6	85 4
6	79 27
6	84 5
6	83 5
6	85 5
6	79 26
6	84 6
6	83 6
6	85 6
6	79 29
6	84 7
6	83 7
6	85 7
6	79 28
6	84 8
6	83 8
6	85 8
6	79 30
6	84 9
6	83 9
6	85 9
6	79 31
6	84 10
6	83 10
6	85 10
6	79 27
6	84 11
6	83 11
6	85 11
6	79 26
6	84 12
6	83 12
6	85 12
6	79 30
6	84 13
6	83 13
6	85 13
6	79 29
6	84 14
6	83 14
6	85 14
6	79 29
6	84 15
6	83 15
6	85 15
6	79 28
6	84 16
6	83 16
6	85 16
6	79 33
6	84 17
6	83 17
6	85 17
6	79 28
6	84 18
6	83 18
6	85 18
6	79 30
6	84 19
6	83 19
6	85 19
6	79 23
6	84 20
6	83 20
6	85 20
6	79 28
6	84 1
6	83 1
6	85 1
6	79 27
6	84 2
6	83 2
6	85 2
6	79 29
6	84 3
6	83 3
6	85 3
6	79 23
6	84 4
6	83 4
6	85 4
6	79 27
6	84 5
6	83 5
6	85 5
6	79 28
6	84 6
6	83 6
6	85 6
6	79 31
6	84 7
6	83 7
6	85 7
6	79 30
6	84 8
6	83 8
6	85 8
6	79 30
6	84 9
6	83 9
6	85 9
6	79 25
6	84 10
6	83 10
6	85 10
6	79 31
6	84 11
6	83 11
6	85 11
6	79 26
6	84 12
6	83 12
6	85 12
6	79 26
6	84 13
6	83 13
6	85 13
6	79 30
6	84 14
6	83 14
6	85 14
6	79 29
6	84 15
6	83 15
6	85 15
6	79 25
6	84 16
6	83 16
6	85 16
6	79 27
6	84 17
6	83 17
6	85 17
6	79 25
6	84 18
6	83 18
6	85 18
6	79 35
6	84 19
6	83 19
6	85 19
6	79 30
6	84 20
6	83 20
6	85 20
6	79 31
6	84 1
6	83 1
6	85 1
6	79 27
6	84 2
6	83 2
6	85 2
6	79 30
6	84 3
6	83 3
6	85 3
6	79 28
6	84 4
6	83 4
6	85 4
6	79 31
6	84 5
6	83 5
6	85 5
6	79 29
6	84 6
6	83 6
6	85 6
6	79 26
6	84 7
6	83 7
6	85 7
6	79 25
6	84 8
6	83 8
6	85 8
6	79 26
6	84 9
6	83 9
6	85 9
6	79 27
6	84 10
6	83 10
6	85 10
6	79 26
6	84 11
6	83 11
6	85 11
6	79 25
6	84 12
6	84 13
6	83 13
6	85 13
6	79 26
6	84 14
6	83 14
6	85 12
6	79 148
6	83 14
6	85 14
6	79 44
6	84 15
6	83 15
6	85 15
6	79 30
6	84 16
6	83 16
6	85 16
6	79 32
6	84 17
6	83 17
6	85 17
6	79 28
6	84 18
6	83 18
6	85 18
6	79 27
6	84 19
6	83 19
6	85 19
6	79 30
6	84 20
6	83 20
6	85 20
6	79 25
6	84 1
6	83 1
6	85 1
6	79 27
6	84 2
6	83 2
6	85 2
6	79 24
6	84 3
6	83 3
6	85 3
6	79 23
6	84 4
6	83 4
6	85 4
6	79 26
6	84 5
6	83 5
6	85 5
6	79 28
6	84 6
6	83 6
6	85 6
6	79 27
6	84 7
6	83 7
6	85 7
6	79 26
6	84 8
6	83 8
6	85 8
6	79 26
6	84 9
6	83 9
6	85 9
6	79 26
6	84 10
6	83 10
6	85 10
6	79 27
6	84 11
6	83 11
6	85 11
6	79 28
6	84 12
6	83 12
6	85 12
6	79 24
6	84 13
6	83 13
6	85 13
6	79 27
6	84 14
6	83 14
6	85 14
6	79 22
6	84 15
6	83 15
6	85 15
6	79 28
6	84 16
6	83 16
6	85 16
6	79 24
6	84 17
6	83 17
6	85 17
6	79 28
6	84 18
6	83 18
6	85 18
6	79 31
6	84 19
6	83 19
6	85 19
6	79 23
6	84 20
6	83 20
6	85 20
6	79 25
6	84 1
6	83 1
6	85 1
6	79 27
6	84 2
6	83 2
6	85 2
6	79 24
6	84 3
6	83 3
6	85 3
6	79 26
6	84 4
6	83 4
6	85 4
6	79 26
6	84 5
6	84 6
6	83 6
6	85 6
6	79 27
6	84 7
6	83 7
6	85 5
6	79 143
6	83 7
6	85 7
6	79 29
6	84 8
6	83 8
6	85 8
6	79 26
6	84 9
6	83 9
6	85 9
6	79 27
6	84 10
6	83 10
6	85 10
6	79 30
6	84 11
6	83 11
6	85 11
6	79 31
6	84 12
6	83 12
6	85 12
6	79 28
6	84 13
6	83 13
6	85 13
6	79 32
6	84 14
6	83 14
6	85 14
6	79 28
6	84 15
6	83 15
6	85 15
6	79 24
6	84 16
6	83 16
6	85 16
6	79 25
6	84 17
6	83 17
6	85 17
6	79 25
6	84 18
6	83 18
6	85 18
6	79 28
6	84 19
6	83 19
6	85 19
6	79 22
6	84 20
6	83 20
6	85 20
6	79 27
6	84 1
6	83 1
6	85 1
6	79 27
6	84 2
6	83 2
6	85 2
6	79 24
6	84 3
6	83 3
6	85 3
6	79 26
6	84 4
6	83 4
6	85 4
6	79 26
6	84 5
6	83 5
6	85 5
6	79 25
6	84 6
6	83 6
6	85 6
6	79 34
6	84 7
6	83 7
6	85 7
6	79 22
6	84 8
6	83 8
6	85 8
6	79 32
6	84 9
6	83 9
6	85 9
6	79 30
6	84 10
6	83 10
6	85 10
6	79 28
6	TEST_NUMBER 1
6	SENT_TOTAL 250
6	RECEIVED_TOTAL 250
6	TIME_TOTAL 14883
6	RECEIVED_RADIO_1 125
6	RECEIVED_RADIO_2 125
6	SENT_RADIO_1 126
6	SENT_RADIO_2 124
6	RADIO_TIME_1 14910
6	RADIO_TIME_2 14792
6	RETRANSMISSIONS_1 0
6	RETRANSMISSIONS_2 1
6	DROPPED_1 0
6	DROPPED_2 0
6	MAX_QUEUE 1
6	DUPLICATED_1 0
6	DUPLICATED_2 0
6	EBUSY_RADIO_1 0
6	EBUSY_RADIO_2 0
6	84 1
6	83 1
6	85 1
6	79 25
6	84 2
6	83 2
6	85 2
6	79 28
6	84 3
6	83 3
6	85 3
6	79 29
6	84 4
6	84 5
6	83 5
6	85 5
6	79 24
6	84 6
6	83 6
6	85 4
6	79 145
6	83 6
6	85 6
6	79 31
6	84 7
6	83 7
6	85 7
6	79 27
6	84 8
6	83 8
6	85 8
6	79 26
6	84 9
6	83 9
6	85 9
6	79 29
6	84 10
6	83 10
6	85 10
6	79 27
6	84 11
6	83 11
6	85 11
6	79 26
6	84 12
6	83 12
6	85 12
6	79 31
6	84 13
6	83 13
6	85 13
6	79 31
6	84 14
6	83 14
6	85 14
6	79 26
6	84 15
6	83 15
6	85 15
6	79 28
6	84 16
6	83 16
6	85 16
6	79 33
6	84 17
6	83 17
6	85 17
6	79 27
6	84 18
6	83 18
6	85 18
6	79 26
6	84 19
6	83 19
6	85 19
6	79 25
6	84 20
6	83 20
6	85 20
6	79 27
6	84 1
6	83 1
6	85 1
6	79 27
6	84 2
6	83 2
6	85 2
6	79 27
6	84 3
6	83 3
6	85 3
6	79 24
6	84 4
6	83 4
6	85 4
6	79 26
6	84 5
6	83 5
6	85 5
6	79 26
6	84 6
6	83 6
6	85 6
6	79 33
6	84 7
6	83 7
6	85 7
6	79 30
6	84 8
6	83 8
6	85 8
6	79 26
6	84 9
6	83 9
6	85 9
6	79 24
6	84 10
6	83 10
6	85 10
6	79 33
6	84 11
6	83 11
6	85 11
6	79 23
6	84 12
6	83 12
6	85 12
6	79 23
6	84 13
6	83 13
6	85 13
6	79 33
6	84 14
6	83 14
6	85 14
6	79 26
6	84 15
6	83 15
6	85 15
6	79 26
6	84 16
6	84 17
6	83 17
6	85 17
6	79 26
6	84 18
6	84 19
6	83 19
6	85 16
6	79 205
6	83 19
6	85 19
6	79 34
6	84 20
6	83 20
6	85 18
6	79 146
6	83 20
6	85 20
6	79 41
6	84 1
6	83 1
6	85 1
6	79 38
6	84 2
6	83 2
6	85 2
6	79 28
6	84 3
6	83 3
6	85 3
6	79 24
6	84 4
6	83 4
6	85 4
6	79 29
6	84 5
6	83 5
6	85 5
6	79 30
6	84 6
6	83 6
6	85 6
6	79 31
6	84 7
6	83 7
6	85 7
6	79 23
6	84 8
6	83 8
6	85 8
6	79 25
6	84 9
6	83 9
6	85 9
6	79 27
6	84 10
6	83 10
6	85 10
6	79 22
6	84 11
6	83 11
6	85 11
6	79 30
6	84 12
6	83 12
6	85 12
6	79 23
6	84 13
6	83 13
6	85 13
6	79 29
6	84 14
6	83 14
6	85 14
6	79 22
6	84 15
6	83 15
6	85 15
6	79 28
6	84 16
6	83 16
6	85 16
6	79 23
6	84 17
6	83 17
6	85 17
6	79 22
6	84 18
6	83 18
6	85 18
6	79 24
6	84 19
6	83 19
6	85 19
6	79 26
6	84 20
6	83 20
6	85 20
6	79 35
6	84 1
6	83 1
6	85 1
6	79 25
6	84 2
6	83 2
6	85 2
6	79 25
6	84 3
6	83 3
6	85 3
6	79 25
6	84 4
6	83 4
6	85 4
6	79 25
6	84 5
6	83 5
6	85 5
6	79 25
6	84 6
6	83 6
6	85 6
6	79 25
6	84 7
6	83 7
6	85 7
6	79 25
6	84 8
6	83 8
6	85 8
6	79 28
6	84 9
6	83 9
6	85 9
6	79 25
6	84 10
6	83 10
6	85 10
6	79 22
6	84 11
6	83 11
6	85 11
6	79 29
6	84 12
6	83 12
6	85 12
6	79 23
6	84 13
6	83 13
6	85 13
6	79 30
6	84 14
6	83 14
6	85 14
6	79 26
6	84 15
6	83 15
6	85 15
6	79 22
6	84 16
6	83 16
6	85 16
6	79 26
6	84 17
6	83 17
6	85 17
6	79 30
6	84 18
6	83 18
6	85 18
6	79 28
6	84 19
6	83 19
6	85 19
6	79 30
6	84 20
6	83 20
6	85 20
6	79 26
6	84 1
6	83 1
6	85 1
6	79 31
6	84 2
6	83 2
6	85 2
6	79 24
6	84 3
6	83 3
6	85 3
6	79 24
6	84 4
6	83 4
6	85 4
6	79 25
6	84 5
6	83 5
6	85 5
6	79 28
6	84 6
6	83 6
6	85 6
6	79 28
6	84 7
6	83 7
6	85 7
6	79 27
6	84 8
6	83 8
6	85 8
6	79 28
6	84 9
6	83 9
6	85 9
6	79 22
6	84 10
6	83 10
6	85 10
6	79 28
6	84 11
6	83 11
6	85 11
6	79 26
6	84 12
6	83 12
6	85 12
6	79 30
6	84 13
6	83 13
6	85 13
6	79 30
6	84 14
6	83 14
6	85 14
6	79 26
6	84 15
6	83 15
6	85 15
6	79 29
6	84 16
6	83 16
6	85 16
6	79 25
6	84 17
6	83 17
6	85 17
6	79 24
6	84 18
6	83 18
6	85 18
6	79 27
6	84 19
6	83 19
6	85 19
6	79 27
6	84 20
6	83 20
6	85 20
6	79 36
6	84 1
6	83 1
6	85 1
6	79 26
6	84 2
6	83 2
6	85 2
6	79 29
6	84 3
6	83 3
6	85 3
6	79 24
6	84 4
6	83 4
6	85 4
6	79 25
6	84 5
6	83 5
6	85 5
6	79 23
6	84 6
6	83 6
6	85 6
6	79 30
6	84 7
6	83 7
6	85 7
6	79 25
6	84 8
6	83 8
6	85 8
6	79 29
6	84 9
6	83 9
6	85 9
6	79 26
6	84 10
6	83 10
6	85 10
6	79 23
6	84 11
6	83 11
6	85 11
6	79 29
6	84 12
6	83 12
6	85 12
6	79 22
6	84 13
6	83 13
6	85 13
6	79 24
6	84 14
6	83 14
6	85 14
6	79 32
6	84 15
6	83 15
6	85 15
6	79 23
6	84 16
6	83 16
6	85 16
6	79 26
6	84 17
6	83 17
6	85 17
6	79 27
6	84 18
6	83 18
6	85 18
6	79 22
6	84 19
6	83 19
6	85 19
6	79 26
6	84 20
6	83 20
6	85 20
6	79 26
6	84 1
6	83 1
6	85 1
6	79 25
6	84 2
6	83 2
6	85 2
6	79 25
6	84 3
6	83 3
6	85 3
6	79 22
6	84 4
6	83 4
6	85 4
6	79 25
6	84 5
6	83 5
6	85 5
6	79 26
6	84 6
6	83 6
6	85 6
6	79 25
6	84 7
6	83 7
6	85 7
6	79 28
6	84 8
6	83 8
6	85 8
6	79 29
6	84 9
6	83 9
6	85 9
6	79 23
6	84 10
6	83 10
6	85 10
6	79 28
6	84 11
6	83 11
6	85 11
6	79 28
6	84 12
6	83 12
6	85 12
6	79 30
6	84 13
6	83 13
6	85 13
6	79 30
6	84 14
6	83 14
6	85 14
6	79 28
6	84 15
6	83 15
6	85 15
6	79 26
6	84 16
6	83 16
6	85 16
6	79 21
6	84 17
6	83 17
6	85 17
6	79 27
6	84 18
6	83 18
6	85 18
6	79 26
6	84 19
6	83 19
6	85 19
6	79 27
6	84 20
6	83 20
6	85 20
6	79 24
6	84 1
6	83 1
6	85 1
6	79 29
6	84 2
6	83 2
6	85 2
6	79 25
6	84 3
6	83 3
6	85 3
6	79 26
6	84 4
6	83 4
6	85 4
6	79 24
6	84 5
6	83 5
6	85 5
6	79 33
6	84 6
6	83 6
6	85 6
6	79 25
6	84 7
6	83 7
6	85 7
6	79 28
6	84 8
6	83 8
6	85 8
6	79 26
6	84 9
6	83 9
6	85 9
6	79 28
6	84 10
6	83 10
6	85 10
6	79 21
6	84 11
6	83 11
6	85 11
6	79 31
6	84 12
6	83 12
6	85 12
6	79 26
6	84 13
6	83 13
6	85 13
6	79 28
6	84 14
6	83 14
6	85 14
6	79 27
6	84 15
6	83 15
6	85 15
6	79 24
6	84 16
6	83 16
6	85 16
6	79 30
6	84 17
6	83 17
6	85 17
6	79 29
6	84 18
6	83 18
6	85 18
6	79 25
6	84 19
6	83 19
6	85 19
6	79 31
6	84 20
6	83 20
6	85 20
6	79 25
6	84 1
6	83 1
6	85 1
6	79 23
6	84 2
6	83 2
6	85 2
6	79 25
6	84 3
6	83 3
6	85 3
6	79 30
6	84 4
6	83 4
6	85 4
6	79 27
6	84 5
6	83 5
6	85 5
6	79 24
6	84 6
6	83 6
6	85 6
6	79 25
6	84 7
6	83 7
6	85 7
6	79 30
6	84 8
6	83 8
6	85 8
6	79 27
6	84 9
6	83 9
6	85 9
6	79 27
6	84 10
6	83 10
6	85 10
6	79 27
6	84 11
6	83 11
6	85 11
6	79 26
6	84 12
6	83 12
6	85 12
6	79 25
6	84 13
6	83 13
6	85 13
6	79 27
6	84 14
6	83 14
6	85 14
6	79 27
6	84 15
6	83 15
6	85 15
6	79 25
6	84 16
6	83 16
6	85 16
6	79 28
6	84 17
6	83 17
6	85 17
6	79 25
6	84 18
6	83 18
6	85 18
6	79 28
6	84 19
6	83 19
6	85 19
6	79 28
6	84 20
6	83 20
6	85 20
6	79 25
6	84 1
6	83 1
6	85 1
6	79 24
6	84 2
6	83 2
6	85 2
6	79 25
6	84 3
6	83 3
6	85 3
6	79 30
6	84 4
6	83 4
6	85 4
6	79 25
6	84 5
6	83 5
6	85 5
6	79 26
6	84 6
6	83 6
6	85 6
6	79 27
6	84 7
6	83 7
6	85 7
6	79 25
6	84 8
6	83 8
6	85 8
6	79 24
6	84 9
6	83 9
6	85 9
6	79 31
6	84 10
6	83 10
6	85 10
6	79 26
6	84 11
6	83 11
6	85 11
6	79 27
6	84 12
6	83 12
6	85 12
6	79 26
6	84 13
6	83 13
6	85 13
6	79 21
6	84 14
6	83 14
6	85 14
6	79 28
6	84 15
6	83 15
6	85 15
6	79 33
6	84 16
6	83 16
6	85 16
6	79 28
6	84 17
6	83 17
6	85 17
6	79 22
6	84 18
6	83 18
6	85 18
6	79 24
6	84 19
6	83 19
6	85 19
6	79 26
6	84 20
6	83 20
6	85 20
6	79 29
6	84 1
6	83 1
6	85 1
6	79 29
6	84 2
6	83 2
6	85 2
6	79 24
6	84 3
6	83 3
6	85 3
6	79 27
6	84 4
6	83 4
6	85 4
6	79 27
6	84 5
6	83 5
6	85 5
6	79 27
6	84 6
6	83 6
6	85 6
6	79 32
6	84 7
6	83 7
6	85 7
6	79 24
6	84 8
6	83 8
6	85 8
6	79 24
6	84 9
6	83 9
6	85 9
6	79 28
6	84 10
6	83 10
6	85 10
6	79 26
6	84 11
6	83 11
6	85 11
6	79 27
6	84 12
6	83 12
6	85 12
6	79 24
6	84 13
6	83 13
6	85 13
6	79 27
6	84 14
6	83 14
6	85 14
6	79 21
6	84 15
6	83 15
6	85 15
6	79 26
6	84 16
6	83 16
6	85 16
6	79 26
6	84 17
6	83 17
6	85 17
6	79 27
6	84 18
6	83 18
6	85 18
6	79 30
6	84 19
6	83 19
6	85 19
6	79 26
6	84 20
6	83 20
6	85 20
6	79 24
6	84 1
6	83 1
6	85 1
6	79 30
6	84 2
6	83 2
6	85 2
6	79 25
6	84 3
6	83 3
6	85 3
6	79 26
6	84 4
6	83 4
6	85 4
6	79 24
6	84 5
6	83 5
6	85 5
6	79 24
6	84 6
6	83 6
6	85 6
6	79 29
6	84 7
6	83 7
6	85 7
6	79 27
6	84 8
6	83 8
6	85 8
6	79 27
6	84 9
6	83 9
6	85 9
6	79 27
6	84 10
6	83 10
6	85 10
6	79 24
6	84 11
6	83 11
6	85 11
6	79 28
6	84 12
6	83 12
6	85 12
6	79 26
6	84 13
6	83 13
6	85 13
6	79 28
6	84 14
6	83 14
6	85 14
6	79 25
6	84 15
6	83 15
6	85 15
6	79 26
6	84 16
6	83 16
6	85 16
6	79 28
6	84 17
6	83 17
6	85 17
6	79 26
6	84 18
6	83 18
6	85 18
6	79 28
6	84 19
6	83 19
6	85 19
6	79 23
6	84 20
6	83 20
6	85 20
6	79 26
6	84 1
6	83 1
6	85 1
6	79 29
6	84 2
6	83 2
6	85 2
6	79 25
6	84 3
6	83 3
6	85 3
6	79 28
6	84 4
6	83 4
6	85 4
6	79 28
6	84 5
6	83 5
6	85 5
6	79 31
6	84 6
6	83 6
6	85 6
6	79 24
6	84 7
6	83 7
6	85 7
6	79 25
6	84 8
6	83 8
6	85 8
6	79 29
6	84 9
6	83 9
6	85 9
6	79 24
6	84 10
6	83 10
6	85 10
6	79 27
6	TEST_NUMBER 2
6	SENT_TOTAL 250
6	RECEIVED_TOTAL 250
6	TIME_TOTAL 14884
6	RECEIVED_RADIO_1 124
6	RECEIVED_RADIO_2 126
6	SENT_RADIO_1 125
6	SENT_RADIO_2 125
6	RADIO_TIME_1 14822
6	RADIO_TIME_2 14909
6	RETRANSMISSIONS_1 0
6	RETRANSMISSIONS_2 0
6	DROPPED_1 0
6	DROPPED_2 0
6	MAX_QUEUE 1
6	DUPLICATED_1 1
6	DUPLICATED_2 2
6	EBUSY_RADIO_1 0
6	EBUSY_RADIO_2 0
6	84 1
6	83 1
6	85 1
6	79 23
6	84 2
6	83 2
6	85 2
6	79 21
6	84 3
6	83 3
6	85 3
6	79 28
6	84 4
6	83 4
6	85 4
6	79 27
6	84 5
6	83 5
6	85 5
6	79 26
6	84 6
6	83 6
6	85 6
6	79 24
6	84 7
6	83 7
6	85 7
6	79 27
6	84 8
6	83 8
6	85 8
6	79 24
6	84 9
6	83 9
6	85 9
6	79 33
6	84 10
6	83 10
6	85 10
6	79 26
6	84 11
6	83 11
6	85 11
6	79 25
6	84 12
6	83 12
6	85 12
6	79 26
6	84 13
6	83 13
6	85 13
6	79 26
6	84 14
6	83 14
6	85 14
6	79 31
6	84 15
6	83 15
6	85 15
6	79 25
6	84 16
6	83 16
6	85 16
6	79 26
6	84 17
6	83 17
6	85 17
6	79 27
6	84 18
6	83 18
6	85 18
6	79 29
6	84 19
6	83 19
6	85 19
6	79 25
6	84 20
6	83 20
6	85 20
6	79 25
6	84 1
6	83 1
6	85 1
6	79 29
6	84 2
6	83 2
6	85 2
6	79 26
6	84 3
6	83 3
6	85 3
6	79 28
6	84 4
6	83 4
6	85 4
6	79 23
6	84 5
6	83 5
6	85 5
6	79 29
6	84 6
6	83 6
6	85 6
6	79 24
6	84 7
6	83 7
6	85 7
6	79 22
6	84 8
6	83 8
6	85 8
6	79 26
6	84 9
6	83 9
6	85 9
6	79 27
6	84 10
6	83 10
6	85 10
6	79 24
6	84 11
6	83 11
6	85 11
6	79 24
6	84 12
6	83 12
6	85 12
6	79 27
6	84 13
6	83 13
6	85 13
6	79 24
6	84 14
6	83 14
6	85 14
6	79 27
6	84 15
6	83 15
6	85 15
6	79 28
6	84 16
6	83 16
6	85 16
6	79 26
6	84 17
6	83 17
6	85 17
6	79 29
6	84 18
6	83 18
6	85 18
6	79 24
6	84 19
6	83 19
6	85 19
6	79 22
6	84 20
6	83 20
6	85 20
6	79 28
6	84 1
6	83 1
6	85 1
6	79 28
6	84 2
6	83 2
6	85 2
6	79 23
6	84 3
6	83 3
6	85 3
6	79 24
6	84 4
6	83 4
6	85 4
6	79 24
6	84 5
6	83 5
6	85 5
6	79 28
6	84 6
6	83 6
6	85 6
6	79 24
6	84 7
6	83 7
6	85 7
6	79 33
6	84 8
6	83 8
6	85 8
6	79 26
6	84 9
6	83 9
6	85 9
6	79 26
6	84 10
6	83 10
6	85 10
6	79 26
6	84 11
6	83 11
6	85 11
6	79 27
6	84 12
6	83 12
6	85 12
6	79 29
6	84 13
6	83 13
6	85 13
6	79 29
6	84 14
6	83 14
6	85 14
6	79 28
6	84 15
6	83 15
6	85 15
6	79 23
6	84 16
6	83 16
6	85 16
6	79 24
6	84 17
6	83 17
6	85 17
6	79 26
6	84 18
6	83 18
6	85 18
6	79 36
6	84 19
6	83 19
6	85 19
6	79 26
6	84 20
6	83 20
6	85 20
6	79 24
6	84 1
6	83 1
6	85 1
6	79 29
6	84 2
6	83 2
6	85 2
6	79 32
6	84 3
6	83 3
6	85 3
6	79 28
6	84 4
6	83 4
6	85 4
6	79 29
6	84 5
6	83 5
6	85 5
6	79 24
6	84 6
6	83 6
6	85 6
6	79 27
6	84 7
6	83 7
6	85 7
6	79 26
6	84 8
6	83 8
6	85 8
6	79 24
6	84 9
6	83 9
6	85 9
6	79 22
6	84 10
6	83 10
6	85 10
6	79 24
6	84 11
6	83 11
6	85 11
6	79 25
6	84 12
6	83 12
6	85 12
6	79 28
6	84 13
6	83 13
6	85 13
6	79 30
6	84 14
6	83 14
6	85 14
6	79 30
6	84 15
6	83 15
6	85 15
6	79 22
6	84 16
6	83 16
6	85 16
6	79 25
6	84 17
6	83 17
6	85 17
6	79 33
6	84 18
6	83 18
6	85 18
6	79 30
6	84 19
6	83 19
6	85 19
6	79 27
6	84 20
6	83 20
6	85 20
6	79 27
6	84 1
6	83 1
6	85 1
6	79 25
6	84 2
6	83 2
6	85 2
6	79 28
6	84 3
6	83 3
6	85 3
6	79 26
6	84 4
6	84 5
6	83 5
6	85 5
6	79 30
6	84 6
6	83 6
6	85 4
6	79 149
6	83 6
6	85 6
6	79 40
6	84 7
6	83 7
6	85 7
6	79 33
6	84 8
6	83 8
6	85 8
6	79 25
6	84 9
6	83 9
6	85 9
6	79 26
6	84 10
6	83 10
6	85 10
6	79 28
6	84 11
6	83 11
6	85 11
6	79 26
6	84 12
6	83 12
6	85 12
6	79 23
6	84 13
6	83 13
6	85 13
6	79 27
6	84 14
6	83 14
6	85 14
6	79 23
6	84 15
6	83 15
6	85 15
6	79 26
6	84 16
6	83 16
6	85 16
6	79 23
6	84 17
6	83 17
6	85 17
6	79 27
6	84 18
6	83 18
6	85 18
6	79 30
6	84 19
6	83 19
6	85 19
6	79 25
6	84 20
6	83 20
6	85 20
6	79 29
6	84 1
6	83 1
6	85 1
6	79 27
6	84 2
6	83 2
6	85 2
6	79 25
6	84 3
6	83 3
6	85 3
6	79 26
6	84 4
6	83 4
6	85 4
6	79 27
6	84 5
6	83 5
6	85 5
6	79 23
6	84 6
6	83 6
6	85 6
6	79 28
6	84 7
6	83 7
6	85 7
6	79 28
6	84 8
6	83 8
6	85 8
6	79 23
6	84 9
6	83 9
6	85 9
6	79 27
6	84 10
6	83 10
6	85 10
6	79 26
6	84 11
6	83 11
6	85 11
6	79 26
6	84 12
6	83 12
6	85 12
6	79 22
6	84 13
6	83 13
6	85 13
6	79 29
6	84 14
6	83 14
6	85 14
6	79 28
6	84 15
6	83 15
6	85 15
6	79 22
6	84 16
6	83 16
6	85 16
6	79 24
6	84 17
6	83 17
6	85 17
6	79 23
6	84 18
6	83 18
6	85 18
6	79 24
6	84 19
6	83 19
6	85 19
6	79 29
6	84 20
6	83 20
6	85 20
6	79 27
6	84 1
6	83 1
6	85 1
6	79 26
6	84 2
6	83 2
6	85 2
6	79 27
6	84 3
6	83 3
6	85 3
6	79 26
6	84 4
6	83 4
6	85 4
6	79 25
6	84 5
6	83 5
6	85 5
6	79 24
6	84 6
6	83 6
6	85 6
6	79 23
6	84 7
6	83 7
6	85 7
6	79 26
6	84 8
6	83 8
6	85 8
6	79 28
6	84 9
6	83 9
6	85 9
6	79 24
6	84 10
6	83 10
6	85 10
6	79 25
6	84 11
6	83 11
6	85 11
6	79 29
6	84 12
6	83 12
6	85 12
6	79 26
6	84 13
6	83 13
6	85 13
6	79 25
6	84 14
6	83 14
6	85 14
6	79 27
6	84 15
6	83 15
6	85 15
6	79 25
6	84 16
6	83 16
6	85 16
6	79 24
6	84 17
6	83 17
6	85 17
6	79 27
6	84 18
6	83 18
6	85 18
6	79 24
6	84 19
6	83 19
6	85 19
6	79 29
6	84 20
6	83 20
6	85 20
6	79 31
6	84 1
6	83 1
6	85 1
6	79 29
6	84 2
6	83 2
6	85 2
6	79 22
6	84 3
6	83 3
6	85 3
6	79 26
6	84 4
6	83 4
6	85 4
6	79 25
6	84 5
6	83 5
6	85 5
6	79 24
6	84 6
6	83 6
6	85 6
6	79 26
6	84 7
6	83 7
6	85 7
6	79 23
6	84 8
6	83 8
6	85 8
6	79 26
6	84 9
6	83 9
6	85 9
6	79 28
6	84 10
6	83 10
6	85 10
6	79 23
6	84 11
6	83 11
6	85 11
6	79 25
6	84 12
6	83 12
6	85 12
6	79 24
6	84 13
6	83 13
6	85 13
6	79 26
6	84 14
6	83 14
6	85 14
6	79 24
6	84 15
6	83 15
6	85 15
6	79 27
6	84 16
6	83 16
6	85 16
6	79 29
6	84 17
6	83 17
6	85 17
6	79 30
6	84 18
6	83 18
6	85 18
6	79 29
6	84 19
6	83 19
6	85 19
6	79 27
6	84 20
6	83 20
6	85 20
6	79 32
6	84 1
6	83 1
6	85 1
6	79 29
6	84 2
6	83 2
6	85 2
6	79 25
6	84 3
6	83 3
6	85 3
6	79 31
6	84 4
6	83 4
6	85 4
6	79 30
6	84 5
6	83 5
6	85 5
6	79 31
6	84 6
6	83 6
6	85 6
6	79 27
6	84 7
6	83 7
6	85 7
6	79 22
6	84 8
6	83 8
6	85 8
6	79 21
6	84 9
6	83 9
6	85 9
6	79 25
6	84 10
6	83 10
6	85 10
6	79 27
6	84 11
6	83 11
6	85 11
6	79 32
6	84 12
6	83 12
6	85 12
6	79 26
6	84 13
6	83 13
6	85 13
6	79 27
6	84 14
6	83 14
6	85 14
6	79 29
6	84 15
6	83 15
6	85 15
6	79 24
6	84 16
6	83 16
6	85 16
6	79 25
6	84 17
6	83 17
6	85 17
6	79 26
6	84 18
6	83 18
6	85 18
6	79 24
6	84 19
6	83 19
6	85 19
6	79 23
6	84 20
6	83 20
6	85 20
6	79 26
6	84 1
6	83 1
6	85 1
6	79 30
6	84 2
6	83 2
6	85 2
6	79 29
6	84 3
6	83 3
6	85 3
6	79 28
6	84 4
6	83 4
6	85 4
6	79 30
6	84 5
6	83 5
6	85 5
6	79 28
6	84 6
6	83 6
6	85 6
6	79 26
6	84 7
6	84 8
6	83 8
6	85 8
6	79 26
6	84 9
6	83 9
6	85 7
6	79 155
6	83 9
6	85 9
6	79 42
6	84 10
6	83 10
6	85 10
6	79 25
6	84 11
6	83 11
6	85 11
6	79 28
6	84 12
6	83 12
6	85 12
6	79 25
6	84 13
6	83 13
6	85 13
6	79 30
6	84 14
6	83 14
6	85 14
6	79 25
6	84 15
6	83 15
6	85 15
6	79 28
6	84 16
6	83 16
6	85 16
6	79 29
6	84 17
6	83 17
6	85 17
6	79 29
6	84 18
6	83 18
6	85 18
6	79 25
6	84 19
6	83 19
6	85 19
6	79 27
6	84 20
6	83 20
6	85 20
6	79 29
6	84 1
6	83 1
6	85 1
6	79 27
6	84 2
6	83 2
6	85 2
6	79 27
6	84 3
6	83 3
6	85 3
6	79 28
6	84 4
6	83 4
6	85 4
6	79 31
6	84 5
6	83 5
6	85 5
6	79 28
6	84 6
6	83 6
6	85 6
6	79 25
6	84 7
6	83 7
6	85 7
6	79 32
6	84 8
6	83 8
6	85 8
6	79 33
6	84 9
6	83 9
6	85 9
6	79 21
6	84 10
6	83 10
6	85 10
6	79 24
6	84 11
6	83 11
6	85 11
6	79 31
6	84 12
6	83 12
6	85 12
6	79 25
6	84 13
6	83 13
6	85 13
6	79 22
6	84 14
6	83 14
6	85 14
6	79 24
6	84 15
6	83 15
6	85 15
6	79 30
6	84 16
6	83 16
6	85 16
6	79 25
6	84 17
6	83 17
6	85 17
6	79 27
6	84 18
6	83 18
6	85 18
6	79 28
6	84 19
6	84 20
6	83 20
6	85 20
6	79 26
6	84 1
6	83 1
6	85 19
6	79 145
6	83 1
6	85 1
6	79 33
6	84 2
6	83 2
6	85 2
6	79 31
6	84 3
6	83 3
6	85 3
6	79 26
6	84 4
6	83 4
6	85 4
6	79 26
6	84 5
6	83 5
6	85 5
6	79 34
6	84 6
6	83 6
6	85 6
6	79 28
6	84 7
6	83 7
6	85 7
6	79 27
6	84 8
6	83 8
6	85 8
6	79 29
6	84 9
6	83 9
6	85 9
6	79 26
6	84 10
6	83 10
6	85 10
6	79 27
6	84 11
6	83 11
6	85 11
6	79 33
6	84 12
6	83 12
6	85 12
6	79 28
6	84 13
6	83 13
6	85 13
6	79 26
6	84 14
6	83 14
6	85 14
6	79 33
6	84 15
6	83 15
6	85 15
6	79 34
6	84 16
6	83 16
6	85 16
6	79 29
6	84 17
6	83 17
6	85 17
6	79 28
6	84 18
6	83 18
6	85 18
6	79 30
6	84 19
6	83 19
6	85 19
6	79 30
6	84 20
6	83 20
6	85 20
6	79 27
6	84 1
6	83 1
6	85 1
6	79 29
6	84 2
6	83 2
6	85 2
6	79 22
6	84 3
6	83 3
6	85 3
6	79 30
6	84 4
6	83 4
6	85 4
6	79 32
6	84 5
6	83 5
6	85 5
6	79 29
6	84 6
6	83 6
6	85 6
6	79 25
6	84 7
6	83 7
6	85 7
6	79 31
6	84 8
6	83 8
6	85 8
6	79 32
6	84 9
6	83 9
6	85 9
6	79 27
6	84 10
6	83 10
6	85 10
6	79 27
6	TEST_NUMBER 3
6	SENT_TOTAL 250
6	RECEIVED_TOTAL 250
6	TIME_TOTAL 14886
6	RECEIVED_RADIO_1 124
6	RECEIVED_RADIO_2 126
6	SENT_RADIO_1 125
6	SENT_RADIO_2 125
6	RADIO_TIME_1 14886
6	RADIO_TIME_2 14849
6	RETRANSMISSIONS_1 0
6	RETRANSMISSIONS_2 0
6	DROPPED_1 0
6	DROPPED_2 0
6	MAX_QUEUE 1
6	DUPLICATED_1 1
6	DUPLICATED_2 1
6	EBUSY_RADIO_1 0
6	EBUSY_RADIO_2 0
6	84 1
6	83 1
6	85 1
6	79 27
6	84 2
6	83 2
6	85 2
6	79 27
6	84 3
6	83 3
6	85 3
6	79 25
6	84 4
6	83 4
6	85 4
6	79 32
6	84 5
6	83 5
6	85 5
6	79 28
6	84 6
6	83 6
6	85 6
6	79 31
6	84 7
6	83 7
6	85 7
6	79 28
6	84 8
6	83 8
6	85 8
6	79 29
6	84 9
6	83 9
6	85 9
6	79 26
6	84 10
6	83 10
6	85 10
6	79 31
6	84 11
6	83 11
6	85 11
6	79 26
6	84 12
6	83 12
6	85 12
6	79 30
6	84 13
6	83 13
6	85 13
6	79 33
6	84 14
6	83 14
6	85 14
6	79 27
6	84 15
6	83 15
6	85 15
6	79 29
6	84 16
6	83 16
6	85 16
6	79 30
6	84 17
6	83 17
6	85 17
6	79 30
6	84 18
6	83 18
6	85 18
6	79 29
6	84 19
6	83 19
6	85 19
6	79 33
6	84 20
6	83 20
6	85 20
6	79 31
6	84 1
6	83 1
6	85 1
6	79 27
6	84 2
6	83 2
6	85 2
6	79 24
6	84 3
6	83 3
6	85 3
6	79 25
6	84 4
6	83 4
6	85 4
6	79 26
6	84 5
6	83 5
6	85 5
6	79 33
6	84 6
6	83 6
6	85 6
6	79 28
6	84 7
6	83 7
6	85 7
6	79 32
6	84 8
6	83 8
6	85 8
6	79 27
6	84 9
6	83 9
6	85 9
6	79 26
6	84 10
6	83 10
6	85 10
6	79 27
6	84 11
6	83 11
6	85 11
6	79 30
6	84 12
6	83 12
6	85 12
6	79 32
6	84 13
6	83 13
6	85 13
6	79 28
6	84 14
6	83 14
6	85 14
6	79 24
6	84 15
6	83 15
6	85 15
6	79 31
6	84 16
6	83 16
6	85 16
6	79 29
6	84 17
6	83 17
6	85 17
6	79 27
6	84 18
6	83 18
6	85 18
6	79 23
6	84 19
6	83 19
6	85 19
6	79 31
6	84 20
6	83 20
6	85 20
6	79 28
6	84 1
6	83 1
6	85 1
6	79 25
6	84 2
6	83 2
6	85 2
6	79 29
6	84 3
6	83 3
6	85 3
6	79 32
6	84 4
6	83 4
6	85 4
6	79 26
6	84 5
6	83 5
6	85 5
6	79 28
6	84 6
6	83 6
6	85 6
6	79 33
6	84 7
6	83 7
6	85 7
6	79 28
6	84 8
6	83 8
6	85 8
6	79 30
6	84 9
6	83 9
6	85 9
6	79 24
6	84 10
6	83 10
6	85 10
6	79 29
6	84 11
6	83 11
6	85 11
6	79 26
6	84 12
6	83 12
6	85 12
6	79 30
6	84 13
6	83 13
6	85 13
6	79 30
6	84 14
6	83 14
6	85 14
6	79 31
6	84 15
6	83 15
6	85 15
6	79 23
6	84 16
6	83 16
6	85 16
6	79 24
6	84 17
6	83 17
6	85 17
6	79 30
6	84 18
6	83 18
6	85 18
6	79 25
6	84 19
6	83 19
6	85 19
6	79 31
6	84 20
6	83 20
6	85 20
6	79 28
6	84 1
6	83 1
6	85 1
6	79 28
6	84 2
6	83 2
6	85 2
6	79 31
6	84 3
6	83 3
6	85 3
6	79 29
6	84 4
6	83 4
6	85 4
6	79 27
6	84 5
6	83 5
6	85 5
6	79 25
6	84 6
6	83 6
6	85 6
6	79 26
6	84 7
6	83 7
6	85 7
6	79 27
6	84 8
6	83 8
6	85 8
6	79 26
6	84 9
6	83 9
6	85 9
6	79 31
6	84 10
6	83 10
6	85 10
6	79 23
6	84 11
6	83 11
6	85 11
6	79 28
6	84 12
6	83 12
6	85 12
6	79 24
6	84 13
6	83 13
6	85 13
6	79 33
6	84 14
6	83 14
6	85 14
6	79 28
6	84 15
6	83 15
6	85 15
6	79 26
6	84 16
6	83 16
6	85 16
6	79 23
6	84 17
6	83 17
6	85 17
6	79 28
6	84 18
6	83 18
6	85 18
6	79 26
6	84 19
6	83 19
6	85 19
6	79 32
6	84 20
6	83 20
6	85 20
6	79 28
6	84 1
6	83 1
6	85 1
6	79 24
6	84 2
6	83 2
6	85 2
6	79 28
6	84 3
6	83 3
6	85 3
6	79 27
6	84 4
6	83 4
6	85 4
6	79 27
6	84 5
6	83 5
6	85 5
6	79 25
6	84 6
6	83 6
6	85 6
6	79 29
6	84 7
6	83 7
6	85 7
6	79 30
6	84 8
6	83 8
6	85 8
6	79 27
6	84 9
6	83 9
6	85 9
6	79 27
6	84 10
6	83 10
6	85 10
6	79 28
6	84 11
6	83 11
6	85 11
6	79 27
6	84 12
6	83 12
6	85 12
6	79 30
6	84 13
6	83 13
6	85 13
6	79 26
6	84 14
6	83 14
6	85 14
6	79 30
6	84 15
6	83 15
6	85 15
6	79 27
6	84 16
6	83 16
6	85 16
6	79 27
6	84 17
6	83 17
6	85 17
6	79 25
6	84 18
6	83 18
6	85 18
6	79 27
6	84 19
6	83 19
6	85 19
6	79 27
6	84 20
6	83 20
6	85 20
6	79 24
6	84 1
6	83 1
6	85 1
6	79 23
6	84 2
6	83 2
6	85 2
6	79 29
6	84 3
6	83 3
6	85 3
6	79 25
6	84 4
6	83 4
6	85 4
6	79 27
6	84 5
6	83 5
6	85 5
6	79 30
6	84 6
6	83 6
6	85 6
6	79 28
6	84 7
6	83 7
6	85 7
6	79 26
6	84 8
6	83 8
6	85 8
6	79 31
6	84 9
6	83 9
6	85 9
6	79 29
6	84 10
6	83 10
6	85 10
6	79 30
6	84 11
6	83 11
6	85 11
6	79 30
6	84 12
6	83 12
6	85 12
6	79 27
6	84 13
6	83 13
6	85 13
6	79 25
6	84 14
6	83 14
6	85 14
6	79 29
6	84 15
6	83 15
6	85 15
6	79 25
6	84 16
6	83 16
6	85 16
6	79 24
6	84 17
6	83 17
6	85 17
6	79 30
6	84 18
6	83 18
6	85 18
6	79 28
6	84 19
6	83 19
6	85 19
6	79 23
6	84 20
6	83 20
6	85 20
6	79 24
6	84 1
6	83 1
6	85 1
6	79 25
6	84 2
6	83 2
6	85 2
6	79 32
6	84 3
6	83 3
6	85 3
6	79 31
6	84 4
6	83 4
6	85 4
6	79 27
6	84 5
6	83 5
6	85 5
6	79 31
6	84 6
6	83 6
6	85 6
6	79 28
6	84 7
6	83 7
6	85 7
6	79 27
6	84 8
6	83 8
6	85 8
6	79 29
6	84 9
6	83 9
6	85 9
6	79 33
6	84 10
6	83 10
6	85 10
6	79 25
6	84 11
6	83 11
6	85 11
6	79 32
6	84 12
6	83 12
6	85 12
6	79 27
6	84 13
6	83 13
6	85 13
6	79 27
6	84 14
6	83 14
6	85 14
6	79 27
6	84 15
6	83 15
6	85 15
6	79 29
6	84 16
6	83 16
6	85 16
6	79 25
6	84 17
6	83 17
6	85 17
6	79 31
6	84 18
6	83 18
6	85 18
6	79 35
6	84 19
6	83 19
6	85 19
6	79 30
6	84 20
6	83 20
6	85 20
6	79 26
6	84 1
6	83 1
6	85 1
6	79 25
6	84 2
6	83 2
6	85 2
6	79 28
6	84 3
6	83 3
6	85 3
6	79 30
6	84 4
6	83 4
6	85 4
6	79 29
6	84 5
6	83 5
6	85 5
6	79 25
6	84 6
6	83 6
6	85 6
6	79 27
6	84 7
6	83 7
6	85 7
6	79 32
6	84 8
6	83 8
6	85 8
6	79 28
6	84 9
6	83 9
6	85 9
6	79 31
6	84 10
6	83 10
6	85 10
6	79 22
6	84 11
6	83 11
6	85 11
6	79 31
6	84 12
6	83 12
6	85 12
6	79 29
6	84 13
6	83 13
6	85 13
6	79 30
6	84 14
6	83 14
6	85 14
6	79 29
6	84 15
6	83 15
6	85 15
6	79 30
6	84 16
6	83 16
6	85 16
6	79 33
6	84 17
6	83 17
6	85 17
6	79 31
6	84 18
6	83 18
6	85 18
6	79 26
6	84 19
6	83 19
6	85 19
6	79 26
6	84 20
6	83 20
6	85 20
6	79 27
6	84 1
6	83 1
6	85 1
6	79 33
6	84 2
6	83 2
6	85 2
6	79 25
6	84 3
6	83 3
6	85 3
6	79 31
6	84 4
6	83 4
6	85 4
6	79 29
6	84 5
6	83 5
6	85 5
6	79 31
6	84 6
6	83 6
6	85 6
6	79 29
6	84 7
6	83 7
6	85 7
6	79 30
6	84 8
6	83 8
6	85 8
6	79 31
6	84 9
6	83 9
6	85 9
6	79 31
6	84 10
6	83 10
6	85 10
6	79 27
6	84 11
6	83 11
6	85 11
6	79 27
6	84 12
6	83 12
6	85 12
6	79 27
6	84 13
6	83 13
6	85 13
6	79 32
6	84 14
6	83 14
6	85 14
6	79 32
6	84 15
6	83 15
6	85 15
6	79 31
6	84 16
6	83 16
6	85 16
6	79 28
6	84 17
6	83 17
6	85 17
6	79 28
6	84 18
6	83 18
6	85 18
6	79 32
6	84 19
6	83 19
6	85 19
6	79 29
6	84 20
6	83 20
6	85 20
6	79 31
6	84 1
6	83 1
6	85 1
6	79 31
6	84 2
6	83 2
6	85 2
6	79 30
6	84 3
6	83 3
6	85 3
6	79 27
6	84 4
6	83 4
6	85 4
6	79 29
6	84 5
6	83 5
6	85 5
6	79 29
6	84 6
6	83 6
6	85 6
6	79 28
6	84 7
6	83 7
6	85 7
6	79 29
6	84 8
6	83 8
6	85 8
6	79 27
6	84 9
6	83 9
6	85 9
6	79 25
6	84 10
6	83 10
6	85 10
6	79 28
6	84 11
6	83 11
6	85 11
6	79 29
6	84 12
6	83 12
6	85 12
6	79 25
6	84 13
6	83 13
6	85 13
6	79 28
6	84 14
6	83 14
6	85 14
6	79 27
6	84 15
6	83 15
6	85 15
6	79 28
6	84 16
6	83 16
6	85 16
6	79 28
6	84 17
6	83 17
6	85 17
6	79 27
6	84 18
6	83 18
6	85 18
6	79 29
6	84 19
6	83 19
6	85 19
6	79 30
6	84 20
6	83 20
6	85 20
6	79 29
6	84 1
6	83 1
6	85 1
6	79 28
6	84 2
6	83 2
6	85 2
6	79 30
6	84 3
6	83 3
6	85 3
6	79 25
6	84 4
6	83 4
6	85 4
6	79 32
6	84 5
6	83 5
6	85 5
6	79 25
6	84 6
6	83 6
6	85 6
6	79 32
6	84 7
6	83 7
6	85 7
6	79 29
6	84 8
6	83 8
6	85 8
6	79 31
6	84 9
6	83 9
6	85 9
6	79 23
6	84 10
6	83 10
6	85 10
6	79 27
6	84 11
6	83 11
6	85 11
6	79 28
6	84 12
6	83 12
6	85 12
6	79 30
6	84 13
6	83 13
6	85 13
6	79 29
6	84 14
6	83 14
6	85 14
6	79 25
6	84 15
6	83 15
6	85 15
6	79 29
6	84 16
6	83 16
6	85 16
6	79 30
6	84 17
6	83 17
6	85 17
6	79 26
6	84 18
6	83 18
6	85 18
6	79 25
6	84 19
6	83 19
6	85 19
6	79 25
6	84 20
6	83 20
6	85 20
6	79 32
6	84 1
6	83 1
6	85 1
6	79 31
6	84 2
6	83 2
6	85 2
6	79 30
6	84 3
6	83 3
6	85 3
6	79 30
6	84 4
6	83 4
6	85 4
6	79 30
6	84 5
6	83 5
6	85 5
6	79 29
6	84 6
6	83 6
6	85 6
6	79 29
6	84 7
6	83 7
6	85 7
6	79 28
6	84 8
6	83 8
6	85 8
6	79 26
6	84 9
6	83 9
6	85 9
6	79 30
6	84 10
6	83 10
6	85 10
6	79 30
6	84 11
6	83 11
6	85 11
6	79 27
6	84 12
6	83 12
6	85 12
6	79 25
6	84 13
6	83 13
6	85 13
6	79 26
6	84 14
6	83 14
6	85 14
6	79 28
6	84 15
6	83 15
6	85 15
6	79 28
6	84 16
6	83 16
6	85 16
6	79 25
6	84 17
6	83 17
6	85 17
6	79 33
6	84 18
6	83 18
6	85 18
6	79 26
6	84 19
6	83 19
6	85 19
6	79 26
6	84 20
6	83 20
6	85 20
6	79 27
6	84 1
6	83 1
6	85 1
6	79 27
6	84 2
6	83 2
6	85 2
6	79 26
6	84 3
6	83 3
6	85 3
6	79 26
6	84 4
6	83 4
6	85 4
6	79 30
6	84 5
6	83 5
6	85 5
6	79 27
6	84 6
6	83 6
6	85 6
6	79 28
6	84 7
6	83 7
6	85 7
6	79 31
6	84 8
6	83 8
6	85 8
6	79 26
6	84 9
6	83 9
6	85 9
6	79 30
6	84 10
6	83 10
6	85 10
6	79 27
6	TEST_NUMBER 4
6	SENT_TOTAL 250
6	RECEIVED_TOTAL 250
6	TIME_TOTAL 14882
6	RECEIVED_RADIO_1 125
6	RECEIVED_RADIO_2 125
6	SENT_RADIO_1 125
6	SENT_RADIO_2 125
6	RADIO_TIME_1 14849
6	RADIO_TIME_2 14852
6	RETRANSMISSIONS_1 0
6	RETRANSMISSIONS_2 0
6	DROPPED_1 0
6	DROPPED_2 0
6	MAX_QUEUE 1
6	DUPLICATED_1 0
6	DUPLICATED_2 0
6	EBUSY_RADIO_1 0
6	EBUSY_RADIO_2 0
6	84 1
6	83 1
6	85 1
6	79 28
6	84 2
6	83 2
6	85 2
6	79 27
6	84 3
6	83 3
6	85 3
6	79 28
6	84 4
6	83 4
6	85 4
6	79 29
6	84 5
6	83 5
6	85 5
6	79 27
6	84 6
6	83 6
6	85 6
6	79 31
6	84 7
6	83 7
6	85 7
6	79 30
6	84 8
6	83 8
6	85 8
6	79 21
6	84 9
6	83 9
6	85 9
6	79 25
6	84 10
6	83 10
6	85 10
6	79 30
6	84 11
6	83 11
6	85 11
6	79 24
6	84 12
6	83 12
6	85 12
6	79 22
6	84 13
6	83 13
6	85 13
6	79 26
6	84 14
6	83 14
6	85 14
6	79 26
6	84 15
6	83 15
6	85 15
6	79 27
6	84 16
6	83 16
6	85 16
6	79 24
6	84 17
6	83 17
6	85 17
6	79 29
6	84 18
6	83 18
6	85 18
6	79 30
6	84 19
6	83 19
6	85 19
6	79 29
6	84 20
6	83 20
6	85 20
6	79 25
6	84 1
6	83 1
6	85 1
6	79 31
6	84 2
6	83 2
6	85 2
6	79 30
6	84 3
6	83 3
6	85 3
6	79 33
6	84 4
6	83 4
6	85 4
6	79 30
6	84 5
6	83 5
6	85 5
6	79 30
6	84 6
6	83 6
6	85 6
6	79 31
6	84 7
6	83 7
6	85 7
6	79 25
6	84 8
6	83 8
6	85 8
6	79 23
6	84 9
6	83 9
6	85 9
6	79 28
6	84 10
6	83 10
6	85 10
6	79 25
6	84 11
6	83 11
6	85 11
6	79 28
6	84 12
6	83 12
6	85 12
6	79 29
6	84 13
6	83 13
6	85 13
6	79 25
6	84 14
6	83 14
6	85 14
6	79 25
6	84 15
6	83 15
6	85 15
6	79 32
6	84 16
6	83 16
6	85 16
6	79 25
6	84 17
6	83 17
6	85 17
6	79 28
6	84 18
6	83 18
6	85 18
6	79 28
6	84 19
6	83 19
6	85 19
6	79 28
6	84 20
6	83 20
6	85 20
6	79 27
6	84 1
6	83 1
6	85 1
6	79 29
6	84 2
6	83 2
6	85 2
6	79 23
6	84 3
6	83 3
6	85 3
6	79 31
6	84 4
6	83 4
6	85 4
6	79 27
6	84 5
6	83 5
6	85 5
6	79 30
6	84 6
6	83 6
6	85 6
6	79 23
6	84 7
6	83 7
6	85 7
6	79 31
6	84 8
6	83 8
6	85 8
6	79 28
6	84 9
6	83 9
6	85 9
6	79 31
6	84 10
6	83 10
6	85 10
6	79 30
6	84 11
6	83 11
6	85 11
6	79 23
6	84 12
6	83 12
6	85 12
6	79 27
6	84 13
6	83 13
6	85 13
6	79 27
6	84 14
6	83 14
6	85 14
6	79 30
6	84 15
6	83 15
6	85 15
6	79 23
6	84 16
6	83 16
6	85 16
6	79 23
6	84 17
6	83 17
6	85 17
6	79 25
6	84 18
6	83 18
6	85 18
6	79 31
6	84 19
6	83 19
6	85 19
6	79 28
6	84 20
6	83 20
6	85 20
6	79 27
6	84 1
6	83 1
6	85 1
6	79 26
6	84 2
6	83 2
6	85 2
6	79 32
6	84 3
6	83 3
6	85 3
6	79 28
6	84 4
6	83 4
6	85 4
6	79 31
6	84 5
6	83 5
6	85 5
6	79 29
6	84 6
6	83 6
6	85 6
6	79 29
6	84 7
6	83 7
6	85 7
6	79 32
6	84 8
6	83 8
6	85 8
6	79 32
6	84 9
6	83 9
6	85 9
6	79 30
6	84 10
6	83 10
6	85 10
6	79 25
6	84 11
6	83 11
6	85 11
6	79 27
6	84 12
6	83 12
6	85 12
6	79 24
6	84 13
6	83 13
6	85 13
6	79 27
6	84 14
6	83 14
6	85 14
6	79 28
6	84 15
6	83 15
6	85 15
6	79 26
6	84 16
6	83 16
6	85 16
6	79 22
6	84 17
6	83 17
6	85 17
6	79 31
6	84 18
6	83 18
6	85 18
6	79 31
6	84 19
6	83 19
6	85 19
6	79 36
6	84 20
6	83 20
6	85 20
6	79 25
6	84 1
6	83 1
6	85 1
6	79 28
6	84 2
6	83 2
6	85 2
6	79 29
6	84 3
6	83 3
6	85 3
6	79 25
6	84 4
6	83 4
6	85 4
6	79 30
6	84 5
6	83 5
6	85 5
6	79 34
6	84 6
6	83 6
6	85 6
6	79 31
6	84 7
6	83 7
6	85 7
6	79 25
6	84 8
6	83 8
6	85 8
6	79 24
6	84 9
6	83 9
6	85 9
6	79 30
6	84 10
6	83 10
6	85 10
6	79 28
6	84 11
6	83 11
6	85 11
6	79 33
6	84 12
6	83 12
6	85 12
6	79 33
6	84 13
6	83 13
6	85 13
6	79 26
6	84 14
6	83 14
6	85 14
6	79 29
6	84 15
6	83 15
6	85 15
6	79 22
6	84 16
6	83 16
6	85 16
6	79 26
6	84 17
6	83 17
6	85 17
6	79 29
6	84 18
6	83 18
6	85 18
6	79 26
6	84 19
6	83 19
6	85 19
6	79 32
6	84 20
6	83 20
6	85 20
6	79 32
6	84 1
6	83 1
6	85 1
6	79 30
6	84 2
6	83 2
6	85 2
6	79 27
6	84 3
6	83 3
6	85 3
6	79 24
6	84 4
6	83 4
6	85 4
6	79 26
6	84 5
6	83 5
6	85 5
6	79 27
6	84 6
6	83 6
6	85 6
6	79 32
6	84 7
6	83 7
6	85 7
6	79 30
6	84 8
6	83 8
6	85 8
6	79 27
6	84 9
6	83 9
6	85 9
6	79 26
6	84 10
6	83 10
6	85 10
6	79 31
6	84 11
6	83 11
6	85 11
6	79 27
6	84 12
6	83 12
6	85 12
6	79 31
6	84 13
6	83 13
6	85 13
6	79 27
6	84 14
6	83 14
6	85 14
6	79 26
6	84 15
6	83 15
6	85 15
6	79 30
6	84 16
6	83 16
6	85 16
6	79 23
6	84 17
6	83 17
6	85 17
6	79 25
6	84 18
6	83 18
6	85 18
6	79 26
6	84 19
6	83 19
6	85 19
6	79 29
6	84 20
6	83 20
6	85 20
6	79 29
6	84 1
6	83 1
6	85 1
6	79 27
6	84 2
6	83 2
6	85 2
6	79 24
6	84 3
6	83 3
6	85 3
6	79 30
6	84 4
6	83 4
6	85 4
6	79 33
6	84 5
6	83 5
6	85 5
6	79 28
6	84 6
6	83 6
6	85 6
6	79 30
6	84 7
6	83 7
6	85 7
6	79 29
6	84 8
6	83 8
6	85 8
6	79 25
6	84 9
6	83 9
6	85 9
6	79 32
6	84 10
6	83 10
6	85 10
6	79 29
6	84 11
6	83 11
6	85 11
6	79 25
6	84 12
6	83 12
6	85 12
6	79 30
6	84 13
6	83 13
6	85 13
6	79 27
6	84 14
6	83 14
6	85 14
6	79 24
6	84 15
6	83 15
6	85 15
6	79 29
6	84 16
6	83 16
6	85 16
6	79 31
6	84 17
6	83 17
6	85 17
6	79 31
6	84 18
6	83 18
6	85 18
6	79 31
6	84 19
6	83 19
6	85 19
6	79 25
6	84 20
6	83 20
6	85 20
6	79 32
6	84 1
6	83 1
6	85 1
6	79 33
6	84 2
6	83 2
6	85 2
6	79 33
6	84 3
6	83 3
6	85 3
6	79 28
6	84 4
6	83 4
6	85 4
6	79 26
6	84 5
6	83 5
6	85 5
6	79 24
6	84 6
6	83 6
6	85 6
6	79 28
6	84 7
6	83 7
6	85 7
6	79 24
6	84 8
6	83 8
6	85 8
6	79 29
6	84 9
6	83 9
6	85 9
6	79 28
6	84 10
6	83 10
6	85 10
6	79 27
6	84 11
6	83 11
6	85 11
6	79 31
6	84 12
6	83 12
6	85 12
6	79 31
6	84 13
6	83 13
6	85 13
6	79 27
6	84 14
6	83 14
6	85 14
6	79 28
6	84 15
6	83 15
6	85 15
6	79 24
6	84 16
6	83 16
6	85 16
6	79 28
6	84 17
6	83 17
6	85 17
6	79 30
6	84 18
6	83 18
6	85 18
6	79 28
6	84 19
6	83 19
6	85 19
6	79 31
6	84 20
6	83 20
6	85 20
6	79 30
6	84 1
6	83 1
6	85 1
6	79 29
6	84 2
6	83 2
6	85 2
6	79 29
6	84 3
6	83 3
6	85 3
6	79 30
6	84 4
6	83 4
6	85 4
6	79 25
6	84 5
6	83 5
6	85 5
6	79 26
6	84 6
6	83 6
6	85 6
6	79 22
6	84 7
6	83 7
6	85 7
6	79 33
6	84 8
6	83 8
6	85 8
6	79 28
6	84 9
6	83 9
6	85 9
6	79 27
6	84 10
6	83 10
6	85 10
6	79 28
6	84 11
6	83 11
6	85 11
6	79 27
6	84 12
6	83 12
6	85 12
6	79 31
6	84 13
6	83 13
6	85 13
6	79 27
6	84 14
6	83 14
6	85 14
6	79 24
6	84 15
6	83 15
6	85 15
6	79 24
6	84 16
6	83 16
6	85 16
6	79 28
6	84 17
6	83 17
6	85 17
6	79 27
6	84 18
6	83 18
6	85 18
6	79 30
6	84 19
6	83 19
6	85 19
6	79 28
6	84 20
6	83 20
6	85 20
6	79 26
6	84 1
6	83 1
6	85 1
6	79 24
6	84 2
6	83 2
6	85 2
6	79 28
6	84 3
6	83 3
6	85 3
6	79 29
6	84 4
6	83 4
6	85 4
6	79 27
6	84 5
6	83 5
6	85 5
6	79 31
6	84 6
6	83 6
6	85 6
6	79 29
6	84 7
6	83 7
6	85 7
6	79 28
6	84 8
6	83 8
6	85 8
6	79 27
6	84 9
6	83 9
6	85 9
6	79 28
6	84 10
6	83 10
6	85 10
6	79 31
6	84 11
6	83 11
6	85 11
6	79 26
6	84 12
6	83 12
6	85 12
6	79 27
6	84 13
6	83 13
6	85 13
6	79 29
6	84 14
6	83 14
6	85 14
6	79 29
6	84 15
6	83 15
6	85 15
6	79 31
6	84 16
6	83 16
6	85 16
6	79 29
6	84 17
6	83 17
6	85 17
6	79 29
6	84 18
6	83 18
6	85 18
6	79 31
6	84 19
6	83 19
6	85 19
6	79 26
6	84 20
6	83 20
6	85 20
6	79 29
6	84 1
6	83 1
6	85 1
6	79 25
6	84 2
6	83 2
6	85 2
6	79 27
6	84 3
6	83 3
6	85 3
6	79 26
6	84 4
6	83 4
6	85 4
6	79 29
6	84 5
6	83 5
6	85 5
6	79 31
6	84 6
6	83 6
6	85 6
6	79 33
6	84 7
6	83 7
6	85 7
6	79 24
6	84 8
6	83 8
6	85 8
6	79 26
6	84 9
6	83 9
6	85 9
6	79 28
6	84 10
6	83 10
6	85 10
6	79 28
6	84 11
6	83 11
6	85 11
6	79 29
6	84 12
6	83 12
6	85 12
6	79 31
6	84 13
6	83 13
6	85 13
6	79 28
6	84 14
6	83 14
6	85 14
6	79 27
6	84 15
6	83 15
6	85 15
6	79 28
6	84 16
6	83 16
6	85 16
6	79 28
6	84 17
6	83 17
6	85 17
6	79 23
6	84 18
6	83 18
6	85 18
6	79 29
6	84 19
6	83 19
6	85 19
6	79 28
6	84 20
6	83 20
6	85 20
6	79 25
6	84 1
6	83 1
6	85 1
6	79 31
6	84 2
6	83 2
6	85 2
6	79 27
6	84 3
6	83 3
6	85 3
6	79 27
6	84 4
6	83 4
6	85 4
6	79 28
6	84 5
6	83 5
6	85 5
6	79 26
6	84 6
6	83 6
6	85 6
6	79 28
6	84 7
6	83 7
6	85 7
6	79 30
6	84 8
6	83 8
6	85 8
6	79 27
6	84 9
6	83 9
6	85 9
6	79 27
6	84 10
6	83 10
6	85 10
6	79 21
6	84 11
6	83 11
6	85 11
6	79 27
6	84 12
6	83 12
6	85 12
6	79 32
6	84 13
6	83 13
6	85 13
6	79 31
6	84 14
6	83 14
6	85 14
6	79 26
6	84 15
6	83 15
6	85 15
6	79 27
6	84 16
6	83 16
6	85 16
6	79 29
6	84 17
6	83 17
6	85 17
6	79 28
6	84 18
6	83 18
6	85 18
6	79 26
6	84 19
6	83 19
6	85 19
6	79 29
6	84 20
6	83 20
6	85 20
6	79 25
6	84 1
6	83 1
6	85 1
6	79 29
6	84 2
6	83 2
6	85 2
6	79 24
6	84 3
6	83 3
6	85 3
6	79 25
6	84 4
6	83 4
6	85 4
6	79 27
6	84 5
6	83 5
6	85 5
6	79 29
6	84 6
6	83 6
6	85 6
6	79 28
6	84 7
6	83 7
6	85 7
6	79 25
6	84 8
6	83 8
6	85 8
6	79 26
6	84 9
6	83 9
6	85 9
6	79 26
6	84 10
6	83 10
6	85 10
6	79 28
6	TEST_NUMBER 5
6	SENT_TOTAL 250
6	RECEIVED_TOTAL 250
6	TIME_TOTAL 14882
6	RECEIVED_RADIO_1 125
6	RECEIVED_RADIO_2 125
6	SENT_RADIO_1 125
6	SENT_RADIO_2 125
6	RADIO_TIME_1 14850
6	RADIO_TIME_2 14848
6	RETRANSMISSIONS_1 0
6	RETRANSMISSIONS_2 0
6	DROPPED_1 0
6	DROPPED_2 0
6	MAX_QUEUE 1
6	DUPLICATED_1 0
6	DUPLICATED_2 0
6	EBUSY_RADIO_1 0
6	EBUSY_RADIO_2 0
6	84 1
6	83 1
6	85 1
6	79 26
6	84 2
6	83 2
6	85 2
6	79 24
6	84 3
6	83 3
6	85 3
6	79 25
6	84 4
6	83 4
6	85 4
6	79 31
6	84 5
6	83 5
6	85 5
6	79 31
6	84 6
6	83 6
6	85 6
6	79 29
6	84 7
6	83 7
6	85 7
6	79 32
6	84 8
6	83 8
6	85 8
6	79 29
6	84 9
6	83 9
6	85 9
6	79 30
6	84 10
6	83 10
6	85 10
6	79 30
6	84 11
6	83 11
6	85 11
6	79 29
6	84 12
6	83 12
6	85 12
6	79 28
6	84 13
6	83 13
6	85 13
6	79 28
6	84 14
6	83 14
6	85 14
6	79 32
6	84 15
6	83 15
6	85 15
6	79 26
6	84 16
6	83 16
6	85 16
6	79 39
6	84 17
6	83 17
6	85 17
6	79 22
6	84 18
6	83 18
6	85 18
6	79 26
6	84 19
6	83 19
6	85 19
6	79 24
6	84 20
6	83 20
6	85 20
6	79 27
6	84 1
6	83 1
6	85 1
6	79 26
6	84 2
6	83 2
6	85 2
6	79 24
6	84 3
6	83 3
6	85 3
6	79 27
6	84 4
6	83 4
6	85 4
6	79 25
6	84 5
6	83 5
6	85 5
6	79 22
6	84 6
6	83 6
6	85 6
6	79 25
6	84 7
6	83 7
6	85 7
6	79 31
6	84 8
6	83 8
6	85 8
6	79 24
6	84 9
6	83 9
6	85 9
6	79 25
6	84 10
6	83 10
6	85 10
6	79 26
6	84 11
6	83 11
6	85 11
6	79 32
6	84 12
6	83 12
6	85 12
6	79 25
6	84 13
6	83 13
6	85 13
6	79 29
6	84 14
6	83 14
6	85 14
6	79 24
6	84 15
6	83 15
6	85 15
6	79 34
6	84 16
6	83 16
6	85 16
6	79 24
6	84 17
6	83 17
6	85 17
6	79 23
6	84 18
6	83 18
6	85 18
6	79 29
6	84 19
6	83 19
6	85 19
6	79 31
6	84 20
6	83 20
6	85 20
6	79 26
6	84 1
6	83 1
6	85 1
6	79 28
6	84 2
6	83 2
6	85 2
6	79 26
6	84 3
6	83 3
6	85 3
6	79 28
6	84 4
6	83 4
6	85 4
6	79 31
6	84 5
6	83 5
6	85 5
6	79 28
6	84 6
6	83 6
6	85 6
6	79 23
6	84 7
6	83 7
6	85 7
6	79 28
6	84 8
6	83 8
6	85 8
6	79 28
6	84 9
6	83 9
6	85 9
6	79 29
6	84 10
6	83 10
6	85 10
6	79 26
6	84 11
6	83 11
6	85 11
6	79 28
6	84 12
6	83 12
6	85 12
6	79 22
6	84 13
6	83 13
6	85 13
6	79 23
6	84 14
6	83 14
6	85 14
6	79 27
6	84 15
6	83 15
6	85 15
6	79 25
6	84 16
6	83 16
6	85 16
6	79 29
6	84 17
6	83 17
6	85 17
6	79 35
6	84 18
6	83 18
6	85 18
6	79 29
6	84 19
6	83 19
6	85 19
6	79 24
6	84 20
6	83 20
6	85 20
6	79 30
6	84 1
6	83 1
6	85 1
6	79 25
6	84 2
6	83 2
6	85 2
6	79 25
6	84 3
6	83 3
6	85 3
6	79 30
6	84 4
6	83 4
6	85 4
6	79 23
6	84 5
6	83 5
6	85 5
6	79 24
6	84 6
6	83 6
6	85 6
6	79 27
6	84 7
6	83 7
6	85 7
6	79 29
6	84 8
6	83 8
6	85 8
6	79 25
6	84 9
6	83 9
6	85 9
6	79 27
6	84 10
6	83 10
6	85 10
6	79 29
6	84 11
6	83 11
6	85 11
6	79 26
6	84 12
6	83 12
6	85 12
6	79 30
6	84 13
6	83 13
6	85 13
6	79 25
6	84 14
6	83 14
6	85 14
6	79 24
6	84 15
6	83 15
6	85 15
6	79 27
6	84 16
6	83 16
6	85 16
6	79 24
6	84 17
6	83 17
6	85 17
6	79 28
6	84 18
6	83 18
6	85 18
6	79 29
6	84 19
6	83 19
6	85 19
6	79 25
6	84 20
6	83 20
6	85 20
6	79 27
6	84 1
6	83 1
6	85 1
6	79 30
6	84 2
6	83 2
6	85 2
6	79 25
6	84 3
6	83 3
6	85 3
6	79 28
6	84 4
6	83 4
6	85 4
6	79 26
6	84 5
6	83 5
6	85 5
6	79 20
6	84 6
6	83 6
6	85 6
6	79 23
6	84 7
6	83 7
6	85 7
6	79 28
6	84 8
6	83 8
6	85 8
6	79 23
6	84 9
6	83 9
6	85 9
6	79 25
6	84 10
6	83 10
6	85 10
6	79 28
6	84 11
6	83 11
6	85 11
6	79 23
6	84 12
6	83 12
6	85 12
6	79 30
6	84 13
6	83 13
6	85 13
6	79 23
6	84 14
6	83 14
6	85 14
6	79 27
6	84 15
6	83 15
6	85 15
6	79 25
6	84 16
6	83 16
6	85 16
6	79 30
6	84 17
6	83 17
6	85 17
6	79 22
6	84 18
6	83 18
6	85 18
6	79 26
6	84 19
6	83 19
6	85 19
6	79 28
6	84 20
6	83 20
6	85 20
6	79 27
6	84 1
6	83 1
6	85 1
6	79 27
6	84 2
6	83 2
6	85 2
6	79 27
6	84 3
6	83 3
6	85 3
6	79 31
6	84 4
6	83 4
6	85 4
6	79 27
6	84 5
6	83 5
6	85 5
6	79 28
6	84 6
6	83 6
6	85 6
6	79 23
6	84 7
6	83 7
6	85 7
6	79 26
6	84 8
6	83 8
6	85 8
6	79 21
6	84 9
6	83 9
6	85 9
6	79 22
6	84 10
6	83 10
6	85 10
6	79 24
6	84 11
6	83 11
6	85 11
6	79 25
6	84 12
6	83 12
6	85 12
6	79 33
6	84 13
6	83 13
6	85 13
6	79 27
6	84 14
6	83 14
6	85 14
6	79 24
6	84 15
6	83 15
6	85 15
6	79 26
6	84 16
6	83 16
6	85 16
6	79 27
6	84 17
6	83 17
6	85 17
6	79 29
6	84 18
6	83 18
6	85 18
6	79 29
6	84 19
6	83 19
6	85 19
6	79 27
6	84 20
6	83 20
6	85 20
6	79 28
6	84 1
6	83 1
6	85 1
6	79 24
6	84 2
6	83 2
6	85 2
6	79 28
6	84 3
6	83 3
6	85 3
6	79 28
6	84 4
6	83 4
6	85 4
6	79 27
6	84 5
6	83 5
6	85 5
6	79 26
6	84 6
6	83 6
6	85 6
6	79 29
6	84 7
6	83 7
6	85 7
6	79 27
6	84 8
6	83 8
6	85 8
6	79 25
6	84 9
6	83 9
6	85 9
6	79 25
6	84 10
6	83 10
6	85 10
6	79 29
6	84 11
6	83 11
6	85 11
6	79 29
6	84 12
6	83 12
6	85 12
6	79 22
6	84 13
6	83 13
6	85 13
6	79 29
6	84 14
6	83 14
6	85 14
6	79 28
6	84 15
6	83 15
6	85 15
6	79 27
6	84 16
6	83 16
6	85 16
6	79 24
6	84 17
6	83 17
6	85 17
6	79 29
6	84 18
6	83 18
6	85 18
6	79 21
6	84 19
6	83 19
6	85 19
6	79 30
6	84 20
6	83 20
6	85 20
6	79 25
6	84 1
6	83 1
6	85 1
6	79 25
6	84 2
6	83 2
6	85 2
6	79 31
6	84 3
6	83 3
6	85 3
6	79 26
6	84 4
6	83 4
6	85 4
6	79 28
6	84 5
6	83 5
6	85 5
6	79 28
6	84 6
6	83 6
6	85 6
6	79 26
6	84 7
6	83 7
6	85 7
6	79 26
6	84 8
6	83 8
6	85 8
6	79 27
6	84 9
6	83 9
6	85 9
6	79 24
6	84 10
6	83 10
6	85 10
6	79 31
6	84 11
6	83 11
6	85 11
6	79 27
6	84 12
6	83 12
6	85 12
6	79 27
6	84 13
6	83 13
6	85 13
6	79 24
6	84 14
6	83 14
6	85 14
6	79 27
6	84 15
6	83 15
6	85 15
6	79 32
6	84 16
6	83 16
6	85 16
6	79 24
6	84 17
6	83 17
6	85 17
6	79 29
6	84 18
6	83 18
6	85 18
6	79 26
6	84 19
6	83 19
6	85 19
6	79 29
6	84 20
6	83 20
6	85 20
6	79 34
6	84 1
6	83 1
6	85 1
6	79 25
6	84 2
6	83 2
6	85 2
6	79 25
6	84 3
6	83 3
6	85 3
6	79 30
6	84 4
6	83 4
6	85 4
6	79 28
6	84 5
6	83 5
6	85 5
6	79 23
6	84 6
6	83 6
6	85 6
6	79 27
6	84 7
6	83 7
6	85 7
6	79 24
6	84 8
6	83 8
6	85 8
6	79 25
6	84 9
6	83 9
6	85 9
6	79 24
6	84 10
6	83 10
6	85 10
6	79 25
6	84 11
6	83 11
6	85 11
6	79 26
6	84 12
6	83 12
6	85 12
6	79 25
6	84 13
6	83 13
6	85 13
6	79 28
6	84 14
6	83 14
6	85 14
6	79 23
6	84 15
6	83 15
6	85 15
6	79 30
6	84 16
6	83 16
6	85 16
6	79 32
6	84 17
6	83 17
6	85 17
6	79 29
6	84 18
6	83 18
6	85 18
6	79 25
6	84 19
6	83 19
6	85 19
6	79 31
6	84 20
6	83 20
6	85 20
6	79 26
6	84 1
6	83 1
6	85 1
6	79 24
6	84 2
6	83 2
6	85 2
6	79 22
6	84 3
6	83 3
6	85 3
6	79 27
6	84 4
6	83 4
6	85 4
6	79 26
6	84 5
6	83 5
6	85 5
6	79 30
6	84 6
6	83 6
6	85 6
6	79 24
6	84 7
6	83 7
6	85 7
6	79 28
6	84 8
6	83 8
6	85 8
6	79 31
6	84 9
6	83 9
6	85 9
6	79 28
6	84 10
6	83 10
6	85 10
6	79 25
6	84 11
6	83 11
6	85 11
6	79 25
6	84 12
6	83 12
6	85 12
6	79 29
6	84 13
6	83 13
6	85 13
6	79 26
6	84 14
6	83 14
6	85 14
6	79 26
6	84 15
6	83 15
6	85 15
6	79 29
6	84 16
6	83 16
6	85 16
6	79 27
6	84 17
6	83 17
6	85 17
6	79 31
6	84 18
6	83 18
6	85 18
6	79 28
6	84 19
6	83 19
6	85 19
6	79 28
6	84 20
6	83 20
6	85 20
6	79 30
6	84 1
6	83 1
6	85 1
6	79 30
6	84 2
6	84 3
6	83 3
6	85 3
6	79 29
6	84 4
6	83 4
6	85 2
6	79 150
6	83 4
6	85 4
6	79 44
6	84 5
6	83 5
6	85 5
6	79 31
6	84 6
6	83 6
6	85 6
6	79 28
6	84 7
6	83 7
6	85 7
6	79 27
6	84 8
6	83 8
6	85 8
6	79 23
6	84 9
6	83 9
6	85 9
6	79 33
6	84 10
6	83 10
6	85 10
6	79 31
6	84 11
6	83 11
6	85 11
6	79 32
6	84 12
6	83 12
6	85 12
6	79 25
6	84 13
6	83 13
6	85 13
6	79 26
6	84 14
6	83 14
6	85 14
6	79 28
6	84 15
6	83 15
6	85 15
6	79 25
6	84 16
6	83 16
6	85 16
6	79 24
6	84 17
6	83 17
6	85 17
6	79 27
6	84 18
6	83 18
6	85 18
6	79 23
6	84 19
6	83 19
6	85 19
6	79 28
6	84 20
6	83 20
6	85 20
6	79 28
6	84 1
6	83 1
6	85 1
6	79 22
6	84 2
6	83 2
6	85 2
6	79 26
6	84 3
6	83 3
6	85 3
6	79 28
6	84 4
6	83 4
6	85 4
6	79 23
6	84 5
6	83 5
6	85 5
6	79 23
6	84 6
6	83 6
6	85 6
6	79 23
6	84 7
6	83 7
6	85 7
6	79 26
6	84 8
6	83 8
6	85 8
6	79 31
6	84 9
6	83 9
6	85 9
6	79 30
6	84 10
6	83 10
6	85 10
6	79 27
6	84 11
6	83 11
6	85 11
6	79 28
6	84 12
6	83 12
6	85 12
6	79 25
6	84 13
6	83 13
6	85 13
6	79 30
6	84 14
6	83 14
6	85 14
6	79 26
6	84 15
6	83 15
6	85 15
6	79 29
6	84 16
6	83 16
6	85 16
6	79 25
6	84 17
6	83 17
6	85 17
6	79 29
6	84 18
6	83 18
6	85 18
6	79 22
6	84 19
6	83 19
6	85 19
6	79 21
6	84 20
6	83 20
6	85 20
6	79 25
6	84 1
6	83 1
6	85 1
6	79 27
6	84 2
6	83 2
6	85 2
6	79 26
6	84 3
6	83 3
6	85 3
6	79 26
6	84 4
6	83 4
6	85 4
6	79 29
6	84 5
6	83 5
6	85 5
6	79 24
6	84 6
6	83 6
6	85 6
6	79 27
6	84 7
6	83 7
6	85 7
6	79 27
6	84 8
6	83 8
6	85 8
6	79 24
6	84 9
6	83 9
6	85 9
6	79 23
6	84 10
6	83 10
6	85 10
6	79 30
6	TEST_NUMBER 6
6	SENT_TOTAL 250
6	RECEIVED_TOTAL 250
6	TIME_TOTAL 14886
6	RECEIVED_RADIO_1 124
6	RECEIVED_RADIO_2 126
6	SENT_RADIO_1 125
6	SENT_RADIO_2 125
6	RADIO_TIME_1 14822
6	RADIO_TIME_2 14912
6	RETRANSMISSIONS_1 0
6	RETRANSMISSIONS_2 0
6	DROPPED_1 0
6	DROPPED_2 0
6	MAX_QUEUE 1
6	DUPLICATED_1 1
6	DUPLICATED_2 0
6	EBUSY_RADIO_1 0
6	EBUSY_RADIO_2 0

7	RELAY_NODE 7
7	TEST_NUMBER 0
7	SENT_TOTAL 0
7	RECEIVED_TOTAL 0
7	TIME_TOTAL 0
7	RECEIVED_RADIO_1 125
7	RECEIVED_RADIO_2 125
7	SENT_RADIO_1 125
7	SENT_RADIO_2 125
7	RADIO_TIME_1 14835
7	RADIO_TIME_2 14835
7	RETRANSMISSIONS_1 0
7	RETRANSMISSIONS_2 2
7	DROPPED_1 0
7	DROPPED_2 0
7	MAX_QUEUE 1
7	DUPLICATED_1 0
7	DUPLICATED_2 0
7	EBUSY_RADIO_1 0
7	EBUSY_RADIO_2 0
7	TEST_NUMBER 1
7	SENT_TOTAL 0
7	RECEIVED_TOTAL 0
7	TIME_TOTAL 0
7	RECEIVED_RADIO_1 126
7	RECEIVED_RADIO_2 125
7	SENT_RADIO_1 125
7	SENT_RADIO_2 126
7	RADIO_TIME_1 14896
7	RADIO_TIME_2 14896
7	RETRANSMISSIONS_1 0
7	RETRANSMISSIONS_2 3
7	DROPPED_1 0
7	DROPPED_2 0
7	MAX_QUEUE 1
7	DUPLICATED_1 0
7	DUPLICATED_2 0
7	EBUSY_RADIO_1 0
7	EBUSY_RADIO_2 0
7	TEST_NUMBER 2
7	SENT_TOTAL 0
7	RECEIVED_TOTAL 0
7	TIME_TOTAL 0
7	RECEIVED_RADIO_1 125
7	RECEIVED_RADIO_2 124
7	SENT_RADIO_1 124
7	SENT_RADIO_2 125
7	RADIO_TIME_1 14825
7	RADIO_TIME_2 14825
7	RETRANSMISSIONS_1 1
7	RETRANSMISSIONS_2 2
7	DROPPED_1 0
7	DROPPED_2 0
7	MAX_QUEUE 1
7	DUPLICATED_1 0
7	DUPLICATED_2 0
7	EBUSY_RADIO_1 0
7	EBUSY_RADIO_2 0
7	TEST_NUMBER 3
7	SENT_TOTAL 0
7	RECEIVED_TOTAL 0
7	TIME_TOTAL 0
7	RECEIVED_RADIO_1 125
7	RECEIVED_RADIO_2 124
7	SENT_RADIO_1 124
7	SENT_RADIO_2 125
7	RADIO_TIME_1 14886
7	RADIO_TIME_2 14886
7	RETRANSMISSIONS_1 1
7	RETRANSMISSIONS_2 1
7	DROPPED_1 0
7	DROPPED_2 0
7	MAX_QUEUE 1
7	DUPLICATED_1 0
7	DUPLICATED_2 1
7	EBUSY_RADIO_1 0
7	EBUSY_RADIO_2 0
7	TEST_NUMBER 4
7	SENT_TOTAL 0
7	RECEIVED_TOTAL 0
7	TIME_TOTAL 0
7	RECEIVED_RADIO_1 125
7	RECEIVED_RADIO_2 125
7	SENT_RADIO_1 125
7	SENT_RADIO_2 125
7	RADIO_TIME_1 14838
7	RADIO_TIME_2 14838
7	RETRANSMISSIONS_1 0
7	RETRANSMISSIONS_2 0
7	DROPPED_1 0
7	DROPPED_2 0
7	MAX_QUEUE 1
7	DUPLICATED_1 0
7	DUPLICATED_2 0
7	EBUSY_RADIO_1 0
7	EBUSY_RADIO_2 0
7	TEST_NUMBER 5
7	SENT_TOTAL 0
7	RECEIVED_TOTAL 0
7	TIME_TOTAL 0
7	RECEIVED_RADIO_1 125
7	RECEIVED_RADIO_2 125
7	SENT_RADIO_1 125
7	SENT_RADIO_2 125
7	RADIO_TIME_1 14838
7	RADIO_TIME_2 14838
7	RETRANSMISSIONS_1 0
7	RETRANSMISSIONS_2 0
7	DROPPED_1 0
7	DROPPED_2 0
7	MAX_QUEUE 1
7	DUPLICATED_1 0
7	DUPLICATED_2 0
7	EBUSY_RADIO_1 0
7	EBUSY_RADIO_2 0
7	TEST_NUMBER 6
7	SENT_TOTAL 0
7	RECEIVED_TOTAL 0
7	TIME_TOTAL 0
7	RECEIVED_RADIO_1 125
7	RECEIVED_RADIO_2 124
7	SENT_RADIO_1 124
7	SENT_RADIO_2 125
7	RADIO_TIME_1 14824
7	RADIO_TIME_2 14824
7	RETRANSMISSIONS_1 1
7	RETRANSMISSIONS_2 1
7	DROPPED_1 0
7	DROPPED_2 0
7	MAX_QUEUE 1
7	DUPLICATED_1 0
7	DUPLICATED_2 1
7	EBUSY_RADIO_1 0
7	EBUSY_RADIO_2 0
