
2	RELAY_NODE 2
2	TEST_NUMBER 0
2	SENT_TOTAL 0
2	RECEIVED_TOTAL 0
2	TIME_TOTAL 0
2	RECEIVED_RADIO_1 62
2	RECEIVED_RADIO_2 127
2	SENT_RADIO_1 0
2	SENT_RADIO_2 60
2	RADIO_TIME_1 19885
2	RADIO_TIME_2 19824
2	RETRANSMISSIONS_1 1234
2	RETRANSMISSIONS_2 41
2	DROPPED_1 123
2	DROPPED_2 4
2	MAX_QUEUE 2
2	DUPLICATED_1 0
2	DUPLICATED_2 0
2	EBUSY_RADIO_1 0
2	EBUSY_RADIO_2 0
2	TEST_NUMBER 1
2	SENT_TOTAL 0
2	RECEIVED_TOTAL 0
2	TIME_TOTAL 0
2	RECEIVED_RADIO_1 59
2	RECEIVED_RADIO_2 132
2	SENT_RADIO_1 0
2	SENT_RADIO_2 52
2	RADIO_TIME_1 29872
2	RADIO_TIME_2 19764
2	RETRANSMISSIONS_1 1255
2	RETRANSMISSIONS_2 130
2	DROPPED_1 126
2	DROPPED_2 13
2	MAX_QUEUE 2
2	DUPLICATED_1 0
2	DUPLICATED_2 0
2	EBUSY_RADIO_1 0
2	EBUSY_RADIO_2 0
2	TEST_NUMBER 2
2	SENT_TOTAL 0
2	RECEIVED_TOTAL 0
2	TIME_TOTAL 0
2	RECEIVED_RADIO_1 62
2	RECEIVED_RADIO_2 127
2	SENT_RADIO_1 0
2	SENT_RADIO_2 59
2	RADIO_TIME_1 29872
2	RADIO_TIME_2 19812
2	RETRANSMISSIONS_1 1256
2	RETRANSMISSIONS_2 40
2	DROPPED_1 126
2	DROPPED_2 4
2	MAX_QUEUE 2
2	DUPLICATED_1 0
2	DUPLICATED_2 0
2	EBUSY_RADIO_1 0
2	EBUSY_RADIO_2 0
2	TEST_NUMBER 3
2	SENT_TOTAL 0
2	RECEIVED_TOTAL 0
2	TIME_TOTAL 0
2	RECEIVED_RADIO_1 61
2	RECEIVED_RADIO_2 127
2	SENT_RADIO_1 0
2	SENT_RADIO_2 56
2	RADIO_TIME_1 29827
2	RADIO_TIME_2 19683
2	RETRANSMISSIONS_1 1270
2	RETRANSMISSIONS_2 50
2	DROPPED_1 128
2	DROPPED_2 5
2	MAX_QUEUE 2
2	DUPLICATED_1 0
2	DUPLICATED_2 0
2	EBUSY_RADIO_1 0
2	EBUSY_RADIO_2 0
2	TEST_NUMBER 4
2	SENT_TOTAL 0
2	RECEIVED_TOTAL 0
2	TIME_TOTAL 0
2	RECEIVED_RADIO_1 60
2	RECEIVED_RADIO_2 131
2	SENT_RADIO_1 0
2	SENT_RADIO_2 56
2	RADIO_TIME_1 19850
2	RADIO_TIME_2 19761
2	RETRANSMISSIONS_1 1266
2	RETRANSMISSIONS_2 80
2	DROPPED_1 127
2	DROPPED_2 8
2	MAX_QUEUE 2
2	DUPLICATED_1 0
2	DUPLICATED_2 0
2	EBUSY_RADIO_1 0
2	EBUSY_RADIO_2 0
2	TEST_NUMBER 5
2	SENT_TOTAL 0
2	RECEIVED_TOTAL 0
2	TIME_TOTAL 0
2	RECEIVED_RADIO_1 61
2	RECEIVED_RADIO_2 130
2	SENT_RADIO_1 0
2	SENT_RADIO_2 55
2	RADIO_TIME_1 19898
2	RADIO_TIME_2 19843
2	RETRANSMISSIONS_1 1272
2	RETRANSMISSIONS_2 80
2	DROPPED_1 127
2	DROPPED_2 8
2	MAX_QUEUE 2
2	DUPLICATED_1 0
2	DUPLICATED_2 0
2	EBUSY_RADIO_1 0
2	EBUSY_RADIO_2 0
2	TEST_NUMBER 6
2	SENT_TOTAL 0
2	RECEIVED_TOTAL 0
2	TIME_TOTAL 0
2	RECEIVED_RADIO_1 59
2	RECEIVED_RADIO_2 131
2	SENT_RADIO_1 0
2	SENT_RADIO_2 55
2	RADIO_TIME_1 29831
2	RADIO_TIME_2 19684
2	RETRANSMISSIONS_1 1240
2	RETRANSMISSIONS_2 110
2	DROPPED_1 125
2	DROPPED_2 11
2	MAX_QUEUE 3
2	DUPLICATED_1 0
2	DUPLICATED_2 0
2	EBUSY_RADIO_1 0
2	EBUSY_RADIO_2 0

3	SOURCE_NODE 3
3	84 1
3	83 1
3	85 1
3	79 29
3	84 2
3	84 3
3	84 4
3	84 5
3	83 5
3	85 3
3	79 182
3	84 6
3	84 7
3	84 8
3	83 8
3	85 8
3	79 30
3	84 9
3	84 10
3	83 10
3	85 10
3	79 42
3	84 11
3	84 12
3	83 12
3	85 12
3	79 28
3	84 13
3	84 14
3	83 14
3	85 14
3	79 40
3	84 15
3	84 16
3	83 16
3	85 16
3	79 24
3	84 17
3	84 18
3	83 18
3	85 18
3	79 39
3	84 19
3	84 20
3	83 20
3	85 20
3	79 31
3	84 1
3	84 2
3	83 2
3	85 2
3	79 41
3	84 3
3	84 4
3	83 4
3	85 4
3	79 31
3	84 5
3	84 6
3	83 6
3	85 6
3	79 38
3	84 7
3	84 8
3	83 8
3	85 8
3	79 30
3	84 9
3	84 10
3	83 10
3	85 10
3	79 39
3	84 11
3	84 12
3	83 12
3	85 12
3	79 27
3	84 13
3	84 14
3	83 14
3	85 14
3	79 45
3	84 15
3	84 16
3	83 16
3	85 16
3	79 27
3	84 17
3	84 18
3	83 18
3	85 18
3	79 39
3	84 19
3	84 20
3	83 20
3	85 20
3	79 27
3	84 1
3	84 2
3	83 2
3	85 2
3	79 44
3	84 3
3	84 4
3	83 4
3	85 4
3	79 30
3	84 5
3	84 6
3	83 6
3	85 6
3	79 43
3	84 7
3	84 8
3	83 8
3	85 8
3	79 31
3	84 9
3	84 10
3	83 10
3	85 10
3	79 43
3	84 11
3	84 12
3	83 12
3	85 12
3	79 26
3	84 13
3	84 14
3	83 14
3	85 14
3	79 44
3	84 15
3	84 16
3	83 16
3	85 16
3	79 28
3	84 17
3	84 18
3	83 18
3	85 18
3	79 42
3	84 19
3	84 20
3	83 20
3	85 20
3	79 27
3	84 1
3	84 2
3	83 2
3	85 2
3	79 40
3	84 3
3	84 4
3	83 4
3	85 4
3	79 28
3	84 5
3	84 6
3	83 6
3	85 6
3	79 38
3	84 7
3	84 8
3	83 8
3	85 8
3	79 28
3	84 9
3	84 10
3	83 10
3	85 10
3	79 40
3	84 11
3	84 12
3	84 13
3	83 13
3	85 13
3	79 28
3	84 14
3	84 15
3	83 15
3	85 15
3	79 43
3	84 16
3	84 17
3	84 18
3	84 19
3	83 19
3	85 17
3	79 192
3	84 20
3	84 1
3	83 1
3	85 20
3	79 141
3	84 2
3	83 2
3	85 2
3	79 32
3	84 3
3	83 3
3	85 3
3	79 52
3	84 4
3	84 5
3	83 5
3	85 5
3	79 26
3	84 6
3	84 7
3	83 7
3	85 7
3	79 38
3	84 8
3	84 9
3	83 9
3	85 9
3	79 28
3	84 10
3	84 11
3	83 11
3	85 11
3	79 40
3	84 12
3	84 13
3	83 13
3	85 13
3	79 32
3	84 14
3	84 15
3	83 15
3	85 15
3	79 39
3	84 16
3	84 17
3	83 17
3	85 17
3	79 28
3	84 18
3	84 19
3	83 19
3	85 19
3	79 42
3	84 20
3	84 1
3	84 2
3	84 3
3	83 3
3	85 3
3	79 42
3	84 4
3	84 5
3	83 5
3	85 1
3	79 354
3	83 5
3	85 5
3	79 43
3	84 6
3	84 7
3	83 7
3	85 7
3	79 41
3	84 8
3	84 9
3	83 9
3	85 9
3	79 34
3	84 10
3	84 11
3	83 11
3	85 11
3	79 40
3	84 12
3	84 13
3	84 14
3	84 15
3	83 15
3	85 15
3	79 36
3	84 16
3	84 17
3	83 17
3	85 13
3	79 356
3	83 17
3	85 17
3	79 44
3	84 18
3	84 19
3	83 19
3	85 19
3	79 44
3	84 20
3	84 1
3	84 2
3	84 3
3	83 3
3	85 3
3	79 39
3	84 4
3	84 5
3	83 5
3	85 1
3	79 364
3	83 5
3	85 5
3	79 54
3	84 6
3	84 7
3	83 7
3	85 7
3	79 43
3	84 8
3	84 9
3	83 9
3	85 9
3	79 28
3	84 10
3	84 11
3	83 11
3	85 11
3	79 37
3	84 12
3	84 13
3	84 14
3	84 15
3	83 15
3	85 15
3	79 43
3	84 16
3	84 17
3	83 17
3	85 13
3	79 347
3	83 17
3	85 17
3	79 35
3	84 18
3	84 19
3	83 19
3	85 19
3	79 38
3	84 20
3	84 1
3	83 1
3	85 1
3	79 29
3	84 2
3	84 3
3	83 3
3	85 3
3	79 38
3	84 4
3	84 5
3	83 5
3	85 5
3	79 28
3	84 6
3	84 7
3	83 7
3	85 7
3	79 37
3	84 8
3	84 9
3	83 9
3	85 9
3	79 30
3	84 10
3	84 11
3	83 11
3	85 11
3	79 43
3	84 12
3	84 13
3	83 13
3	85 13
3	79 26
3	84 14
3	84 15
3	83 15
3	85 15
3	79 44
3	84 16
3	84 17
3	83 17
3	85 17
3	79 32
3	84 18
3	84 19
3	83 19
3	85 19
3	79 46
3	84 20
3	84 1
3	83 1
3	85 1
3	79 31
3	84 2
3	84 3
3	83 3
3	85 3
3	79 39
3	84 4
3	84 5
3	83 5
3	85 5
3	79 26
3	84 6
3	84 7
3	83 7
3	85 7
3	79 38
3	84 8
3	84 9
3	83 9
3	85 9
3	79 33
3	84 10
3	84 11
3	83 11
3	85 11
3	79 36
3	84 12
3	84 13
3	83 13
3	85 13
3	79 43
3	84 14
3	84 15
3	83 15
3	85 15
3	79 42
3	84 16
3	84 17
3	83 17
3	85 17
3	79 26
3	84 18
3	84 19
3	83 19
3	85 19
3	79 44
3	84 20
3	84 1
3	83 1
3	85 1
3	79 26
3	84 2
3	84 3
3	83 3
3	85 3
3	79 38
3	84 4
3	84 5
3	83 5
3	85 5
3	79 21
3	84 6
3	84 7
3	83 7
3	85 7
3	79 39
3	84 8
3	84 9
3	83 9
3	85 9
3	79 35
3	84 10
3	84 11
3	83 11
3	85 11
3	79 37
3	84 12
3	84 13
3	83 13
3	85 13
3	79 28
3	84 14
3	84 15
3	83 15
3	85 15
3	79 45
3	84 16
3	84 17
3	83 17
3	85 17
3	79 30
3	84 18
3	84 19
3	83 19
3	85 19
3	79 40
3	84 20
3	84 1
3	83 1
3	85 1
3	79 31
3	84 2
3	84 3
3	83 3
3	85 3
3	79 40
3	84 4
3	84 5
3	83 5
3	85 5
3	79 26
3	84 6
3	84 7
3	84 8
3	84 9
3	84 10
3	83 10
3	85 10
3	79 33
3	83 10
3	85 7
3	79 295
3	84 11
3	84 12
3	83 12
3	85 12
3	79 44
3	84 13
3	84 14
3	83 14
3	85 14
3	79 28
3	84 15
3	84 16
3	83 16
3	85 16
3	79 40
3	84 17
3	84 18
3	83 18
3	85 18
3	79 27
3	84 19
3	84 20
3	83 20
3	85 20
3	79 36
3	84 1
3	84 2
3	83 2
3	85 2
3	79 28
3	84 3
3	84 4
3	83 4
3	85 4
3	79 43
3	84 5
3	84 6
3	84 7
3	84 8
3	83 8
3	85 6
3	79 189
3	84 9
3	84 10
3	84 11
3	83 11
3	85 11
3	79 26
3	84 12
3	84 13
3	83 13
3	85 13
3	79 43
3	84 14
3	84 15
3	84 16
3	84 17
3	83 17
3	85 17
3	79 41
3	84 18
3	84 19
3	83 19
3	85 15
3	79 351
3	83 19
3	85 19
3	79 43
3	84 20
3	84 1
3	83 1
3	85 1
3	79 41
3	84 2
3	84 3
3	83 3
3	85 3
3	79 33
3	84 4
3	84 5
3	83 5
3	85 5
3	79 38
3	84 6
3	84 7
3	83 7
3	85 7
3	79 24
3	84 8
3	84 9
3	83 9
3	85 9
3	79 41
3	84 10
3	TEST_NUMBER 0
3	SENT_TOTAL 250
3	RECEIVED_TOTAL 121
3	TIME_TOTAL 19775
3	RECEIVED_RADIO_1 61
3	RECEIVED_RADIO_2 60
3	SENT_RADIO_1 123
3	SENT_RADIO_2 126
3	RADIO_TIME_1 19763
3	RADIO_TIME_2 19814
3	RETRANSMISSIONS_1 5
3	RETRANSMISSIONS_2 1
3	DROPPED_1 0
3	DROPPED_2 0
3	MAX_QUEUE 1
3	DUPLICATED_1 1
3	DUPLICATED_2 1
3	EBUSY_RADIO_1 0
3	EBUSY_RADIO_2 0
3	84 1
3	83 1
3	85 1
3	79 30
3	84 2
3	84 3
3	83 3
3	85 3
3	79 42
3	84 4
3	84 5
3	84 6
3	84 7
3	83 7
3	85 5
3	79 191
3	84 8
3	84 9
3	84 10
3	83 10
3	85 10
3	79 25
3	84 11
3	84 12
3	83 12
3	85 12
3	79 38
3	84 13
3	84 14
3	84 15
3	84 16
3	83 16
3	85 16
3	79 41
3	84 17
3	84 18
3	83 18
3	85 14
3	79 351
3	83 18
3	85 18
3	79 42
3	84 19
3	84 20
3	83 20
3	85 20
3	79 42
3	84 1
3	84 2
3	83 2
3	85 2
3	79 27
3	84 3
3	84 4
3	83 4
3	85 4
3	79 42
3	84 5
3	84 6
3	83 6
3	85 6
3	79 25
3	84 7
3	84 8
3	83 8
3	85 8
3	79 40
3	84 9
3	84 10
3	83 10
3	85 10
3	79 29
3	84 11
3	84 12
3	83 12
3	85 12
3	79 39
3	84 13
3	84 14
3	83 14
3	85 14
3	79 32
3	84 15
3	84 16
3	83 16
3	85 16
3	79 38
3	84 17
3	84 18
3	83 18
3	85 18
3	79 38
3	84 19
3	84 20
3	83 20
3	85 20
3	79 36
3	84 1
3	84 2
3	83 2
3	85 2
3	79 34
3	84 3
3	84 4
3	83 4
3	85 4
3	79 39
3	84 5
3	84 6
3	83 6
3	85 6
3	79 30
3	84 7
3	84 8
3	83 8
3	85 8
3	79 42
3	84 9
3	84 10
3	83 10
3	85 10
3	79 30
3	84 11
3	84 12
3	83 12
3	85 12
3	79 40
3	84 13
3	84 14
3	83 14
3	85 14
3	79 25
3	84 15
3	84 16
3	83 16
3	85 16
3	79 40
3	84 17
3	84 18
3	83 18
3	85 18
3	79 29
3	84 19
3	84 20
3	83 20
3	85 20
3	79 33
3	84 1
3	84 2
3	83 2
3	85 2
3	79 23
3	84 3
3	84 4
3	83 4
3	85 4
3	79 35
3	84 5
3	84 6
3	84 7
3	84 8
3	83 8
3	85 6
3	79 187
3	84 9
3	84 10
3	84 11
3	84 12
3	83 12
3	85 12
3	79 24
3	83 12
3	85 9
3	79 296
3	84 13
3	84 14
3	84 15
3	84 16
3	84 17
3	83 17
3	85 17
3	79 27
3	83 17
3	85 14
3	79 298
3	84 18
3	84 19
3	83 19
3	85 19
3	79 41
3	84 20
3	84 1
3	83 1
3	85 1
3	79 30
3	84 2
3	84 3
3	83 3
3	85 3
3	79 42
3	84 4
3	84 5
3	83 5
3	85 5
3	79 31
3	84 6
3	84 7
3	83 7
3	85 7
3	79 35
3	84 8
3	84 9
3	83 9
3	85 9
3	79 31
3	84 10
3	84 11
3	83 11
3	85 11
3	79 40
3	84 12
3	84 13
3	83 13
3	85 13
3	79 27
3	84 14
3	84 15
3	83 15
3	85 15
3	79 42
3	84 16
3	84 17
3	83 17
3	85 17
3	79 25
3	84 18
3	84 19
3	83 19
3	85 19
3	79 44
3	84 20
3	84 1
3	83 1
3	85 1
3	79 25
3	84 2
3	84 3
3	83 3
3	85 3
3	79 39
3	84 4
3	84 5
3	83 5
3	85 5
3	79 30
3	84 6
3	84 7
3	83 7
3	85 7
3	79 39
3	84 8
3	84 9
3	83 9
3	85 9
3	79 35
3	84 10
3	84 11
3	83 11
3	85 11
3	79 40
3	84 12
3	84 13
3	83 13
3	85 13
3	79 30
3	84 14
3	84 15
3	83 15
3	85 15
3	79 42
3	84 16
3	84 17
3	83 17
3	85 17
3	79 26
3	84 18
3	84 19
3	83 19
3	85 19
3	79 42
3	84 20
3	84 1
3	83 1
3	85 1
3	79 26
3	84 2
3	84 3
3	83 3
3	85 3
3	79 38
3	84 4
3	84 5
3	83 5
3	85 5
3	79 28
3	84 6
3	84 7
3	84 8
3	84 9
3	83 9
3	85 9
3	79 29
3	84 10
3	84 11
3	83 11
3	85 11
3	79 40
3	84 12
3	84 13
3	83 13
3	85 13
3	79 25
3	84 14
3	84 15
3	84 16
3	84 17
3	84 18
3	83 18
3	85 18
3	79 32
3	83 18
3	85 15
3	79 293
3	84 19
3	84 20
3	83 20
3	85 20
3	79 40
3	84 1
3	84 2
3	83 2
3	85 2
3	79 33
3	84 3
3	84 4
3	83 4
3	85 4
3	79 38
3	84 5
3	84 6
3	84 7
3	84 8
3	83 8
3	85 6
3	79 185
3	84 9
3	84 10
3	84 11
3	84 12
3	84 13
3	83 13
3	85 13
3	79 38
3	84 14
3	84 15
3	83 15
3	85 11
3	79 361
3	83 15
3	85 15
3	79 51
3	84 16
3	84 17
3	83 17
3	85 17
3	79 45
3	84 18
3	84 19
3	83 19
3	85 19
3	79 22
3	84 20
3	84 1
3	83 1
3	85 1
3	79 38
3	84 2
3	84 3
3	84 4
3	84 5
3	83 5
3	85 3
3	79 183
3	84 6
3	84 7
3	84 8
3	83 8
3	85 8
3	79 25
3	84 9
3	84 10
3	83 10
3	85 10
3	79 42
3	84 11
3	84 12
3	84 13
3	84 14
3	83 14
3	85 12
3	79 187
3	84 15
3	84 16
3	84 17
3	84 18
3	83 18
3	85 18
3	79 29
3	83 18
3	85 15
3	79 293
3	84 19
3	84 20
3	83 20
3	85 20
3	79 45
3	84 1
3	84 2
3	83 2
3	85 2
3	79 27
3	84 3
3	84 4
3	83 4
3	85 4
3	79 43
3	84 5
3	84 6
3	83 6
3	85 6
3	79 31
3	84 7
3	84 8
3	83 8
3	85 8
3	79 39
3	84 9
3	84 10
3	83 10
3	85 10
3	79 30
3	84 11
3	84 12
3	83 12
3	85 12
3	79 39
3	84 13
3	84 14
3	83 14
3	85 14
3	79 25
3	84 15
3	84 16
3	83 16
3	85 16
3	79 40
3	84 17
3	84 18
3	83 18
3	85 18
3	79 28
3	84 19
3	84 20
3	83 20
3	85 20
3	79 40
3	84 1
3	84 2
3	84 3
3	84 4
3	84 5
3	84 6
3	84 7
3	84 8
3	84 9
3	83 9
3	85 2
3	79 584
3	84 10
3	83 10
3	85 10
3	79 27
3	83 10
3	85 7
3	79 303
3	84 11
3	84 12
3	83 12
3	85 12
3	79 42
3	84 13
3	84 14
3	84 15
3	84 16
3	83 16
3	85 14
3	79 188
3	84 17
3	84 18
3	84 19
3	83 19
3	85 19
3	79 29
3	84 20
3	84 1
3	83 1
3	85 1
3	79 42
3	84 2
3	84 3
3	83 3
3	85 3
3	79 28
3	84 4
3	84 5
3	83 5
3	85 5
3	79 39
3	84 6
3	84 7
3	83 7
3	85 7
3	79 24
3	84 8
3	84 9
3	83 9
3	85 9
3	79 35
3	84 10
3	84 11
3	83 11
3	85 11
3	79 27
3	84 12
3	84 13
3	83 13
3	85 13
3	79 34
3	84 14
3	84 15
3	84 16
3	84 17
3	83 17
3	85 15
3	79 194
3	84 18
3	84 19
3	84 20
3	83 20
3	85 20
3	79 29
3	84 1
3	84 2
3	84 3
3	84 4
3	84 5
3	83 5
3	85 5
3	79 30
3	83 5
3	85 2
3	79 304
3	84 6
3	84 7
3	83 7
3	85 7
3	79 36
3	84 8
3	84 9
3	83 9
3	85 9
3	79 34
3	84 10
3	TEST_NUMBER 1
3	SENT_TOTAL 250
3	RECEIVED_TOTAL 111
3	TIME_TOTAL 19767
3	RECEIVED_RADIO_1 59
3	RECEIVED_RADIO_2 52
3	SENT_RADIO_1 118
3	SENT_RADIO_2 132
3	RADIO_TIME_1 19797
3	RADIO_TIME_2 19763
3	RETRANSMISSIONS_1 14
3	RETRANSMISSIONS_2 0
3	DROPPED_1 0
3	DROPPED_2 0
3	MAX_QUEUE 1
3	DUPLICATED_1 2
3	DUPLICATED_2 0
3	EBUSY_RADIO_1 0
3	EBUSY_RADIO_2 0
3	84 1
3	83 1
3	85 1
3	79 41
3	84 2
3	84 3
3	83 3
3	85 3
3	79 29
3	84 4
3	84 5
3	83 5
3	85 5
3	79 39
3	84 6
3	84 7
3	84 8
3	84 9
3	83 9
3	85 9
3	79 38
3	84 10
3	84 11
3	83 11
3	85 7
3	79 346
3	83 11
3	85 11
3	79 36
3	84 12
3	84 13
3	83 13
3	85 13
3	79 37
3	84 14
3	84 15
3	83 15
3	85 15
3	79 32
3	84 16
3	84 17
3	83 17
3	85 17
3	79 35
3	84 18
3	84 19
3	83 19
3	85 19
3	79 27
3	84 20
3	84 1
3	83 1
3	85 1
3	79 36
3	84 2
3	84 3
3	83 3
3	85 3
3	79 25
3	84 4
3	84 5
3	83 5
3	85 5
3	79 42
3	84 6
3	84 7
3	83 7
3	85 7
3	79 27
3	84 8
3	84 9
3	83 9
3	85 9
3	79 40
3	84 10
3	84 11
3	83 11
3	85 11
3	79 26
3	84 12
3	84 13
3	83 13
3	85 13
3	79 43
3	84 14
3	84 15
3	83 15
3	85 15
3	79 29
3	84 16
3	84 17
3	83 17
3	85 17
3	79 37
3	84 18
3	84 19
3	83 19
3	85 19
3	79 26
3	84 20
3	84 1
3	84 2
3	84 3
3	84 4
3	83 4
3	85 4
3	79 27
3	83 4
3	85 1
3	79 294
3	84 5
3	84 6
3	83 6
3	85 6
3	79 40
3	84 7
3	84 8
3	83 8
3	85 8
3	79 27
3	84 9
3	84 10
3	83 10
3	85 10
3	79 39
3	84 11
3	84 12
3	83 12
3	85 12
3	79 31
3	84 13
3	84 14
3	83 14
3	85 14
3	79 43
3	84 15
3	84 16
3	83 16
3	85 16
3	79 28
3	84 17
3	84 18
3	83 18
3	85 18
3	79 36
3	84 19
3	84 20
3	83 20
3	85 20
3	79 27
3	84 1
3	84 2
3	83 2
3	85 2
3	79 39
3	84 3
3	84 4
3	84 5
3	84 6
3	83 6
3	85 4
3	79 189
3	84 7
3	84 8
3	84 9
3	84 10
3	84 11
3	83 11
3	85 11
3	79 43
3	84 12
3	84 13
3	83 13
3	85 9
3	79 348
3	84 14
3	84 15
3	83 15
3	85 15
3	79 40
3	84 16
3	84 17
3	83 17
3	85 13
3	79 348
3	83 17
3	85 17
3	79 36
3	84 18
3	84 19
3	83 19
3	85 19
3	79 41
3	84 20
3	84 1
3	83 1
3	85 1
3	79 28
3	84 2
3	84 3
3	83 3
3	85 3
3	79 38
3	84 4
3	84 5
3	83 5
3	85 5
3	79 35
3	84 6
3	84 7
3	83 7
3	85 7
3	79 37
3	84 8
3	84 9
3	83 9
3	85 9
3	79 31
3	84 10
3	84 11
3	83 11
3	85 11
3	79 43
3	84 12
3	84 13
3	83 13
3	85 13
3	79 27
3	84 14
3	84 15
3	83 15
3	85 15
3	79 40
3	84 16
3	84 17
3	83 17
3	85 17
3	79 29
3	84 18
3	84 19
3	83 19
3	85 19
3	79 37
3	84 20
3	84 1
3	83 1
3	85 1
3	79 27
3	84 2
3	84 3
3	83 3
3	85 3
3	79 44
3	84 4
3	84 5
3	83 5
3	85 5
3	79 27
3	84 6
3	84 7
3	83 7
3	85 7
3	79 38
3	84 8
3	84 9
3	83 9
3	85 9
3	79 27
3	84 10
3	84 11
3	83 11
3	85 11
3	79 44
3	84 12
3	84 13
3	83 13
3	85 13
3	79 27
3	84 14
3	84 15
3	83 15
3	85 15
3	79 42
3	84 16
3	84 17
3	83 17
3	85 17
3	79 29
3	84 18
3	84 19
3	83 19
3	85 19
3	79 43
3	84 20
3	84 1
3	83 1
3	85 1
3	79 23
3	84 2
3	84 3
3	83 3
3	85 3
3	79 40
3	84 4
3	84 5
3	83 5
3	85 5
3	79 23
3	84 6
3	84 7
3	83 7
3	85 7
3	79 40
3	84 8
3	84 9
3	83 9
3	85 9
3	79 23
3	84 10
3	84 11
3	83 11
3	85 11
3	79 39
3	84 12
3	84 13
3	84 14
3	84 15
3	83 15
3	85 13
3	79 188
3	84 16
3	84 17
3	84 18
3	83 18
3	85 18
3	79 29
3	84 19
3	84 20
3	83 20
3	85 20
3	79 40
3	84 1
3	84 2
3	83 2
3	85 2
3	79 27
3	84 3
3	84 4
3	83 4
3	85 4
3	79 48
3	84 5
3	84 6
3	83 6
3	85 6
3	79 29
3	84 7
3	84 8
3	83 8
3	85 8
3	79 38
3	84 9
3	84 10
3	83 10
3	85 10
3	79 26
3	84 11
3	84 12
3	83 12
3	85 12
3	79 38
3	84 13
3	84 14
3	83 14
3	85 14
3	79 27
3	84 15
3	84 16
3	83 16
3	85 16
3	79 39
3	84 17
3	84 18
3	83 18
3	85 18
3	79 32
3	84 19
3	84 20
3	83 20
3	85 20
3	79 37
3	84 1
3	84 2
3	83 2
3	85 2
3	79 27
3	84 3
3	84 4
3	83 4
3	85 4
3	79 44
3	84 5
3	84 6
3	83 6
3	85 6
3	79 25
3	84 7
3	84 8
3	83 8
3	85 8
3	79 44
3	84 9
3	84 10
3	83 10
3	85 10
3	79 28
3	84 11
3	84 12
3	83 12
3	85 12
3	79 41
3	84 13
3	84 14
3	83 14
3	85 14
3	79 30
3	84 15
3	84 16
3	83 16
3	85 16
3	79 38
3	84 17
3	84 18
3	83 18
3	85 18
3	79 30
3	84 19
3	84 20
3	83 20
3	85 20
3	79 41
3	84 1
3	84 2
3	83 2
3	85 2
3	79 29
3	84 3
3	84 4
3	83 4
3	85 4
3	79 39
3	84 5
3	84 6
3	83 6
3	85 6
3	79 28
3	84 7
3	84 8
3	83 8
3	85 8
3	79 44
3	84 9
3	84 10
3	83 10
3	85 10
3	79 32
3	84 11
3	84 12
3	83 12
3	85 12
3	79 45
3	84 13
3	84 14
3	83 14
3	85 14
3	79 27
3	84 15
3	84 16
3	83 16
3	85 16
3	79 38
3	84 17
3	84 18
3	83 18
3	85 18
3	79 24
3	84 19
3	84 20
3	83 20
3	85 20
3	79 38
3	84 1
3	84 2
3	84 3
3	84 4
3	83 4
3	85 2
3	79 188
3	84 5
3	84 6
3	84 7
3	83 7
3	85 7
3	79 26
3	84 8
3	84 9
3	83 9
3	85 9
3	79 41
3	84 10
3	84 11
3	83 11
3	85 11
3	79 31
3	84 12
3	84 13
3	83 13
3	85 13
3	79 39
3	84 14
3	84 15
3	83 15
3	85 15
3	79 29
3	84 16
3	84 17
3	83 17
3	85 17
3	79 39
3	84 18
3	84 19
3	83 19
3	85 19
3	79 25
3	84 20
3	84 1
3	83 1
3	85 1
3	79 45
3	84 2
3	84 3
3	83 3
3	85 3
3	79 28
3	84 4
3	84 5
3	83 5
3	85 5
3	79 43
3	84 6
3	84 7
3	83 7
3	85 7
3	79 29
3	84 8
3	84 9
3	83 9
3	85 9
3	79 39
3	84 10
3	84 11
3	83 11
3	85 11
3	79 30
3	84 12
3	84 13
3	83 13
3	85 13
3	79 34
3	84 14
3	84 15
3	83 15
3	85 15
3	79 35
3	84 16
3	84 17
3	83 17
3	85 17
3	79 45
3	84 18
3	84 19
3	83 19
3	85 19
3	79 28
3	84 20
3	84 1
3	83 1
3	85 1
3	79 41
3	84 2
3	84 3
3	84 4
3	84 5
3	83 5
3	85 5
3	79 42
3	84 6
3	84 7
3	83 7
3	85 3
3	79 347
3	83 7
3	85 7
3	79 38
3	84 8
3	84 9
3	83 9
3	85 9
3	79 41
3	84 10
3	TEST_NUMBER 2
3	SENT_TOTAL 250
3	RECEIVED_TOTAL 120
3	TIME_TOTAL 19763
3	RECEIVED_RADIO_1 61
3	RECEIVED_RADIO_2 59
3	SENT_RADIO_1 123
3	SENT_RADIO_2 127
3	RADIO_TIME_1 19763
3	RADIO_TIME_2 19802
3	RETRANSMISSIONS_1 4
3	RETRANSMISSIONS_2 0
3	DROPPED_1 0
3	DROPPED_2 0
3	MAX_QUEUE 1
3	DUPLICATED_1 0
3	DUPLICATED_2 0
3	EBUSY_RADIO_1 0
3	EBUSY_RADIO_2 0
3	84 1
3	83 1
3	85 1
3	79 26
3	84 2
3	84 3
3	83 3
3	85 3
3	79 36
3	84 4
3	84 5
3	83 5
3	85 5
3	79 27
3	84 6
3	84 7
3	83 7
3	85 7
3	79 38
3	84 8
3	84 9
3	83 9
3	85 9
3	79 27
3	84 10
3	84 11
3	83 11
3	85 11
3	79 40
3	84 12
3	84 13
3	83 13
3	85 13
3	79 23
3	84 14
3	84 15
3	83 15
3	85 15
3	79 42
3	84 16
3	84 17
3	83 17
3	85 17
3	79 35
3	84 18
3	84 19
3	83 19
3	85 19
3	79 43
3	84 20
3	84 1
3	83 1
3	85 1
3	79 30
3	84 2
3	84 3
3	83 3
3	85 3
3	79 38
3	84 4
3	84 5
3	83 5
3	85 5
3	79 25
3	84 6
3	84 7
3	83 7
3	85 7
3	79 33
3	84 8
3	84 9
3	83 9
3	85 9
3	79 25
3	84 10
3	84 11
3	83 11
3	85 11
3	79 40
3	84 12
3	84 13
3	83 13
3	85 13
3	79 26
3	84 14
3	84 15
3	83 15
3	85 15
3	79 37
3	84 16
3	84 17
3	83 17
3	85 17
3	79 30
3	84 18
3	84 19
3	83 19
3	85 19
3	79 43
3	84 20
3	84 1
3	83 1
3	85 1
3	79 28
3	84 2
3	84 3
3	83 3
3	85 3
3	79 37
3	84 4
3	84 5
3	83 5
3	85 5
3	79 26
3	84 6
3	84 7
3	83 7
3	85 7
3	79 39
3	84 8
3	84 9
3	83 9
3	85 9
3	79 31
3	84 10
3	84 11
3	83 11
3	85 11
3	79 37
3	84 12
3	84 13
3	84 14
3	84 15
3	83 15
3	85 13
3	79 189
3	84 16
3	84 17
3	84 18
3	84 19
3	84 20
3	83 20
3	85 18
3	79 189
3	84 1
3	84 2
3	84 3
3	83 3
3	85 3
3	79 24
3	84 4
3	84 5
3	83 5
3	85 5
3	79 42
3	84 6
3	84 7
3	83 7
3	85 7
3	79 34
3	84 8
3	84 9
3	83 9
3	85 9
3	79 40
3	84 10
3	84 11
3	83 11
3	85 11
3	79 31
3	84 12
3	84 13
3	83 13
3	85 13
3	79 38
3	84 14
3	84 15
3	83 15
3	85 15
3	79 24
3	84 16
3	84 17
3	83 17
3	85 17
3	79 42
3	84 18
3	84 19
3	83 19
3	85 19
3	79 24
3	84 20
3	84 1
3	83 1
3	85 1
3	79 47
3	84 2
3	84 3
3	83 3
3	85 3
3	79 25
3	84 4
3	84 5
3	83 5
3	85 5
3	79 44
3	84 6
3	84 7
3	83 7
3	85 7
3	79 27
3	84 8
3	84 9
3	83 9
3	85 9
3	79 40
3	84 10
3	84 11
3	83 11
3	85 11
3	79 29
3	84 12
3	84 13
3	83 13
3	85 13
3	79 43
3	84 14
3	84 15
3	83 15
3	85 15
3	79 26
3	84 16
3	84 17
3	83 17
3	85 17
3	79 36
3	84 18
3	84 19
3	83 19
3	85 19
3	79 32
3	84 20
3	84 1
3	83 1
3	85 1
3	79 44
3	84 2
3	84 3
3	83 3
3	85 3
3	79 26
3	84 4
3	84 5
3	83 5
3	85 5
3	79 42
3	84 6
3	84 7
3	83 7
3	85 7
3	79 25
3	84 8
3	84 9
3	83 9
3	85 9
3	79 45
3	84 10
3	84 11
3	83 11
3	85 11
3	79 25
3	84 12
3	84 13
3	83 13
3	85 13
3	79 33
3	84 14
3	84 15
3	83 15
3	85 15
3	79 24
3	84 16
3	84 17
3	83 17
3	85 17
3	79 37
3	84 18
3	84 19
3	83 19
3	85 19
3	79 33
3	84 20
3	84 1
3	83 1
3	85 1
3	79 43
3	84 2
3	84 3
3	83 3
3	85 3
3	79 27
3	84 4
3	84 5
3	83 5
3	85 5
3	79 37
3	84 6
3	84 7
3	83 7
3	85 7
3	79 31
3	84 8
3	84 9
3	83 9
3	85 9
3	79 42
3	84 10
3	84 11
3	83 11
3	85 11
3	79 31
3	84 12
3	84 13
3	83 13
3	85 13
3	79 39
3	84 14
3	84 15
3	84 16
3	84 17
3	83 17
3	85 15
3	79 192
3	84 18
3	84 19
3	84 20
3	83 20
3	85 20
3	79 31
3	84 1
3	84 2
3	83 2
3	85 2
3	79 45
3	84 3
3	84 4
3	83 4
3	85 4
3	79 28
3	84 5
3	84 6
3	83 6
3	85 6
3	79 37
3	84 7
3	84 8
3	83 8
3	85 8
3	79 25
3	84 9
3	84 10
3	83 10
3	85 10
3	79 42
3	84 11
3	84 12
3	83 12
3	85 12
3	79 28
3	84 13
3	84 14
3	83 14
3	85 14
3	79 42
3	84 15
3	84 16
3	83 16
3	85 16
3	79 25
3	84 17
3	84 18
3	83 18
3	85 18
3	79 38
3	84 19
3	84 20
3	83 20
3	85 20
3	79 28
3	84 1
3	84 2
3	83 2
3	85 2
3	79 44
3	84 3
3	84 4
3	83 4
3	85 4
3	79 28
3	84 5
3	84 6
3	83 6
3	85 6
3	79 42
3	84 7
3	84 8
3	83 8
3	85 8
3	79 30
3	84 9
3	84 10
3	83 10
3	85 10
3	79 44
3	84 11
3	84 12
3	83 12
3	85 12
3	79 31
3	84 13
3	84 14
3	83 14
3	85 14
3	79 40
3	84 15
3	84 16
3	84 17
3	84 18
3	83 18
3	85 18
3	79 40
3	84 19
3	84 20
3	83 20
3	85 16
3	79 345
3	83 20
3	85 20
3	79 34
3	84 1
3	84 2
3	83 2
3	85 2
3	79 40
3	84 3
3	84 4
3	83 4
3	85 4
3	79 33
3	84 5
3	84 6
3	83 6
3	85 6
3	79 36
3	84 7
3	84 8
3	83 8
3	85 8
3	79 24
3	84 9
3	84 10
3	83 10
3	85 10
3	79 34
3	84 11
3	84 12
3	84 13
3	84 14
3	83 14
3	85 14
3	79 41
3	84 15
3	84 16
3	83 16
3	85 12
3	79 348
3	83 16
3	85 16
3	79 36
3	84 17
3	84 18
3	83 18
3	85 18
3	79 42
3	84 19
3	84 20
3	84 1
3	84 2
3	83 2
3	85 2
3	79 41
3	84 3
3	84 4
3	83 4
3	85 20
3	79 358
3	83 4
3	85 4
3	79 46
3	84 5
3	84 6
3	83 6
3	85 6
3	79 39
3	84 7
3	84 8
3	84 9
3	84 10
3	83 10
3	85 10
3	79 46
3	84 11
3	84 12
3	83 12
3	85 8
3	79 351
3	83 12
3	85 12
3	79 40
3	84 13
3	84 14
3	83 14
3	85 14
3	79 47
3	84 15
3	84 16
3	84 17
3	84 18
3	83 18
3	85 16
3	79 187
3	84 19
3	84 20
3	84 1
3	83 1
3	85 1
3	79 33
3	84 2
3	84 3
3	83 3
3	85 3
3	79 37
3	84 4
3	84 5
3	83 5
3	85 5
3	79 28
3	84 6
3	84 7
3	83 7
3	85 7
3	79 36
3	84 8
3	84 9
3	84 10
3	84 11
3	83 11
3	85 11
3	79 43
3	84 12
3	84 13
3	83 13
3	85 9
3	79 347
3	83 13
3	85 13
3	79 47
3	84 14
3	84 15
3	83 15
3	85 15
3	79 26
3	84 16
3	84 17
3	83 17
3	85 17
3	79 43
3	84 18
3	84 19
3	84 20
3	84 1
3	83 1
3	85 19
3	79 190
3	84 2
3	84 3
3	84 4
3	83 4
3	85 4
3	79 26
3	84 5
3	84 6
3	83 6
3	85 6
3	79 41
3	84 7
3	84 8
3	83 8
3	85 8
3	79 25
3	84 9
3	84 10
3	TEST_NUMBER 3
3	SENT_TOTAL 250
3	RECEIVED_TOTAL 117
3	TIME_TOTAL 19682
3	RECEIVED_RADIO_1 61
3	RECEIVED_RADIO_2 56
3	SENT_RADIO_1 122
3	SENT_RADIO_2 128
3	RADIO_TIME_1 19843
3	RADIO_TIME_2 19683
3	RETRANSMISSIONS_1 5
3	RETRANSMISSIONS_2 0
3	DROPPED_1 0
3	DROPPED_2 0
3	MAX_QUEUE 1
3	DUPLICATED_1 1
3	DUPLICATED_2 0
3	EBUSY_RADIO_1 0
3	EBUSY_RADIO_2 0
3	84 1
3	84 2
3	84 3
3	83 3
3	85 3
3	79 31
3	83 3
3	85 10
3	86 3
3	84 4
3	84 5
3	83 5
3	85 5
3	79 40
3	84 6
3	84 7
3	83 7
3	85 7
3	79 29
3	84 8
3	84 9
3	83 9
3	85 9
3	79 40
3	84 10
3	84 11
3	83 11
3	85 11
3	79 30
3	84 12
3	84 13
3	83 13
3	85 13
3	79 42
3	84 14
3	84 15
3	83 15
3	85 15
3	79 30
3	84 16
3	84 17
3	83 17
3	85 17
3	79 40
3	84 18
3	84 19
3	83 19
3	85 19
3	79 25
3	84 20
3	84 1
3	83 1
3	85 1
3	79 38
3	84 2
3	84 3
3	83 3
3	85 3
3	79 27
3	84 4
3	84 5
3	83 5
3	85 5
3	79 44
3	84 6
3	84 7
3	83 7
3	85 7
3	79 29
3	84 8
3	84 9
3	83 9
3	85 9
3	79 39
3	84 10
3	84 11
3	83 11
3	85 11
3	79 28
3	84 12
3	84 13
3	83 13
3	85 13
3	79 40
3	84 14
3	84 15
3	83 15
3	85 15
3	79 31
3	84 16
3	84 17
3	83 17
3	85 17
3	79 39
3	84 18
3	84 19
3	83 19
3	85 19
3	79 29
3	84 20
3	84 1
3	83 1
3	85 1
3	79 39
3	84 2
3	84 3
3	83 3
3	85 3
3	79 29
3	84 4
3	84 5
3	83 5
3	85 5
3	79 43
3	84 6
3	84 7
3	83 7
3	85 7
3	79 29
3	84 8
3	84 9
3	83 9
3	85 9
3	79 40
3	84 10
3	84 11
3	83 11
3	85 11
3	79 31
3	84 12
3	84 13
3	83 13
3	85 13
3	79 45
3	84 14
3	84 15
3	83 15
3	85 15
3	79 29
3	84 16
3	84 17
3	83 17
3	85 17
3	79 39
3	84 18
3	84 19
3	84 20
3	84 1
3	84 2
3	84 3
3	84 4
3	83 4
3	85 19
3	79 426
3	83 4
3	85 4
3	79 33
3	84 5
3	84 6
3	83 6
3	85 6
3	79 41
3	84 7
3	84 8
3	83 8
3	85 8
3	79 29
3	84 9
3	84 10
3	83 10
3	85 10
3	79 48
3	84 11
3	84 12
3	83 12
3	85 12
3	79 27
3	84 13
3	84 14
3	83 14
3	85 14
3	79 42
3	84 15
3	84 16
3	83 16
3	85 16
3	79 25
3	84 17
3	84 18
3	84 19
3	84 20
3	84 1
3	84 2
3	84 3
3	83 3
3	85 3
3	79 48
3	84 4
3	84 5
3	83 5
3	85 1
3	79 349
3	83 5
3	85 5
3	79 39
3	84 6
3	84 7
3	83 7
3	85 7
3	79 46
3	84 8
3	84 9
3	83 9
3	85 9
3	79 23
3	84 10
3	84 11
3	83 11
3	85 11
3	79 41
3	84 12
3	84 13
3	83 13
3	85 13
3	79 26
3	84 14
3	84 15
3	83 15
3	85 15
3	79 43
3	84 16
3	84 17
3	83 17
3	85 17
3	79 30
3	84 18
3	84 19
3	83 19
3	85 19
3	79 41
3	84 20
3	84 1
3	84 2
3	84 3
3	83 3
3	85 1
3	79 184
3	84 4
3	83 4
3	85 4
3	79 43
3	84 5
3	84 6
3	83 6
3	85 6
3	79 26
3	84 7
3	84 8
3	83 8
3	85 8
3	79 44
3	84 9
3	84 10
3	84 11
3	84 12
3	83 12
3	85 10
3	79 189
3	84 13
3	84 14
3	84 15
3	83 15
3	85 15
3	79 29
3	84 16
3	84 17
3	83 17
3	85 17
3	79 35
3	84 18
3	84 19
3	83 19
3	85 19
3	79 29
3	84 20
3	84 1
3	83 1
3	85 1
3	79 44
3	84 2
3	84 3
3	83 3
3	85 3
3	79 29
3	84 4
3	84 5
3	84 6
3	84 7
3	84 8
3	83 8
3	85 8
3	79 28
3	83 8
3	85 5
3	79 302
3	84 9
3	84 10
3	83 10
3	85 10
3	79 36
3	84 11
3	84 12
3	84 13
3	84 14
3	83 14
3	85 12
3	79 187
3	84 15
3	83 15
3	85 15
3	79 41
3	84 16
3	84 17
3	84 18
3	84 19
3	83 19
3	85 17
3	79 190
3	84 20
3	84 1
3	84 2
3	84 3
3	83 3
3	85 3
3	79 29
3	83 3
3	85 20
3	79 304
3	84 4
3	84 5
3	83 5
3	85 5
3	79 38
3	84 6
3	84 7
3	83 7
3	85 7
3	79 24
3	84 8
3	84 9
3	83 9
3	85 9
3	79 35
3	84 10
3	84 11
3	83 11
3	85 11
3	79 29
3	84 12
3	84 13
3	83 13
3	85 13
3	79 36
3	84 14
3	84 15
3	83 15
3	85 15
3	79 31
3	84 16
3	84 17
3	83 17
3	85 17
3	79 37
3	84 18
3	84 19
3	83 19
3	85 19
3	79 31
3	84 20
3	84 1
3	83 1
3	85 1
3	79 43
3	84 2
3	84 3
3	83 3
3	85 3
3	79 26
3	84 4
3	84 5
3	83 5
3	85 5
3	79 39
3	84 6
3	84 7
3	83 7
3	85 7
3	79 24
3	84 8
3	84 9
3	83 9
3	85 9
3	79 41
3	84 10
3	84 11
3	83 11
3	85 11
3	79 33
3	84 12
3	84 13
3	83 13
3	85 13
3	79 41
3	84 14
3	84 15
3	83 15
3	85 15
3	79 30
3	84 16
3	84 17
3	83 17
3	85 17
3	79 39
3	84 18
3	84 19
3	83 19
3	85 19
3	79 31
3	84 20
3	84 1
3	83 1
3	85 1
3	79 38
3	84 2
3	84 3
3	83 3
3	85 3
3	79 34
3	84 4
3	84 5
3	83 5
3	85 5
3	79 44
3	84 6
3	84 7
3	84 8
3	84 9
3	83 9
3	85 7
3	79 185
3	84 10
3	84 11
3	84 12
3	83 12
3	85 12
3	79 33
3	84 13
3	84 14
3	83 14
3	85 14
3	79 39
3	84 15
3	84 16
3	83 16
3	85 16
3	79 36
3	84 17
3	84 18
3	83 18
3	85 18
3	79 42
3	84 19
3	84 20
3	83 20
3	85 20
3	79 26
3	84 1
3	84 2
3	83 2
3	85 2
3	79 38
3	84 3
3	84 4
3	84 5
3	83 5
3	85 5
3	79 34
3	84 6
3	84 7
3	84 8
3	84 9
3	84 10
3	83 10
3	85 10
3	79 22
3	83 10
3	85 7
3	79 298
3	84 11
3	84 12
3	83 12
3	85 12
3	79 45
3	84 13
3	84 14
3	84 15
3	84 16
3	83 16
3	85 16
3	79 36
3	84 17
3	84 18
3	83 18
3	85 14
3	79 350
3	83 18
3	85 18
3	79 40
3	84 19
3	84 20
3	83 20
3	85 20
3	79 34
3	84 1
3	84 2
3	83 2
3	85 2
3	79 27
3	84 3
3	84 4
3	83 4
3	85 4
3	79 35
3	84 5
3	84 6
3	83 6
3	85 6
3	79 23
3	84 7
3	84 8
3	83 8
3	85 8
3	79 39
3	84 9
3	84 10
3	83 10
3	85 10
3	79 27
3	84 11
3	84 12
3	83 12
3	85 12
3	79 47
3	84 13
3	84 14
3	83 14
3	85 14
3	79 30
3	84 15
3	84 16
3	83 16
3	85 16
3	79 37
3	84 17
3	84 18
3	83 18
3	85 18
3	79 30
3	84 19
3	84 20
3	83 20
3	85 20
3	79 39
3	84 1
3	84 2
3	83 2
3	85 2
3	79 30
3	84 3
3	84 4
3	83 4
3	85 4
3	79 39
3	84 5
3	84 6
3	83 6
3	85 6
3	79 27
3	84 7
3	84 8
3	83 8
3	85 8
3	79 42
3	84 9
3	84 10
3	TEST_NUMBER 4
3	SENT_TOTAL 250
3	RECEIVED_TOTAL 114
3	TIME_TOTAL 19535
3	RECEIVED_RADIO_1 59
3	RECEIVED_RADIO_2 56
3	SENT_RADIO_1 119
3	SENT_RADIO_2 131
3	RADIO_TIME_1 19763
3	RADIO_TIME_2 19763
3	RETRANSMISSIONS_1 12
3	RETRANSMISSIONS_2 0
3	DROPPED_1 0
3	DROPPED_2 0
3	MAX_QUEUE 1
3	DUPLICATED_1 1
3	DUPLICATED_2 0
3	EBUSY_RADIO_1 0
3	EBUSY_RADIO_2 0
3	83 0
3	85 10
3	86 4
3	84 1
3	84 2
3	83 2
3	85 2
3	79 38
3	84 3
3	84 4
3	83 4
3	85 4
3	79 25
3	84 5
3	84 6
3	83 6
3	85 6
3	79 39
3	84 7
3	84 8
3	83 8
3	85 8
3	79 29
3	84 9
3	84 10
3	83 10
3	85 10
3	79 39
3	84 11
3	84 12
3	83 12
3	85 12
3	79 25
3	84 13
3	84 14
3	83 14
3	85 14
3	79 35
3	84 15
3	84 16
3	83 16
3	85 16
3	79 29
3	84 17
3	84 18
3	83 18
3	85 18
3	79 38
3	84 19
3	84 20
3	83 20
3	85 20
3	79 28
3	84 1
3	84 2
3	84 3
3	84 4
3	83 4
3	85 4
3	79 30
3	84 5
3	84 6
3	83 6
3	85 6
3	79 35
3	84 7
3	84 8
3	84 9
3	84 10
3	84 11
3	83 11
3	85 11
3	79 30
3	83 11
3	85 8
3	79 299
3	84 12
3	84 13
3	84 14
3	83 14
3	85 14
3	79 42
3	84 15
3	84 16
3	83 16
3	85 16
3	79 35
3	84 17
3	84 18
3	83 18
3	85 18
3	79 47
3	84 19
3	84 20
3	83 20
3	85 20
3	79 30
3	84 1
3	84 2
3	83 2
3	85 2
3	79 40
3	84 3
3	84 4
3	83 4
3	85 4
3	79 24
3	84 5
3	84 6
3	83 6
3	85 6
3	79 42
3	84 7
3	84 8
3	84 9
3	84 10
3	83 10
3	85 10
3	79 38
3	84 11
3	84 12
3	83 12
3	85 8
3	79 351
3	83 12
3	85 12
3	79 41
3	84 13
3	84 14
3	83 14
3	85 14
3	79 31
3	84 15
3	84 16
3	83 16
3	85 16
3	79 45
3	84 17
3	84 18
3	83 18
3	85 18
3	79 30
3	84 19
3	84 20
3	83 20
3	85 20
3	79 38
3	84 1
3	84 2
3	83 2
3	85 2
3	79 28
3	84 3
3	84 4
3	83 4
3	85 4
3	79 36
3	84 5
3	84 6
3	83 6
3	85 6
3	79 26
3	84 7
3	84 8
3	83 8
3	85 8
3	79 37
3	84 9
3	84 10
3	84 11
3	84 12
3	83 12
3	85 10
3	79 188
3	84 13
3	84 14
3	84 15
3	84 16
3	83 16
3	85 16
3	79 29
3	83 16
3	85 13
3	79 294
3	84 17
3	84 18
3	83 18
3	85 18
3	79 36
3	84 19
3	84 20
3	83 20
3	85 20
3	79 30
3	84 1
3	84 2
3	83 2
3	85 2
3	79 44
3	84 3
3	84 4
3	83 4
3	85 4
3	79 27
3	84 5
3	84 6
3	83 6
3	85 6
3	79 41
3	84 7
3	84 8
3	84 9
3	84 10
3	83 10
3	85 10
3	79 40
3	84 11
3	84 12
3	83 12
3	85 8
3	79 347
3	83 12
3	85 12
3	79 36
3	84 13
3	84 14
3	83 14
3	85 14
3	79 40
3	84 15
3	84 16
3	83 16
3	85 16
3	79 25
3	84 17
3	84 18
3	83 18
3	85 18
3	79 37
3	84 19
3	84 20
3	84 1
3	84 2
3	83 2
3	85 20
3	79 189
3	84 3
3	84 4
3	84 5
3	83 5
3	85 5
3	79 24
3	84 6
3	84 7
3	83 7
3	85 7
3	79 44
3	84 8
3	84 9
3	83 9
3	85 9
3	79 28
3	84 10
3	84 11
3	83 11
3	85 11
3	79 37
3	84 12
3	84 13
3	83 13
3	85 13
3	79 30
3	84 14
3	84 15
3	83 15
3	85 15
3	79 36
3	84 16
3	84 17
3	83 17
3	85 17
3	79 33
3	84 18
3	84 19
3	83 19
3	85 19
3	79 39
3	84 20
3	84 1
3	84 2
3	84 3
3	84 4
3	84 5
3	84 6
3	83 6
3	85 1
3	79 434
3	83 6
3	85 6
3	79 60
3	84 7
3	84 8
3	84 9
3	84 10
3	83 10
3	85 10
3	79 35
3	84 11
3	84 12
3	83 12
3	85 8
3	79 348
3	83 12
3	85 12
3	79 39
3	84 13
3	84 14
3	83 14
3	85 14
3	79 41
3	84 15
3	84 16
3	84 17
3	84 18
3	83 18
3	85 18
3	79 42
3	84 19
3	84 20
3	83 20
3	85 16
3	79 345
3	83 20
3	85 20
3	79 36
3	84 1
3	84 2
3	83 2
3	85 2
3	79 40
3	84 3
3	84 4
3	83 4
3	85 4
3	79 31
3	84 5
3	84 6
3	83 6
3	85 6
3	79 42
3	84 7
3	84 8
3	83 8
3	85 8
3	79 30
3	84 9
3	84 10
3	83 10
3	85 10
3	79 42
3	84 11
3	84 12
3	83 12
3	85 12
3	79 30
3	84 13
3	84 14
3	83 14
3	85 14
3	79 38
3	84 15
3	84 16
3	83 16
3	85 16
3	79 26
3	84 17
3	84 18
3	83 18
3	85 18
3	79 36
3	84 19
3	84 20
3	83 20
3	85 20
3	79 35
3	84 1
3	84 2
3	83 2
3	85 2
3	79 40
3	84 3
3	84 4
3	83 4
3	85 4
3	79 30
3	84 5
3	84 6
3	83 6
3	85 6
3	79 38
3	84 7
3	84 8
3	83 8
3	85 8
3	79 27
3	84 9
3	84 10
3	83 10
3	85 10
3	79 39
3	84 11
3	84 12
3	83 12
3	85 12
3	79 27
3	84 13
3	84 14
3	83 14
3	85 14
3	79 41
3	84 15
3	84 16
3	83 16
3	85 16
3	79 28
3	84 17
3	84 18
3	83 18
3	85 18
3	79 46
3	84 19
3	84 20
3	83 20
3	85 20
3	79 27
3	84 1
3	84 2
3	83 2
3	85 2
3	79 39
3	84 3
3	84 4
3	84 5
3	84 6
3	83 6
3	85 4
3	79 186
3	84 7
3	84 8
3	84 9
3	83 9
3	85 9
3	79 27
3	84 10
3	84 11
3	83 11
3	85 11
3	79 45
3	84 12
3	84 13
3	83 13
3	85 13
3	79 28
3	84 14
3	84 15
3	84 16
3	84 17
3	84 18
3	83 18
3	85 18
3	79 33
3	84 19
3	84 20
3	83 20
3	85 20
3	79 38
3	84 1
3	84 2
3	83 2
3	85 2
3	79 30
3	84 3
3	84 4
3	83 4
3	85 4
3	79 41
3	84 5
3	84 6
3	83 6
3	85 6
3	79 25
3	84 7
3	84 8
3	83 8
3	85 8
3	79 40
3	84 9
3	84 10
3	83 10
3	85 10
3	79 24
3	84 11
3	84 12
3	83 12
3	85 12
3	79 38
3	84 13
3	84 14
3	84 15
3	84 16
3	83 16
3	85 16
3	79 38
3	84 17
3	84 18
3	83 18
3	85 14
3	79 347
3	84 19
3	84 20
3	83 20
3	85 20
3	79 39
3	84 1
3	84 2
3	83 2
3	85 18
3	79 347
3	83 2
3	85 2
3	79 36
3	84 3
3	84 4
3	83 4
3	85 4
3	79 40
3	84 5
3	84 6
3	84 7
3	84 8
3	83 8
3	85 8
3	79 42
3	84 9
3	84 10
3	83 10
3	85 6
3	79 345
3	83 10
3	85 10
3	79 33
3	84 11
3	84 12
3	83 12
3	85 12
3	79 41
3	84 13
3	84 14
3	83 14
3	85 14
3	79 24
3	84 15
3	84 16
3	83 16
3	85 16
3	79 40
3	84 17
3	84 18
3	84 19
3	84 20
3	83 20
3	85 18
3	79 188
3	84 1
3	84 2
3	84 3
3	84 4
3	84 5
3	83 5
3	85 5
3	79 42
3	84 6
3	84 7
3	83 7
3	85 3
3	79 349
3	83 7
3	85 7
3	79 43
3	84 8
3	84 9
3	83 9
3	85 9
3	79 43
3	84 10
3	TEST_NUMBER 5
3	SENT_TOTAL 250
3	RECEIVED_TOTAL 114
3	TIME_TOTAL 29819
3	RECEIVED_RADIO_1 60
3	RECEIVED_RADIO_2 55
3	SENT_RADIO_1 121
3	SENT_RADIO_2 129
3	RADIO_TIME_1 29776
3	RADIO_TIME_2 19843
3	RETRANSMISSIONS_1 12
3	RETRANSMISSIONS_2 0
3	DROPPED_1 0
3	DROPPED_2 0
3	MAX_QUEUE 1
3	DUPLICATED_1 2
3	DUPLICATED_2 0
3	EBUSY_RADIO_1 0
3	EBUSY_RADIO_2 0
3	84 1
3	84 2
3	84 3
3	83 3
3	85 1
3	79 190
3	84 4
3	84 5
3	84 6
3	83 6
3	85 6
3	79 26
3	84 7
3	84 8
3	83 8
3	85 8
3	79 41
3	84 9
3	84 10
3	83 10
3	85 10
3	79 29
3	84 11
3	84 12
3	83 12
3	85 12
3	79 38
3	84 13
3	84 14
3	84 15
3	84 16
3	83 16
3	85 16
3	79 39
3	84 17
3	84 18
3	83 18
3	85 14
3	79 346
3	83 18
3	85 18
3	79 37
3	84 19
3	84 20
3	83 20
3	85 20
3	79 33
3	84 1
3	84 2
3	83 2
3	85 2
3	79 32
3	84 3
3	84 4
3	83 4
3	85 4
3	79 38
3	84 5
3	84 6
3	83 6
3	85 6
3	79 32
3	84 7
3	84 8
3	84 9
3	84 10
3	84 11
3	83 11
3	85 11
3	79 26
3	83 11
3	85 8
3	79 314
3	84 12
3	84 13
3	83 13
3	85 13
3	79 36
3	84 14
3	84 15
3	83 15
3	85 15
3	79 23
3	84 16
3	84 17
3	83 17
3	85 17
3	79 39
3	84 18
3	84 19
3	84 20
3	84 1
3	84 2
3	84 3
3	84 4
3	83 4
3	85 19
3	79 425
3	83 4
3	85 4
3	79 35
3	83 4
3	85 1
3	79 297
3	84 5
3	84 6
3	83 6
3	85 6
3	79 41
3	84 7
3	84 8
3	83 8
3	85 8
3	79 28
3	84 9
3	84 10
3	83 10
3	85 10
3	79 38
3	84 11
3	84 12
3	84 13
3	83 13
3	85 13
3	79 31
3	84 14
3	84 15
3	83 15
3	85 15
3	79 44
3	84 16
3	84 17
3	83 17
3	85 17
3	79 30
3	84 18
3	84 19
3	83 19
3	85 19
3	79 41
3	84 20
3	84 1
3	83 1
3	85 1
3	79 30
3	84 2
3	84 3
3	83 3
3	85 3
3	79 35
3	84 4
3	84 5
3	83 5
3	85 5
3	79 28
3	84 6
3	84 7
3	83 7
3	85 7
3	79 43
3	84 8
3	84 9
3	83 9
3	85 9
3	79 26
3	84 10
3	84 11
3	83 11
3	85 11
3	79 41
3	84 12
3	84 13
3	84 14
3	84 15
3	84 16
3	84 17
3	84 18
3	83 18
3	85 13
3	79 432
3	83 18
3	85 18
3	79 41
3	84 19
3	84 20
3	83 20
3	85 20
3	79 33
3	84 1
3	84 2
3	83 2
3	85 2
3	79 24
3	84 3
3	84 4
3	83 4
3	85 4
3	79 44
3	84 5
3	84 6
3	83 6
3	85 6
3	79 33
3	84 7
3	84 8
3	83 8
3	85 8
3	79 43
3	84 9
3	84 10
3	83 10
3	85 10
3	79 25
3	84 11
3	84 12
3	83 12
3	85 12
3	79 41
3	84 13
3	84 14
3	83 14
3	85 14
3	79 29
3	84 15
3	84 16
3	84 17
3	84 18
3	84 19
3	83 19
3	85 16
3	79 292
3	84 20
3	84 1
3	84 2
3	83 2
3	85 2
3	79 37
3	84 3
3	84 4
3	84 5
3	84 6
3	83 6
3	85 19
3	79 586
3	83 6
3	85 4
3	79 195
3	84 7
3	84 8
3	84 9
3	83 9
3	85 9
3	79 24
3	84 10
3	84 11
3	83 11
3	85 11
3	79 40
3	84 12
3	84 13
3	83 13
3	85 13
3	79 28
3	84 14
3	84 15
3	83 15
3	85 15
3	79 39
3	84 16
3	84 17
3	83 17
3	85 17
3	79 26
3	84 18
3	84 19
3	83 19
3	85 19
3	79 39
3	84 20
3	84 1
3	83 1
3	85 1
3	79 29
3	84 2
3	84 3
3	83 3
3	85 3
3	79 43
3	84 4
3	84 5
3	83 5
3	85 5
3	79 30
3	84 6
3	84 7
3	83 7
3	85 7
3	79 43
3	84 8
3	84 9
3	84 10
3	84 11
3	83 11
3	85 11
3	79 42
3	84 12
3	84 13
3	83 13
3	85 9
3	79 348
3	83 13
3	85 13
3	79 36
3	84 14
3	84 15
3	83 15
3	85 15
3	79 38
3	84 16
3	84 17
3	83 17
3	85 17
3	79 28
3	84 18
3	84 19
3	83 19
3	85 19
3	79 39
3	84 20
3	84 1
3	83 1
3	85 1
3	79 23
3	84 2
3	84 3
3	83 3
3	85 3
3	79 45
3	84 4
3	84 5
3	83 5
3	85 5
3	79 34
3	84 6
3	84 7
3	83 7
3	85 7
3	79 41
3	84 8
3	84 9
3	83 9
3	85 9
3	79 26
3	84 10
3	84 11
3	83 11
3	85 11
3	79 43
3	84 12
3	84 13
3	83 13
3	85 13
3	79 25
3	84 14
3	84 15
3	83 15
3	85 15
3	79 42
3	84 16
3	84 17
3	83 17
3	85 17
3	79 25
3	84 18
3	84 19
3	83 19
3	85 19
3	79 36
3	84 20
3	84 1
3	83 1
3	85 1
3	79 26
3	84 2
3	84 3
3	83 3
3	85 3
3	79 39
3	84 4
3	84 5
3	84 6
3	84 7
3	84 8
3	84 9
3	84 10
3	83 10
3	85 5
3	79 423
3	83 10
3	85 10
3	79 34
3	83 10
3	85 7
3	79 297
3	84 11
3	84 12
3	83 12
3	85 12
3	79 46
3	84 13
3	84 14
3	83 14
3	85 14
3	79 26
3	84 15
3	84 16
3	83 16
3	85 16
3	79 36
3	84 17
3	84 18
3	83 18
3	85 18
3	79 23
3	84 19
3	84 20
3	83 20
3	85 20
3	79 45
3	84 1
3	84 2
3	83 2
3	85 2
3	79 28
3	84 3
3	84 4
3	83 4
3	85 4
3	79 40
3	84 5
3	84 6
3	84 7
3	84 8
3	83 8
3	85 8
3	79 38
3	84 9
3	84 10
3	83 10
3	85 6
3	79 347
3	83 10
3	85 10
3	79 35
3	84 11
3	84 12
3	83 12
3	85 12
3	79 41
3	84 13
3	84 14
3	84 15
3	83 15
3	85 15
3	79 25
3	84 16
3	84 17
3	84 18
3	84 19
3	84 20
3	83 20
3	85 20
3	79 25
3	83 20
3	85 17
3	79 299
3	84 1
3	84 2
3	84 3
3	84 4
3	84 5
3	83 5
3	85 5
3	79 23
3	84 6
3	84 7
3	83 7
3	85 7
3	79 43
3	84 8
3	84 9
3	83 9
3	85 9
3	79 39
3	84 10
3	84 11
3	83 11
3	85 11
3	79 42
3	84 12
3	84 13
3	83 13
3	85 13
3	79 26
3	84 14
3	84 15
3	83 15
3	85 15
3	79 45
3	84 16
3	84 17
3	83 17
3	85 17
3	79 25
3	84 18
3	84 19
3	83 19
3	85 19
3	79 37
3	84 20
3	84 1
3	83 1
3	85 1
3	79 33
3	84 2
3	84 3
3	83 3
3	85 3
3	79 38
3	84 4
3	84 5
3	83 5
3	85 5
3	79 25
3	84 6
3	84 7
3	83 7
3	85 7
3	79 39
3	84 8
3	84 9
3	83 9
3	85 9
3	79 30
3	84 10
3	84 11
3	83 11
3	85 11
3	79 38
3	84 12
3	84 13
3	83 13
3	85 13
3	79 30
3	84 14
3	84 15
3	83 15
3	85 15
3	79 42
3	84 16
3	84 17
3	83 17
3	85 17
3	79 31
3	84 18
3	84 19
3	84 20
3	84 1
3	84 2
3	83 2
3	85 2
3	79 26
3	83 2
3	85 19
3	79 300
3	84 3
3	84 4
3	83 4
3	85 4
3	79 37
3	84 5
3	84 6
3	83 6
3	85 6
3	79 33
3	84 7
3	84 8
3	83 8
3	85 8
3	79 41
3	84 9
3	84 10
3	TEST_NUMBER 6
3	SENT_TOTAL 250
3	RECEIVED_TOTAL 114
3	TIME_TOTAL 19535
3	RECEIVED_RADIO_1 59
3	RECEIVED_RADIO_2 55
3	SENT_RADIO_1 118
3	SENT_RADIO_2 132
3	RADIO_TIME_1 19843
3	RADIO_TIME_2 19683
3	RETRANSMISSIONS_1 16
3	RETRANSMISSIONS_2 0
3	DROPPED_1 0
3	DROPPED_2 0
3	MAX_QUEUE 1
3	DUPLICATED_1 2
3	DUPLICATED_2 0
3	EBUSY_RADIO_1 0
3	EBUSY_RADIO_2 0
3	83 0
3	85 10
3	86 6

4	RELAY_NODE 4
4	TEST_NUMBER 0
4	SENT_TOTAL 0
4	RECEIVED_TOTAL 0
4	TIME_TOTAL 0
4	RECEIVED_RADIO_1 0
4	RECEIVED_RADIO_2 52
4	SENT_RADIO_1 52
4	SENT_RADIO_2 0
4	RADIO_TIME_1 16579
4	RADIO_TIME_2 16579
4	RETRANSMISSIONS_1 0
4	RETRANSMISSIONS_2 0
4	DROPPED_1 0
4	DROPPED_2 0
4	MAX_QUEUE 1
4	DUPLICATED_1 0
4	DUPLICATED_2 0
4	EBUSY_RADIO_1 0
4	EBUSY_RADIO_2 0
4	TEST_NUMBER 1
4	SENT_TOTAL 0
4	RECEIVED_TOTAL 0
4	TIME_TOTAL 0
4	RECEIVED_RADIO_1 0
4	RECEIVED_RADIO_2 60
4	SENT_RADIO_1 60
4	SENT_RADIO_2 0
4	RADIO_TIME_1 29648
4	RADIO_TIME_2 29648
4	RETRANSMISSIONS_1 0
4	RETRANSMISSIONS_2 0
4	DROPPED_1 0
4	DROPPED_2 0
4	MAX_QUEUE 1
4	DUPLICATED_1 0
4	DUPLICATED_2 0
4	EBUSY_RADIO_1 0
4	EBUSY_RADIO_2 0
4	TEST_NUMBER 2
4	SENT_TOTAL 0
4	RECEIVED_TOTAL 0
4	TIME_TOTAL 0
4	RECEIVED_RADIO_1 0
4	RECEIVED_RADIO_2 61
4	SENT_RADIO_1 61
4	SENT_RADIO_2 0
4	RADIO_TIME_1 29641
4	RADIO_TIME_2 29641
4	RETRANSMISSIONS_1 0
4	RETRANSMISSIONS_2 0
4	DROPPED_1 0
4	DROPPED_2 0
4	MAX_QUEUE 1
4	DUPLICATED_1 0
4	DUPLICATED_2 0
4	EBUSY_RADIO_1 0
4	EBUSY_RADIO_2 0
4	TEST_NUMBER 3
4	SENT_TOTAL 0
4	RECEIVED_TOTAL 0
4	TIME_TOTAL 0
4	RECEIVED_RADIO_1 0
4	RECEIVED_RADIO_2 61
4	SENT_RADIO_1 61
4	SENT_RADIO_2 0
4	RADIO_TIME_1 29330
4	RADIO_TIME_2 29330
4	RETRANSMISSIONS_1 0
4	RETRANSMISSIONS_2 0
4	DROPPED_1 0
4	DROPPED_2 0
4	MAX_QUEUE 1
4	DUPLICATED_1 0
4	DUPLICATED_2 0
4	EBUSY_RADIO_1 0
4	EBUSY_RADIO_2 0
4	TEST_NUMBER 4
4	SENT_TOTAL 0
4	RECEIVED_TOTAL 0
4	TIME_TOTAL 0
4	RECEIVED_RADIO_1 0
4	RECEIVED_RADIO_2 60
4	SENT_RADIO_1 60
4	SENT_RADIO_2 0
4	RADIO_TIME_1 29805
4	RADIO_TIME_2 29805
4	RETRANSMISSIONS_1 0
4	RETRANSMISSIONS_2 0
4	DROPPED_1 0
4	DROPPED_2 0
4	MAX_QUEUE 1
4	DUPLICATED_1 0
4	DUPLICATED_2 0
4	EBUSY_RADIO_1 0
4	EBUSY_RADIO_2 0
4	TEST_NUMBER 5
4	SENT_TOTAL 0
4	RECEIVED_TOTAL 0
4	TIME_TOTAL 0
4	RECEIVED_RADIO_1 0
4	RECEIVED_RADIO_2 61
4	SENT_RADIO_1 61
4	SENT_RADIO_2 0
4	RADIO_TIME_1 29562
4	RADIO_TIME_2 29562
4	RETRANSMISSIONS_1 0
4	RETRANSMISSIONS_2 0
4	DROPPED_1 0
4	DROPPED_2 0
4	MAX_QUEUE 1
4	DUPLICATED_1 0
4	DUPLICATED_2 0
4	EBUSY_RADIO_1 0
4	EBUSY_RADIO_2 0
4	TEST_NUMBER 6
4	SENT_TOTAL 0
4	RECEIVED_TOTAL 0
4	TIME_TOTAL 0
4	RECEIVED_RADIO_1 0
4	RECEIVED_RADIO_2 59
4	SENT_RADIO_1 59
4	SENT_RADIO_2 0
4	RADIO_TIME_1 29483
4	RADIO_TIME_2 29483
4	RETRANSMISSIONS_1 0
4	RETRANSMISSIONS_2 0
4	DROPPED_1 0
4	DROPPED_2 0
4	MAX_QUEUE 1
4	DUPLICATED_1 0
4	DUPLICATED_2 0
4	EBUSY_RADIO_1 0
4	EBUSY_RADIO_2 0

5	RELAY_NODE 5
5	TEST_NUMBER 0
5	SENT_TOTAL 0
5	RECEIVED_TOTAL 0
5	TIME_TOTAL 0
5	RECEIVED_RADIO_1 104
5	RECEIVED_RADIO_2 52
5	SENT_RADIO_1 52
5	SENT_RADIO_2 104
5	RADIO_TIME_1 16674
5	RADIO_TIME_2 16674
5	RETRANSMISSIONS_1 8
5	RETRANSMISSIONS_2 0
5	DROPPED_1 0
5	DROPPED_2 0
5	MAX_QUEUE 1
5	DUPLICATED_1 1
5	DUPLICATED_2 0
5	EBUSY_RADIO_1 0
5	EBUSY_RADIO_2 0
5	TEST_NUMBER 1
5	SENT_TOTAL 0
5	RECEIVED_TOTAL 0
5	TIME_TOTAL 0
5	RECEIVED_RADIO_1 119
5	RECEIVED_RADIO_2 59
5	SENT_RADIO_1 59
5	SENT_RADIO_2 119
5	RADIO_TIME_1 29733
5	RADIO_TIME_2 29733
5	RETRANSMISSIONS_1 6
5	RETRANSMISSIONS_2 0
5	DROPPED_1 0
5	DROPPED_2 0
5	MAX_QUEUE 1
5	DUPLICATED_1 0
5	DUPLICATED_2 0
5	EBUSY_RADIO_1 0
5	EBUSY_RADIO_2 0
5	TEST_NUMBER 2
5	SENT_TOTAL 0
5	RECEIVED_TOTAL 0
5	TIME_TOTAL 0
5	RECEIVED_RADIO_1 121
5	RECEIVED_RADIO_2 60
5	SENT_RADIO_1 60
5	SENT_RADIO_2 121
5	RADIO_TIME_1 29646
5	RADIO_TIME_2 29646
5	RETRANSMISSIONS_1 3
5	RETRANSMISSIONS_2 0
5	DROPPED_1 0
5	DROPPED_2 0
5	MAX_QUEUE 1
5	DUPLICATED_1 0
5	DUPLICATED_2 0
5	EBUSY_RADIO_1 0
5	EBUSY_RADIO_2 0
5	TEST_NUMBER 3
5	SENT_TOTAL 0
5	RECEIVED_TOTAL 0
5	TIME_TOTAL 0
5	RECEIVED_RADIO_1 124
5	RECEIVED_RADIO_2 62
5	SENT_RADIO_1 61
5	SENT_RADIO_2 124
5	RADIO_TIME_1 29803
5	RADIO_TIME_2 29803
5	RETRANSMISSIONS_1 7
5	RETRANSMISSIONS_2 0
5	DROPPED_1 0
5	DROPPED_2 0
5	MAX_QUEUE 1
5	DUPLICATED_1 0
5	DUPLICATED_2 0
5	EBUSY_RADIO_1 0
5	EBUSY_RADIO_2 0
5	TEST_NUMBER 4
5	SENT_TOTAL 0
5	RECEIVED_TOTAL 0
5	TIME_TOTAL 0
5	RECEIVED_RADIO_1 118
5	RECEIVED_RADIO_2 59
5	SENT_RADIO_1 60
5	SENT_RADIO_2 118
5	RADIO_TIME_1 29734
5	RADIO_TIME_2 29734
5	RETRANSMISSIONS_1 3
5	RETRANSMISSIONS_2 0
5	DROPPED_1 0
5	DROPPED_2 0
5	MAX_QUEUE 1
5	DUPLICATED_1 2
5	DUPLICATED_2 0
5	EBUSY_RADIO_1 0
5	EBUSY_RADIO_2 0
5	TEST_NUMBER 5
5	SENT_TOTAL 0
5	RECEIVED_TOTAL 0
5	TIME_TOTAL 0
5	RECEIVED_RADIO_1 121
5	RECEIVED_RADIO_2 60
5	SENT_RADIO_1 60
5	SENT_RADIO_2 121
5	RADIO_TIME_1 29734
5	RADIO_TIME_2 29734
5	RETRANSMISSIONS_1 5
5	RETRANSMISSIONS_2 0
5	DROPPED_1 0
5	DROPPED_2 0
5	MAX_QUEUE 1
5	DUPLICATED_1 3
5	DUPLICATED_2 0
5	EBUSY_RADIO_1 0
5	EBUSY_RADIO_2 0
5	TEST_NUMBER 6
5	SENT_TOTAL 0
5	RECEIVED_TOTAL 0
5	TIME_TOTAL 0
5	RECEIVED_RADIO_1 118
5	RECEIVED_RADIO_2 59
5	SENT_RADIO_1 59
5	SENT_RADIO_2 118
5	RADIO_TIME_1 29668
5	RADIO_TIME_2 29659
5	RETRANSMISSIONS_1 15
5	RETRANSMISSIONS_2 0
5	DROPPED_1 0
5	DROPPED_2 0
5	MAX_QUEUE 1
5	DUPLICATED_1 2
5	DUPLICATED_2 0
5	EBUSY_RADIO_1 0
5	EBUSY_RADIO_2 0

7	RELAY_NODE 7
7	TEST_NUMBER 0
7	SENT_TOTAL 0
7	RECEIVED_TOTAL 0
7	TIME_TOTAL 0
7	RECEIVED_RADIO_1 62
7	RECEIVED_RADIO_2 0
7	SENT_RADIO_1 0
7	SENT_RADIO_2 62
7	RADIO_TIME_1 19770
7	RADIO_TIME_2 19770
7	RETRANSMISSIONS_1 0
7	RETRANSMISSIONS_2 0
7	DROPPED_1 0
7	DROPPED_2 0
7	MAX_QUEUE 1
7	DUPLICATED_1 0
7	DUPLICATED_2 0
7	EBUSY_RADIO_1 0
7	EBUSY_RADIO_2 0
7	TEST_NUMBER 1
7	SENT_TOTAL 0
7	RECEIVED_TOTAL 0
7	TIME_TOTAL 0
7	RECEIVED_RADIO_1 59
7	RECEIVED_RADIO_2 0
7	SENT_RADIO_1 0
7	SENT_RADIO_2 59
7	RADIO_TIME_1 19443
7	RADIO_TIME_2 19443
7	RETRANSMISSIONS_1 0
7	RETRANSMISSIONS_2 0
7	DROPPED_1 0
7	DROPPED_2 0
7	MAX_QUEUE 1
7	DUPLICATED_1 0
7	DUPLICATED_2 0
7	EBUSY_RADIO_1 0
7	EBUSY_RADIO_2 0
7	TEST_NUMBER 2
7	SENT_TOTAL 0
7	RECEIVED_TOTAL 0
7	TIME_TOTAL 0
7	RECEIVED_RADIO_1 62
7	RECEIVED_RADIO_2 0
7	SENT_RADIO_1 0
7	SENT_RADIO_2 62
7	RADIO_TIME_1 19761
7	RADIO_TIME_2 19761
7	RETRANSMISSIONS_1 0
7	RETRANSMISSIONS_2 0
7	DROPPED_1 0
7	DROPPED_2 0
7	MAX_QUEUE 1
7	DUPLICATED_1 0
7	DUPLICATED_2 0
7	EBUSY_RADIO_1 0
7	EBUSY_RADIO_2 0
7	TEST_NUMBER 3
7	SENT_TOTAL 0
7	RECEIVED_TOTAL 0
7	TIME_TOTAL 0
7	RECEIVED_RADIO_1 61
7	RECEIVED_RADIO_2 0
7	SENT_RADIO_1 0
7	SENT_RADIO_2 61
7	RADIO_TIME_1 19372
7	RADIO_TIME_2 19372
7	RETRANSMISSIONS_1 0
7	RETRANSMISSIONS_2 0
7	DROPPED_1 0
7	DROPPED_2 0
7	MAX_QUEUE 1
7	DUPLICATED_1 0
7	DUPLICATED_2 0
7	EBUSY_RADIO_1 0
7	EBUSY_RADIO_2 0
7	TEST_NUMBER 4
7	SENT_TOTAL 0
7	RECEIVED_TOTAL 0
7	TIME_TOTAL 0
7	RECEIVED_RADIO_1 60
7	RECEIVED_RADIO_2 0
7	SENT_RADIO_1 0
7	SENT_RADIO_2 60
7	RADIO_TIME_1 19605
7	RADIO_TIME_2 19605
7	RETRANSMISSIONS_1 0
7	RETRANSMISSIONS_2 0
7	DROPPED_1 0
7	DROPPED_2 0
7	MAX_QUEUE 1
7	DUPLICATED_1 0
7	DUPLICATED_2 0
7	EBUSY_RADIO_1 0
7	EBUSY_RADIO_2 0
7	TEST_NUMBER 5
7	SENT_TOTAL 0
7	RECEIVED_TOTAL 0
7	TIME_TOTAL 0
7	RECEIVED_RADIO_1 61
7	RECEIVED_RADIO_2 0
7	SENT_RADIO_1 0
7	SENT_RADIO_2 61
7	RADIO_TIME_1 19684
7	RADIO_TIME_2 19684
7	RETRANSMISSIONS_1 0
7	RETRANSMISSIONS_2 0
7	DROPPED_1 0
7	DROPPED_2 0
7	MAX_QUEUE 1
7	DUPLICATED_1 1
7	DUPLICATED_2 0
7	EBUSY_RADIO_1 0
7	EBUSY_RADIO_2 0
7	TEST_NUMBER 6
7	SENT_TOTAL 0
7	RECEIVED_TOTAL 0
7	TIME_TOTAL 0
7	RECEIVED_RADIO_1 59
7	RECEIVED_RADIO_2 0
7	SENT_RADIO_1 0
7	SENT_RADIO_2 59
7	RADIO_TIME_1 19444
7	RADIO_TIME_2 19444
7	RETRANSMISSIONS_1 0
7	RETRANSMISSIONS_2 0
7	DROPPED_1 0
7	DROPPED_2 0
7	MAX_QUEUE 1
7	DUPLICATED_1 0
7	DUPLICATED_2 0
7	EBUSY_RADIO_1 0
7	EBUSY_RADIO_2 0

8	DESTINATION_NODE 8
8	TEST_NUMBER 0
8	SENT_TOTAL 123
8	RECEIVED_TOTAL 123
8	TIME_TOTAL 19766
8	RECEIVED_RADIO_1 0
8	RECEIVED_RADIO_2 123
8	SENT_RADIO_1 62
8	SENT_RADIO_2 61
8	RADIO_TIME_1 19766
8	RADIO_TIME_2 19766
8	RETRANSMISSIONS_1 0
8	RETRANSMISSIONS_2 0
8	DROPPED_1 0
8	DROPPED_2 0
8	MAX_QUEUE 1
8	DUPLICATED_1 0
8	DUPLICATED_2 0
8	EBUSY_RADIO_1 0
8	EBUSY_RADIO_2 0
8	TEST_NUMBER 1
8	SENT_TOTAL 118
8	RECEIVED_TOTAL 118
8	TIME_TOTAL 19767
8	RECEIVED_RADIO_1 0
8	RECEIVED_RADIO_2 118
8	SENT_RADIO_1 59
8	SENT_RADIO_2 59
8	RADIO_TIME_1 19441
8	RADIO_TIME_2 19767
8	RETRANSMISSIONS_1 0
8	RETRANSMISSIONS_2 1
8	DROPPED_1 0
8	DROPPED_2 0
8	MAX_QUEUE 1
8	DUPLICATED_1 0
8	DUPLICATED_2 0
8	EBUSY_RADIO_1 0
8	EBUSY_RADIO_2 0
8	TEST_NUMBER 2
8	SENT_TOTAL 123
8	RECEIVED_TOTAL 123
8	TIME_TOTAL 19762
8	RECEIVED_RADIO_1 0
8	RECEIVED_RADIO_2 123
8	SENT_RADIO_1 62
8	SENT_RADIO_2 61
8	RADIO_TIME_1 19762
8	RADIO_TIME_2 19762
8	RETRANSMISSIONS_1 0
8	RETRANSMISSIONS_2 0
8	DROPPED_1 0
8	DROPPED_2 0
8	MAX_QUEUE 1
8	DUPLICATED_1 0
8	DUPLICATED_2 0
8	EBUSY_RADIO_1 0
8	EBUSY_RADIO_2 0
8	TEST_NUMBER 3
8	SENT_TOTAL 122
8	RECEIVED_TOTAL 122
8	TIME_TOTAL 19685
8	RECEIVED_RADIO_1 0
8	RECEIVED_RADIO_2 122
8	SENT_RADIO_1 61
8	SENT_RADIO_2 61
8	RADIO_TIME_1 19369
8	RADIO_TIME_2 19685
8	RETRANSMISSIONS_1 0
8	RETRANSMISSIONS_2 1
8	DROPPED_1 0
8	DROPPED_2 0
8	MAX_QUEUE 1
8	DUPLICATED_1 0
8	DUPLICATED_2 0
8	EBUSY_RADIO_1 0
8	EBUSY_RADIO_2 0
8	86 3
8	TEST_NUMBER 4
8	SENT_TOTAL 120
8	RECEIVED_TOTAL 119
8	TIME_TOTAL 19760
8	RECEIVED_RADIO_1 0
8	RECEIVED_RADIO_2 120
8	SENT_RADIO_1 60
8	SENT_RADIO_2 60
8	RADIO_TIME_1 19605
8	RADIO_TIME_2 19760
8	RETRANSMISSIONS_1 0
8	RETRANSMISSIONS_2 0
8	DROPPED_1 0
8	DROPPED_2 0
8	MAX_QUEUE 1
8	DUPLICATED_1 0
8	DUPLICATED_2 0
8	EBUSY_RADIO_1 0
8	EBUSY_RADIO_2 0
8	TEST_NUMBER 5
8	SENT_TOTAL 120
8	RECEIVED_TOTAL 120
8	TIME_TOTAL 19684
8	RECEIVED_RADIO_1 0
8	RECEIVED_RADIO_2 120
8	SENT_RADIO_1 61
8	SENT_RADIO_2 59
8	RADIO_TIME_1 19684
8	RADIO_TIME_2 19684
8	RETRANSMISSIONS_1 1
8	RETRANSMISSIONS_2 2
8	DROPPED_1 0
8	DROPPED_2 0
8	MAX_QUEUE 1
8	DUPLICATED_1 0
8	DUPLICATED_2 0
8	EBUSY_RADIO_1 0
8	EBUSY_RADIO_2 0
8	TEST_NUMBER 6
8	SENT_TOTAL 119
8	RECEIVED_TOTAL 119
8	TIME_TOTAL 19676
8	RECEIVED_RADIO_1 0
8	RECEIVED_RADIO_2 119
8	SENT_RADIO_1 59
8	SENT_RADIO_2 60
8	RADIO_TIME_1 19445
8	RADIO_TIME_2 19676
8	RETRANSMISSIONS_1 0
8	RETRANSMISSIONS_2 0
8	DROPPED_1 0
8	DROPPED_2 0
8	MAX_QUEUE 1
8	DUPLICATED_1 0
8	DUPLICATED_2 0
8	EBUSY_RADIO_1 0
8	EBUSY_RADIO_2 0
