
17	DESTINATION_NODE 17
17	TEST_NUMBER 0
17	SENT_TOTAL 111
17	RECEIVED_TOTAL 111
17	TIME_TOTAL 17536
17	RECEIVED_RADIO_1 0
17	RECEIVED_RADIO_2 111
17	SENT_RADIO_1 56
17	SENT_RADIO_2 55
17	RADIO_TIME_1 17535
17	RADIO_TIME_2 17536
17	RETRANSMISSIONS_1 1
17	RETRANSMISSIONS_2 1
17	DROPPED_1 0
17	DROPPED_2 0
17	MAX_QUEUE 1
17	DUPLICATED_1 0
17	DUPLICATED_2 0
17	EBUSY_RADIO_1 0
17	EBUSY_RADIO_2 0
17	86 0
17	86 0
17	86 0
17	86 0
17	86 0
17	86 0
17	86 0
17	86 0
17	86 0
17	86 0
17	86 0
17	86 0
17	86 0
17	86 0
17	TEST_NUMBER 1
17	SENT_TOTAL 125
17	RECEIVED_TOTAL 111
17	TIME_TOTAL 29723
17	RECEIVED_RADIO_1 0
17	RECEIVED_RADIO_2 125
17	SENT_RADIO_1 60
17	SENT_RADIO_2 65
17	RADIO_TIME_1 29568
17	RADIO_TIME_2 29723
17	RETRANSMISSIONS_1 5
17	RETRANSMISSIONS_2 0
17	DROPPED_1 0
17	DROPPED_2 0
17	MAX_QUEUE 1
17	DUPLICATED_1 0
17	DUPLICATED_2 0
17	EBUSY_RADIO_1 0
17	EBUSY_RADIO_2 0
17	86 1
17	86 1
17	86 1
17	86 1
17	86 1
17	86 1
17	86 1
17	86 1
17	86 1
17	86 1
17	86 1
17	86 1
17	86 1
17	86 1
17	TEST_NUMBER 2
17	SENT_TOTAL 125
17	RECEIVED_TOTAL 111
17	TIME_TOTAL 29723
17	RECEIVED_RADIO_1 0
17	RECEIVED_RADIO_2 125
17	SENT_RADIO_1 60
17	SENT_RADIO_2 65
17	RADIO_TIME_1 29565
17	RADIO_TIME_2 29723
17	RETRANSMISSIONS_1 5
17	RETRANSMISSIONS_2 0
17	DROPPED_1 0
17	DROPPED_2 0
17	MAX_QUEUE 1
17	DUPLICATED_1 0
17	DUPLICATED_2 0
17	EBUSY_RADIO_1 0
17	EBUSY_RADIO_2 0
17	86 2
17	86 2
17	86 2
17	86 2
17	86 2
17	86 2
17	86 2
17	86 2
17	86 2
17	86 2
17	86 2
17	86 2
17	86 2
17	86 2
17	TEST_NUMBER 3
17	SENT_TOTAL 125
17	RECEIVED_TOTAL 111
17	TIME_TOTAL 29723
17	RECEIVED_RADIO_1 0
17	RECEIVED_RADIO_2 125
17	SENT_RADIO_1 60
17	SENT_RADIO_2 65
17	RADIO_TIME_1 29405
17	RADIO_TIME_2 29723
17	RETRANSMISSIONS_1 4
17	RETRANSMISSIONS_2 0
17	DROPPED_1 0
17	DROPPED_2 0
17	MAX_QUEUE 1
17	DUPLICATED_1 0
17	DUPLICATED_2 0
17	EBUSY_RADIO_1 0
17	EBUSY_RADIO_2 0
17	86 3
17	86 3
17	86 3
17	86 3
17	86 3
17	86 3
17	86 3
17	86 3
17	86 3
17	86 3
17	86 3
17	86 3
17	86 3
17	86 3
17	TEST_NUMBER 4
17	SENT_TOTAL 124
17	RECEIVED_TOTAL 110
17	TIME_TOTAL 29646
17	RECEIVED_RADIO_1 0
17	RECEIVED_RADIO_2 124
17	SENT_RADIO_1 59
17	SENT_RADIO_2 63
17	RADIO_TIME_1 29487
17	RADIO_TIME_2 29646
17	RETRANSMISSIONS_1 13
17	RETRANSMISSIONS_2 1
17	DROPPED_1 1
17	DROPPED_2 0
17	MAX_QUEUE 1
17	DUPLICATED_1 0
17	DUPLICATED_2 1
17	EBUSY_RADIO_1 0
17	EBUSY_RADIO_2 0
17	86 4
17	86 4
17	86 4
17	86 4
17	86 4
17	86 4
17	86 4
17	86 4
17	86 4
17	86 4
17	86 4
17	86 4
17	86 4
17	86 4
17	TEST_NUMBER 5
17	SENT_TOTAL 125
17	RECEIVED_TOTAL 111
17	TIME_TOTAL 29724
17	RECEIVED_RADIO_1 0
17	RECEIVED_RADIO_2 125
17	SENT_RADIO_1 0
17	SENT_RADIO_2 83
17	RADIO_TIME_1 29724
17	RADIO_TIME_2 29724
17	RETRANSMISSIONS_1 419
17	RETRANSMISSIONS_2 0
17	DROPPED_1 42
17	DROPPED_2 0
17	MAX_QUEUE 1
17	DUPLICATED_1 0
17	DUPLICATED_2 0
17	EBUSY_RADIO_1 0
17	EBUSY_RADIO_2 0
17	86 5
17	86 5
17	86 5
17	86 5
17	86 5
17	86 5
17	86 5
17	86 5
17	86 5
17	86 5
17	86 5
17	86 5
17	86 5
17	86 5
17	TEST_NUMBER 6
17	SENT_TOTAL 125
17	RECEIVED_TOTAL 111
17	TIME_TOTAL 29724
17	RECEIVED_RADIO_1 0
17	RECEIVED_RADIO_2 125
17	SENT_RADIO_1 0
17	SENT_RADIO_2 83
17	RADIO_TIME_1 29645
17	RADIO_TIME_2 29724
17	RETRANSMISSIONS_1 417
17	RETRANSMISSIONS_2 0
17	DROPPED_1 41
17	DROPPED_2 0
17	MAX_QUEUE 1
17	DUPLICATED_1 0
17	DUPLICATED_2 0
17	EBUSY_RADIO_1 0
17	EBUSY_RADIO_2 0
17	86 6
17	86 6
17	86 6
17	86 6
17	86 6
17	86 6
17	86 6
17	86 6
17	86 6
17	86 6
17	86 6
17	86 6
17	86 6
17	86 6

18	RELAY_NODE 18
18	TEST_NUMBER 0
18	SENT_TOTAL 0
18	RECEIVED_TOTAL 0
18	TIME_TOTAL 0
18	RECEIVED_RADIO_1 57
18	RECEIVED_RADIO_2 113
18	SENT_RADIO_1 0
18	SENT_RADIO_2 5
18	RADIO_TIME_1 17939
18	RADIO_TIME_2 17957
18	RETRANSMISSIONS_1 1076
18	RETRANSMISSIONS_2 552
18	DROPPED_1 108
18	DROPPED_2 55
18	MAX_QUEUE 2
18	DUPLICATED_1 0
18	DUPLICATED_2 0
18	EBUSY_RADIO_1 0
18	EBUSY_RADIO_2 0
18	TEST_NUMBER 1
18	SENT_TOTAL 0
18	RECEIVED_TOTAL 0
18	TIME_TOTAL 0
18	RECEIVED_RADIO_1 60
18	RECEIVED_RADIO_2 125
18	SENT_RADIO_1 0
18	SENT_RADIO_2 3
18	RADIO_TIME_1 29812
18	RADIO_TIME_2 29873
18	RETRANSMISSIONS_1 1216
18	RETRANSMISSIONS_2 598
18	DROPPED_1 122
18	DROPPED_2 60
18	MAX_QUEUE 2
18	DUPLICATED_1 1
18	DUPLICATED_2 0
18	EBUSY_RADIO_1 0
18	EBUSY_RADIO_2 0
18	TEST_NUMBER 2
18	SENT_TOTAL 0
18	RECEIVED_TOTAL 0
18	TIME_TOTAL 0
18	RECEIVED_RADIO_1 60
18	RECEIVED_RADIO_2 125
18	SENT_RADIO_1 0
18	SENT_RADIO_2 2
18	RADIO_TIME_1 29808
18	RADIO_TIME_2 29871
18	RETRANSMISSIONS_1 1226
18	RETRANSMISSIONS_2 597
18	DROPPED_1 123
18	DROPPED_2 60
18	MAX_QUEUE 2
18	DUPLICATED_1 0
18	DUPLICATED_2 0
18	EBUSY_RADIO_1 0
18	EBUSY_RADIO_2 0
18	TEST_NUMBER 3
18	SENT_TOTAL 0
18	RECEIVED_TOTAL 0
18	TIME_TOTAL 0
18	RECEIVED_RADIO_1 60
18	RECEIVED_RADIO_2 125
18	SENT_RADIO_1 0
18	SENT_RADIO_2 1
18	RADIO_TIME_1 29821
18	RADIO_TIME_2 29787
18	RETRANSMISSIONS_1 1236
18	RETRANSMISSIONS_2 605
18	DROPPED_1 123
18	DROPPED_2 61
18	MAX_QUEUE 2
18	DUPLICATED_1 1
18	DUPLICATED_2 0
18	EBUSY_RADIO_1 0
18	EBUSY_RADIO_2 0
18	TEST_NUMBER 4
18	SENT_TOTAL 0
18	RECEIVED_TOTAL 0
18	TIME_TOTAL 0
18	RECEIVED_RADIO_1 57
18	RECEIVED_RADIO_2 126
18	SENT_RADIO_1 0
18	SENT_RADIO_2 0
18	RADIO_TIME_1 29873
18	RADIO_TIME_2 29805
18	RETRANSMISSIONS_1 1249
18	RETRANSMISSIONS_2 568
18	DROPPED_1 126
18	DROPPED_2 57
18	MAX_QUEUE 2
18	DUPLICATED_1 0
18	DUPLICATED_2 0
18	EBUSY_RADIO_1 0
18	EBUSY_RADIO_2 0
18	TEST_NUMBER 5
18	SENT_TOTAL 0
18	RECEIVED_TOTAL 0
18	TIME_TOTAL 0
18	RECEIVED_RADIO_1 0
18	RECEIVED_RADIO_2 125
18	SENT_RADIO_1 0
18	SENT_RADIO_2 0
18	RADIO_TIME_1 29874
18	RADIO_TIME_2 29732
18	RETRANSMISSIONS_1 1245
18	RETRANSMISSIONS_2 0
18	DROPPED_1 125
18	DROPPED_2 0
18	MAX_QUEUE 1
18	DUPLICATED_1 0
18	DUPLICATED_2 0
18	EBUSY_RADIO_1 0
18	EBUSY_RADIO_2 0
18	TEST_NUMBER 6
18	SENT_TOTAL 0
18	RECEIVED_TOTAL 0
18	TIME_TOTAL 0
18	RECEIVED_RADIO_1 0
18	RECEIVED_RADIO_2 125
18	SENT_RADIO_1 0
18	SENT_RADIO_2 0
18	RADIO_TIME_1 29869
18	RADIO_TIME_2 29731
18	RETRANSMISSIONS_1 1246
18	RETRANSMISSIONS_2 0
18	DROPPED_1 125
18	DROPPED_2 0
18	MAX_QUEUE 1
18	DUPLICATED_1 0
18	DUPLICATED_2 0
18	EBUSY_RADIO_1 0
18	EBUSY_RADIO_2 0

21	SOURCE_NODE 21
21	84 1
21	84 2
21	83 2
21	85 2
21	79 29
21	84 3
21	84 4
21	83 4
21	85 4
21	79 14
21	84 5
21	84 6
21	84 7
21	83 7
21	85 6
21	79 147
21	84 8
21	83 8
21	85 8
21	79 18
21	84 9
21	84 10
21	84 11
21	84 12
21	83 12
21	85 12
21	79 16
21	84 13
21	84 14
21	84 15
21	84 16
21	83 16
21	85 16
21	79 16
21	84 17
21	84 18
21	84 19
21	84 20
21	83 20
21	85 20
21	79 19
21	84 1
21	84 2
21	84 3
21	84 4
21	83 4
21	85 4
21	79 12
21	84 5
21	84 6
21	84 7
21	84 8
21	83 8
21	85 8
21	79 14
21	84 9
21	84 10
21	84 11
21	83 11
21	85 10
21	79 139
21	84 12
21	83 12
21	85 12
21	79 14
21	84 13
21	84 14
21	84 15
21	84 16
21	83 16
21	85 16
21	79 17
21	84 17
21	84 18
21	84 19
21	84 20
21	83 20
21	85 20
21	79 15
21	84 1
21	84 2
21	84 3
21	84 4
21	83 4
21	85 4
21	79 12
21	84 5
21	84 6
21	84 7
21	83 7
21	85 6
21	79 133
21	84 8
21	83 8
21	85 8
21	79 13
21	84 9
21	84 10
21	84 11
21	84 12
21	83 12
21	85 12
21	79 13
21	84 13
21	84 14
21	84 15
21	84 16
21	83 16
21	85 16
21	79 15
21	84 17
21	84 18
21	84 19
21	83 19
21	85 18
21	79 152
21	84 20
21	83 20
21	85 20
21	79 12
21	84 1
21	84 2
21	84 3
21	84 4
21	83 4
21	85 4
21	79 16
21	84 5
21	84 6
21	84 7
21	84 8
21	83 8
21	85 8
21	79 15
21	84 9
21	84 10
21	84 11
21	84 12
21	83 12
21	85 12
21	79 17
21	84 13
21	84 14
21	84 15
21	84 16
21	83 16
21	85 16
21	79 15
21	84 17
21	84 18
21	84 19
21	84 20
21	83 20
21	85 20
21	79 15
21	84 1
21	84 2
21	84 3
21	84 4
21	83 4
21	85 4
21	79 17
21	84 5
21	84 6
21	84 7
21	84 8
21	83 8
21	85 8
21	79 13
21	84 9
21	84 10
21	84 11
21	84 12
21	84 13
21	84 14
21	84 15
21	84 16
21	83 16
21	85 12
21	79 336
21	84 17
21	84 18
21	83 18
21	85 18
21	79 10
21	84 19
21	84 20
21	84 1
21	84 2
21	83 2
21	85 2
21	79 18
21	84 3
21	84 4
21	84 5
21	84 6
21	83 6
21	85 6
21	79 15
21	84 7
21	84 8
21	84 9
21	84 10
21	83 10
21	85 10
21	79 15
21	84 11
21	84 12
21	84 13
21	84 14
21	83 14
21	85 14
21	79 16
21	84 15
21	84 16
21	84 17
21	84 18
21	83 18
21	85 18
21	79 16
21	84 19
21	84 20
21	84 1
21	84 2
21	83 2
21	85 2
21	79 12
21	84 3
21	84 4
21	84 5
21	84 6
21	83 6
21	85 6
21	79 13
21	84 7
21	84 8
21	84 9
21	84 10
21	83 10
21	85 10
21	79 15
21	84 11
21	84 12
21	84 13
21	84 14
21	83 14
21	85 14
21	79 18
21	84 15
21	84 16
21	84 17
21	84 18
21	83 18
21	85 18
21	79 12
21	84 19
21	84 20
21	84 1
21	84 2
21	83 2
21	85 2
21	79 16
21	84 3
21	84 4
21	84 5
21	84 6
21	83 6
21	85 6
21	79 12
21	84 7
21	84 8
21	84 9
21	84 10
21	83 10
21	85 10
21	79 19
21	84 11
21	84 12
21	84 13
21	84 14
21	83 14
21	85 14
21	79 17
21	84 15
21	84 16
21	84 17
21	84 18
21	83 18
21	85 18
21	79 14
21	84 19
21	84 20
21	83 20
21	85 20
21	79 22
21	84 1
21	84 2
21	84 3
21	84 4
21	83 4
21	85 4
21	79 13
21	84 5
21	84 6
21	84 7
21	84 8
21	83 8
21	85 8
21	79 17
21	84 9
21	84 10
21	84 11
21	84 12
21	83 12
21	85 12
21	79 16
21	84 13
21	84 14
21	84 15
21	84 16
21	83 16
21	85 16
21	79 16
21	84 17
21	84 18
21	84 19
21	84 20
21	83 20
21	85 20
21	79 17
21	84 1
21	84 2
21	84 3
21	84 4
21	83 4
21	85 4
21	79 17
21	84 5
21	84 6
21	84 7
21	84 8
21	83 8
21	85 8
21	79 12
21	84 9
21	84 10
21	84 11
21	84 12
21	83 12
21	85 12
21	79 16
21	84 13
21	84 14
21	84 15
21	84 16
21	83 16
21	85 16
21	79 15
21	84 17
21	84 18
21	84 19
21	84 20
21	83 20
21	85 20
21	79 16
21	84 1
21	84 2
21	84 3
21	84 4
21	83 4
21	85 4
21	79 17
21	84 5
21	84 6
21	84 7
21	84 8
21	83 8
21	85 8
21	79 14
21	84 9
21	84 10
21	84 11
21	84 12
21	83 12
21	85 12
21	79 16
21	84 13
21	84 14
21	84 15
21	84 16
21	83 16
21	85 16
21	79 13
21	84 17
21	84 18
21	84 19
21	84 20
21	83 20
21	85 20
21	79 15
21	84 1
21	84 2
21	84 3
21	84 4
21	83 4
21	85 4
21	79 17
21	84 5
21	84 6
21	84 7
21	84 8
21	83 8
21	85 8
21	79 19
21	84 9
21	84 10
21	84 11
21	84 12
21	83 12
21	85 12
21	79 12
21	84 13
21	84 14
21	84 15
21	84 16
21	83 16
21	85 16
21	79 16
21	84 17
21	84 18
21	84 19
21	84 20
21	83 20
21	85 20
21	79 17
21	84 1
21	84 2
21	84 3
21	84 4
21	83 4
21	85 4
21	79 12
21	84 5
21	84 6
21	84 7
21	84 8
21	83 8
21	85 8
21	79 15
21	84 9
21	84 10
21	TEST_NUMBER 0
21	SENT_TOTAL 250
21	RECEIVED_TOTAL 67
21	TIME_TOTAL 19590
21	RECEIVED_RADIO_1 5
21	RECEIVED_RADIO_2 62
21	SENT_RADIO_1 125
21	SENT_RADIO_2 124
21	RADIO_TIME_1 19763
21	RADIO_TIME_2 19763
21	RETRANSMISSIONS_1 0
21	RETRANSMISSIONS_2 0
21	DROPPED_1 0
21	DROPPED_2 0
21	MAX_QUEUE 1
21	DUPLICATED_1 0
21	DUPLICATED_2 0
21	EBUSY_RADIO_1 0
21	EBUSY_RADIO_2 0
21	83 0
21	85 10
21	86 0
21	84 1
21	84 2
21	83 2
21	85 2
21	79 16
21	84 3
21	84 4
21	84 5
21	84 6
21	83 6
21	85 6
21	79 19
21	84 7
21	84 8
21	84 9
21	84 10
21	83 10
21	85 10
21	79 15
21	84 11
21	84 12
21	84 13
21	84 14
21	83 14
21	85 14
21	79 15
21	84 15
21	84 16
21	84 17
21	84 18
21	83 18
21	85 18
21	79 14
21	84 19
21	84 20
21	84 1
21	84 2
21	83 2
21	85 2
21	79 18
21	84 3
21	84 4
21	84 5
21	84 6
21	83 6
21	85 6
21	79 11
21	84 7
21	84 8
21	83 8
21	85 8
21	79 26
21	84 9
21	84 10
21	84 11
21	83 11
21	85 10
21	79 152
21	84 12
21	83 12
21	85 12
21	79 16
21	84 13
21	84 14
21	84 15
21	84 16
21	83 16
21	85 16
21	79 16
21	84 17
21	84 18
21	84 19
21	84 20
21	83 20
21	85 20
21	79 19
21	84 1
21	84 2
21	84 3
21	84 4
21	83 4
21	85 4
21	79 13
21	84 5
21	84 6
21	84 7
21	84 8
21	83 8
21	85 8
21	79 14
21	84 9
21	84 10
21	84 11
21	84 12
21	83 12
21	85 12
21	79 19
21	84 13
21	84 14
21	84 15
21	84 16
21	83 16
21	85 16
21	79 14
21	84 17
21	84 18
21	84 19
21	84 20
21	83 20
21	85 20
21	79 15
21	84 1
21	84 2
21	84 3
21	84 4
21	83 4
21	85 4
21	79 14
21	84 5
21	84 6
21	84 7
21	84 8
21	83 8
21	85 8
21	79 15
21	84 9
21	84 10
21	84 11
21	84 12
21	83 12
21	85 12
21	79 15
21	84 13
21	84 14
21	84 15
21	84 16
21	83 16
21	85 16
21	79 12
21	84 17
21	84 18
21	84 19
21	84 20
21	83 20
21	85 20
21	79 13
21	84 1
21	84 2
21	84 3
21	84 4
21	83 4
21	85 2
21	79 162
21	83 4
21	85 4
21	79 12
21	84 5
21	84 6
21	84 7
21	84 8
21	83 8
21	85 8
21	79 14
21	84 9
21	84 10
21	84 11
21	84 12
21	83 12
21	85 12
21	79 20
21	84 13
21	84 14
21	84 15
21	84 16
21	83 16
21	85 16
21	79 15
21	84 17
21	84 18
21	84 19
21	84 20
21	83 20
21	85 20
21	79 14
21	84 1
21	84 2
21	84 3
21	84 4
21	83 4
21	85 4
21	79 16
21	84 5
21	84 6
21	84 7
21	84 8
21	83 8
21	85 8
21	79 11
21	84 9
21	84 10
21	84 11
21	84 12
21	83 12
21	85 12
21	79 11
21	84 13
21	84 14
21	84 15
21	84 16
21	83 16
21	85 16
21	79 13
21	84 17
21	84 18
21	83 18
21	85 18
21	79 26
21	84 19
21	84 20
21	84 1
21	84 2
21	83 2
21	85 2
21	79 14
21	84 3
21	84 4
21	84 5
21	84 6
21	83 6
21	85 6
21	79 19
21	84 7
21	84 8
21	84 9
21	84 10
21	83 10
21	85 10
21	79 15
21	84 11
21	84 12
21	84 13
21	84 14
21	83 14
21	85 14
21	79 16
21	84 15
21	84 16
21	84 17
21	84 18
21	83 18
21	85 18
21	79 16
21	84 19
21	84 20
21	84 1
21	84 2
21	83 2
21	85 2
21	79 16
21	84 3
21	84 4
21	84 5
21	84 6
21	83 6
21	85 6
21	79 16
21	84 7
21	84 8
21	84 9
21	84 10
21	83 10
21	85 10
21	79 15
21	84 11
21	84 12
21	84 13
21	84 14
21	83 14
21	85 14
21	79 14
21	84 15
21	84 16
21	84 17
21	84 18
21	83 18
21	85 18
21	79 15
21	84 19
21	84 20
21	84 1
21	84 2
21	83 2
21	85 2
21	79 15
21	84 3
21	84 4
21	84 5
21	84 6
21	83 6
21	85 6
21	79 14
21	84 7
21	84 8
21	84 9
21	84 10
21	83 10
21	85 10
21	79 19
21	84 11
21	84 12
21	83 12
21	85 12
21	79 24
21	84 13
21	84 14
21	84 15
21	84 16
21	83 16
21	85 16
21	79 17
21	84 17
21	84 18
21	84 19
21	84 20
21	83 20
21	85 20
21	79 16
21	84 1
21	84 2
21	84 3
21	84 4
21	83 4
21	85 4
21	79 14
21	84 5
21	84 6
21	84 7
21	84 8
21	83 8
21	85 8
21	79 15
21	84 9
21	84 10
21	84 11
21	84 12
21	83 12
21	85 12
21	79 14
21	84 13
21	84 14
21	83 14
21	85 14
21	79 24
21	84 15
21	84 16
21	84 17
21	84 18
21	83 18
21	85 18
21	79 15
21	84 19
21	84 20
21	84 1
21	84 2
21	83 2
21	85 2
21	79 17
21	84 3
21	84 4
21	83 4
21	85 4
21	79 24
21	84 5
21	84 6
21	84 7
21	84 8
21	83 8
21	85 8
21	79 12
21	84 9
21	84 10
21	84 11
21	84 12
21	83 12
21	85 12
21	79 12
21	84 13
21	84 14
21	84 15
21	84 16
21	83 16
21	85 16
21	79 14
21	84 17
21	84 18
21	84 19
21	84 20
21	83 20
21	85 20
21	79 13
21	84 1
21	84 2
21	84 3
21	84 4
21	83 4
21	85 4
21	79 17
21	84 5
21	84 6
21	84 7
21	84 8
21	83 8
21	85 8
21	79 16
21	84 9
21	84 10
21	84 11
21	84 12
21	83 12
21	85 12
21	79 17
21	84 13
21	84 14
21	83 14
21	85 14
21	79 23
21	84 15
21	84 16
21	84 17
21	84 18
21	83 18
21	85 18
21	79 15
21	84 19
21	84 20
21	84 1
21	84 2
21	83 2
21	85 2
21	79 15
21	84 3
21	84 4
21	84 5
21	84 6
21	83 6
21	85 6
21	79 17
21	84 7
21	84 8
21	84 9
21	84 10
21	TEST_NUMBER 1
21	SENT_TOTAL 250
21	RECEIVED_TOTAL 67
21	TIME_TOTAL 29438
21	RECEIVED_RADIO_1 3
21	RECEIVED_RADIO_2 65
21	SENT_RADIO_1 125
21	SENT_RADIO_2 125
21	RADIO_TIME_1 29660
21	RADIO_TIME_2 19763
21	RETRANSMISSIONS_1 0
21	RETRANSMISSIONS_2 0
21	DROPPED_1 0
21	DROPPED_2 0
21	MAX_QUEUE 1
21	DUPLICATED_1 0
21	DUPLICATED_2 0
21	EBUSY_RADIO_1 0
21	EBUSY_RADIO_2 0
21	83 0
21	85 10
21	86 1
21	84 1
21	84 2
21	84 3
21	84 4
21	83 4
21	85 4
21	79 15
21	84 5
21	84 6
21	84 7
21	84 8
21	83 8
21	85 8
21	79 13
21	84 9
21	84 10
21	84 11
21	84 12
21	83 12
21	85 12
21	79 14
21	84 13
21	84 14
21	83 14
21	85 14
21	79 23
21	84 15
21	84 16
21	84 17
21	84 18
21	83 18
21	85 18
21	79 17
21	84 19
21	84 20
21	84 1
21	84 2
21	83 2
21	85 2
21	79 15
21	84 3
21	84 4
21	84 5
21	84 6
21	83 6
21	85 6
21	79 16
21	84 7
21	84 8
21	84 9
21	84 10
21	83 10
21	85 10
21	79 19
21	84 11
21	84 12
21	84 13
21	84 14
21	83 14
21	85 14
21	79 19
21	84 15
21	84 16
21	84 17
21	84 18
21	83 18
21	85 18
21	79 13
21	84 19
21	84 20
21	84 1
21	84 2
21	83 2
21	85 2
21	79 16
21	84 3
21	84 4
21	84 5
21	84 6
21	83 6
21	85 6
21	79 17
21	84 7
21	84 8
21	84 9
21	84 10
21	83 10
21	85 10
21	79 15
21	84 11
21	84 12
21	84 13
21	84 14
21	83 14
21	85 14
21	79 17
21	84 15
21	84 16
21	84 17
21	84 18
21	83 18
21	85 18
21	79 16
21	84 19
21	84 20
21	84 1
21	84 2
21	83 2
21	85 2
21	79 16
21	84 3
21	84 4
21	84 5
21	84 6
21	83 6
21	85 6
21	79 16
21	84 7
21	84 8
21	83 8
21	85 8
21	79 22
21	84 9
21	84 10
21	84 11
21	84 12
21	83 12
21	85 12
21	79 14
21	84 13
21	84 14
21	84 15
21	84 16
21	83 16
21	85 16
21	79 19
21	84 17
21	84 18
21	84 19
21	84 20
21	83 20
21	85 20
21	79 15
21	84 1
21	84 2
21	84 3
21	84 4
21	83 4
21	85 4
21	79 19
21	84 5
21	84 6
21	84 7
21	84 8
21	83 8
21	85 8
21	79 11
21	84 9
21	84 10
21	84 11
21	84 12
21	83 12
21	85 12
21	79 16
21	84 13
21	84 14
21	84 15
21	84 16
21	83 16
21	85 16
21	79 14
21	84 17
21	84 18
21	84 19
21	84 20
21	83 20
21	85 20
21	79 20
21	84 1
21	84 2
21	84 3
21	84 4
21	83 4
21	85 4
21	79 13
21	84 5
21	84 6
21	84 7
21	84 8
21	83 8
21	85 8
21	79 13
21	84 9
21	84 10
21	84 11
21	84 12
21	83 12
21	85 12
21	79 13
21	84 13
21	84 14
21	84 15
21	84 16
21	83 16
21	85 16
21	79 16
21	84 17
21	84 18
21	83 18
21	85 18
21	79 31
21	84 19
21	84 20
21	84 1
21	84 2
21	83 2
21	85 2
21	79 17
21	84 3
21	84 4
21	83 4
21	85 4
21	79 23
21	84 5
21	84 6
21	84 7
21	84 8
21	83 8
21	85 8
21	79 13
21	84 9
21	84 10
21	84 11
21	84 12
21	83 12
21	85 12
21	79 11
21	84 13
21	84 14
21	84 15
21	84 16
21	83 16
21	85 16
21	79 11
21	84 17
21	84 18
21	84 19
21	84 20
21	83 20
21	85 20
21	79 14
21	84 1
21	84 2
21	84 3
21	84 4
21	83 4
21	85 4
21	79 13
21	84 5
21	84 6
21	84 7
21	84 8
21	83 8
21	85 8
21	79 17
21	84 9
21	84 10
21	84 11
21	84 12
21	83 12
21	85 12
21	79 14
21	84 13
21	84 14
21	84 15
21	83 15
21	85 14
21	79 151
21	84 16
21	83 16
21	85 16
21	79 14
21	84 17
21	84 18
21	84 19
21	84 20
21	83 20
21	85 20
21	79 14
21	84 1
21	84 2
21	84 3
21	84 4
21	83 4
21	85 4
21	79 16
21	84 5
21	84 6
21	84 7
21	84 8
21	83 8
21	85 8
21	79 13
21	84 9
21	84 10
21	84 11
21	84 12
21	83 12
21	85 12
21	79 15
21	84 13
21	84 14
21	84 15
21	84 16
21	83 16
21	85 16
21	79 17
21	84 17
21	84 18
21	84 19
21	84 20
21	83 20
21	85 20
21	79 19
21	84 1
21	84 2
21	84 3
21	84 4
21	83 4
21	85 4
21	79 14
21	84 5
21	84 6
21	84 7
21	84 8
21	83 8
21	85 8
21	79 16
21	84 9
21	84 10
21	84 11
21	83 11
21	85 10
21	79 141
21	84 12
21	83 12
21	85 12
21	79 12
21	84 13
21	84 14
21	84 15
21	84 16
21	83 16
21	85 16
21	79 11
21	84 17
21	84 18
21	84 19
21	84 20
21	83 20
21	85 20
21	79 14
21	84 1
21	84 2
21	84 3
21	84 4
21	83 4
21	85 4
21	79 13
21	84 5
21	84 6
21	84 7
21	84 8
21	83 8
21	85 8
21	79 13
21	84 9
21	84 10
21	84 11
21	84 12
21	83 12
21	85 12
21	79 13
21	84 13
21	84 14
21	84 15
21	84 16
21	83 16
21	85 16
21	79 14
21	84 17
21	84 18
21	84 19
21	84 20
21	83 20
21	85 20
21	79 16
21	84 1
21	84 2
21	84 3
21	84 4
21	83 4
21	85 4
21	79 15
21	84 5
21	84 6
21	84 7
21	84 8
21	83 8
21	85 8
21	79 11
21	84 9
21	84 10
21	84 11
21	84 12
21	83 12
21	85 12
21	79 17
21	84 13
21	84 14
21	84 15
21	84 16
21	83 16
21	85 16
21	79 14
21	84 17
21	84 18
21	83 18
21	85 18
21	79 29
21	84 19
21	84 20
21	84 1
21	84 2
21	83 2
21	85 2
21	79 20
21	84 3
21	84 4
21	84 5
21	84 6
21	83 6
21	85 6
21	79 13
21	84 7
21	84 8
21	84 9
21	84 10
21	TEST_NUMBER 2
21	SENT_TOTAL 250
21	RECEIVED_TOTAL 66
21	TIME_TOTAL 29567
21	RECEIVED_RADIO_1 2
21	RECEIVED_RADIO_2 65
21	SENT_RADIO_1 125
21	SENT_RADIO_2 125
21	RADIO_TIME_1 19763
21	RADIO_TIME_2 29872
21	RETRANSMISSIONS_1 0
21	RETRANSMISSIONS_2 0
21	DROPPED_1 0
21	DROPPED_2 0
21	MAX_QUEUE 1
21	DUPLICATED_1 0
21	DUPLICATED_2 0
21	EBUSY_RADIO_1 0
21	EBUSY_RADIO_2 0
21	83 0
21	85 10
21	86 2
21	84 1
21	84 2
21	84 3
21	84 4
21	83 4
21	85 4
21	79 15
21	84 5
21	84 6
21	83 6
21	85 6
21	79 17
21	84 7
21	84 8
21	84 9
21	84 10
21	83 10
21	85 10
21	79 16
21	84 11
21	84 12
21	84 13
21	84 14
21	83 14
21	85 14
21	79 14
21	84 15
21	84 16
21	84 17
21	84 18
21	83 18
21	85 18
21	79 16
21	84 19
21	84 20
21	84 1
21	84 2
21	83 2
21	85 2
21	79 17
21	84 3
21	84 4
21	84 5
21	84 6
21	83 6
21	85 6
21	79 14
21	84 7
21	84 8
21	84 9
21	84 10
21	83 10
21	85 10
21	79 14
21	84 11
21	84 12
21	84 13
21	84 14
21	83 14
21	85 14
21	79 16
21	84 15
21	84 16
21	84 17
21	84 18
21	83 18
21	85 18
21	79 16
21	84 19
21	84 20
21	84 1
21	84 2
21	83 2
21	85 2
21	79 18
21	84 3
21	84 4
21	84 5
21	84 6
21	83 6
21	85 6
21	79 12
21	84 7
21	84 8
21	84 9
21	84 10
21	83 10
21	85 10
21	79 13
21	84 11
21	84 12
21	84 13
21	84 14
21	83 14
21	85 14
21	79 11
21	84 15
21	84 16
21	84 17
21	84 18
21	83 18
21	85 18
21	79 11
21	84 19
21	84 20
21	84 1
21	84 2
21	83 2
21	85 2
21	79 16
21	84 3
21	84 4
21	84 5
21	84 6
21	83 6
21	85 6
21	79 14
21	84 7
21	84 8
21	84 9
21	84 10
21	83 10
21	85 10
21	79 15
21	84 11
21	84 12
21	84 13
21	84 14
21	83 14
21	85 14
21	79 15
21	84 15
21	84 16
21	84 17
21	84 18
21	83 18
21	85 18
21	79 16
21	84 19
21	84 20
21	84 1
21	84 2
21	83 2
21	85 2
21	79 15
21	84 3
21	84 4
21	84 5
21	84 6
21	83 6
21	85 6
21	79 15
21	84 7
21	84 8
21	84 9
21	84 10
21	83 10
21	85 10
21	79 15
21	84 11
21	84 12
21	84 13
21	84 14
21	83 14
21	85 14
21	79 16
21	84 15
21	84 16
21	84 17
21	84 18
21	83 18
21	85 18
21	79 15
21	84 19
21	84 20
21	84 1
21	84 2
21	83 2
21	85 2
21	79 14
21	84 3
21	84 4
21	84 5
21	84 6
21	83 6
21	85 6
21	79 12
21	84 7
21	84 8
21	84 9
21	84 10
21	83 10
21	85 10
21	79 14
21	84 11
21	84 12
21	84 13
21	84 14
21	83 14
21	85 14
21	79 11
21	84 15
21	84 16
21	84 17
21	84 18
21	83 18
21	85 18
21	79 13
21	84 19
21	84 20
21	84 1
21	84 2
21	83 2
21	85 2
21	79 14
21	84 3
21	84 4
21	84 5
21	84 6
21	83 6
21	85 6
21	79 13
21	84 7
21	84 8
21	84 9
21	84 10
21	83 10
21	85 10
21	79 18
21	84 11
21	84 12
21	84 13
21	84 14
21	83 14
21	85 14
21	79 15
21	84 15
21	84 16
21	84 17
21	84 18
21	83 18
21	85 18
21	79 15
21	84 19
21	84 20
21	84 1
21	84 2
21	83 2
21	85 2
21	79 19
21	84 3
21	84 4
21	84 5
21	83 5
21	85 4
21	79 142
21	84 6
21	83 6
21	85 6
21	79 15
21	84 7
21	84 8
21	84 9
21	84 10
21	83 10
21	85 10
21	79 15
21	84 11
21	84 12
21	84 13
21	84 14
21	83 14
21	85 14
21	79 12
21	84 15
21	84 16
21	84 17
21	84 18
21	83 18
21	85 18
21	79 15
21	84 19
21	84 20
21	84 1
21	84 2
21	83 2
21	85 2
21	79 12
21	84 3
21	84 4
21	84 5
21	84 6
21	83 6
21	85 6
21	79 12
21	84 7
21	84 8
21	84 9
21	84 10
21	83 10
21	85 10
21	79 15
21	84 11
21	84 12
21	84 13
21	84 14
21	83 14
21	85 14
21	79 16
21	84 15
21	84 16
21	84 17
21	84 18
21	83 18
21	85 18
21	79 14
21	84 19
21	84 20
21	84 1
21	84 2
21	83 2
21	85 2
21	79 13
21	84 3
21	84 4
21	84 5
21	84 6
21	83 6
21	85 6
21	79 13
21	84 7
21	84 8
21	84 9
21	84 10
21	83 10
21	85 10
21	79 17
21	84 11
21	84 12
21	84 13
21	84 14
21	83 14
21	85 14
21	79 13
21	84 15
21	84 16
21	83 16
21	85 16
21	79 22
21	84 17
21	84 18
21	84 19
21	84 20
21	83 20
21	85 20
21	79 16
21	84 1
21	84 2
21	83 2
21	85 2
21	79 20
21	84 3
21	84 4
21	84 5
21	84 6
21	83 6
21	85 6
21	79 13
21	84 7
21	84 8
21	84 9
21	84 10
21	83 10
21	85 10
21	79 16
21	84 11
21	84 12
21	84 13
21	84 14
21	83 14
21	85 14
21	79 14
21	84 15
21	84 16
21	84 17
21	84 18
21	83 18
21	85 18
21	79 18
21	84 19
21	84 20
21	84 1
21	84 2
21	83 2
21	85 2
21	79 18
21	84 3
21	84 4
21	84 5
21	84 6
21	83 6
21	85 6
21	79 18
21	84 7
21	84 8
21	84 9
21	84 10
21	83 10
21	85 10
21	79 15
21	84 11
21	84 12
21	84 13
21	84 14
21	83 14
21	85 14
21	79 16
21	84 15
21	84 16
21	84 17
21	84 18
21	83 18
21	85 18
21	79 17
21	84 19
21	84 20
21	84 1
21	84 2
21	83 2
21	85 2
21	79 15
21	84 3
21	84 4
21	84 5
21	84 6
21	83 6
21	85 6
21	79 13
21	84 7
21	84 8
21	84 9
21	84 10
21	TEST_NUMBER 3
21	SENT_TOTAL 250
21	RECEIVED_TOTAL 64
21	TIME_TOTAL 29563
21	RECEIVED_RADIO_1 1
21	RECEIVED_RADIO_2 64
21	SENT_RADIO_1 125
21	SENT_RADIO_2 125
21	RADIO_TIME_1 19763
21	RADIO_TIME_2 29868
21	RETRANSMISSIONS_1 0
21	RETRANSMISSIONS_2 0
21	DROPPED_1 0
21	DROPPED_2 0
21	MAX_QUEUE 1
21	DUPLICATED_1 0
21	DUPLICATED_2 0
21	EBUSY_RADIO_1 0
21	EBUSY_RADIO_2 0
21	83 0
21	85 10
21	86 3
21	84 1
21	84 2
21	84 3
21	84 4
21	83 4
21	85 4
21	79 14
21	84 5
21	84 6
21	84 7
21	84 8
21	83 8
21	85 8
21	79 19
21	84 9
21	84 10
21	84 11
21	84 12
21	83 12
21	85 12
21	79 14
21	84 13
21	84 14
21	84 15
21	84 16
21	83 16
21	85 16
21	79 16
21	84 17
21	84 18
21	84 19
21	84 20
21	83 20
21	85 20
21	79 15
21	84 1
21	84 2
21	84 3
21	84 4
21	83 4
21	85 4
21	79 16
21	84 5
21	84 6
21	84 7
21	84 8
21	83 8
21	85 8
21	79 14
21	84 9
21	84 10
21	84 11
21	84 12
21	83 12
21	85 12
21	79 14
21	84 13
21	84 14
21	84 15
21	84 16
21	83 16
21	85 16
21	79 17
21	84 17
21	84 18
21	84 19
21	84 20
21	83 20
21	85 20
21	79 18
21	84 1
21	84 2
21	84 3
21	84 4
21	83 4
21	85 4
21	79 14
21	84 5
21	84 6
21	84 7
21	84 8
21	83 8
21	85 8
21	79 13
21	84 9
21	84 10
21	84 11
21	84 12
21	83 12
21	85 12
21	79 14
21	84 13
21	84 14
21	83 14
21	85 14
21	79 23
21	84 15
21	84 16
21	84 17
21	84 18
21	83 18
21	85 18
21	79 15
21	84 19
21	84 20
21	84 1
21	84 2
21	83 2
21	85 2
21	79 15
21	84 3
21	84 4
21	84 5
21	84 6
21	83 6
21	85 6
21	79 17
21	84 7
21	84 8
21	84 9
21	84 10
21	83 10
21	85 10
21	79 16
21	84 11
21	84 12
21	84 13
21	84 14
21	83 14
21	85 14
21	79 15
21	84 15
21	84 16
21	84 17
21	84 18
21	83 18
21	85 18
21	79 16
21	84 19
21	84 20
21	84 1
21	84 2
21	83 2
21	85 2
21	79 18
21	84 3
21	84 4
21	84 5
21	84 6
21	83 6
21	85 6
21	79 18
21	84 7
21	84 8
21	84 9
21	84 10
21	83 10
21	85 10
21	79 15
21	84 11
21	84 12
21	84 13
21	84 14
21	84 15
21	84 16
21	84 17
21	84 18
21	83 18
21	85 14
21	79 331
21	84 19
21	84 20
21	83 20
21	85 20
21	79 15
21	84 1
21	84 2
21	84 3
21	84 4
21	83 4
21	85 4
21	79 17
21	84 5
21	84 6
21	84 7
21	84 8
21	83 8
21	85 8
21	79 14
21	84 9
21	84 10
21	84 11
21	84 12
21	83 12
21	85 12
21	79 11
21	84 13
21	84 14
21	84 15
21	84 16
21	83 16
21	85 16
21	79 13
21	84 17
21	84 18
21	84 19
21	84 20
21	83 20
21	85 20
21	79 17
21	84 1
21	84 2
21	84 3
21	84 4
21	83 4
21	85 4
21	79 14
21	84 5
21	84 6
21	84 7
21	84 8
21	83 8
21	85 8
21	79 12
21	84 9
21	84 10
21	84 11
21	84 12
21	83 12
21	85 12
21	79 18
21	84 13
21	84 14
21	84 15
21	84 16
21	83 16
21	85 16
21	79 13
21	84 17
21	84 18
21	84 19
21	84 20
21	84 1
21	83 1
21	85 1
21	79 15
21	84 2
21	84 3
21	84 4
21	84 5
21	83 5
21	85 5
21	79 18
21	84 6
21	84 7
21	84 8
21	84 9
21	83 9
21	85 9
21	79 17
21	84 10
21	84 11
21	84 12
21	84 13
21	83 13
21	85 13
21	79 11
21	84 14
21	84 15
21	84 16
21	84 17
21	83 17
21	85 17
21	79 14
21	84 18
21	84 19
21	84 20
21	84 1
21	83 1
21	85 1
21	79 17
21	84 2
21	84 3
21	84 4
21	84 5
21	83 5
21	85 5
21	79 17
21	84 6
21	84 7
21	84 8
21	84 9
21	83 9
21	85 9
21	79 12
21	84 10
21	84 11
21	84 12
21	84 13
21	83 13
21	85 13
21	79 17
21	84 14
21	84 15
21	83 15
21	85 15
21	79 22
21	84 16
21	84 17
21	84 18
21	84 19
21	83 19
21	85 19
21	79 15
21	84 20
21	84 1
21	84 2
21	84 3
21	83 3
21	85 3
21	79 16
21	84 4
21	84 5
21	84 6
21	84 7
21	83 7
21	85 7
21	79 17
21	84 8
21	84 9
21	84 10
21	84 11
21	83 11
21	85 11
21	79 16
21	84 12
21	84 13
21	84 14
21	84 15
21	83 15
21	85 15
21	79 14
21	84 16
21	84 17
21	84 18
21	84 19
21	83 19
21	85 19
21	79 16
21	84 20
21	84 1
21	84 2
21	84 3
21	83 3
21	85 3
21	79 14
21	84 4
21	84 5
21	84 6
21	84 7
21	83 7
21	85 7
21	79 17
21	84 8
21	84 9
21	84 10
21	84 11
21	83 11
21	85 11
21	79 13
21	84 12
21	84 13
21	84 14
21	84 15
21	83 15
21	85 15
21	79 15
21	84 16
21	84 17
21	84 18
21	83 18
21	85 17
21	79 121
21	84 19
21	84 20
21	84 1
21	83 1
21	85 1
21	79 14
21	84 2
21	84 3
21	84 4
21	83 4
21	85 3
21	79 116
21	84 5
21	84 6
21	84 7
21	83 7
21	85 7
21	79 13
21	84 8
21	84 9
21	84 10
21	83 10
21	85 9
21	79 110
21	84 11
21	84 12
21	84 13
21	83 13
21	85 13
21	79 13
21	84 14
21	84 15
21	84 16
21	83 16
21	85 15
21	79 115
21	84 17
21	84 18
21	84 19
21	83 19
21	85 19
21	79 19
21	84 20
21	84 1
21	84 2
21	83 2
21	85 1
21	79 111
21	84 3
21	84 4
21	84 5
21	83 5
21	85 5
21	79 19
21	84 6
21	84 7
21	84 8
21	83 8
21	85 7
21	79 119
21	84 9
21	84 10
21	TEST_NUMBER 4
21	SENT_TOTAL 250
21	RECEIVED_TOTAL 65
21	TIME_TOTAL 29747
21	RECEIVED_RADIO_1 0
21	RECEIVED_RADIO_2 66
21	SENT_RADIO_1 125
21	SENT_RADIO_2 125
21	RADIO_TIME_1 19843
21	RADIO_TIME_2 29788
21	RETRANSMISSIONS_1 0
21	RETRANSMISSIONS_2 1
21	DROPPED_1 0
21	DROPPED_2 0
21	MAX_QUEUE 1
21	DUPLICATED_1 0
21	DUPLICATED_2 0
21	EBUSY_RADIO_1 0
21	EBUSY_RADIO_2 0
21	84 1
21	83 1
21	85 1
21	79 15
21	84 2
21	84 3
21	84 4
21	83 4
21	85 3
21	79 115
21	84 5
21	84 6
21	84 7
21	83 7
21	85 7
21	79 11
21	84 8
21	84 9
21	84 10
21	83 10
21	85 9
21	79 118
21	84 11
21	84 12
21	84 13
21	83 13
21	85 13
21	79 14
21	84 14
21	84 15
21	84 16
21	83 16
21	85 15
21	79 118
21	84 17
21	84 18
21	84 19
21	83 19
21	85 19
21	79 15
21	84 20
21	84 1
21	84 2
21	83 2
21	85 1
21	79 121
21	84 3
21	84 4
21	84 5
21	83 5
21	85 5
21	79 16
21	84 6
21	84 7
21	84 8
21	83 8
21	85 7
21	79 110
21	84 9
21	84 10
21	84 11
21	83 11
21	85 11
21	79 13
21	84 12
21	84 13
21	84 14
21	83 14
21	85 13
21	79 101
21	84 15
21	84 16
21	84 17
21	83 17
21	85 17
21	79 13
21	84 18
21	84 19
21	84 20
21	83 20
21	85 19
21	79 113
21	84 1
21	84 2
21	84 3
21	83 3
21	85 3
21	79 13
21	84 4
21	84 5
21	84 6
21	83 6
21	85 5
21	79 116
21	84 7
21	84 8
21	84 9
21	83 9
21	85 9
21	79 14
21	84 10
21	84 11
21	84 12
21	83 12
21	85 11
21	79 131
21	84 13
21	84 14
21	84 15
21	83 15
21	85 15
21	79 17
21	84 16
21	84 17
21	84 18
21	83 18
21	85 17
21	79 117
21	84 19
21	84 20
21	84 1
21	83 1
21	85 1
21	79 14
21	84 2
21	84 3
21	84 4
21	83 4
21	85 3
21	79 113
21	84 5
21	84 6
21	84 7
21	83 7
21	85 7
21	79 12
21	84 8
21	84 9
21	84 10
21	83 10
21	85 9
21	79 114
21	84 11
21	84 12
21	84 13
21	83 13
21	85 13
21	79 16
21	84 14
21	84 15
21	84 16
21	83 16
21	85 15
21	79 110
21	84 17
21	84 18
21	84 19
21	83 19
21	85 19
21	79 17
21	84 20
21	84 1
21	84 2
21	83 2
21	85 1
21	79 125
21	84 3
21	84 4
21	84 5
21	83 5
21	85 5
21	79 16
21	84 6
21	84 7
21	84 8
21	83 8
21	85 7
21	79 106
21	84 9
21	84 10
21	84 11
21	83 11
21	85 11
21	79 12
21	84 12
21	84 13
21	84 14
21	83 14
21	85 13
21	79 128
21	84 15
21	84 16
21	84 17
21	83 17
21	85 17
21	79 13
21	84 18
21	84 19
21	84 20
21	83 20
21	85 19
21	79 118
21	84 1
21	84 2
21	84 3
21	83 3
21	85 3
21	79 16
21	84 4
21	84 5
21	84 6
21	83 6
21	85 5
21	79 116
21	84 7
21	84 8
21	84 9
21	83 9
21	85 9
21	79 11
21	84 10
21	84 11
21	84 12
21	83 12
21	85 11
21	79 131
21	84 13
21	84 14
21	84 15
21	83 15
21	85 15
21	79 15
21	84 16
21	84 17
21	84 18
21	83 18
21	85 17
21	79 118
21	84 19
21	84 20
21	84 1
21	83 1
21	85 1
21	79 19
21	84 2
21	84 3
21	84 4
21	83 4
21	85 3
21	79 108
21	84 5
21	84 6
21	84 7
21	83 7
21	85 7
21	79 14
21	84 8
21	84 9
21	84 10
21	83 10
21	85 9
21	79 124
21	84 11
21	84 12
21	84 13
21	83 13
21	85 13
21	79 18
21	84 14
21	84 15
21	84 16
21	83 16
21	85 15
21	79 103
21	84 17
21	84 18
21	84 19
21	83 19
21	85 19
21	79 15
21	84 20
21	84 1
21	84 2
21	83 2
21	85 1
21	79 109
21	84 3
21	84 4
21	84 5
21	83 5
21	85 5
21	79 12
21	84 6
21	84 7
21	84 8
21	83 8
21	85 7
21	79 120
21	84 9
21	84 10
21	84 11
21	83 11
21	85 11
21	79 15
21	84 12
21	84 13
21	84 14
21	83 14
21	85 13
21	79 123
21	84 15
21	84 16
21	84 17
21	83 17
21	85 17
21	79 15
21	84 18
21	84 19
21	84 20
21	83 20
21	85 19
21	79 109
21	84 1
21	84 2
21	84 3
21	83 3
21	85 3
21	79 13
21	84 4
21	84 5
21	84 6
21	83 6
21	85 5
21	79 128
21	84 7
21	84 8
21	84 9
21	83 9
21	85 9
21	79 16
21	84 10
21	84 11
21	84 12
21	83 12
21	85 11
21	79 121
21	84 13
21	84 14
21	84 15
21	83 15
21	85 15
21	79 17
21	84 16
21	84 17
21	84 18
21	83 18
21	85 17
21	79 113
21	84 19
21	84 20
21	84 1
21	83 1
21	85 1
21	79 17
21	84 2
21	84 3
21	84 4
21	83 4
21	85 3
21	79 121
21	84 5
21	84 6
21	84 7
21	83 7
21	85 7
21	79 13
21	84 8
21	84 9
21	84 10
21	83 10
21	85 9
21	79 112
21	84 11
21	84 12
21	84 13
21	83 13
21	85 13
21	79 16
21	84 14
21	84 15
21	84 16
21	83 16
21	85 15
21	79 125
21	84 17
21	84 18
21	84 19
21	83 19
21	85 19
21	79 18
21	84 20
21	84 1
21	84 2
21	83 2
21	85 1
21	79 107
21	84 3
21	84 4
21	84 5
21	83 5
21	85 5
21	79 16
21	84 6
21	84 7
21	84 8
21	83 8
21	85 7
21	79 123
21	84 9
21	84 10
21	84 11
21	83 11
21	85 11
21	79 18
21	84 12
21	84 13
21	84 14
21	83 14
21	85 13
21	79 120
21	84 15
21	84 16
21	84 17
21	83 17
21	85 17
21	79 17
21	84 18
21	84 19
21	84 20
21	83 20
21	85 19
21	79 117
21	84 1
21	84 2
21	84 3
21	83 3
21	85 3
21	79 17
21	84 4
21	84 5
21	84 6
21	83 6
21	85 5
21	79 114
21	84 7
21	84 8
21	84 9
21	83 9
21	85 9
21	79 16
21	84 10
21	84 11
21	84 12
21	83 12
21	85 11
21	79 131
21	84 13
21	84 14
21	84 15
21	83 15
21	85 15
21	79 11
21	84 16
21	84 17
21	84 18
21	83 18
21	85 17
21	79 120
21	84 19
21	84 20
21	84 1
21	83 1
21	85 1
21	79 14
21	84 2
21	84 3
21	84 4
21	83 4
21	85 3
21	79 126
21	84 5
21	84 6
21	84 7
21	83 7
21	85 7
21	79 16
21	84 8
21	84 9
21	84 10
21	TEST_NUMBER 5
21	SENT_TOTAL 250
21	RECEIVED_TOTAL 83
21	TIME_TOTAL 19605
21	RECEIVED_RADIO_1 0
21	RECEIVED_RADIO_2 83
21	SENT_RADIO_1 125
21	SENT_RADIO_2 125
21	RADIO_TIME_1 19763
21	RADIO_TIME_2 19763
21	RETRANSMISSIONS_1 0
21	RETRANSMISSIONS_2 0
21	DROPPED_1 0
21	DROPPED_2 0
21	MAX_QUEUE 1
21	DUPLICATED_1 0
21	DUPLICATED_2 0
21	EBUSY_RADIO_1 0
21	EBUSY_RADIO_2 0
21	83 0
21	85 9
21	86 5
21	84 1
21	84 2
21	84 3
21	83 3
21	85 3
21	79 15
21	84 4
21	84 5
21	84 6
21	83 6
21	85 5
21	79 116
21	84 7
21	84 8
21	84 9
21	83 9
21	85 9
21	79 17
21	84 10
21	84 11
21	84 12
21	83 12
21	85 11
21	79 117
21	84 13
21	84 14
21	84 15
21	83 15
21	85 15
21	79 16
21	84 16
21	84 17
21	84 18
21	83 18
21	85 17
21	79 112
21	84 19
21	84 20
21	84 1
21	83 1
21	85 1
21	79 16
21	84 2
21	84 3
21	84 4
21	83 4
21	85 3
21	79 105
21	84 5
21	84 6
21	84 7
21	83 7
21	85 7
21	79 16
21	84 8
21	84 9
21	84 10
21	83 10
21	85 9
21	79 112
21	84 11
21	84 12
21	84 13
21	83 13
21	85 13
21	79 17
21	84 14
21	84 15
21	84 16
21	83 16
21	85 15
21	79 125
21	84 17
21	84 18
21	84 19
21	83 19
21	85 19
21	79 12
21	84 20
21	84 1
21	84 2
21	83 2
21	85 1
21	79 124
21	84 3
21	84 4
21	84 5
21	83 5
21	85 5
21	79 13
21	84 6
21	84 7
21	84 8
21	83 8
21	85 7
21	79 113
21	84 9
21	84 10
21	84 11
21	83 11
21	85 11
21	79 16
21	84 12
21	84 13
21	84 14
21	83 14
21	85 13
21	79 118
21	84 15
21	84 16
21	84 17
21	83 17
21	85 17
21	79 15
21	84 18
21	84 19
21	84 20
21	83 20
21	85 19
21	79 111
21	84 1
21	84 2
21	84 3
21	83 3
21	85 3
21	79 17
21	84 4
21	84 5
21	84 6
21	83 6
21	85 5
21	79 116
21	84 7
21	84 8
21	84 9
21	83 9
21	85 9
21	79 18
21	84 10
21	84 11
21	84 12
21	83 12
21	85 11
21	79 114
21	84 13
21	84 14
21	84 15
21	83 15
21	85 15
21	79 17
21	84 16
21	84 17
21	84 18
21	83 18
21	85 17
21	79 121
21	84 19
21	84 20
21	84 1
21	83 1
21	85 1
21	79 16
21	84 2
21	84 3
21	84 4
21	83 4
21	85 3
21	79 105
21	84 5
21	84 6
21	84 7
21	83 7
21	85 7
21	79 18
21	84 8
21	84 9
21	84 10
21	83 10
21	85 9
21	79 123
21	84 11
21	84 12
21	84 13
21	83 13
21	85 13
21	79 17
21	84 14
21	84 15
21	84 16
21	83 16
21	85 15
21	79 132
21	84 17
21	84 18
21	84 19
21	83 19
21	85 19
21	79 14
21	84 20
21	84 1
21	84 2
21	83 2
21	85 1
21	79 129
21	84 3
21	84 4
21	84 5
21	83 5
21	85 5
21	79 17
21	84 6
21	84 7
21	84 8
21	83 8
21	85 7
21	79 128
21	84 9
21	84 10
21	84 11
21	83 11
21	85 11
21	79 16
21	84 12
21	84 13
21	84 14
21	83 14
21	85 13
21	79 115
21	84 15
21	84 16
21	84 17
21	83 17
21	85 17
21	79 12
21	84 18
21	84 19
21	84 20
21	83 20
21	85 19
21	79 101
21	84 1
21	84 2
21	84 3
21	83 3
21	85 3
21	79 15
21	84 4
21	84 5
21	84 6
21	83 6
21	85 5
21	79 123
21	84 7
21	84 8
21	84 9
21	83 9
21	85 9
21	79 14
21	84 10
21	84 11
21	84 12
21	83 12
21	85 11
21	79 118
21	84 13
21	84 14
21	84 15
21	83 15
21	85 15
21	79 16
21	84 16
21	84 17
21	84 18
21	83 18
21	85 17
21	79 108
21	84 19
21	84 20
21	84 1
21	83 1
21	85 1
21	79 13
21	84 2
21	84 3
21	84 4
21	83 4
21	85 3
21	79 117
21	84 5
21	84 6
21	84 7
21	83 7
21	85 7
21	79 16
21	84 8
21	84 9
21	84 10
21	83 10
21	85 9
21	79 116
21	84 11
21	84 12
21	84 13
21	83 13
21	85 13
21	79 15
21	84 14
21	84 15
21	84 16
21	83 16
21	85 15
21	79 121
21	84 17
21	84 18
21	84 19
21	83 19
21	85 19
21	79 15
21	84 20
21	84 1
21	84 2
21	83 2
21	85 1
21	79 106
21	84 3
21	84 4
21	84 5
21	83 5
21	85 5
21	79 14
21	84 6
21	84 7
21	84 8
21	83 8
21	85 7
21	79 122
21	84 9
21	84 10
21	84 11
21	83 11
21	85 11
21	79 15
21	84 12
21	84 13
21	84 14
21	83 14
21	85 13
21	79 116
21	84 15
21	84 16
21	84 17
21	83 17
21	85 17
21	79 16
21	84 18
21	84 19
21	84 20
21	83 20
21	85 19
21	79 114
21	84 1
21	84 2
21	84 3
21	83 3
21	85 3
21	79 11
21	84 4
21	84 5
21	84 6
21	83 6
21	85 5
21	79 123
21	84 7
21	84 8
21	84 9
21	83 9
21	85 9
21	79 13
21	84 10
21	84 11
21	84 12
21	83 12
21	85 11
21	79 117
21	84 13
21	84 14
21	84 15
21	83 15
21	85 15
21	79 13
21	84 16
21	84 17
21	84 18
21	83 18
21	85 17
21	79 129
21	84 19
21	84 20
21	84 1
21	83 1
21	85 1
21	79 16
21	84 2
21	84 3
21	84 4
21	83 4
21	85 3
21	79 121
21	84 5
21	84 6
21	84 7
21	83 7
21	85 7
21	79 14
21	84 8
21	84 9
21	84 10
21	83 10
21	85 9
21	79 107
21	84 11
21	84 12
21	84 13
21	83 13
21	85 13
21	79 16
21	84 14
21	84 15
21	84 16
21	83 16
21	85 15
21	79 111
21	84 17
21	84 18
21	84 19
21	83 19
21	85 19
21	79 16
21	84 20
21	84 1
21	84 2
21	83 2
21	85 1
21	79 139
21	84 3
21	84 4
21	84 5
21	83 5
21	85 5
21	79 16
21	84 6
21	84 7
21	84 8
21	83 8
21	85 7
21	79 129
21	84 9
21	84 10
21	84 11
21	83 11
21	85 11
21	79 14
21	84 12
21	84 13
21	84 14
21	83 14
21	85 13
21	79 123
21	84 15
21	84 16
21	84 17
21	83 17
21	85 17
21	79 16
21	84 18
21	84 19
21	84 20
21	83 20
21	85 19
21	79 124
21	84 1
21	84 2
21	84 3
21	83 3
21	85 3
21	79 14
21	84 4
21	84 5
21	84 6
21	83 6
21	85 5
21	79 127
21	84 7
21	84 8
21	84 9
21	83 9
21	85 9
21	79 16
21	84 10
21	TEST_NUMBER 6
21	SENT_TOTAL 250
21	RECEIVED_TOTAL 83
21	TIME_TOTAL 29772
21	RECEIVED_RADIO_1 0
21	RECEIVED_RADIO_2 84
21	SENT_RADIO_1 125
21	SENT_RADIO_2 125
21	RADIO_TIME_1 19763
21	RADIO_TIME_2 29772
21	RETRANSMISSIONS_1 0
21	RETRANSMISSIONS_2 0
21	DROPPED_1 0
21	DROPPED_2 0
21	MAX_QUEUE 1
21	DUPLICATED_1 0
21	DUPLICATED_2 0
21	EBUSY_RADIO_1 0
21	EBUSY_RADIO_2 0

23	RELAY_NODE 23
23	TEST_NUMBER 0
23	SENT_TOTAL 0
23	RECEIVED_TOTAL 0
23	TIME_TOTAL 0
23	RECEIVED_RADIO_1 108
23	RECEIVED_RADIO_2 5
23	SENT_RADIO_1 5
23	SENT_RADIO_2 108
23	RADIO_TIME_1 17058
23	RADIO_TIME_2 17058
23	RETRANSMISSIONS_1 0
23	RETRANSMISSIONS_2 2
23	DROPPED_1 0
23	DROPPED_2 0
23	MAX_QUEUE 1
23	DUPLICATED_1 1
23	DUPLICATED_2 0
23	EBUSY_RADIO_1 0
23	EBUSY_RADIO_2 0
23	TEST_NUMBER 1
23	SENT_TOTAL 0
23	RECEIVED_TOTAL 0
23	TIME_TOTAL 0
23	RECEIVED_RADIO_1 125
23	RECEIVED_RADIO_2 3
23	SENT_RADIO_1 3
23	SENT_RADIO_2 125
23	RADIO_TIME_1 29721
23	RADIO_TIME_2 29721
23	RETRANSMISSIONS_1 0
23	RETRANSMISSIONS_2 1
23	DROPPED_1 0
23	DROPPED_2 0
23	MAX_QUEUE 1
23	DUPLICATED_1 0
23	DUPLICATED_2 0
23	EBUSY_RADIO_1 0
23	EBUSY_RADIO_2 1
23	TEST_NUMBER 2
23	SENT_TOTAL 0
23	RECEIVED_TOTAL 0
23	TIME_TOTAL 0
23	RECEIVED_RADIO_1 125
23	RECEIVED_RADIO_2 2
23	SENT_RADIO_1 2
23	SENT_RADIO_2 125
23	RADIO_TIME_1 29723
23	RADIO_TIME_2 29723
23	RETRANSMISSIONS_1 0
23	RETRANSMISSIONS_2 0
23	DROPPED_1 0
23	DROPPED_2 0
23	MAX_QUEUE 1
23	DUPLICATED_1 0
23	DUPLICATED_2 0
23	EBUSY_RADIO_1 0
23	EBUSY_RADIO_2 0
23	TEST_NUMBER 3
23	SENT_TOTAL 0
23	RECEIVED_TOTAL 0
23	TIME_TOTAL 0
23	RECEIVED_RADIO_1 125
23	RECEIVED_RADIO_2 1
23	SENT_RADIO_1 1
23	SENT_RADIO_2 125
23	RADIO_TIME_1 29728
23	RADIO_TIME_2 29728
23	RETRANSMISSIONS_1 0
23	RETRANSMISSIONS_2 0
23	DROPPED_1 0
23	DROPPED_2 0
23	MAX_QUEUE 1
23	DUPLICATED_1 1
23	DUPLICATED_2 0
23	EBUSY_RADIO_1 0
23	EBUSY_RADIO_2 0
23	TEST_NUMBER 4
23	SENT_TOTAL 0
23	RECEIVED_TOTAL 0
23	TIME_TOTAL 0
23	RECEIVED_RADIO_1 125
23	RECEIVED_RADIO_2 0
23	SENT_RADIO_1 0
23	SENT_RADIO_2 125
23	RADIO_TIME_1 29638
23	RADIO_TIME_2 29638
23	RETRANSMISSIONS_1 0
23	RETRANSMISSIONS_2 0
23	DROPPED_1 0
23	DROPPED_2 0
23	MAX_QUEUE 1
23	DUPLICATED_1 0
23	DUPLICATED_2 0
23	EBUSY_RADIO_1 0
23	EBUSY_RADIO_2 0
23	TEST_NUMBER 5
23	SENT_TOTAL 0
23	RECEIVED_TOTAL 0
23	TIME_TOTAL 0
23	RECEIVED_RADIO_1 125
23	RECEIVED_RADIO_2 0
23	SENT_RADIO_1 0
23	SENT_RADIO_2 125
23	RADIO_TIME_1 29718
23	RADIO_TIME_2 29718
23	RETRANSMISSIONS_1 0
23	RETRANSMISSIONS_2 0
23	DROPPED_1 0
23	DROPPED_2 0
23	MAX_QUEUE 1
23	DUPLICATED_1 0
23	DUPLICATED_2 0
23	EBUSY_RADIO_1 0
23	EBUSY_RADIO_2 0
23	TEST_NUMBER 6
23	SENT_TOTAL 0
23	RECEIVED_TOTAL 0
23	TIME_TOTAL 0
23	RECEIVED_RADIO_1 125
23	RECEIVED_RADIO_2 0
23	SENT_RADIO_1 0
23	SENT_RADIO_2 125
23	RADIO_TIME_1 29722
23	RADIO_TIME_2 29722
23	RETRANSMISSIONS_1 0
23	RETRANSMISSIONS_2 0
23	DROPPED_1 0
23	DROPPED_2 0
23	MAX_QUEUE 1
23	DUPLICATED_1 0
23	DUPLICATED_2 0
23	EBUSY_RADIO_1 0
23	EBUSY_RADIO_2 0

24	RELAY_NODE 24
24	TEST_NUMBER 0
24	SENT_TOTAL 0
24	RECEIVED_TOTAL 0
24	TIME_TOTAL 0
24	RECEIVED_RADIO_1 5
24	RECEIVED_RADIO_2 112
24	SENT_RADIO_1 112
24	SENT_RADIO_2 5
24	RADIO_TIME_1 17692
24	RADIO_TIME_2 17692
24	RETRANSMISSIONS_1 1
24	RETRANSMISSIONS_2 0
24	DROPPED_1 0
24	DROPPED_2 0
24	MAX_QUEUE 1
24	DUPLICATED_1 0
24	DUPLICATED_2 0
24	EBUSY_RADIO_1 0
24	EBUSY_RADIO_2 0
24	TEST_NUMBER 1
24	SENT_TOTAL 0
24	RECEIVED_TOTAL 0
24	TIME_TOTAL 0
24	RECEIVED_RADIO_1 3
24	RECEIVED_RADIO_2 125
24	SENT_RADIO_1 125
24	SENT_RADIO_2 3
24	RADIO_TIME_1 29727
24	RADIO_TIME_2 29727
24	RETRANSMISSIONS_1 0
24	RETRANSMISSIONS_2 0
24	DROPPED_1 0
24	DROPPED_2 0
24	MAX_QUEUE 1
24	DUPLICATED_1 0
24	DUPLICATED_2 0
24	EBUSY_RADIO_1 0
24	EBUSY_RADIO_2 0
24	TEST_NUMBER 2
24	SENT_TOTAL 0
24	RECEIVED_TOTAL 0
24	TIME_TOTAL 0
24	RECEIVED_RADIO_1 2
24	RECEIVED_RADIO_2 125
24	SENT_RADIO_1 125
24	SENT_RADIO_2 2
24	RADIO_TIME_1 29726
24	RADIO_TIME_2 29726
24	RETRANSMISSIONS_1 0
24	RETRANSMISSIONS_2 0
24	DROPPED_1 0
24	DROPPED_2 0
24	MAX_QUEUE 1
24	DUPLICATED_1 0
24	DUPLICATED_2 0
24	EBUSY_RADIO_1 0
24	EBUSY_RADIO_2 0
24	TEST_NUMBER 3
24	SENT_TOTAL 0
24	RECEIVED_TOTAL 0
24	TIME_TOTAL 0
24	RECEIVED_RADIO_1 1
24	RECEIVED_RADIO_2 125
24	SENT_RADIO_1 125
24	SENT_RADIO_2 1
24	RADIO_TIME_1 29723
24	RADIO_TIME_2 29723
24	RETRANSMISSIONS_1 1
24	RETRANSMISSIONS_2 0
24	DROPPED_1 0
24	DROPPED_2 0
24	MAX_QUEUE 1
24	DUPLICATED_1 0
24	DUPLICATED_2 0
24	EBUSY_RADIO_1 0
24	EBUSY_RADIO_2 0
24	TEST_NUMBER 4
24	SENT_TOTAL 0
24	RECEIVED_TOTAL 0
24	TIME_TOTAL 0
24	RECEIVED_RADIO_1 0
24	RECEIVED_RADIO_2 126
24	SENT_RADIO_1 126
24	SENT_RADIO_2 0
24	RADIO_TIME_1 29804
24	RADIO_TIME_2 29804
24	RETRANSMISSIONS_1 0
24	RETRANSMISSIONS_2 0
24	DROPPED_1 0
24	DROPPED_2 0
24	MAX_QUEUE 1
24	DUPLICATED_1 0
24	DUPLICATED_2 0
24	EBUSY_RADIO_1 0
24	EBUSY_RADIO_2 0
24	TEST_NUMBER 5
24	SENT_TOTAL 0
24	RECEIVED_TOTAL 0
24	TIME_TOTAL 0
24	RECEIVED_RADIO_1 0
24	RECEIVED_RADIO_2 125
24	SENT_RADIO_1 125
24	SENT_RADIO_2 0
24	RADIO_TIME_1 29722
24	RADIO_TIME_2 29722
24	RETRANSMISSIONS_1 0
24	RETRANSMISSIONS_2 0
24	DROPPED_1 0
24	DROPPED_2 0
24	MAX_QUEUE 1
24	DUPLICATED_1 0
24	DUPLICATED_2 0
24	EBUSY_RADIO_1 0
24	EBUSY_RADIO_2 0
24	TEST_NUMBER 6
24	SENT_TOTAL 0
24	RECEIVED_TOTAL 0
24	TIME_TOTAL 0
24	RECEIVED_RADIO_1 0
24	RECEIVED_RADIO_2 125
24	SENT_RADIO_1 125
24	SENT_RADIO_2 0
24	RADIO_TIME_1 29720
24	RADIO_TIME_2 29720
24	RETRANSMISSIONS_1 0
24	RETRANSMISSIONS_2 0
24	DROPPED_1 0
24	DROPPED_2 0
24	MAX_QUEUE 1
24	DUPLICATED_1 0
24	DUPLICATED_2 0
24	EBUSY_RADIO_1 0
24	EBUSY_RADIO_2 0

46	RELAY_NODE 46
46	TEST_NUMBER 0
46	SENT_TOTAL 0
46	RECEIVED_TOTAL 0
46	TIME_TOTAL 0
46	RECEIVED_RADIO_1 120
46	RECEIVED_RADIO_2 5
46	SENT_RADIO_1 5
46	SENT_RADIO_2 120
46	RADIO_TIME_1 18969
46	RADIO_TIME_2 18969
46	RETRANSMISSIONS_1 0
46	RETRANSMISSIONS_2 0
46	DROPPED_1 0
46	DROPPED_2 0
46	MAX_QUEUE 1
46	DUPLICATED_1 0
46	DUPLICATED_2 0
46	EBUSY_RADIO_1 0
46	EBUSY_RADIO_2 0
46	TEST_NUMBER 1
46	SENT_TOTAL 0
46	RECEIVED_TOTAL 0
46	TIME_TOTAL 0
46	RECEIVED_RADIO_1 125
46	RECEIVED_RADIO_2 3
46	SENT_RADIO_1 3
46	SENT_RADIO_2 125
46	RADIO_TIME_1 29724
46	RADIO_TIME_2 29723
46	RETRANSMISSIONS_1 0
46	RETRANSMISSIONS_2 0
46	DROPPED_1 0
46	DROPPED_2 0
46	MAX_QUEUE 1
46	DUPLICATED_1 0
46	DUPLICATED_2 0
46	EBUSY_RADIO_1 0
46	EBUSY_RADIO_2 0
46	TEST_NUMBER 2
46	SENT_TOTAL 0
46	RECEIVED_TOTAL 0
46	TIME_TOTAL 0
46	RECEIVED_RADIO_1 125
46	RECEIVED_RADIO_2 2
46	SENT_RADIO_1 2
46	SENT_RADIO_2 125
46	RADIO_TIME_1 29722
46	RADIO_TIME_2 29722
46	RETRANSMISSIONS_1 0
46	RETRANSMISSIONS_2 0
46	DROPPED_1 0
46	DROPPED_2 0
46	MAX_QUEUE 1
46	DUPLICATED_1 0
46	DUPLICATED_2 0
46	EBUSY_RADIO_1 0
46	EBUSY_RADIO_2 0
46	TEST_NUMBER 3
46	SENT_TOTAL 0
46	RECEIVED_TOTAL 0
46	TIME_TOTAL 0
46	RECEIVED_RADIO_1 125
46	RECEIVED_RADIO_2 1
46	SENT_RADIO_1 1
46	SENT_RADIO_2 125
46	RADIO_TIME_1 29723
46	RADIO_TIME_2 29723
46	RETRANSMISSIONS_1 0
46	RETRANSMISSIONS_2 0
46	DROPPED_1 0
46	DROPPED_2 0
46	MAX_QUEUE 1
46	DUPLICATED_1 0
46	DUPLICATED_2 0
46	EBUSY_RADIO_1 0
46	EBUSY_RADIO_2 0
46	TEST_NUMBER 4
46	SENT_TOTAL 0
46	RECEIVED_TOTAL 0
46	TIME_TOTAL 0
46	RECEIVED_RADIO_1 125
46	RECEIVED_RADIO_2 0
46	SENT_RADIO_1 0
46	SENT_RADIO_2 125
46	RADIO_TIME_1 29648
46	RADIO_TIME_2 29648
46	RETRANSMISSIONS_1 0
46	RETRANSMISSIONS_2 0
46	DROPPED_1 0
46	DROPPED_2 0
46	MAX_QUEUE 1
46	DUPLICATED_1 0
46	DUPLICATED_2 0
46	EBUSY_RADIO_1 0
46	EBUSY_RADIO_2 0
46	TEST_NUMBER 5
46	SENT_TOTAL 0
46	RECEIVED_TOTAL 0
46	TIME_TOTAL 0
46	RECEIVED_RADIO_1 125
46	RECEIVED_RADIO_2 0
46	SENT_RADIO_1 0
46	SENT_RADIO_2 125
46	RADIO_TIME_1 29727
46	RADIO_TIME_2 29728
46	RETRANSMISSIONS_1 0
46	RETRANSMISSIONS_2 0
46	DROPPED_1 0
46	DROPPED_2 0
46	MAX_QUEUE 1
46	DUPLICATED_1 0
46	DUPLICATED_2 0
46	EBUSY_RADIO_1 0
46	EBUSY_RADIO_2 0
46	TEST_NUMBER 6
46	SENT_TOTAL 0
46	RECEIVED_TOTAL 0
46	TIME_TOTAL 0
46	RECEIVED_RADIO_1 125
46	RECEIVED_RADIO_2 0
46	SENT_RADIO_1 0
46	SENT_RADIO_2 125
46	RADIO_TIME_1 29726
46	RADIO_TIME_2 29726
46	RETRANSMISSIONS_1 0
46	RETRANSMISSIONS_2 0
46	DROPPED_1 0
46	DROPPED_2 0
46	MAX_QUEUE 1
46	DUPLICATED_1 0
46	DUPLICATED_2 0
46	EBUSY_RADIO_1 0
46	EBUSY_RADIO_2 0
