
21	DESTINATION_NODE 21
21	TEST_NUMBER 0
21	SENT_TOTAL 123
21	RECEIVED_TOTAL 123
21	TIME_TOTAL 19687
21	RECEIVED_RADIO_1 123
21	RECEIVED_RADIO_2 0
21	SENT_RADIO_1 54
21	SENT_RADIO_2 69
21	RADIO_TIME_1 19687
21	RADIO_TIME_2 19371
21	RETRANSMISSIONS_1 18
21	RETRANSMISSIONS_2 0
21	DROPPED_1 0
21	DROPPED_2 0
21	MAX_QUEUE 1
21	DUPLICATED_1 1
21	DUPLICATED_2 0
21	EBUSY_RADIO_1 0
21	EBUSY_RADIO_2 0
21	86 0
21	TEST_NUMBER 1
21	SENT_TOTAL 121
21	RECEIVED_TOTAL 120
21	TIME_TOTAL 29726
21	RECEIVED_RADIO_1 121
21	RECEIVED_RADIO_2 0
21	SENT_RADIO_1 56
21	SENT_RADIO_2 65
21	RADIO_TIME_1 29726
21	RADIO_TIME_2 29736
21	RETRANSMISSIONS_1 8
21	RETRANSMISSIONS_2 0
21	DROPPED_1 0
21	DROPPED_2 0
21	MAX_QUEUE 1
21	DUPLICATED_1 5
21	DUPLICATED_2 0
21	EBUSY_RADIO_1 0
21	EBUSY_RADIO_2 0
21	86 1
21	TEST_NUMBER 2
21	SENT_TOTAL 221
21	RECEIVED_TOTAL 375
21	TIME_TOTAL 29722
21	RECEIVED_RADIO_1 376
21	RECEIVED_RADIO_2 0
21	SENT_RADIO_1 92
21	SENT_RADIO_2 129
21	RADIO_TIME_1 29722
21	RADIO_TIME_2 19463
21	RETRANSMISSIONS_1 42
21	RETRANSMISSIONS_2 2
21	DROPPED_1 0
21	DROPPED_2 0
21	MAX_QUEUE 98
21	DUPLICATED_1 2
21	DUPLICATED_2 0
21	EBUSY_RADIO_1 0
21	EBUSY_RADIO_2 0
21	86 2
21	TEST_NUMBER 3
21	SENT_TOTAL 121
21	RECEIVED_TOTAL 120
21	TIME_TOTAL 29726
21	RECEIVED_RADIO_1 121
21	RECEIVED_RADIO_2 0
21	SENT_RADIO_1 56
21	SENT_RADIO_2 65
21	RADIO_TIME_1 29726
21	RADIO_TIME_2 29726
21	RETRANSMISSIONS_1 9
21	RETRANSMISSIONS_2 0
21	DROPPED_1 0
21	DROPPED_2 0
21	MAX_QUEUE 1
21	DUPLICATED_1 5
21	DUPLICATED_2 0
21	EBUSY_RADIO_1 0
21	EBUSY_RADIO_2 0
21	86 3
21	TEST_NUMBER 4
21	SENT_TOTAL 123
21	RECEIVED_TOTAL 122
21	TIME_TOTAL 29804
21	RECEIVED_RADIO_1 123
21	RECEIVED_RADIO_2 0
21	SENT_RADIO_1 57
21	SENT_RADIO_2 66
21	RADIO_TIME_1 29804
21	RADIO_TIME_2 19523
21	RETRANSMISSIONS_1 10
21	RETRANSMISSIONS_2 0
21	DROPPED_1 0
21	DROPPED_2 0
21	MAX_QUEUE 1
21	DUPLICATED_1 2
21	DUPLICATED_2 0
21	EBUSY_RADIO_1 0
21	EBUSY_RADIO_2 0
21	TEST_NUMBER 5
21	SENT_TOTAL 121
21	RECEIVED_TOTAL 121
21	TIME_TOTAL 19764
21	RECEIVED_RADIO_1 121
21	RECEIVED_RADIO_2 0
21	SENT_RADIO_1 57
21	SENT_RADIO_2 64
21	RADIO_TIME_1 19764
21	RADIO_TIME_2 19602
21	RETRANSMISSIONS_1 7
21	RETRANSMISSIONS_2 0
21	DROPPED_1 0
21	DROPPED_2 0
21	MAX_QUEUE 1
21	DUPLICATED_1 0
21	DUPLICATED_2 0
21	EBUSY_RADIO_1 0
21	EBUSY_RADIO_2 0
21	TEST_NUMBER 6
21	SENT_TOTAL 123
21	RECEIVED_TOTAL 123
21	TIME_TOTAL 19765
21	RECEIVED_RADIO_1 123
21	RECEIVED_RADIO_2 0
21	SENT_RADIO_1 58
21	SENT_RADIO_2 65
21	RADIO_TIME_1 19765
21	RADIO_TIME_2 19613
21	RETRANSMISSIONS_1 7
21	RETRANSMISSIONS_2 0
21	DROPPED_1 0
21	DROPPED_2 0
21	MAX_QUEUE 1
21	DUPLICATED_1 1
21	DUPLICATED_2 0
21	EBUSY_RADIO_1 0
21	EBUSY_RADIO_2 0

22	SOURCE_NODE 22
22	84 1
22	83 1
22	85 1
22	79 10
22	84 2
22	84 3
22	84 4
22	84 5
22	84 6
22	84 7
22	84 8
22	84 9
22	83 9
22	85 5
22	79 339
22	84 10
22	84 11
22	84 12
22	84 13
22	84 14
22	84 15
22	83 15
22	85 11
22	79 335
22	84 16
22	84 17
22	83 17
22	85 17
22	79 17
22	84 18
22	84 19
22	84 20
22	84 1
22	83 1
22	85 1
22	79 16
22	84 2
22	84 3
22	84 4
22	84 5
22	83 5
22	85 5
22	79 17
22	84 6
22	84 7
22	84 8
22	84 9
22	83 9
22	85 9
22	79 16
22	84 10
22	84 11
22	84 12
22	84 13
22	84 14
22	84 15
22	84 16
22	84 17
22	83 17
22	85 13
22	79 337
22	84 18
22	84 19
22	83 19
22	85 19
22	79 12
22	84 20
22	84 1
22	84 2
22	84 3
22	83 3
22	85 3
22	79 14
22	84 4
22	84 5
22	84 6
22	84 7
22	83 7
22	85 7
22	79 13
22	84 8
22	84 9
22	84 10
22	84 11
22	83 11
22	85 11
22	79 13
22	84 12
22	84 13
22	84 14
22	84 15
22	83 15
22	85 15
22	79 15
22	84 16
22	84 17
22	84 18
22	84 19
22	84 20
22	84 1
22	84 2
22	83 2
22	85 20
22	79 176
22	84 3
22	84 4
22	84 5
22	83 5
22	85 5
22	79 17
22	84 6
22	84 7
22	84 8
22	84 9
22	83 9
22	85 9
22	79 17
22	84 10
22	84 11
22	84 12
22	84 13
22	83 13
22	85 13
22	79 18
22	84 14
22	84 15
22	84 16
22	84 17
22	83 17
22	85 17
22	79 15
22	84 18
22	84 19
22	84 20
22	84 1
22	83 1
22	85 1
22	79 15
22	84 2
22	84 3
22	84 4
22	84 5
22	83 5
22	85 5
22	79 14
22	84 6
22	84 7
22	84 8
22	84 9
22	84 10
22	84 11
22	84 12
22	84 13
22	83 13
22	85 9
22	79 338
22	84 14
22	84 15
22	84 16
22	84 17
22	84 18
22	84 19
22	83 19
22	85 15
22	79 334
22	84 20
22	84 1
22	84 2
22	84 3
22	84 4
22	84 5
22	83 5
22	85 1
22	79 336
22	84 6
22	84 7
22	84 8
22	84 9
22	84 10
22	84 11
22	83 11
22	85 7
22	79 332
22	84 12
22	84 13
22	83 13
22	85 13
22	79 15
22	84 14
22	84 15
22	84 16
22	84 17
22	84 18
22	84 19
22	84 20
22	84 1
22	83 1
22	85 17
22	79 337
22	84 2
22	84 3
22	84 4
22	84 5
22	84 6
22	84 7
22	83 7
22	85 3
22	79 339
22	84 8
22	84 9
22	83 9
22	85 9
22	79 13
22	84 10
22	84 11
22	84 12
22	84 13
22	83 13
22	85 13
22	79 13
22	84 14
22	84 15
22	84 16
22	84 17
22	83 17
22	85 17
22	79 12
22	84 18
22	84 19
22	84 20
22	84 1
22	83 1
22	85 1
22	79 17
22	84 2
22	84 3
22	84 4
22	84 5
22	83 5
22	85 5
22	79 15
22	84 6
22	84 7
22	84 8
22	84 9
22	84 10
22	84 11
22	84 12
22	84 13
22	83 13
22	85 9
22	79 337
22	84 14
22	84 15
22	83 15
22	85 15
22	79 14
22	84 16
22	84 17
22	84 18
22	84 19
22	83 19
22	85 19
22	79 18
22	84 20
22	84 1
22	84 2
22	84 3
22	84 4
22	84 5
22	84 6
22	84 7
22	83 7
22	85 3
22	79 337
22	84 8
22	84 9
22	83 9
22	85 9
22	79 16
22	84 10
22	84 11
22	84 12
22	84 13
22	84 14
22	84 15
22	83 15
22	85 15
22	79 18
22	84 16
22	84 17
22	84 18
22	84 19
22	83 19
22	85 19
22	79 17
22	84 20
22	84 1
22	84 2
22	84 3
22	84 4
22	84 5
22	84 6
22	84 7
22	83 7
22	85 3
22	79 337
22	84 8
22	84 9
22	83 9
22	85 9
22	79 15
22	84 10
22	84 11
22	84 12
22	84 13
22	83 13
22	85 13
22	79 16
22	84 14
22	84 15
22	84 16
22	84 17
22	84 18
22	84 19
22	84 20
22	84 1
22	83 1
22	85 17
22	79 344
22	84 2
22	84 3
22	83 3
22	85 3
22	79 14
22	84 4
22	84 5
22	84 6
22	84 7
22	84 8
22	84 9
22	84 10
22	84 11
22	83 11
22	85 7
22	79 334
22	84 12
22	84 13
22	83 13
22	85 13
22	79 14
22	84 14
22	84 15
22	84 16
22	84 17
22	83 17
22	85 17
22	79 19
22	84 18
22	84 19
22	84 20
22	84 1
22	83 1
22	85 1
22	79 15
22	84 2
22	84 3
22	84 4
22	84 5
22	83 5
22	85 5
22	79 14
22	84 6
22	84 7
22	84 8
22	84 9
22	83 9
22	85 9
22	79 17
22	84 10
22	84 11
22	84 12
22	84 13
22	83 13
22	85 13
22	79 14
22	84 14
22	84 15
22	84 16
22	84 17
22	83 17
22	85 17
22	79 11
22	84 18
22	84 19
22	84 20
22	84 1
22	84 2
22	84 3
22	84 4
22	84 5
22	84 6
22	83 6
22	85 1
22	79 413
22	84 7
22	84 8
22	83 8
22	85 8
22	79 17
22	84 9
22	84 10
22	TEST_NUMBER 0
22	SENT_TOTAL 250
22	RECEIVED_TOTAL 54
22	TIME_TOTAL 19690
22	RECEIVED_RADIO_1 54
22	RECEIVED_RADIO_2 0
22	SENT_RADIO_1 123
22	SENT_RADIO_2 126
22	RADIO_TIME_1 19843
22	RADIO_TIME_2 19683
22	RETRANSMISSIONS_1 3
22	RETRANSMISSIONS_2 0
22	DROPPED_1 0
22	DROPPED_2 0
22	MAX_QUEUE 1
22	DUPLICATED_1 1
22	DUPLICATED_2 0
22	EBUSY_RADIO_1 0
22	EBUSY_RADIO_2 0
22	84 1
22	84 2
22	83 2
22	85 2
22	79 16
22	84 3
22	84 4
22	84 5
22	84 6
22	83 6
22	85 6
22	79 16
22	84 7
22	84 8
22	84 9
22	84 10
22	83 10
22	85 10
22	79 15
22	84 11
22	84 12
22	84 13
22	84 14
22	83 14
22	85 14
22	79 14
22	84 15
22	84 16
22	84 17
22	84 18
22	83 18
22	85 18
22	79 13
22	84 19
22	84 20
22	84 1
22	84 2
22	84 3
22	84 4
22	84 5
22	84 6
22	84 7
22	83 7
22	85 2
22	79 415
22	84 8
22	84 9
22	84 10
22	84 11
22	84 12
22	84 13
22	83 13
22	85 9
22	79 335
22	84 14
22	84 15
22	83 15
22	85 15
22	79 16
22	84 16
22	84 17
22	84 18
22	84 19
22	83 19
22	85 19
22	79 17
22	84 20
22	84 1
22	84 2
22	84 3
22	84 4
22	83 4
22	85 4
22	79 17
22	84 5
22	84 6
22	84 7
22	84 8
22	83 8
22	85 8
22	79 15
22	84 9
22	84 10
22	84 11
22	84 12
22	83 12
22	85 12
22	79 15
22	84 13
22	84 14
22	84 15
22	84 16
22	83 16
22	85 16
22	79 15
22	84 17
22	84 18
22	84 19
22	84 20
22	83 20
22	85 20
22	79 18
22	84 1
22	84 2
22	84 3
22	84 4
22	83 4
22	85 4
22	79 19
22	84 5
22	84 6
22	84 7
22	84 8
22	83 8
22	85 8
22	79 14
22	84 9
22	84 10
22	84 11
22	84 12
22	83 12
22	85 12
22	79 11
22	84 13
22	84 14
22	84 15
22	84 16
22	83 16
22	85 16
22	79 14
22	84 17
22	84 18
22	84 19
22	84 20
22	83 20
22	85 20
22	79 12
22	84 1
22	84 2
22	84 3
22	84 4
22	83 4
22	85 4
22	79 15
22	84 5
22	84 6
22	84 7
22	84 8
22	83 8
22	85 8
22	79 14
22	84 9
22	84 10
22	84 11
22	84 12
22	83 12
22	85 12
22	79 15
22	84 13
22	84 14
22	84 15
22	84 16
22	84 17
22	84 18
22	84 19
22	84 20
22	84 1
22	83 1
22	85 17
22	79 338
22	84 2
22	84 3
22	83 3
22	85 3
22	79 14
22	84 4
22	84 5
22	84 6
22	84 7
22	83 7
22	85 7
22	79 13
22	84 8
22	84 9
22	84 10
22	84 11
22	83 11
22	85 11
22	79 15
22	84 12
22	84 13
22	84 14
22	84 15
22	83 15
22	85 15
22	79 18
22	84 16
22	84 17
22	84 18
22	84 19
22	83 19
22	85 19
22	79 12
22	84 20
22	84 1
22	84 2
22	84 3
22	83 3
22	85 3
22	79 19
22	84 4
22	84 5
22	84 6
22	84 7
22	83 7
22	85 7
22	79 17
22	84 8
22	84 9
22	84 10
22	84 11
22	83 11
22	85 11
22	79 15
22	84 12
22	84 13
22	84 14
22	84 15
22	84 16
22	84 17
22	83 17
22	85 15
22	79 175
22	84 18
22	84 19
22	84 20
22	83 20
22	85 20
22	79 16
22	84 1
22	84 2
22	84 3
22	84 4
22	84 5
22	83 5
22	85 5
22	79 15
22	84 6
22	84 7
22	84 8
22	84 9
22	83 9
22	85 9
22	79 15
22	84 10
22	84 11
22	84 12
22	84 13
22	83 13
22	85 13
22	79 16
22	84 14
22	84 15
22	84 16
22	84 17
22	83 17
22	85 17
22	79 18
22	84 18
22	84 19
22	84 20
22	84 1
22	84 2
22	84 3
22	83 3
22	85 1
22	79 172
22	84 4
22	84 5
22	84 6
22	83 6
22	85 6
22	79 16
22	84 7
22	84 8
22	84 9
22	84 10
22	83 10
22	85 10
22	79 14
22	84 11
22	84 12
22	84 13
22	84 14
22	84 15
22	84 16
22	84 17
22	84 18
22	83 18
22	85 14
22	79 336
22	84 19
22	84 20
22	83 20
22	85 20
22	79 15
22	84 1
22	84 2
22	84 3
22	84 4
22	83 4
22	85 4
22	79 16
22	84 5
22	84 6
22	84 7
22	84 8
22	83 8
22	85 8
22	79 17
22	84 9
22	84 10
22	84 11
22	84 12
22	83 12
22	85 12
22	79 12
22	84 13
22	84 14
22	84 15
22	84 16
22	84 17
22	84 18
22	84 19
22	84 20
22	84 1
22	84 2
22	83 2
22	85 16
22	79 491
22	84 3
22	83 3
22	85 3
22	79 14
22	84 4
22	84 5
22	84 6
22	84 7
22	84 8
22	84 9
22	84 10
22	83 10
22	85 6
22	79 335
22	84 11
22	84 12
22	83 12
22	85 12
22	79 15
22	84 13
22	84 14
22	84 15
22	84 16
22	84 17
22	84 18
22	84 19
22	84 20
22	84 1
22	83 1
22	85 17
22	79 335
22	84 2
22	84 3
22	83 3
22	85 3
22	79 19
22	84 4
22	84 5
22	84 6
22	84 7
22	83 7
22	85 7
22	79 16
22	84 8
22	84 9
22	84 10
22	84 11
22	84 12
22	83 12
22	85 12
22	79 15
22	84 13
22	84 14
22	84 15
22	84 16
22	83 16
22	85 16
22	79 15
22	84 17
22	84 18
22	84 19
22	84 20
22	83 20
22	85 20
22	79 19
22	84 1
22	84 2
22	84 3
22	84 4
22	84 5
22	84 6
22	84 7
22	84 8
22	83 8
22	85 4
22	79 337
22	84 9
22	84 10
22	TEST_NUMBER 1
22	SENT_TOTAL 250
22	RECEIVED_TOTAL 56
22	TIME_TOTAL 19606
22	RECEIVED_RADIO_1 56
22	RECEIVED_RADIO_2 0
22	SENT_RADIO_1 121
22	SENT_RADIO_2 129
22	RADIO_TIME_1 19763
22	RADIO_TIME_2 19763
22	RETRANSMISSIONS_1 9
22	RETRANSMISSIONS_2 1
22	DROPPED_1 0
22	DROPPED_2 0
22	MAX_QUEUE 1
22	DUPLICATED_1 0
22	DUPLICATED_2 0
22	EBUSY_RADIO_1 0
22	EBUSY_RADIO_2 0
22	83 0
22	85 10
22	86 1
22	84 1
22	84 2
22	84 3
22	84 4
22	83 4
22	85 4
22	79 15
22	84 5
22	84 6
22	84 7
22	84 8
22	84 9
22	84 10
22	84 11
22	84 12
22	84 13
22	83 13
22	85 9
22	79 348
22	84 14
22	84 15
22	83 15
22	85 15
22	79 18
22	84 16
22	84 17
22	84 18
22	84 19
22	83 19
22	85 19
22	79 13
22	84 20
22	84 1
22	84 2
22	84 3
22	83 3
22	85 3
22	79 14
22	84 4
22	84 5
22	84 6
22	84 7
22	83 7
22	85 7
22	79 17
22	84 8
22	84 9
22	84 10
22	84 11
22	83 11
22	85 11
22	79 16
22	84 12
22	84 13
22	84 14
22	84 15
22	83 15
22	85 15
22	79 13
22	84 16
22	84 17
22	84 18
22	84 19
22	83 19
22	85 19
22	79 17
22	84 20
22	84 1
22	84 2
22	84 3
22	83 3
22	85 3
22	79 14
22	84 4
22	84 5
22	84 6
22	84 7
22	83 7
22	85 7
22	79 12
22	84 8
22	84 9
22	84 10
22	84 11
22	83 11
22	85 11
22	79 17
22	84 12
22	84 13
22	83 13
22	85 9
22	79 336
22	83 13
22	85 11
22	79 184
22	83 13
22	85 13
22	79 41
22	83 13
22	85 9
22	79 367
22	83 13
22	85 9
22	79 382
22	84 14
22	83 14
22	85 11
22	79 245
22	83 14
22	85 9
22	79 411
22	83 14
22	85 9
22	79 427
22	83 14
22	85 9
22	79 463
22	83 14
22	85 13
22	79 159
22	84 15
22	83 15
22	85 11
22	79 340
22	83 15
22	85 11
22	79 356
22	83 15
22	85 9
22	79 533
22	83 15
22	85 13
22	79 230
22	84 16
22	83 16
22	85 11
22	79 402
22	83 16
22	85 9
22	79 580
22	83 16
22	85 13
22	79 272
22	83 16
22	85 11
22	79 447
22	83 16
22	85 9
22	79 625
22	84 17
22	83 17
22	85 13
22	79 323
22	83 17
22	85 11
22	79 497
22	83 17
22	85 9
22	79 671
22	83 17
22	85 13
22	79 369
22	83 17
22	85 11
22	79 544
22	84 18
22	83 18
22	85 9
22	79 722
22	83 18
22	85 13
22	79 418
22	83 18
22	85 11
22	79 592
22	83 18
22	85 9
22	79 766
22	83 18
22	85 13
22	79 465
22	84 19
22	83 19
22	85 11
22	79 638
22	83 19
22	85 9
22	79 821
22	84 20
22	83 20
22	85 11
22	79 754
22	83 20
22	85 11
22	79 776
22	84 1
22	83 1
22	85 13
22	79 641
22	83 1
22	85 11
22	79 807
22	83 1
22	85 9
22	79 975
22	83 1
22	85 11
22	79 837
22	83 1
22	85 17
22	79 373
22	84 2
22	84 3
22	84 4
22	84 5
22	84 6
22	83 6
22	85 2
22	79 342
22	84 7
22	84 8
22	84 9
22	84 10
22	84 11
22	84 12
22	83 12
22	85 8
22	79 336
22	84 13
22	84 14
22	84 15
22	84 16
22	84 17
22	84 18
22	83 18
22	85 14
22	79 339
22	84 19
22	84 20
22	83 20
22	85 20
22	79 14
22	84 1
22	84 2
22	84 3
22	84 4
22	83 4
22	85 4
22	79 16
22	84 5
22	84 6
22	84 7
22	84 8
22	83 8
22	85 8
22	79 13
22	84 9
22	84 10
22	84 11
22	84 12
22	83 12
22	85 12
22	79 15
22	84 13
22	84 14
22	84 15
22	84 16
22	83 16
22	85 16
22	79 19
22	84 17
22	84 18
22	84 19
22	84 20
22	83 20
22	85 20
22	79 13
22	84 1
22	84 2
22	84 3
22	84 4
22	84 5
22	83 5
22	85 5
22	79 15
22	84 6
22	84 7
22	84 8
22	84 9
22	83 9
22	85 9
22	79 16
22	84 10
22	84 11
22	84 12
22	84 13
22	83 13
22	85 13
22	79 18
22	84 14
22	84 15
22	84 16
22	84 17
22	83 17
22	85 17
22	79 17
22	84 18
22	84 19
22	84 20
22	84 1
22	84 2
22	84 3
22	84 4
22	84 5
22	83 5
22	85 1
22	79 335
22	84 6
22	84 7
22	83 7
22	85 7
22	79 16
22	84 8
22	84 9
22	84 10
22	84 11
22	84 12
22	84 13
22	83 13
22	85 11
22	79 176
22	84 14
22	84 15
22	84 16
22	83 16
22	85 16
22	79 11
22	84 17
22	84 18
22	84 19
22	84 20
22	83 20
22	85 20
22	79 17
22	84 1
22	84 2
22	84 3
22	84 4
22	83 4
22	85 4
22	79 15
22	84 5
22	84 6
22	84 7
22	84 8
22	84 9
22	84 10
22	84 11
22	84 12
22	83 12
22	85 8
22	79 334
22	84 13
22	84 14
22	84 15
22	84 16
22	83 16
22	85 14
22	79 175
22	84 17
22	84 18
22	84 19
22	83 19
22	85 19
22	79 14
22	84 20
22	84 1
22	84 2
22	84 3
22	83 3
22	85 3
22	79 14
22	84 4
22	84 5
22	84 6
22	84 7
22	84 8
22	84 9
22	84 10
22	84 11
22	83 11
22	85 7
22	79 333
22	84 12
22	84 13
22	83 13
22	85 13
22	79 12
22	84 14
22	84 15
22	84 16
22	84 17
22	83 17
22	85 17
22	79 17
22	84 18
22	84 19
22	84 20
22	84 1
22	84 2
22	84 3
22	84 4
22	84 5
22	83 5
22	85 1
22	79 332
22	84 6
22	84 7
22	84 8
22	84 9
22	84 10
22	84 11
22	83 11
22	85 7
22	79 338
22	84 12
22	84 13
22	84 14
22	83 14
22	85 14
22	79 13
22	84 15
22	84 16
22	84 17
22	84 18
22	84 19
22	84 20
22	84 1
22	84 2
22	83 2
22	85 18
22	79 336
22	84 3
22	84 4
22	83 4
22	85 4
22	79 17
22	84 5
22	84 6
22	84 7
22	84 8
22	83 8
22	85 8
22	79 13
22	84 9
22	84 10
22	84 11
22	84 12
22	83 12
22	85 12
22	79 15
22	84 13
22	84 14
22	84 15
22	84 16
22	83 16
22	85 16
22	79 20
22	84 17
22	84 18
22	84 19
22	84 20
22	83 20
22	85 20
22	79 11
22	84 1
22	84 2
22	84 3
22	84 4
22	84 5
22	84 6
22	84 7
22	84 8
22	83 8
22	85 4
22	79 336
22	84 9
22	84 10
22	83 10
22	85 10
22	79 17
22	84 11
22	84 12
22	84 13
22	84 14
22	83 14
22	85 14
22	79 15
22	84 15
22	84 16
22	84 17
22	84 18
22	83 18
22	85 18
22	79 16
22	84 19
22	84 20
22	84 1
22	84 2
22	84 3
22	84 4
22	84 5
22	84 6
22	83 6
22	85 2
22	79 344
22	84 7
22	84 8
22	83 8
22	85 8
22	79 16
22	84 9
22	84 10
22	TEST_NUMBER 2
22	SENT_TOTAL 250
22	RECEIVED_TOTAL 91
22	TIME_TOTAL 29724
22	RECEIVED_RADIO_1 92
22	RECEIVED_RADIO_2 0
22	SENT_RADIO_1 122
22	SENT_RADIO_2 128
22	RADIO_TIME_1 29867
22	RADIO_TIME_2 19763
22	RETRANSMISSIONS_1 6
22	RETRANSMISSIONS_2 0
22	DROPPED_1 0
22	DROPPED_2 0
22	MAX_QUEUE 1
22	DUPLICATED_1 21
22	DUPLICATED_2 0
22	EBUSY_RADIO_1 0
22	EBUSY_RADIO_2 0
22	84 1
22	84 2
22	83 2
22	85 2
22	79 16
22	84 3
22	84 4
22	84 5
22	84 6
22	83 6
22	85 6
22	79 17
22	84 7
22	84 8
22	84 9
22	84 10
22	83 10
22	85 10
22	79 17
22	84 11
22	84 12
22	84 13
22	84 14
22	83 14
22	85 14
22	79 16
22	84 15
22	84 16
22	84 17
22	84 18
22	83 18
22	85 18
22	79 11
22	84 19
22	84 20
22	84 1
22	84 2
22	83 2
22	85 2
22	79 15
22	84 3
22	84 4
22	84 5
22	84 6
22	83 6
22	85 6
22	79 17
22	84 7
22	84 8
22	84 9
22	84 10
22	83 10
22	85 10
22	79 14
22	84 11
22	84 12
22	84 13
22	84 14
22	84 15
22	84 16
22	84 17
22	84 18
22	84 19
22	83 19
22	85 14
22	79 411
22	84 20
22	84 1
22	83 1
22	85 1
22	79 14
22	84 2
22	84 3
22	84 4
22	84 5
22	83 5
22	85 5
22	79 15
22	84 6
22	84 7
22	84 8
22	84 9
22	84 10
22	83 10
22	85 10
22	79 17
22	84 11
22	84 12
22	84 13
22	84 14
22	84 15
22	84 16
22	84 17
22	84 18
22	84 19
22	83 19
22	85 14
22	79 418
22	84 20
22	84 1
22	83 1
22	85 1
22	79 19
22	84 2
22	84 3
22	84 4
22	84 5
22	83 5
22	85 5
22	79 16
22	84 6
22	84 7
22	84 8
22	84 9
22	83 9
22	85 9
22	79 20
22	84 10
22	84 11
22	84 12
22	84 13
22	83 13
22	85 13
22	79 18
22	84 14
22	84 15
22	84 16
22	84 17
22	83 17
22	85 17
22	79 15
22	84 18
22	84 19
22	84 20
22	84 1
22	83 1
22	85 1
22	79 18
22	84 2
22	84 3
22	84 4
22	84 5
22	83 5
22	85 5
22	79 14
22	84 6
22	84 7
22	84 8
22	84 9
22	83 9
22	85 9
22	79 16
22	84 10
22	84 11
22	84 12
22	84 13
22	83 13
22	85 13
22	79 15
22	84 14
22	84 15
22	84 16
22	84 17
22	84 18
22	84 19
22	84 20
22	84 1
22	83 1
22	85 17
22	79 342
22	84 2
22	84 3
22	83 3
22	85 3
22	79 15
22	84 4
22	84 5
22	84 6
22	84 7
22	83 7
22	85 7
22	79 13
22	84 8
22	84 9
22	84 10
22	84 11
22	84 12
22	84 13
22	84 14
22	84 15
22	84 16
22	83 16
22	85 12
22	79 338
22	84 17
22	84 18
22	83 18
22	85 18
22	79 16
22	84 19
22	84 20
22	84 1
22	84 2
22	84 3
22	84 4
22	83 4
22	85 4
22	79 20
22	84 5
22	84 6
22	84 7
22	84 8
22	83 8
22	85 8
22	79 18
22	84 9
22	84 10
22	84 11
22	84 12
22	83 12
22	85 12
22	79 14
22	84 13
22	84 14
22	84 15
22	84 16
22	84 17
22	84 18
22	84 19
22	84 20
22	83 20
22	85 16
22	79 335
22	84 1
22	84 2
22	83 2
22	85 2
22	79 15
22	84 3
22	84 4
22	84 5
22	84 6
22	84 7
22	84 8
22	84 9
22	84 10
22	83 10
22	85 6
22	79 335
22	84 11
22	84 12
22	83 12
22	85 12
22	79 13
22	84 13
22	84 14
22	84 15
22	84 16
22	83 16
22	85 16
22	79 15
22	84 17
22	84 18
22	84 19
22	84 20
22	83 20
22	85 20
22	79 14
22	84 1
22	84 2
22	84 3
22	84 4
22	83 4
22	85 4
22	79 15
22	84 5
22	84 6
22	84 7
22	84 8
22	83 8
22	85 8
22	79 17
22	84 9
22	84 10
22	84 11
22	84 12
22	83 12
22	85 12
22	79 14
22	84 13
22	84 14
22	84 15
22	84 16
22	83 16
22	85 16
22	79 16
22	84 17
22	84 18
22	84 19
22	84 20
22	84 1
22	84 2
22	83 2
22	85 20
22	79 174
22	84 3
22	84 4
22	84 5
22	84 6
22	84 7
22	84 8
22	84 9
22	83 9
22	85 5
22	79 331
22	84 10
22	84 11
22	83 11
22	85 11
22	79 16
22	84 12
22	84 13
22	84 14
22	84 15
22	83 15
22	85 15
22	79 13
22	84 16
22	84 17
22	84 18
22	84 19
22	83 19
22	85 19
22	79 13
22	84 20
22	84 1
22	84 2
22	84 3
22	83 3
22	85 3
22	79 13
22	84 4
22	84 5
22	84 6
22	84 7
22	83 7
22	85 7
22	79 14
22	84 8
22	84 9
22	84 10
22	84 11
22	84 12
22	83 12
22	85 12
22	79 19
22	84 13
22	84 14
22	84 15
22	84 16
22	84 17
22	83 17
22	85 17
22	79 15
22	84 18
22	84 19
22	84 20
22	84 1
22	83 1
22	85 1
22	79 16
22	84 2
22	84 3
22	84 4
22	84 5
22	83 5
22	85 5
22	79 14
22	84 6
22	84 7
22	84 8
22	84 9
22	83 9
22	85 9
22	79 17
22	84 10
22	84 11
22	84 12
22	84 13
22	84 14
22	84 15
22	83 15
22	85 13
22	79 172
22	84 16
22	84 17
22	84 18
22	83 18
22	85 18
22	79 15
22	84 19
22	84 20
22	84 1
22	84 2
22	83 2
22	85 2
22	79 12
22	84 3
22	84 4
22	84 5
22	84 6
22	83 6
22	85 6
22	79 19
22	84 7
22	84 8
22	84 9
22	84 10
22	TEST_NUMBER 3
22	SENT_TOTAL 250
22	RECEIVED_TOTAL 56
22	TIME_TOTAL 19447
22	RECEIVED_RADIO_1 56
22	RECEIVED_RADIO_2 0
22	SENT_RADIO_1 121
22	SENT_RADIO_2 129
22	RADIO_TIME_1 19763
22	RADIO_TIME_2 19763
22	RETRANSMISSIONS_1 9
22	RETRANSMISSIONS_2 0
22	DROPPED_1 0
22	DROPPED_2 0
22	MAX_QUEUE 1
22	DUPLICATED_1 1
22	DUPLICATED_2 0
22	EBUSY_RADIO_1 0
22	EBUSY_RADIO_2 0
22	84 1
22	84 2
22	84 3
22	84 4
22	83 4
22	85 10
22	86 3
22	84 5
22	84 6
22	83 6
22	85 6
22	79 17
22	84 7
22	84 8
22	84 9
22	84 10
22	83 10
22	85 10
22	79 18
22	84 11
22	84 12
22	84 13
22	84 14
22	84 15
22	84 16
22	84 17
22	84 18
22	83 18
22	85 14
22	79 332
22	84 19
22	84 20
22	83 20
22	85 20
22	79 13
22	84 1
22	84 2
22	84 3
22	84 4
22	83 4
22	85 4
22	79 17
22	84 5
22	84 6
22	84 7
22	84 8
22	83 8
22	85 8
22	79 17
22	84 9
22	84 10
22	84 11
22	84 12
22	83 12
22	85 12
22	79 17
22	84 13
22	84 14
22	84 15
22	84 16
22	83 16
22	85 16
22	79 17
22	84 17
22	84 18
22	84 19
22	84 20
22	84 1
22	83 1
22	85 1
22	79 14
22	84 2
22	84 3
22	84 4
22	84 5
22	83 5
22	85 5
22	79 17
22	84 6
22	84 7
22	84 8
22	84 9
22	83 9
22	85 9
22	79 17
22	84 10
22	84 11
22	84 12
22	84 13
22	83 13
22	85 13
22	79 16
22	84 14
22	84 15
22	84 16
22	84 17
22	83 17
22	85 17
22	79 17
22	84 18
22	84 19
22	84 20
22	84 1
22	83 1
22	85 1
22	79 16
22	84 2
22	84 3
22	84 4
22	84 5
22	83 5
22	85 5
22	79 18
22	84 6
22	84 7
22	84 8
22	84 9
22	83 9
22	85 9
22	79 13
22	84 10
22	84 11
22	84 12
22	84 13
22	83 13
22	85 13
22	79 12
22	84 14
22	84 15
22	84 16
22	84 17
22	83 17
22	85 17
22	79 17
22	84 18
22	84 19
22	84 20
22	84 1
22	83 1
22	85 1
22	79 14
22	84 2
22	84 3
22	84 4
22	84 5
22	83 5
22	85 5
22	79 16
22	84 6
22	84 7
22	84 8
22	84 9
22	83 9
22	85 9
22	79 17
22	84 10
22	84 11
22	84 12
22	84 13
22	83 13
22	85 13
22	79 12
22	84 14
22	84 15
22	84 16
22	84 17
22	84 18
22	84 19
22	84 20
22	84 1
22	84 2
22	84 3
22	84 4
22	83 4
22	85 19
22	79 410
22	84 5
22	84 6
22	84 7
22	84 8
22	84 9
22	84 10
22	83 10
22	85 6
22	79 336
22	84 11
22	84 12
22	83 12
22	85 12
22	79 17
22	84 13
22	84 14
22	84 15
22	84 16
22	83 16
22	85 16
22	79 19
22	84 17
22	84 18
22	84 19
22	84 20
22	83 20
22	85 20
22	79 15
22	84 1
22	84 2
22	84 3
22	84 4
22	83 4
22	85 4
22	79 16
22	84 5
22	84 6
22	84 7
22	84 8
22	83 8
22	85 8
22	79 15
22	84 9
22	84 10
22	84 11
22	84 12
22	83 12
22	85 12
22	79 14
22	84 13
22	84 14
22	84 15
22	84 16
22	83 16
22	85 16
22	79 11
22	84 17
22	84 18
22	84 19
22	84 20
22	83 20
22	85 20
22	79 16
22	84 1
22	84 2
22	84 3
22	84 4
22	83 4
22	85 4
22	79 15
22	84 5
22	84 6
22	84 7
22	84 8
22	83 8
22	85 8
22	79 15
22	84 9
22	84 10
22	84 11
22	84 12
22	83 12
22	85 12
22	79 14
22	84 13
22	84 14
22	84 15
22	84 16
22	83 16
22	85 16
22	79 14
22	84 17
22	84 18
22	84 19
22	84 20
22	83 20
22	85 20
22	79 16
22	84 1
22	84 2
22	84 3
22	84 4
22	83 4
22	85 4
22	79 20
22	84 5
22	84 6
22	84 7
22	84 8
22	83 8
22	85 8
22	79 15
22	84 9
22	84 10
22	84 11
22	84 12
22	83 12
22	85 12
22	79 17
22	84 13
22	84 14
22	84 15
22	84 16
22	84 17
22	84 18
22	84 19
22	84 20
22	83 20
22	85 16
22	79 335
22	84 1
22	84 2
22	84 3
22	84 4
22	84 5
22	84 6
22	83 6
22	85 2
22	79 332
22	84 7
22	84 8
22	84 9
22	84 10
22	84 11
22	84 12
22	83 12
22	85 8
22	79 334
22	84 13
22	84 14
22	83 14
22	85 14
22	79 20
22	84 15
22	84 16
22	84 17
22	84 18
22	83 18
22	85 18
22	79 19
22	84 19
22	84 20
22	84 1
22	84 2
22	83 2
22	85 2
22	79 16
22	84 3
22	84 4
22	84 5
22	84 6
22	84 7
22	83 7
22	85 7
22	79 17
22	84 8
22	84 9
22	84 10
22	84 11
22	83 11
22	85 11
22	79 14
22	84 12
22	84 13
22	84 14
22	84 15
22	84 16
22	84 17
22	84 18
22	84 19
22	83 19
22	85 15
22	79 336
22	84 20
22	84 1
22	84 2
22	84 3
22	84 4
22	84 5
22	84 6
22	83 6
22	85 1
22	79 416
22	84 7
22	84 8
22	83 8
22	85 8
22	79 14
22	84 9
22	84 10
22	84 11
22	84 12
22	83 12
22	85 12
22	79 15
22	84 13
22	84 14
22	84 15
22	84 16
22	84 17
22	84 18
22	83 18
22	85 16
22	79 171
22	84 19
22	84 20
22	84 1
22	83 1
22	85 1
22	79 18
22	84 2
22	84 3
22	84 4
22	84 5
22	83 5
22	85 5
22	79 15
22	84 6
22	84 7
22	84 8
22	84 9
22	83 9
22	85 9
22	79 20
22	84 10
22	TEST_NUMBER 4
22	SENT_TOTAL 250
22	RECEIVED_TOTAL 56
22	TIME_TOTAL 19529
22	RECEIVED_RADIO_1 57
22	RECEIVED_RADIO_2 0
22	SENT_RADIO_1 123
22	SENT_RADIO_2 127
22	RADIO_TIME_1 19703
22	RADIO_TIME_2 19843
22	RETRANSMISSIONS_1 5
22	RETRANSMISSIONS_2 0
22	DROPPED_1 0
22	DROPPED_2 0
22	MAX_QUEUE 1
22	DUPLICATED_1 1
22	DUPLICATED_2 0
22	EBUSY_RADIO_1 0
22	EBUSY_RADIO_2 0
22	84 1
22	84 2
22	84 3
22	83 3
22	85 3
22	79 18
22	84 4
22	84 5
22	84 6
22	84 7
22	83 7
22	85 7
22	79 15
22	84 8
22	84 9
22	84 10
22	84 11
22	84 12
22	84 13
22	83 13
22	85 11
22	79 174
22	84 14
22	84 15
22	84 16
22	83 16
22	85 16
22	79 17
22	84 17
22	84 18
22	84 19
22	84 20
22	83 20
22	85 20
22	79 17
22	84 1
22	84 2
22	84 3
22	84 4
22	83 4
22	85 4
22	79 17
22	84 5
22	84 6
22	84 7
22	84 8
22	84 9
22	84 10
22	84 11
22	84 12
22	83 12
22	85 8
22	79 338
22	84 13
22	84 14
22	83 14
22	85 14
22	79 14
22	84 15
22	84 16
22	84 17
22	84 18
22	84 19
22	83 19
22	85 19
22	79 15
22	84 20
22	84 1
22	84 2
22	84 3
22	84 4
22	84 5
22	84 6
22	84 7
22	83 7
22	85 3
22	79 335
22	84 8
22	84 9
22	83 9
22	85 9
22	79 14
22	84 10
22	84 11
22	84 12
22	84 13
22	83 13
22	85 13
22	79 18
22	84 14
22	84 15
22	84 16
22	84 17
22	83 17
22	85 17
22	79 16
22	84 18
22	84 19
22	84 20
22	84 1
22	84 2
22	84 3
22	83 3
22	85 1
22	79 183
22	84 4
22	84 5
22	84 6
22	83 6
22	85 6
22	79 17
22	84 7
22	84 8
22	84 9
22	84 10
22	83 10
22	85 10
22	79 17
22	84 11
22	84 12
22	84 13
22	84 14
22	83 14
22	85 14
22	79 18
22	84 15
22	84 16
22	84 17
22	84 18
22	83 18
22	85 18
22	79 15
22	84 19
22	84 20
22	84 1
22	84 2
22	83 2
22	85 2
22	79 18
22	84 3
22	84 4
22	84 5
22	84 6
22	83 6
22	85 6
22	79 15
22	84 7
22	84 8
22	84 9
22	84 10
22	83 10
22	85 10
22	79 20
22	84 11
22	84 12
22	84 13
22	84 14
22	83 14
22	85 14
22	79 18
22	84 15
22	84 16
22	84 17
22	84 18
22	84 19
22	84 20
22	84 1
22	84 2
22	83 2
22	85 18
22	79 331
22	84 3
22	84 4
22	84 5
22	84 6
22	84 7
22	84 8
22	84 9
22	83 9
22	85 4
22	79 413
22	84 10
22	84 11
22	83 11
22	85 11
22	79 16
22	84 12
22	84 13
22	84 14
22	84 15
22	83 15
22	85 15
22	79 16
22	84 16
22	84 17
22	84 18
22	84 19
22	84 20
22	84 1
22	83 1
22	85 19
22	79 180
22	84 2
22	84 3
22	84 4
22	83 4
22	85 4
22	79 15
22	84 5
22	84 6
22	84 7
22	84 8
22	84 9
22	83 9
22	85 9
22	79 13
22	84 10
22	84 11
22	84 12
22	84 13
22	83 13
22	85 13
22	79 11
22	84 14
22	84 15
22	84 16
22	84 17
22	84 18
22	84 19
22	84 20
22	84 1
22	83 1
22	85 17
22	79 334
22	84 2
22	84 3
22	83 3
22	85 3
22	79 18
22	84 4
22	84 5
22	84 6
22	84 7
22	83 7
22	85 7
22	79 17
22	84 8
22	84 9
22	84 10
22	84 11
22	83 11
22	85 11
22	79 15
22	84 12
22	84 13
22	84 14
22	84 15
22	83 15
22	85 15
22	79 14
22	84 16
22	84 17
22	84 18
22	84 19
22	83 19
22	85 19
22	79 18
22	84 20
22	84 1
22	84 2
22	84 3
22	83 3
22	85 3
22	79 17
22	84 4
22	84 5
22	84 6
22	84 7
22	83 7
22	85 7
22	79 16
22	84 8
22	84 9
22	84 10
22	84 11
22	83 11
22	85 11
22	79 15
22	84 12
22	84 13
22	84 14
22	84 15
22	84 16
22	84 17
22	83 17
22	85 15
22	79 173
22	84 18
22	84 19
22	84 20
22	84 1
22	84 2
22	84 3
22	84 4
22	83 4
22	85 20
22	79 335
22	84 5
22	84 6
22	83 6
22	85 6
22	79 13
22	84 7
22	84 8
22	84 9
22	84 10
22	83 10
22	85 10
22	79 17
22	84 11
22	84 12
22	84 13
22	84 14
22	83 14
22	85 14
22	79 15
22	84 15
22	84 16
22	84 17
22	84 18
22	83 18
22	85 18
22	79 20
22	84 19
22	84 20
22	84 1
22	84 2
22	83 2
22	85 2
22	79 13
22	84 3
22	84 4
22	84 5
22	84 6
22	84 7
22	84 8
22	84 9
22	84 10
22	84 11
22	83 11
22	85 6
22	79 415
22	84 12
22	84 13
22	83 13
22	85 13
22	79 18
22	84 14
22	84 15
22	84 16
22	84 17
22	83 17
22	85 17
22	79 16
22	84 18
22	84 19
22	84 20
22	84 1
22	83 1
22	85 1
22	79 17
22	84 2
22	84 3
22	84 4
22	84 5
22	83 5
22	85 5
22	79 14
22	84 6
22	84 7
22	84 8
22	84 9
22	83 9
22	85 9
22	79 15
22	84 10
22	84 11
22	84 12
22	84 13
22	83 13
22	85 13
22	79 15
22	84 14
22	84 15
22	84 16
22	84 17
22	83 17
22	85 17
22	79 15
22	84 18
22	84 19
22	84 20
22	84 1
22	83 1
22	85 1
22	79 13
22	84 2
22	84 3
22	84 4
22	84 5
22	83 5
22	85 5
22	79 14
22	84 6
22	84 7
22	84 8
22	84 9
22	83 9
22	85 9
22	79 18
22	84 10
22	TEST_NUMBER 5
22	SENT_TOTAL 250
22	RECEIVED_TOTAL 57
22	TIME_TOTAL 19604
22	RECEIVED_RADIO_1 57
22	RECEIVED_RADIO_2 0
22	SENT_RADIO_1 121
22	SENT_RADIO_2 129
22	RADIO_TIME_1 19781
22	RADIO_TIME_2 19763
22	RETRANSMISSIONS_1 9
22	RETRANSMISSIONS_2 0
22	DROPPED_1 0
22	DROPPED_2 0
22	MAX_QUEUE 1
22	DUPLICATED_1 0
22	DUPLICATED_2 0
22	EBUSY_RADIO_1 0
22	EBUSY_RADIO_2 0
22	84 1
22	84 2
22	84 3
22	83 3
22	85 3
22	79 12
22	84 4
22	84 5
22	84 6
22	84 7
22	84 8
22	84 9
22	84 10
22	84 11
22	83 11
22	85 7
22	79 333
22	84 12
22	84 13
22	83 13
22	85 13
22	79 19
22	84 14
22	84 15
22	84 16
22	84 17
22	83 17
22	85 17
22	79 14
22	84 18
22	84 19
22	84 20
22	84 1
22	83 1
22	85 1
22	79 13
22	84 2
22	84 3
22	84 4
22	84 5
22	83 5
22	85 5
22	79 15
22	84 6
22	84 7
22	84 8
22	84 9
22	83 9
22	85 9
22	79 18
22	84 10
22	84 11
22	84 12
22	84 13
22	83 13
22	85 13
22	79 14
22	84 14
22	84 15
22	84 16
22	84 17
22	83 17
22	85 17
22	79 14
22	84 18
22	84 19
22	84 20
22	84 1
22	83 1
22	85 1
22	79 17
22	84 2
22	84 3
22	84 4
22	84 5
22	83 5
22	85 5
22	79 13
22	84 6
22	84 7
22	84 8
22	84 9
22	83 9
22	85 9
22	79 13
22	84 10
22	84 11
22	84 12
22	84 13
22	84 14
22	84 15
22	84 16
22	84 17
22	83 17
22	85 13
22	79 333
22	84 18
22	84 19
22	83 19
22	85 19
22	79 14
22	84 20
22	84 1
22	84 2
22	84 3
22	83 3
22	85 3
22	79 18
22	84 4
22	84 5
22	84 6
22	84 7
22	83 7
22	85 7
22	79 13
22	84 8
22	84 9
22	84 10
22	84 11
22	83 11
22	85 11
22	79 16
22	84 12
22	84 13
22	84 14
22	84 15
22	83 15
22	85 15
22	79 15
22	84 16
22	84 17
22	84 18
22	84 19
22	83 19
22	85 19
22	79 16
22	84 20
22	84 1
22	84 2
22	84 3
22	83 3
22	85 3
22	79 13
22	84 4
22	84 5
22	84 6
22	84 7
22	83 7
22	85 7
22	79 11
22	84 8
22	84 9
22	84 10
22	84 11
22	83 11
22	85 11
22	79 15
22	84 12
22	84 13
22	84 14
22	84 15
22	83 15
22	85 15
22	79 17
22	84 16
22	84 17
22	84 18
22	84 19
22	84 20
22	84 1
22	84 2
22	84 3
22	83 3
22	85 19
22	79 331
22	84 4
22	84 5
22	83 5
22	85 5
22	79 18
22	84 6
22	84 7
22	84 8
22	84 9
22	83 9
22	85 9
22	79 19
22	84 10
22	84 11
22	84 12
22	84 13
22	83 13
22	85 13
22	79 17
22	84 14
22	84 15
22	84 16
22	84 17
22	83 17
22	85 17
22	79 18
22	84 18
22	84 19
22	84 20
22	84 1
22	83 1
22	85 1
22	79 18
22	84 2
22	84 3
22	84 4
22	84 5
22	83 5
22	85 5
22	79 15
22	84 6
22	84 7
22	84 8
22	84 9
22	83 9
22	85 9
22	79 17
22	84 10
22	84 11
22	84 12
22	84 13
22	83 13
22	85 13
22	79 17
22	84 14
22	84 15
22	84 16
22	84 17
22	83 17
22	85 17
22	79 13
22	84 18
22	84 19
22	84 20
22	84 1
22	84 2
22	84 3
22	84 4
22	84 5
22	84 6
22	84 7
22	83 7
22	85 1
22	79 495
22	84 8
22	84 9
22	84 10
22	83 10
22	85 8
22	79 176
22	84 11
22	84 12
22	84 13
22	83 13
22	85 13
22	79 14
22	84 14
22	84 15
22	84 16
22	84 17
22	83 17
22	85 17
22	79 20
22	84 18
22	84 19
22	84 20
22	84 1
22	83 1
22	85 1
22	79 13
22	84 2
22	84 3
22	84 4
22	84 5
22	83 5
22	85 5
22	79 13
22	84 6
22	84 7
22	84 8
22	84 9
22	83 9
22	85 9
22	79 14
22	84 10
22	84 11
22	84 12
22	84 13
22	83 13
22	85 13
22	79 19
22	84 14
22	84 15
22	84 16
22	84 17
22	83 17
22	85 17
22	79 17
22	84 18
22	84 19
22	84 20
22	84 1
22	83 1
22	85 1
22	79 15
22	84 2
22	84 3
22	84 4
22	84 5
22	83 5
22	85 5
22	79 18
22	84 6
22	84 7
22	84 8
22	84 9
22	83 9
22	85 9
22	79 13
22	84 10
22	84 11
22	84 12
22	84 13
22	83 13
22	85 13
22	79 15
22	84 14
22	84 15
22	84 16
22	84 17
22	84 18
22	83 18
22	85 18
22	79 14
22	84 19
22	84 20
22	84 1
22	84 2
22	83 2
22	85 2
22	79 15
22	84 3
22	84 4
22	84 5
22	84 6
22	83 6
22	85 6
22	79 13
22	84 7
22	84 8
22	84 9
22	84 10
22	83 10
22	85 10
22	79 16
22	84 11
22	84 12
22	84 13
22	84 14
22	83 14
22	85 14
22	79 14
22	84 15
22	84 16
22	84 17
22	84 18
22	84 19
22	84 20
22	84 1
22	84 2
22	83 2
22	85 18
22	79 334
22	84 3
22	84 4
22	84 5
22	84 6
22	84 7
22	84 8
22	83 8
22	85 4
22	79 339
22	84 9
22	84 10
22	83 10
22	85 10
22	79 12
22	84 11
22	84 12
22	84 13
22	84 14
22	84 15
22	83 15
22	85 15
22	79 16
22	84 16
22	84 17
22	84 18
22	84 19
22	83 19
22	85 19
22	79 13
22	84 20
22	84 1
22	84 2
22	84 3
22	84 4
22	84 5
22	84 6
22	84 7
22	83 7
22	85 3
22	79 334
22	84 8
22	84 9
22	83 9
22	85 9
22	79 19
22	84 10
22	TEST_NUMBER 6
22	SENT_TOTAL 250
22	RECEIVED_TOTAL 58
22	TIME_TOTAL 19611
22	RECEIVED_RADIO_1 58
22	RECEIVED_RADIO_2 0
22	SENT_RADIO_1 123
22	SENT_RADIO_2 127
22	RADIO_TIME_1 19782
22	RADIO_TIME_2 19763
22	RETRANSMISSIONS_1 4
22	RETRANSMISSIONS_2 0
22	DROPPED_1 0
22	DROPPED_2 0
22	MAX_QUEUE 1
22	DUPLICATED_1 0
22	DUPLICATED_2 0
22	EBUSY_RADIO_1 0
22	EBUSY_RADIO_2 0

24	RELAY_NODE 24
24	TEST_NUMBER 0
24	SENT_TOTAL 0
24	RECEIVED_TOTAL 0
24	TIME_TOTAL 0
24	RECEIVED_RADIO_1 0
24	RECEIVED_RADIO_2 60
24	SENT_RADIO_1 0
24	SENT_RADIO_2 0
24	RADIO_TIME_1 16693
24	RADIO_TIME_2 16584
24	RETRANSMISSIONS_1 589
24	RETRANSMISSIONS_2 0
24	DROPPED_1 59
24	DROPPED_2 0
24	MAX_QUEUE 1
24	DUPLICATED_1 0
24	DUPLICATED_2 0
24	EBUSY_RADIO_1 0
24	EBUSY_RADIO_2 0
24	TEST_NUMBER 1
24	SENT_TOTAL 0
24	RECEIVED_TOTAL 0
24	TIME_TOTAL 0
24	RECEIVED_RADIO_1 0
24	RECEIVED_RADIO_2 64
24	SENT_RADIO_1 0
24	SENT_RADIO_2 0
24	RADIO_TIME_1 29596
24	RADIO_TIME_2 29499
24	RETRANSMISSIONS_1 638
24	RETRANSMISSIONS_2 0
24	DROPPED_1 64
24	DROPPED_2 0
24	MAX_QUEUE 1
24	DUPLICATED_1 0
24	DUPLICATED_2 0
24	EBUSY_RADIO_1 0
24	EBUSY_RADIO_2 0
24	TEST_NUMBER 2
24	SENT_TOTAL 0
24	RECEIVED_TOTAL 0
24	TIME_TOTAL 0
24	RECEIVED_RADIO_1 0
24	RECEIVED_RADIO_2 129
24	SENT_RADIO_1 0
24	SENT_RADIO_2 0
24	RADIO_TIME_1 29583
24	RADIO_TIME_2 29485
24	RETRANSMISSIONS_1 1285
24	RETRANSMISSIONS_2 0
24	DROPPED_1 129
24	DROPPED_2 0
24	MAX_QUEUE 59
24	DUPLICATED_1 0
24	DUPLICATED_2 2
24	EBUSY_RADIO_1 1
24	EBUSY_RADIO_2 0
24	TEST_NUMBER 3
24	SENT_TOTAL 0
24	RECEIVED_TOTAL 0
24	TIME_TOTAL 0
24	RECEIVED_RADIO_1 0
24	RECEIVED_RADIO_2 66
24	SENT_RADIO_1 0
24	SENT_RADIO_2 0
24	RADIO_TIME_1 29660
24	RADIO_TIME_2 29562
24	RETRANSMISSIONS_1 658
24	RETRANSMISSIONS_2 0
24	DROPPED_1 66
24	DROPPED_2 0
24	MAX_QUEUE 1
24	DUPLICATED_1 0
24	DUPLICATED_2 0
24	EBUSY_RADIO_1 0
24	EBUSY_RADIO_2 0
24	TEST_NUMBER 4
24	SENT_TOTAL 0
24	RECEIVED_TOTAL 0
24	TIME_TOTAL 0
24	RECEIVED_RADIO_1 0
24	RECEIVED_RADIO_2 66
24	SENT_RADIO_1 0
24	SENT_RADIO_2 0
24	RADIO_TIME_1 29852
24	RADIO_TIME_2 29805
24	RETRANSMISSIONS_1 654
24	RETRANSMISSIONS_2 0
24	DROPPED_1 65
24	DROPPED_2 0
24	MAX_QUEUE 1
24	DUPLICATED_1 0
24	DUPLICATED_2 0
24	EBUSY_RADIO_1 0
24	EBUSY_RADIO_2 0
24	TEST_NUMBER 5
24	SENT_TOTAL 0
24	RECEIVED_TOTAL 0
24	TIME_TOTAL 0
24	RECEIVED_RADIO_1 0
24	RECEIVED_RADIO_2 64
24	SENT_RADIO_1 0
24	SENT_RADIO_2 0
24	RADIO_TIME_1 29770
24	RADIO_TIME_2 29414
24	RETRANSMISSIONS_1 642
24	RETRANSMISSIONS_2 0
24	DROPPED_1 65
24	DROPPED_2 0
24	MAX_QUEUE 2
24	DUPLICATED_1 0
24	DUPLICATED_2 0
24	EBUSY_RADIO_1 0
24	EBUSY_RADIO_2 0
24	TEST_NUMBER 6
24	SENT_TOTAL 0
24	RECEIVED_TOTAL 0
24	TIME_TOTAL 0
24	RECEIVED_RADIO_1 0
24	RECEIVED_RADIO_2 64
24	SENT_RADIO_1 0
24	SENT_RADIO_2 0
24	RADIO_TIME_1 29754
24	RADIO_TIME_2 29649
24	RETRANSMISSIONS_1 638
24	RETRANSMISSIONS_2 0
24	DROPPED_1 64
24	DROPPED_2 0
24	MAX_QUEUE 1
24	DUPLICATED_1 0
24	DUPLICATED_2 0
24	EBUSY_RADIO_1 0
24	EBUSY_RADIO_2 0

25	RELAY_NODE 25
25	TEST_NUMBER 0
25	SENT_TOTAL 0
25	RECEIVED_TOTAL 0
25	TIME_TOTAL 0
25	RECEIVED_RADIO_1 0
25	RECEIVED_RADIO_2 106
25	SENT_RADIO_1 0
25	SENT_RADIO_2 0
25	RADIO_TIME_1 16632
25	RADIO_TIME_2 16577
25	RETRANSMISSIONS_1 1042
25	RETRANSMISSIONS_2 0
25	DROPPED_1 104
25	DROPPED_2 0
25	MAX_QUEUE 2
25	DUPLICATED_1 0
25	DUPLICATED_2 0
25	EBUSY_RADIO_1 0
25	EBUSY_RADIO_2 0
25	TEST_NUMBER 1
25	SENT_TOTAL 0
25	RECEIVED_TOTAL 0
25	TIME_TOTAL 0
25	RECEIVED_RADIO_1 0
25	RECEIVED_RADIO_2 128
25	SENT_RADIO_1 0
25	SENT_RADIO_2 0
25	RADIO_TIME_1 29836
25	RADIO_TIME_2 29646
25	RETRANSMISSIONS_1 1280
25	RETRANSMISSIONS_2 0
25	DROPPED_1 129
25	DROPPED_2 0
25	MAX_QUEUE 2
25	DUPLICATED_1 0
25	DUPLICATED_2 1
25	EBUSY_RADIO_1 0
25	EBUSY_RADIO_2 0
25	TEST_NUMBER 2
25	SENT_TOTAL 0
25	RECEIVED_TOTAL 0
25	TIME_TOTAL 0
25	RECEIVED_RADIO_1 0
25	RECEIVED_RADIO_2 129
25	SENT_RADIO_1 0
25	SENT_RADIO_2 0
25	RADIO_TIME_1 29812
25	RADIO_TIME_2 29727
25	RETRANSMISSIONS_1 1285
25	RETRANSMISSIONS_2 0
25	DROPPED_1 129
25	DROPPED_2 0
25	MAX_QUEUE 2
25	DUPLICATED_1 0
25	DUPLICATED_2 0
25	EBUSY_RADIO_1 0
25	EBUSY_RADIO_2 0
25	TEST_NUMBER 3
25	SENT_TOTAL 0
25	RECEIVED_TOTAL 0
25	TIME_TOTAL 0
25	RECEIVED_RADIO_1 0
25	RECEIVED_RADIO_2 128
25	SENT_RADIO_1 0
25	SENT_RADIO_2 0
25	RADIO_TIME_1 29843
25	RADIO_TIME_2 29732
25	RETRANSMISSIONS_1 1275
25	RETRANSMISSIONS_2 0
25	DROPPED_1 128
25	DROPPED_2 0
25	MAX_QUEUE 2
25	DUPLICATED_1 0
25	DUPLICATED_2 0
25	EBUSY_RADIO_1 0
25	EBUSY_RADIO_2 0
25	TEST_NUMBER 4
25	SENT_TOTAL 0
25	RECEIVED_TOTAL 0
25	TIME_TOTAL 0
25	RECEIVED_RADIO_1 0
25	RECEIVED_RADIO_2 128
25	SENT_RADIO_1 0
25	SENT_RADIO_2 0
25	RADIO_TIME_1 29859
25	RADIO_TIME_2 29803
25	RETRANSMISSIONS_1 1271
25	RETRANSMISSIONS_2 0
25	DROPPED_1 127
25	DROPPED_2 0
25	MAX_QUEUE 2
25	DUPLICATED_1 0
25	DUPLICATED_2 0
25	EBUSY_RADIO_1 0
25	EBUSY_RADIO_2 0
25	TEST_NUMBER 5
25	SENT_TOTAL 0
25	RECEIVED_TOTAL 0
25	TIME_TOTAL 0
25	RECEIVED_RADIO_1 0
25	RECEIVED_RADIO_2 130
25	SENT_RADIO_1 0
25	SENT_RADIO_2 0
25	RADIO_TIME_1 29869
25	RADIO_TIME_2 29725
25	RETRANSMISSIONS_1 1294
25	RETRANSMISSIONS_2 0
25	DROPPED_1 130
25	DROPPED_2 0
25	MAX_QUEUE 2
25	DUPLICATED_1 0
25	DUPLICATED_2 0
25	EBUSY_RADIO_1 0
25	EBUSY_RADIO_2 0
25	TEST_NUMBER 6
25	SENT_TOTAL 0
25	RECEIVED_TOTAL 0
25	TIME_TOTAL 0
25	RECEIVED_RADIO_1 0
25	RECEIVED_RADIO_2 126
25	SENT_RADIO_1 0
25	SENT_RADIO_2 0
25	RADIO_TIME_1 29835
25	RADIO_TIME_2 29643
25	RETRANSMISSIONS_1 1262
25	RETRANSMISSIONS_2 0
25	DROPPED_1 127
25	DROPPED_2 0
25	MAX_QUEUE 2
25	DUPLICATED_1 0
25	DUPLICATED_2 0
25	EBUSY_RADIO_1 0
25	EBUSY_RADIO_2 0
