
6	RELAY_NODE 6
6	TEST_NUMBER 0
6	SENT_TOTAL 0
6	RECEIVED_TOTAL 0
6	TIME_TOTAL 0
6	RECEIVED_RADIO_1 124
6	RECEIVED_RADIO_2 0
6	SENT_RADIO_1 0
6	SENT_RADIO_2 124
6	RADIO_TIME_1 19769
6	RADIO_TIME_2 19769
6	RETRANSMISSIONS_1 0
6	RETRANSMISSIONS_2 0
6	DROPPED_1 0
6	DROPPED_2 0
6	MAX_QUEUE 1
6	DUPLICATED_1 0
6	DUPLICATED_2 0
6	EBUSY_RADIO_1 0
6	EBUSY_RADIO_2 0
6	TEST_NUMBER 1
6	SENT_TOTAL 0
6	RECEIVED_TOTAL 0
6	TIME_TOTAL 0
6	RECEIVED_RADIO_1 125
6	RECEIVED_RADIO_2 0
6	SENT_RADIO_1 0
6	SENT_RADIO_2 125
6	RADIO_TIME_1 19766
6	RADIO_TIME_2 19766
6	RETRANSMISSIONS_1 0
6	RETRANSMISSIONS_2 0
6	DROPPED_1 0
6	DROPPED_2 0
6	MAX_QUEUE 1
6	DUPLICATED_1 0
6	DUPLICATED_2 0
6	EBUSY_RADIO_1 0
6	EBUSY_RADIO_2 0
6	TEST_NUMBER 2
6	SENT_TOTAL 0
6	RECEIVED_TOTAL 0
6	TIME_TOTAL 0
6	RECEIVED_RADIO_1 125
6	RECEIVED_RADIO_2 0
6	SENT_RADIO_1 0
6	SENT_RADIO_2 125
6	RADIO_TIME_1 19765
6	RADIO_TIME_2 19765
6	RETRANSMISSIONS_1 0
6	RETRANSMISSIONS_2 0
6	DROPPED_1 0
6	DROPPED_2 0
6	MAX_QUEUE 1
6	DUPLICATED_1 0
6	DUPLICATED_2 0
6	EBUSY_RADIO_1 0
6	EBUSY_RADIO_2 0
6	TEST_NUMBER 3
6	SENT_TOTAL 0
6	RECEIVED_TOTAL 0
6	TIME_TOTAL 0
6	RECEIVED_RADIO_1 125
6	RECEIVED_RADIO_2 0
6	SENT_RADIO_1 0
6	SENT_RADIO_2 125
6	RADIO_TIME_1 19768
6	RADIO_TIME_2 19768
6	RETRANSMISSIONS_1 0
6	RETRANSMISSIONS_2 0
6	DROPPED_1 0
6	DROPPED_2 0
6	MAX_QUEUE 1
6	DUPLICATED_1 0
6	DUPLICATED_2 0
6	EBUSY_RADIO_1 0
6	EBUSY_RADIO_2 0
6	TEST_NUMBER 4
6	SENT_TOTAL 0
6	RECEIVED_TOTAL 0
6	TIME_TOTAL 0
6	RECEIVED_RADIO_1 125
6	RECEIVED_RADIO_2 0
6	SENT_RADIO_1 0
6	SENT_RADIO_2 125
6	RADIO_TIME_1 19766
6	RADIO_TIME_2 19766
6	RETRANSMISSIONS_1 0
6	RETRANSMISSIONS_2 0
6	DROPPED_1 0
6	DROPPED_2 0
6	MAX_QUEUE 1
6	DUPLICATED_1 0
6	DUPLICATED_2 0
6	EBUSY_RADIO_1 0
6	EBUSY_RADIO_2 0
6	TEST_NUMBER 5
6	SENT_TOTAL 0
6	RECEIVED_TOTAL 0
6	TIME_TOTAL 0
6	RECEIVED_RADIO_1 124
6	RECEIVED_RADIO_2 0
6	SENT_RADIO_1 0
6	SENT_RADIO_2 124
6	RADIO_TIME_1 19761
6	RADIO_TIME_2 19761
6	RETRANSMISSIONS_1 0
6	RETRANSMISSIONS_2 0
6	DROPPED_1 0
6	DROPPED_2 0
6	MAX_QUEUE 1
6	DUPLICATED_1 0
6	DUPLICATED_2 0
6	EBUSY_RADIO_1 0
6	EBUSY_RADIO_2 0
6	TEST_NUMBER 6
6	SENT_TOTAL 0
6	RECEIVED_TOTAL 0
6	TIME_TOTAL 0
6	RECEIVED_RADIO_1 125
6	RECEIVED_RADIO_2 0
6	SENT_RADIO_1 0
6	SENT_RADIO_2 125
6	RADIO_TIME_1 19763
6	RADIO_TIME_2 19763
6	RETRANSMISSIONS_1 0
6	RETRANSMISSIONS_2 0
6	DROPPED_1 0
6	DROPPED_2 0
6	MAX_QUEUE 1
6	DUPLICATED_1 0
6	DUPLICATED_2 0
6	EBUSY_RADIO_1 0
6	EBUSY_RADIO_2 0

7	RELAY_NODE 7
7	TEST_NUMBER 0
7	SENT_TOTAL 0
7	RECEIVED_TOTAL 0
7	TIME_TOTAL 0
7	RECEIVED_RADIO_1 0
7	RECEIVED_RADIO_2 121
7	SENT_RADIO_1 121
7	SENT_RADIO_2 0
7	RADIO_TIME_1 19126
7	RADIO_TIME_2 19126
7	RETRANSMISSIONS_1 0
7	RETRANSMISSIONS_2 0
7	DROPPED_1 0
7	DROPPED_2 0
7	MAX_QUEUE 1
7	DUPLICATED_1 0
7	DUPLICATED_2 0
7	EBUSY_RADIO_1 0
7	EBUSY_RADIO_2 0
7	TEST_NUMBER 1
7	SENT_TOTAL 0
7	RECEIVED_TOTAL 0
7	TIME_TOTAL 0
7	RECEIVED_RADIO_1 0
7	RECEIVED_RADIO_2 125
7	SENT_RADIO_1 125
7	SENT_RADIO_2 0
7	RADIO_TIME_1 29724
7	RADIO_TIME_2 29725
7	RETRANSMISSIONS_1 0
7	RETRANSMISSIONS_2 0
7	DROPPED_1 0
7	DROPPED_2 0
7	MAX_QUEUE 1
7	DUPLICATED_1 0
7	DUPLICATED_2 0
7	EBUSY_RADIO_1 0
7	EBUSY_RADIO_2 0
7	TEST_NUMBER 2
7	SENT_TOTAL 0
7	RECEIVED_TOTAL 0
7	TIME_TOTAL 0
7	RECEIVED_RADIO_1 0
7	RECEIVED_RADIO_2 125
7	SENT_RADIO_1 125
7	SENT_RADIO_2 0
7	RADIO_TIME_1 29720
7	RADIO_TIME_2 29720
7	RETRANSMISSIONS_1 0
7	RETRANSMISSIONS_2 0
7	DROPPED_1 0
7	DROPPED_2 0
7	MAX_QUEUE 1
7	DUPLICATED_1 0
7	DUPLICATED_2 0
7	EBUSY_RADIO_1 0
7	EBUSY_RADIO_2 0
7	TEST_NUMBER 3
7	SENT_TOTAL 0
7	RECEIVED_TOTAL 0
7	TIME_TOTAL 0
7	RECEIVED_RADIO_1 0
7	RECEIVED_RADIO_2 125
7	SENT_RADIO_1 125
7	SENT_RADIO_2 0
7	RADIO_TIME_1 29724
7	RADIO_TIME_2 29724
7	RETRANSMISSIONS_1 0
7	RETRANSMISSIONS_2 0
7	DROPPED_1 0
7	DROPPED_2 0
7	MAX_QUEUE 1
7	DUPLICATED_1 0
7	DUPLICATED_2 0
7	EBUSY_RADIO_1 0
7	EBUSY_RADIO_2 0
7	TEST_NUMBER 4
7	SENT_TOTAL 0
7	RECEIVED_TOTAL 0
7	TIME_TOTAL 0
7	RECEIVED_RADIO_1 0
7	RECEIVED_RADIO_2 125
7	SENT_RADIO_1 125
7	SENT_RADIO_2 0
7	RADIO_TIME_1 29723
7	RADIO_TIME_2 29723
7	RETRANSMISSIONS_1 0
7	RETRANSMISSIONS_2 0
7	DROPPED_1 0
7	DROPPED_2 0
7	MAX_QUEUE 1
7	DUPLICATED_1 0
7	DUPLICATED_2 0
7	EBUSY_RADIO_1 0
7	EBUSY_RADIO_2 0
7	TEST_NUMBER 5
7	SENT_TOTAL 0
7	RECEIVED_TOTAL 0
7	TIME_TOTAL 0
7	RECEIVED_RADIO_1 0
7	RECEIVED_RADIO_2 125
7	SENT_RADIO_1 125
7	SENT_RADIO_2 0
7	RADIO_TIME_1 29723
7	RADIO_TIME_2 29723
7	RETRANSMISSIONS_1 0
7	RETRANSMISSIONS_2 0
7	DROPPED_1 0
7	DROPPED_2 0
7	MAX_QUEUE 1
7	DUPLICATED_1 0
7	DUPLICATED_2 0
7	EBUSY_RADIO_1 0
7	EBUSY_RADIO_2 0
7	TEST_NUMBER 6
7	SENT_TOTAL 0
7	RECEIVED_TOTAL 0
7	TIME_TOTAL 0
7	RECEIVED_RADIO_1 0
7	RECEIVED_RADIO_2 125
7	SENT_RADIO_1 125
7	SENT_RADIO_2 0
7	RADIO_TIME_1 29724
7	RADIO_TIME_2 29724
7	RETRANSMISSIONS_1 0
7	RETRANSMISSIONS_2 0
7	DROPPED_1 0
7	DROPPED_2 0
7	MAX_QUEUE 1
7	DUPLICATED_1 0
7	DUPLICATED_2 0
7	EBUSY_RADIO_1 0
7	EBUSY_RADIO_2 0

8	SOURCE_NODE 8
8	84 1
8	84 2
8	84 3
8	83 3
8	85 3
8	79 24
8	84 4
8	84 5
8	84 6
8	84 7
8	83 7
8	85 7
8	79 35
8	84 8
8	84 9
8	84 10
8	84 11
8	83 11
8	85 11
8	79 31
8	84 12
8	84 13
8	84 14
8	84 15
8	83 15
8	85 15
8	79 29
8	84 16
8	84 17
8	84 18
8	84 19
8	83 19
8	85 19
8	79 23
8	84 20
8	84 1
8	84 2
8	84 3
8	83 3
8	85 3
8	79 26
8	84 4
8	84 5
8	84 6
8	84 7
8	83 7
8	85 7
8	79 33
8	84 8
8	84 9
8	84 10
8	84 11
8	83 11
8	85 11
8	79 28
8	84 12
8	84 13
8	84 14
8	84 15
8	83 15
8	85 15
8	79 25
8	84 16
8	84 17
8	84 18
8	84 19
8	83 19
8	85 19
8	79 26
8	84 20
8	84 1
8	84 2
8	84 3
8	83 3
8	85 3
8	79 33
8	84 4
8	84 5
8	84 6
8	84 7
8	83 7
8	85 7
8	79 28
8	84 8
8	84 9
8	84 10
8	84 11
8	83 11
8	85 11
8	79 35
8	84 12
8	84 13
8	84 14
8	84 15
8	83 15
8	85 15
8	79 28
8	84 16
8	84 17
8	84 18
8	84 19
8	83 19
8	85 19
8	79 29
8	84 20
8	84 1
8	84 2
8	84 3
8	83 3
8	85 3
8	79 26
8	84 4
8	84 5
8	84 6
8	84 7
8	83 7
8	85 7
8	79 25
8	84 8
8	84 9
8	84 10
8	84 11
8	83 11
8	85 11
8	79 27
8	84 12
8	84 13
8	84 14
8	84 15
8	83 15
8	85 15
8	79 33
8	84 16
8	84 17
8	84 18
8	84 19
8	83 19
8	85 19
8	79 30
8	84 20
8	84 1
8	84 2
8	84 3
8	83 3
8	85 3
8	79 28
8	84 4
8	84 5
8	84 6
8	84 7
8	83 7
8	85 7
8	79 27
8	84 8
8	84 9
8	84 10
8	84 11
8	83 11
8	85 11
8	79 32
8	84 12
8	84 13
8	84 14
8	84 15
8	83 15
8	85 15
8	79 28
8	84 16
8	84 17
8	84 18
8	84 19
8	83 19
8	85 19
8	79 30
8	84 20
8	84 1
8	84 2
8	84 3
8	83 3
8	85 3
8	79 25
8	84 4
8	84 5
8	84 6
8	84 7
8	84 8
8	84 9
8	84 10
8	84 11
8	83 11
8	85 11
8	79 31
8	84 12
8	84 13
8	84 14
8	84 15
8	83 15
8	85 15
8	79 27
8	84 16
8	84 17
8	84 18
8	84 19
8	83 19
8	85 19
8	79 31
8	84 20
8	84 1
8	84 2
8	84 3
8	83 3
8	85 3
8	79 26
8	84 4
8	84 5
8	84 6
8	84 7
8	83 7
8	85 7
8	79 33
8	84 8
8	84 9
8	84 10
8	84 11
8	83 11
8	85 11
8	79 33
8	84 12
8	84 13
8	84 14
8	84 15
8	83 15
8	85 15
8	79 26
8	84 16
8	84 17
8	84 18
8	84 19
8	83 19
8	85 19
8	79 33
8	84 20
8	84 1
8	84 2
8	84 3
8	83 3
8	85 3
8	79 31
8	84 4
8	84 5
8	84 6
8	84 7
8	83 7
8	85 7
8	79 23
8	84 8
8	84 9
8	84 10
8	84 11
8	83 11
8	85 11
8	79 30
8	84 12
8	84 13
8	84 14
8	84 15
8	83 15
8	85 15
8	79 25
8	84 16
8	84 17
8	84 18
8	84 19
8	83 19
8	85 19
8	79 25
8	84 20
8	84 1
8	84 2
8	84 3
8	83 3
8	85 3
8	79 29
8	84 4
8	84 5
8	84 6
8	84 7
8	83 7
8	85 7
8	79 29
8	84 8
8	84 9
8	84 10
8	84 11
8	83 11
8	85 11
8	79 33
8	84 12
8	84 13
8	84 14
8	84 15
8	83 15
8	85 15
8	79 34
8	84 16
8	84 17
8	84 18
8	84 19
8	83 19
8	85 19
8	79 31
8	84 20
8	84 1
8	84 2
8	84 3
8	83 3
8	85 3
8	79 28
8	84 4
8	84 5
8	84 6
8	84 7
8	84 8
8	84 9
8	84 10
8	84 11
8	83 11
8	85 11
8	79 29
8	84 12
8	84 13
8	84 14
8	84 15
8	83 15
8	85 15
8	79 29
8	84 16
8	84 17
8	84 18
8	84 19
8	83 19
8	85 19
8	79 28
8	84 20
8	84 1
8	84 2
8	84 3
8	83 3
8	85 3
8	79 32
8	84 4
8	84 5
8	84 6
8	84 7
8	83 7
8	85 7
8	79 28
8	84 8
8	84 9
8	84 10
8	84 11
8	83 11
8	85 11
8	79 33
8	84 12
8	84 13
8	84 14
8	84 15
8	83 15
8	85 15
8	79 31
8	84 16
8	84 17
8	84 18
8	84 19
8	83 19
8	85 19
8	79 26
8	84 20
8	84 1
8	84 2
8	84 3
8	83 3
8	85 3
8	79 34
8	84 4
8	84 5
8	84 6
8	84 7
8	83 7
8	85 7
8	79 25
8	84 8
8	84 9
8	84 10
8	84 11
8	83 11
8	85 11
8	79 28
8	84 12
8	84 13
8	84 14
8	84 15
8	83 15
8	85 15
8	79 27
8	84 16
8	84 17
8	84 18
8	84 19
8	83 19
8	85 19
8	79 28
8	84 20
8	84 1
8	84 2
8	84 3
8	83 3
8	85 3
8	79 34
8	84 4
8	84 5
8	84 6
8	84 7
8	83 7
8	85 7
8	79 34
8	84 8
8	84 9
8	84 10
8	TEST_NUMBER 0
8	SENT_TOTAL 250
8	RECEIVED_TOTAL 60
8	TIME_TOTAL 19454
8	RECEIVED_RADIO_1 60
8	RECEIVED_RADIO_2 0
8	SENT_RADIO_1 125
8	SENT_RADIO_2 124
8	RADIO_TIME_1 19763
8	RADIO_TIME_2 19763
8	RETRANSMISSIONS_1 0
8	RETRANSMISSIONS_2 0
8	DROPPED_1 0
8	DROPPED_2 0
8	MAX_QUEUE 1
8	DUPLICATED_1 0
8	DUPLICATED_2 0
8	EBUSY_RADIO_1 0
8	EBUSY_RADIO_2 0
8	84 1
8	83 1
8	85 1
8	79 31
8	84 2
8	84 3
8	84 4
8	84 5
8	83 5
8	85 5
8	79 29
8	84 6
8	84 7
8	84 8
8	84 9
8	83 9
8	85 9
8	79 31
8	84 10
8	84 11
8	84 12
8	84 13
8	83 13
8	85 13
8	79 36
8	84 14
8	84 15
8	84 16
8	84 17
8	83 17
8	85 17
8	79 28
8	84 18
8	84 19
8	84 20
8	84 1
8	83 1
8	85 1
8	79 29
8	84 2
8	84 3
8	84 4
8	84 5
8	83 5
8	85 5
8	79 31
8	84 6
8	84 7
8	84 8
8	84 9
8	83 9
8	85 9
8	79 29
8	84 10
8	84 11
8	84 12
8	84 13
8	83 13
8	85 13
8	79 24
8	84 14
8	84 15
8	84 16
8	84 17
8	83 17
8	85 17
8	79 27
8	84 18
8	84 19
8	84 20
8	84 1
8	83 1
8	85 1
8	79 27
8	84 2
8	84 3
8	84 4
8	84 5
8	83 5
8	85 5
8	79 26
8	84 6
8	84 7
8	84 8
8	84 9
8	83 9
8	85 9
8	79 30
8	84 10
8	84 11
8	84 12
8	84 13
8	83 13
8	85 13
8	79 32
8	84 14
8	84 15
8	84 16
8	84 17
8	83 17
8	85 17
8	79 31
8	84 18
8	84 19
8	84 20
8	84 1
8	83 1
8	85 1
8	79 29
8	84 2
8	84 3
8	84 4
8	84 5
8	83 5
8	85 5
8	79 30
8	84 6
8	84 7
8	84 8
8	84 9
8	83 9
8	85 9
8	79 25
8	84 10
8	84 11
8	84 12
8	84 13
8	83 13
8	85 13
8	79 33
8	84 14
8	84 15
8	84 16
8	84 17
8	83 17
8	85 17
8	79 29
8	84 18
8	84 19
8	84 20
8	84 1
8	83 1
8	85 1
8	79 35
8	84 2
8	84 3
8	84 4
8	84 5
8	83 5
8	85 5
8	79 28
8	84 6
8	84 7
8	84 8
8	84 9
8	83 9
8	85 9
8	79 31
8	84 10
8	84 11
8	84 12
8	84 13
8	83 13
8	85 13
8	79 32
8	84 14
8	84 15
8	84 16
8	84 17
8	83 17
8	85 17
8	79 26
8	84 18
8	84 19
8	84 20
8	84 1
8	83 1
8	85 1
8	79 30
8	84 2
8	84 3
8	84 4
8	84 5
8	83 5
8	85 5
8	79 29
8	84 6
8	84 7
8	84 8
8	84 9
8	83 9
8	85 9
8	79 27
8	84 10
8	84 11
8	84 12
8	84 13
8	83 13
8	85 13
8	79 34
8	84 14
8	84 15
8	84 16
8	84 17
8	83 17
8	85 17
8	79 24
8	84 18
8	84 19
8	84 20
8	84 1
8	83 1
8	85 1
8	79 30
8	84 2
8	84 3
8	84 4
8	84 5
8	83 5
8	85 5
8	79 25
8	84 6
8	84 7
8	84 8
8	84 9
8	83 9
8	85 9
8	79 27
8	84 10
8	84 11
8	84 12
8	84 13
8	83 13
8	85 13
8	79 25
8	84 14
8	84 15
8	84 16
8	84 17
8	83 17
8	85 17
8	79 28
8	84 18
8	84 19
8	84 20
8	84 1
8	83 1
8	85 1
8	79 28
8	84 2
8	84 3
8	84 4
8	84 5
8	83 5
8	85 5
8	79 25
8	84 6
8	84 7
8	84 8
8	84 9
8	83 9
8	85 9
8	79 36
8	84 10
8	84 11
8	84 12
8	84 13
8	83 13
8	85 13
8	79 34
8	84 14
8	84 15
8	84 16
8	84 17
8	83 17
8	85 17
8	79 30
8	84 18
8	84 19
8	84 20
8	84 1
8	83 1
8	85 1
8	79 28
8	84 2
8	84 3
8	84 4
8	84 5
8	83 5
8	85 5
8	79 34
8	84 6
8	84 7
8	84 8
8	84 9
8	83 9
8	85 9
8	79 29
8	84 10
8	84 11
8	84 12
8	84 13
8	83 13
8	85 13
8	79 27
8	84 14
8	84 15
8	84 16
8	84 17
8	83 17
8	85 17
8	79 29
8	84 18
8	84 19
8	84 20
8	84 1
8	83 1
8	85 1
8	79 30
8	84 2
8	84 3
8	84 4
8	84 5
8	83 5
8	85 5
8	79 33
8	84 6
8	84 7
8	84 8
8	84 9
8	83 9
8	85 9
8	79 29
8	84 10
8	84 11
8	84 12
8	84 13
8	83 13
8	85 13
8	79 31
8	84 14
8	84 15
8	84 16
8	84 17
8	83 17
8	85 17
8	79 23
8	84 18
8	84 19
8	84 20
8	84 1
8	83 1
8	85 1
8	79 27
8	84 2
8	84 3
8	84 4
8	84 5
8	83 5
8	85 5
8	79 27
8	84 6
8	84 7
8	84 8
8	84 9
8	83 9
8	85 9
8	79 31
8	84 10
8	84 11
8	84 12
8	84 13
8	83 13
8	85 13
8	79 28
8	84 14
8	84 15
8	84 16
8	84 17
8	83 17
8	85 17
8	79 29
8	84 18
8	84 19
8	84 20
8	84 1
8	83 1
8	85 1
8	79 26
8	84 2
8	84 3
8	84 4
8	84 5
8	83 5
8	85 5
8	79 29
8	84 6
8	84 7
8	84 8
8	84 9
8	83 9
8	85 9
8	79 30
8	84 10
8	84 11
8	84 12
8	84 13
8	83 13
8	85 13
8	79 30
8	84 14
8	84 15
8	84 16
8	84 17
8	83 17
8	85 17
8	79 33
8	84 18
8	84 19
8	84 20
8	84 1
8	83 1
8	85 1
8	79 30
8	84 2
8	84 3
8	84 4
8	84 5
8	83 5
8	85 5
8	79 27
8	84 6
8	84 7
8	84 8
8	84 9
8	83 9
8	85 9
8	79 27
8	84 10
8	TEST_NUMBER 1
8	SENT_TOTAL 250
8	RECEIVED_TOTAL 63
8	TIME_TOTAL 19759
8	RECEIVED_RADIO_1 63
8	RECEIVED_RADIO_2 0
8	SENT_RADIO_1 125
8	SENT_RADIO_2 125
8	RADIO_TIME_1 19790
8	RADIO_TIME_2 19763
8	RETRANSMISSIONS_1 0
8	RETRANSMISSIONS_2 0
8	DROPPED_1 0
8	DROPPED_2 0
8	MAX_QUEUE 1
8	DUPLICATED_1 0
8	DUPLICATED_2 0
8	EBUSY_RADIO_1 0
8	EBUSY_RADIO_2 0
8	84 1
8	84 2
8	84 3
8	83 3
8	85 3
8	79 30
8	84 4
8	84 5
8	84 6
8	84 7
8	83 7
8	85 7
8	79 32
8	84 8
8	84 9
8	84 10
8	84 11
8	83 11
8	85 11
8	79 28
8	84 12
8	84 13
8	84 14
8	84 15
8	83 15
8	85 15
8	79 27
8	84 16
8	84 17
8	84 18
8	84 19
8	83 19
8	85 19
8	79 28
8	84 20
8	84 1
8	84 2
8	84 3
8	83 3
8	85 3
8	79 34
8	84 4
8	84 5
8	84 6
8	84 7
8	83 7
8	85 7
8	79 29
8	84 8
8	84 9
8	84 10
8	84 11
8	83 11
8	85 11
8	79 30
8	84 12
8	84 13
8	84 14
8	84 15
8	83 15
8	85 15
8	79 27
8	84 16
8	84 17
8	84 18
8	84 19
8	83 19
8	85 19
8	79 25
8	84 20
8	84 1
8	84 2
8	84 3
8	83 3
8	85 3
8	79 29
8	84 4
8	84 5
8	84 6
8	84 7
8	83 7
8	85 7
8	79 24
8	84 8
8	84 9
8	84 10
8	84 11
8	83 11
8	85 11
8	79 28
8	84 12
8	84 13
8	84 14
8	84 15
8	83 15
8	85 15
8	79 29
8	84 16
8	84 17
8	84 18
8	84 19
8	83 19
8	85 19
8	79 28
8	84 20
8	84 1
8	84 2
8	84 3
8	83 3
8	85 3
8	79 32
8	84 4
8	84 5
8	84 6
8	84 7
8	83 7
8	85 7
8	79 24
8	84 8
8	84 9
8	84 10
8	84 11
8	83 11
8	85 11
8	79 36
8	84 12
8	84 13
8	84 14
8	84 15
8	83 15
8	85 15
8	79 28
8	84 16
8	84 17
8	84 18
8	84 19
8	83 19
8	85 19
8	79 26
8	84 20
8	84 1
8	84 2
8	84 3
8	83 3
8	85 3
8	79 27
8	84 4
8	84 5
8	84 6
8	84 7
8	83 7
8	85 7
8	79 32
8	84 8
8	84 9
8	84 10
8	84 11
8	83 11
8	85 11
8	79 29
8	84 12
8	84 13
8	84 14
8	84 15
8	83 15
8	85 15
8	79 27
8	84 16
8	84 17
8	84 18
8	84 19
8	83 19
8	85 19
8	79 31
8	84 20
8	84 1
8	84 2
8	84 3
8	83 3
8	85 3
8	79 35
8	84 4
8	84 5
8	84 6
8	84 7
8	83 7
8	85 7
8	79 25
8	84 8
8	84 9
8	84 10
8	84 11
8	83 11
8	85 11
8	79 30
8	84 12
8	84 13
8	84 14
8	84 15
8	83 15
8	85 15
8	79 33
8	84 16
8	84 17
8	84 18
8	84 19
8	83 19
8	85 19
8	79 29
8	84 20
8	84 1
8	84 2
8	84 3
8	84 4
8	84 5
8	84 6
8	84 7
8	83 7
8	85 7
8	79 32
8	84 8
8	84 9
8	84 10
8	84 11
8	83 11
8	85 11
8	79 31
8	84 12
8	84 13
8	84 14
8	84 15
8	83 15
8	85 15
8	79 29
8	84 16
8	84 17
8	84 18
8	84 19
8	84 20
8	84 1
8	84 2
8	84 3
8	83 3
8	85 3
8	79 28
8	84 4
8	84 5
8	84 6
8	84 7
8	83 7
8	85 7
8	79 30
8	84 8
8	84 9
8	84 10
8	84 11
8	83 11
8	85 11
8	79 30
8	84 12
8	84 13
8	84 14
8	84 15
8	83 15
8	85 15
8	79 34
8	84 16
8	84 17
8	84 18
8	84 19
8	83 19
8	85 19
8	79 25
8	84 20
8	84 1
8	84 2
8	84 3
8	83 3
8	85 3
8	79 29
8	84 4
8	84 5
8	84 6
8	84 7
8	83 7
8	85 7
8	79 28
8	84 8
8	84 9
8	84 10
8	84 11
8	83 11
8	85 11
8	79 27
8	84 12
8	84 13
8	84 14
8	84 15
8	83 15
8	85 15
8	79 32
8	84 16
8	84 17
8	84 18
8	84 19
8	83 19
8	85 19
8	79 26
8	84 20
8	84 1
8	84 2
8	84 3
8	83 3
8	85 3
8	79 28
8	84 4
8	84 5
8	84 6
8	84 7
8	83 7
8	85 7
8	79 33
8	84 8
8	84 9
8	84 10
8	84 11
8	83 11
8	85 11
8	79 31
8	84 12
8	84 13
8	84 14
8	84 15
8	83 15
8	85 15
8	79 31
8	84 16
8	84 17
8	84 18
8	84 19
8	83 19
8	85 19
8	79 28
8	84 20
8	84 1
8	84 2
8	84 3
8	83 3
8	85 3
8	79 29
8	84 4
8	84 5
8	84 6
8	84 7
8	83 7
8	85 7
8	79 34
8	84 8
8	84 9
8	84 10
8	84 11
8	83 11
8	85 11
8	79 28
8	84 12
8	84 13
8	84 14
8	84 15
8	83 15
8	85 15
8	79 33
8	84 16
8	84 17
8	84 18
8	84 19
8	83 19
8	85 19
8	79 25
8	84 20
8	84 1
8	84 2
8	84 3
8	83 3
8	85 3
8	79 33
8	84 4
8	84 5
8	84 6
8	84 7
8	83 7
8	85 7
8	79 26
8	84 8
8	84 9
8	84 10
8	84 11
8	83 11
8	85 11
8	79 32
8	84 12
8	84 13
8	84 14
8	84 15
8	83 15
8	85 15
8	79 31
8	84 16
8	84 17
8	84 18
8	84 19
8	83 19
8	85 19
8	79 28
8	84 20
8	84 1
8	84 2
8	84 3
8	83 3
8	85 3
8	79 23
8	84 4
8	84 5
8	84 6
8	84 7
8	83 7
8	85 7
8	79 32
8	84 8
8	84 9
8	84 10
8	TEST_NUMBER 2
8	SENT_TOTAL 250
8	RECEIVED_TOTAL 60
8	TIME_TOTAL 19446
8	RECEIVED_RADIO_1 60
8	RECEIVED_RADIO_2 0
8	SENT_RADIO_1 125
8	SENT_RADIO_2 125
8	RADIO_TIME_1 19763
8	RADIO_TIME_2 19763
8	RETRANSMISSIONS_1 0
8	RETRANSMISSIONS_2 0
8	DROPPED_1 0
8	DROPPED_2 0
8	MAX_QUEUE 1
8	DUPLICATED_1 0
8	DUPLICATED_2 0
8	EBUSY_RADIO_1 0
8	EBUSY_RADIO_2 0
8	84 1
8	83 1
8	85 1
8	79 27
8	84 2
8	84 3
8	84 4
8	84 5
8	83 5
8	85 5
8	79 25
8	84 6
8	84 7
8	84 8
8	84 9
8	83 9
8	85 9
8	79 35
8	84 10
8	84 11
8	84 12
8	84 13
8	83 13
8	85 13
8	79 32
8	84 14
8	84 15
8	84 16
8	84 17
8	83 17
8	85 17
8	79 30
8	84 18
8	84 19
8	84 20
8	84 1
8	83 1
8	85 1
8	79 25
8	84 2
8	84 3
8	84 4
8	84 5
8	83 5
8	85 5
8	79 29
8	84 6
8	84 7
8	84 8
8	84 9
8	83 9
8	85 9
8	79 27
8	84 10
8	84 11
8	84 12
8	84 13
8	83 13
8	85 13
8	79 30
8	84 14
8	84 15
8	84 16
8	84 17
8	83 17
8	85 17
8	79 32
8	84 18
8	84 19
8	84 20
8	84 1
8	83 1
8	85 1
8	79 28
8	84 2
8	84 3
8	84 4
8	84 5
8	83 5
8	85 5
8	79 29
8	84 6
8	84 7
8	84 8
8	84 9
8	83 9
8	85 9
8	79 27
8	84 10
8	84 11
8	84 12
8	84 13
8	83 13
8	85 13
8	79 30
8	84 14
8	84 15
8	84 16
8	84 17
8	83 17
8	85 17
8	79 30
8	84 18
8	84 19
8	84 20
8	84 1
8	83 1
8	85 1
8	79 23
8	84 2
8	84 3
8	84 4
8	84 5
8	83 5
8	85 5
8	79 34
8	84 6
8	84 7
8	84 8
8	84 9
8	83 9
8	85 9
8	79 22
8	84 10
8	84 11
8	84 12
8	84 13
8	83 13
8	85 13
8	79 25
8	84 14
8	84 15
8	84 16
8	84 17
8	83 17
8	85 17
8	79 31
8	84 18
8	84 19
8	84 20
8	84 1
8	83 1
8	85 1
8	79 24
8	84 2
8	84 3
8	84 4
8	84 5
8	83 5
8	85 5
8	79 27
8	84 6
8	84 7
8	84 8
8	84 9
8	83 9
8	85 9
8	79 33
8	84 10
8	84 11
8	84 12
8	84 13
8	83 13
8	85 13
8	79 25
8	84 14
8	84 15
8	84 16
8	84 17
8	83 17
8	85 17
8	79 28
8	84 18
8	84 19
8	84 20
8	84 1
8	83 1
8	85 1
8	79 33
8	84 2
8	84 3
8	84 4
8	84 5
8	83 5
8	85 5
8	79 23
8	84 6
8	84 7
8	84 8
8	84 9
8	83 9
8	85 9
8	79 29
8	84 10
8	84 11
8	84 12
8	84 13
8	84 14
8	84 15
8	84 16
8	84 17
8	83 17
8	85 17
8	79 24
8	84 18
8	84 19
8	84 20
8	84 1
8	83 1
8	85 1
8	79 32
8	84 2
8	84 3
8	84 4
8	84 5
8	83 5
8	85 5
8	79 24
8	84 6
8	84 7
8	84 8
8	84 9
8	83 9
8	85 9
8	79 27
8	84 10
8	84 11
8	84 12
8	84 13
8	83 13
8	85 13
8	79 27
8	84 14
8	84 15
8	84 16
8	84 17
8	83 17
8	85 17
8	79 29
8	84 18
8	84 19
8	84 20
8	84 1
8	83 1
8	85 1
8	79 25
8	84 2
8	84 3
8	84 4
8	84 5
8	83 5
8	85 5
8	79 26
8	84 6
8	84 7
8	84 8
8	84 9
8	83 9
8	85 9
8	79 34
8	84 10
8	84 11
8	84 12
8	84 13
8	83 13
8	85 13
8	79 28
8	84 14
8	84 15
8	84 16
8	84 17
8	83 17
8	85 17
8	79 29
8	84 18
8	84 19
8	84 20
8	84 1
8	83 1
8	85 1
8	79 25
8	84 2
8	84 3
8	84 4
8	84 5
8	83 5
8	85 5
8	79 28
8	84 6
8	84 7
8	84 8
8	84 9
8	83 9
8	85 9
8	79 24
8	84 10
8	84 11
8	84 12
8	84 13
8	83 13
8	85 13
8	79 31
8	84 14
8	84 15
8	84 16
8	84 17
8	83 17
8	85 17
8	79 29
8	84 18
8	84 19
8	84 20
8	84 1
8	83 1
8	85 1
8	79 28
8	84 2
8	84 3
8	84 4
8	84 5
8	83 5
8	85 5
8	79 29
8	84 6
8	84 7
8	84 8
8	84 9
8	83 9
8	85 9
8	79 30
8	84 10
8	84 11
8	84 12
8	84 13
8	83 13
8	85 13
8	79 32
8	84 14
8	84 15
8	84 16
8	84 17
8	83 17
8	85 17
8	79 28
8	84 18
8	84 19
8	84 20
8	84 1
8	83 1
8	85 1
8	79 34
8	84 2
8	84 3
8	84 4
8	84 5
8	83 5
8	85 5
8	79 27
8	84 6
8	84 7
8	84 8
8	84 9
8	83 9
8	85 9
8	79 29
8	84 10
8	84 11
8	84 12
8	84 13
8	83 13
8	85 13
8	79 28
8	84 14
8	84 15
8	84 16
8	84 17
8	83 17
8	85 17
8	79 31
8	84 18
8	84 19
8	84 20
8	84 1
8	83 1
8	85 1
8	79 31
8	84 2
8	84 3
8	84 4
8	84 5
8	83 5
8	85 5
8	79 33
8	84 6
8	84 7
8	84 8
8	84 9
8	83 9
8	85 9
8	79 26
8	84 10
8	84 11
8	84 12
8	84 13
8	83 13
8	85 13
8	79 31
8	84 14
8	84 15
8	84 16
8	84 17
8	83 17
8	85 17
8	79 30
8	84 18
8	84 19
8	84 20
8	84 1
8	83 1
8	85 1
8	79 28
8	84 2
8	84 3
8	84 4
8	84 5
8	83 5
8	85 5
8	79 30
8	84 6
8	84 7
8	84 8
8	84 9
8	83 9
8	85 9
8	79 27
8	84 10
8	TEST_NUMBER 3
8	SENT_TOTAL 250
8	RECEIVED_TOTAL 62
8	TIME_TOTAL 19763
8	RECEIVED_RADIO_1 62
8	RECEIVED_RADIO_2 0
8	SENT_RADIO_1 125
8	SENT_RADIO_2 125
8	RADIO_TIME_1 19790
8	RADIO_TIME_2 19763
8	RETRANSMISSIONS_1 0
8	RETRANSMISSIONS_2 0
8	DROPPED_1 0
8	DROPPED_2 0
8	MAX_QUEUE 1
8	DUPLICATED_1 0
8	DUPLICATED_2 0
8	EBUSY_RADIO_1 0
8	EBUSY_RADIO_2 0
8	84 1
8	84 2
8	84 3
8	83 3
8	85 3
8	79 27
8	84 4
8	84 5
8	84 6
8	84 7
8	83 7
8	85 7
8	79 21
8	84 8
8	84 9
8	84 10
8	84 11
8	83 11
8	85 11
8	79 29
8	84 12
8	84 13
8	84 14
8	84 15
8	83 15
8	85 15
8	79 28
8	84 16
8	84 17
8	84 18
8	84 19
8	83 19
8	85 19
8	79 29
8	84 20
8	84 1
8	84 2
8	84 3
8	83 3
8	85 3
8	79 30
8	84 4
8	84 5
8	84 6
8	84 7
8	83 7
8	85 7
8	79 30
8	84 8
8	84 9
8	84 10
8	84 11
8	83 11
8	85 11
8	79 26
8	84 12
8	84 13
8	84 14
8	84 15
8	83 15
8	85 15
8	79 28
8	84 16
8	84 17
8	84 18
8	84 19
8	83 19
8	85 19
8	79 28
8	84 20
8	84 1
8	84 2
8	84 3
8	83 3
8	85 3
8	79 30
8	84 4
8	84 5
8	84 6
8	84 7
8	83 7
8	85 7
8	79 30
8	84 8
8	84 9
8	84 10
8	84 11
8	83 11
8	85 11
8	79 35
8	84 12
8	84 13
8	84 14
8	84 15
8	83 15
8	85 15
8	79 31
8	84 16
8	84 17
8	84 18
8	84 19
8	83 19
8	85 19
8	79 30
8	84 20
8	84 1
8	84 2
8	84 3
8	83 3
8	85 3
8	79 26
8	84 4
8	84 5
8	84 6
8	84 7
8	83 7
8	85 7
8	79 29
8	84 8
8	84 9
8	84 10
8	84 11
8	83 11
8	85 11
8	79 27
8	84 12
8	84 13
8	84 14
8	84 15
8	83 15
8	85 15
8	79 30
8	84 16
8	84 17
8	84 18
8	84 19
8	83 19
8	85 19
8	79 35
8	84 20
8	84 1
8	84 2
8	84 3
8	83 3
8	85 3
8	79 25
8	84 4
8	84 5
8	84 6
8	84 7
8	83 7
8	85 7
8	79 29
8	84 8
8	84 9
8	84 10
8	84 11
8	83 11
8	85 11
8	79 27
8	84 12
8	84 13
8	84 14
8	84 15
8	83 15
8	85 15
8	79 29
8	84 16
8	84 17
8	84 18
8	84 19
8	83 19
8	85 19
8	79 34
8	84 20
8	84 1
8	84 2
8	84 3
8	83 3
8	85 3
8	79 26
8	84 4
8	84 5
8	84 6
8	84 7
8	83 7
8	85 7
8	79 26
8	84 8
8	84 9
8	84 10
8	84 11
8	83 11
8	85 11
8	79 34
8	84 12
8	84 13
8	84 14
8	84 15
8	83 15
8	85 15
8	79 23
8	84 16
8	84 17
8	84 18
8	84 19
8	83 19
8	85 19
8	79 29
8	84 20
8	84 1
8	84 2
8	84 3
8	83 3
8	85 3
8	79 29
8	84 4
8	84 5
8	84 6
8	84 7
8	83 7
8	85 7
8	79 31
8	84 8
8	84 9
8	84 10
8	84 11
8	83 11
8	85 11
8	79 28
8	84 12
8	84 13
8	84 14
8	84 15
8	83 15
8	85 15
8	79 29
8	84 16
8	84 17
8	84 18
8	84 19
8	83 19
8	85 19
8	79 33
8	84 20
8	84 1
8	84 2
8	84 3
8	83 3
8	85 3
8	79 29
8	84 4
8	84 5
8	84 6
8	84 7
8	83 7
8	85 7
8	79 26
8	84 8
8	84 9
8	84 10
8	84 11
8	83 11
8	85 11
8	79 32
8	84 12
8	84 13
8	84 14
8	84 15
8	83 15
8	85 15
8	79 30
8	84 16
8	84 17
8	84 18
8	84 19
8	83 19
8	85 19
8	79 26
8	84 20
8	84 1
8	84 2
8	84 3
8	83 3
8	85 3
8	79 27
8	84 4
8	84 5
8	84 6
8	84 7
8	83 7
8	85 7
8	79 32
8	84 8
8	84 9
8	84 10
8	84 11
8	83 11
8	85 11
8	79 31
8	84 12
8	84 13
8	84 14
8	84 15
8	83 15
8	85 15
8	79 27
8	84 16
8	84 17
8	84 18
8	84 19
8	83 19
8	85 19
8	79 32
8	84 20
8	84 1
8	84 2
8	84 3
8	83 3
8	85 3
8	79 30
8	84 4
8	84 5
8	84 6
8	84 7
8	83 7
8	85 7
8	79 27
8	84 8
8	84 9
8	84 10
8	84 11
8	83 11
8	85 11
8	79 33
8	84 12
8	84 13
8	84 14
8	84 15
8	83 15
8	85 15
8	79 27
8	84 16
8	84 17
8	84 18
8	84 19
8	83 19
8	85 19
8	79 26
8	84 20
8	84 1
8	84 2
8	84 3
8	83 3
8	85 3
8	79 34
8	84 4
8	84 5
8	84 6
8	84 7
8	83 7
8	85 7
8	79 28
8	84 8
8	84 9
8	84 10
8	84 11
8	83 11
8	85 11
8	79 34
8	84 12
8	84 13
8	84 14
8	84 15
8	83 15
8	85 15
8	79 25
8	84 16
8	84 17
8	84 18
8	84 19
8	83 19
8	85 19
8	79 31
8	84 20
8	84 1
8	84 2
8	84 3
8	83 3
8	85 3
8	79 33
8	84 4
8	84 5
8	84 6
8	84 7
8	83 7
8	85 7
8	79 25
8	84 8
8	84 9
8	84 10
8	84 11
8	83 11
8	85 11
8	79 32
8	84 12
8	84 13
8	84 14
8	84 15
8	83 15
8	85 15
8	79 32
8	84 16
8	84 17
8	84 18
8	84 19
8	83 19
8	85 19
8	79 28
8	84 20
8	84 1
8	84 2
8	84 3
8	83 3
8	85 3
8	79 29
8	84 4
8	84 5
8	84 6
8	84 7
8	83 7
8	85 7
8	79 34
8	84 8
8	84 9
8	84 10
8	TEST_NUMBER 4
8	SENT_TOTAL 250
8	RECEIVED_TOTAL 62
8	TIME_TOTAL 19451
8	RECEIVED_RADIO_1 62
8	RECEIVED_RADIO_2 0
8	SENT_RADIO_1 125
8	SENT_RADIO_2 125
8	RADIO_TIME_1 19763
8	RADIO_TIME_2 19763
8	RETRANSMISSIONS_1 0
8	RETRANSMISSIONS_2 0
8	DROPPED_1 0
8	DROPPED_2 0
8	MAX_QUEUE 1
8	DUPLICATED_1 0
8	DUPLICATED_2 0
8	EBUSY_RADIO_1 0
8	EBUSY_RADIO_2 0
8	84 1
8	83 1
8	85 1
8	79 33
8	84 2
8	84 3
8	84 4
8	84 5
8	83 5
8	85 5
8	79 29
8	84 6
8	84 7
8	84 8
8	84 9
8	83 9
8	85 9
8	79 24
8	84 10
8	84 11
8	84 12
8	84 13
8	83 13
8	85 13
8	79 32
8	84 14
8	84 15
8	84 16
8	84 17
8	83 17
8	85 17
8	79 30
8	84 18
8	84 19
8	84 20
8	84 1
8	83 1
8	85 1
8	79 31
8	84 2
8	84 3
8	84 4
8	84 5
8	83 5
8	85 5
8	79 30
8	84 6
8	84 7
8	84 8
8	84 9
8	83 9
8	85 9
8	79 28
8	84 10
8	84 11
8	84 12
8	84 13
8	83 13
8	85 13
8	79 30
8	84 14
8	84 15
8	84 16
8	84 17
8	83 17
8	85 17
8	79 33
8	84 18
8	84 19
8	84 20
8	84 1
8	83 1
8	85 1
8	79 29
8	84 2
8	84 3
8	84 4
8	84 5
8	83 5
8	85 5
8	79 32
8	84 6
8	84 7
8	84 8
8	84 9
8	83 9
8	85 9
8	79 30
8	84 10
8	84 11
8	84 12
8	84 13
8	83 13
8	85 13
8	79 32
8	84 14
8	84 15
8	84 16
8	84 17
8	83 17
8	85 17
8	79 30
8	84 18
8	84 19
8	84 20
8	84 1
8	83 1
8	85 1
8	79 29
8	84 2
8	84 3
8	84 4
8	84 5
8	83 5
8	85 5
8	79 24
8	84 6
8	84 7
8	84 8
8	84 9
8	84 10
8	84 11
8	84 12
8	84 13
8	83 13
8	85 13
8	79 31
8	84 14
8	84 15
8	84 16
8	84 17
8	83 17
8	85 17
8	79 32
8	84 18
8	84 19
8	84 20
8	84 1
8	83 1
8	85 1
8	79 33
8	84 2
8	84 3
8	84 4
8	84 5
8	83 5
8	85 5
8	79 30
8	84 6
8	84 7
8	84 8
8	84 9
8	83 9
8	85 9
8	79 32
8	84 10
8	84 11
8	84 12
8	84 13
8	83 13
8	85 13
8	79 27
8	84 14
8	84 15
8	84 16
8	84 17
8	83 17
8	85 17
8	79 29
8	84 18
8	84 19
8	84 20
8	84 1
8	83 1
8	85 1
8	79 32
8	84 2
8	84 3
8	84 4
8	84 5
8	83 5
8	85 5
8	79 24
8	84 6
8	84 7
8	84 8
8	84 9
8	84 10
8	84 11
8	84 12
8	84 13
8	83 13
8	85 13
8	79 34
8	84 14
8	84 15
8	84 16
8	84 17
8	83 17
8	85 17
8	79 32
8	84 18
8	84 19
8	84 20
8	84 1
8	83 1
8	85 1
8	79 29
8	84 2
8	84 3
8	84 4
8	84 5
8	83 5
8	85 5
8	79 28
8	84 6
8	84 7
8	84 8
8	84 9
8	83 9
8	85 9
8	79 30
8	84 10
8	84 11
8	84 12
8	84 13
8	83 13
8	85 13
8	79 26
8	84 14
8	84 15
8	84 16
8	84 17
8	83 17
8	85 17
8	79 29
8	84 18
8	84 19
8	84 20
8	84 1
8	83 1
8	85 1
8	79 30
8	84 2
8	84 3
8	84 4
8	84 5
8	83 5
8	85 5
8	79 32
8	84 6
8	84 7
8	84 8
8	84 9
8	83 9
8	85 9
8	79 28
8	84 10
8	84 11
8	84 12
8	84 13
8	83 13
8	85 13
8	79 27
8	84 14
8	84 15
8	84 16
8	84 17
8	83 17
8	85 17
8	79 26
8	84 18
8	84 19
8	84 20
8	84 1
8	83 1
8	85 1
8	79 30
8	84 2
8	84 3
8	84 4
8	84 5
8	83 5
8	85 5
8	79 33
8	84 6
8	84 7
8	84 8
8	84 9
8	83 9
8	85 9
8	79 31
8	84 10
8	84 11
8	84 12
8	84 13
8	83 13
8	85 13
8	79 34
8	84 14
8	84 15
8	84 16
8	84 17
8	83 17
8	85 17
8	79 27
8	84 18
8	84 19
8	84 20
8	84 1
8	83 1
8	85 1
8	79 31
8	84 2
8	84 3
8	84 4
8	84 5
8	83 5
8	85 5
8	79 31
8	84 6
8	84 7
8	84 8
8	84 9
8	83 9
8	85 9
8	79 32
8	84 10
8	84 11
8	84 12
8	84 13
8	83 13
8	85 13
8	79 31
8	84 14
8	84 15
8	84 16
8	84 17
8	83 17
8	85 17
8	79 33
8	84 18
8	84 19
8	84 20
8	84 1
8	83 1
8	85 1
8	79 26
8	84 2
8	84 3
8	84 4
8	84 5
8	83 5
8	85 5
8	79 25
8	84 6
8	84 7
8	84 8
8	84 9
8	83 9
8	85 9
8	79 28
8	84 10
8	84 11
8	84 12
8	84 13
8	83 13
8	85 13
8	79 31
8	84 14
8	84 15
8	84 16
8	84 17
8	83 17
8	85 17
8	79 28
8	84 18
8	84 19
8	84 20
8	84 1
8	83 1
8	85 1
8	79 26
8	84 2
8	84 3
8	84 4
8	84 5
8	83 5
8	85 5
8	79 26
8	84 6
8	84 7
8	84 8
8	84 9
8	83 9
8	85 9
8	79 31
8	84 10
8	84 11
8	84 12
8	84 13
8	83 13
8	85 13
8	79 26
8	84 14
8	84 15
8	84 16
8	84 17
8	83 17
8	85 17
8	79 31
8	84 18
8	84 19
8	84 20
8	84 1
8	83 1
8	85 1
8	79 24
8	84 2
8	84 3
8	84 4
8	84 5
8	83 5
8	85 5
8	79 30
8	84 6
8	84 7
8	84 8
8	84 9
8	83 9
8	85 9
8	79 29
8	84 10
8	TEST_NUMBER 5
8	SENT_TOTAL 250
8	RECEIVED_TOTAL 61
8	TIME_TOTAL 19759
8	RECEIVED_RADIO_1 61
8	RECEIVED_RADIO_2 0
8	SENT_RADIO_1 125
8	SENT_RADIO_2 125
8	RADIO_TIME_1 19792
8	RADIO_TIME_2 19763
8	RETRANSMISSIONS_1 0
8	RETRANSMISSIONS_2 0
8	DROPPED_1 0
8	DROPPED_2 0
8	MAX_QUEUE 1
8	DUPLICATED_1 0
8	DUPLICATED_2 0
8	EBUSY_RADIO_1 0
8	EBUSY_RADIO_2 0
8	84 1
8	84 2
8	84 3
8	83 3
8	85 3
8	79 30
8	84 4
8	84 5
8	84 6
8	84 7
8	83 7
8	85 7
8	79 25
8	84 8
8	84 9
8	84 10
8	84 11
8	83 11
8	85 11
8	79 27
8	84 12
8	84 13
8	84 14
8	84 15
8	83 15
8	85 15
8	79 32
8	84 16
8	84 17
8	84 18
8	84 19
8	83 19
8	85 19
8	79 29
8	84 20
8	84 1
8	84 2
8	84 3
8	83 3
8	85 3
8	79 28
8	84 4
8	84 5
8	84 6
8	84 7
8	83 7
8	85 7
8	79 30
8	84 8
8	84 9
8	84 10
8	84 11
8	83 11
8	85 11
8	79 25
8	84 12
8	84 13
8	84 14
8	84 15
8	83 15
8	85 15
8	79 27
8	84 16
8	84 17
8	84 18
8	84 19
8	83 19
8	85 19
8	79 36
8	84 20
8	84 1
8	84 2
8	84 3
8	83 3
8	85 3
8	79 30
8	84 4
8	84 5
8	84 6
8	84 7
8	83 7
8	85 7
8	79 34
8	84 8
8	84 9
8	84 10
8	84 11
8	83 11
8	85 11
8	79 29
8	84 12
8	84 13
8	84 14
8	84 15
8	83 15
8	85 15
8	79 28
8	84 16
8	84 17
8	84 18
8	84 19
8	83 19
8	85 19
8	79 27
8	84 20
8	84 1
8	84 2
8	84 3
8	83 3
8	85 3
8	79 33
8	84 4
8	84 5
8	84 6
8	84 7
8	83 7
8	85 7
8	79 28
8	84 8
8	84 9
8	84 10
8	84 11
8	83 11
8	85 11
8	79 28
8	84 12
8	84 13
8	84 14
8	84 15
8	83 15
8	85 15
8	79 29
8	84 16
8	84 17
8	84 18
8	84 19
8	83 19
8	85 19
8	79 36
8	84 20
8	84 1
8	84 2
8	84 3
8	83 3
8	85 3
8	79 31
8	84 4
8	84 5
8	84 6
8	84 7
8	83 7
8	85 7
8	79 31
8	84 8
8	84 9
8	84 10
8	84 11
8	84 12
8	84 13
8	84 14
8	84 15
8	83 15
8	85 15
8	79 30
8	84 16
8	84 17
8	84 18
8	84 19
8	83 19
8	85 19
8	79 25
8	84 20
8	84 1
8	84 2
8	84 3
8	83 3
8	85 3
8	79 26
8	84 4
8	84 5
8	84 6
8	84 7
8	83 7
8	85 7
8	79 28
8	84 8
8	84 9
8	84 10
8	84 11
8	83 11
8	85 11
8	79 29
8	84 12
8	84 13
8	84 14
8	84 15
8	83 15
8	85 15
8	79 29
8	84 16
8	84 17
8	84 18
8	84 19
8	83 19
8	85 19
8	79 35
8	84 20
8	84 1
8	84 2
8	84 3
8	83 3
8	85 3
8	79 32
8	84 4
8	84 5
8	84 6
8	84 7
8	83 7
8	85 7
8	79 31
8	84 8
8	84 9
8	84 10
8	84 11
8	84 12
8	84 13
8	84 14
8	84 15
8	83 15
8	85 15
8	79 26
8	84 16
8	84 17
8	84 18
8	84 19
8	83 19
8	85 19
8	79 28
8	84 20
8	84 1
8	84 2
8	84 3
8	83 3
8	85 3
8	79 27
8	84 4
8	84 5
8	84 6
8	84 7
8	83 7
8	85 7
8	79 34
8	84 8
8	84 9
8	84 10
8	84 11
8	83 11
8	85 11
8	79 27
8	84 12
8	84 13
8	84 14
8	84 15
8	83 15
8	85 15
8	79 30
8	84 16
8	84 17
8	84 18
8	84 19
8	83 19
8	85 19
8	79 32
8	84 20
8	84 1
8	84 2
8	84 3
8	83 3
8	85 3
8	79 29
8	84 4
8	84 5
8	84 6
8	84 7
8	83 7
8	85 7
8	79 27
8	84 8
8	84 9
8	84 10
8	84 11
8	83 11
8	85 11
8	79 34
8	84 12
8	84 13
8	84 14
8	84 15
8	83 15
8	85 15
8	79 31
8	84 16
8	84 17
8	84 18
8	84 19
8	83 19
8	85 19
8	79 25
8	84 20
8	84 1
8	84 2
8	84 3
8	83 3
8	85 3
8	79 30
8	84 4
8	84 5
8	84 6
8	84 7
8	83 7
8	85 7
8	79 32
8	84 8
8	84 9
8	84 10
8	84 11
8	83 11
8	85 11
8	79 24
8	84 12
8	84 13
8	84 14
8	84 15
8	83 15
8	85 15
8	79 35
8	84 16
8	84 17
8	84 18
8	84 19
8	83 19
8	85 19
8	79 26
8	84 20
8	84 1
8	84 2
8	84 3
8	83 3
8	85 3
8	79 26
8	84 4
8	84 5
8	84 6
8	84 7
8	83 7
8	85 7
8	79 24
8	84 8
8	84 9
8	84 10
8	84 11
8	84 12
8	84 13
8	84 14
8	84 15
8	83 15
8	85 15
8	79 33
8	84 16
8	84 17
8	84 18
8	84 19
8	83 19
8	85 19
8	79 29
8	84 20
8	84 1
8	84 2
8	84 3
8	83 3
8	85 3
8	79 36
8	84 4
8	84 5
8	84 6
8	84 7
8	83 7
8	85 7
8	79 33
8	84 8
8	84 9
8	84 10
8	84 11
8	83 11
8	85 11
8	79 26
8	84 12
8	84 13
8	84 14
8	84 15
8	83 15
8	85 15
8	79 27
8	84 16
8	84 17
8	84 18
8	84 19
8	83 19
8	85 19
8	79 24
8	84 20
8	84 1
8	84 2
8	84 3
8	83 3
8	85 3
8	79 31
8	84 4
8	84 5
8	84 6
8	84 7
8	83 7
8	85 7
8	79 29
8	84 8
8	84 9
8	84 10
8	TEST_NUMBER 6
8	SENT_TOTAL 250
8	RECEIVED_TOTAL 59
8	TIME_TOTAL 19443
8	RECEIVED_RADIO_1 59
8	RECEIVED_RADIO_2 0
8	SENT_RADIO_1 125
8	SENT_RADIO_2 125
8	RADIO_TIME_1 19763
8	RADIO_TIME_2 19763
8	RETRANSMISSIONS_1 0
8	RETRANSMISSIONS_2 0
8	DROPPED_1 0
8	DROPPED_2 0
8	MAX_QUEUE 1
8	DUPLICATED_1 0
8	DUPLICATED_2 0
8	EBUSY_RADIO_1 0
8	EBUSY_RADIO_2 0

29	DESTINATION_NODE 29
29	TEST_NUMBER 0
29	SENT_TOTAL 125
29	RECEIVED_TOTAL 125
29	TIME_TOTAL 19770
29	RECEIVED_RADIO_1 0
29	RECEIVED_RADIO_2 125
29	SENT_RADIO_1 63
29	SENT_RADIO_2 62
29	RADIO_TIME_1 19770
29	RADIO_TIME_2 19770
29	RETRANSMISSIONS_1 0
29	RETRANSMISSIONS_2 0
29	DROPPED_1 0
29	DROPPED_2 0
29	MAX_QUEUE 1
29	DUPLICATED_1 0
29	DUPLICATED_2 0
29	EBUSY_RADIO_1 0
29	EBUSY_RADIO_2 0
29	TEST_NUMBER 1
29	SENT_TOTAL 125
29	RECEIVED_TOTAL 125
29	TIME_TOTAL 19761
29	RECEIVED_RADIO_1 0
29	RECEIVED_RADIO_2 125
29	SENT_RADIO_1 62
29	SENT_RADIO_2 63
29	RADIO_TIME_1 19442
29	RADIO_TIME_2 19761
29	RETRANSMISSIONS_1 0
29	RETRANSMISSIONS_2 0
29	DROPPED_1 0
29	DROPPED_2 0
29	MAX_QUEUE 1
29	DUPLICATED_1 0
29	DUPLICATED_2 0
29	EBUSY_RADIO_1 0
29	EBUSY_RADIO_2 0
29	TEST_NUMBER 2
29	SENT_TOTAL 125
29	RECEIVED_TOTAL 125
29	TIME_TOTAL 19765
29	RECEIVED_RADIO_1 0
29	RECEIVED_RADIO_2 125
29	SENT_RADIO_1 63
29	SENT_RADIO_2 62
29	RADIO_TIME_1 19765
29	RADIO_TIME_2 19765
29	RETRANSMISSIONS_1 0
29	RETRANSMISSIONS_2 0
29	DROPPED_1 0
29	DROPPED_2 0
29	MAX_QUEUE 1
29	DUPLICATED_1 0
29	DUPLICATED_2 0
29	EBUSY_RADIO_1 0
29	EBUSY_RADIO_2 0
29	TEST_NUMBER 3
29	SENT_TOTAL 125
29	RECEIVED_TOTAL 125
29	TIME_TOTAL 19764
29	RECEIVED_RADIO_1 0
29	RECEIVED_RADIO_2 125
29	SENT_RADIO_1 62
29	SENT_RADIO_2 63
29	RADIO_TIME_1 19445
29	RADIO_TIME_2 19764
29	RETRANSMISSIONS_1 0
29	RETRANSMISSIONS_2 0
29	DROPPED_1 0
29	DROPPED_2 0
29	MAX_QUEUE 1
29	DUPLICATED_1 0
29	DUPLICATED_2 0
29	EBUSY_RADIO_1 0
29	EBUSY_RADIO_2 0
29	TEST_NUMBER 4
29	SENT_TOTAL 125
29	RECEIVED_TOTAL 125
29	TIME_TOTAL 19762
29	RECEIVED_RADIO_1 0
29	RECEIVED_RADIO_2 125
29	SENT_RADIO_1 63
29	SENT_RADIO_2 62
29	RADIO_TIME_1 19762
29	RADIO_TIME_2 19762
29	RETRANSMISSIONS_1 0
29	RETRANSMISSIONS_2 0
29	DROPPED_1 0
29	DROPPED_2 0
29	MAX_QUEUE 1
29	DUPLICATED_1 0
29	DUPLICATED_2 0
29	EBUSY_RADIO_1 0
29	EBUSY_RADIO_2 0
29	TEST_NUMBER 5
29	SENT_TOTAL 125
29	RECEIVED_TOTAL 125
29	TIME_TOTAL 19762
29	RECEIVED_RADIO_1 0
29	RECEIVED_RADIO_2 125
29	SENT_RADIO_1 62
29	SENT_RADIO_2 63
29	RADIO_TIME_1 19443
29	RADIO_TIME_2 19762
29	RETRANSMISSIONS_1 0
29	RETRANSMISSIONS_2 0
29	DROPPED_1 0
29	DROPPED_2 0
29	MAX_QUEUE 1
29	DUPLICATED_1 0
29	DUPLICATED_2 0
29	EBUSY_RADIO_1 0
29	EBUSY_RADIO_2 0
29	TEST_NUMBER 6
29	SENT_TOTAL 125
29	RECEIVED_TOTAL 125
29	TIME_TOTAL 19760
29	RECEIVED_RADIO_1 0
29	RECEIVED_RADIO_2 125
29	SENT_RADIO_1 63
29	SENT_RADIO_2 62
29	RADIO_TIME_1 19760
29	RADIO_TIME_2 19760
29	RETRANSMISSIONS_1 0
29	RETRANSMISSIONS_2 0
29	DROPPED_1 0
29	DROPPED_2 0
29	MAX_QUEUE 1
29	DUPLICATED_1 0
29	DUPLICATED_2 0
29	EBUSY_RADIO_1 0
29	EBUSY_RADIO_2 0

34	RELAY_NODE 34
34	TEST_NUMBER 0
34	SENT_TOTAL 0
34	RECEIVED_TOTAL 0
34	TIME_TOTAL 0
34	RECEIVED_RADIO_1 91
34	RECEIVED_RADIO_2 45
34	SENT_RADIO_1 45
34	SENT_RADIO_2 91
34	RADIO_TIME_1 14347
34	RADIO_TIME_2 14347
34	RETRANSMISSIONS_1 0
34	RETRANSMISSIONS_2 0
34	DROPPED_1 0
34	DROPPED_2 0
34	MAX_QUEUE 1
34	DUPLICATED_1 0
34	DUPLICATED_2 0
34	EBUSY_RADIO_1 0
34	EBUSY_RADIO_2 0
34	TEST_NUMBER 1
34	SENT_TOTAL 0
34	RECEIVED_TOTAL 0
34	TIME_TOTAL 0
34	RECEIVED_RADIO_1 125
34	RECEIVED_RADIO_2 63
34	SENT_RADIO_1 63
34	SENT_RADIO_2 125
34	RADIO_TIME_1 29742
34	RADIO_TIME_2 29741
34	RETRANSMISSIONS_1 0
34	RETRANSMISSIONS_2 0
34	DROPPED_1 0
34	DROPPED_2 0
34	MAX_QUEUE 1
34	DUPLICATED_1 0
34	DUPLICATED_2 0
34	EBUSY_RADIO_1 0
34	EBUSY_RADIO_2 0
34	TEST_NUMBER 2
34	SENT_TOTAL 0
34	RECEIVED_TOTAL 0
34	TIME_TOTAL 0
34	RECEIVED_RADIO_1 125
34	RECEIVED_RADIO_2 62
34	SENT_RADIO_1 62
34	SENT_RADIO_2 125
34	RADIO_TIME_1 29722
34	RADIO_TIME_2 29722
34	RETRANSMISSIONS_1 0
34	RETRANSMISSIONS_2 0
34	DROPPED_1 0
34	DROPPED_2 0
34	MAX_QUEUE 1
34	DUPLICATED_1 0
34	DUPLICATED_2 0
34	EBUSY_RADIO_1 0
34	EBUSY_RADIO_2 0
34	TEST_NUMBER 3
34	SENT_TOTAL 0
34	RECEIVED_TOTAL 0
34	TIME_TOTAL 0
34	RECEIVED_RADIO_1 125
34	RECEIVED_RADIO_2 63
34	SENT_RADIO_1 63
34	SENT_RADIO_2 125
34	RADIO_TIME_1 29740
34	RADIO_TIME_2 29739
34	RETRANSMISSIONS_1 0
34	RETRANSMISSIONS_2 0
34	DROPPED_1 0
34	DROPPED_2 0
34	MAX_QUEUE 1
34	DUPLICATED_1 0
34	DUPLICATED_2 0
34	EBUSY_RADIO_1 0
34	EBUSY_RADIO_2 0
34	TEST_NUMBER 4
34	SENT_TOTAL 0
34	RECEIVED_TOTAL 0
34	TIME_TOTAL 0
34	RECEIVED_RADIO_1 125
34	RECEIVED_RADIO_2 62
34	SENT_RADIO_1 62
34	SENT_RADIO_2 125
34	RADIO_TIME_1 29726
34	RADIO_TIME_2 29726
34	RETRANSMISSIONS_1 0
34	RETRANSMISSIONS_2 0
34	DROPPED_1 0
34	DROPPED_2 0
34	MAX_QUEUE 1
34	DUPLICATED_1 0
34	DUPLICATED_2 0
34	EBUSY_RADIO_1 0
34	EBUSY_RADIO_2 0
34	TEST_NUMBER 5
34	SENT_TOTAL 0
34	RECEIVED_TOTAL 0
34	TIME_TOTAL 0
34	RECEIVED_RADIO_1 125
34	RECEIVED_RADIO_2 63
34	SENT_RADIO_1 63
34	SENT_RADIO_2 125
34	RADIO_TIME_1 29738
34	RADIO_TIME_2 29738
34	RETRANSMISSIONS_1 0
34	RETRANSMISSIONS_2 0
34	DROPPED_1 0
34	DROPPED_2 0
34	MAX_QUEUE 1
34	DUPLICATED_1 0
34	DUPLICATED_2 0
34	EBUSY_RADIO_1 0
34	EBUSY_RADIO_2 0
34	TEST_NUMBER 6
34	SENT_TOTAL 0
34	RECEIVED_TOTAL 0
34	TIME_TOTAL 0
34	RECEIVED_RADIO_1 125
34	RECEIVED_RADIO_2 62
34	SENT_RADIO_1 62
34	SENT_RADIO_2 125
34	RADIO_TIME_1 29724
34	RADIO_TIME_2 29724
34	RETRANSMISSIONS_1 0
34	RETRANSMISSIONS_2 0
34	DROPPED_1 0
34	DROPPED_2 0
34	MAX_QUEUE 1
34	DUPLICATED_1 0
34	DUPLICATED_2 0
34	EBUSY_RADIO_1 0
34	EBUSY_RADIO_2 0
