
16	RELAY_NODE 16
16	TEST_NUMBER 0
16	SENT_TOTAL 0
16	RECEIVED_TOTAL 0
16	TIME_TOTAL 0
16	RECEIVED_RADIO_1 54
16	RECEIVED_RADIO_2 116
16	SENT_RADIO_1 116
16	SENT_RADIO_2 54
16	RADIO_TIME_1 18337
16	RADIO_TIME_2 18337
16	RETRANSMISSIONS_1 0
16	RETRANSMISSIONS_2 0
16	DROPPED_1 0
16	DROPPED_2 0
16	MAX_QUEUE 1
16	DUPLICATED_1 0
16	DUPLICATED_2 0
16	EBUSY_RADIO_1 0
16	EBUSY_RADIO_2 0
16	TEST_NUMBER 1
16	SENT_TOTAL 0
16	RECEIVED_TOTAL 0
16	TIME_TOTAL 0
16	RECEIVED_RADIO_1 60
16	RECEIVED_RADIO_2 123
16	SENT_RADIO_1 123
16	SENT_RADIO_2 60
16	RADIO_TIME_1 29724
16	RADIO_TIME_2 29724
16	RETRANSMISSIONS_1 0
16	RETRANSMISSIONS_2 0
16	DROPPED_1 0
16	DROPPED_2 0
16	MAX_QUEUE 1
16	DUPLICATED_1 0
16	DUPLICATED_2 0
16	EBUSY_RADIO_1 0
16	EBUSY_RADIO_2 0
16	TEST_NUMBER 2
16	SENT_TOTAL 0
16	RECEIVED_TOTAL 0
16	TIME_TOTAL 0
16	RECEIVED_RADIO_1 60
16	RECEIVED_RADIO_2 125
16	SENT_RADIO_1 125
16	SENT_RADIO_2 60
16	RADIO_TIME_1 29803
16	RADIO_TIME_2 29803
16	RETRANSMISSIONS_1 0
16	RETRANSMISSIONS_2 0
16	DROPPED_1 0
16	DROPPED_2 0
16	MAX_QUEUE 1
16	DUPLICATED_1 0
16	DUPLICATED_2 0
16	EBUSY_RADIO_1 0
16	EBUSY_RADIO_2 0
16	TEST_NUMBER 3
16	SENT_TOTAL 0
16	RECEIVED_TOTAL 0
16	TIME_TOTAL 0
16	RECEIVED_RADIO_1 56
16	RECEIVED_RADIO_2 124
16	SENT_RADIO_1 124
16	SENT_RADIO_2 56
16	RADIO_TIME_1 29724
16	RADIO_TIME_2 29724
16	RETRANSMISSIONS_1 0
16	RETRANSMISSIONS_2 0
16	DROPPED_1 0
16	DROPPED_2 0
16	MAX_QUEUE 1
16	DUPLICATED_1 0
16	DUPLICATED_2 0
16	EBUSY_RADIO_1 0
16	EBUSY_RADIO_2 0
16	TEST_NUMBER 4
16	SENT_TOTAL 0
16	RECEIVED_TOTAL 0
16	TIME_TOTAL 0
16	RECEIVED_RADIO_1 62
16	RECEIVED_RADIO_2 125
16	SENT_RADIO_1 125
16	SENT_RADIO_2 62
16	RADIO_TIME_1 29804
16	RADIO_TIME_2 29804
16	RETRANSMISSIONS_1 0
16	RETRANSMISSIONS_2 0
16	DROPPED_1 0
16	DROPPED_2 0
16	MAX_QUEUE 1
16	DUPLICATED_1 0
16	DUPLICATED_2 0
16	EBUSY_RADIO_1 0
16	EBUSY_RADIO_2 0
16	TEST_NUMBER 5
16	SENT_TOTAL 0
16	RECEIVED_TOTAL 0
16	TIME_TOTAL 0
16	RECEIVED_RADIO_1 61
16	RECEIVED_RADIO_2 124
16	SENT_RADIO_1 124
16	SENT_RADIO_2 61
16	RADIO_TIME_1 29724
16	RADIO_TIME_2 29724
16	RETRANSMISSIONS_1 0
16	RETRANSMISSIONS_2 0
16	DROPPED_1 0
16	DROPPED_2 0
16	MAX_QUEUE 1
16	DUPLICATED_1 0
16	DUPLICATED_2 0
16	EBUSY_RADIO_1 0
16	EBUSY_RADIO_2 0
16	TEST_NUMBER 6
16	SENT_TOTAL 0
16	RECEIVED_TOTAL 0
16	TIME_TOTAL 0
16	RECEIVED_RADIO_1 59
16	RECEIVED_RADIO_2 125
16	SENT_RADIO_1 125
16	SENT_RADIO_2 59
16	RADIO_TIME_1 29800
16	RADIO_TIME_2 29800
16	RETRANSMISSIONS_1 0
16	RETRANSMISSIONS_2 0
16	DROPPED_1 0
16	DROPPED_2 0
16	MAX_QUEUE 1
16	DUPLICATED_1 0
16	DUPLICATED_2 0
16	EBUSY_RADIO_1 0
16	EBUSY_RADIO_2 0

21	SOURCE_NODE 21
21	84 1
21	84 2
21	83 2
21	85 2
21	79 19
21	84 3
21	84 4
21	83 4
21	85 4
21	79 14
21	84 5
21	84 6
21	83 6
21	85 6
21	79 27
21	84 7
21	84 8
21	83 8
21	85 8
21	79 16
21	84 9
21	84 10
21	83 10
21	85 10
21	79 24
21	84 11
21	84 12
21	83 12
21	85 12
21	79 18
21	84 13
21	84 14
21	83 14
21	85 14
21	79 27
21	84 15
21	84 16
21	83 16
21	85 16
21	79 14
21	84 17
21	84 18
21	83 18
21	85 18
21	79 31
21	84 19
21	84 20
21	83 20
21	85 20
21	79 14
21	84 1
21	84 2
21	83 2
21	85 2
21	79 34
21	84 3
21	84 4
21	83 4
21	85 4
21	79 16
21	84 5
21	84 6
21	84 7
21	84 8
21	83 8
21	85 8
21	79 11
21	84 9
21	84 10
21	83 10
21	85 10
21	79 28
21	84 11
21	84 12
21	83 12
21	85 12
21	79 15
21	84 13
21	84 14
21	83 14
21	85 14
21	79 31
21	84 15
21	84 16
21	83 16
21	85 16
21	79 17
21	84 17
21	84 18
21	83 18
21	85 18
21	79 29
21	84 19
21	84 20
21	84 1
21	84 2
21	83 2
21	85 2
21	79 28
21	84 3
21	84 4
21	83 4
21	85 4
21	79 16
21	84 5
21	84 6
21	83 6
21	85 6
21	79 32
21	84 7
21	84 8
21	83 8
21	85 8
21	79 16
21	84 9
21	84 10
21	83 10
21	85 10
21	79 31
21	84 11
21	84 12
21	83 12
21	85 12
21	79 14
21	84 13
21	84 14
21	83 14
21	85 14
21	79 27
21	84 15
21	84 16
21	83 16
21	85 16
21	79 12
21	84 17
21	84 18
21	83 18
21	85 18
21	79 31
21	84 19
21	84 20
21	83 20
21	85 20
21	79 18
21	84 1
21	84 2
21	83 2
21	85 2
21	79 25
21	84 3
21	84 4
21	83 4
21	85 4
21	79 15
21	84 5
21	84 6
21	83 6
21	85 6
21	79 25
21	84 7
21	84 8
21	83 8
21	85 8
21	79 18
21	84 9
21	84 10
21	83 10
21	85 10
21	79 32
21	84 11
21	84 12
21	83 12
21	85 12
21	79 15
21	84 13
21	84 14
21	83 14
21	85 14
21	79 29
21	84 15
21	84 16
21	83 16
21	85 16
21	79 16
21	84 17
21	84 18
21	84 19
21	84 20
21	83 20
21	85 20
21	79 15
21	84 1
21	84 2
21	83 2
21	85 2
21	79 29
21	84 3
21	84 4
21	83 4
21	85 4
21	79 13
21	84 5
21	84 6
21	83 6
21	85 6
21	79 33
21	84 7
21	84 8
21	83 8
21	85 8
21	79 15
21	84 9
21	84 10
21	83 10
21	85 10
21	79 25
21	84 11
21	84 12
21	83 12
21	85 12
21	79 10
21	84 13
21	84 14
21	83 14
21	85 14
21	79 30
21	84 15
21	84 16
21	83 16
21	85 16
21	79 14
21	84 17
21	84 18
21	83 18
21	85 18
21	79 28
21	84 19
21	84 20
21	83 20
21	85 20
21	79 17
21	84 1
21	84 2
21	83 2
21	85 2
21	79 26
21	84 3
21	84 4
21	83 4
21	85 4
21	79 13
21	84 5
21	84 6
21	83 6
21	85 6
21	79 27
21	84 7
21	84 8
21	83 8
21	85 8
21	79 14
21	84 9
21	84 10
21	84 11
21	84 12
21	83 12
21	85 12
21	79 13
21	84 13
21	84 14
21	83 14
21	85 14
21	79 30
21	84 15
21	84 16
21	83 16
21	85 16
21	79 12
21	84 17
21	84 18
21	83 18
21	85 18
21	79 29
21	84 19
21	84 20
21	83 20
21	85 20
21	79 16
21	84 1
21	84 2
21	83 2
21	85 2
21	79 33
21	84 3
21	84 4
21	83 4
21	85 4
21	79 16
21	84 5
21	84 6
21	83 6
21	85 6
21	79 26
21	84 7
21	84 8
21	83 8
21	85 8
21	79 15
21	84 9
21	84 10
21	83 10
21	85 10
21	79 29
21	84 11
21	84 12
21	83 12
21	85 12
21	79 19
21	84 13
21	84 14
21	83 14
21	85 14
21	79 31
21	84 15
21	84 16
21	83 16
21	85 16
21	79 12
21	84 17
21	84 18
21	83 18
21	85 18
21	79 27
21	84 19
21	84 20
21	83 20
21	85 20
21	79 14
21	84 1
21	84 2
21	83 2
21	85 2
21	79 26
21	84 3
21	84 4
21	83 4
21	85 4
21	79 15
21	84 5
21	84 6
21	83 6
21	85 6
21	79 31
21	84 7
21	84 8
21	83 8
21	85 8
21	79 15
21	84 9
21	84 10
21	83 10
21	85 10
21	79 28
21	84 11
21	84 12
21	83 12
21	85 12
21	79 15
21	84 13
21	84 14
21	83 14
21	85 14
21	79 26
21	84 15
21	84 16
21	83 16
21	85 16
21	79 11
21	84 17
21	84 18
21	83 18
21	85 18
21	79 28
21	84 19
21	84 20
21	83 20
21	85 20
21	79 14
21	84 1
21	84 2
21	84 3
21	84 4
21	83 4
21	85 4
21	79 15
21	84 5
21	84 6
21	84 7
21	84 8
21	83 8
21	85 8
21	79 14
21	84 9
21	84 10
21	83 10
21	85 10
21	79 26
21	84 11
21	84 12
21	83 12
21	85 12
21	79 14
21	84 13
21	84 14
21	83 14
21	85 14
21	79 32
21	84 15
21	84 16
21	83 16
21	85 16
21	79 14
21	84 17
21	84 18
21	83 18
21	85 18
21	79 30
21	84 19
21	84 20
21	83 20
21	85 20
21	79 17
21	84 1
21	84 2
21	83 2
21	85 2
21	79 27
21	84 3
21	84 4
21	84 5
21	84 6
21	83 6
21	85 6
21	79 30
21	84 7
21	84 8
21	83 8
21	85 8
21	79 11
21	84 9
21	84 10
21	83 10
21	85 10
21	79 25
21	84 11
21	84 12
21	83 12
21	85 12
21	79 14
21	84 13
21	84 14
21	83 14
21	85 14
21	79 31
21	84 15
21	84 16
21	83 16
21	85 16
21	79 15
21	84 17
21	84 18
21	83 18
21	85 18
21	79 30
21	84 19
21	84 20
21	83 20
21	85 20
21	79 14
21	84 1
21	84 2
21	83 2
21	85 2
21	79 25
21	84 3
21	84 4
21	83 4
21	85 4
21	79 17
21	84 5
21	84 6
21	83 6
21	85 6
21	79 33
21	84 7
21	84 8
21	83 8
21	85 8
21	79 14
21	84 9
21	84 10
21	83 10
21	85 10
21	79 26
21	84 11
21	84 12
21	83 12
21	85 12
21	79 16
21	84 13
21	84 14
21	83 14
21	85 14
21	79 27
21	84 15
21	84 16
21	83 16
21	85 16
21	79 13
21	84 17
21	84 18
21	83 18
21	85 18
21	79 22
21	84 19
21	84 20
21	83 20
21	85 20
21	79 18
21	84 1
21	84 2
21	83 2
21	85 2
21	79 27
21	84 3
21	84 4
21	83 4
21	85 4
21	79 12
21	84 5
21	84 6
21	83 6
21	85 6
21	79 24
21	84 7
21	84 8
21	83 8
21	85 8
21	79 13
21	84 9
21	84 10
21	83 10
21	85 10
21	79 27
21	84 11
21	84 12
21	83 12
21	85 12
21	79 13
21	84 13
21	84 14
21	83 14
21	85 14
21	79 29
21	84 15
21	84 16
21	83 16
21	85 16
21	79 14
21	84 17
21	84 18
21	83 18
21	85 18
21	79 28
21	84 19
21	84 20
21	83 20
21	85 20
21	79 16
21	84 1
21	84 2
21	83 2
21	85 2
21	79 28
21	84 3
21	84 4
21	83 4
21	85 4
21	79 15
21	84 5
21	84 6
21	84 7
21	84 8
21	83 8
21	85 8
21	79 12
21	84 9
21	84 10
21	TEST_NUMBER 0
21	SENT_TOTAL 250
21	RECEIVED_TOTAL 116
21	TIME_TOTAL 19597
21	RECEIVED_RADIO_1 56
21	RECEIVED_RADIO_2 60
21	SENT_RADIO_1 125
21	SENT_RADIO_2 124
21	RADIO_TIME_1 19763
21	RADIO_TIME_2 19763
21	RETRANSMISSIONS_1 0
21	RETRANSMISSIONS_2 0
21	DROPPED_1 0
21	DROPPED_2 0
21	MAX_QUEUE 1
21	DUPLICATED_1 0
21	DUPLICATED_2 0
21	EBUSY_RADIO_1 0
21	EBUSY_RADIO_2 0
21	83 0
21	85 10
21	86 0
21	84 1
21	84 2
21	83 2
21	85 2
21	79 17
21	84 3
21	84 4
21	83 4
21	85 4
21	79 28
21	84 5
21	84 6
21	83 6
21	85 6
21	79 16
21	84 7
21	84 8
21	83 8
21	85 8
21	79 27
21	84 9
21	84 10
21	83 10
21	85 10
21	79 15
21	84 11
21	84 12
21	83 12
21	85 12
21	79 33
21	84 13
21	84 14
21	83 14
21	85 14
21	79 12
21	84 15
21	84 16
21	83 16
21	85 16
21	79 28
21	84 17
21	84 18
21	83 18
21	85 18
21	79 17
21	84 19
21	84 20
21	84 1
21	84 2
21	83 2
21	85 2
21	79 15
21	84 3
21	84 4
21	83 4
21	85 4
21	79 30
21	84 5
21	84 6
21	83 6
21	85 6
21	79 18
21	84 7
21	84 8
21	84 9
21	84 10
21	83 10
21	85 10
21	79 16
21	84 11
21	84 12
21	83 12
21	85 12
21	79 33
21	84 13
21	84 14
21	83 14
21	85 14
21	79 17
21	84 15
21	84 16
21	84 17
21	84 18
21	83 18
21	85 18
21	79 14
21	84 19
21	84 20
21	83 20
21	85 20
21	79 28
21	84 1
21	84 2
21	83 2
21	85 2
21	79 17
21	84 3
21	84 4
21	83 4
21	85 4
21	79 29
21	84 5
21	84 6
21	83 6
21	85 6
21	79 12
21	84 7
21	84 8
21	83 8
21	85 8
21	79 29
21	84 9
21	84 10
21	83 10
21	85 10
21	79 13
21	84 11
21	84 12
21	83 12
21	85 12
21	79 27
21	84 13
21	84 14
21	83 14
21	85 14
21	79 14
21	84 15
21	84 16
21	83 16
21	85 16
21	79 22
21	84 17
21	84 18
21	83 18
21	85 18
21	79 19
21	84 19
21	84 20
21	83 20
21	85 20
21	79 27
21	84 1
21	84 2
21	83 2
21	85 2
21	79 18
21	84 3
21	84 4
21	83 4
21	85 4
21	79 30
21	84 5
21	84 6
21	83 6
21	85 6
21	79 15
21	84 7
21	84 8
21	83 8
21	85 8
21	79 29
21	84 9
21	84 10
21	84 11
21	84 12
21	83 12
21	85 12
21	79 30
21	84 13
21	84 14
21	83 14
21	85 14
21	79 11
21	84 15
21	84 16
21	83 16
21	85 16
21	79 28
21	84 17
21	84 18
21	83 18
21	85 18
21	79 15
21	84 19
21	84 20
21	83 20
21	85 20
21	79 25
21	84 1
21	84 2
21	83 2
21	85 2
21	79 18
21	84 3
21	84 4
21	83 4
21	85 4
21	79 32
21	84 5
21	84 6
21	83 6
21	85 6
21	79 17
21	84 7
21	84 8
21	83 8
21	85 8
21	79 30
21	84 9
21	84 10
21	83 10
21	85 10
21	79 12
21	84 11
21	84 12
21	83 12
21	85 12
21	79 25
21	84 13
21	84 14
21	83 14
21	85 14
21	79 15
21	84 15
21	84 16
21	83 16
21	85 16
21	79 31
21	84 17
21	84 18
21	83 18
21	85 18
21	79 13
21	84 19
21	84 20
21	83 20
21	85 20
21	79 23
21	84 1
21	84 2
21	83 2
21	85 2
21	79 13
21	84 3
21	84 4
21	83 4
21	85 4
21	79 27
21	84 5
21	84 6
21	83 6
21	85 6
21	79 11
21	84 7
21	84 8
21	83 8
21	85 8
21	79 31
21	84 9
21	84 10
21	83 10
21	85 10
21	79 14
21	84 11
21	84 12
21	83 12
21	85 12
21	79 26
21	84 13
21	84 14
21	83 14
21	85 14
21	79 13
21	84 15
21	84 16
21	83 16
21	85 16
21	79 28
21	84 17
21	84 18
21	83 18
21	85 18
21	79 18
21	84 19
21	84 20
21	83 20
21	85 20
21	79 35
21	84 1
21	84 2
21	83 2
21	85 2
21	79 14
21	84 3
21	84 4
21	83 4
21	85 4
21	79 30
21	84 5
21	84 6
21	83 6
21	85 6
21	79 16
21	84 7
21	84 8
21	83 8
21	85 8
21	79 27
21	84 9
21	84 10
21	83 10
21	85 10
21	79 11
21	84 11
21	84 12
21	83 12
21	85 12
21	79 30
21	84 13
21	84 14
21	83 14
21	85 14
21	79 12
21	84 15
21	84 16
21	83 16
21	85 16
21	79 30
21	84 17
21	84 18
21	83 18
21	85 18
21	79 16
21	84 19
21	84 20
21	83 20
21	85 20
21	79 29
21	84 1
21	84 2
21	83 2
21	85 2
21	79 14
21	84 3
21	84 4
21	83 4
21	85 4
21	79 29
21	84 5
21	84 6
21	83 6
21	85 6
21	79 14
21	84 7
21	84 8
21	83 8
21	85 8
21	79 27
21	84 9
21	84 10
21	83 10
21	85 10
21	79 14
21	84 11
21	84 12
21	83 12
21	85 12
21	79 27
21	84 13
21	84 14
21	83 14
21	85 14
21	79 12
21	84 15
21	84 16
21	83 16
21	85 16
21	79 30
21	84 17
21	84 18
21	83 18
21	85 18
21	79 11
21	84 19
21	84 20
21	83 20
21	85 20
21	79 27
21	84 1
21	84 2
21	83 2
21	85 2
21	79 13
21	84 3
21	84 4
21	83 4
21	85 4
21	79 31
21	84 5
21	84 6
21	83 6
21	85 6
21	79 13
21	84 7
21	84 8
21	83 8
21	85 8
21	79 30
21	84 9
21	84 10
21	83 10
21	85 10
21	79 16
21	84 11
21	84 12
21	83 12
21	85 12
21	79 26
21	84 13
21	84 14
21	83 14
21	85 14
21	79 15
21	84 15
21	84 16
21	83 16
21	85 16
21	79 27
21	84 17
21	84 18
21	83 18
21	85 18
21	79 19
21	84 19
21	84 20
21	83 20
21	85 20
21	79 29
21	84 1
21	84 2
21	83 2
21	85 2
21	79 15
21	84 3
21	84 4
21	83 4
21	85 4
21	79 28
21	84 5
21	84 6
21	83 6
21	85 6
21	79 13
21	84 7
21	84 8
21	83 8
21	85 8
21	79 30
21	84 9
21	84 10
21	83 10
21	85 10
21	79 14
21	84 11
21	84 12
21	83 12
21	85 12
21	79 27
21	84 13
21	84 14
21	83 14
21	85 14
21	79 15
21	84 15
21	84 16
21	83 16
21	85 16
21	79 29
21	84 17
21	84 18
21	83 18
21	85 18
21	79 16
21	84 19
21	84 20
21	83 20
21	85 20
21	79 31
21	84 1
21	84 2
21	83 2
21	85 2
21	79 15
21	84 3
21	84 4
21	83 4
21	85 4
21	79 24
21	84 5
21	84 6
21	83 6
21	85 6
21	79 13
21	84 7
21	84 8
21	83 8
21	85 8
21	79 27
21	84 9
21	84 10
21	83 10
21	85 10
21	79 17
21	84 11
21	84 12
21	83 12
21	85 12
21	79 30
21	84 13
21	84 14
21	83 14
21	85 14
21	79 16
21	84 15
21	84 16
21	83 16
21	85 16
21	79 27
21	84 17
21	84 18
21	83 18
21	85 18
21	79 16
21	84 19
21	84 20
21	83 20
21	85 20
21	79 24
21	84 1
21	84 2
21	83 2
21	85 2
21	79 16
21	84 3
21	84 4
21	83 4
21	85 4
21	79 31
21	84 5
21	84 6
21	83 6
21	85 6
21	79 18
21	84 7
21	84 8
21	83 8
21	85 8
21	79 30
21	84 9
21	84 10
21	83 10
21	85 10
21	79 13
21	84 11
21	84 12
21	83 12
21	85 12
21	79 33
21	84 13
21	84 14
21	83 14
21	85 14
21	79 11
21	84 15
21	84 16
21	83 16
21	85 16
21	79 27
21	84 17
21	84 18
21	83 18
21	85 18
21	79 14
21	84 19
21	84 20
21	83 20
21	85 20
21	79 29
21	84 1
21	84 2
21	83 2
21	85 2
21	79 12
21	84 3
21	84 4
21	83 4
21	85 4
21	79 28
21	84 5
21	84 6
21	83 6
21	85 6
21	79 15
21	84 7
21	84 8
21	83 8
21	85 8
21	79 29
21	84 9
21	84 10
21	TEST_NUMBER 1
21	SENT_TOTAL 250
21	RECEIVED_TOTAL 120
21	TIME_TOTAL 29728
21	RECEIVED_RADIO_1 60
21	RECEIVED_RADIO_2 61
21	SENT_RADIO_1 125
21	SENT_RADIO_2 125
21	RADIO_TIME_1 29779
21	RADIO_TIME_2 19763
21	RETRANSMISSIONS_1 0
21	RETRANSMISSIONS_2 0
21	DROPPED_1 0
21	DROPPED_2 0
21	MAX_QUEUE 1
21	DUPLICATED_1 0
21	DUPLICATED_2 0
21	EBUSY_RADIO_1 0
21	EBUSY_RADIO_2 0
21	83 0
21	85 10
21	86 1
21	84 1
21	84 2
21	83 2
21	85 2
21	79 27
21	84 3
21	84 4
21	83 4
21	85 4
21	79 15
21	84 5
21	84 6
21	83 6
21	85 6
21	79 27
21	84 7
21	84 8
21	83 8
21	85 8
21	79 17
21	84 9
21	84 10
21	83 10
21	85 10
21	79 28
21	84 11
21	84 12
21	83 12
21	85 12
21	79 11
21	84 13
21	84 14
21	84 15
21	84 16
21	83 16
21	85 16
21	79 11
21	84 17
21	84 18
21	83 18
21	85 18
21	79 29
21	84 19
21	84 20
21	83 20
21	85 20
21	79 16
21	84 1
21	84 2
21	83 2
21	85 2
21	79 34
21	84 3
21	84 4
21	83 4
21	85 4
21	79 15
21	84 5
21	84 6
21	83 6
21	85 6
21	79 34
21	84 7
21	84 8
21	83 8
21	85 8
21	79 19
21	84 9
21	84 10
21	84 11
21	84 12
21	83 12
21	85 12
21	79 15
21	84 13
21	84 14
21	83 14
21	85 14
21	79 30
21	84 15
21	84 16
21	83 16
21	85 16
21	79 18
21	84 17
21	84 18
21	83 18
21	85 18
21	79 28
21	84 19
21	84 20
21	83 20
21	85 20
21	79 13
21	84 1
21	84 2
21	83 2
21	85 2
21	79 29
21	84 3
21	84 4
21	83 4
21	85 4
21	79 14
21	84 5
21	84 6
21	83 6
21	85 6
21	79 29
21	84 7
21	84 8
21	83 8
21	85 8
21	79 15
21	84 9
21	84 10
21	83 10
21	85 10
21	79 28
21	84 11
21	84 12
21	83 12
21	85 12
21	79 16
21	84 13
21	84 14
21	83 14
21	85 14
21	79 23
21	84 15
21	84 16
21	83 16
21	85 16
21	79 13
21	84 17
21	84 18
21	83 18
21	85 18
21	79 25
21	84 19
21	84 20
21	83 20
21	85 20
21	79 15
21	84 1
21	84 2
21	84 3
21	84 4
21	83 4
21	85 4
21	79 15
21	84 5
21	84 6
21	83 6
21	85 6
21	79 28
21	84 7
21	84 8
21	83 8
21	85 8
21	79 10
21	84 9
21	84 10
21	83 10
21	85 10
21	79 27
21	84 11
21	84 12
21	83 12
21	85 12
21	79 11
21	84 13
21	84 14
21	83 14
21	85 14
21	79 28
21	84 15
21	84 16
21	83 16
21	85 16
21	79 12
21	84 17
21	84 18
21	83 18
21	85 18
21	79 27
21	84 19
21	84 20
21	83 20
21	85 20
21	79 14
21	84 1
21	84 2
21	83 2
21	85 2
21	79 26
21	84 3
21	84 4
21	83 4
21	85 4
21	79 16
21	84 5
21	84 6
21	83 6
21	85 6
21	79 31
21	84 7
21	84 8
21	83 8
21	85 8
21	79 14
21	84 9
21	84 10
21	84 11
21	84 12
21	83 12
21	85 12
21	79 10
21	84 13
21	84 14
21	83 14
21	85 14
21	79 32
21	84 15
21	84 16
21	83 16
21	85 16
21	79 15
21	84 17
21	84 18
21	83 18
21	85 18
21	79 29
21	84 19
21	84 20
21	83 20
21	85 20
21	79 14
21	84 1
21	84 2
21	83 2
21	85 2
21	79 26
21	84 3
21	84 4
21	83 4
21	85 4
21	79 16
21	84 5
21	84 6
21	83 6
21	85 6
21	79 31
21	84 7
21	84 8
21	83 8
21	85 8
21	79 14
21	84 9
21	84 10
21	83 10
21	85 10
21	79 24
21	84 11
21	84 12
21	83 12
21	85 12
21	79 11
21	84 13
21	84 14
21	83 14
21	85 14
21	79 32
21	84 15
21	84 16
21	83 16
21	85 16
21	79 12
21	84 17
21	84 18
21	83 18
21	85 18
21	79 30
21	84 19
21	84 20
21	83 20
21	85 20
21	79 16
21	84 1
21	84 2
21	83 2
21	85 2
21	79 27
21	84 3
21	84 4
21	83 4
21	85 4
21	79 16
21	84 5
21	84 6
21	83 6
21	85 6
21	79 27
21	84 7
21	84 8
21	84 9
21	84 10
21	83 10
21	85 10
21	79 32
21	84 11
21	84 12
21	83 12
21	85 12
21	79 12
21	84 13
21	84 14
21	83 14
21	85 14
21	79 31
21	84 15
21	84 16
21	83 16
21	85 16
21	79 15
21	84 17
21	84 18
21	83 18
21	85 18
21	79 32
21	84 19
21	84 20
21	83 20
21	85 20
21	79 10
21	84 1
21	84 2
21	83 2
21	85 2
21	79 27
21	84 3
21	84 4
21	83 4
21	85 4
21	79 13
21	84 5
21	84 6
21	83 6
21	85 6
21	79 31
21	84 7
21	84 8
21	83 8
21	85 8
21	79 12
21	84 9
21	84 10
21	83 10
21	85 10
21	79 25
21	84 11
21	84 12
21	83 12
21	85 12
21	79 15
21	84 13
21	84 14
21	83 14
21	85 14
21	79 25
21	84 15
21	84 16
21	83 16
21	85 16
21	79 17
21	84 17
21	84 18
21	83 18
21	85 18
21	79 28
21	84 19
21	84 20
21	83 20
21	85 20
21	79 13
21	84 1
21	84 2
21	83 2
21	85 2
21	79 31
21	84 3
21	84 4
21	83 4
21	85 4
21	79 12
21	84 5
21	84 6
21	83 6
21	85 6
21	79 25
21	84 7
21	84 8
21	83 8
21	85 8
21	79 12
21	84 9
21	84 10
21	83 10
21	85 10
21	79 29
21	84 11
21	84 12
21	83 12
21	85 12
21	79 13
21	84 13
21	84 14
21	83 14
21	85 14
21	79 25
21	84 15
21	84 16
21	83 16
21	85 16
21	79 15
21	84 17
21	84 18
21	83 18
21	85 18
21	79 30
21	84 19
21	84 20
21	83 20
21	85 20
21	79 16
21	84 1
21	84 2
21	83 2
21	85 2
21	79 26
21	84 3
21	84 4
21	83 4
21	85 4
21	79 16
21	84 5
21	84 6
21	83 6
21	85 6
21	79 26
21	84 7
21	84 8
21	83 8
21	85 8
21	79 12
21	84 9
21	84 10
21	83 10
21	85 10
21	79 23
21	84 11
21	84 12
21	83 12
21	85 12
21	79 16
21	84 13
21	84 14
21	84 15
21	84 16
21	83 16
21	85 16
21	79 14
21	84 17
21	84 18
21	83 18
21	85 18
21	79 27
21	84 19
21	84 20
21	83 20
21	85 20
21	79 12
21	84 1
21	84 2
21	83 2
21	85 2
21	79 28
21	84 3
21	84 4
21	83 4
21	85 4
21	79 14
21	84 5
21	84 6
21	83 6
21	85 6
21	79 25
21	84 7
21	84 8
21	83 8
21	85 8
21	79 15
21	84 9
21	84 10
21	83 10
21	85 10
21	79 32
21	84 11
21	84 12
21	83 12
21	85 12
21	79 10
21	84 13
21	84 14
21	83 14
21	85 14
21	79 24
21	84 15
21	84 16
21	83 16
21	85 16
21	79 15
21	84 17
21	84 18
21	83 18
21	85 18
21	79 29
21	84 19
21	84 20
21	83 20
21	85 20
21	79 12
21	84 1
21	84 2
21	83 2
21	85 2
21	79 31
21	84 3
21	84 4
21	83 4
21	85 4
21	79 14
21	84 5
21	84 6
21	83 6
21	85 6
21	79 22
21	84 7
21	84 8
21	83 8
21	85 8
21	79 18
21	84 9
21	84 10
21	83 10
21	85 10
21	79 29
21	84 11
21	84 12
21	83 12
21	85 12
21	79 12
21	84 13
21	84 14
21	83 14
21	85 14
21	79 27
21	84 15
21	84 16
21	83 16
21	85 16
21	79 13
21	84 17
21	84 18
21	83 18
21	85 18
21	79 33
21	84 19
21	84 20
21	83 20
21	85 20
21	79 13
21	84 1
21	84 2
21	83 2
21	85 2
21	79 33
21	84 3
21	84 4
21	83 4
21	85 4
21	79 12
21	84 5
21	84 6
21	83 6
21	85 6
21	79 32
21	84 7
21	84 8
21	83 8
21	85 8
21	79 10
21	84 9
21	84 10
21	TEST_NUMBER 2
21	SENT_TOTAL 250
21	RECEIVED_TOTAL 118
21	TIME_TOTAL 29723
21	RECEIVED_RADIO_1 57
21	RECEIVED_RADIO_2 62
21	SENT_RADIO_1 125
21	SENT_RADIO_2 125
21	RADIO_TIME_1 19763
21	RADIO_TIME_2 29872
21	RETRANSMISSIONS_1 0
21	RETRANSMISSIONS_2 0
21	DROPPED_1 0
21	DROPPED_2 0
21	MAX_QUEUE 1
21	DUPLICATED_1 0
21	DUPLICATED_2 0
21	EBUSY_RADIO_1 0
21	EBUSY_RADIO_2 0
21	83 0
21	85 10
21	86 2
21	84 1
21	84 2
21	83 2
21	85 2
21	79 18
21	84 3
21	84 4
21	83 4
21	85 4
21	79 24
21	84 5
21	84 6
21	83 6
21	85 6
21	79 13
21	84 7
21	84 8
21	83 8
21	85 8
21	79 30
21	84 9
21	84 10
21	83 10
21	85 10
21	79 14
21	84 11
21	84 12
21	84 13
21	84 14
21	83 14
21	85 14
21	79 13
21	84 15
21	84 16
21	83 16
21	85 16
21	79 29
21	84 17
21	84 18
21	83 18
21	85 18
21	79 16
21	84 19
21	84 20
21	83 20
21	85 20
21	79 26
21	84 1
21	84 2
21	83 2
21	85 2
21	79 15
21	84 3
21	84 4
21	83 4
21	85 4
21	79 28
21	84 5
21	84 6
21	83 6
21	85 6
21	79 18
21	84 7
21	84 8
21	83 8
21	85 8
21	79 28
21	84 9
21	84 10
21	83 10
21	85 10
21	79 12
21	84 11
21	84 12
21	83 12
21	85 12
21	79 28
21	84 13
21	84 14
21	83 14
21	85 14
21	79 16
21	84 15
21	84 16
21	83 16
21	85 16
21	79 26
21	84 17
21	84 18
21	83 18
21	85 18
21	79 13
21	84 19
21	84 20
21	83 20
21	85 20
21	79 27
21	84 1
21	84 2
21	83 2
21	85 2
21	79 17
21	84 3
21	84 4
21	84 5
21	84 6
21	83 6
21	85 6
21	79 13
21	84 7
21	84 8
21	83 8
21	85 8
21	79 27
21	84 9
21	84 10
21	83 10
21	85 10
21	79 15
21	84 11
21	84 12
21	83 12
21	85 12
21	79 28
21	84 13
21	84 14
21	83 14
21	85 14
21	79 15
21	84 15
21	84 16
21	83 16
21	85 16
21	79 32
21	84 17
21	84 18
21	83 18
21	85 18
21	79 16
21	84 19
21	84 20
21	83 20
21	85 20
21	79 33
21	84 1
21	84 2
21	83 2
21	85 2
21	79 18
21	84 3
21	84 4
21	84 5
21	84 6
21	83 6
21	85 6
21	79 12
21	84 7
21	84 8
21	83 8
21	85 8
21	79 31
21	84 9
21	84 10
21	83 10
21	85 10
21	79 15
21	84 11
21	84 12
21	83 12
21	85 12
21	79 30
21	84 13
21	84 14
21	83 14
21	85 14
21	79 16
21	84 15
21	84 16
21	83 16
21	85 16
21	79 29
21	84 17
21	84 18
21	83 18
21	85 18
21	79 16
21	84 19
21	84 20
21	83 20
21	85 20
21	79 27
21	84 1
21	84 2
21	83 2
21	85 2
21	79 15
21	84 3
21	84 4
21	83 4
21	85 4
21	79 29
21	84 5
21	84 6
21	83 6
21	85 6
21	79 15
21	84 7
21	84 8
21	83 8
21	85 8
21	79 29
21	84 9
21	84 10
21	83 10
21	85 10
21	79 14
21	84 11
21	84 12
21	83 12
21	85 12
21	79 29
21	84 13
21	84 14
21	83 14
21	85 14
21	79 13
21	84 15
21	84 16
21	84 17
21	84 18
21	83 18
21	85 18
21	79 16
21	84 19
21	84 20
21	83 20
21	85 20
21	79 30
21	84 1
21	84 2
21	83 2
21	85 2
21	79 18
21	84 3
21	84 4
21	83 4
21	85 4
21	79 33
21	84 5
21	84 6
21	83 6
21	85 6
21	79 15
21	84 7
21	84 8
21	83 8
21	85 8
21	79 31
21	84 9
21	84 10
21	83 10
21	85 10
21	79 12
21	84 11
21	84 12
21	83 12
21	85 12
21	79 30
21	84 13
21	84 14
21	83 14
21	85 14
21	79 17
21	84 15
21	84 16
21	83 16
21	85 16
21	79 28
21	84 17
21	84 18
21	83 18
21	85 18
21	79 12
21	84 19
21	84 20
21	83 20
21	85 20
21	79 30
21	84 1
21	84 2
21	83 2
21	85 2
21	79 14
21	84 3
21	84 4
21	83 4
21	85 4
21	79 26
21	84 5
21	84 6
21	83 6
21	85 6
21	79 14
21	84 7
21	84 8
21	83 8
21	85 8
21	79 28
21	84 9
21	84 10
21	83 10
21	85 10
21	79 13
21	84 11
21	84 12
21	83 12
21	85 12
21	79 27
21	84 13
21	84 14
21	83 14
21	85 14
21	79 14
21	84 15
21	84 16
21	83 16
21	85 16
21	79 30
21	84 17
21	84 18
21	83 18
21	85 18
21	79 16
21	84 19
21	84 20
21	83 20
21	85 20
21	79 30
21	84 1
21	84 2
21	83 2
21	85 2
21	79 17
21	84 3
21	84 4
21	83 4
21	85 4
21	79 28
21	84 5
21	84 6
21	83 6
21	85 6
21	79 12
21	84 7
21	84 8
21	84 9
21	84 10
21	83 10
21	85 10
21	79 17
21	84 11
21	84 12
21	83 12
21	85 12
21	79 32
21	84 13
21	84 14
21	83 14
21	85 14
21	79 12
21	84 15
21	84 16
21	83 16
21	85 16
21	79 27
21	84 17
21	84 18
21	83 18
21	85 18
21	79 16
21	84 19
21	84 20
21	83 20
21	85 20
21	79 25
21	84 1
21	84 2
21	83 2
21	85 2
21	79 14
21	84 3
21	84 4
21	83 4
21	85 4
21	79 30
21	84 5
21	84 6
21	83 6
21	85 6
21	79 11
21	84 7
21	84 8
21	83 8
21	85 8
21	79 32
21	84 9
21	84 10
21	83 10
21	85 10
21	79 14
21	84 11
21	84 12
21	83 12
21	85 12
21	79 27
21	84 13
21	84 14
21	83 14
21	85 14
21	79 15
21	84 15
21	84 16
21	83 16
21	85 16
21	79 38
21	84 17
21	84 18
21	83 18
21	85 18
21	79 15
21	84 19
21	84 20
21	84 1
21	84 2
21	83 2
21	85 2
21	79 11
21	84 3
21	84 4
21	83 4
21	85 4
21	79 27
21	84 5
21	84 6
21	83 6
21	85 6
21	79 18
21	84 7
21	84 8
21	83 8
21	85 8
21	79 28
21	84 9
21	84 10
21	83 10
21	85 10
21	79 12
21	84 11
21	84 12
21	83 12
21	85 12
21	79 26
21	84 13
21	84 14
21	83 14
21	85 14
21	79 15
21	84 15
21	84 16
21	83 16
21	85 16
21	79 32
21	84 17
21	84 18
21	83 18
21	85 18
21	79 15
21	84 19
21	84 20
21	83 20
21	85 20
21	79 27
21	84 1
21	84 2
21	83 2
21	85 2
21	79 18
21	84 3
21	84 4
21	83 4
21	85 4
21	79 24
21	84 5
21	84 6
21	83 6
21	85 6
21	79 16
21	84 7
21	84 8
21	83 8
21	85 8
21	79 27
21	84 9
21	84 10
21	83 10
21	85 10
21	79 15
21	84 11
21	84 12
21	83 12
21	85 12
21	79 27
21	84 13
21	84 14
21	83 14
21	85 14
21	79 14
21	84 15
21	84 16
21	83 16
21	85 16
21	79 36
21	84 17
21	84 18
21	83 18
21	85 18
21	79 15
21	84 19
21	84 20
21	83 20
21	85 20
21	79 28
21	84 1
21	84 2
21	83 2
21	85 2
21	79 18
21	84 3
21	84 4
21	83 4
21	85 4
21	79 29
21	84 5
21	84 6
21	83 6
21	85 6
21	79 14
21	84 7
21	84 8
21	83 8
21	85 8
21	79 30
21	84 9
21	84 10
21	83 10
21	85 10
21	79 14
21	84 11
21	84 12
21	83 12
21	85 12
21	79 28
21	84 13
21	84 14
21	83 14
21	85 14
21	79 16
21	84 15
21	84 16
21	83 16
21	85 16
21	79 35
21	84 17
21	84 18
21	83 18
21	85 18
21	79 11
21	84 19
21	84 20
21	83 20
21	85 20
21	79 24
21	84 1
21	84 2
21	83 2
21	85 2
21	79 14
21	84 3
21	84 4
21	83 4
21	85 4
21	79 29
21	84 5
21	84 6
21	83 6
21	85 6
21	79 11
21	84 7
21	84 8
21	83 8
21	85 8
21	79 29
21	84 9
21	84 10
21	TEST_NUMBER 3
21	SENT_TOTAL 250
21	RECEIVED_TOTAL 118
21	TIME_TOTAL 29724
21	RECEIVED_RADIO_1 57
21	RECEIVED_RADIO_2 62
21	SENT_RADIO_1 125
21	SENT_RADIO_2 125
21	RADIO_TIME_1 29775
21	RADIO_TIME_2 19763
21	RETRANSMISSIONS_1 0
21	RETRANSMISSIONS_2 0
21	DROPPED_1 0
21	DROPPED_2 0
21	MAX_QUEUE 1
21	DUPLICATED_1 0
21	DUPLICATED_2 0
21	EBUSY_RADIO_1 0
21	EBUSY_RADIO_2 0
21	83 0
21	85 10
21	86 3
21	84 1
21	84 2
21	83 2
21	85 2
21	79 31
21	84 3
21	84 4
21	83 4
21	85 4
21	79 13
21	84 5
21	84 6
21	83 6
21	85 6
21	79 30
21	84 7
21	84 8
21	83 8
21	85 8
21	79 15
21	84 9
21	84 10
21	83 10
21	85 10
21	79 26
21	84 11
21	84 12
21	83 12
21	85 12
21	79 16
21	84 13
21	84 14
21	83 14
21	85 14
21	79 29
21	84 15
21	84 16
21	83 16
21	85 16
21	79 14
21	84 17
21	84 18
21	83 18
21	85 18
21	79 26
21	84 19
21	84 20
21	83 20
21	85 20
21	79 14
21	84 1
21	84 2
21	83 2
21	85 2
21	79 30
21	84 3
21	84 4
21	83 4
21	85 4
21	79 12
21	84 5
21	84 6
21	83 6
21	85 6
21	79 28
21	84 7
21	84 8
21	83 8
21	85 8
21	79 11
21	84 9
21	84 10
21	83 10
21	85 10
21	79 30
21	84 11
21	84 12
21	83 12
21	85 12
21	79 14
21	84 13
21	84 14
21	83 14
21	85 14
21	79 32
21	84 15
21	84 16
21	83 16
21	85 16
21	79 17
21	84 17
21	84 18
21	83 18
21	85 18
21	79 28
21	84 19
21	84 20
21	83 20
21	85 20
21	79 16
21	84 1
21	84 2
21	83 2
21	85 2
21	79 31
21	84 3
21	84 4
21	84 5
21	84 6
21	83 6
21	85 6
21	79 27
21	84 7
21	84 8
21	83 8
21	85 8
21	79 16
21	84 9
21	84 10
21	83 10
21	85 10
21	79 28
21	84 11
21	84 12
21	83 12
21	85 12
21	79 16
21	84 13
21	84 14
21	83 14
21	85 14
21	79 25
21	84 15
21	84 16
21	83 16
21	85 16
21	79 13
21	84 17
21	84 18
21	83 18
21	85 18
21	79 29
21	84 19
21	84 20
21	83 20
21	85 20
21	79 19
21	84 1
21	84 2
21	83 2
21	85 2
21	79 33
21	84 3
21	84 4
21	83 4
21	85 4
21	79 13
21	84 5
21	84 6
21	83 6
21	85 6
21	79 27
21	84 7
21	84 8
21	83 8
21	85 8
21	79 13
21	84 9
21	84 10
21	83 10
21	85 10
21	79 31
21	84 11
21	84 12
21	83 12
21	85 12
21	79 14
21	84 13
21	84 14
21	83 14
21	85 14
21	79 31
21	84 15
21	84 16
21	83 16
21	85 16
21	79 12
21	84 17
21	84 18
21	83 18
21	85 18
21	79 29
21	84 19
21	84 20
21	83 20
21	85 20
21	79 17
21	84 1
21	84 2
21	83 2
21	85 2
21	79 35
21	84 3
21	84 4
21	83 4
21	85 4
21	79 10
21	84 5
21	84 6
21	83 6
21	85 6
21	79 29
21	84 7
21	84 8
21	83 8
21	85 8
21	79 15
21	84 9
21	84 10
21	83 10
21	85 10
21	79 32
21	84 11
21	84 12
21	83 12
21	85 12
21	79 14
21	84 13
21	84 14
21	83 14
21	85 14
21	79 30
21	84 15
21	84 16
21	83 16
21	85 16
21	79 14
21	84 17
21	84 18
21	83 18
21	85 18
21	79 27
21	84 19
21	84 20
21	83 20
21	85 20
21	79 11
21	84 1
21	84 2
21	83 2
21	85 2
21	79 27
21	84 3
21	84 4
21	83 4
21	85 4
21	79 17
21	84 5
21	84 6
21	83 6
21	85 6
21	79 30
21	84 7
21	84 8
21	83 8
21	85 8
21	79 14
21	84 9
21	84 10
21	83 10
21	85 10
21	79 27
21	84 11
21	84 12
21	83 12
21	85 12
21	79 14
21	84 13
21	84 14
21	83 14
21	85 14
21	79 32
21	84 15
21	84 16
21	83 16
21	85 16
21	79 13
21	84 17
21	84 18
21	83 18
21	85 18
21	79 24
21	84 19
21	84 20
21	83 20
21	85 20
21	79 15
21	84 1
21	84 2
21	83 2
21	85 2
21	79 27
21	84 3
21	84 4
21	83 4
21	85 4
21	79 12
21	84 5
21	84 6
21	83 6
21	85 6
21	79 32
21	84 7
21	84 8
21	83 8
21	85 8
21	79 11
21	84 9
21	84 10
21	84 11
21	84 12
21	83 12
21	85 12
21	79 14
21	84 13
21	84 14
21	83 14
21	85 14
21	79 30
21	84 15
21	84 16
21	83 16
21	85 16
21	79 14
21	84 17
21	84 18
21	83 18
21	85 18
21	79 26
21	84 19
21	84 20
21	83 20
21	85 20
21	79 18
21	84 1
21	84 2
21	83 2
21	85 2
21	79 27
21	84 3
21	84 4
21	83 4
21	85 4
21	79 16
21	84 5
21	84 6
21	83 6
21	85 6
21	79 25
21	84 7
21	84 8
21	83 8
21	85 8
21	79 12
21	84 9
21	84 10
21	83 10
21	85 10
21	79 30
21	84 11
21	84 12
21	83 12
21	85 12
21	79 17
21	84 13
21	84 14
21	83 14
21	85 14
21	79 32
21	84 15
21	84 16
21	83 16
21	85 16
21	79 16
21	84 17
21	84 18
21	83 18
21	85 18
21	79 33
21	84 19
21	84 20
21	83 20
21	85 20
21	79 15
21	84 1
21	84 2
21	83 2
21	85 2
21	79 32
21	84 3
21	84 4
21	83 4
21	85 4
21	79 15
21	84 5
21	84 6
21	83 6
21	85 6
21	79 28
21	84 7
21	84 8
21	83 8
21	85 8
21	79 16
21	84 9
21	84 10
21	83 10
21	85 10
21	79 27
21	84 11
21	84 12
21	83 12
21	85 12
21	79 15
21	84 13
21	84 14
21	83 14
21	85 14
21	79 30
21	84 15
21	84 16
21	83 16
21	85 16
21	79 11
21	84 17
21	84 18
21	83 18
21	85 18
21	79 30
21	84 19
21	84 20
21	83 20
21	85 20
21	79 16
21	84 1
21	84 2
21	83 2
21	85 2
21	79 34
21	84 3
21	84 4
21	83 4
21	85 4
21	79 17
21	84 5
21	84 6
21	83 6
21	85 6
21	79 26
21	84 7
21	84 8
21	83 8
21	85 8
21	79 14
21	84 9
21	84 10
21	83 10
21	85 10
21	79 24
21	84 11
21	84 12
21	83 12
21	85 12
21	79 16
21	84 13
21	84 14
21	83 14
21	85 14
21	79 29
21	84 15
21	84 16
21	83 16
21	85 16
21	79 16
21	84 17
21	84 18
21	83 18
21	85 18
21	79 34
21	84 19
21	84 20
21	83 20
21	85 20
21	79 11
21	84 1
21	84 2
21	83 2
21	85 2
21	79 32
21	84 3
21	84 4
21	83 4
21	85 4
21	79 12
21	84 5
21	84 6
21	83 6
21	85 6
21	79 24
21	84 7
21	84 8
21	83 8
21	85 8
21	79 12
21	84 9
21	84 10
21	83 10
21	85 10
21	79 28
21	84 11
21	84 12
21	83 12
21	85 12
21	79 13
21	84 13
21	84 14
21	83 14
21	85 14
21	79 25
21	84 15
21	84 16
21	83 16
21	85 16
21	79 19
21	84 17
21	84 18
21	83 18
21	85 18
21	79 28
21	84 19
21	84 20
21	83 20
21	85 20
21	79 11
21	84 1
21	84 2
21	83 2
21	85 2
21	79 37
21	84 3
21	84 4
21	83 4
21	85 4
21	79 14
21	84 5
21	84 6
21	83 6
21	85 6
21	79 30
21	84 7
21	84 8
21	83 8
21	85 8
21	79 14
21	84 9
21	84 10
21	83 10
21	85 10
21	79 29
21	84 11
21	84 12
21	83 12
21	85 12
21	79 16
21	84 13
21	84 14
21	83 14
21	85 14
21	79 24
21	84 15
21	84 16
21	83 16
21	85 16
21	79 15
21	84 17
21	84 18
21	83 18
21	85 18
21	79 30
21	84 19
21	84 20
21	83 20
21	85 20
21	79 16
21	84 1
21	84 2
21	83 2
21	85 2
21	79 30
21	84 3
21	84 4
21	83 4
21	85 4
21	79 15
21	84 5
21	84 6
21	83 6
21	85 6
21	79 29
21	84 7
21	84 8
21	83 8
21	85 8
21	79 11
21	84 9
21	84 10
21	TEST_NUMBER 4
21	SENT_TOTAL 250
21	RECEIVED_TOTAL 122
21	TIME_TOTAL 29722
21	RECEIVED_RADIO_1 61
21	RECEIVED_RADIO_2 62
21	SENT_RADIO_1 125
21	SENT_RADIO_2 125
21	RADIO_TIME_1 19763
21	RADIO_TIME_2 29870
21	RETRANSMISSIONS_1 0
21	RETRANSMISSIONS_2 0
21	DROPPED_1 0
21	DROPPED_2 0
21	MAX_QUEUE 1
21	DUPLICATED_1 0
21	DUPLICATED_2 0
21	EBUSY_RADIO_1 0
21	EBUSY_RADIO_2 0
21	83 0
21	85 10
21	86 4
21	84 1
21	84 2
21	83 2
21	85 2
21	79 16
21	84 3
21	84 4
21	83 4
21	85 4
21	79 28
21	84 5
21	84 6
21	83 6
21	85 6
21	79 17
21	84 7
21	84 8
21	83 8
21	85 8
21	79 25
21	84 9
21	84 10
21	83 10
21	85 10
21	79 18
21	84 11
21	84 12
21	83 12
21	85 12
21	79 31
21	84 13
21	84 14
21	83 14
21	85 14
21	79 18
21	84 15
21	84 16
21	83 16
21	85 16
21	79 30
21	84 17
21	84 18
21	83 18
21	85 18
21	79 17
21	84 19
21	84 20
21	83 20
21	85 20
21	79 32
21	84 1
21	84 2
21	83 2
21	85 2
21	79 18
21	84 3
21	84 4
21	83 4
21	85 4
21	79 31
21	84 5
21	84 6
21	83 6
21	85 6
21	79 18
21	84 7
21	84 8
21	83 8
21	85 8
21	79 36
21	84 9
21	84 10
21	83 10
21	85 10
21	79 13
21	84 11
21	84 12
21	83 12
21	85 12
21	79 28
21	84 13
21	84 14
21	83 14
21	85 14
21	79 15
21	84 15
21	84 16
21	83 16
21	85 16
21	79 29
21	84 17
21	84 18
21	83 18
21	85 18
21	79 14
21	84 19
21	84 20
21	83 20
21	85 20
21	79 25
21	84 1
21	84 2
21	83 2
21	85 2
21	79 16
21	84 3
21	84 4
21	83 4
21	85 4
21	79 36
21	84 5
21	84 6
21	83 6
21	85 6
21	79 16
21	84 7
21	84 8
21	84 9
21	84 10
21	83 10
21	85 10
21	79 16
21	84 11
21	84 12
21	83 12
21	85 12
21	79 27
21	84 13
21	84 14
21	83 14
21	85 14
21	79 15
21	84 15
21	84 16
21	83 16
21	85 16
21	79 30
21	84 17
21	84 18
21	83 18
21	85 18
21	79 12
21	84 19
21	84 20
21	83 20
21	85 20
21	79 28
21	84 1
21	84 2
21	83 2
21	85 2
21	79 14
21	84 3
21	84 4
21	83 4
21	85 4
21	79 29
21	84 5
21	84 6
21	83 6
21	85 6
21	79 15
21	84 7
21	84 8
21	83 8
21	85 8
21	79 27
21	84 9
21	84 10
21	83 10
21	85 10
21	79 14
21	84 11
21	84 12
21	83 12
21	85 12
21	79 27
21	84 13
21	84 14
21	83 14
21	85 14
21	79 15
21	84 15
21	84 16
21	83 16
21	85 16
21	79 28
21	84 17
21	84 18
21	83 18
21	85 18
21	79 15
21	84 19
21	84 20
21	83 20
21	85 20
21	79 26
21	84 1
21	84 2
21	83 2
21	85 2
21	79 14
21	84 3
21	84 4
21	83 4
21	85 4
21	79 32
21	84 5
21	84 6
21	83 6
21	85 6
21	79 12
21	84 7
21	84 8
21	83 8
21	85 8
21	79 30
21	84 9
21	84 10
21	83 10
21	85 10
21	79 13
21	84 11
21	84 12
21	83 12
21	85 12
21	79 23
21	84 13
21	84 14
21	83 14
21	85 14
21	79 17
21	84 15
21	84 16
21	83 16
21	85 16
21	79 27
21	84 17
21	84 18
21	83 18
21	85 18
21	79 18
21	84 19
21	84 20
21	83 20
21	85 20
21	79 26
21	84 1
21	84 2
21	84 3
21	84 4
21	83 4
21	85 4
21	79 29
21	84 5
21	84 6
21	83 6
21	85 6
21	79 19
21	84 7
21	84 8
21	83 8
21	85 8
21	79 27
21	84 9
21	84 10
21	83 10
21	85 10
21	79 13
21	84 11
21	84 12
21	83 12
21	85 12
21	79 30
21	84 13
21	84 14
21	83 14
21	85 14
21	79 17
21	84 15
21	84 16
21	83 16
21	85 16
21	79 30
21	84 17
21	84 18
21	83 18
21	85 18
21	79 15
21	84 19
21	84 20
21	83 20
21	85 20
21	79 31
21	84 1
21	84 2
21	83 2
21	85 2
21	79 14
21	84 3
21	84 4
21	83 4
21	85 4
21	79 27
21	84 5
21	84 6
21	83 6
21	85 6
21	79 16
21	84 7
21	84 8
21	83 8
21	85 8
21	79 33
21	84 9
21	84 10
21	83 10
21	85 10
21	79 13
21	84 11
21	84 12
21	83 12
21	85 12
21	79 31
21	84 13
21	84 14
21	83 14
21	85 14
21	79 14
21	84 15
21	84 16
21	83 16
21	85 16
21	79 28
21	84 17
21	84 18
21	83 18
21	85 18
21	79 11
21	84 19
21	84 20
21	83 20
21	85 20
21	79 27
21	84 1
21	84 2
21	83 2
21	85 2
21	79 11
21	84 3
21	84 4
21	83 4
21	85 4
21	79 30
21	84 5
21	84 6
21	83 6
21	85 6
21	79 17
21	84 7
21	84 8
21	83 8
21	85 8
21	79 32
21	84 9
21	84 10
21	83 10
21	85 10
21	79 15
21	84 11
21	84 12
21	83 12
21	85 12
21	79 30
21	84 13
21	84 14
21	83 14
21	85 14
21	79 15
21	84 15
21	84 16
21	83 16
21	85 16
21	79 27
21	84 17
21	84 18
21	83 18
21	85 18
21	79 12
21	84 19
21	84 20
21	83 20
21	85 20
21	79 27
21	84 1
21	84 2
21	83 2
21	85 2
21	79 15
21	84 3
21	84 4
21	83 4
21	85 4
21	79 36
21	84 5
21	84 6
21	83 6
21	85 6
21	79 15
21	84 7
21	84 8
21	84 9
21	84 10
21	83 10
21	85 10
21	79 15
21	84 11
21	84 12
21	83 12
21	85 12
21	79 26
21	84 13
21	84 14
21	83 14
21	85 14
21	79 14
21	84 15
21	84 16
21	83 16
21	85 16
21	79 31
21	84 17
21	84 18
21	83 18
21	85 18
21	79 15
21	84 19
21	84 20
21	83 20
21	85 20
21	79 26
21	84 1
21	84 2
21	83 2
21	85 2
21	79 14
21	84 3
21	84 4
21	83 4
21	85 4
21	79 22
21	84 5
21	84 6
21	83 6
21	85 6
21	79 14
21	84 7
21	84 8
21	83 8
21	85 8
21	79 29
21	84 9
21	84 10
21	83 10
21	85 10
21	79 16
21	84 11
21	84 12
21	83 12
21	85 12
21	79 30
21	84 13
21	84 14
21	83 14
21	85 14
21	79 14
21	84 15
21	84 16
21	83 16
21	85 16
21	79 32
21	84 17
21	84 18
21	83 18
21	85 18
21	79 10
21	84 19
21	84 20
21	83 20
21	85 20
21	79 30
21	84 1
21	84 2
21	83 2
21	85 2
21	79 13
21	84 3
21	84 4
21	83 4
21	85 4
21	79 32
21	84 5
21	84 6
21	83 6
21	85 6
21	79 17
21	84 7
21	84 8
21	83 8
21	85 8
21	79 30
21	84 9
21	84 10
21	83 10
21	85 10
21	79 17
21	84 11
21	84 12
21	83 12
21	85 12
21	79 31
21	84 13
21	84 14
21	83 14
21	85 14
21	79 12
21	84 15
21	84 16
21	83 16
21	85 16
21	79 26
21	84 17
21	84 18
21	83 18
21	85 18
21	79 12
21	84 19
21	84 20
21	83 20
21	85 20
21	79 28
21	84 1
21	84 2
21	83 2
21	85 2
21	79 15
21	84 3
21	84 4
21	83 4
21	85 4
21	79 31
21	84 5
21	84 6
21	83 6
21	85 6
21	79 13
21	84 7
21	84 8
21	83 8
21	85 8
21	79 29
21	84 9
21	84 10
21	83 10
21	85 10
21	79 15
21	84 11
21	84 12
21	83 12
21	85 12
21	79 33
21	84 13
21	84 14
21	83 14
21	85 14
21	79 13
21	84 15
21	84 16
21	83 16
21	85 16
21	79 32
21	84 17
21	84 18
21	83 18
21	85 18
21	79 16
21	84 19
21	84 20
21	83 20
21	85 20
21	79 29
21	84 1
21	84 2
21	83 2
21	85 2
21	79 11
21	84 3
21	84 4
21	83 4
21	85 4
21	79 31
21	84 5
21	84 6
21	83 6
21	85 6
21	79 13
21	84 7
21	84 8
21	83 8
21	85 8
21	79 26
21	84 9
21	84 10
21	TEST_NUMBER 5
21	SENT_TOTAL 250
21	RECEIVED_TOTAL 121
21	TIME_TOTAL 29722
21	RECEIVED_RADIO_1 61
21	RECEIVED_RADIO_2 61
21	SENT_RADIO_1 125
21	SENT_RADIO_2 125
21	RADIO_TIME_1 29776
21	RADIO_TIME_2 19763
21	RETRANSMISSIONS_1 0
21	RETRANSMISSIONS_2 0
21	DROPPED_1 0
21	DROPPED_2 0
21	MAX_QUEUE 1
21	DUPLICATED_1 0
21	DUPLICATED_2 0
21	EBUSY_RADIO_1 0
21	EBUSY_RADIO_2 0
21	83 0
21	85 10
21	86 5
21	84 1
21	84 2
21	83 2
21	85 2
21	79 27
21	84 3
21	84 4
21	83 4
21	85 4
21	79 16
21	84 5
21	84 6
21	83 6
21	85 6
21	79 31
21	84 7
21	84 8
21	83 8
21	85 8
21	79 11
21	84 9
21	84 10
21	83 10
21	85 10
21	79 32
21	84 11
21	84 12
21	83 12
21	85 12
21	79 14
21	84 13
21	84 14
21	83 14
21	85 14
21	79 28
21	84 15
21	84 16
21	83 16
21	85 16
21	79 17
21	84 17
21	84 18
21	83 18
21	85 18
21	79 34
21	84 19
21	84 20
21	83 20
21	85 20
21	79 15
21	84 1
21	84 2
21	83 2
21	85 2
21	79 27
21	84 3
21	84 4
21	83 4
21	85 4
21	79 14
21	84 5
21	84 6
21	83 6
21	85 6
21	79 26
21	84 7
21	84 8
21	83 8
21	85 8
21	79 16
21	84 9
21	84 10
21	84 11
21	84 12
21	83 12
21	85 12
21	79 15
21	84 13
21	84 14
21	83 14
21	85 14
21	79 33
21	84 15
21	84 16
21	83 16
21	85 16
21	79 13
21	84 17
21	84 18
21	83 18
21	85 18
21	79 33
21	84 19
21	84 20
21	83 20
21	85 20
21	79 18
21	84 1
21	84 2
21	83 2
21	85 2
21	79 33
21	84 3
21	84 4
21	83 4
21	85 4
21	79 13
21	84 5
21	84 6
21	83 6
21	85 6
21	79 31
21	84 7
21	84 8
21	83 8
21	85 8
21	79 18
21	84 9
21	84 10
21	83 10
21	85 10
21	79 28
21	84 11
21	84 12
21	83 12
21	85 12
21	79 15
21	84 13
21	84 14
21	83 14
21	85 14
21	79 32
21	84 15
21	84 16
21	83 16
21	85 16
21	79 11
21	84 17
21	84 18
21	83 18
21	85 18
21	79 32
21	84 19
21	84 20
21	83 20
21	85 20
21	79 12
21	84 1
21	84 2
21	83 2
21	85 2
21	79 29
21	84 3
21	84 4
21	83 4
21	85 4
21	79 17
21	84 5
21	84 6
21	83 6
21	85 6
21	79 31
21	84 7
21	84 8
21	83 8
21	85 8
21	79 13
21	84 9
21	84 10
21	83 10
21	85 10
21	79 25
21	84 11
21	84 12
21	83 12
21	85 12
21	79 17
21	84 13
21	84 14
21	83 14
21	85 14
21	79 25
21	84 15
21	84 16
21	83 16
21	85 16
21	79 12
21	84 17
21	84 18
21	83 18
21	85 18
21	79 24
21	84 19
21	84 20
21	83 20
21	85 20
21	79 15
21	84 1
21	84 2
21	84 3
21	84 4
21	83 4
21	85 4
21	79 14
21	84 5
21	84 6
21	83 6
21	85 6
21	79 26
21	84 7
21	84 8
21	83 8
21	85 8
21	79 17
21	84 9
21	84 10
21	83 10
21	85 10
21	79 32
21	84 11
21	84 12
21	83 12
21	85 12
21	79 14
21	84 13
21	84 14
21	83 14
21	85 14
21	79 32
21	84 15
21	84 16
21	83 16
21	85 16
21	79 12
21	84 17
21	84 18
21	83 18
21	85 18
21	79 28
21	84 19
21	84 20
21	83 20
21	85 20
21	79 11
21	84 1
21	84 2
21	83 2
21	85 2
21	79 32
21	84 3
21	84 4
21	83 4
21	85 4
21	79 19
21	84 5
21	84 6
21	83 6
21	85 6
21	79 28
21	84 7
21	84 8
21	83 8
21	85 8
21	79 12
21	84 9
21	84 10
21	83 10
21	85 10
21	79 26
21	84 11
21	84 12
21	83 12
21	85 12
21	79 12
21	84 13
21	84 14
21	84 15
21	84 16
21	83 16
21	85 16
21	79 12
21	84 17
21	84 18
21	83 18
21	85 18
21	79 35
21	84 19
21	84 20
21	83 20
21	85 20
21	79 18
21	84 1
21	84 2
21	83 2
21	85 2
21	79 27
21	84 3
21	84 4
21	83 4
21	85 4
21	79 19
21	84 5
21	84 6
21	83 6
21	85 6
21	79 31
21	84 7
21	84 8
21	83 8
21	85 8
21	79 16
21	84 9
21	84 10
21	83 10
21	85 10
21	79 27
21	84 11
21	84 12
21	84 13
21	84 14
21	83 14
21	85 14
21	79 30
21	84 15
21	84 16
21	83 16
21	85 16
21	79 12
21	84 17
21	84 18
21	83 18
21	85 18
21	79 27
21	84 19
21	84 20
21	83 20
21	85 20
21	79 15
21	84 1
21	84 2
21	83 2
21	85 2
21	79 30
21	84 3
21	84 4
21	83 4
21	85 4
21	79 15
21	84 5
21	84 6
21	83 6
21	85 6
21	79 28
21	84 7
21	84 8
21	83 8
21	85 8
21	79 13
21	84 9
21	84 10
21	83 10
21	85 10
21	79 30
21	84 11
21	84 12
21	83 12
21	85 12
21	79 13
21	84 13
21	84 14
21	83 14
21	85 14
21	79 28
21	84 15
21	84 16
21	83 16
21	85 16
21	79 12
21	84 17
21	84 18
21	83 18
21	85 18
21	79 26
21	84 19
21	84 20
21	83 20
21	85 20
21	79 13
21	84 1
21	84 2
21	83 2
21	85 2
21	79 22
21	84 3
21	84 4
21	83 4
21	85 4
21	79 15
21	84 5
21	84 6
21	83 6
21	85 6
21	79 27
21	84 7
21	84 8
21	83 8
21	85 8
21	79 12
21	84 9
21	84 10
21	83 10
21	85 10
21	79 27
21	84 11
21	84 12
21	83 12
21	85 12
21	79 14
21	84 13
21	84 14
21	83 14
21	85 14
21	79 32
21	84 15
21	84 16
21	83 16
21	85 16
21	79 12
21	84 17
21	84 18
21	83 18
21	85 18
21	79 26
21	84 19
21	84 20
21	83 20
21	85 20
21	79 16
21	84 1
21	84 2
21	83 2
21	85 2
21	79 28
21	84 3
21	84 4
21	83 4
21	85 4
21	79 12
21	84 5
21	84 6
21	83 6
21	85 6
21	79 33
21	84 7
21	84 8
21	83 8
21	85 8
21	79 16
21	84 9
21	84 10
21	83 10
21	85 10
21	79 28
21	84 11
21	84 12
21	83 12
21	85 12
21	79 13
21	84 13
21	84 14
21	83 14
21	85 14
21	79 31
21	84 15
21	84 16
21	83 16
21	85 16
21	79 16
21	84 17
21	84 18
21	84 19
21	84 20
21	83 20
21	85 20
21	79 14
21	84 1
21	84 2
21	83 2
21	85 2
21	79 24
21	84 3
21	84 4
21	83 4
21	85 4
21	79 14
21	84 5
21	84 6
21	83 6
21	85 6
21	79 23
21	84 7
21	84 8
21	83 8
21	85 8
21	79 17
21	84 9
21	84 10
21	83 10
21	85 10
21	79 29
21	84 11
21	84 12
21	83 12
21	85 12
21	79 17
21	84 13
21	84 14
21	83 14
21	85 14
21	79 28
21	84 15
21	84 16
21	83 16
21	85 16
21	79 13
21	84 17
21	84 18
21	83 18
21	85 18
21	79 28
21	84 19
21	84 20
21	83 20
21	85 20
21	79 17
21	84 1
21	84 2
21	83 2
21	85 2
21	79 25
21	84 3
21	84 4
21	83 4
21	85 4
21	79 16
21	84 5
21	84 6
21	83 6
21	85 6
21	79 33
21	84 7
21	84 8
21	83 8
21	85 8
21	79 15
21	84 9
21	84 10
21	83 10
21	85 10
21	79 27
21	84 11
21	84 12
21	83 12
21	85 12
21	79 12
21	84 13
21	84 14
21	83 14
21	85 14
21	79 29
21	84 15
21	84 16
21	83 16
21	85 16
21	79 15
21	84 17
21	84 18
21	83 18
21	85 18
21	79 25
21	84 19
21	84 20
21	83 20
21	85 20
21	79 18
21	84 1
21	84 2
21	83 2
21	85 2
21	79 27
21	84 3
21	84 4
21	83 4
21	85 4
21	79 14
21	84 5
21	84 6
21	83 6
21	85 6
21	79 34
21	84 7
21	84 8
21	83 8
21	85 8
21	79 15
21	84 9
21	84 10
21	TEST_NUMBER 6
21	SENT_TOTAL 250
21	RECEIVED_TOTAL 119
21	TIME_TOTAL 29725
21	RECEIVED_RADIO_1 58
21	RECEIVED_RADIO_2 62
21	SENT_RADIO_1 125
21	SENT_RADIO_2 125
21	RADIO_TIME_1 19763
21	RADIO_TIME_2 29869
21	RETRANSMISSIONS_1 0
21	RETRANSMISSIONS_2 0
21	DROPPED_1 0
21	DROPPED_2 0
21	MAX_QUEUE 1
21	DUPLICATED_1 0
21	DUPLICATED_2 0
21	EBUSY_RADIO_1 0
21	EBUSY_RADIO_2 0
21	83 0
21	85 10
21	86 6

44	DESTINATION_NODE 44
44	TEST_NUMBER 0
44	SENT_TOTAL 114
44	RECEIVED_TOTAL 114
44	TIME_TOTAL 18011
44	RECEIVED_RADIO_1 0
44	RECEIVED_RADIO_2 114
44	SENT_RADIO_1 57
44	SENT_RADIO_2 57
44	RADIO_TIME_1 17850
44	RADIO_TIME_2 18011
44	RETRANSMISSIONS_1 0
44	RETRANSMISSIONS_2 0
44	DROPPED_1 0
44	DROPPED_2 0
44	MAX_QUEUE 1
44	DUPLICATED_1 0
44	DUPLICATED_2 0
44	EBUSY_RADIO_1 0
44	EBUSY_RADIO_2 0
44	86 0
44	86 0
44	86 0
44	86 0
44	86 0
44	86 0
44	86 0
44	86 0
44	86 0
44	86 0
44	86 0
44	TEST_NUMBER 1
44	SENT_TOTAL 125
44	RECEIVED_TOTAL 114
44	TIME_TOTAL 29725
44	RECEIVED_RADIO_1 0
44	RECEIVED_RADIO_2 125
44	SENT_RADIO_1 63
44	SENT_RADIO_2 62
44	RADIO_TIME_1 29725
44	RADIO_TIME_2 29725
44	RETRANSMISSIONS_1 0
44	RETRANSMISSIONS_2 0
44	DROPPED_1 0
44	DROPPED_2 0
44	MAX_QUEUE 1
44	DUPLICATED_1 0
44	DUPLICATED_2 0
44	EBUSY_RADIO_1 0
44	EBUSY_RADIO_2 0
44	86 1
44	86 1
44	86 1
44	86 1
44	86 1
44	86 1
44	86 1
44	86 1
44	86 1
44	86 1
44	86 1
44	TEST_NUMBER 2
44	SENT_TOTAL 125
44	RECEIVED_TOTAL 114
44	TIME_TOTAL 29725
44	RECEIVED_RADIO_1 0
44	RECEIVED_RADIO_2 125
44	SENT_RADIO_1 62
44	SENT_RADIO_2 63
44	RADIO_TIME_1 29404
44	RADIO_TIME_2 29725
44	RETRANSMISSIONS_1 0
44	RETRANSMISSIONS_2 0
44	DROPPED_1 0
44	DROPPED_2 0
44	MAX_QUEUE 1
44	DUPLICATED_1 0
44	DUPLICATED_2 0
44	EBUSY_RADIO_1 0
44	EBUSY_RADIO_2 0
44	86 2
44	86 2
44	86 2
44	86 2
44	86 2
44	86 2
44	86 2
44	86 2
44	86 2
44	86 2
44	86 2
44	TEST_NUMBER 3
44	SENT_TOTAL 125
44	RECEIVED_TOTAL 114
44	TIME_TOTAL 29725
44	RECEIVED_RADIO_1 0
44	RECEIVED_RADIO_2 125
44	SENT_RADIO_1 63
44	SENT_RADIO_2 62
44	RADIO_TIME_1 29725
44	RADIO_TIME_2 29725
44	RETRANSMISSIONS_1 0
44	RETRANSMISSIONS_2 0
44	DROPPED_1 0
44	DROPPED_2 0
44	MAX_QUEUE 1
44	DUPLICATED_1 0
44	DUPLICATED_2 0
44	EBUSY_RADIO_1 0
44	EBUSY_RADIO_2 0
44	86 3
44	86 3
44	86 3
44	86 3
44	86 3
44	86 3
44	86 3
44	86 3
44	86 3
44	86 3
44	86 3
44	TEST_NUMBER 4
44	SENT_TOTAL 125
44	RECEIVED_TOTAL 114
44	TIME_TOTAL 29728
44	RECEIVED_RADIO_1 0
44	RECEIVED_RADIO_2 125
44	SENT_RADIO_1 62
44	SENT_RADIO_2 63
44	RADIO_TIME_1 29402
44	RADIO_TIME_2 29728
44	RETRANSMISSIONS_1 0
44	RETRANSMISSIONS_2 0
44	DROPPED_1 0
44	DROPPED_2 0
44	MAX_QUEUE 1
44	DUPLICATED_1 0
44	DUPLICATED_2 0
44	EBUSY_RADIO_1 0
44	EBUSY_RADIO_2 0
44	86 4
44	86 4
44	86 4
44	86 4
44	86 4
44	86 4
44	86 4
44	86 4
44	86 4
44	86 4
44	86 4
44	TEST_NUMBER 5
44	SENT_TOTAL 125
44	RECEIVED_TOTAL 114
44	TIME_TOTAL 29725
44	RECEIVED_RADIO_1 0
44	RECEIVED_RADIO_2 125
44	SENT_RADIO_1 63
44	SENT_RADIO_2 62
44	RADIO_TIME_1 29725
44	RADIO_TIME_2 29725
44	RETRANSMISSIONS_1 0
44	RETRANSMISSIONS_2 0
44	DROPPED_1 0
44	DROPPED_2 0
44	MAX_QUEUE 1
44	DUPLICATED_1 0
44	DUPLICATED_2 0
44	EBUSY_RADIO_1 0
44	EBUSY_RADIO_2 0
44	86 5
44	86 5
44	86 5
44	86 5
44	86 5
44	86 5
44	86 5
44	86 5
44	86 5
44	86 5
44	86 5
44	TEST_NUMBER 6
44	SENT_TOTAL 125
44	RECEIVED_TOTAL 114
44	TIME_TOTAL 29724
44	RECEIVED_RADIO_1 0
44	RECEIVED_RADIO_2 125
44	SENT_RADIO_1 62
44	SENT_RADIO_2 63
44	RADIO_TIME_1 29405
44	RADIO_TIME_2 29724
44	RETRANSMISSIONS_1 0
44	RETRANSMISSIONS_2 0
44	DROPPED_1 0
44	DROPPED_2 0
44	MAX_QUEUE 1
44	DUPLICATED_1 0
44	DUPLICATED_2 0
44	EBUSY_RADIO_1 0
44	EBUSY_RADIO_2 0
44	86 6
44	86 6
44	86 6
44	86 6
44	86 6
44	86 6
44	86 6
44	86 6
44	86 6
44	86 6
44	86 6

46	RELAY_NODE 46
46	TEST_NUMBER 0
46	SENT_TOTAL 0
46	RECEIVED_TOTAL 0
46	TIME_TOTAL 0
46	RECEIVED_RADIO_1 120
46	RECEIVED_RADIO_2 55
46	SENT_RADIO_1 55
46	SENT_RADIO_2 120
46	RADIO_TIME_1 18970
46	RADIO_TIME_2 18970
46	RETRANSMISSIONS_1 0
46	RETRANSMISSIONS_2 0
46	DROPPED_1 0
46	DROPPED_2 0
46	MAX_QUEUE 1
46	DUPLICATED_1 0
46	DUPLICATED_2 0
46	EBUSY_RADIO_1 0
46	EBUSY_RADIO_2 0
46	TEST_NUMBER 1
46	SENT_TOTAL 0
46	RECEIVED_TOTAL 0
46	TIME_TOTAL 0
46	RECEIVED_RADIO_1 125
46	RECEIVED_RADIO_2 58
46	SENT_RADIO_1 58
46	SENT_RADIO_2 125
46	RADIO_TIME_1 29729
46	RADIO_TIME_2 29729
46	RETRANSMISSIONS_1 0
46	RETRANSMISSIONS_2 0
46	DROPPED_1 0
46	DROPPED_2 0
46	MAX_QUEUE 1
46	DUPLICATED_1 0
46	DUPLICATED_2 0
46	EBUSY_RADIO_1 0
46	EBUSY_RADIO_2 0
46	TEST_NUMBER 2
46	SENT_TOTAL 0
46	RECEIVED_TOTAL 0
46	TIME_TOTAL 0
46	RECEIVED_RADIO_1 125
46	RECEIVED_RADIO_2 58
46	SENT_RADIO_1 58
46	SENT_RADIO_2 125
46	RADIO_TIME_1 29789
46	RADIO_TIME_2 29789
46	RETRANSMISSIONS_1 0
46	RETRANSMISSIONS_2 0
46	DROPPED_1 0
46	DROPPED_2 0
46	MAX_QUEUE 1
46	DUPLICATED_1 0
46	DUPLICATED_2 0
46	EBUSY_RADIO_1 0
46	EBUSY_RADIO_2 0
46	TEST_NUMBER 3
46	SENT_TOTAL 0
46	RECEIVED_TOTAL 0
46	TIME_TOTAL 0
46	RECEIVED_RADIO_1 125
46	RECEIVED_RADIO_2 56
46	SENT_RADIO_1 56
46	SENT_RADIO_2 125
46	RADIO_TIME_1 29725
46	RADIO_TIME_2 29725
46	RETRANSMISSIONS_1 0
46	RETRANSMISSIONS_2 0
46	DROPPED_1 0
46	DROPPED_2 0
46	MAX_QUEUE 1
46	DUPLICATED_1 0
46	DUPLICATED_2 0
46	EBUSY_RADIO_1 0
46	EBUSY_RADIO_2 0
46	TEST_NUMBER 4
46	SENT_TOTAL 0
46	RECEIVED_TOTAL 0
46	TIME_TOTAL 0
46	RECEIVED_RADIO_1 125
46	RECEIVED_RADIO_2 62
46	SENT_RADIO_1 62
46	SENT_RADIO_2 125
46	RADIO_TIME_1 29793
46	RADIO_TIME_2 29793
46	RETRANSMISSIONS_1 0
46	RETRANSMISSIONS_2 0
46	DROPPED_1 0
46	DROPPED_2 0
46	MAX_QUEUE 1
46	DUPLICATED_1 0
46	DUPLICATED_2 0
46	EBUSY_RADIO_1 0
46	EBUSY_RADIO_2 0
46	TEST_NUMBER 5
46	SENT_TOTAL 0
46	RECEIVED_TOTAL 0
46	TIME_TOTAL 0
46	RECEIVED_RADIO_1 125
46	RECEIVED_RADIO_2 60
46	SENT_RADIO_1 60
46	SENT_RADIO_2 125
46	RADIO_TIME_1 29727
46	RADIO_TIME_2 29727
46	RETRANSMISSIONS_1 0
46	RETRANSMISSIONS_2 0
46	DROPPED_1 0
46	DROPPED_2 0
46	MAX_QUEUE 1
46	DUPLICATED_1 0
46	DUPLICATED_2 0
46	EBUSY_RADIO_1 0
46	EBUSY_RADIO_2 0
46	TEST_NUMBER 6
46	SENT_TOTAL 0
46	RECEIVED_TOTAL 0
46	TIME_TOTAL 0
46	RECEIVED_RADIO_1 125
46	RECEIVED_RADIO_2 59
46	SENT_RADIO_1 59
46	SENT_RADIO_2 125
46	RADIO_TIME_1 29790
46	RADIO_TIME_2 29790
46	RETRANSMISSIONS_1 0
46	RETRANSMISSIONS_2 0
46	DROPPED_1 0
46	DROPPED_2 0
46	MAX_QUEUE 1
46	DUPLICATED_1 0
46	DUPLICATED_2 0
46	EBUSY_RADIO_1 0
46	EBUSY_RADIO_2 0
