
13	SOURCE_NODE 13
13	84 1
13	83 1
13	85 1
13	79 10
13	84 2
13	83 2
13	85 2
13	79 10
13	84 3
13	83 3
13	85 3
13	79 15
13	84 4
13	83 4
13	85 4
13	79 20
13	84 5
13	83 5
13	85 5
13	79 19
13	84 6
13	83 6
13	85 6
13	79 16
13	84 7
13	83 7
13	85 7
13	79 18
13	84 8
13	83 8
13	85 8
13	79 18
13	84 9
13	83 9
13	85 9
13	79 19
13	84 10
13	83 10
13	85 10
13	79 15
13	84 11
13	83 11
13	85 11
13	79 15
13	84 12
13	83 12
13	85 12
13	79 12
13	84 13
13	83 13
13	85 13
13	79 15
13	84 14
13	83 14
13	85 14
13	79 15
13	84 15
13	83 15
13	85 15
13	79 12
13	84 16
13	83 16
13	85 16
13	79 15
13	84 17
13	83 17
13	85 17
13	79 13
13	84 18
13	83 18
13	85 18
13	79 12
13	84 19
13	84 20
13	83 20
13	85 20
13	79 13
13	84 1
13	83 1
13	85 19
13	79 177
13	83 1
13	85 1
13	79 17
13	84 2
13	83 2
13	85 2
13	79 18
13	84 3
13	83 3
13	85 3
13	79 23
13	84 4
13	83 4
13	85 4
13	79 17
13	84 5
13	83 5
13	85 5
13	79 19
13	84 6
13	84 7
13	83 7
13	85 7
13	79 12
13	84 8
13	83 8
13	85 6
13	79 172
13	83 8
13	85 8
13	79 26
13	84 9
13	83 9
13	85 9
13	79 16
13	84 10
13	83 10
13	85 10
13	79 12
13	84 11
13	83 11
13	85 11
13	79 16
13	84 12
13	83 12
13	85 12
13	79 12
13	84 13
13	83 13
13	85 13
13	79 14
13	84 14
13	83 14
13	85 14
13	79 14
13	84 15
13	83 15
13	85 15
13	79 16
13	84 16
13	83 16
13	85 16
13	79 12
13	84 17
13	83 17
13	85 17
13	79 11
13	84 18
13	83 18
13	85 18
13	79 14
13	84 19
13	83 19
13	85 19
13	79 10
13	84 20
13	83 20
13	85 20
13	79 16
13	84 1
13	83 1
13	85 1
13	79 13
13	84 2
13	83 2
13	85 2
13	79 14
13	84 3
13	83 3
13	85 3
13	79 13
13	84 4
13	83 4
13	85 4
13	79 11
13	84 5
13	83 5
13	85 5
13	79 11
13	84 6
13	83 6
13	85 6
13	79 11
13	84 7
13	83 7
13	85 7
13	79 15
13	84 8
13	83 8
13	85 8
13	79 11
13	84 9
13	83 9
13	85 9
13	79 24
13	84 10
13	83 10
13	85 10
13	79 17
13	84 11
13	83 11
13	85 11
13	79 19
13	84 12
13	83 12
13	85 12
13	79 18
13	84 13
13	83 13
13	85 13
13	79 15
13	84 14
13	83 14
13	85 14
13	79 12
13	84 15
13	83 15
13	85 15
13	79 14
13	84 16
13	83 16
13	85 16
13	79 12
13	84 17
13	83 17
13	85 17
13	79 16
13	84 18
13	83 18
13	85 18
13	79 17
13	84 19
13	83 19
13	85 19
13	79 15
13	84 20
13	83 20
13	85 20
13	79 13
13	84 1
13	83 1
13	85 1
13	79 18
13	84 2
13	83 2
13	85 2
13	79 18
13	84 3
13	83 3
13	85 3
13	79 13
13	84 4
13	83 4
13	85 4
13	79 17
13	84 5
13	83 5
13	85 5
13	79 17
13	84 6
13	83 6
13	85 6
13	79 13
13	84 7
13	83 7
13	85 7
13	79 11
13	84 8
13	84 9
13	83 9
13	85 9
13	79 16
13	84 10
13	83 10
13	85 8
13	79 175
13	83 10
13	85 10
13	79 22
13	84 11
13	83 11
13	85 11
13	79 14
13	84 12
13	83 12
13	85 12
13	79 17
13	84 13
13	83 13
13	85 13
13	79 15
13	84 14
13	83 14
13	85 14
13	79 13
13	84 15
13	83 15
13	85 15
13	79 15
13	84 16
13	83 16
13	85 16
13	79 13
13	84 17
13	83 17
13	85 17
13	79 11
13	84 18
13	83 18
13	85 18
13	79 10
13	84 19
13	83 19
13	85 19
13	79 15
13	84 20
13	83 20
13	85 20
13	79 14
13	84 1
13	83 1
13	85 1
13	79 12
13	84 2
13	83 2
13	85 2
13	79 18
13	84 3
13	83 3
13	85 3
13	79 11
13	84 4
13	83 4
13	85 4
13	79 17
13	84 5
13	83 5
13	85 5
13	79 17
13	84 6
13	83 6
13	85 6
13	79 13
13	84 7
13	83 7
13	85 7
13	79 10
13	84 8
13	83 8
13	85 8
13	79 15
13	84 9
13	83 9
13	85 9
13	79 12
13	84 10
13	83 10
13	85 10
13	79 12
13	84 11
13	83 11
13	85 11
13	79 13
13	84 12
13	83 12
13	85 12
13	79 16
13	84 13
13	83 13
13	85 13
13	79 13
13	84 14
13	83 14
13	85 14
13	79 11
13	84 15
13	83 15
13	85 15
13	79 10
13	84 16
13	83 16
13	85 16
13	79 26
13	84 17
13	83 17
13	85 17
13	79 13
13	84 18
13	83 18
13	85 18
13	79 15
13	84 19
13	83 19
13	85 19
13	79 17
13	84 20
13	83 20
13	85 20
13	79 14
13	84 1
13	83 1
13	85 1
13	79 14
13	84 2
13	83 2
13	85 2
13	79 15
13	84 3
13	83 3
13	85 3
13	79 13
13	84 4
13	83 4
13	85 4
13	79 12
13	84 5
13	83 5
13	85 5
13	79 19
13	84 6
13	83 6
13	85 6
13	79 16
13	84 7
13	83 7
13	85 7
13	79 18
13	84 8
13	83 8
13	85 8
13	79 16
13	84 9
13	83 9
13	85 9
13	79 18
13	84 10
13	83 10
13	85 10
13	79 16
13	84 11
13	83 11
13	85 11
13	79 18
13	84 12
13	83 12
13	85 12
13	79 15
13	84 13
13	83 13
13	85 13
13	79 13
13	84 14
13	83 14
13	85 14
13	79 13
13	84 15
13	84 16
13	83 16
13	85 16
13	79 12
13	84 17
13	83 17
13	85 15
13	79 172
13	83 17
13	85 17
13	79 21
13	84 18
13	83 18
13	85 18
13	79 16
13	84 19
13	83 19
13	85 19
13	79 14
13	84 20
13	83 20
13	85 20
13	79 13
13	84 1
13	83 1
13	85 1
13	79 10
13	84 2
13	83 2
13	85 2
13	79 16
13	84 3
13	83 3
13	85 3
13	79 14
13	84 4
13	83 4
13	85 4
13	79 16
13	84 5
13	83 5
13	85 5
13	79 16
13	84 6
13	83 6
13	85 6
13	79 15
13	84 7
13	83 7
13	85 7
13	79 16
13	84 8
13	83 8
13	85 8
13	79 16
13	84 9
13	83 9
13	85 9
13	79 12
13	84 10
13	83 10
13	85 10
13	79 15
13	84 11
13	83 11
13	85 11
13	79 12
13	84 12
13	83 12
13	85 12
13	79 13
13	84 13
13	83 13
13	85 13
13	79 14
13	84 14
13	83 14
13	85 14
13	79 14
13	84 15
13	83 15
13	85 15
13	79 17
13	84 16
13	84 17
13	83 17
13	85 17
13	79 12
13	84 18
13	83 18
13	85 16
13	79 170
13	83 18
13	85 18
13	79 18
13	84 19
13	83 19
13	85 19
13	79 15
13	84 20
13	83 20
13	85 20
13	79 15
13	84 1
13	83 1
13	85 1
13	79 11
13	84 2
13	83 2
13	85 2
13	79 14
13	84 3
13	83 3
13	85 3
13	79 13
13	84 4
13	83 4
13	85 4
13	79 14
13	84 5
13	83 5
13	85 5
13	79 17
13	84 6
13	83 6
13	85 6
13	79 16
13	84 7
13	83 7
13	85 7
13	79 13
13	84 8
13	83 8
13	85 8
13	79 17
13	84 9
13	83 9
13	85 9
13	79 15
13	84 10
13	83 10
13	85 10
13	79 18
13	84 11
13	83 11
13	85 11
13	79 17
13	84 12
13	83 12
13	85 12
13	79 12
13	84 13
13	83 13
13	85 13
13	79 14
13	84 14
13	83 14
13	85 14
13	79 13
13	84 15
13	84 16
13	83 16
13	85 16
13	79 17
13	84 17
13	83 17
13	85 15
13	79 173
13	83 17
13	85 17
13	79 26
13	84 18
13	83 18
13	85 18
13	79 13
13	84 19
13	83 19
13	85 19
13	79 14
13	84 20
13	83 20
13	85 20
13	79 16
13	84 1
13	83 1
13	85 1
13	79 10
13	84 2
13	83 2
13	85 2
13	79 11
13	84 3
13	83 3
13	85 3
13	79 10
13	84 4
13	83 4
13	85 4
13	79 21
13	84 5
13	83 5
13	85 5
13	79 15
13	84 6
13	83 6
13	85 6
13	79 14
13	84 7
13	83 7
13	85 7
13	79 15
13	84 8
13	83 8
13	85 8
13	79 15
13	84 9
13	83 9
13	85 9
13	79 16
13	84 10
13	83 10
13	85 10
13	79 11
13	84 11
13	83 11
13	85 11
13	79 26
13	84 12
13	83 12
13	85 12
13	79 13
13	84 13
13	83 13
13	85 13
13	79 14
13	84 14
13	83 14
13	85 14
13	79 15
13	84 15
13	83 15
13	85 15
13	79 12
13	84 16
13	83 16
13	85 16
13	79 12
13	84 17
13	83 17
13	85 17
13	79 15
13	84 18
13	83 18
13	85 18
13	79 16
13	84 19
13	83 19
13	85 19
13	79 14
13	84 20
13	83 20
13	85 20
13	79 14
13	84 1
13	83 1
13	85 1
13	79 12
13	84 2
13	83 2
13	85 2
13	79 13
13	84 3
13	84 4
13	83 4
13	85 4
13	79 15
13	84 5
13	83 5
13	85 3
13	79 177
13	83 5
13	85 5
13	79 24
13	84 6
13	83 6
13	85 6
13	79 17
13	84 7
13	83 7
13	85 7
13	79 13
13	84 8
13	83 8
13	85 8
13	79 19
13	84 9
13	83 9
13	85 9
13	79 18
13	84 10
13	84 11
13	83 11
13	85 11
13	79 18
13	84 12
13	83 12
13	85 10
13	79 175
13	83 12
13	85 12
13	79 23
13	84 13
13	83 13
13	85 13
13	79 15
13	84 14
13	83 14
13	85 14
13	79 17
13	84 15
13	83 15
13	85 15
13	79 14
13	84 16
13	83 16
13	85 16
13	79 14
13	84 17
13	84 18
13	83 18
13	85 18
13	79 14
13	84 19
13	83 19
13	85 17
13	79 174
13	83 19
13	85 19
13	79 23
13	84 20
13	83 20
13	85 20
13	79 13
13	84 1
13	83 1
13	85 1
13	79 11
13	84 2
13	83 2
13	85 2
13	79 17
13	84 3
13	83 3
13	85 3
13	79 11
13	84 4
13	84 5
13	83 5
13	85 5
13	79 15
13	84 6
13	83 6
13	85 4
13	79 177
13	83 6
13	85 6
13	79 26
13	84 7
13	83 7
13	85 7
13	79 16
13	84 8
13	83 8
13	85 8
13	79 14
13	84 9
13	83 9
13	85 9
13	79 13
13	84 10
13	83 10
13	85 10
13	79 16
13	84 11
13	83 11
13	85 11
13	79 14
13	84 12
13	83 12
13	85 12
13	79 11
13	84 13
13	83 13
13	85 13
13	79 12
13	84 14
13	83 14
13	85 14
13	79 14
13	84 15
13	83 15
13	85 15
13	79 10
13	84 16
13	83 16
13	85 16
13	79 14
13	84 17
13	83 17
13	85 17
13	79 13
13	84 18
13	83 18
13	85 18
13	79 11
13	84 19
13	83 19
13	85 19
13	79 15
13	84 20
13	83 20
13	85 20
13	79 15
13	84 1
13	83 1
13	85 1
13	79 14
13	84 2
13	83 2
13	85 2
13	79 12
13	84 3
13	83 3
13	85 3
13	79 18
13	84 4
13	83 4
13	85 4
13	79 10
13	84 5
13	83 5
13	85 5
13	79 14
13	84 6
13	83 6
13	85 6
13	79 12
13	84 7
13	83 7
13	85 7
13	79 13
13	84 8
13	83 8
13	85 8
13	79 16
13	84 9
13	83 9
13	85 9
13	79 15
13	84 10
13	83 10
13	85 10
13	79 14
13	84 11
13	83 11
13	85 11
13	79 12
13	84 12
13	83 12
13	85 12
13	79 18
13	84 13
13	83 13
13	85 13
13	79 14
13	84 14
13	83 14
13	85 14
13	79 15
13	84 15
13	83 15
13	85 15
13	79 11
13	84 16
13	83 16
13	85 16
13	79 15
13	84 17
13	83 17
13	85 17
13	79 12
13	84 18
13	83 18
13	85 18
13	79 16
13	84 19
13	83 19
13	85 19
13	79 18
13	84 20
13	83 20
13	85 20
13	79 16
13	84 1
13	83 1
13	85 1
13	79 14
13	84 2
13	83 2
13	85 2
13	79 11
13	84 3
13	83 3
13	85 3
13	79 13
13	84 4
13	84 5
13	83 5
13	85 5
13	79 19
13	84 6
13	83 6
13	85 4
13	79 175
13	83 6
13	85 6
13	79 25
13	84 7
13	83 7
13	85 7
13	79 14
13	84 8
13	83 8
13	85 8
13	79 17
13	84 9
13	83 9
13	85 9
13	79 19
13	84 10
13	TEST_NUMBER 0
13	SENT_TOTAL 250
13	RECEIVED_TOTAL 249
13	TIME_TOTAL 19772
13	RECEIVED_RADIO_1 121
13	RECEIVED_RADIO_2 128
13	SENT_RADIO_1 121
13	SENT_RADIO_2 128
13	RADIO_TIME_1 19782
13	RADIO_TIME_2 19763
13	RETRANSMISSIONS_1 8
13	RETRANSMISSIONS_2 0
13	DROPPED_1 0
13	DROPPED_2 0
13	MAX_QUEUE 1
13	DUPLICATED_1 1
13	DUPLICATED_2 0
13	EBUSY_RADIO_1 0
13	EBUSY_RADIO_2 0
13	83 0
13	85 10
13	86 0
13	84 1
13	83 1
13	85 1
13	79 15
13	84 2
13	83 2
13	85 2
13	79 19
13	84 3
13	83 3
13	85 3
13	79 15
13	84 4
13	83 4
13	85 4
13	79 17
13	84 5
13	83 5
13	85 5
13	79 17
13	84 6
13	83 6
13	85 6
13	79 17
13	84 7
13	83 7
13	85 7
13	79 17
13	84 8
13	83 8
13	85 8
13	79 14
13	84 9
13	83 9
13	85 9
13	79 19
13	84 10
13	83 10
13	85 10
13	79 10
13	84 11
13	83 11
13	85 11
13	79 14
13	84 12
13	83 12
13	85 12
13	79 17
13	84 13
13	83 13
13	85 13
13	79 16
13	84 14
13	83 14
13	85 14
13	79 15
13	84 15
13	83 15
13	85 15
13	79 16
13	84 16
13	83 16
13	85 16
13	79 19
13	84 17
13	83 17
13	85 17
13	79 18
13	84 18
13	83 18
13	85 18
13	79 15
13	84 19
13	83 19
13	85 19
13	79 17
13	84 20
13	83 20
13	85 20
13	79 19
13	84 1
13	83 1
13	85 1
13	79 15
13	84 2
13	83 2
13	85 2
13	79 17
13	84 3
13	83 3
13	85 3
13	79 22
13	84 4
13	83 4
13	85 4
13	79 10
13	84 5
13	83 5
13	85 5
13	79 14
13	84 6
13	83 6
13	85 6
13	79 14
13	84 7
13	83 7
13	85 7
13	79 14
13	84 8
13	83 8
13	85 8
13	79 17
13	84 9
13	83 9
13	85 9
13	79 11
13	84 10
13	83 10
13	85 10
13	79 13
13	84 11
13	83 11
13	85 11
13	79 15
13	84 12
13	83 12
13	85 12
13	79 12
13	84 13
13	83 13
13	85 13
13	79 12
13	84 14
13	83 14
13	85 14
13	79 13
13	84 15
13	84 16
13	83 16
13	85 16
13	79 15
13	84 17
13	83 17
13	85 15
13	79 175
13	83 17
13	85 17
13	79 21
13	84 18
13	83 18
13	85 18
13	79 15
13	84 19
13	83 19
13	85 19
13	79 14
13	84 20
13	83 20
13	85 20
13	79 14
13	84 1
13	83 1
13	85 1
13	79 15
13	84 2
13	83 2
13	85 2
13	79 13
13	84 3
13	83 3
13	85 3
13	79 14
13	84 4
13	83 4
13	85 4
13	79 13
13	84 5
13	83 5
13	85 5
13	79 16
13	84 6
13	83 6
13	85 6
13	79 11
13	84 7
13	83 7
13	85 7
13	79 16
13	84 8
13	83 8
13	85 8
13	79 15
13	84 9
13	83 9
13	85 9
13	79 16
13	84 10
13	83 10
13	85 10
13	79 13
13	84 11
13	83 11
13	85 11
13	79 15
13	84 12
13	83 12
13	85 12
13	79 15
13	84 13
13	83 13
13	85 13
13	79 13
13	84 14
13	83 14
13	85 14
13	79 14
13	84 15
13	83 15
13	85 15
13	79 18
13	84 16
13	83 16
13	85 16
13	79 12
13	84 17
13	83 17
13	85 17
13	79 18
13	84 18
13	83 18
13	85 18
13	79 14
13	84 19
13	83 19
13	85 19
13	79 17
13	84 20
13	83 20
13	85 20
13	79 19
13	84 1
13	83 1
13	85 1
13	79 13
13	84 2
13	83 2
13	85 2
13	79 12
13	84 3
13	83 3
13	85 3
13	79 12
13	84 4
13	83 4
13	85 4
13	79 16
13	84 5
13	83 5
13	85 5
13	79 13
13	84 6
13	83 6
13	85 6
13	79 19
13	84 7
13	83 7
13	85 7
13	79 14
13	84 8
13	83 8
13	85 8
13	79 19
13	84 9
13	83 9
13	85 9
13	79 12
13	84 10
13	83 10
13	85 10
13	79 14
13	84 11
13	83 11
13	85 11
13	79 11
13	84 12
13	83 12
13	85 12
13	79 14
13	84 13
13	83 13
13	85 13
13	79 14
13	84 14
13	83 14
13	85 14
13	79 19
13	84 15
13	83 15
13	85 15
13	79 14
13	84 16
13	83 16
13	85 16
13	79 14
13	84 17
13	83 17
13	85 17
13	79 18
13	84 18
13	83 18
13	85 18
13	79 17
13	84 19
13	83 19
13	85 19
13	79 14
13	84 20
13	83 20
13	85 20
13	79 17
13	84 1
13	83 1
13	85 1
13	79 13
13	84 2
13	84 3
13	83 3
13	85 3
13	79 18
13	84 4
13	83 4
13	85 2
13	79 177
13	83 4
13	85 4
13	79 25
13	84 5
13	83 5
13	85 5
13	79 18
13	84 6
13	83 6
13	85 6
13	79 14
13	84 7
13	83 7
13	85 7
13	79 16
13	84 8
13	83 8
13	85 8
13	79 12
13	84 9
13	83 9
13	85 9
13	79 18
13	84 10
13	83 10
13	85 10
13	79 10
13	84 11
13	83 11
13	85 11
13	79 13
13	84 12
13	83 12
13	85 12
13	79 14
13	84 13
13	83 13
13	85 13
13	79 18
13	84 14
13	83 14
13	85 14
13	79 13
13	84 15
13	83 15
13	85 15
13	79 17
13	84 16
13	83 16
13	85 16
13	79 10
13	84 17
13	83 17
13	85 17
13	79 14
13	84 18
13	83 18
13	85 18
13	79 11
13	84 19
13	83 19
13	85 19
13	79 12
13	84 20
13	83 20
13	85 20
13	79 15
13	84 1
13	83 1
13	85 1
13	79 16
13	84 2
13	83 2
13	85 2
13	79 13
13	84 3
13	83 3
13	85 3
13	79 14
13	84 4
13	83 4
13	85 4
13	79 11
13	84 5
13	83 5
13	85 5
13	79 11
13	84 6
13	83 6
13	85 6
13	79 15
13	84 7
13	83 7
13	85 7
13	79 11
13	84 8
13	83 8
13	85 8
13	79 13
13	84 9
13	83 9
13	85 9
13	79 14
13	84 10
13	83 10
13	85 10
13	79 14
13	84 11
13	83 11
13	85 11
13	79 14
13	84 12
13	83 12
13	85 12
13	79 12
13	84 13
13	83 13
13	85 13
13	79 15
13	84 14
13	83 14
13	85 14
13	79 11
13	84 15
13	83 15
13	85 15
13	79 13
13	84 16
13	83 16
13	85 16
13	79 10
13	84 17
13	83 17
13	85 17
13	79 11
13	84 18
13	83 18
13	85 18
13	79 14
13	84 19
13	83 19
13	85 19
13	79 13
13	84 20
13	83 20
13	85 20
13	79 13
13	84 1
13	83 1
13	85 1
13	79 12
13	84 2
13	83 2
13	85 2
13	79 13
13	84 3
13	83 3
13	85 3
13	79 17
13	84 4
13	83 4
13	85 4
13	79 12
13	84 5
13	83 5
13	85 5
13	79 16
13	84 6
13	83 6
13	85 6
13	79 15
13	84 7
13	83 7
13	85 7
13	79 13
13	84 8
13	83 8
13	85 8
13	79 15
13	84 9
13	83 9
13	85 9
13	79 17
13	84 10
13	83 10
13	85 10
13	79 12
13	84 11
13	83 11
13	85 11
13	79 13
13	84 12
13	83 12
13	85 12
13	79 15
13	84 13
13	83 13
13	85 13
13	79 17
13	84 14
13	83 14
13	85 14
13	79 11
13	84 15
13	83 15
13	85 15
13	79 12
13	84 16
13	84 17
13	83 17
13	85 17
13	79 16
13	84 18
13	83 18
13	85 16
13	79 177
13	83 18
13	85 18
13	79 21
13	84 19
13	83 19
13	85 19
13	79 29
13	84 20
13	83 20
13	85 20
13	79 15
13	84 1
13	83 1
13	85 1
13	79 15
13	84 2
13	83 2
13	85 2
13	79 12
13	84 3
13	83 3
13	85 3
13	79 15
13	84 4
13	83 4
13	85 4
13	79 16
13	84 5
13	83 5
13	85 5
13	79 13
13	84 6
13	83 6
13	85 6
13	79 13
13	84 7
13	83 7
13	85 7
13	79 12
13	84 8
13	83 8
13	85 8
13	79 16
13	84 9
13	83 9
13	85 9
13	79 16
13	84 10
13	84 11
13	83 11
13	85 11
13	79 13
13	84 12
13	83 12
13	85 10
13	79 175
13	83 12
13	85 12
13	79 25
13	84 13
13	83 13
13	85 13
13	79 13
13	84 14
13	83 14
13	85 14
13	79 17
13	84 15
13	83 15
13	85 15
13	79 16
13	84 16
13	83 16
13	85 16
13	79 16
13	84 17
13	83 17
13	85 17
13	79 18
13	84 18
13	83 18
13	85 18
13	79 17
13	84 19
13	83 19
13	85 19
13	79 15
13	84 20
13	83 20
13	85 20
13	79 14
13	84 1
13	83 1
13	85 1
13	79 14
13	84 2
13	83 2
13	85 2
13	79 12
13	84 3
13	83 3
13	85 3
13	79 17
13	84 4
13	83 4
13	85 4
13	79 13
13	84 5
13	83 5
13	85 5
13	79 14
13	84 6
13	83 6
13	85 6
13	79 17
13	84 7
13	83 7
13	85 7
13	79 17
13	84 8
13	83 8
13	85 8
13	79 13
13	84 9
13	83 9
13	85 9
13	79 15
13	84 10
13	83 10
13	85 10
13	79 15
13	84 11
13	83 11
13	85 11
13	79 15
13	84 12
13	83 12
13	85 12
13	79 15
13	84 13
13	83 13
13	85 13
13	79 25
13	84 14
13	83 14
13	85 14
13	79 14
13	84 15
13	83 15
13	85 15
13	79 13
13	84 16
13	83 16
13	85 16
13	79 10
13	84 17
13	83 17
13	85 17
13	79 13
13	84 18
13	83 18
13	85 18
13	79 13
13	84 19
13	83 19
13	85 19
13	79 15
13	84 20
13	83 20
13	85 20
13	79 13
13	84 1
13	83 1
13	85 1
13	79 15
13	84 2
13	83 2
13	85 2
13	79 11
13	84 3
13	83 3
13	85 3
13	79 14
13	84 4
13	83 4
13	85 4
13	79 14
13	84 5
13	83 5
13	85 5
13	79 15
13	84 6
13	83 6
13	85 6
13	79 13
13	84 7
13	83 7
13	85 7
13	79 11
13	84 8
13	83 8
13	85 8
13	79 14
13	84 9
13	83 9
13	85 9
13	79 11
13	84 10
13	83 10
13	85 10
13	79 11
13	84 11
13	83 11
13	85 11
13	79 13
13	84 12
13	83 12
13	85 12
13	79 15
13	84 13
13	83 13
13	85 13
13	79 13
13	84 14
13	83 14
13	85 14
13	79 15
13	84 15
13	83 15
13	85 15
13	79 15
13	84 16
13	83 16
13	85 16
13	79 14
13	84 17
13	83 17
13	85 17
13	79 11
13	84 18
13	83 18
13	85 18
13	79 11
13	84 19
13	83 19
13	85 19
13	79 16
13	84 20
13	83 20
13	85 20
13	79 12
13	84 1
13	83 1
13	85 1
13	79 11
13	84 2
13	83 2
13	85 2
13	79 12
13	84 3
13	83 3
13	85 3
13	79 13
13	84 4
13	83 4
13	85 4
13	79 14
13	84 5
13	83 5
13	85 5
13	79 13
13	84 6
13	83 6
13	85 6
13	79 17
13	84 7
13	83 7
13	85 7
13	79 15
13	84 8
13	83 8
13	85 8
13	79 13
13	84 9
13	83 9
13	85 9
13	79 13
13	84 10
13	83 10
13	85 10
13	79 11
13	84 11
13	83 11
13	85 11
13	79 11
13	84 12
13	83 12
13	85 12
13	79 16
13	84 13
13	83 13
13	85 13
13	79 22
13	84 14
13	83 14
13	85 14
13	79 13
13	84 15
13	83 15
13	85 15
13	79 12
13	84 16
13	83 16
13	85 16
13	79 17
13	84 17
13	83 17
13	85 17
13	79 17
13	84 18
13	84 19
13	83 19
13	85 19
13	79 14
13	84 20
13	83 20
13	85 18
13	79 177
13	83 20
13	85 20
13	79 26
13	84 1
13	83 1
13	85 1
13	79 12
13	84 2
13	83 2
13	85 2
13	79 12
13	84 3
13	83 3
13	85 3
13	79 14
13	84 4
13	83 4
13	85 4
13	79 10
13	84 5
13	83 5
13	85 5
13	79 14
13	84 6
13	83 6
13	85 6
13	79 13
13	84 7
13	83 7
13	85 7
13	79 17
13	84 8
13	83 8
13	85 8
13	79 15
13	84 9
13	83 9
13	85 9
13	79 14
13	84 10
13	83 10
13	85 10
13	79 11
13	84 11
13	83 11
13	85 11
13	79 15
13	84 12
13	83 12
13	85 12
13	79 14
13	84 13
13	83 13
13	85 13
13	79 13
13	84 14
13	83 14
13	85 14
13	79 11
13	84 15
13	83 15
13	85 15
13	79 16
13	84 16
13	83 16
13	85 16
13	79 11
13	84 17
13	83 17
13	85 17
13	79 13
13	84 18
13	83 18
13	85 18
13	79 13
13	84 19
13	83 19
13	85 19
13	79 12
13	84 20
13	83 20
13	85 20
13	79 14
13	84 1
13	83 1
13	85 1
13	79 15
13	84 2
13	83 2
13	85 2
13	79 15
13	84 3
13	83 3
13	85 3
13	79 10
13	84 4
13	83 4
13	85 4
13	79 12
13	84 5
13	83 5
13	85 5
13	79 10
13	84 6
13	83 6
13	85 6
13	79 12
13	84 7
13	83 7
13	85 7
13	79 14
13	84 8
13	83 8
13	85 8
13	79 14
13	84 9
13	83 9
13	85 9
13	79 16
13	84 10
13	TEST_NUMBER 1
13	SENT_TOTAL 250
13	RECEIVED_TOTAL 249
13	TIME_TOTAL 29804
13	RECEIVED_RADIO_1 122
13	RECEIVED_RADIO_2 128
13	SENT_RADIO_1 123
13	SENT_RADIO_2 127
13	RADIO_TIME_1 19843
13	RADIO_TIME_2 29788
13	RETRANSMISSIONS_1 3
13	RETRANSMISSIONS_2 0
13	DROPPED_1 0
13	DROPPED_2 0
13	MAX_QUEUE 1
13	DUPLICATED_1 2
13	DUPLICATED_2 0
13	EBUSY_RADIO_1 0
13	EBUSY_RADIO_2 0
13	83 0
13	85 10
13	86 1
13	84 1
13	83 1
13	85 1
13	79 12
13	84 2
13	83 2
13	85 2
13	79 11
13	84 3
13	83 3
13	85 3
13	79 13
13	84 4
13	83 4
13	85 4
13	79 17
13	84 5
13	83 5
13	85 5
13	79 10
13	84 6
13	83 6
13	85 6
13	79 12
13	84 7
13	83 7
13	85 7
13	79 10
13	84 8
13	83 8
13	85 8
13	79 13
13	84 9
13	83 9
13	85 9
13	79 11
13	84 10
13	83 10
13	85 10
13	79 12
13	84 11
13	83 11
13	85 11
13	79 16
13	84 12
13	83 12
13	85 12
13	79 15
13	84 13
13	83 13
13	85 13
13	79 16
13	84 14
13	83 14
13	85 14
13	79 17
13	84 15
13	83 15
13	85 15
13	79 14
13	84 16
13	83 16
13	85 16
13	79 26
13	84 17
13	83 17
13	85 17
13	79 11
13	84 18
13	83 18
13	85 18
13	79 14
13	84 19
13	83 19
13	85 19
13	79 16
13	84 20
13	83 20
13	85 20
13	79 19
13	84 1
13	84 2
13	83 2
13	85 2
13	79 13
13	84 3
13	83 3
13	85 1
13	79 178
13	83 3
13	85 3
13	79 28
13	84 4
13	83 4
13	85 4
13	79 10
13	84 5
13	83 5
13	85 5
13	79 13
13	84 6
13	83 6
13	85 6
13	79 16
13	84 7
13	83 7
13	85 7
13	79 17
13	84 8
13	83 8
13	85 8
13	79 11
13	84 9
13	83 9
13	85 9
13	79 11
13	84 10
13	83 10
13	85 10
13	79 15
13	84 11
13	83 11
13	85 11
13	79 16
13	84 12
13	83 12
13	85 12
13	79 16
13	84 13
13	83 13
13	85 13
13	79 10
13	84 14
13	83 14
13	85 14
13	79 14
13	84 15
13	83 15
13	85 15
13	79 11
13	84 16
13	83 16
13	85 16
13	79 11
13	84 17
13	83 17
13	85 17
13	79 13
13	84 18
13	83 18
13	85 18
13	79 11
13	84 19
13	83 19
13	85 19
13	79 13
13	84 20
13	83 20
13	85 20
13	79 13
13	84 1
13	83 1
13	85 1
13	79 13
13	84 2
13	83 2
13	85 2
13	79 14
13	84 3
13	83 3
13	85 3
13	79 15
13	84 4
13	83 4
13	85 4
13	79 12
13	84 5
13	83 5
13	85 5
13	79 11
13	84 6
13	83 6
13	85 6
13	79 16
13	84 7
13	83 7
13	85 7
13	79 14
13	84 8
13	83 8
13	85 8
13	79 13
13	84 9
13	83 9
13	85 9
13	79 12
13	84 10
13	83 10
13	85 10
13	79 15
13	84 11
13	83 11
13	85 11
13	79 13
13	84 12
13	83 12
13	85 12
13	79 13
13	84 13
13	83 13
13	85 13
13	79 15
13	84 14
13	83 14
13	85 14
13	79 18
13	84 15
13	83 15
13	85 15
13	79 14
13	84 16
13	83 16
13	85 16
13	79 10
13	84 17
13	83 17
13	85 17
13	79 17
13	84 18
13	83 18
13	85 18
13	79 14
13	84 19
13	83 19
13	85 19
13	79 15
13	84 20
13	83 20
13	85 20
13	79 12
13	84 1
13	83 1
13	85 1
13	79 13
13	84 2
13	83 2
13	85 2
13	79 17
13	84 3
13	83 3
13	85 3
13	79 11
13	84 4
13	83 4
13	85 4
13	79 14
13	84 5
13	83 5
13	85 5
13	79 11
13	84 6
13	83 6
13	85 6
13	79 14
13	84 7
13	83 7
13	85 7
13	79 13
13	84 8
13	83 8
13	85 8
13	79 18
13	84 9
13	83 9
13	85 9
13	79 16
13	84 10
13	83 10
13	85 10
13	79 16
13	84 11
13	83 11
13	85 11
13	79 14
13	84 12
13	83 12
13	85 12
13	79 14
13	84 13
13	83 13
13	85 13
13	79 13
13	84 14
13	83 14
13	85 14
13	79 11
13	84 15
13	83 15
13	85 15
13	79 15
13	84 16
13	83 16
13	85 16
13	79 13
13	84 17
13	83 17
13	85 17
13	79 14
13	84 18
13	83 18
13	85 18
13	79 13
13	84 19
13	83 19
13	85 19
13	79 10
13	84 20
13	83 20
13	85 20
13	79 16
13	84 1
13	83 1
13	85 1
13	79 12
13	84 2
13	83 2
13	85 2
13	79 13
13	84 3
13	83 3
13	85 3
13	79 15
13	84 4
13	83 4
13	85 4
13	79 17
13	84 5
13	83 5
13	85 5
13	79 15
13	84 6
13	83 6
13	85 6
13	79 14
13	84 7
13	83 7
13	85 7
13	79 10
13	84 8
13	83 8
13	85 8
13	79 10
13	84 9
13	83 9
13	85 9
13	79 12
13	84 10
13	83 10
13	85 10
13	79 10
13	84 11
13	83 11
13	85 11
13	79 24
13	84 12
13	83 12
13	85 12
13	79 16
13	84 13
13	83 13
13	85 13
13	79 13
13	84 14
13	83 14
13	85 14
13	79 13
13	84 15
13	83 15
13	85 15
13	79 20
13	84 16
13	83 16
13	85 16
13	79 15
13	84 17
13	83 17
13	85 17
13	79 14
13	84 18
13	83 18
13	85 18
13	79 17
13	84 19
13	83 19
13	85 19
13	79 16
13	84 20
13	83 20
13	85 20
13	79 12
13	84 1
13	83 1
13	85 1
13	79 18
13	84 2
13	83 2
13	85 2
13	79 13
13	84 3
13	83 3
13	85 3
13	79 17
13	84 4
13	83 4
13	85 4
13	79 11
13	84 5
13	83 5
13	85 5
13	79 14
13	84 6
13	83 6
13	85 6
13	79 19
13	84 7
13	83 7
13	85 7
13	79 13
13	84 8
13	83 8
13	85 8
13	79 17
13	84 9
13	83 9
13	85 9
13	79 17
13	84 10
13	83 10
13	85 10
13	79 16
13	84 11
13	83 11
13	85 11
13	79 13
13	84 12
13	83 12
13	85 12
13	79 17
13	84 13
13	83 13
13	85 13
13	79 19
13	84 14
13	83 14
13	85 14
13	79 17
13	84 15
13	83 15
13	85 15
13	79 14
13	84 16
13	83 16
13	85 16
13	79 16
13	84 17
13	83 17
13	85 17
13	79 15
13	84 18
13	83 18
13	85 18
13	79 16
13	84 19
13	83 19
13	85 19
13	79 18
13	84 20
13	83 20
13	85 20
13	79 12
13	84 1
13	83 1
13	85 1
13	79 15
13	84 2
13	83 2
13	85 2
13	79 17
13	84 3
13	83 3
13	85 3
13	79 14
13	84 4
13	84 5
13	83 5
13	85 5
13	79 17
13	84 6
13	83 6
13	85 4
13	79 177
13	83 6
13	85 6
13	79 26
13	84 7
13	83 7
13	85 7
13	79 15
13	84 8
13	83 8
13	85 8
13	79 14
13	84 9
13	83 9
13	85 9
13	79 15
13	84 10
13	83 10
13	85 10
13	79 15
13	84 11
13	83 11
13	85 11
13	79 12
13	84 12
13	83 12
13	85 12
13	79 15
13	84 13
13	83 13
13	85 13
13	79 15
13	84 14
13	83 14
13	85 14
13	79 13
13	84 15
13	83 15
13	85 15
13	79 17
13	84 16
13	83 16
13	85 16
13	79 12
13	84 17
13	83 17
13	85 17
13	79 14
13	84 18
13	83 18
13	85 18
13	79 16
13	84 19
13	83 19
13	85 19
13	79 13
13	84 20
13	83 20
13	85 20
13	79 16
13	84 1
13	83 1
13	85 1
13	79 14
13	84 2
13	83 2
13	85 2
13	79 12
13	84 3
13	83 3
13	85 3
13	79 13
13	84 4
13	83 4
13	85 4
13	79 15
13	84 5
13	83 5
13	85 5
13	79 12
13	84 6
13	83 6
13	85 6
13	79 15
13	84 7
13	83 7
13	85 7
13	79 14
13	84 8
13	83 8
13	85 8
13	79 13
13	84 9
13	83 9
13	85 9
13	79 11
13	84 10
13	84 11
13	83 11
13	85 11
13	79 14
13	84 12
13	83 12
13	85 10
13	79 180
13	83 12
13	85 12
13	79 24
13	84 13
13	83 13
13	85 13
13	79 24
13	84 14
13	83 14
13	85 14
13	79 12
13	84 15
13	83 15
13	85 15
13	79 10
13	84 16
13	83 16
13	85 16
13	79 12
13	84 17
13	84 18
13	83 18
13	85 18
13	79 17
13	84 19
13	83 19
13	85 17
13	79 177
13	83 19
13	85 19
13	79 18
13	84 20
13	83 20
13	85 20
13	79 13
13	84 1
13	83 1
13	85 1
13	79 17
13	84 2
13	83 2
13	85 2
13	79 19
13	84 3
13	83 3
13	85 3
13	79 14
13	84 4
13	84 5
13	83 5
13	85 5
13	79 13
13	84 6
13	83 6
13	85 4
13	79 173
13	83 6
13	85 6
13	79 25
13	84 7
13	83 7
13	85 7
13	79 11
13	84 8
13	83 8
13	85 8
13	79 15
13	84 9
13	83 9
13	85 9
13	79 15
13	84 10
13	83 10
13	85 10
13	79 15
13	84 11
13	83 11
13	85 11
13	79 11
13	84 12
13	83 12
13	85 12
13	79 14
13	84 13
13	83 13
13	85 13
13	79 12
13	84 14
13	83 14
13	85 14
13	79 16
13	84 15
13	83 15
13	85 15
13	79 13
13	84 16
13	83 16
13	85 16
13	79 18
13	84 17
13	83 17
13	85 17
13	79 13
13	84 18
13	84 19
13	83 19
13	85 19
13	79 12
13	84 20
13	83 20
13	85 18
13	79 177
13	83 20
13	85 20
13	79 23
13	84 1
13	83 1
13	85 1
13	79 18
13	84 2
13	83 2
13	85 2
13	79 14
13	84 3
13	83 3
13	85 3
13	79 15
13	84 4
13	83 4
13	85 4
13	79 17
13	84 5
13	84 6
13	83 6
13	85 6
13	79 13
13	84 7
13	83 7
13	85 5
13	79 178
13	83 7
13	85 7
13	79 27
13	84 8
13	83 8
13	85 8
13	79 13
13	84 9
13	83 9
13	85 9
13	79 13
13	84 10
13	83 10
13	85 10
13	79 18
13	84 11
13	83 11
13	85 11
13	79 13
13	84 12
13	83 12
13	85 12
13	79 13
13	84 13
13	83 13
13	85 13
13	79 13
13	84 14
13	83 14
13	85 14
13	79 15
13	84 15
13	83 15
13	85 15
13	79 14
13	84 16
13	83 16
13	85 16
13	79 14
13	84 17
13	83 17
13	85 17
13	79 15
13	84 18
13	83 18
13	85 18
13	79 15
13	84 19
13	83 19
13	85 19
13	79 17
13	84 20
13	83 20
13	85 20
13	79 16
13	84 1
13	83 1
13	85 1
13	79 12
13	84 2
13	83 2
13	85 2
13	79 14
13	84 3
13	83 3
13	85 3
13	79 16
13	84 4
13	83 4
13	85 4
13	79 14
13	84 5
13	83 5
13	85 5
13	79 13
13	84 6
13	83 6
13	85 6
13	79 12
13	84 7
13	83 7
13	85 7
13	79 11
13	84 8
13	83 8
13	85 8
13	79 16
13	84 9
13	83 9
13	85 9
13	79 12
13	84 10
13	83 10
13	85 10
13	79 17
13	84 11
13	83 11
13	85 11
13	79 15
13	84 12
13	83 12
13	85 12
13	79 10
13	84 13
13	83 13
13	85 13
13	79 10
13	84 14
13	83 14
13	85 14
13	79 14
13	84 15
13	83 15
13	85 15
13	79 10
13	84 16
13	83 16
13	85 16
13	79 15
13	84 17
13	83 17
13	85 17
13	79 14
13	84 18
13	83 18
13	85 18
13	79 13
13	84 19
13	83 19
13	85 19
13	79 14
13	84 20
13	83 20
13	85 20
13	79 14
13	84 1
13	83 1
13	85 1
13	79 13
13	84 2
13	83 2
13	85 2
13	79 13
13	84 3
13	83 3
13	85 3
13	79 12
13	84 4
13	83 4
13	85 4
13	79 11
13	84 5
13	83 5
13	85 5
13	79 14
13	84 6
13	83 6
13	85 6
13	79 13
13	84 7
13	83 7
13	85 7
13	79 14
13	84 8
13	83 8
13	85 8
13	79 10
13	84 9
13	83 9
13	85 9
13	79 13
13	84 10
13	83 10
13	85 10
13	79 13
13	84 11
13	83 11
13	85 11
13	79 17
13	84 12
13	83 12
13	85 12
13	79 14
13	84 13
13	83 13
13	85 13
13	79 17
13	84 14
13	83 14
13	85 14
13	79 13
13	84 15
13	83 15
13	85 15
13	79 15
13	84 16
13	83 16
13	85 16
13	79 16
13	84 17
13	83 17
13	85 17
13	79 11
13	84 18
13	83 18
13	85 18
13	79 15
13	84 19
13	83 19
13	85 19
13	79 11
13	84 20
13	83 20
13	85 20
13	79 11
13	84 1
13	83 1
13	85 1
13	79 10
13	84 2
13	83 2
13	85 2
13	79 12
13	84 3
13	83 3
13	85 3
13	79 14
13	84 4
13	83 4
13	85 4
13	79 14
13	84 5
13	83 5
13	85 5
13	79 14
13	84 6
13	83 6
13	85 6
13	79 16
13	84 7
13	83 7
13	85 7
13	79 13
13	84 8
13	83 8
13	85 8
13	79 21
13	84 9
13	83 9
13	85 9
13	79 13
13	84 10
13	TEST_NUMBER 2
13	SENT_TOTAL 250
13	RECEIVED_TOTAL 249
13	TIME_TOTAL 29805
13	RECEIVED_RADIO_1 122
13	RECEIVED_RADIO_2 128
13	SENT_RADIO_1 123
13	SENT_RADIO_2 127
13	RADIO_TIME_1 19764
13	RADIO_TIME_2 29871
13	RETRANSMISSIONS_1 5
13	RETRANSMISSIONS_2 0
13	DROPPED_1 0
13	DROPPED_2 0
13	MAX_QUEUE 1
13	DUPLICATED_1 2
13	DUPLICATED_2 0
13	EBUSY_RADIO_1 0
13	EBUSY_RADIO_2 0
13	83 0
13	85 10
13	86 2
13	84 1
13	83 1
13	85 1
13	79 13
13	84 2
13	83 2
13	85 2
13	79 14
13	84 3
13	83 3
13	85 3
13	79 14
13	84 4
13	83 4
13	85 4
13	79 18
13	84 5
13	83 5
13	85 5
13	79 16
13	84 6
13	83 6
13	85 6
13	79 15
13	84 7
13	84 8
13	83 8
13	85 8
13	79 16
13	84 9
13	83 9
13	85 7
13	79 183
13	83 9
13	85 9
13	79 23
13	84 10
13	83 10
13	85 10
13	79 15
13	84 11
13	83 11
13	85 11
13	79 21
13	84 12
13	83 12
13	85 12
13	79 16
13	84 13
13	83 13
13	85 13
13	79 18
13	84 14
13	84 15
13	83 15
13	85 15
13	79 13
13	84 16
13	83 16
13	85 14
13	79 172
13	83 16
13	85 16
13	79 20
13	84 17
13	83 17
13	85 17
13	79 12
13	84 18
13	83 18
13	85 18
13	79 14
13	84 19
13	83 19
13	85 19
13	79 13
13	84 20
13	83 20
13	85 20
13	79 12
13	84 1
13	83 1
13	85 1
13	79 15
13	84 2
13	83 2
13	85 2
13	79 13
13	84 3
13	83 3
13	85 3
13	79 14
13	84 4
13	83 4
13	85 4
13	79 13
13	84 5
13	83 5
13	85 5
13	79 14
13	84 6
13	83 6
13	85 6
13	79 11
13	84 7
13	83 7
13	85 7
13	79 12
13	84 8
13	84 9
13	83 9
13	85 9
13	79 19
13	84 10
13	83 10
13	85 8
13	79 177
13	83 10
13	85 10
13	79 19
13	84 11
13	83 11
13	85 11
13	79 14
13	84 12
13	83 12
13	85 12
13	79 15
13	84 13
13	83 13
13	85 13
13	79 12
13	84 14
13	83 14
13	85 14
13	79 11
13	84 15
13	84 16
13	83 16
13	85 16
13	79 13
13	84 17
13	83 17
13	85 15
13	79 176
13	83 17
13	85 17
13	79 25
13	84 18
13	83 18
13	85 18
13	79 12
13	84 19
13	83 19
13	85 19
13	79 15
13	84 20
13	83 20
13	85 20
13	79 12
13	84 1
13	83 1
13	85 1
13	79 15
13	84 2
13	84 3
13	83 3
13	85 3
13	79 17
13	84 4
13	83 4
13	85 2
13	79 173
13	83 4
13	85 4
13	79 23
13	84 5
13	83 5
13	85 5
13	79 14
13	84 6
13	83 6
13	85 6
13	79 14
13	84 7
13	83 7
13	85 7
13	79 16
13	84 8
13	83 8
13	85 8
13	79 16
13	84 9
13	84 10
13	83 10
13	85 10
13	79 15
13	84 11
13	83 11
13	85 9
13	79 172
13	83 11
13	85 11
13	79 17
13	84 12
13	83 12
13	85 12
13	79 13
13	84 13
13	83 13
13	85 13
13	79 12
13	84 14
13	83 14
13	85 14
13	79 12
13	84 15
13	83 15
13	85 15
13	79 12
13	84 16
13	83 16
13	85 16
13	79 16
13	84 17
13	83 17
13	85 17
13	79 12
13	84 18
13	83 18
13	85 18
13	79 13
13	84 19
13	83 19
13	85 19
13	79 15
13	84 20
13	83 20
13	85 20
13	79 14
13	84 1
13	83 1
13	85 1
13	79 12
13	84 2
13	83 2
13	85 2
13	79 14
13	84 3
13	83 3
13	85 3
13	79 13
13	84 4
13	83 4
13	85 4
13	79 13
13	84 5
13	83 5
13	85 5
13	79 14
13	84 6
13	83 6
13	85 6
13	79 12
13	84 7
13	83 7
13	85 7
13	79 16
13	84 8
13	83 8
13	85 8
13	79 15
13	84 9
13	83 9
13	85 9
13	79 11
13	84 10
13	83 10
13	85 10
13	79 12
13	84 11
13	83 11
13	85 11
13	79 14
13	84 12
13	83 12
13	85 12
13	79 14
13	84 13
13	83 13
13	85 13
13	79 14
13	84 14
13	83 14
13	85 14
13	79 11
13	84 15
13	83 15
13	85 15
13	79 12
13	84 16
13	83 16
13	85 16
13	79 14
13	84 17
13	83 17
13	85 17
13	79 16
13	84 18
13	83 18
13	85 18
13	79 15
13	84 19
13	83 19
13	85 19
13	79 15
13	84 20
13	83 20
13	85 20
13	79 10
13	84 1
13	83 1
13	85 1
13	79 13
13	84 2
13	83 2
13	85 2
13	79 14
13	84 3
13	83 3
13	85 3
13	79 15
13	84 4
13	83 4
13	85 4
13	79 13
13	84 5
13	83 5
13	85 5
13	79 13
13	84 6
13	83 6
13	85 6
13	79 17
13	84 7
13	83 7
13	85 7
13	79 11
13	84 8
13	83 8
13	85 8
13	79 13
13	84 9
13	83 9
13	85 9
13	79 14
13	84 10
13	83 10
13	85 10
13	79 13
13	84 11
13	83 11
13	85 11
13	79 15
13	84 12
13	83 12
13	85 12
13	79 10
13	84 13
13	83 13
13	85 13
13	79 15
13	84 14
13	83 14
13	85 14
13	79 13
13	84 15
13	83 15
13	85 15
13	79 12
13	84 16
13	83 16
13	85 16
13	79 14
13	84 17
13	83 17
13	85 17
13	79 13
13	84 18
13	83 18
13	85 18
13	79 16
13	84 19
13	83 19
13	85 19
13	79 15
13	84 20
13	83 20
13	85 20
13	79 12
13	84 1
13	83 1
13	85 1
13	79 13
13	84 2
13	83 2
13	85 2
13	79 12
13	84 3
13	83 3
13	85 3
13	79 12
13	84 4
13	83 4
13	85 4
13	79 12
13	84 5
13	83 5
13	85 5
13	79 13
13	84 6
13	83 6
13	85 6
13	79 15
13	84 7
13	83 7
13	85 7
13	79 17
13	84 8
13	83 8
13	85 8
13	79 14
13	84 9
13	83 9
13	85 9
13	79 11
13	84 10
13	83 10
13	85 10
13	79 18
13	84 11
13	83 11
13	85 11
13	79 13
13	84 12
13	83 12
13	85 12
13	79 14
13	84 13
13	83 13
13	85 13
13	79 14
13	84 14
13	83 14
13	85 14
13	79 17
13	84 15
13	83 15
13	85 15
13	79 17
13	84 16
13	83 16
13	85 16
13	79 13
13	84 17
13	84 18
13	83 18
13	85 18
13	79 12
13	84 19
13	83 19
13	85 17
13	79 176
13	83 19
13	85 19
13	79 24
13	84 20
13	83 20
13	85 20
13	79 14
13	84 1
13	83 1
13	85 1
13	79 19
13	84 2
13	83 2
13	85 2
13	79 14
13	84 3
13	83 3
13	85 3
13	79 15
13	84 4
13	83 4
13	85 4
13	79 19
13	84 5
13	83 5
13	85 5
13	79 14
13	84 6
13	83 6
13	85 6
13	79 13
13	84 7
13	83 7
13	85 7
13	79 15
13	84 8
13	83 8
13	85 8
13	79 17
13	84 9
13	83 9
13	85 9
13	79 13
13	84 10
13	83 10
13	85 10
13	79 16
13	84 11
13	83 11
13	85 11
13	79 15
13	84 12
13	83 12
13	85 12
13	79 18
13	84 13
13	83 13
13	85 13
13	79 18
13	84 14
13	83 14
13	85 14
13	79 16
13	84 15
13	83 15
13	85 15
13	79 18
13	84 16
13	83 16
13	85 16
13	79 12
13	84 17
13	83 17
13	85 17
13	79 15
13	84 18
13	83 18
13	85 18
13	79 18
13	84 19
13	83 19
13	85 19
13	79 17
13	84 20
13	83 20
13	85 20
13	79 17
13	84 1
13	83 1
13	85 1
13	79 17
13	84 2
13	83 2
13	85 2
13	79 17
13	84 3
13	83 3
13	85 3
13	79 16
13	84 4
13	83 4
13	85 4
13	79 14
13	84 5
13	83 5
13	85 5
13	79 17
13	84 6
13	83 6
13	85 6
13	79 11
13	84 7
13	83 7
13	85 7
13	79 18
13	84 8
13	83 8
13	85 8
13	79 14
13	84 9
13	83 9
13	85 9
13	79 13
13	84 10
13	84 11
13	83 11
13	85 11
13	79 12
13	84 12
13	83 12
13	85 10
13	79 181
13	83 12
13	85 12
13	79 21
13	84 13
13	83 13
13	85 13
13	79 14
13	84 14
13	83 14
13	85 14
13	79 19
13	84 15
13	83 15
13	85 15
13	79 16
13	84 16
13	83 16
13	85 16
13	79 12
13	84 17
13	84 18
13	83 18
13	85 18
13	79 11
13	84 19
13	83 19
13	85 17
13	79 173
13	83 19
13	85 19
13	79 25
13	84 20
13	83 20
13	85 20
13	79 13
13	84 1
13	83 1
13	85 1
13	79 13
13	84 2
13	83 2
13	85 2
13	79 13
13	84 3
13	83 3
13	85 3
13	79 14
13	84 4
13	83 4
13	85 4
13	79 13
13	84 5
13	83 5
13	85 5
13	79 11
13	84 6
13	83 6
13	85 6
13	79 11
13	84 7
13	83 7
13	85 7
13	79 17
13	84 8
13	83 8
13	85 8
13	79 13
13	84 9
13	83 9
13	85 9
13	79 16
13	84 10
13	83 10
13	85 10
13	79 12
13	84 11
13	83 11
13	85 11
13	79 16
13	84 12
13	83 12
13	85 12
13	79 13
13	84 13
13	83 13
13	85 13
13	79 13
13	84 14
13	83 14
13	85 14
13	79 11
13	84 15
13	83 15
13	85 15
13	79 14
13	84 16
13	83 16
13	85 16
13	79 12
13	84 17
13	83 17
13	85 17
13	79 13
13	84 18
13	83 18
13	85 18
13	79 14
13	84 19
13	83 19
13	85 19
13	79 14
13	84 20
13	83 20
13	85 20
13	79 12
13	84 1
13	83 1
13	85 1
13	79 13
13	84 2
13	83 2
13	85 2
13	79 16
13	84 3
13	83 3
13	85 3
13	79 13
13	84 4
13	83 4
13	85 4
13	79 15
13	84 5
13	83 5
13	85 5
13	79 15
13	84 6
13	83 6
13	85 6
13	79 11
13	84 7
13	83 7
13	85 7
13	79 15
13	84 8
13	83 8
13	85 8
13	79 11
13	84 9
13	83 9
13	85 9
13	79 12
13	84 10
13	83 10
13	85 10
13	79 13
13	84 11
13	83 11
13	85 11
13	79 11
13	84 12
13	83 12
13	85 12
13	79 16
13	84 13
13	83 13
13	85 13
13	79 14
13	84 14
13	83 14
13	85 14
13	79 17
13	84 15
13	83 15
13	85 15
13	79 11
13	84 16
13	83 16
13	85 16
13	79 15
13	84 17
13	83 17
13	85 17
13	79 13
13	84 18
13	83 18
13	85 18
13	79 14
13	84 19
13	83 19
13	85 19
13	79 11
13	84 20
13	83 20
13	85 20
13	79 15
13	84 1
13	83 1
13	85 1
13	79 16
13	84 2
13	83 2
13	85 2
13	79 14
13	84 3
13	83 3
13	85 3
13	79 14
13	84 4
13	83 4
13	85 4
13	79 13
13	84 5
13	83 5
13	85 5
13	79 12
13	84 6
13	83 6
13	85 6
13	79 12
13	84 7
13	83 7
13	85 7
13	79 13
13	84 8
13	83 8
13	85 8
13	79 11
13	84 9
13	83 9
13	85 9
13	79 17
13	84 10
13	83 10
13	85 10
13	79 11
13	84 11
13	83 11
13	85 11
13	79 17
13	84 12
13	83 12
13	85 12
13	79 10
13	84 13
13	83 13
13	85 13
13	79 13
13	84 14
13	83 14
13	85 14
13	79 14
13	84 15
13	83 15
13	85 15
13	79 17
13	84 16
13	83 16
13	85 16
13	79 13
13	84 17
13	83 17
13	85 17
13	79 13
13	84 18
13	84 19
13	83 19
13	85 19
13	79 18
13	84 20
13	83 20
13	85 18
13	79 175
13	83 20
13	85 20
13	79 20
13	84 1
13	83 1
13	85 1
13	79 25
13	84 2
13	83 2
13	85 2
13	79 12
13	84 3
13	83 3
13	85 3
13	79 15
13	84 4
13	83 4
13	85 4
13	79 14
13	84 5
13	84 6
13	83 6
13	85 6
13	79 17
13	84 7
13	83 7
13	85 5
13	79 176
13	83 7
13	85 7
13	79 21
13	84 8
13	83 8
13	85 8
13	79 18
13	84 9
13	83 9
13	85 9
13	79 14
13	84 10
13	83 10
13	85 10
13	79 15
13	84 11
13	83 11
13	85 11
13	79 16
13	84 12
13	84 13
13	83 13
13	85 13
13	79 16
13	84 14
13	83 14
13	85 12
13	79 174
13	83 14
13	85 14
13	79 28
13	84 15
13	83 15
13	85 15
13	79 13
13	84 16
13	83 16
13	85 16
13	79 14
13	84 17
13	83 17
13	85 17
13	79 14
13	84 18
13	83 18
13	85 18
13	79 17
13	84 19
13	83 19
13	85 19
13	79 14
13	84 20
13	83 20
13	85 20
13	79 12
13	84 1
13	83 1
13	85 1
13	79 13
13	84 2
13	83 2
13	85 2
13	79 14
13	84 3
13	83 3
13	85 3
13	79 15
13	84 4
13	83 4
13	85 4
13	79 16
13	84 5
13	83 5
13	85 5
13	79 10
13	84 6
13	83 6
13	85 6
13	79 15
13	84 7
13	83 7
13	85 7
13	79 13
13	84 8
13	83 8
13	85 8
13	79 11
13	84 9
13	83 9
13	85 9
13	79 17
13	84 10
13	TEST_NUMBER 3
13	SENT_TOTAL 250
13	RECEIVED_TOTAL 249
13	TIME_TOTAL 29805
13	RECEIVED_RADIO_1 121
13	RECEIVED_RADIO_2 129
13	SENT_RADIO_1 121
13	SENT_RADIO_2 129
13	RADIO_TIME_1 19763
13	RADIO_TIME_2 29867
13	RETRANSMISSIONS_1 8
13	RETRANSMISSIONS_2 0
13	DROPPED_1 0
13	DROPPED_2 0
13	MAX_QUEUE 1
13	DUPLICATED_1 3
13	DUPLICATED_2 0
13	EBUSY_RADIO_1 0
13	EBUSY_RADIO_2 0
13	83 0
13	85 10
13	86 3
13	84 1
13	83 1
13	85 1
13	79 14
13	84 2
13	83 2
13	85 2
13	79 17
13	84 3
13	83 3
13	85 3
13	79 14
13	84 4
13	83 4
13	85 4
13	79 15
13	84 5
13	83 5
13	85 5
13	79 17
13	84 6
13	83 6
13	85 6
13	79 15
13	84 7
13	83 7
13	85 7
13	79 17
13	84 8
13	83 8
13	85 8
13	79 13
13	84 9
13	83 9
13	85 9
13	79 10
13	84 10
13	83 10
13	85 10
13	79 16
13	84 11
13	83 11
13	85 11
13	79 11
13	84 12
13	83 12
13	85 12
13	79 11
13	84 13
13	83 13
13	85 13
13	79 13
13	84 14
13	83 14
13	85 14
13	79 17
13	84 15
13	83 15
13	85 15
13	79 12
13	84 16
13	83 16
13	85 16
13	79 12
13	84 17
13	83 17
13	85 17
13	79 15
13	84 18
13	83 18
13	85 18
13	79 15
13	84 19
13	83 19
13	85 19
13	79 11
13	84 20
13	83 20
13	85 20
13	79 17
13	84 1
13	83 1
13	85 1
13	79 11
13	84 2
13	83 2
13	85 2
13	79 13
13	84 3
13	83 3
13	85 3
13	79 13
13	84 4
13	83 4
13	85 4
13	79 11
13	84 5
13	83 5
13	85 5
13	79 11
13	84 6
13	83 6
13	85 6
13	79 15
13	84 7
13	83 7
13	85 7
13	79 13
13	84 8
13	83 8
13	85 8
13	79 14
13	84 9
13	83 9
13	85 9
13	79 12
13	84 10
13	83 10
13	85 10
13	79 10
13	84 11
13	83 11
13	85 11
13	79 12
13	84 12
13	83 12
13	85 12
13	79 14
13	84 13
13	83 13
13	85 13
13	79 13
13	84 14
13	83 14
13	85 14
13	79 16
13	84 15
13	83 15
13	85 15
13	79 13
13	84 16
13	83 16
13	85 16
13	79 16
13	84 17
13	83 17
13	85 17
13	79 13
13	84 18
13	83 18
13	85 18
13	79 13
13	84 19
13	83 19
13	85 19
13	79 10
13	84 20
13	83 20
13	85 20
13	79 17
13	84 1
13	83 1
13	85 1
13	79 11
13	84 2
13	83 2
13	85 2
13	79 12
13	84 3
13	83 3
13	85 3
13	79 16
13	84 4
13	83 4
13	85 4
13	79 16
13	84 5
13	83 5
13	85 5
13	79 10
13	84 6
13	83 6
13	85 6
13	79 13
13	84 7
13	83 7
13	85 7
13	79 13
13	84 8
13	83 8
13	85 8
13	79 12
13	84 9
13	83 9
13	85 9
13	79 11
13	84 10
13	83 10
13	85 10
13	79 15
13	84 11
13	83 11
13	85 11
13	79 15
13	84 12
13	83 12
13	85 12
13	79 11
13	84 13
13	83 13
13	85 13
13	79 15
13	84 14
13	83 14
13	85 14
13	79 12
13	84 15
13	83 15
13	85 15
13	79 13
13	84 16
13	83 16
13	85 16
13	79 12
13	84 17
13	83 17
13	85 17
13	79 15
13	84 18
13	83 18
13	85 18
13	79 14
13	84 19
13	83 19
13	85 19
13	79 15
13	84 20
13	83 20
13	85 20
13	79 11
13	84 1
13	84 2
13	83 2
13	85 2
13	79 12
13	84 3
13	83 3
13	85 1
13	79 176
13	83 3
13	85 3
13	79 20
13	84 4
13	83 4
13	85 4
13	79 14
13	84 5
13	83 5
13	85 5
13	79 14
13	84 6
13	83 6
13	85 6
13	79 16
13	84 7
13	83 7
13	85 7
13	79 16
13	84 8
13	84 9
13	83 9
13	85 9
13	79 12
13	84 10
13	83 10
13	85 8
13	79 175
13	83 10
13	85 10
13	79 25
13	84 11
13	83 11
13	85 11
13	79 13
13	84 12
13	83 12
13	85 12
13	79 13
13	84 13
13	83 13
13	85 13
13	79 14
13	84 14
13	83 14
13	85 14
13	79 11
13	84 15
13	84 16
13	83 16
13	85 16
13	79 13
13	84 17
13	83 17
13	85 15
13	79 179
13	83 17
13	85 17
13	79 25
13	84 18
13	83 18
13	85 18
13	79 16
13	84 19
13	83 19
13	85 19
13	79 18
13	84 20
13	83 20
13	85 20
13	79 18
13	84 1
13	83 1
13	85 1
13	79 19
13	84 2
13	83 2
13	85 2
13	79 18
13	84 3
13	83 3
13	85 3
13	79 14
13	84 4
13	83 4
13	85 4
13	79 14
13	84 5
13	83 5
13	85 5
13	79 13
13	84 6
13	83 6
13	85 6
13	79 12
13	84 7
13	83 7
13	85 7
13	79 14
13	84 8
13	83 8
13	85 8
13	79 16
13	84 9
13	83 9
13	85 9
13	79 11
13	84 10
13	83 10
13	85 10
13	79 14
13	84 11
13	83 11
13	85 11
13	79 17
13	84 12
13	83 12
13	85 12
13	79 17
13	84 13
13	83 13
13	85 13
13	79 14
13	84 14
13	83 14
13	85 14
13	79 16
13	84 15
13	83 15
13	85 15
13	79 15
13	84 16
13	83 16
13	85 16
13	79 18
13	84 17
13	83 17
13	85 17
13	79 12
13	84 18
13	83 18
13	85 18
13	79 18
13	84 19
13	83 19
13	85 19
13	79 17
13	84 20
13	83 20
13	85 20
13	79 14
13	84 1
13	83 1
13	85 1
13	79 12
13	84 2
13	83 2
13	85 2
13	79 20
13	84 3
13	83 3
13	85 3
13	79 16
13	84 4
13	83 4
13	85 4
13	79 16
13	84 5
13	83 5
13	85 5
13	79 14
13	84 6
13	83 6
13	85 6
13	79 17
13	84 7
13	83 7
13	85 7
13	79 18
13	84 8
13	83 8
13	85 8
13	79 11
13	84 9
13	83 9
13	85 9
13	79 13
13	84 10
13	83 10
13	85 10
13	79 15
13	84 11
13	83 11
13	85 11
13	79 12
13	84 12
13	83 12
13	85 12
13	79 16
13	84 13
13	83 13
13	85 13
13	79 17
13	84 14
13	83 14
13	85 14
13	79 18
13	84 15
13	83 15
13	85 15
13	79 17
13	84 16
13	83 16
13	85 16
13	79 13
13	84 17
13	83 17
13	85 17
13	79 16
13	84 18
13	83 18
13	85 18
13	79 12
13	84 19
13	83 19
13	85 19
13	79 17
13	84 20
13	83 20
13	85 20
13	79 12
13	84 1
13	83 1
13	85 1
13	79 17
13	84 2
13	83 2
13	85 2
13	79 17
13	84 3
13	83 3
13	85 3
13	79 19
13	84 4
13	83 4
13	85 4
13	79 11
13	84 5
13	83 5
13	85 5
13	79 14
13	84 6
13	83 6
13	85 6
13	79 16
13	84 7
13	83 7
13	85 7
13	79 16
13	84 8
13	83 8
13	85 8
13	79 18
13	84 9
13	83 9
13	85 9
13	79 11
13	84 10
13	83 10
13	85 10
13	79 12
13	84 11
13	83 11
13	85 11
13	79 15
13	84 12
13	83 12
13	85 12
13	79 13
13	84 13
13	83 13
13	85 13
13	79 16
13	84 14
13	83 14
13	85 14
13	79 19
13	84 15
13	83 15
13	85 15
13	79 16
13	84 16
13	83 16
13	85 16
13	79 14
13	84 17
13	83 17
13	85 17
13	79 15
13	84 18
13	83 18
13	85 18
13	79 19
13	84 19
13	83 19
13	85 19
13	79 13
13	84 20
13	83 20
13	85 20
13	79 16
13	84 1
13	83 1
13	85 1
13	79 11
13	84 2
13	83 2
13	85 2
13	79 15
13	84 3
13	83 3
13	85 3
13	79 18
13	84 4
13	83 4
13	85 4
13	79 20
13	84 5
13	83 5
13	85 5
13	79 11
13	84 6
13	83 6
13	85 6
13	79 16
13	84 7
13	83 7
13	85 7
13	79 17
13	84 8
13	83 8
13	85 8
13	79 15
13	84 9
13	83 9
13	85 9
13	79 12
13	84 10
13	83 10
13	85 10
13	79 15
13	84 11
13	83 11
13	85 11
13	79 13
13	84 12
13	83 12
13	85 12
13	79 15
13	84 13
13	83 13
13	85 13
13	79 16
13	84 14
13	83 14
13	85 14
13	79 13
13	84 15
13	83 15
13	85 15
13	79 15
13	84 16
13	83 16
13	85 16
13	79 13
13	84 17
13	83 17
13	85 17
13	79 14
13	84 18
13	84 19
13	83 19
13	85 19
13	79 13
13	84 20
13	83 20
13	85 18
13	79 173
13	83 20
13	85 20
13	79 24
13	84 1
13	83 1
13	85 1
13	79 15
13	84 2
13	83 2
13	85 2
13	79 12
13	84 3
13	83 3
13	85 3
13	79 12
13	84 4
13	83 4
13	85 4
13	79 13
13	84 5
13	83 5
13	85 5
13	79 12
13	84 6
13	83 6
13	85 6
13	79 14
13	84 7
13	83 7
13	85 7
13	79 12
13	84 8
13	83 8
13	85 8
13	79 13
13	84 9
13	83 9
13	85 9
13	79 12
13	84 10
13	83 10
13	85 10
13	79 12
13	84 11
13	84 12
13	83 12
13	85 12
13	79 13
13	84 13
13	83 13
13	85 11
13	79 178
13	83 13
13	85 13
13	79 21
13	84 14
13	83 14
13	85 14
13	79 15
13	84 15
13	83 15
13	85 15
13	79 15
13	84 16
13	83 16
13	85 16
13	79 15
13	84 17
13	83 17
13	85 17
13	79 12
13	84 18
13	83 18
13	85 18
13	79 14
13	84 19
13	83 19
13	85 19
13	79 17
13	84 20
13	83 20
13	85 20
13	79 16
13	84 1
13	83 1
13	85 1
13	79 15
13	84 2
13	83 2
13	85 2
13	79 19
13	84 3
13	83 3
13	85 3
13	79 15
13	84 4
13	83 4
13	85 4
13	79 15
13	84 5
13	83 5
13	85 5
13	79 18
13	84 6
13	83 6
13	85 6
13	79 13
13	84 7
13	83 7
13	85 7
13	79 16
13	84 8
13	83 8
13	85 8
13	79 13
13	84 9
13	83 9
13	85 9
13	79 16
13	84 10
13	83 10
13	85 10
13	79 16
13	84 11
13	83 11
13	85 11
13	79 15
13	84 12
13	84 13
13	83 13
13	85 13
13	79 16
13	84 14
13	83 14
13	85 12
13	79 177
13	83 14
13	85 14
13	79 29
13	84 15
13	83 15
13	85 15
13	79 12
13	84 16
13	83 16
13	85 16
13	79 15
13	84 17
13	83 17
13	85 17
13	79 13
13	84 18
13	83 18
13	85 18
13	79 14
13	84 19
13	84 20
13	83 20
13	85 20
13	79 18
13	84 1
13	83 1
13	85 19
13	79 173
13	83 1
13	85 1
13	79 20
13	84 2
13	83 2
13	85 2
13	79 14
13	84 3
13	83 3
13	85 3
13	79 22
13	84 4
13	83 4
13	85 4
13	79 15
13	84 5
13	83 5
13	85 5
13	79 13
13	84 6
13	83 6
13	85 6
13	79 16
13	84 7
13	83 7
13	85 7
13	79 11
13	84 8
13	83 8
13	85 8
13	79 12
13	84 9
13	83 9
13	85 9
13	79 10
13	84 10
13	83 10
13	85 10
13	79 16
13	84 11
13	83 11
13	85 11
13	79 14
13	84 12
13	83 12
13	85 12
13	79 14
13	84 13
13	83 13
13	85 13
13	79 11
13	84 14
13	83 14
13	85 14
13	79 14
13	84 15
13	83 15
13	85 15
13	79 14
13	84 16
13	83 16
13	85 16
13	79 14
13	84 17
13	83 17
13	85 17
13	79 13
13	84 18
13	83 18
13	85 18
13	79 14
13	84 19
13	83 19
13	85 19
13	79 12
13	84 20
13	83 20
13	85 20
13	79 11
13	84 1
13	83 1
13	85 1
13	79 13
13	84 2
13	83 2
13	85 2
13	79 13
13	84 3
13	83 3
13	85 3
13	79 13
13	84 4
13	83 4
13	85 4
13	79 12
13	84 5
13	83 5
13	85 5
13	79 15
13	84 6
13	83 6
13	85 6
13	79 15
13	84 7
13	83 7
13	85 7
13	79 13
13	84 8
13	83 8
13	85 8
13	79 13
13	84 9
13	83 9
13	85 9
13	79 12
13	84 10
13	83 10
13	85 10
13	79 14
13	84 11
13	83 11
13	85 11
13	79 16
13	84 12
13	83 12
13	85 12
13	79 11
13	84 13
13	83 13
13	85 13
13	79 16
13	84 14
13	83 14
13	85 14
13	79 15
13	84 15
13	83 15
13	85 15
13	79 14
13	84 16
13	83 16
13	85 16
13	79 15
13	84 17
13	83 17
13	85 17
13	79 12
13	84 18
13	83 18
13	85 18
13	79 11
13	84 19
13	83 19
13	85 19
13	79 15
13	84 20
13	83 20
13	85 20
13	79 11
13	84 1
13	83 1
13	85 1
13	79 13
13	84 2
13	83 2
13	85 2
13	79 11
13	84 3
13	83 3
13	85 3
13	79 14
13	84 4
13	83 4
13	85 4
13	79 14
13	84 5
13	83 5
13	85 5
13	79 13
13	84 6
13	83 6
13	85 6
13	79 16
13	84 7
13	83 7
13	85 7
13	79 11
13	84 8
13	83 8
13	85 8
13	79 15
13	84 9
13	83 9
13	85 9
13	79 11
13	84 10
13	TEST_NUMBER 4
13	SENT_TOTAL 250
13	RECEIVED_TOTAL 249
13	TIME_TOTAL 29802
13	RECEIVED_RADIO_1 125
13	RECEIVED_RADIO_2 125
13	SENT_RADIO_1 122
13	SENT_RADIO_2 128
13	RADIO_TIME_1 29791
13	RADIO_TIME_2 19829
13	RETRANSMISSIONS_1 7
13	RETRANSMISSIONS_2 1
13	DROPPED_1 0
13	DROPPED_2 0
13	MAX_QUEUE 1
13	DUPLICATED_1 0
13	DUPLICATED_2 0
13	EBUSY_RADIO_1 0
13	EBUSY_RADIO_2 0
13	83 0
13	85 10
13	86 4
13	84 1
13	83 1
13	85 1
13	79 10
13	84 2
13	83 2
13	85 2
13	79 14
13	84 3
13	83 3
13	85 3
13	79 13
13	84 4
13	83 4
13	85 4
13	79 11
13	84 5
13	83 5
13	85 5
13	79 14
13	84 6
13	83 6
13	85 6
13	79 12
13	84 7
13	83 7
13	85 7
13	79 17
13	84 8
13	83 8
13	85 8
13	79 14
13	84 9
13	83 9
13	85 9
13	79 10
13	84 10
13	83 10
13	85 10
13	79 13
13	84 11
13	83 11
13	85 11
13	79 14
13	84 12
13	83 12
13	85 12
13	79 13
13	84 13
13	83 13
13	85 13
13	79 12
13	84 14
13	83 14
13	85 14
13	79 10
13	84 15
13	83 15
13	85 15
13	79 14
13	84 16
13	83 16
13	85 16
13	79 13
13	84 17
13	83 17
13	85 17
13	79 11
13	84 18
13	83 18
13	85 18
13	79 21
13	84 19
13	83 19
13	85 19
13	79 12
13	84 20
13	83 20
13	85 20
13	79 16
13	84 1
13	83 1
13	85 1
13	79 14
13	84 2
13	83 2
13	85 2
13	79 11
13	84 3
13	84 4
13	83 4
13	85 4
13	79 15
13	84 5
13	83 5
13	85 3
13	79 173
13	83 5
13	85 5
13	79 22
13	84 6
13	83 6
13	85 6
13	79 13
13	84 7
13	83 7
13	85 7
13	79 17
13	84 8
13	83 8
13	85 8
13	79 14
13	84 9
13	83 9
13	85 9
13	79 14
13	84 10
13	83 10
13	85 10
13	79 14
13	84 11
13	83 11
13	85 11
13	79 15
13	84 12
13	83 12
13	85 12
13	79 10
13	84 13
13	83 13
13	85 13
13	79 11
13	84 14
13	83 14
13	85 14
13	79 10
13	84 15
13	83 15
13	85 15
13	79 13
13	84 16
13	83 16
13	85 16
13	79 13
13	84 17
13	83 17
13	85 17
13	79 13
13	84 18
13	83 18
13	85 18
13	79 14
13	84 19
13	83 19
13	85 19
13	79 15
13	84 20
13	83 20
13	85 20
13	79 13
13	84 1
13	83 1
13	85 1
13	79 14
13	84 2
13	83 2
13	85 2
13	79 15
13	84 3
13	83 3
13	85 3
13	79 13
13	84 4
13	83 4
13	85 4
13	79 12
13	84 5
13	83 5
13	85 5
13	79 15
13	84 6
13	83 6
13	85 6
13	79 12
13	84 7
13	83 7
13	85 7
13	79 14
13	84 8
13	83 8
13	85 8
13	79 11
13	84 9
13	84 10
13	83 10
13	85 10
13	79 13
13	84 11
13	83 11
13	85 9
13	79 176
13	83 11
13	85 11
13	79 21
13	84 12
13	83 12
13	85 12
13	79 17
13	84 13
13	83 13
13	85 13
13	79 13
13	84 14
13	83 14
13	85 14
13	79 19
13	84 15
13	83 15
13	85 15
13	79 13
13	84 16
13	83 16
13	85 16
13	79 17
13	84 17
13	83 17
13	85 17
13	79 14
13	84 18
13	83 18
13	85 18
13	79 18
13	84 19
13	83 19
13	85 19
13	79 17
13	84 20
13	83 20
13	85 20
13	79 13
13	84 1
13	83 1
13	85 1
13	79 12
13	84 2
13	83 2
13	85 2
13	79 17
13	84 3
13	83 3
13	85 3
13	79 12
13	84 4
13	83 4
13	85 4
13	79 12
13	84 5
13	83 5
13	85 5
13	79 16
13	84 6
13	83 6
13	85 6
13	79 16
13	84 7
13	83 7
13	85 7
13	79 14
13	84 8
13	83 8
13	85 8
13	79 18
13	84 9
13	83 9
13	85 9
13	79 14
13	84 10
13	83 10
13	85 10
13	79 13
13	84 11
13	83 11
13	85 11
13	79 16
13	84 12
13	83 12
13	85 12
13	79 18
13	84 13
13	83 13
13	85 13
13	79 14
13	84 14
13	83 14
13	85 14
13	79 17
13	84 15
13	83 15
13	85 15
13	79 13
13	84 16
13	83 16
13	85 16
13	79 16
13	84 17
13	83 17
13	85 17
13	79 12
13	84 18
13	83 18
13	85 18
13	79 14
13	84 19
13	83 19
13	85 19
13	79 15
13	84 20
13	83 20
13	85 20
13	79 14
13	84 1
13	83 1
13	85 1
13	79 17
13	84 2
13	83 2
13	85 2
13	79 18
13	84 3
13	83 3
13	85 3
13	79 16
13	84 4
13	84 5
13	83 5
13	85 5
13	79 13
13	84 6
13	83 6
13	85 4
13	79 171
13	83 6
13	85 6
13	79 22
13	84 7
13	83 7
13	85 7
13	79 14
13	84 8
13	83 8
13	85 8
13	79 15
13	84 9
13	83 9
13	85 9
13	79 15
13	84 10
13	83 10
13	85 10
13	79 16
13	84 11
13	84 12
13	83 12
13	85 12
13	79 15
13	84 13
13	83 13
13	85 11
13	79 176
13	83 13
13	85 13
13	79 23
13	84 14
13	83 14
13	85 14
13	79 11
13	84 15
13	83 15
13	85 15
13	79 19
13	84 16
13	83 16
13	85 16
13	79 12
13	84 17
13	83 17
13	85 17
13	79 14
13	84 18
13	83 18
13	85 18
13	79 16
13	84 19
13	83 19
13	85 19
13	79 14
13	84 20
13	83 20
13	85 20
13	79 16
13	84 1
13	83 1
13	85 1
13	79 14
13	84 2
13	83 2
13	85 2
13	79 15
13	84 3
13	83 3
13	85 3
13	79 15
13	84 4
13	83 4
13	85 4
13	79 16
13	84 5
13	83 5
13	85 5
13	79 13
13	84 6
13	83 6
13	85 6
13	79 16
13	84 7
13	83 7
13	85 7
13	79 19
13	84 8
13	83 8
13	85 8
13	79 15
13	84 9
13	83 9
13	85 9
13	79 12
13	84 10
13	83 10
13	85 10
13	79 15
13	84 11
13	83 11
13	85 11
13	79 12
13	84 12
13	83 12
13	85 12
13	79 19
13	84 13
13	83 13
13	85 13
13	79 17
13	84 14
13	83 14
13	85 14
13	79 19
13	84 15
13	83 15
13	85 15
13	79 15
13	84 16
13	83 16
13	85 16
13	79 15
13	84 17
13	83 17
13	85 17
13	79 12
13	84 18
13	83 18
13	85 18
13	79 19
13	84 19
13	83 19
13	85 19
13	79 19
13	84 20
13	83 20
13	85 20
13	79 16
13	84 1
13	83 1
13	85 1
13	79 16
13	84 2
13	83 2
13	85 2
13	79 15
13	84 3
13	83 3
13	85 3
13	79 16
13	84 4
13	83 4
13	85 4
13	79 16
13	84 5
13	83 5
13	85 5
13	79 16
13	84 6
13	83 6
13	85 6
13	79 18
13	84 7
13	83 7
13	85 7
13	79 15
13	84 8
13	83 8
13	85 8
13	79 11
13	84 9
13	83 9
13	85 9
13	79 12
13	84 10
13	83 10
13	85 10
13	79 15
13	84 11
13	83 11
13	85 11
13	79 12
13	84 12
13	83 12
13	85 12
13	79 15
13	84 13
13	83 13
13	85 13
13	79 17
13	84 14
13	83 14
13	85 14
13	79 16
13	84 15
13	83 15
13	85 15
13	79 11
13	84 16
13	83 16
13	85 16
13	79 15
13	84 17
13	83 17
13	85 17
13	79 14
13	84 18
13	83 18
13	85 18
13	79 12
13	84 19
13	83 19
13	85 19
13	79 14
13	84 20
13	83 20
13	85 20
13	79 22
13	84 1
13	83 1
13	85 1
13	79 12
13	84 2
13	83 2
13	85 2
13	79 13
13	84 3
13	83 3
13	85 3
13	79 15
13	84 4
13	83 4
13	85 4
13	79 14
13	84 5
13	84 6
13	83 6
13	85 6
13	79 14
13	84 7
13	83 7
13	85 5
13	79 174
13	83 7
13	85 7
13	79 22
13	84 8
13	83 8
13	85 8
13	79 18
13	84 9
13	83 9
13	85 9
13	79 18
13	84 10
13	83 10
13	85 10
13	79 15
13	84 11
13	83 11
13	85 11
13	79 13
13	84 12
13	83 12
13	85 12
13	79 13
13	84 13
13	83 13
13	85 13
13	79 15
13	84 14
13	83 14
13	85 14
13	79 18
13	84 15
13	83 15
13	85 15
13	79 17
13	84 16
13	83 16
13	85 16
13	79 15
13	84 17
13	83 17
13	85 17
13	79 14
13	84 18
13	83 18
13	85 18
13	79 13
13	84 19
13	83 19
13	85 19
13	79 17
13	84 20
13	83 20
13	85 20
13	79 17
13	84 1
13	83 1
13	85 1
13	79 13
13	84 2
13	83 2
13	85 2
13	79 15
13	84 3
13	83 3
13	85 3
13	79 17
13	84 4
13	83 4
13	85 4
13	79 19
13	84 5
13	83 5
13	85 5
13	79 18
13	84 6
13	83 6
13	85 6
13	79 18
13	84 7
13	83 7
13	85 7
13	79 18
13	84 8
13	83 8
13	85 8
13	79 17
13	84 9
13	83 9
13	85 9
13	79 15
13	84 10
13	83 10
13	85 10
13	79 20
13	84 11
13	83 11
13	85 11
13	79 16
13	84 12
13	83 12
13	85 12
13	79 14
13	84 13
13	83 13
13	85 13
13	79 12
13	84 14
13	83 14
13	85 14
13	79 14
13	84 15
13	83 15
13	85 15
13	79 15
13	84 16
13	83 16
13	85 16
13	79 14
13	84 17
13	83 17
13	85 17
13	79 15
13	84 18
13	83 18
13	85 18
13	79 16
13	84 19
13	83 19
13	85 19
13	79 13
13	84 20
13	83 20
13	85 20
13	79 14
13	84 1
13	83 1
13	85 1
13	79 17
13	84 2
13	83 2
13	85 2
13	79 13
13	84 3
13	83 3
13	85 3
13	79 13
13	84 4
13	83 4
13	85 4
13	79 13
13	84 5
13	83 5
13	85 5
13	79 15
13	84 6
13	83 6
13	85 6
13	79 17
13	84 7
13	83 7
13	85 7
13	79 13
13	84 8
13	83 8
13	85 8
13	79 20
13	84 9
13	83 9
13	85 9
13	79 17
13	84 10
13	83 10
13	85 10
13	79 11
13	84 11
13	83 11
13	85 11
13	79 14
13	84 12
13	83 12
13	85 12
13	79 14
13	84 13
13	83 13
13	85 13
13	79 12
13	84 14
13	83 14
13	85 14
13	79 15
13	84 15
13	83 15
13	85 15
13	79 12
13	84 16
13	83 16
13	85 16
13	79 14
13	84 17
13	83 17
13	85 17
13	79 15
13	84 18
13	83 18
13	85 18
13	79 16
13	84 19
13	83 19
13	85 19
13	79 14
13	84 20
13	83 20
13	85 20
13	79 16
13	84 1
13	83 1
13	85 1
13	79 15
13	84 2
13	83 2
13	85 2
13	79 12
13	84 3
13	83 3
13	85 3
13	79 14
13	84 4
13	83 4
13	85 4
13	79 15
13	84 5
13	83 5
13	85 5
13	79 15
13	84 6
13	83 6
13	85 6
13	79 18
13	84 7
13	83 7
13	85 7
13	79 15
13	84 8
13	83 8
13	85 8
13	79 15
13	84 9
13	83 9
13	85 9
13	79 15
13	84 10
13	83 10
13	85 10
13	79 17
13	84 11
13	83 11
13	85 11
13	79 20
13	84 12
13	83 12
13	85 12
13	79 17
13	84 13
13	83 13
13	85 13
13	79 15
13	84 14
13	83 14
13	85 14
13	79 18
13	84 15
13	83 15
13	85 15
13	79 15
13	84 16
13	83 16
13	85 16
13	79 18
13	84 17
13	83 17
13	85 17
13	79 16
13	84 18
13	83 18
13	85 18
13	79 14
13	84 19
13	83 19
13	85 19
13	79 17
13	84 20
13	83 20
13	85 20
13	79 17
13	84 1
13	83 1
13	85 1
13	79 15
13	84 2
13	83 2
13	85 2
13	79 17
13	84 3
13	83 3
13	85 3
13	79 14
13	84 4
13	83 4
13	85 4
13	79 14
13	84 5
13	83 5
13	85 5
13	79 18
13	84 6
13	83 6
13	85 6
13	79 16
13	84 7
13	83 7
13	85 7
13	79 15
13	84 8
13	83 8
13	85 8
13	79 14
13	84 9
13	83 9
13	85 9
13	79 13
13	84 10
13	83 10
13	85 10
13	79 16
13	84 11
13	83 11
13	85 11
13	79 12
13	84 12
13	83 12
13	85 12
13	79 16
13	84 13
13	83 13
13	85 13
13	79 13
13	84 14
13	84 15
13	83 15
13	85 15
13	79 15
13	84 16
13	83 16
13	85 14
13	79 175
13	83 16
13	85 16
13	79 22
13	84 17
13	83 17
13	85 17
13	79 12
13	84 18
13	83 18
13	85 18
13	79 15
13	84 19
13	83 19
13	85 19
13	79 15
13	84 20
13	83 20
13	85 20
13	79 15
13	84 1
13	83 1
13	85 1
13	79 12
13	84 2
13	83 2
13	85 2
13	79 14
13	84 3
13	83 3
13	85 3
13	79 13
13	84 4
13	83 4
13	85 4
13	79 11
13	84 5
13	83 5
13	85 5
13	79 14
13	84 6
13	83 6
13	85 6
13	79 14
13	84 7
13	83 7
13	85 7
13	79 13
13	84 8
13	83 8
13	85 8
13	79 10
13	84 9
13	83 9
13	85 9
13	79 10
13	84 10
13	TEST_NUMBER 5
13	SENT_TOTAL 250
13	RECEIVED_TOTAL 249
13	TIME_TOTAL 29801
13	RECEIVED_RADIO_1 123
13	RECEIVED_RADIO_2 127
13	SENT_RADIO_1 123
13	SENT_RADIO_2 127
13	RADIO_TIME_1 29870
13	RADIO_TIME_2 19753
13	RETRANSMISSIONS_1 3
13	RETRANSMISSIONS_2 0
13	DROPPED_1 0
13	DROPPED_2 0
13	MAX_QUEUE 1
13	DUPLICATED_1 2
13	DUPLICATED_2 0
13	EBUSY_RADIO_1 0
13	EBUSY_RADIO_2 0
13	83 0
13	85 10
13	86 5
13	84 1
13	83 1
13	85 1
13	79 14
13	84 2
13	83 2
13	85 2
13	79 16
13	84 3
13	83 3
13	85 3
13	79 16
13	84 4
13	83 4
13	85 4
13	79 16
13	84 5
13	83 5
13	85 5
13	79 13
13	84 6
13	83 6
13	85 6
13	79 10
13	84 7
13	83 7
13	85 7
13	79 16
13	84 8
13	83 8
13	85 8
13	79 12
13	84 9
13	83 9
13	85 9
13	79 12
13	84 10
13	83 10
13	85 10
13	79 17
13	84 11
13	83 11
13	85 11
13	79 16
13	84 12
13	83 12
13	85 12
13	79 13
13	84 13
13	83 13
13	85 13
13	79 17
13	84 14
13	83 14
13	85 14
13	79 15
13	84 15
13	83 15
13	85 15
13	79 14
13	84 16
13	83 16
13	85 16
13	79 16
13	84 17
13	83 17
13	85 17
13	79 14
13	84 18
13	83 18
13	85 18
13	79 14
13	84 19
13	83 19
13	85 19
13	79 12
13	84 20
13	83 20
13	85 20
13	79 14
13	84 1
13	83 1
13	85 1
13	79 15
13	84 2
13	83 2
13	85 2
13	79 15
13	84 3
13	83 3
13	85 3
13	79 15
13	84 4
13	83 4
13	85 4
13	79 12
13	84 5
13	83 5
13	85 5
13	79 13
13	84 6
13	83 6
13	85 6
13	79 16
13	84 7
13	83 7
13	85 7
13	79 12
13	84 8
13	83 8
13	85 8
13	79 13
13	84 9
13	83 9
13	85 9
13	79 15
13	84 10
13	83 10
13	85 10
13	79 11
13	84 11
13	83 11
13	85 11
13	79 15
13	84 12
13	83 12
13	85 12
13	79 12
13	84 13
13	83 13
13	85 13
13	79 12
13	84 14
13	83 14
13	85 14
13	79 14
13	84 15
13	83 15
13	85 15
13	79 12
13	84 16
13	83 16
13	85 16
13	79 15
13	84 17
13	83 17
13	85 17
13	79 14
13	84 18
13	83 18
13	85 18
13	79 16
13	84 19
13	83 19
13	85 19
13	79 17
13	84 20
13	83 20
13	85 20
13	79 16
13	84 1
13	83 1
13	85 1
13	79 11
13	84 2
13	83 2
13	85 2
13	79 15
13	84 3
13	83 3
13	85 3
13	79 11
13	84 4
13	83 4
13	85 4
13	79 17
13	84 5
13	83 5
13	85 5
13	79 12
13	84 6
13	83 6
13	85 6
13	79 11
13	84 7
13	83 7
13	85 7
13	79 14
13	84 8
13	83 8
13	85 8
13	79 14
13	84 9
13	83 9
13	85 9
13	79 17
13	84 10
13	83 10
13	85 10
13	79 15
13	84 11
13	83 11
13	85 11
13	79 16
13	84 12
13	83 12
13	85 12
13	79 12
13	84 13
13	83 13
13	85 13
13	79 14
13	84 14
13	83 14
13	85 14
13	79 11
13	84 15
13	83 15
13	85 15
13	79 15
13	84 16
13	83 16
13	85 16
13	79 14
13	84 17
13	83 17
13	85 17
13	79 13
13	84 18
13	83 18
13	85 18
13	79 10
13	84 19
13	83 19
13	85 19
13	79 15
13	84 20
13	83 20
13	85 20
13	79 16
13	84 1
13	83 1
13	85 1
13	79 17
13	84 2
13	83 2
13	85 2
13	79 13
13	84 3
13	83 3
13	85 3
13	79 14
13	84 4
13	83 4
13	85 4
13	79 11
13	84 5
13	83 5
13	85 5
13	79 16
13	84 6
13	83 6
13	85 6
13	79 12
13	84 7
13	83 7
13	85 7
13	79 17
13	84 8
13	83 8
13	85 8
13	79 16
13	84 9
13	83 9
13	85 9
13	79 16
13	84 10
13	83 10
13	85 10
13	79 17
13	84 11
13	83 11
13	85 11
13	79 12
13	84 12
13	83 12
13	85 12
13	79 15
13	84 13
13	83 13
13	85 13
13	79 12
13	84 14
13	83 14
13	85 14
13	79 14
13	84 15
13	83 15
13	85 15
13	79 10
13	84 16
13	83 16
13	85 16
13	79 15
13	84 17
13	83 17
13	85 17
13	79 14
13	84 18
13	83 18
13	85 18
13	79 16
13	84 19
13	83 19
13	85 19
13	79 11
13	84 20
13	83 20
13	85 20
13	79 13
13	84 1
13	83 1
13	85 1
13	79 15
13	84 2
13	83 2
13	85 2
13	79 12
13	84 3
13	83 3
13	85 3
13	79 16
13	84 4
13	83 4
13	85 4
13	79 10
13	84 5
13	83 5
13	85 5
13	79 14
13	84 6
13	83 6
13	85 6
13	79 13
13	84 7
13	83 7
13	85 7
13	79 14
13	84 8
13	83 8
13	85 8
13	79 13
13	84 9
13	83 9
13	85 9
13	79 12
13	84 10
13	83 10
13	85 10
13	79 16
13	84 11
13	83 11
13	85 11
13	79 13
13	84 12
13	83 12
13	85 12
13	79 14
13	84 13
13	83 13
13	85 13
13	79 15
13	84 14
13	83 14
13	85 14
13	79 13
13	84 15
13	83 15
13	85 15
13	79 14
13	84 16
13	83 16
13	85 16
13	79 14
13	84 17
13	83 17
13	85 17
13	79 10
13	84 18
13	83 18
13	85 18
13	79 13
13	84 19
13	83 19
13	85 19
13	79 12
13	84 20
13	83 20
13	85 20
13	79 16
13	84 1
13	83 1
13	85 1
13	79 14
13	84 2
13	83 2
13	85 2
13	79 16
13	84 3
13	83 3
13	85 3
13	79 15
13	84 4
13	83 4
13	85 4
13	79 13
13	84 5
13	84 6
13	83 6
13	85 6
13	79 15
13	84 7
13	83 7
13	85 5
13	79 175
13	83 7
13	85 7
13	79 21
13	84 8
13	83 8
13	85 8
13	79 12
13	84 9
13	83 9
13	85 9
13	79 13
13	84 10
13	83 10
13	85 10
13	79 15
13	84 11
13	83 11
13	85 11
13	79 12
13	84 12
13	83 12
13	85 12
13	79 15
13	84 13
13	83 13
13	85 13
13	79 12
13	84 14
13	83 14
13	85 14
13	79 15
13	84 15
13	83 15
13	85 15
13	79 17
13	84 16
13	83 16
13	85 16
13	79 13
13	84 17
13	83 17
13	85 17
13	79 11
13	84 18
13	83 18
13	85 18
13	79 14
13	84 19
13	83 19
13	85 19
13	79 16
13	84 20
13	83 20
13	85 20
13	79 14
13	84 1
13	83 1
13	85 1
13	79 16
13	84 2
13	83 2
13	85 2
13	79 15
13	84 3
13	83 3
13	85 3
13	79 14
13	84 4
13	83 4
13	85 4
13	79 19
13	84 5
13	83 5
13	85 5
13	79 15
13	84 6
13	83 6
13	85 6
13	79 23
13	84 7
13	83 7
13	85 7
13	79 10
13	84 8
13	83 8
13	85 8
13	79 17
13	84 9
13	83 9
13	85 9
13	79 12
13	84 10
13	83 10
13	85 10
13	79 13
13	84 11
13	84 12
13	83 12
13	85 12
13	79 20
13	84 13
13	83 13
13	85 11
13	79 176
13	83 13
13	85 13
13	79 29
13	84 14
13	83 14
13	85 14
13	79 15
13	84 15
13	83 15
13	85 15
13	79 15
13	84 16
13	83 16
13	85 16
13	79 15
13	84 17
13	83 17
13	85 17
13	79 13
13	84 18
13	83 18
13	85 18
13	79 16
13	84 19
13	83 19
13	85 19
13	79 17
13	84 20
13	83 20
13	85 20
13	79 21
13	84 1
13	83 1
13	85 1
13	79 14
13	84 2
13	83 2
13	85 2
13	79 10
13	84 3
13	83 3
13	85 3
13	79 15
13	84 4
13	83 4
13	85 4
13	79 11
13	84 5
13	83 5
13	85 5
13	79 14
13	84 6
13	83 6
13	85 6
13	79 11
13	84 7
13	83 7
13	85 7
13	79 11
13	84 8
13	83 8
13	85 8
13	79 15
13	84 9
13	83 9
13	85 9
13	79 14
13	84 10
13	83 10
13	85 10
13	79 17
13	84 11
13	83 11
13	85 11
13	79 13
13	84 12
13	84 13
13	83 13
13	85 13
13	79 13
13	84 14
13	83 14
13	85 12
13	79 174
13	83 14
13	85 14
13	79 23
13	84 15
13	83 15
13	85 15
13	79 20
13	84 16
13	83 16
13	85 16
13	79 14
13	84 17
13	83 17
13	85 17
13	79 11
13	84 18
13	83 18
13	85 18
13	79 13
13	84 19
13	83 19
13	85 19
13	79 15
13	84 20
13	83 20
13	85 20
13	79 16
13	84 1
13	83 1
13	85 1
13	79 15
13	84 2
13	83 2
13	85 2
13	79 16
13	84 3
13	83 3
13	85 3
13	79 14
13	84 4
13	83 4
13	85 4
13	79 17
13	84 5
13	83 5
13	85 5
13	79 17
13	84 6
13	83 6
13	85 6
13	79 13
13	84 7
13	83 7
13	85 7
13	79 16
13	84 8
13	83 8
13	85 8
13	79 17
13	84 9
13	83 9
13	85 9
13	79 13
13	84 10
13	83 10
13	85 10
13	79 17
13	84 11
13	84 12
13	83 12
13	85 12
13	79 17
13	84 13
13	83 13
13	85 11
13	79 184
13	83 13
13	85 13
13	79 33
13	84 14
13	83 14
13	85 14
13	79 17
13	84 15
13	83 15
13	85 15
13	79 12
13	84 16
13	83 16
13	85 16
13	79 11
13	84 17
13	83 17
13	85 17
13	79 15
13	84 18
13	84 19
13	83 19
13	85 19
13	79 13
13	84 20
13	83 20
13	85 18
13	79 172
13	83 20
13	85 20
13	79 22
13	84 1
13	83 1
13	85 1
13	79 17
13	84 2
13	83 2
13	85 2
13	79 16
13	84 3
13	83 3
13	85 3
13	79 19
13	84 4
13	83 4
13	85 4
13	79 17
13	84 5
13	83 5
13	85 5
13	79 16
13	84 6
13	83 6
13	85 6
13	79 14
13	84 7
13	83 7
13	85 7
13	79 14
13	84 8
13	83 8
13	85 8
13	79 16
13	84 9
13	83 9
13	85 9
13	79 15
13	84 10
13	83 10
13	85 10
13	79 15
13	84 11
13	83 11
13	85 11
13	79 12
13	84 12
13	83 12
13	85 12
13	79 13
13	84 13
13	83 13
13	85 13
13	79 14
13	84 14
13	83 14
13	85 14
13	79 13
13	84 15
13	83 15
13	85 15
13	79 13
13	84 16
13	83 16
13	85 16
13	79 13
13	84 17
13	83 17
13	85 17
13	79 13
13	84 18
13	83 18
13	85 18
13	79 13
13	84 19
13	83 19
13	85 19
13	79 19
13	84 20
13	83 20
13	85 20
13	79 19
13	84 1
13	83 1
13	85 1
13	79 17
13	84 2
13	83 2
13	85 2
13	79 17
13	84 3
13	83 3
13	85 3
13	79 19
13	84 4
13	83 4
13	85 4
13	79 18
13	84 5
13	83 5
13	85 5
13	79 16
13	84 6
13	83 6
13	85 6
13	79 16
13	84 7
13	83 7
13	85 7
13	79 15
13	84 8
13	83 8
13	85 8
13	79 13
13	84 9
13	83 9
13	85 9
13	79 12
13	84 10
13	83 10
13	85 10
13	79 18
13	84 11
13	83 11
13	85 11
13	79 14
13	84 12
13	83 12
13	85 12
13	79 13
13	84 13
13	83 13
13	85 13
13	79 15
13	84 14
13	83 14
13	85 14
13	79 15
13	84 15
13	83 15
13	85 15
13	79 15
13	84 16
13	83 16
13	85 16
13	79 13
13	84 17
13	83 17
13	85 17
13	79 15
13	84 18
13	83 18
13	85 18
13	79 14
13	84 19
13	83 19
13	85 19
13	79 16
13	84 20
13	83 20
13	85 20
13	79 20
13	84 1
13	83 1
13	85 1
13	79 16
13	84 2
13	83 2
13	85 2
13	79 16
13	84 3
13	83 3
13	85 3
13	79 16
13	84 4
13	83 4
13	85 4
13	79 13
13	84 5
13	83 5
13	85 5
13	79 14
13	84 6
13	83 6
13	85 6
13	79 15
13	84 7
13	84 8
13	83 8
13	85 8
13	79 11
13	84 9
13	83 9
13	85 7
13	79 172
13	83 9
13	85 9
13	79 28
13	84 10
13	83 10
13	85 10
13	79 14
13	84 11
13	83 11
13	85 11
13	79 11
13	84 12
13	83 12
13	85 12
13	79 10
13	84 13
13	83 13
13	85 13
13	79 15
13	84 14
13	83 14
13	85 14
13	79 11
13	84 15
13	83 15
13	85 15
13	79 17
13	84 16
13	83 16
13	85 16
13	79 16
13	84 17
13	84 18
13	83 18
13	85 18
13	79 14
13	84 19
13	83 19
13	85 17
13	79 175
13	83 19
13	85 19
13	79 20
13	84 20
13	83 20
13	85 20
13	79 15
13	84 1
13	83 1
13	85 1
13	79 15
13	84 2
13	83 2
13	85 2
13	79 19
13	84 3
13	83 3
13	85 3
13	79 17
13	84 4
13	83 4
13	85 4
13	79 15
13	84 5
13	83 5
13	85 5
13	79 16
13	84 6
13	83 6
13	85 6
13	79 17
13	84 7
13	83 7
13	85 7
13	79 13
13	84 8
13	84 9
13	83 9
13	85 9
13	79 12
13	84 10
13	TEST_NUMBER 6
13	SENT_TOTAL 250
13	RECEIVED_TOTAL 248
13	TIME_TOTAL 29800
13	RECEIVED_RADIO_1 121
13	RECEIVED_RADIO_2 128
13	SENT_RADIO_1 123
13	SENT_RADIO_2 127
13	RADIO_TIME_1 19829
13	RADIO_TIME_2 29800
13	RETRANSMISSIONS_1 4
13	RETRANSMISSIONS_2 0
13	DROPPED_1 0
13	DROPPED_2 0
13	MAX_QUEUE 1
13	DUPLICATED_1 0
13	DUPLICATED_2 0
13	EBUSY_RADIO_1 0
13	EBUSY_RADIO_2 0
13	83 0
13	85 8
13	86 6
13	83 0
13	85 10
13	86 6

14	DESTINATION_NODE 14
14	TEST_NUMBER 0
14	SENT_TOTAL 205
14	RECEIVED_TOTAL 205
14	TIME_TOTAL 16259
14	RECEIVED_RADIO_1 99
14	RECEIVED_RADIO_2 106
14	SENT_RADIO_1 98
14	SENT_RADIO_2 106
14	RADIO_TIME_1 16181
14	RADIO_TIME_2 16179
14	RETRANSMISSIONS_1 8
14	RETRANSMISSIONS_2 0
14	DROPPED_1 0
14	DROPPED_2 0
14	MAX_QUEUE 1
14	DUPLICATED_1 4
14	DUPLICATED_2 0
14	EBUSY_RADIO_1 0
14	EBUSY_RADIO_2 0
14	86 0
14	86 0
14	86 0
14	86 0
14	86 0
14	86 0
14	86 0
14	86 0
14	86 0
14	86 0
14	86 0
14	86 0
14	86 0
14	86 0
14	86 0
14	86 0
14	86 0
14	86 0
14	86 0
14	86 0
14	86 0
14	86 0
14	86 0
14	86 0
14	86 0
14	86 0
14	86 0
14	86 0
14	86 0
14	86 0
14	86 0
14	86 0
14	86 0
14	86 0
14	86 0
14	86 0
14	86 0
14	86 0
14	86 0
14	86 0
14	86 0
14	86 0
14	86 0
14	86 0
14	86 0
14	TEST_NUMBER 1
14	SENT_TOTAL 250
14	RECEIVED_TOTAL 205
14	TIME_TOTAL 29803
14	RECEIVED_RADIO_1 124
14	RECEIVED_RADIO_2 126
14	SENT_RADIO_1 123
14	SENT_RADIO_2 128
14	RADIO_TIME_1 29803
14	RADIO_TIME_2 29794
14	RETRANSMISSIONS_1 5
14	RETRANSMISSIONS_2 0
14	DROPPED_1 0
14	DROPPED_2 0
14	MAX_QUEUE 1
14	DUPLICATED_1 1
14	DUPLICATED_2 0
14	EBUSY_RADIO_1 0
14	EBUSY_RADIO_2 0
14	86 1
14	86 1
14	86 1
14	86 1
14	86 1
14	86 1
14	86 1
14	86 1
14	86 1
14	86 1
14	86 1
14	86 1
14	86 1
14	86 1
14	86 1
14	86 1
14	86 1
14	86 1
14	86 1
14	86 1
14	86 1
14	86 1
14	86 1
14	86 1
14	86 1
14	86 1
14	86 1
14	86 1
14	86 1
14	86 1
14	86 1
14	86 1
14	86 1
14	86 1
14	86 1
14	86 1
14	86 1
14	86 1
14	86 1
14	86 1
14	86 1
14	86 1
14	86 1
14	86 1
14	86 1
14	TEST_NUMBER 2
14	SENT_TOTAL 250
14	RECEIVED_TOTAL 205
14	TIME_TOTAL 29804
14	RECEIVED_RADIO_1 122
14	RECEIVED_RADIO_2 128
14	SENT_RADIO_1 122
14	SENT_RADIO_2 128
14	RADIO_TIME_1 29804
14	RADIO_TIME_2 29804
14	RETRANSMISSIONS_1 6
14	RETRANSMISSIONS_2 0
14	DROPPED_1 0
14	DROPPED_2 0
14	MAX_QUEUE 1
14	DUPLICATED_1 3
14	DUPLICATED_2 0
14	EBUSY_RADIO_1 0
14	EBUSY_RADIO_2 0
14	86 2
14	86 2
14	86 2
14	86 2
14	86 2
14	86 2
14	86 2
14	86 2
14	86 2
14	86 2
14	86 2
14	86 2
14	86 2
14	86 2
14	86 2
14	86 2
14	86 2
14	86 2
14	86 2
14	86 2
14	86 2
14	86 2
14	86 2
14	86 2
14	86 2
14	86 2
14	86 2
14	86 2
14	86 2
14	86 2
14	86 2
14	86 2
14	86 2
14	86 2
14	86 2
14	86 2
14	86 2
14	86 2
14	86 2
14	86 2
14	86 2
14	86 2
14	86 2
14	86 2
14	86 2
14	TEST_NUMBER 3
14	SENT_TOTAL 250
14	RECEIVED_TOTAL 205
14	TIME_TOTAL 29805
14	RECEIVED_RADIO_1 122
14	RECEIVED_RADIO_2 128
14	SENT_RADIO_1 122
14	SENT_RADIO_2 128
14	RADIO_TIME_1 29805
14	RADIO_TIME_2 29805
14	RETRANSMISSIONS_1 7
14	RETRANSMISSIONS_2 0
14	DROPPED_1 0
14	DROPPED_2 0
14	MAX_QUEUE 1
14	DUPLICATED_1 0
14	DUPLICATED_2 0
14	EBUSY_RADIO_1 0
14	EBUSY_RADIO_2 0
14	86 3
14	86 3
14	86 3
14	86 3
14	86 3
14	86 3
14	86 3
14	86 3
14	86 3
14	86 3
14	86 3
14	86 3
14	86 3
14	86 3
14	86 3
14	86 3
14	86 3
14	86 3
14	86 3
14	86 3
14	86 3
14	86 3
14	86 3
14	86 3
14	86 3
14	86 3
14	86 3
14	86 3
14	86 3
14	86 3
14	86 3
14	86 3
14	86 3
14	86 3
14	86 3
14	86 3
14	86 3
14	86 3
14	86 3
14	86 3
14	86 3
14	86 3
14	86 3
14	86 3
14	86 3
14	TEST_NUMBER 4
14	SENT_TOTAL 250
14	RECEIVED_TOTAL 205
14	TIME_TOTAL 29802
14	RECEIVED_RADIO_1 121
14	RECEIVED_RADIO_2 129
14	SENT_RADIO_1 124
14	SENT_RADIO_2 126
14	RADIO_TIME_1 29802
14	RADIO_TIME_2 29802
14	RETRANSMISSIONS_1 1
14	RETRANSMISSIONS_2 0
14	DROPPED_1 0
14	DROPPED_2 0
14	MAX_QUEUE 1
14	DUPLICATED_1 0
14	DUPLICATED_2 1
14	EBUSY_RADIO_1 0
14	EBUSY_RADIO_2 0
14	86 4
14	86 4
14	86 4
14	86 4
14	86 4
14	86 4
14	86 4
14	86 4
14	86 4
14	86 4
14	86 4
14	86 4
14	86 4
14	86 4
14	86 4
14	86 4
14	86 4
14	86 4
14	86 4
14	86 4
14	86 4
14	86 4
14	86 4
14	86 4
14	86 4
14	86 4
14	86 4
14	86 4
14	86 4
14	86 4
14	86 4
14	86 4
14	86 4
14	86 4
14	86 4
14	86 4
14	86 4
14	86 4
14	86 4
14	86 4
14	86 4
14	86 4
14	86 4
14	86 4
14	86 4
14	TEST_NUMBER 5
14	SENT_TOTAL 250
14	RECEIVED_TOTAL 205
14	TIME_TOTAL 29803
14	RECEIVED_RADIO_1 123
14	RECEIVED_RADIO_2 127
14	SENT_RADIO_1 123
14	SENT_RADIO_2 127
14	RADIO_TIME_1 29723
14	RADIO_TIME_2 29803
14	RETRANSMISSIONS_1 4
14	RETRANSMISSIONS_2 0
14	DROPPED_1 0
14	DROPPED_2 0
14	MAX_QUEUE 1
14	DUPLICATED_1 0
14	DUPLICATED_2 0
14	EBUSY_RADIO_1 0
14	EBUSY_RADIO_2 0
14	86 5
14	86 5
14	86 5
14	86 5
14	86 5
14	86 5
14	86 5
14	86 5
14	86 5
14	86 5
14	86 5
14	86 5
14	86 5
14	86 5
14	86 5
14	86 5
14	86 5
14	86 5
14	86 5
14	86 5
14	86 5
14	86 5
14	86 5
14	86 5
14	86 5
14	86 5
14	86 5
14	86 5
14	86 5
14	86 5
14	86 5
14	86 5
14	86 5
14	86 5
14	86 5
14	86 5
14	86 5
14	86 5
14	86 5
14	86 5
14	86 5
14	86 5
14	86 5
14	86 5
14	86 5
14	TEST_NUMBER 6
14	SENT_TOTAL 250
14	RECEIVED_TOTAL 205
14	TIME_TOTAL 29804
14	RECEIVED_RADIO_1 124
14	RECEIVED_RADIO_2 126
14	SENT_RADIO_1 123
14	SENT_RADIO_2 127
14	RADIO_TIME_1 29804
14	RADIO_TIME_2 29647
14	RETRANSMISSIONS_1 6
14	RETRANSMISSIONS_2 0
14	DROPPED_1 0
14	DROPPED_2 0
14	MAX_QUEUE 1
14	DUPLICATED_1 2
14	DUPLICATED_2 0
14	EBUSY_RADIO_1 0
14	EBUSY_RADIO_2 0
14	86 6
14	86 6
14	86 6
14	86 6
14	86 6
14	86 6
14	86 6
14	86 6
14	86 6
14	86 6
14	86 6
14	86 6
14	86 6
14	86 6
14	86 6
14	86 6
14	86 6
14	86 6
14	86 6
14	86 6
14	86 6
14	86 6
14	86 6
14	86 6
14	86 6
14	86 6
14	86 6
14	86 6
14	86 6
14	86 6
14	86 6
14	86 6
14	86 6
14	86 6
14	86 6
14	86 6
14	86 6
14	86 6
14	86 6
14	86 6
14	86 6
14	86 6
14	86 6
14	86 6
14	86 6
