
14	RELAY_NODE 14
14	TEST_NUMBER 0
14	SENT_TOTAL 0
14	RECEIVED_TOTAL 0
14	TIME_TOTAL 0
14	RECEIVED_RADIO_1 0
14	RECEIVED_RADIO_2 0
14	SENT_RADIO_1 0
14	SENT_RADIO_2 0
14	RADIO_TIME_1 0
14	RADIO_TIME_2 0
14	RETRANSMISSIONS_1 0
14	RETRANSMISSIONS_2 0
14	DROPPED_1 0
14	DROPPED_2 0
14	MAX_QUEUE 0
14	DUPLICATED_1 0
14	DUPLICATED_2 0
14	EBUSY_RADIO_1 0
14	EBUSY_RADIO_2 0
14	TEST_NUMBER 1
14	SENT_TOTAL 0
14	RECEIVED_TOTAL 0
14	TIME_TOTAL 0
14	RECEIVED_RADIO_1 0
14	RECEIVED_RADIO_2 0
14	SENT_RADIO_1 0
14	SENT_RADIO_2 0
14	RADIO_TIME_1 0
14	RADIO_TIME_2 0
14	RETRANSMISSIONS_1 0
14	RETRANSMISSIONS_2 0
14	DROPPED_1 0
14	DROPPED_2 0
14	MAX_QUEUE 0
14	DUPLICATED_1 0
14	DUPLICATED_2 0
14	EBUSY_RADIO_1 0
14	EBUSY_RADIO_2 0
14	TEST_NUMBER 2
14	SENT_TOTAL 0
14	RECEIVED_TOTAL 0
14	TIME_TOTAL 0
14	RECEIVED_RADIO_1 0
14	RECEIVED_RADIO_2 0
14	SENT_RADIO_1 0
14	SENT_RADIO_2 0
14	RADIO_TIME_1 0
14	RADIO_TIME_2 0
14	RETRANSMISSIONS_1 0
14	RETRANSMISSIONS_2 0
14	DROPPED_1 0
14	DROPPED_2 0
14	MAX_QUEUE 0
14	DUPLICATED_1 0
14	DUPLICATED_2 0
14	EBUSY_RADIO_1 0
14	EBUSY_RADIO_2 0
14	TEST_NUMBER 3
14	SENT_TOTAL 0
14	RECEIVED_TOTAL 0
14	TIME_TOTAL 0
14	RECEIVED_RADIO_1 0
14	RECEIVED_RADIO_2 0
14	SENT_RADIO_1 0
14	SENT_RADIO_2 0
14	RADIO_TIME_1 0
14	RADIO_TIME_2 0
14	RETRANSMISSIONS_1 0
14	RETRANSMISSIONS_2 0
14	DROPPED_1 0
14	DROPPED_2 0
14	MAX_QUEUE 0
14	DUPLICATED_1 0
14	DUPLICATED_2 0
14	EBUSY_RADIO_1 0
14	EBUSY_RADIO_2 0
14	TEST_NUMBER 4
14	SENT_TOTAL 0
14	RECEIVED_TOTAL 0
14	TIME_TOTAL 0
14	RECEIVED_RADIO_1 0
14	RECEIVED_RADIO_2 0
14	SENT_RADIO_1 0
14	SENT_RADIO_2 0
14	RADIO_TIME_1 0
14	RADIO_TIME_2 0
14	RETRANSMISSIONS_1 0
14	RETRANSMISSIONS_2 0
14	DROPPED_1 0
14	DROPPED_2 0
14	MAX_QUEUE 0
14	DUPLICATED_1 0
14	DUPLICATED_2 0
14	EBUSY_RADIO_1 0
14	EBUSY_RADIO_2 0
14	TEST_NUMBER 5
14	SENT_TOTAL 0
14	RECEIVED_TOTAL 0
14	TIME_TOTAL 0
14	RECEIVED_RADIO_1 0
14	RECEIVED_RADIO_2 0
14	SENT_RADIO_1 0
14	SENT_RADIO_2 0
14	RADIO_TIME_1 0
14	RADIO_TIME_2 0
14	RETRANSMISSIONS_1 0
14	RETRANSMISSIONS_2 0
14	DROPPED_1 0
14	DROPPED_2 0
14	MAX_QUEUE 0
14	DUPLICATED_1 0
14	DUPLICATED_2 0
14	EBUSY_RADIO_1 0
14	EBUSY_RADIO_2 0
14	TEST_NUMBER 6
14	SENT_TOTAL 0
14	RECEIVED_TOTAL 0
14	TIME_TOTAL 0
14	RECEIVED_RADIO_1 0
14	RECEIVED_RADIO_2 0
14	SENT_RADIO_1 0
14	SENT_RADIO_2 0
14	RADIO_TIME_1 0
14	RADIO_TIME_2 0
14	RETRANSMISSIONS_1 0
14	RETRANSMISSIONS_2 0
14	DROPPED_1 0
14	DROPPED_2 0
14	MAX_QUEUE 0
14	DUPLICATED_1 0
14	DUPLICATED_2 0
14	EBUSY_RADIO_1 0
14	EBUSY_RADIO_2 0

35	RELAY_NODE 35
35	TEST_NUMBER 0
35	SENT_TOTAL 0
35	RECEIVED_TOTAL 0
35	TIME_TOTAL 0
35	RECEIVED_RADIO_1 0
35	RECEIVED_RADIO_2 0
35	SENT_RADIO_1 0
35	SENT_RADIO_2 0
35	RADIO_TIME_1 0
35	RADIO_TIME_2 0
35	RETRANSMISSIONS_1 0
35	RETRANSMISSIONS_2 0
35	DROPPED_1 0
35	DROPPED_2 0
35	MAX_QUEUE 0
35	DUPLICATED_1 0
35	DUPLICATED_2 0
35	EBUSY_RADIO_1 0
35	EBUSY_RADIO_2 0
35	TEST_NUMBER 1
35	SENT_TOTAL 0
35	RECEIVED_TOTAL 0
35	TIME_TOTAL 0
35	RECEIVED_RADIO_1 0
35	RECEIVED_RADIO_2 0
35	SENT_RADIO_1 0
35	SENT_RADIO_2 0
35	RADIO_TIME_1 0
35	RADIO_TIME_2 0
35	RETRANSMISSIONS_1 0
35	RETRANSMISSIONS_2 0
35	DROPPED_1 0
35	DROPPED_2 0
35	MAX_QUEUE 0
35	DUPLICATED_1 0
35	DUPLICATED_2 0
35	EBUSY_RADIO_1 0
35	EBUSY_RADIO_2 0
35	TEST_NUMBER 2
35	SENT_TOTAL 0
35	RECEIVED_TOTAL 0
35	TIME_TOTAL 0
35	RECEIVED_RADIO_1 0
35	RECEIVED_RADIO_2 0
35	SENT_RADIO_1 0
35	SENT_RADIO_2 0
35	RADIO_TIME_1 0
35	RADIO_TIME_2 0
35	RETRANSMISSIONS_1 0
35	RETRANSMISSIONS_2 0
35	DROPPED_1 0
35	DROPPED_2 0
35	MAX_QUEUE 0
35	DUPLICATED_1 0
35	DUPLICATED_2 0
35	EBUSY_RADIO_1 0
35	EBUSY_RADIO_2 0
35	TEST_NUMBER 3
35	SENT_TOTAL 0
35	RECEIVED_TOTAL 0
35	TIME_TOTAL 0
35	RECEIVED_RADIO_1 0
35	RECEIVED_RADIO_2 0
35	SENT_RADIO_1 0
35	SENT_RADIO_2 0
35	RADIO_TIME_1 0
35	RADIO_TIME_2 0
35	RETRANSMISSIONS_1 0
35	RETRANSMISSIONS_2 0
35	DROPPED_1 0
35	DROPPED_2 0
35	MAX_QUEUE 0
35	DUPLICATED_1 0
35	DUPLICATED_2 0
35	EBUSY_RADIO_1 0
35	EBUSY_RADIO_2 0
35	TEST_NUMBER 4
35	SENT_TOTAL 0
35	RECEIVED_TOTAL 0
35	TIME_TOTAL 0
35	RECEIVED_RADIO_1 0
35	RECEIVED_RADIO_2 0
35	SENT_RADIO_1 0
35	SENT_RADIO_2 0
35	RADIO_TIME_1 0
35	RADIO_TIME_2 0
35	RETRANSMISSIONS_1 0
35	RETRANSMISSIONS_2 0
35	DROPPED_1 0
35	DROPPED_2 0
35	MAX_QUEUE 0
35	DUPLICATED_1 0
35	DUPLICATED_2 0
35	EBUSY_RADIO_1 0
35	EBUSY_RADIO_2 0
35	TEST_NUMBER 5
35	SENT_TOTAL 0
35	RECEIVED_TOTAL 0
35	TIME_TOTAL 0
35	RECEIVED_RADIO_1 0
35	RECEIVED_RADIO_2 0
35	SENT_RADIO_1 0
35	SENT_RADIO_2 0
35	RADIO_TIME_1 0
35	RADIO_TIME_2 0
35	RETRANSMISSIONS_1 0
35	RETRANSMISSIONS_2 0
35	DROPPED_1 0
35	DROPPED_2 0
35	MAX_QUEUE 0
35	DUPLICATED_1 0
35	DUPLICATED_2 0
35	EBUSY_RADIO_1 0
35	EBUSY_RADIO_2 0
35	TEST_NUMBER 6
35	SENT_TOTAL 0
35	RECEIVED_TOTAL 0
35	TIME_TOTAL 0
35	RECEIVED_RADIO_1 0
35	RECEIVED_RADIO_2 0
35	SENT_RADIO_1 0
35	SENT_RADIO_2 0
35	RADIO_TIME_1 0
35	RADIO_TIME_2 0
35	RETRANSMISSIONS_1 0
35	RETRANSMISSIONS_2 0
35	DROPPED_1 0
35	DROPPED_2 0
35	MAX_QUEUE 0
35	DUPLICATED_1 0
35	DUPLICATED_2 0
35	EBUSY_RADIO_1 0
35	EBUSY_RADIO_2 0

54	SOURCE_NODE 54
54	84 1
54	84 2
54	84 3
54	84 4
54	84 5
54	84 6
54	84 7
54	84 8
54	84 9
54	84 10
54	84 11
54	84 12
54	84 13
54	84 14
54	84 15
54	84 16
54	84 17
54	84 18
54	84 19
54	84 20
54	84 1
54	84 2
54	84 3
54	84 4
54	84 5
54	84 6
54	84 7
54	84 8
54	84 9
54	84 10
54	84 11
54	84 12
54	84 13
54	84 14
54	84 15
54	84 16
54	84 17
54	84 18
54	84 19
54	84 20
54	84 1
54	84 2
54	84 3
54	84 4
54	84 5
54	84 6
54	84 7
54	84 8
54	84 9
54	84 10
54	84 11
54	84 12
54	84 13
54	84 14
54	84 15
54	84 16
54	84 17
54	84 18
54	84 19
54	84 20
54	84 1
54	84 2
54	84 3
54	84 4
54	84 5
54	84 6
54	84 7
54	84 8
54	84 9
54	84 10
54	84 11
54	84 12
54	84 13
54	84 14
54	84 15
54	84 16
54	84 17
54	84 18
54	84 19
54	84 20
54	84 1
54	84 2
54	84 3
54	84 4
54	84 5
54	84 6
54	84 7
54	84 8
54	84 9
54	84 10
54	84 11
54	84 12
54	84 13
54	84 14
54	84 15
54	84 16
54	84 17
54	84 18
54	84 19
54	84 20
54	84 1
54	84 2
54	84 3
54	84 4
54	84 5
54	84 6
54	84 7
54	84 8
54	84 9
54	84 10
54	84 11
54	84 12
54	84 13
54	84 14
54	84 15
54	84 16
54	84 17
54	84 18
54	84 19
54	84 20
54	84 1
54	84 2
54	84 3
54	84 4
54	84 5
54	84 6
54	84 7
54	84 8
54	84 9
54	84 10
54	84 11
54	84 12
54	84 13
54	84 14
54	84 15
54	84 16
54	84 17
54	84 18
54	84 19
54	84 20
54	84 1
54	84 2
54	84 3
54	84 4
54	84 5
54	84 6
54	84 7
54	84 8
54	84 9
54	84 10
54	84 11
54	84 12
54	84 13
54	84 14
54	84 15
54	84 16
54	84 17
54	84 18
54	84 19
54	84 20
54	84 1
54	84 2
54	84 3
54	84 4
54	84 5
54	84 6
54	84 7
54	84 8
54	84 9
54	84 10
54	84 11
54	84 12
54	84 13
54	84 14
54	84 15
54	84 16
54	84 17
54	84 18
54	84 19
54	84 20
54	84 1
54	84 2
54	84 3
54	84 4
54	84 5
54	84 6
54	84 7
54	84 8
54	84 9
54	84 10
54	84 11
54	84 12
54	84 13
54	84 14
54	84 15
54	84 16
54	84 17
54	84 18
54	84 19
54	84 20
54	84 1
54	84 2
54	84 3
54	84 4
54	84 5
54	84 6
54	84 7
54	84 8
54	84 9
54	84 10
54	84 11
54	84 12
54	84 13
54	84 14
54	84 15
54	84 16
54	84 17
54	84 18
54	84 19
54	84 20
54	84 1
54	84 2
54	84 3
54	84 4
54	84 5
54	84 6
54	84 7
54	84 8
54	84 9
54	84 10
54	84 11
54	84 12
54	84 13
54	84 14
54	84 15
54	84 16
54	84 17
54	84 18
54	84 19
54	84 20
54	84 1
54	84 2
54	84 3
54	84 4
54	84 5
54	84 6
54	84 7
54	84 8
54	84 9
54	84 10
54	TEST_NUMBER 0
54	SENT_TOTAL 250
54	RECEIVED_TOTAL 0
54	TIME_TOTAL 0
54	RECEIVED_RADIO_1 0
54	RECEIVED_RADIO_2 0
54	SENT_RADIO_1 179
54	SENT_RADIO_2 0
54	RADIO_TIME_1 19772
54	RADIO_TIME_2 19763
54	RETRANSMISSIONS_1 76
54	RETRANSMISSIONS_2 698
54	DROPPED_1 0
54	DROPPED_2 70
54	MAX_QUEUE 2
54	DUPLICATED_1 0
54	DUPLICATED_2 0
54	EBUSY_RADIO_1 0
54	EBUSY_RADIO_2 0
54	84 1
54	84 2
54	84 3
54	84 4
54	84 5
54	84 6
54	84 7
54	84 8
54	84 9
54	84 10
54	84 11
54	84 12
54	84 13
54	84 14
54	84 15
54	84 16
54	84 17
54	84 18
54	84 19
54	84 20
54	84 1
54	84 2
54	84 3
54	84 4
54	84 5
54	84 6
54	84 7
54	84 8
54	84 9
54	84 10
54	84 11
54	84 12
54	84 13
54	84 14
54	84 15
54	84 16
54	84 17
54	84 18
54	84 19
54	84 20
54	84 1
54	84 2
54	84 3
54	84 4
54	84 5
54	84 6
54	84 7
54	84 8
54	84 9
54	84 10
54	84 11
54	84 12
54	84 13
54	84 14
54	84 15
54	84 16
54	84 17
54	84 18
54	84 19
54	84 20
54	84 1
54	84 2
54	84 3
54	84 4
54	84 5
54	84 6
54	84 7
54	84 8
54	84 9
54	84 10
54	84 11
54	84 12
54	84 13
54	84 14
54	84 15
54	84 16
54	84 17
54	84 18
54	84 19
54	84 20
54	84 1
54	84 2
54	84 3
54	84 4
54	84 5
54	84 6
54	84 7
54	84 8
54	84 9
54	84 10
54	84 11
54	84 12
54	84 13
54	84 14
54	84 15
54	84 16
54	84 17
54	84 18
54	84 19
54	84 20
54	84 1
54	84 2
54	84 3
54	84 4
54	84 5
54	84 6
54	84 7
54	84 8
54	84 9
54	84 10
54	84 11
54	84 12
54	84 13
54	84 14
54	84 15
54	84 16
54	84 17
54	84 18
54	84 19
54	84 20
54	84 1
54	84 2
54	84 3
54	84 4
54	84 5
54	84 6
54	84 7
54	84 8
54	84 9
54	84 10
54	84 11
54	84 12
54	84 13
54	84 14
54	84 15
54	84 16
54	84 17
54	84 18
54	84 19
54	84 20
54	84 1
54	84 2
54	84 3
54	84 4
54	84 5
54	84 6
54	84 7
54	84 8
54	84 9
54	84 10
54	84 11
54	84 12
54	84 13
54	84 14
54	84 15
54	84 16
54	84 17
54	84 18
54	84 19
54	84 20
54	84 1
54	84 2
54	84 3
54	84 4
54	84 5
54	84 6
54	84 7
54	84 8
54	84 9
54	84 10
54	84 11
54	84 12
54	84 13
54	84 14
54	84 15
54	84 16
54	84 17
54	84 18
54	84 19
54	84 20
54	84 1
54	84 2
54	84 3
54	84 4
54	84 5
54	84 6
54	84 7
54	84 8
54	84 9
54	84 10
54	84 11
54	84 12
54	84 13
54	84 14
54	84 15
54	84 16
54	84 17
54	84 18
54	84 19
54	84 20
54	84 1
54	84 2
54	84 3
54	84 4
54	84 5
54	84 6
54	84 7
54	84 8
54	84 9
54	84 10
54	84 11
54	84 12
54	84 13
54	84 14
54	84 15
54	84 16
54	84 17
54	84 18
54	84 19
54	84 20
54	84 1
54	84 2
54	84 3
54	84 4
54	84 5
54	84 6
54	84 7
54	84 8
54	84 9
54	84 10
54	84 11
54	84 12
54	84 13
54	84 14
54	84 15
54	84 16
54	84 17
54	84 18
54	84 19
54	84 20
54	84 1
54	84 2
54	84 3
54	84 4
54	84 5
54	84 6
54	84 7
54	84 8
54	84 9
54	84 10
54	TEST_NUMBER 1
54	SENT_TOTAL 250
54	RECEIVED_TOTAL 0
54	TIME_TOTAL 0
54	RECEIVED_RADIO_1 0
54	RECEIVED_RADIO_2 0
54	SENT_RADIO_1 176
54	SENT_RADIO_2 0
54	RADIO_TIME_1 19843
54	RADIO_TIME_2 19762
54	RETRANSMISSIONS_1 97
54	RETRANSMISSIONS_2 726
54	DROPPED_1 0
54	DROPPED_2 72
54	MAX_QUEUE 2
54	DUPLICATED_1 0
54	DUPLICATED_2 0
54	EBUSY_RADIO_1 0
54	EBUSY_RADIO_2 0
54	84 1
54	84 2
54	84 3
54	84 4
54	84 5
54	84 6
54	84 7
54	84 8
54	84 9
54	84 10
54	84 11
54	84 12
54	84 13
54	84 14
54	84 15
54	84 16
54	84 17
54	84 18
54	84 19
54	84 20
54	84 1
54	84 2
54	84 3
54	84 4
54	84 5
54	84 6
54	84 7
54	84 8
54	84 9
54	84 10
54	84 11
54	84 12
54	84 13
54	84 14
54	84 15
54	84 16
54	84 17
54	84 18
54	84 19
54	84 20
54	84 1
54	84 2
54	84 3
54	84 4
54	84 5
54	84 6
54	84 7
54	84 8
54	84 9
54	84 10
54	84 11
54	84 12
54	84 13
54	84 14
54	84 15
54	84 16
54	84 17
54	84 18
54	84 19
54	84 20
54	84 1
54	84 2
54	84 3
54	84 4
54	84 5
54	84 6
54	84 7
54	84 8
54	84 9
54	84 10
54	84 11
54	84 12
54	84 13
54	84 14
54	84 15
54	84 16
54	84 17
54	84 18
54	84 19
54	84 20
54	84 1
54	84 2
54	84 3
54	84 4
54	84 5
54	84 6
54	84 7
54	84 8
54	84 9
54	84 10
54	84 11
54	84 12
54	84 13
54	84 14
54	84 15
54	84 16
54	84 17
54	84 18
54	84 19
54	84 20
54	84 1
54	84 2
54	84 3
54	84 4
54	84 5
54	84 6
54	84 7
54	84 8
54	84 9
54	84 10
54	84 11
54	84 12
54	84 13
54	84 14
54	84 15
54	84 16
54	84 17
54	84 18
54	84 19
54	84 20
54	84 1
54	84 2
54	84 3
54	84 4
54	84 5
54	84 6
54	84 7
54	84 8
54	84 9
54	84 10
54	84 11
54	84 12
54	84 13
54	84 14
54	84 15
54	84 16
54	84 17
54	84 18
54	84 19
54	84 20
54	84 1
54	84 2
54	84 3
54	84 4
54	84 5
54	84 6
54	84 7
54	84 8
54	84 9
54	84 10
54	84 11
54	84 12
54	84 13
54	84 14
54	84 15
54	84 16
54	84 17
54	84 18
54	84 19
54	84 20
54	84 1
54	84 2
54	84 3
54	84 4
54	84 5
54	84 6
54	84 7
54	84 8
54	84 9
54	84 10
54	84 11
54	84 12
54	84 13
54	84 14
54	84 15
54	84 16
54	84 17
54	84 18
54	84 19
54	84 20
54	84 1
54	84 2
54	84 3
54	84 4
54	84 5
54	84 6
54	84 7
54	84 8
54	84 9
54	84 10
54	84 11
54	84 12
54	84 13
54	84 14
54	84 15
54	84 16
54	84 17
54	84 18
54	84 19
54	84 20
54	84 1
54	84 2
54	84 3
54	84 4
54	84 5
54	84 6
54	84 7
54	84 8
54	84 9
54	84 10
54	84 11
54	84 12
54	84 13
54	84 14
54	84 15
54	84 16
54	84 17
54	84 18
54	84 19
54	84 20
54	84 1
54	84 2
54	84 3
54	84 4
54	84 5
54	84 6
54	84 7
54	84 8
54	84 9
54	84 10
54	84 11
54	84 12
54	84 13
54	84 14
54	84 15
54	84 16
54	84 17
54	84 18
54	84 19
54	84 20
54	84 1
54	84 2
54	84 3
54	84 4
54	84 5
54	84 6
54	84 7
54	84 8
54	84 9
54	84 10
54	TEST_NUMBER 2
54	SENT_TOTAL 250
54	RECEIVED_TOTAL 0
54	TIME_TOTAL 0
54	RECEIVED_RADIO_1 0
54	RECEIVED_RADIO_2 0
54	SENT_RADIO_1 180
54	SENT_RADIO_2 0
54	RADIO_TIME_1 29860
54	RADIO_TIME_2 29799
54	RETRANSMISSIONS_1 78
54	RETRANSMISSIONS_2 701
54	DROPPED_1 0
54	DROPPED_2 71
54	MAX_QUEUE 2
54	DUPLICATED_1 0
54	DUPLICATED_2 0
54	EBUSY_RADIO_1 0
54	EBUSY_RADIO_2 0
54	84 1
54	84 2
54	84 3
54	84 4
54	84 5
54	84 6
54	84 7
54	84 8
54	84 9
54	84 10
54	84 11
54	84 12
54	84 13
54	84 14
54	84 15
54	84 16
54	84 17
54	84 18
54	84 19
54	84 20
54	84 1
54	84 2
54	84 3
54	84 4
54	84 5
54	84 6
54	84 7
54	84 8
54	84 9
54	84 10
54	84 11
54	84 12
54	84 13
54	84 14
54	84 15
54	84 16
54	84 17
54	84 18
54	84 19
54	84 20
54	84 1
54	84 2
54	84 3
54	84 4
54	84 5
54	84 6
54	84 7
54	84 8
54	84 9
54	84 10
54	84 11
54	84 12
54	84 13
54	84 14
54	84 15
54	84 16
54	84 17
54	84 18
54	84 19
54	84 20
54	84 1
54	84 2
54	84 3
54	84 4
54	84 5
54	84 6
54	84 7
54	84 8
54	84 9
54	84 10
54	84 11
54	84 12
54	84 13
54	84 14
54	84 15
54	84 16
54	84 17
54	84 18
54	84 19
54	84 20
54	84 1
54	84 2
54	84 3
54	84 4
54	84 5
54	84 6
54	84 7
54	84 8
54	84 9
54	84 10
54	84 11
54	84 12
54	84 13
54	84 14
54	84 15
54	84 16
54	84 17
54	84 18
54	84 19
54	84 20
54	84 1
54	84 2
54	84 3
54	84 4
54	84 5
54	84 6
54	84 7
54	84 8
54	84 9
54	84 10
54	84 11
54	84 12
54	84 13
54	84 14
54	84 15
54	84 16
54	84 17
54	84 18
54	84 19
54	84 20
54	84 1
54	84 2
54	84 3
54	84 4
54	84 5
54	84 6
54	84 7
54	84 8
54	84 9
54	84 10
54	84 11
54	84 12
54	84 13
54	84 14
54	84 15
54	84 16
54	84 17
54	84 18
54	84 19
54	84 20
54	84 1
54	84 2
54	84 3
54	84 4
54	84 5
54	84 6
54	84 7
54	84 8
54	84 9
54	84 10
54	84 11
54	84 12
54	84 13
54	84 14
54	84 15
54	84 16
54	84 17
54	84 18
54	84 19
54	84 20
54	84 1
54	84 2
54	84 3
54	84 4
54	84 5
54	84 6
54	84 7
54	84 8
54	84 9
54	84 10
54	84 11
54	84 12
54	84 13
54	84 14
54	84 15
54	84 16
54	84 17
54	84 18
54	84 19
54	84 20
54	84 1
54	84 2
54	84 3
54	84 4
54	84 5
54	84 6
54	84 7
54	84 8
54	84 9
54	84 10
54	84 11
54	84 12
54	84 13
54	84 14
54	84 15
54	84 16
54	84 17
54	84 18
54	84 19
54	84 20
54	84 1
54	84 2
54	84 3
54	84 4
54	84 5
54	84 6
54	84 7
54	84 8
54	84 9
54	84 10
54	84 11
54	84 12
54	84 13
54	84 14
54	84 15
54	84 16
54	84 17
54	84 18
54	84 19
54	84 20
54	84 1
54	84 2
54	84 3
54	84 4
54	84 5
54	84 6
54	84 7
54	84 8
54	84 9
54	84 10
54	84 11
54	84 12
54	84 13
54	84 14
54	84 15
54	84 16
54	84 17
54	84 18
54	84 19
54	84 20
54	84 1
54	84 2
54	84 3
54	84 4
54	84 5
54	84 6
54	84 7
54	84 8
54	84 9
54	84 10
54	TEST_NUMBER 3
54	SENT_TOTAL 250
54	RECEIVED_TOTAL 0
54	TIME_TOTAL 0
54	RECEIVED_RADIO_1 0
54	RECEIVED_RADIO_2 0
54	SENT_RADIO_1 178
54	SENT_RADIO_2 0
54	RADIO_TIME_1 19763
54	RADIO_TIME_2 19778
54	RETRANSMISSIONS_1 90
54	RETRANSMISSIONS_2 698
54	DROPPED_1 1
54	DROPPED_2 70
54	MAX_QUEUE 2
54	DUPLICATED_1 0
54	DUPLICATED_2 0
54	EBUSY_RADIO_1 0
54	EBUSY_RADIO_2 0
54	84 1
54	84 2
54	84 3
54	84 4
54	84 5
54	84 6
54	84 7
54	84 8
54	84 9
54	84 10
54	84 11
54	84 12
54	84 13
54	84 14
54	84 15
54	84 16
54	84 17
54	84 18
54	84 19
54	84 20
54	84 1
54	84 2
54	84 3
54	84 4
54	84 5
54	84 6
54	84 7
54	84 8
54	84 9
54	84 10
54	84 11
54	84 12
54	84 13
54	84 14
54	84 15
54	84 16
54	84 17
54	84 18
54	84 19
54	84 20
54	84 1
54	84 2
54	84 3
54	84 4
54	84 5
54	84 6
54	84 7
54	84 8
54	84 9
54	84 10
54	84 11
54	84 12
54	84 13
54	84 14
54	84 15
54	84 16
54	84 17
54	84 18
54	84 19
54	84 20
54	84 1
54	84 2
54	84 3
54	84 4
54	84 5
54	84 6
54	84 7
54	84 8
54	84 9
54	84 10
54	84 11
54	84 12
54	84 13
54	84 14
54	84 15
54	84 16
54	84 17
54	84 18
54	84 19
54	84 20
54	84 1
54	84 2
54	84 3
54	84 4
54	84 5
54	84 6
54	84 7
54	84 8
54	84 9
54	84 10
54	84 11
54	84 12
54	84 13
54	84 14
54	84 15
54	84 16
54	84 17
54	84 18
54	84 19
54	84 20
54	84 1
54	84 2
54	84 3
54	84 4
54	84 5
54	84 6
54	84 7
54	84 8
54	84 9
54	84 10
54	84 11
54	84 12
54	84 13
54	84 14
54	84 15
54	84 16
54	84 17
54	84 18
54	84 19
54	84 20
54	84 1
54	84 2
54	84 3
54	84 4
54	84 5
54	84 6
54	84 7
54	84 8
54	84 9
54	84 10
54	84 11
54	84 12
54	84 13
54	84 14
54	84 15
54	84 16
54	84 17
54	84 18
54	84 19
54	84 20
54	84 1
54	84 2
54	84 3
54	84 4
54	84 5
54	84 6
54	84 7
54	84 8
54	84 9
54	84 10
54	84 11
54	84 12
54	84 13
54	84 14
54	84 15
54	84 16
54	84 17
54	84 18
54	84 19
54	84 20
54	84 1
54	84 2
54	84 3
54	84 4
54	84 5
54	84 6
54	84 7
54	84 8
54	84 9
54	84 10
54	84 11
54	84 12
54	84 13
54	84 14
54	84 15
54	84 16
54	84 17
54	84 18
54	84 19
54	84 20
54	84 1
54	84 2
54	84 3
54	84 4
54	84 5
54	84 6
54	84 7
54	84 8
54	84 9
54	84 10
54	84 11
54	84 12
54	84 13
54	84 14
54	84 15
54	84 16
54	84 17
54	84 18
54	84 19
54	84 20
54	84 1
54	84 2
54	84 3
54	84 4
54	84 5
54	84 6
54	84 7
54	84 8
54	84 9
54	84 10
54	84 11
54	84 12
54	84 13
54	84 14
54	84 15
54	84 16
54	84 17
54	84 18
54	84 19
54	84 20
54	84 1
54	84 2
54	84 3
54	84 4
54	84 5
54	84 6
54	84 7
54	84 8
54	84 9
54	84 10
54	84 11
54	84 12
54	84 13
54	84 14
54	84 15
54	84 16
54	84 17
54	84 18
54	84 19
54	84 20
54	84 1
54	84 2
54	84 3
54	84 4
54	84 5
54	84 6
54	84 7
54	84 8
54	84 9
54	84 10
54	TEST_NUMBER 4
54	SENT_TOTAL 250
54	RECEIVED_TOTAL 0
54	TIME_TOTAL 0
54	RECEIVED_RADIO_1 0
54	RECEIVED_RADIO_2 0
54	SENT_RADIO_1 180
54	SENT_RADIO_2 0
54	RADIO_TIME_1 29781
54	RADIO_TIME_2 29802
54	RETRANSMISSIONS_1 76
54	RETRANSMISSIONS_2 698
54	DROPPED_1 0
54	DROPPED_2 70
54	MAX_QUEUE 2
54	DUPLICATED_1 0
54	DUPLICATED_2 0
54	EBUSY_RADIO_1 0
54	EBUSY_RADIO_2 0
54	84 1
54	84 2
54	84 3
54	84 4
54	84 5
54	84 6
54	84 7
54	84 8
54	84 9
54	84 10
54	84 11
54	84 12
54	84 13
54	84 14
54	84 15
54	84 16
54	84 17
54	84 18
54	84 19
54	84 20
54	84 1
54	84 2
54	84 3
54	84 4
54	84 5
54	84 6
54	84 7
54	84 8
54	84 9
54	84 10
54	84 11
54	84 12
54	84 13
54	84 14
54	84 15
54	84 16
54	84 17
54	84 18
54	84 19
54	84 20
54	84 1
54	84 2
54	84 3
54	84 4
54	84 5
54	84 6
54	84 7
54	84 8
54	84 9
54	84 10
54	84 11
54	84 12
54	84 13
54	84 14
54	84 15
54	84 16
54	84 17
54	84 18
54	84 19
54	84 20
54	84 1
54	84 2
54	84 3
54	84 4
54	84 5
54	84 6
54	84 7
54	84 8
54	84 9
54	84 10
54	84 11
54	84 12
54	84 13
54	84 14
54	84 15
54	84 16
54	84 17
54	84 18
54	84 19
54	84 20
54	84 1
54	84 2
54	84 3
54	84 4
54	84 5
54	84 6
54	84 7
54	84 8
54	84 9
54	84 10
54	84 11
54	84 12
54	84 13
54	84 14
54	84 15
54	84 16
54	84 17
54	84 18
54	84 19
54	84 20
54	84 1
54	84 2
54	84 3
54	84 4
54	84 5
54	84 6
54	84 7
54	84 8
54	84 9
54	84 10
54	84 11
54	84 12
54	84 13
54	84 14
54	84 15
54	84 16
54	84 17
54	84 18
54	84 19
54	84 20
54	84 1
54	84 2
54	84 3
54	84 4
54	84 5
54	84 6
54	84 7
54	84 8
54	84 9
54	84 10
54	84 11
54	84 12
54	84 13
54	84 14
54	84 15
54	84 16
54	84 17
54	84 18
54	84 19
54	84 20
54	84 1
54	84 2
54	84 3
54	84 4
54	84 5
54	84 6
54	84 7
54	84 8
54	84 9
54	84 10
54	84 11
54	84 12
54	84 13
54	84 14
54	84 15
54	84 16
54	84 17
54	84 18
54	84 19
54	84 20
54	84 1
54	84 2
54	84 3
54	84 4
54	84 5
54	84 6
54	84 7
54	84 8
54	84 9
54	84 10
54	84 11
54	84 12
54	84 13
54	84 14
54	84 15
54	84 16
54	84 17
54	84 18
54	84 19
54	84 20
54	84 1
54	84 2
54	84 3
54	84 4
54	84 5
54	84 6
54	84 7
54	84 8
54	84 9
54	84 10
54	84 11
54	84 12
54	84 13
54	84 14
54	84 15
54	84 16
54	84 17
54	84 18
54	84 19
54	84 20
54	84 1
54	84 2
54	84 3
54	84 4
54	84 5
54	84 6
54	84 7
54	84 8
54	84 9
54	84 10
54	84 11
54	84 12
54	84 13
54	84 14
54	84 15
54	84 16
54	84 17
54	84 18
54	84 19
54	84 20
54	84 1
54	84 2
54	84 3
54	84 4
54	84 5
54	84 6
54	84 7
54	84 8
54	84 9
54	84 10
54	84 11
54	84 12
54	84 13
54	84 14
54	84 15
54	84 16
54	84 17
54	84 18
54	84 19
54	84 20
54	84 1
54	84 2
54	84 3
54	84 4
54	84 5
54	84 6
54	84 7
54	84 8
54	84 9
54	84 10
54	TEST_NUMBER 5
54	SENT_TOTAL 250
54	RECEIVED_TOTAL 0
54	TIME_TOTAL 0
54	RECEIVED_RADIO_1 0
54	RECEIVED_RADIO_2 0
54	SENT_RADIO_1 183
54	SENT_RADIO_2 0
54	RADIO_TIME_1 29710
54	RADIO_TIME_2 29874
54	RETRANSMISSIONS_1 85
54	RETRANSMISSIONS_2 687
54	DROPPED_1 0
54	DROPPED_2 69
54	MAX_QUEUE 2
54	DUPLICATED_1 0
54	DUPLICATED_2 0
54	EBUSY_RADIO_1 0
54	EBUSY_RADIO_2 0
54	84 1
54	84 2
54	84 3
54	84 4
54	84 5
54	84 6
54	84 7
54	84 8
54	84 9
54	84 10
54	84 11
54	84 12
54	84 13
54	84 14
54	84 15
54	84 16
54	84 17
54	84 18
54	84 19
54	84 20
54	84 1
54	84 2
54	84 3
54	84 4
54	84 5
54	84 6
54	84 7
54	84 8
54	84 9
54	84 10
54	84 11
54	84 12
54	84 13
54	84 14
54	84 15
54	84 16
54	84 17
54	84 18
54	84 19
54	84 20
54	84 1
54	84 2
54	84 3
54	84 4
54	84 5
54	84 6
54	84 7
54	84 8
54	84 9
54	84 10
54	84 11
54	84 12
54	84 13
54	84 14
54	84 15
54	84 16
54	84 17
54	84 18
54	84 19
54	84 20
54	84 1
54	84 2
54	84 3
54	84 4
54	84 5
54	84 6
54	84 7
54	84 8
54	84 9
54	84 10
54	84 11
54	84 12
54	84 13
54	84 14
54	84 15
54	84 16
54	84 17
54	84 18
54	84 19
54	84 20
54	84 1
54	84 2
54	84 3
54	84 4
54	84 5
54	84 6
54	84 7
54	84 8
54	84 9
54	84 10
54	84 11
54	84 12
54	84 13
54	84 14
54	84 15
54	84 16
54	84 17
54	84 18
54	84 19
54	84 20
54	84 1
54	84 2
54	84 3
54	84 4
54	84 5
54	84 6
54	84 7
54	84 8
54	84 9
54	84 10
54	84 11
54	84 12
54	84 13
54	84 14
54	84 15
54	84 16
54	84 17
54	84 18
54	84 19
54	84 20
54	84 1
54	84 2
54	84 3
54	84 4
54	84 5
54	84 6
54	84 7
54	84 8
54	84 9
54	84 10
54	84 11
54	84 12
54	84 13
54	84 14
54	84 15
54	84 16
54	84 17
54	84 18
54	84 19
54	84 20
54	84 1
54	84 2
54	84 3
54	84 4
54	84 5
54	84 6
54	84 7
54	84 8
54	84 9
54	84 10
54	84 11
54	84 12
54	84 13
54	84 14
54	84 15
54	84 16
54	84 17
54	84 18
54	84 19
54	84 20
54	84 1
54	84 2
54	84 3
54	84 4
54	84 5
54	84 6
54	84 7
54	84 8
54	84 9
54	84 10
54	84 11
54	84 12
54	84 13
54	84 14
54	84 15
54	84 16
54	84 17
54	84 18
54	84 19
54	84 20
54	84 1
54	84 2
54	84 3
54	84 4
54	84 5
54	84 6
54	84 7
54	84 8
54	84 9
54	84 10
54	84 11
54	84 12
54	84 13
54	84 14
54	84 15
54	84 16
54	84 17
54	84 18
54	84 19
54	84 20
54	84 1
54	84 2
54	84 3
54	84 4
54	84 5
54	84 6
54	84 7
54	84 8
54	84 9
54	84 10
54	84 11
54	84 12
54	84 13
54	84 14
54	84 15
54	84 16
54	84 17
54	84 18
54	84 19
54	84 20
54	84 1
54	84 2
54	84 3
54	84 4
54	84 5
54	84 6
54	84 7
54	84 8
54	84 9
54	84 10
54	84 11
54	84 12
54	84 13
54	84 14
54	84 15
54	84 16
54	84 17
54	84 18
54	84 19
54	84 20
54	84 1
54	84 2
54	84 3
54	84 4
54	84 5
54	84 6
54	84 7
54	84 8
54	84 9
54	84 10
54	TEST_NUMBER 6
54	SENT_TOTAL 250
54	RECEIVED_TOTAL 0
54	TIME_TOTAL 0
54	RECEIVED_RADIO_1 0
54	RECEIVED_RADIO_2 0
54	SENT_RADIO_1 176
54	SENT_RADIO_2 0
54	RADIO_TIME_1 19843
54	RADIO_TIME_2 19762
54	RETRANSMISSIONS_1 92
54	RETRANSMISSIONS_2 727
54	DROPPED_1 0
54	DROPPED_2 72
54	MAX_QUEUE 2
54	DUPLICATED_1 0
54	DUPLICATED_2 0
54	EBUSY_RADIO_1 0
54	EBUSY_RADIO_2 0

55	RELAY_NODE 55
55	TEST_NUMBER 0
55	SENT_TOTAL 0
55	RECEIVED_TOTAL 0
55	TIME_TOTAL 0
55	RECEIVED_RADIO_1 138
55	RECEIVED_RADIO_2 0
55	SENT_RADIO_1 0
55	SENT_RADIO_2 0
55	RADIO_TIME_1 15316
55	RADIO_TIME_2 15402
55	RETRANSMISSIONS_1 0
55	RETRANSMISSIONS_2 1352
55	DROPPED_1 0
55	DROPPED_2 135
55	MAX_QUEUE 3
55	DUPLICATED_1 64
55	DUPLICATED_2 0
55	EBUSY_RADIO_1 0
55	EBUSY_RADIO_2 0
55	TEST_NUMBER 1
55	SENT_TOTAL 0
55	RECEIVED_TOTAL 0
55	TIME_TOTAL 0
55	RECEIVED_RADIO_1 180
55	RECEIVED_RADIO_2 0
55	SENT_RADIO_1 0
55	SENT_RADIO_2 0
55	RADIO_TIME_1 29724
55	RADIO_TIME_2 29871
55	RETRANSMISSIONS_1 0
55	RETRANSMISSIONS_2 1800
55	DROPPED_1 0
55	DROPPED_2 181
55	MAX_QUEUE 4
55	DUPLICATED_1 76
55	DUPLICATED_2 0
55	EBUSY_RADIO_1 0
55	EBUSY_RADIO_2 0
55	TEST_NUMBER 2
55	SENT_TOTAL 0
55	RECEIVED_TOTAL 0
55	TIME_TOTAL 0
55	RECEIVED_RADIO_1 176
55	RECEIVED_RADIO_2 0
55	SENT_RADIO_1 0
55	SENT_RADIO_2 0
55	RADIO_TIME_1 29723
55	RADIO_TIME_2 29869
55	RETRANSMISSIONS_1 0
55	RETRANSMISSIONS_2 1750
55	DROPPED_1 0
55	DROPPED_2 175
55	MAX_QUEUE 3
55	DUPLICATED_1 101
55	DUPLICATED_2 0
55	EBUSY_RADIO_1 0
55	EBUSY_RADIO_2 0
55	TEST_NUMBER 3
55	SENT_TOTAL 0
55	RECEIVED_TOTAL 0
55	TIME_TOTAL 0
55	RECEIVED_RADIO_1 181
55	RECEIVED_RADIO_2 0
55	SENT_RADIO_1 0
55	SENT_RADIO_2 0
55	RADIO_TIME_1 29811
55	RADIO_TIME_2 29872
55	RETRANSMISSIONS_1 0
55	RETRANSMISSIONS_2 1790
55	DROPPED_1 0
55	DROPPED_2 180
55	MAX_QUEUE 3
55	DUPLICATED_1 86
55	DUPLICATED_2 0
55	EBUSY_RADIO_1 0
55	EBUSY_RADIO_2 0
55	TEST_NUMBER 4
55	SENT_TOTAL 0
55	RECEIVED_TOTAL 0
55	TIME_TOTAL 0
55	RECEIVED_RADIO_1 181
55	RECEIVED_RADIO_2 0
55	SENT_RADIO_1 0
55	SENT_RADIO_2 0
55	RADIO_TIME_1 29711
55	RADIO_TIME_2 29874
55	RETRANSMISSIONS_1 0
55	RETRANSMISSIONS_2 1819
55	DROPPED_1 0
55	DROPPED_2 183
55	MAX_QUEUE 4
55	DUPLICATED_1 69
55	DUPLICATED_2 0
55	EBUSY_RADIO_1 0
55	EBUSY_RADIO_2 0
55	TEST_NUMBER 5
55	SENT_TOTAL 0
55	RECEIVED_TOTAL 0
55	TIME_TOTAL 0
55	RECEIVED_RADIO_1 180
55	RECEIVED_RADIO_2 0
55	SENT_RADIO_1 0
55	SENT_RADIO_2 0
55	RADIO_TIME_1 29730
55	RADIO_TIME_2 29877
55	RETRANSMISSIONS_1 0
55	RETRANSMISSIONS_2 1785
55	DROPPED_1 0
55	DROPPED_2 179
55	MAX_QUEUE 5
55	DUPLICATED_1 91
55	DUPLICATED_2 0
55	EBUSY_RADIO_1 0
55	EBUSY_RADIO_2 0
55	TEST_NUMBER 6
55	SENT_TOTAL 0
55	RECEIVED_TOTAL 0
55	TIME_TOTAL 0
55	RECEIVED_RADIO_1 177
55	RECEIVED_RADIO_2 0
55	SENT_RADIO_1 0
55	SENT_RADIO_2 0
55	RADIO_TIME_1 29728
55	RADIO_TIME_2 29870
55	RETRANSMISSIONS_1 0
55	RETRANSMISSIONS_2 1772
55	DROPPED_1 0
55	DROPPED_2 178
55	MAX_QUEUE 3
55	DUPLICATED_1 85
55	DUPLICATED_2 0
55	EBUSY_RADIO_1 0
55	EBUSY_RADIO_2 0
