
6	RELAY_NODE 6

8	RELAY_NODE 8

13	RELAY_NODE 13
13	TEST_NUMBER 0
13	SENT_TOTAL 0
13	RECEIVED_TOTAL 0
13	TIME_TOTAL 0
13	RECEIVED_RADIO_1 41
13	RECEIVED_RADIO_2 0
13	SENT_RADIO_1 0
13	SENT_RADIO_2 41
13	RADIO_TIME_1 12922
13	RADIO_TIME_2 12923
13	RETRANSMISSIONS_1 0
13	RETRANSMISSIONS_2 0
13	DROPPED_1 0
13	DROPPED_2 0
13	MAX_QUEUE 1
13	DUPLICATED_1 1
13	DUPLICATED_2 0
13	EBUSY_RADIO_1 0
13	EBUSY_RADIO_2 0

14	DESTINATION_NODE 14
14	TEST_NUMBER 0
14	SENT_TOTAL 88
14	RECEIVED_TOTAL 88
14	TIME_TOTAL 13873
14	RECEIVED_RADIO_1 0
14	RECEIVED_RADIO_2 88
14	SENT_RADIO_1 44
14	SENT_RADIO_2 44
14	RADIO_TIME_1 13873
14	RADIO_TIME_2 13873
14	RETRANSMISSIONS_1 1
14	RETRANSMISSIONS_2 0
14	DROPPED_1 0
14	DROPPED_2 0
14	MAX_QUEUE 1
14	DUPLICATED_1 0
14	DUPLICATED_2 0
14	EBUSY_RADIO_1 0
14	EBUSY_RADIO_2 0
14	86 0
14	86 0
14	86 0
14	86 0
14	86 0
14	86 0
14	86 0
14	86 0
14	86 0
14	86 0
14	86 0
14	86 0
14	86 0
14	86 0
14	86 0
14	86 0
14	86 0
14	86 0
14	86 0
14	86 0
14	86 0
14	86 0
14	86 0
14	86 0
14	86 0
14	86 0
14	86 0
14	86 0
14	86 0
14	86 0

27	RELAY_NODE 27
27	TEST_NUMBER 0
27	SENT_TOTAL 0
27	RECEIVED_TOTAL 0
27	TIME_TOTAL 0
27	RECEIVED_RADIO_1 0
27	RECEIVED_RADIO_2 123
27	SENT_RADIO_1 0
27	SENT_RADIO_2 0
27	RADIO_TIME_1 19303
27	RADIO_TIME_2 19286
27	RETRANSMISSIONS_1 1209

29	RELAY_NODE 29
29	TEST_NUMBER 0
29	SENT_TOTAL 0
29	RECEIVED_TOTAL 0
29	TIME_TOTAL 0
29	RECEIVED_RADIO_1 120
29	RECEIVED_RADIO_2 60
29	SENT_RADIO_1 60
29	SENT_RADIO_2 120
29	RADIO_TIME_1 19049
29	RADIO_TIME_2 19049
29	RETRANSMISSIONS_1 3
29	RETRANSMISSIONS_2 0
29	DROPPED_1 0

30	SOURCE_NODE 30
30	84 1
30	84 2
30	84 3
30	83 3
30	85 3
30	79 47
30	84 4
30	84 5
30	84 6
30	84 7
30	83 7
30	85 7
30	79 56
30	84 8
30	84 9
30	84 10
30	84 11
30	83 11
30	85 11
30	79 55
30	84 12
30	84 13
30	84 14
30	84 15
30	83 15
30	85 15
30	79 56
30	84 16
30	84 17
30	84 18
30	84 19
30	83 19
30	85 19
30	79 53
30	84 20
30	84 1
30	84 2
30	84 3
30	83 3
30	85 3
30	79 50
30	84 4
30	84 5
30	84 6
30	84 7
30	83 7
30	85 7
30	79 51
30	84 8
30	84 9
30	84 10
30	84 11
30	83 11
30	85 11
30	79 53
30	84 12
30	84 13
30	84 14
30	84 15
30	83 15
30	85 15
30	79 49
30	84 16
30	84 17
30	84 18
30	84 19
30	83 19
30	85 19
30	79 57
30	84 20
30	84 1
30	84 2
30	84 3
30	83 3
30	85 3
30	79 57
30	84 4
30	84 5
30	84 6
30	84 7
30	83 7
30	85 7
30	79 61
30	84 8
30	84 9
30	84 10
30	84 11
30	83 11
30	85 11
30	79 61
30	84 12
30	84 13
30	84 14
30	84 15
30	83 15
30	85 15
30	79 53
30	84 16
30	84 17
30	84 18
30	84 19
30	83 19
30	85 19
30	79 52
30	84 20
30	84 1
30	84 2
30	84 3
30	83 3
30	85 3
30	79 61
30	84 4
30	84 5
30	84 6
30	84 7
30	83 7
30	85 7
30	79 51
30	84 8
30	84 9
30	84 10
30	84 11
30	83 11
30	85 11
30	79 52
30	84 12
30	84 13
30	84 14
30	84 15
30	83 15
30	85 15
30	79 53
30	84 16
30	84 17
30	84 18
30	84 19
30	83 19
30	85 19
30	79 58
30	84 20
30	84 1
30	84 2
30	84 3
30	83 3
30	85 3
30	79 59
30	84 4
30	84 5
30	84 6
30	84 7
30	83 7
30	85 7
30	79 52
30	84 8
30	84 9
30	84 10
30	84 11
30	83 11
30	85 11
30	79 49
30	84 12
30	84 13
30	84 14
30	84 15
30	83 15
30	85 15
30	79 58
30	84 16
30	84 17
30	84 18
30	84 19
30	83 19
30	85 19
30	79 59
30	84 20
30	84 1
30	84 2
30	84 3
30	83 3
30	85 3
30	79 54
30	84 4
30	84 5
30	84 6
30	84 7
30	83 7
30	85 7
30	79 51
30	84 8
30	84 9
30	84 10
30	84 11
30	83 11
30	85 11
30	79 48
30	84 12
30	84 13
30	84 14
30	84 15
30	83 15
30	85 15
30	79 59
30	84 16
30	84 17
30	84 18
30	84 19
30	83 19
30	85 19
30	79 53
30	84 20
30	84 1
30	83 1
30	85 1
30	79 64
30	84 2
30	84 3
30	84 4
30	84 5
30	83 5
30	85 5
30	79 52
30	84 6
30	84 7
30	84 8
30	84 9
30	83 9
30	85 9
30	79 64
30	84 10
30	84 11
30	84 12
30	84 13
30	83 13
30	85 13
30	79 49
30	84 14
30	84 15
30	84 16
30	84 17
30	83 17
30	85 17
30	79 52
30	84 18
30	84 19
30	84 20
30	84 1
30	83 1
30	85 1
30	79 55
30	84 2
30	84 3
30	84 4
30	84 5
30	83 5
30	85 5
30	79 50
30	84 6
30	84 7
30	84 8
30	84 9
30	83 9
30	85 9
30	79 58
30	84 10
30	84 11
30	84 12
30	84 13
30	83 13
30	85 13
30	79 52
30	84 14
30	84 15
30	84 16
30	84 17
30	83 17
30	85 17
30	79 50
30	84 18
30	84 19
30	84 20
30	84 1
30	83 1
30	85 1
30	79 56
30	84 2
30	84 3
30	84 4
30	84 5
30	83 5
30	85 5
30	79 59
30	84 6
30	84 7
30	84 8
30	84 9
30	83 9
30	85 9
30	79 52
30	84 10
30	84 11
30	84 12
30	84 13
30	83 13
30	85 13
30	79 48
30	84 14
30	84 15
30	84 16
30	84 17
30	83 17
30	85 17
30	79 54
30	84 18
30	84 19
30	84 20
30	84 1
30	83 1
30	85 1
30	79 57
30	84 2
30	84 3
30	84 4
30	84 5
30	84 6
30	84 7
30	84 8
30	84 9
30	83 9
30	85 5
30	79 372
30	83 9
30	85 9
30	79 63
30	84 10
30	84 11
30	84 12
30	84 13
30	84 14
30	83 14
30	85 14
30	79 60
30	84 15
30	84 16
30	84 17
30	84 18
30	83 18
30	85 18
30	79 53
30	84 19
30	84 20
30	84 1
30	84 2
30	83 2
30	85 2
30	79 54
30	84 3
30	84 4
30	84 5
30	84 6
30	83 6
30	85 6
30	79 53
30	84 7
30	84 8
30	84 9
30	84 10
30	83 10
30	85 10
30	79 57
30	84 11
30	84 12
30	84 13
30	84 14
30	83 14
30	85 14
30	79 54
30	84 15
30	84 16
30	84 17
30	84 18
30	83 18
30	85 18
30	79 55
30	84 19
30	84 20
30	84 1
30	84 2
30	83 2
30	85 2
30	79 52
30	84 3
30	84 4
30	84 5
30	84 6
30	84 7
30	84 8
30	84 9
30	84 10
30	83 10
30	85 6
30	79 383
30	83 10
30	85 10
30	79 71
30	84 11
30	84 12
30	84 13
30	84 14
30	83 14
30	85 14
30	79 51
30	84 15
30	84 16
30	84 17
30	84 18
30	83 18
30	85 18
30	79 49
30	84 19
30	84 20
30	84 1
30	84 2
30	84 3
30	83 3
30	85 3
30	79 58
30	84 4
30	84 5
30	84 6
30	84 7
30	83 7
30	85 7
30	79 63
30	84 8

34	RELAY_NODE 34
34	TEST_NUMBER 0
34	SENT_TOTAL 0
34	RECEIVED_TOTAL 0
34	TIME_TOTAL 0
34	RECEIVED_RADIO_1 44
34	RECEIVED_RADIO_2 87
34	SENT_RADIO_1 87
34	SENT_RADIO_2 44
34	RADIO_TIME_1 13733
34	RADIO_TIME_2 13733
34	RETRANSMISSIONS_1 0
34	RETRANSMISSIONS_2 0
34	DROPPED_1 0
34	DROPPED_2 0
34	MAX_QUEUE 1
34	DUPLICATED_1 3
34	DUPLICATED_2 0
34	EBUSY_RADIO_1 0
34	EBUSY_RADIO_2 0

35	RELAY_NODE 35
35	TEST_NUMBER 0
35	SENT_TOTAL 0
35	RECEIVED_TOTAL 0
35	TIME_TOTAL 0
35	RECEIVED_RADIO_1 90
35	RECEIVED_RADIO_2 45
35	SENT_RADIO_1 45
35	SENT_RADIO_2 90
35	RADIO_TIME_1 14192
35	RADIO_TIME_2 14192
35	RETRANSMISSIONS_1 3
35	RETRANSMISSIONS_2 0
35	DROPPED_1 0
35	DROPPED_2 0
35	MAX_QUEUE 1
35	DUPLICATED_1 0
35	DUPLICATED_2 0
35	EBUSY_RADIO_1 0
35	EBUSY_RADIO_2 0
