
19	SOURCE_NODE 19
19	84 1
19	83 1
19	85 1
19	79 10
19	84 2
19	83 2
19	85 2
19	79 10
19	84 3
19	83 3
19	85 3
19	79 14
19	84 4
19	83 4
19	85 4
19	79 15
19	84 5
19	83 5
19	85 5
19	79 16
19	84 6
19	83 6
19	85 6
19	79 14
19	84 7
19	83 7
19	85 7
19	79 16
19	84 8
19	83 8
19	85 8
19	79 14
19	84 9
19	83 9
19	85 9
19	79 13
19	84 10
19	83 10
19	85 10
19	79 16
19	84 11
19	83 11
19	85 11
19	79 14
19	84 12
19	83 12
19	85 12
19	79 16
19	84 13
19	83 13
19	85 13
19	79 15
19	84 14
19	83 14
19	85 14
19	79 15
19	84 15
19	83 15
19	85 15
19	79 20
19	84 16
19	83 16
19	85 16
19	79 14
19	84 17
19	83 17
19	85 17
19	79 16
19	84 18
19	83 18
19	85 18
19	79 11
19	84 19
19	83 19
19	85 19
19	79 11
19	84 20
19	83 20
19	85 20
19	79 13
19	84 1
19	83 1
19	85 1
19	79 17
19	84 2
19	83 2
19	85 2
19	79 14
19	84 3
19	83 3
19	85 3
19	79 13
19	84 4
19	83 4
19	85 4
19	79 14
19	84 5
19	83 5
19	85 5
19	79 15
19	84 6
19	83 6
19	85 6
19	79 14
19	84 7
19	83 7
19	85 7
19	79 16
19	84 8
19	83 8
19	85 8
19	79 18
19	84 9
19	83 9
19	85 9
19	79 13
19	84 10
19	83 10
19	85 10
19	79 15
19	84 11
19	83 11
19	85 11
19	79 16
19	84 12
19	83 12
19	85 12
19	79 16
19	84 13
19	83 13
19	85 13
19	79 14
19	84 14
19	83 14
19	85 14
19	79 16
19	84 15
19	83 15
19	85 15
19	79 15
19	84 16
19	83 16
19	85 16
19	79 17
19	84 17
19	83 17
19	85 17
19	79 13
19	84 18
19	83 18
19	85 18
19	79 14
19	84 19
19	83 19
19	85 19
19	79 12
19	84 20
19	83 20
19	85 20
19	79 12
19	84 1
19	83 1
19	85 1
19	79 16
19	84 2
19	83 2
19	85 2
19	79 14
19	84 3
19	83 3
19	85 3
19	79 17
19	84 4
19	83 4
19	85 4
19	79 14
19	84 5
19	83 5
19	85 5
19	79 15
19	84 6
19	83 6
19	85 6
19	79 15
19	84 7
19	83 7
19	85 7
19	79 16
19	84 8
19	83 8
19	85 8
19	79 16
19	84 9
19	83 9
19	85 9
19	79 14
19	84 10
19	83 10
19	85 10
19	79 18
19	84 11
19	83 11
19	85 11
19	79 18
19	84 12
19	83 12
19	85 12
19	79 18
19	84 13
19	83 13
19	85 13
19	79 16
19	84 14
19	83 14
19	85 14
19	79 19
19	84 15
19	83 15
19	85 15
19	79 13
19	84 16
19	83 16
19	85 16
19	79 14
19	84 17
19	83 17
19	85 17
19	79 19
19	84 18
19	83 18
19	85 18
19	79 13
19	84 19
19	83 19
19	85 19
19	79 13
19	84 20
19	83 20
19	85 20
19	79 15
19	84 1
19	83 1
19	85 1
19	79 13
19	84 2
19	83 2
19	85 2
19	79 15
19	84 3
19	83 3
19	85 3
19	79 18
19	84 4
19	83 4
19	85 4
19	79 15
19	84 5
19	83 5
19	85 5
19	79 15
19	84 6
19	83 6
19	85 6
19	79 16
19	84 7
19	83 7
19	85 7
19	79 16
19	84 8
19	83 8
19	85 8
19	79 15
19	84 9
19	83 9
19	85 9
19	79 13
19	84 10
19	83 10
19	85 10
19	79 13
19	84 11
19	83 11
19	85 11
19	79 15
19	84 12
19	83 12
19	85 12
19	79 16
19	84 13
19	83 13
19	85 13
19	79 15
19	84 14
19	83 14
19	85 14
19	79 15
19	84 15
19	83 15
19	85 15
19	79 16
19	84 16
19	83 16
19	85 16
19	79 16
19	84 17
19	83 17
19	85 17
19	79 13
19	84 18
19	83 18
19	85 18
19	79 16
19	84 19
19	83 19
19	85 19
19	79 15
19	84 20
19	83 20
19	85 20
19	79 15
19	84 1
19	83 1
19	85 1
19	79 15
19	84 2
19	83 2
19	85 2
19	79 13
19	84 3
19	83 3
19	85 3
19	79 16
19	84 4
19	83 4
19	85 4
19	79 18
19	84 5
19	83 5
19	85 5
19	79 15
19	84 6
19	83 6
19	85 6
19	79 19
19	84 7
19	83 7
19	85 7
19	79 15
19	84 8
19	83 8
19	85 8
19	79 18
19	84 9
19	83 9
19	85 9
19	79 13
19	84 10
19	83 10
19	85 10
19	79 11
19	84 11
19	83 11
19	85 11
19	79 16
19	84 12
19	83 12
19	85 12
19	79 13
19	84 13
19	83 13
19	85 13
19	79 16
19	84 14
19	83 14
19	85 14
19	79 17
19	84 15
19	83 15
19	85 15
19	79 17
19	84 16
19	83 16
19	85 16
19	79 14
19	84 17
19	83 17
19	85 17
19	79 17
19	84 18
19	83 18
19	85 18
19	79 16
19	84 19
19	83 19
19	85 19
19	79 13
19	84 20
19	83 20
19	85 20
19	79 15
19	84 1
19	83 1
19	85 1
19	79 16
19	84 2
19	83 2
19	85 2
19	79 15
19	84 3
19	83 3
19	85 3
19	79 11
19	84 4
19	83 4
19	85 4
19	79 15
19	84 5
19	83 5
19	85 5
19	79 16
19	84 6
19	83 6
19	85 6
19	79 15
19	84 7
19	83 7
19	85 7
19	79 13
19	84 8
19	83 8
19	85 8
19	79 11
19	84 9
19	83 9
19	85 9
19	79 12
19	84 10
19	83 10
19	85 10
19	79 16
19	84 11
19	83 11
19	85 11
19	79 18
19	84 12
19	83 12
19	85 12
19	79 15
19	84 13
19	83 13
19	85 13
19	79 13
19	84 14
19	83 14
19	85 14
19	79 18
19	84 15
19	83 15
19	85 15
19	79 20
19	84 16
19	83 16
19	85 16
19	79 14
19	84 17
19	83 17
19	85 17
19	79 15
19	84 18
19	83 18
19	85 18
19	79 13
19	84 19
19	83 19
19	85 19
19	79 15
19	84 20
19	83 20
19	85 20
19	79 13
19	84 1
19	83 1
19	85 1
19	79 14
19	84 2
19	83 2
19	85 2
19	79 17
19	84 3
19	83 3
19	85 3
19	79 15
19	84 4
19	83 4
19	85 4
19	79 13
19	84 5
19	83 5
19	85 5
19	79 17
19	84 6
19	83 6
19	85 6
19	79 13
19	84 7
19	83 7
19	85 7
19	79 15
19	84 8
19	83 8
19	85 8
19	79 18
19	84 9
19	83 9
19	85 9
19	79 16
19	84 10
19	83 10
19	85 10
19	79 15
19	84 11
19	83 11
19	85 11
19	79 13
19	84 12
19	83 12
19	85 12
19	79 13
19	84 13
19	83 13
19	85 13
19	79 16
19	84 14
19	83 14
19	85 14
19	79 12
19	84 15
19	83 15
19	85 15
19	79 14
19	84 16
19	83 16
19	85 16
19	79 16
19	84 17
19	83 17
19	85 17
19	79 20
19	84 18
19	83 18
19	85 18
19	79 19
19	84 19
19	84 20
19	83 20
19	85 20
19	79 14
19	84 1
19	83 1
19	85 19
19	79 173
19	83 1
19	85 1
19	79 23
19	84 2
19	83 2
19	85 2
19	79 11
19	84 3
19	83 3
19	85 3
19	79 14
19	84 4
19	83 4
19	85 4
19	79 15
19	84 5
19	83 5
19	85 5
19	79 12
19	84 6
19	83 6
19	85 6
19	79 10
19	84 7
19	83 7
19	85 7
19	79 16
19	84 8
19	83 8
19	85 8
19	79 12
19	84 9
19	83 9
19	85 9
19	79 13
19	84 10
19	83 10
19	85 10
19	79 11
19	84 11
19	83 11
19	85 11
19	79 12
19	84 12
19	83 12
19	85 12
19	79 14
19	84 13
19	83 13
19	85 13
19	79 13
19	84 14
19	83 14
19	85 14
19	79 11
19	84 15
19	83 15
19	85 15
19	79 14
19	84 16
19	83 16
19	85 16
19	79 14
19	84 17
19	83 17
19	85 17
19	79 12
19	84 18
19	83 18
19	85 18
19	79 11
19	84 19
19	83 19
19	85 19
19	79 10
19	84 20
19	83 20
19	85 20
19	79 13
19	84 1
19	83 1
19	85 1
19	79 15
19	84 2
19	83 2
19	85 2
19	79 11
19	84 3
19	83 3
19	85 3
19	79 15
19	84 4
19	83 4
19	85 4
19	79 16
19	84 5
19	83 5
19	85 5
19	79 12
19	84 6
19	83 6
19	85 6
19	79 18
19	84 7
19	83 7
19	85 7
19	79 13
19	84 8
19	83 8
19	85 8
19	79 16
19	84 9
19	83 9
19	85 9
19	79 14
19	84 10
19	83 10
19	85 10
19	79 15
19	84 11
19	83 11
19	85 11
19	79 14
19	84 12
19	83 12
19	85 12
19	79 16
19	84 13
19	83 13
19	85 13
19	79 15
19	84 14
19	83 14
19	85 14
19	79 15
19	84 15
19	83 15
19	85 15
19	79 12
19	84 16
19	83 16
19	85 16
19	79 18
19	84 17
19	83 17
19	85 17
19	79 14
19	84 18
19	83 18
19	85 18
19	79 14
19	84 19
19	83 19
19	85 19
19	79 14
19	84 20
19	83 20
19	85 20
19	79 13
19	84 1
19	83 1
19	85 1
19	79 12
19	84 2
19	83 2
19	85 2
19	79 14
19	84 3
19	83 3
19	85 3
19	79 15
19	84 4
19	83 4
19	85 4
19	79 15
19	84 5
19	83 5
19	85 5
19	79 11
19	84 6
19	83 6
19	85 6
19	79 17
19	84 7
19	83 7
19	85 7
19	79 12
19	84 8
19	83 8
19	85 8
19	79 12
19	84 9
19	83 9
19	85 9
19	79 16
19	84 10
19	83 10
19	85 10
19	79 15
19	84 11
19	83 11
19	85 11
19	79 10
19	84 12
19	83 12
19	85 12
19	79 13
19	84 13
19	83 13
19	85 13
19	79 12
19	84 14
19	83 14
19	85 14
19	79 14
19	84 15
19	83 15
19	85 15
19	79 13
19	84 16
19	83 16
19	85 16
19	79 11
19	84 17
19	83 17
19	85 17
19	79 11
19	84 18
19	83 18
19	85 18
19	79 14
19	84 19
19	83 19
19	85 19
19	79 14
19	84 20
19	83 20
19	85 20
19	79 13
19	84 1
19	83 1
19	85 1
19	79 16
19	84 2
19	83 2
19	85 2
19	79 17
19	84 3
19	83 3
19	85 3
19	79 12
19	84 4
19	83 4
19	85 4
19	79 15
19	84 5
19	83 5
19	85 5
19	79 15
19	84 6
19	83 6
19	85 6
19	79 14
19	84 7
19	83 7
19	85 7
19	79 12
19	84 8
19	83 8
19	85 8
19	79 12
19	84 9
19	83 9
19	85 9
19	79 14
19	84 10
19	83 10
19	85 10
19	79 15
19	84 11
19	83 11
19	85 11
19	79 12
19	84 12
19	83 12
19	85 12
19	79 13
19	84 13
19	83 13
19	85 13
19	79 12
19	84 14
19	83 14
19	85 14
19	79 12
19	84 15
19	83 15
19	85 15
19	79 15
19	84 16
19	83 16
19	85 16
19	79 15
19	84 17
19	83 17
19	85 17
19	79 13
19	84 18
19	83 18
19	85 18
19	79 13
19	84 19
19	83 19
19	85 19
19	79 15
19	84 20
19	83 20
19	85 20
19	79 11
19	84 1
19	83 1
19	85 1
19	79 11
19	84 2
19	83 2
19	85 2
19	79 14
19	84 3
19	83 3
19	85 3
19	79 13
19	84 4
19	83 4
19	85 4
19	79 16
19	84 5
19	83 5
19	85 5
19	79 14
19	84 6
19	83 6
19	85 6
19	79 11
19	84 7
19	83 7
19	85 7
19	79 15
19	84 8
19	83 8
19	85 8
19	79 14
19	84 9
19	83 9
19	85 9
19	79 10
19	84 10
19	83 10
19	85 10
19	79 14
19	84 11
19	83 11
19	85 11
19	79 16
19	84 12
19	83 12
19	85 12
19	79 13
19	84 13
19	83 13
19	85 13
19	79 12
19	84 14
19	83 14
19	85 14
19	79 15
19	84 15
19	83 15
19	85 15
19	79 16
19	84 16
19	83 16
19	85 16
19	79 14
19	84 17
19	83 17
19	85 17
19	79 12
19	84 18
19	83 18
19	85 18
19	79 13
19	84 19
19	83 19
19	85 19
19	79 15
19	84 20
19	83 20
19	85 20
19	79 10
19	84 1
19	83 1
19	85 1
19	79 13
19	84 2
19	83 2
19	85 2
19	79 17
19	84 3
19	83 3
19	85 3
19	79 11
19	84 4
19	83 4
19	85 4
19	79 11
19	84 5
19	83 5
19	85 5
19	79 11
19	84 6
19	83 6
19	85 6
19	79 12
19	84 7
19	83 7
19	85 7
19	79 11
19	84 8
19	83 8
19	85 8
19	79 17
19	84 9
19	83 9
19	85 9
19	79 11
19	84 10
19	TEST_NUMBER 0
19	SENT_TOTAL 250
19	RECEIVED_TOTAL 249
19	TIME_TOTAL 19764
19	RECEIVED_RADIO_1 124
19	RECEIVED_RADIO_2 125
19	SENT_RADIO_1 125
19	SENT_RADIO_2 124
19	RADIO_TIME_1 19763
19	RADIO_TIME_2 19763
19	RETRANSMISSIONS_1 0
19	RETRANSMISSIONS_2 0
19	DROPPED_1 0
19	DROPPED_2 0
19	MAX_QUEUE 1
19	DUPLICATED_1 0
19	DUPLICATED_2 0
19	EBUSY_RADIO_1 0
19	EBUSY_RADIO_2 0
19	83 0
19	85 10
19	86 0
19	84 1
19	83 1
19	85 1
19	79 13
19	84 2
19	83 2
19	85 2
19	79 15
19	84 3
19	83 3
19	85 3
19	79 14
19	84 4
19	83 4
19	85 4
19	79 14
19	84 5
19	83 5
19	85 5
19	79 15
19	84 6
19	83 6
19	85 6
19	79 13
19	84 7
19	83 7
19	85 7
19	79 15
19	84 8
19	83 8
19	85 8
19	79 12
19	84 9
19	83 9
19	85 9
19	79 16
19	84 10
19	83 10
19	85 10
19	79 15
19	84 11
19	83 11
19	85 11
19	79 13
19	84 12
19	83 12
19	85 12
19	79 15
19	84 13
19	83 13
19	85 13
19	79 17
19	84 14
19	83 14
19	85 14
19	79 16
19	84 15
19	83 15
19	85 15
19	79 13
19	84 16
19	83 16
19	85 16
19	79 14
19	84 17
19	83 17
19	85 17
19	79 15
19	84 18
19	83 18
19	85 18
19	79 16
19	84 19
19	83 19
19	85 19
19	79 10
19	84 20
19	83 20
19	85 20
19	79 14
19	84 1
19	83 1
19	85 1
19	79 10
19	84 2
19	83 2
19	85 2
19	79 15
19	84 3
19	83 3
19	85 3
19	79 16
19	84 4
19	83 4
19	85 4
19	79 13
19	84 5
19	83 5
19	85 5
19	79 16
19	84 6
19	83 6
19	85 6
19	79 13
19	84 7
19	83 7
19	85 7
19	79 12
19	84 8
19	83 8
19	85 8
19	79 15
19	84 9
19	83 9
19	85 9
19	79 14
19	84 10
19	83 10
19	85 10
19	79 16
19	84 11
19	83 11
19	85 11
19	79 15
19	84 12
19	83 12
19	85 12
19	79 18
19	84 13
19	83 13
19	85 13
19	79 15
19	84 14
19	83 14
19	85 14
19	79 15
19	84 15
19	83 15
19	85 15
19	79 14
19	84 16
19	83 16
19	85 16
19	79 13
19	84 17
19	83 17
19	85 17
19	79 11
19	84 18
19	83 18
19	85 18
19	79 10
19	84 19
19	83 19
19	85 19
19	79 14
19	84 20
19	83 20
19	85 20
19	79 17
19	84 1
19	83 1
19	85 1
19	79 10
19	84 2
19	83 2
19	85 2
19	79 14
19	84 3
19	83 3
19	85 3
19	79 11
19	84 4
19	83 4
19	85 4
19	79 13
19	84 5
19	83 5
19	85 5
19	79 12
19	84 6
19	83 6
19	85 6
19	79 16
19	84 7
19	83 7
19	85 7
19	79 15
19	84 8
19	83 8
19	85 8
19	79 14
19	84 9
19	83 9
19	85 9
19	79 13
19	84 10
19	83 10
19	85 10
19	79 14
19	84 11
19	83 11
19	85 11
19	79 15
19	84 12
19	83 12
19	85 12
19	79 13
19	84 13
19	83 13
19	85 13
19	79 10
19	84 14
19	83 14
19	85 14
19	79 15
19	84 15
19	83 15
19	85 15
19	79 13
19	84 16
19	83 16
19	85 16
19	79 11
19	84 17
19	83 17
19	85 17
19	79 13
19	84 18
19	83 18
19	85 18
19	79 15
19	84 19
19	83 19
19	85 19
19	79 11
19	84 20
19	83 20
19	85 20
19	79 16
19	84 1
19	83 1
19	85 1
19	79 14
19	84 2
19	83 2
19	85 2
19	79 12
19	84 3
19	83 3
19	85 3
19	79 13
19	84 4
19	83 4
19	85 4
19	79 18
19	84 5
19	83 5
19	85 5
19	79 12
19	84 6
19	83 6
19	85 6
19	79 15
19	84 7
19	83 7
19	85 7
19	79 11
19	84 8
19	83 8
19	85 8
19	79 18
19	84 9
19	83 9
19	85 9
19	79 14
19	84 10
19	83 10
19	85 10
19	79 13
19	84 11
19	83 11
19	85 11
19	79 12
19	84 12
19	83 12
19	85 12
19	79 13
19	84 13
19	83 13
19	85 13
19	79 16
19	84 14
19	83 14
19	85 14
19	79 15
19	84 15
19	83 15
19	85 15
19	79 15
19	84 16
19	83 16
19	85 16
19	79 15
19	84 17
19	83 17
19	85 17
19	79 11
19	84 18
19	83 18
19	85 18
19	79 12
19	84 19
19	83 19
19	85 19
19	79 14
19	84 20
19	83 20
19	85 20
19	79 17
19	84 1
19	83 1
19	85 1
19	79 14
19	84 2
19	83 2
19	85 2
19	79 13
19	84 3
19	83 3
19	85 3
19	79 15
19	84 4
19	83 4
19	85 4
19	79 14
19	84 5
19	83 5
19	85 5
19	79 13
19	84 6
19	83 6
19	85 6
19	79 17
19	84 7
19	83 7
19	85 7
19	79 16
19	84 8
19	83 8
19	85 8
19	79 17
19	84 9
19	83 9
19	85 9
19	79 12
19	84 10
19	83 10
19	85 10
19	79 16
19	84 11
19	83 11
19	85 11
19	79 13
19	84 12
19	83 12
19	85 12
19	79 14
19	84 13
19	83 13
19	85 13
19	79 11
19	84 14
19	83 14
19	85 14
19	79 11
19	84 15
19	83 15
19	85 15
19	79 15
19	84 16
19	83 16
19	85 16
19	79 14
19	84 17
19	83 17
19	85 17
19	79 12
19	84 18
19	83 18
19	85 18
19	79 16
19	84 19
19	83 19
19	85 19
19	79 11
19	84 20
19	83 20
19	85 20
19	79 17
19	84 1
19	83 1
19	85 1
19	79 12
19	84 2
19	83 2
19	85 2
19	79 14
19	84 3
19	83 3
19	85 3
19	79 13
19	84 4
19	83 4
19	85 4
19	79 12
19	84 5
19	83 5
19	85 5
19	79 14
19	84 6
19	83 6
19	85 6
19	79 13
19	84 7
19	83 7
19	85 7
19	79 11
19	84 8
19	83 8
19	85 8
19	79 14
19	84 9
19	83 9
19	85 9
19	79 11
19	84 10
19	83 10
19	85 10
19	79 13
19	84 11
19	83 11
19	85 11
19	79 12
19	84 12
19	83 12
19	85 12
19	79 16
19	84 13
19	83 13
19	85 13
19	79 16
19	84 14
19	83 14
19	85 14
19	79 10
19	84 15
19	83 15
19	85 15
19	79 11
19	84 16
19	83 16
19	85 16
19	79 15
19	84 17
19	83 17
19	85 17
19	79 11
19	84 18
19	83 18
19	85 18
19	79 15
19	84 19
19	83 19
19	85 19
19	79 13
19	84 20
19	83 20
19	85 20
19	79 10
19	84 1
19	83 1
19	85 1
19	79 12
19	84 2
19	83 2
19	85 2
19	79 12
19	84 3
19	83 3
19	85 3
19	79 15
19	84 4
19	83 4
19	85 4
19	79 14
19	84 5
19	83 5
19	85 5
19	79 15
19	84 6
19	83 6
19	85 6
19	79 14
19	84 7
19	83 7
19	85 7
19	79 14
19	84 8
19	83 8
19	85 8
19	79 12
19	84 9
19	83 9
19	85 9
19	79 15
19	84 10
19	83 10
19	85 10
19	79 17
19	84 11
19	83 11
19	85 11
19	79 13
19	84 12
19	83 12
19	85 12
19	79 14
19	84 13
19	83 13
19	85 13
19	79 10
19	84 14
19	83 14
19	85 14
19	79 14
19	84 15
19	83 15
19	85 15
19	79 16
19	84 16
19	83 16
19	85 16
19	79 12
19	84 17
19	83 17
19	85 17
19	79 14
19	84 18
19	84 19
19	83 19
19	85 19
19	79 13
19	84 20
19	83 20
19	85 18
19	79 173
19	83 20
19	85 20
19	79 18
19	84 1
19	83 1
19	85 1
19	79 16
19	84 2
19	83 2
19	85 2
19	79 16
19	84 3
19	83 3
19	85 3
19	79 16
19	84 4
19	83 4
19	85 4
19	79 17
19	84 5
19	83 5
19	85 5
19	79 16
19	84 6
19	83 6
19	85 6
19	79 15
19	84 7
19	83 7
19	85 7
19	79 18
19	84 8
19	83 8
19	85 8
19	79 14
19	84 9
19	83 9
19	85 9
19	79 16
19	84 10
19	83 10
19	85 10
19	79 13
19	84 11
19	83 11
19	85 11
19	79 20
19	84 12
19	83 12
19	85 12
19	79 15
19	84 13
19	83 13
19	85 13
19	79 15
19	84 14
19	83 14
19	85 14
19	79 13
19	84 15
19	83 15
19	85 15
19	79 13
19	84 16
19	83 16
19	85 16
19	79 15
19	84 17
19	83 17
19	85 17
19	79 15
19	84 18
19	83 18
19	85 18
19	79 16
19	84 19
19	83 19
19	85 19
19	79 15
19	84 20
19	84 1
19	83 1
19	85 1
19	79 12
19	84 2
19	83 2
19	85 2
19	79 18
19	83 2
19	85 20
19	79 178
19	84 3
19	83 3
19	85 3
19	79 26
19	84 4
19	83 4
19	85 4
19	79 15
19	84 5
19	83 5
19	85 5
19	79 13
19	84 6
19	83 6
19	85 6
19	79 15
19	84 7
19	83 7
19	85 7
19	79 18
19	84 8
19	83 8
19	85 8
19	79 18
19	84 9
19	83 9
19	85 9
19	79 17
19	84 10
19	83 10
19	85 10
19	79 15
19	84 11
19	83 11
19	85 11
19	79 17
19	84 12
19	83 12
19	85 12
19	79 14
19	84 13
19	83 13
19	85 13
19	79 14
19	84 14
19	83 14
19	85 14
19	79 13
19	84 15
19	83 15
19	85 15
19	79 16
19	84 16
19	83 16
19	85 16
19	79 13
19	84 17
19	83 17
19	85 17
19	79 14
19	84 18
19	83 18
19	85 18
19	79 14
19	84 19
19	83 19
19	85 19
19	79 14
19	84 20
19	83 20
19	85 20
19	79 16
19	84 1
19	83 1
19	85 1
19	79 14
19	84 2
19	83 2
19	85 2
19	79 17
19	84 3
19	83 3
19	85 3
19	79 17
19	84 4
19	83 4
19	85 4
19	79 13
19	84 5
19	83 5
19	85 5
19	79 12
19	84 6
19	83 6
19	85 6
19	79 15
19	84 7
19	83 7
19	85 7
19	79 18
19	84 8
19	83 8
19	85 8
19	79 14
19	84 9
19	83 9
19	85 9
19	79 16
19	84 10
19	83 10
19	85 10
19	79 16
19	84 11
19	83 11
19	85 11
19	79 19
19	84 12
19	83 12
19	85 12
19	79 15
19	84 13
19	83 13
19	85 13
19	79 14
19	84 14
19	83 14
19	85 14
19	79 16
19	84 15
19	83 15
19	85 15
19	79 15
19	84 16
19	83 16
19	85 16
19	79 19
19	84 17
19	83 17
19	85 17
19	79 14
19	84 18
19	83 18
19	85 18
19	79 18
19	84 19
19	83 19
19	85 19
19	79 14
19	84 20
19	83 20
19	85 20
19	79 15
19	84 1
19	83 1
19	85 1
19	79 20
19	84 2
19	83 2
19	85 2
19	79 16
19	84 3
19	83 3
19	85 3
19	79 13
19	84 4
19	83 4
19	85 4
19	79 15
19	84 5
19	83 5
19	85 5
19	79 15
19	84 6
19	83 6
19	85 6
19	79 15
19	84 7
19	83 7
19	85 7
19	79 16
19	84 8
19	83 8
19	85 8
19	79 12
19	84 9
19	83 9
19	85 9
19	79 12
19	84 10
19	83 10
19	85 10
19	79 18
19	84 11
19	83 11
19	85 11
19	79 11
19	84 12
19	83 12
19	85 12
19	79 17
19	84 13
19	83 13
19	85 13
19	79 16
19	84 14
19	83 14
19	85 14
19	79 14
19	84 15
19	83 15
19	85 15
19	79 18
19	84 16
19	83 16
19	85 16
19	79 13
19	84 17
19	83 17
19	85 17
19	79 17
19	84 18
19	83 18
19	85 18
19	79 13
19	84 19
19	83 19
19	85 19
19	79 13
19	84 20
19	83 20
19	85 20
19	79 14
19	84 1
19	83 1
19	85 1
19	79 16
19	84 2
19	83 2
19	85 2
19	79 15
19	84 3
19	83 3
19	85 3
19	79 18
19	84 4
19	83 4
19	85 4
19	79 12
19	84 5
19	83 5
19	85 5
19	79 16
19	84 6
19	83 6
19	85 6
19	79 18
19	84 7
19	83 7
19	85 7
19	79 15
19	84 8
19	84 9
19	83 9
19	85 9
19	79 16
19	84 10
19	83 10
19	85 8
19	79 177
19	83 10
19	85 10
19	79 25
19	84 11
19	83 11
19	85 11
19	79 12
19	84 12
19	83 12
19	85 12
19	79 13
19	84 13
19	83 13
19	85 13
19	79 11
19	84 14
19	83 14
19	85 14
19	79 12
19	84 15
19	83 15
19	85 15
19	79 13
19	84 16
19	83 16
19	85 16
19	79 11
19	84 17
19	83 17
19	85 17
19	79 11
19	84 18
19	83 18
19	85 18
19	79 16
19	84 19
19	84 20
19	83 20
19	85 20
19	79 16
19	84 1
19	83 1
19	85 19
19	79 176
19	83 1
19	85 1
19	79 25
19	84 2
19	83 2
19	85 2
19	79 16
19	84 3
19	83 3
19	85 3
19	79 15
19	84 4
19	83 4
19	85 4
19	79 17
19	84 5
19	83 5
19	85 5
19	79 17
19	84 6
19	83 6
19	85 6
19	79 20
19	84 7
19	83 7
19	85 7
19	79 14
19	84 8
19	83 8
19	85 8
19	79 18
19	84 9
19	83 9
19	85 9
19	79 16
19	84 10
19	TEST_NUMBER 1
19	SENT_TOTAL 250
19	RECEIVED_TOTAL 249
19	TIME_TOTAL 29809
19	RECEIVED_RADIO_1 123
19	RECEIVED_RADIO_2 127
19	SENT_RADIO_1 125
19	SENT_RADIO_2 125
19	RADIO_TIME_1 29872
19	RADIO_TIME_2 19766
19	RETRANSMISSIONS_1 0
19	RETRANSMISSIONS_2 1
19	DROPPED_1 0
19	DROPPED_2 0
19	MAX_QUEUE 1
19	DUPLICATED_1 1
19	DUPLICATED_2 0
19	EBUSY_RADIO_1 0
19	EBUSY_RADIO_2 0
19	83 0
19	85 10
19	86 1
19	84 1
19	83 1
19	85 1
19	79 18
19	84 2
19	83 2
19	85 2
19	79 18
19	84 3
19	83 3
19	85 3
19	79 13
19	84 4
19	83 4
19	85 4
19	79 15
19	84 5
19	83 5
19	85 5
19	79 15
19	84 6
19	83 6
19	85 6
19	79 16
19	84 7
19	83 7
19	85 7
19	79 17
19	84 8
19	83 8
19	85 8
19	79 19
19	84 9
19	83 9
19	85 9
19	79 16
19	84 10
19	83 10
19	85 10
19	79 18
19	84 11
19	83 11
19	85 11
19	79 15
19	84 12
19	83 12
19	85 12
19	79 15
19	84 13
19	83 13
19	85 13
19	79 16
19	84 14
19	83 14
19	85 14
19	79 15
19	84 15
19	83 15
19	85 15
19	79 11
19	84 16
19	83 16
19	85 16
19	79 13
19	84 17
19	83 17
19	85 17
19	79 14
19	84 18
19	83 18
19	85 18
19	79 12
19	84 19
19	83 19
19	85 19
19	79 16
19	84 20
19	83 20
19	85 20
19	79 19
19	84 1
19	83 1
19	85 1
19	79 12
19	84 2
19	83 2
19	85 2
19	79 16
19	84 3
19	83 3
19	85 3
19	79 19
19	84 4
19	83 4
19	85 4
19	79 12
19	84 5
19	83 5
19	85 5
19	79 15
19	84 6
19	83 6
19	85 6
19	79 16
19	84 7
19	83 7
19	85 7
19	79 18
19	84 8
19	83 8
19	85 8
19	79 19
19	84 9
19	83 9
19	85 9
19	79 15
19	84 10
19	83 10
19	85 10
19	79 15
19	84 11
19	83 11
19	85 11
19	79 13
19	84 12
19	83 12
19	85 12
19	79 16
19	84 13
19	83 13
19	85 13
19	79 14
19	84 14
19	83 14
19	85 14
19	79 14
19	84 15
19	83 15
19	85 15
19	79 19
19	84 16
19	83 16
19	85 16
19	79 13
19	84 17
19	83 17
19	85 17
19	79 14
19	84 18
19	83 18
19	85 18
19	79 15
19	84 19
19	83 19
19	85 19
19	79 15
19	84 20
19	83 20
19	85 20
19	79 15
19	84 1
19	83 1
19	85 1
19	79 15
19	84 2
19	83 2
19	85 2
19	79 16
19	84 3
19	83 3
19	85 3
19	79 15
19	84 4
19	83 4
19	85 4
19	79 18
19	84 5
19	83 5
19	85 5
19	79 15
19	84 6
19	83 6
19	85 6
19	79 14
19	84 7
19	83 7
19	85 7
19	79 12
19	84 8
19	83 8
19	85 8
19	79 14
19	84 9
19	83 9
19	85 9
19	79 20
19	84 10
19	83 10
19	85 10
19	79 17
19	84 11
19	83 11
19	85 11
19	79 16
19	84 12
19	83 12
19	85 12
19	79 19
19	84 13
19	83 13
19	85 13
19	79 14
19	84 14
19	83 14
19	85 14
19	79 19
19	84 15
19	83 15
19	85 15
19	79 12
19	84 16
19	83 16
19	85 16
19	79 16
19	84 17
19	83 17
19	85 17
19	79 16
19	84 18
19	83 18
19	85 18
19	79 15
19	84 19
19	83 19
19	85 19
19	79 15
19	84 20
19	83 20
19	85 20
19	79 15
19	84 1
19	83 1
19	85 1
19	79 17
19	84 2
19	83 2
19	85 2
19	79 14
19	84 3
19	83 3
19	85 3
19	79 13
19	84 4
19	83 4
19	85 4
19	79 11
19	84 5
19	83 5
19	85 5
19	79 16
19	84 6
19	83 6
19	85 6
19	79 16
19	84 7
19	83 7
19	85 7
19	79 15
19	84 8
19	83 8
19	85 8
19	79 16
19	84 9
19	83 9
19	85 9
19	79 13
19	84 10
19	83 10
19	85 10
19	79 14
19	84 11
19	83 11
19	85 11
19	79 15
19	84 12
19	83 12
19	85 12
19	79 16
19	84 13
19	83 13
19	85 13
19	79 15
19	84 14
19	83 14
19	85 14
19	79 18
19	84 15
19	83 15
19	85 15
19	79 18
19	84 16
19	83 16
19	85 16
19	79 13
19	84 17
19	83 17
19	85 17
19	79 18
19	84 18
19	83 18
19	85 18
19	79 14
19	84 19
19	83 19
19	85 19
19	79 19
19	84 20
19	83 20
19	85 20
19	79 16
19	84 1
19	83 1
19	85 1
19	79 13
19	84 2
19	83 2
19	85 2
19	79 12
19	84 3
19	83 3
19	85 3
19	79 13
19	84 4
19	83 4
19	85 4
19	79 12
19	84 5
19	83 5
19	85 5
19	79 15
19	84 6
19	83 6
19	85 6
19	79 18
19	84 7
19	83 7
19	85 7
19	79 17
19	84 8
19	83 8
19	85 8
19	79 16
19	84 9
19	83 9
19	85 9
19	79 11
19	84 10
19	83 10
19	85 10
19	79 18
19	84 11
19	83 11
19	85 11
19	79 12
19	84 12
19	83 12
19	85 12
19	79 16
19	84 13
19	83 13
19	85 13
19	79 16
19	84 14
19	83 14
19	85 14
19	79 16
19	84 15
19	83 15
19	85 15
19	79 15
19	84 16
19	83 16
19	85 16
19	79 17
19	84 17
19	83 17
19	85 17
19	79 16
19	84 18
19	83 18
19	85 18
19	79 11
19	84 19
19	83 19
19	85 19
19	79 15
19	84 20
19	83 20
19	85 20
19	79 11
19	84 1
19	83 1
19	85 1
19	79 10
19	84 2
19	83 2
19	85 2
19	79 13
19	84 3
19	83 3
19	85 3
19	79 16
19	84 4
19	83 4
19	85 4
19	79 17
19	84 5
19	83 5
19	85 5
19	79 17
19	84 6
19	83 6
19	85 6
19	79 15
19	84 7
19	83 7
19	85 7
19	79 12
19	84 8
19	83 8
19	85 8
19	79 14
19	84 9
19	83 9
19	85 9
19	79 17
19	84 10
19	83 10
19	85 10
19	79 19
19	84 11
19	83 11
19	85 11
19	79 13
19	84 12
19	83 12
19	85 12
19	79 16
19	84 13
19	83 13
19	85 13
19	79 13
19	84 14
19	83 14
19	85 14
19	79 15
19	84 15
19	83 15
19	85 15
19	79 14
19	84 16
19	83 16
19	85 16
19	79 17
19	84 17
19	83 17
19	85 17
19	79 17
19	84 18
19	83 18
19	85 18
19	79 14
19	84 19
19	83 19
19	85 19
19	79 13
19	84 20
19	83 20
19	85 20
19	79 13
19	84 1
19	83 1
19	85 1
19	79 14
19	84 2
19	83 2
19	85 2
19	79 15
19	84 3
19	83 3
19	85 3
19	79 14
19	84 4
19	83 4
19	85 4
19	79 17
19	84 5
19	83 5
19	85 5
19	79 16
19	84 6
19	83 6
19	85 6
19	79 17
19	84 7
19	83 7
19	85 7
19	79 16
19	84 8
19	83 8
19	85 8
19	79 19
19	84 9
19	83 9
19	85 9
19	79 14
19	84 10
19	83 10
19	85 10
19	79 18
19	84 11
19	83 11
19	85 11
19	79 14
19	84 12
19	83 12
19	85 12
19	79 16
19	84 13
19	83 13
19	85 13
19	79 13
19	84 14
19	83 14
19	85 14
19	79 15
19	84 15
19	83 15
19	85 15
19	79 19
19	84 16
19	83 16
19	85 16
19	79 19
19	84 17
19	83 17
19	85 17
19	79 12
19	84 18
19	83 18
19	85 18
19	79 14
19	84 19
19	83 19
19	85 19
19	79 18
19	84 20
19	83 20
19	85 20
19	79 13
19	84 1
19	83 1
19	85 1
19	79 14
19	84 2
19	83 2
19	85 2
19	79 18
19	84 3
19	83 3
19	85 3
19	79 15
19	84 4
19	83 4
19	85 4
19	79 17
19	84 5
19	83 5
19	85 5
19	79 14
19	84 6
19	83 6
19	85 6
19	79 17
19	84 7
19	83 7
19	85 7
19	79 16
19	84 8
19	83 8
19	85 8
19	79 15
19	84 9
19	83 9
19	85 9
19	79 17
19	84 10
19	83 10
19	85 10
19	79 14
19	84 11
19	83 11
19	85 11
19	79 17
19	84 12
19	83 12
19	85 12
19	79 12
19	84 13
19	83 13
19	85 13
19	79 17
19	84 14
19	83 14
19	85 14
19	79 15
19	84 15
19	83 15
19	85 15
19	79 13
19	84 16
19	83 16
19	85 16
19	79 16
19	84 17
19	83 17
19	85 17
19	79 12
19	84 18
19	83 18
19	85 18
19	79 14
19	84 19
19	83 19
19	85 19
19	79 15
19	84 20
19	83 20
19	85 20
19	79 16
19	84 1
19	83 1
19	85 1
19	79 13
19	84 2
19	83 2
19	85 2
19	79 16
19	84 3
19	83 3
19	85 3
19	79 18
19	84 4
19	83 4
19	85 4
19	79 17
19	84 5
19	83 5
19	85 5
19	79 17
19	84 6
19	83 6
19	85 6
19	79 12
19	84 7
19	83 7
19	85 7
19	79 14
19	84 8
19	83 8
19	85 8
19	79 17
19	84 9
19	83 9
19	85 9
19	79 15
19	84 10
19	83 10
19	85 10
19	79 11
19	84 11
19	83 11
19	85 11
19	79 12
19	84 12
19	83 12
19	85 12
19	79 14
19	84 13
19	83 13
19	85 13
19	79 15
19	84 14
19	83 14
19	85 14
19	79 17
19	84 15
19	83 15
19	85 15
19	79 11
19	84 16
19	83 16
19	85 16
19	79 15
19	84 17
19	83 17
19	85 17
19	79 19
19	84 18
19	83 18
19	85 18
19	79 15
19	84 19
19	83 19
19	85 19
19	79 12
19	84 20
19	83 20
19	85 20
19	79 19
19	84 1
19	83 1
19	85 1
19	79 16
19	84 2
19	83 2
19	85 2
19	79 17
19	84 3
19	83 3
19	85 3
19	79 19
19	84 4
19	83 4
19	85 4
19	79 14
19	84 5
19	83 5
19	85 5
19	79 12
19	84 6
19	83 6
19	85 6
19	79 16
19	84 7
19	83 7
19	85 7
19	79 16
19	84 8
19	83 8
19	85 8
19	79 15
19	84 9
19	83 9
19	85 9
19	79 15
19	84 10
19	83 10
19	85 10
19	79 11
19	84 11
19	83 11
19	85 11
19	79 14
19	84 12
19	83 12
19	85 12
19	79 15
19	84 13
19	83 13
19	85 13
19	79 19
19	84 14
19	83 14
19	85 14
19	79 15
19	84 15
19	83 15
19	85 15
19	79 16
19	84 16
19	83 16
19	85 16
19	79 14
19	84 17
19	83 17
19	85 17
19	79 13
19	84 18
19	83 18
19	85 18
19	79 11
19	84 19
19	83 19
19	85 19
19	79 16
19	84 20
19	83 20
19	85 20
19	79 16
19	84 1
19	83 1
19	85 1
19	79 17
19	84 2
19	83 2
19	85 2
19	79 13
19	84 3
19	83 3
19	85 3
19	79 16
19	84 4
19	83 4
19	85 4
19	79 13
19	84 5
19	83 5
19	85 5
19	79 20
19	84 6
19	83 6
19	85 6
19	79 17
19	84 7
19	83 7
19	85 7
19	79 14
19	84 8
19	83 8
19	85 8
19	79 17
19	84 9
19	83 9
19	85 9
19	79 11
19	84 10
19	83 10
19	85 10
19	79 15
19	84 11
19	83 11
19	85 11
19	79 18
19	84 12
19	83 12
19	85 12
19	79 19
19	84 13
19	83 13
19	85 13
19	79 19
19	84 14
19	83 14
19	85 14
19	79 19
19	84 15
19	83 15
19	85 15
19	79 19
19	84 16
19	83 16
19	85 16
19	79 16
19	84 17
19	83 17
19	85 17
19	79 15
19	84 18
19	83 18
19	85 18
19	79 13
19	84 19
19	83 19
19	85 19
19	79 14
19	84 20
19	83 20
19	85 20
19	79 18
19	84 1
19	83 1
19	85 1
19	79 17
19	84 2
19	83 2
19	85 2
19	79 15
19	84 3
19	83 3
19	85 3
19	79 12
19	84 4
19	83 4
19	85 4
19	79 14
19	84 5
19	83 5
19	85 5
19	79 17
19	84 6
19	83 6
19	85 6
19	79 17
19	84 7
19	83 7
19	85 7
19	79 15
19	84 8
19	83 8
19	85 8
19	79 17
19	84 9
19	83 9
19	85 9
19	79 16
19	84 10
19	83 10
19	85 10
19	79 16
19	84 11
19	83 11
19	85 11
19	79 14
19	84 12
19	83 12
19	85 12
19	79 17
19	84 13
19	83 13
19	85 13
19	79 17
19	84 14
19	83 14
19	85 14
19	79 16
19	84 15
19	83 15
19	85 15
19	79 17
19	84 16
19	83 16
19	85 16
19	79 17
19	84 17
19	83 17
19	85 17
19	79 16
19	84 18
19	83 18
19	85 18
19	79 13
19	84 19
19	83 19
19	85 19
19	79 18
19	84 20
19	83 20
19	85 20
19	79 18
19	84 1
19	83 1
19	85 1
19	79 12
19	84 2
19	83 2
19	85 2
19	79 17
19	84 3
19	83 3
19	85 3
19	79 19
19	84 4
19	83 4
19	85 4
19	79 13
19	84 5
19	83 5
19	85 5
19	79 16
19	84 6
19	83 6
19	85 6
19	79 14
19	84 7
19	83 7
19	85 7
19	79 18
19	84 8
19	83 8
19	85 8
19	79 14
19	84 9
19	83 9
19	85 9
19	79 12
19	84 10
19	TEST_NUMBER 2
19	SENT_TOTAL 250
19	RECEIVED_TOTAL 249
19	TIME_TOTAL 29802
19	RECEIVED_RADIO_1 125
19	RECEIVED_RADIO_2 125
19	SENT_RADIO_1 125
19	SENT_RADIO_2 125
19	RADIO_TIME_1 29869
19	RADIO_TIME_2 19775
19	RETRANSMISSIONS_1 0
19	RETRANSMISSIONS_2 0
19	DROPPED_1 0
19	DROPPED_2 0
19	MAX_QUEUE 1
19	DUPLICATED_1 0
19	DUPLICATED_2 0
19	EBUSY_RADIO_1 0
19	EBUSY_RADIO_2 0
19	83 0
19	85 10
19	86 2
19	84 1
19	83 1
19	85 1
19	79 13
19	84 2
19	83 2
19	85 2
19	79 15
19	84 3
19	83 3
19	85 3
19	79 16
19	84 4
19	83 4
19	85 4
19	79 20
19	84 5
19	83 5
19	85 5
19	79 15
19	84 6
19	83 6
19	85 6
19	79 13
19	84 7
19	83 7
19	85 7
19	79 16
19	84 8
19	83 8
19	85 8
19	79 16
19	84 9
19	83 9
19	85 9
19	79 16
19	84 10
19	83 10
19	85 10
19	79 16
19	84 11
19	83 11
19	85 11
19	79 14
19	84 12
19	83 12
19	85 12
19	79 15
19	84 13
19	83 13
19	85 13
19	79 13
19	84 14
19	83 14
19	85 14
19	79 12
19	84 15
19	83 15
19	85 15
19	79 13
19	84 16
19	83 16
19	85 16
19	79 18
19	84 17
19	83 17
19	85 17
19	79 13
19	84 18
19	83 18
19	85 18
19	79 19
19	84 19
19	83 19
19	85 19
19	79 15
19	84 20
19	83 20
19	85 20
19	79 17
19	84 1
19	83 1
19	85 1
19	79 13
19	84 2
19	83 2
19	85 2
19	79 16
19	84 3
19	83 3
19	85 3
19	79 15
19	84 4
19	83 4
19	85 4
19	79 18
19	84 5
19	83 5
19	85 5
19	79 14
19	84 6
19	83 6
19	85 6
19	79 16
19	84 7
19	83 7
19	85 7
19	79 11
19	84 8
19	83 8
19	85 8
19	79 16
19	84 9
19	83 9
19	85 9
19	79 16
19	84 10
19	83 10
19	85 10
19	79 13
19	84 11
19	83 11
19	85 11
19	79 15
19	84 12
19	83 12
19	85 12
19	79 15
19	84 13
19	83 13
19	85 13
19	79 18
19	84 14
19	83 14
19	85 14
19	79 18
19	84 15
19	83 15
19	85 15
19	79 12
19	84 16
19	83 16
19	85 16
19	79 15
19	84 17
19	83 17
19	85 17
19	79 12
19	84 18
19	83 18
19	85 18
19	79 11
19	84 19
19	83 19
19	85 19
19	79 15
19	84 20
19	83 20
19	85 20
19	79 14
19	84 1
19	83 1
19	85 1
19	79 18
19	84 2
19	83 2
19	85 2
19	79 18
19	84 3
19	83 3
19	85 3
19	79 15
19	84 4
19	83 4
19	85 4
19	79 19
19	84 5
19	83 5
19	85 5
19	79 13
19	84 6
19	83 6
19	85 6
19	79 16
19	84 7
19	83 7
19	85 7
19	79 18
19	84 8
19	83 8
19	85 8
19	79 17
19	84 9
19	83 9
19	85 9
19	79 16
19	84 10
19	83 10
19	85 10
19	79 11
19	84 11
19	83 11
19	85 11
19	79 16
19	84 12
19	83 12
19	85 12
19	79 17
19	84 13
19	83 13
19	85 13
19	79 17
19	84 14
19	83 14
19	85 14
19	79 18
19	84 15
19	83 15
19	85 15
19	79 17
19	84 16
19	83 16
19	85 16
19	79 14
19	84 17
19	83 17
19	85 17
19	79 12
19	84 18
19	83 18
19	85 18
19	79 13
19	84 19
19	83 19
19	85 19
19	79 11
19	84 20
19	83 20
19	85 20
19	79 13
19	84 1
19	83 1
19	85 1
19	79 16
19	84 2
19	83 2
19	85 2
19	79 20
19	84 3
19	83 3
19	85 3
19	79 13
19	84 4
19	83 4
19	85 4
19	79 12
19	84 5
19	83 5
19	85 5
19	79 16
19	84 6
19	83 6
19	85 6
19	79 15
19	84 7
19	83 7
19	85 7
19	79 15
19	84 8
19	83 8
19	85 8
19	79 18
19	84 9
19	83 9
19	85 9
19	79 17
19	84 10
19	83 10
19	85 10
19	79 14
19	84 11
19	83 11
19	85 11
19	79 13
19	84 12
19	83 12
19	85 12
19	79 16
19	84 13
19	83 13
19	85 13
19	79 12
19	84 14
19	83 14
19	85 14
19	79 19
19	84 15
19	83 15
19	85 15
19	79 17
19	84 16
19	83 16
19	85 16
19	79 14
19	84 17
19	83 17
19	85 17
19	79 18
19	84 18
19	83 18
19	85 18
19	79 14
19	84 19
19	83 19
19	85 19
19	79 13
19	84 20
19	83 20
19	85 20
19	79 17
19	84 1
19	83 1
19	85 1
19	79 18
19	84 2
19	83 2
19	85 2
19	79 16
19	84 3
19	83 3
19	85 3
19	79 12
19	84 4
19	83 4
19	85 4
19	79 18
19	84 5
19	83 5
19	85 5
19	79 14
19	84 6
19	83 6
19	85 6
19	79 16
19	84 7
19	83 7
19	85 7
19	79 14
19	84 8
19	83 8
19	85 8
19	79 14
19	84 9
19	83 9
19	85 9
19	79 18
19	84 10
19	83 10
19	85 10
19	79 14
19	84 11
19	83 11
19	85 11
19	79 19
19	84 12
19	83 12
19	85 12
19	79 11
19	84 13
19	83 13
19	85 13
19	79 17
19	84 14
19	83 14
19	85 14
19	79 14
19	84 15
19	83 15
19	85 15
19	79 17
19	84 16
19	83 16
19	85 16
19	79 15
19	84 17
19	83 17
19	85 17
19	79 17
19	84 18
19	83 18
19	85 18
19	79 16
19	84 19
19	83 19
19	85 19
19	79 14
19	84 20
19	83 20
19	85 20
19	79 17
19	84 1
19	83 1
19	85 1
19	79 14
19	84 2
19	83 2
19	85 2
19	79 20
19	84 3
19	83 3
19	85 3
19	79 12
19	84 4
19	83 4
19	85 4
19	79 17
19	84 5
19	83 5
19	85 5
19	79 16
19	84 6
19	83 6
19	85 6
19	79 14
19	84 7
19	83 7
19	85 7
19	79 16
19	84 8
19	83 8
19	85 8
19	79 16
19	84 9
19	83 9
19	85 9
19	79 17
19	84 10
19	83 10
19	85 10
19	79 13
19	84 11
19	83 11
19	85 11
19	79 17
19	84 12
19	83 12
19	85 12
19	79 17
19	84 13
19	83 13
19	85 13
19	79 16
19	84 14
19	83 14
19	85 14
19	79 16
19	84 15
19	83 15
19	85 15
19	79 15
19	84 16
19	83 16
19	85 16
19	79 15
19	84 17
19	83 17
19	85 17
19	79 14
19	84 18
19	83 18
19	85 18
19	79 15
19	84 19
19	83 19
19	85 19
19	79 12
19	84 20
19	83 20
19	85 20
19	79 16
19	84 1
19	83 1
19	85 1
19	79 17
19	84 2
19	83 2
19	85 2
19	79 12
19	84 3
19	83 3
19	85 3
19	79 18
19	84 4
19	83 4
19	85 4
19	79 15
19	84 5
19	83 5
19	85 5
19	79 17
19	84 6
19	83 6
19	85 6
19	79 14
19	84 7
19	83 7
19	85 7
19	79 14
19	84 8
19	83 8
19	85 8
19	79 14
19	84 9
19	83 9
19	85 9
19	79 13
19	84 10
19	83 10
19	85 10
19	79 17
19	84 11
19	83 11
19	85 11
19	79 15
19	84 12
19	83 12
19	85 12
19	79 18
19	84 13
19	83 13
19	85 13
19	79 16
19	84 14
19	83 14
19	85 14
19	79 18
19	84 15
19	83 15
19	85 15
19	79 14
19	84 16
19	83 16
19	85 16
19	79 14
19	84 17
19	83 17
19	85 17
19	79 15
19	84 18
19	83 18
19	85 18
19	79 16
19	84 19
19	83 19
19	85 19
19	79 14
19	84 20
19	83 20
19	85 20
19	79 16
19	84 1
19	83 1
19	85 1
19	79 12
19	84 2
19	83 2
19	85 2
19	79 16
19	84 3
19	83 3
19	85 3
19	79 12
19	84 4
19	83 4
19	85 4
19	79 15
19	84 5
19	83 5
19	85 5
19	79 14
19	84 6
19	83 6
19	85 6
19	79 12
19	84 7
19	83 7
19	85 7
19	79 14
19	84 8
19	83 8
19	85 8
19	79 15
19	84 9
19	83 9
19	85 9
19	79 14
19	84 10
19	83 10
19	85 10
19	79 15
19	84 11
19	83 11
19	85 11
19	79 14
19	84 12
19	83 12
19	85 12
19	79 15
19	84 13
19	83 13
19	85 13
19	79 14
19	84 14
19	83 14
19	85 14
19	79 18
19	84 15
19	83 15
19	85 15
19	79 12
19	84 16
19	83 16
19	85 16
19	79 18
19	84 17
19	83 17
19	85 17
19	79 17
19	84 18
19	83 18
19	85 18
19	79 14
19	84 19
19	83 19
19	85 19
19	79 17
19	84 20
19	83 20
19	85 20
19	79 15
19	84 1
19	83 1
19	85 1
19	79 13
19	84 2
19	83 2
19	85 2
19	79 16
19	84 3
19	83 3
19	85 3
19	79 14
19	84 4
19	83 4
19	85 4
19	79 17
19	84 5
19	83 5
19	85 5
19	79 15
19	84 6
19	83 6
19	85 6
19	79 18
19	84 7
19	83 7
19	85 7
19	79 15
19	84 8
19	83 8
19	85 8
19	79 16
19	84 9
19	83 9
19	85 9
19	79 17
19	84 10
19	83 10
19	85 10
19	79 14
19	84 11
19	83 11
19	85 11
19	79 13
19	84 12
19	83 12
19	85 12
19	79 16
19	84 13
19	83 13
19	85 13
19	79 13
19	84 14
19	83 14
19	85 14
19	79 18
19	84 15
19	83 15
19	85 15
19	79 13
19	84 16
19	83 16
19	85 16
19	79 14
19	84 17
19	83 17
19	85 17
19	79 14
19	84 18
19	83 18
19	85 18
19	79 13
19	84 19
19	83 19
19	85 19
19	79 14
19	84 20
19	83 20
19	85 20
19	79 18
19	84 1
19	83 1
19	85 1
19	79 18
19	84 2
19	83 2
19	85 2
19	79 11
19	84 3
19	83 3
19	85 3
19	79 13
19	84 4
19	83 4
19	85 4
19	79 16
19	84 5
19	83 5
19	85 5
19	79 17
19	84 6
19	83 6
19	85 6
19	79 18
19	84 7
19	83 7
19	85 7
19	79 16
19	84 8
19	83 8
19	85 8
19	79 14
19	84 9
19	83 9
19	85 9
19	79 14
19	84 10
19	83 10
19	85 10
19	79 17
19	84 11
19	83 11
19	85 11
19	79 15
19	84 12
19	83 12
19	85 12
19	79 17
19	84 13
19	83 13
19	85 13
19	79 18
19	84 14
19	83 14
19	85 14
19	79 18
19	84 15
19	83 15
19	85 15
19	79 16
19	84 16
19	83 16
19	85 16
19	79 17
19	84 17
19	83 17
19	85 17
19	79 15
19	84 18
19	83 18
19	85 18
19	79 16
19	84 19
19	83 19
19	85 19
19	79 13
19	84 20
19	83 20
19	85 20
19	79 19
19	84 1
19	83 1
19	85 1
19	79 17
19	84 2
19	83 2
19	85 2
19	79 16
19	84 3
19	83 3
19	85 3
19	79 14
19	84 4
19	83 4
19	85 4
19	79 16
19	84 5
19	83 5
19	85 5
19	79 14
19	84 6
19	83 6
19	85 6
19	79 13
19	84 7
19	83 7
19	85 7
19	79 17
19	84 8
19	83 8
19	85 8
19	79 16
19	84 9
19	83 9
19	85 9
19	79 12
19	84 10
19	83 10
19	85 10
19	79 19
19	84 11
19	83 11
19	85 11
19	79 11
19	84 12
19	83 12
19	85 12
19	79 16
19	84 13
19	83 13
19	85 13
19	79 18
19	84 14
19	83 14
19	85 14
19	79 16
19	84 15
19	83 15
19	85 15
19	79 14
19	84 16
19	83 16
19	85 16
19	79 15
19	84 17
19	83 17
19	85 17
19	79 18
19	84 18
19	83 18
19	85 18
19	79 12
19	84 19
19	83 19
19	85 19
19	79 18
19	84 20
19	83 20
19	85 20
19	79 12
19	84 1
19	83 1
19	85 1
19	79 18
19	84 2
19	83 2
19	85 2
19	79 16
19	84 3
19	83 3
19	85 3
19	79 13
19	84 4
19	84 5
19	83 5
19	85 5
19	79 14
19	84 6
19	84 7
19	83 7
19	85 6
19	79 94
19	83 7
19	85 7
19	79 21
19	84 8
19	84 9
19	83 9
19	85 9
19	79 15
19	84 10
19	84 11
19	83 11
19	85 10
19	79 95
19	83 11
19	85 11
19	79 22
19	84 12
19	84 13
19	83 13
19	85 13
19	79 11
19	84 14
19	84 15
19	83 15
19	85 14
19	79 94
19	83 15
19	85 15
19	79 22
19	84 16
19	83 16
19	85 16
19	79 23
19	84 17
19	84 18
19	83 18
19	85 18
19	79 14
19	84 19
19	84 20
19	83 20
19	85 19
19	79 95
19	83 20
19	85 20
19	79 25
19	84 1
19	83 1
19	85 1
19	79 24
19	84 2
19	84 3
19	83 3
19	85 3
19	79 15
19	84 4
19	84 5
19	83 5
19	85 4
19	79 95
19	83 5
19	85 5
19	79 23
19	84 6
19	83 6
19	85 6
19	79 25
19	84 7
19	84 8
19	83 8
19	85 8
19	79 12
19	84 9
19	84 10
19	TEST_NUMBER 3
19	SENT_TOTAL 250
19	RECEIVED_TOTAL 242
19	TIME_TOTAL 29723
19	RECEIVED_RADIO_1 112
19	RECEIVED_RADIO_2 131
19	SENT_RADIO_1 125
19	SENT_RADIO_2 125
19	RADIO_TIME_1 29870
19	RADIO_TIME_2 19763
19	RETRANSMISSIONS_1 0
19	RETRANSMISSIONS_2 0
19	DROPPED_1 0
19	DROPPED_2 0
19	MAX_QUEUE 1
19	DUPLICATED_1 0
19	DUPLICATED_2 0
19	EBUSY_RADIO_1 0
19	EBUSY_RADIO_2 0
19	83 0
19	85 9
19	86 3
19	83 0
19	85 10
19	86 3
19	84 1
19	83 1
19	85 1
19	79 22
19	84 2
19	84 3
19	83 3
19	85 3
19	79 12
19	84 4
19	84 5
19	83 5
19	85 4
19	79 99
19	83 5
19	85 5
19	79 26
19	84 6
19	83 6
19	85 6
19	79 24
19	84 7
19	84 8
19	83 8
19	85 8
19	79 14
19	84 9
19	84 10
19	83 10
19	85 9
19	79 96
19	83 10
19	85 10
19	79 24
19	84 11
19	84 12
19	83 12
19	85 12
19	79 15
19	84 13
19	84 14
19	83 14
19	85 13
19	79 97
19	83 14
19	85 14
19	79 27
19	84 15
19	83 15
19	85 15
19	79 21
19	84 16
19	84 17
19	83 17
19	85 17
19	79 16
19	84 18
19	84 19
19	83 19
19	85 18
19	79 97
19	83 19
19	85 19
19	79 26
19	84 20
19	84 1
19	83 1
19	85 1
19	79 11
19	84 2
19	84 3
19	83 3
19	85 2
19	79 95
19	83 3
19	85 3
19	79 21
19	84 4
19	84 5
19	83 5
19	85 5
19	79 13
19	84 6
19	84 7
19	83 7
19	85 6
19	79 95
19	83 7
19	85 7
19	79 23
19	84 8
19	84 9
19	83 9
19	85 9
19	79 14
19	84 10
19	84 11
19	83 11
19	85 10
19	79 91
19	83 11
19	85 11
19	79 28
19	84 12
19	84 13
19	83 13
19	85 13
19	79 16
19	84 14
19	84 15
19	83 15
19	85 14
19	79 92
19	83 15
19	85 15
19	79 20
19	84 16
19	83 16
19	85 16
19	79 25
19	84 17
19	84 18
19	83 18
19	85 18
19	79 13
19	84 19
19	84 20
19	83 20
19	85 19
19	79 96
19	83 20
19	85 20
19	79 22
19	84 1
19	84 2
19	83 2
19	85 2
19	79 13
19	84 3
19	84 4
19	83 4
19	85 3
19	79 99
19	83 4
19	85 4
19	79 27
19	84 5
19	84 6
19	83 6
19	85 6
19	79 14
19	84 7
19	84 8
19	83 8
19	85 7
19	79 99
19	83 8
19	85 8
19	79 27
19	84 9
19	84 10
19	83 10
19	85 10
19	79 11
19	84 11
19	84 12
19	83 12
19	85 11
19	79 92
19	83 12
19	85 12
19	79 19
19	84 13
19	83 13
19	85 13
19	79 23
19	84 14
19	84 15
19	83 15
19	85 15
19	79 15
19	84 16
19	84 17
19	83 17
19	85 16
19	79 92
19	83 17
19	85 17
19	79 19
19	84 18
19	84 19
19	83 19
19	85 19
19	79 12
19	84 20
19	84 1
19	83 1
19	85 20
19	79 94
19	83 1
19	85 1
19	79 20
19	84 2
19	83 2
19	85 2
19	79 23
19	84 3
19	84 4
19	83 4
19	85 4
19	79 14
19	84 5
19	84 6
19	83 6
19	85 5
19	79 95
19	83 6
19	85 6
19	79 21
19	84 7
19	83 7
19	85 7
19	79 16
19	84 8
19	84 9
19	83 9
19	85 9
19	79 16
19	84 10
19	84 11
19	83 11
19	85 10
19	79 95
19	83 11
19	85 11
19	79 23
19	84 12
19	84 13
19	83 13
19	85 13
19	79 13
19	84 14
19	84 15
19	83 15
19	85 14
19	79 95
19	83 15
19	85 15
19	79 26
19	84 16
19	83 16
19	85 16
19	79 24
19	84 17
19	84 18
19	83 18
19	85 18
19	79 14
19	84 19
19	84 20
19	83 20
19	85 19
19	79 95
19	83 20
19	85 20
19	79 24
19	84 1
19	83 1
19	85 1
19	79 17
19	84 2
19	84 3
19	83 3
19	85 3
19	79 15
19	84 4
19	84 5
19	83 5
19	85 4
19	79 93
19	83 5
19	85 5
19	79 22
19	84 6
19	83 6
19	85 6
19	79 21
19	84 7
19	84 8
19	83 8
19	85 8
19	79 12
19	84 9
19	84 10
19	83 10
19	85 9
19	79 94
19	83 10
19	85 10
19	79 21
19	84 11
19	83 11
19	85 11
19	79 22
19	84 12
19	84 13
19	83 13
19	85 13
19	79 16
19	84 14
19	84 15
19	83 15
19	85 14
19	79 96
19	83 15
19	85 15
19	79 22
19	84 16
19	84 17
19	83 17
19	85 17
19	79 16
19	84 18
19	84 19
19	83 19
19	85 18
19	79 96
19	83 19
19	85 19
19	79 25
19	84 20
19	84 1
19	83 1
19	85 1
19	79 18
19	84 2
19	84 3
19	83 3
19	85 2
19	79 94
19	83 3
19	85 3
19	79 20
19	84 4
19	84 5
19	83 5
19	85 5
19	79 18
19	84 6
19	84 7
19	83 7
19	85 6
19	79 93
19	83 7
19	85 7
19	79 19
19	84 8
19	84 9
19	83 9
19	85 9
19	79 14
19	84 10
19	84 11
19	83 11
19	85 10
19	79 91
19	83 11
19	85 11
19	79 26
19	84 12
19	84 13
19	83 13
19	85 13
19	79 15
19	84 14
19	84 15
19	83 15
19	85 14
19	79 94
19	83 15
19	85 15
19	79 20
19	84 16
19	84 17
19	83 17
19	85 17
19	79 16
19	84 18
19	84 19
19	83 19
19	85 18
19	79 98
19	83 19
19	85 19
19	79 26
19	84 20
19	84 1
19	83 1
19	85 1
19	79 14
19	84 2
19	84 3
19	83 3
19	85 2
19	79 96
19	84 4
19	83 4
19	85 4
19	79 16
19	84 5
19	84 6
19	83 6
19	85 5
19	79 95
19	83 6
19	85 6
19	79 21
19	84 7
19	83 7
19	85 7
19	79 22
19	84 8
19	84 9
19	83 9
19	85 9
19	79 16
19	84 10
19	84 11
19	83 11
19	85 10
19	79 91
19	83 11
19	85 11
19	79 17
19	84 12
19	83 12
19	85 12
19	79 22
19	84 13
19	84 14
19	83 14
19	85 14
19	79 10
19	84 15
19	84 16
19	83 16
19	85 15
19	79 92
19	83 16
19	85 16
19	79 18
19	84 17
19	83 17
19	85 17
19	79 21
19	84 18
19	84 19
19	83 19
19	85 19
19	79 14
19	84 20
19	84 1
19	83 1
19	85 20
19	79 93
19	83 1
19	85 1
19	79 19
19	84 2
19	83 2
19	85 2
19	79 25
19	84 3
19	84 4
19	83 4
19	85 4
19	79 17
19	84 5
19	84 6
19	83 6
19	85 5
19	79 94
19	83 6
19	85 6
19	79 39
19	84 7
19	84 8
19	83 8
19	85 8
19	79 13
19	84 9
19	84 10
19	83 10
19	85 9
19	79 115
19	84 11
19	84 12
19	83 12
19	85 10
19	79 171
19	84 13
19	83 13
19	85 12
19	79 96
19	83 13
19	85 13
19	79 22
19	84 14
19	83 14
19	85 14
19	79 34
19	84 15
19	84 16
19	83 16
19	85 16
19	79 12
19	84 17
19	84 18
19	83 18
19	85 17
19	79 93
19	83 18
19	85 18
19	79 20
19	84 19
19	84 20
19	83 20
19	85 20
19	79 14
19	84 1
19	84 2
19	83 2
19	85 1
19	79 93
19	83 2
19	85 2
19	79 19
19	84 3
19	84 4
19	83 4
19	85 4
19	79 16
19	84 5
19	84 6
19	83 6
19	85 5
19	79 96
19	83 6
19	85 6
19	79 23
19	84 7
19	83 7
19	85 7
19	79 25
19	84 8
19	84 9
19	83 9
19	85 9
19	79 14
19	84 10
19	84 11
19	83 11
19	85 10
19	79 98
19	83 11
19	85 11
19	79 24
19	84 12
19	84 13
19	83 13
19	85 13
19	79 12
19	84 14
19	84 15
19	83 15
19	85 14
19	79 96
19	84 16
19	83 16
19	85 16
19	79 16
19	84 17
19	84 18
19	83 18
19	85 17
19	79 96
19	83 18
19	85 18
19	79 24
19	84 19
19	84 20
19	83 20
19	85 20
19	79 14
19	84 1
19	84 2
19	83 2
19	85 1
19	79 93
19	83 2
19	85 2
19	79 21
19	84 3
19	83 3
19	85 3
19	79 25
19	84 4
19	84 5
19	83 5
19	85 5
19	79 13
19	84 6
19	84 7
19	83 7
19	85 6
19	79 92
19	83 7
19	85 7
19	79 19
19	84 8
19	83 8
19	85 8
19	79 24
19	84 9
19	84 10
19	83 10
19	85 10
19	79 16
19	84 11
19	84 12
19	83 12
19	85 11
19	79 94
19	83 12
19	85 12
19	79 23
19	84 13
19	83 13
19	85 13
19	79 23
19	84 14
19	84 15
19	83 15
19	85 15
19	79 12
19	84 16
19	84 17
19	83 17
19	85 16
19	79 93
19	83 17
19	85 17
19	79 23
19	84 18
19	83 18
19	85 18
19	79 25
19	84 19
19	84 20
19	83 20
19	85 20
19	79 16
19	84 1
19	84 2
19	83 2
19	85 1
19	79 93
19	83 2
19	85 2
19	79 26
19	84 3
19	84 4
19	83 4
19	85 4
19	79 14
19	84 5
19	84 6
19	83 6
19	85 5
19	79 95
19	83 6
19	85 6
19	79 24
19	84 7
19	83 7
19	85 7
19	79 23
19	84 8
19	84 9
19	83 9
19	85 9
19	79 15
19	84 10
19	84 11
19	83 11
19	85 10
19	79 98
19	83 11
19	85 11
19	79 26
19	84 12
19	84 13
19	83 13
19	85 13
19	79 17
19	84 14
19	84 15
19	83 15
19	85 14
19	79 99
19	84 16
19	84 17
19	83 17
19	85 15
19	79 176
19	84 18
19	83 18
19	85 17
19	79 92
19	83 18
19	85 18
19	79 19
19	84 19
19	83 19
19	85 19
19	79 44
19	84 20
19	84 1
19	83 1
19	85 1
19	79 14
19	84 2
19	84 3
19	83 3
19	85 2
19	79 91
19	83 3
19	85 3
19	79 19
19	84 4
19	83 4
19	85 4
19	79 26
19	84 5
19	84 6
19	83 6
19	85 6
19	79 14
19	84 7
19	84 8
19	83 8
19	85 7
19	79 96
19	83 8
19	85 8
19	79 25
19	84 9
19	84 10
19	83 10
19	85 10
19	79 12
19	84 11
19	84 12
19	83 12
19	85 11
19	79 93
19	83 12
19	85 12
19	79 21
19	84 13
19	84 14
19	83 14
19	85 14
19	79 15
19	84 15
19	84 16
19	83 16
19	85 15
19	79 94
19	83 16
19	85 16
19	79 22
19	84 17
19	83 17
19	85 17
19	79 33
19	84 18
19	84 19
19	83 19
19	85 19
19	79 17
19	84 20
19	84 1
19	83 1
19	85 20
19	79 91
19	83 1
19	85 1
19	79 19
19	84 2
19	84 3
19	83 3
19	85 3
19	79 12
19	84 4
19	84 5
19	83 5
19	85 4
19	79 94
19	83 5
19	85 5
19	79 20
19	84 6
19	83 6
19	85 6
19	79 24
19	84 7
19	84 8
19	83 8
19	85 8
19	79 14
19	84 9
19	84 10
19	TEST_NUMBER 4
19	SENT_TOTAL 250
19	RECEIVED_TOTAL 191
19	TIME_TOTAL 29726
19	RECEIVED_RADIO_1 0
19	RECEIVED_RADIO_2 193
19	SENT_RADIO_1 124
19	SENT_RADIO_2 126
19	RADIO_TIME_1 19763
19	RADIO_TIME_2 29792
19	RETRANSMISSIONS_1 2
19	RETRANSMISSIONS_2 0
19	DROPPED_1 0
19	DROPPED_2 0
19	MAX_QUEUE 1
19	DUPLICATED_1 0
19	DUPLICATED_2 0
19	EBUSY_RADIO_1 0
19	EBUSY_RADIO_2 0
19	83 0
19	85 9
19	86 4
19	84 1
19	84 2
19	83 2
19	85 10
19	86 4
19	84 3
19	83 3
19	85 2
19	79 90
19	83 3
19	85 3
19	79 19
19	84 4
19	83 4
19	85 4
19	79 33
19	84 5
19	84 6
19	83 6
19	85 6
19	79 15
19	84 7
19	84 8
19	83 8
19	85 7
19	79 95
19	83 8
19	85 8
19	79 27
19	84 9
19	84 10
19	83 10
19	85 10
19	79 19
19	84 11
19	84 12
19	83 12
19	85 11
19	79 92
19	83 12
19	85 12
19	79 22
19	84 13
19	83 13
19	85 13
19	79 23
19	84 14
19	84 15
19	83 15
19	85 15
19	79 13
19	84 16
19	84 17
19	83 17
19	85 16
19	79 95
19	83 17
19	85 17
19	79 24
19	84 18
19	83 18
19	85 18
19	79 18
19	84 19
19	84 20
19	83 20
19	85 20
19	79 13
19	84 1
19	84 2
19	83 2
19	85 1
19	79 93
19	83 2
19	85 2
19	79 19
19	84 3
19	84 4
19	83 4
19	85 4
19	79 16
19	84 5
19	84 6
19	83 6
19	85 5
19	79 90
19	83 6
19	85 6
19	79 18
19	84 7
19	83 7
19	85 7
19	79 28
19	84 8
19	84 9
19	83 9
19	85 9
19	79 12
19	84 10
19	84 11
19	83 11
19	85 10
19	79 99
19	83 11
19	85 11
19	79 25
19	84 12
19	83 12
19	85 12
19	79 18
19	84 13
19	84 14
19	83 14
19	85 14
19	79 14
19	84 15
19	84 16
19	83 16
19	85 15
19	79 91
19	83 16
19	85 16
19	79 29
19	84 17
19	84 18
19	83 18
19	85 18
19	79 14
19	84 19
19	84 20
19	83 20
19	85 19
19	79 92
19	83 20
19	85 20
19	79 28
19	84 1
19	84 2
19	83 2
19	85 2
19	79 14
19	84 3
19	84 4
19	83 4
19	85 3
19	79 93
19	84 5
19	84 6
19	83 6
19	85 5
19	79 94
19	83 6
19	85 6
19	79 20
19	84 7
19	83 7
19	85 7
19	79 20
19	84 8
19	84 9
19	83 9
19	85 9
19	79 12
19	84 10
19	84 11
19	83 11
19	85 10
19	79 93
19	83 11
19	85 11
19	79 50
19	84 12
19	84 13
19	83 13
19	85 13
19	79 13
19	84 14
19	84 15
19	83 15
19	85 14
19	79 91
19	83 15
19	85 15
19	79 17
19	84 16
19	83 16
19	85 16
19	79 18
19	84 17
19	84 18
19	83 18
19	85 18
19	79 16
19	84 19
19	84 20
19	83 20
19	85 19
19	79 97
19	83 20
19	85 20
19	79 24
19	84 1
19	84 2
19	83 2
19	85 2
19	79 13
19	84 3
19	84 4
19	83 4
19	85 3
19	79 93
19	83 4
19	85 4
19	79 28
19	84 5
19	84 6
19	83 6
19	85 6
19	79 15
19	84 7
19	84 8
19	83 8
19	85 7
19	79 95
19	83 8
19	85 8
19	79 21
19	84 9
19	83 9
19	85 9
19	79 21
19	84 10
19	84 11
19	83 11
19	85 11
19	79 13
19	84 12
19	84 13
19	83 13
19	85 12
19	79 99
19	83 13
19	85 13
19	79 24
19	84 14
19	84 15
19	83 15
19	85 15
19	79 14
19	84 16
19	84 17
19	83 17
19	85 16
19	79 94
19	84 18
19	83 18
19	85 18
19	79 10
19	84 19
19	84 20
19	83 20
19	85 19
19	79 95
19	83 20
19	85 20
19	79 21
19	84 1
19	84 2
19	83 2
19	85 2
19	79 18
19	84 3
19	84 4
19	83 4
19	85 3
19	79 92
19	83 4
19	85 4
19	79 28
19	84 5
19	84 6
19	83 6
19	85 6
19	79 18
19	84 7
19	84 8
19	83 8
19	85 7
19	79 95
19	83 8
19	85 8
19	79 21
19	84 9
19	84 10
19	83 10
19	85 10
19	79 17
19	84 11
19	84 12
19	83 12
19	85 11
19	79 94
19	83 12
19	85 12
19	79 22
19	84 13
19	84 14
19	83 14
19	85 14
19	79 14
19	84 15
19	84 16
19	83 16
19	85 15
19	79 92
19	83 16
19	85 16
19	79 21
19	84 17
19	84 18
19	83 18
19	85 18
19	79 13
19	84 19
19	84 20
19	83 20
19	85 19
19	79 96
19	83 20
19	85 20
19	79 24
19	84 1
19	84 2
19	83 2
19	85 2
19	79 19
19	84 3
19	84 4
19	83 4
19	85 3
19	79 96
19	83 4
19	85 4
19	79 22
19	84 5
19	84 6
19	83 6
19	85 6
19	79 14
19	84 7
19	84 8
19	83 8
19	85 7
19	79 94
19	83 8
19	85 8
19	79 22
19	84 9
19	84 10
19	83 10
19	85 10
19	79 14
19	84 11
19	84 12
19	83 12
19	85 11
19	79 95
19	84 13
19	83 13
19	85 13
19	79 15
19	84 14
19	84 15
19	83 15
19	85 14
19	79 93
19	83 15
19	85 15
19	79 22
19	84 16
19	83 16
19	85 16
19	79 38
19	84 17
19	84 18
19	83 18
19	85 18
19	79 15
19	84 19
19	84 20
19	83 20
19	85 19
19	79 95
19	83 20
19	85 20
19	79 22
19	84 1
19	83 1
19	85 1
19	79 22
19	84 2
19	84 3
19	83 3
19	85 3
19	79 14
19	84 4
19	84 5
19	83 5
19	85 4
19	79 92
19	83 5
19	85 5
19	79 17
19	84 6
19	83 6
19	85 6
19	79 31
19	84 7
19	84 8
19	83 8
19	85 8
19	79 17
19	84 9
19	84 10
19	83 10
19	85 9
19	79 91
19	83 10
19	85 10
19	79 28
19	84 11
19	84 12
19	83 12
19	85 12
19	79 17
19	84 13
19	84 14
19	83 14
19	85 13
19	79 91
19	83 14
19	85 14
19	79 37
19	84 15
19	84 16
19	83 16
19	85 16
19	79 15
19	84 17
19	84 18
19	83 18
19	85 17
19	79 95
19	83 18
19	85 18
19	79 21
19	84 19
19	84 20
19	83 20
19	85 20
19	79 14
19	84 1
19	84 2
19	83 2
19	85 1
19	79 91
19	83 2
19	85 2
19	79 20
19	84 3
19	83 3
19	85 3
19	79 20
19	84 4
19	84 5
19	83 5
19	85 5
19	79 14
19	84 6
19	84 7
19	83 7
19	85 6
19	79 99
19	83 7
19	85 7
19	79 26
19	84 8
19	84 9
19	83 9
19	85 9
19	79 13
19	84 10
19	84 11
19	83 11
19	85 10
19	79 95
19	84 12
19	84 13
19	83 13
19	85 11
19	79 173
19	84 14
19	83 14
19	85 13
19	79 96
19	83 14
19	85 14
19	79 24
19	84 15
19	83 15
19	85 15
19	79 37
19	84 16
19	84 17
19	83 17
19	85 17
19	79 16
19	84 18
19	84 19
19	83 19
19	85 18
19	79 96
19	83 19
19	85 19
19	79 24
19	84 20
19	84 1
19	83 1
19	85 1
19	79 16
19	84 2
19	84 3
19	83 3
19	85 2
19	79 95
19	83 3
19	85 3
19	79 21
19	84 4
19	84 5
19	83 5
19	85 5
19	79 15
19	84 6
19	84 7
19	83 7
19	85 6
19	79 94
19	83 7
19	85 7
19	79 21
19	84 8
19	84 9
19	83 9
19	85 9
19	79 13
19	84 10
19	84 11
19	83 11
19	85 10
19	79 96
19	83 11
19	85 11
19	79 24
19	84 12
19	84 13
19	83 13
19	85 13
19	79 16
19	84 14
19	84 15
19	83 15
19	85 14
19	79 93
19	83 15
19	85 15
19	79 27
19	84 16
19	84 17
19	83 17
19	85 17
19	79 17
19	84 18
19	84 19
19	83 19
19	85 18
19	79 95
19	83 19
19	85 19
19	79 21
19	84 20
19	84 1
19	83 1
19	85 1
19	79 17
19	84 2
19	84 3
19	83 3
19	85 2
19	79 95
19	83 3
19	85 3
19	79 22
19	84 4
19	83 4
19	85 4
19	79 25
19	84 5
19	84 6
19	83 6
19	85 6
19	79 14
19	84 7
19	84 8
19	83 8
19	85 7
19	79 97
19	83 8
19	85 8
19	79 23
19	84 9
19	83 9
19	85 9
19	79 16
19	84 10
19	84 11
19	83 11
19	85 11
19	79 13
19	84 12
19	84 13
19	83 13
19	85 12
19	79 95
19	83 13
19	85 13
19	79 26
19	84 14
19	84 15
19	83 15
19	85 15
19	79 15
19	84 16
19	84 17
19	83 17
19	85 16
19	79 92
19	83 17
19	85 17
19	79 19
19	84 18
19	84 19
19	83 19
19	85 19
19	79 17
19	84 20
19	84 1
19	83 1
19	85 20
19	79 94
19	83 1
19	85 1
19	79 19
19	84 2
19	84 3
19	83 3
19	85 3
19	79 15
19	84 4
19	84 5
19	83 5
19	85 4
19	79 91
19	83 5
19	85 5
19	79 17
19	84 6
19	84 7
19	83 7
19	85 7
19	79 13
19	84 8
19	84 9
19	83 9
19	85 8
19	79 92
19	83 9
19	85 9
19	79 18
19	84 10
19	84 11
19	83 11
19	85 11
19	79 14
19	84 12
19	84 13
19	83 13
19	85 12
19	79 92
19	83 13
19	85 13
19	79 30
19	84 14
19	84 15
19	83 15
19	85 15
19	79 16
19	84 16
19	84 17
19	83 17
19	85 16
19	79 92
19	84 18
19	83 18
19	85 18
19	79 13
19	84 19
19	84 20
19	83 20
19	85 19
19	79 96
19	83 20
19	85 20
19	79 25
19	84 1
19	83 1
19	85 1
19	79 23
19	84 2
19	84 3
19	83 3
19	85 3
19	79 17
19	84 4
19	84 5
19	83 5
19	85 4
19	79 93
19	83 5
19	85 5
19	79 23
19	84 6
19	83 6
19	85 6
19	79 24
19	84 7
19	84 8
19	83 8
19	85 8
19	79 14
19	84 9
19	84 10
19	83 10
19	85 9
19	79 101
19	83 10
19	85 10
19	79 27
19	84 11
19	83 11
19	85 11
19	79 24
19	84 12
19	84 13
19	83 13
19	85 13
19	79 16
19	84 14
19	84 15
19	83 15
19	85 14
19	79 93
19	83 15
19	85 15
19	79 22
19	84 16
19	83 16
19	85 16
19	79 22
19	84 17
19	84 18
19	83 18
19	85 18
19	79 15
19	84 19
19	84 20
19	83 20
19	85 19
19	79 94
19	83 20
19	85 20
19	79 31
19	84 1
19	84 2
19	83 2
19	85 2
19	79 15
19	84 3
19	84 4
19	83 4
19	85 3
19	79 94
19	83 4
19	85 4
19	79 20
19	84 5
19	83 5
19	85 5
19	79 22
19	84 6
19	84 7
19	83 7
19	85 7
19	79 17
19	84 8
19	84 9
19	83 9
19	85 8
19	79 93
19	83 9
19	85 9
19	79 20
19	84 10
19	TEST_NUMBER 5
19	SENT_TOTAL 250
19	RECEIVED_TOTAL 190
19	TIME_TOTAL 29804
19	RECEIVED_RADIO_1 0
19	RECEIVED_RADIO_2 192
19	SENT_RADIO_1 124
19	SENT_RADIO_2 126
19	RADIO_TIME_1 19763
19	RADIO_TIME_2 29804
19	RETRANSMISSIONS_1 2
19	RETRANSMISSIONS_2 0
19	DROPPED_1 0
19	DROPPED_2 0
19	MAX_QUEUE 1
19	DUPLICATED_1 0
19	DUPLICATED_2 5
19	EBUSY_RADIO_1 0
19	EBUSY_RADIO_2 0
19	84 1
19	83 1
19	85 1
19	79 16
19	84 2
19	84 3
19	83 3
19	85 2
19	79 93
19	84 4
19	83 4
19	85 4
19	79 13
19	84 5
19	84 6
19	83 6
19	85 5
19	79 96
19	83 6
19	85 6
19	79 26
19	84 7
19	83 7
19	85 7
19	79 24
19	84 8
19	84 9
19	83 9
19	85 9
19	79 15
19	84 10
19	84 11
19	83 11
19	85 10
19	79 94
19	83 11
19	85 11
19	79 29
19	84 12
19	84 13
19	83 13
19	85 13
19	79 18
19	84 14
19	84 15
19	83 15
19	85 14
19	79 98
19	83 15
19	85 15
19	79 26
19	84 16
19	84 17
19	83 17
19	85 17
19	79 17
19	84 18
19	84 19
19	83 19
19	85 18
19	79 93
19	84 20
19	83 20
19	85 20
19	79 12
19	84 1
19	84 2
19	83 2
19	85 1
19	79 95
19	83 2
19	85 2
19	79 22
19	84 3
19	83 3
19	85 3
19	79 24
19	84 4
19	84 5
19	83 5
19	85 5
19	79 16
19	84 6
19	84 7
19	83 7
19	85 6
19	79 95
19	83 7
19	85 7
19	79 22
19	84 8
19	84 9
19	83 9
19	85 9
19	79 14
19	84 10
19	84 11
19	83 11
19	85 10
19	79 96
19	83 11
19	85 11
19	79 22
19	84 12
19	84 13
19	83 13
19	85 13
19	79 14
19	84 14
19	84 15
19	83 15
19	85 14
19	79 95
19	84 16
19	83 16
19	85 16
19	79 14
19	84 17
19	84 18
19	83 18
19	85 17
19	79 95
19	83 18
19	85 18
19	79 32
19	84 19
19	84 20
19	83 20
19	85 20
19	79 13
19	84 1
19	84 2
19	83 2
19	85 1
19	79 95
19	83 2
19	85 2
19	79 22
19	84 3
19	83 3
19	85 3
19	79 21
19	84 4
19	84 5
19	83 5
19	85 5
19	79 16
19	84 6
19	84 7
19	83 7
19	85 6
19	79 93
19	83 7
19	85 7
19	79 20
19	84 8
19	83 8
19	85 8
19	79 22
19	84 9
19	84 10
19	83 10
19	85 10
19	79 14
19	84 11
19	84 12
19	83 12
19	85 11
19	79 101
19	83 12
19	85 12
19	79 31
19	84 13
19	84 14
19	83 14
19	85 14
19	79 11
19	84 15
19	84 16
19	83 16
19	85 15
19	79 95
19	84 17
19	83 17
19	85 17
19	79 17
19	84 18
19	84 19
19	83 19
19	85 18
19	79 94
19	84 20
19	83 20
19	85 20
19	79 13
19	84 1
19	84 2
19	83 2
19	85 1
19	79 97
19	84 3
19	83 3
19	85 3
19	79 17
19	84 4
19	84 5
19	83 5
19	85 4
19	79 92
19	83 5
19	85 5
19	79 18
19	84 6
19	83 6
19	85 6
19	79 25
19	84 7
19	84 8
19	83 8
19	85 8
19	79 15
19	84 9
19	84 10
19	83 10
19	85 9
19	79 97
19	83 10
19	85 10
19	79 24
19	84 11
19	83 11
19	85 11
19	79 19
19	84 12
19	84 13
19	83 13
19	85 13
19	79 16
19	84 14
19	84 15
19	83 15
19	85 14
19	79 94
19	83 15
19	85 15
19	79 20
19	84 16
19	83 16
19	85 16
19	79 23
19	84 17
19	84 18
19	83 18
19	85 18
19	79 13
19	84 19
19	84 20
19	83 20
19	85 19
19	79 96
19	83 20
19	85 20
19	79 21
19	84 1
19	84 2
19	83 2
19	85 2
19	79 16
19	84 3
19	84 4
19	83 4
19	85 3
19	79 93
19	83 4
19	85 4
19	79 21
19	84 5
19	83 5
19	85 5
19	79 23
19	84 6
19	84 7
19	83 7
19	85 7
19	79 17
19	84 8
19	84 9
19	83 9
19	85 8
19	79 96
19	83 9
19	85 9
19	79 23
19	84 10
19	84 11
19	83 11
19	85 11
19	79 12
19	84 12
19	84 13
19	83 13
19	85 12
19	79 93
19	83 13
19	85 13
19	79 21
19	84 14
19	84 15
19	83 15
19	85 15
19	79 16
19	84 16
19	84 17
19	83 17
19	85 16
19	79 97
19	83 17
19	85 17
19	79 24
19	84 18
19	83 18
19	85 18
19	79 23
19	84 19
19	84 20
19	83 20
19	85 20
19	79 12
19	84 1
19	84 2
19	83 2
19	85 1
19	79 94
19	83 2
19	85 2
19	79 21
19	84 3
19	83 3
19	85 3
19	79 20
19	84 4
19	84 5
19	83 5
19	85 5
19	79 12
19	84 6
19	84 7
19	83 7
19	85 6
19	79 92
19	83 7
19	85 7
19	79 20
19	84 8
19	83 8
19	85 8
19	79 23
19	84 9
19	84 10
19	83 10
19	85 10
19	79 14
19	84 11
19	84 12
19	83 12
19	85 11
19	79 94
19	83 12
19	85 12
19	79 21
19	84 13
19	83 13
19	85 13
19	79 18
19	84 14
19	84 15
19	83 15
19	85 15
19	79 17
19	84 16
19	84 17
19	83 17
19	85 16
19	79 91
19	83 17
19	85 17
19	79 18
19	84 18
19	84 19
19	83 19
19	85 19
19	79 15
19	84 20
19	84 1
19	83 1
19	85 20
19	79 98
19	84 2
19	83 2
19	85 2
19	79 17
19	84 3
19	84 4
19	83 4
19	85 3
19	79 95
19	83 4
19	85 4
19	79 25
19	84 5
19	83 5
19	85 5
19	79 21
19	84 6
19	84 7
19	83 7
19	85 7
19	79 17
19	84 8
19	84 9
19	83 9
19	85 8
19	79 97
19	83 9
19	85 9
19	79 25
19	84 10
19	84 11
19	83 11
19	85 11
19	79 15
19	84 12
19	84 13
19	83 13
19	85 12
19	79 97
19	83 13
19	85 13
19	79 22
19	84 14
19	84 15
19	83 15
19	85 15
19	79 15
19	84 16
19	84 17
19	83 17
19	85 16
19	79 93
19	83 17
19	85 17
19	79 19
19	84 18
19	83 18
19	85 18
19	79 22
19	84 19
19	84 20
19	83 20
19	85 20
19	79 16
19	84 1
19	84 2
19	83 2
19	85 1
19	79 99
19	83 2
19	85 2
19	79 28
19	84 3
19	84 4
19	83 4
19	85 4
19	79 13
19	84 5
19	84 6
19	83 6
19	85 5
19	79 95
19	83 6
19	85 6
19	79 26
19	84 7
19	83 7
19	85 7
19	79 25
19	84 8
19	84 9
19	83 9
19	85 9
19	79 18
19	84 10
19	84 11
19	83 11
19	85 10
19	79 98
19	83 11
19	85 11
19	79 24
19	84 12
19	84 13
19	83 13
19	85 13
19	79 15
19	84 14
19	84 15
19	83 15
19	85 14
19	79 94
19	83 15
19	85 15
19	79 21
19	84 16
19	83 16
19	85 16
19	79 30
19	84 17
19	84 18
19	83 18
19	85 18
19	79 12
19	84 19
19	84 20
19	83 20
19	85 19
19	79 109
19	84 1
19	84 2
19	83 2
19	85 20
19	79 172
19	84 3
19	83 3
19	85 2
19	79 95
19	83 3
19	85 3
19	79 21
19	84 4
19	83 4
19	85 4
19	79 20
19	84 5
19	84 6
19	83 6
19	85 6
19	79 19
19	84 7
19	84 8
19	83 8
19	85 7
19	79 94
19	83 8
19	85 8
19	79 21
19	84 9
19	84 10
19	83 10
19	85 10
19	79 15
19	84 11
19	84 12
19	83 12
19	85 11
19	79 98
19	83 12
19	85 12
19	79 28
19	84 13
19	84 14
19	83 14
19	85 14
19	79 14
19	84 15
19	84 16
19	83 16
19	85 15
19	79 96
19	83 16
19	85 16
19	79 23
19	84 17
19	84 18
19	83 18
19	85 18
19	79 13
19	84 19
19	84 20
19	83 20
19	85 19
19	79 94
19	83 20
19	85 20
19	79 22
19	84 1
19	84 2
19	83 2
19	85 2
19	79 14
19	84 3
19	84 4
19	83 4
19	85 3
19	79 96
19	83 4
19	85 4
19	79 21
19	84 5
19	84 6
19	83 6
19	85 6
19	79 15
19	84 7
19	84 8
19	83 8
19	85 7
19	79 96
19	83 8
19	85 8
19	79 24
19	84 9
19	83 9
19	85 9
19	79 22
19	84 10
19	84 11
19	83 11
19	85 11
19	79 13
19	84 12
19	84 13
19	83 13
19	85 12
19	79 97
19	84 14
19	83 14
19	85 14
19	79 13
19	84 15
19	84 16
19	83 16
19	85 15
19	79 94
19	83 16
19	85 16
19	79 20
19	84 17
19	83 17
19	85 17
19	79 26
19	84 18
19	84 19
19	83 19
19	85 19
19	79 10
19	84 20
19	84 1
19	83 1
19	85 20
19	79 100
19	83 1
19	85 1
19	79 28
19	84 2
19	84 3
19	83 3
19	85 3
19	79 13
19	84 4
19	84 5
19	83 5
19	85 4
19	79 95
19	83 5
19	85 5
19	79 20
19	84 6
19	83 6
19	85 6
19	79 24
19	84 7
19	84 8
19	83 8
19	85 8
19	79 14
19	84 9
19	84 10
19	83 10
19	85 9
19	79 93
19	83 10
19	85 10
19	79 21
19	84 11
19	83 11
19	85 11
19	79 19
19	84 12
19	84 13
19	83 13
19	85 13
19	79 13
19	84 14
19	84 15
19	83 15
19	85 14
19	79 98
19	83 15
19	85 15
19	79 26
19	84 16
19	83 16
19	85 16
19	79 19
19	84 17
19	84 18
19	83 18
19	85 18
19	79 16
19	84 19
19	84 20
19	83 20
19	85 19
19	79 95
19	83 20
19	85 20
19	79 23
19	84 1
19	83 1
19	85 1
19	79 19
19	84 2
19	84 3
19	83 3
19	85 3
19	79 10
19	84 4
19	84 5
19	83 5
19	85 4
19	79 92
19	83 5
19	85 5
19	79 21
19	84 6
19	83 6
19	85 6
19	79 24
19	84 7
19	84 8
19	83 8
19	85 8
19	79 13
19	84 9
19	84 10
19	83 10
19	85 9
19	79 92
19	83 10
19	85 10
19	79 20
19	84 11
19	83 11
19	85 11
19	79 22
19	84 12
19	84 13
19	83 13
19	85 13
19	79 15
19	84 14
19	84 15
19	83 15
19	85 14
19	79 94
19	83 15
19	85 15
19	79 20
19	84 16
19	83 16
19	85 16
19	79 21
19	84 17
19	84 18
19	83 18
19	85 18
19	79 16
19	84 19
19	84 20
19	83 20
19	85 19
19	79 94
19	83 20
19	85 20
19	79 22
19	84 1
19	83 1
19	85 1
19	79 22
19	84 2
19	84 3
19	83 3
19	85 3
19	79 13
19	84 4
19	84 5
19	83 5
19	85 4
19	79 94
19	83 5
19	85 5
19	79 19
19	84 6
19	83 6
19	85 6
19	79 30
19	84 7
19	84 8
19	83 8
19	85 8
19	79 17
19	84 9
19	84 10
19	TEST_NUMBER 6
19	SENT_TOTAL 250
19	RECEIVED_TOTAL 191
19	TIME_TOTAL 19684
19	RECEIVED_RADIO_1 0
19	RECEIVED_RADIO_2 191
19	SENT_RADIO_1 125
19	SENT_RADIO_2 125
19	RADIO_TIME_1 19683
19	RADIO_TIME_2 19843
19	RETRANSMISSIONS_1 1
19	RETRANSMISSIONS_2 0
19	DROPPED_1 0
19	DROPPED_2 0
19	MAX_QUEUE 1
19	DUPLICATED_1 0
19	DUPLICATED_2 4
19	EBUSY_RADIO_1 0
19	EBUSY_RADIO_2 0
19	83 0
19	85 9
19	86 6
19	83 0
19	85 10
19	86 6

20	DESTINATION_NODE 20
20	TEST_NUMBER 0
20	SENT_TOTAL 218
20	RECEIVED_TOTAL 218
20	TIME_TOTAL 17297
20	RECEIVED_RADIO_1 109
20	RECEIVED_RADIO_2 109
20	SENT_RADIO_1 109
20	SENT_RADIO_2 109
20	RADIO_TIME_1 17297
20	RADIO_TIME_2 17217
20	RETRANSMISSIONS_1 1
20	RETRANSMISSIONS_2 0
20	DROPPED_1 0
20	DROPPED_2 0
20	MAX_QUEUE 1
20	DUPLICATED_1 0
20	DUPLICATED_2 0
20	EBUSY_RADIO_1 0
20	EBUSY_RADIO_2 0
20	86 0
20	86 0
20	86 0
20	86 0
20	86 0
20	86 0
20	86 0
20	86 0
20	86 0
20	86 0
20	86 0
20	86 0
20	86 0
20	86 0
20	86 0
20	86 0
20	86 0
20	86 0
20	86 0
20	86 0
20	86 0
20	86 0
20	86 0
20	86 0
20	86 0
20	86 0
20	86 0
20	86 0
20	86 0
20	86 0
20	86 0
20	86 0
20	TEST_NUMBER 1
20	SENT_TOTAL 250
20	RECEIVED_TOTAL 218
20	TIME_TOTAL 29800
20	RECEIVED_RADIO_1 126
20	RECEIVED_RADIO_2 124
20	SENT_RADIO_1 124
20	SENT_RADIO_2 126
20	RADIO_TIME_1 29800
20	RADIO_TIME_2 29724
20	RETRANSMISSIONS_1 2
20	RETRANSMISSIONS_2 0
20	DROPPED_1 0
20	DROPPED_2 0
20	MAX_QUEUE 1
20	DUPLICATED_1 0
20	DUPLICATED_2 0
20	EBUSY_RADIO_1 0
20	EBUSY_RADIO_2 0
20	86 1
20	86 1
20	86 1
20	86 1
20	86 1
20	86 1
20	86 1
20	86 1
20	86 1
20	86 1
20	86 1
20	86 1
20	86 1
20	86 1
20	86 1
20	86 1
20	86 1
20	86 1
20	86 1
20	86 1
20	86 1
20	86 1
20	86 1
20	86 1
20	86 1
20	86 1
20	86 1
20	86 1
20	86 1
20	86 1
20	86 1
20	86 1
20	TEST_NUMBER 2
20	SENT_TOTAL 250
20	RECEIVED_TOTAL 218
20	TIME_TOTAL 29802
20	RECEIVED_RADIO_1 125
20	RECEIVED_RADIO_2 125
20	SENT_RADIO_1 124
20	SENT_RADIO_2 126
20	RADIO_TIME_1 29725
20	RADIO_TIME_2 29726
20	RETRANSMISSIONS_1 2
20	RETRANSMISSIONS_2 0
20	DROPPED_1 0
20	DROPPED_2 0
20	MAX_QUEUE 1
20	DUPLICATED_1 0
20	DUPLICATED_2 0
20	EBUSY_RADIO_1 0
20	EBUSY_RADIO_2 0
20	86 2
20	86 2
20	86 2
20	86 2
20	86 2
20	86 2
20	86 2
20	86 2
20	86 2
20	86 2
20	86 2
20	86 2
20	86 2
20	86 2
20	86 2
20	86 2
20	86 2
20	86 2
20	86 2
20	86 2
20	86 2
20	86 2
20	86 2
20	86 2
20	86 2
20	86 2
20	86 2
20	86 2
20	86 2
20	86 2
20	86 2
20	86 2
20	TEST_NUMBER 3
20	SENT_TOTAL 250
20	RECEIVED_TOTAL 218
20	TIME_TOTAL 29803
20	RECEIVED_RADIO_1 125
20	RECEIVED_RADIO_2 125
20	SENT_RADIO_1 125
20	SENT_RADIO_2 125
20	RADIO_TIME_1 29721
20	RADIO_TIME_2 29725
20	RETRANSMISSIONS_1 0
20	RETRANSMISSIONS_2 0
20	DROPPED_1 0
20	DROPPED_2 0
20	MAX_QUEUE 1
20	DUPLICATED_1 0
20	DUPLICATED_2 0
20	EBUSY_RADIO_1 0
20	EBUSY_RADIO_2 0
20	86 3
20	86 3
20	86 3
20	86 3
20	86 3
20	86 3
20	86 3
20	86 3
20	86 3
20	86 3
20	86 3
20	86 3
20	86 3
20	86 3
20	86 3
20	86 3
20	86 3
20	86 3
20	86 3
20	86 3
20	86 3
20	86 3
20	86 3
20	86 3
20	86 3
20	86 3
20	86 3
20	86 3
20	86 3
20	86 3
20	86 3
20	86 3
20	TEST_NUMBER 4
20	SENT_TOTAL 250
20	RECEIVED_TOTAL 218
20	TIME_TOTAL 29803
20	RECEIVED_RADIO_1 124
20	RECEIVED_RADIO_2 126
20	SENT_RADIO_1 2
20	SENT_RADIO_2 192
20	RADIO_TIME_1 29725
20	RADIO_TIME_2 29810
20	RETRANSMISSIONS_1 556
20	RETRANSMISSIONS_2 0
20	DROPPED_1 55
20	DROPPED_2 0
20	MAX_QUEUE 2
20	DUPLICATED_1 0
20	DUPLICATED_2 0
20	EBUSY_RADIO_1 0
20	EBUSY_RADIO_2 0
20	86 4
20	86 4
20	86 4
20	86 4
20	86 4
20	86 4
20	86 4
20	86 4
20	86 4
20	86 4
20	86 4
20	86 4
20	86 4
20	86 4
20	86 4
20	86 4
20	86 4
20	86 4
20	86 4
20	86 4
20	86 4
20	86 4
20	86 4
20	86 4
20	86 4
20	86 4
20	86 4
20	86 4
20	86 4
20	86 4
20	86 4
20	86 4
20	TEST_NUMBER 5
20	SENT_TOTAL 250
20	RECEIVED_TOTAL 218
20	TIME_TOTAL 29803
20	RECEIVED_RADIO_1 124
20	RECEIVED_RADIO_2 126
20	SENT_RADIO_1 0
20	SENT_RADIO_2 190
20	RADIO_TIME_1 29803
20	RADIO_TIME_2 29803
20	RETRANSMISSIONS_1 591
20	RETRANSMISSIONS_2 5
20	DROPPED_1 60
20	DROPPED_2 0
20	MAX_QUEUE 2
20	DUPLICATED_1 0
20	DUPLICATED_2 0
20	EBUSY_RADIO_1 0
20	EBUSY_RADIO_2 0
20	86 5
20	86 5
20	86 5
20	86 5
20	86 5
20	86 5
20	86 5
20	86 5
20	86 5
20	86 5
20	86 5
20	86 5
20	86 5
20	86 5
20	86 5
20	86 5
20	86 5
20	86 5
20	86 5
20	86 5
20	86 5
20	86 5
20	86 5
20	86 5
20	86 5
20	86 5
20	86 5
20	86 5
20	86 5
20	86 5
20	86 5
20	86 5
20	TEST_NUMBER 6
20	SENT_TOTAL 250
20	RECEIVED_TOTAL 218
20	TIME_TOTAL 29806
20	RECEIVED_RADIO_1 124
20	RECEIVED_RADIO_2 126
20	SENT_RADIO_1 0
20	SENT_RADIO_2 192
20	RADIO_TIME_1 29725
20	RADIO_TIME_2 29806
20	RETRANSMISSIONS_1 578
20	RETRANSMISSIONS_2 4
20	DROPPED_1 58
20	DROPPED_2 0
20	MAX_QUEUE 2
20	DUPLICATED_1 0
20	DUPLICATED_2 0
20	EBUSY_RADIO_1 0
20	EBUSY_RADIO_2 0
20	86 6
20	86 6
20	86 6
20	86 6
20	86 6
20	86 6
20	86 6
20	86 6
20	86 6
20	86 6
20	86 6
20	86 6
20	86 6
20	86 6
20	86 6
20	86 6
20	86 6
20	86 6
20	86 6
20	86 6
20	86 6
20	86 6
20	86 6
20	86 6
20	86 6
20	86 6
20	86 6
20	86 6
20	86 6
20	86 6
20	86 6
20	86 6
