
1	SOURCE_NODE 1
1	84 1
1	83 1
1	85 1
1	79 10
1	84 2
1	83 2
1	85 2
1	79 10
1	84 3
1	83 3
1	85 3
1	79 16
1	84 4
1	83 4
1	85 4
1	79 11
1	84 5
1	83 5
1	85 5
1	79 15
1	84 6
1	83 6
1	85 6
1	79 14
1	84 7
1	83 7
1	85 7
1	79 16
1	84 8
1	83 8
1	85 8
1	79 15
1	84 9
1	83 9
1	85 9
1	79 13
1	84 10
1	83 10
1	85 10
1	79 11
1	84 11
1	83 11
1	85 11
1	79 19
1	84 12
1	83 12
1	85 12
1	79 17
1	84 13
1	83 13
1	85 13
1	79 13
1	84 14
1	83 14
1	85 14
1	79 14
1	84 15
1	83 15
1	85 15
1	79 19
1	84 16
1	83 16
1	85 16
1	79 16
1	84 17
1	83 17
1	85 17
1	79 16
1	84 18
1	83 18
1	85 18
1	79 16
1	84 19
1	83 19
1	85 19
1	79 19
1	84 20
1	83 20
1	85 20
1	79 15
1	84 1
1	83 1
1	85 1
1	79 19
1	84 2
1	83 2
1	85 2
1	79 18
1	84 3
1	83 3
1	85 3
1	79 17
1	84 4
1	83 4
1	85 4
1	79 17
1	84 5
1	83 5
1	85 5
1	79 15
1	84 6
1	83 6
1	85 6
1	79 12
1	84 7
1	83 7
1	85 7
1	79 13
1	84 8
1	83 8
1	85 8
1	79 13
1	84 9
1	83 9
1	85 9
1	79 13
1	84 10
1	83 10
1	85 10
1	79 11
1	84 11
1	83 11
1	85 11
1	79 14
1	84 12
1	83 12
1	85 12
1	79 20
1	84 13
1	83 13
1	85 13
1	79 15
1	84 14
1	83 14
1	85 14
1	79 17
1	84 15
1	83 15
1	85 15
1	79 14
1	84 16
1	83 16
1	85 16
1	79 15
1	84 17
1	83 17
1	85 17
1	79 15
1	84 18
1	83 18
1	85 18
1	79 11
1	84 19
1	83 19
1	85 19
1	79 19
1	84 20
1	83 20
1	85 20
1	79 13
1	84 1
1	83 1
1	85 1
1	79 13
1	84 2
1	83 2
1	85 2
1	79 15
1	84 3
1	83 3
1	85 3
1	79 16
1	84 4
1	83 4
1	85 4
1	79 18
1	84 5
1	83 5
1	85 5
1	79 17
1	84 6
1	83 6
1	85 6
1	79 13
1	84 7
1	83 7
1	85 7
1	79 12
1	84 8
1	83 8
1	85 8
1	79 14
1	84 9
1	83 9
1	85 9
1	79 13
1	84 10
1	83 10
1	85 10
1	79 13
1	84 11
1	83 11
1	85 11
1	79 16
1	84 12
1	83 12
1	85 12
1	79 11
1	84 13
1	83 13
1	85 13
1	79 12
1	84 14
1	83 14
1	85 14
1	79 14
1	84 15
1	83 15
1	85 15
1	79 18
1	84 16
1	83 16
1	85 16
1	79 16
1	84 17
1	83 17
1	85 17
1	79 18
1	84 18
1	83 18
1	85 18
1	79 15
1	84 19
1	83 19
1	85 19
1	79 17
1	84 20
1	83 20
1	85 20
1	79 17
1	84 1
1	83 1
1	85 1
1	79 18
1	84 2
1	83 2
1	85 2
1	79 17
1	84 3
1	83 3
1	85 3
1	79 13
1	84 4
1	83 4
1	85 4
1	79 17
1	84 5
1	83 5
1	85 5
1	79 18
1	84 6
1	83 6
1	85 6
1	79 17
1	84 7
1	83 7
1	85 7
1	79 13
1	84 8
1	83 8
1	85 8
1	79 17
1	84 9
1	83 9
1	85 9
1	79 14
1	84 10
1	83 10
1	85 10
1	79 16
1	84 11
1	83 11
1	85 11
1	79 19
1	84 12
1	83 12
1	85 12
1	79 17
1	84 13
1	83 13
1	85 13
1	79 15
1	84 14
1	83 14
1	85 14
1	79 16
1	84 15
1	83 15
1	85 15
1	79 19
1	84 16
1	83 16
1	85 16
1	79 14
1	84 17
1	83 17
1	85 17
1	79 18
1	84 18
1	83 18
1	85 18
1	79 11
1	84 19
1	83 19
1	85 19
1	79 18
1	84 20
1	83 20
1	85 20
1	79 14
1	84 1
1	83 1
1	85 1
1	79 15
1	84 2
1	83 2
1	85 2
1	79 14
1	84 3
1	83 3
1	85 3
1	79 15
1	84 4
1	83 4
1	85 4
1	79 18
1	84 5
1	83 5
1	85 5
1	79 14
1	84 6
1	83 6
1	85 6
1	79 18
1	84 7
1	83 7
1	85 7
1	79 19
1	84 8
1	83 8
1	85 8
1	79 15
1	84 9
1	83 9
1	85 9
1	79 14
1	84 10
1	83 10
1	85 10
1	79 17
1	84 11
1	83 11
1	85 11
1	79 15
1	84 12
1	83 12
1	85 12
1	79 16
1	84 13
1	83 13
1	85 13
1	79 16
1	84 14
1	83 14
1	85 14
1	79 19
1	84 15
1	83 15
1	85 15
1	79 15
1	84 16
1	83 16
1	85 16
1	79 17
1	84 17
1	83 17
1	85 17
1	79 15
1	84 18
1	83 18
1	85 18
1	79 17
1	84 19
1	83 19
1	85 19
1	79 17
1	84 20
1	83 20
1	85 20
1	79 17
1	84 1
1	83 1
1	85 1
1	79 17
1	84 2
1	83 2
1	85 2
1	79 20
1	84 3
1	83 3
1	85 3
1	79 17
1	84 4
1	83 4
1	85 4
1	79 15
1	84 5
1	83 5
1	85 5
1	79 18
1	84 6
1	83 6
1	85 6
1	79 11
1	84 7
1	83 7
1	85 7
1	79 15
1	84 8
1	83 8
1	85 8
1	79 14
1	84 9
1	83 9
1	85 9
1	79 12
1	84 10
1	83 10
1	85 10
1	79 18
1	84 11
1	83 11
1	85 11
1	79 15
1	84 12
1	83 12
1	85 12
1	79 16
1	84 13
1	83 13
1	85 13
1	79 18
1	84 14
1	83 14
1	85 14
1	79 17
1	84 15
1	83 15
1	85 15
1	79 18
1	84 16
1	83 16
1	85 16
1	79 19
1	84 17
1	83 17
1	85 17
1	79 15
1	84 18
1	83 18
1	85 18
1	79 14
1	84 19
1	83 19
1	85 19
1	79 19
1	84 20
1	83 20
1	85 20
1	79 15
1	84 1
1	83 1
1	85 1
1	79 13
1	84 2
1	83 2
1	85 2
1	79 18
1	84 3
1	83 3
1	85 3
1	79 17
1	84 4
1	83 4
1	85 4
1	79 18
1	84 5
1	83 5
1	85 5
1	79 15
1	84 6
1	83 6
1	85 6
1	79 14
1	84 7
1	83 7
1	85 7
1	79 16
1	84 8
1	83 8
1	85 8
1	79 14
1	84 9
1	83 9
1	85 9
1	79 18
1	84 10
1	83 10
1	85 10
1	79 18
1	84 11
1	83 11
1	85 11
1	79 12
1	84 12
1	83 12
1	85 12
1	79 15
1	84 13
1	83 13
1	85 13
1	79 14
1	84 14
1	83 14
1	85 14
1	79 17
1	84 15
1	83 15
1	85 15
1	79 17
1	84 16
1	83 16
1	85 16
1	79 14
1	84 17
1	83 17
1	85 17
1	79 17
1	84 18
1	83 18
1	85 18
1	79 14
1	84 19
1	83 19
1	85 19
1	79 17
1	84 20
1	83 20
1	85 20
1	79 18
1	84 1
1	83 1
1	85 1
1	79 18
1	84 2
1	83 2
1	85 2
1	79 19
1	84 3
1	83 3
1	85 3
1	79 15
1	84 4
1	83 4
1	85 4
1	79 16
1	84 5
1	83 5
1	85 5
1	79 14
1	84 6
1	83 6
1	85 6
1	79 20
1	84 7
1	83 7
1	85 7
1	79 14
1	84 8
1	83 8
1	85 8
1	79 16
1	84 9
1	83 9
1	85 9
1	79 19
1	84 10
1	83 10
1	85 10
1	79 13
1	84 11
1	83 11
1	85 11
1	79 14
1	84 12
1	83 12
1	85 12
1	79 15
1	84 13
1	83 13
1	85 13
1	79 17
1	84 14
1	83 14
1	85 14
1	79 17
1	84 15
1	83 15
1	85 15
1	79 14
1	84 16
1	83 16
1	85 16
1	79 17
1	84 17
1	83 17
1	85 17
1	79 14
1	84 18
1	83 18
1	85 18
1	79 15
1	84 19
1	83 19
1	85 19
1	79 16
1	84 20
1	83 20
1	85 20
1	79 16
1	84 1
1	83 1
1	85 1
1	79 18
1	84 2
1	83 2
1	85 2
1	79 12
1	84 3
1	83 3
1	85 3
1	79 17
1	84 4
1	83 4
1	85 4
1	79 17
1	84 5
1	83 5
1	85 5
1	79 18
1	84 6
1	83 6
1	85 6
1	79 15
1	84 7
1	83 7
1	85 7
1	79 16
1	84 8
1	83 8
1	85 8
1	79 18
1	84 9
1	83 9
1	85 9
1	79 16
1	84 10
1	83 10
1	85 10
1	79 18
1	84 11
1	83 11
1	85 11
1	79 12
1	84 12
1	83 12
1	85 12
1	79 12
1	84 13
1	83 13
1	85 13
1	79 16
1	84 14
1	83 14
1	85 14
1	79 16
1	84 15
1	83 15
1	85 15
1	79 12
1	84 16
1	83 16
1	85 16
1	79 15
1	84 17
1	83 17
1	85 17
1	79 20
1	84 18
1	83 18
1	85 18
1	79 16
1	84 19
1	83 19
1	85 19
1	79 15
1	84 20
1	83 20
1	85 20
1	79 16
1	84 1
1	83 1
1	85 1
1	79 18
1	84 2
1	83 2
1	85 2
1	79 13
1	84 3
1	83 3
1	85 3
1	79 19
1	84 4
1	83 4
1	85 4
1	79 17
1	84 5
1	83 5
1	85 5
1	79 15
1	84 6
1	83 6
1	85 6
1	79 14
1	84 7
1	83 7
1	85 7
1	79 14
1	84 8
1	83 8
1	85 8
1	79 13
1	84 9
1	83 9
1	85 9
1	79 11
1	84 10
1	83 10
1	85 10
1	79 17
1	84 11
1	83 11
1	85 11
1	79 12
1	84 12
1	83 12
1	85 12
1	79 13
1	84 13
1	83 13
1	85 13
1	79 17
1	84 14
1	83 14
1	85 14
1	79 17
1	84 15
1	83 15
1	85 15
1	79 14
1	84 16
1	83 16
1	85 16
1	79 17
1	84 17
1	83 17
1	85 17
1	79 12
1	84 18
1	83 18
1	85 18
1	79 18
1	84 19
1	83 19
1	85 19
1	79 17
1	84 20
1	83 20
1	85 20
1	79 15
1	84 1
1	83 1
1	85 1
1	79 19
1	84 2
1	83 2
1	85 2
1	79 16
1	84 3
1	83 3
1	85 3
1	79 13
1	84 4
1	83 4
1	85 4
1	79 15
1	84 5
1	83 5
1	85 5
1	79 16
1	84 6
1	83 6
1	85 6
1	79 18
1	84 7
1	83 7
1	85 7
1	79 12
1	84 8
1	83 8
1	85 8
1	79 15
1	84 9
1	83 9
1	85 9
1	79 12
1	84 10
1	83 10
1	85 10
1	79 16
1	84 11
1	83 11
1	85 11
1	79 15
1	84 12
1	83 12
1	85 12
1	79 16
1	84 13
1	83 13
1	85 13
1	79 16
1	84 14
1	83 14
1	85 14
1	79 19
1	84 15
1	83 15
1	85 15
1	79 17
1	84 16
1	83 16
1	85 16
1	79 13
1	84 17
1	83 17
1	85 17
1	79 18
1	84 18
1	83 18
1	85 18
1	79 16
1	84 19
1	83 19
1	85 19
1	79 12
1	84 20
1	83 20
1	85 20
1	79 13
1	84 1
1	83 1
1	85 1
1	79 16
1	84 2
1	83 2
1	85 2
1	79 13
1	84 3
1	83 3
1	85 3
1	79 14
1	84 4
1	83 4
1	85 4
1	79 16
1	84 5
1	83 5
1	85 5
1	79 13
1	84 6
1	83 6
1	85 6
1	79 12
1	84 7
1	83 7
1	85 7
1	79 12
1	84 8
1	83 8
1	85 8
1	79 11
1	84 9
1	83 9
1	85 9
1	79 17
1	84 10
1	83 10
1	85 10
1	79 13
1	84 11
1	83 11
1	85 11
1	79 16
1	84 12
1	83 12
1	85 12
1	79 16
1	84 13
1	83 13
1	85 13
1	79 19
1	84 14
1	83 14
1	85 14
1	79 19
1	84 15
1	83 15
1	85 15
1	79 13
1	84 16
1	83 16
1	85 16
1	79 14
1	84 17
1	83 17
1	85 17
1	79 17
1	84 18
1	83 18
1	85 18
1	79 13
1	84 19
1	83 19
1	85 19
1	79 17
1	84 20
1	83 20
1	85 20
1	79 14
1	84 1
1	83 1
1	85 1
1	79 17
1	84 2
1	83 2
1	85 2
1	79 15
1	84 3
1	83 3
1	85 3
1	79 14
1	84 4
1	83 4
1	85 4
1	79 13
1	84 5
1	83 5
1	85 5
1	79 14
1	84 6
1	83 6
1	85 6
1	79 17
1	84 7
1	83 7
1	85 7
1	79 12
1	84 8
1	83 8
1	85 8
1	79 19
1	84 9
1	83 9
1	85 9
1	79 19
1	84 10
1	83 10
1	85 10
1	79 12
1	TEST_NUMBER 0
1	SENT_TOTAL 250
1	RECEIVED_TOTAL 250
1	TIME_TOTAL 14884
1	RECEIVED_RADIO_1 125
1	RECEIVED_RADIO_2 125
1	SENT_RADIO_1 125
1	SENT_RADIO_2 125
1	RADIO_TIME_1 14841
1	RADIO_TIME_2 14834
1	RETRANSMISSIONS_1 0
1	RETRANSMISSIONS_2 0
1	DROPPED_1 0
1	DROPPED_2 0
1	MAX_QUEUE 1
1	DUPLICATED_1 0
1	DUPLICATED_2 0
1	EBUSY_RADIO_1 0
1	EBUSY_RADIO_2 0
1	84 1
1	83 1
1	85 1
1	79 14
1	84 2
1	83 2
1	85 2
1	79 15
1	84 3
1	83 3
1	85 3
1	79 12
1	84 4
1	83 4
1	85 4
1	79 15
1	84 5
1	83 5
1	85 5
1	79 15
1	84 6
1	83 6
1	85 6
1	79 14
1	84 7
1	83 7
1	85 7
1	79 12
1	84 8
1	83 8
1	85 8
1	79 16
1	84 9
1	83 9
1	85 9
1	79 14
1	84 10
1	83 10
1	85 10
1	79 15
1	84 11
1	83 11
1	85 11
1	79 15
1	84 12
1	83 12
1	85 12
1	79 18
1	84 13
1	83 13
1	85 13
1	79 18
1	84 14
1	83 14
1	85 14
1	79 16
1	84 15
1	83 15
1	85 15
1	79 13
1	84 16
1	83 16
1	85 16
1	79 15
1	84 17
1	83 17
1	85 17
1	79 13
1	84 18
1	83 18
1	85 18
1	79 12
1	84 19
1	83 19
1	85 19
1	79 13
1	84 20
1	83 20
1	85 20
1	79 14
1	84 1
1	83 1
1	85 1
1	79 14
1	84 2
1	83 2
1	85 2
1	79 15
1	84 3
1	83 3
1	85 3
1	79 14
1	84 4
1	83 4
1	85 4
1	79 12
1	84 5
1	83 5
1	85 5
1	79 19
1	84 6
1	83 6
1	85 6
1	79 19
1	84 7
1	83 7
1	85 7
1	79 15
1	84 8
1	83 8
1	85 8
1	79 14
1	84 9
1	83 9
1	85 9
1	79 18
1	84 10
1	83 10
1	85 10
1	79 13
1	84 11
1	83 11
1	85 11
1	79 15
1	84 12
1	83 12
1	85 12
1	79 18
1	84 13
1	83 13
1	85 13
1	79 15
1	84 14
1	83 14
1	85 14
1	79 13
1	84 15
1	83 15
1	85 15
1	79 17
1	84 16
1	83 16
1	85 16
1	79 12
1	84 17
1	83 17
1	85 17
1	79 20
1	84 18
1	83 18
1	85 18
1	79 17
1	84 19
1	83 19
1	85 19
1	79 15
1	84 20
1	83 20
1	85 20
1	79 16
1	84 1
1	83 1
1	85 1
1	79 20
1	84 2
1	83 2
1	85 2
1	79 18
1	84 3
1	83 3
1	85 3
1	79 16
1	84 4
1	83 4
1	85 4
1	79 15
1	84 5
1	83 5
1	85 5
1	79 18
1	84 6
1	83 6
1	85 6
1	79 15
1	84 7
1	83 7
1	85 7
1	79 12
1	84 8
1	83 8
1	85 8
1	79 14
1	84 9
1	83 9
1	85 9
1	79 17
1	84 10
1	83 10
1	85 10
1	79 14
1	84 11
1	83 11
1	85 11
1	79 16
1	84 12
1	83 12
1	85 12
1	79 16
1	84 13
1	83 13
1	85 13
1	79 13
1	84 14
1	83 14
1	85 14
1	79 16
1	84 15
1	83 15
1	85 15
1	79 15
1	84 16
1	83 16
1	85 16
1	79 13
1	84 17
1	83 17
1	85 17
1	79 16
1	84 18
1	83 18
1	85 18
1	79 18
1	84 19
1	83 19
1	85 19
1	79 17
1	84 20
1	83 20
1	85 20
1	79 12
1	84 1
1	83 1
1	85 1
1	79 13
1	84 2
1	83 2
1	85 2
1	79 15
1	84 3
1	83 3
1	85 3
1	79 19
1	84 4
1	83 4
1	85 4
1	79 13
1	84 5
1	83 5
1	85 5
1	79 16
1	84 6
1	83 6
1	85 6
1	79 14
1	84 7
1	83 7
1	85 7
1	79 17
1	84 8
1	83 8
1	85 8
1	79 13
1	84 9
1	83 9
1	85 9
1	79 15
1	84 10
1	83 10
1	85 10
1	79 15
1	84 11
1	83 11
1	85 11
1	79 13
1	84 12
1	83 12
1	85 12
1	79 17
1	84 13
1	83 13
1	85 13
1	79 16
1	84 14
1	83 14
1	85 14
1	79 17
1	84 15
1	83 15
1	85 15
1	79 13
1	84 16
1	83 16
1	85 16
1	79 16
1	84 17
1	83 17
1	85 17
1	79 17
1	84 18
1	83 18
1	85 18
1	79 17
1	84 19
1	83 19
1	85 19
1	79 14
1	84 20
1	83 20
1	85 20
1	79 17
1	84 1
1	83 1
1	85 1
1	79 17
1	84 2
1	83 2
1	85 2
1	79 13
1	84 3
1	83 3
1	85 3
1	79 16
1	84 4
1	83 4
1	85 4
1	79 17
1	84 5
1	83 5
1	85 5
1	79 20
1	84 6
1	83 6
1	85 6
1	79 15
1	84 7
1	83 7
1	85 7
1	79 19
1	84 8
1	83 8
1	85 8
1	79 16
1	84 9
1	83 9
1	85 9
1	79 17
1	84 10
1	83 10
1	85 10
1	79 16
1	84 11
1	83 11
1	85 11
1	79 17
1	84 12
1	83 12
1	85 12
1	79 14
1	84 13
1	83 13
1	85 13
1	79 12
1	84 14
1	83 14
1	85 14
1	79 14
1	84 15
1	83 15
1	85 15
1	79 16
1	84 16
1	83 16
1	85 16
1	79 13
1	84 17
1	83 17
1	85 17
1	79 12
1	84 18
1	83 18
1	85 18
1	79 13
1	84 19
1	83 19
1	85 19
1	79 16
1	84 20
1	83 20
1	85 20
1	79 16
1	84 1
1	83 1
1	85 1
1	79 19
1	84 2
1	83 2
1	85 2
1	79 16
1	84 3
1	83 3
1	85 3
1	79 17
1	84 4
1	83 4
1	85 4
1	79 17
1	84 5
1	83 5
1	85 5
1	79 17
1	84 6
1	83 6
1	85 6
1	79 15
1	84 7
1	83 7
1	85 7
1	79 18
1	84 8
1	83 8
1	85 8
1	79 18
1	84 9
1	83 9
1	85 9
1	79 15
1	84 10
1	83 10
1	85 10
1	79 15
1	84 11
1	83 11
1	85 11
1	79 13
1	84 12
1	83 12
1	85 12
1	79 18
1	84 13
1	83 13
1	85 13
1	79 15
1	84 14
1	83 14
1	85 14
1	79 19
1	84 15
1	83 15
1	85 15
1	79 16
1	84 16
1	83 16
1	85 16
1	79 20
1	84 17
1	83 17
1	85 17
1	79 19
1	84 18
1	83 18
1	85 18
1	79 15
1	84 19
1	83 19
1	85 19
1	79 11
1	84 20
1	83 20
1	85 20
1	79 17
1	84 1
1	83 1
1	85 1
1	79 15
1	84 2
1	83 2
1	85 2
1	79 14
1	84 3
1	83 3
1	85 3
1	79 16
1	84 4
1	83 4
1	85 4
1	79 18
1	84 5
1	83 5
1	85 5
1	79 14
1	84 6
1	83 6
1	85 6
1	79 12
1	84 7
1	83 7
1	85 7
1	79 12
1	84 8
1	83 8
1	85 8
1	79 18
1	84 9
1	83 9
1	85 9
1	79 16
1	84 10
1	83 10
1	85 10
1	79 17
1	84 11
1	83 11
1	85 11
1	79 12
1	84 12
1	83 12
1	85 12
1	79 20
1	84 13
1	83 13
1	85 13
1	79 15
1	84 14
1	83 14
1	85 14
1	79 16
1	84 15
1	83 15
1	85 15
1	79 11
1	84 16
1	83 16
1	85 16
1	79 18
1	84 17
1	83 17
1	85 17
1	79 16
1	84 18
1	83 18
1	85 18
1	79 17
1	84 19
1	83 19
1	85 19
1	79 16
1	84 20
1	83 20
1	85 20
1	79 16
1	84 1
1	83 1
1	85 1
1	79 18
1	84 2
1	83 2
1	85 2
1	79 13
1	84 3
1	83 3
1	85 3
1	79 13
1	84 4
1	83 4
1	85 4
1	79 13
1	84 5
1	83 5
1	85 5
1	79 17
1	84 6
1	83 6
1	85 6
1	79 19
1	84 7
1	83 7
1	85 7
1	79 14
1	84 8
1	83 8
1	85 8
1	79 15
1	84 9
1	83 9
1	85 9
1	79 16
1	84 10
1	83 10
1	85 10
1	79 15
1	84 11
1	83 11
1	85 11
1	79 16
1	84 12
1	83 12
1	85 12
1	79 14
1	84 13
1	83 13
1	85 13
1	79 15
1	84 14
1	83 14
1	85 14
1	79 15
1	84 15
1	83 15
1	85 15
1	79 16
1	84 16
1	83 16
1	85 16
1	79 16
1	84 17
1	83 17
1	85 17
1	79 16
1	84 18
1	83 18
1	85 18
1	79 12
1	84 19
1	83 19
1	85 19
1	79 17
1	84 20
1	83 20
1	85 20
1	79 13
1	84 1
1	83 1
1	85 1
1	79 15
1	84 2
1	83 2
1	85 2
1	79 12
1	84 3
1	83 3
1	85 3
1	79 18
1	84 4
1	83 4
1	85 4
1	79 15
1	84 5
1	83 5
1	85 5
1	79 17
1	84 6
1	83 6
1	85 6
1	79 14
1	84 7
1	83 7
1	85 7
1	79 16
1	84 8
1	83 8
1	85 8
1	79 16
1	84 9
1	83 9
1	85 9
1	79 16
1	84 10
1	83 10
1	85 10
1	79 13
1	84 11
1	83 11
1	85 11
1	79 13
1	84 12
1	83 12
1	85 12
1	79 18
1	84 13
1	83 13
1	85 13
1	79 18
1	84 14
1	83 14
1	85 14
1	79 15
1	84 15
1	83 15
1	85 15
1	79 18
1	84 16
1	83 16
1	85 16
1	79 14
1	84 17
1	83 17
1	85 17
1	79 18
1	84 18
1	83 18
1	85 18
1	79 15
1	84 19
1	83 19
1	85 19
1	79 16
1	84 20
1	83 20
1	85 20
1	79 14
1	84 1
1	83 1
1	85 1
1	79 15
1	84 2
1	83 2
1	85 2
1	79 16
1	84 3
1	83 3
1	85 3
1	79 18
1	84 4
1	83 4
1	85 4
1	79 12
1	84 5
1	83 5
1	85 5
1	79 16
1	84 6
1	83 6
1	85 6
1	79 14
1	84 7
1	83 7
1	85 7
1	79 17
1	84 8
1	83 8
1	85 8
1	79 15
1	84 9
1	83 9
1	85 9
1	79 18
1	84 10
1	83 10
1	85 10
1	79 11
1	84 11
1	83 11
1	85 11
1	79 17
1	84 12
1	83 12
1	85 12
1	79 13
1	84 13
1	83 13
1	85 13
1	79 18
1	84 14
1	83 14
1	85 14
1	79 13
1	84 15
1	83 15
1	85 15
1	79 14
1	84 16
1	83 16
1	85 16
1	79 13
1	84 17
1	83 17
1	85 17
1	79 13
1	84 18
1	83 18
1	85 18
1	79 17
1	84 19
1	83 19
1	85 19
1	79 18
1	84 20
1	83 20
1	85 20
1	79 14
1	84 1
1	83 1
1	85 1
1	79 18
1	84 2
1	83 2
1	85 2
1	79 18
1	84 3
1	83 3
1	85 3
1	79 15
1	84 4
1	83 4
1	85 4
1	79 18
1	84 5
1	83 5
1	85 5
1	79 20
1	84 6
1	83 6
1	85 6
1	79 18
1	84 7
1	83 7
1	85 7
1	79 15
1	84 8
1	83 8
1	85 8
1	79 17
1	84 9
1	83 9
1	85 9
1	79 14
1	84 10
1	83 10
1	85 10
1	79 15
1	84 11
1	83 11
1	85 11
1	79 19
1	84 12
1	83 12
1	85 12
1	79 15
1	84 13
1	83 13
1	85 13
1	79 18
1	84 14
1	83 14
1	85 14
1	79 17
1	84 15
1	83 15
1	85 15
1	79 13
1	84 16
1	83 16
1	85 16
1	79 15
1	84 17
1	83 17
1	85 17
1	79 20
1	84 18
1	83 18
1	85 18
1	79 16
1	84 19
1	83 19
1	85 19
1	79 12
1	84 20
1	83 20
1	85 20
1	79 13
1	84 1
1	83 1
1	85 1
1	79 16
1	84 2
1	83 2
1	85 2
1	79 18
1	84 3
1	83 3
1	85 3
1	79 12
1	84 4
1	83 4
1	85 4
1	79 12
1	84 5
1	83 5
1	85 5
1	79 15
1	84 6
1	83 6
1	85 6
1	79 16
1	84 7
1	83 7
1	85 7
1	79 16
1	84 8
1	83 8
1	85 8
1	79 12
1	84 9
1	83 9
1	85 9
1	79 16
1	84 10
1	83 10
1	85 10
1	79 17
1	84 11
1	83 11
1	85 11
1	79 15
1	84 12
1	83 12
1	85 12
1	79 14
1	84 13
1	83 13
1	85 13
1	79 16
1	84 14
1	83 14
1	85 14
1	79 15
1	84 15
1	83 15
1	85 15
1	79 15
1	84 16
1	83 16
1	85 16
1	79 14
1	84 17
1	83 17
1	85 17
1	79 12
1	84 18
1	83 18
1	85 18
1	79 15
1	84 19
1	83 19
1	85 19
1	79 16
1	84 20
1	83 20
1	85 20
1	79 16
1	84 1
1	83 1
1	85 1
1	79 17
1	84 2
1	83 2
1	85 2
1	79 14
1	84 3
1	83 3
1	85 3
1	79 16
1	84 4
1	83 4
1	85 4
1	79 16
1	84 5
1	83 5
1	85 5
1	79 14
1	84 6
1	83 6
1	85 6
1	79 17
1	84 7
1	83 7
1	85 7
1	79 11
1	84 8
1	83 8
1	85 8
1	79 12
1	84 9
1	83 9
1	85 9
1	79 17
1	84 10
1	83 10
1	85 10
1	79 10
1	TEST_NUMBER 1
1	SENT_TOTAL 250
1	RECEIVED_TOTAL 250
1	TIME_TOTAL 14878
1	RECEIVED_RADIO_1 125
1	RECEIVED_RADIO_2 125
1	SENT_RADIO_1 125
1	SENT_RADIO_2 125
1	RADIO_TIME_1 14839
1	RADIO_TIME_2 14832
1	RETRANSMISSIONS_1 0
1	RETRANSMISSIONS_2 0
1	DROPPED_1 0
1	DROPPED_2 0
1	MAX_QUEUE 1
1	DUPLICATED_1 0
1	DUPLICATED_2 0
1	EBUSY_RADIO_1 0
1	EBUSY_RADIO_2 0
1	84 1
1	83 1
1	85 1
1	79 18
1	84 2
1	83 2
1	85 2
1	79 14
1	84 3
1	83 3
1	85 3
1	79 15
1	84 4
1	83 4
1	85 4
1	79 15
1	84 5
1	83 5
1	85 5
1	79 15
1	84 6
1	83 6
1	85 6
1	79 16
1	84 7
1	83 7
1	85 7
1	79 14
1	84 8
1	83 8
1	85 8
1	79 17
1	84 9
1	83 9
1	85 9
1	79 11
1	84 10
1	83 10
1	85 10
1	79 14
1	84 11
1	83 11
1	85 11
1	79 13
1	84 12
1	83 12
1	85 12
1	79 15
1	84 13
1	83 13
1	85 13
1	79 13
1	84 14
1	83 14
1	85 14
1	79 12
1	84 15
1	83 15
1	85 15
1	79 14
1	84 16
1	83 16
1	85 16
1	79 14
1	84 17
1	83 17
1	85 17
1	79 12
1	84 18
1	83 18
1	85 18
1	79 12
1	84 19
1	83 19
1	85 19
1	79 15
1	84 20
1	83 20
1	85 20
1	79 13
1	84 1
1	83 1
1	85 1
1	79 15
1	84 2
1	83 2
1	85 2
1	79 18
1	84 3
1	83 3
1	85 3
1	79 16
1	84 4
1	83 4
1	85 4
1	79 16
1	84 5
1	83 5
1	85 5
1	79 17
1	84 6
1	83 6
1	85 6
1	79 16
1	84 7
1	83 7
1	85 7
1	79 13
1	84 8
1	83 8
1	85 8
1	79 17
1	84 9
1	83 9
1	85 9
1	79 14
1	84 10
1	83 10
1	85 10
1	79 17
1	84 11
1	83 11
1	85 11
1	79 11
1	84 12
1	83 12
1	85 12
1	79 13
1	84 13
1	83 13
1	85 13
1	79 16
1	84 14
1	83 14
1	85 14
1	79 16
1	84 15
1	83 15
1	85 15
1	79 13
1	84 16
1	83 16
1	85 16
1	79 12
1	84 17
1	83 17
1	85 17
1	79 15
1	84 18
1	83 18
1	85 18
1	79 16
1	84 19
1	83 19
1	85 19
1	79 15
1	84 20
1	83 20
1	85 20
1	79 13
1	84 1
1	83 1
1	85 1
1	79 15
1	84 2
1	83 2
1	85 2
1	79 14
1	84 3
1	83 3
1	85 3
1	79 12
1	84 4
1	83 4
1	85 4
1	79 14
1	84 5
1	83 5
1	85 5
1	79 14
1	84 6
1	83 6
1	85 6
1	79 15
1	84 7
1	83 7
1	85 7
1	79 15
1	84 8
1	83 8
1	85 8
1	79 16
1	84 9
1	83 9
1	85 9
1	79 18
1	84 10
1	83 10
1	85 10
1	79 15
1	84 11
1	83 11
1	85 11
1	79 16
1	84 12
1	83 12
1	85 12
1	79 13
1	84 13
1	83 13
1	85 13
1	79 13
1	84 14
1	83 14
1	85 14
1	79 15
1	84 15
1	83 15
1	85 15
1	79 20
1	84 16
1	83 16
1	85 16
1	79 12
1	84 17
1	83 17
1	85 17
1	79 16
1	84 18
1	83 18
1	85 18
1	79 15
1	84 19
1	83 19
1	85 19
1	79 16
1	84 20
1	83 20
1	85 20
1	79 15
1	84 1
1	83 1
1	85 1
1	79 19
1	84 2
1	83 2
1	85 2
1	79 15
1	84 3
1	83 3
1	85 3
1	79 16
1	84 4
1	83 4
1	85 4
1	79 11
1	84 5
1	83 5
1	85 5
1	79 13
1	84 6
1	83 6
1	85 6
1	79 14
1	84 7
1	83 7
1	85 7
1	79 18
1	84 8
1	83 8
1	85 8
1	79 12
1	84 9
1	83 9
1	85 9
1	79 16
1	84 10
1	83 10
1	85 10
1	79 14
1	84 11
1	83 11
1	85 11
1	79 15
1	84 12
1	83 12
1	85 12
1	79 12
1	84 13
1	83 13
1	85 13
1	79 12
1	84 14
1	83 14
1	85 14
1	79 13
1	84 15
1	83 15
1	85 15
1	79 15
1	84 16
1	83 16
1	85 16
1	79 16
1	84 17
1	83 17
1	85 17
1	79 17
1	84 18
1	83 18
1	85 18
1	79 12
1	84 19
1	83 19
1	85 19
1	79 16
1	84 20
1	83 20
1	85 20
1	79 12
1	84 1
1	83 1
1	85 1
1	79 16
1	84 2
1	83 2
1	85 2
1	79 16
1	84 3
1	83 3
1	85 3
1	79 12
1	84 4
1	83 4
1	85 4
1	79 14
1	84 5
1	83 5
1	85 5
1	79 18
1	84 6
1	83 6
1	85 6
1	79 18
1	84 7
1	83 7
1	85 7
1	79 19
1	84 8
1	83 8
1	85 8
1	79 15
1	84 9
1	83 9
1	85 9
1	79 16
1	84 10
1	83 10
1	85 10
1	79 15
1	84 11
1	83 11
1	85 11
1	79 18
1	84 12
1	83 12
1	85 12
1	79 15
1	84 13
1	83 13
1	85 13
1	79 16
1	84 14
1	83 14
1	85 14
1	79 15
1	84 15
1	83 15
1	85 15
1	79 18
1	84 16
1	83 16
1	85 16
1	79 13
1	84 17
1	83 17
1	85 17
1	79 14
1	84 18
1	83 18
1	85 18
1	79 17
1	84 19
1	83 19
1	85 19
1	79 14
1	84 20
1	83 20
1	85 20
1	79 14
1	84 1
1	83 1
1	85 1
1	79 18
1	84 2
1	83 2
1	85 2
1	79 13
1	84 3
1	83 3
1	85 3
1	79 19
1	84 4
1	83 4
1	85 4
1	79 14
1	84 5
1	83 5
1	85 5
1	79 13
1	84 6
1	83 6
1	85 6
1	79 15
1	84 7
1	83 7
1	85 7
1	79 17
1	84 8
1	83 8
1	85 8
1	79 15
1	84 9
1	83 9
1	85 9
1	79 18
1	84 10
1	83 10
1	85 10
1	79 16
1	84 11
1	83 11
1	85 11
1	79 12
1	84 12
1	83 12
1	85 12
1	79 15
1	84 13
1	83 13
1	85 13
1	79 15
1	84 14
1	83 14
1	85 14
1	79 19
1	84 15
1	83 15
1	85 15
1	79 14
1	84 16
1	83 16
1	85 16
1	79 10
1	84 17
1	83 17
1	85 17
1	79 19
1	84 18
1	83 18
1	85 18
1	79 16
1	84 19
1	83 19
1	85 19
1	79 18
1	84 20
1	83 20
1	85 20
1	79 14
1	84 1
1	83 1
1	85 1
1	79 11
1	84 2
1	83 2
1	85 2
1	79 17
1	84 3
1	83 3
1	85 3
1	79 14
1	84 4
1	83 4
1	85 4
1	79 14
1	84 5
1	83 5
1	85 5
1	79 13
1	84 6
1	83 6
1	85 6
1	79 11
1	84 7
1	83 7
1	85 7
1	79 18
1	84 8
1	83 8
1	85 8
1	79 15
1	84 9
1	83 9
1	85 9
1	79 12
1	84 10
1	83 10
1	85 10
1	79 14
1	84 11
1	83 11
1	85 11
1	79 16
1	84 12
1	83 12
1	85 12
1	79 13
1	84 13
1	83 13
1	85 13
1	79 13
1	84 14
1	83 14
1	85 14
1	79 15
1	84 15
1	83 15
1	85 15
1	79 15
1	84 16
1	83 16
1	85 16
1	79 16
1	84 17
1	83 17
1	85 17
1	79 12
1	84 18
1	83 18
1	85 18
1	79 15
1	84 19
1	83 19
1	85 19
1	79 18
1	84 20
1	83 20
1	85 20
1	79 17
1	84 1
1	83 1
1	85 1
1	79 19
1	84 2
1	83 2
1	85 2
1	79 12
1	84 3
1	83 3
1	85 3
1	79 18
1	84 4
1	83 4
1	85 4
1	79 13
1	84 5
1	83 5
1	85 5
1	79 16
1	84 6
1	83 6
1	85 6
1	79 13
1	84 7
1	83 7
1	85 7
1	79 12
1	84 8
1	83 8
1	85 8
1	79 13
1	84 9
1	83 9
1	85 9
1	79 18
1	84 10
1	83 10
1	85 10
1	79 14
1	84 11
1	83 11
1	85 11
1	79 14
1	84 12
1	83 12
1	85 12
1	79 12
1	84 13
1	83 13
1	85 13
1	79 16
1	84 14
1	83 14
1	85 14
1	79 16
1	84 15
1	83 15
1	85 15
1	79 14
1	84 16
1	83 16
1	85 16
1	79 12
1	84 17
1	83 17
1	85 17
1	79 11
1	84 18
1	83 18
1	85 18
1	79 14
1	84 19
1	83 19
1	85 19
1	79 18
1	84 20
1	83 20
1	85 20
1	79 15
1	84 1
1	83 1
1	85 1
1	79 16
1	84 2
1	83 2
1	85 2
1	79 15
1	84 3
1	83 3
1	85 3
1	79 12
1	84 4
1	83 4
1	85 4
1	79 15
1	84 5
1	83 5
1	85 5
1	79 18
1	84 6
1	83 6
1	85 6
1	79 12
1	84 7
1	83 7
1	85 7
1	79 16
1	84 8
1	83 8
1	85 8
1	79 18
1	84 9
1	83 9
1	85 9
1	79 14
1	84 10
1	83 10
1	85 10
1	79 16
1	84 11
1	83 11
1	85 11
1	79 18
1	84 12
1	83 12
1	85 12
1	79 13
1	84 13
1	83 13
1	85 13
1	79 17
1	84 14
1	83 14
1	85 14
1	79 14
1	84 15
1	83 15
1	85 15
1	79 17
1	84 16
1	83 16
1	85 16
1	79 15
1	84 17
1	83 17
1	85 17
1	79 16
1	84 18
1	83 18
1	85 18
1	79 16
1	84 19
1	83 19
1	85 19
1	79 13
1	84 20
1	83 20
1	85 20
1	79 16
1	84 1
1	83 1
1	85 1
1	79 16
1	84 2
1	83 2
1	85 2
1	79 17
1	84 3
1	83 3
1	85 3
1	79 13
1	84 4
1	83 4
1	85 4
1	79 17
1	84 5
1	83 5
1	85 5
1	79 14
1	84 6
1	83 6
1	85 6
1	79 18
1	84 7
1	83 7
1	85 7
1	79 12
1	84 8
1	83 8
1	85 8
1	79 15
1	84 9
1	83 9
1	85 9
1	79 13
1	84 10
1	83 10
1	85 10
1	79 13
1	84 11
1	83 11
1	85 11
1	79 16
1	84 12
1	83 12
1	85 12
1	79 16
1	84 13
1	83 13
1	85 13
1	79 14
1	84 14
1	83 14
1	85 14
1	79 15
1	84 15
1	83 15
1	85 15
1	79 16
1	84 16
1	83 16
1	85 16
1	79 15
1	84 17
1	83 17
1	85 17
1	79 16
1	84 18
1	83 18
1	85 18
1	79 13
1	84 19
1	83 19
1	85 19
1	79 14
1	84 20
1	83 20
1	85 20
1	79 15
1	84 1
1	83 1
1	85 1
1	79 15
1	84 2
1	83 2
1	85 2
1	79 15
1	84 3
1	83 3
1	85 3
1	79 18
1	84 4
1	83 4
1	85 4
1	79 20
1	84 5
1	83 5
1	85 5
1	79 12
1	84 6
1	83 6
1	85 6
1	79 17
1	84 7
1	83 7
1	85 7
1	79 16
1	84 8
1	83 8
1	85 8
1	79 20
1	84 9
1	83 9
1	85 9
1	79 13
1	84 10
1	83 10
1	85 10
1	79 12
1	84 11
1	83 11
1	85 11
1	79 18
1	84 12
1	83 12
1	85 12
1	79 16
1	84 13
1	83 13
1	85 13
1	79 17
1	84 14
1	83 14
1	85 14
1	79 20
1	84 15
1	83 15
1	85 15
1	79 12
1	84 16
1	83 16
1	85 16
1	79 17
1	84 17
1	83 17
1	85 17
1	79 19
1	84 18
1	83 18
1	85 18
1	79 17
1	84 19
1	83 19
1	85 19
1	79 12
1	84 20
1	83 20
1	85 20
1	79 16
1	84 1
1	83 1
1	85 1
1	79 16
1	84 2
1	83 2
1	85 2
1	79 15
1	84 3
1	83 3
1	85 3
1	79 13
1	84 4
1	83 4
1	85 4
1	79 12
1	84 5
1	83 5
1	85 5
1	79 15
1	84 6
1	83 6
1	85 6
1	79 14
1	84 7
1	83 7
1	85 7
1	79 15
1	84 8
1	83 8
1	85 8
1	79 13
1	84 9
1	83 9
1	85 9
1	79 15
1	84 10
1	83 10
1	85 10
1	79 13
1	84 11
1	83 11
1	85 11
1	79 16
1	84 12
1	83 12
1	85 12
1	79 14
1	84 13
1	83 13
1	85 13
1	79 16
1	84 14
1	83 14
1	85 14
1	79 14
1	84 15
1	83 15
1	85 15
1	79 19
1	84 16
1	83 16
1	85 16
1	79 13
1	84 17
1	83 17
1	85 17
1	79 16
1	84 18
1	83 18
1	85 18
1	79 16
1	84 19
1	83 19
1	85 19
1	79 16
1	84 20
1	83 20
1	85 20
1	79 18
1	84 1
1	83 1
1	85 1
1	79 17
1	84 2
1	83 2
1	85 2
1	79 11
1	84 3
1	83 3
1	85 3
1	79 15
1	84 4
1	83 4
1	85 4
1	79 14
1	84 5
1	83 5
1	85 5
1	79 15
1	84 6
1	83 6
1	85 6
1	79 13
1	84 7
1	83 7
1	85 7
1	79 14
1	84 8
1	83 8
1	85 8
1	79 19
1	84 9
1	83 9
1	85 9
1	79 15
1	84 10
1	83 10
1	85 10
1	79 12
1	TEST_NUMBER 2
1	SENT_TOTAL 250
1	RECEIVED_TOTAL 250
1	TIME_TOTAL 14876
1	RECEIVED_RADIO_1 125
1	RECEIVED_RADIO_2 125
1	SENT_RADIO_1 125
1	SENT_RADIO_2 125
1	RADIO_TIME_1 14837
1	RADIO_TIME_2 14834
1	RETRANSMISSIONS_1 0
1	RETRANSMISSIONS_2 0
1	DROPPED_1 0
1	DROPPED_2 0
1	MAX_QUEUE 1
1	DUPLICATED_1 0
1	DUPLICATED_2 0
1	EBUSY_RADIO_1 0
1	EBUSY_RADIO_2 0
1	84 1
1	83 1
1	85 1
1	79 12
1	84 2
1	83 2
1	85 2
1	79 15
1	84 3
1	83 3
1	85 3
1	79 15
1	84 4
1	83 4
1	85 4
1	79 18
1	84 5
1	83 5
1	85 5
1	79 13
1	84 6
1	83 6
1	85 6
1	79 17
1	84 7
1	83 7
1	85 7
1	79 13
1	84 8
1	83 8
1	85 8
1	79 19
1	84 9
1	83 9
1	85 9
1	79 14
1	84 10
1	83 10
1	85 10
1	79 15
1	84 11
1	83 11
1	85 11
1	79 14
1	84 12
1	83 12
1	85 12
1	79 11
1	84 13
1	83 13
1	85 13
1	79 12
1	84 14
1	83 14
1	85 14
1	79 16
1	84 15
1	83 15
1	85 15
1	79 14
1	84 16
1	83 16
1	85 16
1	79 17
1	84 17
1	83 17
1	85 17
1	79 15
1	84 18
1	83 18
1	85 18
1	79 16
1	84 19
1	83 19
1	85 19
1	79 14
1	84 20
1	83 20
1	85 20
1	79 15
1	84 1
1	83 1
1	85 1
1	79 13
1	84 2
1	83 2
1	85 2
1	79 16
1	84 3
1	83 3
1	85 3
1	79 13
1	84 4
1	83 4
1	85 4
1	79 16
1	84 5
1	83 5
1	85 5
1	79 16
1	84 6
1	83 6
1	85 6
1	79 16
1	84 7
1	83 7
1	85 7
1	79 17
1	84 8
1	83 8
1	85 8
1	79 14
1	84 9
1	83 9
1	85 9
1	79 16
1	84 10
1	83 10
1	85 10
1	79 13
1	84 11
1	83 11
1	85 11
1	79 14
1	84 12
1	83 12
1	85 12
1	79 13
1	84 13
1	83 13
1	85 13
1	79 16
1	84 14
1	83 14
1	85 14
1	79 13
1	84 15
1	83 15
1	85 15
1	79 16
1	84 16
1	83 16
1	85 16
1	79 11
1	84 17
1	83 17
1	85 17
1	79 12
1	84 18
1	83 18
1	85 18
1	79 13
1	84 19
1	83 19
1	85 19
1	79 15
1	84 20
1	83 20
1	85 20
1	79 15
1	84 1
1	83 1
1	85 1
1	79 13
1	84 2
1	83 2
1	85 2
1	79 16
1	84 3
1	83 3
1	85 3
1	79 16
1	84 4
1	83 4
1	85 4
1	79 14
1	84 5
1	83 5
1	85 5
1	79 16
1	84 6
1	83 6
1	85 6
1	79 15
1	84 7
1	83 7
1	85 7
1	79 15
1	84 8
1	83 8
1	85 8
1	79 19
1	84 9
1	83 9
1	85 9
1	79 17
1	84 10
1	83 10
1	85 10
1	79 13
1	84 11
1	83 11
1	85 11
1	79 11
1	84 12
1	83 12
1	85 12
1	79 12
1	84 13
1	83 13
1	85 13
1	79 17
1	84 14
1	83 14
1	85 14
1	79 13
1	84 15
1	83 15
1	85 15
1	79 16
1	84 16
1	83 16
1	85 16
1	79 13
1	84 17
1	83 17
1	85 17
1	79 14
1	84 18
1	83 18
1	85 18
1	79 11
1	84 19
1	83 19
1	85 19
1	79 18
1	84 20
1	83 20
1	85 20
1	79 17
1	84 1
1	83 1
1	85 1
1	79 15
1	84 2
1	83 2
1	85 2
1	79 13
1	84 3
1	83 3
1	85 3
1	79 16
1	84 4
1	83 4
1	85 4
1	79 16
1	84 5
1	83 5
1	85 5
1	79 16
1	84 6
1	83 6
1	85 6
1	79 19
1	84 7
1	83 7
1	85 7
1	79 15
1	84 8
1	83 8
1	85 8
1	79 11
1	84 9
1	83 9
1	85 9
1	79 19
1	84 10
1	83 10
1	85 10
1	79 17
1	84 11
1	83 11
1	85 11
1	79 12
1	84 12
1	83 12
1	85 12
1	79 14
1	84 13
1	83 13
1	85 13
1	79 15
1	84 14
1	83 14
1	85 14
1	79 14
1	84 15
1	83 15
1	85 15
1	79 20
1	84 16
1	83 16
1	85 16
1	79 13
1	84 17
1	83 17
1	85 17
1	79 13
1	84 18
1	83 18
1	85 18
1	79 12
1	84 19
1	83 19
1	85 19
1	79 15
1	84 20
1	83 20
1	85 20
1	79 16
1	84 1
1	83 1
1	85 1
1	79 19
1	84 2
1	83 2
1	85 2
1	79 18
1	84 3
1	83 3
1	85 3
1	79 16
1	84 4
1	83 4
1	85 4
1	79 15
1	84 5
1	83 5
1	85 5
1	79 18
1	84 6
1	83 6
1	85 6
1	79 16
1	84 7
1	83 7
1	85 7
1	79 13
1	84 8
1	83 8
1	85 8
1	79 12
1	84 9
1	83 9
1	85 9
1	79 18
1	84 10
1	83 10
1	85 10
1	79 17
1	84 11
1	83 11
1	85 11
1	79 18
1	84 12
1	83 12
1	85 12
1	79 14
1	84 13
1	83 13
1	85 13
1	79 13
1	84 14
1	83 14
1	85 14
1	79 14
1	84 15
1	83 15
1	85 15
1	79 14
1	84 16
1	83 16
1	85 16
1	79 14
1	84 17
1	83 17
1	85 17
1	79 18
1	84 18
1	83 18
1	85 18
1	79 14
1	84 19
1	83 19
1	85 19
1	79 15
1	84 20
1	83 20
1	85 20
1	79 12
1	84 1
1	83 1
1	85 1
1	79 14
1	84 2
1	83 2
1	85 2
1	79 16
1	84 3
1	83 3
1	85 3
1	79 15
1	84 4
1	83 4
1	85 4
1	79 13
1	84 5
1	83 5
1	85 5
1	79 16
1	84 6
1	83 6
1	85 6
1	79 17
1	84 7
1	83 7
1	85 7
1	79 11
1	84 8
1	83 8
1	85 8
1	79 18
1	84 9
1	83 9
1	85 9
1	79 17
1	84 10
1	83 10
1	85 10
1	79 14
1	84 11
1	83 11
1	85 11
1	79 11
1	84 12
1	83 12
1	85 12
1	79 15
1	84 13
1	83 13
1	85 13
1	79 14
1	84 14
1	83 14
1	85 14
1	79 15
1	84 15
1	83 15
1	85 15
1	79 12
1	84 16
1	83 16
1	85 16
1	79 13
1	84 17
1	83 17
1	85 17
1	79 19
1	84 18
1	83 18
1	85 18
1	79 14
1	84 19
1	83 19
1	85 19
1	79 17
1	84 20
1	83 20
1	85 20
1	79 13
1	84 1
1	83 1
1	85 1
1	79 16
1	84 2
1	83 2
1	85 2
1	79 16
1	84 3
1	83 3
1	85 3
1	79 16
1	84 4
1	83 4
1	85 4
1	79 14
1	84 5
1	83 5
1	85 5
1	79 13
1	84 6
1	83 6
1	85 6
1	79 15
1	84 7
1	83 7
1	85 7
1	79 13
1	84 8
1	83 8
1	85 8
1	79 19
1	84 9
1	83 9
1	85 9
1	79 16
1	84 10
1	83 10
1	85 10
1	79 12
1	84 11
1	83 11
1	85 11
1	79 16
1	84 12
1	83 12
1	85 12
1	79 13
1	84 13
1	83 13
1	85 13
1	79 17
1	84 14
1	83 14
1	85 14
1	79 13
1	84 15
1	83 15
1	85 15
1	79 16
1	84 16
1	83 16
1	85 16
1	79 16
1	84 17
1	83 17
1	85 17
1	79 16
1	84 18
1	83 18
1	85 18
1	79 15
1	84 19
1	83 19
1	85 19
1	79 15
1	84 20
1	83 20
1	85 20
1	79 19
1	84 1
1	83 1
1	85 1
1	79 16
1	84 2
1	83 2
1	85 2
1	79 17
1	84 3
1	83 3
1	85 3
1	79 15
1	84 4
1	83 4
1	85 4
1	79 14
1	84 5
1	83 5
1	85 5
1	79 13
1	84 6
1	83 6
1	85 6
1	79 20
1	84 7
1	83 7
1	85 7
1	79 18
1	84 8
1	83 8
1	85 8
1	79 17
1	84 9
1	83 9
1	85 9
1	79 13
1	84 10
1	83 10
1	85 10
1	79 13
1	84 11
1	83 11
1	85 11
1	79 17
1	84 12
1	83 12
1	85 12
1	79 17
1	84 13
1	83 13
1	85 13
1	79 17
1	84 14
1	83 14
1	85 14
1	79 16
1	84 15
1	83 15
1	85 15
1	79 16
1	84 16
1	83 16
1	85 16
1	79 15
1	84 17
1	83 17
1	85 17
1	79 13
1	84 18
1	83 18
1	85 18
1	79 15
1	84 19
1	83 19
1	85 19
1	79 17
1	84 20
1	83 20
1	85 20
1	79 15
1	84 1
1	83 1
1	85 1
1	79 14
1	84 2
1	83 2
1	85 2
1	79 12
1	84 3
1	83 3
1	85 3
1	79 18
1	84 4
1	83 4
1	85 4
1	79 19
1	84 5
1	83 5
1	85 5
1	79 17
1	84 6
1	83 6
1	85 6
1	79 15
1	84 7
1	83 7
1	85 7
1	79 16
1	84 8
1	83 8
1	85 8
1	79 15
1	84 9
1	83 9
1	85 9
1	79 16
1	84 10
1	83 10
1	85 10
1	79 19
1	84 11
1	83 11
1	85 11
1	79 15
1	84 12
1	83 12
1	85 12
1	79 17
1	84 13
1	83 13
1	85 13
1	79 11
1	84 14
1	83 14
1	85 14
1	79 12
1	84 15
1	83 15
1	85 15
1	79 15
1	84 16
1	83 16
1	85 16
1	79 14
1	84 17
1	83 17
1	85 17
1	79 18
1	84 18
1	83 18
1	85 18
1	79 15
1	84 19
1	83 19
1	85 19
1	79 13
1	84 20
1	83 20
1	85 20
1	79 14
1	84 1
1	83 1
1	85 1
1	79 17
1	84 2
1	83 2
1	85 2
1	79 12
1	84 3
1	83 3
1	85 3
1	79 13
1	84 4
1	83 4
1	85 4
1	79 11
1	84 5
1	83 5
1	85 5
1	79 15
1	84 6
1	83 6
1	85 6
1	79 13
1	84 7
1	83 7
1	85 7
1	79 13
1	84 8
1	83 8
1	85 8
1	79 16
1	84 9
1	83 9
1	85 9
1	79 15
1	84 10
1	83 10
1	85 10
1	79 15
1	84 11
1	83 11
1	85 11
1	79 17
1	84 12
1	83 12
1	85 12
1	79 15
1	84 13
1	83 13
1	85 13
1	79 14
1	84 14
1	83 14
1	85 14
1	79 14
1	84 15
1	83 15
1	85 15
1	79 15
1	84 16
1	83 16
1	85 16
1	79 15
1	84 17
1	83 17
1	85 17
1	79 14
1	84 18
1	83 18
1	85 18
1	79 13
1	84 19
1	83 19
1	85 19
1	79 11
1	84 20
1	83 20
1	85 20
1	79 11
1	84 1
1	83 1
1	85 1
1	79 18
1	84 2
1	83 2
1	85 2
1	79 14
1	84 3
1	83 3
1	85 3
1	79 13
1	84 4
1	83 4
1	85 4
1	79 16
1	84 5
1	83 5
1	85 5
1	79 18
1	84 6
1	83 6
1	85 6
1	79 18
1	84 7
1	83 7
1	85 7
1	79 16
1	84 8
1	83 8
1	85 8
1	79 13
1	84 9
1	83 9
1	85 9
1	79 16
1	84 10
1	83 10
1	85 10
1	79 13
1	84 11
1	83 11
1	85 11
1	79 15
1	84 12
1	83 12
1	85 12
1	79 12
1	84 13
1	83 13
1	85 13
1	79 19
1	84 14
1	83 14
1	85 14
1	79 15
1	84 15
1	83 15
1	85 15
1	79 15
1	84 16
1	83 16
1	85 16
1	79 15
1	84 17
1	83 17
1	85 17
1	79 12
1	84 18
1	83 18
1	85 18
1	79 13
1	84 19
1	83 19
1	85 19
1	79 15
1	84 20
1	83 20
1	85 20
1	79 19
1	84 1
1	83 1
1	85 1
1	79 14
1	84 2
1	83 2
1	85 2
1	79 15
1	84 3
1	83 3
1	85 3
1	79 11
1	84 4
1	83 4
1	85 4
1	79 14
1	84 5
1	83 5
1	85 5
1	79 14
1	84 6
1	83 6
1	85 6
1	79 17
1	84 7
1	83 7
1	85 7
1	79 14
1	84 8
1	83 8
1	85 8
1	79 12
1	84 9
1	83 9
1	85 9
1	79 13
1	84 10
1	83 10
1	85 10
1	79 12
1	84 11
1	83 11
1	85 11
1	79 15
1	84 12
1	83 12
1	85 12
1	79 16
1	84 13
1	83 13
1	85 13
1	79 15
1	84 14
1	83 14
1	85 14
1	79 14
1	84 15
1	83 15
1	85 15
1	79 16
1	84 16
1	83 16
1	85 16
1	79 14
1	84 17
1	83 17
1	85 17
1	79 16
1	84 18
1	83 18
1	85 18
1	79 17
1	84 19
1	83 19
1	85 19
1	79 17
1	84 20
1	83 20
1	85 20
1	79 14
1	84 1
1	83 1
1	85 1
1	79 19
1	84 2
1	83 2
1	85 2
1	79 13
1	84 3
1	83 3
1	85 3
1	79 16
1	84 4
1	83 4
1	85 4
1	79 18
1	84 5
1	83 5
1	85 5
1	79 19
1	84 6
1	83 6
1	85 6
1	79 13
1	84 7
1	83 7
1	85 7
1	79 14
1	84 8
1	83 8
1	85 8
1	79 18
1	84 9
1	83 9
1	85 9
1	79 16
1	84 10
1	83 10
1	85 10
1	79 17
1	TEST_NUMBER 3
1	SENT_TOTAL 250
1	RECEIVED_TOTAL 250
1	TIME_TOTAL 14887
1	RECEIVED_RADIO_1 125
1	RECEIVED_RADIO_2 125
1	SENT_RADIO_1 125
1	SENT_RADIO_2 125
1	RADIO_TIME_1 14838
1	RADIO_TIME_2 14839
1	RETRANSMISSIONS_1 0
1	RETRANSMISSIONS_2 0
1	DROPPED_1 0
1	DROPPED_2 0
1	MAX_QUEUE 1
1	DUPLICATED_1 0
1	DUPLICATED_2 0
1	EBUSY_RADIO_1 0
1	EBUSY_RADIO_2 0
1	84 1
1	83 1
1	85 1
1	79 17
1	84 2
1	83 2
1	85 2
1	79 16
1	84 3
1	83 3
1	85 3
1	79 16
1	84 4
1	83 4
1	85 4
1	79 17
1	84 5
1	83 5
1	85 5
1	79 17
1	84 6
1	83 6
1	85 6
1	79 16
1	84 7
1	83 7
1	85 7
1	79 18
1	84 8
1	83 8
1	85 8
1	79 15
1	84 9
1	83 9
1	85 9
1	79 14
1	84 10
1	83 10
1	85 10
1	79 15
1	84 11
1	83 11
1	85 11
1	79 15
1	84 12
1	83 12
1	85 12
1	79 16
1	84 13
1	83 13
1	85 13
1	79 14
1	84 14
1	83 14
1	85 14
1	79 17
1	84 15
1	83 15
1	85 15
1	79 14
1	84 16
1	83 16
1	85 16
1	79 13
1	84 17
1	83 17
1	85 17
1	79 16
1	84 18
1	83 18
1	85 18
1	79 15
1	84 19
1	83 19
1	85 19
1	79 15
1	84 20
1	83 20
1	85 20
1	79 14
1	84 1
1	83 1
1	85 1
1	79 14
1	84 2
1	83 2
1	85 2
1	79 15
1	84 3
1	83 3
1	85 3
1	79 16
1	84 4
1	83 4
1	85 4
1	79 15
1	84 5
1	83 5
1	85 5
1	79 17
1	84 6
1	83 6
1	85 6
1	79 17
1	84 7
1	83 7
1	85 7
1	79 16
1	84 8
1	83 8
1	85 8
1	79 13
1	84 9
1	83 9
1	85 9
1	79 19
1	84 10
1	83 10
1	85 10
1	79 17
1	84 11
1	83 11
1	85 11
1	79 18
1	84 12
1	83 12
1	85 12
1	79 14
1	84 13
1	83 13
1	85 13
1	79 18
1	84 14
1	83 14
1	85 14
1	79 15
1	84 15
1	83 15
1	85 15
1	79 16
1	84 16
1	83 16
1	85 16
1	79 13
1	84 17
1	83 17
1	85 17
1	79 15
1	84 18
1	83 18
1	85 18
1	79 13
1	84 19
1	83 19
1	85 19
1	79 14
1	84 20
1	83 20
1	85 20
1	79 16
1	84 1
1	83 1
1	85 1
1	79 19
1	84 2
1	83 2
1	85 2
1	79 18
1	84 3
1	83 3
1	85 3
1	79 16
1	84 4
1	83 4
1	85 4
1	79 13
1	84 5
1	83 5
1	85 5
1	79 18
1	84 6
1	83 6
1	85 6
1	79 16
1	84 7
1	83 7
1	85 7
1	79 17
1	84 8
1	83 8
1	85 8
1	79 17
1	84 9
1	83 9
1	85 9
1	79 12
1	84 10
1	83 10
1	85 10
1	79 18
1	84 11
1	83 11
1	85 11
1	79 13
1	84 12
1	83 12
1	85 12
1	79 15
1	84 13
1	83 13
1	85 13
1	79 14
1	84 14
1	83 14
1	85 14
1	79 14
1	84 15
1	83 15
1	85 15
1	79 16
1	84 16
1	83 16
1	85 16
1	79 13
1	84 17
1	83 17
1	85 17
1	79 17
1	84 18
1	83 18
1	85 18
1	79 19
1	84 19
1	83 19
1	85 19
1	79 13
1	84 20
1	83 20
1	85 20
1	79 14
1	84 1
1	83 1
1	85 1
1	79 13
1	84 2
1	83 2
1	85 2
1	79 14
1	84 3
1	83 3
1	85 3
1	79 15
1	84 4
1	83 4
1	85 4
1	79 13
1	84 5
1	83 5
1	85 5
1	79 16
1	84 6
1	83 6
1	85 6
1	79 17
1	84 7
1	83 7
1	85 7
1	79 13
1	84 8
1	83 8
1	85 8
1	79 14
1	84 9
1	83 9
1	85 9
1	79 18
1	84 10
1	83 10
1	85 10
1	79 14
1	84 11
1	83 11
1	85 11
1	79 16
1	84 12
1	83 12
1	85 12
1	79 19
1	84 13
1	83 13
1	85 13
1	79 17
1	84 14
1	83 14
1	85 14
1	79 12
1	84 15
1	83 15
1	85 15
1	79 16
1	84 16
1	83 16
1	85 16
1	79 16
1	84 17
1	83 17
1	85 17
1	79 16
1	84 18
1	83 18
1	85 18
1	79 15
1	84 19
1	83 19
1	85 19
1	79 19
1	84 20
1	83 20
1	85 20
1	79 14
1	84 1
1	83 1
1	85 1
1	79 14
1	84 2
1	83 2
1	85 2
1	79 14
1	84 3
1	83 3
1	85 3
1	79 16
1	84 4
1	83 4
1	85 4
1	79 15
1	84 5
1	83 5
1	85 5
1	79 16
1	84 6
1	83 6
1	85 6
1	79 11
1	84 7
1	83 7
1	85 7
1	79 12
1	84 8
1	83 8
1	85 8
1	79 17
1	84 9
1	83 9
1	85 9
1	79 15
1	84 10
1	83 10
1	85 10
1	79 14
1	84 11
1	83 11
1	85 11
1	79 18
1	84 12
1	83 12
1	85 12
1	79 11
1	84 13
1	83 13
1	85 13
1	79 18
1	84 14
1	83 14
1	85 14
1	79 11
1	84 15
1	83 15
1	85 15
1	79 12
1	84 16
1	83 16
1	85 16
1	79 17
1	84 17
1	83 17
1	85 17
1	79 15
1	84 18
1	83 18
1	85 18
1	79 15
1	84 19
1	83 19
1	85 19
1	79 11
1	84 20
1	83 20
1	85 20
1	79 17
1	84 1
1	83 1
1	85 1
1	79 14
1	84 2
1	83 2
1	85 2
1	79 15
1	84 3
1	83 3
1	85 3
1	79 14
1	84 4
1	83 4
1	85 4
1	79 15
1	84 5
1	83 5
1	85 5
1	79 14
1	84 6
1	83 6
1	85 6
1	79 16
1	84 7
1	83 7
1	85 7
1	79 16
1	84 8
1	83 8
1	85 8
1	79 16
1	84 9
1	83 9
1	85 9
1	79 17
1	84 10
1	83 10
1	85 10
1	79 14
1	84 11
1	83 11
1	85 11
1	79 13
1	84 12
1	83 12
1	85 12
1	79 17
1	84 13
1	83 13
1	85 13
1	79 12
1	84 14
1	83 14
1	85 14
1	79 14
1	84 15
1	83 15
1	85 15
1	79 18
1	84 16
1	83 16
1	85 16
1	79 11
1	84 17
1	83 17
1	85 17
1	79 14
1	84 18
1	83 18
1	85 18
1	79 16
1	84 19
1	83 19
1	85 19
1	79 14
1	84 20
1	83 20
1	85 20
1	79 18
1	84 1
1	83 1
1	85 1
1	79 18
1	84 2
1	83 2
1	85 2
1	79 14
1	84 3
1	83 3
1	85 3
1	79 15
1	84 4
1	83 4
1	85 4
1	79 16
1	84 5
1	83 5
1	85 5
1	79 15
1	84 6
1	83 6
1	85 6
1	79 13
1	84 7
1	83 7
1	85 7
1	79 14
1	84 8
1	83 8
1	85 8
1	79 16
1	84 9
1	83 9
1	85 9
1	79 15
1	84 10
1	83 10
1	85 10
1	79 14
1	84 11
1	83 11
1	85 11
1	79 13
1	84 12
1	83 12
1	85 12
1	79 13
1	84 13
1	83 13
1	85 13
1	79 16
1	84 14
1	83 14
1	85 14
1	79 17
1	84 15
1	83 15
1	85 15
1	79 17
1	84 16
1	83 16
1	85 16
1	79 15
1	84 17
1	83 17
1	85 17
1	79 19
1	84 18
1	83 18
1	85 18
1	79 16
1	84 19
1	83 19
1	85 19
1	79 19
1	84 20
1	83 20
1	85 20
1	79 13
1	84 1
1	83 1
1	85 1
1	79 19
1	84 2
1	83 2
1	85 2
1	79 17
1	84 3
1	83 3
1	85 3
1	79 16
1	84 4
1	83 4
1	85 4
1	79 14
1	84 5
1	83 5
1	85 5
1	79 16
1	84 6
1	83 6
1	85 6
1	79 14
1	84 7
1	83 7
1	85 7
1	79 19
1	84 8
1	83 8
1	85 8
1	79 18
1	84 9
1	83 9
1	85 9
1	79 20
1	84 10
1	83 10
1	85 10
1	79 14
1	84 11
1	83 11
1	85 11
1	79 13
1	84 12
1	83 12
1	85 12
1	79 14
1	84 13
1	83 13
1	85 13
1	79 16
1	84 14
1	83 14
1	85 14
1	79 17
1	84 15
1	83 15
1	85 15
1	79 16
1	84 16
1	83 16
1	85 16
1	79 13
1	84 17
1	83 17
1	85 17
1	79 16
1	84 18
1	83 18
1	85 18
1	79 11
1	84 19
1	83 19
1	85 19
1	79 18
1	84 20
1	83 20
1	85 20
1	79 13
1	84 1
1	83 1
1	85 1
1	79 17
1	84 2
1	83 2
1	85 2
1	79 18
1	84 3
1	83 3
1	85 3
1	79 15
1	84 4
1	83 4
1	85 4
1	79 15
1	84 5
1	83 5
1	85 5
1	79 17
1	84 6
1	83 6
1	85 6
1	79 16
1	84 7
1	83 7
1	85 7
1	79 17
1	84 8
1	83 8
1	85 8
1	79 13
1	84 9
1	83 9
1	85 9
1	79 12
1	84 10
1	83 10
1	85 10
1	79 14
1	84 11
1	83 11
1	85 11
1	79 16
1	84 12
1	83 12
1	85 12
1	79 17
1	84 13
1	83 13
1	85 13
1	79 18
1	84 14
1	83 14
1	85 14
1	79 12
1	84 15
1	83 15
1	85 15
1	79 15
1	84 16
1	83 16
1	85 16
1	79 18
1	84 17
1	83 17
1	85 17
1	79 16
1	84 18
1	83 18
1	85 18
1	79 14
1	84 19
1	83 19
1	85 19
1	79 13
1	84 20
1	83 20
1	85 20
1	79 12
1	84 1
1	83 1
1	85 1
1	79 14
1	84 2
1	83 2
1	85 2
1	79 17
1	84 3
1	83 3
1	85 3
1	79 17
1	84 4
1	83 4
1	85 4
1	79 16
1	84 5
1	83 5
1	85 5
1	79 17
1	84 6
1	83 6
1	85 6
1	79 15
1	84 7
1	83 7
1	85 7
1	79 14
1	84 8
1	83 8
1	85 8
1	79 17
1	84 9
1	83 9
1	85 9
1	79 15
1	84 10
1	83 10
1	85 10
1	79 15
1	84 11
1	83 11
1	85 11
1	79 19
1	84 12
1	83 12
1	85 12
1	79 19
1	84 13
1	83 13
1	85 13
1	79 12
1	84 14
1	83 14
1	85 14
1	79 16
1	84 15
1	83 15
1	85 15
1	79 16
1	84 16
1	83 16
1	85 16
1	79 15
1	84 17
1	83 17
1	85 17
1	79 15
1	84 18
1	83 18
1	85 18
1	79 14
1	84 19
1	83 19
1	85 19
1	79 15
1	84 20
1	83 20
1	85 20
1	79 15
1	84 1
1	83 1
1	85 1
1	79 14
1	84 2
1	83 2
1	85 2
1	79 13
1	84 3
1	83 3
1	85 3
1	79 17
1	84 4
1	83 4
1	85 4
1	79 16
1	84 5
1	83 5
1	85 5
1	79 16
1	84 6
1	83 6
1	85 6
1	79 15
1	84 7
1	83 7
1	85 7
1	79 15
1	84 8
1	83 8
1	85 8
1	79 14
1	84 9
1	83 9
1	85 9
1	79 15
1	84 10
1	83 10
1	85 10
1	79 17
1	84 11
1	83 11
1	85 11
1	79 14
1	84 12
1	83 12
1	85 12
1	79 15
1	84 13
1	83 13
1	85 13
1	79 17
1	84 14
1	83 14
1	85 14
1	79 15
1	84 15
1	83 15
1	85 15
1	79 15
1	84 16
1	83 16
1	85 16
1	79 17
1	84 17
1	83 17
1	85 17
1	79 16
1	84 18
1	83 18
1	85 18
1	79 15
1	84 19
1	83 19
1	85 19
1	79 13
1	84 20
1	83 20
1	85 20
1	79 17
1	84 1
1	83 1
1	85 1
1	79 19
1	84 2
1	83 2
1	85 2
1	79 18
1	84 3
1	83 3
1	85 3
1	79 17
1	84 4
1	83 4
1	85 4
1	79 13
1	84 5
1	83 5
1	85 5
1	79 17
1	84 6
1	83 6
1	85 6
1	79 18
1	84 7
1	83 7
1	85 7
1	79 16
1	84 8
1	83 8
1	85 8
1	79 12
1	84 9
1	83 9
1	85 9
1	79 15
1	84 10
1	83 10
1	85 10
1	79 18
1	84 11
1	83 11
1	85 11
1	79 14
1	84 12
1	83 12
1	85 12
1	79 17
1	84 13
1	83 13
1	85 13
1	79 18
1	84 14
1	83 14
1	85 14
1	79 16
1	84 15
1	83 15
1	85 15
1	79 19
1	84 16
1	83 16
1	85 16
1	79 18
1	84 17
1	83 17
1	85 17
1	79 15
1	84 18
1	83 18
1	85 18
1	79 15
1	84 19
1	83 19
1	85 19
1	79 14
1	84 20
1	83 20
1	85 20
1	79 18
1	84 1
1	83 1
1	85 1
1	79 15
1	84 2
1	83 2
1	85 2
1	79 12
1	84 3
1	83 3
1	85 3
1	79 15
1	84 4
1	83 4
1	85 4
1	79 17
1	84 5
1	83 5
1	85 5
1	79 15
1	84 6
1	83 6
1	85 6
1	79 12
1	84 7
1	83 7
1	85 7
1	79 18
1	84 8
1	83 8
1	85 8
1	79 12
1	84 9
1	83 9
1	85 9
1	79 14
1	84 10
1	83 10
1	85 10
1	79 15
1	TEST_NUMBER 4
1	SENT_TOTAL 250
1	RECEIVED_TOTAL 250
1	TIME_TOTAL 14880
1	RECEIVED_RADIO_1 125
1	RECEIVED_RADIO_2 125
1	SENT_RADIO_1 125
1	SENT_RADIO_2 125
1	RADIO_TIME_1 14836
1	RADIO_TIME_2 14837
1	RETRANSMISSIONS_1 0
1	RETRANSMISSIONS_2 0
1	DROPPED_1 0
1	DROPPED_2 0
1	MAX_QUEUE 1
1	DUPLICATED_1 0
1	DUPLICATED_2 0
1	EBUSY_RADIO_1 0
1	EBUSY_RADIO_2 0
1	84 1
1	83 1
1	85 1
1	79 16
1	84 2
1	83 2
1	85 2
1	79 14
1	84 3
1	83 3
1	85 3
1	79 16
1	84 4
1	83 4
1	85 4
1	79 15
1	84 5
1	83 5
1	85 5
1	79 18
1	84 6
1	83 6
1	85 6
1	79 14
1	84 7
1	83 7
1	85 7
1	79 14
1	84 8
1	83 8
1	85 8
1	79 17
1	84 9
1	83 9
1	85 9
1	79 16
1	84 10
1	83 10
1	85 10
1	79 11
1	84 11
1	83 11
1	85 11
1	79 15
1	84 12
1	83 12
1	85 12
1	79 17
1	84 13
1	83 13
1	85 13
1	79 19
1	84 14
1	83 14
1	85 14
1	79 15
1	84 15
1	83 15
1	85 15
1	79 15
1	84 16
1	83 16
1	85 16
1	79 19
1	84 17
1	83 17
1	85 17
1	79 18
1	84 18
1	83 18
1	85 18
1	79 14
1	84 19
1	83 19
1	85 19
1	79 14
1	84 20
1	83 20
1	85 20
1	79 15
1	84 1
1	83 1
1	85 1
1	79 14
1	84 2
1	83 2
1	85 2
1	79 13
1	84 3
1	83 3
1	85 3
1	79 16
1	84 4
1	83 4
1	85 4
1	79 12
1	84 5
1	83 5
1	85 5
1	79 11
1	84 6
1	83 6
1	85 6
1	79 11
1	84 7
1	83 7
1	85 7
1	79 13
1	84 8
1	83 8
1	85 8
1	79 15
1	84 9
1	83 9
1	85 9
1	79 18
1	84 10
1	83 10
1	85 10
1	79 13
1	84 11
1	83 11
1	85 11
1	79 14
1	84 12
1	83 12
1	85 12
1	79 13
1	84 13
1	83 13
1	85 13
1	79 19
1	84 14
1	83 14
1	85 14
1	79 13
1	84 15
1	83 15
1	85 15
1	79 17
1	84 16
1	83 16
1	85 16
1	79 19
1	84 17
1	83 17
1	85 17
1	79 17
1	84 18
1	83 18
1	85 18
1	79 16
1	84 19
1	83 19
1	85 19
1	79 16
1	84 20
1	83 20
1	85 20
1	79 12
1	84 1
1	83 1
1	85 1
1	79 18
1	84 2
1	83 2
1	85 2
1	79 19
1	84 3
1	83 3
1	85 3
1	79 15
1	84 4
1	83 4
1	85 4
1	79 12
1	84 5
1	83 5
1	85 5
1	79 16
1	84 6
1	83 6
1	85 6
1	79 13
1	84 7
1	83 7
1	85 7
1	79 17
1	84 8
1	83 8
1	85 8
1	79 15
1	84 9
1	83 9
1	85 9
1	79 14
1	84 10
1	83 10
1	85 10
1	79 15
1	84 11
1	83 11
1	85 11
1	79 15
1	84 12
1	83 12
1	85 12
1	79 15
1	84 13
1	83 13
1	85 13
1	79 17
1	84 14
1	83 14
1	85 14
1	79 14
1	84 15
1	83 15
1	85 15
1	79 14
1	84 16
1	83 16
1	85 16
1	79 13
1	84 17
1	83 17
1	85 17
1	79 15
1	84 18
1	83 18
1	85 18
1	79 17
1	84 19
1	83 19
1	85 19
1	79 15
1	84 20
1	83 20
1	85 20
1	79 19
1	84 1
1	83 1
1	85 1
1	79 13
1	84 2
1	83 2
1	85 2
1	79 14
1	84 3
1	83 3
1	85 3
1	79 12
1	84 4
1	83 4
1	85 4
1	79 13
1	84 5
1	83 5
1	85 5
1	79 13
1	84 6
1	83 6
1	85 6
1	79 14
1	84 7
1	83 7
1	85 7
1	79 13
1	84 8
1	83 8
1	85 8
1	79 12
1	84 9
1	83 9
1	85 9
1	79 14
1	84 10
1	83 10
1	85 10
1	79 17
1	84 11
1	83 11
1	85 11
1	79 13
1	84 12
1	83 12
1	85 12
1	79 18
1	84 13
1	83 13
1	85 13
1	79 15
1	84 14
1	83 14
1	85 14
1	79 15
1	84 15
1	83 15
1	85 15
1	79 19
1	84 16
1	83 16
1	85 16
1	79 12
1	84 17
1	83 17
1	85 17
1	79 18
1	84 18
1	83 18
1	85 18
1	79 17
1	84 19
1	83 19
1	85 19
1	79 15
1	84 20
1	83 20
1	85 20
1	79 19
1	84 1
1	83 1
1	85 1
1	79 13
1	84 2
1	83 2
1	85 2
1	79 13
1	84 3
1	83 3
1	85 3
1	79 18
1	84 4
1	83 4
1	85 4
1	79 17
1	84 5
1	83 5
1	85 5
1	79 14
1	84 6
1	83 6
1	85 6
1	79 16
1	84 7
1	83 7
1	85 7
1	79 18
1	84 8
1	83 8
1	85 8
1	79 16
1	84 9
1	83 9
1	85 9
1	79 16
1	84 10
1	83 10
1	85 10
1	79 14
1	84 11
1	83 11
1	85 11
1	79 16
1	84 12
1	83 12
1	85 12
1	79 13
1	84 13
1	83 13
1	85 13
1	79 18
1	84 14
1	83 14
1	85 14
1	79 17
1	84 15
1	83 15
1	85 15
1	79 19
1	84 16
1	83 16
1	85 16
1	79 15
1	84 17
1	83 17
1	85 17
1	79 14
1	84 18
1	83 18
1	85 18
1	79 19
1	84 19
1	83 19
1	85 19
1	79 18
1	84 20
1	83 20
1	85 20
1	79 16
1	84 1
1	83 1
1	85 1
1	79 18
1	84 2
1	83 2
1	85 2
1	79 13
1	84 3
1	83 3
1	85 3
1	79 16
1	84 4
1	83 4
1	85 4
1	79 14
1	84 5
1	83 5
1	85 5
1	79 15
1	84 6
1	83 6
1	85 6
1	79 14
1	84 7
1	83 7
1	85 7
1	79 15
1	84 8
1	83 8
1	85 8
1	79 17
1	84 9
1	83 9
1	85 9
1	79 17
1	84 10
1	83 10
1	85 10
1	79 13
1	84 11
1	83 11
1	85 11
1	79 18
1	84 12
1	83 12
1	85 12
1	79 15
1	84 13
1	83 13
1	85 13
1	79 15
1	84 14
1	83 14
1	85 14
1	79 11
1	84 15
1	83 15
1	85 15
1	79 16
1	84 16
1	83 16
1	85 16
1	79 16
1	84 17
1	83 17
1	85 17
1	79 13
1	84 18
1	83 18
1	85 18
1	79 12
1	84 19
1	83 19
1	85 19
1	79 14
1	84 20
1	83 20
1	85 20
1	79 12
1	84 1
1	83 1
1	85 1
1	79 20
1	84 2
1	83 2
1	85 2
1	79 13
1	84 3
1	83 3
1	85 3
1	79 15
1	84 4
1	83 4
1	85 4
1	79 15
1	84 5
1	83 5
1	85 5
1	79 13
1	84 6
1	83 6
1	85 6
1	79 13
1	84 7
1	83 7
1	85 7
1	79 14
1	84 8
1	83 8
1	85 8
1	79 16
1	84 9
1	83 9
1	85 9
1	79 15
1	84 10
1	83 10
1	85 10
1	79 14
1	84 11
1	83 11
1	85 11
1	79 15
1	84 12
1	83 12
1	85 12
1	79 13
1	84 13
1	83 13
1	85 13
1	79 15
1	84 14
1	83 14
1	85 14
1	79 14
1	84 15
1	83 15
1	85 15
1	79 13
1	84 16
1	83 16
1	85 16
1	79 15
1	84 17
1	83 17
1	85 17
1	79 14
1	84 18
1	83 18
1	85 18
1	79 15
1	84 19
1	83 19
1	85 19
1	79 14
1	84 20
1	83 20
1	85 20
1	79 15
1	84 1
1	83 1
1	85 1
1	79 18
1	84 2
1	83 2
1	85 2
1	79 19
1	84 3
1	83 3
1	85 3
1	79 13
1	84 4
1	83 4
1	85 4
1	79 18
1	84 5
1	83 5
1	85 5
1	79 15
1	84 6
1	83 6
1	85 6
1	79 13
1	84 7
1	83 7
1	85 7
1	79 18
1	84 8
1	83 8
1	85 8
1	79 12
1	84 9
1	83 9
1	85 9
1	79 17
1	84 10
1	83 10
1	85 10
1	79 18
1	84 11
1	83 11
1	85 11
1	79 18
1	84 12
1	83 12
1	85 12
1	79 15
1	84 13
1	83 13
1	85 13
1	79 15
1	84 14
1	83 14
1	85 14
1	79 12
1	84 15
1	83 15
1	85 15
1	79 15
1	84 16
1	83 16
1	85 16
1	79 12
1	84 17
1	83 17
1	85 17
1	79 17
1	84 18
1	83 18
1	85 18
1	79 11
1	84 19
1	83 19
1	85 19
1	79 14
1	84 20
1	83 20
1	85 20
1	79 16
1	84 1
1	83 1
1	85 1
1	79 18
1	84 2
1	83 2
1	85 2
1	79 19
1	84 3
1	83 3
1	85 3
1	79 12
1	84 4
1	83 4
1	85 4
1	79 12
1	84 5
1	83 5
1	85 5
1	79 16
1	84 6
1	83 6
1	85 6
1	79 18
1	84 7
1	83 7
1	85 7
1	79 15
1	84 8
1	83 8
1	85 8
1	79 18
1	84 9
1	83 9
1	85 9
1	79 15
1	84 10
1	83 10
1	85 10
1	79 15
1	84 11
1	83 11
1	85 11
1	79 20
1	84 12
1	83 12
1	85 12
1	79 14
1	84 13
1	83 13
1	85 13
1	79 14
1	84 14
1	83 14
1	85 14
1	79 15
1	84 15
1	83 15
1	85 15
1	79 14
1	84 16
1	83 16
1	85 16
1	79 17
1	84 17
1	83 17
1	85 17
1	79 16
1	84 18
1	83 18
1	85 18
1	79 14
1	84 19
1	83 19
1	85 19
1	79 16
1	84 20
1	83 20
1	85 20
1	79 12
1	84 1
1	83 1
1	85 1
1	79 19
1	84 2
1	83 2
1	85 2
1	79 18
1	84 3
1	83 3
1	85 3
1	79 11
1	84 4
1	83 4
1	85 4
1	79 12
1	84 5
1	83 5
1	85 5
1	79 15
1	84 6
1	83 6
1	85 6
1	79 17
1	84 7
1	83 7
1	85 7
1	79 14
1	84 8
1	83 8
1	85 8
1	79 17
1	84 9
1	83 9
1	85 9
1	79 13
1	84 10
1	83 10
1	85 10
1	79 15
1	84 11
1	83 11
1	85 11
1	79 20
1	84 12
1	83 12
1	85 12
1	79 17
1	84 13
1	83 13
1	85 13
1	79 15
1	84 14
1	83 14
1	85 14
1	79 15
1	84 15
1	83 15
1	85 15
1	79 15
1	84 16
1	83 16
1	85 16
1	79 15
1	84 17
1	83 17
1	85 17
1	79 17
1	84 18
1	83 18
1	85 18
1	79 15
1	84 19
1	83 19
1	85 19
1	79 19
1	84 20
1	83 20
1	85 20
1	79 16
1	84 1
1	83 1
1	85 1
1	79 18
1	84 2
1	83 2
1	85 2
1	79 19
1	84 3
1	83 3
1	85 3
1	79 17
1	84 4
1	83 4
1	85 4
1	79 13
1	84 5
1	83 5
1	85 5
1	79 15
1	84 6
1	83 6
1	85 6
1	79 12
1	84 7
1	83 7
1	85 7
1	79 17
1	84 8
1	83 8
1	85 8
1	79 12
1	84 9
1	83 9
1	85 9
1	79 15
1	84 10
1	83 10
1	85 10
1	79 13
1	84 11
1	83 11
1	85 11
1	79 17
1	84 12
1	83 12
1	85 12
1	79 14
1	84 13
1	83 13
1	85 13
1	79 17
1	84 14
1	83 14
1	85 14
1	79 18
1	84 15
1	83 15
1	85 15
1	79 18
1	84 16
1	83 16
1	85 16
1	79 13
1	84 17
1	83 17
1	85 17
1	79 17
1	84 18
1	83 18
1	85 18
1	79 14
1	84 19
1	83 19
1	85 19
1	79 13
1	84 20
1	83 20
1	85 20
1	79 15
1	84 1
1	83 1
1	85 1
1	79 19
1	84 2
1	83 2
1	85 2
1	79 16
1	84 3
1	83 3
1	85 3
1	79 15
1	84 4
1	83 4
1	85 4
1	79 18
1	84 5
1	83 5
1	85 5
1	79 16
1	84 6
1	83 6
1	85 6
1	79 14
1	84 7
1	83 7
1	85 7
1	79 18
1	84 8
1	83 8
1	85 8
1	79 11
1	84 9
1	83 9
1	85 9
1	79 16
1	84 10
1	83 10
1	85 10
1	79 15
1	84 11
1	83 11
1	85 11
1	79 13
1	84 12
1	83 12
1	85 12
1	79 13
1	84 13
1	83 13
1	85 13
1	79 14
1	84 14
1	83 14
1	85 14
1	79 14
1	84 15
1	83 15
1	85 15
1	79 15
1	84 16
1	83 16
1	85 16
1	79 15
1	84 17
1	83 17
1	85 17
1	79 15
1	84 18
1	83 18
1	85 18
1	79 13
1	84 19
1	83 19
1	85 19
1	79 12
1	84 20
1	83 20
1	85 20
1	79 13
1	84 1
1	83 1
1	85 1
1	79 17
1	84 2
1	83 2
1	85 2
1	79 15
1	84 3
1	83 3
1	85 3
1	79 17
1	84 4
1	83 4
1	85 4
1	79 15
1	84 5
1	83 5
1	85 5
1	79 12
1	84 6
1	83 6
1	85 6
1	79 13
1	84 7
1	83 7
1	85 7
1	79 14
1	84 8
1	83 8
1	85 8
1	79 16
1	84 9
1	83 9
1	85 9
1	79 16
1	84 10
1	83 10
1	85 10
1	79 16
1	TEST_NUMBER 5
1	SENT_TOTAL 250
1	RECEIVED_TOTAL 250
1	TIME_TOTAL 14882
1	RECEIVED_RADIO_1 125
1	RECEIVED_RADIO_2 125
1	SENT_RADIO_1 125
1	SENT_RADIO_2 125
1	RADIO_TIME_1 14838
1	RADIO_TIME_2 14838
1	RETRANSMISSIONS_1 0
1	RETRANSMISSIONS_2 0
1	DROPPED_1 0
1	DROPPED_2 0
1	MAX_QUEUE 1
1	DUPLICATED_1 0
1	DUPLICATED_2 0
1	EBUSY_RADIO_1 0
1	EBUSY_RADIO_2 0
1	84 1
1	83 1
1	85 1
1	79 15
1	84 2
1	83 2
1	85 2
1	79 15
1	84 3
1	83 3
1	85 3
1	79 15
1	84 4
1	83 4
1	85 4
1	79 17
1	84 5
1	83 5
1	85 5
1	79 15
1	84 6
1	83 6
1	85 6
1	79 12
1	84 7
1	83 7
1	85 7
1	79 13
1	84 8
1	83 8
1	85 8
1	79 12
1	84 9
1	83 9
1	85 9
1	79 13
1	84 10
1	83 10
1	85 10
1	79 13
1	84 11
1	83 11
1	85 11
1	79 15
1	84 12
1	83 12
1	85 12
1	79 13
1	84 13
1	83 13
1	85 13
1	79 17
1	84 14
1	83 14
1	85 14
1	79 17
1	84 15
1	83 15
1	85 15
1	79 16
1	84 16
1	83 16
1	85 16
1	79 15
1	84 17
1	83 17
1	85 17
1	79 15
1	84 18
1	83 18
1	85 18
1	79 16
1	84 19
1	83 19
1	85 19
1	79 16
1	84 20
1	83 20
1	85 20
1	79 19
1	84 1
1	83 1
1	85 1
1	79 15
1	84 2
1	83 2
1	85 2
1	79 17
1	84 3
1	83 3
1	85 3
1	79 17
1	84 4
1	83 4
1	85 4
1	79 15
1	84 5
1	83 5
1	85 5
1	79 18
1	84 6
1	83 6
1	85 6
1	79 16
1	84 7
1	83 7
1	85 7
1	79 18
1	84 8
1	83 8
1	85 8
1	79 15
1	84 9
1	83 9
1	85 9
1	79 14
1	84 10
1	83 10
1	85 10
1	79 18
1	84 11
1	83 11
1	85 11
1	79 14
1	84 12
1	83 12
1	85 12
1	79 11
1	84 13
1	83 13
1	85 13
1	79 16
1	84 14
1	83 14
1	85 14
1	79 13
1	84 15
1	83 15
1	85 15
1	79 13
1	84 16
1	83 16
1	85 16
1	79 13
1	84 17
1	83 17
1	85 17
1	79 15
1	84 18
1	83 18
1	85 18
1	79 12
1	84 19
1	83 19
1	85 19
1	79 14
1	84 20
1	83 20
1	85 20
1	79 20
1	84 1
1	83 1
1	85 1
1	79 18
1	84 2
1	83 2
1	85 2
1	79 14
1	84 3
1	83 3
1	85 3
1	79 14
1	84 4
1	83 4
1	85 4
1	79 13
1	84 5
1	83 5
1	85 5
1	79 19
1	84 6
1	83 6
1	85 6
1	79 16
1	84 7
1	83 7
1	85 7
1	79 17
1	84 8
1	83 8
1	85 8
1	79 17
1	84 9
1	83 9
1	85 9
1	79 16
1	84 10
1	83 10
1	85 10
1	79 15
1	84 11
1	83 11
1	85 11
1	79 15
1	84 12
1	83 12
1	85 12
1	79 14
1	84 13
1	83 13
1	85 13
1	79 17
1	84 14
1	83 14
1	85 14
1	79 16
1	84 15
1	83 15
1	85 15
1	79 14
1	84 16
1	83 16
1	85 16
1	79 11
1	84 17
1	83 17
1	85 17
1	79 12
1	84 18
1	83 18
1	85 18
1	79 15
1	84 19
1	83 19
1	85 19
1	79 14
1	84 20
1	83 20
1	85 20
1	79 14
1	84 1
1	83 1
1	85 1
1	79 13
1	84 2
1	83 2
1	85 2
1	79 18
1	84 3
1	83 3
1	85 3
1	79 15
1	84 4
1	83 4
1	85 4
1	79 16
1	84 5
1	83 5
1	85 5
1	79 17
1	84 6
1	83 6
1	85 6
1	79 18
1	84 7
1	83 7
1	85 7
1	79 15
1	84 8
1	83 8
1	85 8
1	79 16
1	84 9
1	83 9
1	85 9
1	79 14
1	84 10
1	83 10
1	85 10
1	79 15
1	84 11
1	83 11
1	85 11
1	79 14
1	84 12
1	83 12
1	85 12
1	79 17
1	84 13
1	83 13
1	85 13
1	79 15
1	84 14
1	83 14
1	85 14
1	79 12
1	84 15
1	83 15
1	85 15
1	79 14
1	84 16
1	83 16
1	85 16
1	79 14
1	84 17
1	83 17
1	85 17
1	79 19
1	84 18
1	83 18
1	85 18
1	79 18
1	84 19
1	83 19
1	85 19
1	79 17
1	84 20
1	83 20
1	85 20
1	79 16
1	84 1
1	83 1
1	85 1
1	79 15
1	84 2
1	83 2
1	85 2
1	79 17
1	84 3
1	83 3
1	85 3
1	79 13
1	84 4
1	83 4
1	85 4
1	79 17
1	84 5
1	83 5
1	85 5
1	79 18
1	84 6
1	83 6
1	85 6
1	79 15
1	84 7
1	83 7
1	85 7
1	79 18
1	84 8
1	83 8
1	85 8
1	79 14
1	84 9
1	83 9
1	85 9
1	79 18
1	84 10
1	83 10
1	85 10
1	79 18
1	84 11
1	83 11
1	85 11
1	79 17
1	84 12
1	83 12
1	85 12
1	79 13
1	84 13
1	83 13
1	85 13
1	79 16
1	84 14
1	83 14
1	85 14
1	79 15
1	84 15
1	83 15
1	85 15
1	79 12
1	84 16
1	83 16
1	85 16
1	79 14
1	84 17
1	83 17
1	85 17
1	79 15
1	84 18
1	83 18
1	85 18
1	79 15
1	84 19
1	83 19
1	85 19
1	79 12
1	84 20
1	83 20
1	85 20
1	79 15
1	84 1
1	83 1
1	85 1
1	79 16
1	84 2
1	83 2
1	85 2
1	79 15
1	84 3
1	83 3
1	85 3
1	79 12
1	84 4
1	83 4
1	85 4
1	79 15
1	84 5
1	83 5
1	85 5
1	79 13
1	84 6
1	83 6
1	85 6
1	79 15
1	84 7
1	83 7
1	85 7
1	79 12
1	84 8
1	83 8
1	85 8
1	79 13
1	84 9
1	83 9
1	85 9
1	79 17
1	84 10
1	83 10
1	85 10
1	79 16
1	84 11
1	83 11
1	85 11
1	79 15
1	84 12
1	83 12
1	85 12
1	79 14
1	84 13
1	83 13
1	85 13
1	79 17
1	84 14
1	83 14
1	85 14
1	79 16
1	84 15
1	83 15
1	85 15
1	79 20
1	84 16
1	83 16
1	85 16
1	79 11
1	84 17
1	83 17
1	85 17
1	79 13
1	84 18
1	83 18
1	85 18
1	79 15
1	84 19
1	83 19
1	85 19
1	79 18
1	84 20
1	83 20
1	85 20
1	79 14
1	84 1
1	83 1
1	85 1
1	79 12
1	84 2
1	83 2
1	85 2
1	79 19
1	84 3
1	83 3
1	85 3
1	79 15
1	84 4
1	83 4
1	85 4
1	79 19
1	84 5
1	83 5
1	85 5
1	79 15
1	84 6
1	83 6
1	85 6
1	79 16
1	84 7
1	83 7
1	85 7
1	79 19
1	84 8
1	83 8
1	85 8
1	79 13
1	84 9
1	83 9
1	85 9
1	79 18
1	84 10
1	83 10
1	85 10
1	79 18
1	84 11
1	83 11
1	85 11
1	79 18
1	84 12
1	83 12
1	85 12
1	79 20
1	84 13
1	83 13
1	85 13
1	79 15
1	84 14
1	83 14
1	85 14
1	79 14
1	84 15
1	83 15
1	85 15
1	79 16
1	84 16
1	83 16
1	85 16
1	79 14
1	84 17
1	83 17
1	85 17
1	79 16
1	84 18
1	83 18
1	85 18
1	79 12
1	84 19
1	83 19
1	85 19
1	79 12
1	84 20
1	83 20
1	85 20
1	79 19
1	84 1
1	83 1
1	85 1
1	79 20
1	84 2
1	83 2
1	85 2
1	79 11
1	84 3
1	83 3
1	85 3
1	79 13
1	84 4
1	83 4
1	85 4
1	79 14
1	84 5
1	83 5
1	85 5
1	79 18
1	84 6
1	83 6
1	85 6
1	79 17
1	84 7
1	83 7
1	85 7
1	79 14
1	84 8
1	83 8
1	85 8
1	79 12
1	84 9
1	83 9
1	85 9
1	79 15
1	84 10
1	83 10
1	85 10
1	79 17
1	84 11
1	83 11
1	85 11
1	79 17
1	84 12
1	83 12
1	85 12
1	79 19
1	84 13
1	83 13
1	85 13
1	79 13
1	84 14
1	83 14
1	85 14
1	79 17
1	84 15
1	83 15
1	85 15
1	79 16
1	84 16
1	83 16
1	85 16
1	79 15
1	84 17
1	83 17
1	85 17
1	79 14
1	84 18
1	83 18
1	85 18
1	79 15
1	84 19
1	83 19
1	85 19
1	79 16
1	84 20
1	83 20
1	85 20
1	79 12
1	84 1
1	83 1
1	85 1
1	79 14
1	84 2
1	83 2
1	85 2
1	79 14
1	84 3
1	83 3
1	85 3
1	79 19
1	84 4
1	83 4
1	85 4
1	79 12
1	84 5
1	83 5
1	85 5
1	79 19
1	84 6
1	83 6
1	85 6
1	79 18
1	84 7
1	83 7
1	85 7
1	79 16
1	84 8
1	83 8
1	85 8
1	79 18
1	84 9
1	83 9
1	85 9
1	79 12
1	84 10
1	83 10
1	85 10
1	79 13
1	84 11
1	83 11
1	85 11
1	79 18
1	84 12
1	83 12
1	85 12
1	79 18
1	84 13
1	83 13
1	85 13
1	79 13
1	84 14
1	83 14
1	85 14
1	79 13
1	84 15
1	83 15
1	85 15
1	79 18
1	84 16
1	83 16
1	85 16
1	79 15
1	84 17
1	83 17
1	85 17
1	79 19
1	84 18
1	83 18
1	85 18
1	79 16
1	84 19
1	83 19
1	85 19
1	79 16
1	84 20
1	83 20
1	85 20
1	79 16
1	84 1
1	83 1
1	85 1
1	79 18
1	84 2
1	83 2
1	85 2
1	79 15
1	84 3
1	83 3
1	85 3
1	79 17
1	84 4
1	83 4
1	85 4
1	79 18
1	84 5
1	83 5
1	85 5
1	79 17
1	84 6
1	83 6
1	85 6
1	79 12
1	84 7
1	83 7
1	85 7
1	79 14
1	84 8
1	83 8
1	85 8
1	79 14
1	84 9
1	83 9
1	85 9
1	79 13
1	84 10
1	83 10
1	85 10
1	79 18
1	84 11
1	83 11
1	85 11
1	79 17
1	84 12
1	83 12
1	85 12
1	79 17
1	84 13
1	83 13
1	85 13
1	79 18
1	84 14
1	83 14
1	85 14
1	79 17
1	84 15
1	83 15
1	85 15
1	79 13
1	84 16
1	83 16
1	85 16
1	79 14
1	84 17
1	83 17
1	85 17
1	79 15
1	84 18
1	83 18
1	85 18
1	79 13
1	84 19
1	83 19
1	85 19
1	79 17
1	84 20
1	83 20
1	85 20
1	79 11
1	84 1
1	83 1
1	85 1
1	79 19
1	84 2
1	83 2
1	85 2
1	79 17
1	84 3
1	83 3
1	85 3
1	79 15
1	84 4
1	83 4
1	85 4
1	79 15
1	84 5
1	83 5
1	85 5
1	79 13
1	84 6
1	83 6
1	85 6
1	79 16
1	84 7
1	83 7
1	85 7
1	79 12
1	84 8
1	83 8
1	85 8
1	79 17
1	84 9
1	83 9
1	85 9
1	79 18
1	84 10
1	83 10
1	85 10
1	79 16
1	84 11
1	83 11
1	85 11
1	79 17
1	84 12
1	83 12
1	85 12
1	79 16
1	84 13
1	83 13
1	85 13
1	79 17
1	84 14
1	83 14
1	85 14
1	79 17
1	84 15
1	83 15
1	85 15
1	79 17
1	84 16
1	83 16
1	85 16
1	79 14
1	84 17
1	83 17
1	85 17
1	79 17
1	84 18
1	83 18
1	85 18
1	79 18
1	84 19
1	83 19
1	85 19
1	79 16
1	84 20
1	83 20
1	85 20
1	79 17
1	84 1
1	83 1
1	85 1
1	79 11
1	84 2
1	83 2
1	85 2
1	79 15
1	84 3
1	83 3
1	85 3
1	79 16
1	84 4
1	83 4
1	85 4
1	79 16
1	84 5
1	83 5
1	85 5
1	79 14
1	84 6
1	83 6
1	85 6
1	79 17
1	84 7
1	83 7
1	85 7
1	79 13
1	84 8
1	83 8
1	85 8
1	79 14
1	84 9
1	83 9
1	85 9
1	79 14
1	84 10
1	83 10
1	85 10
1	79 18
1	84 11
1	83 11
1	85 11
1	79 13
1	84 12
1	83 12
1	85 12
1	79 18
1	84 13
1	83 13
1	85 13
1	79 13
1	84 14
1	83 14
1	85 14
1	79 12
1	84 15
1	83 15
1	85 15
1	79 13
1	84 16
1	83 16
1	85 16
1	79 13
1	84 17
1	83 17
1	85 17
1	79 16
1	84 18
1	83 18
1	85 18
1	79 19
1	84 19
1	83 19
1	85 19
1	79 15
1	84 20
1	83 20
1	85 20
1	79 11
1	84 1
1	83 1
1	85 1
1	79 13
1	84 2
1	83 2
1	85 2
1	79 17
1	84 3
1	83 3
1	85 3
1	79 18
1	84 4
1	83 4
1	85 4
1	79 18
1	84 5
1	83 5
1	85 5
1	79 14
1	84 6
1	83 6
1	85 6
1	79 18
1	84 7
1	83 7
1	85 7
1	79 15
1	84 8
1	83 8
1	85 8
1	79 15
1	84 9
1	83 9
1	85 9
1	79 17
1	84 10
1	83 10
1	85 10
1	79 17
1	TEST_NUMBER 6
1	SENT_TOTAL 250
1	RECEIVED_TOTAL 250
1	TIME_TOTAL 14884
1	RECEIVED_RADIO_1 125
1	RECEIVED_RADIO_2 125
1	SENT_RADIO_1 125
1	SENT_RADIO_2 125
1	RADIO_TIME_1 14839
1	RADIO_TIME_2 14839
1	RETRANSMISSIONS_1 0
1	RETRANSMISSIONS_2 0
1	DROPPED_1 0
1	DROPPED_2 0
1	MAX_QUEUE 1
1	DUPLICATED_1 0
1	DUPLICATED_2 0
1	EBUSY_RADIO_1 0
1	EBUSY_RADIO_2 0

3	DESTINATION_NODE 3
3	TEST_NUMBER 0
3	SENT_TOTAL 250
3	RECEIVED_TOTAL 250
3	TIME_TOTAL 14883
3	RECEIVED_RADIO_1 125
3	RECEIVED_RADIO_2 125
3	SENT_RADIO_1 125
3	SENT_RADIO_2 125
3	RADIO_TIME_1 14827
3	RADIO_TIME_2 14823
3	RETRANSMISSIONS_1 0
3	RETRANSMISSIONS_2 0
3	DROPPED_1 0
3	DROPPED_2 0
3	MAX_QUEUE 1
3	DUPLICATED_1 0
3	DUPLICATED_2 0
3	EBUSY_RADIO_1 0
3	EBUSY_RADIO_2 0
3	TEST_NUMBER 1
3	SENT_TOTAL 250
3	RECEIVED_TOTAL 250
3	TIME_TOTAL 14882
3	RECEIVED_RADIO_1 125
3	RECEIVED_RADIO_2 125
3	SENT_RADIO_1 125
3	SENT_RADIO_2 125
3	RADIO_TIME_1 14824
3	RADIO_TIME_2 14821
3	RETRANSMISSIONS_1 0
3	RETRANSMISSIONS_2 0
3	DROPPED_1 0
3	DROPPED_2 0
3	MAX_QUEUE 1
3	DUPLICATED_1 0
3	DUPLICATED_2 0
3	EBUSY_RADIO_1 0
3	EBUSY_RADIO_2 0
3	TEST_NUMBER 2
3	SENT_TOTAL 250
3	RECEIVED_TOTAL 250
3	TIME_TOTAL 14880
3	RECEIVED_RADIO_1 125
3	RECEIVED_RADIO_2 125
3	SENT_RADIO_1 125
3	SENT_RADIO_2 125
3	RADIO_TIME_1 14823
3	RADIO_TIME_2 14819
3	RETRANSMISSIONS_1 0
3	RETRANSMISSIONS_2 0
3	DROPPED_1 0
3	DROPPED_2 0
3	MAX_QUEUE 1
3	DUPLICATED_1 0
3	DUPLICATED_2 0
3	EBUSY_RADIO_1 0
3	EBUSY_RADIO_2 0
3	TEST_NUMBER 3
3	SENT_TOTAL 250
3	RECEIVED_TOTAL 250
3	TIME_TOTAL 14886
3	RECEIVED_RADIO_1 125
3	RECEIVED_RADIO_2 125
3	SENT_RADIO_1 125
3	SENT_RADIO_2 125
3	RADIO_TIME_1 14826
3	RADIO_TIME_2 14825
3	RETRANSMISSIONS_1 0
3	RETRANSMISSIONS_2 0
3	DROPPED_1 0
3	DROPPED_2 0
3	MAX_QUEUE 1
3	DUPLICATED_1 0
3	DUPLICATED_2 0
3	EBUSY_RADIO_1 0
3	EBUSY_RADIO_2 0
3	TEST_NUMBER 4
3	SENT_TOTAL 250
3	RECEIVED_TOTAL 250
3	TIME_TOTAL 14881
3	RECEIVED_RADIO_1 125
3	RECEIVED_RADIO_2 125
3	SENT_RADIO_1 125
3	SENT_RADIO_2 125
3	RADIO_TIME_1 14822
3	RADIO_TIME_2 14822
3	RETRANSMISSIONS_1 0
3	RETRANSMISSIONS_2 0
3	DROPPED_1 0
3	DROPPED_2 0
3	MAX_QUEUE 1
3	DUPLICATED_1 0
3	DUPLICATED_2 0
3	EBUSY_RADIO_1 0
3	EBUSY_RADIO_2 0
3	TEST_NUMBER 5
3	SENT_TOTAL 250
3	RECEIVED_TOTAL 250
3	TIME_TOTAL 14883
3	RECEIVED_RADIO_1 125
3	RECEIVED_RADIO_2 125
3	SENT_RADIO_1 125
3	SENT_RADIO_2 125
3	RADIO_TIME_1 14821
3	RADIO_TIME_2 14825
3	RETRANSMISSIONS_1 0
3	RETRANSMISSIONS_2 0
3	DROPPED_1 0
3	DROPPED_2 0
3	MAX_QUEUE 1
3	DUPLICATED_1 0
3	DUPLICATED_2 0
3	EBUSY_RADIO_1 0
3	EBUSY_RADIO_2 0
3	TEST_NUMBER 6
3	SENT_TOTAL 250
3	RECEIVED_TOTAL 250
3	TIME_TOTAL 14883
3	RECEIVED_RADIO_1 125
3	RECEIVED_RADIO_2 125
3	SENT_RADIO_1 125
3	SENT_RADIO_2 125
3	RADIO_TIME_1 14824
3	RADIO_TIME_2 14821
3	RETRANSMISSIONS_1 0
3	RETRANSMISSIONS_2 0
3	DROPPED_1 0
3	DROPPED_2 0
3	MAX_QUEUE 1
3	DUPLICATED_1 0
3	DUPLICATED_2 0
3	EBUSY_RADIO_1 0
3	EBUSY_RADIO_2 0
