
4	SOURCE_NODE 4
4	84 1
4	84 2
4	84 3
4	83 3
4	85 3
4	79 47
4	84 4
4	84 5
4	84 6
4	83 6
4	85 5
4	79 151
4	84 7
4	84 8
4	84 9
4	83 9
4	85 9
4	79 55
4	84 10
4	84 11
4	84 12
4	83 12
4	85 11
4	79 143
4	84 13
4	84 14
4	84 15
4	83 15
4	85 15
4	79 58
4	84 16
4	84 17
4	84 18
4	83 18
4	85 17
4	79 150
4	84 19
4	84 20
4	84 1
4	83 1
4	85 1
4	79 60
4	84 2
4	84 3
4	84 4
4	83 4
4	85 3
4	79 154
4	84 5
4	84 6
4	84 7
4	83 7
4	85 7
4	79 55
4	84 8
4	84 9
4	84 10
4	83 10
4	85 9
4	79 132
4	84 11
4	83 11
4	85 5
4	79 520
4	84 12
4	84 13
4	83 13
4	85 13
4	79 48
4	84 14
4	84 15
4	84 16
4	83 16
4	85 15
4	79 159
4	84 17
4	84 18
4	84 19
4	83 19
4	85 19
4	79 60
4	84 20
4	84 1
4	84 2
4	83 2
4	85 1
4	79 150
4	84 3
4	84 4
4	84 5
4	83 5
4	85 5
4	79 55
4	84 6
4	84 7
4	84 8
4	83 8
4	85 7
4	79 147
4	84 9
4	84 10
4	84 11
4	83 11
4	85 11
4	79 60
4	84 12
4	84 13
4	84 14
4	84 15
4	83 15
4	85 13
4	79 164
4	84 16
4	84 17
4	83 17
4	85 17
4	79 51
4	84 18
4	84 19
4	84 20
4	83 20
4	85 19
4	79 154
4	84 1
4	84 2
4	84 3
4	83 3
4	85 3
4	79 56
4	84 4
4	84 5
4	84 6
4	83 6
4	85 5
4	79 159
4	84 7
4	84 8
4	84 9
4	83 9
4	85 9
4	79 59
4	84 10
4	84 11
4	84 12
4	83 12
4	85 11
4	79 145
4	84 13
4	84 14
4	84 15
4	83 15
4	85 15
4	79 52
4	84 16
4	84 17
4	84 18
4	83 18
4	85 17
4	79 158
4	84 19
4	84 20
4	84 1
4	83 1
4	85 1
4	79 54
4	84 2
4	84 3
4	84 4
4	84 5
4	83 5
4	85 3
4	79 168
4	84 6
4	84 7
4	83 7
4	85 7
4	79 49
4	84 8
4	84 9
4	84 10
4	84 11
4	83 11
4	85 9
4	79 161
4	84 12
4	84 13
4	83 13
4	85 13
4	79 49
4	84 14
4	84 15
4	84 16
4	83 16
4	85 15
4	79 125
4	83 16
4	85 14
4	79 215
4	84 17
4	83 17
4	85 17
4	79 51
4	84 18
4	84 19
4	83 19
4	85 18
4	79 128
4	84 20
4	83 20
4	85 20
4	79 51
4	84 1
4	84 2
4	83 2
4	85 1
4	79 140
4	84 3
4	84 4
4	83 4
4	85 2
4	79 194
4	84 5
4	83 5
4	85 4
4	79 138
4	83 5
4	85 5
4	79 70
4	84 6
4	84 7
4	83 7
4	85 7
4	79 51
4	84 8
4	84 9
4	83 9
4	85 8
4	79 137
4	84 10
4	83 10
4	85 10
4	79 40
4	84 11
4	84 12
4	83 12
4	85 11
4	79 126
4	83 12
4	85 12
4	79 63
4	84 13
4	83 13
4	85 13
4	79 70
4	84 14
4	84 15
4	83 15
4	85 15
4	79 57
4	84 16
4	84 17
4	84 18
4	83 18
4	85 17
4	79 119
4	83 18
4	85 16
4	79 208
4	84 19
4	84 20
4	83 20
4	85 19
4	79 84
4	83 20
4	85 20
4	79 42
4	84 1
4	84 2
4	83 2
4	85 1
4	79 124
4	83 2
4	85 2
4	79 55
4	84 3
4	83 3
4	85 3
4	79 58
4	84 4
4	84 5
4	83 5
4	85 5
4	79 50
4	84 6
4	84 7
4	83 7
4	85 6
4	79 139
4	84 8
4	83 8
4	85 8
4	79 40
4	84 9
4	84 10
4	83 10
4	85 9
4	79 126
4	83 10
4	85 10
4	79 62
4	84 11
4	83 11
4	85 11
4	79 68
4	84 12
4	84 13
4	83 13
4	85 13
4	79 50
4	84 14
4	84 15
4	83 15
4	85 14
4	79 135
4	84 16
4	83 16
4	85 16
4	79 46
4	84 17
4	84 18
4	83 18
4	85 17
4	79 119
4	83 18
4	85 18
4	79 60
4	84 19
4	84 20
4	83 20
4	85 19
4	79 86
4	84 1
4	83 1
4	85 1
4	79 48
4	84 2
4	84 3
4	83 3
4	85 2
4	79 129
4	83 3
4	85 3
4	79 61
4	84 4
4	84 5
4	83 5
4	85 5
4	79 54
4	84 6
4	84 7
4	83 7
4	85 6
4	79 123
4	84 8
4	83 8
4	85 8
4	79 47
4	84 9
4	84 10
4	83 10
4	85 9
4	79 121
4	83 10
4	85 10
4	79 50
4	84 11
4	84 12
4	83 12
4	85 11
4	79 81
4	84 13
4	83 13
4	85 13
4	79 52
4	84 14
4	84 15
4	83 15
4	85 14
4	79 136
4	83 15
4	85 15
4	79 63
4	84 16
4	84 17
4	83 17
4	85 17
4	79 54
4	84 18
4	84 19
4	83 19
4	85 18
4	79 133
4	84 20
4	83 20
4	85 20
4	79 40
4	84 1
4	84 2
4	83 2
4	85 1
4	79 114
4	83 2
4	85 2
4	79 72
4	84 3
4	84 4
4	83 4
4	85 4
4	79 56
4	84 5
4	84 6
4	83 6
4	85 5
4	79 134
4	83 6
4	85 6
4	79 64
4	84 7
4	83 7
4	85 7
4	79 52
4	84 8
4	84 9
4	83 9
4	85 9
4	79 57
4	84 10
4	84 11
4	83 11
4	85 10
4	79 136
4	84 12
4	83 12
4	85 12
4	79 39
4	84 13
4	84 14
4	83 14
4	85 13
4	79 128
4	83 14
4	85 14
4	79 56
4	84 15
4	83 15
4	85 15
4	79 66
4	84 16
4	84 17
4	83 17
4	85 17
4	79 56
4	84 18
4	84 19
4	83 19
4	85 18
4	79 132
4	84 20
4	83 20
4	85 20
4	79 37
4	84 1
4	84 2
4	83 2
4	85 1
4	79 137
4	83 2
4	85 2
4	79 67
4	84 3
4	84 4
4	83 4
4	85 4
4	79 44
4	84 5
4	84 6
4	83 6
4	85 5
4	79 121
4	83 6
4	85 6
4	79 50
4	84 7
4	83 7
4	85 7
4	79 76
4	84 8
4	84 9
4	83 9
4	85 9
4	79 55
4	84 10
4	84 11
4	83 11
4	85 10
4	79 133
4	83 11
4	85 11
4	79 63
4	84 12
4	84 13
4	83 13
4	85 13
4	79 56
4	84 14
4	84 15
4	84 16
4	83 16
4	85 15
4	79 128
4	83 16
4	85 14
4	79 217
4	83 16
4	85 16
4	79 66
4	84 17
4	84 18
4	83 18
4	85 18
4	79 38
4	84 19
4	84 20
4	83 20
4	85 19
4	79 117
4	83 20
4	85 20
4	79 56
4	84 1
4	83 1
4	85 1
4	79 77
4	84 2
4	84 3
4	83 3
4	85 3
4	79 56
4	84 4
4	84 5
4	83 5
4	85 4
4	79 134
4	84 6
4	83 6
4	85 6
4	79 38
4	84 7
4	84 8
4	83 8
4	85 7
4	79 117
4	83 8
4	85 8
4	79 51
4	84 9
4	84 10
4	83 10
4	85 9
4	79 89
4	84 11
4	83 11
4	85 11
4	79 50
4	84 12
4	84 13
4	83 13
4	85 12
4	79 134
4	84 14
4	83 14
4	85 14
4	79 35
4	84 15
4	84 16
4	83 16
4	85 15
4	79 127
4	83 16
4	85 16
4	79 61
4	84 17
4	83 17
4	85 17
4	79 72
4	84 18
4	84 19
4	83 19
4	85 19
4	79 51
4	84 20
4	84 1
4	83 1
4	85 20
4	79 135
4	84 2
4	83 2
4	85 2
4	79 41
4	84 3
4	84 4
4	83 4
4	85 3
4	79 117
4	83 4
4	85 4
4	79 43
4	84 5
4	83 5
4	85 5
4	79 75
4	84 6
4	84 7
4	83 7
4	85 7
4	79 57
4	84 8
4	84 9
4	83 9
4	85 8
4	79 134
4	84 10
4	83 10
4	85 10
4	79 37
4	84 11
4	84 12
4	83 12
4	85 11
4	79 119
4	83 12
4	85 12
4	79 48
4	84 13
4	83 13
4	85 13
4	79 74
4	84 14
4	84 15
4	83 15
4	85 15
4	79 60
4	84 16
4	84 17
4	83 17
4	85 16
4	79 136
4	84 18
4	83 18
4	85 18
4	79 39
4	84 19
4	84 20
4	83 20
4	85 19
4	79 121
4	83 20
4	85 20
4	79 48
4	84 1
4	83 1
4	85 1
4	79 80
4	84 2
4	84 3
4	83 3
4	85 3
4	79 49
4	84 4
4	84 5
4	83 5
4	85 4
4	79 133
4	83 5
4	85 5
4	79 62
4	84 6
4	84 7
4	83 7
4	85 7
4	79 56
4	84 8
4	84 9
4	83 9
4	85 8
4	79 127
4	84 10
4	TEST_NUMBER 0
4	SENT_TOTAL 250
4	RECEIVED_TOTAL 149
4	TIME_TOTAL 19604
4	RECEIVED_RADIO_1 148
4	RECEIVED_RADIO_2 1
4	SENT_RADIO_1 125
4	SENT_RADIO_2 124
4	RADIO_TIME_1 19810
4	RADIO_TIME_2 19763
4	RETRANSMISSIONS_1 0
4	RETRANSMISSIONS_2 0
4	DROPPED_1 0
4	DROPPED_2 0
4	MAX_QUEUE 1
4	DUPLICATED_1 1
4	DUPLICATED_2 0
4	EBUSY_RADIO_1 0
4	EBUSY_RADIO_2 0
4	83 0
4	85 10
4	86 0
4	84 1
4	84 2
4	83 2
4	85 1
4	79 118
4	83 2
4	85 2
4	79 65
4	84 3
4	84 4
4	83 4
4	85 4
4	79 46
4	84 5
4	84 6
4	83 6
4	85 5
4	79 147
4	84 7
4	83 7
4	85 7
4	79 53
4	84 8
4	84 9
4	83 9
4	85 8
4	79 128
4	83 9
4	85 9
4	79 55
4	84 10
4	84 11
4	83 11
4	85 11
4	79 54
4	84 12
4	84 13
4	83 13
4	85 12
4	79 130
4	83 13
4	85 13
4	79 57
4	84 14
4	84 15
4	83 15
4	85 15
4	79 50
4	84 16
4	84 17
4	83 17
4	85 16
4	79 131
4	83 17
4	85 17
4	79 61
4	84 18
4	83 18
4	85 18
4	79 48
4	84 19
4	84 20
4	83 20
4	85 20
4	79 42
4	84 1
4	84 2
4	83 2
4	85 1
4	79 128
4	83 2
4	85 2
4	79 62
4	84 3
4	83 3
4	85 3
4	79 57
4	84 4
4	84 5
4	83 5
4	85 5
4	79 56
4	84 6
4	84 7
4	83 7
4	85 6
4	79 139
4	84 8
4	83 8
4	85 8
4	79 37
4	84 9
4	84 10
4	83 10
4	85 9
4	79 117
4	83 10
4	85 10
4	79 63
4	84 11
4	84 12
4	84 13
4	83 13
4	85 13
4	79 47
4	84 14
4	83 14
4	85 11
4	79 309
4	84 15
4	83 15
4	85 12
4	79 241
4	83 15
4	85 15
4	79 54
4	84 16
4	84 17
4	83 17
4	85 16
4	79 135
4	84 18
4	83 18
4	85 18
4	79 46
4	84 19
4	84 20
4	83 20
4	85 19
4	79 123
4	83 20
4	85 20
4	79 66
4	84 1
4	84 2
4	83 2
4	85 2
4	79 37
4	84 3
4	84 4
4	83 4
4	85 3
4	79 118
4	83 4
4	85 4
4	79 57
4	84 5
4	83 5
4	85 5
4	79 66
4	84 6
4	84 7
4	83 7
4	85 7
4	79 49
4	84 8
4	84 9
4	83 9
4	85 6
4	79 257
4	83 9
4	85 8
4	79 119
4	84 10
4	83 10
4	85 10
4	79 36
4	84 11
4	83 11
4	85 9
4	79 199
4	83 11
4	85 11
4	79 62
4	84 12
4	84 13
4	83 13
4	85 13
4	79 58
4	84 14
4	84 15
4	83 15
4	85 14
4	79 134
4	84 16
4	83 16
4	85 16
4	79 38
4	84 17
4	83 17
4	85 15
4	79 211
4	83 17
4	85 17
4	79 70
4	84 18
4	84 19
4	83 19
4	85 19
4	79 53
4	84 20
4	84 1
4	83 1
4	85 20
4	79 126
4	84 2
4	83 2
4	85 2
4	79 40
4	84 3
4	83 3
4	85 1
4	79 207
4	83 3
4	85 3
4	79 70
4	84 4
4	84 5
4	83 5
4	85 5
4	79 59
4	84 6
4	84 7
4	83 7
4	85 6
4	79 129
4	83 7
4	85 7
4	79 61
4	84 8
4	84 9
4	83 9
4	85 9
4	79 64
4	84 10
4	84 11
4	83 11
4	85 10
4	79 138
4	84 12
4	83 12
4	85 12
4	79 38
4	84 13
4	83 13
4	85 11
4	79 231
4	84 14
4	83 14
4	85 13
4	79 88
4	84 15
4	83 15
4	85 15
4	79 50
4	84 16
4	84 17
4	83 17
4	85 16
4	79 126
4	84 18
4	83 18
4	85 18
4	79 48
4	84 19
4	84 20
4	83 20
4	85 19
4	79 131
4	83 20
4	85 20
4	79 57
4	84 1
4	83 1
4	85 1
4	79 58
4	84 2
4	84 3
4	83 3
4	85 3
4	79 56
4	84 4
4	84 5
4	83 5
4	85 4
4	79 126
4	83 5
4	85 5
4	79 56
4	84 6
4	84 7
4	83 7
4	85 7
4	79 60
4	84 8
4	84 9
4	83 9
4	85 8
4	79 137
4	84 10
4	83 10
4	85 10
4	79 38
4	84 11
4	84 12
4	83 12
4	85 11
4	79 120
4	83 12
4	85 12
4	79 50
4	84 13
4	83 13
4	85 13
4	79 80
4	84 14
4	84 15
4	83 15
4	85 15
4	79 53
4	84 16
4	83 16
4	85 14
4	79 220
4	83 16
4	85 16
4	79 79
4	84 17
4	84 18
4	83 18
4	85 18
4	79 47
4	84 19
4	84 20
4	83 20
4	85 19
4	79 126
4	83 20
4	85 20
4	79 55
4	84 1
4	83 1
4	85 1
4	79 71
4	84 2
4	84 3
4	83 3
4	85 3
4	79 50
4	84 4
4	84 5
4	83 5
4	85 2
4	79 260
4	83 5
4	85 4
4	79 121
4	84 6
4	83 6
4	85 6
4	79 50
4	84 7
4	84 8
4	83 8
4	85 7
4	79 136
4	83 8
4	85 8
4	79 65
4	84 9
4	83 9
4	85 9
4	79 64
4	84 10
4	84 11
4	83 11
4	85 11
4	79 53
4	84 12
4	84 13
4	83 13
4	85 12
4	79 135
4	84 14
4	84 15
4	83 15
4	85 14
4	79 137
4	84 16
4	84 17
4	83 17
4	85 16
4	79 129
4	83 17
4	85 17
4	79 58
4	84 18
4	84 19
4	83 19
4	85 19
4	79 58
4	84 20
4	84 1
4	84 2
4	83 2
4	85 1
4	79 125
4	83 2
4	85 20
4	79 220
4	83 2
4	85 2
4	79 70
4	84 3
4	84 4
4	83 4
4	85 4
4	79 39
4	84 5
4	84 6
4	83 6
4	85 5
4	79 145
4	84 7
4	84 8
4	83 8
4	85 6
4	79 203
4	84 9
4	83 9
4	85 8
4	79 133
4	83 9
4	85 9
4	79 62
4	84 10
4	83 10
4	85 10
4	79 62
4	84 11
4	84 12
4	83 12
4	85 12
4	79 42
4	84 13
4	84 14
4	83 14
4	85 13
4	79 128
4	83 14
4	85 14
4	79 55
4	84 15
4	83 15
4	85 15
4	79 72
4	84 16
4	84 17
4	83 17
4	85 17
4	79 54
4	84 18
4	83 18
4	85 16
4	79 187
4	83 18
4	85 18
4	79 44
4	84 19
4	84 20
4	83 20
4	85 20
4	79 48
4	84 1
4	84 2
4	83 2
4	85 1
4	79 118
4	83 2
4	85 2
4	79 64
4	84 3
4	84 4
4	83 4
4	85 4
4	79 32
4	84 5
4	84 6
4	83 6
4	85 5
4	79 125
4	83 6
4	85 6
4	79 53
4	84 7
4	83 7
4	85 7
4	79 64
4	84 8
4	84 9
4	83 9
4	85 9
4	79 53
4	84 10
4	84 11
4	83 11
4	85 11
4	79 45
4	83 11
4	85 10
4	79 134
4	84 12
4	83 12
4	85 12
4	79 33
4	84 13
4	84 14
4	83 14
4	85 14
4	79 35
4	84 15
4	84 16
4	83 16
4	85 15
4	79 119
4	83 16
4	85 16
4	79 50
4	84 17
4	83 17
4	85 17
4	79 64
4	84 18
4	84 19
4	83 19
4	85 19
4	79 52
4	84 20
4	84 1
4	83 1
4	85 20
4	79 135
4	84 2
4	83 2
4	85 2
4	79 39
4	84 3
4	84 4
4	83 4
4	85 3
4	79 120
4	83 4
4	85 4
4	79 60
4	84 5
4	83 5
4	85 5
4	79 67
4	84 6
4	84 7
4	83 7
4	85 7
4	79 59
4	84 8
4	84 9
4	83 9
4	85 8
4	79 131
4	84 10
4	83 10
4	85 10
4	79 43
4	84 11
4	84 12
4	83 12
4	85 11
4	79 120
4	83 12
4	85 12
4	79 50
4	84 13
4	83 13
4	85 13
4	79 71
4	84 14
4	84 15
4	83 15
4	85 15
4	79 50
4	84 16
4	84 17
4	84 18
4	83 18
4	85 17
4	79 114
4	83 18
4	85 16
4	79 205
4	83 18
4	85 18
4	79 62
4	84 19
4	83 19
4	85 19
4	79 73
4	84 20
4	83 20
4	85 20
4	79 27
4	84 1
4	83 1
4	85 1
4	79 51
4	84 2
4	84 3
4	83 3
4	85 3
4	79 54
4	84 4
4	84 5
4	83 5
4	85 4
4	79 134
4	84 6
4	83 6
4	85 6
4	79 43
4	84 7
4	84 8
4	83 8
4	85 7
4	79 120
4	83 8
4	85 8
4	79 55
4	84 9
4	83 9
4	85 9
4	79 59
4	84 10
4	83 10
4	85 10
4	79 29
4	84 11
4	83 11
4	85 11
4	79 55
4	84 12
4	84 13
4	83 13
4	85 13
4	79 56
4	84 14
4	84 15
4	83 15
4	85 15
4	79 41
4	83 15
4	85 14
4	79 130
4	84 16
4	83 16
4	85 16
4	79 35
4	84 17
4	84 18
4	83 18
4	85 18
4	79 42
4	84 19
4	84 20
4	83 20
4	85 17
4	79 257
4	83 20
4	85 19
4	79 116
4	84 1
4	83 1
4	85 1
4	79 64
4	84 2
4	84 3
4	83 3
4	85 20
4	79 272
4	83 3
4	85 2
4	79 129
4	83 3
4	85 3
4	79 61
4	84 4
4	83 4
4	85 4
4	79 48
4	84 5
4	84 6
4	83 6
4	85 6
4	79 38
4	84 7
4	84 8
4	83 8
4	85 7
4	79 118
4	83 8
4	85 8
4	79 51
4	84 9
4	83 9
4	85 5
4	79 356
4	83 9
4	85 9
4	79 59
4	84 10
4	84 11
4	83 11
4	85 11
4	79 48
4	84 12
4	84 13
4	83 13
4	85 12
4	79 130
4	83 13
4	85 13
4	79 70
4	84 14
4	84 15
4	83 15
4	85 15
4	79 53
4	84 16
4	83 16
4	85 14
4	79 204
4	83 16
4	85 16
4	79 65
4	84 17
4	84 18
4	83 18
4	85 18
4	79 43
4	84 19
4	84 20
4	83 20
4	85 17
4	79 258
4	83 20
4	85 19
4	79 122
4	84 1
4	83 1
4	85 20
4	79 133
4	83 1
4	85 1
4	79 79
4	84 2
4	83 2
4	85 2
4	79 31
4	84 3
4	83 3
4	85 3
4	79 50
4	84 4
4	84 5
4	84 6
4	83 6
4	85 5
4	79 114
4	83 6
4	85 4
4	79 201
4	83 6
4	85 6
4	79 52
4	84 7
4	84 8
4	83 8
4	85 8
4	79 36
4	84 9
4	84 10
4	83 10
4	85 9
4	79 123
4	83 10
4	85 10
4	79 56
4	84 11
4	84 12
4	83 12
4	85 12
4	79 39
4	84 13
4	84 14
4	83 14
4	85 13
4	79 120
4	83 14
4	85 14
4	79 49
4	84 15
4	83 15
4	85 15
4	79 75
4	84 16
4	84 17
4	83 17
4	85 17
4	79 55
4	84 18
4	84 19
4	83 19
4	85 18
4	79 133
4	84 20
4	83 20
4	85 20
4	79 55
4	84 1
4	84 2
4	83 2
4	85 1
4	79 125
4	83 2
4	85 2
4	79 55
4	84 3
4	83 3
4	85 3
4	79 78
4	84 4
4	84 5
4	83 5
4	85 5
4	79 55
4	84 6
4	84 7
4	83 7
4	85 6
4	79 136
4	83 7
4	85 7
4	79 66
4	84 8
4	84 9
4	83 9
4	85 9
4	79 48
4	84 10
4	TEST_NUMBER 1
4	SENT_TOTAL 250
4	RECEIVED_TOTAL 202
4	TIME_TOTAL 29810
4	RECEIVED_RADIO_1 182
4	RECEIVED_RADIO_2 21
4	SENT_RADIO_1 125
4	SENT_RADIO_2 125
4	RADIO_TIME_1 29810
4	RADIO_TIME_2 19763
4	RETRANSMISSIONS_1 0
4	RETRANSMISSIONS_2 0
4	DROPPED_1 0
4	DROPPED_2 0
4	MAX_QUEUE 1
4	DUPLICATED_1 2
4	DUPLICATED_2 0
4	EBUSY_RADIO_1 0
4	EBUSY_RADIO_2 0
4	83 0
4	85 8
4	86 1
4	83 0
4	85 10
4	86 1
4	84 1
4	84 2
4	83 2
4	85 2
4	79 42
4	84 3
4	84 4
4	83 4
4	85 3
4	79 119
4	83 4
4	85 1
4	79 290
4	83 4
4	85 4
4	79 77
4	84 5
4	84 6
4	83 6
4	85 6
4	79 38
4	84 7
4	83 7
4	85 5
4	79 211
4	83 7
4	85 7
4	79 68
4	84 8
4	84 9
4	83 9
4	85 9
4	79 38
4	84 10
4	83 10
4	85 8
4	79 202
4	84 11
4	83 11
4	85 11
4	79 56
4	84 12
4	83 12
4	85 10
4	79 195
4	83 12
4	85 12
4	79 57
4	84 13
4	84 14
4	83 14
4	85 14
4	79 44
4	84 15
4	83 15
4	85 13
4	79 195
4	83 15
4	85 15
4	79 58
4	84 16
4	84 17
4	83 17
4	85 17
4	79 55
4	84 18
4	84 19
4	83 19
4	85 18
4	79 129
4	84 20
4	83 20
4	85 20
4	79 59
4	84 1
4	83 1
4	85 19
4	79 225
4	84 2
4	83 2
4	85 1
4	79 85
4	84 3
4	83 3
4	85 3
4	79 58
4	84 4
4	84 5
4	83 5
4	85 2
4	79 280
4	83 5
4	85 4
4	79 133
4	84 6
4	83 6
4	85 6
4	79 36
4	84 7
4	84 8
4	83 8
4	85 7
4	79 116
4	83 8
4	85 8
4	79 46
4	84 9
4	83 9
4	85 5
4	79 376
4	83 9
4	85 9
4	79 79
4	84 10
4	84 11
4	83 11
4	85 11
4	79 52
4	84 12
4	83 12
4	85 10
4	79 205
4	83 12
4	85 12
4	79 65
4	84 13
4	84 14
4	83 14
4	85 14
4	79 42
4	84 15
4	83 15
4	85 13
4	79 228
4	84 16
4	83 16
4	85 15
4	79 88
4	84 17
4	83 17
4	85 17
4	79 55
4	84 18
4	83 18
4	85 16
4	79 219
4	83 18
4	85 18
4	79 80
4	84 19
4	84 20
4	83 20
4	85 20
4	79 38
4	84 1
4	84 2
4	83 2
4	85 1
4	79 155
4	84 3
4	84 4
4	83 4
4	85 2
4	79 198
4	84 5
4	83 5
4	85 4
4	79 138
4	84 6
4	83 6
4	85 6
4	79 36
4	84 7
4	83 7
4	85 5
4	79 198
4	83 7
4	85 7
4	79 57
4	84 8
4	84 9
4	83 9
4	85 9
4	79 51
4	84 10
4	84 11
4	83 11
4	85 8
4	79 310
4	84 12
4	83 12
4	85 11
4	79 91
4	83 12
4	85 12
4	79 53
4	84 13
4	84 14
4	83 14
4	85 13
4	79 122
4	83 14
4	85 14
4	79 50
4	84 15
4	83 15
4	85 15
4	79 72
4	84 16
4	84 17
4	83 17
4	85 17
4	79 52
4	84 18
4	84 19
4	83 19
4	85 16
4	79 246
4	83 19
4	85 18
4	79 109
4	84 20
4	83 20
4	85 20
4	79 38
4	84 1
4	83 1
4	85 19
4	79 209
4	83 1
4	85 1
4	79 74
4	84 2
4	84 3
4	83 3
4	85 3
4	79 54
4	84 4
4	83 4
4	85 2
4	79 185
4	83 4
4	85 4
4	79 44
4	84 5
4	84 6
4	83 6
4	85 6
4	79 40
4	84 7
4	83 7
4	85 5
4	79 199
4	83 7
4	85 7
4	79 61
4	84 8
4	84 9
4	83 9
4	85 9
4	79 54
4	84 10
4	84 11
4	83 11
4	85 10
4	79 136
4	83 11
4	85 11
4	79 64
4	84 12
4	83 12
4	85 12
4	79 64
4	84 13
4	84 14
4	83 14
4	85 14
4	79 47
4	84 15
4	84 16
4	83 16
4	85 13
4	79 263
4	83 16
4	85 15
4	79 117
4	83 16
4	85 16
4	79 47
4	84 17
4	84 18
4	83 18
4	85 17
4	79 86
4	84 19
4	83 19
4	85 19
4	79 53
4	84 20
4	84 1
4	83 1
4	85 20
4	79 122
4	83 1
4	85 1
4	79 55
4	84 2
4	83 2
4	85 18
4	79 371
4	83 2
4	85 2
4	79 73
4	84 3
4	84 4
4	83 4
4	85 4
4	79 59
4	84 5
4	84 6
4	83 6
4	85 5
4	79 137
4	84 7
4	83 7
4	85 7
4	79 38
4	84 8
4	83 8
4	85 6
4	79 211
4	83 8
4	85 8
4	79 75
4	84 9
4	83 9
4	85 9
4	79 26
4	84 10
4	83 10
4	85 10
4	79 57
4	84 11
4	84 12
4	83 12
4	85 12
4	79 55
4	84 13
4	83 13
4	85 11
4	79 229
4	84 14
4	83 14
4	85 13
4	79 88
4	84 15
4	83 15
4	85 15
4	79 36
4	84 16
4	84 17
4	83 17
4	85 16
4	79 125
4	83 17
4	85 17
4	79 64
4	84 18
4	83 18
4	85 18
4	79 71
4	84 19
4	84 20
4	83 20
4	85 20
4	79 50
4	84 1
4	83 1
4	85 19
4	79 198
4	83 1
4	85 1
4	79 58
4	84 2
4	84 3
4	83 3
4	85 3
4	79 33
4	84 4
4	83 4
4	85 2
4	79 194
4	83 4
4	85 4
4	79 55
4	84 5
4	84 6
4	83 6
4	85 6
4	79 49
4	84 7
4	83 7
4	85 5
4	79 192
4	83 7
4	85 7
4	79 54
4	84 8
4	84 9
4	83 9
4	85 9
4	79 41
4	84 10
4	84 11
4	83 11
4	85 8
4	79 255
4	83 11
4	85 11
4	79 23
4	83 11
4	85 10
4	79 111
4	84 12
4	83 12
4	85 12
4	79 53
4	84 13
4	84 14
4	83 14
4	85 14
4	79 50
4	84 15
4	84 16
4	83 16
4	85 13
4	79 260
4	83 16
4	85 15
4	79 118
4	84 17
4	83 17
4	85 17
4	79 46
4	84 18
4	83 18
4	85 16
4	79 240
4	84 19
4	83 19
4	85 18
4	79 102
4	84 20
4	83 20
4	85 20
4	79 52
4	84 1
4	84 2
4	83 2
4	85 1
4	79 135
4	84 3
4	83 3
4	85 3
4	79 46
4	84 4
4	84 5
4	83 5
4	85 2
4	79 270
4	83 5
4	85 4
4	79 124
4	83 5
4	85 5
4	79 52
4	84 6
4	83 6
4	85 6
4	79 58
4	84 7
4	84 8
4	83 8
4	85 8
4	79 51
4	84 9
4	84 10
4	83 10
4	85 7
4	79 255
4	83 10
4	85 9
4	79 125
4	84 11
4	83 11
4	85 11
4	79 42
4	84 12
4	84 13
4	83 13
4	85 12
4	79 121
4	83 13
4	85 13
4	79 47
4	84 14
4	83 14
4	85 14
4	79 72
4	84 15
4	84 16
4	83 16
4	85 16
4	79 56
4	84 17
4	84 18
4	83 18
4	85 15
4	79 270
4	83 18
4	85 17
4	79 134
4	84 19
4	83 19
4	85 19
4	79 41
4	84 20
4	84 1
4	83 1
4	85 18
4	79 270
4	83 1
4	85 20
4	79 134
4	84 2
4	84 3
4	83 3
4	85 2
4	79 123
4	83 3
4	85 1
4	79 204
4	83 3
4	85 3
4	79 66
4	84 4
4	84 5
4	83 5
4	85 5
4	79 47
4	84 6
4	84 7
4	83 7
4	85 6
4	79 121
4	83 7
4	85 7
4	79 51
4	84 8
4	83 8
4	85 8
4	79 68
4	84 9
4	84 10
4	83 10
4	85 10
4	79 54
4	84 11
4	83 11
4	85 9
4	79 238
4	84 12
4	83 12
4	85 11
4	79 99
4	84 13
4	83 13
4	85 13
4	79 52
4	84 14
4	83 14
4	85 12
4	79 218
4	83 14
4	85 14
4	79 79
4	84 15
4	84 16
4	83 16
4	85 16
4	79 44
4	84 17
4	83 17
4	85 15
4	79 193
4	83 17
4	85 17
4	79 54
4	84 18
4	84 19
4	83 19
4	85 19
4	79 40
4	84 20
4	84 1
4	83 1
4	85 18
4	79 255
4	83 1
4	85 20
4	79 117
4	84 2
4	83 2
4	85 2
4	79 54
4	84 3
4	84 4
4	83 4
4	85 3
4	79 136
4	84 5
4	83 5
4	85 5
4	79 34
4	84 6
4	84 7
4	83 7
4	85 6
4	79 150
4	84 8
4	84 9
4	83 9
4	85 8
4	79 112
4	83 9
4	85 7
4	79 197
4	83 9
4	85 9
4	79 53
4	84 10
4	84 11
4	83 11
4	85 11
4	79 40
4	84 12
4	83 12
4	85 10
4	79 225
4	84 13
4	83 13
4	85 12
4	79 86
4	84 14
4	83 14
4	85 14
4	79 57
4	84 15
4	84 16
4	83 16
4	85 15
4	79 134
4	83 16
4	85 16
4	79 67
4	84 17
4	84 18
4	83 18
4	85 18
4	79 55
4	84 19
4	83 19
4	85 17
4	79 199
4	83 19
4	85 19
4	79 57
4	84 20
4	84 1
4	83 1
4	85 1
4	79 38
4	84 2
4	83 2
4	85 20
4	79 203
4	83 2
4	85 2
4	79 61
4	84 3
4	84 4
4	83 4
4	85 4
4	79 51
4	84 5
4	84 6
4	83 6
4	85 3
4	79 266
4	83 6
4	85 5
4	79 130
4	84 7
4	83 7
4	85 7
4	79 43
4	84 8
4	83 8
4	85 6
4	79 224
4	84 9
4	83 9
4	85 8
4	79 90
4	84 10
4	83 10
4	85 10
4	79 46
4	84 11
4	84 12
4	83 12
4	85 11
4	79 129
4	83 12
4	85 12
4	79 56
4	84 13
4	84 14
4	83 14
4	85 14
4	79 52
4	84 15
4	84 16
4	83 16
4	85 15
4	79 131
4	84 17
4	83 17
4	85 17
4	79 39
4	84 18
4	84 19
4	83 19
4	85 18
4	79 130
4	83 19
4	85 19
4	79 65
4	84 20
4	84 1
4	83 1
4	85 1
4	79 40
4	84 2
4	84 3
4	83 3
4	85 2
4	79 125
4	83 3
4	85 3
4	79 67
4	84 4
4	84 5
4	83 5
4	85 5
4	79 39
4	84 6
4	83 6
4	85 4
4	79 221
4	84 7
4	83 7
4	85 6
4	79 83
4	84 8
4	83 8
4	85 8
4	79 58
4	84 9
4	84 10
4	83 10
4	85 9
4	79 134
4	84 11
4	83 11
4	85 11
4	79 37
4	84 12
4	84 13
4	83 13
4	85 10
4	79 251
4	83 13
4	85 12
4	79 113
4	84 14
4	83 14
4	85 14
4	79 49
4	84 15
4	83 15
4	85 13
4	79 240
4	84 16
4	83 16
4	85 15
4	79 101
4	84 17
4	83 17
4	85 17
4	79 41
4	84 18
4	83 18
4	85 16
4	79 231
4	84 19
4	83 19
4	85 18
4	79 91
4	84 20
4	83 20
4	85 20
4	79 54
4	84 1
4	83 1
4	85 19
4	79 229
4	84 2
4	83 2
4	85 1
4	79 94
4	84 3
4	83 3
4	85 3
4	79 43
4	84 4
4	84 5
4	83 5
4	85 4
4	79 119
4	83 5
4	85 2
4	79 285
4	83 5
4	85 5
4	79 67
4	84 6
4	84 7
4	83 7
4	85 7
4	79 38
4	84 8
4	84 9
4	83 9
4	85 8
4	79 120
4	83 9
4	85 9
4	79 57
4	84 10
4	83 10
4	85 10
4	79 73
4	84 11
4	83 11
4	85 11
4	79 40
4	84 12
4	83 12
4	85 12
4	79 58
4	84 13
4	84 14
4	83 14
4	85 14
4	79 51
4	84 15
4	84 16
4	83 16
4	85 15
4	79 138
4	84 17
4	83 17
4	85 16
4	79 136
4	83 17
4	85 17
4	79 73
4	84 18
4	84 19
4	83 19
4	85 19
4	79 37
4	84 20
4	84 1
4	83 1
4	85 20
4	79 115
4	84 2
4	83 2
4	85 18
4	79 354
4	84 3
4	83 3
4	85 3
4	79 39
4	84 4
4	84 5
4	83 5
4	85 2
4	79 260
4	83 5
4	85 4
4	79 122
4	84 6
4	83 6
4	85 6
4	79 38
4	84 7
4	84 8
4	83 8
4	85 5
4	79 293
4	83 8
4	85 7
4	79 153
4	84 9
4	83 9
4	85 9
4	79 39
4	84 10
4	TEST_NUMBER 2
4	SENT_TOTAL 250
4	RECEIVED_TOTAL 227
4	TIME_TOTAL 29735
4	RECEIVED_RADIO_1 172
4	RECEIVED_RADIO_2 57
4	SENT_RADIO_1 125
4	SENT_RADIO_2 125
4	RADIO_TIME_1 29674
4	RADIO_TIME_2 29776
4	RETRANSMISSIONS_1 1
4	RETRANSMISSIONS_2 1
4	DROPPED_1 0
4	DROPPED_2 0
4	MAX_QUEUE 1
4	DUPLICATED_1 1
4	DUPLICATED_2 0
4	EBUSY_RADIO_1 0
4	EBUSY_RADIO_2 0
4	83 0
4	85 8
4	86 2
4	84 1
4	83 1
4	85 1
4	79 55
4	84 2
4	84 3
4	83 3
4	85 10
4	86 2
4	83 3
4	85 2
4	79 107
4	84 4
4	83 4
4	85 4
4	79 42
4	84 5
4	84 6
4	83 6
4	85 3
4	79 261
4	83 6
4	85 5
4	79 117
4	83 6
4	85 6
4	79 51
4	84 7
4	83 7
4	85 7
4	79 72
4	84 8
4	84 9
4	83 9
4	85 9
4	79 60
4	84 10
4	83 10
4	85 8
4	79 231
4	84 11
4	83 11
4	85 10
4	79 88
4	84 12
4	83 12
4	85 12
4	79 41
4	84 13
4	84 14
4	83 14
4	85 13
4	79 123
4	83 14
4	85 14
4	79 70
4	84 15
4	84 16
4	83 16
4	85 16
4	79 41
4	84 17
4	83 17
4	85 15
4	79 237
4	84 18
4	83 18
4	85 17
4	79 99
4	84 19
4	83 19
4	85 19
4	79 58
4	84 20
4	84 1
4	83 1
4	85 18
4	79 302
4	84 2
4	83 2
4	85 1
4	79 84
4	83 2
4	85 2
4	79 44
4	84 3
4	83 3
4	85 20
4	79 291
4	83 3
4	85 3
4	79 73
4	84 4
4	84 5
4	83 5
4	85 5
4	79 57
4	84 6
4	84 7
4	83 7
4	85 6
4	79 130
4	83 7
4	85 7
4	79 57
4	84 8
4	84 9
4	83 9
4	85 9
4	79 59
4	84 10
4	84 11
4	83 11
4	85 11
4	79 42
4	83 11
4	85 10
4	79 134
4	84 12
4	83 12
4	85 12
4	79 36
4	84 13
4	84 14
4	83 14
4	85 14
4	79 43
4	84 15
4	84 16
4	83 16
4	85 13
4	79 259
4	83 16
4	85 15
4	79 124
4	84 17
4	83 17
4	85 17
4	79 46
4	84 18
4	84 19
4	83 19
4	85 16
4	79 306
4	84 20
4	83 20
4	85 19
4	79 91
4	84 1
4	83 1
4	85 1
4	79 57
4	84 2
4	83 2
4	85 20
4	79 205
4	83 2
4	85 2
4	79 56
4	84 3
4	84 4
4	83 4
4	85 3
4	79 120
4	83 4
4	85 4
4	79 56
4	84 5
4	83 5
4	85 5
4	79 59
4	84 6
4	84 7
4	83 7
4	85 7
4	79 54
4	84 8
4	84 9
4	83 9
4	85 6
4	79 255
4	83 9
4	85 8
4	79 123
4	84 10
4	83 10
4	85 10
4	79 48
4	84 11
4	83 11
4	85 9
4	79 219
4	84 12
4	83 12
4	85 11
4	79 81
4	84 13
4	83 13
4	85 13
4	79 54
4	84 14
4	84 15
4	83 15
4	85 12
4	79 244
4	83 15
4	85 14
4	79 103
4	84 16
4	83 16
4	85 16
4	79 39
4	84 17
4	83 17
4	85 15
4	79 208
4	83 17
4	85 17
4	79 69
4	84 18
4	84 19
4	83 19
4	85 19
4	79 50
4	84 20
4	83 20
4	85 18
4	79 239
4	84 1
4	83 1
4	85 20
4	79 102
4	84 2
4	83 2
4	85 2
4	79 35
4	84 3
4	83 3
4	85 1
4	79 211
4	83 3
4	85 3
4	79 74
4	84 4
4	84 5
4	83 5
4	85 5
4	79 58
4	84 6
4	84 7
4	83 7
4	85 6
4	79 133
4	84 8
4	83 8
4	85 8
4	79 38
4	84 9
4	84 10
4	83 10
4	85 9
4	79 118
4	83 10
4	85 10
4	79 48
4	84 11
4	83 11
4	85 11
4	79 70
4	84 12
4	84 13
4	83 13
4	85 13
4	79 55
4	84 14
4	84 15
4	83 15
4	85 14
4	79 132
4	84 16
4	83 16
4	85 15
4	79 134
4	83 16
4	85 16
4	79 72
4	84 17
4	84 18
4	83 18
4	85 18
4	79 36
4	84 19
4	83 19
4	85 17
4	79 197
4	83 19
4	85 19
4	79 60
4	84 20
4	84 1
4	83 1
4	85 1
4	79 59
4	84 2
4	83 2
4	85 20
4	79 220
4	84 3
4	83 3
4	85 2
4	79 84
4	83 3
4	85 3
4	79 37
4	84 4
4	83 4
4	85 4
4	79 43
4	84 5
4	83 5
4	85 5
4	79 42
4	84 6
4	83 6
4	85 6
4	79 38
4	84 7
4	84 8
4	83 8
4	85 8
4	79 34
4	84 9
4	83 9
4	85 7
4	79 234
4	84 10
4	83 10
4	85 9
4	79 98
4	84 11
4	83 11
4	85 11
4	79 50
4	84 12
4	83 12
4	85 10
4	79 215
4	83 12
4	85 12
4	79 75
4	84 13
4	84 14
4	83 14
4	85 14
4	79 41
4	84 15
4	84 16
4	83 16
4	85 13
4	79 253
4	83 16
4	85 15
4	79 111
4	84 17
4	83 17
4	85 17
4	79 52
4	84 18
4	83 18
4	85 16
4	79 212
4	83 18
4	85 18
4	79 72
4	84 19
4	84 20
4	83 20
4	85 20
4	79 38
4	84 1
4	83 1
4	85 19
4	79 235
4	84 2
4	83 2
4	85 1
4	79 97
4	84 3
4	83 3
4	85 3
4	79 57
4	84 4
4	84 5
4	83 5
4	85 2
4	79 282
4	83 5
4	85 4
4	79 131
4	83 5
4	85 5
4	79 64
4	84 6
4	84 7
4	83 7
4	85 7
4	79 57
4	84 8
4	83 8
4	85 6
4	79 187
4	83 8
4	85 8
4	79 45
4	84 9
4	84 10
4	83 10
4	85 10
4	79 45
4	84 11
4	84 12
4	83 12
4	85 11
4	79 131
4	83 12
4	85 12
4	79 62
4	84 13
4	83 13
4	85 13
4	79 62
4	84 14
4	84 15
4	83 15
4	85 15
4	79 49
4	84 16
4	84 17
4	83 17
4	85 14
4	79 245
4	83 17
4	85 16
4	79 101
4	83 17
4	85 17
4	79 45
4	84 18
4	83 18
4	85 18
4	79 49
4	84 19
4	83 19
4	85 19
4	79 39
4	84 20
4	83 20
4	85 20
4	79 40
4	84 1
4	84 2
4	83 2
4	85 2
4	79 43
4	84 3
4	83 3
4	85 1
4	79 200
4	83 3
4	85 3
4	79 58
4	84 4
4	84 5
4	83 5
4	85 5
4	79 54
4	84 6
4	83 6
4	85 4
4	79 225
4	84 7
4	83 7
4	85 6
4	79 93
4	84 8
4	83 8
4	85 8
4	79 47
4	84 9
4	83 9
4	85 7
4	79 221
4	84 10
4	83 10
4	85 9
4	79 84
4	84 11
4	83 11
4	85 11
4	79 53
4	84 12
4	83 12
4	85 10
4	79 227
4	84 13
4	83 13
4	85 12
4	79 92
4	84 14
4	83 14
4	85 14
4	79 44
4	84 15
4	84 16
4	83 16
4	85 13
4	79 281
4	83 16
4	85 15
4	79 130
4	83 16
4	85 16
4	79 62
4	84 17
4	84 18
4	83 18
4	85 18
4	79 39
4	84 19
4	83 19
4	85 17
4	79 224
4	84 20
4	83 20
4	85 19
4	79 85
4	83 20
4	85 20
4	79 38
4	84 1
4	83 1
4	85 1
4	79 49
4	84 2
4	84 3
4	83 3
4	85 3
4	79 57
4	84 4
4	83 4
4	85 2
4	79 219
4	84 5
4	83 5
4	85 4
4	79 82
4	84 6
4	83 6
4	85 6
4	79 46
4	84 7
4	84 8
4	83 8
4	85 5
4	79 241
4	83 8
4	85 7
4	79 102
4	84 9
4	83 9
4	85 9
4	79 59
4	84 10
4	84 11
4	83 11
4	85 8
4	79 275
4	83 11
4	85 10
4	79 132
4	84 12
4	83 12
4	85 12
4	79 42
4	84 13
4	83 13
4	85 11
4	79 238
4	84 14
4	83 14
4	85 13
4	79 101
4	84 15
4	83 15
4	85 15
4	79 54
4	84 16
4	84 17
4	83 17
4	85 16
4	79 130
4	84 18
4	83 18
4	85 18
4	79 49
4	84 19
4	83 19
4	85 17
4	79 234
4	84 20
4	83 20
4	85 19
4	79 96
4	84 1
4	83 1
4	85 1
4	79 47
4	84 2
4	84 3
4	83 3
4	85 20
4	79 257
4	83 3
4	85 2
4	79 126
4	84 4
4	83 4
4	85 4
4	79 51
4	84 5
4	84 6
4	83 6
4	85 5
4	79 122
4	83 6
4	85 6
4	79 51
4	84 7
4	83 7
4	85 7
4	79 61
4	84 8
4	84 9
4	83 9
4	85 9
4	79 49
4	84 10
4	83 10
4	85 8
4	79 210
4	83 10
4	85 10
4	79 71
4	84 11
4	84 12
4	83 12
4	85 12
4	79 40
4	84 13
4	83 13
4	85 11
4	79 232
4	84 14
4	83 14
4	85 13
4	79 92
4	84 15
4	83 15
4	85 15
4	79 53
4	84 16
4	84 17
4	83 17
4	85 16
4	79 130
4	84 18
4	83 18
4	85 18
4	79 48
4	84 19
4	83 19
4	85 17
4	79 222
4	84 20
4	83 20
4	85 19
4	79 81
4	84 1
4	83 1
4	85 1
4	79 51
4	84 2
4	83 2
4	85 20
4	79 225
4	84 3
4	83 3
4	85 2
4	79 90
4	84 4
4	83 4
4	85 4
4	79 58
4	84 5
4	83 5
4	85 3
4	79 234
4	84 6
4	83 6
4	85 5
4	79 89
4	83 6
4	85 6
4	79 27
4	84 7
4	83 7
4	85 7
4	79 52
4	84 8
4	83 8
4	85 8
4	79 38
4	84 9
4	83 9
4	85 9
4	79 50
4	84 10
4	84 11
4	83 11
4	85 11
4	79 54
4	84 12
4	83 12
4	85 10
4	79 191
4	83 12
4	85 12
4	79 50
4	84 13
4	83 13
4	85 13
4	79 39
4	84 14
4	83 14
4	85 14
4	79 33
4	84 15
4	84 16
4	83 16
4	85 16
4	79 45
4	84 17
4	83 17
4	85 15
4	79 209
4	83 17
4	85 17
4	79 72
4	84 18
4	83 18
4	85 18
4	79 27
4	84 19
4	83 19
4	85 19
4	79 56
4	84 20
4	84 1
4	83 1
4	85 1
4	79 58
4	84 2
4	83 2
4	85 20
4	79 221
4	84 3
4	83 3
4	85 2
4	79 82
4	84 4
4	83 4
4	85 4
4	79 47
4	84 5
4	84 6
4	83 6
4	85 5
4	79 122
4	83 6
4	85 6
4	79 52
4	84 7
4	83 7
4	85 7
4	79 72
4	84 8
4	83 8
4	85 8
4	79 30
4	84 9
4	83 9
4	85 9
4	79 54
4	84 10
4	84 11
4	83 11
4	85 11
4	79 48
4	84 12
4	83 12
4	85 10
4	79 200
4	83 12
4	85 12
4	79 59
4	84 13
4	84 14
4	83 14
4	85 14
4	79 41
4	84 15
4	83 15
4	85 13
4	79 205
4	83 15
4	85 15
4	79 67
4	84 16
4	83 16
4	85 16
4	79 31
4	84 17
4	83 17
4	85 17
4	79 50
4	84 18
4	84 19
4	83 19
4	85 19
4	79 54
4	84 20
4	83 20
4	85 18
4	79 200
4	83 20
4	85 20
4	79 64
4	84 1
4	84 2
4	83 2
4	85 2
4	79 44
4	84 3
4	84 4
4	83 4
4	85 3
4	79 117
4	83 4
4	85 4
4	79 62
4	84 5
4	84 6
4	83 6
4	85 6
4	79 35
4	84 7
4	83 7
4	85 5
4	79 234
4	84 8
4	83 8
4	85 7
4	79 90
4	83 8
4	85 8
4	79 33
4	84 9
4	83 9
4	85 9
4	79 58
4	84 10
4	84 11
4	83 11
4	85 11
4	79 48
4	84 12
4	83 12
4	85 10
4	79 209
4	83 12
4	85 12
4	79 73
4	84 13
4	84 14
4	83 14
4	85 14
4	79 41
4	84 15
4	84 16
4	83 16
4	85 13
4	79 240
4	83 16
4	85 15
4	79 103
4	84 17
4	83 17
4	85 17
4	79 57
4	84 18
4	83 18
4	85 16
4	79 216
4	83 18
4	85 18
4	79 79
4	84 19
4	83 19
4	85 19
4	79 41
4	84 20
4	83 20
4	85 20
4	79 40
4	84 1
4	83 1
4	85 1
4	79 36
4	84 2
4	83 2
4	85 2
4	79 42
4	84 3
4	83 3
4	85 3
4	79 40
4	84 4
4	83 4
4	85 4
4	79 48
4	84 5
4	84 6
4	83 6
4	85 6
4	79 43
4	84 7
4	83 7
4	85 5
4	79 235
4	84 8
4	83 8
4	85 7
4	79 92
4	84 9
4	83 9
4	85 9
4	79 51
4	84 10
4	TEST_NUMBER 3
4	SENT_TOTAL 250
4	RECEIVED_TOTAL 235
4	TIME_TOTAL 29816
4	RECEIVED_RADIO_1 168
4	RECEIVED_RADIO_2 69
4	SENT_RADIO_1 125
4	SENT_RADIO_2 125
4	RADIO_TIME_1 29816
4	RADIO_TIME_2 19763
4	RETRANSMISSIONS_1 0
4	RETRANSMISSIONS_2 0
4	DROPPED_1 0
4	DROPPED_2 0
4	MAX_QUEUE 1
4	DUPLICATED_1 5
4	DUPLICATED_2 0
4	EBUSY_RADIO_1 0
4	EBUSY_RADIO_2 0
4	83 0
4	85 8
4	86 3
4	83 0
4	85 10
4	86 3
4	84 1
4	84 2
4	83 2
4	85 2
4	79 35
4	84 3
4	83 3
4	85 1
4	79 232
4	84 4
4	83 4
4	85 3
4	79 94
4	84 5
4	83 5
4	85 5
4	79 53
4	84 6
4	84 7
4	83 7
4	85 6
4	79 133
4	83 7
4	85 7
4	79 71
4	84 8
4	84 9
4	83 9
4	85 9
4	79 57
4	84 10
4	84 11
4	83 11
4	85 8
4	79 278
4	83 11
4	85 11
4	79 59
4	84 12
4	83 12
4	85 12
4	79 53
4	84 13
4	84 14
4	83 14
4	85 10
4	79 359
4	83 14
4	85 13
4	79 132
4	83 14
4	85 14
4	79 59
4	84 15
4	83 15
4	85 15
4	79 64
4	84 16
4	84 17
4	83 17
4	85 17
4	79 56
4	84 18
4	84 19
4	83 19
4	85 18
4	79 125
4	83 19
4	85 19
4	79 55
4	84 20
4	84 1
4	83 1
4	85 1
4	79 52
4	84 2
4	83 2
4	85 20
4	79 205
4	83 2
4	85 2
4	79 67
4	84 3
4	84 4
4	83 4
4	85 4
4	79 34
4	84 5
4	84 6
4	83 6
4	85 3
4	79 253
4	83 6
4	85 5
4	79 113
4	84 7
4	83 7
4	85 7
4	79 54
4	84 8
4	83 8
4	85 6
4	79 211
4	83 8
4	85 8
4	79 68
4	84 9
4	83 9
4	85 9
4	79 35
4	84 10
4	83 10
4	85 10
4	79 39
4	84 11
4	84 12
4	83 12
4	85 12
4	79 45
4	84 13
4	83 13
4	85 11
4	79 222
4	84 14
4	83 14
4	85 13
4	79 82
4	83 14
4	85 14
4	79 30
4	84 15
4	83 15
4	85 15
4	79 60
4	84 16
4	84 17
4	83 17
4	85 17
4	79 51
4	84 18
4	83 18
4	85 16
4	79 230
4	84 19
4	83 19
4	85 18
4	79 92
4	84 20
4	83 20
4	85 20
4	79 38
4	84 1
4	83 1
4	85 19
4	79 216
4	83 1
4	85 1
4	79 73
4	84 2
4	84 3
4	83 3
4	85 3
4	79 57
4	84 4
4	84 5
4	83 5
4	85 2
4	79 245
4	83 5
4	85 4
4	79 104
4	84 6
4	84 7
4	83 7
4	85 7
4	79 65
4	84 8
4	83 8
4	85 6
4	79 214
4	83 8
4	85 8
4	79 63
4	84 9
4	84 10
4	83 10
4	85 9
4	79 119
4	83 10
4	85 10
4	79 54
4	84 11
4	84 12
4	83 12
4	85 12
4	79 40
4	84 13
4	84 14
4	83 14
4	85 11
4	79 250
4	83 14
4	85 13
4	79 104
4	84 15
4	83 15
4	85 15
4	79 53
4	84 16
4	84 17
4	84 18
4	83 18
4	85 17
4	79 147
4	84 19
4	83 19
4	85 16
4	79 254
4	83 19
4	85 18
4	79 114
4	84 20
4	83 20
4	85 20
4	79 41
4	84 1
4	83 1
4	85 19
4	79 215
4	83 1
4	85 1
4	79 78
4	84 2
4	84 3
4	83 3
4	85 3
4	79 51
4	84 4
4	83 4
4	85 2
4	79 198
4	83 4
4	85 4
4	79 56
4	84 5
4	84 6
4	83 6
4	85 6
4	79 36
4	84 7
4	83 7
4	85 5
4	79 214
4	83 7
4	85 7
4	79 75
4	84 8
4	84 9
4	83 9
4	85 9
4	79 50
4	84 10
4	83 10
4	85 8
4	79 224
4	84 11
4	83 11
4	85 10
4	79 92
4	84 12
4	83 12
4	85 12
4	79 51
4	84 13
4	83 13
4	85 11
4	79 224
4	84 14
4	83 14
4	85 13
4	79 81
4	84 15
4	83 15
4	85 15
4	79 55
4	84 16
4	83 16
4	85 14
4	79 190
4	83 16
4	85 16
4	79 56
4	84 17
4	84 18
4	83 18
4	85 18
4	79 36
4	84 19
4	84 20
4	83 20
4	85 19
4	79 135
4	84 1
4	84 2
4	83 2
4	85 20
4	79 201
4	83 2
4	85 2
4	79 51
4	84 3
4	84 4
4	83 4
4	85 3
4	79 145
4	84 5
4	83 5
4	85 5
4	79 57
4	84 6
4	84 7
4	83 7
4	85 4
4	79 253
4	83 7
4	85 6
4	79 110
4	83 7
4	85 7
4	79 47
4	84 8
4	83 8
4	85 8
4	79 38
4	84 9
4	83 9
4	85 9
4	79 41
4	84 10
4	83 10
4	85 10
4	79 41
4	84 11
4	84 12
4	83 12
4	85 12
4	79 39
4	84 13
4	84 14
4	83 14
4	85 11
4	79 253
4	83 14
4	85 13
4	79 115
4	83 14
4	85 14
4	79 60
4	84 15
4	83 15
4	85 15
4	79 49
4	84 16
4	83 16
4	85 16
4	79 30
4	84 17
4	83 17
4	85 17
4	79 48
4	84 18
4	83 18
4	85 18
4	79 29
4	84 19
4	83 19
4	85 19
4	79 57
4	84 20
4	84 1
4	83 1
4	85 1
4	79 47
4	84 2
4	84 3
4	83 3
4	85 20
4	79 317
4	84 4
4	83 4
4	85 3
4	79 100
4	84 5
4	83 5
4	85 5
4	79 57
4	84 6
4	84 7
4	83 7
4	85 4
4	79 292
4	84 8
4	83 8
4	85 7
4	79 119
4	83 8
4	85 6
4	79 203
4	83 8
4	85 8
4	79 67
4	84 9
4	84 10
4	83 10
4	85 10
4	79 39
4	84 11
4	84 12
4	83 12
4	85 11
4	79 120
4	83 12
4	85 12
4	79 50
4	84 13
4	83 13
4	85 13
4	79 70
4	84 14
4	84 15
4	83 15
4	85 15
4	79 55
4	84 16
4	84 17
4	83 17
4	85 14
4	79 240
4	83 17
4	85 16
4	79 103
4	83 17
4	85 17
4	79 37
4	84 18
4	83 18
4	85 18
4	79 39
4	84 19
4	84 20
4	83 20
4	85 20
4	79 38
4	84 1
4	83 1
4	85 19
4	79 212
4	83 1
4	85 1
4	79 70
4	84 2
4	84 3
4	83 3
4	85 3
4	79 55
4	84 4
4	83 4
4	85 2
4	79 209
4	83 4
4	85 4
4	79 68
4	84 5
4	83 5
4	85 5
4	79 36
4	84 6
4	84 7
4	83 7
4	85 7
4	79 48
4	84 8
4	83 8
4	85 8
4	79 51
4	84 9
4	84 10
4	83 10
4	85 9
4	79 141
4	84 11
4	84 12
4	83 12
4	85 10
4	79 211
4	83 12
4	85 11
4	79 139
4	84 13
4	83 13
4	85 12
4	79 84
4	84 14
4	83 14
4	85 14
4	79 36
4	84 15
4	83 15
4	85 13
4	79 239
4	84 16
4	83 16
4	85 15
4	79 102
4	84 17
4	83 17
4	85 17
4	79 54
4	84 18
4	83 18
4	85 16
4	79 229
4	84 19
4	83 19
4	85 18
4	79 85
4	84 20
4	83 20
4	85 20
4	79 32
4	84 1
4	83 1
4	85 19
4	79 235
4	84 2
4	83 2
4	85 1
4	79 97
4	84 3
4	83 3
4	85 3
4	79 57
4	84 4
4	83 4
4	85 2
4	79 209
4	83 4
4	85 4
4	79 73
4	84 5
4	83 5
4	85 5
4	79 42
4	84 6
4	83 6
4	85 6
4	79 38
4	84 7
4	84 8
4	83 8
4	85 8
4	79 41
4	84 9
4	83 9
4	85 7
4	79 222
4	84 10
4	83 10
4	85 9
4	79 84
4	84 11
4	83 11
4	85 11
4	79 50
4	84 12
4	84 13
4	83 13
4	85 10
4	79 274
4	83 13
4	85 12
4	79 135
4	83 13
4	85 13
4	79 63
4	84 14
4	84 15
4	83 15
4	85 15
4	79 54
4	84 16
4	83 16
4	85 14
4	79 194
4	83 16
4	85 16
4	79 55
4	84 17
4	84 18
4	83 18
4	85 18
4	79 37
4	84 19
4	83 19
4	85 17
4	79 209
4	83 19
4	85 19
4	79 70
4	84 20
4	84 1
4	83 1
4	85 1
4	79 47
4	84 2
4	83 2
4	85 20
4	79 233
4	84 3
4	83 3
4	85 2
4	79 92
4	84 4
4	83 4
4	85 4
4	79 44
4	84 5
4	83 5
4	85 3
4	79 229
4	84 6
4	83 6
4	85 5
4	79 90
4	84 7
4	83 7
4	85 7
4	79 54
4	84 8
4	83 8
4	85 6
4	79 222
4	84 9
4	83 9
4	85 8
4	79 87
4	84 10
4	83 10
4	85 10
4	79 48
4	84 11
4	84 12
4	83 12
4	85 9
4	79 253
4	83 12
4	85 11
4	79 111
4	84 13
4	83 13
4	85 12
4	79 159
4	84 14
4	83 14
4	85 13
4	79 101
4	84 15
4	83 15
4	85 15
4	79 55
4	84 16
4	84 17
4	83 17
4	85 16
4	79 125
4	84 18
4	83 18
4	85 18
4	79 46
4	84 19
4	84 20
4	83 20
4	85 17
4	79 265
4	83 20
4	85 19
4	79 119
4	83 20
4	85 20
4	79 48
4	84 1
4	83 1
4	85 1
4	79 75
4	84 2
4	84 3
4	83 3
4	85 3
4	79 60
4	84 4
4	83 4
4	85 2
4	79 196
4	83 4
4	85 4
4	79 60
4	84 5
4	84 6
4	83 6
4	85 6
4	79 45
4	84 7
4	83 7
4	85 5
4	79 197
4	83 7
4	85 7
4	79 57
4	84 8
4	84 9
4	83 9
4	85 9
4	79 56
4	84 10
4	84 11
4	83 11
4	85 8
4	79 273
4	83 11
4	85 10
4	79 141
4	84 12
4	83 12
4	85 12
4	79 37
4	84 13
4	84 14
4	83 14
4	85 11
4	79 263
4	83 14
4	85 13
4	79 112
4	83 14
4	85 14
4	79 42
4	84 15
4	83 15
4	85 15
4	79 35
4	84 16
4	83 16
4	85 16
4	79 38
4	84 17
4	84 18
4	83 18
4	85 18
4	79 57
4	84 19
4	83 19
4	85 17
4	79 229
4	84 20
4	83 20
4	85 19
4	79 91
4	84 1
4	83 1
4	85 1
4	79 48
4	84 2
4	84 3
4	84 4
4	83 4
4	85 3
4	79 122
4	83 4
4	85 20
4	79 365
4	83 4
4	85 2
4	79 211
4	83 4
4	85 4
4	79 64
4	84 5
4	84 6
4	83 6
4	85 6
4	79 37
4	84 7
4	84 8
4	83 8
4	85 5
4	79 245
4	83 8
4	85 7
4	79 104
4	84 9
4	83 9
4	85 9
4	79 54
4	84 10
4	84 11
4	83 11
4	85 8
4	79 245
4	83 11
4	85 10
4	79 109
4	84 12
4	83 12
4	85 12
4	79 37
4	84 13
4	84 14
4	83 14
4	85 13
4	79 122
4	83 14
4	85 14
4	79 57
4	84 15
4	83 15
4	85 15
4	79 70
4	84 16
4	83 16
4	85 16
4	79 31
4	84 17
4	83 17
4	85 17
4	79 59
4	84 18
4	84 19
4	83 19
4	85 19
4	79 57
4	84 20
4	83 20
4	85 18
4	79 239
4	84 1
4	83 1
4	85 20
4	79 107
4	84 2
4	83 2
4	85 2
4	79 33
4	84 3
4	83 3
4	85 1
4	79 206
4	83 3
4	85 3
4	79 69
4	84 4
4	84 5
4	83 5
4	85 5
4	79 56
4	84 6
4	83 6
4	85 4
4	79 239
4	84 7
4	83 7
4	85 6
4	79 95
4	84 8
4	84 9
4	83 9
4	85 9
4	79 59
4	84 10
4	83 10
4	85 7
4	79 267
4	83 10
4	85 8
4	79 209
4	84 11
4	83 11
4	85 11
4	79 52
4	84 12
4	83 12
4	85 10
4	79 219
4	83 12
4	85 12
4	79 78
4	84 13
4	84 14
4	83 14
4	85 14
4	79 37
4	84 15
4	83 15
4	85 13
4	79 238
4	84 16
4	83 16
4	85 15
4	79 102
4	84 17
4	83 17
4	85 17
4	79 54
4	84 18
4	83 18
4	85 16
4	79 210
4	83 18
4	85 18
4	79 76
4	84 19
4	83 19
4	85 19
4	79 40
4	84 20
4	83 20
4	85 20
4	79 45
4	84 1
4	83 1
4	85 1
4	79 42
4	84 2
4	83 2
4	85 2
4	79 39
4	84 3
4	84 4
4	83 4
4	85 4
4	79 46
4	84 5
4	83 5
4	85 3
4	79 196
4	83 5
4	85 5
4	79 55
4	84 6
4	84 7
4	83 7
4	85 7
4	79 51
4	84 8
4	83 8
4	85 6
4	79 192
4	83 8
4	85 8
4	79 56
4	84 9
4	84 10
4	TEST_NUMBER 4
4	SENT_TOTAL 250
4	RECEIVED_TOTAL 237
4	TIME_TOTAL 29751
4	RECEIVED_RADIO_1 168
4	RECEIVED_RADIO_2 71
4	SENT_RADIO_1 125
4	SENT_RADIO_2 125
4	RADIO_TIME_1 29753
4	RADIO_TIME_2 29854
4	RETRANSMISSIONS_1 0
4	RETRANSMISSIONS_2 0
4	DROPPED_1 0
4	DROPPED_2 0
4	MAX_QUEUE 1
4	DUPLICATED_1 5
4	DUPLICATED_2 1
4	EBUSY_RADIO_1 0
4	EBUSY_RADIO_2 0
4	83 0
4	85 10
4	86 4
4	84 1
4	84 2
4	83 2
4	85 1
4	79 128
4	84 3
4	83 3
4	85 9
4	86 4
4	84 4
4	83 4
4	85 4
4	79 42
4	84 5
4	84 6
4	84 7
4	83 7
4	85 5
4	79 203
4	83 7
4	85 6
4	79 137
4	83 7
4	85 7
4	79 65
4	84 8
4	83 8
4	85 8
4	79 78
4	84 9
4	83 9
4	85 9
4	79 36
4	84 10
4	83 10
4	85 10
4	79 39
4	84 11
4	84 12
4	83 12
4	85 12
4	79 47
4	84 13
4	83 13
4	85 11
4	79 195
4	83 13
4	85 13
4	79 58
4	84 14
4	83 14
4	85 14
4	79 28
4	84 15
4	83 15
4	85 15
4	79 52
4	84 16
4	83 16
4	85 16
4	79 32
4	84 17
4	83 17
4	85 17
4	79 53
4	84 18
4	84 19
4	83 19
4	85 19
4	79 52
4	84 20
4	83 20
4	85 18
4	79 216
4	83 20
4	85 20
4	79 77
4	84 1
4	84 2
4	83 2
4	85 2
4	79 44
4	84 3
4	83 3
4	85 1
4	79 201
4	83 3
4	85 3
4	79 62
4	84 4
4	84 5
4	83 5
4	85 5
4	79 53
4	84 6
4	83 6
4	85 4
4	79 188
4	83 6
4	85 6
4	79 47
4	84 7
4	84 8
4	83 8
4	85 8
4	79 39
4	84 9
4	83 9
4	85 7
4	79 228
4	84 10
4	83 10
4	85 9
4	79 92
4	84 11
4	83 11
4	85 11
4	79 58
4	84 12
4	84 13
4	83 13
4	85 10
4	79 266
4	83 13
4	85 12
4	79 131
4	84 14
4	83 14
4	85 14
4	79 45
4	84 15
4	83 15
4	85 13
4	79 200
4	83 15
4	85 15
4	79 60
4	84 16
4	84 17
4	83 17
4	85 17
4	79 55
4	84 18
4	83 18
4	85 16
4	79 204
4	83 18
4	85 18
4	79 66
4	84 19
4	84 20
4	83 20
4	85 20
4	79 45
4	84 1
4	84 2
4	83 2
4	85 19
4	79 251
4	83 2
4	85 1
4	79 121
4	83 2
4	85 2
4	79 51
4	84 3
4	83 3
4	85 3
4	79 60
4	84 4
4	84 5
4	83 5
4	85 5
4	79 60
4	84 6
4	84 7
4	83 7
4	85 6
4	79 131
4	83 7
4	85 7
4	79 58
4	84 8
4	84 9
4	83 9
4	85 9
4	79 52
4	84 10
4	83 10
4	85 8
4	79 188
4	83 10
4	85 10
4	79 48
4	84 11
4	83 11
4	85 11
4	79 39
4	84 12
4	83 12
4	85 12
4	79 37
4	84 13
4	84 14
4	83 14
4	85 14
4	79 42
4	84 15
4	83 15
4	85 13
4	79 215
4	83 15
4	85 15
4	79 78
4	84 16
4	84 17
4	83 17
4	85 17
4	79 59
4	84 18
4	84 19
4	83 19
4	85 16
4	79 277
4	83 19
4	85 18
4	79 135
4	84 20
4	83 20
4	85 20
4	79 35
4	84 1
4	83 1
4	85 19
4	79 237
4	84 2
4	83 2
4	85 1
4	79 100
4	84 3
4	83 3
4	85 3
4	79 48
4	84 4
4	84 5
4	83 5
4	85 2
4	79 259
4	83 5
4	85 4
4	79 126
4	83 5
4	85 5
4	79 46
4	84 6
4	83 6
4	85 6
4	79 53
4	84 7
4	84 8
4	83 8
4	85 8
4	79 40
4	84 9
4	83 9
4	85 7
4	79 198
4	83 9
4	85 9
4	79 61
4	84 10
4	83 10
4	85 10
4	79 29
4	84 11
4	83 11
4	85 11
4	79 60
4	84 12
4	84 13
4	83 13
4	85 13
4	79 57
4	84 14
4	84 15
4	83 15
4	85 12
4	79 265
4	83 15
4	85 14
4	79 125
4	84 16
4	83 16
4	85 16
4	79 51
4	84 17
4	83 17
4	85 15
4	79 206
4	83 17
4	85 17
4	79 66
4	84 18
4	84 19
4	83 19
4	85 19
4	79 52
4	84 20
4	83 20
4	85 18
4	79 194
4	83 20
4	85 20
4	79 57
4	84 1
4	83 1
4	85 1
4	79 36
4	84 2
4	83 2
4	85 2
4	79 33
4	84 3
4	84 4
4	83 4
4	85 4
4	79 51
4	84 5
4	84 6
4	84 7
4	83 7
4	85 5
4	79 218
4	83 7
4	85 7
4	79 65
4	84 8
4	83 8
4	85 6
4	79 203
4	83 8
4	85 8
4	79 54
4	84 9
4	83 9
4	85 3
4	79 525
4	83 9
4	85 9
4	79 64
4	84 10
4	84 11
4	83 11
4	85 11
4	79 57
4	84 12
4	83 12
4	85 10
4	79 215
4	83 12
4	85 12
4	79 75
4	84 13
4	84 14
4	83 14
4	85 14
4	79 37
4	84 15
4	84 16
4	83 16
4	85 13
4	79 245
4	83 16
4	85 15
4	79 112
4	84 17
4	83 17
4	85 17
4	79 51
4	84 18
4	83 18
4	85 16
4	79 218
4	84 19
4	83 19
4	85 18
4	79 83
4	84 20
4	83 20
4	85 20
4	79 43
4	84 1
4	83 1
4	85 19
4	79 232
4	84 2
4	83 2
4	85 1
4	79 92
4	84 3
4	83 3
4	85 3
4	79 50
4	84 4
4	84 5
4	83 5
4	85 2
4	79 253
4	83 5
4	85 4
4	79 121
4	84 6
4	83 6
4	85 6
4	79 60
4	84 7
4	83 7
4	85 5
4	79 222
4	84 8
4	83 8
4	85 7
4	79 83
4	84 9
4	83 9
4	85 9
4	79 49
4	84 10
4	83 10
4	85 8
4	79 195
4	83 10
4	85 10
4	79 52
4	84 11
4	84 12
4	83 12
4	85 12
4	79 43
4	84 13
4	84 14
4	83 14
4	85 13
4	79 118
4	83 14
4	85 11
4	79 282
4	83 14
4	85 14
4	79 61
4	84 15
4	84 16
4	83 16
4	85 16
4	79 46
4	84 17
4	84 18
4	83 18
4	85 17
4	79 124
4	83 18
4	85 18
4	79 58
4	84 19
4	83 19
4	85 15
4	79 355
4	83 19
4	85 19
4	79 60
4	84 20
4	84 1
4	83 1
4	85 1
4	79 59
4	84 2
4	84 3
4	83 3
4	85 20
4	79 276
4	83 3
4	85 2
4	79 136
4	84 4
4	83 4
4	85 4
4	79 43
4	84 5
4	84 6
4	83 6
4	85 5
4	79 118
4	83 6
4	85 6
4	79 51
4	84 7
4	83 7
4	85 3
4	79 371
4	83 7
4	85 7
4	79 76
4	84 8
4	84 9
4	83 9
4	85 9
4	79 60
4	84 10
4	83 10
4	85 8
4	79 196
4	83 10
4	85 10
4	79 61
4	84 11
4	84 12
4	83 12
4	85 12
4	79 39
4	84 13
4	83 13
4	85 11
4	79 209
4	83 13
4	85 13
4	79 71
4	84 14
4	84 15
4	83 15
4	85 15
4	79 55
4	84 16
4	83 16
4	85 14
4	79 189
4	83 16
4	85 16
4	79 48
4	84 17
4	84 18
4	83 18
4	85 18
4	79 38
4	84 19
4	84 20
4	83 20
4	85 19
4	79 119
4	84 1
4	83 1
4	85 17
4	79 359
4	83 1
4	85 1
4	79 48
4	84 2
4	83 2
4	85 2
4	79 39
4	84 3
4	83 3
4	85 3
4	79 37
4	84 4
4	83 4
4	85 4
4	79 43
4	84 5
4	83 5
4	85 5
4	79 41
4	84 6
4	83 6
4	85 6
4	79 43
4	84 7
4	84 8
4	83 8
4	85 8
4	79 43
4	84 9
4	83 9
4	85 7
4	79 220
4	84 10
4	83 10
4	85 9
4	79 82
4	84 11
4	83 11
4	85 11
4	79 48
4	84 12
4	83 12
4	85 10
4	79 224
4	84 13
4	83 13
4	85 12
4	79 94
4	84 14
4	83 14
4	85 14
4	79 44
4	84 15
4	83 15
4	85 13
4	79 198
4	83 15
4	85 15
4	79 60
4	84 16
4	84 17
4	83 17
4	85 17
4	79 62
4	84 18
4	83 18
4	85 16
4	79 212
4	83 18
4	85 18
4	79 72
4	84 19
4	84 20
4	83 20
4	85 20
4	79 40
4	84 1
4	83 1
4	85 19
4	79 196
4	83 1
4	85 1
4	79 56
4	84 2
4	83 2
4	85 2
4	79 27
4	84 3
4	83 3
4	85 3
4	79 63
4	84 4
4	84 5
4	83 5
4	85 5
4	79 56
4	84 6
4	84 7
4	83 7
4	85 4
4	79 241
4	83 7
4	85 6
4	79 104
4	84 8
4	83 8
4	85 8
4	79 47
4	84 9
4	84 10
4	83 10
4	85 7
4	79 244
4	83 10
4	85 9
4	79 103
4	83 10
4	85 10
4	79 38
4	84 11
4	83 11
4	85 11
4	79 51
4	84 12
4	84 13
4	83 13
4	85 13
4	79 50
4	84 14
4	83 14
4	85 12
4	79 197
4	83 14
4	85 14
4	79 58
4	84 15
4	84 16
4	83 16
4	85 16
4	79 41
4	84 17
4	84 18
4	83 18
4	85 15
4	79 253
4	83 18
4	85 17
4	79 114
4	84 19
4	83 19
4	85 19
4	79 56
4	84 20
4	84 1
4	83 1
4	85 18
4	79 244
4	83 1
4	85 20
4	79 107
4	83 1
4	85 1
4	79 35
4	84 2
4	83 2
4	85 2
4	79 38
4	84 3
4	83 3
4	85 3
4	79 43
4	84 4
4	83 4
4	85 4
4	79 40
4	84 5
4	84 6
4	83 6
4	85 6
4	79 41
4	84 7
4	83 7
4	85 5
4	79 207
4	83 7
4	85 7
4	79 67
4	84 8
4	83 8
4	85 8
4	79 27
4	84 9
4	83 9
4	85 9
4	79 50
4	84 10
4	83 10
4	85 10
4	79 31
4	84 11
4	83 11
4	85 11
4	79 53
4	84 12
4	84 13
4	83 13
4	85 13
4	79 56
4	84 14
4	83 14
4	85 12
4	79 201
4	83 14
4	85 14
4	79 61
4	84 15
4	83 15
4	85 15
4	79 34
4	84 16
4	83 16
4	85 16
4	79 37
4	84 17
4	84 18
4	83 18
4	85 18
4	79 36
4	84 19
4	84 20
4	83 20
4	85 19
4	79 117
4	83 20
4	85 20
4	79 43
4	84 1
4	83 1
4	85 17
4	79 357
4	83 1
4	85 1
4	79 62
4	84 2
4	84 3
4	83 3
4	85 3
4	79 56
4	84 4
4	83 4
4	85 2
4	79 211
4	83 4
4	85 4
4	79 71
4	84 5
4	84 6
4	83 6
4	85 6
4	79 43
4	84 7
4	83 7
4	85 5
4	79 210
4	83 7
4	85 7
4	79 71
4	84 8
4	83 8
4	85 8
4	79 28
4	84 9
4	83 9
4	85 9
4	79 58
4	84 10
4	84 11
4	83 11
4	85 11
4	79 54
4	84 12
4	83 12
4	85 10
4	79 194
4	83 12
4	85 12
4	79 57
4	84 13
4	84 14
4	83 14
4	85 14
4	79 39
4	84 15
4	83 15
4	85 13
4	79 211
4	83 15
4	85 15
4	79 76
4	84 16
4	83 16
4	85 16
4	79 29
4	84 17
4	83 17
4	85 17
4	79 60
4	84 18
4	84 19
4	83 19
4	85 19
4	79 57
4	84 20
4	83 20
4	85 18
4	79 231
4	84 1
4	83 1
4	85 20
4	79 94
4	83 1
4	85 1
4	79 43
4	84 2
4	83 2
4	85 2
4	79 42
4	84 3
4	84 4
4	83 4
4	85 4
4	79 47
4	84 5
4	83 5
4	85 3
4	79 226
4	84 6
4	83 6
4	85 5
4	79 83
4	84 7
4	83 7
4	85 7
4	79 62
4	84 8
4	83 8
4	85 6
4	79 229
4	84 9
4	83 9
4	85 8
4	79 95
4	83 9
4	85 9
4	79 38
4	84 10
4	84 11
4	83 11
4	85 11
4	79 64
4	84 12
4	84 13
4	83 13
4	85 13
4	79 56
4	84 14
4	83 14
4	85 10
4	79 362
4	83 14
4	85 12
4	79 223
4	84 15
4	84 16
4	83 16
4	85 14
4	79 197
4	83 16
4	85 15
4	79 142
4	84 17
4	83 17
4	85 16
4	79 83
4	84 18
4	84 19
4	84 20
4	83 20
4	85 18
4	79 228
4	83 20
4	85 19
4	79 156
4	84 1
4	83 1
4	85 17
4	79 387
4	84 2
4	83 2
4	85 2
4	79 42
4	84 3
4	83 3
4	85 1
4	79 195
4	83 3
4	85 3
4	79 61
4	84 4
4	84 5
4	83 5
4	85 5
4	79 53
4	84 6
4	83 6
4	85 4
4	79 220
4	83 6
4	85 6
4	79 79
4	84 7
4	83 7
4	85 7
4	79 35
4	84 8
4	83 8
4	85 8
4	79 39
4	84 9
4	83 9
4	85 9
4	79 40
4	84 10
4	TEST_NUMBER 5
4	SENT_TOTAL 250
4	RECEIVED_TOTAL 244
4	TIME_TOTAL 29795
4	RECEIVED_RADIO_1 162
4	RECEIVED_RADIO_2 84
4	SENT_RADIO_1 125
4	SENT_RADIO_2 125
4	RADIO_TIME_1 29755
4	RADIO_TIME_2 19763
4	RETRANSMISSIONS_1 0
4	RETRANSMISSIONS_2 0
4	DROPPED_1 0
4	DROPPED_2 0
4	MAX_QUEUE 1
4	DUPLICATED_1 2
4	DUPLICATED_2 0
4	EBUSY_RADIO_1 0
4	EBUSY_RADIO_2 0
4	83 0
4	85 10
4	86 5
4	84 1
4	83 1
4	85 1
4	79 40
4	84 2
4	83 2
4	85 2
4	79 43
4	84 3
4	84 4
4	83 4
4	85 4
4	79 36
4	84 5
4	83 5
4	85 3
4	79 208
4	83 5
4	85 5
4	79 67
4	84 6
4	83 6
4	85 6
4	79 33
4	84 7
4	84 8
4	84 9
4	83 9
4	85 7
4	79 213
4	83 9
4	85 9
4	79 63
4	84 10
4	83 10
4	85 8
4	79 208
4	84 11
4	84 12
4	83 12
4	85 10
4	79 202
4	83 12
4	85 12
4	79 60
4	84 13
4	83 13
4	85 11
4	79 207
4	83 13
4	85 13
4	79 65
4	84 14
4	84 15
4	83 15
4	85 15
4	79 54
4	84 16
4	83 16
4	85 14
4	79 197
4	83 16
4	85 16
4	79 57
4	84 17
4	83 17
4	85 17
4	79 41
4	84 18
4	83 18
4	85 18
4	79 37
4	84 19
4	84 20
4	83 20
4	85 20
4	79 40
4	84 1
4	83 1
4	85 19
4	79 198
4	83 1
4	85 1
4	79 65
4	84 2
4	84 3
4	83 3
4	85 3
4	79 54
4	84 4
4	83 4
4	85 2
4	79 190
4	83 4
4	85 4
4	79 52
4	84 5
4	84 6
4	83 6
4	85 6
4	79 47
4	84 7
4	84 8
4	83 8
4	85 5
4	79 312
4	84 9
4	83 9
4	85 8
4	79 95
4	83 9
4	85 9
4	79 67
4	84 10
4	83 10
4	85 7
4	79 264
4	84 11
4	83 11
4	85 11
4	79 39
4	84 12
4	83 12
4	85 10
4	79 206
4	83 12
4	85 12
4	79 63
4	84 13
4	83 13
4	85 13
4	79 39
4	84 14
4	83 14
4	85 14
4	79 54
4	84 15
4	84 16
4	84 17
4	83 17
4	85 17
4	79 54
4	84 18
4	83 18
4	85 15
4	79 281
4	83 18
4	85 16
4	79 218
4	83 18
4	85 18
4	79 73
4	84 19
4	83 19
4	85 19
4	79 60
4	84 20
4	84 1
4	83 1
4	85 1
4	79 54
4	84 2
4	84 3
4	83 3
4	85 20
4	79 244
4	83 3
4	85 2
4	79 106
4	84 4
4	83 4
4	85 4
4	79 42
4	84 5
4	83 5
4	85 3
4	79 211
4	83 5
4	85 5
4	79 75
4	84 6
4	84 7
4	83 7
4	85 7
4	79 55
4	84 8
4	83 8
4	85 6
4	79 217
4	83 8
4	85 8
4	79 75
4	84 9
4	83 9
4	85 9
4	79 42
4	84 10
4	84 11
4	84 12
4	83 12
4	85 10
4	79 205
4	83 12
4	85 12
4	79 54
4	84 13
4	83 13
4	85 11
4	79 233
4	84 14
4	83 14
4	85 13
4	79 92
4	84 15
4	83 15
4	85 15
4	79 55
4	84 16
4	83 16
4	85 14
4	79 186
4	83 16
4	85 16
4	79 49
4	84 17
4	84 18
4	83 18
4	85 18
4	79 58
4	84 19
4	83 19
4	85 17
4	79 230
4	84 20
4	83 20
4	85 19
4	79 91
4	84 1
4	84 2
4	83 2
4	85 20
4	79 199
4	83 2
4	85 2
4	79 54
4	84 3
4	83 3
4	85 1
4	79 201
4	83 3
4	85 3
4	79 63
4	84 4
4	84 5
4	83 5
4	85 5
4	79 53
4	84 6
4	84 7
4	83 7
4	85 4
4	79 311
4	84 8
4	83 8
4	85 7
4	79 99
4	83 8
4	85 8
4	79 54
4	84 9
4	83 9
4	85 6
4	79 318
4	84 10
4	83 10
4	85 9
4	79 95
4	84 11
4	83 11
4	85 11
4	79 54
4	84 12
4	83 12
4	85 10
4	79 187
4	83 12
4	85 12
4	79 49
4	84 13
4	84 14
4	83 14
4	85 14
4	79 38
4	84 15
4	83 15
4	85 13
4	79 224
4	84 16
4	83 16
4	85 15
4	79 86
4	84 17
4	83 17
4	85 17
4	79 56
4	84 18
4	83 18
4	85 16
4	79 237
4	84 19
4	83 19
4	85 18
4	79 96
4	83 19
4	85 19
4	79 39
4	84 20
4	83 20
4	85 20
4	79 44
4	84 1
4	84 2
4	83 2
4	85 2
4	79 38
4	84 3
4	84 4
4	83 4
4	85 1
4	79 266
4	83 4
4	85 3
4	79 130
4	84 5
4	84 6
4	83 6
4	85 4
4	79 202
4	83 6
4	85 5
4	79 126
4	83 6
4	85 6
4	79 65
4	84 7
4	84 8
4	83 8
4	85 8
4	79 43
4	84 9
4	83 9
4	85 7
4	79 206
4	83 9
4	85 9
4	79 69
4	84 10
4	84 11
4	83 11
4	85 11
4	79 49
4	84 12
4	83 12
4	85 10
4	79 203
4	83 12
4	85 12
4	79 65
4	84 13
4	84 14
4	83 14
4	85 14
4	79 42
4	84 15
4	83 15
4	85 13
4	79 209
4	83 15
4	85 15
4	79 74
4	84 16
4	84 17
4	83 17
4	85 17
4	79 59
4	84 18
4	83 18
4	85 16
4	79 198
4	83 18
4	85 18
4	79 65
4	84 19
4	83 19
4	85 19
4	79 40
4	84 20
4	83 20
4	85 20
4	79 40
4	84 1
4	84 2
4	84 3
4	84 4
4	83 4
4	85 1
4	79 272
4	83 4
4	85 2
4	79 194
4	83 4
4	85 4
4	79 54
4	84 5
4	83 5
4	85 5
4	79 72
4	84 6
4	83 6
4	85 3
4	79 276
4	83 6
4	85 6
4	79 63
4	84 7
4	84 8
4	83 8
4	85 8
4	79 34
4	84 9
4	83 9
4	85 7
4	79 199
4	83 9
4	85 9
4	79 62
4	84 10
4	84 11
4	83 11
4	85 11
4	79 53
4	84 12
4	83 12
4	85 10
4	79 195
4	83 12
4	85 12
4	79 54
4	84 13
4	83 13
4	85 13
4	79 39
4	84 14
4	84 15
4	84 16
4	83 16
4	85 14
4	79 221
4	84 17
4	83 17
4	85 17
4	79 54
4	84 18
4	83 18
4	85 16
4	79 212
4	83 18
4	85 18
4	79 72
4	84 19
4	84 20
4	83 20
4	85 19
4	79 115
4	84 1
4	84 2
4	83 2
4	85 20
4	79 234
4	84 3
4	84 4
4	83 4
4	85 3
4	79 134
4	84 5
4	83 5
4	85 1
4	79 371
4	83 5
4	85 5
4	79 57
4	83 5
4	85 2
4	79 297
4	84 6
4	84 7
4	84 8
4	83 8
4	85 6
4	79 229
4	84 9
4	83 9
4	85 7
4	79 197
4	84 10
4	84 11
4	83 11
4	85 10
4	79 135
4	83 11
4	85 11
4	79 66
4	84 12
4	83 12
4	85 9
4	79 277
4	83 12
4	85 12
4	79 57
4	84 13
4	84 14
4	83 14
4	85 14
4	79 34
4	84 15
4	83 15
4	85 13
4	79 229
4	84 16
4	83 16
4	85 15
4	79 89
4	84 17
4	83 17
4	85 17
4	79 39
4	84 18
4	83 18
4	85 18
4	79 34
4	83 18
4	85 16
4	79 202
4	84 19
4	83 19
4	85 19
4	79 56
4	84 20
4	84 1
4	84 2
4	83 2
4	85 20
4	79 216
4	83 2
4	85 2
4	79 75
4	84 3
4	83 3
4	85 1
4	79 237
4	84 4
4	83 4
4	85 3
4	79 97
4	84 5
4	84 6
4	84 7
4	83 7
4	85 7
4	79 57
4	84 8
4	83 8
4	85 6
4	79 216
4	84 9
4	83 9
4	85 5
4	79 328
4	83 9
4	85 8
4	79 111
4	84 10
4	83 10
4	85 10
4	79 60
4	84 11
4	83 11
4	85 9
4	79 220
4	84 12
4	83 12
4	85 11
4	79 84
4	84 13
4	83 13
4	85 13
4	79 56
4	84 14
4	84 15
4	84 16
4	83 16
4	85 12
4	79 323
4	83 16
4	85 15
4	79 106
4	83 16
4	85 16
4	79 52
4	84 17
4	83 17
4	85 14
4	79 278
4	83 17
4	85 17
4	79 63
4	84 18
4	83 18
4	85 18
4	79 26
4	84 19
4	83 19
4	85 19
4	79 50
4	84 20
4	84 1
4	83 1
4	85 20
4	79 110
4	84 2
4	83 2
4	85 2
4	79 41
4	84 3
4	83 3
4	85 1
4	79 214
4	83 3
4	85 3
4	79 76
4	84 4
4	84 5
4	83 5
4	85 5
4	79 53
4	84 6
4	83 6
4	85 4
4	79 187
4	83 6
4	85 6
4	79 49
4	84 7
4	84 8
4	83 8
4	85 8
4	79 41
4	84 9
4	83 9
4	85 7
4	79 208
4	83 9
4	85 9
4	79 68
4	84 10
4	83 10
4	85 10
4	79 27
4	84 11
4	83 11
4	85 11
4	79 54
4	84 12
4	84 13
4	84 14
4	83 14
4	85 14
4	79 42
4	84 15
4	83 15
4	85 12
4	79 278
4	83 15
4	85 13
4	79 225
4	84 16
4	83 16
4	85 16
4	79 37
4	84 17
4	83 17
4	85 15
4	79 228
4	84 18
4	83 18
4	85 17
4	79 91
4	83 18
4	85 18
4	79 27
4	84 19
4	83 19
4	85 19
4	79 55
4	84 20
4	83 20
4	85 20
4	79 25
4	84 1
4	83 1
4	85 1
4	79 51
4	84 2
4	83 2
4	85 2
4	79 27
4	84 3
4	83 3
4	85 3
4	79 59
4	84 4
4	83 4
4	85 4
4	79 36
4	84 5
4	83 5
4	85 5
4	79 50
4	84 6
4	84 7
4	83 7
4	85 7
4	79 55
4	84 8
4	83 8
4	85 6
4	79 200
4	83 8
4	85 8
4	79 59
4	84 9
4	84 10
4	83 10
4	85 10
4	79 42
4	84 11
4	83 11
4	85 9
4	79 199
4	83 11
4	85 11
4	79 62
4	84 12
4	84 13
4	83 13
4	85 13
4	79 50
4	84 14
4	83 14
4	85 12
4	79 189
4	83 14
4	85 14
4	79 47
4	84 15
4	84 16
4	83 16
4	85 16
4	79 34
4	84 17
4	83 17
4	85 15
4	79 218
4	84 18
4	83 18
4	85 17
4	79 81
4	84 19
4	84 20
4	83 20
4	85 18
4	79 202
4	83 20
4	85 19
4	79 155
4	84 1
4	83 1
4	85 20
4	79 97
4	83 1
4	85 1
4	79 46
4	84 2
4	83 2
4	85 2
4	79 38
4	84 3
4	83 3
4	85 3
4	79 41
4	84 4
4	83 4
4	85 4
4	79 37
4	84 5
4	84 6
4	83 6
4	85 6
4	79 37
4	84 7
4	83 7
4	85 5
4	79 212
4	83 7
4	85 7
4	79 73
4	84 8
4	83 8
4	85 8
4	79 26
4	84 9
4	83 9
4	85 9
4	79 53
4	84 10
4	84 11
4	83 11
4	85 11
4	79 56
4	84 12
4	84 13
4	83 13
4	85 10
4	79 312
4	84 14
4	83 14
4	85 13
4	79 96
4	83 14
4	85 14
4	79 47
4	84 15
4	83 15
4	85 12
4	79 307
4	84 16
4	83 16
4	85 15
4	79 84
4	84 17
4	83 17
4	85 17
4	79 55
4	84 18
4	83 18
4	85 16
4	79 238
4	84 19
4	83 19
4	85 18
4	79 106
4	84 20
4	83 20
4	85 20
4	79 40
4	84 1
4	83 1
4	85 19
4	79 205
4	83 1
4	85 1
4	79 65
4	84 2
4	84 3
4	83 3
4	85 3
4	79 52
4	84 4
4	83 4
4	85 2
4	79 189
4	83 4
4	85 4
4	79 55
4	84 5
4	84 6
4	83 6
4	85 6
4	79 43
4	84 7
4	83 7
4	85 5
4	79 201
4	83 7
4	85 7
4	79 61
4	84 8
4	83 8
4	85 8
4	79 31
4	84 9
4	83 9
4	85 9
4	79 58
4	84 10
4	84 11
4	83 11
4	85 11
4	79 48
4	84 12
4	83 12
4	85 10
4	79 195
4	83 12
4	85 12
4	79 55
4	84 13
4	84 14
4	83 14
4	85 14
4	79 39
4	84 15
4	83 15
4	85 13
4	79 218
4	83 15
4	85 15
4	79 80
4	84 16
4	84 17
4	83 17
4	85 17
4	79 56
4	84 18
4	84 19
4	84 20
4	83 20
4	85 16
4	79 323
4	83 20
4	85 19
4	79 104
4	83 20
4	85 20
4	79 47
4	84 1
4	83 1
4	85 18
4	79 296
4	83 1
4	85 1
4	79 79
4	84 2
4	84 3
4	83 3
4	85 3
4	79 56
4	84 4
4	83 4
4	85 2
4	79 188
4	83 4
4	85 4
4	79 50
4	84 5
4	84 6
4	83 6
4	85 6
4	79 37
4	84 7
4	83 7
4	85 5
4	79 201
4	83 7
4	85 7
4	79 61
4	84 8
4	84 9
4	83 9
4	85 9
4	79 50
4	84 10
4	TEST_NUMBER 6
4	SENT_TOTAL 250
4	RECEIVED_TOTAL 244
4	TIME_TOTAL 29817
4	RECEIVED_RADIO_1 160
4	RECEIVED_RADIO_2 85
4	SENT_RADIO_1 125
4	SENT_RADIO_2 125
4	RADIO_TIME_1 29817
4	RADIO_TIME_2 19803
4	RETRANSMISSIONS_1 0
4	RETRANSMISSIONS_2 0
4	DROPPED_1 0
4	DROPPED_2 0
4	MAX_QUEUE 1
4	DUPLICATED_1 4
4	DUPLICATED_2 0
4	EBUSY_RADIO_1 0
4	EBUSY_RADIO_2 0
4	83 0
4	85 8
4	86 6
4	83 0
4	85 10
4	86 6

5	RELAY_NODE 5
5	TEST_NUMBER 0
5	SENT_TOTAL 0
5	RECEIVED_TOTAL 0
5	TIME_TOTAL 0
5	RECEIVED_RADIO_1 125
5	RECEIVED_RADIO_2 149
5	SENT_RADIO_1 149
5	SENT_RADIO_2 125
5	RADIO_TIME_1 19874
5	RADIO_TIME_2 19874
5	RETRANSMISSIONS_1 1
5	RETRANSMISSIONS_2 0
5	DROPPED_1 0
5	DROPPED_2 0
5	MAX_QUEUE 1
5	DUPLICATED_1 0
5	DUPLICATED_2 1
5	EBUSY_RADIO_1 0
5	EBUSY_RADIO_2 0
5	TEST_NUMBER 1
5	SENT_TOTAL 0
5	RECEIVED_TOTAL 0
5	TIME_TOTAL 0
5	RECEIVED_RADIO_1 125
5	RECEIVED_RADIO_2 182
5	SENT_RADIO_1 182
5	SENT_RADIO_2 125
5	RADIO_TIME_1 19958
5	RADIO_TIME_2 19958
5	RETRANSMISSIONS_1 2
5	RETRANSMISSIONS_2 1
5	DROPPED_1 0
5	DROPPED_2 0
5	MAX_QUEUE 1
5	DUPLICATED_1 0
5	DUPLICATED_2 2
5	EBUSY_RADIO_1 0
5	EBUSY_RADIO_2 0
5	TEST_NUMBER 2
5	SENT_TOTAL 0
5	RECEIVED_TOTAL 0
5	TIME_TOTAL 0
5	RECEIVED_RADIO_1 125
5	RECEIVED_RADIO_2 172
5	SENT_RADIO_1 172
5	SENT_RADIO_2 125
5	RADIO_TIME_1 19870
5	RADIO_TIME_2 19869
5	RETRANSMISSIONS_1 1
5	RETRANSMISSIONS_2 0
5	DROPPED_1 0
5	DROPPED_2 0
5	MAX_QUEUE 1
5	DUPLICATED_1 1
5	DUPLICATED_2 1
5	EBUSY_RADIO_1 0
5	EBUSY_RADIO_2 0
5	TEST_NUMBER 3
5	SENT_TOTAL 0
5	RECEIVED_TOTAL 0
5	TIME_TOTAL 0
5	RECEIVED_RADIO_1 125
5	RECEIVED_RADIO_2 168
5	SENT_RADIO_1 168
5	SENT_RADIO_2 125
5	RADIO_TIME_1 19883
5	RADIO_TIME_2 19883
5	RETRANSMISSIONS_1 5
5	RETRANSMISSIONS_2 0
5	DROPPED_1 0
5	DROPPED_2 0
5	MAX_QUEUE 1
5	DUPLICATED_1 0
5	DUPLICATED_2 0
5	EBUSY_RADIO_1 0
5	EBUSY_RADIO_2 0
5	TEST_NUMBER 4
5	SENT_TOTAL 0
5	RECEIVED_TOTAL 0
5	TIME_TOTAL 0
5	RECEIVED_RADIO_1 125
5	RECEIVED_RADIO_2 168
5	SENT_RADIO_1 168
5	SENT_RADIO_2 125
5	RADIO_TIME_1 19877
5	RADIO_TIME_2 19877
5	RETRANSMISSIONS_1 5
5	RETRANSMISSIONS_2 0
5	DROPPED_1 0
5	DROPPED_2 0
5	MAX_QUEUE 1
5	DUPLICATED_1 0
5	DUPLICATED_2 0
5	EBUSY_RADIO_1 0
5	EBUSY_RADIO_2 0
5	TEST_NUMBER 5
5	SENT_TOTAL 0
5	RECEIVED_TOTAL 0
5	TIME_TOTAL 0
5	RECEIVED_RADIO_1 125
5	RECEIVED_RADIO_2 162
5	SENT_RADIO_1 162
5	SENT_RADIO_2 125
5	RADIO_TIME_1 19864
5	RADIO_TIME_2 19864
5	RETRANSMISSIONS_1 2
5	RETRANSMISSIONS_2 0
5	DROPPED_1 0
5	DROPPED_2 0
5	MAX_QUEUE 1
5	DUPLICATED_1 0
5	DUPLICATED_2 0
5	EBUSY_RADIO_1 0
5	EBUSY_RADIO_2 0
5	TEST_NUMBER 6
5	SENT_TOTAL 0
5	RECEIVED_TOTAL 0
5	TIME_TOTAL 0
5	RECEIVED_RADIO_1 125
5	RECEIVED_RADIO_2 160
5	SENT_RADIO_1 160
5	SENT_RADIO_2 125
5	RADIO_TIME_1 19921
5	RADIO_TIME_2 19921
5	RETRANSMISSIONS_1 4
5	RETRANSMISSIONS_2 0
5	DROPPED_1 0
5	DROPPED_2 0
5	MAX_QUEUE 1
5	DUPLICATED_1 0
5	DUPLICATED_2 1
5	EBUSY_RADIO_1 0
5	EBUSY_RADIO_2 0

7	RELAY_NODE 7
7	TEST_NUMBER 0
7	SENT_TOTAL 0
7	RECEIVED_TOTAL 0
7	TIME_TOTAL 0
7	RECEIVED_RADIO_1 1
7	RECEIVED_RADIO_2 125
7	SENT_RADIO_1 79
7	SENT_RADIO_2 1
7	RADIO_TIME_1 19765
7	RADIO_TIME_2 19765
7	RETRANSMISSIONS_1 461
7	RETRANSMISSIONS_2 10
7	DROPPED_1 45
7	DROPPED_2 1
7	MAX_QUEUE 2
7	DUPLICATED_1 0
7	DUPLICATED_2 0
7	EBUSY_RADIO_1 0
7	EBUSY_RADIO_2 0
7	TEST_NUMBER 1
7	SENT_TOTAL 0
7	RECEIVED_TOTAL 0
7	TIME_TOTAL 0
7	RECEIVED_RADIO_1 22
7	RECEIVED_RADIO_2 125
7	SENT_RADIO_1 124
7	SENT_RADIO_2 22
7	RADIO_TIME_1 19858
7	RADIO_TIME_2 19858
7	RETRANSMISSIONS_1 31
7	RETRANSMISSIONS_2 0
7	DROPPED_1 0
7	DROPPED_2 0
7	MAX_QUEUE 1
7	DUPLICATED_1 0
7	DUPLICATED_2 0
7	EBUSY_RADIO_1 0
7	EBUSY_RADIO_2 0
7	TEST_NUMBER 2
7	SENT_TOTAL 0
7	RECEIVED_TOTAL 0
7	TIME_TOTAL 0
7	RECEIVED_RADIO_1 56
7	RECEIVED_RADIO_2 125
7	SENT_RADIO_1 125
7	SENT_RADIO_2 56
7	RADIO_TIME_1 19770
7	RADIO_TIME_2 19763
7	RETRANSMISSIONS_1 36
7	RETRANSMISSIONS_2 10
7	DROPPED_1 0
7	DROPPED_2 1
7	MAX_QUEUE 2
7	DUPLICATED_1 1
7	DUPLICATED_2 1
7	EBUSY_RADIO_1 0
7	EBUSY_RADIO_2 0
7	TEST_NUMBER 3
7	SENT_TOTAL 0
7	RECEIVED_TOTAL 0
7	TIME_TOTAL 0
7	RECEIVED_RADIO_1 70
7	RECEIVED_RADIO_2 125
7	SENT_RADIO_1 125
7	SENT_RADIO_2 70
7	RADIO_TIME_1 19781
7	RADIO_TIME_2 19781
7	RETRANSMISSIONS_1 31
7	RETRANSMISSIONS_2 0
7	DROPPED_1 0
7	DROPPED_2 0
7	MAX_QUEUE 1
7	DUPLICATED_1 1
7	DUPLICATED_2 0
7	EBUSY_RADIO_1 0
7	EBUSY_RADIO_2 0
7	TEST_NUMBER 4
7	SENT_TOTAL 0
7	RECEIVED_TOTAL 0
7	TIME_TOTAL 0
7	RECEIVED_RADIO_1 70
7	RECEIVED_RADIO_2 125
7	SENT_RADIO_1 124
7	SENT_RADIO_2 70
7	RADIO_TIME_1 19774
7	RADIO_TIME_2 19767
7	RETRANSMISSIONS_1 48
7	RETRANSMISSIONS_2 1
7	DROPPED_1 0
7	DROPPED_2 0
7	MAX_QUEUE 1
7	DUPLICATED_1 0
7	DUPLICATED_2 0
7	EBUSY_RADIO_1 0
7	EBUSY_RADIO_2 0
7	TEST_NUMBER 5
7	SENT_TOTAL 0
7	RECEIVED_TOTAL 0
7	TIME_TOTAL 0
7	RECEIVED_RADIO_1 84
7	RECEIVED_RADIO_2 125
7	SENT_RADIO_1 122
7	SENT_RADIO_2 84
7	RADIO_TIME_1 19762
7	RADIO_TIME_2 19762
7	RETRANSMISSIONS_1 42
7	RETRANSMISSIONS_2 30
7	DROPPED_1 1
7	DROPPED_2 3
7	MAX_QUEUE 2
7	DUPLICATED_1 1
7	DUPLICATED_2 0
7	EBUSY_RADIO_1 0
7	EBUSY_RADIO_2 0
7	TEST_NUMBER 6
7	SENT_TOTAL 0
7	RECEIVED_TOTAL 0
7	TIME_TOTAL 0
7	RECEIVED_RADIO_1 86
7	RECEIVED_RADIO_2 125
7	SENT_RADIO_1 121
7	SENT_RADIO_2 86
7	RADIO_TIME_1 19878
7	RADIO_TIME_2 19879
7	RETRANSMISSIONS_1 68
7	RETRANSMISSIONS_2 10
7	DROPPED_1 3
7	DROPPED_2 1
7	MAX_QUEUE 2
7	DUPLICATED_1 3
7	DUPLICATED_2 0
7	EBUSY_RADIO_1 0
7	EBUSY_RADIO_2 0

8	RELAY_NODE 8
8	TEST_NUMBER 0
8	SENT_TOTAL 0
8	RECEIVED_TOTAL 0
8	TIME_TOTAL 0
8	RECEIVED_RADIO_1 149
8	RECEIVED_RADIO_2 125
8	SENT_RADIO_1 125
8	SENT_RADIO_2 149
8	RADIO_TIME_1 19862
8	RADIO_TIME_2 19862
8	RETRANSMISSIONS_1 0
8	RETRANSMISSIONS_2 1
8	DROPPED_1 0
8	DROPPED_2 0
8	MAX_QUEUE 1
8	DUPLICATED_1 7
8	DUPLICATED_2 0
8	EBUSY_RADIO_1 0
8	EBUSY_RADIO_2 0
8	TEST_NUMBER 1
8	SENT_TOTAL 0
8	RECEIVED_TOTAL 0
8	TIME_TOTAL 0
8	RECEIVED_RADIO_1 182
8	RECEIVED_RADIO_2 125
8	SENT_RADIO_1 125
8	SENT_RADIO_2 182
8	RADIO_TIME_1 19944
8	RADIO_TIME_2 19944
8	RETRANSMISSIONS_1 0
8	RETRANSMISSIONS_2 2
8	DROPPED_1 0
8	DROPPED_2 0
8	MAX_QUEUE 1
8	DUPLICATED_1 5
8	DUPLICATED_2 1
8	EBUSY_RADIO_1 0
8	EBUSY_RADIO_2 0
8	TEST_NUMBER 2
8	SENT_TOTAL 0
8	RECEIVED_TOTAL 0
8	TIME_TOTAL 0
8	RECEIVED_RADIO_1 172
8	RECEIVED_RADIO_2 125
8	SENT_RADIO_1 125
8	SENT_RADIO_2 172
8	RADIO_TIME_1 19856
8	RADIO_TIME_2 19856
8	RETRANSMISSIONS_1 2
8	RETRANSMISSIONS_2 1
8	DROPPED_1 0
8	DROPPED_2 0
8	MAX_QUEUE 1
8	DUPLICATED_1 3
8	DUPLICATED_2 0
8	EBUSY_RADIO_1 0
8	EBUSY_RADIO_2 0
8	TEST_NUMBER 3
8	SENT_TOTAL 0
8	RECEIVED_TOTAL 0
8	TIME_TOTAL 0
8	RECEIVED_RADIO_1 168
8	RECEIVED_RADIO_2 125
8	SENT_RADIO_1 125
8	SENT_RADIO_2 168
8	RADIO_TIME_1 19871
8	RADIO_TIME_2 19871
8	RETRANSMISSIONS_1 2
8	RETRANSMISSIONS_2 0
8	DROPPED_1 0
8	DROPPED_2 0
8	MAX_QUEUE 1
8	DUPLICATED_1 3
8	DUPLICATED_2 0
8	EBUSY_RADIO_1 0
8	EBUSY_RADIO_2 0
8	TEST_NUMBER 4
8	SENT_TOTAL 0
8	RECEIVED_TOTAL 0
8	TIME_TOTAL 0
8	RECEIVED_RADIO_1 168
8	RECEIVED_RADIO_2 125
8	SENT_RADIO_1 125
8	SENT_RADIO_2 168
8	RADIO_TIME_1 19864
8	RADIO_TIME_2 19864
8	RETRANSMISSIONS_1 5
8	RETRANSMISSIONS_2 0
8	DROPPED_1 0
8	DROPPED_2 0
8	MAX_QUEUE 1
8	DUPLICATED_1 5
8	DUPLICATED_2 0
8	EBUSY_RADIO_1 0
8	EBUSY_RADIO_2 0
8	TEST_NUMBER 5
8	SENT_TOTAL 0
8	RECEIVED_TOTAL 0
8	TIME_TOTAL 0
8	RECEIVED_RADIO_1 162
8	RECEIVED_RADIO_2 125
8	SENT_RADIO_1 125
8	SENT_RADIO_2 162
8	RADIO_TIME_1 19850
8	RADIO_TIME_2 19850
8	RETRANSMISSIONS_1 3
8	RETRANSMISSIONS_2 1
8	DROPPED_1 0
8	DROPPED_2 0
8	MAX_QUEUE 1
8	DUPLICATED_1 4
8	DUPLICATED_2 0
8	EBUSY_RADIO_1 0
8	EBUSY_RADIO_2 0
8	TEST_NUMBER 6
8	SENT_TOTAL 0
8	RECEIVED_TOTAL 0
8	TIME_TOTAL 0
8	RECEIVED_RADIO_1 160
8	RECEIVED_RADIO_2 125
8	SENT_RADIO_1 125
8	SENT_RADIO_2 160
8	RADIO_TIME_1 19907
8	RADIO_TIME_2 19907
8	RETRANSMISSIONS_1 10
8	RETRANSMISSIONS_2 5
8	DROPPED_1 0
8	DROPPED_2 0
8	MAX_QUEUE 1
8	DUPLICATED_1 3
8	DUPLICATED_2 0
8	EBUSY_RADIO_1 0
8	EBUSY_RADIO_2 0

9	DESTINATION_NODE 9
9	TEST_NUMBER 0
9	SENT_TOTAL 204
9	RECEIVED_TOTAL 204
9	TIME_TOTAL 19838
9	RECEIVED_RADIO_1 79
9	RECEIVED_RADIO_2 125
9	SENT_RADIO_1 1
9	SENT_RADIO_2 149
9	RADIO_TIME_1 19838
9	RADIO_TIME_2 19838
9	RETRANSMISSIONS_1 537
9	RETRANSMISSIONS_2 0
9	DROPPED_1 53
9	DROPPED_2 0
9	MAX_QUEUE 2
9	DUPLICATED_1 7
9	DUPLICATED_2 0
9	EBUSY_RADIO_1 0
9	EBUSY_RADIO_2 0
9	TEST_NUMBER 1
9	SENT_TOTAL 250
9	RECEIVED_TOTAL 250
9	TIME_TOTAL 19825
9	RECEIVED_RADIO_1 125
9	RECEIVED_RADIO_2 125
9	SENT_RADIO_1 21
9	SENT_RADIO_2 182
9	RADIO_TIME_1 19907
9	RADIO_TIME_2 19915
9	RETRANSMISSIONS_1 553
9	RETRANSMISSIONS_2 6
9	DROPPED_1 48
9	DROPPED_2 0
9	MAX_QUEUE 2
9	DUPLICATED_1 23
9	DUPLICATED_2 1
9	EBUSY_RADIO_1 0
9	EBUSY_RADIO_2 0
9	TEST_NUMBER 2
9	SENT_TOTAL 249
9	RECEIVED_TOTAL 249
9	TIME_TOTAL 19834
9	RECEIVED_RADIO_1 124
9	RECEIVED_RADIO_2 125
9	SENT_RADIO_1 54
9	SENT_RADIO_2 172
9	RADIO_TIME_1 19834
9	RADIO_TIME_2 19826
9	RETRANSMISSIONS_1 450
9	RETRANSMISSIONS_2 1
9	DROPPED_1 22
9	DROPPED_2 0
9	MAX_QUEUE 2
9	DUPLICATED_1 30
9	DUPLICATED_2 0
9	EBUSY_RADIO_1 0
9	EBUSY_RADIO_2 0
9	TEST_NUMBER 3
9	SENT_TOTAL 250
9	RECEIVED_TOTAL 250
9	TIME_TOTAL 19828
9	RECEIVED_RADIO_1 125
9	RECEIVED_RADIO_2 125
9	SENT_RADIO_1 70
9	SENT_RADIO_2 168
9	RADIO_TIME_1 19765
9	RADIO_TIME_2 19840
9	RETRANSMISSIONS_1 355
9	RETRANSMISSIONS_2 1
9	DROPPED_1 13
9	DROPPED_2 0
9	MAX_QUEUE 2
9	DUPLICATED_1 27
9	DUPLICATED_2 0
9	EBUSY_RADIO_1 0
9	EBUSY_RADIO_2 0
9	TEST_NUMBER 4
9	SENT_TOTAL 250
9	RECEIVED_TOTAL 250
9	TIME_TOTAL 19840
9	RECEIVED_RADIO_1 125
9	RECEIVED_RADIO_2 125
9	SENT_RADIO_1 67
9	SENT_RADIO_2 168
9	RADIO_TIME_1 19840
9	RADIO_TIME_2 19840
9	RETRANSMISSIONS_1 350
9	RETRANSMISSIONS_2 1
9	DROPPED_1 14
9	DROPPED_2 0
9	MAX_QUEUE 2
9	DUPLICATED_1 32
9	DUPLICATED_2 0
9	EBUSY_RADIO_1 0
9	EBUSY_RADIO_2 0
9	TEST_NUMBER 5
9	SENT_TOTAL 247
9	RECEIVED_TOTAL 247
9	TIME_TOTAL 19825
9	RECEIVED_RADIO_1 122
9	RECEIVED_RADIO_2 125
9	SENT_RADIO_1 82
9	SENT_RADIO_2 162
9	RADIO_TIME_1 19825
9	RADIO_TIME_2 19825
9	RETRANSMISSIONS_1 277
9	RETRANSMISSIONS_2 0
9	DROPPED_1 4
9	DROPPED_2 0
9	MAX_QUEUE 2
9	DUPLICATED_1 35
9	DUPLICATED_2 0
9	EBUSY_RADIO_1 1
9	EBUSY_RADIO_2 0
9	TEST_NUMBER 6
9	SENT_TOTAL 247
9	RECEIVED_TOTAL 247
9	TIME_TOTAL 19829
9	RECEIVED_RADIO_1 122
9	RECEIVED_RADIO_2 125
9	SENT_RADIO_1 86
9	SENT_RADIO_2 160
9	RADIO_TIME_1 19875
9	RADIO_TIME_2 19884
9	RETRANSMISSIONS_1 207
9	RETRANSMISSIONS_2 2
9	DROPPED_1 1
9	DROPPED_2 0
9	MAX_QUEUE 2
9	DUPLICATED_1 15
9	DUPLICATED_2 0
9	EBUSY_RADIO_1 0
9	EBUSY_RADIO_2 0

10	RELAY_NODE 10
10	TEST_NUMBER 0
10	SENT_TOTAL 0
10	RECEIVED_TOTAL 0
10	TIME_TOTAL 0
10	RECEIVED_RADIO_1 125
10	RECEIVED_RADIO_2 149
10	SENT_RADIO_1 149
10	SENT_RADIO_2 125
10	RADIO_TIME_1 19848
10	RADIO_TIME_2 19848
10	RETRANSMISSIONS_1 7
10	RETRANSMISSIONS_2 0
10	DROPPED_1 0
10	DROPPED_2 0
10	MAX_QUEUE 1
10	DUPLICATED_1 0
10	DUPLICATED_2 0
10	EBUSY_RADIO_1 0
10	EBUSY_RADIO_2 0
10	TEST_NUMBER 1
10	SENT_TOTAL 0
10	RECEIVED_TOTAL 0
10	TIME_TOTAL 0
10	RECEIVED_RADIO_1 125
10	RECEIVED_RADIO_2 182
10	SENT_RADIO_1 182
10	SENT_RADIO_2 125
10	RADIO_TIME_1 19930
10	RADIO_TIME_2 19930
10	RETRANSMISSIONS_1 5
10	RETRANSMISSIONS_2 1
10	DROPPED_1 0
10	DROPPED_2 0
10	MAX_QUEUE 1
10	DUPLICATED_1 0
10	DUPLICATED_2 6
10	EBUSY_RADIO_1 0
10	EBUSY_RADIO_2 0
10	TEST_NUMBER 2
10	SENT_TOTAL 0
10	RECEIVED_TOTAL 0
10	TIME_TOTAL 0
10	RECEIVED_RADIO_1 125
10	RECEIVED_RADIO_2 172
10	SENT_RADIO_1 172
10	SENT_RADIO_2 125
10	RADIO_TIME_1 19840
10	RADIO_TIME_2 19840
10	RETRANSMISSIONS_1 3
10	RETRANSMISSIONS_2 0
10	DROPPED_1 0
10	DROPPED_2 0
10	MAX_QUEUE 1
10	DUPLICATED_1 2
10	DUPLICATED_2 1
10	EBUSY_RADIO_1 0
10	EBUSY_RADIO_2 0
10	TEST_NUMBER 3
10	SENT_TOTAL 0
10	RECEIVED_TOTAL 0
10	TIME_TOTAL 0
10	RECEIVED_RADIO_1 125
10	RECEIVED_RADIO_2 168
10	SENT_RADIO_1 168
10	SENT_RADIO_2 125
10	RADIO_TIME_1 19857
10	RADIO_TIME_2 19857
10	RETRANSMISSIONS_1 3
10	RETRANSMISSIONS_2 0
10	DROPPED_1 0
10	DROPPED_2 0
10	MAX_QUEUE 1
10	DUPLICATED_1 2
10	DUPLICATED_2 1
10	EBUSY_RADIO_1 0
10	EBUSY_RADIO_2 0
10	TEST_NUMBER 4
10	SENT_TOTAL 0
10	RECEIVED_TOTAL 0
10	TIME_TOTAL 0
10	RECEIVED_RADIO_1 125
10	RECEIVED_RADIO_2 168
10	SENT_RADIO_1 168
10	SENT_RADIO_2 125
10	RADIO_TIME_1 19852
10	RADIO_TIME_2 19852
10	RETRANSMISSIONS_1 5
10	RETRANSMISSIONS_2 0
10	DROPPED_1 0
10	DROPPED_2 0
10	MAX_QUEUE 2
10	DUPLICATED_1 5
10	DUPLICATED_2 1
10	EBUSY_RADIO_1 0
10	EBUSY_RADIO_2 0
10	TEST_NUMBER 5
10	SENT_TOTAL 0
10	RECEIVED_TOTAL 0
10	TIME_TOTAL 0
10	RECEIVED_RADIO_1 125
10	RECEIVED_RADIO_2 162
10	SENT_RADIO_1 162
10	SENT_RADIO_2 125
10	RADIO_TIME_1 19836
10	RADIO_TIME_2 19836
10	RETRANSMISSIONS_1 4
10	RETRANSMISSIONS_2 0
10	DROPPED_1 0
10	DROPPED_2 0
10	MAX_QUEUE 1
10	DUPLICATED_1 1
10	DUPLICATED_2 0
10	EBUSY_RADIO_1 0
10	EBUSY_RADIO_2 0
10	TEST_NUMBER 6
10	SENT_TOTAL 0
10	RECEIVED_TOTAL 0
10	TIME_TOTAL 0
10	RECEIVED_RADIO_1 125
10	RECEIVED_RADIO_2 160
10	SENT_RADIO_1 160
10	SENT_RADIO_2 125
10	RADIO_TIME_1 19894
10	RADIO_TIME_2 19894
10	RETRANSMISSIONS_1 3
10	RETRANSMISSIONS_2 0
10	DROPPED_1 0
10	DROPPED_2 0
10	MAX_QUEUE 1
10	DUPLICATED_1 3
10	DUPLICATED_2 2
10	EBUSY_RADIO_1 0
10	EBUSY_RADIO_2 0
