
17	RELAY_NODE 17
17	TEST_NUMBER 0
17	SENT_TOTAL 0
17	RECEIVED_TOTAL 0
17	TIME_TOTAL 0
17	RECEIVED_RADIO_1 107
17	RECEIVED_RADIO_2 106
17	SENT_RADIO_1 106
17	SENT_RADIO_2 107
17	RADIO_TIME_1 16895
17	RADIO_TIME_2 16894
17	RETRANSMISSIONS_1 0
17	RETRANSMISSIONS_2 0
17	DROPPED_1 0
17	DROPPED_2 0
17	MAX_QUEUE 1
17	DUPLICATED_1 0
17	DUPLICATED_2 0
17	EBUSY_RADIO_1 0
17	EBUSY_RADIO_2 0
17	TEST_NUMBER 1
17	SENT_TOTAL 0
17	RECEIVED_TOTAL 0
17	TIME_TOTAL 0
17	RECEIVED_RADIO_1 125
17	RECEIVED_RADIO_2 125
17	SENT_RADIO_1 125
17	SENT_RADIO_2 125
17	RADIO_TIME_1 29790
17	RADIO_TIME_2 29790
17	RETRANSMISSIONS_1 0
17	RETRANSMISSIONS_2 0
17	DROPPED_1 0
17	DROPPED_2 0
17	MAX_QUEUE 1
17	DUPLICATED_1 0
17	DUPLICATED_2 0
17	EBUSY_RADIO_1 0
17	EBUSY_RADIO_2 0
17	TEST_NUMBER 2
17	SENT_TOTAL 0
17	RECEIVED_TOTAL 0
17	TIME_TOTAL 0
17	RECEIVED_RADIO_1 125
17	RECEIVED_RADIO_2 125
17	SENT_RADIO_1 125
17	SENT_RADIO_2 125
17	RADIO_TIME_1 29786
17	RADIO_TIME_2 29786
17	RETRANSMISSIONS_1 0
17	RETRANSMISSIONS_2 0
17	DROPPED_1 0
17	DROPPED_2 0
17	MAX_QUEUE 1
17	DUPLICATED_1 0
17	DUPLICATED_2 0
17	EBUSY_RADIO_1 0
17	EBUSY_RADIO_2 0
17	TEST_NUMBER 3
17	SENT_TOTAL 0
17	RECEIVED_TOTAL 0
17	TIME_TOTAL 0
17	RECEIVED_RADIO_1 125
17	RECEIVED_RADIO_2 125
17	SENT_RADIO_1 125
17	SENT_RADIO_2 125
17	RADIO_TIME_1 29807
17	RADIO_TIME_2 29807
17	RETRANSMISSIONS_1 0
17	RETRANSMISSIONS_2 0
17	DROPPED_1 0
17	DROPPED_2 0
17	MAX_QUEUE 1
17	DUPLICATED_1 0
17	DUPLICATED_2 0
17	EBUSY_RADIO_1 0
17	EBUSY_RADIO_2 0
17	TEST_NUMBER 4
17	SENT_TOTAL 0
17	RECEIVED_TOTAL 0
17	TIME_TOTAL 0
17	RECEIVED_RADIO_1 125
17	RECEIVED_RADIO_2 125
17	SENT_RADIO_1 125
17	SENT_RADIO_2 125
17	RADIO_TIME_1 29737
17	RADIO_TIME_2 29737
17	RETRANSMISSIONS_1 0
17	RETRANSMISSIONS_2 0
17	DROPPED_1 0
17	DROPPED_2 0
17	MAX_QUEUE 1
17	DUPLICATED_1 0
17	DUPLICATED_2 0
17	EBUSY_RADIO_1 0
17	EBUSY_RADIO_2 0
17	TEST_NUMBER 5
17	SENT_TOTAL 0
17	RECEIVED_TOTAL 0
17	TIME_TOTAL 0
17	RECEIVED_RADIO_1 125
17	RECEIVED_RADIO_2 124
17	SENT_RADIO_1 124
17	SENT_RADIO_2 125
17	RADIO_TIME_1 29726
17	RADIO_TIME_2 29726
17	RETRANSMISSIONS_1 0
17	RETRANSMISSIONS_2 0
17	DROPPED_1 0
17	DROPPED_2 0
17	MAX_QUEUE 1
17	DUPLICATED_1 0
17	DUPLICATED_2 0
17	EBUSY_RADIO_1 0
17	EBUSY_RADIO_2 0
17	TEST_NUMBER 6
17	SENT_TOTAL 0
17	RECEIVED_TOTAL 0
17	TIME_TOTAL 0
17	RECEIVED_RADIO_1 125
17	RECEIVED_RADIO_2 125
17	SENT_RADIO_1 125
17	SENT_RADIO_2 125
17	RADIO_TIME_1 29862
17	RADIO_TIME_2 29862
17	RETRANSMISSIONS_1 0
17	RETRANSMISSIONS_2 0
17	DROPPED_1 0
17	DROPPED_2 0
17	MAX_QUEUE 1
17	DUPLICATED_1 0
17	DUPLICATED_2 0
17	EBUSY_RADIO_1 0
17	EBUSY_RADIO_2 0

18	SOURCE_NODE 18
18	84 1
18	84 2
18	83 2
18	85 2
18	79 19
18	84 3
18	84 4
18	83 4
18	85 4
18	79 37
18	84 5
18	84 6
18	83 6
18	85 6
18	79 28
18	84 7
18	84 8
18	83 8
18	85 8
18	79 25
18	84 9
18	84 10
18	83 10
18	85 10
18	79 27
18	84 11
18	84 12
18	83 12
18	85 12
18	79 32
18	84 13
18	84 14
18	83 14
18	85 14
18	79 28
18	84 15
18	84 16
18	83 16
18	85 16
18	79 28
18	84 17
18	84 18
18	83 18
18	85 18
18	79 30
18	84 19
18	84 20
18	83 20
18	85 20
18	79 34
18	84 1
18	84 2
18	83 2
18	85 2
18	79 32
18	84 3
18	84 4
18	83 4
18	85 4
18	79 28
18	84 5
18	84 6
18	83 6
18	85 6
18	79 27
18	84 7
18	84 8
18	83 8
18	85 8
18	79 27
18	84 9
18	84 10
18	83 10
18	85 10
18	79 27
18	84 11
18	84 12
18	83 12
18	85 12
18	79 33
18	84 13
18	84 14
18	83 14
18	85 14
18	79 26
18	84 15
18	84 16
18	83 16
18	85 16
18	79 30
18	84 17
18	84 18
18	83 18
18	85 18
18	79 26
18	84 19
18	84 20
18	83 20
18	85 20
18	79 32
18	84 1
18	84 2
18	83 2
18	85 2
18	79 32
18	84 3
18	84 4
18	83 4
18	85 4
18	79 29
18	84 5
18	84 6
18	83 6
18	85 6
18	79 32
18	84 7
18	84 8
18	83 8
18	85 8
18	79 30
18	84 9
18	84 10
18	84 11
18	84 12
18	83 12
18	85 12
18	79 24
18	84 13
18	84 14
18	83 14
18	85 14
18	79 28
18	84 15
18	84 16
18	83 16
18	85 16
18	79 30
18	84 17
18	84 18
18	83 18
18	85 18
18	79 32
18	84 19
18	84 20
18	83 20
18	85 20
18	79 34
18	84 1
18	84 2
18	83 2
18	85 2
18	79 32
18	84 3
18	84 4
18	83 4
18	85 4
18	79 27
18	84 5
18	84 6
18	83 6
18	85 6
18	79 32
18	84 7
18	84 8
18	83 8
18	85 8
18	79 26
18	84 9
18	84 10
18	83 10
18	85 10
18	79 32
18	84 11
18	84 12
18	83 12
18	85 12
18	79 33
18	84 13
18	84 14
18	83 14
18	85 14
18	79 30
18	84 15
18	84 16
18	83 16
18	85 16
18	79 29
18	84 17
18	84 18
18	83 18
18	85 18
18	79 34
18	84 19
18	84 20
18	83 20
18	85 20
18	79 33
18	84 1
18	84 2
18	83 2
18	85 2
18	79 31
18	84 3
18	84 4
18	83 4
18	85 4
18	79 30
18	84 5
18	84 6
18	83 6
18	85 6
18	79 26
18	84 7
18	84 8
18	83 8
18	85 8
18	79 26
18	84 9
18	84 10
18	83 10
18	85 10
18	79 27
18	84 11
18	84 12
18	83 12
18	85 12
18	79 31
18	84 13
18	84 14
18	83 14
18	85 14
18	79 33
18	84 15
18	84 16
18	83 16
18	85 16
18	79 31
18	84 17
18	84 18
18	83 18
18	85 18
18	79 26
18	84 19
18	84 20
18	83 20
18	85 20
18	79 27
18	84 1
18	84 2
18	83 2
18	85 2
18	79 28
18	84 3
18	84 4
18	83 4
18	85 4
18	79 25
18	84 5
18	84 6
18	83 6
18	85 6
18	79 29
18	84 7
18	84 8
18	83 8
18	85 8
18	79 32
18	84 9
18	84 10
18	83 10
18	85 10
18	79 30
18	84 11
18	84 12
18	83 12
18	85 12
18	79 27
18	84 13
18	84 14
18	83 14
18	85 14
18	79 29
18	84 15
18	84 16
18	84 17
18	84 18
18	83 18
18	85 18
18	79 28
18	84 19
18	84 20
18	83 20
18	85 20
18	79 29
18	84 1
18	84 2
18	83 2
18	85 2
18	79 32
18	84 3
18	84 4
18	83 4
18	85 4
18	79 29
18	84 5
18	84 6
18	83 6
18	85 6
18	79 33
18	84 7
18	84 8
18	83 8
18	85 8
18	79 24
18	84 9
18	84 10
18	83 10
18	85 10
18	79 31
18	84 11
18	84 12
18	83 12
18	85 12
18	79 35
18	84 13
18	84 14
18	83 14
18	85 14
18	79 30
18	84 15
18	84 16
18	83 16
18	85 16
18	79 29
18	84 17
18	84 18
18	83 18
18	85 18
18	79 29
18	84 19
18	84 20
18	83 20
18	85 20
18	79 31
18	84 1
18	84 2
18	83 2
18	85 2
18	79 29
18	84 3
18	84 4
18	83 4
18	85 4
18	79 31
18	84 5
18	84 6
18	83 6
18	85 6
18	79 33
18	84 7
18	84 8
18	83 8
18	85 8
18	79 31
18	84 9
18	84 10
18	83 10
18	85 10
18	79 31
18	84 11
18	84 12
18	83 12
18	85 12
18	79 27
18	84 13
18	84 14
18	83 14
18	85 14
18	79 36
18	84 15
18	84 16
18	83 16
18	85 16
18	79 28
18	84 17
18	84 18
18	83 18
18	85 18
18	79 28
18	84 19
18	84 20
18	83 20
18	85 20
18	79 30
18	84 1
18	84 2
18	83 2
18	85 2
18	79 30
18	84 3
18	84 4
18	83 4
18	85 4
18	79 23
18	84 5
18	84 6
18	83 6
18	85 6
18	79 30
18	84 7
18	84 8
18	83 8
18	85 8
18	79 30
18	84 9
18	84 10
18	83 10
18	85 10
18	79 26
18	84 11
18	84 12
18	83 12
18	85 12
18	79 24
18	84 13
18	84 14
18	83 14
18	85 14
18	79 32
18	84 15
18	84 16
18	83 16
18	85 16
18	79 35
18	84 17
18	84 18
18	83 18
18	85 18
18	79 30
18	84 19
18	84 20
18	83 20
18	85 20
18	79 31
18	84 1
18	84 2
18	83 2
18	85 2
18	79 29
18	84 3
18	84 4
18	83 4
18	85 4
18	79 26
18	84 5
18	84 6
18	83 6
18	85 6
18	79 26
18	84 7
18	84 8
18	83 8
18	85 8
18	79 25
18	84 9
18	84 10
18	83 10
18	85 10
18	79 25
18	84 11
18	84 12
18	83 12
18	85 12
18	79 30
18	84 13
18	84 14
18	83 14
18	85 14
18	79 27
18	84 15
18	84 16
18	83 16
18	85 16
18	79 25
18	84 17
18	84 18
18	83 18
18	85 18
18	79 29
18	84 19
18	84 20
18	83 20
18	85 20
18	79 27
18	84 1
18	84 2
18	83 2
18	85 2
18	79 24
18	84 3
18	84 4
18	83 4
18	85 4
18	79 28
18	84 5
18	84 6
18	83 6
18	85 6
18	79 28
18	84 7
18	84 8
18	83 8
18	85 8
18	79 33
18	84 9
18	84 10
18	83 10
18	85 10
18	79 31
18	84 11
18	84 12
18	83 12
18	85 12
18	79 30
18	84 13
18	84 14
18	83 14
18	85 14
18	79 28
18	84 15
18	84 16
18	84 17
18	84 18
18	83 18
18	85 18
18	79 28
18	84 19
18	84 20
18	83 20
18	85 20
18	79 30
18	84 1
18	84 2
18	83 2
18	85 2
18	79 25
18	84 3
18	84 4
18	83 4
18	85 4
18	79 27
18	84 5
18	84 6
18	83 6
18	85 6
18	79 22
18	84 7
18	84 8
18	83 8
18	85 8
18	79 24
18	84 9
18	84 10
18	83 10
18	85 10
18	79 29
18	84 11
18	84 12
18	83 12
18	85 12
18	79 31
18	84 13
18	84 14
18	83 14
18	85 14
18	79 36
18	84 15
18	84 16
18	83 16
18	85 16
18	79 28
18	84 17
18	84 18
18	83 18
18	85 18
18	79 28
18	84 19
18	84 20
18	83 20
18	85 20
18	79 26
18	84 1
18	84 2
18	83 2
18	85 2
18	79 28
18	84 3
18	84 4
18	83 4
18	85 4
18	79 23
18	84 5
18	84 6
18	83 6
18	85 6
18	79 25
18	84 7
18	84 8
18	83 8
18	85 8
18	79 26
18	84 9
18	84 10
18	TEST_NUMBER 0
18	SENT_TOTAL 250
18	RECEIVED_TOTAL 121
18	TIME_TOTAL 19611
18	RECEIVED_RADIO_1 121
18	RECEIVED_RADIO_2 0
18	SENT_RADIO_1 125
18	SENT_RADIO_2 124
18	RADIO_TIME_1 19763
18	RADIO_TIME_2 19763
18	RETRANSMISSIONS_1 0
18	RETRANSMISSIONS_2 0
18	DROPPED_1 0
18	DROPPED_2 0
18	MAX_QUEUE 1
18	DUPLICATED_1 0
18	DUPLICATED_2 0
18	EBUSY_RADIO_1 0
18	EBUSY_RADIO_2 0
18	83 0
18	85 10
18	86 0
18	84 1
18	84 2
18	83 2
18	85 2
18	79 31
18	84 3
18	84 4
18	83 4
18	85 4
18	79 29
18	84 5
18	84 6
18	83 6
18	85 6
18	79 29
18	84 7
18	84 8
18	83 8
18	85 8
18	79 30
18	84 9
18	84 10
18	83 10
18	85 10
18	79 33
18	84 11
18	84 12
18	83 12
18	85 12
18	79 34
18	84 13
18	84 14
18	83 14
18	85 14
18	79 27
18	84 15
18	84 16
18	83 16
18	85 16
18	79 29
18	84 17
18	84 18
18	83 18
18	85 18
18	79 31
18	84 19
18	84 20
18	83 20
18	85 20
18	79 29
18	84 1
18	84 2
18	83 2
18	85 2
18	79 27
18	84 3
18	84 4
18	83 4
18	85 4
18	79 35
18	84 5
18	84 6
18	83 6
18	85 6
18	79 32
18	84 7
18	84 8
18	83 8
18	85 8
18	79 25
18	84 9
18	84 10
18	84 11
18	84 12
18	83 12
18	85 12
18	79 25
18	84 13
18	84 14
18	83 14
18	85 14
18	79 31
18	84 15
18	84 16
18	83 16
18	85 16
18	79 37
18	84 17
18	84 18
18	83 18
18	85 18
18	79 32
18	84 19
18	84 20
18	83 20
18	85 20
18	79 24
18	84 1
18	84 2
18	83 2
18	85 2
18	79 33
18	84 3
18	84 4
18	84 5
18	84 6
18	83 6
18	85 6
18	79 31
18	84 7
18	84 8
18	83 8
18	85 8
18	79 30
18	84 9
18	84 10
18	83 10
18	85 10
18	79 26
18	84 11
18	84 12
18	83 12
18	85 12
18	79 22
18	84 13
18	84 14
18	83 14
18	85 14
18	79 29
18	84 15
18	84 16
18	83 16
18	85 16
18	79 21
18	84 17
18	84 18
18	83 18
18	85 18
18	79 37
18	84 19
18	84 20
18	83 20
18	85 20
18	79 27
18	84 1
18	84 2
18	83 2
18	85 2
18	79 34
18	84 3
18	84 4
18	83 4
18	85 4
18	79 31
18	84 5
18	84 6
18	83 6
18	85 6
18	79 29
18	84 7
18	84 8
18	83 8
18	85 8
18	79 29
18	84 9
18	84 10
18	83 10
18	85 10
18	79 31
18	84 11
18	84 12
18	83 12
18	85 12
18	79 26
18	84 13
18	84 14
18	83 14
18	85 14
18	79 26
18	84 15
18	84 16
18	83 16
18	85 16
18	79 30
18	84 17
18	84 18
18	83 18
18	85 18
18	79 31
18	84 19
18	84 20
18	83 20
18	85 20
18	79 27
18	84 1
18	84 2
18	83 2
18	85 2
18	79 33
18	84 3
18	84 4
18	83 4
18	85 4
18	79 29
18	84 5
18	84 6
18	83 6
18	85 6
18	79 29
18	84 7
18	84 8
18	83 8
18	85 8
18	79 29
18	84 9
18	84 10
18	83 10
18	85 10
18	79 31
18	84 11
18	84 12
18	83 12
18	85 12
18	79 29
18	84 13
18	84 14
18	83 14
18	85 14
18	79 27
18	84 15
18	84 16
18	83 16
18	85 16
18	79 30
18	84 17
18	84 18
18	83 18
18	85 18
18	79 29
18	84 19
18	84 20
18	83 20
18	85 20
18	79 27
18	84 1
18	84 2
18	83 2
18	85 2
18	79 28
18	84 3
18	84 4
18	83 4
18	85 4
18	79 25
18	84 5
18	84 6
18	83 6
18	85 6
18	79 25
18	84 7
18	84 8
18	83 8
18	85 8
18	79 27
18	84 9
18	84 10
18	83 10
18	85 10
18	79 30
18	84 11
18	84 12
18	83 12
18	85 12
18	79 25
18	84 13
18	84 14
18	83 14
18	85 14
18	79 28
18	84 15
18	84 16
18	83 16
18	85 16
18	79 31
18	84 17
18	84 18
18	83 18
18	85 18
18	79 31
18	84 19
18	84 20
18	83 20
18	85 20
18	79 30
18	84 1
18	84 2
18	83 2
18	85 2
18	79 26
18	84 3
18	84 4
18	83 4
18	85 4
18	79 31
18	84 5
18	84 6
18	83 6
18	85 6
18	79 32
18	84 7
18	84 8
18	83 8
18	85 8
18	79 27
18	84 9
18	84 10
18	83 10
18	85 10
18	79 20
18	84 11
18	84 12
18	83 12
18	85 12
18	79 28
18	84 13
18	84 14
18	83 14
18	85 14
18	79 28
18	84 15
18	84 16
18	83 16
18	85 16
18	79 28
18	84 17
18	84 18
18	83 18
18	85 18
18	79 27
18	84 19
18	84 20
18	83 20
18	85 20
18	79 29
18	84 1
18	84 2
18	83 2
18	85 2
18	79 29
18	84 3
18	84 4
18	83 4
18	85 4
18	79 25
18	84 5
18	84 6
18	83 6
18	85 6
18	79 27
18	84 7
18	84 8
18	83 8
18	85 8
18	79 29
18	84 9
18	84 10
18	83 10
18	85 10
18	79 32
18	84 11
18	84 12
18	83 12
18	85 12
18	79 28
18	84 13
18	84 14
18	83 14
18	85 14
18	79 27
18	84 15
18	84 16
18	83 16
18	85 16
18	79 28
18	84 17
18	84 18
18	83 18
18	85 18
18	79 31
18	84 19
18	84 20
18	83 20
18	85 20
18	79 29
18	84 1
18	84 2
18	83 2
18	85 2
18	79 26
18	84 3
18	84 4
18	83 4
18	85 4
18	79 34
18	84 5
18	84 6
18	83 6
18	85 6
18	79 25
18	84 7
18	84 8
18	83 8
18	85 8
18	79 28
18	84 9
18	84 10
18	83 10
18	85 10
18	79 29
18	84 11
18	84 12
18	83 12
18	85 12
18	79 28
18	84 13
18	84 14
18	83 14
18	85 14
18	79 36
18	84 15
18	84 16
18	83 16
18	85 16
18	79 27
18	84 17
18	84 18
18	83 18
18	85 18
18	79 29
18	84 19
18	84 20
18	83 20
18	85 20
18	79 34
18	84 1
18	84 2
18	83 2
18	85 2
18	79 31
18	84 3
18	84 4
18	83 4
18	85 4
18	79 30
18	84 5
18	84 6
18	83 6
18	85 6
18	79 29
18	84 7
18	84 8
18	83 8
18	85 8
18	79 32
18	84 9
18	84 10
18	83 10
18	85 10
18	79 29
18	84 11
18	84 12
18	83 12
18	85 12
18	79 27
18	84 13
18	84 14
18	83 14
18	85 14
18	79 27
18	84 15
18	84 16
18	83 16
18	85 16
18	79 25
18	84 17
18	84 18
18	83 18
18	85 18
18	79 34
18	84 19
18	84 20
18	83 20
18	85 20
18	79 27
18	84 1
18	84 2
18	83 2
18	85 2
18	79 27
18	84 3
18	84 4
18	83 4
18	85 4
18	79 24
18	84 5
18	84 6
18	84 7
18	84 8
18	83 8
18	85 8
18	79 29
18	84 9
18	84 10
18	83 10
18	85 10
18	79 29
18	84 11
18	84 12
18	83 12
18	85 12
18	79 31
18	84 13
18	84 14
18	83 14
18	85 14
18	79 31
18	84 15
18	84 16
18	83 16
18	85 16
18	79 30
18	84 17
18	84 18
18	83 18
18	85 18
18	79 29
18	84 19
18	84 20
18	83 20
18	85 20
18	79 24
18	84 1
18	84 2
18	83 2
18	85 2
18	79 32
18	84 3
18	84 4
18	83 4
18	85 4
18	79 30
18	84 5
18	84 6
18	83 6
18	85 6
18	79 28
18	84 7
18	84 8
18	83 8
18	85 8
18	79 27
18	84 9
18	84 10
18	83 10
18	85 10
18	79 25
18	84 11
18	84 12
18	83 12
18	85 12
18	79 28
18	84 13
18	84 14
18	83 14
18	85 14
18	79 29
18	84 15
18	84 16
18	83 16
18	85 16
18	79 29
18	84 17
18	84 18
18	83 18
18	85 18
18	79 27
18	84 19
18	84 20
18	83 20
18	85 20
18	79 29
18	84 1
18	84 2
18	83 2
18	85 2
18	79 29
18	84 3
18	84 4
18	83 4
18	85 4
18	79 30
18	84 5
18	84 6
18	83 6
18	85 6
18	79 30
18	84 7
18	84 8
18	83 8
18	85 8
18	79 29
18	84 9
18	84 10
18	TEST_NUMBER 1
18	SENT_TOTAL 250
18	RECEIVED_TOTAL 121
18	TIME_TOTAL 29727
18	RECEIVED_RADIO_1 122
18	RECEIVED_RADIO_2 0
18	SENT_RADIO_1 125
18	SENT_RADIO_2 125
18	RADIO_TIME_1 29778
18	RADIO_TIME_2 19763
18	RETRANSMISSIONS_1 0
18	RETRANSMISSIONS_2 0
18	DROPPED_1 0
18	DROPPED_2 0
18	MAX_QUEUE 1
18	DUPLICATED_1 0
18	DUPLICATED_2 0
18	EBUSY_RADIO_1 0
18	EBUSY_RADIO_2 0
18	83 0
18	85 10
18	86 1
18	84 1
18	84 2
18	83 2
18	85 2
18	79 28
18	84 3
18	84 4
18	83 4
18	85 4
18	79 31
18	84 5
18	84 6
18	83 6
18	85 6
18	79 26
18	84 7
18	84 8
18	83 8
18	85 8
18	79 26
18	84 9
18	84 10
18	83 10
18	85 10
18	79 27
18	84 11
18	84 12
18	83 12
18	85 12
18	79 27
18	84 13
18	84 14
18	83 14
18	85 14
18	79 31
18	84 15
18	84 16
18	83 16
18	85 16
18	79 25
18	84 17
18	84 18
18	83 18
18	85 18
18	79 30
18	84 19
18	84 20
18	83 20
18	85 20
18	79 33
18	84 1
18	84 2
18	83 2
18	85 2
18	79 30
18	84 3
18	84 4
18	83 4
18	85 4
18	79 29
18	84 5
18	84 6
18	83 6
18	85 6
18	79 32
18	84 7
18	84 8
18	83 8
18	85 8
18	79 31
18	84 9
18	84 10
18	83 10
18	85 10
18	79 27
18	84 11
18	84 12
18	84 13
18	84 14
18	83 14
18	85 14
18	79 32
18	84 15
18	84 16
18	83 16
18	85 16
18	79 36
18	84 17
18	84 18
18	83 18
18	85 18
18	79 31
18	84 19
18	84 20
18	83 20
18	85 20
18	79 30
18	84 1
18	84 2
18	83 2
18	85 2
18	79 29
18	84 3
18	84 4
18	83 4
18	85 4
18	79 25
18	84 5
18	84 6
18	83 6
18	85 6
18	79 31
18	84 7
18	84 8
18	83 8
18	85 8
18	79 29
18	84 9
18	84 10
18	83 10
18	85 10
18	79 28
18	84 11
18	84 12
18	83 12
18	85 12
18	79 32
18	84 13
18	84 14
18	83 14
18	85 14
18	79 26
18	84 15
18	84 16
18	83 16
18	85 16
18	79 29
18	84 17
18	84 18
18	83 18
18	85 18
18	79 31
18	84 19
18	84 20
18	83 20
18	85 20
18	79 27
18	84 1
18	84 2
18	83 2
18	85 2
18	79 27
18	84 3
18	84 4
18	83 4
18	85 4
18	79 30
18	84 5
18	84 6
18	83 6
18	85 6
18	79 33
18	84 7
18	84 8
18	83 8
18	85 8
18	79 28
18	84 9
18	84 10
18	83 10
18	85 10
18	79 30
18	84 11
18	84 12
18	83 12
18	85 12
18	79 30
18	84 13
18	84 14
18	83 14
18	85 14
18	79 28
18	84 15
18	84 16
18	83 16
18	85 16
18	79 28
18	84 17
18	84 18
18	83 18
18	85 18
18	79 27
18	84 19
18	84 20
18	84 1
18	84 2
18	83 2
18	85 2
18	79 28
18	84 3
18	84 4
18	84 5
18	84 6
18	83 6
18	85 6
18	79 30
18	84 7
18	84 8
18	83 8
18	85 8
18	79 29
18	84 9
18	84 10
18	83 10
18	85 10
18	79 29
18	84 11
18	84 12
18	83 12
18	85 12
18	79 26
18	84 13
18	84 14
18	83 14
18	85 14
18	79 26
18	84 15
18	84 16
18	83 16
18	85 16
18	79 31
18	84 17
18	84 18
18	83 18
18	85 18
18	79 29
18	84 19
18	84 20
18	83 20
18	85 20
18	79 25
18	84 1
18	84 2
18	83 2
18	85 2
18	79 29
18	84 3
18	84 4
18	83 4
18	85 4
18	79 31
18	84 5
18	84 6
18	83 6
18	85 6
18	79 29
18	84 7
18	84 8
18	83 8
18	85 8
18	79 25
18	84 9
18	84 10
18	83 10
18	85 10
18	79 27
18	84 11
18	84 12
18	83 12
18	85 12
18	79 25
18	84 13
18	84 14
18	83 14
18	85 14
18	79 33
18	84 15
18	84 16
18	83 16
18	85 16
18	79 26
18	84 17
18	84 18
18	83 18
18	85 18
18	79 26
18	84 19
18	84 20
18	83 20
18	85 20
18	79 28
18	84 1
18	84 2
18	83 2
18	85 2
18	79 29
18	84 3
18	84 4
18	83 4
18	85 4
18	79 25
18	84 5
18	84 6
18	83 6
18	85 6
18	79 27
18	84 7
18	84 8
18	83 8
18	85 8
18	79 31
18	84 9
18	84 10
18	83 10
18	85 10
18	79 26
18	84 11
18	84 12
18	83 12
18	85 12
18	79 30
18	84 13
18	84 14
18	83 14
18	85 14
18	79 27
18	84 15
18	84 16
18	83 16
18	85 16
18	79 27
18	84 17
18	84 18
18	83 18
18	85 18
18	79 37
18	84 19
18	84 20
18	83 20
18	85 20
18	79 28
18	84 1
18	84 2
18	83 2
18	85 2
18	79 28
18	84 3
18	84 4
18	84 5
18	84 6
18	83 6
18	85 6
18	79 34
18	84 7
18	84 8
18	83 8
18	85 8
18	79 26
18	84 9
18	84 10
18	83 10
18	85 10
18	79 27
18	84 11
18	84 12
18	83 12
18	85 12
18	79 32
18	84 13
18	84 14
18	83 14
18	85 14
18	79 28
18	84 15
18	84 16
18	83 16
18	85 16
18	79 30
18	84 17
18	84 18
18	83 18
18	85 18
18	79 34
18	84 19
18	84 20
18	83 20
18	85 20
18	79 28
18	84 1
18	84 2
18	83 2
18	85 2
18	79 27
18	84 3
18	84 4
18	83 4
18	85 4
18	79 30
18	84 5
18	84 6
18	83 6
18	85 6
18	79 31
18	84 7
18	84 8
18	83 8
18	85 8
18	79 26
18	84 9
18	84 10
18	83 10
18	85 10
18	79 32
18	84 11
18	84 12
18	83 12
18	85 12
18	79 31
18	84 13
18	84 14
18	83 14
18	85 14
18	79 28
18	84 15
18	84 16
18	83 16
18	85 16
18	79 32
18	84 17
18	84 18
18	83 18
18	85 18
18	79 30
18	84 19
18	84 20
18	83 20
18	85 20
18	79 32
18	84 1
18	84 2
18	83 2
18	85 2
18	79 32
18	84 3
18	84 4
18	83 4
18	85 4
18	79 30
18	84 5
18	84 6
18	83 6
18	85 6
18	79 27
18	84 7
18	84 8
18	83 8
18	85 8
18	79 28
18	84 9
18	84 10
18	83 10
18	85 10
18	79 24
18	84 11
18	84 12
18	83 12
18	85 12
18	79 27
18	84 13
18	84 14
18	83 14
18	85 14
18	79 28
18	84 15
18	84 16
18	83 16
18	85 16
18	79 26
18	84 17
18	84 18
18	83 18
18	85 18
18	79 30
18	84 19
18	84 20
18	83 20
18	85 20
18	79 31
18	84 1
18	84 2
18	83 2
18	85 2
18	79 33
18	84 3
18	84 4
18	83 4
18	85 4
18	79 27
18	84 5
18	84 6
18	83 6
18	85 6
18	79 27
18	84 7
18	84 8
18	83 8
18	85 8
18	79 25
18	84 9
18	84 10
18	83 10
18	85 10
18	79 23
18	84 11
18	84 12
18	83 12
18	85 12
18	79 26
18	84 13
18	84 14
18	83 14
18	85 14
18	79 24
18	84 15
18	84 16
18	83 16
18	85 16
18	79 25
18	84 17
18	84 18
18	83 18
18	85 18
18	79 27
18	84 19
18	84 20
18	83 20
18	85 20
18	79 28
18	84 1
18	84 2
18	83 2
18	85 2
18	79 30
18	84 3
18	84 4
18	83 4
18	85 4
18	79 25
18	84 5
18	84 6
18	83 6
18	85 6
18	79 31
18	84 7
18	84 8
18	83 8
18	85 8
18	79 33
18	84 9
18	84 10
18	83 10
18	85 10
18	79 30
18	84 11
18	84 12
18	83 12
18	85 12
18	79 32
18	84 13
18	84 14
18	83 14
18	85 14
18	79 27
18	84 15
18	84 16
18	83 16
18	85 16
18	79 31
18	84 17
18	84 18
18	83 18
18	85 18
18	79 30
18	84 19
18	84 20
18	83 20
18	85 20
18	79 29
18	84 1
18	84 2
18	83 2
18	85 2
18	79 29
18	84 3
18	84 4
18	83 4
18	85 4
18	79 25
18	84 5
18	84 6
18	83 6
18	85 6
18	79 31
18	84 7
18	84 8
18	83 8
18	85 8
18	79 25
18	84 9
18	84 10
18	TEST_NUMBER 2
18	SENT_TOTAL 250
18	RECEIVED_TOTAL 120
18	TIME_TOTAL 29718
18	RECEIVED_RADIO_1 121
18	RECEIVED_RADIO_2 0
18	SENT_RADIO_1 125
18	SENT_RADIO_2 125
18	RADIO_TIME_1 29773
18	RADIO_TIME_2 19763
18	RETRANSMISSIONS_1 0
18	RETRANSMISSIONS_2 0
18	DROPPED_1 0
18	DROPPED_2 0
18	MAX_QUEUE 1
18	DUPLICATED_1 0
18	DUPLICATED_2 0
18	EBUSY_RADIO_1 0
18	EBUSY_RADIO_2 0
18	83 0
18	85 10
18	86 2
18	84 1
18	84 2
18	83 2
18	85 2
18	79 29
18	84 3
18	84 4
18	83 4
18	85 4
18	79 26
18	84 5
18	84 6
18	83 6
18	85 6
18	79 31
18	84 7
18	84 8
18	83 8
18	85 8
18	79 27
18	84 9
18	84 10
18	83 10
18	85 10
18	79 21
18	84 11
18	84 12
18	83 12
18	85 12
18	79 31
18	84 13
18	84 14
18	83 14
18	85 14
18	79 26
18	84 15
18	84 16
18	83 16
18	85 16
18	79 35
18	84 17
18	84 18
18	83 18
18	85 18
18	79 31
18	84 19
18	84 20
18	83 20
18	85 20
18	79 30
18	84 1
18	84 2
18	83 2
18	85 2
18	79 35
18	84 3
18	84 4
18	83 4
18	85 4
18	79 30
18	84 5
18	84 6
18	83 6
18	85 6
18	79 31
18	84 7
18	84 8
18	83 8
18	85 8
18	79 30
18	84 9
18	84 10
18	83 10
18	85 10
18	79 25
18	84 11
18	84 12
18	83 12
18	85 12
18	79 25
18	84 13
18	84 14
18	83 14
18	85 14
18	79 30
18	84 15
18	84 16
18	83 16
18	85 16
18	79 32
18	84 17
18	84 18
18	83 18
18	85 18
18	79 21
18	84 19
18	84 20
18	83 20
18	85 20
18	79 29
18	84 1
18	84 2
18	83 2
18	85 2
18	79 34
18	84 3
18	84 4
18	83 4
18	85 4
18	79 27
18	84 5
18	84 6
18	83 6
18	85 6
18	79 27
18	84 7
18	84 8
18	83 8
18	85 8
18	79 29
18	84 9
18	84 10
18	83 10
18	85 10
18	79 29
18	84 11
18	84 12
18	83 12
18	85 12
18	79 31
18	84 13
18	84 14
18	83 14
18	85 14
18	79 35
18	84 15
18	84 16
18	83 16
18	85 16
18	79 34
18	84 17
18	84 18
18	83 18
18	85 18
18	79 33
18	84 19
18	84 20
18	83 20
18	85 20
18	79 29
18	84 1
18	84 2
18	83 2
18	85 2
18	79 26
18	84 3
18	84 4
18	83 4
18	85 4
18	79 28
18	84 5
18	84 6
18	83 6
18	85 6
18	79 30
18	84 7
18	84 8
18	83 8
18	85 8
18	79 27
18	84 9
18	84 10
18	83 10
18	85 10
18	79 27
18	84 11
18	84 12
18	83 12
18	85 12
18	79 21
18	84 13
18	84 14
18	83 14
18	85 14
18	79 29
18	84 15
18	84 16
18	83 16
18	85 16
18	79 35
18	84 17
18	84 18
18	83 18
18	85 18
18	79 27
18	84 19
18	84 20
18	83 20
18	85 20
18	79 34
18	84 1
18	84 2
18	83 2
18	85 2
18	79 24
18	84 3
18	84 4
18	83 4
18	85 4
18	79 28
18	84 5
18	84 6
18	83 6
18	85 6
18	79 30
18	84 7
18	84 8
18	83 8
18	85 8
18	79 24
18	84 9
18	84 10
18	83 10
18	85 10
18	79 26
18	84 11
18	84 12
18	83 12
18	85 12
18	79 27
18	84 13
18	84 14
18	83 14
18	85 14
18	79 26
18	84 15
18	84 16
18	83 16
18	85 16
18	79 23
18	84 17
18	84 18
18	83 18
18	85 18
18	79 27
18	84 19
18	84 20
18	83 20
18	85 20
18	79 28
18	84 1
18	84 2
18	83 2
18	85 2
18	79 32
18	84 3
18	84 4
18	83 4
18	85 4
18	79 32
18	84 5
18	84 6
18	83 6
18	85 6
18	79 27
18	84 7
18	84 8
18	83 8
18	85 8
18	79 34
18	84 9
18	84 10
18	83 10
18	85 10
18	79 30
18	84 11
18	84 12
18	83 12
18	85 12
18	79 34
18	84 13
18	84 14
18	83 14
18	85 14
18	79 27
18	84 15
18	84 16
18	83 16
18	85 16
18	79 22
18	84 17
18	84 18
18	83 18
18	85 18
18	79 24
18	84 19
18	84 20
18	83 20
18	85 20
18	79 27
18	84 1
18	84 2
18	83 2
18	85 2
18	79 21
18	84 3
18	84 4
18	83 4
18	85 4
18	79 35
18	84 5
18	84 6
18	83 6
18	85 6
18	79 27
18	84 7
18	84 8
18	83 8
18	85 8
18	79 30
18	84 9
18	84 10
18	83 10
18	85 10
18	79 24
18	84 11
18	84 12
18	83 12
18	85 12
18	79 26
18	84 13
18	84 14
18	83 14
18	85 14
18	79 25
18	84 15
18	84 16
18	83 16
18	85 16
18	79 26
18	84 17
18	84 18
18	83 18
18	85 18
18	79 26
18	84 19
18	84 20
18	83 20
18	85 20
18	79 30
18	84 1
18	84 2
18	83 2
18	85 2
18	79 33
18	84 3
18	84 4
18	83 4
18	85 4
18	79 34
18	84 5
18	84 6
18	83 6
18	85 6
18	79 26
18	84 7
18	84 8
18	84 9
18	83 9
18	85 9
18	79 29
18	84 10
18	84 11
18	83 11
18	85 11
18	79 32
18	84 12
18	84 13
18	83 13
18	85 13
18	79 31
18	84 14
18	84 15
18	83 15
18	85 15
18	79 27
18	84 16
18	84 17
18	83 17
18	85 17
18	79 28
18	84 18
18	84 19
18	83 19
18	85 19
18	79 34
18	84 20
18	84 1
18	83 1
18	85 1
18	79 30
18	84 2
18	84 3
18	83 3
18	85 3
18	79 31
18	84 4
18	84 5
18	83 5
18	85 5
18	79 27
18	84 6
18	84 7
18	83 7
18	85 7
18	79 31
18	84 8
18	84 9
18	83 9
18	85 9
18	79 35
18	84 10
18	84 11
18	83 11
18	85 11
18	79 25
18	84 12
18	84 13
18	83 13
18	85 13
18	79 24
18	84 14
18	84 15
18	83 15
18	85 15
18	79 36
18	84 16
18	84 17
18	83 17
18	85 17
18	79 31
18	84 18
18	84 19
18	83 19
18	85 19
18	79 30
18	84 20
18	84 1
18	83 1
18	85 1
18	79 35
18	84 2
18	84 3
18	83 3
18	85 3
18	79 24
18	84 4
18	84 5
18	83 5
18	85 5
18	79 29
18	84 6
18	84 7
18	83 7
18	85 7
18	79 29
18	84 8
18	84 9
18	83 9
18	85 9
18	79 31
18	84 10
18	84 11
18	83 11
18	85 11
18	79 31
18	84 12
18	84 13
18	83 13
18	85 13
18	79 27
18	84 14
18	84 15
18	83 15
18	85 15
18	79 29
18	84 16
18	84 17
18	83 17
18	85 17
18	79 30
18	84 18
18	84 19
18	83 19
18	85 19
18	79 28
18	84 20
18	84 1
18	83 1
18	85 1
18	79 32
18	84 2
18	84 3
18	83 3
18	85 3
18	79 27
18	84 4
18	84 5
18	83 5
18	85 5
18	79 31
18	84 6
18	84 7
18	83 7
18	85 7
18	79 28
18	84 8
18	84 9
18	83 9
18	85 9
18	79 30
18	84 10
18	84 11
18	83 11
18	85 11
18	79 32
18	84 12
18	84 13
18	83 13
18	85 13
18	79 26
18	84 14
18	84 15
18	83 15
18	85 15
18	79 27
18	84 16
18	84 17
18	83 17
18	85 17
18	79 35
18	84 18
18	84 19
18	83 19
18	85 19
18	79 34
18	84 20
18	84 1
18	83 1
18	85 1
18	79 31
18	84 2
18	84 3
18	83 3
18	85 3
18	79 30
18	84 4
18	84 5
18	83 5
18	85 5
18	79 23
18	84 6
18	84 7
18	83 7
18	85 7
18	79 28
18	84 8
18	84 9
18	83 9
18	85 9
18	79 33
18	84 10
18	84 11
18	83 11
18	85 11
18	79 32
18	84 12
18	84 13
18	83 13
18	85 13
18	79 29
18	84 14
18	84 15
18	83 15
18	85 15
18	79 28
18	84 16
18	84 17
18	84 18
18	84 19
18	83 19
18	85 19
18	79 24
18	84 20
18	84 1
18	83 1
18	85 1
18	79 26
18	84 2
18	84 3
18	83 3
18	85 3
18	79 35
18	84 4
18	84 5
18	83 5
18	85 5
18	79 29
18	84 6
18	84 7
18	83 7
18	85 7
18	79 31
18	84 8
18	84 9
18	83 9
18	85 9
18	79 23
18	84 10
18	TEST_NUMBER 3
18	SENT_TOTAL 250
18	RECEIVED_TOTAL 123
18	TIME_TOTAL 29799
18	RECEIVED_RADIO_1 124
18	RECEIVED_RADIO_2 0
18	SENT_RADIO_1 125
18	SENT_RADIO_2 125
18	RADIO_TIME_1 29799
18	RADIO_TIME_2 19763
18	RETRANSMISSIONS_1 0
18	RETRANSMISSIONS_2 0
18	DROPPED_1 0
18	DROPPED_2 0
18	MAX_QUEUE 1
18	DUPLICATED_1 0
18	DUPLICATED_2 0
18	EBUSY_RADIO_1 0
18	EBUSY_RADIO_2 0
18	84 1
18	83 1
18	85 1
18	79 35
18	84 2
18	84 3
18	83 3
18	85 3
18	79 31
18	84 4
18	84 5
18	83 5
18	85 5
18	79 31
18	84 6
18	84 7
18	83 7
18	85 7
18	79 23
18	84 8
18	84 9
18	83 9
18	85 9
18	79 28
18	84 10
18	84 11
18	83 11
18	85 11
18	79 26
18	84 12
18	84 13
18	83 13
18	85 13
18	79 33
18	84 14
18	84 15
18	83 15
18	85 15
18	79 25
18	84 16
18	84 17
18	83 17
18	85 17
18	79 30
18	84 18
18	84 19
18	83 19
18	85 19
18	79 28
18	84 20
18	84 1
18	83 1
18	85 1
18	79 30
18	84 2
18	84 3
18	83 3
18	85 3
18	79 29
18	84 4
18	84 5
18	83 5
18	85 5
18	79 28
18	84 6
18	84 7
18	83 7
18	85 7
18	79 30
18	84 8
18	84 9
18	83 9
18	85 9
18	79 30
18	84 10
18	84 11
18	83 11
18	85 11
18	79 32
18	84 12
18	84 13
18	83 13
18	85 13
18	79 28
18	84 14
18	84 15
18	83 15
18	85 15
18	79 30
18	84 16
18	84 17
18	83 17
18	85 17
18	79 34
18	84 18
18	84 19
18	83 19
18	85 19
18	79 34
18	84 20
18	84 1
18	83 1
18	85 1
18	79 29
18	84 2
18	84 3
18	83 3
18	85 3
18	79 28
18	84 4
18	84 5
18	83 5
18	85 5
18	79 27
18	84 6
18	84 7
18	83 7
18	85 7
18	79 26
18	84 8
18	84 9
18	83 9
18	85 9
18	79 32
18	84 10
18	84 11
18	83 11
18	85 11
18	79 29
18	84 12
18	84 13
18	83 13
18	85 13
18	79 28
18	84 14
18	84 15
18	83 15
18	85 15
18	79 29
18	84 16
18	84 17
18	83 17
18	85 17
18	79 28
18	84 18
18	84 19
18	83 19
18	85 19
18	79 28
18	84 20
18	84 1
18	83 1
18	85 1
18	79 35
18	84 2
18	84 3
18	83 3
18	85 3
18	79 30
18	84 4
18	84 5
18	83 5
18	85 5
18	79 25
18	84 6
18	84 7
18	83 7
18	85 7
18	79 30
18	84 8
18	84 9
18	83 9
18	85 9
18	79 26
18	84 10
18	84 11
18	83 11
18	85 11
18	79 27
18	84 12
18	84 13
18	83 13
18	85 13
18	79 24
18	84 14
18	84 15
18	83 15
18	85 15
18	79 29
18	84 16
18	84 17
18	83 17
18	85 17
18	79 25
18	84 18
18	84 19
18	84 20
18	84 1
18	83 1
18	85 1
18	79 33
18	84 2
18	84 3
18	83 3
18	85 3
18	79 32
18	84 4
18	84 5
18	83 5
18	85 5
18	79 32
18	84 6
18	84 7
18	83 7
18	85 7
18	79 29
18	84 8
18	84 9
18	83 9
18	85 9
18	79 31
18	84 10
18	84 11
18	83 11
18	85 11
18	79 32
18	84 12
18	84 13
18	83 13
18	85 13
18	79 35
18	84 14
18	84 15
18	83 15
18	85 15
18	79 31
18	84 16
18	84 17
18	83 17
18	85 17
18	79 23
18	84 18
18	84 19
18	83 19
18	85 19
18	79 22
18	84 20
18	84 1
18	83 1
18	85 1
18	79 24
18	84 2
18	84 3
18	83 3
18	85 3
18	79 26
18	84 4
18	84 5
18	83 5
18	85 5
18	79 31
18	84 6
18	84 7
18	83 7
18	85 7
18	79 32
18	84 8
18	84 9
18	83 9
18	85 9
18	79 25
18	84 10
18	84 11
18	83 11
18	85 11
18	79 31
18	84 12
18	84 13
18	83 13
18	85 13
18	79 34
18	84 14
18	84 15
18	83 15
18	85 15
18	79 27
18	84 16
18	84 17
18	83 17
18	85 17
18	79 32
18	84 18
18	84 19
18	83 19
18	85 19
18	79 30
18	84 20
18	84 1
18	83 1
18	85 1
18	79 29
18	84 2
18	84 3
18	83 3
18	85 3
18	79 31
18	84 4
18	84 5
18	83 5
18	85 5
18	79 33
18	84 6
18	84 7
18	83 7
18	85 7
18	79 30
18	84 8
18	84 9
18	83 9
18	85 9
18	79 28
18	84 10
18	84 11
18	83 11
18	85 11
18	79 30
18	84 12
18	84 13
18	83 13
18	85 13
18	79 31
18	84 14
18	84 15
18	83 15
18	85 15
18	79 28
18	84 16
18	84 17
18	83 17
18	85 17
18	79 24
18	84 18
18	84 19
18	83 19
18	85 19
18	79 29
18	84 20
18	84 1
18	83 1
18	85 1
18	79 31
18	84 2
18	84 3
18	83 3
18	85 3
18	79 24
18	84 4
18	84 5
18	83 5
18	85 5
18	79 24
18	84 6
18	84 7
18	83 7
18	85 7
18	79 28
18	84 8
18	84 9
18	83 9
18	85 9
18	79 27
18	84 10
18	84 11
18	83 11
18	85 11
18	79 27
18	84 12
18	84 13
18	83 13
18	85 13
18	79 32
18	84 14
18	84 15
18	83 15
18	85 15
18	79 34
18	84 16
18	84 17
18	83 17
18	85 17
18	79 33
18	84 18
18	84 19
18	83 19
18	85 19
18	79 36
18	84 20
18	84 1
18	83 1
18	85 1
18	79 31
18	84 2
18	84 3
18	83 3
18	85 3
18	79 28
18	84 4
18	84 5
18	83 5
18	85 5
18	79 34
18	84 6
18	84 7
18	83 7
18	85 7
18	79 25
18	84 8
18	84 9
18	83 9
18	85 9
18	79 32
18	84 10
18	84 11
18	83 11
18	85 11
18	79 27
18	84 12
18	84 13
18	83 13
18	85 13
18	79 33
18	84 14
18	84 15
18	83 15
18	85 15
18	79 31
18	84 16
18	84 17
18	83 17
18	85 17
18	79 26
18	84 18
18	84 19
18	83 19
18	85 19
18	79 35
18	84 20
18	84 1
18	83 1
18	85 1
18	79 35
18	84 2
18	84 3
18	83 3
18	85 3
18	79 30
18	84 4
18	84 5
18	83 5
18	85 5
18	79 29
18	84 6
18	84 7
18	83 7
18	85 7
18	79 29
18	84 8
18	84 9
18	83 9
18	85 9
18	79 26
18	84 10
18	84 11
18	83 11
18	85 11
18	79 28
18	84 12
18	84 13
18	83 13
18	85 13
18	79 30
18	84 14
18	84 15
18	83 15
18	85 15
18	79 32
18	84 16
18	84 17
18	83 17
18	85 17
18	79 30
18	84 18
18	84 19
18	83 19
18	85 19
18	79 27
18	84 20
18	84 1
18	83 1
18	85 1
18	79 26
18	84 2
18	84 3
18	83 3
18	85 3
18	79 34
18	84 4
18	84 5
18	83 5
18	85 5
18	79 29
18	84 6
18	84 7
18	83 7
18	85 7
18	79 27
18	84 8
18	84 9
18	83 9
18	85 9
18	79 32
18	84 10
18	84 11
18	83 11
18	85 11
18	79 35
18	84 12
18	84 13
18	83 13
18	85 13
18	79 26
18	84 14
18	84 15
18	83 15
18	85 15
18	79 29
18	84 16
18	84 17
18	83 17
18	85 17
18	79 34
18	84 18
18	84 19
18	83 19
18	85 19
18	79 28
18	84 20
18	84 1
18	83 1
18	85 1
18	79 23
18	84 2
18	84 3
18	83 3
18	85 3
18	79 31
18	84 4
18	84 5
18	83 5
18	85 5
18	79 26
18	84 6
18	84 7
18	83 7
18	85 7
18	79 32
18	84 8
18	84 9
18	83 9
18	85 9
18	79 28
18	84 10
18	84 11
18	83 11
18	85 11
18	79 26
18	84 12
18	84 13
18	83 13
18	85 13
18	79 27
18	84 14
18	84 15
18	83 15
18	85 15
18	79 30
18	84 16
18	84 17
18	84 18
18	84 19
18	83 19
18	85 19
18	79 31
18	84 20
18	84 1
18	83 1
18	85 1
18	79 34
18	84 2
18	84 3
18	83 3
18	85 3
18	79 28
18	84 4
18	84 5
18	83 5
18	85 5
18	79 28
18	84 6
18	84 7
18	83 7
18	85 7
18	79 32
18	84 8
18	84 9
18	83 9
18	85 9
18	79 28
18	84 10
18	TEST_NUMBER 4
18	SENT_TOTAL 250
18	RECEIVED_TOTAL 123
18	TIME_TOTAL 19756
18	RECEIVED_RADIO_1 123
18	RECEIVED_RADIO_2 0
18	SENT_RADIO_1 125
18	SENT_RADIO_2 125
18	RADIO_TIME_1 19791
18	RADIO_TIME_2 19763
18	RETRANSMISSIONS_1 0
18	RETRANSMISSIONS_2 0
18	DROPPED_1 0
18	DROPPED_2 0
18	MAX_QUEUE 1
18	DUPLICATED_1 0
18	DUPLICATED_2 0
18	EBUSY_RADIO_1 0
18	EBUSY_RADIO_2 0
18	84 1
18	83 1
18	85 1
18	79 27
18	84 2
18	84 3
18	83 3
18	85 3
18	79 35
18	84 4
18	84 5
18	83 5
18	85 5
18	79 32
18	84 6
18	84 7
18	83 7
18	85 7
18	79 28
18	84 8
18	84 9
18	83 9
18	85 9
18	79 24
18	84 10
18	84 11
18	83 11
18	85 11
18	79 30
18	84 12
18	84 13
18	83 13
18	85 13
18	79 28
18	84 14
18	84 15
18	83 15
18	85 15
18	79 26
18	84 16
18	84 17
18	83 17
18	85 17
18	79 27
18	84 18
18	84 19
18	83 19
18	85 19
18	79 29
18	84 20
18	84 1
18	83 1
18	85 1
18	79 26
18	84 2
18	84 3
18	83 3
18	85 3
18	79 33
18	84 4
18	84 5
18	83 5
18	85 5
18	79 28
18	84 6
18	84 7
18	83 7
18	85 7
18	79 34
18	84 8
18	84 9
18	83 9
18	85 9
18	79 34
18	84 10
18	84 11
18	83 11
18	85 11
18	79 29
18	84 12
18	84 13
18	83 13
18	85 13
18	79 38
18	84 14
18	84 15
18	83 15
18	85 15
18	79 26
18	84 16
18	84 17
18	83 17
18	85 17
18	79 27
18	84 18
18	84 19
18	83 19
18	85 19
18	79 30
18	84 20
18	84 1
18	83 1
18	85 1
18	79 25
18	84 2
18	84 3
18	83 3
18	85 3
18	79 29
18	84 4
18	84 5
18	83 5
18	85 5
18	79 27
18	84 6
18	84 7
18	83 7
18	85 7
18	79 27
18	84 8
18	84 9
18	83 9
18	85 9
18	79 29
18	84 10
18	84 11
18	83 11
18	85 11
18	79 29
18	84 12
18	84 13
18	83 13
18	85 13
18	79 27
18	84 14
18	84 15
18	83 15
18	85 15
18	79 33
18	84 16
18	84 17
18	83 17
18	85 17
18	79 29
18	84 18
18	84 19
18	83 19
18	85 19
18	79 30
18	84 20
18	84 1
18	83 1
18	85 1
18	79 27
18	84 2
18	84 3
18	83 3
18	85 3
18	79 33
18	84 4
18	84 5
18	83 5
18	85 5
18	79 32
18	84 6
18	84 7
18	83 7
18	85 7
18	79 29
18	84 8
18	84 9
18	83 9
18	85 9
18	79 28
18	84 10
18	84 11
18	83 11
18	85 11
18	79 27
18	84 12
18	84 13
18	83 13
18	85 13
18	79 29
18	84 14
18	84 15
18	83 15
18	85 15
18	79 31
18	84 16
18	84 17
18	83 17
18	85 17
18	79 27
18	84 18
18	84 19
18	83 19
18	85 19
18	79 27
18	84 20
18	84 1
18	83 1
18	85 1
18	79 33
18	84 2
18	84 3
18	83 3
18	85 3
18	79 26
18	84 4
18	84 5
18	83 5
18	85 5
18	79 34
18	84 6
18	84 7
18	84 8
18	84 9
18	83 9
18	85 9
18	79 29
18	84 10
18	84 11
18	83 11
18	85 11
18	79 29
18	84 12
18	84 13
18	83 13
18	85 13
18	79 35
18	84 14
18	84 15
18	83 15
18	85 15
18	79 32
18	84 16
18	84 17
18	83 17
18	85 17
18	79 29
18	84 18
18	84 19
18	83 19
18	85 19
18	79 31
18	84 20
18	84 1
18	83 1
18	85 1
18	79 33
18	84 2
18	84 3
18	83 3
18	85 3
18	79 29
18	84 4
18	84 5
18	83 5
18	85 5
18	79 30
18	84 6
18	84 7
18	83 7
18	85 7
18	79 28
18	84 8
18	84 9
18	83 9
18	85 9
18	79 29
18	84 10
18	84 11
18	83 11
18	85 11
18	79 30
18	84 12
18	84 13
18	83 13
18	85 13
18	79 29
18	84 14
18	84 15
18	83 15
18	85 15
18	79 34
18	84 16
18	84 17
18	83 17
18	85 17
18	79 29
18	84 18
18	84 19
18	83 19
18	85 19
18	79 28
18	84 20
18	84 1
18	83 1
18	85 1
18	79 30
18	84 2
18	84 3
18	83 3
18	85 3
18	79 31
18	84 4
18	84 5
18	83 5
18	85 5
18	79 27
18	84 6
18	84 7
18	83 7
18	85 7
18	79 31
18	84 8
18	84 9
18	83 9
18	85 9
18	79 28
18	84 10
18	84 11
18	83 11
18	85 11
18	79 24
18	84 12
18	84 13
18	83 13
18	85 13
18	79 28
18	84 14
18	84 15
18	83 15
18	85 15
18	79 28
18	84 16
18	84 17
18	83 17
18	85 17
18	79 27
18	84 18
18	84 19
18	83 19
18	85 19
18	79 26
18	84 20
18	84 1
18	83 1
18	85 1
18	79 29
18	84 2
18	84 3
18	83 3
18	85 3
18	79 28
18	84 4
18	84 5
18	83 5
18	85 5
18	79 26
18	84 6
18	84 7
18	83 7
18	85 7
18	79 29
18	84 8
18	84 9
18	83 9
18	85 9
18	79 27
18	84 10
18	84 11
18	83 11
18	85 11
18	79 22
18	84 12
18	84 13
18	83 13
18	85 13
18	79 27
18	84 14
18	84 15
18	83 15
18	85 15
18	79 33
18	84 16
18	84 17
18	83 17
18	85 17
18	79 32
18	84 18
18	84 19
18	83 19
18	85 19
18	79 27
18	84 20
18	84 1
18	83 1
18	85 1
18	79 28
18	84 2
18	84 3
18	83 3
18	85 3
18	79 32
18	84 4
18	84 5
18	83 5
18	85 5
18	79 35
18	84 6
18	84 7
18	83 7
18	85 7
18	79 23
18	84 8
18	84 9
18	83 9
18	85 9
18	79 28
18	84 10
18	84 11
18	83 11
18	85 11
18	79 29
18	84 12
18	84 13
18	83 13
18	85 13
18	79 29
18	84 14
18	84 15
18	83 15
18	85 15
18	79 30
18	84 16
18	84 17
18	83 17
18	85 17
18	79 33
18	84 18
18	84 19
18	83 19
18	85 19
18	79 26
18	84 20
18	84 1
18	83 1
18	85 1
18	79 26
18	84 2
18	84 3
18	84 4
18	84 5
18	83 5
18	85 5
18	79 26
18	84 6
18	84 7
18	83 7
18	85 7
18	79 29
18	84 8
18	84 9
18	83 9
18	85 9
18	79 29
18	84 10
18	84 11
18	83 11
18	85 11
18	79 25
18	84 12
18	84 13
18	83 13
18	85 13
18	79 26
18	84 14
18	84 15
18	83 15
18	85 15
18	79 33
18	84 16
18	84 17
18	83 17
18	85 17
18	79 30
18	84 18
18	84 19
18	83 19
18	85 19
18	79 28
18	84 20
18	84 1
18	83 1
18	85 1
18	79 35
18	84 2
18	84 3
18	83 3
18	85 3
18	79 32
18	84 4
18	84 5
18	83 5
18	85 5
18	79 29
18	84 6
18	84 7
18	83 7
18	85 7
18	79 31
18	84 8
18	84 9
18	83 9
18	85 9
18	79 26
18	84 10
18	84 11
18	83 11
18	85 11
18	79 30
18	84 12
18	84 13
18	83 13
18	85 13
18	79 32
18	84 14
18	84 15
18	84 16
18	83 16
18	85 16
18	79 26
18	84 17
18	84 18
18	83 18
18	85 18
18	79 30
18	84 19
18	84 20
18	83 20
18	85 20
18	79 30
18	84 1
18	84 2
18	83 2
18	85 2
18	79 23
18	84 3
18	84 4
18	83 4
18	85 4
18	79 27
18	84 5
18	84 6
18	83 6
18	85 6
18	79 30
18	84 7
18	84 8
18	83 8
18	85 8
18	79 28
18	84 9
18	84 10
18	83 10
18	85 10
18	79 35
18	84 11
18	84 12
18	83 12
18	85 12
18	79 28
18	84 13
18	84 14
18	83 14
18	85 14
18	79 29
18	84 15
18	84 16
18	83 16
18	85 16
18	79 29
18	84 17
18	84 18
18	83 18
18	85 18
18	79 28
18	84 19
18	84 20
18	83 20
18	85 20
18	79 31
18	84 1
18	84 2
18	83 2
18	85 2
18	79 35
18	84 3
18	84 4
18	83 4
18	85 4
18	79 23
18	84 5
18	84 6
18	83 6
18	85 6
18	79 27
18	84 7
18	84 8
18	83 8
18	85 8
18	79 28
18	84 9
18	84 10
18	TEST_NUMBER 5
18	SENT_TOTAL 250
18	RECEIVED_TOTAL 122
18	TIME_TOTAL 19684
18	RECEIVED_RADIO_1 122
18	RECEIVED_RADIO_2 0
18	SENT_RADIO_1 125
18	SENT_RADIO_2 125
18	RADIO_TIME_1 19763
18	RADIO_TIME_2 19763
18	RETRANSMISSIONS_1 0
18	RETRANSMISSIONS_2 0
18	DROPPED_1 0
18	DROPPED_2 0
18	MAX_QUEUE 1
18	DUPLICATED_1 0
18	DUPLICATED_2 0
18	EBUSY_RADIO_1 0
18	EBUSY_RADIO_2 0
18	83 0
18	85 10
18	86 5
18	84 1
18	84 2
18	83 2
18	85 2
18	79 33
18	84 3
18	84 4
18	83 4
18	85 4
18	79 28
18	84 5
18	84 6
18	83 6
18	85 6
18	79 34
18	84 7
18	84 8
18	83 8
18	85 8
18	79 31
18	84 9
18	84 10
18	83 10
18	85 10
18	79 26
18	84 11
18	84 12
18	83 12
18	85 12
18	79 30
18	84 13
18	84 14
18	83 14
18	85 14
18	79 27
18	84 15
18	84 16
18	83 16
18	85 16
18	79 30
18	84 17
18	84 18
18	83 18
18	85 18
18	79 28
18	84 19
18	84 20
18	83 20
18	85 20
18	79 32
18	84 1
18	84 2
18	83 2
18	85 2
18	79 35
18	84 3
18	84 4
18	83 4
18	85 4
18	79 32
18	84 5
18	84 6
18	83 6
18	85 6
18	79 22
18	84 7
18	84 8
18	83 8
18	85 8
18	79 26
18	84 9
18	84 10
18	83 10
18	85 10
18	79 31
18	84 11
18	84 12
18	83 12
18	85 12
18	79 30
18	84 13
18	84 14
18	83 14
18	85 14
18	79 30
18	84 15
18	84 16
18	83 16
18	85 16
18	79 30
18	84 17
18	84 18
18	83 18
18	85 18
18	79 28
18	84 19
18	84 20
18	83 20
18	85 20
18	79 31
18	84 1
18	84 2
18	83 2
18	85 2
18	79 33
18	84 3
18	84 4
18	83 4
18	85 4
18	79 27
18	84 5
18	84 6
18	83 6
18	85 6
18	79 28
18	84 7
18	84 8
18	83 8
18	85 8
18	79 30
18	84 9
18	84 10
18	83 10
18	85 10
18	79 29
18	84 11
18	84 12
18	83 12
18	85 12
18	79 22
18	84 13
18	84 14
18	83 14
18	85 14
18	79 22
18	84 15
18	84 16
18	83 16
18	85 16
18	79 31
18	84 17
18	84 18
18	83 18
18	85 18
18	79 24
18	84 19
18	84 20
18	83 20
18	85 20
18	79 28
18	84 1
18	84 2
18	83 2
18	85 2
18	79 26
18	84 3
18	84 4
18	83 4
18	85 4
18	79 28
18	84 5
18	84 6
18	83 6
18	85 6
18	79 27
18	84 7
18	84 8
18	83 8
18	85 8
18	79 28
18	84 9
18	84 10
18	83 10
18	85 10
18	79 26
18	84 11
18	84 12
18	83 12
18	85 12
18	79 24
18	84 13
18	84 14
18	83 14
18	85 14
18	79 28
18	84 15
18	84 16
18	83 16
18	85 16
18	79 31
18	84 17
18	84 18
18	83 18
18	85 18
18	79 30
18	84 19
18	84 20
18	83 20
18	85 20
18	79 28
18	84 1
18	84 2
18	83 2
18	85 2
18	79 33
18	84 3
18	84 4
18	83 4
18	85 4
18	79 32
18	84 5
18	84 6
18	83 6
18	85 6
18	79 27
18	84 7
18	84 8
18	83 8
18	85 8
18	79 25
18	84 9
18	84 10
18	83 10
18	85 10
18	79 25
18	84 11
18	84 12
18	83 12
18	85 12
18	79 29
18	84 13
18	84 14
18	83 14
18	85 14
18	79 24
18	84 15
18	84 16
18	83 16
18	85 16
18	79 24
18	84 17
18	84 18
18	83 18
18	85 18
18	79 30
18	84 19
18	84 20
18	83 20
18	85 20
18	79 29
18	84 1
18	84 2
18	83 2
18	85 2
18	79 28
18	84 3
18	84 4
18	83 4
18	85 4
18	79 29
18	84 5
18	84 6
18	83 6
18	85 6
18	79 31
18	84 7
18	84 8
18	83 8
18	85 8
18	79 29
18	84 9
18	84 10
18	83 10
18	85 10
18	79 31
18	84 11
18	84 12
18	83 12
18	85 12
18	79 31
18	84 13
18	84 14
18	83 14
18	85 14
18	79 27
18	84 15
18	84 16
18	83 16
18	85 16
18	79 25
18	84 17
18	84 18
18	83 18
18	85 18
18	79 27
18	84 19
18	84 20
18	83 20
18	85 20
18	79 32
18	84 1
18	84 2
18	83 2
18	85 2
18	79 30
18	84 3
18	84 4
18	83 4
18	85 4
18	79 30
18	84 5
18	84 6
18	83 6
18	85 6
18	79 33
18	84 7
18	84 8
18	83 8
18	85 8
18	79 33
18	84 9
18	84 10
18	83 10
18	85 10
18	79 27
18	84 11
18	84 12
18	83 12
18	85 12
18	79 26
18	84 13
18	84 14
18	83 14
18	85 14
18	79 27
18	84 15
18	84 16
18	83 16
18	85 16
18	79 27
18	84 17
18	84 18
18	83 18
18	85 18
18	79 29
18	84 19
18	84 20
18	83 20
18	85 20
18	79 28
18	84 1
18	84 2
18	83 2
18	85 2
18	79 31
18	84 3
18	84 4
18	83 4
18	85 4
18	79 30
18	84 5
18	84 6
18	83 6
18	85 6
18	79 32
18	84 7
18	84 8
18	83 8
18	85 8
18	79 30
18	84 9
18	84 10
18	83 10
18	85 10
18	79 30
18	84 11
18	84 12
18	83 12
18	85 12
18	79 28
18	84 13
18	84 14
18	83 14
18	85 14
18	79 32
18	84 15
18	84 16
18	83 16
18	85 16
18	79 26
18	84 17
18	84 18
18	83 18
18	85 18
18	79 29
18	84 19
18	84 20
18	83 20
18	85 20
18	79 28
18	84 1
18	84 2
18	83 2
18	85 2
18	79 34
18	84 3
18	84 4
18	83 4
18	85 4
18	79 27
18	84 5
18	84 6
18	83 6
18	85 6
18	79 31
18	84 7
18	84 8
18	83 8
18	85 8
18	79 25
18	84 9
18	84 10
18	83 10
18	85 10
18	79 29
18	84 11
18	84 12
18	83 12
18	85 12
18	79 30
18	84 13
18	84 14
18	83 14
18	85 14
18	79 31
18	84 15
18	84 16
18	83 16
18	85 16
18	79 33
18	84 17
18	84 18
18	83 18
18	85 18
18	79 28
18	84 19
18	84 20
18	83 20
18	85 20
18	79 31
18	84 1
18	84 2
18	83 2
18	85 2
18	79 28
18	84 3
18	84 4
18	83 4
18	85 4
18	79 29
18	84 5
18	84 6
18	83 6
18	85 6
18	79 30
18	84 7
18	84 8
18	83 8
18	85 8
18	79 32
18	84 9
18	84 10
18	83 10
18	85 10
18	79 30
18	84 11
18	84 12
18	83 12
18	85 12
18	79 28
18	84 13
18	84 14
18	83 14
18	85 14
18	79 35
18	84 15
18	84 16
18	83 16
18	85 16
18	79 29
18	84 17
18	84 18
18	83 18
18	85 18
18	79 33
18	84 19
18	84 20
18	83 20
18	85 20
18	79 35
18	84 1
18	84 2
18	83 2
18	85 2
18	79 29
18	84 3
18	84 4
18	83 4
18	85 4
18	79 28
18	84 5
18	84 6
18	83 6
18	85 6
18	79 31
18	84 7
18	84 8
18	83 8
18	85 8
18	79 27
18	84 9
18	84 10
18	83 10
18	85 10
18	79 29
18	84 11
18	84 12
18	83 12
18	85 12
18	79 31
18	84 13
18	84 14
18	83 14
18	85 14
18	79 25
18	84 15
18	84 16
18	83 16
18	85 16
18	79 29
18	84 17
18	84 18
18	83 18
18	85 18
18	79 29
18	84 19
18	84 20
18	83 20
18	85 20
18	79 26
18	84 1
18	84 2
18	83 2
18	85 2
18	79 31
18	84 3
18	84 4
18	83 4
18	85 4
18	79 27
18	84 5
18	84 6
18	83 6
18	85 6
18	79 32
18	84 7
18	84 8
18	83 8
18	85 8
18	79 32
18	84 9
18	84 10
18	83 10
18	85 10
18	79 29
18	84 11
18	84 12
18	83 12
18	85 12
18	79 23
18	84 13
18	84 14
18	83 14
18	85 14
18	79 29
18	84 15
18	84 16
18	83 16
18	85 16
18	79 33
18	84 17
18	84 18
18	83 18
18	85 18
18	79 27
18	84 19
18	84 20
18	83 20
18	85 20
18	79 28
18	84 1
18	84 2
18	83 2
18	85 2
18	79 29
18	84 3
18	84 4
18	83 4
18	85 4
18	79 27
18	84 5
18	84 6
18	83 6
18	85 6
18	79 29
18	84 7
18	84 8
18	83 8
18	85 8
18	79 33
18	84 9
18	84 10
18	TEST_NUMBER 6
18	SENT_TOTAL 250
18	RECEIVED_TOTAL 124
18	TIME_TOTAL 29727
18	RECEIVED_RADIO_1 125
18	RECEIVED_RADIO_2 0
18	SENT_RADIO_1 125
18	SENT_RADIO_2 125
18	RADIO_TIME_1 29774
18	RADIO_TIME_2 19763
18	RETRANSMISSIONS_1 0
18	RETRANSMISSIONS_2 0
18	DROPPED_1 0
18	DROPPED_2 0
18	MAX_QUEUE 1
18	DUPLICATED_1 0
18	DUPLICATED_2 0
18	EBUSY_RADIO_1 0
18	EBUSY_RADIO_2 0
18	83 0
18	85 10
18	86 6

21	DESTINATION_NODE 21
21	TEST_NUMBER 0
21	SENT_TOTAL 250
21	RECEIVED_TOTAL 250
21	TIME_TOTAL 19848
21	RECEIVED_RADIO_1 125
21	RECEIVED_RADIO_2 125
21	SENT_RADIO_1 125
21	SENT_RADIO_2 125
21	RADIO_TIME_1 19848
21	RADIO_TIME_2 19848
21	RETRANSMISSIONS_1 0
21	RETRANSMISSIONS_2 0
21	DROPPED_1 0
21	DROPPED_2 0
21	MAX_QUEUE 1
21	DUPLICATED_1 0
21	DUPLICATED_2 0
21	EBUSY_RADIO_1 0
21	EBUSY_RADIO_2 0
21	TEST_NUMBER 1
21	SENT_TOTAL 250
21	RECEIVED_TOTAL 250
21	TIME_TOTAL 19847
21	RECEIVED_RADIO_1 125
21	RECEIVED_RADIO_2 125
21	SENT_RADIO_1 125
21	SENT_RADIO_2 125
21	RADIO_TIME_1 19847
21	RADIO_TIME_2 19847
21	RETRANSMISSIONS_1 0
21	RETRANSMISSIONS_2 0
21	DROPPED_1 0
21	DROPPED_2 0
21	MAX_QUEUE 1
21	DUPLICATED_1 0
21	DUPLICATED_2 0
21	EBUSY_RADIO_1 0
21	EBUSY_RADIO_2 0
21	TEST_NUMBER 2
21	SENT_TOTAL 250
21	RECEIVED_TOTAL 250
21	TIME_TOTAL 19843
21	RECEIVED_RADIO_1 125
21	RECEIVED_RADIO_2 125
21	SENT_RADIO_1 125
21	SENT_RADIO_2 125
21	RADIO_TIME_1 19843
21	RADIO_TIME_2 19843
21	RETRANSMISSIONS_1 0
21	RETRANSMISSIONS_2 0
21	DROPPED_1 0
21	DROPPED_2 0
21	MAX_QUEUE 1
21	DUPLICATED_1 0
21	DUPLICATED_2 0
21	EBUSY_RADIO_1 0
21	EBUSY_RADIO_2 0
21	TEST_NUMBER 3
21	SENT_TOTAL 249
21	RECEIVED_TOTAL 249
21	TIME_TOTAL 19843
21	RECEIVED_RADIO_1 124
21	RECEIVED_RADIO_2 125
21	SENT_RADIO_1 125
21	SENT_RADIO_2 124
21	RADIO_TIME_1 19843
21	RADIO_TIME_2 19759
21	RETRANSMISSIONS_1 0
21	RETRANSMISSIONS_2 0
21	DROPPED_1 0
21	DROPPED_2 0
21	MAX_QUEUE 1
21	DUPLICATED_1 0
21	DUPLICATED_2 0
21	EBUSY_RADIO_1 0
21	EBUSY_RADIO_2 0
21	TEST_NUMBER 4
21	SENT_TOTAL 250
21	RECEIVED_TOTAL 250
21	TIME_TOTAL 19840
21	RECEIVED_RADIO_1 125
21	RECEIVED_RADIO_2 125
21	SENT_RADIO_1 125
21	SENT_RADIO_2 125
21	RADIO_TIME_1 19763
21	RADIO_TIME_2 19759
21	RETRANSMISSIONS_1 0
21	RETRANSMISSIONS_2 0
21	DROPPED_1 0
21	DROPPED_2 0
21	MAX_QUEUE 1
21	DUPLICATED_1 0
21	DUPLICATED_2 0
21	EBUSY_RADIO_1 0
21	EBUSY_RADIO_2 0
21	TEST_NUMBER 5
21	SENT_TOTAL 249
21	RECEIVED_TOTAL 249
21	TIME_TOTAL 19847
21	RECEIVED_RADIO_1 125
21	RECEIVED_RADIO_2 124
21	SENT_RADIO_1 124
21	SENT_RADIO_2 125
21	RADIO_TIME_1 19766
21	RADIO_TIME_2 19847
21	RETRANSMISSIONS_1 0
21	RETRANSMISSIONS_2 0
21	DROPPED_1 0
21	DROPPED_2 0
21	MAX_QUEUE 1
21	DUPLICATED_1 0
21	DUPLICATED_2 0
21	EBUSY_RADIO_1 0
21	EBUSY_RADIO_2 0
21	TEST_NUMBER 6
21	SENT_TOTAL 250
21	RECEIVED_TOTAL 250
21	TIME_TOTAL 19847
21	RECEIVED_RADIO_1 125
21	RECEIVED_RADIO_2 125
21	SENT_RADIO_1 125
21	SENT_RADIO_2 125
21	RADIO_TIME_1 19847
21	RADIO_TIME_2 19847
21	RETRANSMISSIONS_1 0
21	RETRANSMISSIONS_2 0
21	DROPPED_1 0
21	DROPPED_2 0
21	MAX_QUEUE 1
21	DUPLICATED_1 0
21	DUPLICATED_2 0
21	EBUSY_RADIO_1 0
21	EBUSY_RADIO_2 0

25	RELAY_NODE 25
25	TEST_NUMBER 0
25	SENT_TOTAL 0
25	RECEIVED_TOTAL 0
25	TIME_TOTAL 0
25	RECEIVED_RADIO_1 0
25	RECEIVED_RADIO_2 104
25	SENT_RADIO_1 104
25	SENT_RADIO_2 0
25	RADIO_TIME_1 16419
25	RADIO_TIME_2 16419
25	RETRANSMISSIONS_1 0
25	RETRANSMISSIONS_2 0
25	DROPPED_1 0
25	DROPPED_2 0
25	MAX_QUEUE 1
25	DUPLICATED_1 0
25	DUPLICATED_2 0
25	EBUSY_RADIO_1 0
25	EBUSY_RADIO_2 0
25	TEST_NUMBER 1
25	SENT_TOTAL 0
25	RECEIVED_TOTAL 0
25	TIME_TOTAL 0
25	RECEIVED_RADIO_1 0
25	RECEIVED_RADIO_2 125
25	SENT_RADIO_1 125
25	SENT_RADIO_2 0
25	RADIO_TIME_1 29724
25	RADIO_TIME_2 29724
25	RETRANSMISSIONS_1 0
25	RETRANSMISSIONS_2 0
25	DROPPED_1 0
25	DROPPED_2 0
25	MAX_QUEUE 1
25	DUPLICATED_1 0
25	DUPLICATED_2 0
25	EBUSY_RADIO_1 0
25	EBUSY_RADIO_2 0
25	TEST_NUMBER 2
25	SENT_TOTAL 0
25	RECEIVED_TOTAL 0
25	TIME_TOTAL 0
25	RECEIVED_RADIO_1 0
25	RECEIVED_RADIO_2 125
25	SENT_RADIO_1 125
25	SENT_RADIO_2 0
25	RADIO_TIME_1 29724
25	RADIO_TIME_2 29724
25	RETRANSMISSIONS_1 0
25	RETRANSMISSIONS_2 0
25	DROPPED_1 0
25	DROPPED_2 0
25	MAX_QUEUE 1
25	DUPLICATED_1 0
25	DUPLICATED_2 0
25	EBUSY_RADIO_1 0
25	EBUSY_RADIO_2 0
25	TEST_NUMBER 3
25	SENT_TOTAL 0
25	RECEIVED_TOTAL 0
25	TIME_TOTAL 0
25	RECEIVED_RADIO_1 0
25	RECEIVED_RADIO_2 124
25	SENT_RADIO_1 124
25	SENT_RADIO_2 0
25	RADIO_TIME_1 29725
25	RADIO_TIME_2 29725
25	RETRANSMISSIONS_1 0
25	RETRANSMISSIONS_2 0
25	DROPPED_1 0
25	DROPPED_2 0
25	MAX_QUEUE 1
25	DUPLICATED_1 0
25	DUPLICATED_2 0
25	EBUSY_RADIO_1 0
25	EBUSY_RADIO_2 0
25	TEST_NUMBER 4
25	SENT_TOTAL 0
25	RECEIVED_TOTAL 0
25	TIME_TOTAL 0
25	RECEIVED_RADIO_1 0
25	RECEIVED_RADIO_2 125
25	SENT_RADIO_1 125
25	SENT_RADIO_2 0
25	RADIO_TIME_1 29726
25	RADIO_TIME_2 29726
25	RETRANSMISSIONS_1 0
25	RETRANSMISSIONS_2 0
25	DROPPED_1 0
25	DROPPED_2 0
25	MAX_QUEUE 1
25	DUPLICATED_1 0
25	DUPLICATED_2 0
25	EBUSY_RADIO_1 0
25	EBUSY_RADIO_2 0
25	TEST_NUMBER 5
25	SENT_TOTAL 0
25	RECEIVED_TOTAL 0
25	TIME_TOTAL 0
25	RECEIVED_RADIO_1 0
25	RECEIVED_RADIO_2 125
25	SENT_RADIO_1 125
25	SENT_RADIO_2 0
25	RADIO_TIME_1 29724
25	RADIO_TIME_2 29724
25	RETRANSMISSIONS_1 0
25	RETRANSMISSIONS_2 0
25	DROPPED_1 0
25	DROPPED_2 0
25	MAX_QUEUE 1
25	DUPLICATED_1 0
25	DUPLICATED_2 0
25	EBUSY_RADIO_1 0
25	EBUSY_RADIO_2 0
25	TEST_NUMBER 6
25	SENT_TOTAL 0
25	RECEIVED_TOTAL 0
25	TIME_TOTAL 0
25	RECEIVED_RADIO_1 0
25	RECEIVED_RADIO_2 125
25	SENT_RADIO_1 125
25	SENT_RADIO_2 0
25	RADIO_TIME_1 29723
25	RADIO_TIME_2 29723
25	RETRANSMISSIONS_1 0
25	RETRANSMISSIONS_2 0
25	DROPPED_1 0
25	DROPPED_2 0
25	MAX_QUEUE 1
25	DUPLICATED_1 0
25	DUPLICATED_2 0
25	EBUSY_RADIO_1 0
25	EBUSY_RADIO_2 0
