
54	RELAY_NODE 54
54	TEST_NUMBER 0
54	SENT_TOTAL 0
54	RECEIVED_TOTAL 0
54	TIME_TOTAL 0
54	RECEIVED_RADIO_1 0
54	RECEIVED_RADIO_2 72
54	SENT_RADIO_1 72
54	SENT_RADIO_2 0
54	RADIO_TIME_1 18889
54	RADIO_TIME_2 18889
54	RETRANSMISSIONS_1 0
54	RETRANSMISSIONS_2 0
54	DROPPED_1 0
54	DROPPED_2 0
54	MAX_QUEUE 1
54	DUPLICATED_1 0
54	DUPLICATED_2 0
54	EBUSY_RADIO_1 0
54	EBUSY_RADIO_2 0
54	TEST_NUMBER 1
54	SENT_TOTAL 0
54	RECEIVED_TOTAL 0
54	TIME_TOTAL 0
54	RECEIVED_RADIO_1 0
54	RECEIVED_RADIO_2 73
54	SENT_RADIO_1 73
54	SENT_RADIO_2 0
54	RADIO_TIME_1 29799
54	RADIO_TIME_2 29799
54	RETRANSMISSIONS_1 1
54	RETRANSMISSIONS_2 0
54	DROPPED_1 0
54	DROPPED_2 0
54	MAX_QUEUE 1
54	DUPLICATED_1 0
54	DUPLICATED_2 0
54	EBUSY_RADIO_1 0
54	EBUSY_RADIO_2 0
54	TEST_NUMBER 2
54	SENT_TOTAL 0
54	RECEIVED_TOTAL 0
54	TIME_TOTAL 0
54	RECEIVED_RADIO_1 0
54	RECEIVED_RADIO_2 78
54	SENT_RADIO_1 78
54	SENT_RADIO_2 0
54	RADIO_TIME_1 29616
54	RADIO_TIME_2 29616
54	RETRANSMISSIONS_1 2
54	RETRANSMISSIONS_2 0
54	DROPPED_1 0
54	DROPPED_2 0
54	MAX_QUEUE 1
54	DUPLICATED_1 0
54	DUPLICATED_2 0
54	EBUSY_RADIO_1 0
54	EBUSY_RADIO_2 0
54	TEST_NUMBER 3
54	SENT_TOTAL 0
54	RECEIVED_TOTAL 0
54	TIME_TOTAL 0
54	RECEIVED_RADIO_1 0
54	RECEIVED_RADIO_2 74
54	SENT_RADIO_1 74
54	SENT_RADIO_2 0
54	RADIO_TIME_1 29563
54	RADIO_TIME_2 29563
54	RETRANSMISSIONS_1 0
54	RETRANSMISSIONS_2 0
54	DROPPED_1 0
54	DROPPED_2 0
54	MAX_QUEUE 1
54	DUPLICATED_1 0
54	DUPLICATED_2 0
54	EBUSY_RADIO_1 0
54	EBUSY_RADIO_2 0
54	TEST_NUMBER 4
54	SENT_TOTAL 0
54	RECEIVED_TOTAL 0
54	TIME_TOTAL 0
54	RECEIVED_RADIO_1 0
54	RECEIVED_RADIO_2 71
54	SENT_RADIO_1 71
54	SENT_RADIO_2 0
54	RADIO_TIME_1 29405
54	RADIO_TIME_2 29405
54	RETRANSMISSIONS_1 0
54	RETRANSMISSIONS_2 0
54	DROPPED_1 0
54	DROPPED_2 0
54	MAX_QUEUE 1
54	DUPLICATED_1 0
54	DUPLICATED_2 0
54	EBUSY_RADIO_1 0
54	EBUSY_RADIO_2 0
54	TEST_NUMBER 5
54	SENT_TOTAL 0
54	RECEIVED_TOTAL 0
54	TIME_TOTAL 0
54	RECEIVED_RADIO_1 0
54	RECEIVED_RADIO_2 71
54	SENT_RADIO_1 71
54	SENT_RADIO_2 0
54	RADIO_TIME_1 29486
54	RADIO_TIME_2 29486
54	RETRANSMISSIONS_1 0
54	RETRANSMISSIONS_2 0
54	DROPPED_1 0
54	DROPPED_2 0
54	MAX_QUEUE 1
54	DUPLICATED_1 0
54	DUPLICATED_2 1
54	EBUSY_RADIO_1 0
54	EBUSY_RADIO_2 0
54	TEST_NUMBER 6
54	SENT_TOTAL 0
54	RECEIVED_TOTAL 0
54	TIME_TOTAL 0
54	RECEIVED_RADIO_1 0
54	RECEIVED_RADIO_2 70
54	SENT_RADIO_1 70
54	SENT_RADIO_2 0
54	RADIO_TIME_1 29721
54	RADIO_TIME_2 29721
54	RETRANSMISSIONS_1 0
54	RETRANSMISSIONS_2 0
54	DROPPED_1 0
54	DROPPED_2 0
54	MAX_QUEUE 1
54	DUPLICATED_1 0
54	DUPLICATED_2 0
54	EBUSY_RADIO_1 0
54	EBUSY_RADIO_2 0

78	DESTINATION_NODE 78
78	TEST_NUMBER 0
78	SENT_TOTAL 140
78	RECEIVED_TOTAL 140
78	TIME_TOTAL 18811
78	RECEIVED_RADIO_1 140
78	RECEIVED_RADIO_2 0
78	SENT_RADIO_1 69
78	SENT_RADIO_2 71
78	RADIO_TIME_1 18811
78	RADIO_TIME_2 18646
78	RETRANSMISSIONS_1 2
78	RETRANSMISSIONS_2 0
78	DROPPED_1 0
78	DROPPED_2 0
78	MAX_QUEUE 1
78	DUPLICATED_1 2
78	DUPLICATED_2 0
78	EBUSY_RADIO_1 0
78	EBUSY_RADIO_2 0
78	86 0
78	86 0
78	86 0
78	86 0
78	86 0
78	86 0
78	86 0
78	86 0
78	TEST_NUMBER 1
78	SENT_TOTAL 145
78	RECEIVED_TOTAL 137
78	TIME_TOTAL 29780
78	RECEIVED_RADIO_1 145
78	RECEIVED_RADIO_2 0
78	SENT_RADIO_1 73
78	SENT_RADIO_2 72
78	RADIO_TIME_1 29780
78	RADIO_TIME_2 29561
78	RETRANSMISSIONS_1 0
78	RETRANSMISSIONS_2 0
78	DROPPED_1 0
78	DROPPED_2 0
78	MAX_QUEUE 1
78	DUPLICATED_1 9
78	DUPLICATED_2 0
78	EBUSY_RADIO_1 0
78	EBUSY_RADIO_2 0
78	86 1
78	86 1
78	86 1
78	86 1
78	86 1
78	86 1
78	86 1
78	86 1
78	TEST_NUMBER 2
78	SENT_TOTAL 152
78	RECEIVED_TOTAL 144
78	TIME_TOTAL 29728
78	RECEIVED_RADIO_1 152
78	RECEIVED_RADIO_2 0
78	SENT_RADIO_1 73
78	SENT_RADIO_2 79
78	RADIO_TIME_1 29728
78	RADIO_TIME_2 29728
78	RETRANSMISSIONS_1 6
78	RETRANSMISSIONS_2 0
78	DROPPED_1 0
78	DROPPED_2 0
78	MAX_QUEUE 1
78	DUPLICATED_1 5
78	DUPLICATED_2 0
78	EBUSY_RADIO_1 0
78	EBUSY_RADIO_2 0
78	86 2
78	86 2
78	86 2
78	86 2
78	86 2
78	86 2
78	86 2
78	TEST_NUMBER 3
78	SENT_TOTAL 144
78	RECEIVED_TOTAL 137
78	TIME_TOTAL 29788
78	RECEIVED_RADIO_1 144
78	RECEIVED_RADIO_2 0
78	SENT_RADIO_1 70
78	SENT_RADIO_2 74
78	RADIO_TIME_1 29788
78	RADIO_TIME_2 29651
78	RETRANSMISSIONS_1 4
78	RETRANSMISSIONS_2 0
78	DROPPED_1 0
78	DROPPED_2 0
78	MAX_QUEUE 1
78	DUPLICATED_1 10
78	DUPLICATED_2 0
78	EBUSY_RADIO_1 0
78	EBUSY_RADIO_2 0
78	86 3
78	86 3
78	86 3
78	86 3
78	86 3
78	86 3
78	86 3
78	TEST_NUMBER 4
78	SENT_TOTAL 135
78	RECEIVED_TOTAL 128
78	TIME_TOTAL 29729
78	RECEIVED_RADIO_1 135
78	RECEIVED_RADIO_2 0
78	SENT_RADIO_1 64
78	SENT_RADIO_2 71
78	RADIO_TIME_1 29729
78	RADIO_TIME_2 29470
78	RETRANSMISSIONS_1 10
78	RETRANSMISSIONS_2 0
78	DROPPED_1 0
78	DROPPED_2 0
78	MAX_QUEUE 1
78	DUPLICATED_1 2
78	DUPLICATED_2 0
78	EBUSY_RADIO_1 0
78	EBUSY_RADIO_2 0
78	86 4
78	86 4
78	86 4
78	86 4
78	86 4
78	86 4
78	86 4
78	86 4
78	TEST_NUMBER 5
78	SENT_TOTAL 139
78	RECEIVED_TOTAL 131
78	TIME_TOTAL 29732
78	RECEIVED_RADIO_1 139
78	RECEIVED_RADIO_2 0
78	SENT_RADIO_1 68
78	SENT_RADIO_2 71
78	RADIO_TIME_1 29732
78	RADIO_TIME_2 29640
78	RETRANSMISSIONS_1 4
78	RETRANSMISSIONS_2 1
78	DROPPED_1 0
78	DROPPED_2 0
78	MAX_QUEUE 1
78	DUPLICATED_1 15
78	DUPLICATED_2 0
78	EBUSY_RADIO_1 0
78	EBUSY_RADIO_2 0
78	86 5
78	86 5
78	86 5
78	86 5
78	86 5
78	86 5
78	86 5
78	86 5
78	TEST_NUMBER 6
78	SENT_TOTAL 134
78	RECEIVED_TOTAL 126
78	TIME_TOTAL 29810
78	RECEIVED_RADIO_1 134
78	RECEIVED_RADIO_2 0
78	SENT_RADIO_1 64
78	SENT_RADIO_2 70
78	RADIO_TIME_1 29810
78	RADIO_TIME_2 29725
78	RETRANSMISSIONS_1 7
78	RETRANSMISSIONS_2 0
78	DROPPED_1 0
78	DROPPED_2 0
78	MAX_QUEUE 1
78	DUPLICATED_1 7
78	DUPLICATED_2 0
78	EBUSY_RADIO_1 0
78	EBUSY_RADIO_2 0
78	86 6
78	86 6
78	86 6
78	86 6
78	86 6
78	86 6
78	86 6

79	RELAY_NODE 79
79	TEST_NUMBER 0
79	SENT_TOTAL 0
79	RECEIVED_TOTAL 0
79	TIME_TOTAL 0
79	RECEIVED_RADIO_1 67
79	RECEIVED_RADIO_2 136
79	SENT_RADIO_1 136
79	SENT_RADIO_2 67
79	RADIO_TIME_1 18333
79	RADIO_TIME_2 18333
79	RETRANSMISSIONS_1 2
79	RETRANSMISSIONS_2 8
79	DROPPED_1 0
79	DROPPED_2 0
79	MAX_QUEUE 1
79	DUPLICATED_1 1
79	DUPLICATED_2 1
79	EBUSY_RADIO_1 0
79	EBUSY_RADIO_2 0
79	TEST_NUMBER 1
79	SENT_TOTAL 0
79	RECEIVED_TOTAL 0
79	TIME_TOTAL 0
79	RECEIVED_RADIO_1 73
79	RECEIVED_RADIO_2 146
79	SENT_RADIO_1 145
79	SENT_RADIO_2 73
79	RADIO_TIME_1 29818
79	RADIO_TIME_2 29844
79	RETRANSMISSIONS_1 9
79	RETRANSMISSIONS_2 54
79	DROPPED_1 0
79	DROPPED_2 1
79	MAX_QUEUE 2
79	DUPLICATED_1 0
79	DUPLICATED_2 5
79	EBUSY_RADIO_1 0
79	EBUSY_RADIO_2 0
79	TEST_NUMBER 2
79	SENT_TOTAL 0
79	RECEIVED_TOTAL 0
79	TIME_TOTAL 0
79	RECEIVED_RADIO_1 73
79	RECEIVED_RADIO_2 153
79	SENT_RADIO_1 152
79	SENT_RADIO_2 70
79	RADIO_TIME_1 29802
79	RADIO_TIME_2 29802
79	RETRANSMISSIONS_1 25
79	RETRANSMISSIONS_2 61
79	DROPPED_1 2
79	DROPPED_2 0
79	MAX_QUEUE 2
79	DUPLICATED_1 3
79	DUPLICATED_2 12
79	EBUSY_RADIO_1 0
79	EBUSY_RADIO_2 0
79	TEST_NUMBER 3
79	SENT_TOTAL 0
79	RECEIVED_TOTAL 0
79	TIME_TOTAL 0
79	RECEIVED_RADIO_1 70
79	RECEIVED_RADIO_2 143
79	SENT_RADIO_1 144
79	SENT_RADIO_2 71
79	RADIO_TIME_1 29794
79	RADIO_TIME_2 29794
79	RETRANSMISSIONS_1 11
79	RETRANSMISSIONS_2 66
79	DROPPED_1 0
79	DROPPED_2 0
79	MAX_QUEUE 1
79	DUPLICATED_1 3
79	DUPLICATED_2 2
79	EBUSY_RADIO_1 0
79	EBUSY_RADIO_2 0
79	TEST_NUMBER 4
79	SENT_TOTAL 0
79	RECEIVED_TOTAL 0
79	TIME_TOTAL 0
79	RECEIVED_RADIO_1 64
79	RECEIVED_RADIO_2 136
79	SENT_RADIO_1 136
79	SENT_RADIO_2 63
79	RADIO_TIME_1 29723
79	RADIO_TIME_2 29723
79	RETRANSMISSIONS_1 2
79	RETRANSMISSIONS_2 54
79	DROPPED_1 0
79	DROPPED_2 0
79	MAX_QUEUE 1
79	DUPLICATED_1 5
79	DUPLICATED_2 13
79	EBUSY_RADIO_1 0
79	EBUSY_RADIO_2 0
79	TEST_NUMBER 5
79	SENT_TOTAL 0
79	RECEIVED_TOTAL 0
79	TIME_TOTAL 0
79	RECEIVED_RADIO_1 68
79	RECEIVED_RADIO_2 140
79	SENT_RADIO_1 139
79	SENT_RADIO_2 68
79	RADIO_TIME_1 29735
79	RADIO_TIME_2 29735
79	RETRANSMISSIONS_1 26
79	RETRANSMISSIONS_2 68
79	DROPPED_1 1
79	DROPPED_2 1
79	MAX_QUEUE 2
79	DUPLICATED_1 1
79	DUPLICATED_2 7
79	EBUSY_RADIO_1 0
79	EBUSY_RADIO_2 0
79	TEST_NUMBER 6
79	SENT_TOTAL 0
79	RECEIVED_TOTAL 0
79	TIME_TOTAL 0
79	RECEIVED_RADIO_1 64
79	RECEIVED_RADIO_2 135
79	SENT_RADIO_1 134
79	SENT_RADIO_2 63
79	RADIO_TIME_1 29803
79	RADIO_TIME_2 29803
79	RETRANSMISSIONS_1 17
79	RETRANSMISSIONS_2 49
79	DROPPED_1 1
79	DROPPED_2 1
79	MAX_QUEUE 2
79	DUPLICATED_1 1
79	DUPLICATED_2 6
79	EBUSY_RADIO_1 0
79	EBUSY_RADIO_2 0

88	RELAY_NODE 88
88	TEST_NUMBER 0
88	SENT_TOTAL 0
88	RECEIVED_TOTAL 0
88	TIME_TOTAL 0
88	RECEIVED_RADIO_1 74
88	RECEIVED_RADIO_2 102
88	SENT_RADIO_1 0
88	SENT_RADIO_2 62
88	RADIO_TIME_1 19781
88	RADIO_TIME_2 19687
88	RETRANSMISSIONS_1 898
88	RETRANSMISSIONS_2 246
88	DROPPED_1 90
88	DROPPED_2 23
88	MAX_QUEUE 2
88	DUPLICATED_1 0
88	DUPLICATED_2 1
88	EBUSY_RADIO_1 0
88	EBUSY_RADIO_2 0
88	TEST_NUMBER 1
88	SENT_TOTAL 0
88	RECEIVED_TOTAL 0
88	TIME_TOTAL 0
88	RECEIVED_RADIO_1 74
88	RECEIVED_RADIO_2 104
88	SENT_RADIO_1 0
88	SENT_RADIO_2 63
88	RADIO_TIME_1 19884
88	RADIO_TIME_2 19884
88	RETRANSMISSIONS_1 917
88	RETRANSMISSIONS_2 240
88	DROPPED_1 92
88	DROPPED_2 22
88	MAX_QUEUE 2
88	DUPLICATED_1 0
88	DUPLICATED_2 3
88	EBUSY_RADIO_1 0
88	EBUSY_RADIO_2 0
88	TEST_NUMBER 2
88	SENT_TOTAL 0
88	RECEIVED_TOTAL 0
88	TIME_TOTAL 0
88	RECEIVED_RADIO_1 78
88	RECEIVED_RADIO_2 99
88	SENT_RADIO_1 0
88	SENT_RADIO_2 68
88	RADIO_TIME_1 19718
88	RADIO_TIME_2 19718
88	RETRANSMISSIONS_1 857
88	RETRANSMISSIONS_2 256
88	DROPPED_1 86
88	DROPPED_2 23
88	MAX_QUEUE 2
88	DUPLICATED_1 0
88	DUPLICATED_2 2
88	EBUSY_RADIO_1 0
88	EBUSY_RADIO_2 0
88	TEST_NUMBER 3
88	SENT_TOTAL 0
88	RECEIVED_TOTAL 0
88	TIME_TOTAL 0
88	RECEIVED_RADIO_1 73
88	RECEIVED_RADIO_2 106
88	SENT_RADIO_1 0
88	SENT_RADIO_2 59
88	RADIO_TIME_1 19696
88	RADIO_TIME_2 19602
88	RETRANSMISSIONS_1 967
88	RETRANSMISSIONS_2 257
88	DROPPED_1 97
88	DROPPED_2 24
88	MAX_QUEUE 3
88	DUPLICATED_1 0
88	DUPLICATED_2 4
88	EBUSY_RADIO_1 0
88	EBUSY_RADIO_2 0
88	TEST_NUMBER 4
88	SENT_TOTAL 0
88	RECEIVED_TOTAL 0
88	TIME_TOTAL 0
88	RECEIVED_RADIO_1 72
88	RECEIVED_RADIO_2 114
88	SENT_RADIO_1 0
88	SENT_RADIO_2 60
88	RADIO_TIME_1 19934
88	RADIO_TIME_2 19843
88	RETRANSMISSIONS_1 1126
88	RETRANSMISSIONS_2 134
88	DROPPED_1 113
88	DROPPED_2 13
88	MAX_QUEUE 2
88	DUPLICATED_1 0
88	DUPLICATED_2 2
88	EBUSY_RADIO_1 0
88	EBUSY_RADIO_2 0
88	TEST_NUMBER 5
88	SENT_TOTAL 0
88	RECEIVED_TOTAL 0
88	TIME_TOTAL 0
88	RECEIVED_RADIO_1 71
88	RECEIVED_RADIO_2 110
88	SENT_RADIO_1 0
88	SENT_RADIO_2 61
88	RADIO_TIME_1 19872
88	RADIO_TIME_2 19804
88	RETRANSMISSIONS_1 1046
88	RETRANSMISSIONS_2 153
88	DROPPED_1 105
88	DROPPED_2 15
88	MAX_QUEUE 2
88	DUPLICATED_1 0
88	DUPLICATED_2 2
88	EBUSY_RADIO_1 0
88	EBUSY_RADIO_2 0
88	TEST_NUMBER 6
88	SENT_TOTAL 0
88	RECEIVED_TOTAL 0
88	TIME_TOTAL 0
88	RECEIVED_RADIO_1 70
88	RECEIVED_RADIO_2 116
88	SENT_RADIO_1 0
88	SENT_RADIO_2 56
88	RADIO_TIME_1 19766
88	RADIO_TIME_2 19766
88	RETRANSMISSIONS_1 1136
88	RETRANSMISSIONS_2 165
88	DROPPED_1 114
88	DROPPED_2 16
88	MAX_QUEUE 2
88	DUPLICATED_1 0
88	DUPLICATED_2 0
88	EBUSY_RADIO_1 0
88	EBUSY_RADIO_2 0

90	RELAY_NODE 90
90	TEST_NUMBER 0
90	SENT_TOTAL 0
90	RECEIVED_TOTAL 0
90	TIME_TOTAL 0
90	RECEIVED_RADIO_1 146
90	RECEIVED_RADIO_2 72
90	SENT_RADIO_1 72
90	SENT_RADIO_2 146
90	RADIO_TIME_1 19547
90	RADIO_TIME_2 19547
90	RETRANSMISSIONS_1 4
90	RETRANSMISSIONS_2 10
90	DROPPED_1 0
90	DROPPED_2 0
90	MAX_QUEUE 1
90	DUPLICATED_1 0
90	DUPLICATED_2 0
90	EBUSY_RADIO_1 0
90	EBUSY_RADIO_2 0
90	TEST_NUMBER 1
90	SENT_TOTAL 0
90	RECEIVED_TOTAL 0
90	TIME_TOTAL 0
90	RECEIVED_RADIO_1 146
90	RECEIVED_RADIO_2 72
90	SENT_RADIO_1 72
90	SENT_RADIO_2 145
90	RADIO_TIME_1 29804
90	RADIO_TIME_2 29804
90	RETRANSMISSIONS_1 0
90	RETRANSMISSIONS_2 34
90	DROPPED_1 0
90	DROPPED_2 0
90	MAX_QUEUE 1
90	DUPLICATED_1 3
90	DUPLICATED_2 1
90	EBUSY_RADIO_1 0
90	EBUSY_RADIO_2 0
90	TEST_NUMBER 2
90	SENT_TOTAL 0
90	RECEIVED_TOTAL 0
90	TIME_TOTAL 0
90	RECEIVED_RADIO_1 151
90	RECEIVED_RADIO_2 71
90	SENT_RADIO_1 71
90	SENT_RADIO_2 152
90	RADIO_TIME_1 29715
90	RADIO_TIME_2 29715
90	RETRANSMISSIONS_1 5
90	RETRANSMISSIONS_2 47
90	DROPPED_1 0
90	DROPPED_2 0
90	MAX_QUEUE 1
90	DUPLICATED_1 1
90	DUPLICATED_2 1
90	EBUSY_RADIO_1 0
90	EBUSY_RADIO_2 0
90	TEST_NUMBER 3
90	SENT_TOTAL 0
90	RECEIVED_TOTAL 0
90	TIME_TOTAL 0
90	RECEIVED_RADIO_1 144
90	RECEIVED_RADIO_2 71
90	SENT_RADIO_1 71
90	SENT_RADIO_2 144
90	RADIO_TIME_1 29750
90	RADIO_TIME_2 29750
90	RETRANSMISSIONS_1 1
90	RETRANSMISSIONS_2 28
90	DROPPED_1 0
90	DROPPED_2 0
90	MAX_QUEUE 1
90	DUPLICATED_1 1
90	DUPLICATED_2 1
90	EBUSY_RADIO_1 0
90	EBUSY_RADIO_2 0
90	TEST_NUMBER 4
90	SENT_TOTAL 0
90	RECEIVED_TOTAL 0
90	TIME_TOTAL 0
90	RECEIVED_RADIO_1 136
90	RECEIVED_RADIO_2 63
90	SENT_RADIO_1 63
90	SENT_RADIO_2 134
90	RADIO_TIME_1 29801
90	RADIO_TIME_2 29801
90	RETRANSMISSIONS_1 1
90	RETRANSMISSIONS_2 50
90	DROPPED_1 0
90	DROPPED_2 0
90	MAX_QUEUE 1
90	DUPLICATED_1 1
90	DUPLICATED_2 0
90	EBUSY_RADIO_1 0
90	EBUSY_RADIO_2 0
90	TEST_NUMBER 5
90	SENT_TOTAL 0
90	RECEIVED_TOTAL 0
90	TIME_TOTAL 0
90	RECEIVED_RADIO_1 140
90	RECEIVED_RADIO_2 66
90	SENT_RADIO_1 66
90	SENT_RADIO_2 140
90	RADIO_TIME_1 29721
90	RADIO_TIME_2 29877
90	RETRANSMISSIONS_1 4
90	RETRANSMISSIONS_2 53
90	DROPPED_1 0
90	DROPPED_2 0
90	MAX_QUEUE 1
90	DUPLICATED_1 1
90	DUPLICATED_2 1
90	EBUSY_RADIO_1 0
90	EBUSY_RADIO_2 0
90	TEST_NUMBER 6
90	SENT_TOTAL 0
90	RECEIVED_TOTAL 0
90	TIME_TOTAL 0
90	RECEIVED_RADIO_1 134
90	RECEIVED_RADIO_2 64
90	SENT_RADIO_1 64
90	SENT_RADIO_2 136
90	RADIO_TIME_1 29774
90	RADIO_TIME_2 29808
90	RETRANSMISSIONS_1 0
90	RETRANSMISSIONS_2 18
90	DROPPED_1 0
90	DROPPED_2 0
90	MAX_QUEUE 1
90	DUPLICATED_1 1
90	DUPLICATED_2 1
90	EBUSY_RADIO_1 0
90	EBUSY_RADIO_2 0

95	SOURCE_NODE 95
95	84 1
95	84 2
95	84 3
95	83 3
95	85 3
95	79 34
95	84 4
95	84 5
95	83 5
95	85 1
95	79 362
95	83 5
95	85 5
95	79 48
95	84 6
95	84 7
95	84 8
95	83 8
95	85 6
95	79 170
95	83 8
95	85 8
95	79 40
95	84 9
95	84 10
95	84 11
95	83 11
95	85 11
95	79 37
95	84 12
95	83 12
95	85 9
95	79 261
95	84 13
95	83 13
95	85 12
95	79 150
95	84 14
95	83 14
95	85 14
95	79 41
95	84 15
95	83 15
95	85 15
95	79 43
95	84 16
95	84 17
95	83 17
95	85 17
95	79 38
95	84 18
95	84 19
95	83 19
95	85 18
95	79 154
95	84 20
95	83 20
95	85 20
95	79 42
95	84 1
95	84 2
95	83 2
95	85 1
95	79 104
95	84 3
95	83 3
95	85 3
95	79 42
95	84 4
95	84 5
95	83 5
95	85 5
95	79 37
95	84 6
95	84 7
95	84 8
95	84 9
95	84 10
95	83 10
95	85 7
95	79 278
95	83 10
95	85 10
95	79 48
95	84 11
95	84 12
95	84 13
95	83 13
95	85 12
95	79 104
95	83 13
95	85 13
95	79 55
95	84 14
95	84 15
95	83 15
95	85 15
95	79 35
95	84 16
95	83 16
95	85 16
95	79 71
95	84 17
95	84 18
95	83 18
95	85 18
95	79 41
95	84 19
95	83 19
95	85 19
95	79 63
95	84 20
95	84 1
95	84 2
95	84 3
95	83 3
95	85 3
95	79 37
95	84 4
95	84 5
95	83 5
95	85 5
95	79 35
95	84 6
95	83 6
95	85 6
95	79 52
95	84 7
95	84 8
95	84 9
95	83 9
95	85 8
95	79 146
95	84 10
95	83 10
95	85 10
95	79 41
95	84 11
95	84 12
95	84 13
95	83 13
95	85 11
95	79 196
95	83 13
95	85 13
95	79 51
95	84 14
95	84 15
95	84 16
95	83 16
95	85 15
95	79 102
95	84 17
95	84 18
95	84 19
95	84 20
95	83 20
95	85 16
95	79 358
95	83 20
95	85 20
95	79 50
95	84 1
95	84 2
95	83 2
95	85 2
95	79 42
95	84 3
95	84 4
95	83 4
95	85 4
95	79 40
95	84 5
95	84 6
95	83 6
95	85 6
95	79 42
95	84 7
95	83 7
95	85 7
95	79 49
95	84 8
95	84 9
95	83 9
95	85 9
95	79 35
95	84 10
95	83 10
95	85 10
95	79 68
95	84 11
95	84 12
95	83 12
95	85 12
95	79 39
95	84 13
95	84 14
95	84 15
95	84 16
95	84 17
95	83 17
95	85 13
95	79 359
95	83 17
95	85 17
95	79 50
95	84 18
95	84 19
95	84 20
95	83 20
95	85 19
95	79 114
95	83 20
95	85 20
95	79 55
95	84 1
95	84 2
95	83 2
95	85 2
95	79 36
95	84 3
95	83 3
95	85 3
95	79 44
95	84 4
95	84 5
95	84 6
95	84 7
95	83 7
95	85 7
95	79 37
95	84 8
95	84 9
95	83 9
95	85 9
95	79 50
95	84 10
95	84 11
95	83 11
95	85 11
95	79 43
95	84 12
95	84 13
95	84 14
95	83 14
95	85 14
95	79 47
95	84 15
95	84 16
95	83 16
95	85 16
95	79 45
95	84 17
95	84 18
95	83 18
95	85 18
95	79 40
95	84 19
95	84 20
95	83 20
95	85 19
95	79 149
95	84 1
95	83 1
95	85 1
95	79 38
95	84 2
95	84 3
95	84 4
95	84 5
95	83 5
95	85 2
95	79 259
95	84 6
95	84 7
95	83 7
95	85 4
95	79 283
95	83 7
95	85 7
95	79 64
95	84 8
95	84 9
95	83 9
95	85 9
95	79 37
95	84 10
95	84 11
95	83 11
95	85 11
95	79 44
95	84 12
95	84 13
95	83 13
95	85 13
95	79 39
95	84 14
95	84 15
95	83 15
95	85 15
95	79 40
95	84 16
95	84 17
95	84 18
95	83 18
95	85 18
95	79 38
95	84 19
95	84 20
95	83 20
95	85 20
95	79 44
95	84 1
95	84 2
95	83 2
95	85 2
95	79 41
95	84 3
95	84 4
95	83 4
95	85 4
95	79 36
95	84 5
95	83 5
95	85 5
95	79 63
95	84 6
95	84 7
95	84 8
95	83 8
95	85 7
95	79 153
95	84 9
95	84 10
95	83 10
95	85 9
95	79 132
95	83 10
95	85 10
95	79 65
95	84 11
95	84 12
95	83 12
95	85 12
95	79 38
95	84 13
95	84 14
95	83 14
95	85 14
95	79 34
95	84 15
95	84 16
95	84 17
95	84 18
95	83 18
95	85 16
95	79 205
95	83 18
95	85 18
95	79 47
95	84 19
95	84 20
95	84 1
95	84 2
95	84 3
95	83 3
95	85 3
95	79 46
95	84 4
95	84 5
95	83 5
95	85 1
95	79 359
95	83 5
95	85 5
95	79 54
95	84 6
95	84 7
95	83 7
95	85 7
95	79 40
95	84 8
95	84 9
95	84 10
95	84 11
95	83 11
95	85 11
95	79 40
95	84 12
95	84 13
95	83 13
95	85 9
95	79 358
95	84 14
95	84 15
95	83 15
95	85 14
95	79 159
95	84 16
95	83 16
95	85 13
95	79 278
95	83 16
95	85 16
95	79 50
95	84 17
95	83 17
95	85 17
95	79 46
95	84 18
95	84 19
95	83 19
95	85 19
95	79 43
95	84 20
95	84 1
95	84 2
95	83 2
95	85 2
95	79 41
95	84 3
95	84 4
95	83 4
95	85 4
95	79 40
95	84 5
95	84 6
95	84 7
95	83 7
95	85 7
95	79 45
95	84 8
95	83 8
95	85 5
95	79 294
95	83 8
95	85 8
95	79 61
95	84 9
95	84 10
95	84 11
95	83 11
95	85 11
95	79 56
95	84 12
95	84 13
95	83 13
95	85 13
95	79 39
95	84 14
95	84 15
95	83 15
95	85 15
95	79 39
95	84 16
95	84 17
95	83 17
95	85 17
95	79 40
95	84 18
95	84 19
95	83 19
95	85 19
95	79 38
95	84 20
95	84 1
95	83 1
95	85 1
95	79 42
95	84 2
95	84 3
95	83 3
95	85 3
95	79 45
95	84 4
95	84 5
95	83 5
95	85 5
95	79 37
95	84 6
95	84 7
95	83 7
95	85 7
95	79 44
95	84 8
95	84 9
95	83 9
95	85 9
95	79 40
95	84 10
95	84 11
95	84 12
95	83 12
95	85 10
95	79 211
95	84 13
95	84 14
95	83 14
95	85 12
95	79 201
95	84 15
95	84 16
95	83 16
95	85 14
95	79 210
95	84 17
95	83 17
95	85 16
95	79 103
95	84 18
95	84 19
95	84 20
95	84 1
95	84 2
95	83 2
95	85 20
95	79 181
95	84 3
95	83 3
95	85 3
95	79 39
95	84 4
95	84 5
95	83 5
95	85 18
95	79 598
95	83 5
95	85 1
95	79 369
95	83 5
95	85 5
95	79 50
95	84 6
95	84 7
95	83 7
95	85 7
95	79 38
95	84 8
95	84 9
95	84 10
95	83 10
95	85 8
95	79 169
95	83 10
95	85 10
95	79 34
95	84 11
95	83 11
95	85 11
95	79 42
95	84 12
95	84 13
95	83 13
95	85 13
95	79 43
95	84 14
95	84 15
95	83 15
95	85 15
95	79 38
95	84 16
95	84 17
95	83 17
95	85 17
95	79 40
95	84 18
95	84 19
95	83 19
95	85 18
95	79 142
95	84 20
95	83 20
95	85 20
95	79 42
95	84 1
95	83 1
95	85 1
95	79 64
95	84 2
95	84 3
95	83 3
95	85 3
95	79 42
95	84 4
95	84 5
95	84 6
95	83 6
95	85 6
95	79 53
95	84 7
95	84 8
95	83 8
95	85 4
95	79 362
95	83 8
95	85 8
95	79 50
95	84 9
95	83 9
95	85 9
95	79 43
95	84 10
95	84 11
95	83 11
95	85 11
95	79 40
95	84 12
95	83 12
95	85 12
95	79 54
95	84 13
95	84 14
95	83 14
95	85 14
95	79 39
95	84 15
95	84 16
95	83 16
95	85 15
95	79 97
95	84 17
95	83 17
95	85 17
95	79 36
95	84 18
95	83 18
95	85 18
95	79 67
95	84 19
95	84 20
95	84 1
95	84 2
95	84 3
95	83 3
95	85 20
95	79 303
95	84 4
95	84 5
95	83 5
95	85 2
95	79 273
95	83 5
95	85 5
95	79 40
95	84 6
95	83 6
95	85 3
95	79 274
95	84 7
95	84 8
95	83 8
95	85 8
95	79 40
95	84 9
95	84 10
95	TEST_NUMBER 0
95	SENT_TOTAL 250
95	RECEIVED_TOTAL 135
95	TIME_TOTAL 19530
95	RECEIVED_RADIO_1 73
95	RECEIVED_RADIO_2 62
95	SENT_RADIO_1 147
95	SENT_RADIO_2 102
95	RADIO_TIME_1 19843
95	RADIO_TIME_2 19683
95	RETRANSMISSIONS_1 0
95	RETRANSMISSIONS_2 77
95	DROPPED_1 0
95	DROPPED_2 0
95	MAX_QUEUE 1
95	DUPLICATED_1 2
95	DUPLICATED_2 4
95	EBUSY_RADIO_1 0
95	EBUSY_RADIO_2 0
95	84 1
95	84 2
95	83 2
95	85 10
95	86 0
95	83 2
95	85 2
95	79 60
95	84 3
95	84 4
95	84 5
95	84 6
95	84 7
95	83 7
95	85 4
95	79 279
95	84 8
95	84 9
95	84 10
95	83 10
95	85 6
95	79 369
95	84 11
95	84 12
95	84 13
95	83 13
95	85 12
95	79 144
95	84 14
95	83 14
95	85 10
95	79 361
95	83 14
95	85 14
95	79 48
95	84 15
95	83 15
95	85 15
95	79 43
95	84 16
95	84 17
95	83 17
95	85 17
95	79 45
95	84 18
95	84 19
95	83 19
95	85 19
95	79 35
95	84 20
95	84 1
95	83 1
95	85 1
95	79 36
95	84 2
95	84 3
95	84 4
95	83 4
95	85 4
95	79 42
95	84 5
95	84 6
95	84 7
95	83 7
95	85 6
95	79 106
95	84 8
95	83 8
95	85 8
95	79 37
95	84 9
95	84 10
95	83 10
95	85 10
95	79 41
95	84 11
95	84 12
95	83 12
95	85 12
95	79 37
95	84 13
95	84 14
95	83 14
95	85 14
95	79 36
95	84 15
95	84 16
95	84 17
95	84 18
95	83 18
95	85 18
95	79 38
95	84 19
95	83 19
95	85 16
95	79 285
95	83 19
95	85 19
95	79 53
95	84 20
95	84 1
95	83 1
95	85 1
95	79 39
95	84 2
95	83 2
95	85 2
95	79 48
95	84 3
95	84 4
95	84 5
95	84 6
95	83 6
95	85 6
95	79 46
95	84 7
95	84 8
95	83 8
95	85 8
95	79 48
95	84 9
95	84 10
95	83 10
95	85 10
95	79 45
95	84 11
95	84 12
95	83 12
95	85 12
95	79 41
95	84 13
95	84 14
95	83 14
95	85 14
95	79 44
95	84 15
95	84 16
95	84 17
95	83 17
95	85 17
95	79 36
95	84 18
95	84 19
95	83 19
95	85 19
95	79 38
95	84 20
95	84 1
95	83 1
95	85 1
95	79 37
95	84 2
95	84 3
95	83 3
95	85 3
95	79 39
95	84 4
95	84 5
95	83 5
95	85 5
95	79 44
95	84 6
95	84 7
95	84 8
95	84 9
95	84 10
95	83 10
95	85 10
95	79 43
95	84 11
95	83 11
95	85 8
95	79 310
95	84 12
95	83 12
95	85 11
95	79 81
95	84 13
95	84 14
95	84 15
95	84 16
95	83 16
95	85 13
95	79 305
95	83 16
95	85 16
95	79 73
95	84 17
95	84 18
95	83 18
95	85 15
95	79 316
95	84 19
95	83 19
95	85 18
95	79 84
95	84 20
95	83 20
95	85 20
95	79 40
95	84 1
95	84 2
95	83 2
95	85 2
95	79 46
95	84 3
95	84 4
95	83 4
95	85 4
95	79 43
95	84 5
95	84 6
95	83 6
95	85 6
95	79 44
95	84 7
95	84 8
95	84 9
95	84 10
95	83 10
95	85 8
95	79 201
95	84 11
95	84 12
95	84 13
95	83 13
95	85 12
95	79 103
95	84 14
95	83 14
95	85 10
95	79 363
95	83 14
95	85 14
95	79 52
95	84 15
95	84 16
95	83 16
95	85 16
95	79 40
95	84 17
95	83 17
95	85 17
95	79 70
95	84 18
95	84 19
95	83 19
95	85 19
95	79 45
95	84 20
95	84 1
95	84 2
95	84 3
95	84 4
95	83 4
95	85 20
95	79 361
95	83 4
95	85 4
95	79 49
95	84 5
95	84 6
95	83 6
95	85 6
95	79 43
95	84 7
95	83 7
95	85 7
95	79 48
95	84 8
95	84 9
95	84 10
95	84 11
95	83 11
95	85 11
95	79 40
95	84 12
95	84 13
95	83 13
95	85 13
95	79 47
95	84 14
95	84 15
95	83 15
95	85 15
95	79 44
95	84 16
95	84 17
95	84 18
95	83 18
95	85 18
95	79 41
95	84 19
95	83 19
95	85 16
95	79 299
95	83 19
95	85 19
95	79 69
95	84 20
95	84 1
95	84 2
95	84 3
95	84 4
95	83 4
95	85 3
95	79 105
95	84 5
95	84 6
95	84 7
95	83 7
95	85 1
95	79 517
95	84 8
95	83 8
95	85 5
95	79 298
95	83 8
95	85 8
95	79 71
95	84 9
95	84 10
95	84 11
95	83 11
95	85 7
95	79 378
95	84 12
95	83 12
95	85 10
95	79 191
95	84 13
95	84 14
95	84 15
95	83 15
95	85 13
95	79 202
95	84 16
95	84 17
95	83 17
95	85 11
95	79 529
95	83 17
95	85 17
95	79 58
95	84 18
95	84 19
95	83 19
95	85 15
95	79 322
95	84 20
95	84 1
95	84 2
95	84 3
95	83 3
95	85 18
95	79 439
95	83 3
95	85 1
95	79 209
95	83 3
95	85 20
95	79 300
95	83 3
95	85 3
95	79 70
95	84 4
95	84 5
95	83 5
95	85 5
95	79 41
95	84 6
95	84 7
95	84 8
95	84 9
95	84 10
95	84 11
95	83 11
95	85 8
95	79 316
95	84 12
95	83 12
95	85 10
95	79 237
95	84 13
95	84 14
95	84 15
95	83 15
95	85 11
95	79 326
95	84 16
95	84 17
95	83 17
95	85 13
95	79 340
95	83 17
95	85 14
95	79 307
95	83 17
95	85 17
95	79 76
95	84 18
95	84 19
95	83 19
95	85 16
95	79 279
95	83 19
95	85 19
95	79 45
95	84 20
95	84 1
95	83 1
95	85 20
95	79 109
95	84 2
95	83 2
95	85 2
95	79 39
95	84 3
95	84 4
95	84 5
95	83 5
95	85 5
95	79 41
95	84 6
95	83 6
95	85 3
95	79 312
95	84 7
95	84 8
95	84 9
95	83 9
95	85 8
95	79 145
95	84 10
95	83 10
95	85 6
95	79 359
95	84 11
95	84 12
95	83 12
95	85 11
95	79 104
95	84 13
95	83 13
95	85 10
95	79 288
95	84 14
95	84 15
95	83 15
95	85 15
95	79 42
95	84 16
95	84 17
95	83 17
95	85 13
95	79 354
95	83 17
95	85 17
95	79 44
95	84 18
95	84 19
95	83 19
95	85 19
95	79 41
95	84 20
95	84 1
95	83 1
95	85 1
95	79 39
95	84 2
95	84 3
95	84 4
95	84 5
95	84 6
95	84 7
95	84 8
95	83 8
95	85 6
95	79 211
95	83 8
95	85 4
95	79 390
95	83 8
95	85 8
95	79 80
95	84 9
95	84 10
95	84 11
95	83 11
95	85 11
95	79 53
95	84 12
95	84 13
95	83 13
95	85 9
95	79 348
95	84 14
95	84 15
95	83 15
95	85 12
95	79 263
95	84 16
95	83 16
95	85 16
95	79 35
95	84 17
95	84 18
95	84 19
95	84 20
95	83 20
95	85 14
95	79 525
95	83 20
95	85 18
95	79 214
95	84 1
95	84 2
95	83 2
95	85 20
95	79 165
95	83 2
95	85 1
95	79 88
95	84 3
95	84 4
95	83 4
95	85 3
95	79 125
95	83 4
95	85 4
95	79 56
95	84 5
95	84 6
95	83 6
95	85 6
95	79 37
95	84 7
95	84 8
95	84 9
95	84 10
95	83 10
95	85 9
95	79 151
95	84 11
95	83 11
95	85 7
95	79 357
95	83 11
95	85 11
95	79 51
95	84 12
95	83 12
95	85 12
95	79 53
95	84 13
95	84 14
95	83 14
95	85 14
95	79 41
95	84 15
95	84 16
95	84 17
95	83 17
95	85 15
95	79 190
95	84 18
95	83 18
95	85 18
95	79 41
95	84 19
95	84 20
95	83 20
95	85 17
95	79 280
95	84 1
95	84 2
95	83 2
95	85 1
95	79 154
95	84 3
95	83 3
95	85 20
95	79 283
95	84 4
95	83 4
95	85 4
95	79 60
95	84 5
95	84 6
95	84 7
95	83 7
95	85 3
95	79 369
95	84 8
95	84 9
95	83 9
95	85 9
95	79 44
95	84 10
95	84 11
95	83 11
95	85 6
95	79 468
95	83 11
95	85 11
95	79 77
95	84 12
95	84 13
95	83 13
95	85 13
95	79 45
95	84 14
95	84 15
95	84 16
95	83 16
95	85 16
95	79 38
95	84 17
95	83 17
95	85 14
95	79 288
95	83 17
95	85 17
95	79 59
95	84 18
95	84 19
95	83 19
95	85 19
95	79 33
95	84 20
95	84 1
95	84 2
95	83 2
95	85 2
95	79 49
95	84 3
95	84 4
95	84 5
95	83 5
95	85 20
95	79 452
95	83 5
95	85 5
95	79 61
95	84 6
95	84 7
95	83 7
95	85 7
95	79 42
95	84 8
95	84 9
95	84 10
95	TEST_NUMBER 1
95	SENT_TOTAL 250
95	RECEIVED_TOTAL 133
95	TIME_TOTAL 19526
95	RECEIVED_RADIO_1 71
95	RECEIVED_RADIO_2 63
95	SENT_RADIO_1 146
95	SENT_RADIO_2 104
95	RADIO_TIME_1 19763
95	RADIO_TIME_2 19763
95	RETRANSMISSIONS_1 3
95	RETRANSMISSIONS_2 79
95	DROPPED_1 0
95	DROPPED_2 0
95	MAX_QUEUE 1
95	DUPLICATED_1 0
95	DUPLICATED_2 2
95	EBUSY_RADIO_1 0
95	EBUSY_RADIO_2 0
95	83 0
95	85 8
95	86 1
95	84 1
95	84 2
95	83 2
95	85 2
95	79 46
95	84 3
95	83 3
95	85 10
95	86 1
95	84 4
95	84 5
95	83 5
95	85 3
95	79 205
95	84 6
95	84 7
95	84 8
95	83 8
95	85 6
95	79 199
95	83 8
95	85 5
95	79 285
95	83 8
95	85 8
95	79 56
95	84 9
95	84 10
95	84 11
95	83 11
95	85 9
95	79 164
95	83 11
95	85 11
95	79 36
95	84 12
95	84 13
95	84 14
95	83 14
95	85 12
95	79 218
95	83 14
95	85 14
95	79 67
95	84 15
95	84 16
95	84 17
95	84 18
95	83 18
95	85 17
95	79 90
95	84 19
95	83 19
95	85 16
95	79 263
95	83 19
95	85 19
95	79 36
95	84 20
95	84 1
95	84 2
95	83 2
95	85 20
95	79 198
95	84 3
95	84 4
95	84 5
95	83 5
95	85 3
95	79 200
95	83 5
95	85 5
95	79 48
95	84 6
95	84 7
95	84 8
95	84 9
95	84 10
95	83 10
95	85 7
95	79 280
95	84 11
95	84 12
95	83 12
95	85 12
95	79 42
95	84 13
95	84 14
95	83 14
95	85 10
95	79 366
95	83 14
95	85 14
95	79 61
95	84 15
95	84 16
95	84 17
95	84 18
95	83 18
95	85 17
95	79 128
95	83 18
95	85 15
95	79 309
95	84 19
95	84 20
95	83 20
95	85 20
95	79 41
95	84 1
95	83 1
95	85 18
95	79 272
95	84 2
95	84 3
95	84 4
95	83 4
95	85 1
95	79 262
95	84 5
95	84 6
95	83 6
95	85 3
95	79 284
95	83 6
95	85 6
95	79 54
95	84 7
95	84 8
95	83 8
95	85 8
95	79 41
95	84 9
95	83 9
95	85 9
95	79 51
95	84 10
95	84 11
95	83 11
95	85 11
95	79 37
95	84 12
95	84 13
95	84 14
95	84 15
95	84 16
95	83 16
95	85 12
95	79 357
95	83 16
95	85 16
95	79 47
95	84 17
95	84 18
95	83 18
95	85 18
95	79 40
95	84 19
95	84 20
95	84 1
95	84 2
95	84 3
95	83 3
95	85 19
95	79 375
95	84 4
95	84 5
95	84 6
95	83 6
95	85 5
95	79 103
95	84 7
95	83 7
95	85 3
95	79 364
95	84 8
95	84 9
95	84 10
95	84 11
95	83 11
95	85 9
95	79 199
95	84 12
95	83 12
95	85 7
95	79 464
95	84 13
95	84 14
95	83 14
95	85 11
95	79 304
95	84 15
95	84 16
95	83 16
95	85 12
95	79 368
95	84 17
95	83 17
95	85 16
95	79 110
95	84 18
95	83 18
95	85 14
95	79 369
95	83 18
95	85 18
95	79 59
95	84 19
95	84 20
95	83 20
95	85 20
95	79 38
95	84 1
95	83 1
95	85 1
95	79 51
95	84 2
95	84 3
95	84 4
95	84 5
95	84 6
95	84 7
95	84 8
95	83 8
95	85 3
95	79 400
95	83 8
95	85 6
95	79 168
95	84 9
95	83 9
95	85 9
95	79 50
95	84 10
95	84 11
95	83 11
95	85 5
95	79 529
95	83 11
95	85 8
95	79 298
95	84 12
95	84 13
95	84 14
95	83 14
95	85 11
95	79 276
95	83 14
95	85 14
95	79 45
95	84 15
95	84 16
95	83 16
95	85 12
95	79 347
95	84 17
95	83 17
95	85 15
95	79 197
95	84 18
95	84 19
95	84 20
95	84 1
95	83 1
95	85 19
95	79 211
95	84 2
95	83 2
95	85 1
95	79 148
95	84 3
95	83 3
95	85 17
95	79 493
95	84 4
95	84 5
95	83 5
95	85 2
95	79 307
95	83 5
95	85 5
95	79 75
95	84 6
95	84 7
95	83 7
95	85 4
95	79 277
95	83 7
95	85 7
95	79 44
95	84 8
95	84 9
95	84 10
95	83 10
95	85 10
95	79 58
95	84 11
95	83 11
95	85 8
95	79 318
95	84 12
95	83 12
95	85 11
95	79 91
95	84 13
95	83 13
95	85 13
95	79 39
95	84 14
95	84 15
95	84 16
95	84 17
95	83 17
95	85 16
95	79 111
95	83 17
95	85 14
95	79 312
95	84 18
95	83 18
95	85 17
95	79 89
95	84 19
95	84 20
95	83 20
95	85 19
95	79 142
95	84 1
95	84 2
95	83 2
95	85 20
95	79 202
95	84 3
95	83 3
95	85 2
95	79 99
95	84 4
95	83 4
95	85 4
95	79 52
95	84 5
95	84 6
95	84 7
95	83 7
95	85 7
95	79 45
95	84 8
95	84 9
95	84 10
95	83 10
95	85 6
95	79 361
95	84 11
95	84 12
95	84 13
95	84 14
95	84 15
95	84 16
95	84 17
95	84 18
95	83 18
95	85 18
95	79 35
95	84 19
95	84 20
95	83 20
95	85 20
95	79 55
95	83 20
95	85 12
95	79 711
95	84 1
95	83 1
95	85 16
95	79 401
95	84 2
95	83 2
95	85 2
95	79 39
95	84 3
95	84 4
95	83 4
95	85 3
95	79 144
95	84 5
95	83 5
95	85 5
95	79 42
95	84 6
95	83 6
95	85 6
95	79 61
95	84 7
95	84 8
95	83 8
95	85 8
95	79 41
95	84 9
95	84 10
95	83 10
95	85 10
95	79 37
95	84 11
95	84 12
95	84 13
95	83 13
95	85 13
95	79 71
95	84 14
95	84 15
95	84 16
95	83 16
95	85 16
95	79 51
95	83 16
95	85 11
95	79 452
95	83 16
95	85 14
95	79 223
95	84 17
95	84 18
95	84 19
95	84 20
95	84 1
95	83 1
95	85 19
95	79 162
95	83 1
95	85 18
95	79 278
95	84 2
95	83 2
95	85 2
95	79 47
95	84 3
95	84 4
95	83 4
95	85 1
95	79 278
95	83 4
95	85 4
95	79 50
95	84 5
95	84 6
95	83 6
95	85 6
95	79 68
95	84 7
95	84 8
95	84 9
95	84 10
95	83 10
95	85 10
95	79 48
95	84 11
95	84 12
95	83 12
95	85 8
95	79 378
95	83 12
95	85 12
95	79 66
95	84 13
95	84 14
95	83 14
95	85 14
95	79 50
95	84 15
95	84 16
95	84 17
95	84 18
95	84 19
95	83 19
95	85 18
95	79 106
95	83 19
95	85 16
95	79 288
95	84 20
95	84 1
95	84 2
95	83 2
95	85 1
95	79 151
95	84 3
95	83 3
95	85 19
95	79 359
95	83 3
95	85 3
95	79 48
95	84 4
95	83 4
95	85 4
95	79 51
95	84 5
95	84 6
95	84 7
95	84 8
95	83 8
95	85 8
95	79 41
95	84 9
95	84 10
95	84 11
95	83 11
95	85 6
95	79 478
95	84 12
95	84 13
95	83 13
95	85 11
95	79 172
95	83 13
95	85 13
95	79 41
95	84 14
95	84 15
95	84 16
95	83 16
95	85 16
95	79 38
95	84 17
95	84 18
95	84 19
95	84 20
95	84 1
95	83 1
95	85 18
95	79 280
95	83 1
95	85 1
95	79 50
95	84 2
95	84 3
95	84 4
95	84 5
95	84 6
95	83 6
95	85 4
95	79 226
95	84 7
95	84 8
95	83 8
95	85 19
95	79 764
95	83 8
95	85 2
95	79 531
95	83 8
95	85 5
95	79 298
95	83 8
95	85 7
95	79 145
95	83 8
95	85 8
95	79 73
95	84 9
95	84 10
95	84 11
95	84 12
95	83 12
95	85 12
95	79 52
95	84 13
95	83 13
95	85 10
95	79 287
95	84 14
95	84 15
95	83 15
95	85 15
95	79 39
95	84 16
95	84 17
95	84 18
95	83 18
95	85 13
95	79 445
95	84 19
95	83 19
95	85 16
95	79 292
95	84 20
95	83 20
95	85 18
95	79 230
95	84 1
95	83 1
95	85 1
95	79 41
95	84 2
95	83 2
95	85 19
95	79 281
95	83 2
95	85 2
95	79 57
95	84 3
95	84 4
95	83 4
95	85 4
95	79 38
95	84 5
95	83 5
95	85 5
95	79 49
95	84 6
95	84 7
95	84 8
95	84 9
95	83 9
95	85 7
95	79 167
95	84 10
95	83 10
95	85 10
95	79 68
95	84 11
95	84 12
95	83 12
95	85 9
95	79 277
95	83 12
95	85 12
95	79 51
95	84 13
95	84 14
95	83 14
95	85 14
95	79 48
95	84 15
95	84 16
95	84 17
95	83 17
95	85 17
95	79 41
95	84 18
95	83 18
95	85 15
95	79 305
95	84 19
95	84 20
95	84 1
95	84 2
95	84 3
95	83 3
95	85 18
95	79 439
95	83 3
95	85 3
95	79 47
95	84 4
95	84 5
95	84 6
95	84 7
95	84 8
95	83 8
95	85 8
95	79 47
95	84 9
95	84 10
95	TEST_NUMBER 2
95	SENT_TOTAL 250
95	RECEIVED_TOTAL 137
95	TIME_TOTAL 29728
95	RECEIVED_RADIO_1 71
95	RECEIVED_RADIO_2 68
95	SENT_RADIO_1 151
95	SENT_RADIO_2 99
95	RADIO_TIME_1 29840
95	RADIO_TIME_2 19763
95	RETRANSMISSIONS_1 1
95	RETRANSMISSIONS_2 87
95	DROPPED_1 0
95	DROPPED_2 0
95	MAX_QUEUE 1
95	DUPLICATED_1 2
95	DUPLICATED_2 6
95	EBUSY_RADIO_1 0
95	EBUSY_RADIO_2 0
95	83 0
95	85 10
95	86 2
95	84 1
95	84 2
95	83 2
95	85 6
95	86 2
95	84 3
95	84 4
95	84 5
95	84 6
95	83 6
95	85 3
95	79 285
95	83 6
95	85 2
95	79 384
95	83 6
95	85 5
95	79 154
95	84 7
95	84 8
95	83 8
95	85 6
95	79 210
95	83 8
95	85 8
95	79 58
95	84 9
95	83 9
95	85 9
95	79 51
95	84 10
95	84 11
95	83 11
95	85 11
95	79 36
95	84 12
95	84 13
95	84 14
95	84 15
95	84 16
95	84 17
95	83 17
95	85 14
95	79 273
95	84 18
95	84 19
95	83 19
95	85 17
95	79 169
95	83 19
95	85 12
95	79 595
95	83 19
95	85 16
95	79 282
95	84 20
95	84 1
95	83 1
95	85 20
95	79 94
95	84 2
95	83 2
95	85 19
95	79 288
95	83 2
95	85 2
95	79 60
95	84 3
95	84 4
95	83 4
95	85 4
95	79 43
95	84 5
95	84 6
95	84 7
95	84 8
95	83 8
95	85 5
95	79 303
95	84 9
95	84 10
95	84 11
95	83 11
95	85 10
95	79 141
95	84 12
95	84 13
95	83 13
95	85 13
95	79 56
95	83 13
95	85 8
95	79 458
95	84 14
95	84 15
95	83 15
95	85 12
95	79 281
95	84 16
95	84 17
95	84 18
95	83 18
95	85 17
95	79 144
95	84 19
95	83 19
95	85 15
95	79 341
95	83 19
95	85 18
95	79 115
95	84 20
95	84 1
95	84 2
95	83 2
95	85 20
95	79 197
95	83 2
95	85 2
95	79 55
95	84 3
95	84 4
95	84 5
95	84 6
95	84 7
95	83 7
95	85 5
95	79 236
95	84 8
95	84 9
95	83 9
95	85 9
95	79 50
95	84 10
95	84 11
95	83 11
95	85 11
95	79 42
95	84 12
95	84 13
95	84 14
95	84 15
95	83 15
95	85 15
95	79 40
95	84 16
95	83 16
95	85 13
95	79 307
95	84 17
95	84 18
95	84 19
95	83 19
95	85 18
95	79 135
95	84 20
95	84 1
95	83 1
95	85 16
95	79 411
95	83 1
95	85 20
95	79 102
95	84 2
95	83 2
95	85 1
95	79 102
95	84 3
95	84 4
95	84 5
95	84 6
95	83 6
95	85 5
95	79 101
95	83 6
95	85 3
95	79 284
95	84 7
95	84 8
95	84 9
95	84 10
95	83 10
95	85 6
95	79 378
95	84 11
95	84 12
95	83 12
95	85 12
95	79 40
95	84 13
95	84 14
95	83 14
95	85 10
95	79 360
95	83 14
95	85 14
95	79 77
95	84 15
95	84 16
95	83 16
95	85 16
95	79 38
95	84 17
95	84 18
95	84 19
95	84 20
95	84 1
95	83 1
95	85 18
95	79 281
95	84 2
95	84 3
95	83 3
95	85 3
95	79 37
95	84 4
95	84 5
95	83 5
95	85 1
95	79 369
95	84 6
95	84 7
95	84 8
95	83 8
95	85 5
95	79 288
95	84 9
95	83 9
95	85 9
95	79 46
95	84 10
95	84 11
95	83 11
95	85 8
95	79 277
95	83 11
95	85 11
95	79 45
95	84 12
95	84 13
95	83 13
95	85 13
95	79 34
95	84 14
95	84 15
95	83 15
95	85 15
95	79 44
95	84 16
95	84 17
95	83 17
95	85 17
95	79 41
95	84 18
95	84 19
95	84 20
95	84 1
95	84 2
95	83 2
95	85 18
95	79 365
95	83 2
95	85 2
95	79 55
95	84 3
95	84 4
95	84 5
95	83 5
95	85 4
95	79 101
95	84 6
95	83 6
95	85 6
95	79 41
95	84 7
95	84 8
95	83 8
95	85 8
95	79 38
95	84 9
95	84 10
95	83 10
95	85 10
95	79 39
95	84 11
95	84 12
95	83 12
95	85 11
95	79 145
95	84 13
95	84 14
95	83 14
95	85 14
95	79 42
95	84 15
95	84 16
95	83 16
95	85 13
95	79 280
95	83 16
95	85 16
95	79 50
95	84 17
95	84 18
95	83 18
95	85 18
95	79 41
95	84 19
95	84 20
95	84 1
95	84 2
95	84 3
95	83 3
95	85 19
95	79 364
95	83 3
95	85 3
95	79 52
95	84 4
95	84 5
95	83 5
95	85 5
95	79 42
95	84 6
95	84 7
95	83 7
95	85 7
95	79 45
95	84 8
95	84 9
95	84 10
95	83 10
95	85 10
95	79 45
95	84 11
95	84 12
95	83 12
95	85 12
95	79 43
95	84 13
95	84 14
95	84 15
95	84 16
95	83 16
95	85 14
95	79 207
95	83 16
95	85 16
95	79 49
95	84 17
95	84 18
95	84 19
95	83 19
95	85 17
95	79 171
95	83 19
95	85 19
95	79 44
95	84 20
95	84 1
95	84 2
95	83 2
95	85 20
95	79 201
95	83 2
95	85 2
95	79 48
95	84 3
95	84 4
95	84 5
95	83 5
95	85 4
95	79 102
95	84 6
95	84 7
95	84 8
95	83 8
95	85 8
95	79 48
95	84 9
95	84 10
95	83 10
95	85 6
95	79 393
95	84 11
95	83 11
95	85 10
95	79 81
95	84 12
95	84 13
95	84 14
95	83 14
95	85 12
95	79 227
95	84 15
95	83 15
95	85 15
95	79 45
95	84 16
95	83 16
95	85 16
95	79 59
95	84 17
95	84 18
95	84 19
95	84 20
95	84 1
95	83 1
95	85 13
95	79 641
95	83 1
95	85 18
95	79 250
95	84 2
95	83 2
95	85 20
95	79 201
95	84 3
95	83 3
95	85 2
95	79 128
95	84 4
95	84 5
95	83 5
95	85 5
95	79 45
95	84 6
95	84 7
95	83 7
95	85 7
95	79 37
95	84 8
95	84 9
95	84 10
95	84 11
95	84 12
95	83 12
95	85 9
95	79 279
95	83 12
95	85 12
95	79 52
95	84 13
95	84 14
95	83 14
95	85 14
95	79 37
95	84 15
95	84 16
95	83 16
95	85 16
95	79 37
95	84 17
95	84 18
95	83 18
95	85 18
95	79 42
95	84 19
95	84 20
95	83 20
95	85 20
95	79 49
95	84 1
95	84 2
95	84 3
95	84 4
95	84 5
95	83 5
95	85 2
95	79 272
95	84 6
95	84 7
95	83 7
95	85 4
95	79 283
95	84 8
95	84 9
95	83 9
95	85 9
95	79 36
95	84 10
95	83 10
95	85 7
95	79 299
95	84 11
95	84 12
95	84 13
95	84 14
95	84 15
95	83 15
95	85 10
95	79 440
95	83 15
95	85 13
95	79 210
95	84 16
95	84 17
95	83 17
95	85 12
95	79 407
95	83 17
95	85 15
95	79 201
95	84 18
95	84 19
95	84 20
95	83 20
95	85 18
95	79 202
95	84 1
95	83 1
95	85 17
95	79 336
95	84 2
95	83 2
95	85 2
95	79 38
95	84 3
95	84 4
95	83 4
95	85 20
95	79 365
95	83 4
95	85 4
95	79 52
95	84 5
95	84 6
95	83 6
95	85 6
95	79 39
95	84 7
95	83 7
95	85 7
95	79 51
95	84 8
95	84 9
95	84 10
95	84 11
95	84 12
95	84 13
95	83 13
95	85 13
95	79 35
95	84 14
95	84 15
95	84 16
95	83 16
95	85 11
95	79 435
95	84 17
95	84 18
95	83 18
95	85 14
95	79 370
95	84 19
95	84 20
95	83 20
95	85 20
95	79 42
95	84 1
95	84 2
95	83 2
95	85 18
95	79 332
95	83 2
95	85 1
95	79 101
95	84 3
95	83 3
95	85 3
95	79 42
95	84 4
95	83 4
95	85 4
95	79 51
95	84 5
95	84 6
95	84 7
95	84 8
95	83 8
95	85 8
95	79 46
95	84 9
95	84 10
95	84 11
95	83 11
95	85 9
95	79 200
95	84 12
95	84 13
95	83 13
95	85 11
95	79 210
95	83 13
95	85 13
95	79 68
95	84 14
95	84 15
95	84 16
95	84 17
95	83 17
95	85 17
95	79 45
95	84 18
95	83 18
95	85 15
95	79 286
95	83 18
95	85 18
95	79 53
95	84 19
95	84 20
95	83 20
95	85 20
95	79 57
95	84 1
95	84 2
95	83 2
95	85 2
95	79 49
95	84 3
95	84 4
95	83 4
95	85 4
95	79 44
95	84 5
95	84 6
95	83 6
95	85 6
95	79 40
95	84 7
95	84 8
95	83 8
95	85 8
95	79 44
95	84 9
95	84 10
95	TEST_NUMBER 3
95	SENT_TOTAL 250
95	RECEIVED_TOTAL 128
95	TIME_TOTAL 29718
95	RECEIVED_RADIO_1 71
95	RECEIVED_RADIO_2 59
95	SENT_RADIO_1 144
95	SENT_RADIO_2 106
95	RADIO_TIME_1 19763
95	RADIO_TIME_2 29754
95	RETRANSMISSIONS_1 1
95	RETRANSMISSIONS_2 79
95	DROPPED_1 0
95	DROPPED_2 0
95	MAX_QUEUE 2
95	DUPLICATED_1 0
95	DUPLICATED_2 8
95	EBUSY_RADIO_1 0
95	EBUSY_RADIO_2 0
95	83 0
95	85 10
95	86 3
95	84 1
95	84 2
95	83 2
95	85 2
95	79 43
95	84 3
95	84 4
95	84 5
95	84 6
95	84 7
95	83 7
95	85 6
95	79 105
95	84 8
95	83 8
95	85 4
95	79 364
95	84 9
95	84 10
95	83 10
95	85 10
95	79 37
95	84 11
95	84 12
95	83 12
95	85 8
95	79 364
95	83 12
95	85 12
95	79 51
95	84 13
95	84 14
95	83 14
95	85 14
95	79 47
95	84 15
95	84 16
95	84 17
95	84 18
95	84 19
95	83 19
95	85 17
95	79 205
95	83 19
95	85 16
95	79 304
95	84 20
95	84 1
95	84 2
95	83 2
95	85 20
95	79 204
95	84 3
95	84 4
95	83 4
95	85 19
95	79 440
95	84 5
95	84 6
95	84 7
95	83 7
95	85 7
95	79 53
95	84 8
95	84 9
95	84 10
95	84 11
95	83 11
95	85 9
95	79 217
95	84 12
95	84 13
95	83 13
95	85 2
95	79 882
95	83 13
95	85 5
95	79 649
95	83 13
95	85 11
95	79 179
95	84 14
95	83 14
95	85 14
95	79 53
95	84 15
95	83 15
95	85 12
95	79 264
95	84 16
95	84 17
95	83 17
95	85 17
95	79 44
95	84 18
95	84 19
95	83 19
95	85 19
95	79 36
95	84 20
95	83 20
95	85 20
95	79 57
95	84 1
95	84 2
95	83 2
95	85 2
95	79 43
95	84 3
95	84 4
95	83 4
95	85 4
95	79 43
95	84 5
95	84 6
95	83 6
95	85 6
95	79 39
95	84 7
95	84 8
95	83 8
95	85 8
95	79 36
95	84 9
95	84 10
95	83 10
95	85 10
95	79 41
95	84 11
95	84 12
95	84 13
95	84 14
95	84 15
95	84 16
95	84 17
95	83 17
95	85 17
95	79 37
95	84 18
95	83 18
95	85 12
95	79 523
95	83 18
95	85 15
95	79 291
95	84 19
95	84 20
95	83 20
95	85 20
95	79 42
95	84 1
95	84 2
95	83 2
95	85 2
95	79 47
95	84 3
95	84 4
95	84 5
95	84 6
95	83 6
95	85 6
95	79 37
95	84 7
95	83 7
95	85 4
95	79 288
95	84 8
95	84 9
95	84 10
95	84 11
95	84 12
95	84 13
95	83 13
95	85 7
95	79 521
95	83 13
95	85 13
95	79 59
95	84 14
95	84 15
95	83 15
95	85 11
95	79 367
95	83 15
95	85 15
95	79 56
95	84 16
95	84 17
95	83 17
95	85 17
95	79 35
95	84 18
95	84 19
95	83 19
95	85 19
95	79 35
95	84 20
95	84 1
95	84 2
95	84 3
95	84 4
95	84 5
95	84 6
95	83 6
95	85 4
95	79 203
95	83 6
95	85 2
95	79 398
95	84 7
95	83 7
95	85 6
95	79 90
95	84 8
95	83 8
95	85 8
95	79 42
95	84 9
95	84 10
95	84 11
95	84 12
95	83 12
95	85 12
95	79 48
95	84 13
95	84 14
95	84 15
95	83 15
95	85 10
95	79 444
95	84 16
95	84 17
95	83 17
95	85 17
95	79 40
95	84 18
95	84 19
95	83 19
95	85 15
95	79 381
95	83 19
95	85 19
95	79 71
95	84 20
95	84 1
95	83 1
95	85 1
95	79 41
95	84 2
95	84 3
95	83 3
95	85 3
95	79 44
95	84 4
95	84 5
95	83 5
95	85 5
95	79 44
95	84 6
95	84 7
95	84 8
95	84 9
95	83 9
95	85 9
95	79 40
95	84 10
95	84 11
95	83 11
95	85 7
95	79 384
95	83 11
95	85 11
95	79 75
95	84 12
95	84 13
95	83 13
95	85 13
95	79 41
95	84 14
95	84 15
95	83 15
95	85 15
95	79 34
95	84 16
95	84 17
95	83 17
95	85 17
95	79 44
95	84 18
95	84 19
95	83 19
95	85 19
95	79 45
95	84 20
95	84 1
95	83 1
95	85 1
95	79 38
95	84 2
95	84 3
95	84 4
95	84 5
95	84 6
95	84 7
95	83 7
95	85 5
95	79 197
95	84 8
95	84 9
95	83 9
95	85 3
95	79 523
95	83 9
95	85 7
95	79 213
95	84 10
95	84 11
95	84 12
95	83 12
95	85 12
95	79 58
95	84 13
95	84 14
95	83 14
95	85 10
95	79 379
95	84 15
95	84 16
95	83 16
95	85 16
95	79 38
95	84 17
95	84 18
95	83 18
95	85 14
95	79 371
95	83 18
95	85 18
95	79 61
95	84 19
95	84 20
95	83 20
95	85 20
95	79 41
95	84 1
95	84 2
95	83 2
95	85 2
95	79 43
95	84 3
95	84 4
95	83 4
95	85 4
95	79 40
95	84 5
95	84 6
95	84 7
95	84 8
95	83 8
95	85 8
95	79 57
95	84 9
95	84 10
95	83 10
95	85 6
95	79 341
95	84 11
95	84 12
95	84 13
95	83 13
95	85 11
95	79 204
95	83 13
95	85 9
95	79 369
95	83 13
95	85 13
95	79 61
95	84 14
95	84 15
95	84 16
95	84 17
95	83 17
95	85 15
95	79 198
95	84 18
95	84 19
95	84 20
95	84 1
95	83 1
95	85 19
95	79 200
95	84 2
95	84 3
95	83 3
95	85 17
95	79 532
95	83 3
95	85 1
95	79 222
95	84 4
95	84 5
95	83 5
95	85 3
95	79 200
95	84 6
95	84 7
95	84 8
95	84 9
95	84 10
95	83 10
95	85 8
95	79 208
95	84 11
95	84 12
95	83 12
95	85 12
95	79 44
95	83 12
95	85 5
95	79 614
95	83 12
95	85 10
95	79 223
95	84 13
95	84 14
95	83 14
95	85 14
95	79 49
95	84 15
95	84 16
95	83 16
95	85 16
95	79 44
95	84 17
95	84 18
95	84 19
95	84 20
95	84 1
95	83 1
95	85 18
95	79 274
95	84 2
95	84 3
95	83 3
95	85 3
95	79 53
95	84 4
95	84 5
95	84 6
95	83 6
95	85 20
95	79 497
95	83 6
95	85 5
95	79 107
95	84 7
95	84 8
95	84 9
95	83 9
95	85 7
95	79 197
95	84 10
95	84 11
95	83 11
95	85 9
95	79 214
95	83 11
95	85 11
95	79 55
95	84 12
95	84 13
95	84 14
95	84 15
95	84 16
95	83 16
95	85 14
95	79 215
95	84 17
95	84 18
95	83 18
95	85 16
95	79 206
95	83 18
95	85 18
95	79 50
95	84 19
95	84 20
95	83 20
95	85 20
95	79 49
95	84 1
95	84 2
95	84 3
95	84 4
95	83 4
95	85 4
95	79 46
95	84 5
95	84 6
95	83 6
95	85 2
95	79 360
95	83 6
95	85 6
95	79 50
95	84 7
95	84 8
95	83 8
95	85 8
95	79 37
95	84 9
95	83 9
95	85 9
95	79 50
95	84 10
95	84 11
95	84 12
95	84 13
95	83 13
95	85 13
95	79 42
95	84 14
95	83 14
95	85 11
95	79 283
95	83 14
95	85 14
95	79 53
95	84 15
95	84 16
95	83 16
95	85 16
95	79 50
95	84 17
95	84 18
95	84 19
95	84 20
95	83 20
95	85 18
95	79 201
95	83 20
95	85 20
95	79 46
95	84 1
95	84 2
95	84 3
95	83 3
95	85 3
95	79 40
95	84 4
95	84 5
95	83 5
95	85 5
95	79 40
95	84 6
95	84 7
95	84 8
95	83 8
95	85 8
95	79 55
95	84 9
95	84 10
95	83 10
95	85 7
95	79 281
95	84 11
95	84 12
95	84 13
95	83 13
95	85 10
95	79 284
95	83 13
95	85 13
95	79 51
95	84 14
95	84 15
95	83 15
95	85 15
95	79 43
95	84 16
95	84 17
95	84 18
95	83 18
95	85 18
95	79 38
95	84 19
95	83 19
95	85 16
95	79 296
95	83 19
95	85 19
95	79 65
95	84 20
95	84 1
95	84 2
95	84 3
95	83 3
95	85 1
95	79 198
95	84 4
95	84 5
95	83 5
95	85 3
95	79 202
95	84 6
95	84 7
95	83 7
95	85 5
95	79 199
95	84 8
95	84 9
95	83 9
95	85 9
95	79 52
95	84 10
95	TEST_NUMBER 4
95	SENT_TOTAL 250
95	RECEIVED_TOTAL 122
95	TIME_TOTAL 29822
95	RECEIVED_RADIO_1 63
95	RECEIVED_RADIO_2 60
95	SENT_RADIO_1 136
95	SENT_RADIO_2 113
95	RADIO_TIME_1 29770
95	RADIO_TIME_2 19843
95	RETRANSMISSIONS_1 1
95	RETRANSMISSIONS_2 28
95	DROPPED_1 0
95	DROPPED_2 0
95	MAX_QUEUE 1
95	DUPLICATED_1 0
95	DUPLICATED_2 0
95	EBUSY_RADIO_1 0
95	EBUSY_RADIO_2 0
95	83 0
95	85 7
95	86 4
95	83 0
95	85 10
95	86 4
95	84 1
95	84 2
95	83 2
95	85 2
95	79 45
95	84 3
95	84 4
95	83 4
95	85 4
95	79 47
95	84 5
95	84 6
95	83 6
95	85 6
95	79 39
95	84 7
95	84 8
95	84 9
95	84 10
95	84 11
95	83 11
95	85 9
95	79 215
95	83 11
95	85 7
95	79 392
95	84 12
95	83 12
95	85 11
95	79 82
95	84 13
95	83 13
95	85 13
95	79 59
95	84 14
95	84 15
95	84 16
95	83 16
95	85 14
95	79 219
95	84 17
95	84 18
95	83 18
95	85 16
95	79 201
95	83 18
95	85 18
95	79 56
95	84 19
95	83 19
95	85 19
95	79 60
95	84 20
95	84 1
95	83 1
95	85 1
95	79 46
95	84 2
95	84 3
95	84 4
95	84 5
95	83 5
95	85 5
95	79 56
95	84 6
95	84 7
95	83 7
95	85 3
95	79 382
95	84 8
95	84 9
95	83 9
95	85 9
95	79 36
95	84 10
95	84 11
95	83 11
95	85 7
95	79 378
95	83 11
95	85 11
95	79 67
95	84 12
95	84 13
95	83 13
95	85 13
95	79 47
95	84 14
95	84 15
95	83 15
95	85 15
95	79 41
95	84 16
95	84 17
95	83 17
95	85 17
95	79 43
95	84 18
95	84 19
95	83 19
95	85 19
95	79 51
95	84 20
95	84 1
95	84 2
95	84 3
95	84 4
95	83 4
95	85 1
95	79 264
95	84 5
95	83 5
95	85 5
95	79 38
95	84 6
95	84 7
95	83 7
95	85 3
95	79 383
95	84 8
95	84 9
95	83 9
95	85 8
95	79 159
95	84 10
95	83 10
95	85 7
95	79 279
95	84 11
95	83 11
95	85 11
95	79 52
95	84 12
95	84 13
95	83 13
95	85 10
95	79 280
95	83 13
95	85 13
95	79 56
95	84 14
95	84 15
95	84 16
95	84 17
95	84 18
95	83 18
95	85 18
95	79 48
95	84 19
95	84 20
95	83 20
95	85 16
95	79 362
95	84 1
95	84 2
95	84 3
95	84 4
95	83 4
95	85 20
95	79 361
95	83 4
95	85 4
95	79 50
95	84 5
95	84 6
95	83 6
95	85 2
95	79 389
95	83 6
95	85 6
95	79 79
95	84 7
95	84 8
95	84 9
95	84 10
95	84 11
95	83 11
95	85 9
95	79 235
95	84 12
95	83 12
95	85 7
95	79 449
95	84 13
95	83 13
95	85 12
95	79 124
95	84 14
95	84 15
95	83 15
95	85 15
95	79 52
95	83 15
95	85 10
95	79 464
95	83 15
95	85 13
95	79 231
95	84 16
95	84 17
95	84 18
95	84 19
95	84 20
95	83 20
95	85 18
95	79 161
95	83 20
95	85 16
95	79 358
95	83 20
95	85 20
95	79 49
95	84 1
95	84 2
95	84 3
95	83 3
95	85 3
95	79 42
95	84 4
95	84 5
95	83 5
95	85 1
95	79 396
95	84 6
95	83 6
95	85 5
95	79 87
95	84 7
95	83 7
95	85 7
95	79 49
95	84 8
95	84 9
95	83 9
95	85 9
95	79 35
95	84 10
95	84 11
95	84 12
95	84 13
95	83 13
95	85 11
95	79 201
95	84 14
95	84 15
95	83 15
95	85 15
95	79 43
95	84 16
95	84 17
95	83 17
95	85 13
95	79 354
95	84 18
95	84 19
95	84 20
95	83 20
95	85 17
95	79 285
95	83 20
95	85 20
95	79 56
95	84 1
95	83 1
95	85 18
95	79 291
95	83 1
95	85 1
95	79 59
95	84 2
95	84 3
95	84 4
95	84 5
95	83 5
95	85 3
95	79 205
95	83 5
95	85 5
95	79 59
95	84 6
95	84 7
95	84 8
95	84 9
95	83 9
95	85 9
95	79 40
95	84 10
95	84 11
95	83 11
95	85 7
95	79 369
95	83 11
95	85 11
95	79 59
95	84 12
95	84 13
95	84 14
95	84 15
95	84 16
95	84 17
95	84 18
95	83 18
95	85 16
95	79 203
95	83 18
95	85 14
95	79 398
95	84 19
95	84 20
95	83 20
95	85 20
95	79 40
95	84 1
95	84 2
95	84 3
95	84 4
95	83 4
95	85 4
95	79 42
95	84 5
95	84 6
95	83 6
95	85 18
95	79 683
95	83 6
95	85 6
95	79 53
95	84 7
95	84 8
95	83 8
95	85 2
95	79 541
95	83 8
95	85 8
95	79 69
95	84 9
95	84 10
95	84 11
95	84 12
95	84 13
95	83 13
95	85 13
95	79 42
95	84 14
95	84 15
95	84 16
95	83 16
95	85 11
95	79 440
95	83 16
95	85 16
95	79 67
95	84 17
95	84 18
95	83 18
95	85 14
95	79 358
95	84 19
95	84 20
95	83 20
95	85 20
95	79 41
95	84 1
95	84 2
95	84 3
95	83 3
95	85 18
95	79 448
95	83 3
95	85 2
95	79 141
95	84 4
95	84 5
95	83 5
95	85 5
95	79 41
95	84 6
95	84 7
95	83 7
95	85 7
95	79 43
95	84 8
95	84 9
95	83 9
95	85 9
95	79 38
95	84 10
95	84 11
95	83 11
95	85 11
95	79 38
95	84 12
95	83 12
95	85 12
95	79 65
95	84 13
95	84 14
95	84 15
95	84 16
95	83 16
95	85 14
95	79 207
95	84 17
95	84 18
95	84 19
95	84 20
95	84 1
95	84 2
95	84 3
95	84 4
95	84 5
95	83 5
95	85 3
95	79 206
95	84 6
95	84 7
95	83 7
95	85 1
95	79 557
95	84 8
95	84 9
95	83 9
95	85 7
95	79 197
95	83 9
95	85 5
95	79 372
95	83 9
95	85 9
95	79 58
95	84 10
95	84 11
95	84 12
95	84 13
95	84 14
95	83 14
95	85 14
95	79 59
95	84 15
95	83 15
95	85 12
95	79 314
95	84 16
95	83 16
95	85 15
95	79 83
95	84 17
95	83 17
95	85 17
95	79 36
95	84 18
95	84 19
95	84 20
95	84 1
95	84 2
95	83 2
95	85 20
95	79 163
95	83 2
95	85 2
95	79 54
95	84 3
95	84 4
95	84 5
95	83 5
95	85 18
95	79 610
95	83 5
95	85 3
95	79 219
95	84 6
95	84 7
95	83 7
95	85 5
95	79 203
95	83 7
95	85 7
95	79 54
95	84 8
95	84 9
95	83 9
95	85 9
95	79 41
95	84 10
95	84 11
95	84 12
95	83 12
95	85 12
95	79 44
95	84 13
95	83 13
95	85 10
95	79 317
95	84 14
95	84 15
95	83 15
95	85 15
95	79 44
95	84 16
95	83 16
95	85 13
95	79 297
95	83 16
95	85 16
95	79 64
95	84 17
95	84 18
95	83 18
95	85 18
95	79 35
95	84 19
95	84 20
95	84 1
95	84 2
95	84 3
95	84 4
95	83 4
95	85 20
95	79 353
95	83 4
95	85 4
95	79 42
95	84 5
95	84 6
95	83 6
95	85 6
95	79 43
95	84 7
95	84 8
95	84 9
95	84 10
95	83 10
95	85 10
95	79 46
95	84 11
95	84 12
95	83 12
95	85 8
95	79 364
95	83 12
95	85 12
95	79 47
95	84 13
95	84 14
95	83 14
95	85 14
95	79 43
95	84 15
95	84 16
95	83 16
95	85 16
95	79 35
95	84 17
95	84 18
95	84 19
95	83 19
95	85 19
95	79 40
95	84 20
95	84 1
95	83 1
95	85 18
95	79 272
95	83 1
95	85 1
95	79 39
95	84 2
95	84 3
95	83 3
95	85 3
95	79 38
95	84 4
95	84 5
95	83 5
95	85 5
95	79 41
95	84 6
95	84 7
95	83 7
95	85 7
95	79 43
95	84 8
95	84 9
95	84 10
95	84 11
95	83 11
95	85 9
95	79 200
95	83 11
95	85 11
95	79 52
95	84 12
95	84 13
95	83 13
95	85 13
95	79 45
95	84 14
95	84 15
95	83 15
95	85 15
95	79 36
95	84 16
95	83 16
95	85 16
95	79 51
95	84 17
95	84 18
95	84 19
95	84 20
95	84 1
95	84 2
95	84 3
95	84 4
95	84 5
95	84 6
95	83 6
95	85 20
95	79 485
95	84 7
95	83 7
95	85 5
95	79 203
95	83 7
95	85 3
95	79 376
95	83 7
95	85 7
95	79 66
95	84 8
95	84 9
95	84 10
95	TEST_NUMBER 5
95	SENT_TOTAL 250
95	RECEIVED_TOTAL 127
95	TIME_TOTAL 29646
95	RECEIVED_RADIO_1 68
95	RECEIVED_RADIO_2 61
95	SENT_RADIO_1 140
95	SENT_RADIO_2 111
95	RADIO_TIME_1 29875
95	RADIO_TIME_2 19763
95	RETRANSMISSIONS_1 1
95	RETRANSMISSIONS_2 40
95	DROPPED_1 0
95	DROPPED_2 0
95	MAX_QUEUE 1
95	DUPLICATED_1 3
95	DUPLICATED_2 0
95	EBUSY_RADIO_1 0
95	EBUSY_RADIO_2 0
95	84 1
95	84 2
95	83 2
95	85 2
95	79 37
95	84 3
95	83 3
95	85 10
95	86 5
95	83 3
95	85 3
95	79 79
95	84 4
95	84 5
95	84 6
95	84 7
95	84 8
95	84 9
95	83 9
95	85 9
95	79 38
95	84 10
95	84 11
95	83 11
95	85 7
95	79 369
95	83 11
95	85 11
95	79 66
95	84 12
95	83 12
95	85 12
95	79 47
95	84 13
95	84 14
95	84 15
95	84 16
95	83 16
95	85 16
95	79 45
95	84 17
95	84 18
95	83 18
95	85 18
95	79 37
95	84 19
95	84 20
95	83 20
95	85 20
95	79 46
95	84 1
95	84 2
95	83 2
95	85 2
95	79 34
95	84 3
95	84 4
95	83 4
95	85 4
95	79 43
95	84 5
95	84 6
95	83 6
95	85 6
95	79 36
95	84 7
95	84 8
95	83 8
95	85 8
95	79 45
95	84 9
95	84 10
95	84 11
95	83 11
95	85 9
95	79 163
95	83 11
95	85 11
95	79 45
95	84 12
95	83 12
95	85 12
95	79 44
95	84 13
95	84 14
95	83 14
95	85 14
95	79 42
95	84 15
95	84 16
95	83 16
95	85 16
95	79 35
95	84 17
95	84 18
95	84 19
95	84 20
95	83 20
95	85 20
95	79 42
95	84 1
95	84 2
95	83 2
95	85 18
95	79 357
95	83 2
95	85 2
95	79 44
95	84 3
95	84 4
95	83 4
95	85 4
95	79 43
95	84 5
95	84 6
95	83 6
95	85 6
95	79 46
95	84 7
95	84 8
95	84 9
95	83 9
95	85 9
95	79 41
95	84 10
95	84 11
95	83 11
95	85 11
95	79 39
95	84 12
95	84 13
95	83 13
95	85 13
95	79 40
95	84 14
95	84 15
95	84 16
95	84 17
95	84 18
95	83 18
95	85 18
95	79 40
95	84 19
95	84 20
95	83 20
95	85 16
95	79 359
95	84 1
95	84 2
95	83 2
95	85 2
95	79 43
95	84 3
95	84 4
95	84 5
95	84 6
95	83 6
95	85 20
95	79 532
95	84 7
95	84 8
95	83 8
95	85 6
95	79 199
95	83 8
95	85 4
95	79 373
95	84 9
95	84 10
95	83 10
95	85 10
95	79 46
95	84 11
95	84 12
95	83 12
95	85 8
95	79 379
95	83 12
95	85 12
95	79 69
95	84 13
95	84 14
95	83 14
95	85 14
95	79 37
95	84 15
95	84 16
95	83 16
95	85 16
95	79 37
95	84 17
95	84 18
95	83 18
95	85 18
95	79 49
95	84 19
95	84 20
95	83 20
95	85 20
95	79 42
95	84 1
95	84 2
95	84 3
95	84 4
95	84 5
95	83 5
95	85 5
95	79 37
95	84 6
95	84 7
95	83 7
95	85 3
95	79 362
95	83 7
95	85 7
95	79 52
95	84 8
95	84 9
95	83 9
95	85 9
95	79 38
95	84 10
95	83 10
95	85 10
95	79 49
95	84 11
95	84 12
95	84 13
95	84 14
95	84 15
95	84 16
95	83 16
95	85 16
95	79 42
95	84 17
95	83 17
95	85 14
95	79 301
95	84 18
95	84 19
95	84 20
95	84 1
95	83 1
95	85 17
95	79 362
95	84 2
95	84 3
95	83 3
95	85 3
95	79 41
95	84 4
95	84 5
95	83 5
95	85 1
95	79 369
95	83 5
95	85 5
95	79 60
95	84 6
95	84 7
95	83 7
95	85 7
95	79 47
95	84 8
95	84 9
95	83 9
95	85 9
95	79 38
95	84 10
95	84 11
95	83 11
95	85 11
95	79 36
95	84 12
95	84 13
95	84 14
95	83 14
95	85 14
95	79 43
95	84 15
95	84 16
95	83 16
95	85 16
95	79 40
95	84 17
95	84 18
95	84 19
95	84 20
95	83 20
95	85 20
95	79 43
95	84 1
95	84 2
95	84 3
95	84 4
95	83 4
95	85 18
95	79 518
95	84 5
95	84 6
95	84 7
95	84 8
95	84 9
95	84 10
95	84 11
95	84 12
95	84 13
95	83 13
95	85 11
95	79 206
95	84 14
95	84 15
95	84 16
95	84 17
95	83 17
95	85 15
95	79 198
95	83 17
95	85 7
95	79 845
95	83 17
95	85 17
95	79 56
95	83 17
95	85 13
95	79 383
95	84 18
95	84 19
95	84 20
95	84 1
95	83 1
95	85 1
95	79 39
95	84 2
95	84 3
95	83 3
95	85 19
95	79 375
95	83 3
95	85 3
95	79 65
95	84 4
95	84 5
95	84 6
95	84 7
95	83 7
95	85 5
95	79 200
95	83 7
95	85 7
95	79 49
95	84 8
95	84 9
95	83 9
95	85 9
95	79 37
95	84 10
95	84 11
95	84 12
95	84 13
95	83 13
95	85 13
95	79 44
95	84 14
95	84 15
95	84 16
95	83 16
95	85 11
95	79 443
95	84 17
95	84 18
95	83 18
95	85 18
95	79 41
95	84 19
95	84 20
95	83 20
95	85 16
95	79 358
95	83 20
95	85 20
95	79 50
95	84 1
95	84 2
95	84 3
95	83 3
95	85 2
95	79 102
95	84 4
95	84 5
95	84 6
95	84 7
95	84 8
95	83 8
95	85 6
95	79 203
95	83 8
95	85 4
95	79 391
95	83 8
95	85 8
95	79 79
95	84 9
95	84 10
95	83 10
95	85 10
95	79 41
95	84 11
95	84 12
95	84 13
95	84 14
95	84 15
95	84 16
95	84 17
95	83 17
95	85 17
95	79 47
95	83 17
95	85 12
95	79 451
95	83 17
95	85 15
95	79 221
95	84 18
95	84 19
95	83 19
95	85 19
95	79 50
95	84 20
95	84 1
95	84 2
95	84 3
95	83 3
95	85 3
95	79 41
95	84 4
95	84 5
95	83 5
95	85 1
95	79 368
95	83 5
95	85 5
95	79 56
95	84 6
95	84 7
95	83 7
95	85 7
95	79 47
95	84 8
95	84 9
95	84 10
95	84 11
95	84 12
95	83 12
95	85 9
95	79 291
95	83 12
95	85 12
95	79 64
95	84 13
95	84 14
95	83 14
95	85 14
95	79 36
95	84 15
95	84 16
95	84 17
95	84 18
95	84 19
95	83 19
95	85 18
95	79 103
95	84 20
95	83 20
95	85 16
95	79 365
95	83 20
95	85 20
95	79 53
95	84 1
95	84 2
95	83 2
95	85 2
95	79 39
95	84 3
95	83 3
95	85 3
95	79 50
95	84 4
95	84 5
95	83 5
95	85 5
95	79 38
95	84 6
95	83 6
95	85 6
95	79 48
95	84 7
95	84 8
95	84 9
95	84 10
95	84 11
95	84 12
95	83 12
95	85 12
95	79 39
95	84 13
95	84 14
95	84 15
95	83 15
95	85 13
95	79 163
95	83 15
95	85 10
95	79 442
95	84 16
95	83 16
95	85 16
95	79 56
95	84 17
95	84 18
95	83 18
95	85 15
95	79 280
95	83 18
95	85 18
95	79 49
95	84 19
95	84 20
95	83 20
95	85 20
95	79 38
95	84 1
95	84 2
95	83 2
95	85 2
95	79 37
95	84 3
95	84 4
95	83 4
95	85 4
95	79 44
95	84 5
95	84 6
95	83 6
95	85 6
95	79 46
95	84 7
95	84 8
95	83 8
95	85 8
95	79 40
95	84 9
95	84 10
95	83 10
95	85 10
95	79 48
95	84 11
95	84 12
95	84 13
95	83 13
95	85 12
95	79 113
95	84 14
95	84 15
95	84 16
95	83 16
95	85 16
95	79 42
95	84 17
95	83 17
95	85 14
95	79 285
95	83 17
95	85 17
95	79 56
95	84 18
95	84 19
95	84 20
95	84 1
95	83 1
95	85 19
95	79 204
95	84 2
95	84 3
95	84 4
95	84 5
95	83 5
95	85 3
95	79 198
95	83 5
95	85 1
95	79 373
95	83 5
95	85 5
95	79 60
95	84 6
95	84 7
95	84 8
95	83 8
95	85 8
95	79 43
95	84 9
95	84 10
95	TEST_NUMBER 6
95	SENT_TOTAL 250
95	RECEIVED_TOTAL 117
95	TIME_TOTAL 19610
95	RECEIVED_RADIO_1 63
95	RECEIVED_RADIO_2 55
95	SENT_RADIO_1 134
95	SENT_RADIO_2 116
95	RADIO_TIME_1 19763
95	RADIO_TIME_2 19763
95	RETRANSMISSIONS_1 1
95	RETRANSMISSIONS_2 21
95	DROPPED_1 0
95	DROPPED_2 0
95	MAX_QUEUE 1
95	DUPLICATED_1 0
95	DUPLICATED_2 1
95	EBUSY_RADIO_1 0
95	EBUSY_RADIO_2 0
95	83 0
95	85 10
95	86 6
