
34	SOURCE_NODE 34
34	84 1
34	84 2
34	84 3
34	83 3
34	85 3
34	79 50
34	84 4
34	84 5
34	84 6
34	84 7
34	83 7
34	85 7
34	79 54
34	84 8
34	84 9
34	84 10
34	84 11
34	83 11
34	85 11
34	79 51
34	84 12
34	84 13
34	84 14
34	84 15
34	83 15
34	85 15
34	79 62
34	84 16
34	84 17
34	84 18
34	84 19
34	84 20
34	84 1
34	84 2
34	84 3
34	83 3
34	85 3
34	79 50
34	84 4
34	84 5
34	84 6
34	84 7
34	83 7
34	85 7
34	79 66
34	84 8
34	84 9
34	84 10
34	84 11
34	84 12
34	84 13
34	83 13
34	85 13
34	79 59
34	84 14
34	84 15
34	84 16
34	84 17
34	83 17
34	85 17
34	79 63
34	84 18
34	84 19
34	84 20
34	84 1
34	83 1
34	85 1
34	79 60
34	84 2
34	84 3
34	84 4
34	84 5
34	84 6
34	84 7
34	84 8
34	84 9
34	84 10
34	84 11
34	84 12
34	84 13
34	83 13
34	85 13
34	79 58
34	84 14
34	84 15
34	84 16
34	84 17
34	84 18
34	84 19
34	84 20
34	84 1
34	84 2
34	84 3
34	83 3
34	85 3
34	79 58
34	84 4
34	84 5
34	83 5
34	85 5
34	79 48
34	84 6
34	84 7
34	84 8
34	84 9
34	83 9
34	85 9
34	79 61
34	84 10
34	84 11
34	84 12
34	84 13
34	83 13
34	85 13
34	79 58
34	84 14
34	84 15
34	84 16
34	84 17
34	83 17
34	85 17
34	79 56
34	84 18
34	84 19
34	84 20
34	84 1
34	84 2
34	84 3
34	84 4
34	84 5
34	84 6
34	84 7
34	83 7
34	85 7
34	79 59
34	84 8
34	84 9
34	84 10
34	84 11
34	84 12
34	84 13
34	84 14
34	84 15
34	84 16
34	84 17
34	83 17
34	85 17
34	79 63
34	84 18
34	84 19
34	83 19
34	85 19
34	79 60
34	84 20
34	84 1
34	83 1
34	85 1
34	79 59
34	84 2
34	84 3
34	84 4
34	84 5
34	84 6
34	84 7
34	84 8
34	84 9
34	83 9
34	85 9
34	79 51
34	84 10
34	84 11
34	84 12
34	84 13
34	84 14
34	84 15
34	84 16
34	84 17
34	83 17
34	85 17
34	79 56
34	84 18
34	84 19
34	83 19
34	85 19
34	79 60
34	84 20
34	84 1
34	84 2
34	84 3
34	84 4
34	84 5
34	83 5
34	85 5
34	79 55
34	84 6
34	84 7
34	84 8
34	84 9
34	83 9
34	85 9
34	79 66
34	84 10
34	84 11
34	84 12
34	84 13
34	84 14
34	84 15
34	84 16
34	84 17
34	84 18
34	84 19
34	84 20
34	84 1
34	83 1
34	85 1
34	79 59
34	84 2
34	84 3
34	84 4
34	84 5
34	84 6
34	84 7
34	83 7
34	85 7
34	79 67
34	84 8
34	84 9
34	84 10
34	84 11
34	84 12
34	84 13
34	84 14
34	84 15
34	84 16
34	84 17
34	84 18
34	84 19
34	84 20
34	84 1
34	84 2
34	84 3
34	84 4
34	84 5
34	84 6
34	84 7
34	83 7
34	85 7
34	79 54
34	84 8
34	84 9
34	83 9
34	85 9
34	79 58
34	84 10
34	84 11
34	83 11
34	85 11
34	79 54
34	84 12
34	84 13
34	83 13
34	85 13
34	79 62
34	84 14
34	84 15
34	84 16
34	84 17
34	83 17
34	85 17
34	79 56
34	84 18
34	84 19
34	83 19
34	85 19
34	79 62
34	84 20
34	84 1
34	84 2
34	84 3
34	83 3
34	85 3
34	79 61
34	84 4
34	84 5
34	84 6
34	84 7
34	83 7
34	85 7
34	79 66
34	84 8
34	84 9
34	84 10
34	84 11
34	83 11
34	85 11
34	79 58
34	84 12
34	84 13
34	83 13
34	85 13
34	79 57
34	84 14
34	84 15
34	84 16
34	84 17
34	84 18
34	84 19
34	84 20
34	84 1
34	84 2
34	84 3
34	84 4
34	84 5
34	83 5
34	85 5
34	79 60
34	84 6
34	84 7
34	84 8
34	84 9
34	83 9
34	85 9
34	79 61
34	84 10
34	84 11
34	84 12
34	84 13
34	84 14
34	84 15
34	84 16
34	84 17
34	83 17
34	85 17
34	79 61
34	84 18
34	84 19
34	84 20
34	84 1
34	83 1
34	85 1
34	79 68
34	84 2
34	84 3
34	84 4
34	84 5
34	84 6
34	84 7
34	84 8
34	84 9
34	83 9
34	85 9
34	79 57
34	84 10
34	84 11
34	83 11
34	85 11
34	79 58
34	84 12
34	84 13
34	83 13
34	85 13
34	79 64
34	84 14
34	84 15
34	83 15
34	85 15
34	79 59
34	84 16
34	84 17
34	83 17
34	85 17
34	79 54
34	84 18
34	84 19
34	84 20
34	84 1
34	84 2
34	84 3
34	83 3
34	85 3
34	79 58
34	84 4
34	84 5
34	84 6
34	84 7
34	83 7
34	85 7
34	79 61
34	84 8
34	84 9
34	84 10
34	TEST_NUMBER 0
34	SENT_TOTAL 250
34	RECEIVED_TOTAL 47
34	TIME_TOTAL 19455
34	RECEIVED_RADIO_1 36
34	RECEIVED_RADIO_2 11
34	SENT_RADIO_1 125
34	SENT_RADIO_2 124
34	RADIO_TIME_1 19763
34	RADIO_TIME_2 19763
34	RETRANSMISSIONS_1 0
34	RETRANSMISSIONS_2 0
34	DROPPED_1 0
34	DROPPED_2 0
34	MAX_QUEUE 1
34	DUPLICATED_1 0
34	DUPLICATED_2 0
34	EBUSY_RADIO_1 0
34	EBUSY_RADIO_2 0
34	84 1
34	83 1
34	85 1
34	79 60
34	84 2
34	84 3
34	84 4
34	84 5
34	83 5
34	85 5
34	79 53
34	84 6
34	84 7
34	84 8
34	84 9
34	83 9
34	85 9
34	79 56
34	84 10
34	84 11
34	84 12
34	84 13
34	84 14
34	84 15
34	84 16
34	84 17
34	84 18
34	84 19
34	84 20
34	84 1
34	84 2
34	84 3
34	84 4
34	84 5
34	83 5
34	85 5
34	79 54
34	84 6
34	84 7
34	83 7
34	85 7
34	79 52
34	84 8
34	84 9
34	84 10
34	84 11
34	84 12
34	84 13
34	84 14
34	84 15
34	84 16
34	84 17
34	84 18
34	84 19
34	83 19
34	85 19
34	79 59
34	84 20
34	84 1
34	84 2
34	84 3
34	83 3
34	85 3
34	79 56
34	84 4
34	84 5
34	84 6
34	84 7
34	84 8
34	84 9
34	84 10
34	84 11
34	83 11
34	85 11
34	79 51
34	84 12
34	84 13
34	84 14
34	84 15
34	84 16
34	84 17
34	84 18
34	84 19
34	83 19
34	85 19
34	79 64
34	84 20
34	84 1
34	83 1
34	85 1
34	79 58
34	84 2
34	84 3
34	84 4
34	84 5
34	84 6
34	84 7
34	84 8
34	84 9
34	83 9
34	85 9
34	79 55
34	84 10
34	84 11
34	84 12
34	84 13
34	84 14
34	84 15
34	84 16
34	84 17
34	83 17
34	85 17
34	79 57
34	84 18
34	84 19
34	84 20
34	84 1
34	84 2
34	84 3
34	84 4
34	84 5
34	84 6
34	84 7
34	84 8
34	84 9
34	84 10
34	84 11
34	84 12
34	84 13
34	84 14
34	84 15
34	83 15
34	85 15
34	79 58
34	84 16
34	84 17
34	84 18
34	84 19
34	83 19
34	85 19
34	79 57
34	84 20
34	84 1
34	84 2
34	84 3
34	84 4
34	84 5
34	84 6
34	84 7
34	84 8
34	84 9
34	83 9
34	85 9
34	79 64
34	84 10
34	84 11
34	84 12
34	84 13
34	84 14
34	84 15
34	84 16
34	84 17
34	84 18
34	84 19
34	84 20
34	84 1
34	84 2
34	84 3
34	84 4
34	84 5
34	83 5
34	85 5
34	79 61
34	84 6
34	84 7
34	84 8
34	84 9
34	84 10
34	84 11
34	84 12
34	84 13
34	83 13
34	85 13
34	79 61
34	84 14
34	84 15
34	84 16
34	84 17
34	84 18
34	84 19
34	83 19
34	85 19
34	79 54
34	84 20
34	84 1
34	84 2
34	84 3
34	83 3
34	85 3
34	79 64
34	84 4
34	84 5
34	84 6
34	84 7
34	84 8
34	84 9
34	84 10
34	84 11
34	84 12
34	84 13
34	84 14
34	84 15
34	84 16
34	84 17
34	84 18
34	84 19
34	84 20
34	84 1
34	84 2
34	84 3
34	84 4
34	84 5
34	83 5
34	85 5
34	79 59
34	84 6
34	84 7
34	84 8
34	84 9
34	83 9
34	85 9
34	79 61
34	84 10
34	84 11
34	84 12
34	84 13
34	84 14
34	84 15
34	84 16
34	84 17
34	83 17
34	85 17
34	79 53
34	84 18
34	84 19
34	84 20
34	84 1
34	83 1
34	85 1
34	79 57
34	84 2
34	84 3
34	84 4
34	84 5
34	84 6
34	84 7
34	84 8
34	84 9
34	84 10
34	84 11
34	84 12
34	84 13
34	84 14
34	84 15
34	83 15
34	85 15
34	79 62
34	84 16
34	84 17
34	84 18
34	84 19
34	84 20
34	84 1
34	83 1
34	85 1
34	79 60
34	84 2
34	84 3
34	84 4
34	84 5
34	84 6
34	84 7
34	84 8
34	84 9
34	84 10
34	84 11
34	83 11
34	85 11
34	79 52
34	84 12
34	84 13
34	84 14
34	84 15
34	84 16
34	84 17
34	83 17
34	85 17
34	79 61
34	84 18
34	84 19
34	84 20
34	84 1
34	83 1
34	85 1
34	79 60
34	84 2
34	84 3
34	84 4
34	84 5
34	84 6
34	84 7
34	84 8
34	84 9
34	84 10
34	84 11
34	84 12
34	84 13
34	83 13
34	85 13
34	79 55
34	84 14
34	84 15
34	84 16
34	84 17
34	83 17
34	85 17
34	79 59
34	84 18
34	84 19
34	84 20
34	84 1
34	84 2
34	84 3
34	83 3
34	85 3
34	79 62
34	84 4
34	84 5
34	84 6
34	84 7
34	83 7
34	85 7
34	79 59
34	84 8
34	84 9
34	84 10
34	TEST_NUMBER 1
34	SENT_TOTAL 250
34	RECEIVED_TOTAL 32
34	TIME_TOTAL 19603
34	RECEIVED_RADIO_1 25
34	RECEIVED_RADIO_2 7
34	SENT_RADIO_1 125
34	SENT_RADIO_2 125
34	RADIO_TIME_1 19763
34	RADIO_TIME_2 19763
34	RETRANSMISSIONS_1 0
34	RETRANSMISSIONS_2 0
34	DROPPED_1 0
34	DROPPED_2 0
34	MAX_QUEUE 1
34	DUPLICATED_1 0
34	DUPLICATED_2 0
34	EBUSY_RADIO_1 0
34	EBUSY_RADIO_2 0
34	84 1
34	84 2
34	84 3
34	84 4
34	84 5
34	84 6
34	84 7
34	83 7
34	85 7
34	79 58
34	84 8
34	84 9
34	84 10
34	84 11
34	84 12
34	84 13
34	84 14
34	84 15
34	84 16
34	84 17
34	84 18
34	84 19
34	84 20
34	84 1
34	84 2
34	84 3
34	84 4
34	84 5
34	84 6
34	84 7
34	84 8
34	84 9
34	84 10
34	84 11
34	84 12
34	84 13
34	84 14
34	84 15
34	84 16
34	84 17
34	83 17
34	85 17
34	79 64
34	84 18
34	84 19
34	83 19
34	85 19
34	79 56
34	84 20
34	84 1
34	84 2
34	84 3
34	84 4
34	84 5
34	84 6
34	84 7
34	84 8
34	84 9
34	84 10
34	84 11
34	84 12
34	84 13
34	84 14
34	84 15
34	84 16
34	84 17
34	83 17
34	85 17
34	79 53
34	84 18
34	84 19
34	84 20
34	84 1
34	84 2
34	84 3
34	84 4
34	84 5
34	84 6
34	84 7
34	84 8
34	84 9
34	84 10
34	84 11
34	84 12
34	84 13
34	83 13
34	85 13
34	79 65
34	84 14
34	84 15
34	84 16
34	84 17
34	84 18
34	84 19
34	84 20
34	84 1
34	84 2
34	84 3
34	84 4
34	84 5
34	84 6
34	84 7
34	84 8
34	84 9
34	84 10
34	84 11
34	83 11
34	85 11
34	79 56
34	84 12
34	84 13
34	84 14
34	84 15
34	84 16
34	84 17
34	84 18
34	84 19
34	84 20
34	84 1
34	84 2
34	84 3
34	84 4
34	84 5
34	84 6
34	84 7
34	84 8
34	84 9
34	84 10
34	84 11
34	84 12
34	84 13
34	83 13
34	85 13
34	79 62
34	84 14
34	84 15
34	84 16
34	84 17
34	84 18
34	84 19
34	84 20
34	84 1
34	83 1
34	85 1
34	79 72
34	84 2
34	84 3
34	84 4
34	84 5
34	84 6
34	84 7
34	83 7
34	85 7
34	79 58
34	84 8
34	84 9
34	84 10
34	84 11
34	84 12
34	84 13
34	83 13
34	85 13
34	79 53
34	84 14
34	84 15
34	84 16
34	84 17
34	83 17
34	85 17
34	79 60
34	84 18
34	84 19
34	84 20
34	84 1
34	84 2
34	84 3
34	83 3
34	85 3
34	79 58
34	84 4
34	84 5
34	84 6
34	84 7
34	84 8
34	84 9
34	84 10
34	84 11
34	84 12
34	84 13
34	84 14
34	84 15
34	83 15
34	85 15
34	79 66
34	84 16
34	84 17
34	84 18
34	84 19
34	84 20
34	84 1
34	84 2
34	84 3
34	84 4
34	84 5
34	83 5
34	85 5
34	79 54
34	84 6
34	84 7
34	84 8
34	84 9
34	83 9
34	85 9
34	79 61
34	84 10
34	84 11
34	84 12
34	84 13
34	84 14
34	84 15
34	84 16
34	84 17
34	83 17
34	85 17
34	79 58
34	84 18
34	84 19
34	84 20
34	84 1
34	84 2
34	84 3
34	84 4
34	84 5
34	84 6
34	84 7
34	83 7
34	85 7
34	79 60
34	84 8
34	84 9
34	84 10
34	84 11
34	84 12
34	84 13
34	84 14
34	84 15
34	84 16
34	84 17
34	84 18
34	84 19
34	84 20
34	84 1
34	84 2
34	84 3
34	84 4
34	84 5
34	84 6
34	84 7
34	84 8
34	84 9
34	83 9
34	85 9
34	79 57
34	84 10
34	84 11
34	84 12
34	84 13
34	83 13
34	85 13
34	79 62
34	84 14
34	84 15
34	84 16
34	84 17
34	84 18
34	84 19
34	84 20
34	84 1
34	83 1
34	85 1
34	79 56
34	84 2
34	84 3
34	84 4
34	84 5
34	84 6
34	84 7
34	84 8
34	84 9
34	84 10
34	84 11
34	84 12
34	84 13
34	84 14
34	84 15
34	83 15
34	85 15
34	79 56
34	84 16
34	84 17
34	84 18
34	84 19
34	84 20
34	84 1
34	84 2
34	84 3
34	83 3
34	85 3
34	79 53
34	84 4
34	84 5
34	83 5
34	85 5
34	79 60
34	84 6
34	84 7
34	83 7
34	85 7
34	79 65
34	84 8
34	84 9
34	83 9
34	85 9
34	79 66
34	84 10
34	TEST_NUMBER 2
34	SENT_TOTAL 250
34	RECEIVED_TOTAL 25
34	TIME_TOTAL 19293
34	RECEIVED_RADIO_1 21
34	RECEIVED_RADIO_2 4
34	SENT_RADIO_1 125
34	SENT_RADIO_2 125
34	RADIO_TIME_1 19763
34	RADIO_TIME_2 19763
34	RETRANSMISSIONS_1 0
34	RETRANSMISSIONS_2 0
34	DROPPED_1 0
34	DROPPED_2 0
34	MAX_QUEUE 1
34	DUPLICATED_1 0
34	DUPLICATED_2 0
34	EBUSY_RADIO_1 0
34	EBUSY_RADIO_2 0
34	84 1
34	84 2
34	84 3
34	84 4
34	84 5
34	84 6
34	84 7
34	84 8
34	84 9
34	83 9
34	85 9
34	79 56
34	84 10
34	84 11
34	84 12
34	84 13
34	83 13
34	85 13
34	79 62
34	84 14
34	84 15
34	84 16
34	84 17
34	84 18
34	84 19
34	83 19
34	85 19
34	79 58
34	84 20
34	84 1
34	84 2
34	84 3
34	83 3
34	85 3
34	79 58
34	84 4
34	84 5
34	84 6
34	84 7
34	83 7
34	85 7
34	79 58
34	84 8
34	84 9
34	84 10
34	84 11
34	83 11
34	85 11
34	79 62
34	84 12
34	84 13
34	84 14
34	84 15
34	83 15
34	85 15
34	79 63
34	84 16
34	84 17
34	84 18
34	84 19
34	84 20
34	84 1
34	83 1
34	85 1
34	79 60
34	84 2
34	84 3
34	84 4
34	84 5
34	83 5
34	85 5
34	79 50
34	84 6
34	84 7
34	84 8
34	84 9
34	84 10
34	84 11
34	84 12
34	84 13
34	83 13
34	85 13
34	79 58
34	84 14
34	84 15
34	84 16
34	84 17
34	84 18
34	84 19
34	83 19
34	85 19
34	79 63
34	84 20
34	84 1
34	84 2
34	84 3
34	83 3
34	85 3
34	79 62
34	84 4
34	84 5
34	84 6
34	84 7
34	84 8
34	84 9
34	83 9
34	85 9
34	79 64
34	84 10
34	84 11
34	83 11
34	85 11
34	79 58
34	84 12
34	84 13
34	84 14
34	84 15
34	84 16
34	84 17
34	83 17
34	85 17
34	79 64
34	84 18
34	84 19
34	84 20
34	84 1
34	83 1
34	85 1
34	79 62
34	84 2
34	84 3
34	84 4
34	84 5
34	84 6
34	84 7
34	84 8
34	84 9
34	84 10
34	84 11
34	84 12
34	84 13
34	84 14
34	84 15
34	83 15
34	85 15
34	79 57
34	84 16
34	84 17
34	84 18
34	84 19
34	84 20
34	84 1
34	83 1
34	85 1
34	79 58
34	84 2
34	84 3
34	84 4
34	84 5
34	83 5
34	85 5
34	79 65
34	84 6
34	84 7
34	84 8
34	84 9
34	84 10
34	84 11
34	84 12
34	84 13
34	83 13
34	85 13
34	79 56
34	84 14
34	84 15
34	84 16
34	84 17
34	84 18
34	84 19
34	84 20
34	84 1
34	84 2
34	84 3
34	84 4
34	84 5
34	84 6
34	84 7
34	84 8
34	84 9
34	84 10
34	84 11
34	84 12
34	84 13
34	84 14
34	84 15
34	83 15
34	85 15
34	79 55
34	84 16
34	84 17
34	84 18
34	84 19
34	83 19
34	85 19
34	79 61
34	84 20
34	84 1
34	84 2
34	84 3
34	84 4
34	84 5
34	83 5
34	85 5
34	79 58
34	84 6
34	84 7
34	84 8
34	84 9
34	84 10
34	84 11
34	84 12
34	84 13
34	83 13
34	85 13
34	79 58
34	84 14
34	84 15
34	84 16
34	84 17
34	84 18
34	84 19
34	84 20
34	84 1
34	84 2
34	84 3
34	84 4
34	84 5
34	84 6
34	84 7
34	84 8
34	84 9
34	83 9
34	85 9
34	79 67
34	84 10
34	84 11
34	84 12
34	84 13
34	84 14
34	84 15
34	83 15
34	85 15
34	79 66
34	84 16
34	84 17
34	84 18
34	84 19
34	83 19
34	85 19
34	79 55
34	84 20
34	84 1
34	84 2
34	84 3
34	84 4
34	84 5
34	84 6
34	84 7
34	84 8
34	84 9
34	84 10
34	84 11
34	84 12
34	84 13
34	84 14
34	84 15
34	84 16
34	84 17
34	83 17
34	85 17
34	79 58
34	84 18
34	84 19
34	84 20
34	84 1
34	84 2
34	84 3
34	84 4
34	84 5
34	84 6
34	84 7
34	83 7
34	85 7
34	79 57
34	84 8
34	84 9
34	84 10
34	84 11
34	83 11
34	85 11
34	79 56
34	84 12
34	84 13
34	84 14
34	84 15
34	84 16
34	84 17
34	83 17
34	85 17
34	79 53
34	84 18
34	84 19
34	84 20
34	84 1
34	83 1
34	85 1
34	79 60
34	84 2
34	84 3
34	84 4
34	84 5
34	84 6
34	84 7
34	83 7
34	85 7
34	79 53
34	84 8
34	84 9
34	83 9
34	85 9
34	79 64
34	84 10
34	84 11
34	83 11
34	85 11
34	79 55
34	84 12
34	84 13
34	84 14
34	84 15
34	84 16
34	84 17
34	84 18
34	84 19
34	83 19
34	85 19
34	79 55
34	84 20
34	84 1
34	84 2
34	84 3
34	84 4
34	84 5
34	83 5
34	85 5
34	79 57
34	84 6
34	84 7
34	84 8
34	84 9
34	83 9
34	85 9
34	79 61
34	84 10
34	TEST_NUMBER 3
34	SENT_TOTAL 250
34	RECEIVED_TOTAL 38
34	TIME_TOTAL 19130
34	RECEIVED_RADIO_1 35
34	RECEIVED_RADIO_2 3
34	SENT_RADIO_1 125
34	SENT_RADIO_2 125
34	RADIO_TIME_1 19824
34	RADIO_TIME_2 19763
34	RETRANSMISSIONS_1 0
34	RETRANSMISSIONS_2 0
34	DROPPED_1 0
34	DROPPED_2 0
34	MAX_QUEUE 1
34	DUPLICATED_1 0
34	DUPLICATED_2 0
34	EBUSY_RADIO_1 0
34	EBUSY_RADIO_2 0
34	84 1
34	84 2
34	84 3
34	83 3
34	85 3
34	79 59
34	84 4
34	84 5
34	84 6
34	84 7
34	84 8
34	84 9
34	84 10
34	84 11
34	84 12
34	84 13
34	84 14
34	84 15
34	83 15
34	85 15
34	79 50
34	84 16
34	84 17
34	84 18
34	84 19
34	84 20
34	84 1
34	83 1
34	85 1
34	79 64
34	84 2
34	84 3
34	84 4
34	84 5
34	84 6
34	84 7
34	83 7
34	85 7
34	79 56
34	84 8
34	84 9
34	84 10
34	84 11
34	84 12
34	84 13
34	83 13
34	85 13
34	79 56
34	84 14
34	84 15
34	83 15
34	85 15
34	79 55
34	84 16
34	84 17
34	84 18
34	84 19
34	84 20
34	84 1
34	83 1
34	85 1
34	79 63
34	84 2
34	84 3
34	84 4
34	84 5
34	83 5
34	85 5
34	79 59
34	84 6
34	84 7
34	84 8
34	84 9
34	84 10
34	84 11
34	83 11
34	85 11
34	79 64
34	84 12
34	84 13
34	84 14
34	84 15
34	83 15
34	85 15
34	79 60
34	84 16
34	84 17
34	84 18
34	84 19
34	84 20
34	84 1
34	84 2
34	84 3
34	83 3
34	85 3
34	79 58
34	84 4
34	84 5
34	83 5
34	85 5
34	79 61
34	84 6
34	84 7
34	83 7
34	85 7
34	79 65
34	84 8
34	84 9
34	84 10
34	84 11
34	84 12
34	84 13
34	84 14
34	84 15
34	83 15
34	85 15
34	79 64
34	84 16
34	84 17
34	84 18
34	84 19
34	84 20
34	84 1
34	84 2
34	84 3
34	84 4
34	84 5
34	84 6
34	84 7
34	83 7
34	85 7
34	79 62
34	84 8
34	84 9
34	84 10
34	84 11
34	84 12
34	84 13
34	83 13
34	85 13
34	79 56
34	84 14
34	84 15
34	84 16
34	84 17
34	84 18
34	84 19
34	83 19
34	85 19
34	79 57
34	84 20
34	84 1
34	84 2
34	84 3
34	83 3
34	85 3
34	79 55
34	84 4
34	84 5
34	84 6
34	84 7
34	84 8
34	84 9
34	84 10
34	84 11
34	84 12
34	84 13
34	83 13
34	85 13
34	79 57
34	84 14
34	84 15
34	84 16
34	84 17
34	83 17
34	85 17
34	79 58
34	84 18
34	84 19
34	84 20
34	84 1
34	84 2
34	84 3
34	84 4
34	84 5
34	84 6
34	84 7
34	83 7
34	85 7
34	79 66
34	84 8
34	84 9
34	84 10
34	84 11
34	84 12
34	84 13
34	84 14
34	84 15
34	84 16
34	84 17
34	84 18
34	84 19
34	84 20
34	84 1
34	84 2
34	84 3
34	84 4
34	84 5
34	84 6
34	84 7
34	84 8
34	84 9
34	83 9
34	85 9
34	79 55
34	84 10
34	84 11
34	84 12
34	84 13
34	83 13
34	85 13
34	79 67
34	84 14
34	84 15
34	83 15
34	85 15
34	79 64
34	84 16
34	84 17
34	83 17
34	85 17
34	79 59
34	84 18
34	84 19
34	84 20
34	84 1
34	83 1
34	85 1
34	79 62
34	84 2
34	84 3
34	84 4
34	84 5
34	84 6
34	84 7
34	83 7
34	85 7
34	79 63
34	84 8
34	84 9
34	84 10
34	84 11
34	83 11
34	85 11
34	79 66
34	84 12
34	84 13
34	84 14
34	84 15
34	84 16
34	84 17
34	84 18
34	84 19
34	84 20
34	84 1
34	84 2
34	84 3
34	84 4
34	84 5
34	84 6
34	84 7
34	83 7
34	85 7
34	79 59
34	84 8
34	84 9
34	83 9
34	85 9
34	79 60
34	84 10
34	84 11
34	83 11
34	85 11
34	79 51
34	84 12
34	84 13
34	83 13
34	85 13
34	79 63
34	84 14
34	84 15
34	84 16
34	84 17
34	83 17
34	85 17
34	79 60
34	84 18
34	84 19
34	84 20
34	84 1
34	84 2
34	84 3
34	83 3
34	85 3
34	79 63
34	84 4
34	84 5
34	84 6
34	84 7
34	84 8
34	84 9
34	84 10
34	84 11
34	84 12
34	84 13
34	83 13
34	85 13
34	79 64
34	84 14
34	84 15
34	84 16
34	84 17
34	84 18
34	84 19
34	84 20
34	84 1
34	83 1
34	85 1
34	79 54
34	84 2
34	84 3
34	84 4
34	84 5
34	83 5
34	85 5
34	79 64
34	84 6
34	84 7
34	84 8
34	84 9
34	84 10
34	84 11
34	83 11
34	85 11
34	79 64
34	84 12
34	84 13
34	84 14
34	84 15
34	83 15
34	85 15
34	79 55
34	84 16
34	84 17
34	84 18
34	84 19
34	84 20
34	84 1
34	84 2
34	84 3
34	84 4
34	84 5
34	84 6
34	84 7
34	84 8
34	84 9
34	84 10
34	TEST_NUMBER 4
34	SENT_TOTAL 250
34	RECEIVED_TOTAL 39
34	TIME_TOTAL 18484
34	RECEIVED_RADIO_1 32
34	RECEIVED_RADIO_2 7
34	SENT_RADIO_1 125
34	SENT_RADIO_2 125
34	RADIO_TIME_1 19763
34	RADIO_TIME_2 19763
34	RETRANSMISSIONS_1 0
34	RETRANSMISSIONS_2 0
34	DROPPED_1 0
34	DROPPED_2 0
34	MAX_QUEUE 1
34	DUPLICATED_1 0
34	DUPLICATED_2 0
34	EBUSY_RADIO_1 0
34	EBUSY_RADIO_2 0
34	84 1
34	84 2
34	84 3
34	84 4
34	84 5
34	84 6
34	84 7
34	84 8
34	84 9
34	84 10
34	84 11
34	84 12
34	84 13
34	83 13
34	85 13
34	79 62
34	84 14
34	84 15
34	84 16
34	84 17
34	84 18
34	84 19
34	83 19
34	85 19
34	79 55
34	84 20
34	84 1
34	83 1
34	85 1
34	79 57
34	84 2
34	84 3
34	84 4
34	84 5
34	84 6
34	84 7
34	84 8
34	84 9
34	84 10
34	84 11
34	84 12
34	84 13
34	83 13
34	85 13
34	79 56
34	84 14
34	84 15
34	84 16
34	84 17
34	83 17
34	85 17
34	79 54
34	84 18
34	84 19
34	84 20
34	84 1
34	84 2
34	84 3
34	84 4
34	84 5
34	84 6
34	84 7
34	84 8
34	84 9
34	84 10
34	84 11
34	84 12
34	84 13
34	84 14
34	84 15
34	84 16
34	84 17
34	84 18
34	84 19
34	84 20
34	84 1
34	84 2
34	84 3
34	83 3
34	85 3
34	79 57
34	84 4
34	84 5
34	84 6
34	84 7
34	84 8
34	84 9
34	84 10
34	84 11
34	84 12
34	84 13
34	84 14
34	84 15
34	84 16
34	84 17
34	84 18
34	84 19
34	84 20
34	84 1
34	84 2
34	84 3
34	84 4
34	84 5
34	83 5
34	85 5
34	79 56
34	84 6
34	84 7
34	84 8
34	84 9
34	83 9
34	85 9
34	79 53
34	84 10
34	84 11
34	84 12
34	84 13
34	84 14
34	84 15
34	83 15
34	85 15
34	79 61
34	84 16
34	84 17
34	83 17
34	85 17
34	79 59
34	84 18
34	84 19
34	84 20
34	84 1
34	83 1
34	85 1
34	79 64
34	84 2
34	84 3
34	83 3
34	85 3
34	79 50
34	84 4
34	84 5
34	84 6
34	84 7
34	84 8
34	84 9
34	84 10
34	84 11
34	84 12
34	84 13
34	83 13
34	85 13
34	79 58
34	84 14
34	84 15
34	84 16
34	84 17
34	84 18
34	84 19
34	84 20
34	84 1
34	84 2
34	84 3
34	84 4
34	84 5
34	84 6
34	84 7
34	84 8
34	84 9
34	84 10
34	84 11
34	83 11
34	85 11
34	79 58
34	84 12
34	84 13
34	84 14
34	84 15
34	84 16
34	84 17
34	83 17
34	85 17
34	79 60
34	84 18
34	84 19
34	83 19
34	85 19
34	79 57
34	84 20
34	84 1
34	84 2
34	84 3
34	83 3
34	85 3
34	79 61
34	84 4
34	84 5
34	84 6
34	84 7
34	84 8
34	84 9
34	83 9
34	85 9
34	79 52
34	84 10
34	84 11
34	84 12
34	84 13
34	83 13
34	85 13
34	79 63
34	84 14
34	84 15
34	83 15
34	85 15
34	79 54
34	84 16
34	84 17
34	84 18
34	84 19
34	84 20
34	84 1
34	84 2
34	84 3
34	84 4
34	84 5
34	84 6
34	84 7
34	84 8
34	84 9
34	84 10
34	84 11
34	84 12
34	84 13
34	84 14
34	84 15
34	84 16
34	84 17
34	84 18
34	84 19
34	84 20
34	84 1
34	84 2
34	84 3
34	84 4
34	84 5
34	84 6
34	84 7
34	84 8
34	84 9
34	84 10
34	84 11
34	83 11
34	85 11
34	79 50
34	84 12
34	84 13
34	84 14
34	84 15
34	84 16
34	84 17
34	84 18
34	84 19
34	84 20
34	84 1
34	84 2
34	84 3
34	84 4
34	84 5
34	84 6
34	84 7
34	84 8
34	84 9
34	84 10
34	84 11
34	84 12
34	84 13
34	84 14
34	84 15
34	83 15
34	85 15
34	79 53
34	84 16
34	84 17
34	84 18
34	84 19
34	84 20
34	84 1
34	83 1
34	85 1
34	79 57
34	84 2
34	84 3
34	84 4
34	84 5
34	84 6
34	84 7
34	84 8
34	84 9
34	83 9
34	85 9
34	79 60
34	84 10
34	84 11
34	84 12
34	84 13
34	84 14
34	84 15
34	84 16
34	84 17
34	84 18
34	84 19
34	84 20
34	84 1
34	84 2
34	84 3
34	84 4
34	84 5
34	84 6
34	84 7
34	83 7
34	85 7
34	79 53
34	84 8
34	84 9
34	84 10
34	TEST_NUMBER 5
34	SENT_TOTAL 250
34	RECEIVED_TOTAL 25
34	TIME_TOTAL 18638
34	RECEIVED_RADIO_1 13
34	RECEIVED_RADIO_2 12
34	SENT_RADIO_1 125
34	SENT_RADIO_2 125
34	RADIO_TIME_1 19763
34	RADIO_TIME_2 19763
34	RETRANSMISSIONS_1 0
34	RETRANSMISSIONS_2 0
34	DROPPED_1 0
34	DROPPED_2 0
34	MAX_QUEUE 1
34	DUPLICATED_1 0
34	DUPLICATED_2 0
34	EBUSY_RADIO_1 0
34	EBUSY_RADIO_2 0
34	84 1
34	84 2
34	84 3
34	84 4
34	84 5
34	83 5
34	85 5
34	79 58
34	84 6
34	84 7
34	83 7
34	85 7
34	79 56
34	84 8
34	84 9
34	83 9
34	85 9
34	79 57
34	84 10
34	84 11
34	84 12
34	84 13
34	84 14
34	84 15
34	84 16
34	84 17
34	83 17
34	85 17
34	79 55
34	84 18
34	84 19
34	84 20
34	84 1
34	84 2
34	84 3
34	83 3
34	85 3
34	79 59
34	84 4
34	84 5
34	84 6
34	84 7
34	83 7
34	85 7
34	79 61
34	84 8
34	84 9
34	84 10
34	84 11
34	84 12
34	84 13
34	84 14
34	84 15
34	84 16
34	84 17
34	83 17
34	85 17
34	79 55
34	84 18
34	84 19
34	84 20
34	84 1
34	84 2
34	84 3
34	84 4
34	84 5
34	83 5
34	85 5
34	79 58
34	84 6
34	84 7
34	84 8
34	84 9
34	84 10
34	84 11
34	84 12
34	84 13
34	84 14
34	84 15
34	84 16
34	84 17
34	83 17
34	85 17
34	79 62
34	84 18
34	84 19
34	84 20
34	84 1
34	83 1
34	85 1
34	79 65
34	84 2
34	84 3
34	84 4
34	84 5
34	84 6
34	84 7
34	84 8
34	84 9
34	84 10
34	84 11
34	83 11
34	85 11
34	79 56
34	84 12
34	84 13
34	83 13
34	85 13
34	79 51
34	84 14
34	84 15
34	84 16
34	84 17
34	84 18
34	84 19
34	83 19
34	85 19
34	79 71
34	84 20
34	84 1
34	84 2
34	84 3
34	83 3
34	85 3
34	79 62
34	84 4
34	84 5
34	84 6
34	84 7
34	84 8
34	84 9
34	84 10
34	84 11
34	83 11
34	85 11
34	79 58
34	84 12
34	84 13
34	84 14
34	84 15
34	84 16
34	84 17
34	84 18
34	84 19
34	84 20
34	84 1
34	84 2
34	84 3
34	83 3
34	85 3
34	79 61
34	84 4
34	84 5
34	84 6
34	84 7
34	84 8
34	84 9
34	84 10
34	84 11
34	84 12
34	84 13
34	84 14
34	84 15
34	83 15
34	85 15
34	79 55
34	84 16
34	84 17
34	84 18
34	84 19
34	84 20
34	84 1
34	84 2
34	84 3
34	84 4
34	84 5
34	84 6
34	84 7
34	84 8
34	84 9
34	84 10
34	84 11
34	84 12
34	84 13
34	84 14
34	84 15
34	84 16
34	84 17
34	84 18
34	84 19
34	84 20
34	84 1
34	84 2
34	84 3
34	84 4
34	84 5
34	84 6
34	84 7
34	84 8
34	84 9
34	84 10
34	84 11
34	84 12
34	84 13
34	84 14
34	84 15
34	84 16
34	84 17
34	84 18
34	84 19
34	84 20
34	84 1
34	84 2
34	84 3
34	84 4
34	84 5
34	84 6
34	84 7
34	84 8
34	84 9
34	84 10
34	84 11
34	84 12
34	84 13
34	83 13
34	85 13
34	79 60
34	84 14
34	84 15
34	84 16
34	84 17
34	84 18
34	84 19
34	83 19
34	85 19
34	79 56
34	84 20
34	84 1
34	83 1
34	85 1
34	79 57
34	84 2
34	84 3
34	84 4
34	84 5
34	83 5
34	85 5
34	79 64
34	84 6
34	84 7
34	84 8
34	84 9
34	83 9
34	85 9
34	79 58
34	84 10
34	84 11
34	84 12
34	84 13
34	83 13
34	85 13
34	79 59
34	84 14
34	84 15
34	83 15
34	85 15
34	79 67
34	84 16
34	84 17
34	84 18
34	84 19
34	84 20
34	84 1
34	83 1
34	85 1
34	79 51
34	84 2
34	84 3
34	83 3
34	85 3
34	79 70
34	84 4
34	84 5
34	84 6
34	84 7
34	84 8
34	84 9
34	84 10
34	84 11
34	84 12
34	84 13
34	84 14
34	84 15
34	83 15
34	85 15
34	79 57
34	84 16
34	84 17
34	84 18
34	84 19
34	84 20
34	84 1
34	83 1
34	85 1
34	79 59
34	84 2
34	84 3
34	84 4
34	84 5
34	84 6
34	84 7
34	84 8
34	84 9
34	84 10
34	84 11
34	84 12
34	84 13
34	84 14
34	84 15
34	83 15
34	85 15
34	79 52
34	84 16
34	84 17
34	84 18
34	84 19
34	84 20
34	84 1
34	84 2
34	84 3
34	84 4
34	84 5
34	84 6
34	84 7
34	84 8
34	84 9
34	84 10
34	TEST_NUMBER 6
34	SENT_TOTAL 250
34	RECEIVED_TOTAL 29
34	TIME_TOTAL 18323
34	RECEIVED_RADIO_1 19
34	RECEIVED_RADIO_2 10
34	SENT_RADIO_1 125
34	SENT_RADIO_2 125
34	RADIO_TIME_1 19763
34	RADIO_TIME_2 19763
34	RETRANSMISSIONS_1 0
34	RETRANSMISSIONS_2 0
34	DROPPED_1 0
34	DROPPED_2 0
34	MAX_QUEUE 1
34	DUPLICATED_1 0
34	DUPLICATED_2 0
34	EBUSY_RADIO_1 0
34	EBUSY_RADIO_2 0

35	RELAY_NODE 35
35	TEST_NUMBER 0
35	SENT_TOTAL 0
35	RECEIVED_TOTAL 0
35	TIME_TOTAL 0
35	RECEIVED_RADIO_1 125
35	RECEIVED_RADIO_2 36
35	SENT_RADIO_1 36
35	SENT_RADIO_2 125
35	RADIO_TIME_1 19768
35	RADIO_TIME_2 19768
35	RETRANSMISSIONS_1 0
35	RETRANSMISSIONS_2 0
35	DROPPED_1 0
35	DROPPED_2 0
35	MAX_QUEUE 1
35	DUPLICATED_1 0
35	DUPLICATED_2 0
35	EBUSY_RADIO_1 0
35	EBUSY_RADIO_2 0
35	TEST_NUMBER 1
35	SENT_TOTAL 0
35	RECEIVED_TOTAL 0
35	TIME_TOTAL 0
35	RECEIVED_RADIO_1 125
35	RECEIVED_RADIO_2 28
35	SENT_RADIO_1 28
35	SENT_RADIO_2 125
35	RADIO_TIME_1 19766
35	RADIO_TIME_2 19766
35	RETRANSMISSIONS_1 0
35	RETRANSMISSIONS_2 0
35	DROPPED_1 0
35	DROPPED_2 0
35	MAX_QUEUE 1
35	DUPLICATED_1 0
35	DUPLICATED_2 0
35	EBUSY_RADIO_1 0
35	EBUSY_RADIO_2 0
35	TEST_NUMBER 2
35	SENT_TOTAL 0
35	RECEIVED_TOTAL 0
35	TIME_TOTAL 0
35	RECEIVED_RADIO_1 124
35	RECEIVED_RADIO_2 24
35	SENT_RADIO_1 24
35	SENT_RADIO_2 124
35	RADIO_TIME_1 19762
35	RADIO_TIME_2 19762
35	RETRANSMISSIONS_1 0
35	RETRANSMISSIONS_2 0
35	DROPPED_1 0
35	DROPPED_2 0
35	MAX_QUEUE 1
35	DUPLICATED_1 0
35	DUPLICATED_2 0
35	EBUSY_RADIO_1 0
35	EBUSY_RADIO_2 0
35	TEST_NUMBER 3
35	SENT_TOTAL 0
35	RECEIVED_TOTAL 0
35	TIME_TOTAL 0
35	RECEIVED_RADIO_1 124
35	RECEIVED_RADIO_2 35
35	SENT_RADIO_1 35
35	SENT_RADIO_2 124
35	RADIO_TIME_1 19812
35	RADIO_TIME_2 19812
35	RETRANSMISSIONS_1 0
35	RETRANSMISSIONS_2 0
35	DROPPED_1 0
35	DROPPED_2 0
35	MAX_QUEUE 1
35	DUPLICATED_1 0
35	DUPLICATED_2 0
35	EBUSY_RADIO_1 0
35	EBUSY_RADIO_2 0
35	TEST_NUMBER 4
35	SENT_TOTAL 0
35	RECEIVED_TOTAL 0
35	TIME_TOTAL 0
35	RECEIVED_RADIO_1 125
35	RECEIVED_RADIO_2 32
35	SENT_RADIO_1 32
35	SENT_RADIO_2 125
35	RADIO_TIME_1 19767
35	RADIO_TIME_2 19767
35	RETRANSMISSIONS_1 0
35	RETRANSMISSIONS_2 0
35	DROPPED_1 0
35	DROPPED_2 0
35	MAX_QUEUE 1
35	DUPLICATED_1 0
35	DUPLICATED_2 0
35	EBUSY_RADIO_1 0
35	EBUSY_RADIO_2 0
35	TEST_NUMBER 5
35	SENT_TOTAL 0
35	RECEIVED_TOTAL 0
35	TIME_TOTAL 0
35	RECEIVED_RADIO_1 125
35	RECEIVED_RADIO_2 13
35	SENT_RADIO_1 13
35	SENT_RADIO_2 125
35	RADIO_TIME_1 19763
35	RADIO_TIME_2 19763
35	RETRANSMISSIONS_1 0
35	RETRANSMISSIONS_2 0
35	DROPPED_1 0
35	DROPPED_2 0
35	MAX_QUEUE 1
35	DUPLICATED_1 0
35	DUPLICATED_2 0
35	EBUSY_RADIO_1 0
35	EBUSY_RADIO_2 0
35	TEST_NUMBER 6
35	SENT_TOTAL 0
35	RECEIVED_TOTAL 0
35	TIME_TOTAL 0
35	RECEIVED_RADIO_1 125
35	RECEIVED_RADIO_2 19
35	SENT_RADIO_1 19
35	SENT_RADIO_2 125
35	RADIO_TIME_1 19760
35	RADIO_TIME_2 19760
35	RETRANSMISSIONS_1 0
35	RETRANSMISSIONS_2 0
35	DROPPED_1 0
35	DROPPED_2 0
35	MAX_QUEUE 1
35	DUPLICATED_1 0
35	DUPLICATED_2 0
35	EBUSY_RADIO_1 0
35	EBUSY_RADIO_2 0

37	RELAY_NODE 37
37	TEST_NUMBER 0
37	SENT_TOTAL 0
37	RECEIVED_TOTAL 0
37	TIME_TOTAL 0
37	RECEIVED_RADIO_1 11
37	RECEIVED_RADIO_2 125
37	SENT_RADIO_1 125
37	SENT_RADIO_2 11
37	RADIO_TIME_1 19768
37	RADIO_TIME_2 19768
37	RETRANSMISSIONS_1 0
37	RETRANSMISSIONS_2 0
37	DROPPED_1 0
37	DROPPED_2 0
37	MAX_QUEUE 1
37	DUPLICATED_1 0
37	DUPLICATED_2 0
37	EBUSY_RADIO_1 0
37	EBUSY_RADIO_2 0
37	TEST_NUMBER 1
37	SENT_TOTAL 0
37	RECEIVED_TOTAL 0
37	TIME_TOTAL 0
37	RECEIVED_RADIO_1 7
37	RECEIVED_RADIO_2 125
37	SENT_RADIO_1 125
37	SENT_RADIO_2 7
37	RADIO_TIME_1 19762
37	RADIO_TIME_2 19762
37	RETRANSMISSIONS_1 0
37	RETRANSMISSIONS_2 0
37	DROPPED_1 0
37	DROPPED_2 0
37	MAX_QUEUE 1
37	DUPLICATED_1 0
37	DUPLICATED_2 0
37	EBUSY_RADIO_1 0
37	EBUSY_RADIO_2 0
37	TEST_NUMBER 2
37	SENT_TOTAL 0
37	RECEIVED_TOTAL 0
37	TIME_TOTAL 0
37	RECEIVED_RADIO_1 4
37	RECEIVED_RADIO_2 125
37	SENT_RADIO_1 125
37	SENT_RADIO_2 4
37	RADIO_TIME_1 19763
37	RADIO_TIME_2 19763
37	RETRANSMISSIONS_1 0
37	RETRANSMISSIONS_2 0
37	DROPPED_1 0
37	DROPPED_2 0
37	MAX_QUEUE 1
37	DUPLICATED_1 0
37	DUPLICATED_2 0
37	EBUSY_RADIO_1 0
37	EBUSY_RADIO_2 0
37	TEST_NUMBER 3
37	SENT_TOTAL 0
37	RECEIVED_TOTAL 0
37	TIME_TOTAL 0
37	RECEIVED_RADIO_1 3
37	RECEIVED_RADIO_2 125
37	SENT_RADIO_1 125
37	SENT_RADIO_2 3
37	RADIO_TIME_1 19766
37	RADIO_TIME_2 19766
37	RETRANSMISSIONS_1 0
37	RETRANSMISSIONS_2 0
37	DROPPED_1 0
37	DROPPED_2 0
37	MAX_QUEUE 1
37	DUPLICATED_1 0
37	DUPLICATED_2 0
37	EBUSY_RADIO_1 0
37	EBUSY_RADIO_2 0
37	TEST_NUMBER 4
37	SENT_TOTAL 0
37	RECEIVED_TOTAL 0
37	TIME_TOTAL 0
37	RECEIVED_RADIO_1 7
37	RECEIVED_RADIO_2 125
37	SENT_RADIO_1 125
37	SENT_RADIO_2 7
37	RADIO_TIME_1 19758
37	RADIO_TIME_2 19758
37	RETRANSMISSIONS_1 0
37	RETRANSMISSIONS_2 0
37	DROPPED_1 0
37	DROPPED_2 0
37	MAX_QUEUE 1
37	DUPLICATED_1 0
37	DUPLICATED_2 0
37	EBUSY_RADIO_1 0
37	EBUSY_RADIO_2 0
37	TEST_NUMBER 5
37	SENT_TOTAL 0
37	RECEIVED_TOTAL 0
37	TIME_TOTAL 0
37	RECEIVED_RADIO_1 12
37	RECEIVED_RADIO_2 125
37	SENT_RADIO_1 125
37	SENT_RADIO_2 12
37	RADIO_TIME_1 19761
37	RADIO_TIME_2 19761
37	RETRANSMISSIONS_1 0
37	RETRANSMISSIONS_2 0
37	DROPPED_1 0
37	DROPPED_2 0
37	MAX_QUEUE 1
37	DUPLICATED_1 0
37	DUPLICATED_2 0
37	EBUSY_RADIO_1 0
37	EBUSY_RADIO_2 0
37	TEST_NUMBER 6
37	SENT_TOTAL 0
37	RECEIVED_TOTAL 0
37	TIME_TOTAL 0
37	RECEIVED_RADIO_1 10
37	RECEIVED_RADIO_2 125
37	SENT_RADIO_1 125
37	SENT_RADIO_2 10
37	RADIO_TIME_1 19762
37	RADIO_TIME_2 19762
37	RETRANSMISSIONS_1 0
37	RETRANSMISSIONS_2 0
37	DROPPED_1 0
37	DROPPED_2 0
37	MAX_QUEUE 1
37	DUPLICATED_1 0
37	DUPLICATED_2 0
37	EBUSY_RADIO_1 0
37	EBUSY_RADIO_2 0

39	RELAY_NODE 39
39	TEST_NUMBER 0
39	SENT_TOTAL 0
39	RECEIVED_TOTAL 0
39	TIME_TOTAL 0
39	RECEIVED_RADIO_1 0
39	RECEIVED_RADIO_2 11
39	SENT_RADIO_1 11
39	SENT_RADIO_2 0
39	RADIO_TIME_1 13553
39	RADIO_TIME_2 13553
39	RETRANSMISSIONS_1 0
39	RETRANSMISSIONS_2 0
39	DROPPED_1 0
39	DROPPED_2 0
39	MAX_QUEUE 1
39	DUPLICATED_1 0
39	DUPLICATED_2 0
39	EBUSY_RADIO_1 0
39	EBUSY_RADIO_2 0
39	TEST_NUMBER 1
39	SENT_TOTAL 0
39	RECEIVED_TOTAL 0
39	TIME_TOTAL 0
39	RECEIVED_RADIO_1 0
39	RECEIVED_RADIO_2 7
39	SENT_RADIO_1 7
39	SENT_RADIO_2 0
39	RADIO_TIME_1 14664
39	RADIO_TIME_2 14664
39	RETRANSMISSIONS_1 0
39	RETRANSMISSIONS_2 0
39	DROPPED_1 0
39	DROPPED_2 0
39	MAX_QUEUE 1
39	DUPLICATED_1 0
39	DUPLICATED_2 0
39	EBUSY_RADIO_1 0
39	EBUSY_RADIO_2 0
39	TEST_NUMBER 2
39	SENT_TOTAL 0
39	RECEIVED_TOTAL 0
39	TIME_TOTAL 0
39	RECEIVED_RADIO_1 0
39	RECEIVED_RADIO_2 4
39	SENT_RADIO_1 4
39	SENT_RADIO_2 0
39	RADIO_TIME_1 16738
39	RADIO_TIME_2 16738
39	RETRANSMISSIONS_1 0
39	RETRANSMISSIONS_2 0
39	DROPPED_1 0
39	DROPPED_2 0
39	MAX_QUEUE 1
39	DUPLICATED_1 0
39	DUPLICATED_2 0
39	EBUSY_RADIO_1 0
39	EBUSY_RADIO_2 0
39	TEST_NUMBER 3
39	SENT_TOTAL 0
39	RECEIVED_TOTAL 0
39	TIME_TOTAL 0
39	RECEIVED_RADIO_1 0
39	RECEIVED_RADIO_2 3
39	SENT_RADIO_1 3
39	SENT_RADIO_2 0
39	RADIO_TIME_1 12750
39	RADIO_TIME_2 12750
39	RETRANSMISSIONS_1 0
39	RETRANSMISSIONS_2 0
39	DROPPED_1 0
39	DROPPED_2 0
39	MAX_QUEUE 1
39	DUPLICATED_1 0
39	DUPLICATED_2 0
39	EBUSY_RADIO_1 0
39	EBUSY_RADIO_2 0
39	TEST_NUMBER 4
39	SENT_TOTAL 0
39	RECEIVED_TOTAL 0
39	TIME_TOTAL 0
39	RECEIVED_RADIO_1 0
39	RECEIVED_RADIO_2 7
39	SENT_RADIO_1 7
39	SENT_RADIO_2 0
39	RADIO_TIME_1 14512
39	RADIO_TIME_2 14512
39	RETRANSMISSIONS_1 0
39	RETRANSMISSIONS_2 0
39	DROPPED_1 0
39	DROPPED_2 0
39	MAX_QUEUE 1
39	DUPLICATED_1 0
39	DUPLICATED_2 0
39	EBUSY_RADIO_1 0
39	EBUSY_RADIO_2 0
39	TEST_NUMBER 5
39	SENT_TOTAL 0
39	RECEIVED_TOTAL 0
39	TIME_TOTAL 0
39	RECEIVED_RADIO_1 0
39	RECEIVED_RADIO_2 12
39	SENT_RADIO_1 12
39	SENT_RADIO_2 0
39	RADIO_TIME_1 17208
39	RADIO_TIME_2 17208
39	RETRANSMISSIONS_1 0
39	RETRANSMISSIONS_2 0
39	DROPPED_1 0
39	DROPPED_2 0
39	MAX_QUEUE 1
39	DUPLICATED_1 0
39	DUPLICATED_2 0
39	EBUSY_RADIO_1 0
39	EBUSY_RADIO_2 0
39	TEST_NUMBER 6
39	SENT_TOTAL 0
39	RECEIVED_TOTAL 0
39	TIME_TOTAL 0
39	RECEIVED_RADIO_1 0
39	RECEIVED_RADIO_2 10
39	SENT_RADIO_1 10
39	SENT_RADIO_2 0
39	RADIO_TIME_1 15459
39	RADIO_TIME_2 15459
39	RETRANSMISSIONS_1 0
39	RETRANSMISSIONS_2 0
39	DROPPED_1 0
39	DROPPED_2 0
39	MAX_QUEUE 1
39	DUPLICATED_1 0
39	DUPLICATED_2 0
39	EBUSY_RADIO_1 0
39	EBUSY_RADIO_2 0

41	RELAY_NODE 41
41	TEST_NUMBER 0
41	SENT_TOTAL 0
41	RECEIVED_TOTAL 0
41	TIME_TOTAL 0
41	RECEIVED_RADIO_1 11
41	RECEIVED_RADIO_2 0
41	SENT_RADIO_1 0
41	SENT_RADIO_2 11
41	RADIO_TIME_1 13550
41	RADIO_TIME_2 13550
41	RETRANSMISSIONS_1 0
41	RETRANSMISSIONS_2 0
41	DROPPED_1 0
41	DROPPED_2 0
41	MAX_QUEUE 1
41	DUPLICATED_1 0
41	DUPLICATED_2 0
41	EBUSY_RADIO_1 0
41	EBUSY_RADIO_2 0
41	TEST_NUMBER 1
41	SENT_TOTAL 0
41	RECEIVED_TOTAL 0
41	TIME_TOTAL 0
41	RECEIVED_RADIO_1 7
41	RECEIVED_RADIO_2 0
41	SENT_RADIO_1 0
41	SENT_RADIO_2 7
41	RADIO_TIME_1 14662
41	RADIO_TIME_2 14662
41	RETRANSMISSIONS_1 0
41	RETRANSMISSIONS_2 0
41	DROPPED_1 0
41	DROPPED_2 0
41	MAX_QUEUE 1
41	DUPLICATED_1 0
41	DUPLICATED_2 0
41	EBUSY_RADIO_1 0
41	EBUSY_RADIO_2 0
41	TEST_NUMBER 2
41	SENT_TOTAL 0
41	RECEIVED_TOTAL 0
41	TIME_TOTAL 0
41	RECEIVED_RADIO_1 4
41	RECEIVED_RADIO_2 0
41	SENT_RADIO_1 0
41	SENT_RADIO_2 4
41	RADIO_TIME_1 16740
41	RADIO_TIME_2 16740
41	RETRANSMISSIONS_1 0
41	RETRANSMISSIONS_2 0
41	DROPPED_1 0
41	DROPPED_2 0
41	MAX_QUEUE 1
41	DUPLICATED_1 0
41	DUPLICATED_2 0
41	EBUSY_RADIO_1 0
41	EBUSY_RADIO_2 0
41	TEST_NUMBER 3
41	SENT_TOTAL 0
41	RECEIVED_TOTAL 0
41	TIME_TOTAL 0
41	RECEIVED_RADIO_1 3
41	RECEIVED_RADIO_2 0
41	SENT_RADIO_1 0
41	SENT_RADIO_2 3
41	RADIO_TIME_1 12751
41	RADIO_TIME_2 12751
41	RETRANSMISSIONS_1 0
41	RETRANSMISSIONS_2 0
41	DROPPED_1 0
41	DROPPED_2 0
41	MAX_QUEUE 1
41	DUPLICATED_1 0
41	DUPLICATED_2 0
41	EBUSY_RADIO_1 0
41	EBUSY_RADIO_2 0
41	TEST_NUMBER 4
41	SENT_TOTAL 0
41	RECEIVED_TOTAL 0
41	TIME_TOTAL 0
41	RECEIVED_RADIO_1 7
41	RECEIVED_RADIO_2 0
41	SENT_RADIO_1 0
41	SENT_RADIO_2 7
41	RADIO_TIME_1 14511
41	RADIO_TIME_2 14511
41	RETRANSMISSIONS_1 0
41	RETRANSMISSIONS_2 0
41	DROPPED_1 0
41	DROPPED_2 0
41	MAX_QUEUE 1
41	DUPLICATED_1 0
41	DUPLICATED_2 0
41	EBUSY_RADIO_1 0
41	EBUSY_RADIO_2 0
41	TEST_NUMBER 5
41	SENT_TOTAL 0
41	RECEIVED_TOTAL 0
41	TIME_TOTAL 0
41	RECEIVED_RADIO_1 12
41	RECEIVED_RADIO_2 0
41	SENT_RADIO_1 0
41	SENT_RADIO_2 12
41	RADIO_TIME_1 17207
41	RADIO_TIME_2 17207
41	RETRANSMISSIONS_1 0
41	RETRANSMISSIONS_2 0
41	DROPPED_1 0
41	DROPPED_2 0
41	MAX_QUEUE 1
41	DUPLICATED_1 0
41	DUPLICATED_2 0
41	EBUSY_RADIO_1 0
41	EBUSY_RADIO_2 0
41	TEST_NUMBER 6
41	SENT_TOTAL 0
41	RECEIVED_TOTAL 0
41	TIME_TOTAL 0
41	RECEIVED_RADIO_1 10
41	RECEIVED_RADIO_2 0
41	SENT_RADIO_1 0
41	SENT_RADIO_2 10
41	RADIO_TIME_1 15459
41	RADIO_TIME_2 15459
41	RETRANSMISSIONS_1 0
41	RETRANSMISSIONS_2 0
41	DROPPED_1 0
41	DROPPED_2 0
41	MAX_QUEUE 1
41	DUPLICATED_1 0
41	DUPLICATED_2 0
41	EBUSY_RADIO_1 0
41	EBUSY_RADIO_2 0

42	DESTINATION_NODE 42
42	TEST_NUMBER 0
42	SENT_TOTAL 109
42	RECEIVED_TOTAL 109
42	TIME_TOTAL 19776
42	RECEIVED_RADIO_1 0
42	RECEIVED_RADIO_2 109
42	SENT_RADIO_1 55
42	SENT_RADIO_2 54
42	RADIO_TIME_1 19775
42	RADIO_TIME_2 19776
42	RETRANSMISSIONS_1 0
42	RETRANSMISSIONS_2 0
42	DROPPED_1 0
42	DROPPED_2 0
42	MAX_QUEUE 1
42	DUPLICATED_1 0
42	DUPLICATED_2 0
42	EBUSY_RADIO_1 0
42	EBUSY_RADIO_2 0
42	TEST_NUMBER 1
42	SENT_TOTAL 89
42	RECEIVED_TOTAL 89
42	TIME_TOTAL 19607
42	RECEIVED_RADIO_1 0
42	RECEIVED_RADIO_2 89
42	SENT_RADIO_1 44
42	SENT_RADIO_2 45
42	RADIO_TIME_1 19284
42	RADIO_TIME_2 19607
42	RETRANSMISSIONS_1 0
42	RETRANSMISSIONS_2 0
42	DROPPED_1 0
42	DROPPED_2 0
42	MAX_QUEUE 1
42	DUPLICATED_1 0
42	DUPLICATED_2 0
42	EBUSY_RADIO_1 0
42	EBUSY_RADIO_2 0
42	TEST_NUMBER 2
42	SENT_TOTAL 91
42	RECEIVED_TOTAL 91
42	TIME_TOTAL 19448
42	RECEIVED_RADIO_1 0
42	RECEIVED_RADIO_2 91
42	SENT_RADIO_1 46
42	SENT_RADIO_2 45
42	RADIO_TIME_1 19448
42	RADIO_TIME_2 19448
42	RETRANSMISSIONS_1 0
42	RETRANSMISSIONS_2 0
42	DROPPED_1 0
42	DROPPED_2 0
42	MAX_QUEUE 1
42	DUPLICATED_1 0
42	DUPLICATED_2 0
42	EBUSY_RADIO_1 0
42	EBUSY_RADIO_2 0
42	TEST_NUMBER 3
42	SENT_TOTAL 103
42	RECEIVED_TOTAL 103
42	TIME_TOTAL 19770
42	RECEIVED_RADIO_1 0
42	RECEIVED_RADIO_2 103
42	SENT_RADIO_1 51
42	SENT_RADIO_2 52
42	RADIO_TIME_1 19442
42	RADIO_TIME_2 19770
42	RETRANSMISSIONS_1 0
42	RETRANSMISSIONS_2 0
42	DROPPED_1 0
42	DROPPED_2 0
42	MAX_QUEUE 1
42	DUPLICATED_1 0
42	DUPLICATED_2 0
42	EBUSY_RADIO_1 0
42	EBUSY_RADIO_2 0
42	TEST_NUMBER 4
42	SENT_TOTAL 104
42	RECEIVED_TOTAL 104
42	TIME_TOTAL 19608
42	RECEIVED_RADIO_1 0
42	RECEIVED_RADIO_2 104
42	SENT_RADIO_1 52
42	SENT_RADIO_2 52
42	RADIO_TIME_1 19449
42	RADIO_TIME_2 19608
42	RETRANSMISSIONS_1 0
42	RETRANSMISSIONS_2 0
42	DROPPED_1 0
42	DROPPED_2 0
42	MAX_QUEUE 1
42	DUPLICATED_1 0
42	DUPLICATED_2 0
42	EBUSY_RADIO_1 0
42	EBUSY_RADIO_2 0
42	TEST_NUMBER 5
42	SENT_TOTAL 103
42	RECEIVED_TOTAL 103
42	TIME_TOTAL 19755
42	RECEIVED_RADIO_1 0
42	RECEIVED_RADIO_2 103
42	SENT_RADIO_1 52
42	SENT_RADIO_2 51
42	RADIO_TIME_1 19755
42	RADIO_TIME_2 19755
42	RETRANSMISSIONS_1 0
42	RETRANSMISSIONS_2 0
42	DROPPED_1 0
42	DROPPED_2 0
42	MAX_QUEUE 1
42	DUPLICATED_1 0
42	DUPLICATED_2 0
42	EBUSY_RADIO_1 0
42	EBUSY_RADIO_2 0
42	TEST_NUMBER 6
42	SENT_TOTAL 105
42	RECEIVED_TOTAL 105
42	TIME_TOTAL 19761
42	RECEIVED_RADIO_1 0
42	RECEIVED_RADIO_2 105
42	SENT_RADIO_1 52
42	SENT_RADIO_2 53
42	RADIO_TIME_1 19451
42	RADIO_TIME_2 19761
42	RETRANSMISSIONS_1 0
42	RETRANSMISSIONS_2 0
42	DROPPED_1 0
42	DROPPED_2 0
42	MAX_QUEUE 1
42	DUPLICATED_1 0
42	DUPLICATED_2 0
42	EBUSY_RADIO_1 0
42	EBUSY_RADIO_2 0

63	RELAY_NODE 63
63	TEST_NUMBER 0
63	SENT_TOTAL 0
63	RECEIVED_TOTAL 0
63	TIME_TOTAL 0
63	RECEIVED_RADIO_1 37
63	RECEIVED_RADIO_2 123
63	SENT_RADIO_1 123
63	SENT_RADIO_2 37
63	RADIO_TIME_1 19770
63	RADIO_TIME_2 19770
63	RETRANSMISSIONS_1 0
63	RETRANSMISSIONS_2 0
63	DROPPED_1 0
63	DROPPED_2 0
63	MAX_QUEUE 1
63	DUPLICATED_1 0
63	DUPLICATED_2 0
63	EBUSY_RADIO_1 0
63	EBUSY_RADIO_2 0
63	TEST_NUMBER 1
63	SENT_TOTAL 0
63	RECEIVED_TOTAL 0
63	TIME_TOTAL 0
63	RECEIVED_RADIO_1 28
63	RECEIVED_RADIO_2 124
63	SENT_RADIO_1 124
63	SENT_RADIO_2 28
63	RADIO_TIME_1 19636
63	RADIO_TIME_2 19636
63	RETRANSMISSIONS_1 0
63	RETRANSMISSIONS_2 0
63	DROPPED_1 0
63	DROPPED_2 0
63	MAX_QUEUE 1
63	DUPLICATED_1 0
63	DUPLICATED_2 0
63	EBUSY_RADIO_1 0
63	EBUSY_RADIO_2 0
63	TEST_NUMBER 2
63	SENT_TOTAL 0
63	RECEIVED_TOTAL 0
63	TIME_TOTAL 0
63	RECEIVED_RADIO_1 24
63	RECEIVED_RADIO_2 119
63	SENT_RADIO_1 119
63	SENT_RADIO_2 24
63	RADIO_TIME_1 19603
63	RADIO_TIME_2 19603
63	RETRANSMISSIONS_1 0
63	RETRANSMISSIONS_2 0
63	DROPPED_1 0
63	DROPPED_2 0
63	MAX_QUEUE 1
63	DUPLICATED_1 0
63	DUPLICATED_2 0
63	EBUSY_RADIO_1 0
63	EBUSY_RADIO_2 0
63	TEST_NUMBER 3
63	SENT_TOTAL 0
63	RECEIVED_TOTAL 0
63	TIME_TOTAL 0
63	RECEIVED_RADIO_1 35
63	RECEIVED_RADIO_2 122
63	SENT_RADIO_1 122
63	SENT_RADIO_2 35
63	RADIO_TIME_1 19799
63	RADIO_TIME_2 19799
63	RETRANSMISSIONS_1 0
63	RETRANSMISSIONS_2 0
63	DROPPED_1 0
63	DROPPED_2 0
63	MAX_QUEUE 1
63	DUPLICATED_1 0
63	DUPLICATED_2 0
63	EBUSY_RADIO_1 0
63	EBUSY_RADIO_2 0
63	TEST_NUMBER 4
63	SENT_TOTAL 0
63	RECEIVED_TOTAL 0
63	TIME_TOTAL 0
63	RECEIVED_RADIO_1 32
63	RECEIVED_RADIO_2 125
63	SENT_RADIO_1 125
63	SENT_RADIO_2 32
63	RADIO_TIME_1 19765
63	RADIO_TIME_2 19765
63	RETRANSMISSIONS_1 0
63	RETRANSMISSIONS_2 0
63	DROPPED_1 0
63	DROPPED_2 0
63	MAX_QUEUE 1
63	DUPLICATED_1 0
63	DUPLICATED_2 0
63	EBUSY_RADIO_1 0
63	EBUSY_RADIO_2 0
63	TEST_NUMBER 5
63	SENT_TOTAL 0
63	RECEIVED_TOTAL 0
63	TIME_TOTAL 0
63	RECEIVED_RADIO_1 13
63	RECEIVED_RADIO_2 124
63	SENT_RADIO_1 124
63	SENT_RADIO_2 13
63	RADIO_TIME_1 19761
63	RADIO_TIME_2 19761
63	RETRANSMISSIONS_1 0
63	RETRANSMISSIONS_2 0
63	DROPPED_1 0
63	DROPPED_2 0
63	MAX_QUEUE 1
63	DUPLICATED_1 0
63	DUPLICATED_2 0
63	EBUSY_RADIO_1 0
63	EBUSY_RADIO_2 0
63	TEST_NUMBER 6
63	SENT_TOTAL 0
63	RECEIVED_TOTAL 0
63	TIME_TOTAL 0
63	RECEIVED_RADIO_1 19
63	RECEIVED_RADIO_2 124
63	SENT_RADIO_1 124
63	SENT_RADIO_2 19
63	RADIO_TIME_1 19761
63	RADIO_TIME_2 19761
63	RETRANSMISSIONS_1 0
63	RETRANSMISSIONS_2 0
63	DROPPED_1 0
63	DROPPED_2 0
63	MAX_QUEUE 1
63	DUPLICATED_1 0
63	DUPLICATED_2 0
63	EBUSY_RADIO_1 0
63	EBUSY_RADIO_2 0

67	RELAY_NODE 67
67	TEST_NUMBER 0
67	SENT_TOTAL 0
67	RECEIVED_TOTAL 0
67	TIME_TOTAL 0
67	RECEIVED_RADIO_1 109
67	RECEIVED_RADIO_2 50
67	SENT_RADIO_1 50
67	SENT_RADIO_2 109
67	RADIO_TIME_1 19771
67	RADIO_TIME_2 19771
67	RETRANSMISSIONS_1 0
67	RETRANSMISSIONS_2 0
67	DROPPED_1 0
67	DROPPED_2 0
67	MAX_QUEUE 1
67	DUPLICATED_1 0
67	DUPLICATED_2 0
67	EBUSY_RADIO_1 0
67	EBUSY_RADIO_2 0
67	TEST_NUMBER 1
67	SENT_TOTAL 0
67	RECEIVED_TOTAL 0
67	TIME_TOTAL 0
67	RECEIVED_RADIO_1 89
67	RECEIVED_RADIO_2 38
67	SENT_RADIO_1 38
67	SENT_RADIO_2 89
67	RADIO_TIME_1 19622
67	RADIO_TIME_2 19622
67	RETRANSMISSIONS_1 0
67	RETRANSMISSIONS_2 0
67	DROPPED_1 0
67	DROPPED_2 0
67	MAX_QUEUE 1
67	DUPLICATED_1 0
67	DUPLICATED_2 0
67	EBUSY_RADIO_1 0
67	EBUSY_RADIO_2 0
67	TEST_NUMBER 2
67	SENT_TOTAL 0
67	RECEIVED_TOTAL 0
67	TIME_TOTAL 0
67	RECEIVED_RADIO_1 91
67	RECEIVED_RADIO_2 37
67	SENT_RADIO_1 37
67	SENT_RADIO_2 91
67	RADIO_TIME_1 19443
67	RADIO_TIME_2 19443
67	RETRANSMISSIONS_1 0
67	RETRANSMISSIONS_2 0
67	DROPPED_1 0
67	DROPPED_2 0
67	MAX_QUEUE 1
67	DUPLICATED_1 0
67	DUPLICATED_2 0
67	EBUSY_RADIO_1 0
67	EBUSY_RADIO_2 0
67	TEST_NUMBER 3
67	SENT_TOTAL 0
67	RECEIVED_TOTAL 0
67	TIME_TOTAL 0
67	RECEIVED_RADIO_1 103
67	RECEIVED_RADIO_2 47
67	SENT_RADIO_1 47
67	SENT_RADIO_2 103
67	RADIO_TIME_1 19784
67	RADIO_TIME_2 19784
67	RETRANSMISSIONS_1 0
67	RETRANSMISSIONS_2 0
67	DROPPED_1 0
67	DROPPED_2 0
67	MAX_QUEUE 1
67	DUPLICATED_1 0
67	DUPLICATED_2 0
67	EBUSY_RADIO_1 0
67	EBUSY_RADIO_2 0
67	TEST_NUMBER 4
67	SENT_TOTAL 0
67	RECEIVED_TOTAL 0
67	TIME_TOTAL 0
67	RECEIVED_RADIO_1 104
67	RECEIVED_RADIO_2 46
67	SENT_RADIO_1 46
67	SENT_RADIO_2 104
67	RADIO_TIME_1 19624
67	RADIO_TIME_2 19624
67	RETRANSMISSIONS_1 0
67	RETRANSMISSIONS_2 0
67	DROPPED_1 0
67	DROPPED_2 0
67	MAX_QUEUE 1
67	DUPLICATED_1 0
67	DUPLICATED_2 0
67	EBUSY_RADIO_1 0
67	EBUSY_RADIO_2 0
67	TEST_NUMBER 5
67	SENT_TOTAL 0
67	RECEIVED_TOTAL 0
67	TIME_TOTAL 0
67	RECEIVED_RADIO_1 103
67	RECEIVED_RADIO_2 28
67	SENT_RADIO_1 28
67	SENT_RADIO_2 103
67	RADIO_TIME_1 19757
67	RADIO_TIME_2 19757
67	RETRANSMISSIONS_1 0
67	RETRANSMISSIONS_2 0
67	DROPPED_1 0
67	DROPPED_2 0
67	MAX_QUEUE 1
67	DUPLICATED_1 0
67	DUPLICATED_2 0
67	EBUSY_RADIO_1 0
67	EBUSY_RADIO_2 0
67	TEST_NUMBER 6
67	SENT_TOTAL 0
67	RECEIVED_TOTAL 0
67	TIME_TOTAL 0
67	RECEIVED_RADIO_1 105
67	RECEIVED_RADIO_2 27
67	SENT_RADIO_1 27
67	SENT_RADIO_2 105
67	RADIO_TIME_1 19762
67	RADIO_TIME_2 19762
67	RETRANSMISSIONS_1 0
67	RETRANSMISSIONS_2 0
67	DROPPED_1 0
67	DROPPED_2 0
67	MAX_QUEUE 1
67	DUPLICATED_1 0
67	DUPLICATED_2 0
67	EBUSY_RADIO_1 0
67	EBUSY_RADIO_2 0
