
1	SOURCE_NODE 1
1	84 1
1	84 2
1	83 2
1	85 2
1	79 19
1	84 3
1	84 4
1	83 4
1	85 4
1	79 11
1	84 5
1	84 6
1	84 7
1	84 8
1	83 8
1	85 8
1	79 17
1	84 9
1	84 10
1	84 11
1	84 12
1	83 12
1	85 12
1	79 15
1	84 13
1	84 14
1	84 15
1	84 16
1	83 16
1	85 16
1	79 15
1	84 17
1	84 18
1	84 19
1	84 20
1	83 20
1	85 20
1	79 14
1	84 1
1	84 2
1	84 3
1	84 4
1	83 4
1	85 4
1	79 17
1	84 5
1	84 6
1	84 7
1	84 8
1	83 8
1	85 8
1	79 17
1	84 9
1	84 10
1	84 11
1	84 12
1	83 12
1	85 12
1	79 16
1	84 13
1	84 14
1	84 15
1	84 16
1	83 16
1	85 16
1	79 14
1	84 17
1	84 18
1	84 19
1	84 20
1	83 20
1	85 20
1	79 14
1	84 1
1	84 2
1	84 3
1	84 4
1	83 4
1	85 4
1	79 13
1	84 5
1	84 6
1	84 7
1	84 8
1	83 8
1	85 8
1	79 16
1	84 9
1	84 10
1	84 11
1	84 12
1	83 12
1	85 12
1	79 18
1	84 13
1	84 14
1	84 15
1	84 16
1	83 16
1	85 16
1	79 17
1	84 17
1	84 18
1	84 19
1	84 20
1	83 20
1	85 20
1	79 18
1	84 1
1	84 2
1	84 3
1	84 4
1	83 4
1	85 4
1	79 15
1	84 5
1	84 6
1	84 7
1	84 8
1	83 8
1	85 8
1	79 14
1	84 9
1	84 10
1	84 11
1	84 12
1	83 12
1	85 12
1	79 18
1	84 13
1	84 14
1	84 15
1	84 16
1	83 16
1	85 16
1	79 16
1	84 17
1	84 18
1	84 19
1	84 20
1	83 20
1	85 20
1	79 15
1	84 1
1	84 2
1	84 3
1	84 4
1	83 4
1	85 4
1	79 13
1	84 5
1	84 6
1	84 7
1	84 8
1	83 8
1	85 8
1	79 14
1	84 9
1	84 10
1	84 11
1	84 12
1	83 12
1	85 12
1	79 17
1	84 13
1	84 14
1	84 15
1	84 16
1	83 16
1	85 16
1	79 17
1	84 17
1	84 18
1	84 19
1	84 20
1	83 20
1	85 20
1	79 16
1	84 1
1	84 2
1	84 3
1	84 4
1	83 4
1	85 4
1	79 15
1	84 5
1	84 6
1	84 7
1	84 8
1	83 8
1	85 8
1	79 14
1	84 9
1	84 10
1	84 11
1	84 12
1	83 12
1	85 12
1	79 12
1	84 13
1	84 14
1	84 15
1	84 16
1	83 16
1	85 16
1	79 17
1	84 17
1	84 18
1	84 19
1	84 20
1	83 20
1	85 20
1	79 19
1	84 1
1	84 2
1	84 3
1	84 4
1	83 4
1	85 4
1	79 16
1	84 5
1	84 6
1	84 7
1	84 8
1	83 8
1	85 8
1	79 17
1	84 9
1	84 10
1	84 11
1	84 12
1	83 12
1	85 12
1	79 13
1	84 13
1	84 14
1	84 15
1	84 16
1	83 16
1	85 16
1	79 17
1	84 17
1	84 18
1	84 19
1	84 20
1	83 20
1	85 20
1	79 16
1	84 1
1	84 2
1	84 3
1	84 4
1	83 4
1	85 4
1	79 14
1	84 5
1	84 6
1	84 7
1	84 8
1	83 8
1	85 8
1	79 14
1	84 9
1	84 10
1	84 11
1	84 12
1	83 12
1	85 12
1	79 12
1	84 13
1	84 14
1	84 15
1	84 16
1	83 16
1	85 16
1	79 13
1	84 17
1	84 18
1	84 19
1	84 20
1	83 20
1	85 20
1	79 13
1	84 1
1	84 2
1	84 3
1	84 4
1	83 4
1	85 4
1	79 15
1	84 5
1	84 6
1	84 7
1	84 8
1	83 8
1	85 8
1	79 17
1	84 9
1	84 10
1	84 11
1	84 12
1	83 12
1	85 12
1	79 14
1	84 13
1	84 14
1	84 15
1	84 16
1	83 16
1	85 16
1	79 13
1	84 17
1	84 18
1	84 19
1	84 20
1	83 20
1	85 18
1	79 131
1	83 20
1	85 20
1	79 16
1	84 1
1	84 2
1	84 3
1	84 4
1	83 4
1	85 4
1	79 19
1	84 5
1	84 6
1	84 7
1	84 8
1	83 8
1	85 8
1	79 12
1	84 9
1	84 10
1	84 11
1	84 12
1	83 12
1	85 12
1	79 12
1	84 13
1	84 14
1	84 15
1	84 16
1	83 16
1	85 16
1	79 13
1	84 17
1	84 18
1	84 19
1	84 20
1	83 20
1	85 20
1	79 17
1	84 1
1	84 2
1	84 3
1	84 4
1	83 4
1	85 4
1	79 15
1	84 5
1	84 6
1	84 7
1	84 8
1	83 8
1	85 8
1	79 11
1	84 9
1	84 10
1	84 11
1	84 12
1	83 12
1	85 12
1	79 14
1	84 13
1	84 14
1	84 15
1	84 16
1	83 16
1	85 16
1	79 15
1	84 17
1	84 18
1	84 19
1	84 20
1	83 20
1	85 20
1	79 13
1	84 1
1	84 2
1	84 3
1	84 4
1	83 4
1	85 4
1	79 15
1	84 5
1	84 6
1	84 7
1	84 8
1	83 8
1	85 8
1	79 11
1	84 9
1	84 10
1	84 11
1	84 12
1	83 12
1	85 12
1	79 16
1	84 13
1	84 14
1	84 15
1	84 16
1	83 16
1	85 16
1	79 13
1	84 17
1	84 18
1	84 19
1	84 20
1	83 20
1	85 20
1	79 13
1	84 1
1	84 2
1	84 3
1	84 4
1	83 4
1	85 4
1	79 15
1	84 5
1	84 6
1	84 7
1	84 8
1	83 8
1	85 8
1	79 15
1	84 9
1	84 10
1	83 10
1	85 10
1	79 141
1	TEST_NUMBER 0
1	SENT_TOTAL 250
1	RECEIVED_TOTAL 65
1	TIME_TOTAL 14944
1	RECEIVED_RADIO_1 3
1	RECEIVED_RADIO_2 62
1	SENT_RADIO_1 125
1	SENT_RADIO_2 125
1	RADIO_TIME_1 15023
1	RADIO_TIME_2 14822
1	RETRANSMISSIONS_1 0
1	RETRANSMISSIONS_2 0
1	DROPPED_1 0
1	DROPPED_2 0
1	MAX_QUEUE 1
1	DUPLICATED_1 0
1	DUPLICATED_2 0
1	EBUSY_RADIO_1 0
1	EBUSY_RADIO_2 0
1	84 1
1	84 2
1	83 2
1	85 2
1	79 12
1	84 3
1	84 4
1	84 5
1	84 6
1	83 6
1	85 6
1	79 13
1	84 7
1	84 8
1	84 9
1	84 10
1	83 10
1	85 10
1	79 12
1	84 11
1	84 12
1	84 13
1	84 14
1	83 14
1	85 14
1	79 17
1	84 15
1	84 16
1	84 17
1	84 18
1	83 18
1	85 18
1	79 13
1	84 19
1	84 20
1	84 1
1	84 2
1	83 2
1	85 2
1	79 11
1	84 3
1	84 4
1	84 5
1	84 6
1	83 6
1	85 6
1	79 16
1	84 7
1	84 8
1	84 9
1	84 10
1	83 10
1	85 10
1	79 16
1	84 11
1	84 12
1	84 13
1	84 14
1	83 14
1	85 14
1	79 14
1	84 15
1	84 16
1	84 17
1	84 18
1	83 18
1	85 18
1	79 16
1	84 19
1	84 20
1	84 1
1	84 2
1	83 2
1	85 2
1	79 16
1	84 3
1	84 4
1	84 5
1	84 6
1	83 6
1	85 6
1	79 17
1	84 7
1	84 8
1	84 9
1	84 10
1	83 10
1	85 10
1	79 15
1	84 11
1	84 12
1	84 13
1	84 14
1	83 14
1	85 14
1	79 13
1	84 15
1	84 16
1	84 17
1	84 18
1	83 18
1	85 18
1	79 18
1	84 19
1	84 20
1	84 1
1	84 2
1	83 2
1	85 2
1	79 15
1	84 3
1	84 4
1	84 5
1	84 6
1	83 6
1	85 6
1	79 13
1	84 7
1	84 8
1	84 9
1	84 10
1	83 10
1	85 10
1	79 19
1	84 11
1	84 12
1	84 13
1	84 14
1	83 14
1	85 14
1	79 14
1	84 15
1	84 16
1	84 17
1	84 18
1	83 18
1	85 18
1	79 16
1	84 19
1	84 20
1	84 1
1	84 2
1	83 2
1	85 2
1	79 18
1	84 3
1	84 4
1	84 5
1	84 6
1	83 6
1	85 6
1	79 18
1	84 7
1	84 8
1	84 9
1	84 10
1	83 10
1	85 10
1	79 14
1	84 11
1	84 12
1	84 13
1	84 14
1	83 14
1	85 14
1	79 12
1	84 15
1	84 16
1	84 17
1	84 18
1	83 18
1	85 18
1	79 13
1	84 19
1	84 20
1	83 20
1	85 20
1	79 23
1	84 1
1	84 2
1	84 3
1	84 4
1	83 4
1	85 4
1	79 16
1	84 5
1	84 6
1	84 7
1	84 8
1	83 8
1	85 8
1	79 15
1	84 9
1	84 10
1	84 11
1	84 12
1	83 12
1	85 12
1	79 10
1	84 13
1	84 14
1	84 15
1	84 16
1	83 16
1	85 16
1	79 12
1	84 17
1	84 18
1	84 19
1	84 20
1	83 20
1	85 20
1	79 11
1	84 1
1	84 2
1	84 3
1	84 4
1	83 4
1	85 4
1	79 14
1	84 5
1	84 6
1	84 7
1	84 8
1	83 8
1	85 8
1	79 12
1	84 9
1	84 10
1	84 11
1	84 12
1	83 12
1	85 12
1	79 14
1	84 13
1	84 14
1	84 15
1	84 16
1	83 16
1	85 16
1	79 12
1	84 17
1	84 18
1	84 19
1	84 20
1	83 20
1	85 20
1	79 14
1	84 1
1	84 2
1	84 3
1	84 4
1	83 4
1	85 4
1	79 12
1	84 5
1	84 6
1	84 7
1	84 8
1	83 8
1	85 8
1	79 17
1	84 9
1	84 10
1	84 11
1	84 12
1	83 12
1	85 12
1	79 17
1	84 13
1	84 14
1	84 15
1	84 16
1	83 16
1	85 16
1	79 16
1	84 17
1	84 18
1	84 19
1	84 20
1	83 20
1	85 20
1	79 16
1	84 1
1	84 2
1	84 3
1	84 4
1	83 4
1	85 4
1	79 15
1	84 5
1	84 6
1	84 7
1	84 8
1	83 8
1	85 8
1	79 16
1	84 9
1	84 10
1	84 11
1	84 12
1	83 12
1	85 12
1	79 13
1	84 13
1	84 14
1	84 15
1	84 16
1	83 16
1	85 16
1	79 17
1	84 17
1	84 18
1	84 19
1	84 20
1	83 20
1	85 20
1	79 16
1	84 1
1	84 2
1	84 3
1	84 4
1	83 4
1	85 4
1	79 14
1	84 5
1	84 6
1	84 7
1	84 8
1	83 8
1	85 8
1	79 17
1	84 9
1	84 10
1	84 11
1	84 12
1	83 12
1	85 12
1	79 17
1	84 13
1	84 14
1	84 15
1	84 16
1	83 16
1	85 16
1	79 13
1	84 17
1	84 18
1	84 19
1	84 20
1	83 20
1	85 20
1	79 16
1	84 1
1	84 2
1	84 3
1	84 4
1	83 4
1	85 4
1	79 16
1	84 5
1	84 6
1	84 7
1	84 8
1	83 8
1	85 8
1	79 17
1	84 9
1	84 10
1	84 11
1	84 12
1	83 12
1	85 12
1	79 16
1	84 13
1	84 14
1	84 15
1	84 16
1	83 16
1	85 16
1	79 12
1	84 17
1	84 18
1	84 19
1	84 20
1	83 20
1	85 20
1	79 15
1	84 1
1	84 2
1	84 3
1	84 4
1	83 4
1	85 4
1	79 13
1	84 5
1	84 6
1	84 7
1	84 8
1	83 8
1	85 8
1	79 16
1	84 9
1	84 10
1	84 11
1	84 12
1	83 12
1	85 12
1	79 13
1	84 13
1	84 14
1	84 15
1	84 16
1	83 16
1	85 16
1	79 11
1	84 17
1	84 18
1	84 19
1	84 20
1	83 20
1	85 20
1	79 16
1	84 1
1	84 2
1	84 3
1	84 4
1	83 4
1	85 4
1	79 11
1	84 5
1	84 6
1	84 7
1	84 8
1	83 8
1	85 8
1	79 14
1	84 9
1	84 10
1	83 10
1	85 10
1	79 130
1	TEST_NUMBER 1
1	SENT_TOTAL 250
1	RECEIVED_TOTAL 64
1	TIME_TOTAL 14940
1	RECEIVED_RADIO_1 1
1	RECEIVED_RADIO_2 63
1	SENT_RADIO_1 125
1	SENT_RADIO_2 125
1	RADIO_TIME_1 15012
1	RADIO_TIME_2 14822
1	RETRANSMISSIONS_1 0
1	RETRANSMISSIONS_2 0
1	DROPPED_1 0
1	DROPPED_2 0
1	MAX_QUEUE 1
1	DUPLICATED_1 0
1	DUPLICATED_2 0
1	EBUSY_RADIO_1 0
1	EBUSY_RADIO_2 0
1	84 1
1	84 2
1	83 2
1	85 2
1	79 17
1	84 3
1	84 4
1	84 5
1	84 6
1	83 6
1	85 6
1	79 12
1	84 7
1	84 8
1	84 9
1	84 10
1	83 10
1	85 10
1	79 11
1	84 11
1	84 12
1	84 13
1	84 14
1	83 14
1	85 14
1	79 14
1	84 15
1	84 16
1	84 17
1	84 18
1	83 18
1	85 18
1	79 16
1	84 19
1	84 20
1	84 1
1	84 2
1	83 2
1	85 2
1	79 17
1	84 3
1	84 4
1	84 5
1	84 6
1	83 6
1	85 6
1	79 19
1	84 7
1	84 8
1	84 9
1	84 10
1	83 10
1	85 10
1	79 14
1	84 11
1	84 12
1	84 13
1	84 14
1	83 14
1	85 14
1	79 16
1	84 15
1	84 16
1	84 17
1	84 18
1	83 18
1	85 18
1	79 10
1	84 19
1	84 20
1	84 1
1	84 2
1	83 2
1	85 2
1	79 17
1	84 3
1	84 4
1	84 5
1	84 6
1	83 6
1	85 6
1	79 14
1	84 7
1	84 8
1	84 9
1	84 10
1	83 10
1	85 10
1	79 14
1	84 11
1	84 12
1	84 13
1	84 14
1	83 14
1	85 14
1	79 15
1	84 15
1	84 16
1	84 17
1	84 18
1	83 18
1	85 18
1	79 17
1	84 19
1	84 20
1	84 1
1	84 2
1	83 2
1	85 2
1	79 16
1	84 3
1	84 4
1	84 5
1	84 6
1	83 6
1	85 6
1	79 15
1	84 7
1	84 8
1	84 9
1	84 10
1	83 10
1	85 10
1	79 14
1	84 11
1	84 12
1	84 13
1	84 14
1	83 14
1	85 14
1	79 15
1	84 15
1	84 16
1	84 17
1	84 18
1	83 18
1	85 18
1	79 18
1	84 19
1	84 20
1	84 1
1	84 2
1	83 2
1	85 2
1	79 16
1	84 3
1	84 4
1	84 5
1	84 6
1	83 6
1	85 6
1	79 16
1	84 7
1	84 8
1	84 9
1	84 10
1	83 10
1	85 10
1	79 16
1	84 11
1	84 12
1	84 13
1	84 14
1	83 14
1	85 14
1	79 15
1	84 15
1	84 16
1	84 17
1	84 18
1	83 18
1	85 18
1	79 14
1	84 19
1	84 20
1	84 1
1	84 2
1	83 2
1	85 2
1	79 15
1	84 3
1	84 4
1	84 5
1	84 6
1	83 6
1	85 6
1	79 15
1	84 7
1	84 8
1	84 9
1	84 10
1	83 10
1	85 10
1	79 15
1	84 11
1	84 12
1	84 13
1	84 14
1	83 14
1	85 14
1	79 16
1	84 15
1	84 16
1	84 17
1	84 18
1	83 18
1	85 18
1	79 13
1	84 19
1	84 20
1	84 1
1	84 2
1	83 2
1	85 2
1	79 18
1	84 3
1	84 4
1	84 5
1	84 6
1	83 6
1	85 6
1	79 12
1	84 7
1	84 8
1	84 9
1	84 10
1	83 10
1	85 10
1	79 12
1	84 11
1	84 12
1	84 13
1	84 14
1	83 14
1	85 14
1	79 15
1	84 15
1	84 16
1	84 17
1	84 18
1	83 18
1	85 18
1	79 13
1	84 19
1	84 20
1	84 1
1	84 2
1	83 2
1	85 2
1	79 14
1	84 3
1	84 4
1	84 5
1	84 6
1	83 6
1	85 6
1	79 14
1	84 7
1	84 8
1	84 9
1	84 10
1	83 10
1	85 10
1	79 16
1	84 11
1	84 12
1	84 13
1	84 14
1	83 14
1	85 14
1	79 12
1	84 15
1	84 16
1	84 17
1	84 18
1	83 18
1	85 18
1	79 11
1	84 19
1	84 20
1	84 1
1	84 2
1	83 2
1	85 2
1	79 14
1	84 3
1	84 4
1	84 5
1	84 6
1	83 6
1	85 6
1	79 13
1	84 7
1	84 8
1	84 9
1	84 10
1	83 10
1	85 10
1	79 14
1	84 11
1	84 12
1	84 13
1	84 14
1	83 14
1	85 14
1	79 18
1	84 15
1	84 16
1	84 17
1	84 18
1	83 18
1	85 18
1	79 17
1	84 19
1	83 19
1	85 19
1	79 31
1	84 20
1	84 1
1	83 1
1	85 1
1	79 19
1	84 2
1	84 3
1	84 4
1	84 5
1	83 5
1	85 5
1	79 16
1	84 6
1	84 7
1	84 8
1	84 9
1	83 9
1	85 9
1	79 12
1	84 10
1	84 11
1	84 12
1	84 13
1	83 13
1	85 13
1	79 13
1	84 14
1	84 15
1	84 16
1	84 17
1	83 17
1	85 17
1	79 15
1	84 18
1	84 19
1	84 20
1	84 1
1	83 1
1	85 1
1	79 17
1	84 2
1	84 3
1	84 4
1	84 5
1	83 5
1	85 5
1	79 16
1	84 6
1	84 7
1	84 8
1	84 9
1	83 9
1	85 9
1	79 13
1	84 10
1	84 11
1	84 12
1	84 13
1	83 13
1	85 13
1	79 17
1	84 14
1	84 15
1	84 16
1	84 17
1	83 17
1	85 17
1	79 15
1	84 18
1	84 19
1	84 20
1	84 1
1	83 1
1	85 1
1	79 16
1	84 2
1	84 3
1	83 3
1	85 3
1	79 26
1	84 4
1	84 5
1	84 6
1	84 7
1	83 7
1	85 7
1	79 13
1	84 8
1	84 9
1	84 10
1	84 11
1	83 11
1	85 11
1	79 16
1	84 12
1	84 13
1	84 14
1	84 15
1	83 15
1	85 15
1	79 14
1	84 16
1	84 17
1	84 18
1	84 19
1	83 19
1	85 19
1	79 14
1	84 20
1	84 1
1	84 2
1	84 3
1	83 3
1	85 3
1	79 13
1	84 4
1	84 5
1	84 6
1	84 7
1	83 7
1	85 7
1	79 19
1	84 8
1	84 9
1	84 10
1	TEST_NUMBER 2
1	SENT_TOTAL 250
1	RECEIVED_TOTAL 64
1	TIME_TOTAL 14645
1	RECEIVED_RADIO_1 1
1	RECEIVED_RADIO_2 63
1	SENT_RADIO_1 125
1	SENT_RADIO_2 125
1	RADIO_TIME_1 14882
1	RADIO_TIME_2 14763
1	RETRANSMISSIONS_1 1
1	RETRANSMISSIONS_2 0
1	DROPPED_1 0
1	DROPPED_2 0
1	MAX_QUEUE 1
1	DUPLICATED_1 0
1	DUPLICATED_2 0
1	EBUSY_RADIO_1 0
1	EBUSY_RADIO_2 0
1	84 1
1	83 1
1	85 1
1	79 14
1	84 2
1	84 3
1	84 4
1	84 5
1	83 5
1	85 5
1	79 14
1	84 6
1	84 7
1	84 8
1	84 9
1	83 9
1	85 9
1	79 15
1	84 10
1	84 11
1	84 12
1	84 13
1	83 13
1	85 13
1	79 16
1	84 14
1	84 15
1	84 16
1	84 17
1	83 17
1	85 17
1	79 18
1	84 18
1	84 19
1	84 20
1	84 1
1	83 1
1	85 1
1	79 17
1	84 2
1	84 3
1	84 4
1	84 5
1	83 5
1	85 5
1	79 15
1	84 6
1	84 7
1	84 8
1	84 9
1	83 9
1	85 9
1	79 16
1	84 10
1	84 11
1	84 12
1	84 13
1	83 13
1	85 13
1	79 11
1	84 14
1	84 15
1	84 16
1	84 17
1	83 17
1	85 17
1	79 16
1	84 18
1	84 19
1	84 20
1	84 1
1	83 1
1	85 1
1	79 18
1	84 2
1	84 3
1	84 4
1	84 5
1	83 5
1	85 5
1	79 14
1	84 6
1	84 7
1	84 8
1	84 9
1	83 9
1	85 9
1	79 11
1	84 10
1	84 11
1	84 12
1	84 13
1	83 13
1	85 13
1	79 18
1	84 14
1	84 15
1	84 16
1	84 17
1	83 17
1	85 17
1	79 13
1	84 18
1	84 19
1	84 20
1	84 1
1	83 1
1	85 1
1	79 13
1	84 2
1	84 3
1	84 4
1	84 5
1	83 5
1	85 5
1	79 15
1	84 6
1	84 7
1	84 8
1	84 9
1	83 9
1	85 9
1	79 11
1	84 10
1	84 11
1	84 12
1	84 13
1	83 13
1	85 13
1	79 19
1	84 14
1	84 15
1	84 16
1	84 17
1	83 17
1	85 17
1	79 16
1	84 18
1	84 19
1	84 20
1	84 1
1	83 1
1	85 1
1	79 17
1	84 2
1	84 3
1	84 4
1	84 5
1	83 5
1	85 5
1	79 16
1	84 6
1	84 7
1	84 8
1	84 9
1	83 9
1	85 9
1	79 15
1	84 10
1	84 11
1	84 12
1	84 13
1	83 13
1	85 13
1	79 13
1	84 14
1	84 15
1	84 16
1	84 17
1	83 17
1	85 17
1	79 16
1	84 18
1	84 19
1	84 20
1	84 1
1	83 1
1	85 1
1	79 15
1	84 2
1	84 3
1	84 4
1	84 5
1	83 5
1	85 5
1	79 13
1	84 6
1	84 7
1	84 8
1	84 9
1	83 9
1	85 9
1	79 14
1	84 10
1	84 11
1	84 12
1	84 13
1	83 13
1	85 13
1	79 12
1	84 14
1	84 15
1	84 16
1	84 17
1	83 17
1	85 17
1	79 17
1	84 18
1	84 19
1	84 20
1	84 1
1	83 1
1	85 1
1	79 13
1	84 2
1	84 3
1	84 4
1	84 5
1	83 5
1	85 5
1	79 14
1	84 6
1	84 7
1	84 8
1	84 9
1	83 9
1	85 9
1	79 15
1	84 10
1	84 11
1	84 12
1	84 13
1	83 13
1	85 13
1	79 17
1	84 14
1	84 15
1	84 16
1	84 17
1	83 17
1	85 17
1	79 15
1	84 18
1	84 19
1	84 20
1	84 1
1	83 1
1	85 1
1	79 13
1	84 2
1	84 3
1	84 4
1	84 5
1	83 5
1	85 5
1	79 15
1	84 6
1	84 7
1	84 8
1	84 9
1	83 9
1	85 9
1	79 12
1	84 10
1	84 11
1	84 12
1	84 13
1	83 13
1	85 13
1	79 13
1	84 14
1	84 15
1	84 16
1	84 17
1	83 17
1	85 17
1	79 13
1	84 18
1	84 19
1	84 20
1	84 1
1	83 1
1	85 1
1	79 15
1	84 2
1	84 3
1	84 4
1	84 5
1	83 5
1	85 5
1	79 17
1	84 6
1	84 7
1	84 8
1	84 9
1	83 9
1	85 9
1	79 20
1	84 10
1	84 11
1	84 12
1	84 13
1	83 13
1	85 13
1	79 14
1	84 14
1	84 15
1	84 16
1	84 17
1	83 17
1	85 17
1	79 14
1	84 18
1	84 19
1	84 20
1	84 1
1	83 1
1	85 1
1	79 13
1	84 2
1	84 3
1	84 4
1	84 5
1	83 5
1	85 5
1	79 17
1	84 6
1	84 7
1	84 8
1	84 9
1	83 9
1	85 9
1	79 16
1	84 10
1	84 11
1	84 12
1	84 13
1	83 13
1	85 13
1	79 11
1	84 14
1	84 15
1	84 16
1	84 17
1	83 17
1	85 17
1	79 15
1	84 18
1	84 19
1	84 20
1	84 1
1	83 1
1	85 1
1	79 15
1	84 2
1	84 3
1	84 4
1	84 5
1	83 5
1	85 5
1	79 16
1	84 6
1	84 7
1	83 7
1	85 4
1	79 200
1	83 7
1	85 6
1	79 88
1	83 7
1	85 7
1	79 36
1	84 8
1	83 8
1	85 8
1	79 38
1	84 9
1	83 9
1	85 9
1	79 15
1	84 10
1	83 10
1	85 10
1	79 39
1	84 11
1	83 11
1	85 11
1	79 14
1	84 12
1	83 12
1	85 12
1	79 40
1	84 13
1	83 13
1	85 13
1	79 16
1	84 14
1	83 14
1	85 14
1	79 35
1	84 15
1	83 15
1	85 15
1	79 15
1	84 16
1	83 16
1	85 16
1	79 36
1	84 17
1	83 17
1	85 17
1	79 13
1	84 18
1	83 18
1	85 18
1	79 35
1	84 19
1	83 19
1	85 19
1	79 15
1	84 20
1	83 20
1	85 20
1	79 37
1	84 1
1	83 1
1	85 1
1	79 14
1	84 2
1	83 2
1	85 2
1	79 41
1	84 3
1	83 3
1	85 3
1	79 13
1	84 4
1	83 4
1	85 4
1	79 42
1	84 5
1	83 5
1	85 5
1	79 14
1	84 6
1	83 6
1	85 6
1	79 44
1	84 7
1	83 7
1	85 7
1	79 12
1	84 8
1	83 8
1	85 8
1	79 42
1	84 9
1	83 9
1	85 9
1	79 15
1	84 10
1	83 10
1	85 10
1	79 37
1	84 11
1	83 11
1	85 11
1	79 20
1	84 12
1	83 12
1	85 12
1	79 37
1	84 13
1	83 13
1	85 13
1	79 12
1	84 14
1	83 14
1	85 14
1	79 43
1	84 15
1	83 15
1	85 15
1	79 14
1	84 16
1	83 16
1	85 16
1	79 39
1	84 17
1	83 17
1	85 17
1	79 16
1	84 18
1	83 18
1	85 18
1	79 35
1	84 19
1	83 19
1	85 19
1	79 15
1	84 20
1	83 20
1	85 20
1	79 42
1	84 1
1	83 1
1	85 1
1	79 12
1	84 2
1	83 2
1	85 2
1	79 45
1	84 3
1	83 3
1	85 3
1	79 16
1	84 4
1	83 4
1	85 4
1	79 44
1	84 5
1	83 5
1	85 5
1	79 16
1	84 6
1	83 6
1	85 6
1	79 39
1	84 7
1	83 7
1	85 7
1	79 18
1	84 8
1	83 8
1	85 8
1	79 40
1	84 9
1	83 9
1	85 9
1	79 15
1	84 10
1	83 10
1	85 10
1	79 43
1	TEST_NUMBER 3
1	SENT_TOTAL 250
1	RECEIVED_TOTAL 98
1	TIME_TOTAL 14911
1	RECEIVED_RADIO_1 23
1	RECEIVED_RADIO_2 75
1	SENT_RADIO_1 125
1	SENT_RADIO_2 125
1	RADIO_TIME_1 14865
1	RADIO_TIME_2 14837
1	RETRANSMISSIONS_1 0
1	RETRANSMISSIONS_2 0
1	DROPPED_1 0
1	DROPPED_2 0
1	MAX_QUEUE 1
1	DUPLICATED_1 0
1	DUPLICATED_2 0
1	EBUSY_RADIO_1 0
1	EBUSY_RADIO_2 0
1	84 1
1	83 1
1	85 1
1	79 14
1	84 2
1	83 2
1	85 2
1	79 44
1	84 3
1	83 3
1	85 3
1	79 17
1	84 4
1	83 4
1	85 4
1	79 47
1	84 5
1	83 5
1	85 5
1	79 13
1	84 6
1	83 6
1	85 6
1	79 43
1	84 7
1	83 7
1	85 7
1	79 18
1	84 8
1	83 8
1	85 8
1	79 40
1	84 9
1	83 9
1	85 9
1	79 15
1	84 10
1	83 10
1	85 10
1	79 39
1	84 11
1	83 11
1	85 11
1	79 13
1	84 12
1	83 12
1	85 12
1	79 36
1	84 13
1	83 13
1	85 13
1	79 15
1	84 14
1	83 14
1	85 14
1	79 41
1	84 15
1	83 15
1	85 15
1	79 13
1	84 16
1	83 16
1	85 16
1	79 36
1	84 17
1	83 17
1	85 17
1	79 17
1	84 18
1	83 18
1	85 18
1	79 34
1	84 19
1	83 19
1	85 19
1	79 17
1	84 20
1	83 20
1	85 20
1	79 39
1	84 1
1	83 1
1	85 1
1	79 15
1	84 2
1	83 2
1	85 2
1	79 46
1	84 3
1	83 3
1	85 3
1	79 16
1	84 4
1	83 4
1	85 4
1	79 40
1	84 5
1	83 5
1	85 5
1	79 13
1	84 6
1	83 6
1	85 6
1	79 37
1	84 7
1	83 7
1	85 7
1	79 15
1	84 8
1	83 8
1	85 8
1	79 39
1	84 9
1	83 9
1	85 9
1	79 15
1	84 10
1	83 10
1	85 10
1	79 35
1	84 11
1	83 11
1	85 11
1	79 19
1	84 12
1	83 12
1	85 12
1	79 38
1	84 13
1	83 13
1	85 13
1	79 15
1	84 14
1	83 14
1	85 14
1	79 40
1	84 15
1	83 15
1	85 15
1	79 16
1	84 16
1	83 16
1	85 16
1	79 43
1	84 17
1	83 17
1	85 17
1	79 17
1	84 18
1	83 18
1	85 18
1	79 43
1	84 19
1	83 19
1	85 19
1	79 18
1	84 20
1	83 20
1	85 20
1	79 39
1	84 1
1	83 1
1	85 1
1	79 13
1	84 2
1	83 2
1	85 2
1	79 41
1	84 3
1	83 3
1	85 3
1	79 14
1	84 4
1	83 4
1	85 4
1	79 38
1	84 5
1	83 5
1	85 5
1	79 17
1	84 6
1	83 6
1	85 6
1	79 39
1	84 7
1	83 7
1	85 7
1	79 12
1	84 8
1	83 8
1	85 8
1	79 40
1	84 9
1	83 9
1	85 9
1	79 14
1	84 10
1	83 10
1	85 10
1	79 41
1	84 11
1	83 11
1	85 11
1	79 13
1	84 12
1	83 12
1	85 12
1	79 41
1	84 13
1	83 13
1	85 13
1	79 16
1	84 14
1	83 14
1	85 14
1	79 40
1	84 15
1	83 15
1	85 15
1	79 16
1	84 16
1	83 16
1	85 16
1	79 39
1	84 17
1	83 17
1	85 17
1	79 14
1	84 18
1	83 18
1	85 18
1	79 47
1	84 19
1	83 19
1	85 19
1	79 15
1	84 20
1	83 20
1	85 20
1	79 37
1	84 1
1	83 1
1	85 1
1	79 16
1	84 2
1	83 2
1	85 2
1	79 42
1	84 3
1	83 3
1	85 3
1	79 13
1	84 4
1	83 4
1	85 4
1	79 40
1	84 5
1	83 5
1	85 5
1	79 13
1	84 6
1	83 6
1	85 6
1	79 43
1	84 7
1	83 7
1	85 7
1	79 15
1	84 8
1	83 8
1	85 8
1	79 40
1	84 9
1	83 9
1	85 9
1	79 18
1	84 10
1	83 10
1	85 10
1	79 43
1	84 11
1	83 11
1	85 11
1	79 17
1	84 12
1	83 12
1	85 12
1	79 37
1	84 13
1	83 13
1	85 13
1	79 13
1	84 14
1	83 14
1	85 14
1	79 40
1	84 15
1	83 15
1	85 15
1	79 13
1	84 16
1	83 16
1	85 16
1	79 45
1	84 17
1	83 17
1	85 17
1	79 12
1	84 18
1	83 18
1	85 18
1	79 42
1	84 19
1	83 19
1	85 19
1	79 15
1	84 20
1	83 20
1	85 20
1	79 44
1	84 1
1	83 1
1	85 1
1	79 18
1	84 2
1	83 2
1	85 2
1	79 39
1	84 3
1	83 3
1	85 3
1	79 13
1	84 4
1	83 4
1	85 4
1	79 35
1	84 5
1	83 5
1	85 5
1	79 13
1	84 6
1	83 6
1	85 6
1	79 41
1	84 7
1	83 7
1	85 7
1	79 12
1	84 8
1	83 8
1	85 8
1	79 38
1	84 9
1	83 9
1	85 9
1	79 12
1	84 10
1	83 10
1	85 10
1	79 40
1	84 11
1	83 11
1	85 11
1	79 10
1	84 12
1	83 12
1	85 12
1	79 38
1	84 13
1	83 13
1	85 13
1	79 13
1	84 14
1	83 14
1	85 14
1	79 42
1	84 15
1	83 15
1	85 15
1	79 18
1	84 16
1	83 16
1	85 16
1	79 42
1	84 17
1	83 17
1	85 17
1	79 17
1	84 18
1	83 18
1	85 18
1	79 40
1	84 19
1	83 19
1	85 19
1	79 15
1	84 20
1	83 20
1	85 20
1	79 40
1	84 1
1	83 1
1	85 1
1	79 17
1	84 2
1	83 2
1	85 2
1	79 43
1	84 3
1	83 3
1	85 3
1	79 16
1	84 4
1	83 4
1	85 4
1	79 38
1	84 5
1	83 5
1	85 5
1	79 18
1	84 6
1	83 6
1	85 6
1	79 40
1	84 7
1	83 7
1	85 7
1	79 11
1	84 8
1	83 8
1	85 8
1	79 36
1	84 9
1	83 9
1	85 9
1	79 16
1	84 10
1	83 10
1	85 10
1	79 35
1	84 11
1	83 11
1	85 11
1	79 16
1	84 12
1	83 12
1	85 12
1	79 42
1	84 13
1	83 13
1	85 13
1	79 12
1	84 14
1	83 14
1	85 14
1	79 39
1	84 15
1	83 15
1	85 15
1	79 14
1	84 16
1	83 16
1	85 16
1	79 42
1	84 17
1	83 17
1	85 17
1	79 15
1	84 18
1	83 18
1	85 18
1	79 39
1	84 19
1	83 19
1	85 19
1	79 15
1	84 20
1	83 20
1	85 20
1	79 39
1	84 1
1	83 1
1	85 1
1	79 17
1	84 2
1	83 2
1	85 2
1	79 42
1	84 3
1	83 3
1	85 3
1	79 13
1	84 4
1	83 4
1	85 4
1	79 37
1	84 5
1	83 5
1	85 5
1	79 15
1	84 6
1	83 6
1	85 6
1	79 40
1	84 7
1	83 7
1	85 7
1	79 13
1	84 8
1	83 8
1	85 8
1	79 38
1	84 9
1	83 9
1	85 9
1	79 17
1	84 10
1	83 10
1	85 10
1	79 42
1	84 11
1	83 11
1	85 11
1	79 15
1	84 12
1	83 12
1	85 12
1	79 42
1	84 13
1	83 13
1	85 13
1	79 16
1	84 14
1	83 14
1	85 14
1	79 44
1	84 15
1	83 15
1	85 15
1	79 16
1	84 16
1	83 16
1	85 16
1	79 40
1	84 17
1	83 17
1	85 17
1	79 12
1	84 18
1	83 18
1	85 18
1	79 38
1	84 19
1	83 19
1	85 19
1	79 15
1	84 20
1	83 20
1	85 20
1	79 42
1	84 1
1	83 1
1	85 1
1	79 13
1	84 2
1	83 2
1	85 2
1	79 45
1	84 3
1	83 3
1	85 3
1	79 16
1	84 4
1	83 4
1	85 4
1	79 45
1	84 5
1	83 5
1	85 5
1	79 15
1	84 6
1	83 6
1	85 6
1	79 42
1	84 7
1	83 7
1	85 7
1	79 12
1	84 8
1	83 8
1	85 8
1	79 41
1	84 9
1	83 9
1	85 9
1	79 17
1	84 10
1	83 10
1	85 10
1	79 41
1	84 11
1	83 11
1	85 11
1	79 16
1	84 12
1	83 12
1	85 12
1	79 39
1	84 13
1	83 13
1	85 13
1	79 16
1	84 14
1	83 14
1	85 14
1	79 45
1	84 15
1	83 15
1	85 15
1	79 15
1	84 16
1	83 16
1	85 16
1	79 45
1	84 17
1	83 17
1	85 17
1	79 13
1	84 18
1	83 18
1	85 18
1	79 43
1	84 19
1	83 19
1	85 19
1	79 15
1	84 20
1	83 20
1	85 20
1	79 40
1	84 1
1	83 1
1	85 1
1	79 11
1	84 2
1	83 2
1	85 2
1	79 39
1	84 3
1	83 3
1	85 3
1	79 16
1	84 4
1	83 4
1	85 4
1	79 43
1	84 5
1	83 5
1	85 5
1	79 13
1	84 6
1	83 6
1	85 6
1	79 40
1	84 7
1	83 7
1	85 7
1	79 17
1	84 8
1	83 8
1	85 8
1	79 43
1	84 9
1	83 9
1	85 9
1	79 17
1	84 10
1	83 10
1	85 10
1	79 43
1	84 11
1	83 11
1	85 11
1	79 12
1	84 12
1	83 12
1	85 12
1	79 43
1	84 13
1	83 13
1	85 13
1	79 19
1	84 14
1	83 14
1	85 14
1	79 42
1	84 15
1	83 15
1	85 15
1	79 16
1	84 16
1	83 16
1	85 16
1	79 41
1	84 17
1	83 17
1	85 17
1	79 11
1	84 18
1	83 18
1	85 18
1	79 39
1	84 19
1	83 19
1	85 19
1	79 14
1	84 20
1	83 20
1	85 20
1	79 42
1	84 1
1	83 1
1	85 1
1	79 18
1	84 2
1	83 2
1	85 2
1	79 47
1	84 3
1	83 3
1	85 3
1	79 12
1	84 4
1	83 4
1	85 4
1	79 39
1	84 5
1	83 5
1	85 5
1	79 14
1	84 6
1	83 6
1	85 6
1	79 39
1	84 7
1	83 7
1	85 7
1	79 16
1	84 8
1	83 8
1	85 8
1	79 42
1	84 9
1	83 9
1	85 9
1	79 14
1	84 10
1	83 10
1	85 10
1	79 36
1	84 11
1	83 11
1	85 11
1	79 19
1	84 12
1	83 12
1	85 12
1	79 42
1	84 13
1	83 13
1	85 13
1	79 18
1	84 14
1	83 14
1	85 14
1	79 43
1	84 15
1	83 15
1	85 15
1	79 15
1	84 16
1	83 16
1	85 16
1	79 38
1	84 17
1	83 17
1	85 17
1	79 16
1	84 18
1	83 18
1	85 18
1	79 42
1	84 19
1	83 19
1	85 19
1	79 14
1	84 20
1	83 20
1	85 20
1	79 41
1	84 1
1	83 1
1	85 1
1	79 12
1	84 2
1	83 2
1	85 2
1	79 36
1	84 3
1	83 3
1	85 3
1	79 17
1	84 4
1	83 4
1	85 4
1	79 43
1	84 5
1	83 5
1	85 5
1	79 13
1	84 6
1	83 6
1	85 6
1	79 44
1	84 7
1	83 7
1	85 7
1	79 17
1	84 8
1	83 8
1	85 8
1	79 46
1	84 9
1	83 9
1	85 9
1	79 17
1	84 10
1	83 10
1	85 10
1	79 40
1	84 11
1	83 11
1	85 11
1	79 16
1	84 12
1	83 12
1	85 12
1	79 38
1	84 13
1	83 13
1	85 13
1	79 16
1	84 14
1	83 14
1	85 14
1	79 42
1	84 15
1	83 15
1	85 15
1	79 14
1	84 16
1	83 16
1	85 16
1	79 34
1	84 17
1	83 17
1	85 17
1	79 17
1	84 18
1	83 18
1	85 18
1	79 40
1	84 19
1	83 19
1	85 19
1	79 14
1	84 20
1	83 20
1	85 20
1	79 44
1	84 1
1	83 1
1	85 1
1	79 13
1	84 2
1	83 2
1	85 2
1	79 44
1	84 3
1	83 3
1	85 3
1	79 14
1	84 4
1	83 4
1	85 4
1	79 40
1	84 5
1	83 5
1	85 5
1	79 13
1	84 6
1	83 6
1	85 6
1	79 43
1	84 7
1	83 7
1	85 7
1	79 17
1	84 8
1	83 8
1	85 8
1	79 44
1	84 9
1	83 9
1	85 9
1	79 18
1	84 10
1	83 10
1	85 10
1	79 39
1	84 11
1	83 11
1	85 11
1	79 16
1	84 12
1	83 12
1	85 12
1	79 47
1	84 13
1	83 13
1	85 13
1	79 17
1	84 14
1	83 14
1	85 14
1	79 41
1	84 15
1	83 15
1	85 15
1	79 15
1	84 16
1	83 16
1	85 16
1	79 44
1	84 17
1	83 17
1	85 17
1	79 16
1	84 18
1	83 18
1	85 18
1	79 38
1	84 19
1	83 19
1	85 19
1	79 14
1	84 20
1	83 20
1	85 20
1	79 44
1	84 1
1	83 1
1	85 1
1	79 16
1	84 2
1	83 2
1	85 2
1	79 40
1	84 3
1	83 3
1	85 3
1	79 13
1	84 4
1	83 4
1	85 4
1	79 42
1	84 5
1	83 5
1	85 5
1	79 16
1	84 6
1	83 6
1	85 6
1	79 37
1	84 7
1	83 7
1	85 7
1	79 14
1	84 8
1	83 8
1	85 8
1	79 45
1	84 9
1	83 9
1	85 9
1	79 15
1	84 10
1	83 10
1	85 10
1	79 48
1	TEST_NUMBER 4
1	SENT_TOTAL 250
1	RECEIVED_TOTAL 250
1	TIME_TOTAL 14916
1	RECEIVED_RADIO_1 125
1	RECEIVED_RADIO_2 125
1	SENT_RADIO_1 125
1	SENT_RADIO_2 125
1	RADIO_TIME_1 14870
1	RADIO_TIME_2 14837
1	RETRANSMISSIONS_1 0
1	RETRANSMISSIONS_2 0
1	DROPPED_1 0
1	DROPPED_2 0
1	MAX_QUEUE 1
1	DUPLICATED_1 0
1	DUPLICATED_2 0
1	EBUSY_RADIO_1 0
1	EBUSY_RADIO_2 0
1	84 1
1	83 1
1	85 1
1	79 17
1	84 2
1	83 2
1	85 2
1	79 40
1	84 3
1	83 3
1	85 3
1	79 15
1	84 4
1	83 4
1	85 4
1	79 35
1	84 5
1	83 5
1	85 5
1	79 17
1	84 6
1	83 6
1	85 6
1	79 40
1	84 7
1	83 7
1	85 7
1	79 11
1	84 8
1	83 8
1	85 8
1	79 44
1	84 9
1	83 9
1	85 9
1	79 15
1	84 10
1	83 10
1	85 10
1	79 45
1	84 11
1	83 11
1	85 11
1	79 18
1	84 12
1	83 12
1	85 12
1	79 35
1	84 13
1	83 13
1	85 13
1	79 15
1	84 14
1	83 14
1	85 14
1	79 45
1	84 15
1	83 15
1	85 15
1	79 13
1	84 16
1	83 16
1	85 16
1	79 37
1	84 17
1	83 17
1	85 17
1	79 15
1	84 18
1	83 18
1	85 18
1	79 42
1	84 19
1	83 19
1	85 19
1	79 14
1	84 20
1	83 20
1	85 20
1	79 42
1	84 1
1	83 1
1	85 1
1	79 12
1	84 2
1	83 2
1	85 2
1	79 39
1	84 3
1	83 3
1	85 3
1	79 13
1	84 4
1	83 4
1	85 4
1	79 40
1	84 5
1	83 5
1	85 5
1	79 19
1	84 6
1	83 6
1	85 6
1	79 45
1	84 7
1	83 7
1	85 7
1	79 17
1	84 8
1	83 8
1	85 8
1	79 40
1	84 9
1	83 9
1	85 9
1	79 13
1	84 10
1	83 10
1	85 10
1	79 48
1	84 11
1	83 11
1	85 11
1	79 16
1	84 12
1	83 12
1	85 12
1	79 43
1	84 13
1	83 13
1	85 13
1	79 15
1	84 14
1	83 14
1	85 14
1	79 44
1	84 15
1	83 15
1	85 15
1	79 12
1	84 16
1	83 16
1	85 16
1	79 43
1	84 17
1	83 17
1	85 17
1	79 11
1	84 18
1	83 18
1	85 18
1	79 40
1	84 19
1	83 19
1	85 19
1	79 15
1	84 20
1	83 20
1	85 20
1	79 33
1	84 1
1	83 1
1	85 1
1	79 12
1	84 2
1	83 2
1	85 2
1	79 44
1	84 3
1	83 3
1	85 3
1	79 14
1	84 4
1	83 4
1	85 4
1	79 39
1	84 5
1	83 5
1	85 5
1	79 17
1	84 6
1	83 6
1	85 6
1	79 47
1	84 7
1	83 7
1	85 7
1	79 15
1	84 8
1	83 8
1	85 8
1	79 37
1	84 9
1	83 9
1	85 9
1	79 15
1	84 10
1	83 10
1	85 10
1	79 43
1	84 11
1	83 11
1	85 11
1	79 16
1	84 12
1	83 12
1	85 12
1	79 37
1	84 13
1	83 13
1	85 13
1	79 16
1	84 14
1	83 14
1	85 14
1	79 44
1	84 15
1	83 15
1	85 15
1	79 14
1	84 16
1	83 16
1	85 16
1	79 42
1	84 17
1	83 17
1	85 17
1	79 14
1	84 18
1	83 18
1	85 18
1	79 43
1	84 19
1	83 19
1	85 19
1	79 13
1	84 20
1	83 20
1	85 20
1	79 47
1	84 1
1	83 1
1	85 1
1	79 11
1	84 2
1	83 2
1	85 2
1	79 41
1	84 3
1	83 3
1	85 3
1	79 15
1	84 4
1	83 4
1	85 4
1	79 44
1	84 5
1	83 5
1	85 5
1	79 17
1	84 6
1	83 6
1	85 6
1	79 41
1	84 7
1	83 7
1	85 7
1	79 12
1	84 8
1	83 8
1	85 8
1	79 43
1	84 9
1	83 9
1	85 9
1	79 13
1	84 10
1	83 10
1	85 10
1	79 43
1	84 11
1	83 11
1	85 11
1	79 17
1	84 12
1	83 12
1	85 12
1	79 37
1	84 13
1	83 13
1	85 13
1	79 17
1	84 14
1	83 14
1	85 14
1	79 45
1	84 15
1	83 15
1	85 15
1	79 15
1	84 16
1	83 16
1	85 16
1	79 41
1	84 17
1	83 17
1	85 17
1	79 19
1	84 18
1	83 18
1	85 18
1	79 37
1	84 19
1	83 19
1	85 19
1	79 13
1	84 20
1	83 20
1	85 20
1	79 39
1	84 1
1	83 1
1	85 1
1	79 17
1	84 2
1	83 2
1	85 2
1	79 38
1	84 3
1	83 3
1	85 3
1	79 17
1	84 4
1	83 4
1	85 4
1	79 46
1	84 5
1	83 5
1	85 5
1	79 19
1	84 6
1	83 6
1	85 6
1	79 38
1	84 7
1	83 7
1	85 7
1	79 13
1	84 8
1	83 8
1	85 8
1	79 46
1	84 9
1	83 9
1	85 9
1	79 18
1	84 10
1	83 10
1	85 10
1	79 41
1	84 11
1	83 11
1	85 11
1	79 14
1	84 12
1	83 12
1	85 12
1	79 40
1	84 13
1	83 13
1	85 13
1	79 17
1	84 14
1	83 14
1	85 14
1	79 42
1	84 15
1	83 15
1	85 15
1	79 17
1	84 16
1	83 16
1	85 16
1	79 40
1	84 17
1	83 17
1	85 17
1	79 13
1	84 18
1	83 18
1	85 18
1	79 39
1	84 19
1	83 19
1	85 19
1	79 14
1	84 20
1	83 20
1	85 20
1	79 35
1	84 1
1	83 1
1	85 1
1	79 17
1	84 2
1	83 2
1	85 2
1	79 36
1	84 3
1	83 3
1	85 3
1	79 18
1	84 4
1	83 4
1	85 4
1	79 40
1	84 5
1	83 5
1	85 5
1	79 12
1	84 6
1	83 6
1	85 6
1	79 39
1	84 7
1	83 7
1	85 7
1	79 11
1	84 8
1	83 8
1	85 8
1	79 41
1	84 9
1	83 9
1	85 9
1	79 15
1	84 10
1	83 10
1	85 10
1	79 36
1	84 11
1	83 11
1	85 11
1	79 15
1	84 12
1	83 12
1	85 12
1	79 39
1	84 13
1	83 13
1	85 13
1	79 13
1	84 14
1	83 14
1	85 14
1	79 42
1	84 15
1	83 15
1	85 15
1	79 15
1	84 16
1	83 16
1	85 16
1	79 45
1	84 17
1	83 17
1	85 17
1	79 13
1	84 18
1	83 18
1	85 18
1	79 45
1	84 19
1	83 19
1	85 19
1	79 13
1	84 20
1	83 20
1	85 20
1	79 37
1	84 1
1	83 1
1	85 1
1	79 13
1	84 2
1	83 2
1	85 2
1	79 37
1	84 3
1	83 3
1	85 3
1	79 16
1	84 4
1	83 4
1	85 4
1	79 40
1	84 5
1	83 5
1	85 5
1	79 14
1	84 6
1	83 6
1	85 6
1	79 41
1	84 7
1	83 7
1	85 7
1	79 15
1	84 8
1	83 8
1	85 8
1	79 41
1	84 9
1	83 9
1	85 9
1	79 13
1	84 10
1	83 10
1	85 10
1	79 46
1	84 11
1	83 11
1	85 11
1	79 16
1	84 12
1	83 12
1	85 12
1	79 40
1	84 13
1	83 13
1	85 13
1	79 16
1	84 14
1	83 14
1	85 14
1	79 39
1	84 15
1	83 15
1	85 15
1	79 16
1	84 16
1	83 16
1	85 16
1	79 43
1	84 17
1	83 17
1	85 17
1	79 14
1	84 18
1	83 18
1	85 18
1	79 45
1	84 19
1	83 19
1	85 19
1	79 15
1	84 20
1	83 20
1	85 20
1	79 37
1	84 1
1	83 1
1	85 1
1	79 19
1	84 2
1	83 2
1	85 2
1	79 42
1	84 3
1	83 3
1	85 3
1	79 17
1	84 4
1	83 4
1	85 4
1	79 41
1	84 5
1	83 5
1	85 5
1	79 18
1	84 6
1	83 6
1	85 6
1	79 35
1	84 7
1	83 7
1	85 7
1	79 12
1	84 8
1	83 8
1	85 8
1	79 38
1	84 9
1	83 9
1	85 9
1	79 14
1	84 10
1	83 10
1	85 10
1	79 36
1	84 11
1	83 11
1	85 11
1	79 15
1	84 12
1	83 12
1	85 12
1	79 38
1	84 13
1	83 13
1	85 13
1	79 12
1	84 14
1	83 14
1	85 14
1	79 42
1	84 15
1	83 15
1	85 15
1	79 18
1	84 16
1	83 16
1	85 16
1	79 39
1	84 17
1	83 17
1	85 17
1	79 13
1	84 18
1	83 18
1	85 18
1	79 34
1	84 19
1	83 19
1	85 19
1	79 12
1	84 20
1	83 20
1	85 20
1	79 43
1	84 1
1	83 1
1	85 1
1	79 14
1	84 2
1	83 2
1	85 2
1	79 45
1	84 3
1	83 3
1	85 3
1	79 18
1	84 4
1	83 4
1	85 4
1	79 39
1	84 5
1	83 5
1	85 5
1	79 14
1	84 6
1	83 6
1	85 6
1	79 34
1	84 7
1	83 7
1	85 7
1	79 11
1	84 8
1	83 8
1	85 8
1	79 40
1	84 9
1	83 9
1	85 9
1	79 11
1	84 10
1	83 10
1	85 10
1	79 44
1	84 11
1	83 11
1	85 11
1	79 15
1	84 12
1	83 12
1	85 12
1	79 42
1	84 13
1	83 13
1	85 13
1	79 15
1	84 14
1	83 14
1	85 14
1	79 44
1	84 15
1	83 15
1	85 15
1	79 19
1	84 16
1	83 16
1	85 16
1	79 42
1	84 17
1	83 17
1	85 17
1	79 14
1	84 18
1	83 18
1	85 18
1	79 42
1	84 19
1	83 19
1	85 19
1	79 15
1	84 20
1	83 20
1	85 20
1	79 43
1	84 1
1	83 1
1	85 1
1	79 14
1	84 2
1	83 2
1	85 2
1	79 43
1	84 3
1	83 3
1	85 3
1	79 15
1	84 4
1	83 4
1	85 4
1	79 42
1	84 5
1	83 5
1	85 5
1	79 18
1	84 6
1	83 6
1	85 6
1	79 39
1	84 7
1	83 7
1	85 7
1	79 15
1	84 8
1	83 8
1	85 8
1	79 46
1	84 9
1	83 9
1	85 9
1	79 11
1	84 10
1	83 10
1	85 10
1	79 45
1	84 11
1	83 11
1	85 11
1	79 16
1	84 12
1	83 12
1	85 12
1	79 46
1	84 13
1	83 13
1	85 13
1	79 15
1	84 14
1	83 14
1	85 14
1	79 43
1	84 15
1	83 15
1	85 15
1	79 18
1	84 16
1	83 16
1	85 16
1	79 43
1	84 17
1	83 17
1	85 17
1	79 14
1	84 18
1	83 18
1	85 18
1	79 41
1	84 19
1	83 19
1	85 19
1	79 14
1	84 20
1	83 20
1	85 20
1	79 42
1	84 1
1	83 1
1	85 1
1	79 12
1	84 2
1	83 2
1	85 2
1	79 41
1	84 3
1	83 3
1	85 3
1	79 13
1	84 4
1	83 4
1	85 4
1	79 41
1	84 5
1	83 5
1	85 5
1	79 16
1	84 6
1	83 6
1	85 6
1	79 46
1	84 7
1	83 7
1	85 7
1	79 18
1	84 8
1	83 8
1	85 8
1	79 43
1	84 9
1	83 9
1	85 9
1	79 15
1	84 10
1	83 10
1	85 10
1	79 46
1	84 11
1	83 11
1	85 11
1	79 13
1	84 12
1	83 12
1	85 12
1	79 41
1	84 13
1	83 13
1	85 13
1	79 17
1	84 14
1	83 14
1	85 14
1	79 43
1	84 15
1	83 15
1	85 15
1	79 19
1	84 16
1	83 16
1	85 16
1	79 43
1	84 17
1	83 17
1	85 17
1	79 15
1	84 18
1	83 18
1	85 18
1	79 38
1	84 19
1	83 19
1	85 19
1	79 15
1	84 20
1	83 20
1	85 20
1	79 41
1	84 1
1	83 1
1	85 1
1	79 13
1	84 2
1	83 2
1	85 2
1	79 41
1	84 3
1	83 3
1	85 3
1	79 17
1	84 4
1	83 4
1	85 4
1	79 41
1	84 5
1	83 5
1	85 5
1	79 15
1	84 6
1	83 6
1	85 6
1	79 42
1	84 7
1	83 7
1	85 7
1	79 12
1	84 8
1	83 8
1	85 8
1	79 46
1	84 9
1	83 9
1	85 9
1	79 14
1	84 10
1	83 10
1	85 10
1	79 38
1	84 11
1	83 11
1	85 11
1	79 18
1	84 12
1	83 12
1	85 12
1	79 40
1	84 13
1	83 13
1	85 13
1	79 16
1	84 14
1	83 14
1	85 14
1	79 38
1	84 15
1	83 15
1	85 15
1	79 18
1	84 16
1	83 16
1	85 16
1	79 38
1	84 17
1	83 17
1	85 17
1	79 14
1	84 18
1	83 18
1	85 18
1	79 43
1	84 19
1	83 19
1	85 19
1	79 14
1	84 20
1	83 20
1	85 20
1	79 38
1	84 1
1	83 1
1	85 1
1	79 15
1	84 2
1	83 2
1	85 2
1	79 36
1	84 3
1	83 3
1	85 3
1	79 15
1	84 4
1	83 4
1	85 4
1	79 38
1	84 5
1	83 5
1	85 5
1	79 17
1	84 6
1	83 6
1	85 6
1	79 41
1	84 7
1	83 7
1	85 7
1	79 17
1	84 8
1	83 8
1	85 8
1	79 35
1	84 9
1	83 9
1	85 9
1	79 13
1	84 10
1	83 10
1	85 10
1	79 37
1	TEST_NUMBER 5
1	SENT_TOTAL 250
1	RECEIVED_TOTAL 250
1	TIME_TOTAL 14902
1	RECEIVED_RADIO_1 125
1	RECEIVED_RADIO_2 125
1	SENT_RADIO_1 125
1	SENT_RADIO_2 125
1	RADIO_TIME_1 14859
1	RADIO_TIME_2 14835
1	RETRANSMISSIONS_1 0
1	RETRANSMISSIONS_2 0
1	DROPPED_1 0
1	DROPPED_2 0
1	MAX_QUEUE 1
1	DUPLICATED_1 0
1	DUPLICATED_2 0
1	EBUSY_RADIO_1 0
1	EBUSY_RADIO_2 0
1	84 1
1	83 1
1	85 1
1	79 12
1	84 2
1	83 2
1	85 2
1	79 37
1	84 3
1	83 3
1	85 3
1	79 15
1	84 4
1	83 4
1	85 4
1	79 38
1	84 5
1	83 5
1	85 5
1	79 15
1	84 6
1	83 6
1	85 6
1	79 46
1	84 7
1	83 7
1	85 7
1	79 18
1	84 8
1	83 8
1	85 8
1	79 44
1	84 9
1	83 9
1	85 9
1	79 19
1	84 10
1	83 10
1	85 10
1	79 40
1	84 11
1	83 11
1	85 11
1	79 18
1	84 12
1	83 12
1	85 12
1	79 40
1	84 13
1	83 13
1	85 13
1	79 16
1	84 14
1	83 14
1	85 14
1	79 37
1	84 15
1	83 15
1	85 15
1	79 17
1	84 16
1	83 16
1	85 16
1	79 39
1	84 17
1	83 17
1	85 17
1	79 17
1	84 18
1	83 18
1	85 18
1	79 42
1	84 19
1	83 19
1	85 19
1	79 14
1	84 20
1	83 20
1	85 20
1	79 39
1	84 1
1	83 1
1	85 1
1	79 17
1	84 2
1	83 2
1	85 2
1	79 41
1	84 3
1	83 3
1	85 3
1	79 17
1	84 4
1	83 4
1	85 4
1	79 45
1	84 5
1	83 5
1	85 5
1	79 11
1	84 6
1	83 6
1	85 6
1	79 42
1	84 7
1	83 7
1	85 7
1	79 12
1	84 8
1	83 8
1	85 8
1	79 43
1	84 9
1	83 9
1	85 9
1	79 14
1	84 10
1	83 10
1	85 10
1	79 45
1	84 11
1	83 11
1	85 11
1	79 12
1	84 12
1	83 12
1	85 12
1	79 42
1	84 13
1	83 13
1	85 13
1	79 17
1	84 14
1	83 14
1	85 14
1	79 41
1	84 15
1	83 15
1	85 15
1	79 15
1	84 16
1	83 16
1	85 16
1	79 42
1	84 17
1	83 17
1	85 17
1	79 14
1	84 18
1	83 18
1	85 18
1	79 40
1	84 19
1	83 19
1	85 19
1	79 12
1	84 20
1	83 20
1	85 20
1	79 46
1	84 1
1	83 1
1	85 1
1	79 16
1	84 2
1	83 2
1	85 2
1	79 38
1	84 3
1	83 3
1	85 3
1	79 12
1	84 4
1	83 4
1	85 4
1	79 40
1	84 5
1	83 5
1	85 5
1	79 18
1	84 6
1	83 6
1	85 6
1	79 41
1	84 7
1	83 7
1	85 7
1	79 14
1	84 8
1	83 8
1	85 8
1	79 42
1	84 9
1	83 9
1	85 9
1	79 15
1	84 10
1	83 10
1	85 10
1	79 39
1	84 11
1	83 11
1	85 11
1	79 13
1	84 12
1	83 12
1	85 12
1	79 36
1	84 13
1	83 13
1	85 13
1	79 15
1	84 14
1	83 14
1	85 14
1	79 40
1	84 15
1	83 15
1	85 15
1	79 17
1	84 16
1	83 16
1	85 16
1	79 40
1	84 17
1	83 17
1	85 17
1	79 15
1	84 18
1	83 18
1	85 18
1	79 45
1	84 19
1	83 19
1	85 19
1	79 18
1	84 20
1	83 20
1	85 20
1	79 45
1	84 1
1	83 1
1	85 1
1	79 16
1	84 2
1	83 2
1	85 2
1	79 42
1	84 3
1	83 3
1	85 3
1	79 13
1	84 4
1	83 4
1	85 4
1	79 40
1	84 5
1	83 5
1	85 5
1	79 14
1	84 6
1	83 6
1	85 6
1	79 46
1	84 7
1	83 7
1	85 7
1	79 14
1	84 8
1	83 8
1	85 8
1	79 45
1	84 9
1	83 9
1	85 9
1	79 12
1	84 10
1	83 10
1	85 10
1	79 42
1	84 11
1	83 11
1	85 11
1	79 18
1	84 12
1	83 12
1	85 12
1	79 43
1	84 13
1	83 13
1	85 13
1	79 18
1	84 14
1	83 14
1	85 14
1	79 42
1	84 15
1	83 15
1	85 15
1	79 18
1	84 16
1	83 16
1	85 16
1	79 42
1	84 17
1	83 17
1	85 17
1	79 13
1	84 18
1	83 18
1	85 18
1	79 40
1	84 19
1	83 19
1	85 19
1	79 16
1	84 20
1	83 20
1	85 20
1	79 39
1	84 1
1	83 1
1	85 1
1	79 14
1	84 2
1	83 2
1	85 2
1	79 45
1	84 3
1	83 3
1	85 3
1	79 14
1	84 4
1	83 4
1	85 4
1	79 46
1	84 5
1	83 5
1	85 5
1	79 16
1	84 6
1	83 6
1	85 6
1	79 45
1	84 7
1	83 7
1	85 7
1	79 11
1	84 8
1	83 8
1	85 8
1	79 41
1	84 9
1	83 9
1	85 9
1	79 16
1	84 10
1	83 10
1	85 10
1	79 42
1	84 11
1	83 11
1	85 11
1	79 17
1	84 12
1	83 12
1	85 12
1	79 46
1	84 13
1	83 13
1	85 13
1	79 16
1	84 14
1	83 14
1	85 14
1	79 37
1	84 15
1	83 15
1	85 15
1	79 17
1	84 16
1	83 16
1	85 16
1	79 38
1	84 17
1	83 17
1	85 17
1	79 16
1	84 18
1	83 18
1	85 18
1	79 36
1	84 19
1	83 19
1	85 19
1	79 19
1	84 20
1	83 20
1	85 20
1	79 46
1	84 1
1	83 1
1	85 1
1	79 16
1	84 2
1	83 2
1	85 2
1	79 40
1	84 3
1	83 3
1	85 3
1	79 17
1	84 4
1	83 4
1	85 4
1	79 43
1	84 5
1	83 5
1	85 5
1	79 15
1	84 6
1	83 6
1	85 6
1	79 41
1	84 7
1	83 7
1	85 7
1	79 15
1	84 8
1	83 8
1	85 8
1	79 36
1	84 9
1	83 9
1	85 9
1	79 16
1	84 10
1	83 10
1	85 10
1	79 42
1	84 11
1	83 11
1	85 11
1	79 15
1	84 12
1	83 12
1	85 12
1	79 38
1	84 13
1	83 13
1	85 13
1	79 16
1	84 14
1	83 14
1	85 14
1	79 38
1	84 15
1	83 15
1	85 15
1	79 19
1	84 16
1	83 16
1	85 16
1	79 48
1	84 17
1	83 17
1	85 17
1	79 18
1	84 18
1	83 18
1	85 18
1	79 40
1	84 19
1	83 19
1	85 19
1	79 14
1	84 20
1	83 20
1	85 20
1	79 38
1	84 1
1	83 1
1	85 1
1	79 17
1	84 2
1	83 2
1	85 2
1	79 44
1	84 3
1	83 3
1	85 3
1	79 17
1	84 4
1	83 4
1	85 4
1	79 47
1	84 5
1	83 5
1	85 5
1	79 14
1	84 6
1	83 6
1	85 6
1	79 40
1	84 7
1	83 7
1	85 7
1	79 13
1	84 8
1	83 8
1	85 8
1	79 42
1	84 9
1	83 9
1	85 9
1	79 13
1	84 10
1	83 10
1	85 10
1	79 42
1	84 11
1	83 11
1	85 11
1	79 13
1	84 12
1	83 12
1	85 12
1	79 42
1	84 13
1	83 13
1	85 13
1	79 15
1	84 14
1	83 14
1	85 14
1	79 37
1	84 15
1	83 15
1	85 15
1	79 16
1	84 16
1	83 16
1	85 16
1	79 38
1	84 17
1	83 17
1	85 17
1	79 18
1	84 18
1	83 18
1	85 18
1	79 36
1	84 19
1	83 19
1	85 19
1	79 17
1	84 20
1	83 20
1	85 20
1	79 41
1	84 1
1	83 1
1	85 1
1	79 14
1	84 2
1	83 2
1	85 2
1	79 47
1	84 3
1	83 3
1	85 3
1	79 11
1	84 4
1	83 4
1	85 4
1	79 45
1	84 5
1	83 5
1	85 5
1	79 13
1	84 6
1	83 6
1	85 6
1	79 40
1	84 7
1	83 7
1	85 7
1	79 13
1	84 8
1	83 8
1	85 8
1	79 44
1	84 9
1	83 9
1	85 9
1	79 16
1	84 10
1	83 10
1	85 10
1	79 38
1	84 11
1	83 11
1	85 11
1	79 11
1	84 12
1	83 12
1	85 12
1	79 45
1	84 13
1	83 13
1	85 13
1	79 13
1	84 14
1	83 14
1	85 14
1	79 43
1	84 15
1	83 15
1	85 15
1	79 15
1	84 16
1	83 16
1	85 16
1	79 41
1	84 17
1	83 17
1	85 17
1	79 15
1	84 18
1	83 18
1	85 18
1	79 38
1	84 19
1	83 19
1	85 19
1	79 19
1	84 20
1	83 20
1	85 20
1	79 40
1	84 1
1	83 1
1	85 1
1	79 16
1	84 2
1	83 2
1	85 2
1	79 43
1	84 3
1	83 3
1	85 3
1	79 12
1	84 4
1	83 4
1	85 4
1	79 41
1	84 5
1	83 5
1	85 5
1	79 15
1	84 6
1	83 6
1	85 6
1	79 41
1	84 7
1	83 7
1	85 7
1	79 13
1	84 8
1	83 8
1	85 8
1	79 37
1	84 9
1	83 9
1	85 9
1	79 18
1	84 10
1	83 10
1	85 10
1	79 41
1	84 11
1	83 11
1	85 11
1	79 15
1	84 12
1	83 12
1	85 12
1	79 44
1	84 13
1	83 13
1	85 13
1	79 17
1	84 14
1	83 14
1	85 14
1	79 43
1	84 15
1	83 15
1	85 15
1	79 16
1	84 16
1	83 16
1	85 16
1	79 39
1	84 17
1	83 17
1	85 17
1	79 17
1	84 18
1	83 18
1	85 18
1	79 45
1	84 19
1	83 19
1	85 19
1	79 13
1	84 20
1	83 20
1	85 20
1	79 41
1	84 1
1	83 1
1	85 1
1	79 16
1	84 2
1	83 2
1	85 2
1	79 47
1	84 3
1	83 3
1	85 3
1	79 14
1	84 4
1	83 4
1	85 4
1	79 39
1	84 5
1	83 5
1	85 5
1	79 13
1	84 6
1	83 6
1	85 6
1	79 43
1	84 7
1	83 7
1	85 7
1	79 13
1	84 8
1	83 8
1	85 8
1	79 40
1	84 9
1	83 9
1	85 9
1	79 13
1	84 10
1	83 10
1	85 10
1	79 40
1	84 11
1	83 11
1	85 11
1	79 16
1	84 12
1	83 12
1	85 12
1	79 42
1	84 13
1	83 13
1	85 13
1	79 15
1	84 14
1	83 14
1	85 14
1	79 39
1	84 15
1	83 15
1	85 15
1	79 16
1	84 16
1	83 16
1	85 16
1	79 38
1	84 17
1	83 17
1	85 17
1	79 18
1	84 18
1	83 18
1	85 18
1	79 41
1	84 19
1	83 19
1	85 19
1	79 11
1	84 20
1	83 20
1	85 20
1	79 44
1	84 1
1	83 1
1	85 1
1	79 13
1	84 2
1	83 2
1	85 2
1	79 41
1	84 3
1	83 3
1	85 3
1	79 16
1	84 4
1	83 4
1	85 4
1	79 44
1	84 5
1	83 5
1	85 5
1	79 17
1	84 6
1	83 6
1	85 6
1	79 39
1	84 7
1	83 7
1	85 7
1	79 18
1	84 8
1	83 8
1	85 8
1	79 38
1	84 9
1	83 9
1	85 9
1	79 14
1	84 10
1	83 10
1	85 10
1	79 40
1	84 11
1	83 11
1	85 11
1	79 15
1	84 12
1	83 12
1	85 12
1	79 43
1	84 13
1	83 13
1	85 13
1	79 18
1	84 14
1	83 14
1	85 14
1	79 43
1	84 15
1	83 15
1	85 15
1	79 13
1	84 16
1	83 16
1	85 16
1	79 47
1	84 17
1	83 17
1	85 17
1	79 15
1	84 18
1	83 18
1	85 18
1	79 36
1	84 19
1	83 19
1	85 19
1	79 17
1	84 20
1	83 20
1	85 20
1	79 43
1	84 1
1	83 1
1	85 1
1	79 12
1	84 2
1	83 2
1	85 2
1	79 41
1	84 3
1	83 3
1	85 3
1	79 17
1	84 4
1	83 4
1	85 4
1	79 40
1	84 5
1	83 5
1	85 5
1	79 11
1	84 6
1	83 6
1	85 6
1	79 39
1	84 7
1	83 7
1	85 7
1	79 14
1	84 8
1	83 8
1	85 8
1	79 39
1	84 9
1	83 9
1	85 9
1	79 13
1	84 10
1	83 10
1	85 10
1	79 42
1	84 11
1	83 11
1	85 11
1	79 15
1	84 12
1	83 12
1	85 12
1	79 40
1	84 13
1	83 13
1	85 13
1	79 14
1	84 14
1	83 14
1	85 14
1	79 39
1	84 15
1	83 15
1	85 15
1	79 16
1	84 16
1	83 16
1	85 16
1	79 42
1	84 17
1	83 17
1	85 17
1	79 17
1	84 18
1	83 18
1	85 18
1	79 46
1	84 19
1	83 19
1	85 19
1	79 13
1	84 20
1	83 20
1	85 20
1	79 45
1	84 1
1	83 1
1	85 1
1	79 17
1	84 2
1	83 2
1	85 2
1	79 42
1	84 3
1	83 3
1	85 3
1	79 15
1	84 4
1	83 4
1	85 4
1	79 40
1	84 5
1	83 5
1	85 5
1	79 12
1	84 6
1	83 6
1	85 6
1	79 38
1	84 7
1	83 7
1	85 7
1	79 13
1	84 8
1	83 8
1	85 8
1	79 38
1	84 9
1	83 9
1	85 9
1	79 13
1	84 10
1	83 10
1	85 10
1	79 35
1	TEST_NUMBER 6
1	SENT_TOTAL 250
1	RECEIVED_TOTAL 250
1	TIME_TOTAL 14905
1	RECEIVED_RADIO_1 125
1	RECEIVED_RADIO_2 125
1	SENT_RADIO_1 125
1	SENT_RADIO_2 125
1	RADIO_TIME_1 14857
1	RADIO_TIME_2 14835
1	RETRANSMISSIONS_1 0
1	RETRANSMISSIONS_2 0
1	DROPPED_1 0
1	DROPPED_2 0
1	MAX_QUEUE 1
1	DUPLICATED_1 0
1	DUPLICATED_2 0
1	EBUSY_RADIO_1 0
1	EBUSY_RADIO_2 0

2	RELAY_NODE 2
2	TEST_NUMBER 0
2	SENT_TOTAL 0
2	RECEIVED_TOTAL 0
2	TIME_TOTAL 0
2	RECEIVED_RADIO_1 63
2	RECEIVED_RADIO_2 125
2	SENT_RADIO_1 0
2	SENT_RADIO_2 3
2	RADIO_TIME_1 14909
2	RADIO_TIME_2 14999
2	RETRANSMISSIONS_1 1226
2	RETRANSMISSIONS_2 618
2	DROPPED_1 123
2	DROPPED_2 62
2	MAX_QUEUE 2
2	DUPLICATED_1 0
2	DUPLICATED_2 0
2	EBUSY_RADIO_1 0
2	EBUSY_RADIO_2 0
2	TEST_NUMBER 1
2	SENT_TOTAL 0
2	RECEIVED_TOTAL 0
2	TIME_TOTAL 0
2	RECEIVED_RADIO_1 62
2	RECEIVED_RADIO_2 125
2	SENT_RADIO_1 0
2	SENT_RADIO_2 1
2	RADIO_TIME_1 14912
2	RADIO_TIME_2 14987
2	RETRANSMISSIONS_1 1236
2	RETRANSMISSIONS_2 618
2	DROPPED_1 124
2	DROPPED_2 62
2	MAX_QUEUE 2
2	DUPLICATED_1 0
2	DUPLICATED_2 0
2	EBUSY_RADIO_1 0
2	EBUSY_RADIO_2 0
2	TEST_NUMBER 2
2	SENT_TOTAL 0
2	RECEIVED_TOTAL 0
2	TIME_TOTAL 0
2	RECEIVED_RADIO_1 62
2	RECEIVED_RADIO_2 125
2	SENT_RADIO_1 0
2	SENT_RADIO_2 1
2	RADIO_TIME_1 14986
2	RADIO_TIME_2 14910
2	RETRANSMISSIONS_1 1237
2	RETRANSMISSIONS_2 608
2	DROPPED_1 124
2	DROPPED_2 61
2	MAX_QUEUE 2
2	DUPLICATED_1 0
2	DUPLICATED_2 0
2	EBUSY_RADIO_1 0
2	EBUSY_RADIO_2 0
2	TEST_NUMBER 3
2	SENT_TOTAL 0
2	RECEIVED_TOTAL 0
2	TIME_TOTAL 0
2	RECEIVED_RADIO_1 74
2	RECEIVED_RADIO_2 125
2	SENT_RADIO_1 24
2	SENT_RADIO_2 23
2	RADIO_TIME_1 14839
2	RADIO_TIME_2 14839
2	RETRANSMISSIONS_1 1021
2	RETRANSMISSIONS_2 509
2	DROPPED_1 102
2	DROPPED_2 51
2	MAX_QUEUE 2
2	DUPLICATED_1 0
2	DUPLICATED_2 0
2	EBUSY_RADIO_1 0
2	EBUSY_RADIO_2 0
2	TEST_NUMBER 4
2	SENT_TOTAL 0
2	RECEIVED_TOTAL 0
2	TIME_TOTAL 0
2	RECEIVED_RADIO_1 125
2	RECEIVED_RADIO_2 125
2	SENT_RADIO_1 125
2	SENT_RADIO_2 125
2	RADIO_TIME_1 14841
2	RADIO_TIME_2 14841
2	RETRANSMISSIONS_1 0
2	RETRANSMISSIONS_2 0
2	DROPPED_1 0
2	DROPPED_2 0
2	MAX_QUEUE 1
2	DUPLICATED_1 0
2	DUPLICATED_2 0
2	EBUSY_RADIO_1 0
2	EBUSY_RADIO_2 0
2	TEST_NUMBER 5
2	SENT_TOTAL 0
2	RECEIVED_TOTAL 0
2	TIME_TOTAL 0
2	RECEIVED_RADIO_1 125
2	RECEIVED_RADIO_2 125
2	SENT_RADIO_1 125
2	SENT_RADIO_2 125
2	RADIO_TIME_1 14832
2	RADIO_TIME_2 14832
2	RETRANSMISSIONS_1 0
2	RETRANSMISSIONS_2 0
2	DROPPED_1 0
2	DROPPED_2 0
2	MAX_QUEUE 1
2	DUPLICATED_1 0
2	DUPLICATED_2 0
2	EBUSY_RADIO_1 0
2	EBUSY_RADIO_2 0
2	TEST_NUMBER 6
2	SENT_TOTAL 0
2	RECEIVED_TOTAL 0
2	TIME_TOTAL 0
2	RECEIVED_RADIO_1 125
2	RECEIVED_RADIO_2 125
2	SENT_RADIO_1 125
2	SENT_RADIO_2 125
2	RADIO_TIME_1 14832
2	RADIO_TIME_2 14832
2	RETRANSMISSIONS_1 0
2	RETRANSMISSIONS_2 0
2	DROPPED_1 0
2	DROPPED_2 0
2	MAX_QUEUE 1
2	DUPLICATED_1 0
2	DUPLICATED_2 0
2	EBUSY_RADIO_1 0
2	EBUSY_RADIO_2 0

3	RELAY_NODE 3
3	TEST_NUMBER 0
3	SENT_TOTAL 0
3	RECEIVED_TOTAL 0
3	TIME_TOTAL 0
3	RECEIVED_RADIO_1 125
3	RECEIVED_RADIO_2 3
3	SENT_RADIO_1 3
3	SENT_RADIO_2 125
3	RADIO_TIME_1 15012
3	RADIO_TIME_2 15012
3	RETRANSMISSIONS_1 0
3	RETRANSMISSIONS_2 1
3	DROPPED_1 0
3	DROPPED_2 0
3	MAX_QUEUE 1
3	DUPLICATED_1 0
3	DUPLICATED_2 0
3	EBUSY_RADIO_1 0
3	EBUSY_RADIO_2 0
3	TEST_NUMBER 1
3	SENT_TOTAL 0
3	RECEIVED_TOTAL 0
3	TIME_TOTAL 0
3	RECEIVED_RADIO_1 125
3	RECEIVED_RADIO_2 1
3	SENT_RADIO_1 1
3	SENT_RADIO_2 125
3	RADIO_TIME_1 15002
3	RADIO_TIME_2 15002
3	RETRANSMISSIONS_1 0
3	RETRANSMISSIONS_2 0
3	DROPPED_1 0
3	DROPPED_2 0
3	MAX_QUEUE 1
3	DUPLICATED_1 0
3	DUPLICATED_2 0
3	EBUSY_RADIO_1 0
3	EBUSY_RADIO_2 0
3	TEST_NUMBER 2
3	SENT_TOTAL 0
3	RECEIVED_TOTAL 0
3	TIME_TOTAL 0
3	RECEIVED_RADIO_1 125
3	RECEIVED_RADIO_2 1
3	SENT_RADIO_1 1
3	SENT_RADIO_2 125
3	RADIO_TIME_1 14883
3	RADIO_TIME_2 14883
3	RETRANSMISSIONS_1 0
3	RETRANSMISSIONS_2 0
3	DROPPED_1 0
3	DROPPED_2 0
3	MAX_QUEUE 1
3	DUPLICATED_1 1
3	DUPLICATED_2 0
3	EBUSY_RADIO_1 0
3	EBUSY_RADIO_2 0
3	TEST_NUMBER 3
3	SENT_TOTAL 0
3	RECEIVED_TOTAL 0
3	TIME_TOTAL 0
3	RECEIVED_RADIO_1 125
3	RECEIVED_RADIO_2 23
3	SENT_RADIO_1 23
3	SENT_RADIO_2 125
3	RADIO_TIME_1 14852
3	RADIO_TIME_2 14852
3	RETRANSMISSIONS_1 0
3	RETRANSMISSIONS_2 0
3	DROPPED_1 0
3	DROPPED_2 0
3	MAX_QUEUE 1
3	DUPLICATED_1 0
3	DUPLICATED_2 0
3	EBUSY_RADIO_1 0
3	EBUSY_RADIO_2 0
3	TEST_NUMBER 4
3	SENT_TOTAL 0
3	RECEIVED_TOTAL 0
3	TIME_TOTAL 0
3	RECEIVED_RADIO_1 125
3	RECEIVED_RADIO_2 125
3	SENT_RADIO_1 125
3	SENT_RADIO_2 125
3	RADIO_TIME_1 14853
3	RADIO_TIME_2 14853
3	RETRANSMISSIONS_1 0
3	RETRANSMISSIONS_2 0
3	DROPPED_1 0
3	DROPPED_2 0
3	MAX_QUEUE 1
3	DUPLICATED_1 0
3	DUPLICATED_2 0
3	EBUSY_RADIO_1 0
3	EBUSY_RADIO_2 0
3	TEST_NUMBER 5
3	SENT_TOTAL 0
3	RECEIVED_TOTAL 0
3	TIME_TOTAL 0
3	RECEIVED_RADIO_1 125
3	RECEIVED_RADIO_2 125
3	SENT_RADIO_1 125
3	SENT_RADIO_2 125
3	RADIO_TIME_1 14845
3	RADIO_TIME_2 14845
3	RETRANSMISSIONS_1 0
3	RETRANSMISSIONS_2 0
3	DROPPED_1 0
3	DROPPED_2 0
3	MAX_QUEUE 1
3	DUPLICATED_1 0
3	DUPLICATED_2 0
3	EBUSY_RADIO_1 0
3	EBUSY_RADIO_2 0
3	TEST_NUMBER 6
3	SENT_TOTAL 0
3	RECEIVED_TOTAL 0
3	TIME_TOTAL 0
3	RECEIVED_RADIO_1 125
3	RECEIVED_RADIO_2 125
3	SENT_RADIO_1 125
3	SENT_RADIO_2 125
3	RADIO_TIME_1 14845
3	RADIO_TIME_2 14845
3	RETRANSMISSIONS_1 0
3	RETRANSMISSIONS_2 0
3	DROPPED_1 0
3	DROPPED_2 0
3	MAX_QUEUE 1
3	DUPLICATED_1 0
3	DUPLICATED_2 0
3	EBUSY_RADIO_1 0
3	EBUSY_RADIO_2 0

4	DESTINATION_NODE 4
4	TEST_NUMBER 0
4	SENT_TOTAL 125
4	RECEIVED_TOTAL 125
4	TIME_TOTAL 14826
4	RECEIVED_RADIO_1 0
4	RECEIVED_RADIO_2 125
4	SENT_RADIO_1 63
4	SENT_RADIO_2 62
4	RADIO_TIME_1 14826
4	RADIO_TIME_2 14826
4	RETRANSMISSIONS_1 0
4	RETRANSMISSIONS_2 0
4	DROPPED_1 0
4	DROPPED_2 0
4	MAX_QUEUE 1
4	DUPLICATED_1 0
4	DUPLICATED_2 0
4	EBUSY_RADIO_1 0
4	EBUSY_RADIO_2 0
4	TEST_NUMBER 1
4	SENT_TOTAL 125
4	RECEIVED_TOTAL 125
4	TIME_TOTAL 14824
4	RECEIVED_RADIO_1 0
4	RECEIVED_RADIO_2 125
4	SENT_RADIO_1 62
4	SENT_RADIO_2 63
4	RADIO_TIME_1 14703
4	RADIO_TIME_2 14824
4	RETRANSMISSIONS_1 1
4	RETRANSMISSIONS_2 0
4	DROPPED_1 0
4	DROPPED_2 0
4	MAX_QUEUE 1
4	DUPLICATED_1 0
4	DUPLICATED_2 0
4	EBUSY_RADIO_1 0
4	EBUSY_RADIO_2 0
4	TEST_NUMBER 2
4	SENT_TOTAL 125
4	RECEIVED_TOTAL 125
4	TIME_TOTAL 14761
4	RECEIVED_RADIO_1 0
4	RECEIVED_RADIO_2 125
4	SENT_RADIO_1 62
4	SENT_RADIO_2 63
4	RADIO_TIME_1 14643
4	RADIO_TIME_2 14761
4	RETRANSMISSIONS_1 1
4	RETRANSMISSIONS_2 0
4	DROPPED_1 0
4	DROPPED_2 0
4	MAX_QUEUE 1
4	DUPLICATED_1 0
4	DUPLICATED_2 0
4	EBUSY_RADIO_1 0
4	EBUSY_RADIO_2 0
4	TEST_NUMBER 3
4	SENT_TOTAL 149
4	RECEIVED_TOTAL 149
4	TIME_TOTAL 14896
4	RECEIVED_RADIO_1 24
4	RECEIVED_RADIO_2 125
4	SENT_RADIO_1 74
4	SENT_RADIO_2 75
4	RADIO_TIME_1 14776
4	RADIO_TIME_2 14825
4	RETRANSMISSIONS_1 1
4	RETRANSMISSIONS_2 0
4	DROPPED_1 0
4	DROPPED_2 0
4	MAX_QUEUE 1
4	DUPLICATED_1 0
4	DUPLICATED_2 0
4	EBUSY_RADIO_1 0
4	EBUSY_RADIO_2 0
4	TEST_NUMBER 4
4	SENT_TOTAL 250
4	RECEIVED_TOTAL 250
4	TIME_TOTAL 14900
4	RECEIVED_RADIO_1 125
4	RECEIVED_RADIO_2 125
4	SENT_RADIO_1 125
4	SENT_RADIO_2 125
4	RADIO_TIME_1 14826
4	RADIO_TIME_2 14823
4	RETRANSMISSIONS_1 0
4	RETRANSMISSIONS_2 0
4	DROPPED_1 0
4	DROPPED_2 0
4	MAX_QUEUE 1
4	DUPLICATED_1 0
4	DUPLICATED_2 0
4	EBUSY_RADIO_1 0
4	EBUSY_RADIO_2 0
4	TEST_NUMBER 5
4	SENT_TOTAL 250
4	RECEIVED_TOTAL 250
4	TIME_TOTAL 14891
4	RECEIVED_RADIO_1 125
4	RECEIVED_RADIO_2 125
4	SENT_RADIO_1 125
4	SENT_RADIO_2 125
4	RADIO_TIME_1 14816
4	RADIO_TIME_2 14819
4	RETRANSMISSIONS_1 0
4	RETRANSMISSIONS_2 0
4	DROPPED_1 0
4	DROPPED_2 0
4	MAX_QUEUE 1
4	DUPLICATED_1 0
4	DUPLICATED_2 0
4	EBUSY_RADIO_1 0
4	EBUSY_RADIO_2 0
4	TEST_NUMBER 6
4	SENT_TOTAL 250
4	RECEIVED_TOTAL 250
4	TIME_TOTAL 14892
4	RECEIVED_RADIO_1 125
4	RECEIVED_RADIO_2 125
4	SENT_RADIO_1 125
4	SENT_RADIO_2 125
4	RADIO_TIME_1 14820
4	RADIO_TIME_2 14822
4	RETRANSMISSIONS_1 0
4	RETRANSMISSIONS_2 0
4	DROPPED_1 0
4	DROPPED_2 0
4	MAX_QUEUE 1
4	DUPLICATED_1 0
4	DUPLICATED_2 0
4	EBUSY_RADIO_1 0
4	EBUSY_RADIO_2 0
