
32	RELAY_NODE 32
32	TEST_NUMBER 0
32	SENT_TOTAL 0
32	RECEIVED_TOTAL 0
32	TIME_TOTAL 0
32	RECEIVED_RADIO_1 124
32	RECEIVED_RADIO_2 0
32	SENT_RADIO_1 0
32	SENT_RADIO_2 124
32	RADIO_TIME_1 19768
32	RADIO_TIME_2 19768
32	RETRANSMISSIONS_1 0
32	RETRANSMISSIONS_2 0
32	DROPPED_1 0
32	DROPPED_2 0
32	MAX_QUEUE 1
32	DUPLICATED_1 0
32	DUPLICATED_2 0
32	EBUSY_RADIO_1 0
32	EBUSY_RADIO_2 0
32	TEST_NUMBER 1
32	SENT_TOTAL 0
32	RECEIVED_TOTAL 0
32	TIME_TOTAL 0
32	RECEIVED_RADIO_1 124
32	RECEIVED_RADIO_2 0
32	SENT_RADIO_1 0
32	SENT_RADIO_2 124
32	RADIO_TIME_1 19766
32	RADIO_TIME_2 19766
32	RETRANSMISSIONS_1 0
32	RETRANSMISSIONS_2 0
32	DROPPED_1 0
32	DROPPED_2 0
32	MAX_QUEUE 1
32	DUPLICATED_1 0
32	DUPLICATED_2 0
32	EBUSY_RADIO_1 0
32	EBUSY_RADIO_2 0
32	TEST_NUMBER 2
32	SENT_TOTAL 0
32	RECEIVED_TOTAL 0
32	TIME_TOTAL 0
32	RECEIVED_RADIO_1 125
32	RECEIVED_RADIO_2 0
32	SENT_RADIO_1 0
32	SENT_RADIO_2 125
32	RADIO_TIME_1 19762
32	RADIO_TIME_2 19762
32	RETRANSMISSIONS_1 0
32	RETRANSMISSIONS_2 0
32	DROPPED_1 0
32	DROPPED_2 0
32	MAX_QUEUE 1
32	DUPLICATED_1 0
32	DUPLICATED_2 0
32	EBUSY_RADIO_1 0
32	EBUSY_RADIO_2 0
32	TEST_NUMBER 3
32	SENT_TOTAL 0
32	RECEIVED_TOTAL 0
32	TIME_TOTAL 0
32	RECEIVED_RADIO_1 125
32	RECEIVED_RADIO_2 0
32	SENT_RADIO_1 0
32	SENT_RADIO_2 125
32	RADIO_TIME_1 19763
32	RADIO_TIME_2 19763
32	RETRANSMISSIONS_1 0
32	RETRANSMISSIONS_2 0
32	DROPPED_1 0
32	DROPPED_2 0
32	MAX_QUEUE 1
32	DUPLICATED_1 0
32	DUPLICATED_2 0
32	EBUSY_RADIO_1 0
32	EBUSY_RADIO_2 0
32	TEST_NUMBER 4
32	SENT_TOTAL 0
32	RECEIVED_TOTAL 0
32	TIME_TOTAL 0
32	RECEIVED_RADIO_1 124
32	RECEIVED_RADIO_2 0
32	SENT_RADIO_1 0
32	SENT_RADIO_2 124
32	RADIO_TIME_1 19767
32	RADIO_TIME_2 19767
32	RETRANSMISSIONS_1 0
32	RETRANSMISSIONS_2 0
32	DROPPED_1 0
32	DROPPED_2 0
32	MAX_QUEUE 1
32	DUPLICATED_1 0
32	DUPLICATED_2 0
32	EBUSY_RADIO_1 0
32	EBUSY_RADIO_2 0
32	TEST_NUMBER 5
32	SENT_TOTAL 0
32	RECEIVED_TOTAL 0
32	TIME_TOTAL 0
32	RECEIVED_RADIO_1 123
32	RECEIVED_RADIO_2 0
32	SENT_RADIO_1 0
32	SENT_RADIO_2 123
32	RADIO_TIME_1 19763
32	RADIO_TIME_2 19763
32	RETRANSMISSIONS_1 0
32	RETRANSMISSIONS_2 0
32	DROPPED_1 0
32	DROPPED_2 0
32	MAX_QUEUE 1
32	DUPLICATED_1 0
32	DUPLICATED_2 0
32	EBUSY_RADIO_1 0
32	EBUSY_RADIO_2 0
32	TEST_NUMBER 6
32	SENT_TOTAL 0
32	RECEIVED_TOTAL 0
32	TIME_TOTAL 0
32	RECEIVED_RADIO_1 115
32	RECEIVED_RADIO_2 0
32	SENT_RADIO_1 0
32	SENT_RADIO_2 115
32	RADIO_TIME_1 19760
32	RADIO_TIME_2 19760
32	RETRANSMISSIONS_1 0
32	RETRANSMISSIONS_2 0
32	DROPPED_1 0
32	DROPPED_2 0
32	MAX_QUEUE 1
32	DUPLICATED_1 0
32	DUPLICATED_2 0
32	EBUSY_RADIO_1 0
32	EBUSY_RADIO_2 0

34	SOURCE_NODE 34
34	84 1
34	84 2
34	84 3
34	84 4
34	84 5
34	84 6
34	84 7
34	84 8
34	84 9
34	84 10
34	84 11
34	84 12
34	83 12
34	85 12
34	79 44
34	84 13
34	84 14
34	84 15
34	84 16
34	84 17
34	84 18
34	84 19
34	84 20
34	84 1
34	84 2
34	84 3
34	84 4
34	84 5
34	84 6
34	84 7
34	84 8
34	84 9
34	83 9
34	85 9
34	79 57
34	84 10
34	84 11
34	84 12
34	84 13
34	84 14
34	84 15
34	84 16
34	84 17
34	83 17
34	85 17
34	79 56
34	84 18
34	84 19
34	83 19
34	85 19
34	79 64
34	84 20
34	84 1
34	84 2
34	84 3
34	83 3
34	85 3
34	79 62
34	84 4
34	84 5
34	84 6
34	84 7
34	84 8
34	84 9
34	84 10
34	84 11
34	84 12
34	84 13
34	83 13
34	85 13
34	79 55
34	84 14
34	84 15
34	83 15
34	85 15
34	79 58
34	84 16
34	84 17
34	83 17
34	85 17
34	79 70
34	84 18
34	84 19
34	84 20
34	84 1
34	83 1
34	85 1
34	79 59
34	84 2
34	84 3
34	83 3
34	85 3
34	79 66
34	84 4
34	84 5
34	83 5
34	85 5
34	79 56
34	84 6
34	84 7
34	83 7
34	85 7
34	79 58
34	84 8
34	84 9
34	84 10
34	84 11
34	84 12
34	84 13
34	84 14
34	83 14
34	85 14
34	79 42
34	84 15
34	84 16
34	84 17
34	84 18
34	84 19
34	84 20
34	84 1
34	84 2
34	83 2
34	85 2
34	79 50
34	84 3
34	84 4
34	84 5
34	84 6
34	84 7
34	84 8
34	84 9
34	84 10
34	84 11
34	83 11
34	85 11
34	79 55
34	84 12
34	84 13
34	83 13
34	85 13
34	79 57
34	84 14
34	84 15
34	83 15
34	85 15
34	79 63
34	84 16
34	84 17
34	84 18
34	83 18
34	85 18
34	79 51
34	84 19
34	84 20
34	84 1
34	84 2
34	84 3
34	84 4
34	84 5
34	84 6
34	84 7
34	84 8
34	84 9
34	84 10
34	84 11
34	84 12
34	84 13
34	84 14
34	84 15
34	84 16
34	84 17
34	83 17
34	85 17
34	79 58
34	84 18
34	84 19
34	84 20
34	84 1
34	84 2
34	84 3
34	83 3
34	85 3
34	79 58
34	84 4
34	84 5
34	83 5
34	85 5
34	79 61
34	84 6
34	84 7
34	84 8
34	84 9
34	84 10
34	84 11
34	83 11
34	85 11
34	79 62
34	84 12
34	84 13
34	84 14
34	83 14
34	85 14
34	79 43
34	84 15
34	84 16
34	84 17
34	84 18
34	84 19
34	84 20
34	84 1
34	84 2
34	83 2
34	85 2
34	79 52
34	84 3
34	84 4
34	83 4
34	85 4
34	79 50
34	84 5
34	84 6
34	84 7
34	83 7
34	85 7
34	79 60
34	84 8
34	84 9
34	84 10
34	83 10
34	85 10
34	79 36
34	84 11
34	84 12
34	84 13
34	84 14
34	84 15
34	84 16
34	84 17
34	84 18
34	83 18
34	85 18
34	79 44
34	84 19
34	84 20
34	83 20
34	85 20
34	79 47
34	84 1
34	84 2
34	84 3
34	84 4
34	84 5
34	84 6
34	84 7
34	84 8
34	83 8
34	85 8
34	79 45
34	84 9
34	84 10
34	83 10
34	85 10
34	79 45
34	84 11
34	84 12
34	84 13
34	84 14
34	84 15
34	84 16
34	84 17
34	84 18
34	83 18
34	85 18
34	79 44
34	84 19
34	84 20
34	84 1
34	83 1
34	85 1
34	79 60
34	84 2
34	84 3
34	84 4
34	84 5
34	84 6
34	84 7
34	84 8
34	84 9
34	84 10
34	84 11
34	84 12
34	84 13
34	84 14
34	84 15
34	84 16
34	84 17
34	84 18
34	84 19
34	84 20
34	84 1
34	84 2
34	84 3
34	83 3
34	85 3
34	79 61
34	84 4
34	84 5
34	84 6
34	84 7
34	84 8
34	83 8
34	85 8
34	79 46
34	84 9
34	84 10
34	83 10
34	85 10
34	79 47
34	84 11
34	84 12
34	83 12
34	85 12
34	79 40
34	84 13
34	84 14
34	83 14
34	85 14
34	79 41
34	84 15
34	84 16
34	83 16
34	85 16
34	79 40
34	84 17
34	84 18
34	83 18
34	85 18
34	79 47
34	84 19
34	84 20
34	83 20
34	85 20
34	79 45
34	84 1
34	84 2
34	84 3
34	84 4
34	83 4
34	85 4
34	79 39
34	84 5
34	84 6
34	84 7
34	84 8
34	84 9
34	83 9
34	85 9
34	79 58
34	84 10
34	84 11
34	83 11
34	85 11
34	79 54
34	84 12
34	84 13
34	83 13
34	85 13
34	79 58
34	84 14
34	84 15
34	84 16
34	84 17
34	83 17
34	85 17
34	79 55
34	84 18
34	84 19
34	83 19
34	85 19
34	79 58
34	84 20
34	84 1
34	83 1
34	85 1
34	79 58
34	84 2
34	84 3
34	83 3
34	85 3
34	79 58
34	84 4
34	84 5
34	83 5
34	85 5
34	79 56
34	84 6
34	84 7
34	83 7
34	85 7
34	79 51
34	84 8
34	84 9
34	83 9
34	85 9
34	79 63
34	84 10
34	TEST_NUMBER 0
34	SENT_TOTAL 250
34	RECEIVED_TOTAL 52
34	TIME_TOTAL 18905
34	RECEIVED_RADIO_1 0
34	RECEIVED_RADIO_2 52
34	SENT_RADIO_1 125
34	SENT_RADIO_2 124
34	RADIO_TIME_1 19763
34	RADIO_TIME_2 19763
34	RETRANSMISSIONS_1 0
34	RETRANSMISSIONS_2 0
34	DROPPED_1 0
34	DROPPED_2 0
34	MAX_QUEUE 1
34	DUPLICATED_1 0
34	DUPLICATED_2 0
34	EBUSY_RADIO_1 0
34	EBUSY_RADIO_2 0
34	84 1
34	83 1
34	85 1
34	79 58
34	84 2
34	84 3
34	83 3
34	85 3
34	79 58
34	84 4
34	84 5
34	83 5
34	85 5
34	79 57
34	84 6
34	84 7
34	83 7
34	85 7
34	79 48
34	84 8
34	84 9
34	83 9
34	85 9
34	79 53
34	84 10
34	84 11
34	83 11
34	85 11
34	79 55
34	84 12
34	84 13
34	83 13
34	85 13
34	79 54
34	84 14
34	84 15
34	84 16
34	83 16
34	85 16
34	79 40
34	84 17
34	84 18
34	83 18
34	85 18
34	79 41
34	84 19
34	84 20
34	83 20
34	85 20
34	79 43
34	84 1
34	84 2
34	83 2
34	85 2
34	79 45
34	84 3
34	84 4
34	83 4
34	85 4
34	79 46
34	84 5
34	84 6
34	83 6
34	85 6
34	79 40
34	84 7
34	84 8
34	83 8
34	85 8
34	79 40
34	84 9
34	84 10
34	83 10
34	85 10
34	79 43
34	84 11
34	84 12
34	83 12
34	85 12
34	79 42
34	84 13
34	84 14
34	84 15
34	83 15
34	85 15
34	79 58
34	84 16
34	84 17
34	83 17
34	85 17
34	79 55
34	84 18
34	84 19
34	83 19
34	85 19
34	79 65
34	84 20
34	84 1
34	83 1
34	85 1
34	79 54
34	84 2
34	84 3
34	83 3
34	85 3
34	79 55
34	84 4
34	84 5
34	83 5
34	85 5
34	79 56
34	84 6
34	84 7
34	84 8
34	83 8
34	85 8
34	79 43
34	84 9
34	84 10
34	83 10
34	85 10
34	79 44
34	84 11
34	84 12
34	83 12
34	85 12
34	79 51
34	84 13
34	84 14
34	83 14
34	85 14
34	79 43
34	84 15
34	84 16
34	83 16
34	85 16
34	79 46
34	84 17
34	84 18
34	83 18
34	85 18
34	79 45
34	84 19
34	84 20
34	83 20
34	85 20
34	79 50
34	84 1
34	84 2
34	83 2
34	85 2
34	79 47
34	84 3
34	84 4
34	83 4
34	85 4
34	79 45
34	84 5
34	84 6
34	84 7
34	84 8
34	84 9
34	83 9
34	85 9
34	79 61
34	84 10
34	84 11
34	83 11
34	85 11
34	79 58
34	84 12
34	84 13
34	83 13
34	85 13
34	79 56
34	84 14
34	84 15
34	83 15
34	85 15
34	79 61
34	84 16
34	84 17
34	83 17
34	85 17
34	79 59
34	84 18
34	84 19
34	83 19
34	85 19
34	79 58
34	84 20
34	84 1
34	83 1
34	85 1
34	79 51
34	84 2
34	84 3
34	83 3
34	85 3
34	79 57
34	84 4
34	84 5
34	83 5
34	85 5
34	79 54
34	84 6
34	84 7
34	83 7
34	85 7
34	79 54
34	84 8
34	84 9
34	83 9
34	85 9
34	79 54
34	84 10
34	84 11
34	83 11
34	85 11
34	79 59
34	84 12
34	84 13
34	84 14
34	83 14
34	85 14
34	79 47
34	84 15
34	84 16
34	84 17
34	83 17
34	85 17
34	79 56
34	84 18
34	84 19
34	83 19
34	85 19
34	79 59
34	84 20
34	84 1
34	84 2
34	83 2
34	85 2
34	79 44
34	84 3
34	84 4
34	84 5
34	83 5
34	85 5
34	79 57
34	84 6
34	84 7
34	83 7
34	85 7
34	79 56
34	84 8
34	84 9
34	83 9
34	85 9
34	79 59
34	84 10
34	84 11
34	84 12
34	83 12
34	85 12
34	79 43
34	84 13
34	84 14
34	83 14
34	85 14
34	79 45
34	84 15
34	84 16
34	83 16
34	85 16
34	79 46
34	84 17
34	84 18
34	83 18
34	85 18
34	79 40
34	84 19
34	84 20
34	83 20
34	85 20
34	79 46
34	84 1
34	84 2
34	83 2
34	85 2
34	79 39
34	84 3
34	84 4
34	84 5
34	83 5
34	85 5
34	79 55
34	84 6
34	84 7
34	83 7
34	85 7
34	79 59
34	84 8
34	84 9
34	83 9
34	85 9
34	79 65
34	84 10
34	84 11
34	83 11
34	85 11
34	79 60
34	84 12
34	84 13
34	83 13
34	85 13
34	79 59
34	84 14
34	84 15
34	83 15
34	85 15
34	79 60
34	84 16
34	84 17
34	83 17
34	85 17
34	79 52
34	84 18
34	84 19
34	83 19
34	85 19
34	79 54
34	84 20
34	84 1
34	83 1
34	85 1
34	79 58
34	84 2
34	84 3
34	83 3
34	85 3
34	79 60
34	84 4
34	84 5
34	83 5
34	85 5
34	79 53
34	84 6
34	84 7
34	83 7
34	85 7
34	79 62
34	84 8
34	84 9
34	83 9
34	85 9
34	79 69
34	84 10
34	84 11
34	83 11
34	85 11
34	79 61
34	84 12
34	84 13
34	83 13
34	85 13
34	79 56
34	84 14
34	84 15
34	83 15
34	85 15
34	79 58
34	84 16
34	84 17
34	83 17
34	85 17
34	79 56
34	84 18
34	84 19
34	83 19
34	85 19
34	79 62
34	84 20
34	84 1
34	84 2
34	83 2
34	85 2
34	79 43
34	84 3
34	84 4
34	83 4
34	85 4
34	79 45
34	84 5
34	84 6
34	83 6
34	85 6
34	79 42
34	84 7
34	84 8
34	83 8
34	85 8
34	79 49
34	84 9
34	84 10
34	83 10
34	85 10
34	79 43
34	84 11
34	84 12
34	83 12
34	85 12
34	79 45
34	84 13
34	84 14
34	83 14
34	85 14
34	79 51
34	84 15
34	84 16
34	83 16
34	85 16
34	79 43
34	84 17
34	84 18
34	84 19
34	83 19
34	85 19
34	79 60
34	84 20
34	84 1
34	83 1
34	85 1
34	79 58
34	84 2
34	84 3
34	83 3
34	85 3
34	79 60
34	84 4
34	84 5
34	83 5
34	85 5
34	79 59
34	84 6
34	84 7
34	83 7
34	85 7
34	79 60
34	84 8
34	84 9
34	84 10
34	83 10
34	85 10
34	79 46
34	84 11
34	84 12
34	84 13
34	83 13
34	85 13
34	79 57
34	84 14
34	84 15
34	83 15
34	85 15
34	79 59
34	84 16
34	84 17
34	84 18
34	83 18
34	85 18
34	79 41
34	84 19
34	84 20
34	83 20
34	85 20
34	79 45
34	84 1
34	84 2
34	83 2
34	85 2
34	79 42
34	84 3
34	84 4
34	83 4
34	85 4
34	79 50
34	84 5
34	84 6
34	83 6
34	85 6
34	79 47
34	84 7
34	84 8
34	83 8
34	85 8
34	79 45
34	84 9
34	84 10
34	83 10
34	85 10
34	79 53
34	84 11
34	84 12
34	84 13
34	83 13
34	85 13
34	79 59
34	84 14
34	84 15
34	83 15
34	85 15
34	79 63
34	84 16
34	84 17
34	83 17
34	85 17
34	79 58
34	84 18
34	84 19
34	83 19
34	85 19
34	79 54
34	84 20
34	84 1
34	83 1
34	85 1
34	79 60
34	84 2
34	84 3
34	83 3
34	85 3
34	79 64
34	84 4
34	84 5
34	83 5
34	85 5
34	79 51
34	84 6
34	84 7
34	83 7
34	85 7
34	79 62
34	84 8
34	84 9
34	83 9
34	85 9
34	79 59
34	84 10
34	84 11
34	83 11
34	85 11
34	79 61
34	84 12
34	84 13
34	83 13
34	85 13
34	79 54
34	84 14
34	84 15
34	83 15
34	85 15
34	79 59
34	84 16
34	84 17
34	84 18
34	83 18
34	85 18
34	79 42
34	84 19
34	84 20
34	83 20
34	85 20
34	79 42
34	84 1
34	84 2
34	83 2
34	85 2
34	79 48
34	84 3
34	84 4
34	83 4
34	85 4
34	79 38
34	84 5
34	84 6
34	84 7
34	84 8
34	84 9
34	83 9
34	85 9
34	79 56
34	84 10
34	TEST_NUMBER 1
34	SENT_TOTAL 250
34	RECEIVED_TOTAL 114
34	TIME_TOTAL 19761
34	RECEIVED_RADIO_1 0
34	RECEIVED_RADIO_2 114
34	SENT_RADIO_1 125
34	SENT_RADIO_2 125
34	RADIO_TIME_1 19763
34	RADIO_TIME_2 19785
34	RETRANSMISSIONS_1 0
34	RETRANSMISSIONS_2 0
34	DROPPED_1 0
34	DROPPED_2 0
34	MAX_QUEUE 1
34	DUPLICATED_1 0
34	DUPLICATED_2 0
34	EBUSY_RADIO_1 0
34	EBUSY_RADIO_2 0
34	84 1
34	83 1
34	85 1
34	79 63
34	84 2
34	84 3
34	84 4
34	84 5
34	84 6
34	83 6
34	85 6
34	79 35
34	84 7
34	84 8
34	83 8
34	85 8
34	79 44
34	84 9
34	84 10
34	83 10
34	85 10
34	79 35
34	84 11
34	84 12
34	83 12
34	85 12
34	79 46
34	84 13
34	84 14
34	83 14
34	85 14
34	79 47
34	84 15
34	84 16
34	83 16
34	85 16
34	79 50
34	84 17
34	84 18
34	83 18
34	85 18
34	79 49
34	84 19
34	84 20
34	83 20
34	85 20
34	79 45
34	84 1
34	84 2
34	83 2
34	85 2
34	79 42
34	84 3
34	84 4
34	83 4
34	85 4
34	79 40
34	84 5
34	84 6
34	83 6
34	85 6
34	79 41
34	84 7
34	84 8
34	83 8
34	85 8
34	79 50
34	84 9
34	84 10
34	83 10
34	85 10
34	79 38
34	84 11
34	84 12
34	83 12
34	85 12
34	79 45
34	84 13
34	84 14
34	83 14
34	85 14
34	79 45
34	84 15
34	84 16
34	83 16
34	85 16
34	79 47
34	84 17
34	84 18
34	84 19
34	83 19
34	85 19
34	79 64
34	84 20
34	84 1
34	83 1
34	85 1
34	79 53
34	84 2
34	84 3
34	83 3
34	85 3
34	79 59
34	84 4
34	84 5
34	83 5
34	85 5
34	79 65
34	84 6
34	84 7
34	83 7
34	85 7
34	79 59
34	84 8
34	84 9
34	83 9
34	85 9
34	79 53
34	84 10
34	84 11
34	84 12
34	83 12
34	85 12
34	79 51
34	84 13
34	84 14
34	83 14
34	85 14
34	79 48
34	84 15
34	84 16
34	84 17
34	83 17
34	85 17
34	79 57
34	84 18
34	84 19
34	83 19
34	85 19
34	79 63
34	84 20
34	84 1
34	83 1
34	85 1
34	79 55
34	84 2
34	84 3
34	83 3
34	85 3
34	79 62
34	84 4
34	84 5
34	83 5
34	85 5
34	79 59
34	84 6
34	84 7
34	83 7
34	85 7
34	79 50
34	84 8
34	84 9
34	84 10
34	83 10
34	85 10
34	79 42
34	84 11
34	84 12
34	84 13
34	83 13
34	85 13
34	79 61
34	84 14
34	84 15
34	83 15
34	85 15
34	79 61
34	84 16
34	84 17
34	84 18
34	83 18
34	85 18
34	79 39
34	84 19
34	84 20
34	83 20
34	85 20
34	79 43
34	84 1
34	84 2
34	83 2
34	85 2
34	79 44
34	84 3
34	84 4
34	83 4
34	85 4
34	79 41
34	84 5
34	84 6
34	83 6
34	85 6
34	79 43
34	84 7
34	84 8
34	83 8
34	85 8
34	79 43
34	84 9
34	84 10
34	83 10
34	85 10
34	79 44
34	84 11
34	84 12
34	83 12
34	85 12
34	79 45
34	84 13
34	84 14
34	84 15
34	83 15
34	85 15
34	79 56
34	84 16
34	84 17
34	83 17
34	85 17
34	79 60
34	84 18
34	84 19
34	83 19
34	85 19
34	79 52
34	84 20
34	84 1
34	83 1
34	85 1
34	79 60
34	84 2
34	84 3
34	83 3
34	85 3
34	79 66
34	84 4
34	84 5
34	84 6
34	83 6
34	85 6
34	79 50
34	84 7
34	84 8
34	83 8
34	85 8
34	79 39
34	84 9
34	84 10
34	83 10
34	85 10
34	79 40
34	84 11
34	84 12
34	83 12
34	85 12
34	79 47
34	84 13
34	84 14
34	83 14
34	85 14
34	79 47
34	84 15
34	84 16
34	84 17
34	83 17
34	85 17
34	79 60
34	84 18
34	84 19
34	83 19
34	85 19
34	79 59
34	84 20
34	84 1
34	84 2
34	83 2
34	85 2
34	79 48
34	84 3
34	84 4
34	83 4
34	85 4
34	79 41
34	84 5
34	84 6
34	83 6
34	85 6
34	79 47
34	84 7
34	84 8
34	83 8
34	85 8
34	79 45
34	84 9
34	84 10
34	83 10
34	85 10
34	79 53
34	84 11
34	84 12
34	83 12
34	85 12
34	79 50
34	84 13
34	84 14
34	84 15
34	84 16
34	83 16
34	85 16
34	79 44
34	84 17
34	84 18
34	83 18
34	85 18
34	79 45
34	84 19
34	84 20
34	83 20
34	85 20
34	79 47
34	84 1
34	84 2
34	84 3
34	84 4
34	83 4
34	85 4
34	79 40
34	84 5
34	84 6
34	83 6
34	85 6
34	79 43
34	84 7
34	84 8
34	83 8
34	85 8
34	79 44
34	84 9
34	84 10
34	84 11
34	84 12
34	83 12
34	85 12
34	79 45
34	84 13
34	84 14
34	83 14
34	85 14
34	79 45
34	84 15
34	84 16
34	84 17
34	84 18
34	83 18
34	85 18
34	79 49
34	84 19
34	84 20
34	83 20
34	85 20
34	79 40
34	84 1
34	84 2
34	83 2
34	85 2
34	79 47
34	84 3
34	84 4
34	83 4
34	85 4
34	79 44
34	84 5
34	84 6
34	83 6
34	85 6
34	79 48
34	84 7
34	84 8
34	83 8
34	85 8
34	79 53
34	84 9
34	84 10
34	84 11
34	83 11
34	85 11
34	79 48
34	84 12
34	84 13
34	83 13
34	85 13
34	79 57
34	84 14
34	84 15
34	84 16
34	84 17
34	84 18
34	83 18
34	85 18
34	79 41
34	84 19
34	84 20
34	83 20
34	85 20
34	79 49
34	84 1
34	84 2
34	83 2
34	85 2
34	79 43
34	84 3
34	84 4
34	83 4
34	85 4
34	79 44
34	84 5
34	84 6
34	84 7
34	83 7
34	85 7
34	79 55
34	84 8
34	84 9
34	83 9
34	85 9
34	79 59
34	84 10
34	84 11
34	84 12
34	83 12
34	85 12
34	79 42
34	84 13
34	84 14
34	84 15
34	83 15
34	85 15
34	79 54
34	84 16
34	84 17
34	84 18
34	83 18
34	85 18
34	79 44
34	84 19
34	84 20
34	83 20
34	85 20
34	79 46
34	84 1
34	84 2
34	83 2
34	85 2
34	79 46
34	84 3
34	84 4
34	83 4
34	85 4
34	79 50
34	84 5
34	84 6
34	84 7
34	83 7
34	85 7
34	79 55
34	84 8
34	84 9
34	84 10
34	83 10
34	85 10
34	79 40
34	84 11
34	84 12
34	83 12
34	85 12
34	79 42
34	84 13
34	84 14
34	83 14
34	85 14
34	79 49
34	84 15
34	84 16
34	84 17
34	83 17
34	85 17
34	79 53
34	84 18
34	84 19
34	83 19
34	85 19
34	79 59
34	84 20
34	84 1
34	83 1
34	85 1
34	79 55
34	84 2
34	84 3
34	83 3
34	85 3
34	79 57
34	84 4
34	84 5
34	83 5
34	85 5
34	79 56
34	84 6
34	84 7
34	84 8
34	84 9
34	84 10
34	83 10
34	85 10
34	79 44
34	84 11
34	84 12
34	83 12
34	85 12
34	79 44
34	84 13
34	84 14
34	84 15
34	83 15
34	85 15
34	79 55
34	84 16
34	84 17
34	84 18
34	83 18
34	85 18
34	79 46
34	84 19
34	84 20
34	83 20
34	85 20
34	79 53
34	84 1
34	84 2
34	83 2
34	85 2
34	79 38
34	84 3
34	84 4
34	84 5
34	84 6
34	84 7
34	83 7
34	85 7
34	79 59
34	84 8
34	84 9
34	84 10
34	TEST_NUMBER 2
34	SENT_TOTAL 250
34	RECEIVED_TOTAL 104
34	TIME_TOTAL 19600
34	RECEIVED_RADIO_1 0
34	RECEIVED_RADIO_2 104
34	SENT_RADIO_1 125
34	SENT_RADIO_2 125
34	RADIO_TIME_1 19763
34	RADIO_TIME_2 19780
34	RETRANSMISSIONS_1 0
34	RETRANSMISSIONS_2 0
34	DROPPED_1 0
34	DROPPED_2 0
34	MAX_QUEUE 1
34	DUPLICATED_1 0
34	DUPLICATED_2 0
34	EBUSY_RADIO_1 0
34	EBUSY_RADIO_2 0
34	84 1
34	83 1
34	85 1
34	79 53
34	84 2
34	84 3
34	83 3
34	85 3
34	79 54
34	84 4
34	84 5
34	83 5
34	85 5
34	79 54
34	84 6
34	84 7
34	83 7
34	85 7
34	79 58
34	84 8
34	84 9
34	83 9
34	85 9
34	79 65
34	84 10
34	84 11
34	84 12
34	83 12
34	85 12
34	79 50
34	84 13
34	84 14
34	83 14
34	85 14
34	79 41
34	84 15
34	84 16
34	83 16
34	85 16
34	79 45
34	84 17
34	84 18
34	83 18
34	85 18
34	79 46
34	84 19
34	84 20
34	83 20
34	85 20
34	79 43
34	84 1
34	84 2
34	83 2
34	85 2
34	79 45
34	84 3
34	84 4
34	83 4
34	85 4
34	79 42
34	84 5
34	84 6
34	83 6
34	85 6
34	79 50
34	84 7
34	84 8
34	84 9
34	84 10
34	83 10
34	85 10
34	79 40
34	84 11
34	84 12
34	83 12
34	85 12
34	79 45
34	84 13
34	84 14
34	83 14
34	85 14
34	79 49
34	84 15
34	84 16
34	83 16
34	85 16
34	79 49
34	84 17
34	84 18
34	84 19
34	83 19
34	85 19
34	79 55
34	84 20
34	84 1
34	83 1
34	85 1
34	79 55
34	84 2
34	84 3
34	83 3
34	85 3
34	79 53
34	84 4
34	84 5
34	83 5
34	85 5
34	79 65
34	84 6
34	84 7
34	84 8
34	83 8
34	85 8
34	79 47
34	84 9
34	84 10
34	83 10
34	85 10
34	79 50
34	84 11
34	84 12
34	83 12
34	85 12
34	79 41
34	84 13
34	84 14
34	83 14
34	85 14
34	79 42
34	84 15
34	84 16
34	83 16
34	85 16
34	79 46
34	84 17
34	84 18
34	83 18
34	85 18
34	79 44
34	84 19
34	84 20
34	83 20
34	85 20
34	79 45
34	84 1
34	84 2
34	84 3
34	83 3
34	85 3
34	79 57
34	84 4
34	84 5
34	83 5
34	85 5
34	79 60
34	84 6
34	84 7
34	84 8
34	83 8
34	85 8
34	79 41
34	84 9
34	84 10
34	84 11
34	83 11
34	85 11
34	79 56
34	84 12
34	84 13
34	84 14
34	84 15
34	84 16
34	83 16
34	85 16
34	79 40
34	84 17
34	84 18
34	84 19
34	84 20
34	83 20
34	85 20
34	79 43
34	84 1
34	84 2
34	84 3
34	84 4
34	84 5
34	84 6
34	84 7
34	84 8
34	84 9
34	83 9
34	85 9
34	79 58
34	84 10
34	84 11
34	84 12
34	84 13
34	83 13
34	85 13
34	79 63
34	84 14
34	84 15
34	84 16
34	83 16
34	85 16
34	79 51
34	84 17
34	84 18
34	83 18
34	85 18
34	79 40
34	84 19
34	84 20
34	83 20
34	85 20
34	79 43
34	84 1
34	84 2
34	84 3
34	83 3
34	85 3
34	79 63
34	84 4
34	84 5
34	83 5
34	85 5
34	79 57
34	84 6
34	84 7
34	83 7
34	85 7
34	79 55
34	84 8
34	84 9
34	83 9
34	85 9
34	79 59
34	84 10
34	84 11
34	84 12
34	83 12
34	85 12
34	79 43
34	84 13
34	84 14
34	83 14
34	85 14
34	79 48
34	84 15
34	84 16
34	83 16
34	85 16
34	79 38
34	84 17
34	84 18
34	84 19
34	83 19
34	85 19
34	79 63
34	84 20
34	84 1
34	83 1
34	85 1
34	79 57
34	84 2
34	84 3
34	84 4
34	83 4
34	85 4
34	79 38
34	84 5
34	84 6
34	83 6
34	85 6
34	79 46
34	84 7
34	84 8
34	83 8
34	85 8
34	79 45
34	84 9
34	84 10
34	83 10
34	85 10
34	79 44
34	84 11
34	84 12
34	83 12
34	85 12
34	79 48
34	84 13
34	84 14
34	83 14
34	85 14
34	79 48
34	84 15
34	84 16
34	83 16
34	85 16
34	79 43
34	84 17
34	84 18
34	84 19
34	83 19
34	85 19
34	79 59
34	84 20
34	84 1
34	84 2
34	84 3
34	84 4
34	84 5
34	83 5
34	85 5
34	79 65
34	84 6
34	84 7
34	84 8
34	84 9
34	83 9
34	85 9
34	79 56
34	84 10
34	84 11
34	83 11
34	85 11
34	79 58
34	84 12
34	84 13
34	83 13
34	85 13
34	79 68
34	84 14
34	84 15
34	84 16
34	84 17
34	83 17
34	85 17
34	79 60
34	84 18
34	84 19
34	83 19
34	85 19
34	79 59
34	84 20
34	84 1
34	83 1
34	85 1
34	79 60
34	84 2
34	84 3
34	84 4
34	83 4
34	85 4
34	79 48
34	84 5
34	84 6
34	83 6
34	85 6
34	79 42
34	84 7
34	84 8
34	83 8
34	85 8
34	79 39
34	84 9
34	84 10
34	84 11
34	83 11
34	85 11
34	79 60
34	84 12
34	84 13
34	84 14
34	83 14
34	85 14
34	79 40
34	84 15
34	84 16
34	84 17
34	83 17
34	85 17
34	79 55
34	84 18
34	84 19
34	84 20
34	84 1
34	83 1
34	85 1
34	79 53
34	84 2
34	84 3
34	83 3
34	85 3
34	79 57
34	84 4
34	84 5
34	84 6
34	83 6
34	85 6
34	79 46
34	84 7
34	84 8
34	84 9
34	84 10
34	84 11
34	83 11
34	85 11
34	79 59
34	84 12
34	84 13
34	84 14
34	84 15
34	83 15
34	85 15
34	79 54
34	84 16
34	84 17
34	84 18
34	84 19
34	84 20
34	83 20
34	85 20
34	79 47
34	84 1
34	84 2
34	83 2
34	85 2
34	79 52
34	84 3
34	84 4
34	84 5
34	83 5
34	85 5
34	79 66
34	84 6
34	84 7
34	83 7
34	85 7
34	79 64
34	84 8
34	84 9
34	83 9
34	85 9
34	79 57
34	84 10
34	84 11
34	83 11
34	85 11
34	79 50
34	84 12
34	84 13
34	83 13
34	85 13
34	79 56
34	84 14
34	84 15
34	83 15
34	85 15
34	79 61
34	84 16
34	84 17
34	83 17
34	85 17
34	79 57
34	84 18
34	84 19
34	83 19
34	85 19
34	79 62
34	84 20
34	84 1
34	83 1
34	85 1
34	79 61
34	84 2
34	84 3
34	83 3
34	85 3
34	79 65
34	84 4
34	84 5
34	83 5
34	85 5
34	79 56
34	84 6
34	84 7
34	83 7
34	85 7
34	79 65
34	84 8
34	84 9
34	83 9
34	85 9
34	79 57
34	84 10
34	84 11
34	83 11
34	85 11
34	79 65
34	84 12
34	84 13
34	83 13
34	85 13
34	79 55
34	84 14
34	84 15
34	83 15
34	85 15
34	79 60
34	84 16
34	84 17
34	83 17
34	85 17
34	79 59
34	84 18
34	84 19
34	83 19
34	85 19
34	79 62
34	84 20
34	84 1
34	83 1
34	85 1
34	79 55
34	84 2
34	84 3
34	83 3
34	85 3
34	79 60
34	84 4
34	84 5
34	83 5
34	85 5
34	79 62
34	84 6
34	84 7
34	83 7
34	85 7
34	79 56
34	84 8
34	84 9
34	84 10
34	TEST_NUMBER 3
34	SENT_TOTAL 250
34	RECEIVED_TOTAL 98
34	TIME_TOTAL 19607
34	RECEIVED_RADIO_1 0
34	RECEIVED_RADIO_2 98
34	SENT_RADIO_1 125
34	SENT_RADIO_2 125
34	RADIO_TIME_1 19763
34	RADIO_TIME_2 19790
34	RETRANSMISSIONS_1 0
34	RETRANSMISSIONS_2 0
34	DROPPED_1 0
34	DROPPED_2 0
34	MAX_QUEUE 1
34	DUPLICATED_1 0
34	DUPLICATED_2 0
34	EBUSY_RADIO_1 0
34	EBUSY_RADIO_2 0
34	84 1
34	83 1
34	85 1
34	79 56
34	84 2
34	84 3
34	83 3
34	85 3
34	79 59
34	84 4
34	84 5
34	83 5
34	85 5
34	79 60
34	84 6
34	84 7
34	83 7
34	85 7
34	79 56
34	84 8
34	84 9
34	84 10
34	84 11
34	83 11
34	85 11
34	79 58
34	84 12
34	84 13
34	84 14
34	84 15
34	83 15
34	85 15
34	79 55
34	84 16
34	84 17
34	84 18
34	84 19
34	84 20
34	83 20
34	85 20
34	79 45
34	84 1
34	84 2
34	84 3
34	84 4
34	84 5
34	83 5
34	85 5
34	79 58
34	84 6
34	84 7
34	84 8
34	84 9
34	84 10
34	84 11
34	84 12
34	83 12
34	85 12
34	79 42
34	84 13
34	84 14
34	84 15
34	83 15
34	85 15
34	79 58
34	84 16
34	84 17
34	84 18
34	83 18
34	85 18
34	79 40
34	84 19
34	84 20
34	84 1
34	84 2
34	84 3
34	83 3
34	85 3
34	79 62
34	84 4
34	84 5
34	84 6
34	84 7
34	84 8
34	84 9
34	84 10
34	83 10
34	85 10
34	79 37
34	84 11
34	84 12
34	83 12
34	85 12
34	79 50
34	84 13
34	84 14
34	84 15
34	83 15
34	85 15
34	79 55
34	84 16
34	84 17
34	83 17
34	85 17
34	79 59
34	84 18
34	84 19
34	83 19
34	85 19
34	79 53
34	84 20
34	84 1
34	83 1
34	85 1
34	79 58
34	84 2
34	84 3
34	84 4
34	83 4
34	85 4
34	79 41
34	84 5
34	84 6
34	84 7
34	83 7
34	85 7
34	79 63
34	84 8
34	84 9
34	83 9
34	85 9
34	79 61
34	84 10
34	84 11
34	83 11
34	85 11
34	79 56
34	84 12
34	84 13
34	84 14
34	83 14
34	85 14
34	79 45
34	84 15
34	84 16
34	83 16
34	85 16
34	79 38
34	84 17
34	84 18
34	83 18
34	85 18
34	79 39
34	84 19
34	84 20
34	84 1
34	83 1
34	85 1
34	79 58
34	84 2
34	84 3
34	83 3
34	85 3
34	79 65
34	84 4
34	84 5
34	83 5
34	85 5
34	79 63
34	84 6
34	84 7
34	83 7
34	85 7
34	79 64
34	84 8
34	84 9
34	83 9
34	85 9
34	79 57
34	84 10
34	84 11
34	83 11
34	85 11
34	79 56
34	84 12
34	84 13
34	84 14
34	84 15
34	83 15
34	85 15
34	79 64
34	84 16
34	84 17
34	83 17
34	85 17
34	79 63
34	84 18
34	84 19
34	84 20
34	83 20
34	85 20
34	79 46
34	84 1
34	84 2
34	84 3
34	83 3
34	85 3
34	79 58
34	84 4
34	84 5
34	83 5
34	85 5
34	79 61
34	84 6
34	84 7
34	83 7
34	85 7
34	79 61
34	84 8
34	84 9
34	83 9
34	85 9
34	79 53
34	84 10
34	84 11
34	84 12
34	83 12
34	85 12
34	79 41
34	84 13
34	84 14
34	84 15
34	84 16
34	84 17
34	83 17
34	85 17
34	79 61
34	84 18
34	84 19
34	83 19
34	85 19
34	79 59
34	84 20
34	84 1
34	83 1
34	85 1
34	79 57
34	84 2
34	84 3
34	84 4
34	83 4
34	85 4
34	79 48
34	84 5
34	84 6
34	83 6
34	85 6
34	79 46
34	84 7
34	84 8
34	83 8
34	85 8
34	79 44
34	84 9
34	84 10
34	84 11
34	84 12
34	83 12
34	85 12
34	79 47
34	84 13
34	84 14
34	83 14
34	85 14
34	79 39
34	84 15
34	84 16
34	84 17
34	83 17
34	85 17
34	79 54
34	84 18
34	84 19
34	83 19
34	85 19
34	79 57
34	84 20
34	84 1
34	84 2
34	83 2
34	85 2
34	79 50
34	84 3
34	84 4
34	83 4
34	85 4
34	79 46
34	84 5
34	84 6
34	83 6
34	85 6
34	79 42
34	84 7
34	84 8
34	83 8
34	85 8
34	79 47
34	84 9
34	84 10
34	84 11
34	84 12
34	83 12
34	85 12
34	79 38
34	84 13
34	84 14
34	83 14
34	85 14
34	79 40
34	84 15
34	84 16
34	83 16
34	85 16
34	79 43
34	84 17
34	84 18
34	83 18
34	85 18
34	79 50
34	84 19
34	84 20
34	83 20
34	85 20
34	79 43
34	84 1
34	84 2
34	83 2
34	85 2
34	79 43
34	84 3
34	84 4
34	84 5
34	84 6
34	84 7
34	84 8
34	83 8
34	85 8
34	79 40
34	84 9
34	84 10
34	84 11
34	83 11
34	85 11
34	79 61
34	84 12
34	84 13
34	83 13
34	85 13
34	79 57
34	84 14
34	84 15
34	83 15
34	85 15
34	79 57
34	84 16
34	84 17
34	83 17
34	85 17
34	79 60
34	84 18
34	84 19
34	83 19
34	85 19
34	79 65
34	84 20
34	84 1
34	84 2
34	83 2
34	85 2
34	79 44
34	84 3
34	84 4
34	83 4
34	85 4
34	79 50
34	84 5
34	84 6
34	84 7
34	83 7
34	85 7
34	79 60
34	84 8
34	84 9
34	83 9
34	85 9
34	79 68
34	84 10
34	84 11
34	83 11
34	85 11
34	79 56
34	84 12
34	84 13
34	83 13
34	85 13
34	79 61
34	84 14
34	84 15
34	83 15
34	85 15
34	79 59
34	84 16
34	84 17
34	84 18
34	83 18
34	85 18
34	79 50
34	84 19
34	84 20
34	83 20
34	85 20
34	79 45
34	84 1
34	84 2
34	83 2
34	85 2
34	79 38
34	84 3
34	84 4
34	83 4
34	85 4
34	79 40
34	84 5
34	84 6
34	83 6
34	85 6
34	79 44
34	84 7
34	84 8
34	83 8
34	85 8
34	79 40
34	84 9
34	84 10
34	83 10
34	85 10
34	79 38
34	84 11
34	84 12
34	83 12
34	85 12
34	79 45
34	84 13
34	84 14
34	83 14
34	85 14
34	79 45
34	84 15
34	84 16
34	83 16
34	85 16
34	79 47
34	84 17
34	84 18
34	84 19
34	83 19
34	85 19
34	79 54
34	84 20
34	84 1
34	84 2
34	84 3
34	83 3
34	85 3
34	79 57
34	84 4
34	84 5
34	83 5
34	85 5
34	79 60
34	84 6
34	84 7
34	83 7
34	85 7
34	79 62
34	84 8
34	84 9
34	84 10
34	84 11
34	83 11
34	85 11
34	79 64
34	84 12
34	84 13
34	83 13
34	85 13
34	79 58
34	84 14
34	84 15
34	83 15
34	85 15
34	79 62
34	84 16
34	84 17
34	83 17
34	85 17
34	79 54
34	84 18
34	84 19
34	83 19
34	85 19
34	79 60
34	84 20
34	84 1
34	84 2
34	84 3
34	84 4
34	84 5
34	83 5
34	85 5
34	79 57
34	84 6
34	84 7
34	83 7
34	85 7
34	79 56
34	84 8
34	84 9
34	84 10
34	TEST_NUMBER 4
34	SENT_TOTAL 250
34	RECEIVED_TOTAL 93
34	TIME_TOTAL 19604
34	RECEIVED_RADIO_1 0
34	RECEIVED_RADIO_2 93
34	SENT_RADIO_1 125
34	SENT_RADIO_2 125
34	RADIO_TIME_1 19763
34	RADIO_TIME_2 19787
34	RETRANSMISSIONS_1 0
34	RETRANSMISSIONS_2 0
34	DROPPED_1 0
34	DROPPED_2 0
34	MAX_QUEUE 1
34	DUPLICATED_1 0
34	DUPLICATED_2 0
34	EBUSY_RADIO_1 0
34	EBUSY_RADIO_2 0
34	84 1
34	84 2
34	84 3
34	84 4
34	83 4
34	85 4
34	79 40
34	84 5
34	84 6
34	83 6
34	85 6
34	79 45
34	84 7
34	84 8
34	83 8
34	85 8
34	79 41
34	84 9
34	84 10
34	83 10
34	85 10
34	79 34
34	84 11
34	84 12
34	84 13
34	84 14
34	84 15
34	84 16
34	84 17
34	84 18
34	84 19
34	84 20
34	84 1
34	84 2
34	84 3
34	84 4
34	84 5
34	84 6
34	83 6
34	85 6
34	79 43
34	84 7
34	84 8
34	84 9
34	83 9
34	85 9
34	79 56
34	84 10
34	84 11
34	83 11
34	85 11
34	79 61
34	84 12
34	84 13
34	83 13
34	85 13
34	79 62
34	84 14
34	84 15
34	84 16
34	84 17
34	83 17
34	85 17
34	79 57
34	84 18
34	84 19
34	84 20
34	84 1
34	84 2
34	84 3
34	84 4
34	84 5
34	84 6
34	84 7
34	84 8
34	84 9
34	84 10
34	84 11
34	84 12
34	84 13
34	83 13
34	85 13
34	79 62
34	84 14
34	84 15
34	83 15
34	85 15
34	79 52
34	84 16
34	84 17
34	83 17
34	85 17
34	79 59
34	84 18
34	84 19
34	83 19
34	85 19
34	79 58
34	84 20
34	84 1
34	83 1
34	85 1
34	79 58
34	84 2
34	84 3
34	83 3
34	85 3
34	79 62
34	84 4
34	84 5
34	83 5
34	85 5
34	79 56
34	84 6
34	84 7
34	84 8
34	84 9
34	84 10
34	84 11
34	83 11
34	85 11
34	79 61
34	84 12
34	84 13
34	83 13
34	85 13
34	79 55
34	84 14
34	84 15
34	84 16
34	84 17
34	83 17
34	85 17
34	79 62
34	84 18
34	84 19
34	83 19
34	85 19
34	79 59
34	84 20
34	84 1
34	84 2
34	83 2
34	85 2
34	79 51
34	84 3
34	84 4
34	83 4
34	85 4
34	79 36
34	84 5
34	84 6
34	83 6
34	85 6
34	79 44
34	84 7
34	84 8
34	83 8
34	85 8
34	79 45
34	84 9
34	84 10
34	84 11
34	84 12
34	84 13
34	84 14
34	83 14
34	85 14
34	79 42
34	84 15
34	84 16
34	83 16
34	85 16
34	79 42
34	84 17
34	84 18
34	83 18
34	85 18
34	79 46
34	84 19
34	84 20
34	83 20
34	85 20
34	79 45
34	84 1
34	84 2
34	83 2
34	85 2
34	79 40
34	84 3
34	84 4
34	83 4
34	85 4
34	79 47
34	84 5
34	84 6
34	83 6
34	85 6
34	79 46
34	84 7
34	84 8
34	83 8
34	85 8
34	79 42
34	84 9
34	84 10
34	83 10
34	85 10
34	79 41
34	84 11
34	84 12
34	84 13
34	84 14
34	83 14
34	85 14
34	79 44
34	84 15
34	84 16
34	83 16
34	85 16
34	79 48
34	84 17
34	84 18
34	84 19
34	83 19
34	85 19
34	79 63
34	84 20
34	84 1
34	84 2
34	83 2
34	85 2
34	79 43
34	84 3
34	84 4
34	83 4
34	85 4
34	79 42
34	84 5
34	84 6
34	83 6
34	85 6
34	79 42
34	84 7
34	84 8
34	83 8
34	85 8
34	79 42
34	84 9
34	84 10
34	84 11
34	84 12
34	83 12
34	85 12
34	79 46
34	84 13
34	84 14
34	84 15
34	84 16
34	83 16
34	85 16
34	79 48
34	84 17
34	84 18
34	83 18
34	85 18
34	79 39
34	84 19
34	84 20
34	83 20
34	85 20
34	79 50
34	84 1
34	84 2
34	84 3
34	83 3
34	85 3
34	79 64
34	84 4
34	84 5
34	83 5
34	85 5
34	79 55
34	84 6
34	84 7
34	83 7
34	85 7
34	79 62
34	84 8
34	84 9
34	83 9
34	85 9
34	79 58
34	84 10
34	84 11
34	83 11
34	85 11
34	79 61
34	84 12
34	84 13
34	84 14
34	83 14
34	85 14
34	79 47
34	84 15
34	84 16
34	83 16
34	85 16
34	79 45
34	84 17
34	84 18
34	83 18
34	85 18
34	79 39
34	84 19
34	84 20
34	83 20
34	85 20
34	79 41
34	84 1
34	84 2
34	83 2
34	85 2
34	79 41
34	84 3
34	84 4
34	83 4
34	85 4
34	79 48
34	84 5
34	84 6
34	83 6
34	85 6
34	79 40
34	84 7
34	84 8
34	83 8
34	85 8
34	79 37
34	84 9
34	84 10
34	84 11
34	83 11
34	85 11
34	79 62
34	84 12
34	84 13
34	83 13
34	85 13
34	79 51
34	84 14
34	84 15
34	83 15
34	85 15
34	79 67
34	84 16
34	84 17
34	84 18
34	83 18
34	85 18
34	79 42
34	84 19
34	84 20
34	83 20
34	85 20
34	79 46
34	84 1
34	84 2
34	83 2
34	85 2
34	79 42
34	84 3
34	84 4
34	83 4
34	85 4
34	79 45
34	84 5
34	84 6
34	83 6
34	85 6
34	79 51
34	84 7
34	84 8
34	83 8
34	85 8
34	79 47
34	84 9
34	84 10
34	83 10
34	85 10
34	79 43
34	84 11
34	84 12
34	84 13
34	83 13
34	85 13
34	79 58
34	84 14
34	84 15
34	83 15
34	85 15
34	79 60
34	84 16
34	84 17
34	83 17
34	85 17
34	79 67
34	84 18
34	84 19
34	83 19
34	85 19
34	79 65
34	84 20
34	84 1
34	83 1
34	85 1
34	79 64
34	84 2
34	84 3
34	83 3
34	85 3
34	79 61
34	84 4
34	84 5
34	83 5
34	85 5
34	79 62
34	84 6
34	84 7
34	83 7
34	85 7
34	79 60
34	84 8
34	84 9
34	83 9
34	85 9
34	79 57
34	84 10
34	84 11
34	83 11
34	85 11
34	79 55
34	84 12
34	84 13
34	83 13
34	85 13
34	79 57
34	84 14
34	84 15
34	84 16
34	83 16
34	85 16
34	79 41
34	84 17
34	84 18
34	83 18
34	85 18
34	79 48
34	84 19
34	84 20
34	83 20
34	85 20
34	79 49
34	84 1
34	84 2
34	83 2
34	85 2
34	79 44
34	84 3
34	84 4
34	83 4
34	85 4
34	79 48
34	84 5
34	84 6
34	83 6
34	85 6
34	79 40
34	84 7
34	84 8
34	83 8
34	85 8
34	79 39
34	84 9
34	84 10
34	83 10
34	85 10
34	79 47
34	84 11
34	84 12
34	83 12
34	85 12
34	79 40
34	84 13
34	84 14
34	83 14
34	85 14
34	79 47
34	84 15
34	84 16
34	83 16
34	85 16
34	79 43
34	84 17
34	84 18
34	83 18
34	85 18
34	79 46
34	84 19
34	84 20
34	83 20
34	85 20
34	79 49
34	84 1
34	84 2
34	83 2
34	85 2
34	79 36
34	84 3
34	84 4
34	83 4
34	85 4
34	79 50
34	84 5
34	84 6
34	84 7
34	83 7
34	85 7
34	79 61
34	84 8
34	84 9
34	83 9
34	85 9
34	79 56
34	84 10
34	TEST_NUMBER 5
34	SENT_TOTAL 250
34	RECEIVED_TOTAL 95
34	TIME_TOTAL 19540
34	RECEIVED_RADIO_1 0
34	RECEIVED_RADIO_2 95
34	SENT_RADIO_1 125
34	SENT_RADIO_2 125
34	RADIO_TIME_1 19763
34	RADIO_TIME_2 19763
34	RETRANSMISSIONS_1 0
34	RETRANSMISSIONS_2 0
34	DROPPED_1 0
34	DROPPED_2 0
34	MAX_QUEUE 1
34	DUPLICATED_1 0
34	DUPLICATED_2 0
34	EBUSY_RADIO_1 0
34	EBUSY_RADIO_2 0
34	84 1
34	83 1
34	85 1
34	79 61
34	84 2
34	84 3
34	83 3
34	85 3
34	79 64
34	84 4
34	84 5
34	83 5
34	85 5
34	79 63
34	84 6
34	84 7
34	84 8
34	84 9
34	84 10
34	83 10
34	85 10
34	79 44
34	84 11
34	84 12
34	84 13
34	83 13
34	85 13
34	79 63
34	84 14
34	84 15
34	83 15
34	85 15
34	79 45
34	84 16
34	84 17
34	84 18
34	84 19
34	84 20
34	84 1
34	83 1
34	85 1
34	79 55
34	84 2
34	84 3
34	83 3
34	85 3
34	79 60
34	84 4
34	84 5
34	84 6
34	84 7
34	84 8
34	83 8
34	85 8
34	79 47
34	84 9
34	84 10
34	83 10
34	85 10
34	79 45
34	84 11
34	84 12
34	84 13
34	84 14
34	83 14
34	85 14
34	79 46
34	84 15
34	84 16
34	83 16
34	85 16
34	79 46
34	84 17
34	84 18
34	84 19
34	83 19
34	85 19
34	79 67
34	84 20
34	84 1
34	84 2
34	83 2
34	85 2
34	79 50
34	84 3
34	84 4
34	84 5
34	84 6
34	83 6
34	85 6
34	79 48
34	84 7
34	84 8
34	83 8
34	85 8
34	79 47
34	84 9
34	84 10
34	83 10
34	85 10
34	79 41
34	84 11
34	84 12
34	83 12
34	85 12
34	79 44
34	84 13
34	84 14
34	83 14
34	85 14
34	79 46
34	84 15
34	84 16
34	84 17
34	84 18
34	83 18
34	85 18
34	79 41
34	84 19
34	84 20
34	83 20
34	85 20
34	79 41
34	84 1
34	84 2
34	83 2
34	85 2
34	79 49
34	84 3
34	84 4
34	84 5
34	84 6
34	83 6
34	85 6
34	79 36
34	84 7
34	84 8
34	83 8
34	85 8
34	79 44
34	84 9
34	84 10
34	84 11
34	83 11
34	85 11
34	79 63
34	84 12
34	84 13
34	83 13
34	85 13
34	79 61
34	84 14
34	84 15
34	84 16
34	84 17
34	83 17
34	85 17
34	79 63
34	84 18
34	84 19
34	83 19
34	85 19
34	79 67
34	84 20
34	84 1
34	83 1
34	85 1
34	79 55
34	84 2
34	84 3
34	84 4
34	83 4
34	85 4
34	79 37
34	84 5
34	84 6
34	83 6
34	85 6
34	79 43
34	84 7
34	84 8
34	84 9
34	84 10
34	84 11
34	84 12
34	83 12
34	85 12
34	79 49
34	84 13
34	84 14
34	84 15
34	83 15
34	85 15
34	79 58
34	84 16
34	84 17
34	83 17
34	85 17
34	79 62
34	84 18
34	84 19
34	84 20
34	83 20
34	85 20
34	79 47
34	84 1
34	84 2
34	83 2
34	85 2
34	79 46
34	84 3
34	84 4
34	83 4
34	85 4
34	79 45
34	84 5
34	84 6
34	83 6
34	85 6
34	79 48
34	84 7
34	84 8
34	83 8
34	85 8
34	79 47
34	84 9
34	84 10
34	83 10
34	85 10
34	79 42
34	84 11
34	84 12
34	83 12
34	85 12
34	79 45
34	84 13
34	84 14
34	83 14
34	85 14
34	79 46
34	84 15
34	84 16
34	83 16
34	85 16
34	79 47
34	84 17
34	84 18
34	84 19
34	84 20
34	83 20
34	85 20
34	79 42
34	84 1
34	84 2
34	83 2
34	85 2
34	79 47
34	84 3
34	84 4
34	83 4
34	85 4
34	79 43
34	84 5
34	84 6
34	83 6
34	85 6
34	79 46
34	84 7
34	84 8
34	83 8
34	85 8
34	79 44
34	84 9
34	84 10
34	83 10
34	85 10
34	79 44
34	84 11
34	84 12
34	84 13
34	84 14
34	84 15
34	84 16
34	83 16
34	85 16
34	79 46
34	84 17
34	84 18
34	84 19
34	84 20
34	83 20
34	85 20
34	79 47
34	84 1
34	84 2
34	83 2
34	85 2
34	79 47
34	84 3
34	84 4
34	84 5
34	84 6
34	83 6
34	85 6
34	79 44
34	84 7
34	84 8
34	83 8
34	85 8
34	79 43
34	84 9
34	84 10
34	83 10
34	85 10
34	79 41
34	84 11
34	84 12
34	83 12
34	85 12
34	79 47
34	84 13
34	84 14
34	84 15
34	83 15
34	85 15
34	79 59
34	84 16
34	84 17
34	84 18
34	83 18
34	85 18
34	79 41
34	84 19
34	84 20
34	83 20
34	85 20
34	79 51
34	84 1
34	84 2
34	83 2
34	85 2
34	79 45
34	84 3
34	84 4
34	83 4
34	85 4
34	79 45
34	84 5
34	84 6
34	83 6
34	85 6
34	79 47
34	84 7
34	84 8
34	84 9
34	83 9
34	85 9
34	79 61
34	84 10
34	84 11
34	84 12
34	84 13
34	84 14
34	84 15
34	83 15
34	85 15
34	79 59
34	84 16
34	84 17
34	84 18
34	83 18
34	85 18
34	79 42
34	84 19
34	84 20
34	83 20
34	85 20
34	79 52
34	84 1
34	84 2
34	83 2
34	85 2
34	79 42
34	84 3
34	84 4
34	83 4
34	85 4
34	79 39
34	84 5
34	84 6
34	83 6
34	85 6
34	79 44
34	84 7
34	84 8
34	83 8
34	85 8
34	79 47
34	84 9
34	84 10
34	83 10
34	85 10
34	79 42
34	84 11
34	84 12
34	83 12
34	85 12
34	79 41
34	84 13
34	84 14
34	84 15
34	84 16
34	83 16
34	85 16
34	79 39
34	84 17
34	84 18
34	83 18
34	85 18
34	79 40
34	84 19
34	84 20
34	83 20
34	85 20
34	79 49
34	84 1
34	84 2
34	83 2
34	85 2
34	79 44
34	84 3
34	84 4
34	83 4
34	85 4
34	79 47
34	84 5
34	84 6
34	83 6
34	85 6
34	79 48
34	84 7
34	84 8
34	84 9
34	83 9
34	85 9
34	79 68
34	84 10
34	84 11
34	83 11
34	85 11
34	79 54
34	84 12
34	84 13
34	83 13
34	85 13
34	79 60
34	84 14
34	84 15
34	83 15
34	85 15
34	79 59
34	84 16
34	84 17
34	84 18
34	84 19
34	84 20
34	84 1
34	84 2
34	84 3
34	84 4
34	84 5
34	84 6
34	84 7
34	84 8
34	84 9
34	84 10
34	84 11
34	84 12
34	84 13
34	84 14
34	84 15
34	84 16
34	84 17
34	84 18
34	84 19
34	84 20
34	84 1
34	84 2
34	84 3
34	84 4
34	84 5
34	84 6
34	84 7
34	84 8
34	84 9
34	83 9
34	85 9
34	79 58
34	84 10
34	TEST_NUMBER 6
34	SENT_TOTAL 250
34	RECEIVED_TOTAL 83
34	TIME_TOTAL 19760
34	RECEIVED_RADIO_1 0
34	RECEIVED_RADIO_2 83
34	SENT_RADIO_1 125
34	SENT_RADIO_2 125
34	RADIO_TIME_1 19763
34	RADIO_TIME_2 19782
34	RETRANSMISSIONS_1 0
34	RETRANSMISSIONS_2 0
34	DROPPED_1 0
34	DROPPED_2 0
34	MAX_QUEUE 1
34	DUPLICATED_1 0
34	DUPLICATED_2 0
34	EBUSY_RADIO_1 0
34	EBUSY_RADIO_2 0

52	RELAY_NODE 52
52	TEST_NUMBER 0
52	SENT_TOTAL 0
52	RECEIVED_TOTAL 0
52	TIME_TOTAL 0
52	RECEIVED_RADIO_1 109
52	RECEIVED_RADIO_2 0
52	SENT_RADIO_1 0
52	SENT_RADIO_2 109
52	RADIO_TIME_1 19774
52	RADIO_TIME_2 19774
52	RETRANSMISSIONS_1 0
52	RETRANSMISSIONS_2 0
52	DROPPED_1 0
52	DROPPED_2 0
52	MAX_QUEUE 1
52	DUPLICATED_1 0
52	DUPLICATED_2 0
52	EBUSY_RADIO_1 0
52	EBUSY_RADIO_2 0
52	TEST_NUMBER 1
52	SENT_TOTAL 0
52	RECEIVED_TOTAL 0
52	TIME_TOTAL 0
52	RECEIVED_RADIO_1 112
52	RECEIVED_RADIO_2 0
52	SENT_RADIO_1 0
52	SENT_RADIO_2 112
52	RADIO_TIME_1 19769
52	RADIO_TIME_2 19769
52	RETRANSMISSIONS_1 0
52	RETRANSMISSIONS_2 0
52	DROPPED_1 0
52	DROPPED_2 0
52	MAX_QUEUE 1
52	DUPLICATED_1 0
52	DUPLICATED_2 0
52	EBUSY_RADIO_1 0
52	EBUSY_RADIO_2 0
52	TEST_NUMBER 2
52	SENT_TOTAL 0
52	RECEIVED_TOTAL 0
52	TIME_TOTAL 0
52	RECEIVED_RADIO_1 112
52	RECEIVED_RADIO_2 0
52	SENT_RADIO_1 0
52	SENT_RADIO_2 112
52	RADIO_TIME_1 19756
52	RADIO_TIME_2 19756
52	RETRANSMISSIONS_1 0
52	RETRANSMISSIONS_2 0
52	DROPPED_1 0
52	DROPPED_2 0
52	MAX_QUEUE 1
52	DUPLICATED_1 0
52	DUPLICATED_2 0
52	EBUSY_RADIO_1 0
52	EBUSY_RADIO_2 0
52	TEST_NUMBER 3
52	SENT_TOTAL 0
52	RECEIVED_TOTAL 0
52	TIME_TOTAL 0
52	RECEIVED_RADIO_1 119
52	RECEIVED_RADIO_2 0
52	SENT_RADIO_1 0
52	SENT_RADIO_2 119
52	RADIO_TIME_1 19769
52	RADIO_TIME_2 19768
52	RETRANSMISSIONS_1 0
52	RETRANSMISSIONS_2 0
52	DROPPED_1 0
52	DROPPED_2 0
52	MAX_QUEUE 1
52	DUPLICATED_1 0
52	DUPLICATED_2 0
52	EBUSY_RADIO_1 0
52	EBUSY_RADIO_2 0
52	TEST_NUMBER 4
52	SENT_TOTAL 0
52	RECEIVED_TOTAL 0
52	TIME_TOTAL 0
52	RECEIVED_RADIO_1 111
52	RECEIVED_RADIO_2 0
52	SENT_RADIO_1 0
52	SENT_RADIO_2 111
52	RADIO_TIME_1 19769
52	RADIO_TIME_2 19769
52	RETRANSMISSIONS_1 0
52	RETRANSMISSIONS_2 0
52	DROPPED_1 0
52	DROPPED_2 0
52	MAX_QUEUE 1
52	DUPLICATED_1 0
52	DUPLICATED_2 0
52	EBUSY_RADIO_1 0
52	EBUSY_RADIO_2 0
52	TEST_NUMBER 5
52	SENT_TOTAL 0
52	RECEIVED_TOTAL 0
52	TIME_TOTAL 0
52	RECEIVED_RADIO_1 114
52	RECEIVED_RADIO_2 0
52	SENT_RADIO_1 0
52	SENT_RADIO_2 114
52	RADIO_TIME_1 19603
52	RADIO_TIME_2 19603
52	RETRANSMISSIONS_1 0
52	RETRANSMISSIONS_2 0
52	DROPPED_1 0
52	DROPPED_2 0
52	MAX_QUEUE 1
52	DUPLICATED_1 0
52	DUPLICATED_2 0
52	EBUSY_RADIO_1 0
52	EBUSY_RADIO_2 0
52	TEST_NUMBER 6
52	SENT_TOTAL 0
52	RECEIVED_TOTAL 0
52	TIME_TOTAL 0
52	RECEIVED_RADIO_1 105
52	RECEIVED_RADIO_2 0
52	SENT_RADIO_1 0
52	SENT_RADIO_2 105
52	RADIO_TIME_1 19765
52	RADIO_TIME_2 19765
52	RETRANSMISSIONS_1 0
52	RETRANSMISSIONS_2 0
52	DROPPED_1 0
52	DROPPED_2 0
52	MAX_QUEUE 1
52	DUPLICATED_1 0
52	DUPLICATED_2 0
52	EBUSY_RADIO_1 0
52	EBUSY_RADIO_2 0

53	RELAY_NODE 53
53	TEST_NUMBER 0
53	SENT_TOTAL 0
53	RECEIVED_TOTAL 0
53	TIME_TOTAL 0
53	RECEIVED_RADIO_1 0
53	RECEIVED_RADIO_2 124
53	SENT_RADIO_1 124
53	SENT_RADIO_2 0
53	RADIO_TIME_1 19772
53	RADIO_TIME_2 19772
53	RETRANSMISSIONS_1 0
53	RETRANSMISSIONS_2 0
53	DROPPED_1 0
53	DROPPED_2 0
53	MAX_QUEUE 1
53	DUPLICATED_1 0
53	DUPLICATED_2 0
53	EBUSY_RADIO_1 0
53	EBUSY_RADIO_2 0
53	TEST_NUMBER 1
53	SENT_TOTAL 0
53	RECEIVED_TOTAL 0
53	TIME_TOTAL 0
53	RECEIVED_RADIO_1 0
53	RECEIVED_RADIO_2 124
53	SENT_RADIO_1 124
53	SENT_RADIO_2 0
53	RADIO_TIME_1 19769
53	RADIO_TIME_2 19769
53	RETRANSMISSIONS_1 0
53	RETRANSMISSIONS_2 0
53	DROPPED_1 0
53	DROPPED_2 0
53	MAX_QUEUE 1
53	DUPLICATED_1 0
53	DUPLICATED_2 0
53	EBUSY_RADIO_1 0
53	EBUSY_RADIO_2 0
53	TEST_NUMBER 2
53	SENT_TOTAL 0
53	RECEIVED_TOTAL 0
53	TIME_TOTAL 0
53	RECEIVED_RADIO_1 0
53	RECEIVED_RADIO_2 125
53	SENT_RADIO_1 125
53	SENT_RADIO_2 0
53	RADIO_TIME_1 19760
53	RADIO_TIME_2 19761
53	RETRANSMISSIONS_1 0
53	RETRANSMISSIONS_2 0
53	DROPPED_1 0
53	DROPPED_2 0
53	MAX_QUEUE 1
53	DUPLICATED_1 0
53	DUPLICATED_2 0
53	EBUSY_RADIO_1 0
53	EBUSY_RADIO_2 0
53	TEST_NUMBER 3
53	SENT_TOTAL 0
53	RECEIVED_TOTAL 0
53	TIME_TOTAL 0
53	RECEIVED_RADIO_1 0
53	RECEIVED_RADIO_2 125
53	SENT_RADIO_1 125
53	SENT_RADIO_2 0
53	RADIO_TIME_1 19768
53	RADIO_TIME_2 19767
53	RETRANSMISSIONS_1 0
53	RETRANSMISSIONS_2 0
53	DROPPED_1 0
53	DROPPED_2 0
53	MAX_QUEUE 1
53	DUPLICATED_1 0
53	DUPLICATED_2 0
53	EBUSY_RADIO_1 0
53	EBUSY_RADIO_2 0
53	TEST_NUMBER 4
53	SENT_TOTAL 0
53	RECEIVED_TOTAL 0
53	TIME_TOTAL 0
53	RECEIVED_RADIO_1 0
53	RECEIVED_RADIO_2 124
53	SENT_RADIO_1 124
53	SENT_RADIO_2 0
53	RADIO_TIME_1 19767
53	RADIO_TIME_2 19767
53	RETRANSMISSIONS_1 0
53	RETRANSMISSIONS_2 0
53	DROPPED_1 0
53	DROPPED_2 0
53	MAX_QUEUE 1
53	DUPLICATED_1 0
53	DUPLICATED_2 0
53	EBUSY_RADIO_1 0
53	EBUSY_RADIO_2 0
53	TEST_NUMBER 5
53	SENT_TOTAL 0
53	RECEIVED_TOTAL 0
53	TIME_TOTAL 0
53	RECEIVED_RADIO_1 0
53	RECEIVED_RADIO_2 123
53	SENT_RADIO_1 123
53	SENT_RADIO_2 0
53	RADIO_TIME_1 19762
53	RADIO_TIME_2 19762
53	RETRANSMISSIONS_1 0
53	RETRANSMISSIONS_2 0
53	DROPPED_1 0
53	DROPPED_2 0
53	MAX_QUEUE 1
53	DUPLICATED_1 0
53	DUPLICATED_2 0
53	EBUSY_RADIO_1 0
53	EBUSY_RADIO_2 0
53	TEST_NUMBER 6
53	SENT_TOTAL 0
53	RECEIVED_TOTAL 0
53	TIME_TOTAL 0
53	RECEIVED_RADIO_1 0
53	RECEIVED_RADIO_2 115
53	SENT_RADIO_1 115
53	SENT_RADIO_2 0
53	RADIO_TIME_1 19761
53	RADIO_TIME_2 19760
53	RETRANSMISSIONS_1 0
53	RETRANSMISSIONS_2 0
53	DROPPED_1 0
53	DROPPED_2 0
53	MAX_QUEUE 1
53	DUPLICATED_1 0
53	DUPLICATED_2 0
53	EBUSY_RADIO_1 0
53	EBUSY_RADIO_2 0

54	RELAY_NODE 54
54	TEST_NUMBER 0
54	SENT_TOTAL 0
54	RECEIVED_TOTAL 0
54	TIME_TOTAL 0
54	RECEIVED_RADIO_1 93
54	RECEIVED_RADIO_2 98
54	SENT_RADIO_1 98
54	SENT_RADIO_2 93
54	RADIO_TIME_1 19768
54	RADIO_TIME_2 19768
54	RETRANSMISSIONS_1 0
54	RETRANSMISSIONS_2 0
54	DROPPED_1 0
54	DROPPED_2 0
54	MAX_QUEUE 1
54	DUPLICATED_1 0
54	DUPLICATED_2 0
54	EBUSY_RADIO_1 0
54	EBUSY_RADIO_2 0
54	TEST_NUMBER 1
54	SENT_TOTAL 0
54	RECEIVED_TOTAL 0
54	TIME_TOTAL 0
54	RECEIVED_RADIO_1 125
54	RECEIVED_RADIO_2 114
54	SENT_RADIO_1 114
54	SENT_RADIO_2 125
54	RADIO_TIME_1 19817
54	RADIO_TIME_2 19817
54	RETRANSMISSIONS_1 0
54	RETRANSMISSIONS_2 0
54	DROPPED_1 0
54	DROPPED_2 0
54	MAX_QUEUE 1
54	DUPLICATED_1 0
54	DUPLICATED_2 0
54	EBUSY_RADIO_1 0
54	EBUSY_RADIO_2 0
54	TEST_NUMBER 2
54	SENT_TOTAL 0
54	RECEIVED_TOTAL 0
54	TIME_TOTAL 0
54	RECEIVED_RADIO_1 125
54	RECEIVED_RADIO_2 107
54	SENT_RADIO_1 107
54	SENT_RADIO_2 125
54	RADIO_TIME_1 19808
54	RADIO_TIME_2 19808
54	RETRANSMISSIONS_1 0
54	RETRANSMISSIONS_2 0
54	DROPPED_1 0
54	DROPPED_2 0
54	MAX_QUEUE 1
54	DUPLICATED_1 0
54	DUPLICATED_2 0
54	EBUSY_RADIO_1 0
54	EBUSY_RADIO_2 0
54	TEST_NUMBER 3
54	SENT_TOTAL 0
54	RECEIVED_TOTAL 0
54	TIME_TOTAL 0
54	RECEIVED_RADIO_1 119
54	RECEIVED_RADIO_2 101
54	SENT_RADIO_1 101
54	SENT_RADIO_2 119
54	RADIO_TIME_1 19819
54	RADIO_TIME_2 19819
54	RETRANSMISSIONS_1 0
54	RETRANSMISSIONS_2 0
54	DROPPED_1 0
54	DROPPED_2 0
54	MAX_QUEUE 1
54	DUPLICATED_1 0
54	DUPLICATED_2 0
54	EBUSY_RADIO_1 0
54	EBUSY_RADIO_2 0
54	TEST_NUMBER 4
54	SENT_TOTAL 0
54	RECEIVED_TOTAL 0
54	TIME_TOTAL 0
54	RECEIVED_RADIO_1 120
54	RECEIVED_RADIO_2 101
54	SENT_RADIO_1 101
54	SENT_RADIO_2 120
54	RADIO_TIME_1 19817
54	RADIO_TIME_2 19817
54	RETRANSMISSIONS_1 0
54	RETRANSMISSIONS_2 0
54	DROPPED_1 0
54	DROPPED_2 0
54	MAX_QUEUE 1
54	DUPLICATED_1 0
54	DUPLICATED_2 0
54	EBUSY_RADIO_1 0
54	EBUSY_RADIO_2 0
54	TEST_NUMBER 5
54	SENT_TOTAL 0
54	RECEIVED_TOTAL 0
54	TIME_TOTAL 0
54	RECEIVED_RADIO_1 114
54	RECEIVED_RADIO_2 112
54	SENT_RADIO_1 112
54	SENT_RADIO_2 114
54	RADIO_TIME_1 19764
54	RADIO_TIME_2 19764
54	RETRANSMISSIONS_1 0
54	RETRANSMISSIONS_2 0
54	DROPPED_1 0
54	DROPPED_2 0
54	MAX_QUEUE 1
54	DUPLICATED_1 0
54	DUPLICATED_2 0
54	EBUSY_RADIO_1 0
54	EBUSY_RADIO_2 0
54	TEST_NUMBER 6
54	SENT_TOTAL 0
54	RECEIVED_TOTAL 0
54	TIME_TOTAL 0
54	RECEIVED_RADIO_1 114
54	RECEIVED_RADIO_2 105
54	SENT_RADIO_1 105
54	SENT_RADIO_2 114
54	RADIO_TIME_1 19811
54	RADIO_TIME_2 19811
54	RETRANSMISSIONS_1 0
54	RETRANSMISSIONS_2 0
54	DROPPED_1 0
54	DROPPED_2 0
54	MAX_QUEUE 1
54	DUPLICATED_1 0
54	DUPLICATED_2 0
54	EBUSY_RADIO_1 0
54	EBUSY_RADIO_2 0

55	RELAY_NODE 55
55	TEST_NUMBER 0
55	SENT_TOTAL 0
55	RECEIVED_TOTAL 0
55	TIME_TOTAL 0
55	RECEIVED_RADIO_1 98
55	RECEIVED_RADIO_2 94
55	SENT_RADIO_1 94
55	SENT_RADIO_2 98
55	RADIO_TIME_1 19768
55	RADIO_TIME_2 19768
55	RETRANSMISSIONS_1 0
55	RETRANSMISSIONS_2 0
55	DROPPED_1 0
55	DROPPED_2 0
55	MAX_QUEUE 1
55	DUPLICATED_1 0
55	DUPLICATED_2 0
55	EBUSY_RADIO_1 0
55	EBUSY_RADIO_2 0
55	TEST_NUMBER 1
55	SENT_TOTAL 0
55	RECEIVED_TOTAL 0
55	TIME_TOTAL 0
55	RECEIVED_RADIO_1 114
55	RECEIVED_RADIO_2 125
55	SENT_RADIO_1 125
55	SENT_RADIO_2 114
55	RADIO_TIME_1 19802
55	RADIO_TIME_2 19802
55	RETRANSMISSIONS_1 0
55	RETRANSMISSIONS_2 0
55	DROPPED_1 0
55	DROPPED_2 0
55	MAX_QUEUE 1
55	DUPLICATED_1 0
55	DUPLICATED_2 0
55	EBUSY_RADIO_1 0
55	EBUSY_RADIO_2 0
55	TEST_NUMBER 2
55	SENT_TOTAL 0
55	RECEIVED_TOTAL 0
55	TIME_TOTAL 0
55	RECEIVED_RADIO_1 107
55	RECEIVED_RADIO_2 125
55	SENT_RADIO_1 125
55	SENT_RADIO_2 107
55	RADIO_TIME_1 19794
55	RADIO_TIME_2 19794
55	RETRANSMISSIONS_1 0
55	RETRANSMISSIONS_2 0
55	DROPPED_1 0
55	DROPPED_2 0
55	MAX_QUEUE 1
55	DUPLICATED_1 0
55	DUPLICATED_2 0
55	EBUSY_RADIO_1 0
55	EBUSY_RADIO_2 0
55	TEST_NUMBER 3
55	SENT_TOTAL 0
55	RECEIVED_TOTAL 0
55	TIME_TOTAL 0
55	RECEIVED_RADIO_1 101
55	RECEIVED_RADIO_2 125
55	SENT_RADIO_1 125
55	SENT_RADIO_2 101
55	RADIO_TIME_1 19807
55	RADIO_TIME_2 19807
55	RETRANSMISSIONS_1 0
55	RETRANSMISSIONS_2 0
55	DROPPED_1 0
55	DROPPED_2 0
55	MAX_QUEUE 1
55	DUPLICATED_1 0
55	DUPLICATED_2 0
55	EBUSY_RADIO_1 0
55	EBUSY_RADIO_2 0
55	TEST_NUMBER 4
55	SENT_TOTAL 0
55	RECEIVED_TOTAL 0
55	TIME_TOTAL 0
55	RECEIVED_RADIO_1 101
55	RECEIVED_RADIO_2 125
55	SENT_RADIO_1 125
55	SENT_RADIO_2 101
55	RADIO_TIME_1 19800
55	RADIO_TIME_2 19800
55	RETRANSMISSIONS_1 0
55	RETRANSMISSIONS_2 0
55	DROPPED_1 0
55	DROPPED_2 0
55	MAX_QUEUE 1
55	DUPLICATED_1 0
55	DUPLICATED_2 0
55	EBUSY_RADIO_1 0
55	EBUSY_RADIO_2 0
55	TEST_NUMBER 5
55	SENT_TOTAL 0
55	RECEIVED_TOTAL 0
55	TIME_TOTAL 0
55	RECEIVED_RADIO_1 112
55	RECEIVED_RADIO_2 116
55	SENT_RADIO_1 116
55	SENT_RADIO_2 112
55	RADIO_TIME_1 19761
55	RADIO_TIME_2 19761
55	RETRANSMISSIONS_1 0
55	RETRANSMISSIONS_2 0
55	DROPPED_1 0
55	DROPPED_2 0
55	MAX_QUEUE 1
55	DUPLICATED_1 0
55	DUPLICATED_2 0
55	EBUSY_RADIO_1 0
55	EBUSY_RADIO_2 0
55	TEST_NUMBER 6
55	SENT_TOTAL 0
55	RECEIVED_TOTAL 0
55	TIME_TOTAL 0
55	RECEIVED_RADIO_1 105
55	RECEIVED_RADIO_2 114
55	SENT_RADIO_1 114
55	SENT_RADIO_2 105
55	RADIO_TIME_1 19795
55	RADIO_TIME_2 19795
55	RETRANSMISSIONS_1 0
55	RETRANSMISSIONS_2 0
55	DROPPED_1 0
55	DROPPED_2 0
55	MAX_QUEUE 1
55	DUPLICATED_1 0
55	DUPLICATED_2 0
55	EBUSY_RADIO_1 0
55	EBUSY_RADIO_2 0

57	DESTINATION_NODE 57
57	TEST_NUMBER 0
57	SENT_TOTAL 201
57	RECEIVED_TOTAL 201
57	TIME_TOTAL 19841
57	RECEIVED_RADIO_1 109
57	RECEIVED_RADIO_2 92
57	SENT_RADIO_1 101
57	SENT_RADIO_2 100
57	RADIO_TIME_1 19841
57	RADIO_TIME_2 19771
57	RETRANSMISSIONS_1 0
57	RETRANSMISSIONS_2 0
57	DROPPED_1 0
57	DROPPED_2 0
57	MAX_QUEUE 1
57	DUPLICATED_1 0
57	DUPLICATED_2 0
57	EBUSY_RADIO_1 0
57	EBUSY_RADIO_2 0
57	TEST_NUMBER 1
57	SENT_TOTAL 232
57	RECEIVED_TOTAL 232
57	TIME_TOTAL 19835
57	RECEIVED_RADIO_1 112
57	RECEIVED_RADIO_2 120
57	SENT_RADIO_1 116
57	SENT_RADIO_2 116
57	RADIO_TIME_1 19835
57	RADIO_TIME_2 19835
57	RETRANSMISSIONS_1 0
57	RETRANSMISSIONS_2 0
57	DROPPED_1 0
57	DROPPED_2 0
57	MAX_QUEUE 1
57	DUPLICATED_1 0
57	DUPLICATED_2 0
57	EBUSY_RADIO_1 0
57	EBUSY_RADIO_2 0
57	TEST_NUMBER 2
57	SENT_TOTAL 224
57	RECEIVED_TOTAL 224
57	TIME_TOTAL 19822
57	RECEIVED_RADIO_1 112
57	RECEIVED_RADIO_2 112
57	SENT_RADIO_1 112
57	SENT_RADIO_2 112
57	RADIO_TIME_1 19822
57	RADIO_TIME_2 19822
57	RETRANSMISSIONS_1 0
57	RETRANSMISSIONS_2 0
57	DROPPED_1 0
57	DROPPED_2 0
57	MAX_QUEUE 1
57	DUPLICATED_1 0
57	DUPLICATED_2 0
57	EBUSY_RADIO_1 0
57	EBUSY_RADIO_2 0
57	TEST_NUMBER 3
57	SENT_TOTAL 218
57	RECEIVED_TOTAL 218
57	TIME_TOTAL 19834
57	RECEIVED_RADIO_1 119
57	RECEIVED_RADIO_2 99
57	SENT_RADIO_1 109
57	SENT_RADIO_2 109
57	RADIO_TIME_1 19834
57	RADIO_TIME_2 19834
57	RETRANSMISSIONS_1 0
57	RETRANSMISSIONS_2 0
57	DROPPED_1 0
57	DROPPED_2 0
57	MAX_QUEUE 1
57	DUPLICATED_1 0
57	DUPLICATED_2 0
57	EBUSY_RADIO_1 0
57	EBUSY_RADIO_2 0
57	TEST_NUMBER 4
57	SENT_TOTAL 210
57	RECEIVED_TOTAL 210
57	TIME_TOTAL 19829
57	RECEIVED_RADIO_1 111
57	RECEIVED_RADIO_2 99
57	SENT_RADIO_1 105
57	SENT_RADIO_2 105
57	RADIO_TIME_1 19829
57	RADIO_TIME_2 19829
57	RETRANSMISSIONS_1 0
57	RETRANSMISSIONS_2 0
57	DROPPED_1 0
57	DROPPED_2 0
57	MAX_QUEUE 1
57	DUPLICATED_1 0
57	DUPLICATED_2 0
57	EBUSY_RADIO_1 0
57	EBUSY_RADIO_2 0
57	TEST_NUMBER 5
57	SENT_TOTAL 224
57	RECEIVED_TOTAL 224
57	TIME_TOTAL 19765
57	RECEIVED_RADIO_1 114
57	RECEIVED_RADIO_2 110
57	SENT_RADIO_1 112
57	SENT_RADIO_2 112
57	RADIO_TIME_1 19662
57	RADIO_TIME_2 19765
57	RETRANSMISSIONS_1 0
57	RETRANSMISSIONS_2 0
57	DROPPED_1 0
57	DROPPED_2 0
57	MAX_QUEUE 1
57	DUPLICATED_1 0
57	DUPLICATED_2 0
57	EBUSY_RADIO_1 0
57	EBUSY_RADIO_2 0
57	TEST_NUMBER 6
57	SENT_TOTAL 214
57	RECEIVED_TOTAL 214
57	TIME_TOTAL 19827
57	RECEIVED_RADIO_1 105
57	RECEIVED_RADIO_2 109
57	SENT_RADIO_1 107
57	SENT_RADIO_2 107
57	RADIO_TIME_1 19827
57	RADIO_TIME_2 19827
57	RETRANSMISSIONS_1 0
57	RETRANSMISSIONS_2 0
57	DROPPED_1 0
57	DROPPED_2 0
57	MAX_QUEUE 1
57	DUPLICATED_1 0
57	DUPLICATED_2 0
57	EBUSY_RADIO_1 0
57	EBUSY_RADIO_2 0

58	RELAY_NODE 58
58	TEST_NUMBER 0
58	SENT_TOTAL 0
58	RECEIVED_TOTAL 0
58	TIME_TOTAL 0
58	RECEIVED_RADIO_1 0
58	RECEIVED_RADIO_2 109
58	SENT_RADIO_1 109
58	SENT_RADIO_2 0
58	RADIO_TIME_1 19779
58	RADIO_TIME_2 19779
58	RETRANSMISSIONS_1 0
58	RETRANSMISSIONS_2 0
58	DROPPED_1 0
58	DROPPED_2 0
58	MAX_QUEUE 1
58	DUPLICATED_1 0
58	DUPLICATED_2 0
58	EBUSY_RADIO_1 0
58	EBUSY_RADIO_2 0
58	TEST_NUMBER 1
58	SENT_TOTAL 0
58	RECEIVED_TOTAL 0
58	TIME_TOTAL 0
58	RECEIVED_RADIO_1 0
58	RECEIVED_RADIO_2 112
58	SENT_RADIO_1 112
58	SENT_RADIO_2 0
58	RADIO_TIME_1 19769
58	RADIO_TIME_2 19769
58	RETRANSMISSIONS_1 0
58	RETRANSMISSIONS_2 0
58	DROPPED_1 0
58	DROPPED_2 0
58	MAX_QUEUE 1
58	DUPLICATED_1 0
58	DUPLICATED_2 0
58	EBUSY_RADIO_1 0
58	EBUSY_RADIO_2 0
58	TEST_NUMBER 2
58	SENT_TOTAL 0
58	RECEIVED_TOTAL 0
58	TIME_TOTAL 0
58	RECEIVED_RADIO_1 0
58	RECEIVED_RADIO_2 112
58	SENT_RADIO_1 112
58	SENT_RADIO_2 0
58	RADIO_TIME_1 19754
58	RADIO_TIME_2 19754
58	RETRANSMISSIONS_1 0
58	RETRANSMISSIONS_2 0
58	DROPPED_1 0
58	DROPPED_2 0
58	MAX_QUEUE 1
58	DUPLICATED_1 0
58	DUPLICATED_2 0
58	EBUSY_RADIO_1 0
58	EBUSY_RADIO_2 0
58	TEST_NUMBER 3
58	SENT_TOTAL 0
58	RECEIVED_TOTAL 0
58	TIME_TOTAL 0
58	RECEIVED_RADIO_1 0
58	RECEIVED_RADIO_2 119
58	SENT_RADIO_1 119
58	SENT_RADIO_2 0
58	RADIO_TIME_1 19771
58	RADIO_TIME_2 19771
58	RETRANSMISSIONS_1 0
58	RETRANSMISSIONS_2 0
58	DROPPED_1 0
58	DROPPED_2 0
58	MAX_QUEUE 1
58	DUPLICATED_1 0
58	DUPLICATED_2 0
58	EBUSY_RADIO_1 0
58	EBUSY_RADIO_2 0
58	TEST_NUMBER 4
58	SENT_TOTAL 0
58	RECEIVED_TOTAL 0
58	TIME_TOTAL 0
58	RECEIVED_RADIO_1 0
58	RECEIVED_RADIO_2 111
58	SENT_RADIO_1 111
58	SENT_RADIO_2 0
58	RADIO_TIME_1 19769
58	RADIO_TIME_2 19769
58	RETRANSMISSIONS_1 0
58	RETRANSMISSIONS_2 0
58	DROPPED_1 0
58	DROPPED_2 0
58	MAX_QUEUE 1
58	DUPLICATED_1 0
58	DUPLICATED_2 0
58	EBUSY_RADIO_1 0
58	EBUSY_RADIO_2 0
58	TEST_NUMBER 5
58	SENT_TOTAL 0
58	RECEIVED_TOTAL 0
58	TIME_TOTAL 0
58	RECEIVED_RADIO_1 0
58	RECEIVED_RADIO_2 114
58	SENT_RADIO_1 114
58	SENT_RADIO_2 0
58	RADIO_TIME_1 19599
58	RADIO_TIME_2 19599
58	RETRANSMISSIONS_1 0
58	RETRANSMISSIONS_2 0
58	DROPPED_1 0
58	DROPPED_2 0
58	MAX_QUEUE 1
58	DUPLICATED_1 0
58	DUPLICATED_2 0
58	EBUSY_RADIO_1 0
58	EBUSY_RADIO_2 0
58	TEST_NUMBER 6
58	SENT_TOTAL 0
58	RECEIVED_TOTAL 0
58	TIME_TOTAL 0
58	RECEIVED_RADIO_1 0
58	RECEIVED_RADIO_2 105
58	SENT_RADIO_1 105
58	SENT_RADIO_2 0
58	RADIO_TIME_1 19765
58	RADIO_TIME_2 19765
58	RETRANSMISSIONS_1 0
58	RETRANSMISSIONS_2 0
58	DROPPED_1 0
58	DROPPED_2 0
58	MAX_QUEUE 1
58	DUPLICATED_1 0
58	DUPLICATED_2 0
58	EBUSY_RADIO_1 0
58	EBUSY_RADIO_2 0
