
6	RELAY_NODE 6
6	TEST_NUMBER 0
6	SENT_TOTAL 0
6	RECEIVED_TOTAL 0
6	TIME_TOTAL 0
6	RECEIVED_RADIO_1 105
6	RECEIVED_RADIO_2 162
6	SENT_RADIO_1 162
6	SENT_RADIO_2 105
6	RADIO_TIME_1 16597
6	RADIO_TIME_2 16596
6	RETRANSMISSIONS_1 7
6	RETRANSMISSIONS_2 0
6	DROPPED_1 0
6	DROPPED_2 0
6	MAX_QUEUE 1
6	DUPLICATED_1 0
6	DUPLICATED_2 1
6	EBUSY_RADIO_1 0
6	EBUSY_RADIO_2 0
6	TEST_NUMBER 1
6	SENT_TOTAL 0
6	RECEIVED_TOTAL 0
6	TIME_TOTAL 0
6	RECEIVED_RADIO_1 125
6	RECEIVED_RADIO_2 192
6	SENT_RADIO_1 192
6	SENT_RADIO_2 125
6	RADIO_TIME_1 29745
6	RADIO_TIME_2 29745
6	RETRANSMISSIONS_1 5
6	RETRANSMISSIONS_2 0
6	DROPPED_1 0
6	DROPPED_2 0
6	MAX_QUEUE 1
6	DUPLICATED_1 0
6	DUPLICATED_2 4
6	EBUSY_RADIO_1 0
6	EBUSY_RADIO_2 0
6	TEST_NUMBER 2
6	SENT_TOTAL 0
6	RECEIVED_TOTAL 0
6	TIME_TOTAL 0
6	RECEIVED_RADIO_1 125
6	RECEIVED_RADIO_2 192
6	SENT_RADIO_1 192
6	SENT_RADIO_2 125
6	RADIO_TIME_1 29742
6	RADIO_TIME_2 29742
6	RETRANSMISSIONS_1 7
6	RETRANSMISSIONS_2 0
6	DROPPED_1 0
6	DROPPED_2 0
6	MAX_QUEUE 1
6	DUPLICATED_1 0
6	DUPLICATED_2 4
6	EBUSY_RADIO_1 0
6	EBUSY_RADIO_2 0
6	TEST_NUMBER 3
6	SENT_TOTAL 0
6	RECEIVED_TOTAL 0
6	TIME_TOTAL 0
6	RECEIVED_RADIO_1 125
6	RECEIVED_RADIO_2 192
6	SENT_RADIO_1 192
6	SENT_RADIO_2 125
6	RADIO_TIME_1 29737
6	RADIO_TIME_2 29737
6	RETRANSMISSIONS_1 5
6	RETRANSMISSIONS_2 0
6	DROPPED_1 0
6	DROPPED_2 0
6	MAX_QUEUE 1
6	DUPLICATED_1 0
6	DUPLICATED_2 2
6	EBUSY_RADIO_1 0
6	EBUSY_RADIO_2 0
6	TEST_NUMBER 4
6	SENT_TOTAL 0
6	RECEIVED_TOTAL 0
6	TIME_TOTAL 0
6	RECEIVED_RADIO_1 125
6	RECEIVED_RADIO_2 192
6	SENT_RADIO_1 192
6	SENT_RADIO_2 125
6	RADIO_TIME_1 29725
6	RADIO_TIME_2 29725
6	RETRANSMISSIONS_1 8
6	RETRANSMISSIONS_2 0
6	DROPPED_1 0
6	DROPPED_2 0
6	MAX_QUEUE 1
6	DUPLICATED_1 0
6	DUPLICATED_2 1
6	EBUSY_RADIO_1 0
6	EBUSY_RADIO_2 0
6	TEST_NUMBER 5
6	SENT_TOTAL 0
6	RECEIVED_TOTAL 0
6	TIME_TOTAL 0
6	RECEIVED_RADIO_1 125
6	RECEIVED_RADIO_2 192
6	SENT_RADIO_1 192
6	SENT_RADIO_2 125
6	RADIO_TIME_1 29804
6	RADIO_TIME_2 29804
6	RETRANSMISSIONS_1 10
6	RETRANSMISSIONS_2 0
6	DROPPED_1 0
6	DROPPED_2 0
6	MAX_QUEUE 1
6	DUPLICATED_1 0
6	DUPLICATED_2 1
6	EBUSY_RADIO_1 0
6	EBUSY_RADIO_2 0
6	TEST_NUMBER 6
6	SENT_TOTAL 0
6	RECEIVED_TOTAL 0
6	TIME_TOTAL 0
6	RECEIVED_RADIO_1 125
6	RECEIVED_RADIO_2 191
6	SENT_RADIO_1 191
6	SENT_RADIO_2 125
6	RADIO_TIME_1 29745
6	RADIO_TIME_2 29745
6	RETRANSMISSIONS_1 7
6	RETRANSMISSIONS_2 0
6	DROPPED_1 0
6	DROPPED_2 0
6	MAX_QUEUE 1
6	DUPLICATED_1 0
6	DUPLICATED_2 2
6	EBUSY_RADIO_1 0
6	EBUSY_RADIO_2 0

7	SOURCE_NODE 7
7	84 1
7	84 2
7	83 2
7	85 2
7	79 19
7	84 3
7	84 4
7	83 4
7	85 3
7	79 101
7	83 4
7	85 4
7	79 29
7	84 5
7	83 5
7	85 5
7	79 46
7	84 6
7	84 7
7	83 7
7	85 7
7	79 36
7	84 8
7	84 9
7	83 9
7	85 8
7	79 108
7	84 10
7	83 10
7	85 10
7	79 44
7	84 11
7	84 12
7	83 12
7	85 11
7	79 106
7	83 12
7	85 12
7	79 35
7	84 13
7	83 13
7	85 13
7	79 35
7	84 14
7	84 15
7	83 15
7	85 15
7	79 25
7	84 16
7	84 17
7	83 17
7	85 16
7	79 105
7	83 17
7	85 17
7	79 32
7	84 18
7	84 19
7	83 19
7	85 19
7	79 25
7	84 20
7	84 1
7	83 1
7	85 20
7	79 108
7	83 1
7	85 1
7	79 41
7	84 2
7	83 2
7	85 2
7	79 39
7	84 3
7	84 4
7	83 4
7	85 4
7	79 29
7	84 5
7	84 6
7	83 6
7	85 5
7	79 112
7	83 6
7	85 6
7	79 42
7	84 7
7	84 8
7	83 8
7	85 8
7	79 30
7	84 9
7	84 10
7	83 10
7	85 9
7	79 106
7	83 10
7	85 10
7	79 44
7	84 11
7	84 12
7	83 12
7	85 12
7	79 29
7	84 13
7	84 14
7	83 14
7	85 13
7	79 110
7	83 14
7	85 14
7	79 40
7	84 15
7	83 15
7	85 15
7	79 36
7	84 16
7	84 17
7	83 17
7	85 17
7	79 28
7	84 18
7	84 19
7	83 19
7	85 18
7	79 106
7	83 19
7	85 19
7	79 35
7	84 20
7	83 20
7	85 20
7	79 34
7	84 1
7	84 2
7	83 2
7	85 2
7	79 26
7	84 3
7	84 4
7	83 4
7	85 3
7	79 109
7	83 4
7	85 4
7	79 40
7	84 5
7	84 6
7	83 6
7	85 6
7	79 30
7	84 7
7	84 8
7	83 8
7	85 7
7	79 107
7	83 8
7	85 8
7	79 38
7	84 9
7	83 9
7	85 9
7	79 34
7	84 10
7	84 11
7	83 11
7	85 11
7	79 28
7	84 12
7	84 13
7	83 13
7	85 12
7	79 105
7	83 13
7	85 13
7	79 44
7	84 14
7	84 15
7	83 15
7	85 15
7	79 31
7	84 16
7	84 17
7	83 17
7	85 16
7	79 102
7	83 17
7	85 17
7	79 29
7	84 18
7	83 18
7	85 18
7	79 38
7	84 19
7	84 20
7	83 20
7	85 20
7	79 31
7	84 1
7	84 2
7	83 2
7	85 1
7	79 107
7	83 2
7	85 2
7	79 57
7	84 3
7	84 4
7	83 4
7	85 4
7	79 31
7	84 5
7	84 6
7	83 6
7	85 5
7	79 111
7	83 6
7	85 6
7	79 42
7	84 7
7	83 7
7	85 7
7	79 32
7	84 8
7	84 9
7	83 9
7	85 9
7	79 26
7	84 10
7	84 11
7	83 11
7	85 10
7	79 108
7	83 11
7	85 11
7	79 35
7	84 12
7	83 12
7	85 12
7	79 38
7	84 13
7	84 14
7	83 14
7	85 14
7	79 27
7	84 15
7	84 16
7	83 16
7	85 15
7	79 110
7	83 16
7	85 16
7	79 37
7	84 17
7	83 17
7	85 17
7	79 36
7	84 18
7	84 19
7	83 19
7	85 19
7	79 24
7	84 20
7	84 1
7	83 1
7	85 20
7	79 103
7	83 1
7	85 1
7	79 36
7	84 2
7	83 2
7	85 2
7	79 44
7	84 3
7	84 4
7	83 4
7	85 4
7	79 26
7	84 5
7	84 6
7	83 6
7	85 5
7	79 109
7	83 6
7	85 6
7	79 39
7	84 7
7	83 7
7	85 7
7	79 37
7	84 8
7	84 9
7	83 9
7	85 9
7	79 29
7	84 10
7	84 11
7	83 11
7	85 10
7	79 110
7	84 12
7	83 12
7	85 12
7	79 25
7	84 13
7	84 14
7	83 14
7	85 13
7	79 115
7	83 14
7	85 14
7	79 42
7	84 15
7	84 16
7	83 16
7	85 16
7	79 26
7	84 17
7	84 18
7	83 18
7	85 17
7	79 104
7	83 18
7	85 18
7	79 34
7	84 19
7	84 20
7	83 20
7	85 20
7	79 24
7	84 1
7	84 2
7	83 2
7	85 1
7	79 111
7	83 2
7	85 2
7	79 38
7	84 3
7	84 4
7	83 4
7	85 4
7	79 29
7	84 5
7	84 6
7	83 6
7	85 5
7	79 110
7	84 7
7	83 7
7	85 7
7	79 31
7	84 8
7	84 9
7	83 9
7	85 8
7	79 105
7	83 9
7	85 9
7	79 41
7	84 10
7	84 11
7	83 11
7	85 11
7	79 26
7	84 12
7	84 13
7	83 13
7	85 12
7	79 105
7	83 13
7	85 13
7	79 43
7	84 14
7	83 14
7	85 14
7	79 38
7	84 15
7	84 16
7	83 16
7	85 16
7	79 31
7	84 17
7	84 18
7	83 18
7	85 17
7	79 113
7	83 18
7	85 18
7	79 42
7	84 19
7	83 19
7	85 19
7	79 33
7	84 20
7	84 1
7	83 1
7	85 1
7	79 27
7	84 2
7	84 3
7	83 3
7	85 2
7	79 112
7	83 3
7	85 3
7	79 42
7	84 4
7	84 5
7	83 5
7	85 5
7	79 29
7	84 6
7	84 7
7	83 7
7	85 6
7	79 103
7	83 7
7	85 7
7	79 33
7	84 8
7	83 8
7	85 8
7	79 36
7	84 9
7	84 10
7	83 10
7	85 10
7	79 30
7	84 11
7	84 12
7	83 12
7	85 11
7	79 107
7	83 12
7	85 12
7	79 36
7	84 13
7	83 13
7	85 13
7	79 32
7	84 14
7	84 15
7	83 15
7	85 15
7	79 28
7	84 16
7	84 17
7	83 17
7	85 16
7	79 104
7	83 17
7	85 17
7	79 30
7	84 18
7	83 18
7	85 18
7	79 35
7	84 19
7	84 20
7	83 20
7	85 20
7	79 26
7	84 1
7	84 2
7	83 2
7	85 1
7	79 107
7	83 2
7	85 2
7	79 37
7	84 3
7	83 3
7	85 3
7	79 36
7	84 4
7	84 5
7	83 5
7	85 5
7	79 31
7	84 6
7	84 7
7	83 7
7	85 6
7	79 104
7	83 7
7	85 7
7	79 32
7	84 8
7	83 8
7	85 8
7	79 41
7	84 9
7	84 10
7	83 10
7	85 10
7	79 25
7	84 11
7	84 12
7	83 12
7	85 11
7	79 104
7	83 12
7	85 12
7	79 32
7	84 13
7	83 13
7	85 13
7	79 50
7	84 14
7	84 15
7	83 15
7	85 15
7	79 31
7	84 16
7	84 17
7	83 17
7	85 16
7	79 104
7	83 17
7	85 17
7	79 32
7	84 18
7	83 18
7	85 18
7	79 36
7	84 19
7	84 20
7	83 20
7	85 20
7	79 26
7	84 1
7	84 2
7	83 2
7	85 1
7	79 106
7	83 2
7	85 2
7	79 34
7	84 3
7	83 3
7	85 3
7	79 32
7	84 4
7	84 5
7	83 5
7	85 5
7	79 28
7	84 6
7	84 7
7	83 7
7	85 6
7	79 108
7	83 7
7	85 7
7	79 34
7	84 8
7	84 9
7	83 9
7	85 9
7	79 32
7	84 10
7	84 11
7	83 11
7	85 10
7	79 113
7	83 11
7	85 11
7	79 41
7	84 12
7	83 12
7	85 12
7	79 39
7	84 13
7	84 14
7	83 14
7	85 14
7	79 22
7	84 15
7	84 16
7	83 16
7	85 15
7	79 115
7	83 16
7	85 16
7	79 53
7	84 17
7	84 18
7	83 18
7	85 18
7	79 29
7	84 19
7	84 20
7	83 20
7	85 19
7	79 105
7	83 20
7	85 20
7	79 34
7	84 1
7	83 1
7	85 1
7	79 36
7	84 2
7	84 3
7	83 3
7	85 3
7	79 26
7	84 4
7	84 5
7	83 5
7	85 4
7	79 110
7	83 5
7	85 5
7	79 39
7	84 6
7	84 7
7	83 7
7	85 7
7	79 27
7	84 8
7	84 9
7	83 9
7	85 8
7	79 109
7	83 9
7	85 9
7	79 42
7	84 10
7	84 11
7	83 11
7	85 11
7	79 25
7	84 12
7	84 13
7	83 13
7	85 12
7	79 110
7	83 13
7	85 13
7	79 45
7	84 14
7	84 15
7	83 15
7	85 15
7	79 27
7	84 16
7	84 17
7	83 17
7	85 16
7	79 109
7	83 17
7	85 17
7	79 37
7	84 18
7	84 19
7	83 19
7	85 19
7	79 28
7	84 20
7	84 1
7	83 1
7	85 20
7	79 109
7	83 1
7	85 1
7	79 45
7	84 2
7	84 3
7	83 3
7	85 3
7	79 33
7	84 4
7	84 5
7	83 5
7	85 4
7	79 109
7	83 5
7	85 5
7	79 46
7	84 6
7	84 7
7	83 7
7	85 7
7	79 24
7	84 8
7	84 9
7	83 9
7	85 8
7	79 106
7	83 9
7	85 9
7	79 35
7	84 10
7	84 11
7	83 11
7	85 11
7	79 25
7	84 12
7	84 13
7	83 13
7	85 12
7	79 109
7	84 14
7	83 14
7	85 14
7	79 31
7	84 15
7	84 16
7	83 16
7	85 15
7	79 113
7	83 16
7	85 16
7	79 41
7	84 17
7	84 18
7	83 18
7	85 18
7	79 28
7	84 19
7	84 20
7	83 20
7	85 19
7	79 105
7	83 20
7	85 20
7	79 34
7	84 1
7	83 1
7	85 1
7	79 35
7	84 2
7	84 3
7	83 3
7	85 3
7	79 31
7	84 4
7	84 5
7	83 5
7	85 4
7	79 106
7	83 5
7	85 5
7	79 33
7	84 6
7	83 6
7	85 6
7	79 32
7	84 7
7	84 8
7	83 8
7	85 8
7	79 26
7	84 9
7	84 10
7	83 10
7	85 9
7	79 103
7	83 10
7	85 10
7	79 37
7	84 11
7	83 11
7	85 11
7	79 33
7	84 12
7	84 13
7	83 13
7	85 13
7	79 26
7	84 14
7	84 15
7	83 15
7	85 14
7	79 107
7	83 15
7	85 15
7	79 35
7	84 16
7	84 17
7	83 17
7	85 17
7	79 32
7	84 18
7	84 19
7	83 19
7	85 18
7	79 108
7	83 19
7	85 19
7	79 37
7	84 20
7	84 1
7	83 1
7	85 1
7	79 30
7	84 2
7	84 3
7	83 3
7	85 2
7	79 104
7	83 3
7	85 3
7	79 37
7	84 4
7	83 4
7	85 4
7	79 35
7	84 5
7	84 6
7	83 6
7	85 6
7	79 27
7	84 7
7	84 8
7	83 8
7	85 7
7	79 109
7	83 8
7	85 8
7	79 35
7	84 9
7	84 10
7	TEST_NUMBER 0
7	SENT_TOTAL 250
7	RECEIVED_TOTAL 192
7	TIME_TOTAL 19620
7	RECEIVED_RADIO_1 192
7	RECEIVED_RADIO_2 0
7	SENT_RADIO_1 125
7	SENT_RADIO_2 124
7	RADIO_TIME_1 19763
7	RADIO_TIME_2 19763
7	RETRANSMISSIONS_1 0
7	RETRANSMISSIONS_2 0
7	DROPPED_1 0
7	DROPPED_2 0
7	MAX_QUEUE 1
7	DUPLICATED_1 7
7	DUPLICATED_2 0
7	EBUSY_RADIO_1 0
7	EBUSY_RADIO_2 0
7	83 0
7	85 10
7	86 0
7	84 1
7	84 2
7	83 2
7	85 1
7	79 108
7	83 2
7	85 2
7	79 36
7	84 3
7	83 3
7	85 3
7	79 34
7	84 4
7	84 5
7	83 5
7	85 5
7	79 31
7	84 6
7	84 7
7	83 7
7	85 6
7	79 106
7	83 7
7	85 7
7	79 41
7	84 8
7	84 9
7	83 9
7	85 9
7	79 26
7	84 10
7	84 11
7	83 11
7	85 10
7	79 105
7	83 11
7	85 11
7	79 38
7	84 12
7	83 12
7	85 12
7	79 37
7	84 13
7	84 14
7	83 14
7	85 14
7	79 29
7	84 15
7	84 16
7	83 16
7	85 15
7	79 109
7	84 17
7	84 18
7	83 18
7	85 17
7	79 104
7	83 18
7	85 18
7	79 33
7	84 19
7	83 19
7	85 19
7	79 40
7	84 20
7	84 1
7	83 1
7	85 1
7	79 31
7	84 2
7	84 3
7	83 3
7	85 2
7	79 108
7	83 3
7	85 3
7	79 36
7	84 4
7	83 4
7	85 4
7	79 38
7	84 5
7	84 6
7	83 6
7	85 6
7	79 25
7	84 7
7	84 8
7	83 8
7	85 7
7	79 114
7	83 8
7	85 8
7	79 52
7	84 9
7	84 10
7	83 10
7	85 10
7	79 27
7	84 11
7	84 12
7	83 12
7	85 11
7	79 106
7	83 12
7	85 12
7	79 43
7	84 13
7	84 14
7	83 14
7	85 14
7	79 29
7	84 15
7	84 16
7	83 16
7	85 15
7	79 110
7	83 16
7	85 16
7	79 41
7	84 17
7	83 17
7	85 17
7	79 37
7	84 18
7	84 19
7	83 19
7	85 19
7	79 24
7	84 20
7	84 1
7	83 1
7	85 20
7	79 109
7	83 1
7	85 1
7	79 38
7	84 2
7	83 2
7	85 2
7	79 39
7	84 3
7	84 4
7	83 4
7	85 4
7	79 27
7	84 5
7	84 6
7	83 6
7	85 5
7	79 115
7	83 6
7	85 6
7	79 42
7	84 7
7	84 8
7	83 8
7	85 8
7	79 28
7	84 9
7	84 10
7	83 10
7	85 9
7	79 105
7	83 10
7	85 10
7	79 31
7	84 11
7	83 11
7	85 11
7	79 36
7	84 12
7	84 13
7	83 13
7	85 13
7	79 29
7	84 14
7	84 15
7	83 15
7	85 14
7	79 110
7	83 15
7	85 15
7	79 38
7	84 16
7	83 16
7	85 16
7	79 35
7	84 17
7	84 18
7	83 18
7	85 18
7	79 29
7	84 19
7	84 20
7	83 20
7	85 19
7	79 109
7	84 1
7	83 1
7	85 1
7	79 26
7	84 2
7	84 3
7	83 3
7	85 2
7	79 108
7	83 3
7	85 3
7	79 36
7	84 4
7	84 5
7	83 5
7	85 5
7	79 24
7	84 6
7	84 7
7	83 7
7	85 6
7	79 106
7	83 7
7	85 7
7	79 33
7	84 8
7	84 9
7	83 9
7	85 9
7	79 25
7	84 10
7	84 11
7	83 11
7	85 10
7	79 104
7	83 11
7	85 11
7	79 38
7	84 12
7	84 13
7	83 13
7	85 13
7	79 25
7	84 14
7	84 15
7	83 15
7	85 14
7	79 111
7	84 16
7	83 16
7	85 16
7	79 27
7	84 17
7	84 18
7	83 18
7	85 17
7	79 107
7	83 18
7	85 18
7	79 34
7	84 19
7	83 19
7	85 19
7	79 39
7	84 20
7	84 1
7	83 1
7	85 1
7	79 35
7	84 2
7	84 3
7	83 3
7	85 2
7	79 105
7	83 3
7	85 3
7	79 34
7	84 4
7	84 5
7	83 5
7	85 5
7	79 28
7	84 6
7	84 7
7	83 7
7	85 6
7	79 107
7	84 8
7	83 8
7	85 8
7	79 31
7	84 9
7	84 10
7	83 10
7	85 9
7	79 104
7	83 10
7	85 10
7	79 31
7	84 11
7	83 11
7	85 11
7	79 43
7	84 12
7	84 13
7	83 13
7	85 13
7	79 27
7	84 14
7	84 15
7	83 15
7	85 14
7	79 109
7	83 15
7	85 15
7	79 47
7	84 16
7	84 17
7	83 17
7	85 17
7	79 29
7	84 18
7	84 19
7	83 19
7	85 18
7	79 107
7	83 19
7	85 19
7	79 41
7	84 20
7	83 20
7	85 20
7	79 43
7	84 1
7	84 2
7	83 2
7	85 2
7	79 30
7	84 3
7	84 4
7	83 4
7	85 3
7	79 110
7	84 5
7	84 6
7	83 6
7	85 4
7	79 188
7	83 6
7	85 6
7	79 41
7	84 7
7	84 8
7	83 8
7	85 7
7	79 119
7	84 9
7	83 9
7	85 9
7	79 26
7	84 10
7	84 11
7	83 11
7	85 10
7	79 111
7	83 11
7	85 11
7	79 41
7	84 12
7	84 13
7	83 13
7	85 13
7	79 29
7	84 14
7	84 15
7	83 15
7	85 14
7	79 109
7	83 15
7	85 15
7	79 45
7	84 16
7	84 17
7	83 17
7	85 17
7	79 29
7	84 18
7	84 19
7	83 19
7	85 18
7	79 104
7	83 19
7	85 19
7	79 33
7	84 20
7	84 1
7	83 1
7	85 1
7	79 26
7	84 2
7	84 3
7	83 3
7	85 2
7	79 112
7	83 3
7	85 3
7	79 41
7	84 4
7	84 5
7	83 5
7	85 5
7	79 26
7	84 6
7	84 7
7	83 7
7	85 6
7	79 107
7	83 7
7	85 7
7	79 35
7	84 8
7	84 9
7	83 9
7	85 9
7	79 27
7	84 10
7	84 11
7	83 11
7	85 10
7	79 111
7	83 11
7	85 11
7	79 38
7	84 12
7	83 12
7	85 12
7	79 39
7	84 13
7	84 14
7	83 14
7	85 14
7	79 25
7	84 15
7	84 16
7	83 16
7	85 15
7	79 105
7	83 16
7	85 16
7	79 35
7	84 17
7	83 17
7	85 17
7	79 32
7	84 18
7	84 19
7	83 19
7	85 19
7	79 27
7	84 20
7	84 1
7	83 1
7	85 20
7	79 111
7	83 1
7	85 1
7	79 39
7	84 2
7	84 3
7	83 3
7	85 3
7	79 29
7	84 4
7	84 5
7	83 5
7	85 4
7	79 108
7	83 5
7	85 5
7	79 48
7	84 6
7	84 7
7	83 7
7	85 7
7	79 30
7	84 8
7	84 9
7	83 9
7	85 8
7	79 109
7	83 9
7	85 9
7	79 36
7	84 10
7	84 11
7	83 11
7	85 11
7	79 32
7	84 12
7	84 13
7	83 13
7	85 12
7	79 107
7	83 13
7	85 13
7	79 35
7	84 14
7	83 14
7	85 14
7	79 38
7	84 15
7	84 16
7	83 16
7	85 16
7	79 26
7	84 17
7	84 18
7	83 18
7	85 17
7	79 110
7	83 18
7	85 18
7	79 36
7	84 19
7	84 20
7	83 20
7	85 20
7	79 30
7	84 1
7	84 2
7	83 2
7	85 1
7	79 104
7	83 2
7	85 2
7	79 37
7	84 3
7	84 4
7	83 4
7	85 4
7	79 26
7	84 5
7	84 6
7	83 6
7	85 5
7	79 112
7	83 6
7	85 6
7	79 40
7	84 7
7	83 7
7	85 7
7	79 35
7	84 8
7	84 9
7	83 9
7	85 9
7	79 27
7	84 10
7	84 11
7	83 11
7	85 10
7	79 105
7	83 11
7	85 11
7	79 36
7	84 12
7	83 12
7	85 12
7	79 41
7	84 13
7	84 14
7	83 14
7	85 14
7	79 22
7	84 15
7	84 16
7	83 16
7	85 15
7	79 105
7	83 16
7	85 16
7	79 34
7	84 17
7	83 17
7	85 17
7	79 36
7	84 18
7	84 19
7	83 19
7	85 19
7	79 28
7	84 20
7	84 1
7	83 1
7	85 20
7	79 107
7	83 1
7	85 1
7	79 33
7	84 2
7	83 2
7	85 2
7	79 37
7	84 3
7	84 4
7	83 4
7	85 4
7	79 27
7	84 5
7	84 6
7	83 6
7	85 5
7	79 100
7	83 6
7	85 6
7	79 29
7	84 7
7	83 7
7	85 7
7	79 43
7	84 8
7	84 9
7	83 9
7	85 9
7	79 30
7	84 10
7	84 11
7	83 11
7	85 10
7	79 105
7	83 11
7	85 11
7	79 47
7	84 12
7	84 13
7	83 13
7	85 13
7	79 27
7	84 14
7	84 15
7	83 15
7	85 14
7	79 109
7	83 15
7	85 15
7	79 36
7	84 16
7	84 17
7	83 17
7	85 17
7	79 27
7	84 18
7	84 19
7	83 19
7	85 18
7	79 110
7	83 19
7	85 19
7	79 39
7	84 20
7	83 20
7	85 20
7	79 41
7	84 1
7	84 2
7	83 2
7	85 2
7	79 26
7	84 3
7	84 4
7	83 4
7	85 3
7	79 106
7	83 4
7	85 4
7	79 32
7	84 5
7	83 5
7	85 5
7	79 35
7	84 6
7	84 7
7	83 7
7	85 7
7	79 29
7	84 8
7	84 9
7	83 9
7	85 8
7	79 109
7	83 9
7	85 9
7	79 34
7	84 10
7	84 11
7	83 11
7	85 11
7	79 35
7	84 12
7	84 13
7	83 13
7	85 12
7	79 106
7	83 13
7	85 13
7	79 33
7	84 14
7	84 15
7	83 15
7	85 15
7	79 35
7	84 16
7	84 17
7	83 17
7	85 16
7	79 109
7	83 17
7	85 17
7	79 35
7	84 18
7	83 18
7	85 18
7	79 39
7	84 19
7	84 20
7	83 20
7	85 20
7	79 29
7	84 1
7	84 2
7	83 2
7	85 1
7	79 113
7	84 3
7	84 4
7	83 4
7	85 3
7	79 102
7	83 4
7	85 4
7	79 28
7	84 5
7	83 5
7	85 5
7	79 44
7	84 6
7	84 7
7	83 7
7	85 7
7	79 33
7	84 8
7	84 9
7	83 9
7	85 8
7	79 110
7	83 9
7	85 9
7	79 46
7	84 10
7	84 11
7	83 11
7	85 11
7	79 28
7	84 12
7	84 13
7	83 13
7	85 12
7	79 107
7	83 13
7	85 13
7	79 35
7	84 14
7	84 15
7	83 15
7	85 15
7	79 29
7	84 16
7	84 17
7	83 17
7	85 16
7	79 112
7	83 17
7	85 17
7	79 42
7	84 18
7	84 19
7	83 19
7	85 19
7	79 25
7	84 20
7	84 1
7	83 1
7	85 20
7	79 112
7	83 1
7	85 1
7	79 49
7	84 2
7	84 3
7	83 3
7	85 3
7	79 31
7	84 4
7	84 5
7	83 5
7	85 4
7	79 106
7	83 5
7	85 5
7	79 33
7	84 6
7	83 6
7	85 6
7	79 40
7	84 7
7	84 8
7	83 8
7	85 8
7	79 34
7	84 9
7	84 10
7	TEST_NUMBER 1
7	SENT_TOTAL 250
7	RECEIVED_TOTAL 190
7	TIME_TOTAL 29735
7	RECEIVED_RADIO_1 191
7	RECEIVED_RADIO_2 0
7	SENT_RADIO_1 125
7	SENT_RADIO_2 125
7	RADIO_TIME_1 29781
7	RADIO_TIME_2 19763
7	RETRANSMISSIONS_1 0
7	RETRANSMISSIONS_2 0
7	DROPPED_1 0
7	DROPPED_2 0
7	MAX_QUEUE 1
7	DUPLICATED_1 6
7	DUPLICATED_2 0
7	EBUSY_RADIO_1 0
7	EBUSY_RADIO_2 0
7	83 0
7	85 9
7	86 1
7	83 0
7	85 10
7	86 1
7	84 1
7	84 2
7	83 2
7	85 2
7	79 24
7	84 3
7	84 4
7	83 4
7	85 3
7	79 110
7	83 4
7	85 4
7	79 41
7	84 5
7	83 5
7	85 5
7	79 40
7	84 6
7	84 7
7	83 7
7	85 7
7	79 33
7	84 8
7	84 9
7	83 9
7	85 8
7	79 106
7	84 10
7	83 10
7	85 10
7	79 28
7	84 11
7	84 12
7	83 12
7	85 11
7	79 109
7	84 13
7	84 14
7	83 14
7	85 13
7	79 108
7	83 14
7	85 14
7	79 40
7	84 15
7	83 15
7	85 15
7	79 39
7	84 16
7	84 17
7	83 17
7	85 17
7	79 27
7	84 18
7	84 19
7	83 19
7	85 18
7	79 106
7	83 19
7	85 19
7	79 37
7	84 20
7	84 1
7	83 1
7	85 1
7	79 26
7	84 2
7	84 3
7	83 3
7	85 2
7	79 108
7	83 3
7	85 3
7	79 37
7	84 4
7	84 5
7	83 5
7	85 5
7	79 28
7	84 6
7	84 7
7	83 7
7	85 6
7	79 109
7	83 7
7	85 7
7	79 37
7	84 8
7	84 9
7	83 9
7	85 9
7	79 31
7	84 10
7	84 11
7	83 11
7	85 10
7	79 110
7	83 11
7	85 11
7	79 37
7	84 12
7	84 13
7	83 13
7	85 13
7	79 22
7	84 14
7	84 15
7	83 15
7	85 14
7	79 109
7	83 15
7	85 15
7	79 38
7	84 16
7	83 16
7	85 16
7	79 36
7	84 17
7	84 18
7	83 18
7	85 18
7	79 25
7	84 19
7	84 20
7	83 20
7	85 19
7	79 115
7	83 20
7	85 20
7	79 48
7	84 1
7	84 2
7	83 2
7	85 2
7	79 22
7	84 3
7	84 4
7	83 4
7	85 3
7	79 106
7	83 4
7	85 4
7	79 45
7	84 5
7	84 6
7	83 6
7	85 6
7	79 24
7	84 7
7	84 8
7	83 8
7	85 7
7	79 111
7	83 8
7	85 8
7	79 45
7	84 9
7	84 10
7	83 10
7	85 10
7	79 25
7	84 11
7	84 12
7	83 12
7	85 11
7	79 113
7	84 13
7	84 14
7	83 14
7	85 13
7	79 111
7	83 14
7	85 14
7	79 38
7	84 15
7	83 15
7	85 15
7	79 33
7	84 16
7	84 17
7	83 17
7	85 17
7	79 29
7	84 18
7	84 19
7	83 19
7	85 18
7	79 103
7	83 19
7	85 19
7	79 35
7	84 20
7	83 20
7	85 20
7	79 41
7	84 1
7	84 2
7	83 2
7	85 2
7	79 22
7	84 3
7	84 4
7	83 4
7	85 3
7	79 110
7	83 4
7	85 4
7	79 40
7	84 5
7	83 5
7	85 5
7	79 39
7	84 6
7	84 7
7	83 7
7	85 7
7	79 28
7	84 8
7	84 9
7	83 9
7	85 8
7	79 112
7	83 9
7	85 9
7	79 51
7	84 10
7	83 10
7	85 10
7	79 35
7	84 11
7	84 12
7	83 12
7	85 12
7	79 25
7	84 13
7	84 14
7	83 14
7	85 13
7	79 112
7	83 14
7	85 14
7	79 39
7	84 15
7	84 16
7	83 16
7	85 16
7	79 27
7	84 17
7	84 18
7	83 18
7	85 17
7	79 109
7	83 18
7	85 18
7	79 37
7	84 19
7	83 19
7	85 19
7	79 33
7	84 20
7	84 1
7	83 1
7	85 1
7	79 30
7	84 2
7	84 3
7	83 3
7	85 2
7	79 105
7	83 3
7	85 3
7	79 36
7	84 4
7	84 5
7	83 5
7	85 5
7	79 32
7	84 6
7	84 7
7	83 7
7	85 6
7	79 105
7	83 7
7	85 7
7	79 36
7	84 8
7	84 9
7	83 9
7	85 9
7	79 27
7	84 10
7	84 11
7	83 11
7	85 10
7	79 103
7	83 11
7	85 11
7	79 32
7	84 12
7	83 12
7	85 12
7	79 35
7	84 13
7	84 14
7	83 14
7	85 14
7	79 25
7	84 15
7	84 16
7	83 16
7	85 15
7	79 116
7	83 16
7	85 16
7	79 44
7	84 17
7	84 18
7	83 18
7	85 18
7	79 26
7	84 19
7	84 20
7	83 20
7	85 19
7	79 113
7	83 20
7	85 20
7	79 40
7	84 1
7	84 2
7	83 2
7	85 2
7	79 27
7	84 3
7	84 4
7	83 4
7	85 3
7	79 107
7	83 4
7	85 4
7	79 36
7	84 5
7	83 5
7	85 5
7	79 31
7	84 6
7	84 7
7	83 7
7	85 7
7	79 26
7	84 8
7	84 9
7	83 9
7	85 8
7	79 105
7	83 9
7	85 9
7	79 35
7	84 10
7	83 10
7	85 10
7	79 34
7	84 11
7	84 12
7	83 12
7	85 12
7	79 28
7	84 13
7	84 14
7	83 14
7	85 13
7	79 106
7	83 14
7	85 14
7	79 53
7	84 15
7	84 16
7	83 16
7	85 16
7	79 25
7	84 17
7	84 18
7	83 18
7	85 17
7	79 111
7	83 18
7	85 18
7	79 39
7	84 19
7	83 19
7	85 19
7	79 34
7	84 20
7	84 1
7	83 1
7	85 1
7	79 29
7	84 2
7	84 3
7	83 3
7	85 2
7	79 109
7	83 3
7	85 3
7	79 44
7	84 4
7	83 4
7	85 4
7	79 32
7	84 5
7	84 6
7	83 6
7	85 6
7	79 26
7	84 7
7	84 8
7	83 8
7	85 7
7	79 111
7	83 8
7	85 8
7	79 41
7	84 9
7	84 10
7	83 10
7	85 10
7	79 28
7	84 11
7	84 12
7	83 12
7	85 11
7	79 110
7	83 12
7	85 12
7	79 37
7	84 13
7	83 13
7	85 13
7	79 35
7	84 14
7	84 15
7	83 15
7	85 15
7	79 23
7	84 16
7	84 17
7	83 17
7	85 16
7	79 105
7	83 17
7	85 17
7	79 36
7	84 18
7	83 18
7	85 18
7	79 42
7	84 19
7	84 20
7	83 20
7	85 20
7	79 23
7	84 1
7	84 2
7	83 2
7	85 1
7	79 108
7	83 2
7	85 2
7	79 36
7	84 3
7	83 3
7	85 3
7	79 40
7	84 4
7	84 5
7	83 5
7	85 5
7	79 30
7	84 6
7	84 7
7	83 7
7	85 6
7	79 106
7	83 7
7	85 7
7	79 38
7	84 8
7	84 9
7	83 9
7	85 9
7	79 35
7	84 10
7	84 11
7	83 11
7	85 10
7	79 107
7	83 11
7	85 11
7	79 35
7	84 12
7	83 12
7	85 12
7	79 37
7	84 13
7	84 14
7	83 14
7	85 14
7	79 33
7	84 15
7	84 16
7	83 16
7	85 15
7	79 108
7	83 16
7	85 16
7	79 38
7	84 17
7	83 17
7	85 17
7	79 37
7	84 18
7	84 19
7	83 19
7	85 19
7	79 31
7	84 20
7	84 1
7	83 1
7	85 20
7	79 108
7	83 1
7	85 1
7	79 36
7	84 2
7	83 2
7	85 2
7	79 38
7	84 3
7	84 4
7	83 4
7	85 4
7	79 23
7	84 5
7	84 6
7	83 6
7	85 5
7	79 106
7	83 6
7	85 6
7	79 36
7	84 7
7	83 7
7	85 7
7	79 35
7	84 8
7	84 9
7	83 9
7	85 9
7	79 27
7	84 10
7	84 11
7	83 11
7	85 10
7	79 107
7	83 11
7	85 11
7	79 35
7	84 12
7	84 13
7	83 13
7	85 13
7	79 25
7	84 14
7	84 15
7	83 15
7	85 14
7	79 104
7	83 15
7	85 15
7	79 35
7	84 16
7	83 16
7	85 16
7	79 37
7	84 17
7	84 18
7	83 18
7	85 18
7	79 26
7	84 19
7	84 20
7	83 20
7	85 19
7	79 110
7	83 20
7	85 20
7	79 39
7	84 1
7	84 2
7	83 2
7	85 2
7	79 24
7	84 3
7	84 4
7	83 4
7	85 3
7	79 111
7	83 4
7	85 4
7	79 45
7	84 5
7	84 6
7	83 6
7	85 6
7	79 23
7	84 7
7	84 8
7	83 8
7	85 7
7	79 104
7	83 8
7	85 8
7	79 34
7	84 9
7	83 9
7	85 9
7	79 42
7	84 10
7	84 11
7	83 11
7	85 11
7	79 28
7	84 12
7	84 13
7	83 13
7	85 12
7	79 106
7	83 13
7	85 13
7	79 42
7	84 14
7	84 15
7	83 15
7	85 15
7	79 25
7	84 16
7	84 17
7	83 17
7	85 16
7	79 110
7	83 17
7	85 17
7	79 36
7	84 18
7	84 19
7	83 19
7	85 19
7	79 31
7	84 20
7	84 1
7	83 1
7	85 20
7	79 105
7	83 1
7	85 1
7	79 36
7	84 2
7	83 2
7	85 2
7	79 31
7	84 3
7	84 4
7	83 4
7	85 4
7	79 26
7	84 5
7	84 6
7	83 6
7	85 5
7	79 106
7	83 6
7	85 6
7	79 37
7	84 7
7	83 7
7	85 7
7	79 29
7	84 8
7	84 9
7	83 9
7	85 9
7	79 34
7	84 10
7	84 11
7	83 11
7	85 10
7	79 103
7	83 11
7	85 11
7	79 33
7	84 12
7	84 13
7	83 13
7	85 13
7	79 29
7	84 14
7	84 15
7	83 15
7	85 14
7	79 112
7	83 15
7	85 15
7	79 38
7	84 16
7	84 17
7	83 17
7	85 17
7	79 31
7	84 18
7	84 19
7	83 19
7	85 18
7	79 106
7	83 19
7	85 19
7	79 32
7	84 20
7	84 1
7	83 1
7	85 1
7	79 32
7	84 2
7	84 3
7	83 3
7	85 2
7	79 108
7	84 4
7	83 4
7	85 4
7	79 22
7	84 5
7	84 6
7	83 6
7	85 5
7	79 108
7	83 6
7	85 6
7	79 36
7	84 7
7	83 7
7	85 7
7	79 31
7	84 8
7	84 9
7	83 9
7	85 9
7	79 26
7	84 10
7	84 11
7	83 11
7	85 10
7	79 108
7	83 11
7	85 11
7	79 37
7	84 12
7	83 12
7	85 12
7	79 37
7	84 13
7	84 14
7	83 14
7	85 14
7	79 30
7	84 15
7	84 16
7	83 16
7	85 15
7	79 113
7	83 16
7	85 16
7	79 42
7	84 17
7	83 17
7	85 17
7	79 28
7	84 18
7	84 19
7	83 19
7	85 19
7	79 32
7	84 20
7	84 1
7	83 1
7	85 20
7	79 104
7	83 1
7	85 1
7	79 33
7	84 2
7	84 3
7	83 3
7	85 3
7	79 30
7	84 4
7	84 5
7	83 5
7	85 4
7	79 106
7	83 5
7	85 5
7	79 35
7	84 6
7	83 6
7	85 6
7	79 44
7	84 7
7	84 8
7	83 8
7	85 8
7	79 29
7	84 9
7	84 10
7	TEST_NUMBER 2
7	SENT_TOTAL 250
7	RECEIVED_TOTAL 191
7	TIME_TOTAL 29720
7	RECEIVED_RADIO_1 193
7	RECEIVED_RADIO_2 0
7	SENT_RADIO_1 125
7	SENT_RADIO_2 125
7	RADIO_TIME_1 29771
7	RADIO_TIME_2 19763
7	RETRANSMISSIONS_1 0
7	RETRANSMISSIONS_2 0
7	DROPPED_1 0
7	DROPPED_2 0
7	MAX_QUEUE 1
7	DUPLICATED_1 6
7	DUPLICATED_2 0
7	EBUSY_RADIO_1 0
7	EBUSY_RADIO_2 0
7	83 0
7	85 9
7	86 2
7	83 0
7	85 10
7	86 2
7	84 1
7	83 1
7	85 1
7	79 40
7	84 2
7	84 3
7	83 3
7	85 3
7	79 25
7	84 4
7	84 5
7	83 5
7	85 4
7	79 107
7	83 5
7	85 5
7	79 38
7	84 6
7	84 7
7	83 7
7	85 7
7	79 31
7	84 8
7	84 9
7	83 9
7	85 8
7	79 111
7	83 9
7	85 9
7	79 52
7	84 10
7	84 11
7	83 11
7	85 11
7	79 23
7	84 12
7	84 13
7	83 13
7	85 12
7	79 110
7	83 13
7	85 13
7	79 47
7	84 14
7	84 15
7	83 15
7	85 15
7	79 30
7	84 16
7	84 17
7	83 17
7	85 16
7	79 107
7	83 17
7	85 17
7	79 33
7	84 18
7	84 19
7	83 19
7	85 19
7	79 32
7	84 20
7	84 1
7	83 1
7	85 20
7	79 105
7	83 1
7	85 1
7	79 31
7	84 2
7	83 2
7	85 2
7	79 33
7	84 3
7	84 4
7	83 4
7	85 4
7	79 26
7	84 5
7	84 6
7	83 6
7	85 5
7	79 109
7	83 6
7	85 6
7	79 39
7	84 7
7	84 8
7	83 8
7	85 8
7	79 32
7	84 9
7	84 10
7	83 10
7	85 9
7	79 108
7	83 10
7	85 10
7	79 38
7	84 11
7	83 11
7	85 11
7	79 40
7	84 12
7	84 13
7	83 13
7	85 13
7	79 27
7	84 14
7	84 15
7	83 15
7	85 14
7	79 112
7	84 16
7	83 16
7	85 16
7	79 31
7	84 17
7	84 18
7	83 18
7	85 17
7	79 111
7	83 18
7	85 18
7	79 38
7	84 19
7	83 19
7	85 19
7	79 51
7	84 20
7	84 1
7	83 1
7	85 1
7	79 24
7	84 2
7	84 3
7	83 3
7	85 2
7	79 107
7	83 3
7	85 3
7	79 34
7	84 4
7	83 4
7	85 4
7	79 35
7	84 5
7	84 6
7	83 6
7	85 6
7	79 27
7	84 7
7	84 8
7	83 8
7	85 7
7	79 111
7	83 8
7	85 8
7	79 43
7	84 9
7	84 10
7	83 10
7	85 10
7	79 29
7	84 11
7	84 12
7	83 12
7	85 11
7	79 111
7	83 12
7	85 12
7	79 45
7	84 13
7	83 13
7	85 13
7	79 36
7	84 14
7	84 15
7	83 15
7	85 15
7	79 28
7	84 16
7	84 17
7	83 17
7	85 16
7	79 109
7	84 18
7	84 19
7	83 19
7	85 18
7	79 108
7	83 19
7	85 19
7	79 52
7	84 20
7	84 1
7	83 1
7	85 1
7	79 31
7	84 2
7	84 3
7	83 3
7	85 2
7	79 107
7	83 3
7	85 3
7	79 37
7	84 4
7	83 4
7	85 4
7	79 33
7	84 5
7	84 6
7	83 6
7	85 6
7	79 29
7	84 7
7	84 8
7	83 8
7	85 7
7	79 110
7	83 8
7	85 8
7	79 39
7	84 9
7	84 10
7	83 10
7	85 10
7	79 24
7	84 11
7	84 12
7	83 12
7	85 11
7	79 109
7	83 12
7	85 12
7	79 39
7	84 13
7	83 13
7	85 13
7	79 30
7	84 14
7	84 15
7	83 15
7	85 15
7	79 25
7	84 16
7	84 17
7	83 17
7	85 16
7	79 108
7	83 17
7	85 17
7	79 37
7	84 18
7	84 19
7	83 19
7	85 19
7	79 29
7	84 20
7	84 1
7	83 1
7	85 20
7	79 109
7	83 1
7	85 1
7	79 37
7	84 2
7	84 3
7	83 3
7	85 3
7	79 24
7	84 4
7	84 5
7	83 5
7	85 4
7	79 108
7	83 5
7	85 5
7	79 37
7	84 6
7	84 7
7	83 7
7	85 7
7	79 24
7	84 8
7	84 9
7	83 9
7	85 8
7	79 106
7	83 9
7	85 9
7	79 33
7	84 10
7	84 11
7	83 11
7	85 11
7	79 30
7	84 12
7	84 13
7	83 13
7	85 12
7	79 107
7	83 13
7	85 13
7	79 36
7	84 14
7	84 15
7	83 15
7	85 15
7	79 25
7	84 16
7	84 17
7	83 17
7	85 16
7	79 105
7	83 17
7	85 17
7	79 35
7	84 18
7	84 19
7	83 19
7	85 19
7	79 27
7	84 20
7	84 1
7	83 1
7	85 20
7	79 106
7	83 1
7	85 1
7	79 32
7	84 2
7	83 2
7	85 2
7	79 33
7	84 3
7	84 4
7	83 4
7	85 4
7	79 25
7	84 5
7	84 6
7	83 6
7	85 5
7	79 107
7	83 6
7	85 6
7	79 36
7	84 7
7	83 7
7	85 7
7	79 35
7	84 8
7	84 9
7	83 9
7	85 9
7	79 28
7	84 10
7	84 11
7	83 11
7	85 10
7	79 107
7	83 11
7	85 11
7	79 34
7	84 12
7	83 12
7	85 12
7	79 32
7	84 13
7	84 14
7	83 14
7	85 14
7	79 27
7	84 15
7	84 16
7	83 16
7	85 15
7	79 107
7	83 16
7	85 16
7	79 34
7	84 17
7	83 17
7	85 17
7	79 33
7	84 18
7	84 19
7	83 19
7	85 19
7	79 28
7	84 20
7	84 1
7	83 1
7	85 20
7	79 105
7	83 1
7	85 1
7	79 35
7	84 2
7	83 2
7	85 2
7	79 44
7	84 3
7	84 4
7	83 4
7	85 4
7	79 23
7	84 5
7	84 6
7	83 6
7	85 5
7	79 109
7	83 6
7	85 6
7	79 36
7	84 7
7	83 7
7	85 7
7	79 36
7	84 8
7	84 9
7	83 9
7	85 9
7	79 27
7	84 10
7	84 11
7	83 11
7	85 10
7	79 105
7	83 11
7	85 11
7	79 51
7	84 12
7	84 13
7	83 13
7	85 13
7	79 28
7	84 14
7	84 15
7	83 15
7	85 14
7	79 108
7	83 15
7	85 15
7	79 36
7	84 16
7	84 17
7	83 17
7	85 17
7	79 27
7	84 18
7	84 19
7	83 19
7	85 18
7	79 107
7	83 19
7	85 19
7	79 37
7	84 20
7	83 20
7	85 20
7	79 32
7	84 1
7	84 2
7	83 2
7	85 2
7	79 28
7	84 3
7	84 4
7	83 4
7	85 3
7	79 118
7	84 5
7	83 5
7	85 5
7	79 30
7	84 6
7	84 7
7	83 7
7	85 6
7	79 111
7	83 7
7	85 7
7	79 38
7	84 8
7	84 9
7	83 9
7	85 9
7	79 25
7	84 10
7	84 11
7	83 11
7	85 10
7	79 108
7	84 12
7	83 12
7	85 12
7	79 30
7	84 13
7	84 14
7	83 14
7	85 13
7	79 114
7	83 14
7	85 14
7	79 52
7	84 15
7	84 16
7	83 16
7	85 16
7	79 28
7	84 17
7	84 18
7	83 18
7	85 17
7	79 105
7	83 18
7	85 18
7	79 41
7	84 19
7	84 20
7	83 20
7	85 20
7	79 27
7	84 1
7	84 2
7	83 2
7	85 1
7	79 108
7	83 2
7	85 2
7	79 47
7	84 3
7	83 3
7	85 3
7	79 38
7	84 4
7	84 5
7	83 5
7	85 5
7	79 29
7	84 6
7	84 7
7	83 7
7	85 6
7	79 105
7	83 7
7	85 7
7	79 36
7	84 8
7	84 9
7	83 9
7	85 9
7	79 29
7	84 10
7	84 11
7	83 11
7	85 10
7	79 109
7	83 11
7	85 11
7	79 37
7	84 12
7	84 13
7	83 13
7	85 13
7	79 29
7	84 14
7	84 15
7	83 15
7	85 14
7	79 110
7	83 15
7	85 15
7	79 39
7	84 16
7	84 17
7	83 17
7	85 17
7	79 31
7	84 18
7	84 19
7	83 19
7	85 18
7	79 111
7	83 19
7	85 19
7	79 40
7	84 20
7	83 20
7	85 20
7	79 39
7	84 1
7	84 2
7	83 2
7	85 2
7	79 26
7	84 3
7	84 4
7	83 4
7	85 3
7	79 104
7	83 4
7	85 4
7	79 32
7	84 5
7	83 5
7	85 5
7	79 29
7	84 6
7	84 7
7	83 7
7	85 7
7	79 27
7	84 8
7	84 9
7	83 9
7	85 8
7	79 109
7	83 9
7	85 9
7	79 36
7	84 10
7	84 11
7	83 11
7	85 11
7	79 29
7	84 12
7	84 13
7	83 13
7	85 12
7	79 105
7	83 13
7	85 13
7	79 30
7	84 14
7	83 14
7	85 14
7	79 40
7	84 15
7	84 16
7	83 16
7	85 16
7	79 26
7	84 17
7	84 18
7	83 18
7	85 17
7	79 111
7	83 18
7	85 18
7	79 38
7	84 19
7	84 20
7	83 20
7	85 20
7	79 27
7	84 1
7	84 2
7	83 2
7	85 1
7	79 109
7	83 2
7	85 2
7	79 42
7	84 3
7	83 3
7	85 3
7	79 36
7	84 4
7	84 5
7	83 5
7	85 5
7	79 29
7	84 6
7	84 7
7	83 7
7	85 6
7	79 109
7	83 7
7	85 7
7	79 38
7	84 8
7	84 9
7	83 9
7	85 9
7	79 24
7	84 10
7	84 11
7	83 11
7	85 10
7	79 105
7	83 11
7	85 11
7	79 31
7	84 12
7	83 12
7	85 12
7	79 30
7	84 13
7	84 14
7	83 14
7	85 14
7	79 26
7	84 15
7	84 16
7	83 16
7	85 15
7	79 115
7	83 16
7	85 16
7	79 43
7	84 17
7	84 18
7	83 18
7	85 18
7	79 26
7	84 19
7	84 20
7	83 20
7	85 19
7	79 107
7	83 20
7	85 20
7	79 36
7	84 1
7	83 1
7	85 1
7	79 33
7	84 2
7	84 3
7	83 3
7	85 3
7	79 31
7	84 4
7	84 5
7	83 5
7	85 4
7	79 102
7	83 5
7	85 5
7	79 31
7	84 6
7	83 6
7	85 6
7	79 38
7	84 7
7	84 8
7	83 8
7	85 8
7	79 23
7	84 9
7	84 10
7	83 10
7	85 9
7	79 111
7	83 10
7	85 10
7	79 49
7	84 11
7	83 11
7	85 11
7	79 28
7	84 12
7	84 13
7	83 13
7	85 13
7	79 27
7	84 14
7	84 15
7	83 15
7	85 14
7	79 110
7	83 15
7	85 15
7	79 51
7	84 16
7	84 17
7	83 17
7	85 17
7	79 27
7	84 18
7	84 19
7	83 19
7	85 18
7	79 106
7	83 19
7	85 19
7	79 34
7	84 20
7	84 1
7	83 1
7	85 1
7	79 27
7	84 2
7	84 3
7	83 3
7	85 2
7	79 106
7	83 3
7	85 3
7	79 35
7	84 4
7	83 4
7	85 4
7	79 40
7	84 5
7	84 6
7	83 6
7	85 6
7	79 25
7	84 7
7	84 8
7	83 8
7	85 7
7	79 112
7	83 8
7	85 8
7	79 41
7	84 9
7	84 10
7	TEST_NUMBER 3
7	SENT_TOTAL 250
7	RECEIVED_TOTAL 191
7	TIME_TOTAL 29738
7	RECEIVED_RADIO_1 193
7	RECEIVED_RADIO_2 0
7	SENT_RADIO_1 125
7	SENT_RADIO_2 125
7	RADIO_TIME_1 29777
7	RADIO_TIME_2 19763
7	RETRANSMISSIONS_1 0
7	RETRANSMISSIONS_2 0
7	DROPPED_1 0
7	DROPPED_2 0
7	MAX_QUEUE 1
7	DUPLICATED_1 7
7	DUPLICATED_2 0
7	EBUSY_RADIO_1 0
7	EBUSY_RADIO_2 0
7	83 0
7	85 10
7	86 3
7	84 1
7	84 2
7	83 2
7	85 1
7	79 109
7	83 2
7	85 2
7	79 38
7	84 3
7	83 3
7	85 3
7	79 36
7	84 4
7	84 5
7	83 5
7	85 5
7	79 25
7	84 6
7	84 7
7	83 7
7	85 6
7	79 106
7	83 7
7	85 7
7	79 33
7	84 8
7	84 9
7	83 9
7	85 9
7	79 27
7	84 10
7	84 11
7	83 11
7	85 10
7	79 107
7	83 11
7	85 11
7	79 35
7	84 12
7	83 12
7	85 12
7	79 32
7	84 13
7	84 14
7	83 14
7	85 14
7	79 23
7	84 15
7	84 16
7	83 16
7	85 15
7	79 131
7	84 17
7	83 17
7	85 17
7	79 26
7	84 18
7	84 19
7	83 19
7	85 18
7	79 104
7	83 19
7	85 19
7	79 39
7	84 20
7	83 20
7	85 20
7	79 39
7	84 1
7	84 2
7	83 2
7	85 2
7	79 26
7	84 3
7	84 4
7	83 4
7	85 3
7	79 109
7	84 5
7	83 5
7	85 5
7	79 26
7	84 6
7	84 7
7	83 7
7	85 6
7	79 106
7	83 7
7	85 7
7	79 35
7	84 8
7	83 8
7	85 8
7	79 35
7	84 9
7	84 10
7	83 10
7	85 10
7	79 25
7	84 11
7	84 12
7	83 12
7	85 11
7	79 106
7	83 12
7	85 12
7	79 35
7	84 13
7	84 14
7	83 14
7	85 14
7	79 25
7	84 15
7	84 16
7	83 16
7	85 15
7	79 105
7	83 16
7	85 16
7	79 38
7	84 17
7	83 17
7	85 17
7	79 36
7	84 18
7	84 19
7	83 19
7	85 19
7	79 28
7	84 20
7	84 1
7	83 1
7	85 20
7	79 109
7	83 1
7	85 1
7	79 43
7	84 2
7	84 3
7	83 3
7	85 3
7	79 25
7	84 4
7	84 5
7	83 5
7	85 4
7	79 106
7	83 5
7	85 5
7	79 33
7	84 6
7	84 7
7	83 7
7	85 7
7	79 26
7	84 8
7	84 9
7	83 9
7	85 8
7	79 106
7	83 9
7	85 9
7	79 36
7	84 10
7	84 11
7	83 11
7	85 11
7	79 26
7	84 12
7	84 13
7	83 13
7	85 12
7	79 108
7	84 14
7	83 14
7	85 14
7	79 33
7	84 15
7	84 16
7	83 16
7	85 15
7	79 108
7	83 16
7	85 16
7	79 37
7	84 17
7	84 18
7	83 18
7	85 18
7	79 28
7	84 19
7	84 20
7	83 20
7	85 19
7	79 115
7	83 20
7	85 20
7	79 46
7	84 1
7	83 1
7	85 1
7	79 32
7	84 2
7	84 3
7	83 3
7	85 3
7	79 25
7	84 4
7	84 5
7	83 5
7	85 4
7	79 106
7	83 5
7	85 5
7	79 47
7	84 6
7	84 7
7	83 7
7	85 7
7	79 29
7	84 8
7	84 9
7	83 9
7	85 8
7	79 107
7	83 9
7	85 9
7	79 34
7	84 10
7	83 10
7	85 10
7	79 47
7	84 11
7	84 12
7	83 12
7	85 12
7	79 25
7	84 13
7	84 14
7	83 14
7	85 13
7	79 119
7	83 14
7	85 14
7	79 46
7	84 15
7	84 16
7	83 16
7	85 16
7	79 22
7	84 17
7	84 18
7	83 18
7	85 17
7	79 110
7	83 18
7	85 18
7	79 37
7	84 19
7	83 19
7	85 19
7	79 36
7	84 20
7	84 1
7	83 1
7	85 1
7	79 28
7	84 2
7	84 3
7	83 3
7	85 2
7	79 103
7	83 3
7	85 3
7	79 32
7	84 4
7	84 5
7	83 5
7	85 5
7	79 26
7	84 6
7	84 7
7	83 7
7	85 6
7	79 107
7	83 7
7	85 7
7	79 39
7	84 8
7	84 9
7	83 9
7	85 9
7	79 26
7	84 10
7	84 11
7	83 11
7	85 10
7	79 107
7	83 11
7	85 11
7	79 46
7	84 12
7	83 12
7	85 12
7	79 41
7	84 13
7	84 14
7	83 14
7	85 14
7	79 24
7	84 15
7	84 16
7	83 16
7	85 15
7	79 104
7	83 16
7	85 16
7	79 31
7	84 17
7	83 17
7	85 17
7	79 31
7	84 18
7	84 19
7	83 19
7	85 19
7	79 27
7	84 20
7	84 1
7	83 1
7	85 20
7	79 105
7	83 1
7	85 1
7	79 31
7	84 2
7	84 3
7	83 3
7	85 3
7	79 30
7	84 4
7	84 5
7	83 5
7	85 4
7	79 103
7	83 5
7	85 5
7	79 33
7	84 6
7	83 6
7	85 6
7	79 38
7	84 7
7	84 8
7	83 8
7	85 8
7	79 23
7	84 9
7	84 10
7	83 10
7	85 9
7	79 111
7	83 10
7	85 10
7	79 47
7	84 11
7	84 12
7	83 12
7	85 12
7	79 29
7	84 13
7	84 14
7	83 14
7	85 13
7	79 108
7	83 14
7	85 14
7	79 38
7	84 15
7	83 15
7	85 15
7	79 41
7	84 16
7	84 17
7	83 17
7	85 17
7	79 29
7	84 18
7	84 19
7	83 19
7	85 18
7	79 108
7	83 19
7	85 19
7	79 46
7	84 20
7	84 1
7	83 1
7	85 1
7	79 27
7	84 2
7	84 3
7	83 3
7	85 2
7	79 107
7	83 3
7	85 3
7	79 35
7	84 4
7	83 4
7	85 4
7	79 41
7	84 5
7	84 6
7	83 6
7	85 6
7	79 27
7	84 7
7	84 8
7	83 8
7	85 7
7	79 109
7	83 8
7	85 8
7	79 35
7	84 9
7	83 9
7	85 9
7	79 33
7	84 10
7	84 11
7	83 11
7	85 11
7	79 26
7	84 12
7	84 13
7	83 13
7	85 12
7	79 109
7	83 13
7	85 13
7	79 46
7	84 14
7	84 15
7	83 15
7	85 15
7	79 26
7	84 16
7	84 17
7	83 17
7	85 16
7	79 105
7	83 17
7	85 17
7	79 46
7	84 18
7	83 18
7	85 18
7	79 39
7	84 19
7	84 20
7	83 20
7	85 20
7	79 27
7	84 1
7	84 2
7	83 2
7	85 1
7	79 107
7	83 2
7	85 2
7	79 33
7	84 3
7	84 4
7	83 4
7	85 4
7	79 24
7	84 5
7	84 6
7	83 6
7	85 5
7	79 110
7	83 6
7	85 6
7	79 38
7	84 7
7	83 7
7	85 7
7	79 32
7	84 8
7	84 9
7	83 9
7	85 9
7	79 28
7	84 10
7	84 11
7	83 11
7	85 10
7	79 106
7	83 11
7	85 11
7	79 34
7	84 12
7	84 13
7	83 13
7	85 13
7	79 29
7	84 14
7	84 15
7	83 15
7	85 14
7	79 105
7	84 16
7	83 16
7	85 16
7	79 29
7	84 17
7	84 18
7	83 18
7	85 17
7	79 114
7	83 18
7	85 18
7	79 43
7	84 19
7	84 20
7	83 20
7	85 20
7	79 21
7	84 1
7	84 2
7	83 2
7	85 1
7	79 108
7	83 2
7	85 2
7	79 41
7	84 3
7	83 3
7	85 3
7	79 35
7	84 4
7	84 5
7	83 5
7	85 5
7	79 29
7	84 6
7	84 7
7	83 7
7	85 6
7	79 108
7	83 7
7	85 7
7	79 33
7	84 8
7	84 9
7	83 9
7	85 9
7	79 27
7	84 10
7	84 11
7	83 11
7	85 10
7	79 108
7	84 12
7	83 12
7	85 12
7	79 26
7	84 13
7	84 14
7	83 14
7	85 13
7	79 108
7	83 14
7	85 14
7	79 38
7	84 15
7	83 15
7	85 15
7	79 33
7	84 16
7	84 17
7	83 17
7	85 17
7	79 26
7	84 18
7	84 19
7	83 19
7	85 18
7	79 105
7	83 19
7	85 19
7	79 33
7	84 20
7	84 1
7	83 1
7	85 1
7	79 29
7	84 2
7	84 3
7	83 3
7	85 2
7	79 107
7	83 3
7	85 3
7	79 37
7	84 4
7	83 4
7	85 4
7	79 36
7	84 5
7	84 6
7	83 6
7	85 6
7	79 25
7	84 7
7	84 8
7	83 8
7	85 7
7	79 109
7	84 9
7	83 9
7	85 9
7	79 23
7	84 10
7	84 11
7	83 11
7	85 10
7	79 111
7	83 11
7	85 11
7	79 38
7	84 12
7	84 13
7	83 13
7	85 13
7	79 28
7	84 14
7	84 15
7	83 15
7	85 14
7	79 108
7	83 15
7	85 15
7	79 34
7	84 16
7	83 16
7	85 16
7	79 39
7	84 17
7	84 18
7	83 18
7	85 18
7	79 25
7	84 19
7	84 20
7	83 20
7	85 19
7	79 105
7	83 20
7	85 20
7	79 34
7	84 1
7	83 1
7	85 1
7	79 37
7	84 2
7	84 3
7	83 3
7	85 3
7	79 29
7	84 4
7	84 5
7	83 5
7	85 4
7	79 110
7	84 6
7	83 6
7	85 6
7	79 28
7	84 7
7	84 8
7	83 8
7	85 7
7	79 113
7	83 8
7	85 8
7	79 41
7	84 9
7	84 10
7	83 10
7	85 10
7	79 27
7	84 11
7	84 12
7	83 12
7	85 11
7	79 108
7	83 12
7	85 12
7	79 35
7	84 13
7	83 13
7	85 13
7	79 31
7	84 14
7	84 15
7	83 15
7	85 15
7	79 27
7	84 16
7	84 17
7	83 17
7	85 16
7	79 112
7	83 17
7	85 17
7	79 40
7	84 18
7	84 19
7	83 19
7	85 19
7	79 25
7	84 20
7	84 1
7	83 1
7	85 20
7	79 106
7	83 1
7	85 1
7	79 48
7	84 2
7	84 3
7	83 3
7	85 3
7	79 27
7	84 4
7	84 5
7	83 5
7	85 4
7	79 109
7	83 5
7	85 5
7	79 38
7	84 6
7	83 6
7	85 6
7	79 34
7	84 7
7	84 8
7	83 8
7	85 8
7	79 26
7	84 9
7	84 10
7	83 10
7	85 9
7	79 106
7	83 10
7	85 10
7	79 35
7	84 11
7	83 11
7	85 11
7	79 34
7	84 12
7	84 13
7	83 13
7	85 13
7	79 31
7	84 14
7	84 15
7	83 15
7	85 14
7	79 105
7	83 15
7	85 15
7	79 33
7	84 16
7	83 16
7	85 16
7	79 43
7	84 17
7	84 18
7	83 18
7	85 18
7	79 21
7	84 19
7	84 20
7	83 20
7	85 19
7	79 109
7	83 20
7	85 20
7	79 41
7	84 1
7	83 1
7	85 1
7	79 36
7	84 2
7	84 3
7	83 3
7	85 3
7	79 25
7	84 4
7	84 5
7	83 5
7	85 4
7	79 106
7	83 5
7	85 5
7	79 33
7	84 6
7	83 6
7	85 6
7	79 41
7	84 7
7	84 8
7	83 8
7	85 8
7	79 25
7	84 9
7	84 10
7	TEST_NUMBER 4
7	SENT_TOTAL 250
7	RECEIVED_TOTAL 191
7	TIME_TOTAL 29723
7	RECEIVED_RADIO_1 192
7	RECEIVED_RADIO_2 0
7	SENT_RADIO_1 125
7	SENT_RADIO_2 125
7	RADIO_TIME_1 29778
7	RADIO_TIME_2 19763
7	RETRANSMISSIONS_1 0
7	RETRANSMISSIONS_2 0
7	DROPPED_1 0
7	DROPPED_2 0
7	MAX_QUEUE 1
7	DUPLICATED_1 6
7	DUPLICATED_2 0
7	EBUSY_RADIO_1 0
7	EBUSY_RADIO_2 0
7	83 0
7	85 9
7	86 4
7	83 0
7	85 10
7	86 4
7	84 1
7	83 1
7	85 1
7	79 33
7	84 2
7	84 3
7	83 3
7	85 3
7	79 30
7	84 4
7	84 5
7	83 5
7	85 4
7	79 106
7	83 5
7	85 5
7	79 34
7	84 6
7	83 6
7	85 6
7	79 38
7	84 7
7	84 8
7	83 8
7	85 8
7	79 30
7	84 9
7	84 10
7	83 10
7	85 9
7	79 108
7	83 10
7	85 10
7	79 36
7	84 11
7	83 11
7	85 11
7	79 33
7	84 12
7	84 13
7	83 13
7	85 13
7	79 25
7	84 14
7	84 15
7	83 15
7	85 14
7	79 108
7	83 15
7	85 15
7	79 34
7	84 16
7	83 16
7	85 16
7	79 46
7	84 17
7	84 18
7	83 18
7	85 18
7	79 22
7	84 19
7	84 20
7	83 20
7	85 19
7	79 108
7	83 20
7	85 20
7	79 39
7	84 1
7	84 2
7	83 2
7	85 2
7	79 26
7	84 3
7	84 4
7	83 4
7	85 3
7	79 116
7	84 5
7	83 5
7	85 5
7	79 26
7	84 6
7	84 7
7	83 7
7	85 6
7	79 111
7	83 7
7	85 7
7	79 41
7	84 8
7	84 9
7	83 9
7	85 9
7	79 33
7	84 10
7	84 11
7	83 11
7	85 10
7	79 108
7	83 11
7	85 11
7	79 48
7	84 12
7	83 12
7	85 12
7	79 35
7	84 13
7	84 14
7	83 14
7	85 14
7	79 27
7	84 15
7	84 16
7	83 16
7	85 15
7	79 110
7	83 16
7	85 16
7	79 39
7	84 17
7	84 18
7	83 18
7	85 18
7	79 25
7	84 19
7	84 20
7	83 20
7	85 19
7	79 110
7	83 20
7	85 20
7	79 46
7	84 1
7	84 2
7	83 2
7	85 2
7	79 30
7	84 3
7	84 4
7	83 4
7	85 3
7	79 109
7	83 4
7	85 4
7	79 38
7	84 5
7	84 6
7	83 6
7	85 6
7	79 24
7	84 7
7	84 8
7	83 8
7	85 7
7	79 112
7	83 8
7	85 8
7	79 39
7	84 9
7	83 9
7	85 9
7	79 36
7	84 10
7	84 11
7	83 11
7	85 11
7	79 27
7	84 12
7	84 13
7	83 13
7	85 12
7	79 105
7	83 13
7	85 13
7	79 36
7	84 14
7	84 15
7	83 15
7	85 15
7	79 26
7	84 16
7	84 17
7	83 17
7	85 16
7	79 108
7	83 17
7	85 17
7	79 55
7	84 18
7	84 19
7	83 19
7	85 19
7	79 30
7	84 20
7	84 1
7	83 1
7	85 20
7	79 109
7	83 1
7	85 1
7	79 38
7	84 2
7	84 3
7	83 3
7	85 3
7	79 28
7	84 4
7	84 5
7	83 5
7	85 4
7	79 109
7	83 5
7	85 5
7	79 49
7	84 6
7	84 7
7	83 7
7	85 7
7	79 27
7	84 8
7	84 9
7	83 9
7	85 8
7	79 105
7	83 9
7	85 9
7	79 37
7	84 10
7	84 11
7	83 11
7	85 11
7	79 29
7	84 12
7	84 13
7	83 13
7	85 12
7	79 105
7	83 13
7	85 13
7	79 46
7	84 14
7	84 15
7	83 15
7	85 15
7	79 31
7	84 16
7	84 17
7	83 17
7	85 16
7	79 105
7	83 17
7	85 17
7	79 34
7	84 18
7	83 18
7	85 18
7	79 35
7	84 19
7	84 20
7	83 20
7	85 20
7	79 25
7	84 1
7	84 2
7	83 2
7	85 1
7	79 114
7	83 2
7	85 2
7	79 52
7	84 3
7	84 4
7	83 4
7	85 4
7	79 28
7	84 5
7	84 6
7	83 6
7	85 5
7	79 112
7	83 6
7	85 6
7	79 41
7	84 7
7	84 8
7	83 8
7	85 8
7	79 27
7	84 9
7	84 10
7	83 10
7	85 9
7	79 105
7	83 10
7	85 10
7	79 33
7	84 11
7	83 11
7	85 11
7	79 35
7	84 12
7	84 13
7	83 13
7	85 13
7	79 29
7	84 14
7	84 15
7	83 15
7	85 14
7	79 107
7	83 15
7	85 15
7	79 46
7	84 16
7	84 17
7	83 17
7	85 17
7	79 25
7	84 18
7	84 19
7	83 19
7	85 18
7	79 109
7	83 19
7	85 19
7	79 37
7	84 20
7	84 1
7	83 1
7	85 1
7	79 27
7	84 2
7	84 3
7	83 3
7	85 2
7	79 106
7	83 3
7	85 3
7	79 34
7	84 4
7	84 5
7	83 5
7	85 5
7	79 29
7	84 6
7	84 7
7	83 7
7	85 6
7	79 103
7	83 7
7	85 7
7	79 41
7	84 8
7	84 9
7	83 9
7	85 9
7	79 25
7	84 10
7	84 11
7	83 11
7	85 10
7	79 106
7	83 11
7	85 11
7	79 35
7	84 12
7	84 13
7	83 13
7	85 13
7	79 29
7	84 14
7	84 15
7	83 15
7	85 14
7	79 105
7	83 15
7	85 15
7	79 33
7	84 16
7	84 17
7	83 17
7	85 17
7	79 28
7	84 18
7	84 19
7	83 19
7	85 18
7	79 110
7	84 20
7	83 20
7	85 20
7	79 25
7	84 1
7	84 2
7	83 2
7	85 1
7	79 114
7	83 2
7	85 2
7	79 51
7	84 3
7	84 4
7	83 4
7	85 4
7	79 24
7	84 5
7	84 6
7	83 6
7	85 5
7	79 112
7	83 6
7	85 6
7	79 42
7	84 7
7	84 8
7	83 8
7	85 8
7	79 46
7	84 9
7	84 10
7	83 10
7	85 9
7	79 107
7	84 11
7	83 11
7	85 11
7	79 30
7	84 12
7	84 13
7	83 13
7	85 12
7	79 110
7	83 13
7	85 13
7	79 36
7	84 14
7	84 15
7	83 15
7	85 15
7	79 29
7	84 16
7	84 17
7	83 17
7	85 16
7	79 110
7	83 17
7	85 17
7	79 39
7	84 18
7	84 19
7	83 19
7	85 19
7	79 30
7	84 20
7	84 1
7	83 1
7	85 20
7	79 107
7	83 1
7	85 1
7	79 36
7	84 2
7	83 2
7	85 2
7	79 36
7	84 3
7	84 4
7	83 4
7	85 4
7	79 29
7	84 5
7	84 6
7	83 6
7	85 5
7	79 105
7	83 6
7	85 6
7	79 35
7	84 7
7	83 7
7	85 7
7	79 39
7	84 8
7	84 9
7	83 9
7	85 9
7	79 27
7	84 10
7	84 11
7	83 11
7	85 10
7	79 109
7	83 11
7	85 11
7	79 46
7	84 12
7	84 13
7	83 13
7	85 13
7	79 28
7	84 14
7	84 15
7	83 15
7	85 14
7	79 108
7	83 15
7	85 15
7	79 51
7	84 16
7	84 17
7	83 17
7	85 17
7	79 22
7	84 18
7	84 19
7	83 19
7	85 18
7	79 106
7	83 19
7	85 19
7	79 34
7	84 20
7	83 20
7	85 20
7	79 41
7	84 1
7	84 2
7	83 2
7	85 2
7	79 25
7	84 3
7	84 4
7	83 4
7	85 3
7	79 107
7	83 4
7	85 4
7	79 36
7	84 5
7	83 5
7	85 5
7	79 43
7	84 6
7	84 7
7	83 7
7	85 7
7	79 30
7	84 8
7	84 9
7	83 9
7	85 8
7	79 108
7	84 10
7	83 10
7	85 10
7	79 23
7	84 11
7	84 12
7	83 12
7	85 11
7	79 107
7	83 12
7	85 12
7	79 42
7	84 13
7	83 13
7	85 13
7	79 32
7	84 14
7	84 15
7	83 15
7	85 15
7	79 31
7	84 16
7	84 17
7	83 17
7	85 16
7	79 106
7	83 17
7	85 17
7	79 33
7	84 18
7	84 19
7	83 19
7	85 19
7	79 30
7	84 20
7	84 1
7	83 1
7	85 20
7	79 106
7	83 1
7	85 1
7	79 42
7	84 2
7	84 3
7	83 3
7	85 3
7	79 22
7	84 4
7	84 5
7	83 5
7	85 4
7	79 112
7	83 5
7	85 5
7	79 50
7	84 6
7	84 7
7	83 7
7	85 7
7	79 28
7	84 8
7	84 9
7	83 9
7	85 8
7	79 108
7	83 9
7	85 9
7	79 37
7	84 10
7	83 10
7	85 10
7	79 38
7	84 11
7	84 12
7	83 12
7	85 12
7	79 25
7	84 13
7	84 14
7	83 14
7	85 13
7	79 108
7	83 14
7	85 14
7	79 34
7	84 15
7	83 15
7	85 15
7	79 33
7	84 16
7	84 17
7	83 17
7	85 17
7	79 29
7	84 18
7	84 19
7	83 19
7	85 18
7	79 106
7	83 19
7	85 19
7	79 35
7	84 20
7	84 1
7	83 1
7	85 1
7	79 27
7	84 2
7	84 3
7	83 3
7	85 2
7	79 111
7	83 3
7	85 3
7	79 43
7	84 4
7	84 5
7	83 5
7	85 5
7	79 30
7	84 6
7	84 7
7	83 7
7	85 6
7	79 105
7	83 7
7	85 7
7	79 30
7	84 8
7	84 9
7	83 9
7	85 9
7	79 23
7	84 10
7	84 11
7	83 11
7	85 10
7	79 103
7	83 11
7	85 11
7	79 31
7	84 12
7	84 13
7	83 13
7	85 13
7	79 27
7	84 14
7	84 15
7	83 15
7	85 14
7	79 108
7	83 15
7	85 15
7	79 37
7	84 16
7	84 17
7	83 17
7	85 17
7	79 31
7	84 18
7	84 19
7	83 19
7	85 18
7	79 106
7	83 19
7	85 19
7	79 41
7	84 20
7	84 1
7	83 1
7	85 1
7	79 31
7	84 2
7	84 3
7	83 3
7	85 2
7	79 108
7	83 3
7	85 3
7	79 35
7	84 4
7	84 5
7	83 5
7	85 5
7	79 27
7	84 6
7	84 7
7	83 7
7	85 6
7	79 107
7	84 8
7	83 8
7	85 8
7	79 31
7	84 9
7	84 10
7	83 10
7	85 9
7	79 109
7	83 10
7	85 10
7	79 47
7	84 11
7	83 11
7	85 11
7	79 32
7	84 12
7	84 13
7	83 13
7	85 13
7	79 27
7	84 14
7	84 15
7	83 15
7	85 14
7	79 103
7	83 15
7	85 15
7	79 35
7	84 16
7	83 16
7	85 16
7	79 40
7	84 17
7	84 18
7	83 18
7	85 18
7	79 24
7	84 19
7	84 20
7	83 20
7	85 19
7	79 106
7	83 20
7	85 20
7	79 33
7	84 1
7	84 2
7	83 2
7	85 2
7	79 30
7	84 3
7	84 4
7	83 4
7	85 3
7	79 109
7	83 4
7	85 4
7	79 37
7	84 5
7	83 5
7	85 5
7	79 33
7	84 6
7	84 7
7	83 7
7	85 7
7	79 28
7	84 8
7	84 9
7	83 9
7	85 8
7	79 107
7	83 9
7	85 9
7	79 35
7	84 10
7	TEST_NUMBER 5
7	SENT_TOTAL 250
7	RECEIVED_TOTAL 190
7	TIME_TOTAL 29815
7	RECEIVED_RADIO_1 192
7	RECEIVED_RADIO_2 0
7	SENT_RADIO_1 125
7	SENT_RADIO_2 125
7	RADIO_TIME_1 29815
7	RADIO_TIME_2 19763
7	RETRANSMISSIONS_1 0
7	RETRANSMISSIONS_2 0
7	DROPPED_1 0
7	DROPPED_2 0
7	MAX_QUEUE 1
7	DUPLICATED_1 11
7	DUPLICATED_2 0
7	EBUSY_RADIO_1 0
7	EBUSY_RADIO_2 0
7	84 1
7	83 1
7	85 1
7	79 31
7	84 2
7	84 3
7	83 3
7	85 2
7	79 107
7	83 3
7	85 3
7	79 44
7	84 4
7	84 5
7	83 5
7	85 5
7	79 29
7	84 6
7	84 7
7	83 7
7	85 6
7	79 110
7	84 8
7	83 8
7	85 8
7	79 29
7	84 9
7	84 10
7	83 10
7	85 9
7	79 112
7	83 10
7	85 10
7	79 42
7	84 11
7	84 12
7	83 12
7	85 12
7	79 25
7	84 13
7	84 14
7	83 14
7	85 13
7	79 107
7	84 15
7	84 16
7	83 16
7	85 15
7	79 129
7	84 17
7	84 18
7	83 18
7	85 16
7	79 185
7	84 19
7	83 19
7	85 18
7	79 107
7	83 19
7	85 19
7	79 33
7	84 20
7	83 20
7	85 20
7	79 39
7	84 1
7	84 2
7	83 2
7	85 2
7	79 26
7	84 3
7	84 4
7	83 4
7	85 3
7	79 103
7	83 4
7	85 4
7	79 47
7	84 5
7	84 6
7	83 6
7	85 6
7	79 26
7	84 7
7	84 8
7	83 8
7	85 7
7	79 107
7	83 8
7	85 8
7	79 42
7	84 9
7	83 9
7	85 9
7	79 33
7	84 10
7	84 11
7	83 11
7	85 11
7	79 26
7	84 12
7	84 13
7	83 13
7	85 12
7	79 108
7	83 13
7	85 13
7	79 34
7	84 14
7	84 15
7	83 15
7	85 15
7	79 26
7	84 16
7	84 17
7	83 17
7	85 16
7	79 106
7	83 17
7	85 17
7	79 38
7	84 18
7	84 19
7	83 19
7	85 19
7	79 29
7	84 20
7	84 1
7	83 1
7	85 20
7	79 107
7	83 1
7	85 1
7	79 44
7	84 2
7	84 3
7	83 3
7	85 3
7	79 29
7	84 4
7	84 5
7	83 5
7	85 4
7	79 105
7	83 5
7	85 5
7	79 37
7	84 6
7	83 6
7	85 6
7	79 52
7	84 7
7	84 8
7	83 8
7	85 8
7	79 26
7	84 9
7	84 10
7	83 10
7	85 9
7	79 114
7	84 11
7	83 11
7	85 11
7	79 28
7	84 12
7	84 13
7	83 13
7	85 12
7	79 106
7	83 13
7	85 13
7	79 36
7	84 14
7	84 15
7	83 15
7	85 15
7	79 28
7	84 16
7	84 17
7	83 17
7	85 16
7	79 110
7	83 17
7	85 17
7	79 37
7	84 18
7	83 18
7	85 18
7	79 32
7	84 19
7	84 20
7	83 20
7	85 20
7	79 29
7	84 1
7	84 2
7	83 2
7	85 1
7	79 113
7	84 3
7	83 3
7	85 3
7	79 26
7	84 4
7	84 5
7	83 5
7	85 4
7	79 111
7	83 5
7	85 5
7	79 38
7	84 6
7	84 7
7	83 7
7	85 7
7	79 31
7	84 8
7	84 9
7	83 9
7	85 8
7	79 104
7	83 9
7	85 9
7	79 33
7	84 10
7	83 10
7	85 10
7	79 28
7	84 11
7	84 12
7	83 12
7	85 12
7	79 27
7	84 13
7	84 14
7	83 14
7	85 13
7	79 114
7	84 15
7	83 15
7	85 15
7	79 24
7	84 16
7	84 17
7	83 17
7	85 16
7	79 108
7	83 17
7	85 17
7	79 46
7	84 18
7	84 19
7	83 19
7	85 19
7	79 29
7	84 20
7	84 1
7	83 1
7	85 20
7	79 107
7	83 1
7	85 1
7	79 39
7	84 2
7	83 2
7	85 2
7	79 46
7	84 3
7	84 4
7	83 4
7	85 4
7	79 26
7	84 5
7	84 6
7	83 6
7	85 5
7	79 111
7	83 6
7	85 6
7	79 37
7	84 7
7	84 8
7	83 8
7	85 8
7	79 26
7	84 9
7	84 10
7	83 10
7	85 9
7	79 112
7	83 10
7	85 10
7	79 42
7	84 11
7	83 11
7	85 11
7	79 30
7	84 12
7	84 13
7	83 13
7	85 13
7	79 27
7	84 14
7	84 15
7	83 15
7	85 14
7	79 107
7	84 16
7	83 16
7	85 16
7	79 26
7	84 17
7	84 18
7	83 18
7	85 17
7	79 106
7	83 18
7	85 18
7	79 32
7	84 19
7	83 19
7	85 19
7	79 34
7	84 20
7	84 1
7	83 1
7	85 1
7	79 28
7	84 2
7	84 3
7	83 3
7	85 2
7	79 103
7	83 3
7	85 3
7	79 28
7	84 4
7	83 4
7	85 4
7	79 37
7	84 5
7	84 6
7	83 6
7	85 6
7	79 28
7	84 7
7	84 8
7	83 8
7	85 7
7	79 116
7	84 9
7	83 9
7	85 9
7	79 26
7	84 10
7	84 11
7	83 11
7	85 10
7	79 105
7	83 11
7	85 11
7	79 32
7	84 12
7	84 13
7	83 13
7	85 13
7	79 28
7	84 14
7	84 15
7	83 15
7	85 14
7	79 106
7	83 15
7	85 15
7	79 33
7	84 16
7	84 17
7	83 17
7	85 17
7	79 23
7	84 18
7	84 19
7	83 19
7	85 18
7	79 110
7	84 20
7	83 20
7	85 20
7	79 26
7	84 1
7	84 2
7	83 2
7	85 1
7	79 112
7	83 2
7	85 2
7	79 42
7	84 3
7	83 3
7	85 3
7	79 36
7	84 4
7	84 5
7	83 5
7	85 5
7	79 25
7	84 6
7	84 7
7	83 7
7	85 6
7	79 104
7	83 7
7	85 7
7	79 41
7	84 8
7	83 8
7	85 8
7	79 32
7	84 9
7	84 10
7	83 10
7	85 10
7	79 24
7	84 11
7	84 12
7	83 12
7	85 11
7	79 104
7	83 12
7	85 12
7	79 30
7	84 13
7	83 13
7	85 13
7	79 33
7	84 14
7	84 15
7	83 15
7	85 15
7	79 30
7	84 16
7	84 17
7	83 17
7	85 16
7	79 103
7	83 17
7	85 17
7	79 29
7	84 18
7	83 18
7	85 18
7	79 46
7	84 19
7	84 20
7	83 20
7	85 20
7	79 27
7	84 1
7	84 2
7	83 2
7	85 1
7	79 107
7	83 2
7	85 2
7	79 35
7	84 3
7	84 4
7	83 4
7	85 4
7	79 27
7	84 5
7	84 6
7	83 6
7	85 5
7	79 106
7	83 6
7	85 6
7	79 33
7	84 7
7	83 7
7	85 7
7	79 36
7	84 8
7	84 9
7	83 9
7	85 9
7	79 25
7	84 10
7	84 11
7	83 11
7	85 10
7	79 105
7	83 11
7	85 11
7	79 36
7	84 12
7	83 12
7	85 12
7	79 35
7	84 13
7	84 14
7	83 14
7	85 14
7	79 26
7	84 15
7	84 16
7	83 16
7	85 15
7	79 112
7	83 16
7	85 16
7	79 40
7	84 17
7	83 17
7	85 17
7	79 38
7	84 18
7	84 19
7	83 19
7	85 19
7	79 30
7	84 20
7	84 1
7	83 1
7	85 20
7	79 105
7	83 1
7	85 1
7	79 32
7	84 2
7	84 3
7	83 3
7	85 3
7	79 32
7	84 4
7	84 5
7	83 5
7	85 4
7	79 103
7	83 5
7	85 5
7	79 31
7	84 6
7	83 6
7	85 6
7	79 37
7	84 7
7	84 8
7	83 8
7	85 8
7	79 30
7	84 9
7	84 10
7	83 10
7	85 9
7	79 111
7	83 10
7	85 10
7	79 44
7	84 11
7	83 11
7	85 11
7	79 35
7	84 12
7	84 13
7	83 13
7	85 13
7	79 27
7	84 14
7	84 15
7	83 15
7	85 14
7	79 106
7	83 15
7	85 15
7	79 35
7	84 16
7	84 17
7	83 17
7	85 17
7	79 32
7	84 18
7	84 19
7	83 19
7	85 18
7	79 105
7	83 19
7	85 19
7	79 31
7	84 20
7	83 20
7	85 20
7	79 42
7	84 1
7	84 2
7	83 2
7	85 2
7	79 28
7	84 3
7	84 4
7	83 4
7	85 3
7	79 115
7	83 4
7	85 4
7	79 43
7	84 5
7	83 5
7	85 5
7	79 37
7	84 6
7	84 7
7	83 7
7	85 7
7	79 34
7	84 8
7	84 9
7	83 9
7	85 8
7	79 109
7	83 9
7	85 9
7	79 39
7	84 10
7	84 11
7	83 11
7	85 11
7	79 28
7	84 12
7	84 13
7	83 13
7	85 12
7	79 105
7	83 13
7	85 13
7	79 33
7	84 14
7	83 14
7	85 14
7	79 32
7	84 15
7	84 16
7	83 16
7	85 16
7	79 31
7	84 17
7	84 18
7	83 18
7	85 17
7	79 118
7	83 18
7	85 18
7	79 45
7	84 19
7	84 20
7	83 20
7	85 20
7	79 25
7	84 1
7	84 2
7	83 2
7	85 1
7	79 114
7	83 2
7	85 2
7	79 42
7	84 3
7	84 4
7	83 4
7	85 4
7	79 29
7	84 5
7	84 6
7	83 6
7	85 5
7	79 106
7	83 6
7	85 6
7	79 34
7	84 7
7	83 7
7	85 7
7	79 37
7	84 8
7	84 9
7	83 9
7	85 9
7	79 30
7	84 10
7	84 11
7	83 11
7	85 10
7	79 111
7	83 11
7	85 11
7	79 39
7	84 12
7	84 13
7	83 13
7	85 13
7	79 29
7	84 14
7	84 15
7	83 15
7	85 14
7	79 108
7	83 15
7	85 15
7	79 35
7	84 16
7	83 16
7	85 16
7	79 38
7	84 17
7	84 18
7	83 18
7	85 18
7	79 26
7	84 19
7	84 20
7	83 20
7	85 19
7	79 116
7	84 1
7	83 1
7	85 1
7	79 29
7	84 2
7	84 3
7	83 3
7	85 2
7	79 107
7	83 3
7	85 3
7	79 37
7	84 4
7	83 4
7	85 4
7	79 36
7	84 5
7	84 6
7	83 6
7	85 6
7	79 21
7	84 7
7	84 8
7	83 8
7	85 7
7	79 113
7	83 8
7	85 8
7	79 42
7	84 9
7	84 10
7	83 10
7	85 10
7	79 28
7	84 11
7	84 12
7	83 12
7	85 11
7	79 107
7	83 12
7	85 12
7	79 48
7	84 13
7	83 13
7	85 13
7	79 34
7	84 14
7	84 15
7	83 15
7	85 15
7	79 27
7	84 16
7	84 17
7	83 17
7	85 16
7	79 103
7	83 17
7	85 17
7	79 35
7	84 18
7	83 18
7	85 18
7	79 37
7	84 19
7	84 20
7	83 20
7	85 20
7	79 22
7	84 1
7	84 2
7	83 2
7	85 1
7	79 110
7	83 2
7	85 2
7	79 43
7	84 3
7	83 3
7	85 3
7	79 30
7	84 4
7	84 5
7	83 5
7	85 5
7	79 29
7	84 6
7	84 7
7	83 7
7	85 6
7	79 105
7	83 7
7	85 7
7	79 33
7	84 8
7	84 9
7	83 9
7	85 9
7	79 33
7	84 10
7	TEST_NUMBER 6
7	SENT_TOTAL 250
7	RECEIVED_TOTAL 191
7	TIME_TOTAL 19765
7	RECEIVED_RADIO_1 191
7	RECEIVED_RADIO_2 0
7	SENT_RADIO_1 125
7	SENT_RADIO_2 125
7	RADIO_TIME_1 19796
7	RADIO_TIME_2 19763
7	RETRANSMISSIONS_1 0
7	RETRANSMISSIONS_2 0
7	DROPPED_1 0
7	DROPPED_2 0
7	MAX_QUEUE 1
7	DUPLICATED_1 8
7	DUPLICATED_2 0
7	EBUSY_RADIO_1 0
7	EBUSY_RADIO_2 0
7	83 0
7	85 10
7	86 6

8	RELAY_NODE 8
8	TEST_NUMBER 0
8	SENT_TOTAL 0
8	RECEIVED_TOTAL 0
8	TIME_TOTAL 0
8	RECEIVED_RADIO_1 0
8	RECEIVED_RADIO_2 122
8	SENT_RADIO_1 122
8	SENT_RADIO_2 0
8	RADIO_TIME_1 19287
8	RADIO_TIME_2 19287
8	RETRANSMISSIONS_1 5
8	RETRANSMISSIONS_2 0
8	DROPPED_1 0
8	DROPPED_2 0
8	MAX_QUEUE 1
8	DUPLICATED_1 0
8	DUPLICATED_2 0
8	EBUSY_RADIO_1 0
8	EBUSY_RADIO_2 0
8	TEST_NUMBER 1
8	SENT_TOTAL 0
8	RECEIVED_TOTAL 0
8	TIME_TOTAL 0
8	RECEIVED_RADIO_1 0
8	RECEIVED_RADIO_2 125
8	SENT_RADIO_1 125
8	SENT_RADIO_2 0
8	RADIO_TIME_1 29724
8	RADIO_TIME_2 29724
8	RETRANSMISSIONS_1 11
8	RETRANSMISSIONS_2 0
8	DROPPED_1 0
8	DROPPED_2 0
8	MAX_QUEUE 1
8	DUPLICATED_1 0
8	DUPLICATED_2 0
8	EBUSY_RADIO_1 0
8	EBUSY_RADIO_2 0
8	TEST_NUMBER 2
8	SENT_TOTAL 0
8	RECEIVED_TOTAL 0
8	TIME_TOTAL 0
8	RECEIVED_RADIO_1 0
8	RECEIVED_RADIO_2 125
8	SENT_RADIO_1 124
8	SENT_RADIO_2 0
8	RADIO_TIME_1 29722
8	RADIO_TIME_2 29722
8	RETRANSMISSIONS_1 9
8	RETRANSMISSIONS_2 0
8	DROPPED_1 0
8	DROPPED_2 0
8	MAX_QUEUE 1
8	DUPLICATED_1 0
8	DUPLICATED_2 0
8	EBUSY_RADIO_1 0
8	EBUSY_RADIO_2 0
8	TEST_NUMBER 3
8	SENT_TOTAL 0
8	RECEIVED_TOTAL 0
8	TIME_TOTAL 0
8	RECEIVED_RADIO_1 0
8	RECEIVED_RADIO_2 125
8	SENT_RADIO_1 126
8	SENT_RADIO_2 0
8	RADIO_TIME_1 29726
8	RADIO_TIME_2 29726
8	RETRANSMISSIONS_1 5
8	RETRANSMISSIONS_2 0
8	DROPPED_1 0
8	DROPPED_2 0
8	MAX_QUEUE 1
8	DUPLICATED_1 0
8	DUPLICATED_2 0
8	EBUSY_RADIO_1 0
8	EBUSY_RADIO_2 0
8	TEST_NUMBER 4
8	SENT_TOTAL 0
8	RECEIVED_TOTAL 0
8	TIME_TOTAL 0
8	RECEIVED_RADIO_1 0
8	RECEIVED_RADIO_2 125
8	SENT_RADIO_1 124
8	SENT_RADIO_2 0
8	RADIO_TIME_1 29728
8	RADIO_TIME_2 29728
8	RETRANSMISSIONS_1 8
8	RETRANSMISSIONS_2 0
8	DROPPED_1 0
8	DROPPED_2 0
8	MAX_QUEUE 1
8	DUPLICATED_1 0
8	DUPLICATED_2 0
8	EBUSY_RADIO_1 0
8	EBUSY_RADIO_2 0
8	TEST_NUMBER 5
8	SENT_TOTAL 0
8	RECEIVED_TOTAL 0
8	TIME_TOTAL 0
8	RECEIVED_RADIO_1 0
8	RECEIVED_RADIO_2 125
8	SENT_RADIO_1 126
8	SENT_RADIO_2 0
8	RADIO_TIME_1 29725
8	RADIO_TIME_2 29725
8	RETRANSMISSIONS_1 8
8	RETRANSMISSIONS_2 0
8	DROPPED_1 0
8	DROPPED_2 0
8	MAX_QUEUE 1
8	DUPLICATED_1 0
8	DUPLICATED_2 0
8	EBUSY_RADIO_1 0
8	EBUSY_RADIO_2 0
8	TEST_NUMBER 6
8	SENT_TOTAL 0
8	RECEIVED_TOTAL 0
8	TIME_TOTAL 0
8	RECEIVED_RADIO_1 0
8	RECEIVED_RADIO_2 125
8	SENT_RADIO_1 125
8	SENT_RADIO_2 0
8	RADIO_TIME_1 29722
8	RADIO_TIME_2 29722
8	RETRANSMISSIONS_1 5
8	RETRANSMISSIONS_2 0
8	DROPPED_1 0
8	DROPPED_2 0
8	MAX_QUEUE 1
8	DUPLICATED_1 0
8	DUPLICATED_2 0
8	EBUSY_RADIO_1 0
8	EBUSY_RADIO_2 0

10	DESTINATION_NODE 10
10	TEST_NUMBER 0
10	SENT_TOTAL 220
10	RECEIVED_TOTAL 220
10	TIME_TOTAL 17456
10	RECEIVED_RADIO_1 110
10	RECEIVED_RADIO_2 110
10	SENT_RADIO_1 0
10	SENT_RADIO_2 169
10	RADIO_TIME_1 17456
10	RADIO_TIME_2 17462
10	RETRANSMISSIONS_1 498
10	RETRANSMISSIONS_2 2
10	DROPPED_1 49
10	DROPPED_2 0
10	MAX_QUEUE 2
10	DUPLICATED_1 5
10	DUPLICATED_2 0
10	EBUSY_RADIO_1 0
10	EBUSY_RADIO_2 0
10	86 0
10	86 0
10	86 0
10	86 0
10	86 0
10	86 0
10	86 0
10	86 0
10	86 0
10	86 0
10	86 0
10	86 0
10	86 0
10	86 0
10	86 0
10	86 0
10	86 0
10	86 0
10	86 0
10	86 0
10	86 0
10	86 0
10	86 0
10	86 0
10	86 0
10	86 0
10	86 0
10	86 0
10	86 0
10	86 0
10	TEST_NUMBER 1
10	SENT_TOTAL 250
10	RECEIVED_TOTAL 220
10	TIME_TOTAL 29804
10	RECEIVED_RADIO_1 125
10	RECEIVED_RADIO_2 125
10	SENT_RADIO_1 0
10	SENT_RADIO_2 192
10	RADIO_TIME_1 29804
10	RADIO_TIME_2 29804
10	RETRANSMISSIONS_1 570
10	RETRANSMISSIONS_2 3
10	DROPPED_1 58
10	DROPPED_2 0
10	MAX_QUEUE 2
10	DUPLICATED_1 8
10	DUPLICATED_2 0
10	EBUSY_RADIO_1 0
10	EBUSY_RADIO_2 0
10	86 1
10	86 1
10	86 1
10	86 1
10	86 1
10	86 1
10	86 1
10	86 1
10	86 1
10	86 1
10	86 1
10	86 1
10	86 1
10	86 1
10	86 1
10	86 1
10	86 1
10	86 1
10	86 1
10	86 1
10	86 1
10	86 1
10	86 1
10	86 1
10	86 1
10	86 1
10	86 1
10	86 1
10	86 1
10	86 1
10	TEST_NUMBER 2
10	SENT_TOTAL 250
10	RECEIVED_TOTAL 220
10	TIME_TOTAL 29803
10	RECEIVED_RADIO_1 125
10	RECEIVED_RADIO_2 125
10	SENT_RADIO_1 0
10	SENT_RADIO_2 193
10	RADIO_TIME_1 29803
10	RADIO_TIME_2 29732
10	RETRANSMISSIONS_1 577
10	RETRANSMISSIONS_2 4
10	DROPPED_1 58
10	DROPPED_2 0
10	MAX_QUEUE 2
10	DUPLICATED_1 9
10	DUPLICATED_2 0
10	EBUSY_RADIO_1 0
10	EBUSY_RADIO_2 0
10	86 2
10	86 2
10	86 2
10	86 2
10	86 2
10	86 2
10	86 2
10	86 2
10	86 2
10	86 2
10	86 2
10	86 2
10	86 2
10	86 2
10	86 2
10	86 2
10	86 2
10	86 2
10	86 2
10	86 2
10	86 2
10	86 2
10	86 2
10	86 2
10	86 2
10	86 2
10	86 2
10	86 2
10	86 2
10	86 2
10	TEST_NUMBER 3
10	SENT_TOTAL 250
10	RECEIVED_TOTAL 220
10	TIME_TOTAL 29805
10	RECEIVED_RADIO_1 125
10	RECEIVED_RADIO_2 125
10	SENT_RADIO_1 0
10	SENT_RADIO_2 191
10	RADIO_TIME_1 29724
10	RADIO_TIME_2 29805
10	RETRANSMISSIONS_1 577
10	RETRANSMISSIONS_2 2
10	DROPPED_1 57
10	DROPPED_2 0
10	MAX_QUEUE 2
10	DUPLICATED_1 7
10	DUPLICATED_2 0
10	EBUSY_RADIO_1 0
10	EBUSY_RADIO_2 0
10	86 3
10	86 3
10	86 3
10	86 3
10	86 3
10	86 3
10	86 3
10	86 3
10	86 3
10	86 3
10	86 3
10	86 3
10	86 3
10	86 3
10	86 3
10	86 3
10	86 3
10	86 3
10	86 3
10	86 3
10	86 3
10	86 3
10	86 3
10	86 3
10	86 3
10	86 3
10	86 3
10	86 3
10	86 3
10	86 3
10	TEST_NUMBER 4
10	SENT_TOTAL 250
10	RECEIVED_TOTAL 220
10	TIME_TOTAL 29808
10	RECEIVED_RADIO_1 125
10	RECEIVED_RADIO_2 125
10	SENT_RADIO_1 0
10	SENT_RADIO_2 193
10	RADIO_TIME_1 29807
10	RADIO_TIME_2 29796
10	RETRANSMISSIONS_1 570
10	RETRANSMISSIONS_2 1
10	DROPPED_1 58
10	DROPPED_2 0
10	MAX_QUEUE 2
10	DUPLICATED_1 6
10	DUPLICATED_2 0
10	EBUSY_RADIO_1 0
10	EBUSY_RADIO_2 0
10	86 4
10	86 4
10	86 4
10	86 4
10	86 4
10	86 4
10	86 4
10	86 4
10	86 4
10	86 4
10	86 4
10	86 4
10	86 4
10	86 4
10	86 4
10	86 4
10	86 4
10	86 4
10	86 4
10	86 4
10	86 4
10	86 4
10	86 4
10	86 4
10	86 4
10	86 4
10	86 4
10	86 4
10	86 4
10	86 4
10	TEST_NUMBER 5
10	SENT_TOTAL 250
10	RECEIVED_TOTAL 220
10	TIME_TOTAL 29802
10	RECEIVED_RADIO_1 125
10	RECEIVED_RADIO_2 125
10	SENT_RADIO_1 0
10	SENT_RADIO_2 192
10	RADIO_TIME_1 29864
10	RADIO_TIME_2 29737
10	RETRANSMISSIONS_1 588
10	RETRANSMISSIONS_2 1
10	DROPPED_1 59
10	DROPPED_2 0
10	MAX_QUEUE 2
10	DUPLICATED_1 10
10	DUPLICATED_2 0
10	EBUSY_RADIO_1 0
10	EBUSY_RADIO_2 0
10	86 5
10	86 5
10	86 5
10	86 5
10	86 5
10	86 5
10	86 5
10	86 5
10	86 5
10	86 5
10	86 5
10	86 5
10	86 5
10	86 5
10	86 5
10	86 5
10	86 5
10	86 5
10	86 5
10	86 5
10	86 5
10	86 5
10	86 5
10	86 5
10	86 5
10	86 5
10	86 5
10	86 5
10	86 5
10	86 5
10	TEST_NUMBER 6
10	SENT_TOTAL 249
10	RECEIVED_TOTAL 219
10	TIME_TOTAL 29721
10	RECEIVED_RADIO_1 124
10	RECEIVED_RADIO_2 125
10	SENT_RADIO_1 0
10	SENT_RADIO_2 190
10	RADIO_TIME_1 29733
10	RADIO_TIME_2 29721
10	RETRANSMISSIONS_1 587
10	RETRANSMISSIONS_2 2
10	DROPPED_1 58
10	DROPPED_2 0
10	MAX_QUEUE 2
10	DUPLICATED_1 4
10	DUPLICATED_2 0
10	EBUSY_RADIO_1 0
10	EBUSY_RADIO_2 0
10	86 6
10	86 6
10	86 6
10	86 6
10	86 6
10	86 6
10	86 6
10	86 6
10	86 6
10	86 6
10	86 6
10	86 6
10	86 6
10	86 6
10	86 6
10	86 6
10	86 6
10	86 6
10	86 6
10	86 6
10	86 6
10	86 6
10	86 6
10	86 6
10	86 6
10	86 6
10	86 6
10	86 6
10	86 6
10	86 6
10	86 6
