
7	DESTINATION_NODE 7
7	86 1
7	86 1
7	86 1
7	86 1
7	86 1
7	86 1
7	TEST_NUMBER 0
7	SENT_TOTAL 129
7	RECEIVED_TOTAL 123
7	TIME_TOTAL 30689
7	RECEIVED_RADIO_1 0
7	RECEIVED_RADIO_2 129
7	SENT_RADIO_1 65
7	SENT_RADIO_2 64
7	RADIO_TIME_1 30689
7	RADIO_TIME_2 30689
7	RETRANSMISSIONS_1 0
7	RETRANSMISSIONS_2 0
7	DROPPED_1 0
7	DROPPED_2 0
7	MAX_QUEUE 1
7	DUPLICATED_1 0
7	DUPLICATED_2 0
7	EBUSY_RADIO_1 0
7	EBUSY_RADIO_2 0
7	86 2
7	86 2
7	86 2
7	86 2
7	86 2
7	86 2
7	TEST_NUMBER 1
7	SENT_TOTAL 114
7	RECEIVED_TOTAL 108
7	TIME_TOTAL 29729
7	RECEIVED_RADIO_1 0
7	RECEIVED_RADIO_2 114
7	SENT_RADIO_1 57
7	SENT_RADIO_2 57
7	RADIO_TIME_1 29569
7	RADIO_TIME_2 29729
7	RETRANSMISSIONS_1 0
7	RETRANSMISSIONS_2 0
7	DROPPED_1 0
7	DROPPED_2 0
7	MAX_QUEUE 1
7	DUPLICATED_1 0
7	DUPLICATED_2 0
7	EBUSY_RADIO_1 0
7	EBUSY_RADIO_2 0
7	86 3
7	86 3
7	86 3
7	86 3
7	86 3
7	86 3
7	TEST_NUMBER 2
7	SENT_TOTAL 116
7	RECEIVED_TOTAL 110
7	TIME_TOTAL 29562
7	RECEIVED_RADIO_1 0
7	RECEIVED_RADIO_2 116
7	SENT_RADIO_1 58
7	SENT_RADIO_2 58
7	RADIO_TIME_1 29400
7	RADIO_TIME_2 29562
7	RETRANSMISSIONS_1 0
7	RETRANSMISSIONS_2 0
7	DROPPED_1 0
7	DROPPED_2 0
7	MAX_QUEUE 1
7	DUPLICATED_1 0
7	DUPLICATED_2 0
7	EBUSY_RADIO_1 0
7	EBUSY_RADIO_2 0
7	86 4
7	86 4
7	86 4
7	86 4
7	86 4
7	86 4
7	TEST_NUMBER 3
7	SENT_TOTAL 120
7	RECEIVED_TOTAL 114
7	TIME_TOTAL 29721
7	RECEIVED_RADIO_1 0
7	RECEIVED_RADIO_2 120
7	SENT_RADIO_1 60
7	SENT_RADIO_2 60
7	RADIO_TIME_1 29562
7	RADIO_TIME_2 29721
7	RETRANSMISSIONS_1 0
7	RETRANSMISSIONS_2 0
7	DROPPED_1 0
7	DROPPED_2 0
7	MAX_QUEUE 1
7	DUPLICATED_1 0
7	DUPLICATED_2 0
7	EBUSY_RADIO_1 0
7	EBUSY_RADIO_2 0
7	86 5
7	86 5
7	86 5
7	86 5
7	86 5
7	86 5
7	TEST_NUMBER 4
7	SENT_TOTAL 120
7	RECEIVED_TOTAL 114
7	TIME_TOTAL 29726
7	RECEIVED_RADIO_1 0
7	RECEIVED_RADIO_2 120
7	SENT_RADIO_1 60
7	SENT_RADIO_2 60
7	RADIO_TIME_1 29565
7	RADIO_TIME_2 29726
7	RETRANSMISSIONS_1 0
7	RETRANSMISSIONS_2 0
7	DROPPED_1 0
7	DROPPED_2 0
7	MAX_QUEUE 1
7	DUPLICATED_1 0
7	DUPLICATED_2 0
7	EBUSY_RADIO_1 0
7	EBUSY_RADIO_2 0
7	86 6
7	86 6
7	86 6
7	86 6
7	86 6
7	86 6
7	TEST_NUMBER 5
7	SENT_TOTAL 124
7	RECEIVED_TOTAL 118
7	TIME_TOTAL 29721
7	RECEIVED_RADIO_1 0
7	RECEIVED_RADIO_2 124
7	SENT_RADIO_1 62
7	SENT_RADIO_2 62
7	RADIO_TIME_1 29563
7	RADIO_TIME_2 29721
7	RETRANSMISSIONS_1 0
7	RETRANSMISSIONS_2 0
7	DROPPED_1 0
7	DROPPED_2 0
7	MAX_QUEUE 1
7	DUPLICATED_1 0
7	DUPLICATED_2 0
7	EBUSY_RADIO_1 0
7	EBUSY_RADIO_2 0
7	TEST_NUMBER 6
7	SENT_TOTAL 112
7	RECEIVED_TOTAL 112
7	TIME_TOTAL 18805
7	RECEIVED_RADIO_1 0
7	RECEIVED_RADIO_2 112
7	SENT_RADIO_1 56
7	SENT_RADIO_2 56
7	RADIO_TIME_1 18648
7	RADIO_TIME_2 18805
7	RETRANSMISSIONS_1 0
7	RETRANSMISSIONS_2 0
7	DROPPED_1 0
7	DROPPED_2 0
7	MAX_QUEUE 1
7	DUPLICATED_1 0
7	DUPLICATED_2 0
7	EBUSY_RADIO_1 0
7	EBUSY_RADIO_2 0

8	RELAY_NODE 8
8	TEST_NUMBER 0
8	SENT_TOTAL 0
8	RECEIVED_TOTAL 0
8	TIME_TOTAL 0
8	RECEIVED_RADIO_1 0
8	RECEIVED_RADIO_2 0
8	SENT_RADIO_1 0
8	SENT_RADIO_2 0
8	RADIO_TIME_1 0
8	RADIO_TIME_2 0
8	RETRANSMISSIONS_1 0
8	RETRANSMISSIONS_2 0
8	DROPPED_1 0
8	DROPPED_2 0
8	MAX_QUEUE 0
8	DUPLICATED_1 0
8	DUPLICATED_2 0
8	EBUSY_RADIO_1 0
8	EBUSY_RADIO_2 0
8	TEST_NUMBER 1
8	SENT_TOTAL 0
8	RECEIVED_TOTAL 0
8	TIME_TOTAL 0
8	RECEIVED_RADIO_1 0
8	RECEIVED_RADIO_2 0
8	SENT_RADIO_1 0
8	SENT_RADIO_2 0
8	RADIO_TIME_1 0
8	RADIO_TIME_2 0
8	RETRANSMISSIONS_1 0
8	RETRANSMISSIONS_2 0
8	DROPPED_1 0
8	DROPPED_2 0
8	MAX_QUEUE 0
8	DUPLICATED_1 0
8	DUPLICATED_2 0
8	EBUSY_RADIO_1 0
8	EBUSY_RADIO_2 0
8	TEST_NUMBER 2
8	SENT_TOTAL 0
8	RECEIVED_TOTAL 0
8	TIME_TOTAL 0
8	RECEIVED_RADIO_1 0
8	RECEIVED_RADIO_2 0
8	SENT_RADIO_1 0
8	SENT_RADIO_2 0
8	RADIO_TIME_1 0
8	RADIO_TIME_2 0
8	RETRANSMISSIONS_1 0
8	RETRANSMISSIONS_2 0
8	DROPPED_1 0
8	DROPPED_2 0
8	MAX_QUEUE 0
8	DUPLICATED_1 0
8	DUPLICATED_2 0
8	EBUSY_RADIO_1 0
8	EBUSY_RADIO_2 0
8	TEST_NUMBER 3
8	SENT_TOTAL 0
8	RECEIVED_TOTAL 0
8	TIME_TOTAL 0
8	RECEIVED_RADIO_1 0
8	RECEIVED_RADIO_2 0
8	SENT_RADIO_1 0
8	SENT_RADIO_2 0
8	RADIO_TIME_1 0
8	RADIO_TIME_2 0
8	RETRANSMISSIONS_1 0
8	RETRANSMISSIONS_2 0
8	DROPPED_1 0
8	DROPPED_2 0
8	MAX_QUEUE 0
8	DUPLICATED_1 0
8	DUPLICATED_2 0
8	EBUSY_RADIO_1 0
8	EBUSY_RADIO_2 0
8	TEST_NUMBER 4
8	SENT_TOTAL 0
8	RECEIVED_TOTAL 0
8	TIME_TOTAL 0
8	RECEIVED_RADIO_1 0
8	RECEIVED_RADIO_2 0
8	SENT_RADIO_1 0
8	SENT_RADIO_2 0
8	RADIO_TIME_1 0
8	RADIO_TIME_2 0
8	RETRANSMISSIONS_1 0
8	RETRANSMISSIONS_2 0
8	DROPPED_1 0
8	DROPPED_2 0
8	MAX_QUEUE 0
8	DUPLICATED_1 0
8	DUPLICATED_2 0
8	EBUSY_RADIO_1 0
8	EBUSY_RADIO_2 0
8	TEST_NUMBER 5
8	SENT_TOTAL 0
8	RECEIVED_TOTAL 0
8	TIME_TOTAL 0
8	RECEIVED_RADIO_1 0
8	RECEIVED_RADIO_2 0
8	SENT_RADIO_1 0
8	SENT_RADIO_2 0
8	RADIO_TIME_1 0
8	RADIO_TIME_2 0
8	RETRANSMISSIONS_1 0
8	RETRANSMISSIONS_2 0
8	DROPPED_1 0
8	DROPPED_2 0
8	MAX_QUEUE 0
8	DUPLICATED_1 0
8	DUPLICATED_2 0
8	EBUSY_RADIO_1 0
8	EBUSY_RADIO_2 0
8	TEST_NUMBER 6
8	SENT_TOTAL 0
8	RECEIVED_TOTAL 0
8	TIME_TOTAL 0
8	RECEIVED_RADIO_1 0
8	RECEIVED_RADIO_2 0
8	SENT_RADIO_1 0
8	SENT_RADIO_2 0
8	RADIO_TIME_1 0
8	RADIO_TIME_2 0
8	RETRANSMISSIONS_1 0
8	RETRANSMISSIONS_2 0
8	DROPPED_1 0
8	DROPPED_2 0
8	MAX_QUEUE 0
8	DUPLICATED_1 0
8	DUPLICATED_2 0
8	EBUSY_RADIO_1 0
8	EBUSY_RADIO_2 0

11	RELAY_NODE 11
11	TEST_NUMBER 0
11	SENT_TOTAL 0
11	RECEIVED_TOTAL 0
11	TIME_TOTAL 0
11	RECEIVED_RADIO_1 123
11	RECEIVED_RADIO_2 61
11	SENT_RADIO_1 61
11	SENT_RADIO_2 123
11	RADIO_TIME_1 19774
11	RADIO_TIME_2 19774
11	RETRANSMISSIONS_1 0
11	RETRANSMISSIONS_2 0
11	DROPPED_1 0
11	DROPPED_2 0
11	MAX_QUEUE 1
11	DUPLICATED_1 0
11	DUPLICATED_2 0
11	EBUSY_RADIO_1 0
11	EBUSY_RADIO_2 0
11	TEST_NUMBER 1
11	SENT_TOTAL 0
11	RECEIVED_TOTAL 0
11	TIME_TOTAL 0
11	RECEIVED_RADIO_1 114
11	RECEIVED_RADIO_2 57
11	SENT_RADIO_1 57
11	SENT_RADIO_2 114
11	RADIO_TIME_1 19761
11	RADIO_TIME_2 19761
11	RETRANSMISSIONS_1 0
11	RETRANSMISSIONS_2 0
11	DROPPED_1 0
11	DROPPED_2 0
11	MAX_QUEUE 1
11	DUPLICATED_1 0
11	DUPLICATED_2 0
11	EBUSY_RADIO_1 0
11	EBUSY_RADIO_2 0
11	TEST_NUMBER 2
11	SENT_TOTAL 0
11	RECEIVED_TOTAL 0
11	TIME_TOTAL 0
11	RECEIVED_RADIO_1 116
11	RECEIVED_RADIO_2 58
11	SENT_RADIO_1 58
11	SENT_RADIO_2 116
11	RADIO_TIME_1 19762
11	RADIO_TIME_2 19762
11	RETRANSMISSIONS_1 0
11	RETRANSMISSIONS_2 0
11	DROPPED_1 0
11	DROPPED_2 0
11	MAX_QUEUE 1
11	DUPLICATED_1 0
11	DUPLICATED_2 0
11	EBUSY_RADIO_1 0
11	EBUSY_RADIO_2 0
11	TEST_NUMBER 3
11	SENT_TOTAL 0
11	RECEIVED_TOTAL 0
11	TIME_TOTAL 0
11	RECEIVED_RADIO_1 120
11	RECEIVED_RADIO_2 60
11	SENT_RADIO_1 60
11	SENT_RADIO_2 120
11	RADIO_TIME_1 19760
11	RADIO_TIME_2 19759
11	RETRANSMISSIONS_1 0
11	RETRANSMISSIONS_2 0
11	DROPPED_1 0
11	DROPPED_2 0
11	MAX_QUEUE 1
11	DUPLICATED_1 0
11	DUPLICATED_2 0
11	EBUSY_RADIO_1 0
11	EBUSY_RADIO_2 0
11	TEST_NUMBER 4
11	SENT_TOTAL 0
11	RECEIVED_TOTAL 0
11	TIME_TOTAL 0
11	RECEIVED_RADIO_1 120
11	RECEIVED_RADIO_2 60
11	SENT_RADIO_1 60
11	SENT_RADIO_2 120
11	RADIO_TIME_1 19762
11	RADIO_TIME_2 19762
11	RETRANSMISSIONS_1 0
11	RETRANSMISSIONS_2 0
11	DROPPED_1 0
11	DROPPED_2 0
11	MAX_QUEUE 1
11	DUPLICATED_1 0
11	DUPLICATED_2 0
11	EBUSY_RADIO_1 0
11	EBUSY_RADIO_2 0
11	TEST_NUMBER 5
11	SENT_TOTAL 0
11	RECEIVED_TOTAL 0
11	TIME_TOTAL 0
11	RECEIVED_RADIO_1 124
11	RECEIVED_RADIO_2 62
11	SENT_RADIO_1 62
11	SENT_RADIO_2 124
11	RADIO_TIME_1 19763
11	RADIO_TIME_2 19763
11	RETRANSMISSIONS_1 0
11	RETRANSMISSIONS_2 0
11	DROPPED_1 0
11	DROPPED_2 0
11	MAX_QUEUE 1
11	DUPLICATED_1 0
11	DUPLICATED_2 0
11	EBUSY_RADIO_1 0
11	EBUSY_RADIO_2 0
11	TEST_NUMBER 6
11	SENT_TOTAL 0
11	RECEIVED_TOTAL 0
11	TIME_TOTAL 0
11	RECEIVED_RADIO_1 118
11	RECEIVED_RADIO_2 59
11	SENT_RADIO_1 59
11	SENT_RADIO_2 118
11	RADIO_TIME_1 19761
11	RADIO_TIME_2 19761
11	RETRANSMISSIONS_1 0
11	RETRANSMISSIONS_2 0
11	DROPPED_1 0
11	DROPPED_2 0
11	MAX_QUEUE 1
11	DUPLICATED_1 0
11	DUPLICATED_2 0
11	EBUSY_RADIO_1 0
11	EBUSY_RADIO_2 0

13	RELAY_NODE 13
13	TEST_NUMBER 0
13	SENT_TOTAL 0
13	RECEIVED_TOTAL 0
13	TIME_TOTAL 0
13	RECEIVED_RADIO_1 0
13	RECEIVED_RADIO_2 115
13	SENT_RADIO_1 115
13	SENT_RADIO_2 0
13	RADIO_TIME_1 18493
13	RADIO_TIME_2 18493
13	RETRANSMISSIONS_1 0
13	RETRANSMISSIONS_2 0
13	DROPPED_1 0
13	DROPPED_2 0
13	MAX_QUEUE 1
13	DUPLICATED_1 0
13	DUPLICATED_2 0
13	EBUSY_RADIO_1 0
13	EBUSY_RADIO_2 0
13	TEST_NUMBER 1
13	SENT_TOTAL 0
13	RECEIVED_TOTAL 0
13	TIME_TOTAL 0
13	RECEIVED_RADIO_1 0
13	RECEIVED_RADIO_2 124
13	SENT_RADIO_1 124
13	SENT_RADIO_2 0
13	RADIO_TIME_1 29726
13	RADIO_TIME_2 29726
13	RETRANSMISSIONS_1 0
13	RETRANSMISSIONS_2 0
13	DROPPED_1 0
13	DROPPED_2 0
13	MAX_QUEUE 1
13	DUPLICATED_1 0
13	DUPLICATED_2 0
13	EBUSY_RADIO_1 0
13	EBUSY_RADIO_2 0
13	TEST_NUMBER 2
13	SENT_TOTAL 0
13	RECEIVED_TOTAL 0
13	TIME_TOTAL 0
13	RECEIVED_RADIO_1 0
13	RECEIVED_RADIO_2 124
13	SENT_RADIO_1 124
13	SENT_RADIO_2 0
13	RADIO_TIME_1 29724
13	RADIO_TIME_2 29724
13	RETRANSMISSIONS_1 0
13	RETRANSMISSIONS_2 0
13	DROPPED_1 0
13	DROPPED_2 0
13	MAX_QUEUE 1
13	DUPLICATED_1 0
13	DUPLICATED_2 0
13	EBUSY_RADIO_1 0
13	EBUSY_RADIO_2 0
13	TEST_NUMBER 3
13	SENT_TOTAL 0
13	RECEIVED_TOTAL 0
13	TIME_TOTAL 0
13	RECEIVED_RADIO_1 0
13	RECEIVED_RADIO_2 124
13	SENT_RADIO_1 124
13	SENT_RADIO_2 0
13	RADIO_TIME_1 29724
13	RADIO_TIME_2 29724
13	RETRANSMISSIONS_1 0
13	RETRANSMISSIONS_2 0
13	DROPPED_1 0
13	DROPPED_2 0
13	MAX_QUEUE 1
13	DUPLICATED_1 0
13	DUPLICATED_2 0
13	EBUSY_RADIO_1 0
13	EBUSY_RADIO_2 0
13	TEST_NUMBER 4
13	SENT_TOTAL 0
13	RECEIVED_TOTAL 0
13	TIME_TOTAL 0
13	RECEIVED_RADIO_1 0
13	RECEIVED_RADIO_2 123
13	SENT_RADIO_1 123
13	SENT_RADIO_2 0
13	RADIO_TIME_1 29726
13	RADIO_TIME_2 29726
13	RETRANSMISSIONS_1 0
13	RETRANSMISSIONS_2 0
13	DROPPED_1 0
13	DROPPED_2 0
13	MAX_QUEUE 1
13	DUPLICATED_1 0
13	DUPLICATED_2 0
13	EBUSY_RADIO_1 0
13	EBUSY_RADIO_2 0
13	TEST_NUMBER 5
13	SENT_TOTAL 0
13	RECEIVED_TOTAL 0
13	TIME_TOTAL 0
13	RECEIVED_RADIO_1 0
13	RECEIVED_RADIO_2 122
13	SENT_RADIO_1 122
13	SENT_RADIO_2 0
13	RADIO_TIME_1 29723
13	RADIO_TIME_2 29723
13	RETRANSMISSIONS_1 0
13	RETRANSMISSIONS_2 0
13	DROPPED_1 0
13	DROPPED_2 0
13	MAX_QUEUE 1
13	DUPLICATED_1 0
13	DUPLICATED_2 0
13	EBUSY_RADIO_1 0
13	EBUSY_RADIO_2 0
13	TEST_NUMBER 6
13	SENT_TOTAL 0
13	RECEIVED_TOTAL 0
13	TIME_TOTAL 0
13	RECEIVED_RADIO_1 0
13	RECEIVED_RADIO_2 124
13	SENT_RADIO_1 124
13	SENT_RADIO_2 0
13	RADIO_TIME_1 29722
13	RADIO_TIME_2 29722
13	RETRANSMISSIONS_1 0
13	RETRANSMISSIONS_2 0
13	DROPPED_1 0
13	DROPPED_2 0
13	MAX_QUEUE 1
13	DUPLICATED_1 0
13	DUPLICATED_2 0
13	EBUSY_RADIO_1 0
13	EBUSY_RADIO_2 0

14	RELAY_NODE 14
14	TEST_NUMBER 0
14	SENT_TOTAL 0
14	RECEIVED_TOTAL 0
14	TIME_TOTAL 0
14	RECEIVED_RADIO_1 59
14	RECEIVED_RADIO_2 118
14	SENT_RADIO_1 118
14	SENT_RADIO_2 59
14	RADIO_TIME_1 19002
14	RADIO_TIME_2 19002
14	RETRANSMISSIONS_1 0
14	RETRANSMISSIONS_2 0
14	DROPPED_1 0
14	DROPPED_2 0
14	MAX_QUEUE 1
14	DUPLICATED_1 0
14	DUPLICATED_2 0
14	EBUSY_RADIO_1 0
14	EBUSY_RADIO_2 0
14	TEST_NUMBER 1
14	SENT_TOTAL 0
14	RECEIVED_TOTAL 0
14	TIME_TOTAL 0
14	RECEIVED_RADIO_1 57
14	RECEIVED_RADIO_2 114
14	SENT_RADIO_1 114
14	SENT_RADIO_2 57
14	RADIO_TIME_1 29759
14	RADIO_TIME_2 29759
14	RETRANSMISSIONS_1 0
14	RETRANSMISSIONS_2 0
14	DROPPED_1 0
14	DROPPED_2 0
14	MAX_QUEUE 1
14	DUPLICATED_1 0
14	DUPLICATED_2 0
14	EBUSY_RADIO_1 0
14	EBUSY_RADIO_2 0
14	TEST_NUMBER 2
14	SENT_TOTAL 0
14	RECEIVED_TOTAL 0
14	TIME_TOTAL 0
14	RECEIVED_RADIO_1 58
14	RECEIVED_RADIO_2 117
14	SENT_RADIO_1 117
14	SENT_RADIO_2 58
14	RADIO_TIME_1 29721
14	RADIO_TIME_2 29721
14	RETRANSMISSIONS_1 0
14	RETRANSMISSIONS_2 0
14	DROPPED_1 0
14	DROPPED_2 0
14	MAX_QUEUE 1
14	DUPLICATED_1 0
14	DUPLICATED_2 0
14	EBUSY_RADIO_1 0
14	EBUSY_RADIO_2 0
14	TEST_NUMBER 3
14	SENT_TOTAL 0
14	RECEIVED_TOTAL 0
14	TIME_TOTAL 0
14	RECEIVED_RADIO_1 60
14	RECEIVED_RADIO_2 119
14	SENT_RADIO_1 119
14	SENT_RADIO_2 60
14	RADIO_TIME_1 29752
14	RADIO_TIME_2 29752
14	RETRANSMISSIONS_1 0
14	RETRANSMISSIONS_2 0
14	DROPPED_1 0
14	DROPPED_2 0
14	MAX_QUEUE 1
14	DUPLICATED_1 0
14	DUPLICATED_2 0
14	EBUSY_RADIO_1 0
14	EBUSY_RADIO_2 0
14	TEST_NUMBER 4
14	SENT_TOTAL 0
14	RECEIVED_TOTAL 0
14	TIME_TOTAL 0
14	RECEIVED_RADIO_1 59
14	RECEIVED_RADIO_2 120
14	SENT_RADIO_1 120
14	SENT_RADIO_2 59
14	RADIO_TIME_1 29757
14	RADIO_TIME_2 29757
14	RETRANSMISSIONS_1 0
14	RETRANSMISSIONS_2 0
14	DROPPED_1 0
14	DROPPED_2 0
14	MAX_QUEUE 1
14	DUPLICATED_1 0
14	DUPLICATED_2 0
14	EBUSY_RADIO_1 0
14	EBUSY_RADIO_2 0
14	TEST_NUMBER 5
14	SENT_TOTAL 0
14	RECEIVED_TOTAL 0
14	TIME_TOTAL 0
14	RECEIVED_RADIO_1 62
14	RECEIVED_RADIO_2 124
14	SENT_RADIO_1 124
14	SENT_RADIO_2 62
14	RADIO_TIME_1 29751
14	RADIO_TIME_2 29751
14	RETRANSMISSIONS_1 0
14	RETRANSMISSIONS_2 0
14	DROPPED_1 0
14	DROPPED_2 0
14	MAX_QUEUE 1
14	DUPLICATED_1 0
14	DUPLICATED_2 0
14	EBUSY_RADIO_1 0
14	EBUSY_RADIO_2 0
14	TEST_NUMBER 6
14	SENT_TOTAL 0
14	RECEIVED_TOTAL 0
14	TIME_TOTAL 0
14	RECEIVED_RADIO_1 59
14	RECEIVED_RADIO_2 118
14	SENT_RADIO_1 118
14	SENT_RADIO_2 59
14	RADIO_TIME_1 29754
14	RADIO_TIME_2 29754
14	RETRANSMISSIONS_1 0
14	RETRANSMISSIONS_2 0
14	DROPPED_1 0
14	DROPPED_2 0
14	MAX_QUEUE 1
14	DUPLICATED_1 0
14	DUPLICATED_2 0
14	EBUSY_RADIO_1 0
14	EBUSY_RADIO_2 0

15	RELAY_NODE 15
15	TEST_NUMBER 0
15	SENT_TOTAL 0
15	RECEIVED_TOTAL 0
15	TIME_TOTAL 0
15	RECEIVED_RADIO_1 0
15	RECEIVED_RADIO_2 0
15	SENT_RADIO_1 0
15	SENT_RADIO_2 0
15	RADIO_TIME_1 0
15	RADIO_TIME_2 0
15	RETRANSMISSIONS_1 0
15	RETRANSMISSIONS_2 0
15	DROPPED_1 0
15	DROPPED_2 0
15	MAX_QUEUE 0
15	DUPLICATED_1 0
15	DUPLICATED_2 0
15	EBUSY_RADIO_1 0
15	EBUSY_RADIO_2 0
15	TEST_NUMBER 1
15	SENT_TOTAL 0
15	RECEIVED_TOTAL 0
15	TIME_TOTAL 0
15	RECEIVED_RADIO_1 0
15	RECEIVED_RADIO_2 0
15	SENT_RADIO_1 0
15	SENT_RADIO_2 0
15	RADIO_TIME_1 0
15	RADIO_TIME_2 0
15	RETRANSMISSIONS_1 0
15	RETRANSMISSIONS_2 0
15	DROPPED_1 0
15	DROPPED_2 0
15	MAX_QUEUE 0
15	DUPLICATED_1 0
15	DUPLICATED_2 0
15	EBUSY_RADIO_1 0
15	EBUSY_RADIO_2 0
15	TEST_NUMBER 2
15	SENT_TOTAL 0
15	RECEIVED_TOTAL 0
15	TIME_TOTAL 0
15	RECEIVED_RADIO_1 0
15	RECEIVED_RADIO_2 0
15	SENT_RADIO_1 0
15	SENT_RADIO_2 0
15	RADIO_TIME_1 0
15	RADIO_TIME_2 0
15	RETRANSMISSIONS_1 0
15	RETRANSMISSIONS_2 0
15	DROPPED_1 0
15	DROPPED_2 0
15	MAX_QUEUE 0
15	DUPLICATED_1 0
15	DUPLICATED_2 0
15	EBUSY_RADIO_1 0
15	EBUSY_RADIO_2 0
15	TEST_NUMBER 3
15	SENT_TOTAL 0
15	RECEIVED_TOTAL 0
15	TIME_TOTAL 0
15	RECEIVED_RADIO_1 0
15	RECEIVED_RADIO_2 0
15	SENT_RADIO_1 0
15	SENT_RADIO_2 0
15	RADIO_TIME_1 0
15	RADIO_TIME_2 0
15	RETRANSMISSIONS_1 0
15	RETRANSMISSIONS_2 0
15	DROPPED_1 0
15	DROPPED_2 0
15	MAX_QUEUE 0
15	DUPLICATED_1 0
15	DUPLICATED_2 0
15	EBUSY_RADIO_1 0
15	EBUSY_RADIO_2 0
15	TEST_NUMBER 4
15	SENT_TOTAL 0
15	RECEIVED_TOTAL 0
15	TIME_TOTAL 0
15	RECEIVED_RADIO_1 0
15	RECEIVED_RADIO_2 0
15	SENT_RADIO_1 0
15	SENT_RADIO_2 0
15	RADIO_TIME_1 0
15	RADIO_TIME_2 0
15	RETRANSMISSIONS_1 0
15	RETRANSMISSIONS_2 0
15	DROPPED_1 0
15	DROPPED_2 0
15	MAX_QUEUE 0
15	DUPLICATED_1 0
15	DUPLICATED_2 0
15	EBUSY_RADIO_1 0
15	EBUSY_RADIO_2 0
15	TEST_NUMBER 5
15	SENT_TOTAL 0
15	RECEIVED_TOTAL 0
15	TIME_TOTAL 0
15	RECEIVED_RADIO_1 0
15	RECEIVED_RADIO_2 0
15	SENT_RADIO_1 0
15	SENT_RADIO_2 0
15	RADIO_TIME_1 0
15	RADIO_TIME_2 0
15	RETRANSMISSIONS_1 0
15	RETRANSMISSIONS_2 0
15	DROPPED_1 0
15	DROPPED_2 0
15	MAX_QUEUE 0
15	DUPLICATED_1 0
15	DUPLICATED_2 0
15	EBUSY_RADIO_1 0
15	EBUSY_RADIO_2 0
15	TEST_NUMBER 6
15	SENT_TOTAL 0
15	RECEIVED_TOTAL 0
15	TIME_TOTAL 0
15	RECEIVED_RADIO_1 0
15	RECEIVED_RADIO_2 0
15	SENT_RADIO_1 0
15	SENT_RADIO_2 0
15	RADIO_TIME_1 0
15	RADIO_TIME_2 0
15	RETRANSMISSIONS_1 0
15	RETRANSMISSIONS_2 0
15	DROPPED_1 0
15	DROPPED_2 0
15	MAX_QUEUE 0
15	DUPLICATED_1 0
15	DUPLICATED_2 0
15	EBUSY_RADIO_1 0
15	EBUSY_RADIO_2 0

17	SOURCE_NODE 17
17	84 1
17	84 2
17	84 3
17	83 3
17	85 3
17	79 41
17	84 4
17	84 5
17	84 6
17	84 7
17	83 7
17	85 7
17	79 57
17	84 8
17	84 9
17	84 10
17	84 11
17	83 11
17	85 11
17	79 57
17	84 12
17	84 13
17	84 14
17	84 15
17	83 15
17	85 15
17	79 56
17	84 16
17	84 17
17	84 18
17	84 19
17	83 19
17	85 19
17	79 56
17	84 20
17	84 1
17	84 2
17	84 3
17	83 3
17	85 3
17	79 59
17	84 4
17	84 5
17	84 6
17	84 7
17	83 7
17	85 7
17	79 57
17	84 8
17	84 9
17	84 10
17	84 11
17	83 11
17	85 11
17	79 54
17	84 12
17	84 13
17	84 14
17	84 15
17	83 15
17	85 15
17	79 68
17	84 16
17	84 17
17	84 18
17	84 19
17	83 19
17	85 19
17	79 57
17	84 20
17	84 1
17	84 2
17	84 3
17	83 3
17	85 3
17	79 62
17	84 4
17	84 5
17	84 6
17	84 7
17	83 7
17	85 7
17	79 61
17	84 8
17	84 9
17	84 10
17	84 11
17	83 11
17	85 11
17	79 53
17	84 12
17	84 13
17	84 14
17	84 15
17	83 15
17	85 15
17	79 61
17	84 16
17	84 17
17	84 18
17	84 19
17	84 20
17	84 1
17	83 1
17	85 1
17	79 56
17	84 2
17	84 3
17	84 4
17	84 5
17	83 5
17	85 5
17	79 60
17	84 6
17	84 7
17	84 8
17	84 9
17	83 9
17	85 9
17	79 57
17	84 10
17	84 11
17	84 12
17	84 13
17	83 13
17	85 13
17	79 61
17	84 14
17	84 15
17	84 16
17	84 17
17	83 17
17	85 17
17	79 59
17	84 18
17	84 19
17	84 20
17	84 1
17	83 1
17	85 1
17	79 53
17	84 2
17	84 3
17	84 4
17	84 5
17	83 5
17	85 5
17	79 61
17	84 6
17	84 7
17	84 8
17	84 9
17	83 9
17	85 9
17	79 66
17	84 10
17	84 11
17	84 12
17	84 13
17	83 13
17	85 13
17	79 57
17	84 14
17	84 15
17	84 16
17	84 17
17	83 17
17	85 17
17	79 61
17	84 18
17	84 19
17	84 20
17	84 1
17	83 1
17	85 1
17	79 57
17	84 2
17	84 3
17	84 4
17	84 5
17	83 5
17	85 5
17	79 64
17	84 6
17	84 7
17	84 8
17	84 9
17	83 9
17	85 9
17	79 64
17	84 10
17	84 11
17	84 12
17	84 13
17	83 13
17	85 13
17	79 57
17	84 14
17	84 15
17	84 16
17	84 17
17	83 17
17	85 17
17	79 61
17	84 18
17	84 19
17	84 20
17	84 1
17	83 1
17	85 1
17	79 61
17	84 2
17	84 3
17	84 4
17	84 5
17	83 5
17	85 5
17	79 57
17	84 6
17	84 7
17	84 8
17	84 9
17	83 9
17	85 9
17	79 60
17	84 10
17	84 11
17	84 12
17	84 13
17	83 13
17	85 13
17	79 58
17	84 14
17	84 15
17	84 16
17	84 17
17	83 17
17	85 17
17	79 61
17	84 18
17	84 19
17	84 20
17	84 1
17	83 1
17	85 1
17	79 58
17	84 2
17	84 3
17	84 4
17	84 5
17	83 5
17	85 5
17	79 55
17	84 6
17	84 7
17	84 8
17	84 9
17	83 9
17	85 9
17	79 59
17	84 10
17	84 11
17	84 12
17	84 13
17	83 13
17	85 13
17	79 58
17	84 14
17	84 15
17	84 16
17	84 17
17	83 17
17	85 17
17	79 57
17	84 18
17	84 19
17	84 20
17	84 1
17	83 1
17	85 1
17	79 66
17	84 2
17	84 3
17	84 4
17	84 5
17	83 5
17	85 5
17	79 52
17	84 6
17	84 7
17	84 8
17	84 9
17	83 9
17	85 9
17	79 61
17	84 10
17	84 11
17	84 12
17	84 13
17	83 13
17	85 13
17	79 67
17	84 14
17	84 15
17	84 16
17	84 17
17	83 17
17	85 17
17	79 51
17	84 18
17	84 19
17	84 20
17	84 1
17	83 1
17	85 1
17	79 51
17	84 2
17	84 3
17	84 4
17	84 5
17	83 5
17	85 5
17	79 61
17	84 6
17	84 7
17	84 8
17	84 9
17	83 9
17	85 9
17	79 63
17	84 10
17	84 11
17	84 12
17	84 13
17	83 13
17	85 13
17	79 60
17	84 14
17	84 15
17	84 16
17	84 17
17	83 17
17	85 17
17	79 54
17	84 18
17	84 19
17	84 20
17	84 1
17	83 1
17	85 1
17	79 59
17	84 2
17	84 3
17	84 4
17	84 5
17	83 5
17	85 5
17	79 59
17	84 6
17	84 7
17	84 8
17	84 9
17	83 9
17	85 9
17	79 65
17	84 10
17	84 11
17	84 12
17	84 13
17	83 13
17	85 13
17	79 55
17	84 14
17	84 15
17	84 16
17	84 17
17	83 17
17	85 17
17	79 60
17	84 18
17	84 19
17	84 20
17	84 1
17	83 1
17	85 1
17	79 53
17	84 2
17	84 3
17	84 4
17	84 5
17	83 5
17	85 5
17	79 64
17	84 6
17	84 7
17	84 8
17	84 9
17	84 10
17	84 11
17	83 11
17	85 11
17	79 58
17	84 12
17	84 13
17	84 14
17	84 15
17	83 15
17	85 15
17	79 60
17	84 16
17	84 17
17	84 18
17	84 19
17	83 19
17	85 19
17	79 64
17	84 20
17	84 1
17	84 2
17	84 3
17	83 3
17	85 3
17	79 58
17	84 4
17	84 5
17	84 6
17	84 7
17	83 7
17	85 7
17	79 54
17	84 8
17	84 9
17	84 10
17	TEST_NUMBER 0
17	SENT_TOTAL 250
17	RECEIVED_TOTAL 61
17	TIME_TOTAL 19457
17	RECEIVED_RADIO_1 61
17	RECEIVED_RADIO_2 0
17	SENT_RADIO_1 125
17	SENT_RADIO_2 124
17	RADIO_TIME_1 19763
17	RADIO_TIME_2 19763
17	RETRANSMISSIONS_1 0
17	RETRANSMISSIONS_2 0
17	DROPPED_1 0
17	DROPPED_2 0
17	MAX_QUEUE 1
17	DUPLICATED_1 0
17	DUPLICATED_2 0
17	EBUSY_RADIO_1 0
17	EBUSY_RADIO_2 0
17	84 1
17	83 1
17	85 1
17	79 63
17	84 2
17	84 3
17	84 4
17	84 5
17	83 5
17	85 5
17	79 60
17	84 6
17	84 7
17	84 8
17	84 9
17	83 9
17	85 9
17	79 56
17	84 10
17	84 11
17	84 12
17	84 13
17	83 13
17	85 13
17	79 56
17	84 14
17	84 15
17	84 16
17	84 17
17	83 17
17	85 17
17	79 56
17	84 18
17	84 19
17	84 20
17	84 1
17	83 1
17	85 1
17	79 66
17	84 2
17	84 3
17	84 4
17	84 5
17	83 5
17	85 5
17	79 60
17	84 6
17	84 7
17	84 8
17	84 9
17	83 9
17	85 9
17	79 58
17	84 10
17	84 11
17	84 12
17	84 13
17	83 13
17	85 13
17	79 61
17	84 14
17	84 15
17	84 16
17	84 17
17	83 17
17	85 17
17	79 62
17	84 18
17	84 19
17	84 20
17	84 1
17	83 1
17	85 1
17	79 54
17	84 2
17	84 3
17	84 4
17	84 5
17	84 6
17	84 7
17	83 7
17	85 7
17	79 61
17	84 8
17	84 9
17	84 10
17	84 11
17	83 11
17	85 11
17	79 63
17	84 12
17	84 13
17	84 14
17	84 15
17	83 15
17	85 15
17	79 57
17	84 16
17	84 17
17	84 18
17	84 19
17	83 19
17	85 19
17	79 61
17	84 20
17	84 1
17	84 2
17	84 3
17	83 3
17	85 3
17	79 60
17	84 4
17	84 5
17	84 6
17	84 7
17	83 7
17	85 7
17	79 64
17	84 8
17	84 9
17	84 10
17	84 11
17	83 11
17	85 11
17	79 66
17	84 12
17	84 13
17	84 14
17	84 15
17	83 15
17	85 15
17	79 60
17	84 16
17	84 17
17	84 18
17	84 19
17	83 19
17	85 19
17	79 62
17	84 20
17	84 1
17	84 2
17	84 3
17	83 3
17	85 3
17	79 65
17	84 4
17	84 5
17	84 6
17	84 7
17	83 7
17	85 7
17	79 61
17	84 8
17	84 9
17	84 10
17	84 11
17	83 11
17	85 11
17	79 64
17	84 12
17	84 13
17	84 14
17	84 15
17	83 15
17	85 15
17	79 57
17	84 16
17	84 17
17	84 18
17	84 19
17	83 19
17	85 19
17	79 56
17	84 20
17	84 1
17	84 2
17	84 3
17	83 3
17	85 3
17	79 62
17	84 4
17	84 5
17	84 6
17	84 7
17	84 8
17	84 9
17	83 9
17	85 9
17	79 64
17	84 10
17	84 11
17	84 12
17	84 13
17	83 13
17	85 13
17	79 62
17	84 14
17	84 15
17	84 16
17	84 17
17	83 17
17	85 17
17	79 55
17	84 18
17	84 19
17	84 20
17	84 1
17	83 1
17	85 1
17	79 63
17	84 2
17	84 3
17	84 4
17	84 5
17	84 6
17	84 7
17	83 7
17	85 7
17	79 55
17	84 8
17	84 9
17	84 10
17	84 11
17	84 12
17	84 13
17	83 13
17	85 13
17	79 62
17	84 14
17	84 15
17	84 16
17	84 17
17	83 17
17	85 17
17	79 70
17	84 18
17	84 19
17	84 20
17	84 1
17	84 2
17	84 3
17	83 3
17	85 3
17	79 55
17	84 4
17	84 5
17	84 6
17	84 7
17	84 8
17	84 9
17	83 9
17	85 9
17	79 54
17	84 10
17	84 11
17	84 12
17	84 13
17	83 13
17	85 13
17	79 65
17	84 14
17	84 15
17	84 16
17	84 17
17	83 17
17	85 17
17	79 55
17	84 18
17	84 19
17	84 20
17	84 1
17	84 2
17	84 3
17	83 3
17	85 3
17	79 64
17	84 4
17	84 5
17	84 6
17	84 7
17	83 7
17	85 7
17	79 52
17	84 8
17	84 9
17	84 10
17	84 11
17	83 11
17	85 11
17	79 62
17	84 12
17	84 13
17	84 14
17	84 15
17	83 15
17	85 15
17	79 55
17	84 16
17	84 17
17	84 18
17	84 19
17	84 20
17	84 1
17	84 2
17	84 3
17	83 3
17	85 3
17	79 66
17	84 4
17	84 5
17	84 6
17	84 7
17	83 7
17	85 7
17	79 60
17	84 8
17	84 9
17	84 10
17	84 11
17	83 11
17	85 11
17	79 62
17	84 12
17	84 13
17	84 14
17	84 15
17	83 15
17	85 15
17	79 55
17	84 16
17	84 17
17	84 18
17	84 19
17	83 19
17	85 19
17	79 59
17	84 20
17	84 1
17	84 2
17	84 3
17	83 3
17	85 3
17	79 62
17	84 4
17	84 5
17	84 6
17	84 7
17	83 7
17	85 7
17	79 59
17	84 8
17	84 9
17	84 10
17	84 11
17	83 11
17	85 11
17	79 54
17	84 12
17	84 13
17	84 14
17	84 15
17	84 16
17	84 17
17	83 17
17	85 17
17	79 54
17	84 18
17	84 19
17	84 20
17	84 1
17	84 2
17	84 3
17	83 3
17	85 3
17	79 58
17	84 4
17	84 5
17	84 6
17	84 7
17	83 7
17	85 7
17	79 66
17	84 8
17	84 9
17	84 10
17	84 11
17	83 11
17	85 11
17	79 62
17	84 12
17	84 13
17	84 14
17	84 15
17	83 15
17	85 15
17	79 49
17	84 16
17	84 17
17	84 18
17	84 19
17	83 19
17	85 19
17	79 63
17	84 20
17	84 1
17	84 2
17	84 3
17	83 3
17	85 3
17	79 65
17	84 4
17	84 5
17	84 6
17	84 7
17	83 7
17	85 7
17	79 62
17	84 8
17	84 9
17	84 10
17	TEST_NUMBER 1
17	SENT_TOTAL 250
17	RECEIVED_TOTAL 57
17	TIME_TOTAL 19603
17	RECEIVED_RADIO_1 57
17	RECEIVED_RADIO_2 0
17	SENT_RADIO_1 125
17	SENT_RADIO_2 125
17	RADIO_TIME_1 19763
17	RADIO_TIME_2 19763
17	RETRANSMISSIONS_1 0
17	RETRANSMISSIONS_2 0
17	DROPPED_1 0
17	DROPPED_2 0
17	MAX_QUEUE 1
17	DUPLICATED_1 0
17	DUPLICATED_2 0
17	EBUSY_RADIO_1 0
17	EBUSY_RADIO_2 0
17	84 1
17	83 1
17	85 1
17	79 61
17	84 2
17	84 3
17	84 4
17	84 5
17	83 5
17	85 5
17	79 60
17	84 6
17	84 7
17	84 8
17	84 9
17	83 9
17	85 9
17	79 60
17	84 10
17	84 11
17	84 12
17	84 13
17	84 14
17	84 15
17	83 15
17	85 15
17	79 60
17	84 16
17	84 17
17	84 18
17	84 19
17	83 19
17	85 19
17	79 56
17	84 20
17	84 1
17	84 2
17	84 3
17	83 3
17	85 3
17	79 54
17	84 4
17	84 5
17	84 6
17	84 7
17	83 7
17	85 7
17	79 59
17	84 8
17	84 9
17	84 10
17	84 11
17	83 11
17	85 11
17	79 61
17	84 12
17	84 13
17	84 14
17	84 15
17	83 15
17	85 15
17	79 63
17	84 16
17	84 17
17	84 18
17	84 19
17	83 19
17	85 19
17	79 55
17	84 20
17	84 1
17	84 2
17	84 3
17	83 3
17	85 3
17	79 61
17	84 4
17	84 5
17	84 6
17	84 7
17	83 7
17	85 7
17	79 57
17	84 8
17	84 9
17	84 10
17	84 11
17	83 11
17	85 11
17	79 55
17	84 12
17	84 13
17	84 14
17	84 15
17	83 15
17	85 15
17	79 66
17	84 16
17	84 17
17	84 18
17	84 19
17	84 20
17	84 1
17	83 1
17	85 1
17	79 55
17	84 2
17	84 3
17	84 4
17	84 5
17	83 5
17	85 5
17	79 54
17	84 6
17	84 7
17	84 8
17	84 9
17	83 9
17	85 9
17	79 56
17	84 10
17	84 11
17	84 12
17	84 13
17	83 13
17	85 13
17	79 54
17	84 14
17	84 15
17	84 16
17	84 17
17	83 17
17	85 17
17	79 59
17	84 18
17	84 19
17	84 20
17	84 1
17	84 2
17	84 3
17	83 3
17	85 3
17	79 66
17	84 4
17	84 5
17	84 6
17	84 7
17	84 8
17	84 9
17	83 9
17	85 9
17	79 52
17	84 10
17	84 11
17	84 12
17	84 13
17	83 13
17	85 13
17	79 63
17	84 14
17	84 15
17	84 16
17	84 17
17	83 17
17	85 17
17	79 56
17	84 18
17	84 19
17	84 20
17	84 1
17	83 1
17	85 1
17	79 67
17	84 2
17	84 3
17	84 4
17	84 5
17	83 5
17	85 5
17	79 64
17	84 6
17	84 7
17	84 8
17	84 9
17	83 9
17	85 9
17	79 53
17	84 10
17	84 11
17	84 12
17	84 13
17	83 13
17	85 13
17	79 58
17	84 14
17	84 15
17	84 16
17	84 17
17	83 17
17	85 17
17	79 61
17	84 18
17	84 19
17	84 20
17	84 1
17	83 1
17	85 1
17	79 57
17	84 2
17	84 3
17	84 4
17	84 5
17	83 5
17	85 5
17	79 57
17	84 6
17	84 7
17	84 8
17	84 9
17	83 9
17	85 9
17	79 63
17	84 10
17	84 11
17	84 12
17	84 13
17	83 13
17	85 13
17	79 53
17	84 14
17	84 15
17	84 16
17	84 17
17	83 17
17	85 17
17	79 65
17	84 18
17	84 19
17	84 20
17	84 1
17	84 2
17	84 3
17	83 3
17	85 3
17	79 57
17	84 4
17	84 5
17	84 6
17	84 7
17	83 7
17	85 7
17	79 57
17	84 8
17	84 9
17	84 10
17	84 11
17	83 11
17	85 11
17	79 60
17	84 12
17	84 13
17	84 14
17	84 15
17	83 15
17	85 15
17	79 57
17	84 16
17	84 17
17	84 18
17	84 19
17	83 19
17	85 19
17	79 56
17	84 20
17	84 1
17	84 2
17	84 3
17	83 3
17	85 3
17	79 58
17	84 4
17	84 5
17	84 6
17	84 7
17	83 7
17	85 7
17	79 55
17	84 8
17	84 9
17	84 10
17	84 11
17	83 11
17	85 11
17	79 60
17	84 12
17	84 13
17	84 14
17	84 15
17	83 15
17	85 15
17	79 59
17	84 16
17	84 17
17	84 18
17	84 19
17	83 19
17	85 19
17	79 58
17	84 20
17	84 1
17	84 2
17	84 3
17	83 3
17	85 3
17	79 62
17	84 4
17	84 5
17	84 6
17	84 7
17	83 7
17	85 7
17	79 59
17	84 8
17	84 9
17	84 10
17	84 11
17	84 12
17	84 13
17	83 13
17	85 13
17	79 54
17	84 14
17	84 15
17	84 16
17	84 17
17	83 17
17	85 17
17	79 59
17	84 18
17	84 19
17	84 20
17	84 1
17	83 1
17	85 1
17	79 64
17	84 2
17	84 3
17	84 4
17	84 5
17	83 5
17	85 5
17	79 62
17	84 6
17	84 7
17	84 8
17	84 9
17	83 9
17	85 9
17	79 65
17	84 10
17	84 11
17	84 12
17	84 13
17	83 13
17	85 13
17	79 54
17	84 14
17	84 15
17	84 16
17	84 17
17	83 17
17	85 17
17	79 60
17	84 18
17	84 19
17	84 20
17	84 1
17	83 1
17	85 1
17	79 58
17	84 2
17	84 3
17	84 4
17	84 5
17	83 5
17	85 5
17	79 63
17	84 6
17	84 7
17	84 8
17	84 9
17	84 10
17	84 11
17	83 11
17	85 11
17	79 58
17	84 12
17	84 13
17	84 14
17	84 15
17	84 16
17	84 17
17	83 17
17	85 17
17	79 56
17	84 18
17	84 19
17	84 20
17	84 1
17	83 1
17	85 1
17	79 56
17	84 2
17	84 3
17	84 4
17	84 5
17	83 5
17	85 5
17	79 60
17	84 6
17	84 7
17	84 8
17	84 9
17	84 10
17	TEST_NUMBER 2
17	SENT_TOTAL 250
17	RECEIVED_TOTAL 58
17	TIME_TOTAL 19443
17	RECEIVED_RADIO_1 58
17	RECEIVED_RADIO_2 0
17	SENT_RADIO_1 125
17	SENT_RADIO_2 125
17	RADIO_TIME_1 19763
17	RADIO_TIME_2 19763
17	RETRANSMISSIONS_1 0
17	RETRANSMISSIONS_2 0
17	DROPPED_1 0
17	DROPPED_2 0
17	MAX_QUEUE 1
17	DUPLICATED_1 0
17	DUPLICATED_2 0
17	EBUSY_RADIO_1 0
17	EBUSY_RADIO_2 0
17	84 1
17	83 1
17	85 1
17	79 65
17	84 2
17	84 3
17	84 4
17	84 5
17	83 5
17	85 5
17	79 58
17	84 6
17	84 7
17	84 8
17	84 9
17	83 9
17	85 9
17	79 60
17	84 10
17	84 11
17	84 12
17	84 13
17	83 13
17	85 13
17	79 54
17	84 14
17	84 15
17	84 16
17	84 17
17	83 17
17	85 17
17	79 62
17	84 18
17	84 19
17	84 20
17	84 1
17	83 1
17	85 1
17	79 52
17	84 2
17	84 3
17	84 4
17	84 5
17	83 5
17	85 5
17	79 62
17	84 6
17	84 7
17	84 8
17	84 9
17	83 9
17	85 9
17	79 66
17	84 10
17	84 11
17	84 12
17	84 13
17	83 13
17	85 13
17	79 54
17	84 14
17	84 15
17	84 16
17	84 17
17	83 17
17	85 17
17	79 61
17	84 18
17	84 19
17	84 20
17	84 1
17	83 1
17	85 1
17	79 62
17	84 2
17	84 3
17	84 4
17	84 5
17	83 5
17	85 5
17	79 55
17	84 6
17	84 7
17	84 8
17	84 9
17	83 9
17	85 9
17	79 58
17	84 10
17	84 11
17	84 12
17	84 13
17	83 13
17	85 13
17	79 59
17	84 14
17	84 15
17	84 16
17	84 17
17	83 17
17	85 17
17	79 57
17	84 18
17	84 19
17	84 20
17	84 1
17	83 1
17	85 1
17	79 57
17	84 2
17	84 3
17	84 4
17	84 5
17	83 5
17	85 5
17	79 60
17	84 6
17	84 7
17	84 8
17	84 9
17	83 9
17	85 9
17	79 58
17	84 10
17	84 11
17	84 12
17	84 13
17	83 13
17	85 13
17	79 59
17	84 14
17	84 15
17	84 16
17	84 17
17	83 17
17	85 17
17	79 53
17	84 18
17	84 19
17	84 20
17	84 1
17	83 1
17	85 1
17	79 61
17	84 2
17	84 3
17	84 4
17	84 5
17	84 6
17	84 7
17	83 7
17	85 7
17	79 70
17	84 8
17	84 9
17	84 10
17	84 11
17	83 11
17	85 11
17	79 55
17	84 12
17	84 13
17	84 14
17	84 15
17	84 16
17	84 17
17	83 17
17	85 17
17	79 56
17	84 18
17	84 19
17	84 20
17	84 1
17	83 1
17	85 1
17	79 59
17	84 2
17	84 3
17	84 4
17	84 5
17	83 5
17	85 5
17	79 58
17	84 6
17	84 7
17	84 8
17	84 9
17	83 9
17	85 9
17	79 51
17	84 10
17	84 11
17	84 12
17	84 13
17	83 13
17	85 13
17	79 57
17	84 14
17	84 15
17	84 16
17	84 17
17	84 18
17	84 19
17	83 19
17	85 19
17	79 56
17	84 20
17	84 1
17	84 2
17	84 3
17	83 3
17	85 3
17	79 59
17	84 4
17	84 5
17	84 6
17	84 7
17	83 7
17	85 7
17	79 55
17	84 8
17	84 9
17	84 10
17	84 11
17	83 11
17	85 11
17	79 63
17	84 12
17	84 13
17	84 14
17	84 15
17	83 15
17	85 15
17	79 54
17	84 16
17	84 17
17	84 18
17	84 19
17	83 19
17	85 19
17	79 63
17	84 20
17	84 1
17	84 2
17	84 3
17	83 3
17	85 3
17	79 57
17	84 4
17	84 5
17	84 6
17	84 7
17	83 7
17	85 7
17	79 56
17	84 8
17	84 9
17	84 10
17	84 11
17	84 12
17	84 13
17	84 14
17	84 15
17	83 15
17	85 15
17	79 59
17	84 16
17	84 17
17	84 18
17	84 19
17	83 19
17	85 19
17	79 56
17	84 20
17	84 1
17	84 2
17	84 3
17	83 3
17	85 3
17	79 57
17	84 4
17	84 5
17	84 6
17	84 7
17	83 7
17	85 7
17	79 65
17	84 8
17	84 9
17	84 10
17	84 11
17	83 11
17	85 11
17	79 55
17	84 12
17	84 13
17	84 14
17	84 15
17	83 15
17	85 15
17	79 60
17	84 16
17	84 17
17	84 18
17	84 19
17	84 20
17	84 1
17	83 1
17	85 1
17	79 60
17	84 2
17	84 3
17	84 4
17	84 5
17	83 5
17	85 5
17	79 60
17	84 6
17	84 7
17	84 8
17	84 9
17	83 9
17	85 9
17	79 60
17	84 10
17	84 11
17	84 12
17	84 13
17	83 13
17	85 13
17	79 53
17	84 14
17	84 15
17	84 16
17	84 17
17	83 17
17	85 17
17	79 60
17	84 18
17	84 19
17	84 20
17	84 1
17	84 2
17	84 3
17	83 3
17	85 3
17	79 60
17	84 4
17	84 5
17	84 6
17	84 7
17	83 7
17	85 7
17	79 58
17	84 8
17	84 9
17	84 10
17	84 11
17	83 11
17	85 11
17	79 63
17	84 12
17	84 13
17	84 14
17	84 15
17	83 15
17	85 15
17	79 47
17	84 16
17	84 17
17	84 18
17	84 19
17	83 19
17	85 19
17	79 59
17	84 20
17	84 1
17	84 2
17	84 3
17	83 3
17	85 3
17	79 56
17	84 4
17	84 5
17	84 6
17	84 7
17	83 7
17	85 7
17	79 54
17	84 8
17	84 9
17	84 10
17	84 11
17	83 11
17	85 11
17	79 62
17	84 12
17	84 13
17	84 14
17	84 15
17	83 15
17	85 15
17	79 54
17	84 16
17	84 17
17	84 18
17	84 19
17	83 19
17	85 19
17	79 57
17	84 20
17	84 1
17	84 2
17	84 3
17	83 3
17	85 3
17	79 60
17	84 4
17	84 5
17	84 6
17	84 7
17	83 7
17	85 7
17	79 65
17	84 8
17	84 9
17	84 10
17	TEST_NUMBER 3
17	SENT_TOTAL 250
17	RECEIVED_TOTAL 59
17	TIME_TOTAL 19604
17	RECEIVED_RADIO_1 59
17	RECEIVED_RADIO_2 0
17	SENT_RADIO_1 125
17	SENT_RADIO_2 125
17	RADIO_TIME_1 19763
17	RADIO_TIME_2 19763
17	RETRANSMISSIONS_1 0
17	RETRANSMISSIONS_2 0
17	DROPPED_1 0
17	DROPPED_2 0
17	MAX_QUEUE 1
17	DUPLICATED_1 0
17	DUPLICATED_2 0
17	EBUSY_RADIO_1 0
17	EBUSY_RADIO_2 0
17	84 1
17	83 1
17	85 1
17	79 56
17	84 2
17	84 3
17	84 4
17	84 5
17	83 5
17	85 5
17	79 64
17	84 6
17	84 7
17	84 8
17	84 9
17	83 9
17	85 9
17	79 61
17	84 10
17	84 11
17	84 12
17	84 13
17	83 13
17	85 13
17	79 58
17	84 14
17	84 15
17	84 16
17	84 17
17	83 17
17	85 17
17	79 65
17	84 18
17	84 19
17	84 20
17	84 1
17	83 1
17	85 1
17	79 61
17	84 2
17	84 3
17	84 4
17	84 5
17	83 5
17	85 5
17	79 61
17	84 6
17	84 7
17	84 8
17	84 9
17	83 9
17	85 9
17	79 59
17	84 10
17	84 11
17	84 12
17	84 13
17	83 13
17	85 13
17	79 59
17	84 14
17	84 15
17	84 16
17	84 17
17	83 17
17	85 17
17	79 57
17	84 18
17	84 19
17	84 20
17	84 1
17	83 1
17	85 1
17	79 58
17	84 2
17	84 3
17	84 4
17	84 5
17	83 5
17	85 5
17	79 63
17	84 6
17	84 7
17	84 8
17	84 9
17	83 9
17	85 9
17	79 57
17	84 10
17	84 11
17	84 12
17	84 13
17	83 13
17	85 13
17	79 54
17	84 14
17	84 15
17	84 16
17	84 17
17	83 17
17	85 17
17	79 63
17	84 18
17	84 19
17	84 20
17	84 1
17	83 1
17	85 1
17	79 63
17	84 2
17	84 3
17	84 4
17	84 5
17	83 5
17	85 5
17	79 57
17	84 6
17	84 7
17	84 8
17	84 9
17	83 9
17	85 9
17	79 59
17	84 10
17	84 11
17	84 12
17	84 13
17	83 13
17	85 13
17	79 53
17	84 14
17	84 15
17	84 16
17	84 17
17	83 17
17	85 17
17	79 50
17	84 18
17	84 19
17	84 20
17	84 1
17	83 1
17	85 1
17	79 54
17	84 2
17	84 3
17	84 4
17	84 5
17	83 5
17	85 5
17	79 56
17	84 6
17	84 7
17	84 8
17	84 9
17	83 9
17	85 9
17	79 61
17	84 10
17	84 11
17	84 12
17	84 13
17	83 13
17	85 13
17	79 55
17	84 14
17	84 15
17	84 16
17	84 17
17	83 17
17	85 17
17	79 62
17	84 18
17	84 19
17	84 20
17	84 1
17	83 1
17	85 1
17	79 63
17	84 2
17	84 3
17	84 4
17	84 5
17	83 5
17	85 5
17	79 61
17	84 6
17	84 7
17	84 8
17	84 9
17	83 9
17	85 9
17	79 54
17	84 10
17	84 11
17	84 12
17	84 13
17	83 13
17	85 13
17	79 61
17	84 14
17	84 15
17	84 16
17	84 17
17	83 17
17	85 17
17	79 51
17	84 18
17	84 19
17	84 20
17	84 1
17	84 2
17	84 3
17	83 3
17	85 3
17	79 63
17	84 4
17	84 5
17	84 6
17	84 7
17	83 7
17	85 7
17	79 56
17	84 8
17	84 9
17	84 10
17	84 11
17	83 11
17	85 11
17	79 69
17	84 12
17	84 13
17	84 14
17	84 15
17	84 16
17	84 17
17	83 17
17	85 17
17	79 59
17	84 18
17	84 19
17	84 20
17	84 1
17	83 1
17	85 1
17	79 58
17	84 2
17	84 3
17	84 4
17	84 5
17	83 5
17	85 5
17	79 52
17	84 6
17	84 7
17	84 8
17	84 9
17	83 9
17	85 9
17	79 56
17	84 10
17	84 11
17	84 12
17	84 13
17	83 13
17	85 13
17	79 62
17	84 14
17	84 15
17	84 16
17	84 17
17	83 17
17	85 17
17	79 57
17	84 18
17	84 19
17	84 20
17	84 1
17	84 2
17	84 3
17	83 3
17	85 3
17	79 57
17	84 4
17	84 5
17	84 6
17	84 7
17	83 7
17	85 7
17	79 56
17	84 8
17	84 9
17	84 10
17	84 11
17	84 12
17	84 13
17	83 13
17	85 13
17	79 65
17	84 14
17	84 15
17	84 16
17	84 17
17	83 17
17	85 17
17	79 52
17	84 18
17	84 19
17	84 20
17	84 1
17	83 1
17	85 1
17	79 62
17	84 2
17	84 3
17	84 4
17	84 5
17	84 6
17	84 7
17	84 8
17	84 9
17	83 9
17	85 9
17	79 59
17	84 10
17	84 11
17	84 12
17	84 13
17	83 13
17	85 13
17	79 55
17	84 14
17	84 15
17	84 16
17	84 17
17	83 17
17	85 17
17	79 53
17	84 18
17	84 19
17	84 20
17	84 1
17	83 1
17	85 1
17	79 50
17	84 2
17	84 3
17	84 4
17	84 5
17	83 5
17	85 5
17	79 51
17	84 6
17	84 7
17	84 8
17	84 9
17	83 9
17	85 9
17	79 65
17	84 10
17	84 11
17	84 12
17	84 13
17	83 13
17	85 13
17	79 64
17	84 14
17	84 15
17	84 16
17	84 17
17	84 18
17	84 19
17	83 19
17	85 19
17	79 50
17	84 20
17	84 1
17	84 2
17	84 3
17	83 3
17	85 3
17	79 65
17	84 4
17	84 5
17	84 6
17	84 7
17	83 7
17	85 7
17	79 55
17	84 8
17	84 9
17	84 10
17	84 11
17	83 11
17	85 11
17	79 62
17	84 12
17	84 13
17	84 14
17	84 15
17	83 15
17	85 15
17	79 48
17	84 16
17	84 17
17	84 18
17	84 19
17	83 19
17	85 19
17	79 55
17	84 20
17	84 1
17	84 2
17	84 3
17	83 3
17	85 3
17	79 51
17	84 4
17	84 5
17	84 6
17	84 7
17	83 7
17	85 7
17	79 64
17	84 8
17	84 9
17	84 10
17	TEST_NUMBER 4
17	SENT_TOTAL 250
17	RECEIVED_TOTAL 59
17	TIME_TOTAL 19612
17	RECEIVED_RADIO_1 59
17	RECEIVED_RADIO_2 0
17	SENT_RADIO_1 125
17	SENT_RADIO_2 125
17	RADIO_TIME_1 19763
17	RADIO_TIME_2 19763
17	RETRANSMISSIONS_1 0
17	RETRANSMISSIONS_2 0
17	DROPPED_1 0
17	DROPPED_2 0
17	MAX_QUEUE 1
17	DUPLICATED_1 0
17	DUPLICATED_2 0
17	EBUSY_RADIO_1 0
17	EBUSY_RADIO_2 0
17	84 1
17	83 1
17	85 1
17	79 57
17	84 2
17	84 3
17	84 4
17	84 5
17	83 5
17	85 5
17	79 57
17	84 6
17	84 7
17	84 8
17	84 9
17	83 9
17	85 9
17	79 53
17	84 10
17	84 11
17	84 12
17	84 13
17	83 13
17	85 13
17	79 62
17	84 14
17	84 15
17	84 16
17	84 17
17	83 17
17	85 17
17	79 64
17	84 18
17	84 19
17	84 20
17	84 1
17	83 1
17	85 1
17	79 49
17	84 2
17	84 3
17	84 4
17	84 5
17	83 5
17	85 5
17	79 60
17	84 6
17	84 7
17	84 8
17	84 9
17	83 9
17	85 9
17	79 62
17	84 10
17	84 11
17	84 12
17	84 13
17	83 13
17	85 13
17	79 65
17	84 14
17	84 15
17	84 16
17	84 17
17	83 17
17	85 17
17	79 59
17	84 18
17	84 19
17	84 20
17	84 1
17	83 1
17	85 1
17	79 60
17	84 2
17	84 3
17	84 4
17	84 5
17	83 5
17	85 5
17	79 55
17	84 6
17	84 7
17	84 8
17	84 9
17	83 9
17	85 9
17	79 60
17	84 10
17	84 11
17	84 12
17	84 13
17	83 13
17	85 13
17	79 61
17	84 14
17	84 15
17	84 16
17	84 17
17	83 17
17	85 17
17	79 61
17	84 18
17	84 19
17	84 20
17	84 1
17	83 1
17	85 1
17	79 59
17	84 2
17	84 3
17	84 4
17	84 5
17	83 5
17	85 5
17	79 60
17	84 6
17	84 7
17	84 8
17	84 9
17	83 9
17	85 9
17	79 55
17	84 10
17	84 11
17	84 12
17	84 13
17	83 13
17	85 13
17	79 69
17	84 14
17	84 15
17	84 16
17	84 17
17	83 17
17	85 17
17	79 60
17	84 18
17	84 19
17	84 20
17	84 1
17	83 1
17	85 1
17	79 68
17	84 2
17	84 3
17	84 4
17	84 5
17	83 5
17	85 5
17	79 58
17	84 6
17	84 7
17	84 8
17	84 9
17	83 9
17	85 9
17	79 58
17	84 10
17	84 11
17	84 12
17	84 13
17	83 13
17	85 13
17	79 67
17	84 14
17	84 15
17	84 16
17	84 17
17	83 17
17	85 17
17	79 64
17	84 18
17	84 19
17	84 20
17	84 1
17	83 1
17	85 1
17	79 58
17	84 2
17	84 3
17	84 4
17	84 5
17	84 6
17	84 7
17	83 7
17	85 7
17	79 55
17	84 8
17	84 9
17	84 10
17	84 11
17	83 11
17	85 11
17	79 63
17	84 12
17	84 13
17	84 14
17	84 15
17	83 15
17	85 15
17	79 60
17	84 16
17	84 17
17	84 18
17	84 19
17	83 19
17	85 19
17	79 62
17	84 20
17	84 1
17	84 2
17	84 3
17	83 3
17	85 3
17	79 62
17	84 4
17	84 5
17	84 6
17	84 7
17	83 7
17	85 7
17	79 64
17	84 8
17	84 9
17	84 10
17	84 11
17	83 11
17	85 11
17	79 52
17	84 12
17	84 13
17	84 14
17	84 15
17	83 15
17	85 15
17	79 59
17	84 16
17	84 17
17	84 18
17	84 19
17	83 19
17	85 19
17	79 56
17	84 20
17	84 1
17	84 2
17	84 3
17	83 3
17	85 3
17	79 54
17	84 4
17	84 5
17	84 6
17	84 7
17	83 7
17	85 7
17	79 54
17	84 8
17	84 9
17	84 10
17	84 11
17	83 11
17	85 11
17	79 57
17	84 12
17	84 13
17	84 14
17	84 15
17	83 15
17	85 15
17	79 58
17	84 16
17	84 17
17	84 18
17	84 19
17	83 19
17	85 19
17	79 64
17	84 20
17	84 1
17	84 2
17	84 3
17	83 3
17	85 3
17	79 61
17	84 4
17	84 5
17	84 6
17	84 7
17	83 7
17	85 7
17	79 56
17	84 8
17	84 9
17	84 10
17	84 11
17	83 11
17	85 11
17	79 66
17	84 12
17	84 13
17	84 14
17	84 15
17	83 15
17	85 15
17	79 66
17	84 16
17	84 17
17	84 18
17	84 19
17	83 19
17	85 19
17	79 54
17	84 20
17	84 1
17	84 2
17	84 3
17	83 3
17	85 3
17	79 58
17	84 4
17	84 5
17	84 6
17	84 7
17	83 7
17	85 7
17	79 57
17	84 8
17	84 9
17	84 10
17	84 11
17	83 11
17	85 11
17	79 56
17	84 12
17	84 13
17	84 14
17	84 15
17	83 15
17	85 15
17	79 58
17	84 16
17	84 17
17	84 18
17	84 19
17	83 19
17	85 19
17	79 62
17	84 20
17	84 1
17	84 2
17	84 3
17	83 3
17	85 3
17	79 63
17	84 4
17	84 5
17	84 6
17	84 7
17	83 7
17	85 7
17	79 67
17	84 8
17	84 9
17	84 10
17	84 11
17	83 11
17	85 11
17	79 57
17	84 12
17	84 13
17	84 14
17	84 15
17	83 15
17	85 15
17	79 65
17	84 16
17	84 17
17	84 18
17	84 19
17	83 19
17	85 19
17	79 62
17	84 20
17	84 1
17	84 2
17	84 3
17	83 3
17	85 3
17	79 63
17	84 4
17	84 5
17	84 6
17	84 7
17	83 7
17	85 7
17	79 64
17	84 8
17	84 9
17	84 10
17	84 11
17	83 11
17	85 11
17	79 61
17	84 12
17	84 13
17	84 14
17	84 15
17	83 15
17	85 15
17	79 60
17	84 16
17	84 17
17	84 18
17	84 19
17	83 19
17	85 19
17	79 52
17	84 20
17	84 1
17	84 2
17	84 3
17	83 3
17	85 3
17	79 55
17	84 4
17	84 5
17	84 6
17	84 7
17	83 7
17	85 7
17	79 55
17	84 8
17	84 9
17	84 10
17	TEST_NUMBER 5
17	SENT_TOTAL 250
17	RECEIVED_TOTAL 62
17	TIME_TOTAL 19602
17	RECEIVED_RADIO_1 62
17	RECEIVED_RADIO_2 0
17	SENT_RADIO_1 125
17	SENT_RADIO_2 125
17	RADIO_TIME_1 19763
17	RADIO_TIME_2 19763
17	RETRANSMISSIONS_1 0
17	RETRANSMISSIONS_2 0
17	DROPPED_1 0
17	DROPPED_2 0
17	MAX_QUEUE 1
17	DUPLICATED_1 0
17	DUPLICATED_2 0
17	EBUSY_RADIO_1 0
17	EBUSY_RADIO_2 0
17	84 1
17	83 1
17	85 1
17	79 58
17	84 2
17	84 3
17	84 4
17	84 5
17	83 5
17	85 5
17	79 55
17	84 6
17	84 7
17	84 8
17	84 9
17	83 9
17	85 9
17	79 62
17	84 10
17	84 11
17	84 12
17	84 13
17	83 13
17	85 13
17	79 64
17	84 14
17	84 15
17	84 16
17	84 17
17	83 17
17	85 17
17	79 57
17	84 18
17	84 19
17	84 20
17	84 1
17	83 1
17	85 1
17	79 63
17	84 2
17	84 3
17	84 4
17	84 5
17	83 5
17	85 5
17	79 62
17	84 6
17	84 7
17	84 8
17	84 9
17	83 9
17	85 9
17	79 56
17	84 10
17	84 11
17	84 12
17	84 13
17	83 13
17	85 13
17	79 63
17	84 14
17	84 15
17	84 16
17	84 17
17	83 17
17	85 17
17	79 55
17	84 18
17	84 19
17	84 20
17	84 1
17	83 1
17	85 1
17	79 58
17	84 2
17	84 3
17	84 4
17	84 5
17	83 5
17	85 5
17	79 60
17	84 6
17	84 7
17	84 8
17	84 9
17	83 9
17	85 9
17	79 60
17	84 10
17	84 11
17	84 12
17	84 13
17	84 14
17	84 15
17	83 15
17	85 15
17	79 56
17	84 16
17	84 17
17	84 18
17	84 19
17	84 20
17	84 1
17	83 1
17	85 1
17	79 62
17	84 2
17	84 3
17	84 4
17	84 5
17	84 6
17	84 7
17	83 7
17	85 7
17	79 60
17	84 8
17	84 9
17	84 10
17	84 11
17	83 11
17	85 11
17	79 67
17	84 12
17	84 13
17	84 14
17	84 15
17	83 15
17	85 15
17	79 61
17	84 16
17	84 17
17	84 18
17	84 19
17	83 19
17	85 19
17	79 54
17	84 20
17	84 1
17	84 2
17	84 3
17	83 3
17	85 3
17	79 61
17	84 4
17	84 5
17	84 6
17	84 7
17	83 7
17	85 7
17	79 65
17	84 8
17	84 9
17	84 10
17	84 11
17	83 11
17	85 11
17	79 57
17	84 12
17	84 13
17	84 14
17	84 15
17	83 15
17	85 15
17	79 53
17	84 16
17	84 17
17	84 18
17	84 19
17	84 20
17	84 1
17	83 1
17	85 1
17	79 58
17	84 2
17	84 3
17	84 4
17	84 5
17	83 5
17	85 5
17	79 59
17	84 6
17	84 7
17	84 8
17	84 9
17	84 10
17	84 11
17	83 11
17	85 11
17	79 60
17	84 12
17	84 13
17	84 14
17	84 15
17	83 15
17	85 15
17	79 49
17	84 16
17	84 17
17	84 18
17	84 19
17	83 19
17	85 19
17	79 59
17	84 20
17	84 1
17	84 2
17	84 3
17	83 3
17	85 3
17	79 58
17	84 4
17	84 5
17	84 6
17	84 7
17	83 7
17	85 7
17	79 56
17	84 8
17	84 9
17	84 10
17	84 11
17	83 11
17	85 11
17	79 61
17	84 12
17	84 13
17	84 14
17	84 15
17	83 15
17	85 15
17	79 59
17	84 16
17	84 17
17	84 18
17	84 19
17	83 19
17	85 19
17	79 50
17	84 20
17	84 1
17	84 2
17	84 3
17	83 3
17	85 3
17	79 62
17	84 4
17	84 5
17	84 6
17	84 7
17	83 7
17	85 7
17	79 61
17	84 8
17	84 9
17	84 10
17	84 11
17	83 11
17	85 11
17	79 52
17	84 12
17	84 13
17	84 14
17	84 15
17	83 15
17	85 15
17	79 61
17	84 16
17	84 17
17	84 18
17	84 19
17	83 19
17	85 19
17	79 63
17	84 20
17	84 1
17	84 2
17	84 3
17	83 3
17	85 3
17	79 57
17	84 4
17	84 5
17	84 6
17	84 7
17	83 7
17	85 7
17	79 58
17	84 8
17	84 9
17	84 10
17	84 11
17	83 11
17	85 11
17	79 65
17	84 12
17	84 13
17	84 14
17	84 15
17	84 16
17	84 17
17	83 17
17	85 17
17	79 54
17	84 18
17	84 19
17	84 20
17	84 1
17	83 1
17	85 1
17	79 57
17	84 2
17	84 3
17	84 4
17	84 5
17	83 5
17	85 5
17	79 51
17	84 6
17	84 7
17	84 8
17	84 9
17	83 9
17	85 9
17	79 56
17	84 10
17	84 11
17	84 12
17	84 13
17	83 13
17	85 13
17	79 56
17	84 14
17	84 15
17	84 16
17	84 17
17	83 17
17	85 17
17	79 61
17	84 18
17	84 19
17	84 20
17	84 1
17	84 2
17	84 3
17	83 3
17	85 3
17	79 61
17	84 4
17	84 5
17	84 6
17	84 7
17	83 7
17	85 7
17	79 53
17	84 8
17	84 9
17	84 10
17	84 11
17	83 11
17	85 11
17	79 57
17	84 12
17	84 13
17	84 14
17	84 15
17	83 15
17	85 15
17	79 55
17	84 16
17	84 17
17	84 18
17	84 19
17	83 19
17	85 19
17	79 58
17	84 20
17	84 1
17	84 2
17	84 3
17	83 3
17	85 3
17	79 61
17	84 4
17	84 5
17	84 6
17	84 7
17	83 7
17	85 7
17	79 63
17	84 8
17	84 9
17	84 10
17	84 11
17	83 11
17	85 11
17	79 61
17	84 12
17	84 13
17	84 14
17	84 15
17	83 15
17	85 15
17	79 62
17	84 16
17	84 17
17	84 18
17	84 19
17	83 19
17	85 19
17	79 61
17	84 20
17	84 1
17	84 2
17	84 3
17	83 3
17	85 3
17	79 69
17	84 4
17	84 5
17	84 6
17	84 7
17	83 7
17	85 7
17	79 54
17	84 8
17	84 9
17	84 10
17	TEST_NUMBER 6
17	SENT_TOTAL 250
17	RECEIVED_TOTAL 59
17	TIME_TOTAL 19600
17	RECEIVED_RADIO_1 59
17	RECEIVED_RADIO_2 0
17	SENT_RADIO_1 125
17	SENT_RADIO_2 125
17	RADIO_TIME_1 19763
17	RADIO_TIME_2 19763
17	RETRANSMISSIONS_1 0
17	RETRANSMISSIONS_2 0
17	DROPPED_1 0
17	DROPPED_2 0
17	MAX_QUEUE 1
17	DUPLICATED_1 0
17	DUPLICATED_2 0
17	EBUSY_RADIO_1 0
17	EBUSY_RADIO_2 0

20	RELAY_NODE 20
20	TEST_NUMBER 0
20	SENT_TOTAL 0
20	RECEIVED_TOTAL 0
20	TIME_TOTAL 0
20	RECEIVED_RADIO_1 122
20	RECEIVED_RADIO_2 61
20	SENT_RADIO_1 61
20	SENT_RADIO_2 122
20	RADIO_TIME_1 19647
20	RADIO_TIME_2 19647
20	RETRANSMISSIONS_1 0
20	RETRANSMISSIONS_2 0
20	DROPPED_1 0
20	DROPPED_2 0
20	MAX_QUEUE 1
20	DUPLICATED_1 0
20	DUPLICATED_2 0
20	EBUSY_RADIO_1 0
20	EBUSY_RADIO_2 0
20	TEST_NUMBER 1
20	SENT_TOTAL 0
20	RECEIVED_TOTAL 0
20	TIME_TOTAL 0
20	RECEIVED_RADIO_1 114
20	RECEIVED_RADIO_2 57
20	SENT_RADIO_1 57
20	SENT_RADIO_2 114
20	RADIO_TIME_1 29771
20	RADIO_TIME_2 29771
20	RETRANSMISSIONS_1 0
20	RETRANSMISSIONS_2 0
20	DROPPED_1 0
20	DROPPED_2 0
20	MAX_QUEUE 1
20	DUPLICATED_1 0
20	DUPLICATED_2 0
20	EBUSY_RADIO_1 0
20	EBUSY_RADIO_2 0
20	TEST_NUMBER 2
20	SENT_TOTAL 0
20	RECEIVED_TOTAL 0
20	TIME_TOTAL 0
20	RECEIVED_RADIO_1 116
20	RECEIVED_RADIO_2 58
20	SENT_RADIO_1 58
20	SENT_RADIO_2 116
20	RADIO_TIME_1 29606
20	RADIO_TIME_2 29606
20	RETRANSMISSIONS_1 0
20	RETRANSMISSIONS_2 0
20	DROPPED_1 0
20	DROPPED_2 0
20	MAX_QUEUE 1
20	DUPLICATED_1 0
20	DUPLICATED_2 0
20	EBUSY_RADIO_1 0
20	EBUSY_RADIO_2 0
20	TEST_NUMBER 3
20	SENT_TOTAL 0
20	RECEIVED_TOTAL 0
20	TIME_TOTAL 0
20	RECEIVED_RADIO_1 120
20	RECEIVED_RADIO_2 60
20	SENT_RADIO_1 59
20	SENT_RADIO_2 120
20	RADIO_TIME_1 29773
20	RADIO_TIME_2 29773
20	RETRANSMISSIONS_1 0
20	RETRANSMISSIONS_2 0
20	DROPPED_1 0
20	DROPPED_2 0
20	MAX_QUEUE 1
20	DUPLICATED_1 0
20	DUPLICATED_2 0
20	EBUSY_RADIO_1 0
20	EBUSY_RADIO_2 0
20	TEST_NUMBER 4
20	SENT_TOTAL 0
20	RECEIVED_TOTAL 0
20	TIME_TOTAL 0
20	RECEIVED_RADIO_1 120
20	RECEIVED_RADIO_2 59
20	SENT_RADIO_1 59
20	SENT_RADIO_2 120
20	RADIO_TIME_1 29775
20	RADIO_TIME_2 29775
20	RETRANSMISSIONS_1 0
20	RETRANSMISSIONS_2 0
20	DROPPED_1 0
20	DROPPED_2 0
20	MAX_QUEUE 1
20	DUPLICATED_1 0
20	DUPLICATED_2 0
20	EBUSY_RADIO_1 0
20	EBUSY_RADIO_2 0
20	TEST_NUMBER 5
20	SENT_TOTAL 0
20	RECEIVED_TOTAL 0
20	TIME_TOTAL 0
20	RECEIVED_RADIO_1 124
20	RECEIVED_RADIO_2 62
20	SENT_RADIO_1 63
20	SENT_RADIO_2 124
20	RADIO_TIME_1 29763
20	RADIO_TIME_2 29763
20	RETRANSMISSIONS_1 0
20	RETRANSMISSIONS_2 0
20	DROPPED_1 0
20	DROPPED_2 0
20	MAX_QUEUE 1
20	DUPLICATED_1 0
20	DUPLICATED_2 0
20	EBUSY_RADIO_1 0
20	EBUSY_RADIO_2 0
20	TEST_NUMBER 6
20	SENT_TOTAL 0
20	RECEIVED_TOTAL 0
20	TIME_TOTAL 0
20	RECEIVED_RADIO_1 118
20	RECEIVED_RADIO_2 59
20	SENT_RADIO_1 59
20	SENT_RADIO_2 118
20	RADIO_TIME_1 29767
20	RADIO_TIME_2 29767
20	RETRANSMISSIONS_1 0
20	RETRANSMISSIONS_2 0
20	DROPPED_1 0
20	DROPPED_2 0
20	MAX_QUEUE 1
20	DUPLICATED_1 0
20	DUPLICATED_2 0
20	EBUSY_RADIO_1 0
20	EBUSY_RADIO_2 0
