
32	RELAY_NODE 32
32	TEST_NUMBER 0
32	SENT_TOTAL 0
32	RECEIVED_TOTAL 0
32	TIME_TOTAL 0
32	RECEIVED_RADIO_1 0
32	RECEIVED_RADIO_2 126
32	SENT_RADIO_1 126
32	SENT_RADIO_2 0
32	RADIO_TIME_1 19766
32	RADIO_TIME_2 19766
32	RETRANSMISSIONS_1 0
32	RETRANSMISSIONS_2 0
32	DROPPED_1 0
32	DROPPED_2 0
32	MAX_QUEUE 1
32	DUPLICATED_1 0
32	DUPLICATED_2 0
32	EBUSY_RADIO_1 0
32	EBUSY_RADIO_2 0
32	TEST_NUMBER 1
32	SENT_TOTAL 0
32	RECEIVED_TOTAL 0
32	TIME_TOTAL 0
32	RECEIVED_RADIO_1 0
32	RECEIVED_RADIO_2 125
32	SENT_RADIO_1 125
32	SENT_RADIO_2 0
32	RADIO_TIME_1 19763
32	RADIO_TIME_2 19763
32	RETRANSMISSIONS_1 0
32	RETRANSMISSIONS_2 0
32	DROPPED_1 0
32	DROPPED_2 0
32	MAX_QUEUE 1
32	DUPLICATED_1 0
32	DUPLICATED_2 0
32	EBUSY_RADIO_1 0
32	EBUSY_RADIO_2 0
32	TEST_NUMBER 2
32	SENT_TOTAL 0
32	RECEIVED_TOTAL 0
32	TIME_TOTAL 0
32	RECEIVED_RADIO_1 0
32	RECEIVED_RADIO_2 125
32	SENT_RADIO_1 125
32	SENT_RADIO_2 0
32	RADIO_TIME_1 19766
32	RADIO_TIME_2 19766
32	RETRANSMISSIONS_1 0
32	RETRANSMISSIONS_2 0
32	DROPPED_1 0
32	DROPPED_2 0
32	MAX_QUEUE 1
32	DUPLICATED_1 0
32	DUPLICATED_2 0
32	EBUSY_RADIO_1 0
32	EBUSY_RADIO_2 0
32	TEST_NUMBER 3
32	SENT_TOTAL 0
32	RECEIVED_TOTAL 0
32	TIME_TOTAL 0
32	RECEIVED_RADIO_1 0
32	RECEIVED_RADIO_2 126
32	SENT_RADIO_1 126
32	SENT_RADIO_2 0
32	RADIO_TIME_1 19680
32	RADIO_TIME_2 19679
32	RETRANSMISSIONS_1 0
32	RETRANSMISSIONS_2 0
32	DROPPED_1 0
32	DROPPED_2 0
32	MAX_QUEUE 1
32	DUPLICATED_1 0
32	DUPLICATED_2 0
32	EBUSY_RADIO_1 0
32	EBUSY_RADIO_2 0
32	TEST_NUMBER 4
32	SENT_TOTAL 0
32	RECEIVED_TOTAL 0
32	TIME_TOTAL 0
32	RECEIVED_RADIO_1 0
32	RECEIVED_RADIO_2 127
32	SENT_RADIO_1 127
32	SENT_RADIO_2 0
32	RADIO_TIME_1 19764
32	RADIO_TIME_2 19764
32	RETRANSMISSIONS_1 0
32	RETRANSMISSIONS_2 0
32	DROPPED_1 0
32	DROPPED_2 0
32	MAX_QUEUE 1
32	DUPLICATED_1 0
32	DUPLICATED_2 0
32	EBUSY_RADIO_1 0
32	EBUSY_RADIO_2 0
32	TEST_NUMBER 5
32	SENT_TOTAL 0
32	RECEIVED_TOTAL 0
32	TIME_TOTAL 0
32	RECEIVED_RADIO_1 0
32	RECEIVED_RADIO_2 125
32	SENT_RADIO_1 125
32	SENT_RADIO_2 0
32	RADIO_TIME_1 19765
32	RADIO_TIME_2 19765
32	RETRANSMISSIONS_1 1
32	RETRANSMISSIONS_2 0
32	DROPPED_1 0
32	DROPPED_2 0
32	MAX_QUEUE 1
32	DUPLICATED_1 0
32	DUPLICATED_2 0
32	EBUSY_RADIO_1 0
32	EBUSY_RADIO_2 0
32	TEST_NUMBER 6
32	SENT_TOTAL 0
32	RECEIVED_TOTAL 0
32	TIME_TOTAL 0
32	RECEIVED_RADIO_1 0
32	RECEIVED_RADIO_2 126
32	SENT_RADIO_1 126
32	SENT_RADIO_2 0
32	RADIO_TIME_1 19762
32	RADIO_TIME_2 19762
32	RETRANSMISSIONS_1 0
32	RETRANSMISSIONS_2 0
32	DROPPED_1 0
32	DROPPED_2 0
32	MAX_QUEUE 1
32	DUPLICATED_1 0
32	DUPLICATED_2 0
32	EBUSY_RADIO_1 0
32	EBUSY_RADIO_2 0

34	RELAY_NODE 34
34	TEST_NUMBER 0
34	SENT_TOTAL 0
34	RECEIVED_TOTAL 0
34	TIME_TOTAL 0
34	RECEIVED_RADIO_1 113
34	RECEIVED_RADIO_2 174
34	SENT_RADIO_1 174
34	SENT_RADIO_2 113
34	RADIO_TIME_1 18029
34	RADIO_TIME_2 18029
34	RETRANSMISSIONS_1 15
34	RETRANSMISSIONS_2 0
34	DROPPED_1 0
34	DROPPED_2 0
34	MAX_QUEUE 2
34	DUPLICATED_1 1
34	DUPLICATED_2 4
34	EBUSY_RADIO_1 0
34	EBUSY_RADIO_2 0
34	TEST_NUMBER 1
34	SENT_TOTAL 0
34	RECEIVED_TOTAL 0
34	TIME_TOTAL 0
34	RECEIVED_RADIO_1 125
34	RECEIVED_RADIO_2 193
34	SENT_RADIO_1 193
34	SENT_RADIO_2 125
34	RADIO_TIME_1 29832
34	RADIO_TIME_2 29822
34	RETRANSMISSIONS_1 32
34	RETRANSMISSIONS_2 0
34	DROPPED_1 0
34	DROPPED_2 0
34	MAX_QUEUE 2
34	DUPLICATED_1 1
34	DUPLICATED_2 1
34	EBUSY_RADIO_1 0
34	EBUSY_RADIO_2 0
34	TEST_NUMBER 2
34	SENT_TOTAL 0
34	RECEIVED_TOTAL 0
34	TIME_TOTAL 0
34	RECEIVED_RADIO_1 125
34	RECEIVED_RADIO_2 189
34	SENT_RADIO_1 189
34	SENT_RADIO_2 125
34	RADIO_TIME_1 29786
34	RADIO_TIME_2 29786
34	RETRANSMISSIONS_1 29
34	RETRANSMISSIONS_2 0
34	DROPPED_1 0
34	DROPPED_2 0
34	MAX_QUEUE 2
34	DUPLICATED_1 0
34	DUPLICATED_2 1
34	EBUSY_RADIO_1 0
34	EBUSY_RADIO_2 0
34	TEST_NUMBER 3
34	SENT_TOTAL 0
34	RECEIVED_TOTAL 0
34	TIME_TOTAL 0
34	RECEIVED_RADIO_1 123
34	RECEIVED_RADIO_2 194
34	SENT_RADIO_1 194
34	SENT_RADIO_2 123
34	RADIO_TIME_1 29821
34	RADIO_TIME_2 29805
34	RETRANSMISSIONS_1 24
34	RETRANSMISSIONS_2 0
34	DROPPED_1 0
34	DROPPED_2 0
34	MAX_QUEUE 2
34	DUPLICATED_1 3
34	DUPLICATED_2 1
34	EBUSY_RADIO_1 0
34	EBUSY_RADIO_2 0
34	TEST_NUMBER 4
34	SENT_TOTAL 0
34	RECEIVED_TOTAL 0
34	TIME_TOTAL 0
34	RECEIVED_RADIO_1 123
34	RECEIVED_RADIO_2 273
34	SENT_RADIO_1 261
34	SENT_RADIO_2 117
34	RADIO_TIME_1 29822
34	RADIO_TIME_2 29822
34	RETRANSMISSIONS_1 116
34	RETRANSMISSIONS_2 110
34	DROPPED_1 7
34	DROPPED_2 11
34	MAX_QUEUE 12
34	DUPLICATED_1 4
34	DUPLICATED_2 7
34	EBUSY_RADIO_1 0
34	EBUSY_RADIO_2 0
34	TEST_NUMBER 5
34	SENT_TOTAL 0
34	RECEIVED_TOTAL 0
34	TIME_TOTAL 0
34	RECEIVED_RADIO_1 125
34	RECEIVED_RADIO_2 192
34	SENT_RADIO_1 192
34	SENT_RADIO_2 125
34	RADIO_TIME_1 29734
34	RADIO_TIME_2 29734
34	RETRANSMISSIONS_1 23
34	RETRANSMISSIONS_2 0
34	DROPPED_1 0
34	DROPPED_2 0
34	MAX_QUEUE 2
34	DUPLICATED_1 0
34	DUPLICATED_2 3
34	EBUSY_RADIO_1 0
34	EBUSY_RADIO_2 0
34	TEST_NUMBER 6
34	SENT_TOTAL 0
34	RECEIVED_TOTAL 0
34	TIME_TOTAL 0
34	RECEIVED_RADIO_1 124
34	RECEIVED_RADIO_2 192
34	SENT_RADIO_1 192
34	SENT_RADIO_2 124
34	RADIO_TIME_1 29816
34	RADIO_TIME_2 29816
34	RETRANSMISSIONS_1 23
34	RETRANSMISSIONS_2 0
34	DROPPED_1 0
34	DROPPED_2 0
34	MAX_QUEUE 2
34	DUPLICATED_1 2
34	DUPLICATED_2 4
34	EBUSY_RADIO_1 0
34	EBUSY_RADIO_2 0

36	SOURCE_NODE 36
36	84 1
36	84 2
36	83 2
36	85 2
36	79 19
36	84 3
36	84 4
36	83 4
36	85 3
36	79 114
36	83 4
36	85 4
36	79 43
36	84 5
36	83 5
36	85 5
36	79 36
36	84 6
36	84 7
36	83 7
36	85 7
36	79 29
36	84 8
36	84 9
36	83 9
36	85 8
36	79 107
36	83 9
36	85 9
36	79 36
36	84 10
36	84 11
36	83 11
36	85 11
36	79 31
36	84 12
36	84 13
36	83 13
36	85 12
36	79 107
36	84 14
36	84 15
36	83 15
36	85 13
36	79 201
36	83 15
36	85 15
36	79 48
36	84 16
36	84 17
36	83 17
36	85 16
36	79 110
36	84 18
36	83 18
36	85 18
36	79 23
36	84 19
36	84 20
36	83 20
36	85 19
36	79 106
36	83 20
36	85 20
36	79 33
36	84 1
36	83 1
36	85 1
36	79 31
36	84 2
36	84 3
36	83 3
36	85 3
36	79 31
36	84 4
36	84 5
36	83 5
36	85 4
36	79 109
36	83 5
36	85 5
36	79 35
36	84 6
36	83 6
36	85 6
36	79 37
36	84 7
36	84 8
36	83 8
36	85 8
36	79 28
36	84 9
36	84 10
36	83 10
36	85 9
36	79 110
36	83 10
36	85 10
36	79 38
36	84 11
36	83 11
36	85 11
36	79 38
36	84 12
36	84 13
36	83 13
36	85 13
36	79 27
36	84 14
36	84 15
36	83 15
36	85 14
36	79 128
36	83 15
36	85 15
36	79 53
36	84 16
36	84 17
36	83 17
36	85 17
36	79 24
36	84 18
36	84 19
36	83 19
36	85 18
36	79 109
36	83 19
36	85 19
36	79 38
36	84 20
36	83 20
36	85 20
36	79 33
36	84 1
36	84 2
36	83 2
36	85 2
36	79 28
36	84 3
36	84 4
36	83 4
36	85 3
36	79 108
36	83 4
36	85 4
36	79 37
36	84 5
36	83 5
36	85 5
36	79 33
36	84 6
36	84 7
36	83 7
36	85 7
36	79 29
36	84 8
36	84 9
36	83 9
36	85 8
36	79 110
36	84 10
36	84 11
36	83 11
36	85 10
36	79 105
36	83 11
36	85 11
36	79 56
36	84 12
36	84 13
36	83 13
36	85 13
36	79 26
36	84 14
36	84 15
36	83 15
36	85 14
36	79 111
36	83 15
36	85 15
36	79 38
36	84 16
36	84 17
36	83 17
36	85 17
36	79 28
36	84 18
36	84 19
36	83 19
36	85 18
36	79 101
36	83 19
36	85 19
36	79 33
36	84 20
36	84 1
36	83 1
36	85 1
36	79 23
36	84 2
36	84 3
36	83 3
36	85 2
36	79 105
36	83 3
36	85 3
36	79 35
36	84 4
36	83 4
36	85 4
36	79 31
36	84 5
36	84 6
36	83 6
36	85 6
36	79 26
36	84 7
36	84 8
36	83 8
36	85 7
36	79 106
36	83 8
36	85 8
36	79 33
36	84 9
36	83 9
36	85 9
36	79 37
36	84 10
36	84 11
36	83 11
36	85 11
36	79 25
36	84 12
36	84 13
36	83 13
36	85 12
36	79 109
36	84 14
36	83 14
36	85 14
36	79 30
36	84 15
36	84 16
36	83 16
36	85 15
36	79 107
36	83 16
36	85 16
36	79 37
36	84 17
36	84 18
36	83 18
36	85 18
36	79 23
36	84 19
36	84 20
36	83 20
36	85 19
36	79 106
36	83 20
36	85 20
36	79 33
36	84 1
36	83 1
36	85 1
36	79 37
36	84 2
36	84 3
36	83 3
36	85 3
36	79 26
36	84 4
36	84 5
36	83 5
36	85 4
36	79 115
36	83 5
36	85 5
36	79 47
36	84 6
36	84 7
36	83 7
36	85 7
36	79 31
36	84 8
36	84 9
36	83 9
36	85 8
36	79 107
36	84 10
36	83 10
36	85 10
36	79 28
36	84 11
36	84 12
36	83 12
36	85 11
36	79 104
36	83 12
36	85 12
36	79 32
36	84 13
36	83 13
36	85 13
36	79 36
36	84 14
36	84 15
36	83 15
36	85 15
36	79 23
36	84 16
36	84 17
36	83 17
36	85 16
36	79 106
36	83 17
36	85 17
36	79 36
36	84 18
36	83 18
36	85 18
36	79 36
36	84 19
36	84 20
36	84 1
36	84 2
36	83 2
36	85 20
36	79 189
36	83 2
36	85 1
36	79 118
36	83 2
36	85 2
36	79 47
36	84 3
36	83 3
36	85 3
36	79 37
36	84 4
36	84 5
36	83 5
36	85 5
36	79 27
36	84 6
36	84 7
36	83 7
36	85 6
36	79 107
36	83 7
36	85 7
36	79 40
36	84 8
36	83 8
36	85 8
36	79 34
36	84 9
36	84 10
36	83 10
36	85 10
36	79 26
36	84 11
36	84 12
36	83 12
36	85 11
36	79 110
36	83 12
36	85 12
36	79 47
36	84 13
36	84 14
36	83 14
36	85 14
36	79 24
36	84 15
36	84 16
36	83 16
36	85 15
36	79 108
36	84 17
36	83 17
36	85 17
36	79 29
36	84 18
36	84 19
36	83 19
36	85 18
36	79 110
36	84 20
36	84 1
36	83 1
36	85 19
36	79 184
36	83 1
36	85 1
36	79 34
36	84 2
36	84 3
36	83 3
36	85 2
36	79 121
36	83 3
36	85 3
36	79 49
36	84 4
36	84 5
36	83 5
36	85 5
36	79 24
36	84 6
36	84 7
36	83 7
36	85 6
36	79 106
36	83 7
36	85 7
36	79 38
36	84 8
36	83 8
36	85 8
36	79 31
36	84 9
36	84 10
36	83 10
36	85 10
36	79 26
36	84 11
36	84 12
36	83 12
36	85 11
36	79 109
36	84 13
36	83 13
36	85 13
36	79 26
36	84 14
36	84 15
36	83 15
36	85 14
36	79 108
36	83 15
36	85 15
36	79 37
36	84 16
36	84 17
36	83 17
36	85 17
36	79 26
36	84 18
36	84 19
36	83 19
36	85 18
36	79 109
36	83 19
36	85 19
36	79 39
36	84 20
36	84 1
36	83 1
36	85 1
36	79 27
36	84 2
36	84 3
36	83 3
36	85 2
36	79 108
36	83 3
36	85 3
36	79 37
36	84 4
36	83 4
36	85 4
36	79 36
36	84 5
36	84 6
36	83 6
36	85 6
36	79 25
36	84 7
36	84 8
36	83 8
36	85 7
36	79 106
36	83 8
36	85 8
36	79 55
36	84 9
36	83 9
36	85 9
36	79 37
36	84 10
36	84 11
36	83 11
36	85 11
36	79 25
36	84 12
36	84 13
36	83 13
36	85 12
36	79 108
36	83 13
36	85 13
36	79 35
36	84 14
36	83 14
36	85 14
36	79 37
36	84 15
36	84 16
36	83 16
36	85 16
36	79 30
36	84 17
36	84 18
36	83 18
36	85 17
36	79 106
36	83 18
36	85 18
36	79 34
36	84 19
36	84 20
36	84 1
36	84 2
36	83 2
36	85 20
36	79 183
36	83 2
36	85 1
36	79 109
36	84 3
36	83 3
36	85 3
36	79 23
36	84 4
36	84 5
36	83 5
36	85 4
36	79 106
36	83 5
36	85 5
36	79 33
36	84 6
36	83 6
36	85 6
36	79 42
36	84 7
36	84 8
36	83 8
36	85 8
36	79 30
36	84 9
36	84 10
36	83 10
36	85 9
36	79 107
36	83 10
36	85 10
36	79 34
36	84 11
36	84 12
36	84 13
36	84 14
36	83 14
36	85 12
36	79 186
36	83 14
36	85 13
36	79 112
36	83 14
36	85 14
36	79 42
36	84 15
36	84 16
36	84 17
36	83 17
36	85 15
36	79 190
36	83 17
36	85 17
36	79 36
36	84 18
36	84 19
36	83 19
36	85 18
36	79 104
36	83 19
36	85 19
36	79 41
36	84 20
36	84 1
36	83 1
36	85 1
36	79 22
36	84 2
36	84 3
36	83 3
36	85 2
36	79 113
36	83 3
36	85 3
36	79 40
36	84 4
36	83 4
36	85 4
36	79 39
36	84 5
36	84 6
36	83 6
36	85 6
36	79 28
36	84 7
36	84 8
36	83 8
36	85 7
36	79 112
36	83 8
36	85 8
36	79 42
36	84 9
36	84 10
36	83 10
36	85 10
36	79 31
36	84 11
36	84 12
36	83 12
36	85 11
36	79 105
36	83 12
36	85 12
36	79 31
36	84 13
36	83 13
36	85 13
36	79 39
36	84 14
36	84 15
36	83 15
36	85 15
36	79 24
36	84 16
36	84 17
36	83 17
36	85 16
36	79 121
36	83 17
36	85 17
36	79 50
36	84 18
36	83 18
36	85 18
36	79 36
36	84 19
36	84 20
36	83 20
36	85 20
36	79 25
36	84 1
36	84 2
36	83 2
36	85 1
36	79 105
36	83 2
36	85 2
36	79 38
36	84 3
36	84 4
36	83 4
36	85 4
36	79 26
36	84 5
36	84 6
36	83 6
36	85 5
36	79 108
36	83 6
36	85 6
36	79 34
36	84 7
36	83 7
36	85 7
36	79 35
36	84 8
36	84 9
36	83 9
36	85 9
36	79 28
36	84 10
36	84 11
36	83 11
36	85 10
36	79 107
36	83 11
36	85 11
36	79 37
36	84 12
36	83 12
36	85 12
36	79 33
36	84 13
36	84 14
36	83 14
36	85 14
36	79 26
36	84 15
36	84 16
36	83 16
36	85 15
36	79 105
36	83 16
36	85 16
36	79 34
36	84 17
36	84 18
36	83 18
36	85 18
36	79 31
36	84 19
36	84 20
36	83 20
36	85 19
36	79 115
36	83 20
36	85 20
36	79 43
36	84 1
36	84 2
36	83 2
36	85 2
36	79 27
36	84 3
36	84 4
36	83 4
36	85 3
36	79 107
36	83 4
36	85 4
36	79 36
36	84 5
36	83 5
36	85 5
36	79 34
36	84 6
36	84 7
36	83 7
36	85 7
36	79 32
36	84 8
36	84 9
36	83 9
36	85 8
36	79 107
36	83 9
36	85 9
36	79 33
36	84 10
36	83 10
36	85 10
36	79 36
36	84 11
36	84 12
36	83 12
36	85 12
36	79 21
36	84 13
36	84 14
36	83 14
36	85 13
36	79 107
36	83 14
36	85 14
36	79 36
36	84 15
36	83 15
36	85 15
36	79 38
36	84 16
36	84 17
36	83 17
36	85 17
36	79 24
36	84 18
36	84 19
36	83 19
36	85 18
36	79 105
36	83 19
36	85 19
36	79 52
36	84 20
36	84 1
36	83 1
36	85 1
36	79 24
36	84 2
36	84 3
36	83 3
36	85 2
36	79 107
36	83 3
36	85 3
36	79 37
36	84 4
36	83 4
36	85 4
36	79 36
36	84 5
36	84 6
36	83 6
36	85 6
36	79 30
36	84 7
36	84 8
36	83 8
36	85 7
36	79 117
36	83 8
36	85 8
36	79 46
36	84 9
36	84 10
36	TEST_NUMBER 0
36	SENT_TOTAL 250
36	RECEIVED_TOTAL 191
36	TIME_TOTAL 19631
36	RECEIVED_RADIO_1 191
36	RECEIVED_RADIO_2 0
36	SENT_RADIO_1 124
36	SENT_RADIO_2 125
36	RADIO_TIME_1 19763
36	RADIO_TIME_2 19763
36	RETRANSMISSIONS_1 2
36	RETRANSMISSIONS_2 0
36	DROPPED_1 0
36	DROPPED_2 0
36	MAX_QUEUE 1
36	DUPLICATED_1 2
36	DUPLICATED_2 0
36	EBUSY_RADIO_1 0
36	EBUSY_RADIO_2 0
36	84 1
36	84 2
36	83 2
36	85 10
36	86 0
36	83 2
36	85 1
36	79 117
36	83 2
36	85 2
36	79 43
36	84 3
36	84 4
36	83 4
36	85 4
36	79 24
36	84 5
36	84 6
36	83 6
36	85 5
36	79 105
36	84 7
36	83 7
36	85 7
36	79 25
36	84 8
36	84 9
36	83 9
36	85 8
36	79 106
36	83 9
36	85 9
36	79 44
36	84 10
36	83 10
36	85 10
36	79 38
36	84 11
36	84 12
36	84 13
36	84 14
36	83 14
36	85 12
36	79 185
36	83 14
36	85 13
36	79 122
36	83 14
36	85 14
36	79 48
36	84 15
36	84 16
36	84 17
36	83 17
36	85 15
36	79 189
36	83 17
36	85 17
36	79 39
36	84 18
36	84 19
36	83 19
36	85 18
36	79 106
36	83 19
36	85 19
36	79 40
36	84 20
36	84 1
36	83 1
36	85 1
36	79 28
36	84 2
36	84 3
36	83 3
36	85 2
36	79 108
36	83 3
36	85 3
36	79 38
36	84 4
36	84 5
36	83 5
36	85 5
36	79 31
36	84 6
36	84 7
36	83 7
36	85 6
36	79 104
36	83 7
36	85 7
36	79 32
36	84 8
36	84 9
36	83 9
36	85 9
36	79 26
36	84 10
36	84 11
36	83 11
36	85 10
36	79 107
36	83 11
36	85 11
36	79 41
36	84 12
36	84 13
36	83 13
36	85 13
36	79 30
36	84 14
36	84 15
36	83 15
36	85 14
36	79 112
36	84 16
36	84 17
36	84 18
36	83 18
36	85 16
36	79 191
36	83 18
36	85 17
36	79 118
36	83 18
36	85 18
36	79 44
36	84 19
36	83 19
36	85 19
36	79 37
36	84 20
36	84 1
36	83 1
36	85 1
36	79 30
36	84 2
36	84 3
36	83 3
36	85 2
36	79 109
36	83 3
36	85 3
36	79 44
36	84 4
36	84 5
36	83 5
36	85 5
36	79 24
36	84 6
36	84 7
36	83 7
36	85 6
36	79 108
36	83 7
36	85 7
36	79 36
36	84 8
36	84 9
36	83 9
36	85 9
36	79 25
36	84 10
36	84 11
36	83 11
36	85 10
36	79 104
36	83 11
36	85 11
36	79 32
36	84 12
36	84 13
36	83 13
36	85 13
36	79 26
36	84 14
36	84 15
36	83 15
36	85 14
36	79 106
36	84 16
36	84 17
36	83 17
36	85 15
36	79 186
36	84 18
36	84 19
36	83 19
36	85 17
36	79 183
36	83 19
36	85 18
36	79 109
36	83 19
36	85 19
36	79 34
36	84 20
36	83 20
36	85 20
36	79 39
36	84 1
36	84 2
36	83 2
36	85 2
36	79 29
36	84 3
36	84 4
36	83 4
36	85 3
36	79 107
36	83 4
36	85 4
36	79 35
36	84 5
36	83 5
36	85 5
36	79 34
36	84 6
36	84 7
36	83 7
36	85 7
36	79 25
36	84 8
36	84 9
36	83 9
36	85 8
36	79 107
36	83 9
36	85 9
36	79 37
36	84 10
36	84 11
36	83 11
36	85 11
36	79 32
36	84 12
36	84 13
36	83 13
36	85 12
36	79 107
36	83 13
36	85 13
36	79 34
36	84 14
36	83 14
36	85 14
36	79 40
36	84 15
36	84 16
36	83 16
36	85 16
36	79 27
36	84 17
36	84 18
36	83 18
36	85 17
36	79 112
36	84 19
36	83 19
36	85 19
36	79 30
36	84 20
36	84 1
36	83 1
36	85 20
36	79 106
36	84 2
36	83 2
36	85 1
36	79 115
36	83 2
36	85 2
36	79 45
36	84 3
36	84 4
36	83 4
36	85 4
36	79 25
36	84 5
36	84 6
36	83 6
36	85 5
36	79 114
36	83 6
36	85 6
36	79 44
36	84 7
36	83 7
36	85 7
36	79 40
36	84 8
36	84 9
36	83 9
36	85 9
36	79 28
36	84 10
36	84 11
36	83 11
36	85 10
36	79 105
36	83 11
36	85 11
36	79 35
36	84 12
36	83 12
36	85 12
36	79 41
36	84 13
36	84 14
36	83 14
36	85 14
36	79 27
36	84 15
36	84 16
36	83 16
36	85 15
36	79 106
36	84 17
36	83 17
36	85 16
36	79 118
36	83 17
36	85 17
36	79 46
36	84 18
36	84 19
36	83 19
36	85 19
36	79 32
36	84 20
36	84 1
36	83 1
36	85 20
36	79 107
36	83 1
36	85 1
36	79 35
36	84 2
36	84 3
36	83 3
36	85 3
36	79 28
36	84 4
36	84 5
36	83 5
36	85 4
36	79 107
36	83 5
36	85 5
36	79 34
36	84 6
36	84 7
36	84 8
36	83 8
36	85 6
36	79 188
36	83 8
36	85 8
36	79 33
36	84 9
36	84 10
36	83 10
36	85 9
36	79 113
36	83 10
36	85 10
36	79 41
36	84 11
36	84 12
36	83 12
36	85 12
36	79 29
36	84 13
36	84 14
36	83 14
36	85 13
36	79 107
36	83 14
36	85 14
36	79 48
36	84 15
36	84 16
36	83 16
36	85 16
36	79 26
36	84 17
36	84 18
36	83 18
36	85 17
36	79 116
36	83 18
36	85 18
36	79 45
36	84 19
36	83 19
36	85 19
36	79 41
36	84 20
36	84 1
36	83 1
36	85 1
36	79 29
36	84 2
36	84 3
36	83 3
36	85 2
36	79 108
36	83 3
36	85 3
36	79 35
36	84 4
36	84 5
36	84 6
36	84 7
36	83 7
36	85 5
36	79 184
36	83 7
36	85 6
36	79 111
36	83 7
36	85 7
36	79 37
36	84 8
36	84 9
36	84 10
36	83 10
36	85 8
36	79 195
36	83 10
36	85 10
36	79 44
36	84 11
36	84 12
36	83 12
36	85 11
36	79 115
36	83 12
36	85 12
36	79 51
36	84 13
36	84 14
36	83 14
36	85 14
36	79 28
36	84 15
36	84 16
36	83 16
36	85 15
36	79 110
36	83 16
36	85 16
36	79 49
36	84 17
36	84 18
36	83 18
36	85 18
36	79 30
36	84 19
36	84 20
36	83 20
36	85 19
36	79 113
36	83 20
36	85 20
36	79 52
36	84 1
36	84 2
36	83 2
36	85 2
36	79 27
36	84 3
36	84 4
36	83 4
36	85 3
36	79 109
36	83 4
36	85 4
36	79 36
36	84 5
36	84 6
36	83 6
36	85 6
36	79 23
36	84 7
36	84 8
36	83 8
36	85 7
36	79 115
36	83 8
36	85 8
36	79 43
36	84 9
36	83 9
36	85 9
36	79 34
36	84 10
36	84 11
36	83 11
36	85 11
36	79 28
36	84 12
36	84 13
36	83 13
36	85 12
36	79 127
36	83 13
36	85 13
36	79 56
36	84 14
36	84 15
36	83 15
36	85 15
36	79 29
36	84 16
36	84 17
36	83 17
36	85 16
36	79 108
36	83 17
36	85 17
36	79 43
36	84 18
36	84 19
36	83 19
36	85 19
36	79 30
36	84 20
36	84 1
36	83 1
36	85 20
36	79 106
36	84 2
36	83 2
36	85 1
36	79 115
36	83 2
36	85 2
36	79 44
36	84 3
36	84 4
36	83 4
36	85 4
36	79 29
36	84 5
36	84 6
36	83 6
36	85 5
36	79 117
36	83 6
36	85 6
36	79 47
36	84 7
36	83 7
36	85 7
36	79 31
36	84 8
36	84 9
36	83 9
36	85 9
36	79 33
36	84 10
36	84 11
36	83 11
36	85 10
36	79 114
36	84 12
36	83 12
36	85 11
36	79 119
36	83 12
36	85 12
36	79 46
36	84 13
36	84 14
36	83 14
36	85 14
36	79 28
36	84 15
36	84 16
36	83 16
36	85 15
36	79 107
36	83 16
36	85 16
36	79 47
36	84 17
36	84 18
36	83 18
36	85 18
36	79 23
36	84 19
36	84 20
36	83 20
36	85 19
36	79 109
36	84 1
36	84 2
36	83 2
36	85 20
36	79 185
36	83 2
36	85 2
36	79 33
36	84 3
36	84 4
36	83 4
36	85 3
36	79 108
36	83 4
36	85 4
36	79 34
36	84 5
36	83 5
36	85 5
36	79 44
36	84 6
36	84 7
36	83 7
36	85 7
36	79 26
36	84 8
36	84 9
36	83 9
36	85 8
36	79 105
36	83 9
36	85 9
36	79 33
36	84 10
36	83 10
36	85 10
36	79 39
36	84 11
36	84 12
36	84 13
36	84 14
36	83 14
36	85 12
36	79 186
36	83 14
36	85 13
36	79 114
36	83 14
36	85 14
36	79 44
36	84 15
36	83 15
36	85 15
36	79 46
36	84 16
36	84 17
36	83 17
36	85 17
36	79 29
36	84 18
36	84 19
36	83 19
36	85 18
36	79 104
36	84 20
36	84 1
36	83 1
36	85 19
36	79 215
36	83 1
36	85 1
36	79 64
36	84 2
36	84 3
36	83 3
36	85 2
36	79 106
36	83 3
36	85 3
36	79 35
36	84 4
36	84 5
36	83 5
36	85 5
36	79 27
36	84 6
36	84 7
36	83 7
36	85 6
36	79 105
36	84 8
36	84 9
36	83 9
36	85 8
36	79 105
36	83 9
36	85 9
36	79 33
36	84 10
36	83 10
36	85 10
36	79 50
36	84 11
36	84 12
36	83 12
36	85 12
36	79 30
36	84 13
36	84 14
36	83 14
36	85 13
36	79 106
36	83 14
36	85 14
36	79 35
36	84 15
36	83 15
36	85 15
36	79 32
36	84 16
36	84 17
36	83 17
36	85 17
36	79 27
36	84 18
36	84 19
36	83 19
36	85 18
36	79 109
36	83 19
36	85 19
36	79 36
36	84 20
36	83 20
36	85 20
36	79 38
36	84 1
36	84 2
36	83 2
36	85 2
36	79 28
36	84 3
36	84 4
36	83 4
36	85 3
36	79 117
36	84 5
36	83 5
36	85 5
36	79 32
36	84 6
36	84 7
36	83 7
36	85 6
36	79 104
36	83 7
36	85 7
36	79 41
36	84 8
36	84 9
36	84 10
36	83 10
36	85 8
36	79 188
36	83 10
36	85 10
36	79 34
36	84 11
36	84 12
36	83 12
36	85 11
36	79 111
36	84 13
36	83 13
36	85 13
36	79 30
36	84 14
36	84 15
36	83 15
36	85 14
36	79 105
36	83 15
36	85 15
36	79 32
36	84 16
36	84 17
36	84 18
36	84 19
36	83 19
36	85 17
36	79 196
36	83 19
36	85 18
36	79 127
36	84 20
36	83 20
36	85 20
36	79 24
36	84 1
36	84 2
36	83 2
36	85 1
36	79 111
36	83 2
36	85 2
36	79 40
36	84 3
36	84 4
36	83 4
36	85 4
36	79 27
36	84 5
36	84 6
36	83 6
36	85 5
36	79 107
36	83 6
36	85 6
36	79 34
36	84 7
36	84 8
36	84 9
36	83 9
36	85 7
36	79 212
36	83 9
36	85 9
36	79 61
36	84 10
36	TEST_NUMBER 1
36	SENT_TOTAL 250
36	RECEIVED_TOTAL 191
36	TIME_TOTAL 19714
36	RECEIVED_RADIO_1 192
36	RECEIVED_RADIO_2 0
36	SENT_RADIO_1 125
36	SENT_RADIO_2 125
36	RADIO_TIME_1 19824
36	RADIO_TIME_2 19763
36	RETRANSMISSIONS_1 0
36	RETRANSMISSIONS_2 0
36	DROPPED_1 0
36	DROPPED_2 0
36	MAX_QUEUE 1
36	DUPLICATED_1 6
36	DUPLICATED_2 0
36	EBUSY_RADIO_1 0
36	EBUSY_RADIO_2 0
36	83 0
36	85 10
36	86 1
36	84 1
36	84 2
36	83 2
36	85 2
36	79 23
36	84 3
36	84 4
36	83 4
36	85 3
36	79 107
36	83 4
36	85 4
36	79 38
36	84 5
36	83 5
36	85 5
36	79 35
36	84 6
36	84 7
36	83 7
36	85 7
36	79 25
36	84 8
36	84 9
36	83 9
36	85 8
36	79 107
36	83 9
36	85 9
36	79 36
36	84 10
36	84 11
36	83 11
36	85 11
36	79 25
36	84 12
36	84 13
36	83 13
36	85 12
36	79 111
36	83 13
36	85 13
36	79 49
36	84 14
36	84 15
36	83 15
36	85 15
36	79 30
36	84 16
36	84 17
36	83 17
36	85 16
36	79 110
36	83 17
36	85 17
36	79 36
36	84 18
36	84 19
36	83 19
36	85 19
36	79 26
36	84 20
36	84 1
36	83 1
36	85 20
36	79 102
36	83 1
36	85 1
36	79 31
36	84 2
36	83 2
36	85 2
36	79 41
36	84 3
36	84 4
36	83 4
36	85 4
36	79 21
36	84 5
36	84 6
36	83 6
36	85 5
36	79 104
36	83 6
36	85 6
36	79 34
36	84 7
36	83 7
36	85 7
36	79 36
36	84 8
36	84 9
36	83 9
36	85 9
36	79 27
36	84 10
36	84 11
36	83 11
36	85 10
36	79 118
36	83 11
36	85 11
36	79 47
36	84 12
36	83 12
36	85 12
36	79 36
36	84 13
36	84 14
36	83 14
36	85 14
36	79 27
36	84 15
36	84 16
36	83 16
36	85 15
36	79 107
36	83 16
36	85 16
36	79 33
36	84 17
36	83 17
36	85 17
36	79 40
36	84 18
36	84 19
36	83 19
36	85 19
36	79 29
36	84 20
36	84 1
36	83 1
36	85 20
36	79 109
36	83 1
36	85 1
36	79 43
36	84 2
36	84 3
36	84 4
36	84 5
36	83 5
36	85 3
36	79 193
36	83 5
36	85 4
36	79 120
36	83 5
36	85 5
36	79 47
36	84 6
36	83 6
36	85 6
36	79 37
36	84 7
36	84 8
36	83 8
36	85 8
36	79 27
36	84 9
36	84 10
36	83 10
36	85 9
36	79 121
36	83 10
36	85 10
36	79 47
36	84 11
36	84 12
36	83 12
36	85 12
36	79 26
36	84 13
36	84 14
36	84 15
36	83 15
36	85 13
36	79 191
36	83 15
36	85 15
36	79 39
36	84 16
36	84 17
36	83 17
36	85 16
36	79 111
36	84 18
36	83 18
36	85 18
36	79 24
36	84 19
36	84 20
36	83 20
36	85 19
36	79 111
36	84 1
36	83 1
36	85 1
36	79 28
36	84 2
36	84 3
36	83 3
36	85 2
36	79 107
36	83 3
36	85 3
36	79 33
36	84 4
36	84 5
36	83 5
36	85 5
36	79 25
36	84 6
36	84 7
36	83 7
36	85 6
36	79 109
36	83 7
36	85 7
36	79 34
36	84 8
36	84 9
36	83 9
36	85 9
36	79 28
36	84 10
36	84 11
36	83 11
36	85 10
36	79 104
36	83 11
36	85 11
36	79 41
36	84 12
36	84 13
36	83 13
36	85 13
36	79 27
36	84 14
36	84 15
36	83 15
36	85 14
36	79 109
36	84 16
36	83 16
36	85 16
36	79 31
36	84 17
36	84 18
36	83 18
36	85 17
36	79 112
36	83 18
36	85 18
36	79 38
36	84 19
36	84 20
36	83 20
36	85 20
36	79 30
36	84 1
36	84 2
36	83 2
36	85 1
36	79 111
36	83 2
36	85 2
36	79 41
36	84 3
36	84 4
36	83 4
36	85 4
36	79 27
36	84 5
36	84 6
36	83 6
36	85 5
36	79 111
36	83 6
36	85 6
36	79 39
36	84 7
36	83 7
36	85 7
36	79 33
36	84 8
36	84 9
36	84 10
36	84 11
36	83 11
36	85 9
36	79 204
36	83 11
36	85 10
36	79 132
36	84 12
36	84 13
36	83 13
36	85 12
36	79 106
36	83 13
36	85 13
36	79 33
36	84 14
36	83 14
36	85 14
36	79 34
36	84 15
36	84 16
36	83 16
36	85 16
36	79 26
36	84 17
36	84 18
36	83 18
36	85 17
36	79 119
36	83 18
36	85 18
36	79 47
36	84 19
36	84 20
36	83 20
36	85 20
36	79 30
36	84 1
36	84 2
36	83 2
36	85 1
36	79 110
36	83 2
36	85 2
36	79 40
36	84 3
36	83 3
36	85 3
36	79 39
36	84 4
36	84 5
36	83 5
36	85 5
36	79 28
36	84 6
36	84 7
36	83 7
36	85 6
36	79 109
36	83 7
36	85 7
36	79 34
36	84 8
36	83 8
36	85 8
36	79 40
36	84 9
36	84 10
36	83 10
36	85 10
36	79 25
36	84 11
36	84 12
36	83 12
36	85 11
36	79 111
36	84 13
36	84 14
36	83 14
36	85 12
36	79 184
36	83 14
36	85 14
36	79 30
36	84 15
36	84 16
36	83 16
36	85 15
36	79 115
36	83 16
36	85 16
36	79 43
36	84 17
36	83 17
36	85 17
36	79 38
36	84 18
36	84 19
36	83 19
36	85 19
36	79 29
36	84 20
36	84 1
36	83 1
36	85 20
36	79 103
36	83 1
36	85 1
36	79 29
36	84 2
36	83 2
36	85 2
36	79 34
36	84 3
36	84 4
36	84 5
36	84 6
36	83 6
36	85 4
36	79 190
36	83 6
36	85 5
36	79 117
36	83 6
36	85 6
36	79 45
36	84 7
36	84 8
36	83 8
36	85 8
36	79 22
36	84 9
36	84 10
36	83 10
36	85 9
36	79 107
36	83 10
36	85 10
36	79 39
36	84 11
36	84 12
36	83 12
36	85 12
36	79 24
36	84 13
36	84 14
36	83 14
36	85 13
36	79 116
36	83 14
36	85 14
36	79 43
36	84 15
36	83 15
36	85 15
36	79 36
36	84 16
36	84 17
36	83 17
36	85 17
36	79 25
36	84 18
36	84 19
36	83 19
36	85 18
36	79 118
36	83 19
36	85 19
36	79 46
36	84 20
36	84 1
36	83 1
36	85 1
36	79 34
36	84 2
36	84 3
36	83 3
36	85 2
36	79 105
36	83 3
36	85 3
36	79 41
36	84 4
36	83 4
36	85 4
36	79 31
36	84 5
36	84 6
36	83 6
36	85 6
36	79 26
36	84 7
36	84 8
36	83 8
36	85 7
36	79 111
36	83 8
36	85 8
36	79 41
36	84 9
36	84 10
36	84 11
36	84 12
36	83 12
36	85 10
36	79 191
36	83 12
36	85 11
36	79 117
36	83 12
36	85 12
36	79 46
36	84 13
36	84 14
36	83 14
36	85 14
36	79 27
36	84 15
36	84 16
36	83 16
36	85 15
36	79 106
36	83 16
36	85 16
36	79 47
36	84 17
36	84 18
36	83 18
36	85 18
36	79 27
36	84 19
36	84 20
36	83 20
36	85 19
36	79 106
36	84 1
36	83 1
36	85 1
36	79 30
36	84 2
36	84 3
36	83 3
36	85 2
36	79 107
36	83 3
36	85 3
36	79 42
36	84 4
36	83 4
36	85 4
36	79 31
36	84 5
36	84 6
36	83 6
36	85 6
36	79 24
36	84 7
36	84 8
36	83 8
36	85 7
36	79 103
36	83 8
36	85 8
36	79 29
36	84 9
36	83 9
36	85 9
36	79 44
36	84 10
36	84 11
36	83 11
36	85 11
36	79 22
36	84 12
36	84 13
36	83 13
36	85 12
36	79 104
36	83 13
36	85 13
36	79 32
36	84 14
36	84 15
36	83 15
36	85 15
36	79 33
36	84 16
36	84 17
36	83 17
36	85 16
36	79 108
36	83 17
36	85 17
36	79 38
36	84 18
36	84 19
36	83 19
36	85 19
36	79 25
36	84 20
36	84 1
36	83 1
36	85 20
36	79 105
36	83 1
36	85 1
36	79 33
36	84 2
36	84 3
36	83 3
36	85 3
36	79 26
36	84 4
36	84 5
36	83 5
36	85 4
36	79 121
36	83 5
36	85 5
36	79 49
36	84 6
36	84 7
36	84 8
36	84 9
36	83 9
36	85 7
36	79 188
36	83 9
36	85 8
36	79 113
36	83 9
36	85 9
36	79 39
36	84 10
36	84 11
36	83 11
36	85 11
36	79 28
36	84 12
36	84 13
36	83 13
36	85 12
36	79 110
36	83 13
36	85 13
36	79 38
36	84 14
36	84 15
36	83 15
36	85 15
36	79 31
36	84 16
36	84 17
36	83 17
36	85 16
36	79 104
36	83 17
36	85 17
36	79 31
36	84 18
36	83 18
36	85 18
36	79 34
36	84 19
36	84 20
36	84 1
36	84 2
36	83 2
36	85 20
36	79 198
36	83 2
36	85 1
36	79 125
36	83 2
36	85 2
36	79 53
36	84 3
36	84 4
36	83 4
36	85 4
36	79 31
36	84 5
36	84 6
36	83 6
36	85 5
36	79 105
36	83 6
36	85 6
36	79 33
36	84 7
36	83 7
36	85 7
36	79 38
36	84 8
36	84 9
36	83 9
36	85 9
36	79 32
36	84 10
36	84 11
36	83 11
36	85 10
36	79 107
36	83 11
36	85 11
36	79 34
36	84 12
36	84 13
36	83 13
36	85 13
36	79 27
36	84 14
36	84 15
36	83 15
36	85 14
36	79 110
36	83 15
36	85 15
36	79 48
36	84 16
36	84 17
36	83 17
36	85 17
36	79 33
36	84 18
36	84 19
36	83 19
36	85 18
36	79 111
36	83 19
36	85 19
36	79 46
36	84 20
36	84 1
36	83 1
36	85 1
36	79 31
36	84 2
36	84 3
36	83 3
36	85 2
36	79 108
36	83 3
36	85 3
36	79 36
36	84 4
36	83 4
36	85 4
36	79 39
36	84 5
36	84 6
36	83 6
36	85 6
36	79 29
36	84 7
36	84 8
36	83 8
36	85 7
36	79 107
36	83 8
36	85 8
36	79 46
36	84 9
36	83 9
36	85 9
36	79 39
36	84 10
36	84 11
36	83 11
36	85 11
36	79 33
36	84 12
36	84 13
36	83 13
36	85 12
36	79 104
36	83 13
36	85 13
36	79 42
36	84 14
36	84 15
36	83 15
36	85 15
36	79 31
36	84 16
36	84 17
36	83 17
36	85 16
36	79 104
36	83 17
36	85 17
36	79 32
36	84 18
36	83 18
36	85 18
36	79 32
36	84 19
36	84 20
36	83 20
36	85 20
36	79 27
36	84 1
36	84 2
36	83 2
36	85 1
36	79 109
36	83 2
36	85 2
36	79 36
36	84 3
36	84 4
36	83 4
36	85 4
36	79 27
36	84 5
36	84 6
36	83 6
36	85 5
36	79 109
36	83 6
36	85 6
36	79 39
36	84 7
36	83 7
36	85 7
36	79 43
36	84 8
36	84 9
36	83 9
36	85 9
36	79 27
36	84 10
36	TEST_NUMBER 2
36	SENT_TOTAL 250
36	RECEIVED_TOTAL 190
36	TIME_TOTAL 29706
36	RECEIVED_RADIO_1 191
36	RECEIVED_RADIO_2 0
36	SENT_RADIO_1 125
36	SENT_RADIO_2 125
36	RADIO_TIME_1 29706
36	RADIO_TIME_2 19763
36	RETRANSMISSIONS_1 0
36	RETRANSMISSIONS_2 0
36	DROPPED_1 0
36	DROPPED_2 0
36	MAX_QUEUE 1
36	DUPLICATED_1 6
36	DUPLICATED_2 0
36	EBUSY_RADIO_1 0
36	EBUSY_RADIO_2 0
36	83 0
36	85 10
36	86 2
36	84 1
36	84 2
36	83 2
36	85 2
36	79 25
36	84 3
36	84 4
36	83 4
36	85 3
36	79 103
36	83 4
36	85 4
36	79 41
36	84 5
36	84 6
36	83 6
36	85 6
36	79 26
36	84 7
36	84 8
36	83 8
36	85 7
36	79 107
36	83 8
36	85 8
36	79 36
36	84 9
36	83 9
36	85 9
36	79 35
36	84 10
36	84 11
36	83 11
36	85 11
36	79 28
36	84 12
36	84 13
36	83 13
36	85 12
36	79 108
36	83 13
36	85 13
36	79 36
36	84 14
36	84 15
36	84 16
36	83 16
36	85 14
36	79 190
36	83 16
36	85 16
36	79 38
36	84 17
36	84 18
36	83 18
36	85 17
36	79 113
36	83 18
36	85 18
36	79 53
36	84 19
36	84 20
36	83 20
36	85 20
36	79 29
36	84 1
36	84 2
36	83 2
36	85 1
36	79 104
36	83 2
36	85 2
36	79 34
36	84 3
36	83 3
36	85 3
36	79 30
36	84 4
36	84 5
36	83 5
36	85 5
36	79 32
36	84 6
36	84 7
36	83 7
36	85 6
36	79 110
36	83 7
36	85 7
36	79 36
36	84 8
36	84 9
36	84 10
36	84 11
36	83 11
36	85 9
36	79 188
36	83 11
36	85 10
36	79 117
36	83 11
36	85 11
36	79 44
36	84 12
36	84 13
36	83 13
36	85 13
36	79 26
36	84 14
36	84 15
36	83 15
36	85 14
36	79 109
36	84 16
36	83 16
36	85 16
36	79 29
36	84 17
36	84 18
36	83 18
36	85 17
36	79 111
36	83 18
36	85 18
36	79 40
36	84 19
36	83 19
36	85 19
36	79 36
36	84 20
36	84 1
36	83 1
36	85 1
36	79 25
36	84 2
36	84 3
36	83 3
36	85 2
36	79 108
36	83 3
36	85 3
36	79 37
36	84 4
36	84 5
36	83 5
36	85 5
36	79 30
36	84 6
36	84 7
36	83 7
36	85 6
36	79 106
36	83 7
36	85 7
36	79 33
36	84 8
36	84 9
36	84 10
36	83 10
36	85 8
36	79 197
36	83 10
36	85 10
36	79 45
36	84 11
36	84 12
36	83 12
36	85 11
36	79 106
36	83 12
36	85 12
36	79 34
36	84 13
36	83 13
36	85 13
36	79 35
36	84 14
36	84 15
36	83 15
36	85 15
36	79 29
36	84 16
36	84 17
36	83 17
36	85 16
36	79 106
36	83 17
36	85 17
36	79 34
36	84 18
36	83 18
36	85 18
36	79 37
36	84 19
36	84 20
36	83 20
36	85 20
36	79 27
36	84 1
36	84 2
36	83 2
36	85 1
36	79 106
36	83 2
36	85 2
36	79 41
36	84 3
36	83 3
36	85 3
36	79 34
36	84 4
36	84 5
36	83 5
36	85 5
36	79 29
36	84 6
36	84 7
36	83 7
36	85 6
36	79 107
36	83 7
36	85 7
36	79 45
36	84 8
36	83 8
36	85 8
36	79 37
36	84 9
36	84 10
36	83 10
36	85 10
36	79 29
36	84 11
36	84 12
36	83 12
36	85 11
36	79 112
36	83 12
36	85 12
36	79 41
36	84 13
36	84 14
36	84 15
36	83 15
36	85 13
36	79 186
36	83 15
36	85 15
36	79 32
36	84 16
36	84 17
36	83 17
36	85 16
36	79 105
36	83 17
36	85 17
36	79 33
36	84 18
36	84 19
36	84 20
36	83 20
36	85 18
36	79 184
36	83 20
36	85 20
36	79 33
36	84 1
36	84 2
36	83 2
36	85 1
36	79 106
36	83 2
36	85 2
36	79 36
36	84 3
36	83 3
36	85 3
36	79 40
36	84 4
36	84 5
36	83 5
36	85 5
36	79 29
36	84 6
36	84 7
36	83 7
36	85 6
36	79 109
36	83 7
36	85 7
36	79 44
36	84 8
36	84 9
36	83 9
36	85 9
36	79 32
36	84 10
36	84 11
36	83 11
36	85 10
36	79 103
36	83 11
36	85 11
36	79 31
36	84 12
36	84 13
36	83 13
36	85 13
36	79 26
36	84 14
36	84 15
36	83 15
36	85 14
36	79 108
36	83 15
36	85 15
36	79 40
36	84 16
36	84 17
36	83 17
36	85 17
36	79 27
36	84 18
36	84 19
36	83 19
36	85 18
36	79 111
36	83 19
36	85 19
36	79 47
36	84 20
36	84 1
36	83 1
36	85 1
36	79 28
36	84 2
36	84 3
36	83 3
36	85 2
36	79 104
36	84 4
36	83 4
36	85 4
36	79 24
36	84 5
36	84 6
36	83 6
36	85 5
36	79 107
36	83 6
36	85 6
36	79 37
36	84 7
36	84 8
36	83 8
36	85 8
36	79 30
36	84 9
36	84 10
36	83 10
36	85 9
36	79 106
36	83 10
36	85 10
36	79 36
36	84 11
36	83 11
36	85 11
36	79 42
36	84 12
36	84 13
36	83 13
36	85 13
36	79 31
36	84 14
36	84 15
36	83 15
36	85 14
36	79 113
36	83 15
36	85 15
36	79 44
36	84 16
36	84 17
36	83 17
36	85 17
36	79 29
36	84 18
36	84 19
36	83 19
36	85 18
36	79 105
36	83 19
36	85 19
36	79 32
36	84 20
36	83 20
36	85 20
36	79 36
36	84 1
36	84 2
36	83 2
36	85 2
36	79 26
36	84 3
36	84 4
36	83 4
36	85 3
36	79 116
36	83 4
36	85 4
36	79 44
36	84 5
36	84 6
36	83 6
36	85 6
36	79 28
36	84 7
36	84 8
36	83 8
36	85 7
36	79 108
36	83 8
36	85 8
36	79 36
36	84 9
36	84 10
36	83 10
36	85 10
36	79 29
36	84 11
36	84 12
36	83 12
36	85 11
36	79 105
36	83 12
36	85 12
36	79 33
36	84 13
36	83 13
36	85 13
36	79 32
36	84 14
36	84 15
36	83 15
36	85 15
36	79 26
36	84 16
36	84 17
36	83 17
36	85 16
36	79 105
36	83 17
36	85 17
36	79 35
36	84 18
36	83 18
36	85 18
36	79 34
36	84 19
36	84 20
36	83 20
36	85 20
36	79 32
36	84 1
36	84 2
36	83 2
36	85 1
36	79 108
36	84 3
36	83 3
36	85 3
36	79 28
36	84 4
36	84 5
36	83 5
36	85 4
36	79 104
36	83 5
36	85 5
36	79 54
36	84 6
36	84 7
36	83 7
36	85 7
36	79 27
36	84 8
36	84 9
36	83 9
36	85 8
36	79 110
36	83 9
36	85 9
36	79 35
36	84 10
36	84 11
36	83 11
36	85 11
36	79 27
36	84 12
36	84 13
36	83 13
36	85 12
36	79 102
36	83 13
36	85 13
36	79 38
36	84 14
36	83 14
36	85 14
36	79 35
36	84 15
36	84 16
36	83 16
36	85 16
36	79 30
36	84 17
36	84 18
36	83 18
36	85 17
36	79 107
36	83 18
36	85 18
36	79 36
36	84 19
36	84 20
36	83 20
36	85 20
36	79 27
36	84 1
36	84 2
36	83 2
36	85 1
36	79 107
36	83 2
36	85 2
36	79 33
36	84 3
36	84 4
36	83 4
36	85 4
36	79 32
36	84 5
36	84 6
36	83 6
36	85 5
36	79 107
36	83 6
36	85 6
36	79 36
36	84 7
36	84 8
36	84 9
36	83 9
36	85 7
36	79 211
36	83 9
36	85 9
36	79 57
36	84 10
36	84 11
36	83 11
36	85 10
36	79 122
36	83 11
36	85 11
36	79 48
36	84 12
36	83 12
36	85 12
36	79 32
36	84 13
36	84 14
36	83 14
36	85 14
36	79 26
36	84 15
36	84 16
36	83 16
36	85 15
36	79 111
36	83 16
36	85 16
36	79 51
36	84 17
36	84 18
36	83 18
36	85 18
36	79 27
36	84 19
36	84 20
36	83 20
36	85 19
36	79 104
36	83 20
36	85 20
36	79 32
36	84 1
36	84 2
36	83 2
36	85 2
36	79 29
36	84 3
36	84 4
36	83 4
36	85 3
36	79 102
36	83 4
36	85 4
36	79 29
36	84 5
36	83 5
36	85 5
36	79 38
36	84 6
36	84 7
36	83 7
36	85 7
36	79 24
36	84 8
36	84 9
36	83 9
36	85 8
36	79 109
36	83 9
36	85 9
36	79 43
36	84 10
36	84 11
36	84 12
36	84 13
36	83 13
36	85 11
36	79 186
36	83 13
36	85 12
36	79 112
36	83 13
36	85 13
36	79 42
36	84 14
36	84 15
36	84 16
36	83 16
36	85 14
36	79 186
36	83 16
36	85 16
36	79 35
36	84 17
36	84 18
36	83 18
36	85 17
36	79 106
36	83 18
36	85 18
36	79 32
36	84 19
36	83 19
36	85 19
36	79 39
36	84 20
36	84 1
36	83 1
36	85 1
36	79 29
36	84 2
36	84 3
36	83 3
36	85 2
36	79 108
36	83 3
36	85 3
36	79 35
36	84 4
36	84 5
36	83 5
36	85 5
36	79 27
36	84 6
36	84 7
36	83 7
36	85 6
36	79 105
36	83 7
36	85 7
36	79 38
36	84 8
36	84 9
36	83 9
36	85 9
36	79 26
36	84 10
36	84 11
36	83 11
36	85 10
36	79 105
36	83 11
36	85 11
36	79 36
36	84 12
36	83 12
36	85 12
36	79 34
36	84 13
36	84 14
36	83 14
36	85 14
36	79 32
36	84 15
36	84 16
36	83 16
36	85 15
36	79 108
36	83 16
36	85 16
36	79 35
36	84 17
36	83 17
36	85 17
36	79 32
36	84 18
36	84 19
36	83 19
36	85 19
36	79 29
36	84 20
36	84 1
36	83 1
36	85 20
36	79 112
36	83 1
36	85 1
36	79 46
36	84 2
36	84 3
36	83 3
36	85 3
36	79 28
36	84 4
36	84 5
36	83 5
36	85 4
36	79 118
36	84 6
36	84 7
36	83 7
36	85 5
36	79 194
36	83 7
36	85 7
36	79 42
36	84 8
36	84 9
36	83 9
36	85 8
36	79 113
36	83 9
36	85 9
36	79 42
36	84 10
36	83 10
36	85 10
36	79 37
36	84 11
36	84 12
36	83 12
36	85 12
36	79 28
36	84 13
36	84 14
36	83 14
36	85 13
36	79 112
36	84 15
36	83 15
36	85 15
36	79 28
36	84 16
36	84 17
36	83 17
36	85 16
36	79 106
36	83 17
36	85 17
36	79 36
36	84 18
36	84 19
36	83 19
36	85 19
36	79 26
36	84 20
36	84 1
36	83 1
36	85 20
36	79 112
36	83 1
36	85 1
36	79 40
36	84 2
36	84 3
36	84 4
36	84 5
36	83 5
36	85 3
36	79 186
36	83 5
36	85 4
36	79 112
36	83 5
36	85 5
36	79 39
36	84 6
36	83 6
36	85 6
36	79 32
36	84 7
36	84 8
36	83 8
36	85 8
36	79 26
36	84 9
36	84 10
36	TEST_NUMBER 3
36	SENT_TOTAL 250
36	RECEIVED_TOTAL 191
36	TIME_TOTAL 29620
36	RECEIVED_RADIO_1 192
36	RECEIVED_RADIO_2 0
36	SENT_RADIO_1 123
36	SENT_RADIO_2 127
36	RADIO_TIME_1 29754
36	RADIO_TIME_2 19683
36	RETRANSMISSIONS_1 3
36	RETRANSMISSIONS_2 0
36	DROPPED_1 0
36	DROPPED_2 0
36	MAX_QUEUE 1
36	DUPLICATED_1 8
36	DUPLICATED_2 0
36	EBUSY_RADIO_1 0
36	EBUSY_RADIO_2 0
36	83 0
36	85 9
36	86 3
36	83 0
36	85 10
36	86 3
36	84 1
36	83 1
36	85 1
36	79 36
36	84 2
36	84 3
36	83 3
36	85 3
36	79 26
36	84 4
36	84 5
36	83 5
36	85 4
36	79 106
36	83 5
36	85 5
36	79 38
36	84 6
36	83 6
36	85 6
36	79 34
36	84 7
36	84 8
36	83 8
36	85 8
36	79 28
36	84 9
36	84 10
36	83 10
36	85 9
36	79 104
36	83 10
36	85 10
36	79 35
36	84 11
36	83 11
36	85 11
36	79 39
36	84 12
36	84 13
36	83 13
36	85 13
36	79 23
36	84 14
36	84 15
36	83 15
36	85 14
36	79 103
36	83 15
36	85 15
36	79 32
36	84 16
36	83 16
36	85 16
36	79 42
36	84 17
36	84 18
36	83 18
36	85 18
36	79 28
36	84 19
36	84 20
36	83 20
36	85 19
36	79 110
36	83 20
36	85 20
36	79 37
36	84 1
36	84 2
36	84 3
36	84 4
36	83 4
36	85 2
36	79 185
36	83 4
36	85 3
36	79 112
36	83 4
36	85 4
36	79 38
36	84 5
36	84 6
36	83 6
36	85 6
36	79 30
36	84 7
36	84 8
36	83 8
36	85 7
36	79 110
36	83 8
36	85 8
36	79 38
36	84 9
36	84 10
36	83 10
36	85 10
36	79 30
36	84 11
36	84 12
36	83 12
36	85 11
36	79 109
36	84 13
36	84 14
36	83 14
36	85 12
36	79 209
36	83 14
36	85 14
36	79 56
36	84 15
36	84 16
36	83 16
36	85 15
36	79 108
36	83 16
36	85 16
36	79 37
36	84 17
36	84 18
36	83 18
36	85 18
36	79 31
36	84 19
36	84 20
36	83 20
36	85 19
36	79 105
36	83 20
36	85 20
36	79 33
36	84 1
36	84 2
36	83 2
36	85 2
36	79 32
36	84 3
36	84 4
36	83 4
36	85 3
36	79 111
36	83 4
36	85 4
36	79 37
36	84 5
36	84 6
36	83 6
36	85 6
36	79 23
36	84 7
36	84 8
36	83 8
36	85 7
36	79 103
36	83 8
36	85 8
36	79 32
36	84 9
36	83 9
36	85 9
36	79 29
36	84 10
36	84 11
36	83 11
36	85 11
36	79 25
36	84 12
36	84 13
36	83 13
36	85 12
36	79 106
36	83 13
36	85 13
36	79 36
36	84 14
36	83 14
36	85 14
36	79 38
36	84 15
36	84 16
36	83 16
36	85 16
36	79 25
36	84 17
36	84 18
36	83 18
36	85 17
36	79 114
36	83 18
36	85 18
36	79 51
36	84 19
36	84 20
36	83 20
36	85 20
36	79 27
36	84 1
36	84 2
36	83 2
36	85 1
36	79 109
36	83 2
36	85 2
36	79 38
36	84 3
36	83 3
36	85 3
36	79 38
36	84 4
36	84 5
36	83 5
36	85 5
36	79 31
36	84 6
36	84 7
36	83 7
36	85 6
36	79 115
36	83 7
36	85 7
36	79 42
36	84 8
36	84 9
36	84 10
36	83 10
36	85 8
36	79 189
36	83 10
36	85 10
36	79 38
36	84 11
36	84 12
36	83 12
36	85 11
36	79 104
36	83 12
36	85 12
36	79 33
36	84 13
36	84 14
36	83 14
36	85 14
36	79 27
36	84 15
36	84 16
36	83 16
36	85 15
36	79 110
36	84 17
36	84 18
36	83 18
36	85 16
36	79 194
36	83 18
36	85 18
36	79 45
36	84 19
36	84 20
36	83 20
36	85 19
36	79 106
36	83 20
36	85 20
36	79 34
36	84 1
36	84 2
36	83 2
36	85 2
36	79 30
36	84 3
36	84 4
36	83 4
36	85 3
36	79 124
36	83 4
36	85 4
36	79 51
36	84 5
36	83 5
36	85 5
36	79 33
36	84 6
36	84 7
36	83 7
36	85 7
36	79 27
36	84 8
36	84 9
36	83 9
36	85 8
36	79 108
36	83 9
36	85 9
36	79 38
36	84 10
36	84 11
36	83 11
36	85 11
36	79 26
36	84 12
36	84 13
36	83 13
36	85 12
36	79 104
36	83 13
36	85 13
36	79 41
36	84 14
36	83 14
36	85 14
36	79 39
36	84 15
36	84 16
36	83 16
36	85 16
36	79 27
36	84 17
36	84 18
36	83 18
36	85 17
36	79 110
36	84 19
36	83 19
36	85 19
36	79 31
36	84 20
36	84 1
36	83 1
36	85 20
36	79 107
36	84 2
36	83 2
36	85 2
36	79 26
36	84 3
36	84 4
36	83 4
36	85 3
36	79 104
36	83 4
36	85 4
36	79 31
36	84 5
36	83 5
36	85 5
36	79 42
36	84 6
36	84 7
36	84 8
36	84 9
36	83 9
36	85 7
36	79 186
36	83 9
36	85 8
36	79 114
36	84 10
36	83 10
36	85 10
36	79 24
36	84 11
36	84 12
36	83 12
36	85 11
36	79 109
36	83 12
36	85 12
36	79 38
36	84 13
36	83 13
36	85 13
36	79 38
36	84 14
36	84 15
36	83 15
36	85 15
36	79 30
36	84 16
36	84 17
36	83 17
36	85 16
36	79 105
36	83 17
36	85 17
36	79 44
36	84 18
36	83 18
36	85 18
36	79 35
36	84 19
36	84 20
36	83 20
36	85 20
36	79 23
36	84 1
36	84 2
36	83 2
36	85 1
36	79 112
36	83 2
36	85 2
36	79 40
36	84 3
36	84 4
36	83 4
36	85 4
36	79 23
36	84 5
36	84 6
36	83 6
36	85 5
36	79 104
36	83 6
36	85 6
36	79 42
36	84 7
36	84 8
36	83 8
36	85 8
36	79 23
36	84 9
36	84 10
36	83 10
36	85 9
36	79 125
36	83 10
36	85 10
36	79 52
36	84 11
36	84 12
36	83 12
36	85 12
36	79 28
36	84 13
36	84 14
36	83 14
36	85 13
36	79 107
36	83 14
36	85 14
36	79 39
36	84 15
36	83 15
36	85 15
36	79 31
36	84 16
36	84 17
36	83 17
36	85 17
36	79 31
36	84 18
36	84 19
36	83 19
36	85 18
36	79 109
36	83 19
36	85 19
36	79 35
36	84 20
36	84 1
36	83 1
36	85 1
36	79 27
36	84 2
36	84 3
36	83 3
36	85 2
36	79 108
36	84 4
36	83 4
36	85 4
36	79 33
36	84 5
36	84 6
36	83 6
36	85 5
36	79 116
36	83 6
36	85 6
36	79 43
36	83 6
36	85 2
36	79 369
36	83 6
36	85 6
36	79 67
36	83 6
36	85 2
36	79 394
36	84 7
36	83 7
36	85 4
36	79 244
36	83 7
36	85 6
36	79 111
36	83 7
36	85 2
36	79 437
36	83 7
36	85 4
36	79 287
36	83 7
36	85 6
36	79 138
36	83 7
36	85 2
36	79 464
36	83 7
36	85 4
36	79 313
36	84 8
36	83 8
36	85 2
36	79 479
36	83 8
36	85 4
36	79 337
36	83 8
36	85 6
36	79 185
36	83 8
36	85 2
36	79 510
36	83 8
36	85 4
36	79 359
36	84 9
36	83 9
36	85 6
36	79 241
36	83 9
36	85 4
36	79 429
36	83 9
36	85 6
36	79 280
36	83 9
36	85 2
36	79 606
36	83 9
36	85 4
36	79 455
36	83 9
36	85 6
36	79 301
36	83 9
36	85 2
36	79 627
36	83 9
36	85 4
36	79 474
36	84 10
36	83 10
36	85 6
36	79 321
36	83 10
36	85 2
36	79 645
36	83 10
36	85 4
36	79 494
36	83 10
36	85 6
36	79 342
36	83 10
36	85 4
36	79 508
36	83 10
36	85 6
36	79 364
36	83 10
36	85 2
36	79 689
36	83 10
36	85 4
36	79 538
36	83 10
36	85 6
36	79 386
36	83 10
36	85 2
36	79 712
36	84 11
36	83 11
36	85 4
36	79 558
36	83 11
36	85 6
36	79 405
36	83 11
36	85 2
36	79 752
36	83 11
36	85 6
36	79 443
36	83 11
36	85 2
36	79 767
36	83 11
36	85 4
36	79 615
36	83 11
36	85 6
36	79 473
36	84 12
36	83 12
36	85 2
36	79 797
36	83 12
36	85 4
36	79 646
36	83 12
36	85 6
36	79 494
36	83 12
36	85 2
36	79 829
36	83 12
36	85 4
36	79 676
36	83 12
36	85 6
36	79 522
36	83 12
36	85 2
36	79 849
36	83 12
36	85 6
36	79 540
36	83 12
36	85 2
36	79 864
36	83 12
36	85 4
36	79 713
36	84 13
36	83 13
36	85 6
36	79 559
36	83 13
36	85 2
36	79 884
36	83 13
36	85 6
36	79 583
36	84 14
36	83 14
36	85 2
36	79 1005
36	83 14
36	85 4
36	79 852
36	83 14
36	85 6
36	79 698
36	83 14
36	85 2
36	79 1025
36	83 14
36	85 6
36	79 716
36	84 15
36	83 15
36	85 2
36	79 1043
36	83 15
36	85 4
36	79 897
36	83 15
36	85 2
36	79 1062
36	83 15
36	85 6
36	79 750
36	83 15
36	85 2
36	79 1083
36	84 16
36	83 16
36	85 4
36	79 1020
36	83 16
36	85 6
36	79 870
36	83 16
36	85 2
36	79 1195
36	84 17
36	83 17
36	85 4
36	79 1041
36	83 17
36	85 6
36	79 887
36	83 17
36	85 2
36	79 1221
36	83 17
36	85 2
36	79 1247
36	83 17
36	85 4
36	79 1112
36	84 18
36	84 19
36	84 20
36	83 20
36	85 4
36	79 1283
36	83 20
36	85 6
36	79 1149
36	83 20
36	85 2
36	79 1474
36	83 20
36	85 4
36	79 1321
36	83 20
36	85 6
36	79 1169
36	83 20
36	85 2
36	79 1498
36	84 1
36	83 1
36	85 6
36	79 1196
36	84 2
36	83 2
36	85 6
36	79 1314
36	83 2
36	85 2
36	79 45
36	83 2
36	85 7
36	79 1258
36	83 2
36	85 8
36	79 1186
36	83 2
36	85 9
36	79 1114
36	84 3
36	83 3
36	85 10
36	79 1044
36	83 3
36	85 11
36	79 972
36	84 4
36	84 5
36	84 6
36	83 6
36	85 20
36	79 508
36	84 7
36	84 8
36	84 9
36	83 9
36	85 8
36	79 159
36	84 10
36	83 10
36	85 3
36	79 564
36	83 10
36	85 5
36	79 417
36	84 11
36	83 11
36	85 10
36	79 136
36	84 12
36	84 13
36	83 13
36	85 12
36	79 114
36	84 14
36	83 14
36	85 14
36	79 28
36	84 15
36	84 16
36	83 16
36	85 15
36	79 112
36	83 16
36	85 16
36	79 42
36	84 17
36	84 18
36	83 18
36	85 18
36	79 29
36	84 19
36	84 20
36	83 20
36	85 19
36	79 108
36	83 20
36	85 20
36	79 44
36	84 1
36	84 2
36	83 2
36	85 2
36	79 26
36	84 3
36	84 4
36	83 4
36	85 3
36	79 105
36	84 5
36	83 5
36	85 4
36	79 120
36	83 5
36	85 5
36	79 48
36	84 6
36	84 7
36	83 7
36	85 7
36	79 25
36	84 8
36	84 9
36	83 9
36	85 8
36	79 105
36	84 10
36	84 11
36	83 11
36	85 9
36	79 186
36	83 11
36	85 11
36	79 34
36	84 12
36	84 13
36	83 13
36	85 12
36	79 107
36	83 13
36	85 13
36	79 37
36	84 14
36	84 15
36	84 16
36	83 16
36	85 14
36	79 189
36	84 17
36	84 18
36	83 18
36	85 16
36	79 190
36	83 18
36	85 17
36	79 117
36	83 18
36	85 18
36	79 46
36	84 19
36	84 20
36	83 20
36	85 20
36	79 27
36	84 1
36	84 2
36	83 2
36	85 1
36	79 105
36	84 3
36	84 4
36	83 4
36	85 2
36	79 186
36	83 4
36	85 4
36	79 35
36	84 5
36	84 6
36	83 6
36	85 5
36	79 108
36	83 6
36	85 6
36	79 34
36	84 7
36	84 8
36	83 8
36	85 8
36	79 27
36	84 9
36	84 10
36	83 10
36	85 9
36	79 108
36	83 10
36	85 10
36	79 35
36	84 11
36	84 12
36	83 12
36	85 12
36	79 27
36	84 13
36	84 14
36	83 14
36	85 13
36	79 111
36	84 15
36	83 15
36	85 15
36	79 24
36	84 16
36	84 17
36	83 17
36	85 16
36	79 111
36	83 17
36	85 17
36	79 38
36	84 18
36	83 18
36	85 18
36	79 34
36	84 19
36	84 20
36	83 20
36	85 20
36	79 25
36	84 1
36	84 2
36	83 2
36	85 1
36	79 105
36	83 2
36	85 2
36	79 43
36	84 3
36	84 4
36	83 4
36	85 4
36	79 23
36	84 5
36	84 6
36	83 6
36	85 5
36	79 105
36	83 6
36	85 6
36	79 33
36	84 7
36	83 7
36	85 7
36	79 34
36	84 8
36	84 9
36	83 9
36	85 9
36	79 28
36	84 10
36	84 11
36	83 11
36	85 10
36	79 113
36	83 11
36	85 11
36	79 39
36	84 12
36	83 12
36	85 12
36	79 26
36	84 13
36	84 14
36	83 14
36	85 14
36	79 25
36	84 15
36	84 16
36	83 16
36	85 15
36	79 104
36	83 16
36	85 16
36	79 35
36	84 17
36	84 18
36	83 18
36	85 18
36	79 28
36	84 19
36	84 20
36	83 20
36	85 19
36	79 102
36	83 20
36	85 20
36	79 30
36	84 1
36	83 1
36	85 1
36	79 40
36	84 2
36	84 3
36	83 3
36	85 3
36	79 29
36	84 4
36	84 5
36	83 5
36	85 4
36	79 109
36	83 5
36	85 5
36	79 36
36	84 6
36	83 6
36	85 6
36	79 34
36	84 7
36	84 8
36	83 8
36	85 8
36	79 26
36	84 9
36	84 10
36	TEST_NUMBER 4
36	SENT_TOTAL 250
36	RECEIVED_TOTAL 260
36	TIME_TOTAL 29727
36	RECEIVED_RADIO_1 262
36	RECEIVED_RADIO_2 0
36	SENT_RADIO_1 123
36	SENT_RADIO_2 127
36	RADIO_TIME_1 29860
36	RADIO_TIME_2 19763
36	RETRANSMISSIONS_1 4
36	RETRANSMISSIONS_2 0
36	DROPPED_1 0
36	DROPPED_2 0
36	MAX_QUEUE 1
36	DUPLICATED_1 31
36	DUPLICATED_2 0
36	EBUSY_RADIO_1 0
36	EBUSY_RADIO_2 0
36	83 0
36	85 9
36	86 4
36	83 0
36	85 10
36	86 4
36	84 1
36	84 2
36	83 2
36	85 2
36	79 23
36	84 3
36	84 4
36	83 4
36	85 3
36	79 109
36	83 4
36	85 4
36	79 35
36	84 5
36	83 5
36	85 5
36	79 35
36	84 6
36	84 7
36	83 7
36	85 7
36	79 22
36	84 8
36	84 9
36	83 9
36	85 8
36	79 109
36	83 9
36	85 9
36	79 36
36	84 10
36	83 10
36	85 10
36	79 35
36	84 11
36	84 12
36	83 12
36	85 12
36	79 26
36	84 13
36	84 14
36	83 14
36	85 13
36	79 104
36	83 14
36	85 14
36	79 31
36	84 15
36	84 16
36	84 17
36	83 17
36	85 15
36	79 189
36	83 17
36	85 17
36	79 36
36	84 18
36	84 19
36	83 19
36	85 18
36	79 115
36	83 19
36	85 19
36	79 47
36	84 20
36	84 1
36	83 1
36	85 1
36	79 27
36	84 2
36	84 3
36	83 3
36	85 2
36	79 108
36	83 3
36	85 3
36	79 36
36	84 4
36	83 4
36	85 4
36	79 34
36	84 5
36	84 6
36	83 6
36	85 6
36	79 28
36	84 7
36	84 8
36	83 8
36	85 7
36	79 105
36	83 8
36	85 8
36	79 37
36	84 9
36	83 9
36	85 9
36	79 32
36	84 10
36	84 11
36	83 11
36	85 11
36	79 29
36	84 12
36	84 13
36	83 13
36	85 12
36	79 113
36	83 13
36	85 13
36	79 41
36	84 14
36	84 15
36	83 15
36	85 15
36	79 27
36	84 16
36	84 17
36	83 17
36	85 16
36	79 102
36	83 17
36	85 17
36	79 30
36	84 18
36	83 18
36	85 18
36	79 37
36	84 19
36	84 20
36	83 20
36	85 20
36	79 28
36	84 1
36	84 2
36	83 2
36	85 1
36	79 108
36	83 2
36	85 2
36	79 39
36	84 3
36	84 4
36	83 4
36	85 4
36	79 28
36	84 5
36	84 6
36	83 6
36	85 5
36	79 106
36	83 6
36	85 6
36	79 45
36	84 7
36	84 8
36	83 8
36	85 8
36	79 26
36	84 9
36	84 10
36	83 10
36	85 9
36	79 110
36	83 10
36	85 10
36	79 38
36	84 11
36	84 12
36	83 12
36	85 12
36	79 30
36	84 13
36	84 14
36	83 14
36	85 13
36	79 112
36	83 14
36	85 14
36	79 38
36	84 15
36	84 16
36	83 16
36	85 16
36	79 26
36	84 17
36	84 18
36	83 18
36	85 17
36	79 104
36	83 18
36	85 18
36	79 32
36	84 19
36	84 20
36	84 1
36	83 1
36	85 19
36	79 197
36	84 2
36	84 3
36	83 3
36	85 1
36	79 192
36	83 3
36	85 2
36	79 119
36	83 3
36	85 3
36	79 47
36	84 4
36	84 5
36	83 5
36	85 5
36	79 27
36	84 6
36	84 7
36	83 7
36	85 6
36	79 112
36	83 7
36	85 7
36	79 38
36	84 8
36	83 8
36	85 8
36	79 35
36	84 9
36	84 10
36	83 10
36	85 10
36	79 32
36	84 11
36	84 12
36	83 12
36	85 11
36	79 108
36	83 12
36	85 12
36	79 37
36	84 13
36	84 14
36	83 14
36	85 14
36	79 25
36	84 15
36	84 16
36	83 16
36	85 15
36	79 105
36	83 16
36	85 16
36	79 32
36	84 17
36	84 18
36	83 18
36	85 18
36	79 29
36	84 19
36	84 20
36	83 20
36	85 19
36	79 105
36	83 20
36	85 20
36	79 31
36	84 1
36	84 2
36	83 2
36	85 2
36	79 32
36	84 3
36	84 4
36	83 4
36	85 3
36	79 104
36	84 5
36	84 6
36	83 6
36	85 4
36	79 205
36	83 6
36	85 6
36	79 54
36	84 7
36	84 8
36	83 8
36	85 7
36	79 116
36	83 8
36	85 8
36	79 43
36	84 9
36	83 9
36	85 9
36	79 36
36	84 10
36	84 11
36	83 11
36	85 11
36	79 28
36	84 12
36	84 13
36	83 13
36	85 12
36	79 106
36	83 13
36	85 13
36	79 36
36	84 14
36	83 14
36	85 14
36	79 40
36	84 15
36	84 16
36	84 17
36	84 18
36	83 18
36	85 16
36	79 188
36	83 18
36	85 17
36	79 115
36	83 18
36	85 18
36	79 41
36	84 19
36	83 19
36	85 19
36	79 35
36	84 20
36	84 1
36	83 1
36	85 1
36	79 27
36	84 2
36	84 3
36	83 3
36	85 2
36	79 116
36	83 3
36	85 3
36	79 42
36	84 4
36	84 5
36	83 5
36	85 5
36	79 26
36	84 6
36	84 7
36	84 8
36	83 8
36	85 6
36	79 192
36	83 8
36	85 8
36	79 40
36	84 9
36	84 10
36	83 10
36	85 9
36	79 105
36	83 10
36	85 10
36	79 34
36	84 11
36	84 12
36	83 12
36	85 12
36	79 25
36	84 13
36	84 14
36	83 14
36	85 13
36	79 105
36	83 14
36	85 14
36	79 33
36	84 15
36	84 16
36	83 16
36	85 16
36	79 30
36	84 17
36	84 18
36	83 18
36	85 17
36	79 115
36	83 18
36	85 18
36	79 41
36	84 19
36	83 19
36	85 19
36	79 37
36	84 20
36	84 1
36	83 1
36	85 1
36	79 29
36	84 2
36	84 3
36	83 3
36	85 2
36	79 107
36	84 4
36	84 5
36	84 6
36	83 6
36	85 4
36	79 188
36	83 6
36	85 5
36	79 115
36	83 6
36	85 6
36	79 45
36	84 7
36	84 8
36	83 8
36	85 8
36	79 27
36	84 9
36	84 10
36	83 10
36	85 9
36	79 112
36	83 10
36	85 10
36	79 42
36	84 11
36	83 11
36	85 11
36	79 39
36	84 12
36	84 13
36	83 13
36	85 13
36	79 26
36	84 14
36	84 15
36	83 15
36	85 14
36	79 106
36	83 15
36	85 15
36	79 33
36	84 16
36	83 16
36	85 16
36	79 32
36	84 17
36	84 18
36	83 18
36	85 18
36	79 28
36	84 19
36	84 20
36	83 20
36	85 19
36	79 105
36	83 20
36	85 20
36	79 40
36	84 1
36	84 2
36	83 2
36	85 2
36	79 29
36	84 3
36	84 4
36	83 4
36	85 3
36	79 109
36	83 4
36	85 4
36	79 37
36	84 5
36	84 6
36	83 6
36	85 6
36	79 32
36	84 7
36	84 8
36	83 8
36	85 7
36	79 103
36	83 8
36	85 8
36	79 31
36	84 9
36	84 10
36	83 10
36	85 10
36	79 28
36	84 11
36	84 12
36	83 12
36	85 11
36	79 106
36	83 12
36	85 12
36	79 35
36	84 13
36	83 13
36	85 13
36	79 40
36	84 14
36	84 15
36	83 15
36	85 15
36	79 31
36	84 16
36	84 17
36	83 17
36	85 16
36	79 104
36	83 17
36	85 17
36	79 33
36	84 18
36	83 18
36	85 18
36	79 31
36	84 19
36	84 20
36	83 20
36	85 20
36	79 25
36	84 1
36	84 2
36	83 2
36	85 1
36	79 108
36	83 2
36	85 2
36	79 40
36	84 3
36	84 4
36	83 4
36	85 4
36	79 27
36	84 5
36	84 6
36	83 6
36	85 5
36	79 111
36	83 6
36	85 6
36	79 40
36	84 7
36	84 8
36	84 9
36	83 9
36	85 7
36	79 186
36	84 10
36	84 11
36	83 11
36	85 9
36	79 179
36	83 11
36	85 10
36	79 105
36	84 12
36	84 13
36	83 13
36	85 12
36	79 113
36	83 13
36	85 13
36	79 41
36	84 14
36	83 14
36	85 14
36	79 37
36	84 15
36	84 16
36	83 16
36	85 16
36	79 28
36	84 17
36	84 18
36	83 18
36	85 17
36	79 107
36	83 18
36	85 18
36	79 47
36	84 19
36	84 20
36	83 20
36	85 20
36	79 26
36	84 1
36	84 2
36	83 2
36	85 1
36	79 127
36	83 2
36	85 2
36	79 57
36	84 3
36	84 4
36	83 4
36	85 4
36	79 28
36	84 5
36	84 6
36	83 6
36	85 5
36	79 114
36	83 6
36	85 6
36	79 44
36	84 7
36	83 7
36	85 7
36	79 40
36	84 8
36	84 9
36	83 9
36	85 9
36	79 30
36	84 10
36	84 11
36	83 11
36	85 10
36	79 103
36	83 11
36	85 11
36	79 29
36	84 12
36	83 12
36	85 12
36	79 34
36	84 13
36	84 14
36	83 14
36	85 14
36	79 27
36	84 15
36	84 16
36	83 16
36	85 15
36	79 108
36	83 16
36	85 16
36	79 38
36	84 17
36	84 18
36	83 18
36	85 18
36	79 29
36	84 19
36	84 20
36	83 20
36	85 19
36	79 102
36	83 20
36	85 20
36	79 44
36	84 1
36	84 2
36	83 2
36	85 2
36	79 24
36	84 3
36	84 4
36	83 4
36	85 3
36	79 104
36	83 4
36	85 4
36	79 36
36	84 5
36	83 5
36	85 5
36	79 39
36	84 6
36	84 7
36	84 8
36	84 9
36	83 9
36	85 7
36	79 185
36	83 9
36	85 8
36	79 114
36	83 9
36	85 9
36	79 44
36	84 10
36	84 11
36	84 12
36	84 13
36	83 13
36	85 11
36	79 189
36	83 13
36	85 12
36	79 126
36	83 13
36	85 13
36	79 53
36	84 14
36	83 14
36	85 14
36	79 44
36	84 15
36	84 16
36	83 16
36	85 16
36	79 29
36	84 17
36	84 18
36	83 18
36	85 17
36	79 107
36	84 19
36	83 19
36	85 18
36	79 118
36	83 19
36	85 19
36	79 46
36	84 20
36	84 1
36	83 1
36	85 1
36	79 24
36	84 2
36	84 3
36	83 3
36	85 2
36	79 105
36	83 3
36	85 3
36	79 34
36	84 4
36	83 4
36	85 4
36	79 36
36	84 5
36	84 6
36	83 6
36	85 6
36	79 25
36	84 7
36	84 8
36	83 8
36	85 7
36	79 108
36	83 8
36	85 8
36	79 34
36	84 9
36	84 10
36	84 11
36	83 11
36	85 10
36	79 107
36	83 11
36	85 11
36	79 37
36	84 12
36	83 12
36	85 12
36	79 42
36	84 13
36	84 14
36	83 14
36	85 14
36	79 30
36	84 15
36	84 16
36	83 16
36	85 15
36	79 109
36	84 17
36	84 18
36	83 18
36	85 16
36	79 189
36	83 18
36	85 18
36	79 35
36	84 19
36	84 20
36	83 20
36	85 19
36	79 104
36	84 1
36	83 1
36	85 1
36	79 26
36	84 2
36	84 3
36	83 3
36	85 2
36	79 107
36	84 4
36	84 5
36	83 5
36	85 4
36	79 107
36	83 5
36	85 5
36	79 40
36	84 6
36	83 6
36	85 6
36	79 48
36	84 7
36	84 8
36	83 8
36	85 8
36	79 26
36	84 9
36	84 10
36	TEST_NUMBER 5
36	SENT_TOTAL 250
36	RECEIVED_TOTAL 190
36	TIME_TOTAL 29722
36	RECEIVED_RADIO_1 192
36	RECEIVED_RADIO_2 0
36	SENT_RADIO_1 125
36	SENT_RADIO_2 125
36	RADIO_TIME_1 29855
36	RADIO_TIME_2 19763
36	RETRANSMISSIONS_1 0
36	RETRANSMISSIONS_2 0
36	DROPPED_1 0
36	DROPPED_2 0
36	MAX_QUEUE 1
36	DUPLICATED_1 3
36	DUPLICATED_2 0
36	EBUSY_RADIO_1 0
36	EBUSY_RADIO_2 0
36	83 0
36	85 9
36	86 5
36	84 1
36	84 2
36	83 2
36	85 10
36	86 5
36	83 2
36	85 2
36	79 33
36	84 3
36	84 4
36	83 4
36	85 3
36	79 104
36	83 4
36	85 4
36	79 31
36	84 5
36	83 5
36	85 5
36	79 34
36	84 6
36	84 7
36	83 7
36	85 7
36	79 22
36	84 8
36	84 9
36	83 9
36	85 8
36	79 107
36	83 9
36	85 9
36	79 46
36	84 10
36	84 11
36	83 11
36	85 11
36	79 23
36	84 12
36	84 13
36	83 13
36	85 12
36	79 112
36	84 14
36	83 14
36	85 14
36	79 30
36	84 15
36	84 16
36	83 16
36	85 15
36	79 105
36	84 17
36	83 17
36	85 17
36	79 27
36	84 18
36	84 19
36	83 19
36	85 18
36	79 104
36	83 19
36	85 19
36	79 32
36	84 20
36	83 20
36	85 20
36	79 35
36	84 1
36	84 2
36	83 2
36	85 2
36	79 24
36	84 3
36	84 4
36	83 4
36	85 3
36	79 117
36	83 4
36	85 4
36	79 45
36	84 5
36	83 5
36	85 5
36	79 41
36	84 6
36	84 7
36	83 7
36	85 7
36	79 30
36	84 8
36	84 9
36	83 9
36	85 8
36	79 112
36	84 10
36	83 10
36	85 10
36	79 27
36	84 11
36	84 12
36	83 12
36	85 11
36	79 106
36	84 13
36	84 14
36	83 14
36	85 13
36	79 117
36	83 14
36	85 14
36	79 49
36	84 15
36	83 15
36	85 15
36	79 32
36	84 16
36	84 17
36	83 17
36	85 17
36	79 30
36	84 18
36	84 19
36	83 19
36	85 18
36	79 106
36	83 19
36	85 19
36	79 33
36	84 20
36	83 20
36	85 20
36	79 39
36	84 1
36	84 2
36	83 2
36	85 2
36	79 30
36	84 3
36	84 4
36	83 4
36	85 3
36	79 106
36	83 4
36	85 4
36	79 38
36	84 5
36	83 5
36	85 5
36	79 44
36	84 6
36	84 7
36	83 7
36	85 7
36	79 25
36	84 8
36	84 9
36	83 9
36	85 8
36	79 105
36	83 9
36	85 9
36	79 36
36	84 10
36	83 10
36	85 10
36	79 28
36	84 11
36	84 12
36	83 12
36	85 12
36	79 31
36	84 13
36	84 14
36	83 14
36	85 13
36	79 114
36	84 15
36	84 16
36	83 16
36	85 14
36	79 182
36	83 16
36	85 16
36	79 32
36	84 17
36	84 18
36	83 18
36	85 17
36	79 110
36	83 18
36	85 18
36	79 48
36	84 19
36	83 19
36	85 19
36	79 34
36	84 20
36	84 1
36	83 1
36	85 1
36	79 26
36	84 2
36	84 3
36	83 3
36	85 2
36	79 106
36	83 3
36	85 3
36	79 35
36	84 4
36	84 5
36	83 5
36	85 5
36	79 28
36	84 6
36	84 7
36	83 7
36	85 6
36	79 106
36	83 7
36	85 7
36	79 33
36	84 8
36	83 8
36	85 8
36	79 43
36	84 9
36	84 10
36	84 11
36	84 12
36	83 12
36	85 10
36	79 193
36	83 12
36	85 11
36	79 122
36	83 12
36	85 12
36	79 49
36	84 13
36	84 14
36	83 14
36	85 14
36	79 25
36	84 15
36	84 16
36	83 16
36	85 15
36	79 111
36	83 16
36	85 16
36	79 37
36	84 17
36	83 17
36	85 17
36	79 30
36	84 18
36	84 19
36	83 19
36	85 19
36	79 22
36	84 20
36	84 1
36	83 1
36	85 20
36	79 105
36	83 1
36	85 1
36	79 44
36	84 2
36	84 3
36	83 3
36	85 3
36	79 25
36	84 4
36	84 5
36	83 5
36	85 4
36	79 112
36	83 5
36	85 5
36	79 49
36	84 6
36	84 7
36	83 7
36	85 7
36	79 33
36	84 8
36	84 9
36	83 9
36	85 8
36	79 104
36	83 9
36	85 9
36	79 35
36	84 10
36	84 11
36	83 11
36	85 11
36	79 30
36	84 12
36	84 13
36	83 13
36	85 12
36	79 113
36	83 13
36	85 13
36	79 56
36	84 14
36	84 15
36	83 15
36	85 15
36	79 29
36	84 16
36	84 17
36	83 17
36	85 16
36	79 114
36	83 17
36	85 17
36	79 43
36	84 18
36	84 19
36	83 19
36	85 19
36	79 27
36	84 20
36	84 1
36	83 1
36	85 20
36	79 104
36	83 1
36	85 1
36	79 30
36	84 2
36	83 2
36	85 2
36	79 38
36	84 3
36	84 4
36	83 4
36	85 4
36	79 28
36	84 5
36	84 6
36	83 6
36	85 5
36	79 107
36	83 6
36	85 6
36	79 37
36	84 7
36	83 7
36	85 7
36	79 35
36	84 8
36	84 9
36	83 9
36	85 9
36	79 29
36	84 10
36	84 11
36	83 11
36	85 10
36	79 106
36	83 11
36	85 11
36	79 35
36	84 12
36	83 12
36	85 12
36	79 33
36	84 13
36	84 14
36	83 14
36	85 14
36	79 26
36	84 15
36	84 16
36	83 16
36	85 15
36	79 110
36	83 16
36	85 16
36	79 51
36	84 17
36	84 18
36	84 19
36	84 20
36	83 20
36	85 18
36	79 198
36	83 20
36	85 19
36	79 126
36	83 20
36	85 20
36	79 56
36	84 1
36	84 2
36	83 2
36	85 2
36	79 24
36	84 3
36	84 4
36	83 4
36	85 3
36	79 110
36	83 4
36	85 4
36	79 48
36	84 5
36	84 6
36	83 6
36	85 6
36	79 20
36	84 7
36	84 8
36	83 8
36	85 7
36	79 112
36	84 9
36	83 9
36	85 9
36	79 27
36	84 10
36	84 11
36	83 11
36	85 10
36	79 104
36	83 11
36	85 11
36	79 50
36	84 12
36	84 13
36	83 13
36	85 13
36	79 25
36	84 14
36	84 15
36	83 15
36	85 14
36	79 111
36	83 15
36	85 15
36	79 40
36	84 16
36	84 17
36	83 17
36	85 17
36	79 30
36	84 18
36	84 19
36	83 19
36	85 18
36	79 109
36	84 20
36	83 20
36	85 19
36	79 117
36	83 20
36	85 20
36	79 47
36	84 1
36	84 2
36	83 2
36	85 2
36	79 30
36	84 3
36	84 4
36	83 4
36	85 3
36	79 123
36	83 4
36	85 4
36	79 49
36	84 5
36	84 6
36	83 6
36	85 6
36	79 27
36	84 7
36	84 8
36	83 8
36	85 7
36	79 107
36	83 8
36	85 8
36	79 35
36	84 9
36	83 9
36	85 9
36	79 32
36	84 10
36	84 11
36	83 11
36	85 11
36	79 25
36	84 12
36	84 13
36	83 13
36	85 12
36	79 104
36	83 13
36	85 13
36	79 31
36	84 14
36	83 14
36	85 14
36	79 32
36	84 15
36	84 16
36	83 16
36	85 16
36	79 29
36	84 17
36	84 18
36	83 18
36	85 17
36	79 107
36	83 18
36	85 18
36	79 42
36	84 19
36	84 20
36	83 20
36	85 20
36	79 26
36	84 1
36	84 2
36	83 2
36	85 1
36	79 108
36	83 2
36	85 2
36	79 35
36	84 3
36	83 3
36	85 3
36	79 34
36	84 4
36	84 5
36	83 5
36	85 5
36	79 27
36	84 6
36	84 7
36	83 7
36	85 6
36	79 126
36	83 7
36	85 7
36	79 53
36	84 8
36	83 8
36	85 8
36	79 34
36	84 9
36	84 10
36	83 10
36	85 10
36	79 26
36	84 11
36	84 12
36	83 12
36	85 11
36	79 107
36	83 12
36	85 12
36	79 35
36	84 13
36	83 13
36	85 13
36	79 34
36	84 14
36	84 15
36	83 15
36	85 15
36	79 26
36	84 16
36	84 17
36	83 17
36	85 16
36	79 104
36	83 17
36	85 17
36	79 31
36	84 18
36	83 18
36	85 18
36	79 34
36	84 19
36	84 20
36	83 20
36	85 20
36	79 23
36	84 1
36	84 2
36	83 2
36	85 1
36	79 111
36	83 2
36	85 2
36	79 39
36	84 3
36	83 3
36	85 3
36	79 31
36	84 4
36	84 5
36	83 5
36	85 5
36	79 31
36	84 6
36	84 7
36	83 7
36	85 6
36	79 109
36	83 7
36	85 7
36	79 37
36	84 8
36	83 8
36	85 8
36	79 32
36	84 9
36	84 10
36	83 10
36	85 10
36	79 26
36	84 11
36	84 12
36	83 12
36	85 11
36	79 111
36	83 12
36	85 12
36	79 46
36	84 13
36	84 14
36	83 14
36	85 14
36	79 25
36	84 15
36	84 16
36	83 16
36	85 15
36	79 111
36	83 16
36	85 16
36	79 45
36	84 17
36	84 18
36	83 18
36	85 18
36	79 25
36	84 19
36	84 20
36	83 20
36	85 19
36	79 102
36	84 1
36	83 1
36	85 20
36	79 116
36	83 1
36	85 1
36	79 44
36	84 2
36	84 3
36	83 3
36	85 3
36	79 25
36	84 4
36	84 5
36	84 6
36	83 6
36	85 4
36	79 188
36	83 6
36	85 6
36	79 34
36	84 7
36	84 8
36	83 8
36	85 7
36	79 109
36	83 8
36	85 8
36	79 37
36	84 9
36	84 10
36	83 10
36	85 10
36	79 29
36	84 11
36	84 12
36	83 12
36	85 11
36	79 102
36	83 12
36	85 12
36	79 30
36	84 13
36	83 13
36	85 13
36	79 34
36	84 14
36	84 15
36	83 15
36	85 15
36	79 25
36	84 16
36	84 17
36	83 17
36	85 16
36	79 128
36	83 17
36	85 17
36	79 55
36	84 18
36	83 18
36	85 18
36	79 30
36	84 19
36	84 20
36	83 20
36	85 20
36	79 29
36	84 1
36	84 2
36	83 2
36	85 1
36	79 110
36	84 3
36	83 3
36	85 3
36	79 22
36	84 4
36	84 5
36	83 5
36	85 4
36	79 104
36	83 5
36	85 5
36	79 51
36	84 6
36	84 7
36	83 7
36	85 7
36	79 30
36	84 8
36	84 9
36	83 9
36	85 8
36	79 109
36	83 9
36	85 9
36	79 38
36	84 10
36	83 10
36	85 10
36	79 33
36	84 11
36	84 12
36	83 12
36	85 12
36	79 28
36	84 13
36	84 14
36	83 14
36	85 13
36	79 110
36	83 14
36	85 14
36	79 40
36	84 15
36	84 16
36	83 16
36	85 16
36	79 30
36	84 17
36	84 18
36	83 18
36	85 17
36	79 122
36	83 18
36	85 18
36	79 49
36	84 19
36	83 19
36	85 19
36	79 48
36	84 20
36	84 1
36	83 1
36	85 1
36	79 29
36	84 2
36	84 3
36	83 3
36	85 2
36	79 113
36	83 3
36	85 3
36	79 42
36	84 4
36	84 5
36	83 5
36	85 5
36	79 24
36	84 6
36	84 7
36	83 7
36	85 6
36	79 108
36	83 7
36	85 7
36	79 35
36	84 8
36	83 8
36	85 8
36	79 35
36	84 9
36	84 10
36	TEST_NUMBER 6
36	SENT_TOTAL 250
36	RECEIVED_TOTAL 191
36	TIME_TOTAL 29730
36	RECEIVED_RADIO_1 193
36	RECEIVED_RADIO_2 0
36	SENT_RADIO_1 124
36	SENT_RADIO_2 126
36	RADIO_TIME_1 29854
36	RADIO_TIME_2 19763
36	RETRANSMISSIONS_1 2
36	RETRANSMISSIONS_2 0
36	DROPPED_1 0
36	DROPPED_2 0
36	MAX_QUEUE 1
36	DUPLICATED_1 6
36	DUPLICATED_2 0
36	EBUSY_RADIO_1 0
36	EBUSY_RADIO_2 0
36	83 0
36	85 10
36	86 6

55	DESTINATION_NODE 55
55	TEST_NUMBER 0
55	SENT_TOTAL 250
55	RECEIVED_TOTAL 250
55	TIME_TOTAL 19847
55	RECEIVED_RADIO_1 126
55	RECEIVED_RADIO_2 124
55	SENT_RADIO_1 0
55	SENT_RADIO_2 192
55	RADIO_TIME_1 19847
55	RADIO_TIME_2 19847
55	RETRANSMISSIONS_1 569
55	RETRANSMISSIONS_2 4
55	DROPPED_1 57
55	DROPPED_2 0
55	MAX_QUEUE 2
55	DUPLICATED_1 0
55	DUPLICATED_2 0
55	EBUSY_RADIO_1 0
55	EBUSY_RADIO_2 0
55	TEST_NUMBER 1
55	SENT_TOTAL 250
55	RECEIVED_TOTAL 250
55	TIME_TOTAL 19840
55	RECEIVED_RADIO_1 125
55	RECEIVED_RADIO_2 125
55	SENT_RADIO_1 0
55	SENT_RADIO_2 192
55	RADIO_TIME_1 19933
55	RADIO_TIME_2 19941
55	RETRANSMISSIONS_1 587
55	RETRANSMISSIONS_2 1
55	DROPPED_1 59
55	DROPPED_2 0
55	MAX_QUEUE 2
55	DUPLICATED_1 0
55	DUPLICATED_2 0
55	EBUSY_RADIO_1 0
55	EBUSY_RADIO_2 0
55	TEST_NUMBER 2
55	SENT_TOTAL 250
55	RECEIVED_TOTAL 250
55	TIME_TOTAL 19845
55	RECEIVED_RADIO_1 125
55	RECEIVED_RADIO_2 125
55	SENT_RADIO_1 0
55	SENT_RADIO_2 191
55	RADIO_TIME_1 19938
55	RADIO_TIME_2 19944
55	RETRANSMISSIONS_1 588
55	RETRANSMISSIONS_2 1
55	DROPPED_1 59
55	DROPPED_2 0
55	MAX_QUEUE 2
55	DUPLICATED_1 0
55	DUPLICATED_2 0
55	EBUSY_RADIO_1 0
55	EBUSY_RADIO_2 0
55	TEST_NUMBER 3
55	SENT_TOTAL 250
55	RECEIVED_TOTAL 250
55	TIME_TOTAL 19840
55	RECEIVED_RADIO_1 126
55	RECEIVED_RADIO_2 124
55	SENT_RADIO_1 0
55	SENT_RADIO_2 193
55	RADIO_TIME_1 19842
55	RADIO_TIME_2 19847
55	RETRANSMISSIONS_1 568
55	RETRANSMISSIONS_2 1
55	DROPPED_1 56
55	DROPPED_2 0
55	MAX_QUEUE 2
55	DUPLICATED_1 0
55	DUPLICATED_2 0
55	EBUSY_RADIO_1 0
55	EBUSY_RADIO_2 0
55	TEST_NUMBER 4
55	SENT_TOTAL 340
55	RECEIVED_TOTAL 498
55	TIME_TOTAL 19846
55	RECEIVED_RADIO_1 381
55	RECEIVED_RADIO_2 117
55	SENT_RADIO_1 0
55	SENT_RADIO_2 273
55	RADIO_TIME_1 19848
55	RADIO_TIME_2 19848
55	RETRANSMISSIONS_1 668
55	RETRANSMISSIONS_2 7
55	DROPPED_1 68
55	DROPPED_2 0
55	MAX_QUEUE 98
55	DUPLICATED_1 0
55	DUPLICATED_2 0
55	EBUSY_RADIO_1 0
55	EBUSY_RADIO_2 0
55	TEST_NUMBER 5
55	SENT_TOTAL 250
55	RECEIVED_TOTAL 250
55	TIME_TOTAL 19840
55	RECEIVED_RADIO_1 125
55	RECEIVED_RADIO_2 125
55	SENT_RADIO_1 0
55	SENT_RADIO_2 192
55	RADIO_TIME_1 19847
55	RADIO_TIME_2 19772
55	RETRANSMISSIONS_1 578
55	RETRANSMISSIONS_2 5
55	DROPPED_1 58
55	DROPPED_2 0
55	MAX_QUEUE 2
55	DUPLICATED_1 0
55	DUPLICATED_2 0
55	EBUSY_RADIO_1 0
55	EBUSY_RADIO_2 0
55	TEST_NUMBER 6
55	SENT_TOTAL 250
55	RECEIVED_TOTAL 250
55	TIME_TOTAL 19841
55	RECEIVED_RADIO_1 126
55	RECEIVED_RADIO_2 124
55	SENT_RADIO_1 0
55	SENT_RADIO_2 192
55	RADIO_TIME_1 19765
55	RADIO_TIME_2 19761
55	RETRANSMISSIONS_1 569
55	RETRANSMISSIONS_2 2
55	DROPPED_1 57
55	DROPPED_2 0
55	MAX_QUEUE 2
55	DUPLICATED_1 0
55	DUPLICATED_2 0
55	EBUSY_RADIO_1 0
55	EBUSY_RADIO_2 0
