
1	RELAY_NODE 1
1	TEST_NUMBER 0
1	SENT_TOTAL 0
1	RECEIVED_TOTAL 0
1	TIME_TOTAL 0
1	RECEIVED_RADIO_1 125
1	RECEIVED_RADIO_2 193
1	SENT_RADIO_1 193
1	SENT_RADIO_2 125
1	RADIO_TIME_1 19859
1	RADIO_TIME_2 19859
1	RETRANSMISSIONS_1 7
1	RETRANSMISSIONS_2 0
1	DROPPED_1 0
1	DROPPED_2 0
1	MAX_QUEUE 1
1	DUPLICATED_1 0
1	DUPLICATED_2 0
1	EBUSY_RADIO_1 0
1	EBUSY_RADIO_2 0
1	TEST_NUMBER 1
1	SENT_TOTAL 0
1	RECEIVED_TOTAL 0
1	TIME_TOTAL 0
1	RECEIVED_RADIO_1 125
1	RECEIVED_RADIO_2 194
1	SENT_RADIO_1 194
1	SENT_RADIO_2 125
1	RADIO_TIME_1 19860
1	RADIO_TIME_2 19860
1	RETRANSMISSIONS_1 8
1	RETRANSMISSIONS_2 0
1	DROPPED_1 0
1	DROPPED_2 0
1	MAX_QUEUE 1
1	DUPLICATED_1 0
1	DUPLICATED_2 2
1	EBUSY_RADIO_1 0
1	EBUSY_RADIO_2 0
1	TEST_NUMBER 2
1	SENT_TOTAL 0
1	RECEIVED_TOTAL 0
1	TIME_TOTAL 0
1	RECEIVED_RADIO_1 125
1	RECEIVED_RADIO_2 192
1	SENT_RADIO_1 192
1	SENT_RADIO_2 125
1	RADIO_TIME_1 19780
1	RADIO_TIME_2 19780
1	RETRANSMISSIONS_1 5
1	RETRANSMISSIONS_2 0
1	DROPPED_1 0
1	DROPPED_2 0
1	MAX_QUEUE 1
1	DUPLICATED_1 0
1	DUPLICATED_2 3
1	EBUSY_RADIO_1 0
1	EBUSY_RADIO_2 0
1	TEST_NUMBER 3
1	SENT_TOTAL 0
1	RECEIVED_TOTAL 0
1	TIME_TOTAL 0
1	RECEIVED_RADIO_1 125
1	RECEIVED_RADIO_2 192
1	SENT_RADIO_1 192
1	SENT_RADIO_2 125
1	RADIO_TIME_1 19864
1	RADIO_TIME_2 19862
1	RETRANSMISSIONS_1 8
1	RETRANSMISSIONS_2 0
1	DROPPED_1 0
1	DROPPED_2 0
1	MAX_QUEUE 1
1	DUPLICATED_1 0
1	DUPLICATED_2 3
1	EBUSY_RADIO_1 0
1	EBUSY_RADIO_2 0
1	TEST_NUMBER 4
1	SENT_TOTAL 0
1	RECEIVED_TOTAL 0
1	TIME_TOTAL 0
1	RECEIVED_RADIO_1 125
1	RECEIVED_RADIO_2 195
1	SENT_RADIO_1 195
1	SENT_RADIO_2 125
1	RADIO_TIME_1 19945
1	RADIO_TIME_2 19945
1	RETRANSMISSIONS_1 7
1	RETRANSMISSIONS_2 0
1	DROPPED_1 0
1	DROPPED_2 0
1	MAX_QUEUE 1
1	DUPLICATED_1 0
1	DUPLICATED_2 0
1	EBUSY_RADIO_1 0
1	EBUSY_RADIO_2 0
1	TEST_NUMBER 5
1	SENT_TOTAL 0
1	RECEIVED_TOTAL 0
1	TIME_TOTAL 0
1	RECEIVED_RADIO_1 125
1	RECEIVED_RADIO_2 192
1	SENT_RADIO_1 192
1	SENT_RADIO_2 125
1	RADIO_TIME_1 19857
1	RADIO_TIME_2 19857
1	RETRANSMISSIONS_1 6
1	RETRANSMISSIONS_2 0
1	DROPPED_1 0
1	DROPPED_2 0
1	MAX_QUEUE 1
1	DUPLICATED_1 0
1	DUPLICATED_2 2
1	EBUSY_RADIO_1 0
1	EBUSY_RADIO_2 0
1	TEST_NUMBER 6
1	SENT_TOTAL 0
1	RECEIVED_TOTAL 0
1	TIME_TOTAL 0
1	RECEIVED_RADIO_1 125
1	RECEIVED_RADIO_2 191
1	SENT_RADIO_1 191
1	SENT_RADIO_2 125
1	RADIO_TIME_1 19948
1	RADIO_TIME_2 19948
1	RETRANSMISSIONS_1 17
1	RETRANSMISSIONS_2 0
1	DROPPED_1 0
1	DROPPED_2 0
1	MAX_QUEUE 1
1	DUPLICATED_1 0
1	DUPLICATED_2 5
1	EBUSY_RADIO_1 0
1	EBUSY_RADIO_2 0

3	SOURCE_NODE 3
3	84 1
3	84 2
3	83 2
3	85 2
3	79 19
3	84 3
3	84 4
3	83 4
3	85 3
3	79 110
3	83 4
3	85 4
3	79 36
3	84 5
3	83 5
3	85 5
3	79 37
3	84 6
3	84 7
3	83 7
3	85 7
3	79 26
3	84 8
3	84 9
3	83 9
3	85 8
3	79 104
3	83 9
3	85 9
3	79 32
3	84 10
3	83 10
3	85 10
3	79 38
3	84 11
3	84 12
3	83 12
3	85 12
3	79 30
3	84 13
3	84 14
3	83 14
3	85 13
3	79 111
3	84 15
3	83 15
3	85 15
3	79 31
3	84 16
3	84 17
3	83 17
3	85 16
3	79 110
3	83 17
3	85 17
3	79 48
3	84 18
3	83 18
3	85 18
3	79 36
3	84 19
3	84 20
3	83 20
3	85 20
3	79 27
3	84 1
3	84 2
3	83 2
3	85 1
3	79 111
3	84 3
3	83 3
3	85 3
3	79 28
3	84 4
3	84 5
3	83 5
3	85 4
3	79 109
3	83 5
3	85 5
3	79 36
3	84 6
3	83 6
3	85 6
3	79 37
3	84 7
3	84 8
3	83 8
3	85 8
3	79 23
3	84 9
3	84 10
3	83 10
3	85 9
3	79 109
3	83 10
3	85 10
3	79 37
3	84 11
3	84 12
3	83 12
3	85 12
3	79 28
3	84 13
3	84 14
3	83 14
3	85 13
3	79 113
3	83 14
3	85 14
3	79 40
3	84 15
3	84 16
3	83 16
3	85 16
3	79 25
3	84 17
3	84 18
3	83 18
3	85 17
3	79 106
3	83 18
3	85 18
3	79 36
3	84 19
3	83 19
3	85 19
3	79 33
3	84 20
3	84 1
3	83 1
3	85 1
3	79 26
3	84 2
3	84 3
3	83 3
3	85 2
3	79 105
3	83 3
3	85 3
3	79 34
3	84 4
3	83 4
3	85 4
3	79 42
3	84 5
3	84 6
3	83 6
3	85 6
3	79 25
3	84 7
3	84 8
3	83 8
3	85 7
3	79 107
3	83 8
3	85 8
3	79 44
3	84 9
3	84 10
3	83 10
3	85 10
3	79 25
3	84 11
3	84 12
3	83 12
3	85 11
3	79 107
3	83 12
3	85 12
3	79 34
3	84 13
3	83 13
3	85 13
3	79 34
3	84 14
3	84 15
3	83 15
3	85 15
3	79 31
3	84 16
3	84 17
3	83 17
3	85 16
3	79 109
3	83 17
3	85 17
3	79 51
3	84 18
3	84 19
3	83 19
3	85 19
3	79 32
3	84 20
3	84 1
3	83 1
3	85 20
3	79 107
3	83 1
3	85 1
3	79 34
3	84 2
3	83 2
3	85 2
3	79 39
3	84 3
3	84 4
3	83 4
3	85 4
3	79 27
3	84 5
3	84 6
3	83 6
3	85 5
3	79 108
3	83 6
3	85 6
3	79 34
3	84 7
3	83 7
3	85 7
3	79 36
3	84 8
3	84 9
3	83 9
3	85 9
3	79 26
3	84 10
3	84 11
3	83 11
3	85 10
3	79 109
3	83 11
3	85 11
3	79 38
3	84 12
3	83 12
3	85 12
3	79 41
3	84 13
3	84 14
3	83 14
3	85 14
3	79 27
3	84 15
3	84 16
3	83 16
3	85 15
3	79 109
3	83 16
3	85 16
3	79 38
3	84 17
3	83 17
3	85 17
3	79 47
3	84 18
3	84 19
3	83 19
3	85 19
3	79 34
3	84 20
3	84 1
3	83 1
3	85 20
3	79 111
3	83 1
3	85 1
3	79 40
3	84 2
3	84 3
3	83 3
3	85 3
3	79 33
3	84 4
3	84 5
3	83 5
3	85 4
3	79 107
3	83 5
3	85 5
3	79 34
3	84 6
3	84 7
3	83 7
3	85 7
3	79 28
3	84 8
3	84 9
3	83 9
3	85 8
3	79 108
3	83 9
3	85 9
3	79 48
3	84 10
3	84 11
3	83 11
3	85 11
3	79 33
3	84 12
3	84 13
3	83 13
3	85 12
3	79 108
3	83 13
3	85 13
3	79 50
3	84 14
3	83 14
3	85 14
3	79 33
3	84 15
3	84 16
3	83 16
3	85 16
3	79 28
3	84 17
3	84 18
3	83 18
3	85 17
3	79 107
3	83 18
3	85 18
3	79 44
3	84 19
3	83 19
3	85 19
3	79 36
3	84 20
3	84 1
3	83 1
3	85 1
3	79 32
3	84 2
3	84 3
3	83 3
3	85 2
3	79 109
3	83 3
3	85 3
3	79 40
3	84 4
3	84 5
3	83 5
3	85 5
3	79 31
3	84 6
3	84 7
3	83 7
3	85 6
3	79 104
3	83 7
3	85 7
3	79 32
3	84 8
3	84 9
3	83 9
3	85 9
3	79 25
3	84 10
3	84 11
3	83 11
3	85 10
3	79 109
3	83 11
3	85 11
3	79 37
3	84 12
3	83 12
3	85 12
3	79 39
3	84 13
3	84 14
3	83 14
3	85 14
3	79 30
3	84 15
3	84 16
3	83 16
3	85 15
3	79 111
3	83 16
3	85 16
3	79 47
3	84 17
3	83 17
3	85 17
3	79 37
3	84 18
3	84 19
3	83 19
3	85 19
3	79 31
3	84 20
3	84 1
3	83 1
3	85 20
3	79 106
3	83 1
3	85 1
3	79 33
3	84 2
3	84 3
3	83 3
3	85 3
3	79 28
3	84 4
3	84 5
3	83 5
3	85 4
3	79 104
3	83 5
3	85 5
3	79 41
3	84 6
3	84 7
3	83 7
3	85 7
3	79 30
3	84 8
3	84 9
3	83 9
3	85 8
3	79 111
3	83 9
3	85 9
3	79 39
3	84 10
3	84 11
3	83 11
3	85 11
3	79 27
3	84 12
3	84 13
3	83 13
3	85 12
3	79 106
3	83 13
3	85 13
3	79 33
3	84 14
3	84 15
3	83 15
3	85 15
3	79 29
3	84 16
3	84 17
3	83 17
3	85 16
3	79 108
3	83 17
3	85 17
3	79 44
3	84 18
3	84 19
3	83 19
3	85 19
3	79 32
3	84 20
3	84 1
3	83 1
3	85 20
3	79 106
3	83 1
3	85 1
3	79 36
3	84 2
3	84 3
3	83 3
3	85 3
3	79 26
3	84 4
3	84 5
3	83 5
3	85 4
3	79 106
3	84 6
3	83 6
3	85 6
3	79 25
3	84 7
3	84 8
3	83 8
3	85 7
3	79 106
3	83 8
3	85 8
3	79 37
3	84 9
3	83 9
3	85 9
3	79 36
3	84 10
3	84 11
3	83 11
3	85 11
3	79 29
3	84 12
3	84 13
3	83 13
3	85 12
3	79 106
3	83 13
3	85 13
3	79 34
3	84 14
3	84 15
3	83 15
3	85 15
3	79 30
3	84 16
3	84 17
3	83 17
3	85 16
3	79 106
3	83 17
3	85 17
3	79 32
3	84 18
3	83 18
3	85 18
3	79 35
3	84 19
3	84 20
3	83 20
3	85 20
3	79 30
3	84 1
3	84 2
3	83 2
3	85 1
3	79 103
3	83 2
3	85 2
3	79 28
3	84 3
3	83 3
3	85 3
3	79 32
3	84 4
3	84 5
3	83 5
3	85 5
3	79 28
3	84 6
3	84 7
3	83 7
3	85 6
3	79 109
3	83 7
3	85 7
3	79 45
3	84 8
3	84 9
3	83 9
3	85 9
3	79 24
3	84 10
3	84 11
3	83 11
3	85 10
3	79 103
3	83 11
3	85 11
3	79 30
3	84 12
3	83 12
3	85 12
3	79 33
3	84 13
3	84 14
3	83 14
3	85 14
3	79 22
3	84 15
3	84 16
3	83 16
3	85 15
3	79 102
3	83 16
3	85 16
3	79 35
3	84 17
3	84 18
3	83 18
3	85 18
3	79 29
3	84 19
3	84 20
3	83 20
3	85 19
3	79 107
3	83 20
3	85 20
3	79 36
3	84 1
3	83 1
3	85 1
3	79 38
3	84 2
3	84 3
3	83 3
3	85 3
3	79 27
3	84 4
3	84 5
3	83 5
3	85 4
3	79 105
3	83 5
3	85 5
3	79 33
3	84 6
3	83 6
3	85 6
3	79 34
3	84 7
3	84 8
3	83 8
3	85 8
3	79 28
3	84 9
3	84 10
3	83 10
3	85 9
3	79 110
3	83 10
3	85 10
3	79 37
3	84 11
3	83 11
3	85 11
3	79 32
3	84 12
3	84 13
3	83 13
3	85 13
3	79 35
3	84 14
3	84 15
3	83 15
3	85 14
3	79 106
3	83 15
3	85 15
3	79 32
3	84 16
3	84 17
3	83 17
3	85 17
3	79 23
3	84 18
3	84 19
3	83 19
3	85 18
3	79 105
3	83 19
3	85 19
3	79 33
3	84 20
3	84 1
3	83 1
3	85 1
3	79 29
3	84 2
3	84 3
3	83 3
3	85 2
3	79 111
3	83 3
3	85 3
3	79 41
3	84 4
3	84 5
3	83 5
3	85 5
3	79 27
3	84 6
3	84 7
3	83 7
3	85 6
3	79 102
3	83 7
3	85 7
3	79 34
3	84 8
3	84 9
3	83 9
3	85 9
3	79 26
3	84 10
3	84 11
3	83 11
3	85 10
3	79 111
3	83 11
3	85 11
3	79 36
3	84 12
3	84 13
3	83 13
3	85 13
3	79 27
3	84 14
3	84 15
3	83 15
3	85 14
3	79 111
3	83 15
3	85 15
3	79 40
3	84 16
3	84 17
3	83 17
3	85 17
3	79 28
3	84 18
3	84 19
3	83 19
3	85 18
3	79 106
3	83 19
3	85 19
3	79 34
3	84 20
3	83 20
3	85 20
3	79 36
3	84 1
3	84 2
3	83 2
3	85 2
3	79 26
3	84 3
3	84 4
3	83 4
3	85 3
3	79 113
3	83 4
3	85 4
3	79 54
3	84 5
3	84 6
3	83 6
3	85 6
3	79 30
3	84 7
3	84 8
3	83 8
3	85 7
3	79 101
3	83 8
3	85 8
3	79 31
3	84 9
3	83 9
3	85 9
3	79 32
3	84 10
3	84 11
3	83 11
3	85 11
3	79 26
3	84 12
3	84 13
3	83 13
3	85 12
3	79 109
3	83 13
3	85 13
3	79 37
3	84 14
3	84 15
3	83 15
3	85 15
3	79 28
3	84 16
3	84 17
3	83 17
3	85 16
3	79 106
3	83 17
3	85 17
3	79 36
3	84 18
3	83 18
3	85 18
3	79 36
3	84 19
3	84 20
3	83 20
3	85 20
3	79 26
3	84 1
3	84 2
3	83 2
3	85 1
3	79 112
3	83 2
3	85 2
3	79 38
3	84 3
3	83 3
3	85 3
3	79 39
3	84 4
3	84 5
3	83 5
3	85 5
3	79 26
3	84 6
3	84 7
3	83 7
3	85 6
3	79 107
3	83 7
3	85 7
3	79 35
3	84 8
3	83 8
3	85 8
3	79 46
3	84 9
3	84 10
3	TEST_NUMBER 0
3	SENT_TOTAL 250
3	RECEIVED_TOTAL 192
3	TIME_TOTAL 19631
3	RECEIVED_RADIO_1 192
3	RECEIVED_RADIO_2 0
3	SENT_RADIO_1 125
3	SENT_RADIO_2 124
3	RADIO_TIME_1 19763
3	RADIO_TIME_2 19763
3	RETRANSMISSIONS_1 0
3	RETRANSMISSIONS_2 0
3	DROPPED_1 0
3	DROPPED_2 0
3	MAX_QUEUE 1
3	DUPLICATED_1 7
3	DUPLICATED_2 0
3	EBUSY_RADIO_1 0
3	EBUSY_RADIO_2 0
3	83 0
3	85 10
3	86 0
3	84 1
3	84 2
3	83 2
3	85 1
3	79 113
3	83 2
3	85 2
3	79 44
3	84 3
3	83 3
3	85 3
3	79 37
3	84 4
3	84 5
3	83 5
3	85 5
3	79 31
3	84 6
3	84 7
3	83 7
3	85 6
3	79 107
3	83 7
3	85 7
3	79 47
3	84 8
3	84 9
3	83 9
3	85 9
3	79 32
3	84 10
3	84 11
3	83 11
3	85 10
3	79 105
3	83 11
3	85 11
3	79 33
3	84 12
3	84 13
3	83 13
3	85 13
3	79 29
3	84 14
3	84 15
3	83 15
3	85 14
3	79 103
3	83 15
3	85 15
3	79 29
3	84 16
3	84 17
3	83 17
3	85 17
3	79 28
3	84 18
3	84 19
3	83 19
3	85 18
3	79 104
3	83 19
3	85 19
3	79 31
3	84 20
3	83 20
3	85 20
3	79 38
3	84 1
3	84 2
3	83 2
3	85 2
3	79 26
3	84 3
3	84 4
3	83 4
3	85 3
3	79 105
3	83 4
3	85 4
3	79 33
3	84 5
3	83 5
3	85 5
3	79 40
3	84 6
3	84 7
3	83 7
3	85 7
3	79 31
3	84 8
3	84 9
3	83 9
3	85 8
3	79 106
3	83 9
3	85 9
3	79 34
3	84 10
3	83 10
3	85 10
3	79 35
3	84 11
3	84 12
3	83 12
3	85 12
3	79 28
3	84 13
3	84 14
3	83 14
3	85 13
3	79 106
3	83 14
3	85 14
3	79 39
3	84 15
3	83 15
3	85 15
3	79 38
3	84 16
3	84 17
3	83 17
3	85 17
3	79 31
3	84 18
3	84 19
3	83 19
3	85 18
3	79 109
3	83 19
3	85 19
3	79 42
3	84 20
3	83 20
3	85 20
3	79 37
3	84 1
3	84 2
3	83 2
3	85 2
3	79 25
3	84 3
3	84 4
3	83 4
3	85 3
3	79 106
3	83 4
3	85 4
3	79 31
3	84 5
3	83 5
3	85 5
3	79 37
3	84 6
3	84 7
3	83 7
3	85 7
3	79 27
3	84 8
3	84 9
3	83 9
3	85 8
3	79 114
3	83 9
3	85 9
3	79 55
3	84 10
3	83 10
3	85 10
3	79 32
3	84 11
3	84 12
3	83 12
3	85 12
3	79 25
3	84 13
3	84 14
3	83 14
3	85 13
3	79 106
3	83 14
3	85 14
3	79 35
3	84 15
3	83 15
3	85 15
3	79 37
3	84 16
3	84 17
3	83 17
3	85 17
3	79 28
3	84 18
3	84 19
3	83 19
3	85 18
3	79 105
3	83 19
3	85 19
3	79 32
3	84 20
3	83 20
3	85 20
3	79 36
3	84 1
3	84 2
3	83 2
3	85 2
3	79 26
3	84 3
3	84 4
3	83 4
3	85 3
3	79 109
3	83 4
3	85 4
3	79 35
3	84 5
3	83 5
3	85 5
3	79 36
3	84 6
3	84 7
3	83 7
3	85 7
3	79 29
3	84 8
3	84 9
3	83 9
3	85 8
3	79 106
3	83 9
3	85 9
3	79 42
3	84 10
3	84 11
3	83 11
3	85 11
3	79 25
3	84 12
3	84 13
3	83 13
3	85 12
3	79 108
3	84 14
3	83 14
3	85 14
3	79 27
3	84 15
3	84 16
3	83 16
3	85 15
3	79 106
3	83 16
3	85 16
3	79 45
3	84 17
3	83 17
3	85 17
3	79 35
3	84 18
3	84 19
3	83 19
3	85 19
3	79 28
3	84 20
3	84 1
3	83 1
3	85 20
3	79 107
3	83 1
3	85 1
3	79 35
3	84 2
3	84 3
3	83 3
3	85 3
3	79 28
3	84 4
3	84 5
3	83 5
3	85 4
3	79 111
3	83 5
3	85 5
3	79 39
3	84 6
3	84 7
3	83 7
3	85 7
3	79 34
3	84 8
3	84 9
3	83 9
3	85 8
3	79 105
3	83 9
3	85 9
3	79 33
3	84 10
3	83 10
3	85 10
3	79 36
3	84 11
3	84 12
3	83 12
3	85 12
3	79 26
3	84 13
3	84 14
3	83 14
3	85 13
3	79 111
3	83 14
3	85 14
3	79 39
3	84 15
3	84 16
3	83 16
3	85 16
3	79 27
3	84 17
3	84 18
3	83 18
3	85 17
3	79 113
3	83 18
3	85 18
3	79 49
3	84 19
3	84 20
3	83 20
3	85 20
3	79 31
3	84 1
3	84 2
3	83 2
3	85 1
3	79 106
3	83 2
3	85 2
3	79 35
3	84 3
3	83 3
3	85 3
3	79 43
3	84 4
3	84 5
3	83 5
3	85 5
3	79 30
3	84 6
3	84 7
3	83 7
3	85 6
3	79 108
3	83 7
3	85 7
3	79 37
3	84 8
3	84 9
3	83 9
3	85 9
3	79 32
3	84 10
3	84 11
3	83 11
3	85 10
3	79 105
3	83 11
3	85 11
3	79 34
3	84 12
3	84 13
3	83 13
3	85 13
3	79 28
3	84 14
3	84 15
3	83 15
3	85 14
3	79 106
3	83 15
3	85 15
3	79 34
3	84 16
3	84 17
3	83 17
3	85 17
3	79 29
3	84 18
3	84 19
3	83 19
3	85 18
3	79 103
3	83 19
3	85 19
3	79 30
3	84 20
3	83 20
3	85 20
3	79 34
3	84 1
3	84 2
3	83 2
3	85 2
3	79 27
3	84 3
3	84 4
3	83 4
3	85 3
3	79 106
3	83 4
3	85 4
3	79 36
3	84 5
3	83 5
3	85 5
3	79 32
3	84 6
3	84 7
3	83 7
3	85 7
3	79 28
3	84 8
3	84 9
3	83 9
3	85 8
3	79 108
3	83 9
3	85 9
3	79 34
3	84 10
3	84 11
3	83 11
3	85 11
3	79 26
3	84 12
3	84 13
3	83 13
3	85 12
3	79 108
3	84 14
3	83 14
3	85 14
3	79 25
3	84 15
3	84 16
3	83 16
3	85 15
3	79 110
3	83 16
3	85 16
3	79 42
3	84 17
3	84 18
3	83 18
3	85 18
3	79 26
3	84 19
3	84 20
3	83 20
3	85 19
3	79 112
3	83 20
3	85 20
3	79 42
3	84 1
3	84 2
3	83 2
3	85 2
3	79 30
3	84 3
3	84 4
3	83 4
3	85 3
3	79 110
3	83 4
3	85 4
3	79 36
3	84 5
3	83 5
3	85 5
3	79 36
3	84 6
3	84 7
3	83 7
3	85 7
3	79 25
3	84 8
3	84 9
3	83 9
3	85 8
3	79 107
3	83 9
3	85 9
3	79 33
3	84 10
3	84 11
3	83 11
3	85 11
3	79 26
3	84 12
3	84 13
3	83 13
3	85 12
3	79 109
3	83 13
3	85 13
3	79 36
3	84 14
3	84 15
3	83 15
3	85 15
3	79 32
3	84 16
3	84 17
3	83 17
3	85 16
3	79 105
3	83 17
3	85 17
3	79 34
3	84 18
3	84 19
3	83 19
3	85 19
3	79 30
3	84 20
3	84 1
3	83 1
3	85 20
3	79 106
3	83 1
3	85 1
3	79 37
3	84 2
3	83 2
3	85 2
3	79 34
3	84 3
3	84 4
3	83 4
3	85 4
3	79 22
3	84 5
3	84 6
3	83 6
3	85 5
3	79 110
3	83 6
3	85 6
3	79 36
3	84 7
3	84 8
3	83 8
3	85 8
3	79 31
3	84 9
3	84 10
3	83 10
3	85 9
3	79 111
3	83 10
3	85 10
3	79 40
3	84 11
3	83 11
3	85 11
3	79 34
3	84 12
3	84 13
3	83 13
3	85 13
3	79 30
3	84 14
3	84 15
3	83 15
3	85 14
3	79 111
3	83 15
3	85 15
3	79 37
3	84 16
3	84 17
3	83 17
3	85 17
3	79 30
3	84 18
3	84 19
3	83 19
3	85 18
3	79 106
3	83 19
3	85 19
3	79 41
3	84 20
3	84 1
3	83 1
3	85 1
3	79 32
3	84 2
3	84 3
3	83 3
3	85 2
3	79 109
3	83 3
3	85 3
3	79 37
3	84 4
3	84 5
3	83 5
3	85 5
3	79 28
3	84 6
3	84 7
3	83 7
3	85 6
3	79 104
3	84 8
3	83 8
3	85 8
3	79 23
3	84 9
3	84 10
3	83 10
3	85 9
3	79 102
3	83 10
3	85 10
3	79 40
3	84 11
3	83 11
3	85 11
3	79 34
3	84 12
3	84 13
3	83 13
3	85 13
3	79 28
3	84 14
3	84 15
3	83 15
3	85 14
3	79 108
3	83 15
3	85 15
3	79 34
3	84 16
3	84 17
3	83 17
3	85 17
3	79 28
3	84 18
3	84 19
3	83 19
3	85 18
3	79 112
3	83 19
3	85 19
3	79 38
3	84 20
3	84 1
3	83 1
3	85 1
3	79 26
3	84 2
3	84 3
3	83 3
3	85 2
3	79 108
3	83 3
3	85 3
3	79 48
3	84 4
3	83 4
3	85 4
3	79 40
3	84 5
3	84 6
3	83 6
3	85 6
3	79 26
3	84 7
3	84 8
3	83 8
3	85 7
3	79 109
3	83 8
3	85 8
3	79 46
3	84 9
3	83 9
3	85 9
3	79 32
3	84 10
3	84 11
3	83 11
3	85 11
3	79 32
3	84 12
3	84 13
3	83 13
3	85 12
3	79 110
3	83 13
3	85 13
3	79 40
3	84 14
3	84 15
3	83 15
3	85 15
3	79 23
3	84 16
3	84 17
3	83 17
3	85 16
3	79 106
3	83 17
3	85 17
3	79 33
3	84 18
3	83 18
3	85 18
3	79 32
3	84 19
3	84 20
3	83 20
3	85 20
3	79 27
3	84 1
3	84 2
3	83 2
3	85 1
3	79 105
3	83 2
3	85 2
3	79 38
3	84 3
3	83 3
3	85 3
3	79 33
3	84 4
3	84 5
3	83 5
3	85 5
3	79 24
3	84 6
3	84 7
3	83 7
3	85 6
3	79 110
3	83 7
3	85 7
3	79 36
3	84 8
3	84 9
3	83 9
3	85 9
3	79 34
3	84 10
3	84 11
3	83 11
3	85 10
3	79 105
3	83 11
3	85 11
3	79 34
3	84 12
3	83 12
3	85 12
3	79 36
3	84 13
3	84 14
3	83 14
3	85 14
3	79 30
3	84 15
3	84 16
3	83 16
3	85 15
3	79 111
3	83 16
3	85 16
3	79 39
3	84 17
3	83 17
3	85 17
3	79 33
3	84 18
3	84 19
3	83 19
3	85 19
3	79 29
3	84 20
3	84 1
3	83 1
3	85 20
3	79 109
3	83 1
3	85 1
3	79 40
3	84 2
3	84 3
3	83 3
3	85 3
3	79 31
3	84 4
3	84 5
3	83 5
3	85 4
3	79 108
3	83 5
3	85 5
3	79 36
3	84 6
3	83 6
3	85 6
3	79 42
3	84 7
3	84 8
3	83 8
3	85 8
3	79 23
3	84 9
3	84 10
3	TEST_NUMBER 1
3	SENT_TOTAL 250
3	RECEIVED_TOTAL 192
3	TIME_TOTAL 29721
3	RECEIVED_RADIO_1 193
3	RECEIVED_RADIO_2 0
3	SENT_RADIO_1 125
3	SENT_RADIO_2 125
3	RADIO_TIME_1 29778
3	RADIO_TIME_2 19763
3	RETRANSMISSIONS_1 0
3	RETRANSMISSIONS_2 0
3	DROPPED_1 0
3	DROPPED_2 0
3	MAX_QUEUE 1
3	DUPLICATED_1 8
3	DUPLICATED_2 0
3	EBUSY_RADIO_1 0
3	EBUSY_RADIO_2 0
3	83 0
3	85 9
3	86 1
3	83 0
3	85 10
3	86 1
3	84 1
3	83 1
3	85 1
3	79 48
3	84 2
3	84 3
3	83 3
3	85 3
3	79 25
3	84 4
3	84 5
3	83 5
3	85 4
3	79 105
3	83 5
3	85 5
3	79 32
3	84 6
3	83 6
3	85 6
3	79 36
3	84 7
3	84 8
3	83 8
3	85 8
3	79 25
3	84 9
3	84 10
3	83 10
3	85 9
3	79 108
3	83 10
3	85 10
3	79 34
3	84 11
3	83 11
3	85 11
3	79 38
3	84 12
3	84 13
3	83 13
3	85 13
3	79 25
3	84 14
3	84 15
3	83 15
3	85 14
3	79 110
3	83 15
3	85 15
3	79 38
3	84 16
3	84 17
3	83 17
3	85 17
3	79 25
3	84 18
3	84 19
3	83 19
3	85 18
3	79 103
3	83 19
3	85 19
3	79 33
3	84 20
3	83 20
3	85 20
3	79 40
3	84 1
3	84 2
3	83 2
3	85 2
3	79 29
3	84 3
3	84 4
3	83 4
3	85 3
3	79 107
3	83 4
3	85 4
3	79 36
3	84 5
3	83 5
3	85 5
3	79 41
3	84 6
3	84 7
3	83 7
3	85 7
3	79 31
3	84 8
3	84 9
3	83 9
3	85 8
3	79 108
3	83 9
3	85 9
3	79 36
3	84 10
3	83 10
3	85 10
3	79 32
3	84 11
3	84 12
3	83 12
3	85 12
3	79 27
3	84 13
3	84 14
3	83 14
3	85 13
3	79 105
3	83 14
3	85 14
3	79 32
3	84 15
3	83 15
3	85 15
3	79 33
3	84 16
3	84 17
3	84 18
3	83 18
3	85 16
3	79 194
3	83 18
3	85 18
3	79 48
3	84 19
3	84 20
3	83 20
3	85 19
3	79 95
3	84 1
3	84 2
3	83 2
3	85 1
3	79 106
3	83 2
3	85 2
3	79 36
3	84 3
3	83 3
3	85 3
3	79 44
3	84 4
3	84 5
3	83 5
3	85 5
3	79 27
3	84 6
3	84 7
3	83 7
3	85 6
3	79 111
3	84 8
3	83 8
3	85 8
3	79 28
3	84 9
3	84 10
3	83 10
3	85 9
3	79 117
3	83 10
3	85 10
3	79 47
3	84 11
3	84 12
3	83 12
3	85 12
3	79 24
3	84 13
3	84 14
3	83 14
3	85 13
3	79 114
3	83 14
3	85 14
3	79 41
3	84 15
3	84 16
3	83 16
3	85 16
3	79 24
3	84 17
3	84 18
3	83 18
3	85 17
3	79 112
3	83 18
3	85 18
3	79 40
3	84 19
3	84 20
3	83 20
3	85 20
3	79 28
3	84 1
3	84 2
3	83 2
3	85 1
3	79 119
3	84 3
3	84 4
3	83 4
3	85 2
3	79 195
3	84 5
3	84 6
3	83 6
3	85 5
3	79 112
3	83 6
3	85 4
3	79 208
3	84 7
3	83 7
3	85 7
3	79 27
3	84 8
3	84 9
3	84 10
3	83 10
3	85 9
3	79 108
3	83 10
3	85 8
3	79 197
3	84 11
3	83 11
3	85 11
3	79 31
3	84 12
3	83 12
3	85 12
3	79 27
3	84 13
3	84 14
3	83 14
3	85 13
3	79 124
3	84 15
3	84 16
3	83 16
3	85 14
3	79 189
3	83 16
3	85 16
3	79 37
3	84 17
3	84 18
3	83 18
3	85 17
3	79 106
3	84 19
3	83 19
3	85 19
3	79 25
3	84 20
3	84 1
3	84 2
3	83 2
3	85 1
3	79 111
3	83 2
3	85 20
3	79 199
3	83 2
3	85 2
3	79 54
3	84 3
3	84 4
3	83 4
3	85 4
3	79 26
3	84 5
3	84 6
3	83 6
3	85 5
3	79 121
3	84 7
3	84 8
3	83 8
3	85 6
3	79 182
3	84 9
3	84 10
3	83 10
3	85 9
3	79 108
3	83 10
3	85 8
3	79 196
3	83 10
3	85 10
3	79 44
3	84 11
3	84 12
3	83 12
3	85 12
3	79 28
3	84 13
3	84 14
3	83 14
3	85 13
3	79 108
3	83 14
3	85 14
3	79 43
3	84 15
3	84 16
3	83 16
3	85 16
3	79 24
3	84 17
3	84 18
3	83 18
3	85 17
3	79 107
3	83 18
3	85 18
3	79 38
3	84 19
3	83 19
3	85 19
3	79 34
3	84 20
3	84 1
3	83 1
3	85 1
3	79 27
3	84 2
3	84 3
3	83 3
3	85 2
3	79 111
3	84 4
3	83 4
3	85 4
3	79 26
3	84 5
3	84 6
3	83 6
3	85 5
3	79 104
3	83 6
3	85 6
3	79 30
3	84 7
3	83 7
3	85 7
3	79 40
3	84 8
3	84 9
3	83 9
3	85 9
3	79 25
3	84 10
3	84 11
3	83 11
3	85 10
3	79 110
3	84 12
3	84 13
3	83 13
3	85 12
3	79 109
3	83 13
3	85 13
3	79 34
3	84 14
3	83 14
3	85 14
3	79 37
3	84 15
3	84 16
3	83 16
3	85 16
3	79 27
3	84 17
3	84 18
3	83 18
3	85 17
3	79 108
3	83 18
3	85 18
3	79 34
3	84 19
3	83 19
3	85 19
3	79 33
3	84 20
3	84 1
3	83 1
3	85 1
3	79 28
3	84 2
3	84 3
3	83 3
3	85 2
3	79 111
3	83 3
3	85 3
3	79 47
3	84 4
3	83 4
3	85 4
3	79 32
3	84 5
3	84 6
3	83 6
3	85 6
3	79 31
3	84 7
3	84 8
3	83 8
3	85 7
3	79 102
3	83 8
3	85 8
3	79 31
3	84 9
3	83 9
3	85 9
3	79 35
3	84 10
3	84 11
3	83 11
3	85 11
3	79 29
3	84 12
3	84 13
3	84 14
3	83 14
3	85 13
3	79 115
3	84 15
3	83 15
3	85 15
3	79 26
3	84 16
3	83 16
3	85 14
3	79 197
3	83 16
3	85 16
3	79 45
3	84 17
3	84 18
3	83 18
3	85 17
3	79 102
3	84 19
3	83 19
3	85 19
3	79 30
3	84 20
3	84 1
3	83 1
3	85 20
3	79 109
3	83 1
3	85 1
3	79 38
3	84 2
3	84 3
3	83 3
3	85 3
3	79 35
3	84 4
3	84 5
3	83 5
3	85 4
3	79 104
3	83 5
3	85 5
3	79 33
3	84 6
3	84 7
3	83 7
3	85 7
3	79 28
3	84 8
3	84 9
3	84 10
3	83 10
3	85 9
3	79 111
3	83 10
3	85 8
3	79 209
3	84 11
3	83 11
3	85 11
3	79 27
3	84 12
3	84 13
3	83 13
3	85 12
3	79 105
3	83 13
3	85 13
3	79 34
3	84 14
3	84 15
3	83 15
3	85 15
3	79 25
3	84 16
3	84 17
3	83 17
3	85 16
3	79 104
3	83 17
3	85 17
3	79 35
3	84 18
3	84 19
3	83 19
3	85 19
3	79 27
3	84 20
3	84 1
3	83 1
3	85 20
3	79 106
3	83 1
3	85 1
3	79 34
3	84 2
3	84 3
3	83 3
3	85 3
3	79 27
3	84 4
3	84 5
3	83 5
3	85 4
3	79 106
3	83 5
3	85 5
3	79 33
3	84 6
3	83 6
3	85 6
3	79 30
3	84 7
3	84 8
3	83 8
3	85 8
3	79 24
3	84 9
3	84 10
3	83 10
3	85 9
3	79 109
3	83 10
3	85 10
3	79 35
3	84 11
3	83 11
3	85 11
3	79 36
3	84 12
3	84 13
3	83 13
3	85 13
3	79 25
3	84 14
3	84 15
3	83 15
3	85 14
3	79 106
3	83 15
3	85 15
3	79 32
3	84 16
3	84 17
3	83 17
3	85 17
3	79 26
3	84 18
3	84 19
3	83 19
3	85 18
3	79 105
3	83 19
3	85 19
3	79 32
3	84 20
3	84 1
3	83 1
3	85 1
3	79 26
3	84 2
3	84 3
3	84 4
3	83 4
3	85 3
3	79 104
3	83 4
3	85 2
3	79 204
3	83 4
3	85 4
3	79 49
3	84 5
3	84 6
3	84 7
3	83 7
3	85 7
3	79 29
3	84 8
3	83 8
3	85 6
3	79 194
3	83 8
3	85 8
3	79 44
3	84 9
3	84 10
3	83 10
3	85 9
3	79 103
3	83 10
3	85 10
3	79 30
3	84 11
3	84 12
3	83 12
3	85 12
3	79 28
3	84 13
3	84 14
3	83 14
3	85 13
3	79 108
3	83 14
3	85 14
3	79 36
3	84 15
3	83 15
3	85 15
3	79 43
3	84 16
3	84 17
3	83 17
3	85 17
3	79 24
3	84 18
3	84 19
3	83 19
3	85 18
3	79 109
3	83 19
3	85 19
3	79 38
3	84 20
3	84 1
3	83 1
3	85 1
3	79 27
3	84 2
3	84 3
3	83 3
3	85 2
3	79 109
3	83 3
3	85 3
3	79 35
3	84 4
3	83 4
3	85 4
3	79 37
3	84 5
3	84 6
3	83 6
3	85 6
3	79 29
3	84 7
3	84 8
3	83 8
3	85 7
3	79 105
3	83 8
3	85 8
3	79 44
3	84 9
3	83 9
3	85 9
3	79 37
3	84 10
3	84 11
3	83 11
3	85 11
3	79 34
3	84 12
3	84 13
3	83 13
3	85 12
3	79 111
3	83 13
3	85 13
3	79 37
3	84 14
3	83 14
3	85 14
3	79 40
3	84 15
3	84 16
3	83 16
3	85 16
3	79 27
3	84 17
3	84 18
3	83 18
3	85 17
3	79 115
3	83 18
3	85 18
3	79 43
3	84 19
3	84 20
3	83 20
3	85 20
3	79 28
3	84 1
3	84 2
3	83 2
3	85 1
3	79 103
3	83 2
3	85 2
3	79 31
3	84 3
3	83 3
3	85 3
3	79 40
3	84 4
3	84 5
3	84 6
3	83 6
3	85 4
3	79 188
3	83 6
3	85 6
3	79 37
3	84 7
3	84 8
3	83 8
3	85 7
3	79 105
3	84 9
3	83 9
3	85 9
3	79 29
3	84 10
3	84 11
3	83 11
3	85 10
3	79 107
3	83 11
3	85 11
3	79 37
3	84 12
3	83 12
3	85 12
3	79 33
3	84 13
3	84 14
3	83 14
3	85 14
3	79 29
3	84 15
3	84 16
3	83 16
3	85 15
3	79 109
3	83 16
3	85 16
3	79 35
3	84 17
3	84 18
3	83 18
3	85 18
3	79 22
3	84 19
3	84 20
3	83 20
3	85 19
3	79 109
3	83 20
3	85 20
3	79 36
3	84 1
3	84 2
3	83 2
3	85 2
3	79 21
3	84 3
3	84 4
3	83 4
3	85 3
3	79 113
3	83 4
3	85 4
3	79 43
3	84 5
3	83 5
3	85 5
3	79 36
3	84 6
3	84 7
3	83 7
3	85 7
3	79 26
3	84 8
3	84 9
3	83 9
3	85 8
3	79 106
3	83 9
3	85 9
3	79 37
3	84 10
3	TEST_NUMBER 2
3	SENT_TOTAL 250
3	RECEIVED_TOTAL 192
3	TIME_TOTAL 29816
3	RECEIVED_RADIO_1 194
3	RECEIVED_RADIO_2 0
3	SENT_RADIO_1 125
3	SENT_RADIO_2 125
3	RADIO_TIME_1 29816
3	RADIO_TIME_2 19763
3	RETRANSMISSIONS_1 0
3	RETRANSMISSIONS_2 0
3	DROPPED_1 0
3	DROPPED_2 0
3	MAX_QUEUE 1
3	DUPLICATED_1 5
3	DUPLICATED_2 0
3	EBUSY_RADIO_1 0
3	EBUSY_RADIO_2 0
3	84 1
3	83 1
3	85 1
3	79 28
3	84 2
3	84 3
3	83 3
3	85 2
3	79 106
3	83 3
3	85 3
3	79 33
3	84 4
3	83 4
3	85 4
3	79 37
3	84 5
3	84 6
3	83 6
3	85 6
3	79 26
3	84 7
3	84 8
3	83 8
3	85 7
3	79 101
3	83 8
3	85 8
3	79 28
3	84 9
3	84 10
3	83 10
3	85 10
3	79 29
3	84 11
3	84 12
3	83 12
3	85 11
3	79 105
3	83 12
3	85 12
3	79 33
3	84 13
3	83 13
3	85 13
3	79 33
3	84 14
3	84 15
3	83 15
3	85 15
3	79 30
3	84 16
3	84 17
3	83 17
3	85 16
3	79 107
3	83 17
3	85 17
3	79 36
3	84 18
3	84 19
3	83 19
3	85 19
3	79 29
3	84 20
3	84 1
3	83 1
3	85 20
3	79 110
3	84 2
3	83 2
3	85 2
3	79 31
3	84 3
3	84 4
3	83 4
3	85 3
3	79 111
3	84 5
3	83 5
3	85 5
3	79 29
3	84 6
3	84 7
3	84 8
3	83 8
3	85 7
3	79 112
3	83 8
3	85 6
3	79 203
3	83 8
3	85 8
3	79 56
3	84 9
3	84 10
3	83 10
3	85 10
3	79 31
3	84 11
3	84 12
3	83 12
3	85 11
3	79 106
3	83 12
3	85 12
3	79 32
3	84 13
3	83 13
3	85 13
3	79 32
3	84 14
3	84 15
3	83 15
3	85 15
3	79 26
3	84 16
3	84 17
3	83 17
3	85 16
3	79 107
3	83 17
3	85 17
3	79 36
3	84 18
3	84 19
3	83 19
3	85 19
3	79 26
3	84 20
3	84 1
3	83 1
3	85 20
3	79 105
3	83 1
3	85 1
3	79 34
3	84 2
3	84 3
3	83 3
3	85 3
3	79 27
3	84 4
3	84 5
3	83 5
3	85 4
3	79 106
3	83 5
3	85 5
3	79 45
3	84 6
3	84 7
3	83 7
3	85 7
3	79 26
3	84 8
3	84 9
3	83 9
3	85 8
3	79 109
3	83 9
3	85 9
3	79 36
3	84 10
3	83 10
3	85 10
3	79 38
3	84 11
3	84 12
3	84 13
3	83 13
3	85 13
3	79 23
3	84 14
3	83 14
3	85 12
3	79 195
3	83 14
3	85 14
3	79 56
3	84 15
3	84 16
3	83 16
3	85 15
3	79 100
3	84 17
3	83 17
3	85 17
3	79 26
3	84 18
3	84 19
3	83 19
3	85 18
3	79 108
3	83 19
3	85 19
3	79 35
3	84 20
3	84 1
3	83 1
3	85 1
3	79 28
3	84 2
3	84 3
3	83 3
3	85 2
3	79 104
3	83 3
3	85 3
3	79 30
3	84 4
3	83 4
3	85 4
3	79 40
3	84 5
3	84 6
3	83 6
3	85 6
3	79 22
3	84 7
3	84 8
3	83 8
3	85 7
3	79 115
3	83 8
3	85 8
3	79 42
3	84 9
3	84 10
3	83 10
3	85 10
3	79 25
3	84 11
3	84 12
3	83 12
3	85 11
3	79 113
3	83 12
3	85 12
3	79 40
3	84 13
3	84 14
3	83 14
3	85 14
3	79 26
3	84 15
3	84 16
3	83 16
3	85 15
3	79 107
3	84 17
3	83 17
3	85 17
3	79 29
3	84 18
3	84 19
3	83 19
3	85 18
3	79 108
3	83 19
3	85 19
3	79 36
3	84 20
3	83 20
3	85 20
3	79 32
3	84 1
3	84 2
3	83 2
3	85 2
3	79 23
3	84 3
3	84 4
3	83 4
3	85 3
3	79 105
3	83 4
3	85 4
3	79 32
3	84 5
3	84 6
3	83 6
3	85 6
3	79 24
3	84 7
3	84 8
3	83 8
3	85 7
3	79 104
3	83 8
3	85 8
3	79 32
3	84 9
3	83 9
3	85 9
3	79 35
3	84 10
3	84 11
3	83 11
3	85 11
3	79 27
3	84 12
3	84 13
3	83 13
3	85 12
3	79 104
3	83 13
3	85 13
3	79 33
3	84 14
3	83 14
3	85 14
3	79 34
3	84 15
3	84 16
3	83 16
3	85 16
3	79 24
3	84 17
3	84 18
3	83 18
3	85 17
3	79 111
3	84 19
3	83 19
3	85 19
3	79 29
3	84 20
3	84 1
3	83 1
3	85 20
3	79 108
3	83 1
3	85 1
3	79 43
3	84 2
3	84 3
3	83 3
3	85 3
3	79 32
3	84 4
3	84 5
3	83 5
3	85 4
3	79 106
3	83 5
3	85 5
3	79 34
3	84 6
3	84 7
3	83 7
3	85 7
3	79 32
3	84 8
3	84 9
3	83 9
3	85 8
3	79 105
3	83 9
3	85 9
3	79 33
3	84 10
3	83 10
3	85 10
3	79 32
3	84 11
3	84 12
3	83 12
3	85 12
3	79 31
3	84 13
3	84 14
3	83 14
3	85 13
3	79 105
3	83 14
3	85 14
3	79 32
3	84 15
3	83 15
3	85 15
3	79 35
3	84 16
3	84 17
3	83 17
3	85 17
3	79 31
3	84 18
3	84 19
3	83 19
3	85 18
3	79 107
3	83 19
3	85 19
3	79 42
3	84 20
3	84 1
3	83 1
3	85 1
3	79 27
3	84 2
3	84 3
3	83 3
3	85 2
3	79 105
3	84 4
3	83 4
3	85 4
3	79 27
3	84 5
3	84 6
3	83 6
3	85 5
3	79 111
3	83 6
3	85 6
3	79 39
3	84 7
3	84 8
3	83 8
3	85 8
3	79 29
3	84 9
3	84 10
3	83 10
3	85 9
3	79 110
3	83 10
3	85 10
3	79 37
3	84 11
3	84 12
3	83 12
3	85 12
3	79 34
3	84 13
3	84 14
3	83 14
3	85 13
3	79 106
3	83 14
3	85 14
3	79 37
3	84 15
3	84 16
3	83 16
3	85 16
3	79 28
3	84 17
3	84 18
3	83 18
3	85 17
3	79 108
3	83 18
3	85 18
3	79 34
3	84 19
3	83 19
3	85 19
3	79 34
3	84 20
3	84 1
3	83 1
3	85 1
3	79 30
3	84 2
3	84 3
3	83 3
3	85 2
3	79 107
3	83 3
3	85 3
3	79 44
3	84 4
3	84 5
3	83 5
3	85 5
3	79 25
3	84 6
3	84 7
3	83 7
3	85 6
3	79 114
3	83 7
3	85 7
3	79 39
3	84 8
3	84 9
3	83 9
3	85 9
3	79 32
3	84 10
3	84 11
3	83 11
3	85 10
3	79 111
3	84 12
3	83 12
3	85 12
3	79 24
3	84 13
3	84 14
3	83 14
3	85 13
3	79 111
3	83 14
3	85 14
3	79 39
3	84 15
3	83 15
3	85 15
3	79 46
3	84 16
3	84 17
3	83 17
3	85 17
3	79 28
3	84 18
3	84 19
3	83 19
3	85 18
3	79 112
3	83 19
3	85 19
3	79 39
3	84 20
3	84 1
3	83 1
3	85 1
3	79 26
3	84 2
3	84 3
3	83 3
3	85 2
3	79 103
3	83 3
3	85 3
3	79 33
3	84 4
3	84 5
3	83 5
3	85 5
3	79 30
3	84 6
3	84 7
3	83 7
3	85 6
3	79 105
3	83 7
3	85 7
3	79 31
3	84 8
3	84 9
3	83 9
3	85 9
3	79 29
3	84 10
3	84 11
3	83 11
3	85 10
3	79 110
3	83 11
3	85 11
3	79 50
3	84 12
3	84 13
3	83 13
3	85 13
3	79 27
3	84 14
3	84 15
3	83 15
3	85 14
3	79 104
3	83 15
3	85 15
3	79 30
3	84 16
3	84 17
3	83 17
3	85 17
3	79 25
3	84 18
3	84 19
3	83 19
3	85 18
3	79 103
3	83 19
3	85 19
3	79 29
3	84 20
3	83 20
3	85 20
3	79 37
3	84 1
3	84 2
3	83 2
3	85 2
3	79 26
3	84 3
3	84 4
3	83 4
3	85 3
3	79 106
3	83 4
3	85 4
3	79 34
3	84 5
3	84 6
3	83 6
3	85 6
3	79 29
3	84 7
3	84 8
3	83 8
3	85 7
3	79 108
3	83 8
3	85 8
3	79 38
3	84 9
3	83 9
3	85 9
3	79 32
3	84 10
3	84 11
3	83 11
3	85 11
3	79 28
3	84 12
3	84 13
3	83 13
3	85 12
3	79 105
3	83 13
3	85 13
3	79 42
3	84 14
3	84 15
3	83 15
3	85 15
3	79 27
3	84 16
3	84 17
3	83 17
3	85 16
3	79 108
3	83 17
3	85 17
3	79 34
3	84 18
3	84 19
3	83 19
3	85 19
3	79 28
3	84 20
3	84 1
3	83 1
3	85 20
3	79 111
3	83 1
3	85 1
3	79 39
3	84 2
3	83 2
3	85 2
3	79 35
3	84 3
3	84 4
3	83 4
3	85 4
3	79 32
3	84 5
3	84 6
3	83 6
3	85 5
3	79 106
3	83 6
3	85 6
3	79 35
3	84 7
3	83 7
3	85 7
3	79 34
3	84 8
3	84 9
3	83 9
3	85 9
3	79 28
3	84 10
3	84 11
3	83 11
3	85 10
3	79 108
3	83 11
3	85 11
3	79 35
3	84 12
3	83 12
3	85 12
3	79 42
3	84 13
3	84 14
3	83 14
3	85 14
3	79 25
3	84 15
3	84 16
3	83 16
3	85 15
3	79 111
3	83 16
3	85 16
3	79 39
3	84 17
3	84 18
3	83 18
3	85 18
3	79 24
3	84 19
3	84 20
3	83 20
3	85 19
3	79 105
3	83 20
3	85 20
3	79 41
3	84 1
3	83 1
3	85 1
3	79 37
3	84 2
3	84 3
3	83 3
3	85 3
3	79 24
3	84 4
3	84 5
3	83 5
3	85 4
3	79 110
3	83 5
3	85 5
3	79 36
3	84 6
3	84 7
3	83 7
3	85 7
3	79 30
3	84 8
3	84 9
3	83 9
3	85 8
3	79 107
3	83 9
3	85 9
3	79 36
3	84 10
3	84 11
3	83 11
3	85 11
3	79 27
3	84 12
3	84 13
3	83 13
3	85 12
3	79 107
3	83 13
3	85 13
3	79 33
3	84 14
3	84 15
3	83 15
3	85 15
3	79 29
3	84 16
3	84 17
3	83 17
3	85 16
3	79 107
3	83 17
3	85 17
3	79 44
3	84 18
3	83 18
3	85 18
3	79 33
3	84 19
3	84 20
3	83 20
3	85 20
3	79 28
3	84 1
3	84 2
3	83 2
3	85 1
3	79 105
3	83 2
3	85 2
3	79 32
3	84 3
3	83 3
3	85 3
3	79 33
3	84 4
3	84 5
3	83 5
3	85 5
3	79 24
3	84 6
3	84 7
3	83 7
3	85 6
3	79 111
3	84 8
3	83 8
3	85 8
3	79 22
3	84 9
3	84 10
3	TEST_NUMBER 3
3	SENT_TOTAL 250
3	RECEIVED_TOTAL 190
3	TIME_TOTAL 19677
3	RECEIVED_RADIO_1 190
3	RECEIVED_RADIO_2 0
3	SENT_RADIO_1 125
3	SENT_RADIO_2 125
3	RADIO_TIME_1 19763
3	RADIO_TIME_2 19763
3	RETRANSMISSIONS_1 0
3	RETRANSMISSIONS_2 0
3	DROPPED_1 0
3	DROPPED_2 0
3	MAX_QUEUE 1
3	DUPLICATED_1 8
3	DUPLICATED_2 0
3	EBUSY_RADIO_1 0
3	EBUSY_RADIO_2 0
3	83 0
3	85 9
3	86 3
3	83 0
3	85 10
3	86 3
3	84 1
3	83 1
3	85 1
3	79 39
3	84 2
3	84 3
3	83 3
3	85 3
3	79 25
3	84 4
3	84 5
3	83 5
3	85 4
3	79 105
3	83 5
3	85 5
3	79 44
3	84 6
3	84 7
3	83 7
3	85 7
3	79 29
3	84 8
3	84 9
3	83 9
3	85 8
3	79 108
3	83 9
3	85 9
3	79 37
3	84 10
3	83 10
3	85 10
3	79 36
3	84 11
3	84 12
3	83 12
3	85 12
3	79 27
3	84 13
3	84 14
3	83 14
3	85 13
3	79 108
3	83 14
3	85 14
3	79 37
3	84 15
3	83 15
3	85 15
3	79 33
3	84 16
3	84 17
3	83 17
3	85 17
3	79 31
3	84 18
3	84 19
3	83 19
3	85 18
3	79 106
3	83 19
3	85 19
3	79 35
3	84 20
3	84 1
3	83 1
3	85 1
3	79 31
3	84 2
3	84 3
3	83 3
3	85 2
3	79 103
3	83 3
3	85 3
3	79 34
3	84 4
3	83 4
3	85 4
3	79 41
3	84 5
3	84 6
3	83 6
3	85 6
3	79 25
3	84 7
3	84 8
3	83 8
3	85 7
3	79 105
3	83 8
3	85 8
3	79 43
3	84 9
3	84 10
3	83 10
3	85 10
3	79 27
3	84 11
3	84 12
3	83 12
3	85 11
3	79 107
3	83 12
3	85 12
3	79 46
3	84 13
3	83 13
3	85 13
3	79 45
3	84 14
3	84 15
3	83 15
3	85 15
3	79 28
3	84 16
3	84 17
3	83 17
3	85 16
3	79 111
3	83 17
3	85 17
3	79 37
3	84 18
3	84 19
3	83 19
3	85 19
3	79 28
3	84 20
3	84 1
3	83 1
3	85 20
3	79 109
3	83 1
3	85 1
3	79 46
3	84 2
3	83 2
3	85 2
3	79 31
3	84 3
3	84 4
3	83 4
3	85 4
3	79 22
3	84 5
3	84 6
3	83 6
3	85 5
3	79 109
3	83 6
3	85 6
3	79 42
3	84 7
3	83 7
3	85 7
3	79 36
3	84 8
3	84 9
3	83 9
3	85 9
3	79 30
3	84 10
3	84 11
3	83 11
3	85 10
3	79 105
3	84 12
3	83 12
3	85 12
3	79 27
3	84 13
3	84 14
3	83 14
3	85 13
3	79 106
3	83 14
3	85 14
3	79 32
3	84 15
3	83 15
3	85 15
3	79 44
3	84 16
3	84 17
3	83 17
3	85 17
3	79 28
3	84 18
3	84 19
3	83 19
3	85 18
3	79 104
3	83 19
3	85 19
3	79 31
3	84 20
3	83 20
3	85 20
3	79 41
3	84 1
3	84 2
3	83 2
3	85 2
3	79 24
3	84 3
3	84 4
3	83 4
3	85 3
3	79 106
3	83 4
3	85 4
3	79 33
3	84 5
3	83 5
3	85 5
3	79 32
3	84 6
3	84 7
3	83 7
3	85 7
3	79 31
3	84 8
3	84 9
3	83 9
3	85 8
3	79 103
3	83 9
3	85 9
3	79 32
3	84 10
3	83 10
3	85 10
3	79 33
3	84 11
3	84 12
3	83 12
3	85 12
3	79 22
3	84 13
3	84 14
3	83 14
3	85 13
3	79 110
3	83 14
3	85 14
3	79 40
3	84 15
3	84 16
3	83 16
3	85 16
3	79 27
3	84 17
3	84 18
3	83 18
3	85 17
3	79 109
3	83 18
3	85 18
3	79 39
3	84 19
3	83 19
3	85 19
3	79 31
3	84 20
3	84 1
3	83 1
3	85 1
3	79 27
3	84 2
3	84 3
3	83 3
3	85 2
3	79 107
3	83 3
3	85 3
3	79 33
3	84 4
3	83 4
3	85 4
3	79 41
3	84 5
3	84 6
3	83 6
3	85 6
3	79 26
3	84 7
3	84 8
3	83 8
3	85 7
3	79 111
3	83 8
3	85 8
3	79 40
3	84 9
3	84 10
3	83 10
3	85 10
3	79 21
3	84 11
3	84 12
3	83 12
3	85 11
3	79 106
3	84 13
3	83 13
3	85 13
3	79 28
3	84 14
3	84 15
3	83 15
3	85 14
3	79 112
3	84 16
3	83 16
3	85 16
3	79 25
3	84 17
3	84 18
3	83 18
3	85 17
3	79 112
3	83 18
3	85 18
3	79 40
3	84 19
3	83 19
3	85 19
3	79 29
3	84 20
3	84 1
3	83 1
3	85 1
3	79 33
3	84 2
3	84 3
3	83 3
3	85 2
3	79 105
3	83 3
3	85 3
3	79 37
3	84 4
3	84 5
3	83 5
3	85 5
3	79 30
3	84 6
3	84 7
3	83 7
3	85 6
3	79 106
3	83 7
3	85 7
3	79 34
3	84 8
3	84 9
3	83 9
3	85 9
3	79 23
3	84 10
3	84 11
3	83 11
3	85 10
3	79 103
3	83 11
3	85 11
3	79 34
3	84 12
3	83 12
3	85 12
3	79 32
3	84 13
3	84 14
3	83 14
3	85 14
3	79 26
3	84 15
3	84 16
3	83 16
3	85 15
3	79 107
3	83 16
3	85 16
3	79 37
3	84 17
3	83 17
3	85 17
3	79 33
3	84 18
3	84 19
3	83 19
3	85 19
3	79 29
3	84 20
3	84 1
3	83 1
3	85 20
3	79 110
3	83 1
3	85 1
3	79 35
3	84 2
3	83 2
3	85 2
3	79 36
3	84 3
3	84 4
3	83 4
3	85 4
3	79 30
3	84 5
3	84 6
3	83 6
3	85 5
3	79 103
3	83 6
3	85 6
3	79 32
3	84 7
3	83 7
3	85 7
3	79 33
3	84 8
3	84 9
3	83 9
3	85 9
3	79 29
3	84 10
3	84 11
3	83 11
3	85 10
3	79 108
3	83 11
3	85 11
3	79 37
3	84 12
3	83 12
3	85 12
3	79 36
3	84 13
3	84 14
3	83 14
3	85 14
3	79 27
3	84 15
3	84 16
3	83 16
3	85 15
3	79 108
3	83 16
3	85 16
3	79 47
3	84 17
3	83 17
3	85 17
3	79 39
3	84 18
3	84 19
3	83 19
3	85 19
3	79 31
3	84 20
3	84 1
3	83 1
3	85 20
3	79 108
3	83 1
3	85 1
3	79 34
3	84 2
3	84 3
3	83 3
3	85 3
3	79 30
3	84 4
3	84 5
3	83 5
3	85 4
3	79 108
3	83 5
3	85 5
3	79 36
3	84 6
3	84 7
3	83 7
3	85 7
3	79 27
3	84 8
3	84 9
3	83 9
3	85 8
3	79 106
3	83 9
3	85 9
3	79 38
3	84 10
3	84 11
3	83 11
3	85 11
3	79 26
3	84 12
3	84 13
3	83 13
3	85 12
3	79 105
3	83 13
3	85 13
3	79 30
3	84 14
3	83 14
3	85 14
3	79 34
3	84 15
3	84 16
3	83 16
3	85 16
3	79 25
3	84 17
3	84 18
3	83 18
3	85 17
3	79 105
3	83 18
3	85 18
3	79 44
3	84 19
3	83 19
3	85 19
3	79 33
3	84 20
3	84 1
3	83 1
3	85 1
3	79 22
3	84 2
3	84 3
3	83 3
3	85 2
3	79 105
3	84 4
3	83 4
3	85 4
3	79 24
3	84 5
3	84 6
3	83 6
3	85 5
3	79 107
3	83 6
3	85 6
3	79 49
3	84 7
3	84 8
3	83 8
3	85 8
3	79 29
3	84 9
3	84 10
3	83 10
3	85 9
3	79 104
3	83 10
3	85 10
3	79 33
3	84 11
3	83 11
3	85 11
3	79 37
3	84 12
3	84 13
3	83 13
3	85 13
3	79 27
3	84 14
3	84 15
3	83 15
3	85 14
3	79 110
3	84 16
3	83 16
3	85 16
3	79 25
3	84 17
3	84 18
3	83 18
3	85 17
3	79 109
3	83 18
3	85 18
3	79 35
3	84 19
3	83 19
3	85 19
3	79 33
3	84 20
3	84 1
3	83 1
3	85 1
3	79 29
3	84 2
3	84 3
3	83 3
3	85 2
3	79 107
3	83 3
3	85 3
3	79 38
3	84 4
3	83 4
3	85 4
3	79 36
3	84 5
3	84 6
3	83 6
3	85 6
3	79 28
3	84 7
3	84 8
3	83 8
3	85 7
3	79 112
3	83 8
3	85 8
3	79 51
3	84 9
3	83 9
3	85 9
3	79 32
3	84 10
3	84 11
3	83 11
3	85 11
3	79 28
3	84 12
3	84 13
3	83 13
3	85 12
3	79 105
3	83 13
3	85 13
3	79 41
3	84 14
3	83 14
3	85 14
3	79 39
3	84 15
3	84 16
3	83 16
3	85 16
3	79 24
3	84 17
3	84 18
3	83 18
3	85 17
3	79 114
3	84 19
3	83 19
3	85 19
3	79 27
3	84 20
3	84 1
3	83 1
3	85 20
3	79 103
3	83 1
3	85 1
3	79 31
3	84 2
3	83 2
3	85 2
3	79 30
3	84 3
3	84 4
3	83 4
3	85 4
3	79 28
3	84 5
3	84 6
3	83 6
3	85 5
3	79 108
3	83 6
3	85 6
3	79 37
3	84 7
3	83 7
3	85 7
3	79 33
3	84 8
3	84 9
3	83 9
3	85 9
3	79 27
3	84 10
3	84 11
3	83 11
3	85 10
3	79 104
3	83 11
3	85 11
3	79 32
3	84 12
3	83 12
3	85 12
3	79 37
3	84 13
3	84 14
3	83 14
3	85 14
3	79 23
3	84 15
3	84 16
3	83 16
3	85 15
3	79 111
3	83 16
3	85 16
3	79 41
3	84 17
3	83 17
3	85 17
3	79 38
3	84 18
3	84 19
3	83 19
3	85 19
3	79 30
3	84 20
3	84 1
3	83 1
3	85 20
3	79 106
3	83 1
3	85 1
3	79 35
3	84 2
3	83 2
3	85 2
3	79 40
3	84 3
3	84 4
3	83 4
3	85 4
3	79 24
3	84 5
3	84 6
3	83 6
3	85 5
3	79 110
3	83 6
3	85 6
3	79 38
3	84 7
3	83 7
3	85 7
3	79 41
3	84 8
3	84 9
3	83 9
3	85 9
3	79 27
3	84 10
3	84 11
3	83 11
3	85 10
3	79 105
3	83 11
3	85 11
3	79 31
3	84 12
3	83 12
3	85 12
3	79 37
3	84 13
3	84 14
3	83 14
3	85 14
3	79 26
3	84 15
3	84 16
3	83 16
3	85 15
3	79 104
3	83 16
3	85 16
3	79 33
3	84 17
3	83 17
3	85 17
3	79 38
3	84 18
3	84 19
3	83 19
3	85 19
3	79 23
3	84 20
3	84 1
3	83 1
3	85 20
3	79 112
3	83 1
3	85 1
3	79 40
3	84 2
3	83 2
3	85 2
3	79 38
3	84 3
3	84 4
3	83 4
3	85 4
3	79 29
3	84 5
3	84 6
3	83 6
3	85 5
3	79 104
3	83 6
3	85 6
3	79 31
3	84 7
3	83 7
3	85 7
3	79 33
3	84 8
3	84 9
3	83 9
3	85 9
3	79 29
3	84 10
3	TEST_NUMBER 4
3	SENT_TOTAL 250
3	RECEIVED_TOTAL 194
3	TIME_TOTAL 29805
3	RECEIVED_RADIO_1 196
3	RECEIVED_RADIO_2 0
3	SENT_RADIO_1 125
3	SENT_RADIO_2 125
3	RADIO_TIME_1 29805
3	RADIO_TIME_2 19763
3	RETRANSMISSIONS_1 0
3	RETRANSMISSIONS_2 0
3	DROPPED_1 0
3	DROPPED_2 0
3	MAX_QUEUE 1
3	DUPLICATED_1 7
3	DUPLICATED_2 0
3	EBUSY_RADIO_1 0
3	EBUSY_RADIO_2 0
3	83 0
3	85 10
3	86 4
3	84 1
3	84 2
3	83 2
3	85 2
3	79 29
3	84 3
3	84 4
3	83 4
3	85 3
3	79 108
3	83 4
3	85 4
3	79 36
3	84 5
3	84 6
3	83 6
3	85 6
3	79 31
3	84 7
3	84 8
3	83 8
3	85 7
3	79 111
3	83 8
3	85 8
3	79 38
3	84 9
3	83 9
3	85 9
3	79 35
3	84 10
3	84 11
3	83 11
3	85 11
3	79 27
3	84 12
3	84 13
3	83 13
3	85 12
3	79 104
3	83 13
3	85 13
3	79 45
3	84 14
3	83 14
3	85 14
3	79 29
3	84 15
3	84 16
3	83 16
3	85 16
3	79 26
3	84 17
3	84 18
3	83 18
3	85 17
3	79 105
3	83 18
3	85 18
3	79 35
3	84 19
3	83 19
3	85 19
3	79 34
3	84 20
3	84 1
3	83 1
3	85 1
3	79 24
3	84 2
3	84 3
3	83 3
3	85 2
3	79 107
3	83 3
3	85 3
3	79 38
3	84 4
3	83 4
3	85 4
3	79 31
3	84 5
3	84 6
3	83 6
3	85 6
3	79 27
3	84 7
3	84 8
3	83 8
3	85 7
3	79 108
3	83 8
3	85 8
3	79 38
3	84 9
3	84 10
3	83 10
3	85 10
3	79 26
3	84 11
3	84 12
3	83 12
3	85 11
3	79 108
3	83 12
3	85 12
3	79 48
3	84 13
3	84 14
3	83 14
3	85 14
3	79 26
3	84 15
3	84 16
3	83 16
3	85 15
3	79 108
3	83 16
3	85 16
3	79 45
3	84 17
3	83 17
3	85 17
3	79 31
3	84 18
3	84 19
3	83 19
3	85 19
3	79 28
3	84 20
3	84 1
3	83 1
3	85 20
3	79 104
3	83 1
3	85 1
3	79 56
3	84 2
3	84 3
3	83 3
3	85 3
3	79 25
3	84 4
3	84 5
3	83 5
3	85 4
3	79 109
3	83 5
3	85 5
3	79 39
3	84 6
3	84 7
3	83 7
3	85 7
3	79 29
3	84 8
3	84 9
3	83 9
3	85 8
3	79 107
3	83 9
3	85 9
3	79 36
3	84 10
3	84 11
3	83 11
3	85 11
3	79 29
3	84 12
3	84 13
3	83 13
3	85 12
3	79 111
3	83 13
3	85 13
3	79 39
3	84 14
3	84 15
3	83 15
3	85 15
3	79 24
3	84 16
3	84 17
3	83 17
3	85 16
3	79 104
3	83 17
3	85 17
3	79 31
3	84 18
3	83 18
3	85 18
3	79 34
3	84 19
3	84 20
3	83 20
3	85 20
3	79 28
3	84 1
3	84 2
3	83 2
3	85 1
3	79 106
3	83 2
3	85 2
3	79 38
3	84 3
3	83 3
3	85 3
3	79 35
3	84 4
3	84 5
3	83 5
3	85 5
3	79 28
3	84 6
3	84 7
3	83 7
3	85 6
3	79 108
3	83 7
3	85 7
3	79 38
3	84 8
3	84 9
3	83 9
3	85 9
3	79 26
3	84 10
3	84 11
3	83 11
3	85 10
3	79 108
3	83 11
3	85 11
3	79 47
3	84 12
3	84 13
3	83 13
3	85 13
3	79 30
3	84 14
3	84 15
3	83 15
3	85 14
3	79 103
3	83 15
3	85 15
3	79 41
3	84 16
3	84 17
3	83 17
3	85 17
3	79 27
3	84 18
3	84 19
3	83 19
3	85 18
3	79 104
3	83 19
3	85 19
3	79 33
3	84 20
3	84 1
3	83 1
3	85 1
3	79 28
3	84 2
3	84 3
3	83 3
3	85 2
3	79 105
3	83 3
3	85 3
3	79 33
3	84 4
3	84 5
3	83 5
3	85 5
3	79 25
3	84 6
3	84 7
3	83 7
3	85 6
3	79 105
3	83 7
3	85 7
3	79 34
3	84 8
3	83 8
3	85 8
3	79 41
3	84 9
3	84 10
3	83 10
3	85 10
3	79 25
3	84 11
3	84 12
3	83 12
3	85 11
3	79 120
3	84 13
3	84 14
3	83 14
3	85 12
3	79 186
3	84 15
3	83 15
3	85 14
3	79 104
3	83 15
3	85 15
3	79 32
3	84 16
3	83 16
3	85 16
3	79 47
3	84 17
3	84 18
3	83 18
3	85 18
3	79 25
3	84 19
3	84 20
3	83 20
3	85 19
3	79 109
3	83 20
3	85 20
3	79 48
3	84 1
3	84 2
3	83 2
3	85 2
3	79 27
3	84 3
3	84 4
3	83 4
3	85 3
3	79 105
3	83 4
3	85 4
3	79 31
3	84 5
3	83 5
3	85 5
3	79 33
3	84 6
3	84 7
3	83 7
3	85 7
3	79 25
3	84 8
3	84 9
3	83 9
3	85 8
3	79 108
3	83 9
3	85 9
3	79 38
3	84 10
3	83 10
3	85 10
3	79 37
3	84 11
3	84 12
3	83 12
3	85 12
3	79 22
3	84 13
3	84 14
3	83 14
3	85 13
3	79 110
3	84 15
3	83 15
3	85 15
3	79 25
3	84 16
3	84 17
3	83 17
3	85 16
3	79 106
3	83 17
3	85 17
3	79 36
3	84 18
3	84 19
3	83 19
3	85 19
3	79 26
3	84 20
3	84 1
3	83 1
3	85 20
3	79 107
3	83 1
3	85 1
3	79 35
3	84 2
3	84 3
3	83 3
3	85 3
3	79 28
3	84 4
3	84 5
3	83 5
3	85 4
3	79 107
3	83 5
3	85 5
3	79 37
3	84 6
3	83 6
3	85 6
3	79 32
3	84 7
3	84 8
3	83 8
3	85 8
3	79 26
3	84 9
3	84 10
3	83 10
3	85 9
3	79 102
3	83 10
3	85 10
3	79 30
3	84 11
3	83 11
3	85 11
3	79 35
3	84 12
3	84 13
3	83 13
3	85 13
3	79 28
3	84 14
3	84 15
3	83 15
3	85 14
3	79 111
3	83 15
3	85 15
3	79 40
3	84 16
3	84 17
3	83 17
3	85 17
3	79 29
3	84 18
3	84 19
3	83 19
3	85 18
3	79 104
3	83 19
3	85 19
3	79 33
3	84 20
3	83 20
3	85 20
3	79 34
3	84 1
3	84 2
3	83 2
3	85 2
3	79 24
3	84 3
3	84 4
3	83 4
3	85 3
3	79 111
3	83 4
3	85 4
3	79 38
3	84 5
3	83 5
3	85 5
3	79 36
3	84 6
3	84 7
3	83 7
3	85 7
3	79 30
3	84 8
3	84 9
3	83 9
3	85 8
3	79 106
3	84 10
3	83 10
3	85 10
3	79 24
3	84 11
3	84 12
3	83 12
3	85 11
3	79 106
3	83 12
3	85 12
3	79 43
3	84 13
3	83 13
3	85 13
3	79 41
3	84 14
3	84 15
3	83 15
3	85 15
3	79 28
3	84 16
3	84 17
3	83 17
3	85 16
3	79 108
3	83 17
3	85 17
3	79 37
3	84 18
3	84 19
3	83 19
3	85 19
3	79 30
3	84 20
3	84 1
3	83 1
3	85 20
3	79 104
3	83 1
3	85 1
3	79 30
3	84 2
3	83 2
3	85 2
3	79 32
3	84 3
3	84 4
3	83 4
3	85 4
3	79 23
3	84 5
3	84 6
3	83 6
3	85 5
3	79 108
3	83 6
3	85 6
3	79 34
3	84 7
3	84 8
3	83 8
3	85 8
3	79 25
3	84 9
3	84 10
3	83 10
3	85 9
3	79 113
3	83 10
3	85 10
3	79 40
3	84 11
3	83 11
3	85 11
3	79 32
3	84 12
3	84 13
3	83 13
3	85 13
3	79 26
3	84 14
3	84 15
3	83 15
3	85 14
3	79 103
3	83 15
3	85 15
3	79 31
3	84 16
3	83 16
3	85 16
3	79 39
3	84 17
3	84 18
3	83 18
3	85 18
3	79 25
3	84 19
3	84 20
3	83 20
3	85 19
3	79 107
3	83 20
3	85 20
3	79 42
3	84 1
3	83 1
3	85 1
3	79 38
3	84 2
3	84 3
3	83 3
3	85 3
3	79 34
3	84 4
3	84 5
3	83 5
3	85 4
3	79 109
3	83 5
3	85 5
3	79 49
3	84 6
3	84 7
3	83 7
3	85 7
3	79 31
3	84 8
3	84 9
3	83 9
3	85 8
3	79 105
3	83 9
3	85 9
3	79 35
3	84 10
3	84 11
3	83 11
3	85 11
3	79 28
3	84 12
3	84 13
3	83 13
3	85 12
3	79 106
3	83 13
3	85 13
3	79 39
3	84 14
3	84 15
3	83 15
3	85 15
3	79 34
3	84 16
3	84 17
3	83 17
3	85 16
3	79 107
3	83 17
3	85 17
3	79 34
3	84 18
3	83 18
3	85 18
3	79 36
3	84 19
3	84 20
3	83 20
3	85 20
3	79 25
3	84 1
3	84 2
3	83 2
3	85 1
3	79 108
3	83 2
3	85 2
3	79 42
3	84 3
3	84 4
3	83 4
3	85 4
3	79 25
3	84 5
3	84 6
3	83 6
3	85 5
3	79 108
3	83 6
3	85 6
3	79 39
3	84 7
3	84 8
3	83 8
3	85 8
3	79 23
3	84 9
3	84 10
3	83 10
3	85 9
3	79 112
3	83 10
3	85 10
3	79 40
3	84 11
3	83 11
3	85 11
3	79 33
3	84 12
3	84 13
3	83 13
3	85 13
3	79 27
3	84 14
3	84 15
3	83 15
3	85 14
3	79 108
3	83 15
3	85 15
3	79 37
3	84 16
3	83 16
3	85 16
3	79 42
3	84 17
3	84 18
3	83 18
3	85 18
3	79 26
3	84 19
3	84 20
3	83 20
3	85 19
3	79 110
3	83 20
3	85 20
3	79 38
3	84 1
3	84 2
3	83 2
3	85 2
3	79 26
3	84 3
3	84 4
3	83 4
3	85 3
3	79 106
3	84 5
3	83 5
3	85 5
3	79 25
3	84 6
3	84 7
3	83 7
3	85 6
3	79 109
3	83 7
3	85 7
3	79 38
3	84 8
3	83 8
3	85 8
3	79 37
3	84 9
3	84 10
3	83 10
3	85 10
3	79 27
3	84 11
3	84 12
3	83 12
3	85 11
3	79 113
3	83 12
3	85 12
3	79 43
3	84 13
3	84 14
3	83 14
3	85 14
3	79 22
3	84 15
3	84 16
3	83 16
3	85 15
3	79 108
3	83 16
3	85 16
3	79 45
3	84 17
3	83 17
3	85 17
3	79 32
3	84 18
3	84 19
3	83 19
3	85 19
3	79 28
3	84 20
3	84 1
3	83 1
3	85 20
3	79 113
3	83 1
3	85 1
3	79 49
3	84 2
3	84 3
3	83 3
3	85 3
3	79 29
3	84 4
3	84 5
3	83 5
3	85 4
3	79 107
3	83 5
3	85 5
3	79 34
3	84 6
3	84 7
3	83 7
3	85 7
3	79 27
3	84 8
3	84 9
3	83 9
3	85 8
3	79 108
3	84 10
3	TEST_NUMBER 5
3	SENT_TOTAL 250
3	RECEIVED_TOTAL 191
3	TIME_TOTAL 29713
3	RECEIVED_RADIO_1 192
3	RECEIVED_RADIO_2 0
3	SENT_RADIO_1 125
3	SENT_RADIO_2 125
3	RADIO_TIME_1 29713
3	RADIO_TIME_2 19763
3	RETRANSMISSIONS_1 0
3	RETRANSMISSIONS_2 0
3	DROPPED_1 0
3	DROPPED_2 0
3	MAX_QUEUE 1
3	DUPLICATED_1 6
3	DUPLICATED_2 0
3	EBUSY_RADIO_1 0
3	EBUSY_RADIO_2 0
3	83 0
3	85 10
3	86 5
3	84 1
3	84 2
3	83 2
3	85 1
3	79 106
3	83 2
3	85 2
3	79 43
3	84 3
3	84 4
3	83 4
3	85 4
3	79 24
3	84 5
3	84 6
3	83 6
3	85 5
3	79 107
3	83 6
3	85 6
3	79 40
3	84 7
3	83 7
3	85 7
3	79 38
3	84 8
3	84 9
3	83 9
3	85 9
3	79 27
3	84 10
3	84 11
3	83 11
3	85 10
3	79 102
3	83 11
3	85 11
3	79 31
3	84 12
3	84 13
3	83 13
3	85 13
3	79 26
3	84 14
3	84 15
3	83 15
3	85 14
3	79 108
3	83 15
3	85 15
3	79 43
3	84 16
3	83 16
3	85 16
3	79 40
3	84 17
3	84 18
3	83 18
3	85 18
3	79 26
3	84 19
3	84 20
3	83 20
3	85 19
3	79 115
3	83 20
3	85 20
3	79 42
3	84 1
3	83 1
3	85 1
3	79 37
3	84 2
3	84 3
3	83 3
3	85 3
3	79 30
3	84 4
3	84 5
3	83 5
3	85 4
3	79 107
3	83 5
3	85 5
3	79 36
3	84 6
3	83 6
3	85 6
3	79 33
3	84 7
3	84 8
3	83 8
3	85 8
3	79 30
3	84 9
3	84 10
3	83 10
3	85 9
3	79 103
3	83 10
3	85 10
3	79 33
3	84 11
3	83 11
3	85 11
3	79 32
3	84 12
3	84 13
3	83 13
3	85 13
3	79 29
3	84 14
3	84 15
3	83 15
3	85 14
3	79 110
3	84 16
3	83 16
3	85 16
3	79 26
3	84 17
3	84 18
3	83 18
3	85 17
3	79 105
3	83 18
3	85 18
3	79 32
3	84 19
3	84 20
3	83 20
3	85 20
3	79 30
3	84 1
3	84 2
3	83 2
3	85 1
3	79 111
3	83 2
3	85 2
3	79 41
3	84 3
3	83 3
3	85 3
3	79 35
3	84 4
3	84 5
3	83 5
3	85 5
3	79 32
3	84 6
3	84 7
3	83 7
3	85 6
3	79 101
3	83 7
3	85 7
3	79 39
3	84 8
3	84 9
3	83 9
3	85 9
3	79 25
3	84 10
3	84 11
3	83 11
3	85 10
3	79 107
3	83 11
3	85 11
3	79 33
3	84 12
3	84 13
3	83 13
3	85 13
3	79 30
3	84 14
3	84 15
3	83 15
3	85 14
3	79 108
3	83 15
3	85 15
3	79 37
3	84 16
3	84 17
3	83 17
3	85 17
3	79 29
3	84 18
3	84 19
3	83 19
3	85 18
3	79 108
3	84 20
3	84 1
3	83 1
3	85 19
3	79 189
3	84 2
3	84 3
3	83 3
3	85 1
3	79 207
3	83 3
3	85 2
3	79 136
3	84 4
3	84 5
3	83 5
3	85 3
3	79 189
3	83 5
3	85 5
3	79 48
3	84 6
3	84 7
3	83 7
3	85 6
3	79 102
3	84 8
3	83 8
3	85 8
3	79 25
3	84 9
3	84 10
3	83 10
3	85 9
3	79 116
3	83 10
3	85 10
3	79 43
3	84 11
3	84 12
3	83 12
3	85 12
3	79 29
3	84 13
3	84 14
3	83 14
3	85 13
3	79 108
3	84 15
3	84 16
3	83 16
3	85 14
3	79 187
3	83 16
3	85 16
3	79 33
3	84 17
3	84 18
3	83 18
3	85 17
3	79 109
3	84 19
3	84 20
3	84 1
3	83 1
3	85 19
3	79 194
3	83 1
3	85 20
3	79 121
3	83 1
3	85 1
3	79 49
3	84 2
3	84 3
3	83 3
3	85 3
3	79 32
3	84 4
3	84 5
3	83 5
3	85 4
3	79 109
3	83 5
3	85 5
3	79 37
3	84 6
3	83 6
3	85 6
3	79 40
3	84 7
3	84 8
3	83 8
3	85 8
3	79 28
3	84 9
3	84 10
3	83 10
3	85 9
3	79 105
3	83 10
3	85 10
3	79 35
3	84 11
3	84 12
3	83 12
3	85 12
3	79 32
3	84 13
3	84 14
3	83 14
3	85 13
3	79 105
3	83 14
3	85 14
3	79 45
3	84 15
3	84 16
3	83 16
3	85 16
3	79 29
3	84 17
3	84 18
3	83 18
3	85 17
3	79 106
3	83 18
3	85 18
3	79 33
3	84 19
3	83 19
3	85 19
3	79 34
3	84 20
3	84 1
3	83 1
3	85 1
3	79 23
3	84 2
3	84 3
3	83 3
3	85 2
3	79 107
3	83 3
3	85 3
3	79 35
3	84 4
3	84 5
3	83 5
3	85 5
3	79 29
3	84 6
3	84 7
3	83 7
3	85 6
3	79 111
3	83 7
3	85 7
3	79 36
3	84 8
3	84 9
3	83 9
3	85 9
3	79 27
3	84 10
3	84 11
3	83 11
3	85 10
3	79 127
3	83 11
3	85 11
3	79 55
3	84 12
3	84 13
3	83 13
3	85 13
3	79 29
3	84 14
3	84 15
3	83 15
3	85 14
3	79 117
3	83 15
3	85 15
3	79 46
3	84 16
3	83 16
3	85 16
3	79 40
3	84 17
3	84 18
3	83 18
3	85 18
3	79 28
3	84 19
3	84 20
3	83 20
3	85 19
3	79 122
3	83 20
3	85 20
3	79 50
3	84 1
3	83 1
3	85 1
3	79 40
3	84 2
3	84 3
3	84 4
3	84 5
3	83 5
3	85 3
3	79 189
3	83 5
3	85 4
3	79 115
3	83 5
3	85 5
3	79 41
3	84 6
3	83 6
3	85 6
3	79 38
3	84 7
3	84 8
3	83 8
3	85 8
3	79 27
3	84 9
3	84 10
3	83 10
3	85 9
3	79 104
3	83 10
3	85 10
3	79 30
3	84 11
3	83 11
3	85 11
3	79 42
3	84 12
3	84 13
3	83 13
3	85 13
3	79 22
3	84 14
3	84 15
3	83 15
3	85 14
3	79 108
3	83 15
3	85 15
3	79 35
3	84 16
3	83 16
3	85 16
3	79 34
3	84 17
3	84 18
3	83 18
3	85 18
3	79 25
3	84 19
3	84 20
3	83 20
3	85 19
3	79 106
3	83 20
3	85 20
3	79 36
3	84 1
3	84 2
3	83 2
3	85 2
3	79 26
3	84 3
3	84 4
3	83 4
3	85 3
3	79 107
3	84 5
3	83 5
3	85 5
3	79 30
3	84 6
3	84 7
3	83 7
3	85 6
3	79 105
3	83 7
3	85 7
3	79 40
3	84 8
3	84 9
3	83 9
3	85 9
3	79 27
3	84 10
3	84 11
3	83 11
3	85 10
3	79 110
3	83 11
3	85 11
3	79 39
3	84 12
3	83 12
3	85 12
3	79 44
3	84 13
3	84 14
3	83 14
3	85 14
3	79 28
3	84 15
3	84 16
3	83 16
3	85 15
3	79 104
3	83 16
3	85 16
3	79 32
3	84 17
3	84 18
3	83 18
3	85 18
3	79 28
3	84 19
3	84 20
3	83 20
3	85 19
3	79 107
3	83 20
3	85 20
3	79 34
3	84 1
3	83 1
3	85 1
3	79 35
3	84 2
3	84 3
3	83 3
3	85 3
3	79 24
3	84 4
3	84 5
3	83 5
3	85 4
3	79 111
3	83 5
3	85 5
3	79 40
3	84 6
3	83 6
3	85 6
3	79 33
3	84 7
3	84 8
3	83 8
3	85 8
3	79 28
3	84 9
3	84 10
3	83 10
3	85 9
3	79 105
3	83 10
3	85 10
3	79 34
3	84 11
3	83 11
3	85 11
3	79 40
3	84 12
3	84 13
3	83 13
3	85 13
3	79 23
3	84 14
3	84 15
3	83 15
3	85 14
3	79 106
3	83 15
3	85 15
3	79 34
3	84 16
3	83 16
3	85 16
3	79 33
3	84 17
3	84 18
3	83 18
3	85 18
3	79 27
3	84 19
3	84 20
3	83 20
3	85 19
3	79 107
3	83 20
3	85 20
3	79 38
3	84 1
3	84 2
3	84 3
3	83 3
3	85 1
3	79 185
3	83 3
3	85 3
3	79 50
3	84 4
3	84 5
3	83 5
3	85 4
3	79 100
3	84 6
3	83 6
3	85 6
3	79 33
3	84 7
3	84 8
3	83 8
3	85 7
3	79 113
3	84 9
3	83 9
3	85 9
3	79 24
3	84 10
3	84 11
3	83 11
3	85 10
3	79 103
3	83 11
3	85 11
3	79 43
3	84 12
3	83 12
3	85 12
3	79 31
3	84 13
3	84 14
3	83 14
3	85 14
3	79 24
3	84 15
3	84 16
3	83 16
3	85 15
3	79 107
3	83 16
3	85 16
3	79 34
3	84 17
3	84 18
3	83 18
3	85 18
3	79 27
3	84 19
3	84 20
3	83 20
3	85 19
3	79 104
3	83 20
3	85 20
3	79 33
3	84 1
3	84 2
3	83 2
3	85 2
3	79 26
3	84 3
3	84 4
3	83 4
3	85 3
3	79 104
3	83 4
3	85 4
3	79 39
3	84 5
3	84 6
3	83 6
3	85 6
3	79 32
3	84 7
3	84 8
3	83 8
3	85 7
3	79 109
3	84 9
3	83 9
3	85 9
3	79 30
3	84 10
3	84 11
3	83 11
3	85 10
3	79 120
3	84 12
3	84 13
3	83 13
3	85 11
3	79 186
3	83 13
3	85 13
3	79 32
3	84 14
3	84 15
3	83 15
3	85 14
3	79 108
3	83 15
3	85 15
3	79 37
3	84 16
3	84 17
3	83 17
3	85 17
3	79 30
3	84 18
3	84 19
3	83 19
3	85 18
3	79 107
3	83 19
3	85 19
3	79 35
3	84 20
3	83 20
3	85 20
3	79 36
3	84 1
3	84 2
3	83 2
3	85 2
3	79 23
3	84 3
3	84 4
3	83 4
3	85 3
3	79 110
3	83 4
3	85 4
3	79 49
3	84 5
3	84 6
3	83 6
3	85 6
3	79 31
3	84 7
3	84 8
3	83 8
3	85 7
3	79 109
3	83 8
3	85 8
3	79 36
3	84 9
3	84 10
3	83 10
3	85 10
3	79 25
3	84 11
3	84 12
3	83 12
3	85 11
3	79 109
3	83 12
3	85 12
3	79 39
3	84 13
3	84 14
3	83 14
3	85 14
3	79 29
3	84 15
3	84 16
3	83 16
3	85 15
3	79 108
3	83 16
3	85 16
3	79 46
3	84 17
3	84 18
3	83 18
3	85 18
3	79 27
3	84 19
3	84 20
3	83 20
3	85 19
3	79 110
3	83 20
3	85 20
3	79 36
3	84 1
3	84 2
3	83 2
3	85 2
3	79 27
3	84 3
3	84 4
3	83 4
3	85 3
3	79 110
3	84 5
3	83 5
3	85 5
3	79 25
3	84 6
3	84 7
3	83 7
3	85 6
3	79 111
3	83 7
3	85 7
3	79 38
3	84 8
3	84 9
3	83 9
3	85 9
3	79 29
3	84 10
3	TEST_NUMBER 6
3	SENT_TOTAL 250
3	RECEIVED_TOTAL 190
3	TIME_TOTAL 29806
3	RECEIVED_RADIO_1 191
3	RECEIVED_RADIO_2 0
3	SENT_RADIO_1 124
3	SENT_RADIO_2 126
3	RADIO_TIME_1 29856
3	RADIO_TIME_2 19683
3	RETRANSMISSIONS_1 1
3	RETRANSMISSIONS_2 0
3	DROPPED_1 0
3	DROPPED_2 0
3	MAX_QUEUE 1
3	DUPLICATED_1 5
3	DUPLICATED_2 0
3	EBUSY_RADIO_1 0
3	EBUSY_RADIO_2 0
3	83 0
3	85 10
3	86 6

4	RELAY_NODE 4
4	TEST_NUMBER 0
4	SENT_TOTAL 0
4	RECEIVED_TOTAL 0
4	TIME_TOTAL 0
4	RECEIVED_RADIO_1 0
4	RECEIVED_RADIO_2 125
4	SENT_RADIO_1 125
4	SENT_RADIO_2 0
4	RADIO_TIME_1 19764
4	RADIO_TIME_2 19764
4	RETRANSMISSIONS_1 0
4	RETRANSMISSIONS_2 0
4	DROPPED_1 0
4	DROPPED_2 0
4	MAX_QUEUE 1
4	DUPLICATED_1 0
4	DUPLICATED_2 0
4	EBUSY_RADIO_1 0
4	EBUSY_RADIO_2 0
4	TEST_NUMBER 1
4	SENT_TOTAL 0
4	RECEIVED_TOTAL 0
4	TIME_TOTAL 0
4	RECEIVED_RADIO_1 0
4	RECEIVED_RADIO_2 125
4	SENT_RADIO_1 125
4	SENT_RADIO_2 0
4	RADIO_TIME_1 19759
4	RADIO_TIME_2 19759
4	RETRANSMISSIONS_1 0
4	RETRANSMISSIONS_2 0
4	DROPPED_1 0
4	DROPPED_2 0
4	MAX_QUEUE 1
4	DUPLICATED_1 0
4	DUPLICATED_2 0
4	EBUSY_RADIO_1 0
4	EBUSY_RADIO_2 0
4	TEST_NUMBER 2
4	SENT_TOTAL 0
4	RECEIVED_TOTAL 0
4	TIME_TOTAL 0
4	RECEIVED_RADIO_1 0
4	RECEIVED_RADIO_2 125
4	SENT_RADIO_1 125
4	SENT_RADIO_2 0
4	RADIO_TIME_1 19763
4	RADIO_TIME_2 19763
4	RETRANSMISSIONS_1 17
4	RETRANSMISSIONS_2 0
4	DROPPED_1 0
4	DROPPED_2 0
4	MAX_QUEUE 1
4	DUPLICATED_1 0
4	DUPLICATED_2 0
4	EBUSY_RADIO_1 0
4	EBUSY_RADIO_2 0
4	TEST_NUMBER 3
4	SENT_TOTAL 0
4	RECEIVED_TOTAL 0
4	TIME_TOTAL 0
4	RECEIVED_RADIO_1 0
4	RECEIVED_RADIO_2 125
4	SENT_RADIO_1 125
4	SENT_RADIO_2 0
4	RADIO_TIME_1 19763
4	RADIO_TIME_2 19763
4	RETRANSMISSIONS_1 2
4	RETRANSMISSIONS_2 0
4	DROPPED_1 0
4	DROPPED_2 0
4	MAX_QUEUE 1
4	DUPLICATED_1 0
4	DUPLICATED_2 0
4	EBUSY_RADIO_1 0
4	EBUSY_RADIO_2 0
4	TEST_NUMBER 4
4	SENT_TOTAL 0
4	RECEIVED_TOTAL 0
4	TIME_TOTAL 0
4	RECEIVED_RADIO_1 0
4	RECEIVED_RADIO_2 125
4	SENT_RADIO_1 125
4	SENT_RADIO_2 0
4	RADIO_TIME_1 19760
4	RADIO_TIME_2 19760
4	RETRANSMISSIONS_1 0
4	RETRANSMISSIONS_2 0
4	DROPPED_1 0
4	DROPPED_2 0
4	MAX_QUEUE 1
4	DUPLICATED_1 0
4	DUPLICATED_2 0
4	EBUSY_RADIO_1 0
4	EBUSY_RADIO_2 0
4	TEST_NUMBER 5
4	SENT_TOTAL 0
4	RECEIVED_TOTAL 0
4	TIME_TOTAL 0
4	RECEIVED_RADIO_1 0
4	RECEIVED_RADIO_2 125
4	SENT_RADIO_1 125
4	SENT_RADIO_2 0
4	RADIO_TIME_1 19763
4	RADIO_TIME_2 19763
4	RETRANSMISSIONS_1 1
4	RETRANSMISSIONS_2 0
4	DROPPED_1 0
4	DROPPED_2 0
4	MAX_QUEUE 1
4	DUPLICATED_1 0
4	DUPLICATED_2 0
4	EBUSY_RADIO_1 0
4	EBUSY_RADIO_2 0
4	TEST_NUMBER 6
4	SENT_TOTAL 0
4	RECEIVED_TOTAL 0
4	TIME_TOTAL 0
4	RECEIVED_RADIO_1 0
4	RECEIVED_RADIO_2 125
4	SENT_RADIO_1 125
4	SENT_RADIO_2 0
4	RADIO_TIME_1 19685
4	RADIO_TIME_2 19685
4	RETRANSMISSIONS_1 2
4	RETRANSMISSIONS_2 0
4	DROPPED_1 0
4	DROPPED_2 0
4	MAX_QUEUE 1
4	DUPLICATED_1 0
4	DUPLICATED_2 0
4	EBUSY_RADIO_1 0
4	EBUSY_RADIO_2 0

6	DESTINATION_NODE 6
6	TEST_NUMBER 0
6	SENT_TOTAL 1
6	RECEIVED_TOTAL 1
6	TIME_TOTAL 0
6	RECEIVED_RADIO_1 0
6	RECEIVED_RADIO_2 1
6	SENT_RADIO_1 0
6	SENT_RADIO_2 0
6	RADIO_TIME_1 0
6	RADIO_TIME_2 0
6	RETRANSMISSIONS_1 1
6	RETRANSMISSIONS_2 0
6	DROPPED_1 0
6	DROPPED_2 0
6	MAX_QUEUE 1
6	DUPLICATED_1 0
6	DUPLICATED_2 0
6	EBUSY_RADIO_1 0
6	EBUSY_RADIO_2 0
6	TEST_NUMBER 1
6	SENT_TOTAL 0
6	RECEIVED_TOTAL 0
6	TIME_TOTAL 0
6	RECEIVED_RADIO_1 0
6	RECEIVED_RADIO_2 0
6	SENT_RADIO_1 0
6	SENT_RADIO_2 0
6	RADIO_TIME_1 29548
6	RADIO_TIME_2 29548
6	RETRANSMISSIONS_1 0
6	RETRANSMISSIONS_2 0
6	DROPPED_1 0
6	DROPPED_2 0
6	MAX_QUEUE 0
6	DUPLICATED_1 0
6	DUPLICATED_2 0
6	EBUSY_RADIO_1 0
6	EBUSY_RADIO_2 0
6	TEST_NUMBER 2
6	SENT_TOTAL 0
6	RECEIVED_TOTAL 0
6	TIME_TOTAL 0
6	RECEIVED_RADIO_1 0
6	RECEIVED_RADIO_2 0
6	SENT_RADIO_1 0
6	SENT_RADIO_2 0
6	RADIO_TIME_1 29548
6	RADIO_TIME_2 29548
6	RETRANSMISSIONS_1 0
6	RETRANSMISSIONS_2 0
6	DROPPED_1 0
6	DROPPED_2 0
6	MAX_QUEUE 0
6	DUPLICATED_1 0
6	DUPLICATED_2 0
6	EBUSY_RADIO_1 0
6	EBUSY_RADIO_2 0
6	TEST_NUMBER 3
6	SENT_TOTAL 0
6	RECEIVED_TOTAL 0
6	TIME_TOTAL 0
6	RECEIVED_RADIO_1 0
6	RECEIVED_RADIO_2 0
6	SENT_RADIO_1 0
6	SENT_RADIO_2 0
6	RADIO_TIME_1 29548
6	RADIO_TIME_2 29548
6	RETRANSMISSIONS_1 0
6	RETRANSMISSIONS_2 0
6	DROPPED_1 0
6	DROPPED_2 0
6	MAX_QUEUE 0
6	DUPLICATED_1 0
6	DUPLICATED_2 0
6	EBUSY_RADIO_1 0
6	EBUSY_RADIO_2 0
6	TEST_NUMBER 4
6	SENT_TOTAL 0
6	RECEIVED_TOTAL 0
6	TIME_TOTAL 0
6	RECEIVED_RADIO_1 0
6	RECEIVED_RADIO_2 0
6	SENT_RADIO_1 0
6	SENT_RADIO_2 0
6	RADIO_TIME_1 29548
6	RADIO_TIME_2 29548
6	RETRANSMISSIONS_1 0
6	RETRANSMISSIONS_2 0
6	DROPPED_1 0
6	DROPPED_2 0
6	MAX_QUEUE 0
6	DUPLICATED_1 0
6	DUPLICATED_2 0
6	EBUSY_RADIO_1 0
6	EBUSY_RADIO_2 0
6	TEST_NUMBER 5
6	SENT_TOTAL 0
6	RECEIVED_TOTAL 0
6	TIME_TOTAL 0
6	RECEIVED_RADIO_1 0
6	86 0
6	86 0
6	86 0
6	86 0
6	86 0
6	86 0
6	86 0
6	86 0
6	86 0
6	86 0
6	86 0
6	86 0
6	86 0
6	86 0
6	86 0
6	86 0
6	86 0
6	86 0
6	86 0
6	86 0
6	86 0
6	86 0
6	86 0
6	86 0
6	86 0
6	86 0
6	86 0
6	86 0
6	86 0
6	86 0
6	86 0
6	86 0
6	86 0
6	86 0
6	86 0
6	86 0
6	86 0
6	86 0
6	86 0
6	86 0
6	86 0
6	86 0
6	86 0
6	86 0
6	86 0
6	86 0
6	86 0
6	86 0
6	86 0
6	86 0
6	86 0
6	86 0
6	86 0
6	86 0
6	86 0
6	86 0
6	86 0
6	86 0
6	86 0
6	86 0
6	86 0
6	86 0
6	86 0
6	86 0
6	86 0
6	86 0
6	86 0
6	86 0
6	86 0
6	86 0
6	86 0
6	86 0
6	86 0
6	86 0
6	86 0
6	86 0
6	86 0
6	86 0
6	86 0
6	86 0
6	86 0
6	86 0
6	86 0
6	86 0
6	86 0
6	86 0
6	86 0
6	86 0
6	86 0
6	86 0
6	86 0
6	86 0
6	86 0
6	86 0
6	86 0
6	86 0
6	86 0
6	86 0
6	86 0
6	86 0
6	86 0
6	86 0
6	86 0
6	86 0
6	86 0
6	86 0
6	86 0
6	86 0
6	86 0
6	86 0
6	86 0
6	86 0
6	86 0
6	86 0
6	86 0
6	86 0
6	86 0
6	86 0
6	86 0
6	86 0
6	86 0
6	86 0
6	86 0
6	86 0
6	86 0
6	86 0
6	86 0
6	86 0
6	86 0
6	86 0
6	86 0
6	86 0
6	86 0
6	86 0
6	86 0
6	86 0
6	86 0
6	86 0
6	86 0
6	86 0
6	86 0
6	86 0
6	86 0
6	86 0
6	86 0
6	86 0
6	86 0
6	86 0
6	86 0
6	86 0
6	86 0
6	86 0
6	86 0
6	86 0
6	86 0
6	86 0
6	86 0
6	86 0
6	86 0
6	86 0
6	86 0
6	86 0
6	86 0
6	86 0
6	86 0
6	86 0
6	86 0
6	86 0
6	86 0
6	86 0
6	86 0
6	86 0
6	86 0
6	86 0
6	86 0
6	86 0
6	86 0
6	86 0
6	86 0
6	86 0
6	86 0
6	86 0
6	86 0
6	86 0
6	86 0
6	86 0
6	86 0
6	86 0
6	86 0
6	86 0
6	86 0
6	86 0
6	86 0
6	86 0
6	86 0
6	86 0
6	86 0
6	86 0
6	86 0
6	86 0
6	86 0
6	86 0
6	86 0
6	86 0
6	86 0
6	86 0
6	86 0
6	86 0
6	86 0
6	86 0
6	86 0
6	86 0
6	86 0
6	86 0
6	86 0
6	86 0
6	86 0
6	86 0
6	86 0
6	86 0
6	86 0
6	86 0
6	86 0
6	86 0
6	86 0
6	86 0
6	86 0
6	86 0
6	86 0
6	86 0
6	86 0
6	86 0
6	86 0
6	86 0
6	86 0
6	86 0
6	86 0
6	86 0
6	86 0
6	86 0
6	86 0
6	86 0
6	86 0
6	86 0
6	86 0
6	86 0
6	86 0
6	86 0
6	86 0
6	86 1
6	86 1
6	86 1
6	86 1
6	86 1
6	86 1
6	86 1
6	86 1
6	86 1
6	86 1
6	86 1
6	86 1
6	86 1
6	86 1
6	86 1
6	86 1
6	86 1
6	86 1
6	86 1
6	86 1
6	86 1
6	86 1
6	86 1
6	86 1
6	86 1
6	86 1
6	86 1
6	86 1
6	86 1
6	86 1
6	86 1
6	86 1
6	86 1
6	86 1
6	86 1
6	86 1
6	86 1
6	86 1
6	86 1
6	86 1
6	86 1
6	86 1
6	86 1
6	86 1
6	86 1
6	86 1
6	86 1
6	86 1
6	86 1
6	86 1
6	86 1
6	86 1
6	86 1
6	86 1
6	86 1
6	86 1
6	86 1
6	86 1
6	86 1
6	86 1
6	86 1
6	86 1
6	86 1
6	86 1
6	86 1
6	86 1
6	86 1
6	86 1
6	86 1
6	86 1
6	86 1
6	86 1
6	86 1
6	86 1
6	86 1
6	86 1
6	86 1
6	86 1
6	86 1
6	86 1
6	86 1
6	86 1
6	86 1
6	86 1
6	86 1
6	86 1
6	86 1
6	86 1
6	86 1
6	86 1
6	86 1
6	86 1
6	86 1
6	86 1
6	86 1
6	86 1
6	86 1
6	86 1
6	86 1
6	86 1
6	86 1
6	86 1
6	86 1
6	86 1
6	86 1
6	86 1
6	86 1
6	86 1
6	86 1
6	86 1
6	86 1
6	86 1
6	86 1
6	86 1
6	86 1
6	86 1
6	86 1
6	86 1
6	86 1
6	86 1
6	86 1
6	86 1
6	86 1
6	86 1
6	86 1
6	86 1
6	86 1
6	86 1
6	86 1
6	86 1
6	86 1
6	86 1
6	86 1
6	86 1
6	86 1
6	86 1
6	86 1
6	86 1
6	86 1
6	86 1
6	86 1
6	86 1
6	86 1
6	86 1
6	86 1
6	86 1
6	86 1
6	86 1
6	86 1
6	86 1
6	86 1
6	86 1
6	86 1
6	86 1
6	86 1
6	86 1
6	86 1
6	86 1
6	86 1
6	86 1
6	86 1
6	86 1
6	86 1
6	86 1
6	86 1
6	86 1
6	86 1
6	86 1
6	86 1
6	86 1
6	86 1
6	86 1
6	86 1
6	86 1
6	86 1
6	86 1
6	86 1
6	86 1
6	86 1
6	86 1
6	86 1
6	86 1
6	86 1
6	86 1
6	86 1
6	86 1
6	86 1
6	86 1
6	86 1
6	86 1
6	86 1
6	86 1
6	86 1
6	86 1
6	86 1
6	86 1
6	86 1
6	86 1
6	86 1
6	86 1
6	86 1
6	86 1
6	86 1
6	86 1
6	86 1
6	86 1
6	86 1
6	86 1
6	86 1
6	86 1
6	86 1
6	86 1
6	86 1
6	86 1
6	86 1
6	86 1
6	86 1
6	86 1
6	86 1
6	86 1
6	86 1
6	86 1
6	86 1
6	86 1
6	86 1
6	86 1
6	86 1
6	86 1
6	86 1
6	86 1
6	86 1
6	86 1
6	86 1
6	86 1
6	86 1
6	86 1
6	86 1
6	86 1
6	86 1
6	86 1
6	86 1
6	86 1
6	86 1
6	86 1
6	86 1
6	86 1
6	86 1
6	86 1
6	86 1
6	86 1
6	86 2
6	86 2
6	86 2
6	86 2
6	86 2
6	86 2
6	86 2
6	86 2
6	86 2
6	86 2
6	86 2
6	86 2
6	86 2
6	86 2
6	86 2
6	86 2
6	86 2
6	86 2
6	86 2
6	86 2
6	86 2
6	86 2
6	86 2
6	86 2
6	86 2
6	86 2
6	86 2
6	86 2
6	86 2
6	86 2
6	86 2
6	86 2
6	86 2
6	86 2
6	86 2
6	86 2
6	86 2
6	86 2
6	86 2
6	86 2
6	86 2
6	86 2
6	86 2
6	86 2
6	86 2
6	86 2
6	86 2
6	86 2
6	86 2
6	86 2
6	86 2
6	86 2
6	86 2
6	86 2
6	86 2
6	86 2
6	86 2
6	86 2
6	86 2
6	86 2
6	86 2
6	86 2
6	86 2
6	86 2
6	86 2
6	86 2
6	86 2
6	86 2
6	86 2
6	86 2
6	86 2
6	86 2
6	86 2
6	86 2
6	86 2
6	86 2
6	86 2
6	86 2
6	86 2
6	86 2
6	86 2
6	86 2
6	86 2
6	86 2
6	86 2
6	86 2
6	86 2
6	86 2
6	86 2
6	86 2
6	86 2
6	86 2
6	86 2
6	86 2
6	86 2
6	86 2
6	86 2
6	86 2
6	86 2
6	86 2
6	86 2
6	86 2
6	86 2
6	86 2
6	86 2
6	86 2
6	86 2
6	86 2
6	86 2
6	86 2
6	86 2
6	86 2
6	86 2
6	86 2
6	86 2
6	86 2
6	86 2
6	86 2
6	86 2
6	86 2
6	86 2
6	86 2
6	86 2
6	86 2
6	86 2
6	86 2
6	86 2
6	86 2
6	86 2
6	86 2
6	86 2
6	86 2
6	86 2
6	86 2
6	86 2
6	86 2
6	86 2
6	86 2
6	86 2
6	86 2
6	86 2
6	86 2
6	86 2
6	86 2
6	86 2
6	86 2
6	86 2
6	86 2
6	86 2
6	86 2
6	86 2
6	86 2
6	86 2
6	86 2
6	86 2
6	86 2
6	86 2
6	86 2
6	86 2
6	86 2
6	86 2
6	86 2
6	86 2
6	86 2
6	86 2
6	86 2
6	86 2
6	86 2
6	86 2
6	86 2
6	86 2
6	86 2
6	86 2
6	86 2
6	86 2
6	86 2
6	86 2
6	86 2
6	86 2
6	86 2
6	86 2
6	86 2
6	86 2
6	86 2
6	86 2
6	86 2
6	86 2
6	86 2
6	86 2
6	86 2
6	86 2
6	86 2
6	86 2
6	86 2
6	86 2
6	86 2
6	86 2
6	86 2
6	86 2
6	86 2
6	86 2
6	86 2
6	86 2
6	86 2
6	86 2
6	86 2
6	86 2
6	86 2
6	86 2
6	86 2
6	86 2
6	86 2
6	86 2
6	86 2
6	86 2
6	86 2
6	86 2
6	86 2
6	86 2
6	86 2
6	86 2
6	86 2
6	86 2
6	86 2
6	86 2
6	86 2
6	86 2
6	86 2
6	86 2
6	86 2
6	86 2
6	86 2
6	86 2
6	86 2
6	86 2
6	86 2
6	86 2
6	86 2
6	86 2
6	86 2
6	86 2
6	86 2
6	86 2
6	86 2
6	86 2
6	86 2
6	86 2
6	86 2
6	86 2
6	86 2
6	86 3
6	86 3
6	86 3
6	86 3
6	86 3
6	86 3
6	86 3
6	86 3
6	86 3
6	86 3
6	86 3
6	86 3
6	86 3
6	86 3
6	86 3
6	86 3
6	86 3
6	86 3
6	86 3
6	86 3
6	86 3
6	86 3
6	86 3
6	86 3
6	86 3
6	86 3
6	86 3
6	86 3
6	86 3
6	86 3
6	86 3
6	86 3
6	86 3
6	86 3
6	86 3
6	86 3
6	86 3
6	86 3
6	86 3
6	86 3
6	86 3
6	86 3
6	86 3
6	86 3
6	86 3
6	86 3
6	86 3
6	86 3
6	86 3
6	86 3
6	86 3
6	86 3
6	86 3
6	86 3
6	86 3
6	86 3
6	86 3
6	86 3
6	86 3
6	86 3
6	86 3
6	86 3
6	86 3
6	86 3
6	86 3
6	86 3
6	86 3
6	86 3
6	86 3
6	86 3
6	86 3
6	86 3
6	86 3
6	86 3
6	86 3
6	86 3
6	86 3
6	86 3
6	86 3
6	86 3
6	86 3
6	86 3
6	86 3
6	86 3
6	86 3
6	86 3
6	86 3
6	86 3
6	86 3
6	86 3
6	86 3
6	86 3
6	86 3
6	86 3
6	86 3
6	86 3
6	86 3
6	86 3
6	86 3
6	86 3
6	86 3
6	86 3
6	86 3
6	86 3
6	86 3
6	86 3
6	86 3
6	86 3
6	86 3
6	86 3
6	86 3
6	86 3
6	86 3
6	86 3
6	86 3
6	86 3
6	86 3
6	86 3
6	86 3
6	86 3
6	86 3
6	86 3
6	86 3
6	86 3
6	86 3
6	86 3
6	86 3
6	86 3
6	86 3
6	86 3
6	86 3
6	86 3
6	86 3
6	86 3
6	86 3
6	86 3
6	86 3
6	86 3
6	86 3
6	86 3
6	86 3
6	86 3
6	86 3
6	86 3
6	86 3
6	86 3
6	86 3
6	86 3
6	86 3
6	86 3
6	86 3
6	86 3
6	86 3
6	86 3
6	86 3
6	86 3
6	86 3
6	86 3
6	86 3
6	86 3
6	86 3
6	86 3
6	86 3
6	86 3
6	86 3
6	86 3
6	86 3
6	86 3
6	86 3
6	86 3
6	86 3
6	86 3
6	86 3
6	86 3
6	86 3
6	86 3
6	86 3
6	86 3
6	86 3
6	86 3
6	86 3
6	86 3
6	86 3
6	86 3
6	86 3
6	86 3
6	86 3
6	86 3
6	86 3
6	86 3
6	86 3
6	86 3
6	86 3
6	86 3
6	86 3
6	86 3
6	86 3
6	86 3
6	86 3
6	86 3
6	86 3
6	86 3
6	86 3
6	86 3
6	86 3
6	86 3
6	86 3
6	86 3
6	86 3
6	86 3
6	86 3
6	86 3
6	86 3
6	86 3
6	86 3
6	86 3
6	86 3
6	86 3
6	86 3
6	86 3
6	86 3
6	86 3
6	86 3
6	86 3
6	86 3
6	86 3
6	86 3
6	86 3
6	86 3
6	86 3
6	86 3
6	86 3
6	86 3
6	86 3
6	86 3
6	86 3
6	86 3
6	86 3
6	86 3
6	86 3
6	86 3
6	86 3
6	86 3
6	86 3
6	86 3
6	86 3
6	86 3
6	86 3
6	86 3
6	86 3
6	86 4
6	86 4
6	86 4
6	86 4
6	86 4
6	86 4
6	86 4
6	86 4
6	86 4
6	86 4
6	86 4
6	86 4
6	86 4
6	86 4
6	86 4
6	86 4
6	86 4
6	86 4
6	86 4
6	86 4
6	86 4
6	86 4
6	86 4
6	86 4
6	86 4
6	86 4
6	86 4
6	86 4
6	86 4
6	86 4
6	86 4
6	86 4
6	86 4
6	86 4
6	86 4
6	86 4
6	86 4
6	86 4
6	86 4
6	86 4
6	86 4
6	86 4
6	86 4
6	86 4
6	86 4
6	86 4
6	86 4
6	86 4
6	86 4
6	86 4
6	86 4
6	86 4
6	86 4
6	86 4
6	86 4
6	86 4
6	86 4
6	86 4
6	86 4
6	86 4
6	86 4
6	86 4
6	86 4
6	86 4
6	86 4
6	86 4
6	86 4
6	86 4
6	86 4
6	86 4
6	86 4
6	86 4
6	86 4
6	86 4
6	86 4
6	86 4
6	86 4
6	86 4
6	86 4
6	86 4
6	86 4
6	86 4
6	86 4
6	86 4
6	86 4
6	86 4
6	86 4
6	86 4
6	86 4
6	86 4
6	86 4
6	86 4
6	86 4
6	86 4
6	86 4
6	86 4
6	86 4
6	86 4
6	86 4
6	86 4
6	86 4
6	86 4
6	86 4
6	86 4
6	86 4
6	86 4
6	86 4
6	86 4
6	86 4
6	86 4
6	86 4
6	86 4
6	86 4
6	86 4
6	86 4
6	86 4
6	86 4
6	86 4
6	86 4
6	86 4
6	86 4
6	86 4
6	86 4
6	86 4
6	86 4
6	86 4
6	86 4
6	86 4
6	86 4
6	86 4
6	86 4
6	86 4
6	86 4
6	86 4
6	86 4
6	86 4
6	86 4
6	86 4
6	86 4
6	86 4
6	86 4
6	86 4
6	86 4
6	86 4
6	86 4
6	86 4
6	86 4
6	86 4
6	86 4
6	86 4
6	86 4
6	86 4
6	86 4
6	86 4
6	86 4
6	86 4
6	86 4
6	86 4
6	86 4
6	86 4
6	86 4
6	86 4
6	86 4
6	86 4
6	86 4
6	86 4
6	86 4
6	86 4
6	86 4
6	86 4
6	86 4
6	86 4
6	86 4
6	86 4
6	86 4
6	86 4
6	86 4
6	86 4
6	86 4
6	86 4
6	86 4
6	86 4
6	86 4
6	86 4
6	86 4
6	86 4
6	86 4
6	86 4
6	86 4
6	86 4
6	86 4
6	86 4
6	86 4
6	86 4
6	86 4
6	86 4
6	86 4
6	86 4
6	86 4
6	86 4
6	86 4
6	86 4
6	86 4
6	86 4
6	86 4
6	86 4
6	86 4
6	86 4
6	86 4
6	86 4
6	86 4
6	86 4
6	86 4
6	86 4
6	86 4
6	86 4
6	86 4
6	86 4
6	86 4
6	86 4
6	86 4
6	86 4
6	86 4
6	86 4
6	86 4
6	86 4
6	86 4
6	86 4
6	86 4
6	86 4
6	86 4
6	86 4
6	86 4
6	86 4
6	86 4
6	86 4
6	86 4
6	86 4
6	86 4
6	86 4
6	86 4
6	86 4
6	86 4
6	86 4
6	86 4
6	86 4
6	86 4
6	86 4
6	86 4
6	86 4
6	86 5
6	86 5
6	86 5
6	86 5
6	86 5
6	86 5
6	86 5
6	86 5
6	86 5
6	86 5
6	86 5
6	86 5
6	86 5
6	86 5
6	86 5
6	86 5
6	86 5
6	86 5
6	86 5
6	86 5
6	86 5
6	86 5
6	86 5
6	86 5
6	86 5
6	86 5
6	86 5
6	86 5
6	86 5
6	86 5
6	86 5
6	86 5
6	86 5
6	86 5
6	86 5
6	86 5
6	86 5
6	86 5
6	86 5
6	86 5
6	86 5
6	86 5
6	86 5
6	86 5
6	86 5
6	86 5
6	86 5
6	86 5
6	86 5
6	86 5
6	86 5
6	86 5
6	86 5
6	86 5
6	86 5
6	86 5
6	86 5
6	86 5
6	86 5
6	86 5
6	86 5
6	86 5
6	86 5
6	86 5
6	86 5
6	86 5
6	86 5
6	86 5
6	86 5
6	86 5
6	86 5
6	86 5
6	86 5
6	86 5
6	86 5
6	86 5
6	86 5
6	86 5
6	86 5
6	86 5
6	86 5
6	86 5
6	86 5
6	86 5
6	86 5
6	86 5
6	86 5
6	86 5
6	86 5
6	86 5
6	86 5
6	86 5
6	86 5
6	86 5
6	86 5
6	86 5
6	86 5
6	86 5
6	86 5
6	86 5
6	86 5
6	86 5
6	86 5
6	86 5
6	86 5
6	86 5
6	86 5
6	86 5
6	86 5
6	86 5
6	86 5
6	86 5
6	86 5
6	86 5
6	86 5
6	86 5
6	86 5
6	86 5
6	86 5
6	86 5
6	86 5
6	86 5
6	86 5
6	86 5
6	86 5
6	86 5
6	86 5
6	86 5
6	86 5
6	86 5
6	86 5
6	86 5
6	86 5
6	86 5
6	86 5
6	86 5
6	86 5
6	86 5
6	86 5
6	86 5
6	86 5
6	86 5
6	86 5
6	86 5
6	86 5
6	86 5
6	86 5
6	86 5
6	86 5
6	86 5
6	86 5
6	86 5
6	86 5
6	86 5
6	86 5
6	86 5
6	86 5
6	86 5
6	86 5
6	86 5
6	86 5
6	86 5
6	86 5
6	86 5
6	86 5
6	86 5
6	86 5
6	86 5
6	86 5
6	86 5
6	86 5
6	86 5
6	86 5
6	86 5
6	86 5
6	86 5
6	86 5
6	86 5
6	86 5
6	86 5
6	86 5
6	86 5
6	86 5
6	86 5
6	86 5
6	86 5
6	86 5
6	86 5
6	86 5
6	86 5
6	86 5
6	86 5
6	86 5
6	86 5
6	86 5
6	86 5
6	86 5
6	86 5
6	86 5
6	86 5
6	86 5
6	86 5
6	86 5
6	86 5
6	86 5
6	86 5
6	86 5
6	86 5
6	86 5
6	86 5
6	86 5
6	86 5
6	86 5
6	86 5
6	86 5
6	86 5
6	86 5
6	86 5
6	86 5
6	86 5
6	86 5
6	86 5
6	86 5
6	86 5
6	86 5
6	86 5
6	86 5
6	86 5
6	86 5
6	86 5
6	86 5
6	86 5
6	86 5
6	86 5
6	86 5
6	86 5
6	86 5
6	86 5
6	86 5
6	86 5
6	86 5
6	86 5
6	86 5
6	86 5
6	86 5
6	86 5
6	86 5
6	86 5
6	86 5
6	86 5
6	86 6
6	86 6
6	86 6
6	86 6
6	86 6
6	86 6
6	86 6
6	86 6
6	86 6
6	86 6
6	86 6
6	86 6
6	86 6
6	86 6
6	86 6
6	86 6
6	86 6
6	86 6
6	86 6
6	86 6
6	86 6
6	86 6
6	86 6
6	86 6
6	86 6
6	86 6
6	86 6
6	86 6
6	86 6
6	86 6
6	86 6
6	86 6
6	86 6
6	86 6
6	86 6
6	86 6
6	86 6
6	86 6
6	86 6
6	86 6
6	86 6
6	86 6
6	86 6
6	86 6
6	86 6
6	86 6
6	86 6
6	86 6
6	86 6
6	86 6
6	86 6
6	86 6
6	86 6
6	86 6
6	86 6
6	86 6
6	86 6
6	86 6
6	86 6
6	86 6
6	86 6
6	86 6
6	86 6
6	86 6
6	86 6
6	86 6
6	86 6
6	86 6
6	86 6
6	86 6
6	86 6
6	86 6
6	86 6
6	86 6
6	86 6
6	86 6
6	86 6
6	86 6
6	86 6
6	86 6
6	86 6
6	86 6
6	86 6
6	86 6
6	86 6
6	86 6
6	86 6
6	86 6
6	86 6
6	86 6
6	86 6
6	86 6
6	86 6
6	86 6
6	86 6
6	86 6
6	86 6
6	86 6
6	86 6
6	86 6
6	86 6
6	86 6
6	86 6
6	86 6
6	86 6
6	86 6
6	86 6
6	86 6
6	86 6
6	86 6
6	86 6
6	86 6
6	86 6
6	86 6
6	86 6
6	86 6
6	86 6
6	86 6
6	86 6
6	86 6
6	86 6
6	86 6
6	86 6
6	86 6
6	86 6
6	86 6
6	86 6
6	86 6
6	86 6
6	86 6
6	86 6
6	86 6
6	86 6
6	86 6
6	86 6
6	86 6
6	86 6
6	86 6
6	86 6
6	86 6
6	86 6
6	86 6
6	86 6
6	86 6
6	86 6
6	86 6
6	86 6
6	86 6
6	86 6
6	86 6
6	86 6
6	86 6
6	86 6
6	86 6
6	86 6
6	86 6
6	86 6
6	86 6
6	86 6
6	86 6
6	86 6
6	86 6
6	86 6
6	86 6
6	86 6
6	86 6
6	86 6
6	86 6
6	86 6
6	86 6
6	86 6
6	86 6
6	86 6
6	86 6
6	86 6
6	86 6
6	86 6
6	86 6
6	86 6
6	86 6
6	86 6
6	86 6
6	86 6
6	86 6
6	86 6
6	86 6
6	86 6
6	86 6
6	86 6
6	86 6
6	86 6
6	86 6
6	86 6
6	86 6
6	86 6
6	86 6
6	86 6
6	86 6
6	86 6
6	86 6
6	86 6
6	86 6
6	86 6
6	86 6
6	86 6
6	86 6
6	86 6
6	86 6
6	86 6
6	86 6
6	86 6
6	86 6
6	86 6
6	86 6
6	86 6
6	86 6
6	86 6
6	86 6
6	86 6
6	86 6
6	86 6
6	86 6
6	86 6
6	86 6
6	86 6
6	86 6
6	86 6
6	86 6
6	86 6
6	86 6
6	86 6
6	86 6
6	86 6
6	86 6
6	86 6
6	86 6
6	86 6
6	86 6
6	86 6
6	86 6
6	86 6
6	86 6
6	86 6
6	86 6
6	86 6
6	86 6
6	86 6
6	86 6
6	86 6
6	86 6
