
16	RELAY_NODE 16
16	TEST_NUMBER 0
16	SENT_TOTAL 0
16	RECEIVED_TOTAL 0
16	TIME_TOTAL 0
16	RECEIVED_RADIO_1 121
16	RECEIVED_RADIO_2 120
16	SENT_RADIO_1 120
16	SENT_RADIO_2 121
16	RADIO_TIME_1 19126
16	RADIO_TIME_2 19126
16	RETRANSMISSIONS_1 0
16	RETRANSMISSIONS_2 0
16	DROPPED_1 0
16	DROPPED_2 0
16	MAX_QUEUE 1
16	DUPLICATED_1 0
16	DUPLICATED_2 0
16	EBUSY_RADIO_1 0
16	EBUSY_RADIO_2 0
16	TEST_NUMBER 1
16	SENT_TOTAL 0
16	RECEIVED_TOTAL 0
16	TIME_TOTAL 0
16	RECEIVED_RADIO_1 125
16	RECEIVED_RADIO_2 125
16	SENT_RADIO_1 125
16	SENT_RADIO_2 125
16	RADIO_TIME_1 29789
16	RADIO_TIME_2 29789
16	RETRANSMISSIONS_1 0
16	RETRANSMISSIONS_2 0
16	DROPPED_1 0
16	DROPPED_2 0
16	MAX_QUEUE 1
16	DUPLICATED_1 0
16	DUPLICATED_2 0
16	EBUSY_RADIO_1 0
16	EBUSY_RADIO_2 0
16	TEST_NUMBER 2
16	SENT_TOTAL 0
16	RECEIVED_TOTAL 0
16	TIME_TOTAL 0
16	RECEIVED_RADIO_1 125
16	RECEIVED_RADIO_2 125
16	SENT_RADIO_1 125
16	SENT_RADIO_2 125
16	RADIO_TIME_1 29788
16	RADIO_TIME_2 29788
16	RETRANSMISSIONS_1 0
16	RETRANSMISSIONS_2 0
16	DROPPED_1 0
16	DROPPED_2 0
16	MAX_QUEUE 1
16	DUPLICATED_1 0
16	DUPLICATED_2 0
16	EBUSY_RADIO_1 0
16	EBUSY_RADIO_2 0
16	TEST_NUMBER 3
16	SENT_TOTAL 0
16	RECEIVED_TOTAL 0
16	TIME_TOTAL 0
16	RECEIVED_RADIO_1 125
16	RECEIVED_RADIO_2 125
16	SENT_RADIO_1 125
16	SENT_RADIO_2 125
16	RADIO_TIME_1 29790
16	RADIO_TIME_2 29790
16	RETRANSMISSIONS_1 0
16	RETRANSMISSIONS_2 0
16	DROPPED_1 0
16	DROPPED_2 0
16	MAX_QUEUE 1
16	DUPLICATED_1 0
16	DUPLICATED_2 0
16	EBUSY_RADIO_1 0
16	EBUSY_RADIO_2 0
16	TEST_NUMBER 4
16	SENT_TOTAL 0
16	RECEIVED_TOTAL 0
16	TIME_TOTAL 0
16	RECEIVED_RADIO_1 125
16	RECEIVED_RADIO_2 120
16	SENT_RADIO_1 120
16	SENT_RADIO_2 125
16	RADIO_TIME_1 29804
16	RADIO_TIME_2 29804
16	RETRANSMISSIONS_1 0
16	RETRANSMISSIONS_2 0
16	DROPPED_1 0
16	DROPPED_2 0
16	MAX_QUEUE 1
16	DUPLICATED_1 0
16	DUPLICATED_2 0
16	EBUSY_RADIO_1 0
16	EBUSY_RADIO_2 0
16	TEST_NUMBER 5
16	SENT_TOTAL 0
16	RECEIVED_TOTAL 0
16	TIME_TOTAL 0
16	RECEIVED_RADIO_1 125
16	RECEIVED_RADIO_2 124
16	SENT_RADIO_1 124
16	SENT_RADIO_2 125
16	RADIO_TIME_1 29726
16	RADIO_TIME_2 29726
16	RETRANSMISSIONS_1 0
16	RETRANSMISSIONS_2 0
16	DROPPED_1 0
16	DROPPED_2 0
16	MAX_QUEUE 1
16	DUPLICATED_1 0
16	DUPLICATED_2 0
16	EBUSY_RADIO_1 0
16	EBUSY_RADIO_2 0
16	TEST_NUMBER 6
16	SENT_TOTAL 0
16	RECEIVED_TOTAL 0
16	TIME_TOTAL 0
16	RECEIVED_RADIO_1 125
16	RECEIVED_RADIO_2 125
16	SENT_RADIO_1 125
16	SENT_RADIO_2 125
16	RADIO_TIME_1 29787
16	RADIO_TIME_2 29787
16	RETRANSMISSIONS_1 0
16	RETRANSMISSIONS_2 0
16	DROPPED_1 0
16	DROPPED_2 0
16	MAX_QUEUE 1
16	DUPLICATED_1 0
16	DUPLICATED_2 0
16	EBUSY_RADIO_1 0
16	EBUSY_RADIO_2 0

19	RELAY_NODE 19
19	TEST_NUMBER 0
19	SENT_TOTAL 0
19	RECEIVED_TOTAL 0
19	TIME_TOTAL 0
19	RECEIVED_RADIO_1 0
19	RECEIVED_RADIO_2 125
19	SENT_RADIO_1 125
19	SENT_RADIO_2 0
19	RADIO_TIME_1 19765
19	RADIO_TIME_2 19765
19	RETRANSMISSIONS_1 0
19	RETRANSMISSIONS_2 0
19	DROPPED_1 0
19	DROPPED_2 0
19	MAX_QUEUE 1
19	DUPLICATED_1 0
19	DUPLICATED_2 0
19	EBUSY_RADIO_1 0
19	EBUSY_RADIO_2 0
19	TEST_NUMBER 1
19	SENT_TOTAL 0
19	RECEIVED_TOTAL 0
19	TIME_TOTAL 0
19	RECEIVED_RADIO_1 0
19	RECEIVED_RADIO_2 125
19	SENT_RADIO_1 125
19	SENT_RADIO_2 0
19	RADIO_TIME_1 19758
19	RADIO_TIME_2 19758
19	RETRANSMISSIONS_1 0
19	RETRANSMISSIONS_2 0
19	DROPPED_1 0
19	DROPPED_2 0
19	MAX_QUEUE 1
19	DUPLICATED_1 0
19	DUPLICATED_2 0
19	EBUSY_RADIO_1 0
19	EBUSY_RADIO_2 0
19	TEST_NUMBER 2
19	SENT_TOTAL 0
19	RECEIVED_TOTAL 0
19	TIME_TOTAL 0
19	RECEIVED_RADIO_1 0
19	RECEIVED_RADIO_2 125
19	SENT_RADIO_1 125
19	SENT_RADIO_2 0
19	RADIO_TIME_1 19763
19	RADIO_TIME_2 19763
19	RETRANSMISSIONS_1 0
19	RETRANSMISSIONS_2 0
19	DROPPED_1 0
19	DROPPED_2 0
19	MAX_QUEUE 1
19	DUPLICATED_1 0
19	DUPLICATED_2 0
19	EBUSY_RADIO_1 0
19	EBUSY_RADIO_2 0
19	TEST_NUMBER 3
19	SENT_TOTAL 0
19	RECEIVED_TOTAL 0
19	TIME_TOTAL 0
19	RECEIVED_RADIO_1 0
19	RECEIVED_RADIO_2 125
19	SENT_RADIO_1 125
19	SENT_RADIO_2 0
19	RADIO_TIME_1 19764
19	RADIO_TIME_2 19764
19	RETRANSMISSIONS_1 0
19	RETRANSMISSIONS_2 0
19	DROPPED_1 0
19	DROPPED_2 0
19	MAX_QUEUE 1
19	DUPLICATED_1 0
19	DUPLICATED_2 0
19	EBUSY_RADIO_1 0
19	EBUSY_RADIO_2 0
19	TEST_NUMBER 4
19	SENT_TOTAL 0
19	RECEIVED_TOTAL 0
19	TIME_TOTAL 0
19	RECEIVED_RADIO_1 0
19	RECEIVED_RADIO_2 113
19	SENT_RADIO_1 113
19	SENT_RADIO_2 0
19	RADIO_TIME_1 19606
19	RADIO_TIME_2 19606
19	RETRANSMISSIONS_1 0
19	RETRANSMISSIONS_2 0
19	DROPPED_1 0
19	DROPPED_2 0
19	MAX_QUEUE 1
19	DUPLICATED_1 0
19	DUPLICATED_2 0
19	EBUSY_RADIO_1 0
19	EBUSY_RADIO_2 0
19	TEST_NUMBER 5
19	SENT_TOTAL 0
19	RECEIVED_TOTAL 0
19	TIME_TOTAL 0
19	RECEIVED_RADIO_1 0
19	RECEIVED_RADIO_2 125
19	SENT_RADIO_1 125
19	SENT_RADIO_2 0
19	RADIO_TIME_1 19765
19	RADIO_TIME_2 19765
19	RETRANSMISSIONS_1 0
19	RETRANSMISSIONS_2 0
19	DROPPED_1 0
19	DROPPED_2 0
19	MAX_QUEUE 1
19	DUPLICATED_1 0
19	DUPLICATED_2 0
19	EBUSY_RADIO_1 0
19	EBUSY_RADIO_2 0
19	TEST_NUMBER 6
19	SENT_TOTAL 0
19	RECEIVED_TOTAL 0
19	TIME_TOTAL 0
19	RECEIVED_RADIO_1 0
19	RECEIVED_RADIO_2 125
19	SENT_RADIO_1 125
19	SENT_RADIO_2 0
19	RADIO_TIME_1 19763
19	RADIO_TIME_2 19763
19	RETRANSMISSIONS_1 0
19	RETRANSMISSIONS_2 0
19	DROPPED_1 0
19	DROPPED_2 0
19	MAX_QUEUE 1
19	DUPLICATED_1 0
19	DUPLICATED_2 0
19	EBUSY_RADIO_1 0
19	EBUSY_RADIO_2 0

44	SOURCE_NODE 44
44	84 1
44	84 2
44	83 2
44	85 2
44	79 19
44	84 3
44	84 4
44	83 4
44	85 4
44	79 29
44	84 5
44	84 6
44	83 6
44	85 6
44	79 36
44	84 7
44	84 8
44	83 8
44	85 8
44	79 28
44	84 9
44	84 10
44	83 10
44	85 10
44	79 29
44	84 11
44	84 12
44	83 12
44	85 12
44	79 31
44	84 13
44	84 14
44	83 14
44	85 14
44	79 25
44	84 15
44	84 16
44	83 16
44	85 16
44	79 29
44	84 17
44	84 18
44	83 18
44	85 18
44	79 32
44	84 19
44	84 20
44	83 20
44	85 20
44	79 28
44	84 1
44	84 2
44	83 2
44	85 2
44	79 30
44	84 3
44	84 4
44	83 4
44	85 4
44	79 29
44	84 5
44	84 6
44	83 6
44	85 6
44	79 28
44	84 7
44	84 8
44	83 8
44	85 8
44	79 26
44	84 9
44	84 10
44	83 10
44	85 10
44	79 28
44	84 11
44	84 12
44	83 12
44	85 12
44	79 29
44	84 13
44	84 14
44	83 14
44	85 14
44	79 28
44	84 15
44	84 16
44	83 16
44	85 16
44	79 25
44	84 17
44	84 18
44	83 18
44	85 18
44	79 26
44	84 19
44	84 20
44	83 20
44	85 20
44	79 30
44	84 1
44	84 2
44	83 2
44	85 2
44	79 30
44	84 3
44	84 4
44	83 4
44	85 4
44	79 27
44	84 5
44	84 6
44	83 6
44	85 6
44	79 26
44	84 7
44	84 8
44	83 8
44	85 8
44	79 29
44	84 9
44	84 10
44	83 10
44	85 10
44	79 28
44	84 11
44	84 12
44	83 12
44	85 12
44	79 30
44	84 13
44	84 14
44	83 14
44	85 14
44	79 28
44	84 15
44	84 16
44	83 16
44	85 16
44	79 31
44	84 17
44	84 18
44	83 18
44	85 18
44	79 23
44	84 19
44	84 20
44	83 20
44	85 20
44	79 30
44	84 1
44	84 2
44	83 2
44	85 2
44	79 29
44	84 3
44	84 4
44	83 4
44	85 4
44	79 30
44	84 5
44	84 6
44	83 6
44	85 6
44	79 33
44	84 7
44	84 8
44	83 8
44	85 8
44	79 30
44	84 9
44	84 10
44	83 10
44	85 10
44	79 25
44	84 11
44	84 12
44	83 12
44	85 12
44	79 31
44	84 13
44	84 14
44	83 14
44	85 14
44	79 27
44	84 15
44	84 16
44	83 16
44	85 16
44	79 26
44	84 17
44	84 18
44	83 18
44	85 18
44	79 25
44	84 19
44	84 20
44	83 20
44	85 20
44	79 27
44	84 1
44	84 2
44	83 2
44	85 2
44	79 32
44	84 3
44	84 4
44	83 4
44	85 4
44	79 26
44	84 5
44	84 6
44	83 6
44	85 6
44	79 27
44	84 7
44	84 8
44	83 8
44	85 8
44	79 26
44	84 9
44	84 10
44	83 10
44	85 10
44	79 34
44	84 11
44	84 12
44	83 12
44	85 12
44	79 30
44	84 13
44	84 14
44	83 14
44	85 14
44	79 30
44	84 15
44	84 16
44	83 16
44	85 16
44	79 31
44	84 17
44	84 18
44	83 18
44	85 18
44	79 28
44	84 19
44	84 20
44	83 20
44	85 20
44	79 26
44	84 1
44	84 2
44	83 2
44	85 2
44	79 31
44	84 3
44	84 4
44	83 4
44	85 4
44	79 23
44	84 5
44	84 6
44	83 6
44	85 6
44	79 35
44	84 7
44	84 8
44	83 8
44	85 8
44	79 28
44	84 9
44	84 10
44	83 10
44	85 10
44	79 31
44	84 11
44	84 12
44	83 12
44	85 12
44	79 28
44	84 13
44	84 14
44	83 14
44	85 14
44	79 26
44	84 15
44	84 16
44	83 16
44	85 16
44	79 31
44	84 17
44	84 18
44	83 18
44	85 18
44	79 31
44	84 19
44	84 20
44	83 20
44	85 20
44	79 26
44	84 1
44	84 2
44	83 2
44	85 2
44	79 35
44	84 3
44	84 4
44	83 4
44	85 4
44	79 33
44	84 5
44	84 6
44	83 6
44	85 6
44	79 29
44	84 7
44	84 8
44	83 8
44	85 8
44	79 29
44	84 9
44	84 10
44	83 10
44	85 10
44	79 31
44	84 11
44	84 12
44	83 12
44	85 12
44	79 24
44	84 13
44	84 14
44	83 14
44	85 14
44	79 29
44	84 15
44	84 16
44	83 16
44	85 16
44	79 25
44	84 17
44	84 18
44	83 18
44	85 18
44	79 30
44	84 19
44	84 20
44	83 20
44	85 20
44	79 32
44	84 1
44	84 2
44	83 2
44	85 2
44	79 26
44	84 3
44	84 4
44	83 4
44	85 4
44	79 31
44	84 5
44	84 6
44	83 6
44	85 6
44	79 30
44	84 7
44	84 8
44	83 8
44	85 8
44	79 26
44	84 9
44	84 10
44	83 10
44	85 10
44	79 26
44	84 11
44	84 12
44	83 12
44	85 12
44	79 27
44	84 13
44	84 14
44	83 14
44	85 14
44	79 34
44	84 15
44	84 16
44	83 16
44	85 16
44	79 30
44	84 17
44	84 18
44	83 18
44	85 18
44	79 26
44	84 19
44	84 20
44	83 20
44	85 20
44	79 25
44	84 1
44	84 2
44	83 2
44	85 2
44	79 25
44	84 3
44	84 4
44	83 4
44	85 4
44	79 29
44	84 5
44	84 6
44	83 6
44	85 6
44	79 32
44	84 7
44	84 8
44	83 8
44	85 8
44	79 34
44	84 9
44	84 10
44	83 10
44	85 10
44	79 32
44	84 11
44	84 12
44	83 12
44	85 12
44	79 30
44	84 13
44	84 14
44	83 14
44	85 14
44	79 33
44	84 15
44	84 16
44	83 16
44	85 16
44	79 29
44	84 17
44	84 18
44	83 18
44	85 18
44	79 26
44	84 19
44	84 20
44	83 20
44	85 20
44	79 30
44	84 1
44	84 2
44	83 2
44	85 2
44	79 27
44	84 3
44	84 4
44	83 4
44	85 4
44	79 33
44	84 5
44	84 6
44	83 6
44	85 6
44	79 35
44	84 7
44	84 8
44	83 8
44	85 8
44	79 29
44	84 9
44	84 10
44	83 10
44	85 10
44	79 27
44	84 11
44	84 12
44	83 12
44	85 12
44	79 29
44	84 13
44	84 14
44	83 14
44	85 14
44	79 31
44	84 15
44	84 16
44	83 16
44	85 16
44	79 27
44	84 17
44	84 18
44	83 18
44	85 18
44	79 30
44	84 19
44	84 20
44	83 20
44	85 20
44	79 28
44	84 1
44	84 2
44	83 2
44	85 2
44	79 23
44	84 3
44	84 4
44	83 4
44	85 4
44	79 23
44	84 5
44	84 6
44	83 6
44	85 6
44	79 27
44	84 7
44	84 8
44	83 8
44	85 8
44	79 28
44	84 9
44	84 10
44	83 10
44	85 10
44	79 24
44	84 11
44	84 12
44	83 12
44	85 12
44	79 28
44	84 13
44	84 14
44	83 14
44	85 14
44	79 32
44	84 15
44	84 16
44	83 16
44	85 16
44	79 30
44	84 17
44	84 18
44	83 18
44	85 18
44	79 29
44	84 19
44	84 20
44	83 20
44	85 20
44	79 34
44	84 1
44	84 2
44	83 2
44	85 2
44	79 28
44	84 3
44	84 4
44	83 4
44	85 4
44	79 25
44	84 5
44	84 6
44	83 6
44	85 6
44	79 32
44	84 7
44	84 8
44	83 8
44	85 8
44	79 29
44	84 9
44	84 10
44	83 10
44	85 10
44	79 26
44	84 11
44	84 12
44	83 12
44	85 12
44	79 30
44	84 13
44	84 14
44	83 14
44	85 14
44	79 24
44	84 15
44	84 16
44	83 16
44	85 16
44	79 29
44	84 17
44	84 18
44	83 18
44	85 18
44	79 25
44	84 19
44	84 20
44	83 20
44	85 20
44	79 25
44	84 1
44	84 2
44	83 2
44	85 2
44	79 31
44	84 3
44	84 4
44	83 4
44	85 4
44	79 26
44	84 5
44	84 6
44	83 6
44	85 6
44	79 23
44	84 7
44	84 8
44	83 8
44	85 8
44	79 31
44	84 9
44	84 10
44	TEST_NUMBER 0
44	SENT_TOTAL 250
44	RECEIVED_TOTAL 124
44	TIME_TOTAL 19616
44	RECEIVED_RADIO_1 124
44	RECEIVED_RADIO_2 0
44	SENT_RADIO_1 125
44	SENT_RADIO_2 124
44	RADIO_TIME_1 19763
44	RADIO_TIME_2 19763
44	RETRANSMISSIONS_1 0
44	RETRANSMISSIONS_2 0
44	DROPPED_1 0
44	DROPPED_2 0
44	MAX_QUEUE 1
44	DUPLICATED_1 0
44	DUPLICATED_2 0
44	EBUSY_RADIO_1 0
44	EBUSY_RADIO_2 0
44	83 0
44	85 10
44	86 0
44	84 1
44	84 2
44	83 2
44	85 2
44	79 31
44	84 3
44	84 4
44	83 4
44	85 4
44	79 34
44	84 5
44	84 6
44	83 6
44	85 6
44	79 26
44	84 7
44	84 8
44	83 8
44	85 8
44	79 25
44	84 9
44	84 10
44	83 10
44	85 10
44	79 28
44	84 11
44	84 12
44	83 12
44	85 12
44	79 28
44	84 13
44	84 14
44	83 14
44	85 14
44	79 33
44	84 15
44	84 16
44	83 16
44	85 16
44	79 29
44	84 17
44	84 18
44	83 18
44	85 18
44	79 30
44	84 19
44	84 20
44	83 20
44	85 20
44	79 33
44	84 1
44	84 2
44	83 2
44	85 2
44	79 29
44	84 3
44	84 4
44	83 4
44	85 4
44	79 34
44	84 5
44	84 6
44	83 6
44	85 6
44	79 32
44	84 7
44	84 8
44	83 8
44	85 8
44	79 25
44	84 9
44	84 10
44	83 10
44	85 10
44	79 30
44	84 11
44	84 12
44	83 12
44	85 12
44	79 24
44	84 13
44	84 14
44	83 14
44	85 14
44	79 26
44	84 15
44	84 16
44	83 16
44	85 16
44	79 27
44	84 17
44	84 18
44	83 18
44	85 18
44	79 28
44	84 19
44	84 20
44	83 20
44	85 20
44	79 23
44	84 1
44	84 2
44	83 2
44	85 2
44	79 31
44	84 3
44	84 4
44	83 4
44	85 4
44	79 24
44	84 5
44	84 6
44	83 6
44	85 6
44	79 24
44	84 7
44	84 8
44	83 8
44	85 8
44	79 27
44	84 9
44	84 10
44	83 10
44	85 10
44	79 25
44	84 11
44	84 12
44	83 12
44	85 12
44	79 32
44	84 13
44	84 14
44	83 14
44	85 14
44	79 31
44	84 15
44	84 16
44	83 16
44	85 16
44	79 25
44	84 17
44	84 18
44	83 18
44	85 18
44	79 23
44	84 19
44	84 20
44	83 20
44	85 20
44	79 31
44	84 1
44	84 2
44	83 2
44	85 2
44	79 26
44	84 3
44	84 4
44	83 4
44	85 4
44	79 27
44	84 5
44	84 6
44	83 6
44	85 6
44	79 28
44	84 7
44	84 8
44	83 8
44	85 8
44	79 32
44	84 9
44	84 10
44	83 10
44	85 10
44	79 26
44	84 11
44	84 12
44	83 12
44	85 12
44	79 27
44	84 13
44	84 14
44	83 14
44	85 14
44	79 30
44	84 15
44	84 16
44	83 16
44	85 16
44	79 27
44	84 17
44	84 18
44	83 18
44	85 18
44	79 29
44	84 19
44	84 20
44	83 20
44	85 20
44	79 33
44	84 1
44	84 2
44	83 2
44	85 2
44	79 30
44	84 3
44	84 4
44	83 4
44	85 4
44	79 30
44	84 5
44	84 6
44	83 6
44	85 6
44	79 28
44	84 7
44	84 8
44	83 8
44	85 8
44	79 28
44	84 9
44	84 10
44	83 10
44	85 10
44	79 28
44	84 11
44	84 12
44	83 12
44	85 12
44	79 30
44	84 13
44	84 14
44	83 14
44	85 14
44	79 23
44	84 15
44	84 16
44	83 16
44	85 16
44	79 34
44	84 17
44	84 18
44	83 18
44	85 18
44	79 25
44	84 19
44	84 20
44	83 20
44	85 20
44	79 29
44	84 1
44	84 2
44	83 2
44	85 2
44	79 32
44	84 3
44	84 4
44	83 4
44	85 4
44	79 34
44	84 5
44	84 6
44	83 6
44	85 6
44	79 24
44	84 7
44	84 8
44	83 8
44	85 8
44	79 31
44	84 9
44	84 10
44	83 10
44	85 10
44	79 28
44	84 11
44	84 12
44	83 12
44	85 12
44	79 28
44	84 13
44	84 14
44	83 14
44	85 14
44	79 28
44	84 15
44	84 16
44	83 16
44	85 16
44	79 28
44	84 17
44	84 18
44	83 18
44	85 18
44	79 28
44	84 19
44	84 20
44	83 20
44	85 20
44	79 32
44	84 1
44	84 2
44	83 2
44	85 2
44	79 23
44	84 3
44	84 4
44	83 4
44	85 4
44	79 25
44	84 5
44	84 6
44	83 6
44	85 6
44	79 30
44	84 7
44	84 8
44	83 8
44	85 8
44	79 29
44	84 9
44	84 10
44	83 10
44	85 10
44	79 32
44	84 11
44	84 12
44	83 12
44	85 12
44	79 24
44	84 13
44	84 14
44	83 14
44	85 14
44	79 30
44	84 15
44	84 16
44	83 16
44	85 16
44	79 26
44	84 17
44	84 18
44	83 18
44	85 18
44	79 34
44	84 19
44	84 20
44	83 20
44	85 20
44	79 24
44	84 1
44	84 2
44	83 2
44	85 2
44	79 26
44	84 3
44	84 4
44	83 4
44	85 4
44	79 29
44	84 5
44	84 6
44	83 6
44	85 6
44	79 29
44	84 7
44	84 8
44	83 8
44	85 8
44	79 31
44	84 9
44	84 10
44	83 10
44	85 10
44	79 30
44	84 11
44	84 12
44	83 12
44	85 12
44	79 31
44	84 13
44	84 14
44	83 14
44	85 14
44	79 28
44	84 15
44	84 16
44	83 16
44	85 16
44	79 32
44	84 17
44	84 18
44	83 18
44	85 18
44	79 26
44	84 19
44	84 20
44	83 20
44	85 20
44	79 35
44	84 1
44	84 2
44	83 2
44	85 2
44	79 25
44	84 3
44	84 4
44	83 4
44	85 4
44	79 32
44	84 5
44	84 6
44	83 6
44	85 6
44	79 30
44	84 7
44	84 8
44	83 8
44	85 8
44	79 30
44	84 9
44	84 10
44	83 10
44	85 10
44	79 26
44	84 11
44	84 12
44	83 12
44	85 12
44	79 27
44	84 13
44	84 14
44	83 14
44	85 14
44	79 27
44	84 15
44	84 16
44	83 16
44	85 16
44	79 30
44	84 17
44	84 18
44	83 18
44	85 18
44	79 34
44	84 19
44	84 20
44	83 20
44	85 20
44	79 30
44	84 1
44	84 2
44	83 2
44	85 2
44	79 30
44	84 3
44	84 4
44	83 4
44	85 4
44	79 28
44	84 5
44	84 6
44	83 6
44	85 6
44	79 32
44	84 7
44	84 8
44	83 8
44	85 8
44	79 29
44	84 9
44	84 10
44	83 10
44	85 10
44	79 28
44	84 11
44	84 12
44	83 12
44	85 12
44	79 30
44	84 13
44	84 14
44	83 14
44	85 14
44	79 29
44	84 15
44	84 16
44	83 16
44	85 16
44	79 34
44	84 17
44	84 18
44	83 18
44	85 18
44	79 27
44	84 19
44	84 20
44	83 20
44	85 20
44	79 25
44	84 1
44	84 2
44	83 2
44	85 2
44	79 29
44	84 3
44	84 4
44	83 4
44	85 4
44	79 27
44	84 5
44	84 6
44	83 6
44	85 6
44	79 30
44	84 7
44	84 8
44	83 8
44	85 8
44	79 27
44	84 9
44	84 10
44	83 10
44	85 10
44	79 33
44	84 11
44	84 12
44	83 12
44	85 12
44	79 28
44	84 13
44	84 14
44	83 14
44	85 14
44	79 29
44	84 15
44	84 16
44	83 16
44	85 16
44	79 25
44	84 17
44	84 18
44	83 18
44	85 18
44	79 32
44	84 19
44	84 20
44	83 20
44	85 20
44	79 26
44	84 1
44	84 2
44	83 2
44	85 2
44	79 25
44	84 3
44	84 4
44	83 4
44	85 4
44	79 25
44	84 5
44	84 6
44	83 6
44	85 6
44	79 31
44	84 7
44	84 8
44	83 8
44	85 8
44	79 27
44	84 9
44	84 10
44	83 10
44	85 10
44	79 27
44	84 11
44	84 12
44	83 12
44	85 12
44	79 34
44	84 13
44	84 14
44	83 14
44	85 14
44	79 29
44	84 15
44	84 16
44	83 16
44	85 16
44	79 28
44	84 17
44	84 18
44	83 18
44	85 18
44	79 26
44	84 19
44	84 20
44	83 20
44	85 20
44	79 30
44	84 1
44	84 2
44	83 2
44	85 2
44	79 33
44	84 3
44	84 4
44	83 4
44	85 4
44	79 30
44	84 5
44	84 6
44	83 6
44	85 6
44	79 23
44	84 7
44	84 8
44	83 8
44	85 8
44	79 27
44	84 9
44	84 10
44	TEST_NUMBER 1
44	SENT_TOTAL 250
44	RECEIVED_TOTAL 124
44	TIME_TOTAL 29722
44	RECEIVED_RADIO_1 125
44	RECEIVED_RADIO_2 0
44	SENT_RADIO_1 125
44	SENT_RADIO_2 125
44	RADIO_TIME_1 29775
44	RADIO_TIME_2 19763
44	RETRANSMISSIONS_1 0
44	RETRANSMISSIONS_2 0
44	DROPPED_1 0
44	DROPPED_2 0
44	MAX_QUEUE 1
44	DUPLICATED_1 0
44	DUPLICATED_2 0
44	EBUSY_RADIO_1 0
44	EBUSY_RADIO_2 0
44	83 0
44	85 10
44	86 1
44	84 1
44	84 2
44	83 2
44	85 2
44	79 33
44	84 3
44	84 4
44	83 4
44	85 4
44	79 30
44	84 5
44	84 6
44	83 6
44	85 6
44	79 30
44	84 7
44	84 8
44	83 8
44	85 8
44	79 29
44	84 9
44	84 10
44	83 10
44	85 10
44	79 25
44	84 11
44	84 12
44	83 12
44	85 12
44	79 27
44	84 13
44	84 14
44	83 14
44	85 14
44	79 24
44	84 15
44	84 16
44	83 16
44	85 16
44	79 31
44	84 17
44	84 18
44	83 18
44	85 18
44	79 30
44	84 19
44	84 20
44	83 20
44	85 20
44	79 30
44	84 1
44	84 2
44	83 2
44	85 2
44	79 32
44	84 3
44	84 4
44	83 4
44	85 4
44	79 31
44	84 5
44	84 6
44	83 6
44	85 6
44	79 31
44	84 7
44	84 8
44	83 8
44	85 8
44	79 25
44	84 9
44	84 10
44	83 10
44	85 10
44	79 31
44	84 11
44	84 12
44	83 12
44	85 12
44	79 32
44	84 13
44	84 14
44	83 14
44	85 14
44	79 30
44	84 15
44	84 16
44	83 16
44	85 16
44	79 27
44	84 17
44	84 18
44	83 18
44	85 18
44	79 30
44	84 19
44	84 20
44	83 20
44	85 20
44	79 26
44	84 1
44	84 2
44	83 2
44	85 2
44	79 27
44	84 3
44	84 4
44	83 4
44	85 4
44	79 29
44	84 5
44	84 6
44	83 6
44	85 6
44	79 31
44	84 7
44	84 8
44	83 8
44	85 8
44	79 34
44	84 9
44	84 10
44	83 10
44	85 10
44	79 30
44	84 11
44	84 12
44	83 12
44	85 12
44	79 32
44	84 13
44	84 14
44	83 14
44	85 14
44	79 33
44	84 15
44	84 16
44	83 16
44	85 16
44	79 25
44	84 17
44	84 18
44	83 18
44	85 18
44	79 31
44	84 19
44	84 20
44	83 20
44	85 20
44	79 27
44	84 1
44	84 2
44	83 2
44	85 2
44	79 28
44	84 3
44	84 4
44	83 4
44	85 4
44	79 27
44	84 5
44	84 6
44	83 6
44	85 6
44	79 30
44	84 7
44	84 8
44	83 8
44	85 8
44	79 35
44	84 9
44	84 10
44	83 10
44	85 10
44	79 30
44	84 11
44	84 12
44	83 12
44	85 12
44	79 32
44	84 13
44	84 14
44	83 14
44	85 14
44	79 23
44	84 15
44	84 16
44	83 16
44	85 16
44	79 30
44	84 17
44	84 18
44	83 18
44	85 18
44	79 28
44	84 19
44	84 20
44	83 20
44	85 20
44	79 27
44	84 1
44	84 2
44	83 2
44	85 2
44	79 24
44	84 3
44	84 4
44	83 4
44	85 4
44	79 32
44	84 5
44	84 6
44	83 6
44	85 6
44	79 27
44	84 7
44	84 8
44	83 8
44	85 8
44	79 22
44	84 9
44	84 10
44	83 10
44	85 10
44	79 28
44	84 11
44	84 12
44	83 12
44	85 12
44	79 30
44	84 13
44	84 14
44	83 14
44	85 14
44	79 26
44	84 15
44	84 16
44	83 16
44	85 16
44	79 29
44	84 17
44	84 18
44	83 18
44	85 18
44	79 29
44	84 19
44	84 20
44	83 20
44	85 20
44	79 29
44	84 1
44	84 2
44	83 2
44	85 2
44	79 31
44	84 3
44	84 4
44	83 4
44	85 4
44	79 24
44	84 5
44	84 6
44	83 6
44	85 6
44	79 26
44	84 7
44	84 8
44	83 8
44	85 8
44	79 35
44	84 9
44	84 10
44	83 10
44	85 10
44	79 27
44	84 11
44	84 12
44	83 12
44	85 12
44	79 30
44	84 13
44	84 14
44	83 14
44	85 14
44	79 28
44	84 15
44	84 16
44	83 16
44	85 16
44	79 30
44	84 17
44	84 18
44	83 18
44	85 18
44	79 26
44	84 19
44	84 20
44	83 20
44	85 20
44	79 30
44	84 1
44	84 2
44	83 2
44	85 2
44	79 28
44	84 3
44	84 4
44	83 4
44	85 4
44	79 24
44	84 5
44	84 6
44	83 6
44	85 6
44	79 29
44	84 7
44	84 8
44	83 8
44	85 8
44	79 34
44	84 9
44	84 10
44	83 10
44	85 10
44	79 31
44	84 11
44	84 12
44	83 12
44	85 12
44	79 29
44	84 13
44	84 14
44	83 14
44	85 14
44	79 31
44	84 15
44	84 16
44	83 16
44	85 16
44	79 33
44	84 17
44	84 18
44	83 18
44	85 18
44	79 32
44	84 19
44	84 20
44	83 20
44	85 20
44	79 24
44	84 1
44	84 2
44	83 2
44	85 2
44	79 29
44	84 3
44	84 4
44	83 4
44	85 4
44	79 31
44	84 5
44	84 6
44	83 6
44	85 6
44	79 28
44	84 7
44	84 8
44	83 8
44	85 8
44	79 30
44	84 9
44	84 10
44	83 10
44	85 10
44	79 29
44	84 11
44	84 12
44	83 12
44	85 12
44	79 26
44	84 13
44	84 14
44	83 14
44	85 14
44	79 23
44	84 15
44	84 16
44	83 16
44	85 16
44	79 30
44	84 17
44	84 18
44	83 18
44	85 18
44	79 31
44	84 19
44	84 20
44	83 20
44	85 20
44	79 26
44	84 1
44	84 2
44	83 2
44	85 2
44	79 29
44	84 3
44	84 4
44	83 4
44	85 4
44	79 28
44	84 5
44	84 6
44	83 6
44	85 6
44	79 34
44	84 7
44	84 8
44	83 8
44	85 8
44	79 28
44	84 9
44	84 10
44	83 10
44	85 10
44	79 28
44	84 11
44	84 12
44	83 12
44	85 12
44	79 30
44	84 13
44	84 14
44	83 14
44	85 14
44	79 37
44	84 15
44	84 16
44	83 16
44	85 16
44	79 31
44	84 17
44	84 18
44	83 18
44	85 18
44	79 33
44	84 19
44	84 20
44	83 20
44	85 20
44	79 27
44	84 1
44	84 2
44	83 2
44	85 2
44	79 32
44	84 3
44	84 4
44	83 4
44	85 4
44	79 24
44	84 5
44	84 6
44	83 6
44	85 6
44	79 27
44	84 7
44	84 8
44	83 8
44	85 8
44	79 31
44	84 9
44	84 10
44	83 10
44	85 10
44	79 28
44	84 11
44	84 12
44	83 12
44	85 12
44	79 27
44	84 13
44	84 14
44	83 14
44	85 14
44	79 30
44	84 15
44	84 16
44	83 16
44	85 16
44	79 23
44	84 17
44	84 18
44	83 18
44	85 18
44	79 28
44	84 19
44	84 20
44	83 20
44	85 20
44	79 28
44	84 1
44	84 2
44	83 2
44	85 2
44	79 27
44	84 3
44	84 4
44	83 4
44	85 4
44	79 30
44	84 5
44	84 6
44	83 6
44	85 6
44	79 29
44	84 7
44	84 8
44	83 8
44	85 8
44	79 30
44	84 9
44	84 10
44	83 10
44	85 10
44	79 31
44	84 11
44	84 12
44	83 12
44	85 12
44	79 26
44	84 13
44	84 14
44	83 14
44	85 14
44	79 34
44	84 15
44	84 16
44	83 16
44	85 16
44	79 27
44	84 17
44	84 18
44	83 18
44	85 18
44	79 30
44	84 19
44	84 20
44	83 20
44	85 20
44	79 32
44	84 1
44	84 2
44	83 2
44	85 2
44	79 32
44	84 3
44	84 4
44	83 4
44	85 4
44	79 25
44	84 5
44	84 6
44	83 6
44	85 6
44	79 27
44	84 7
44	84 8
44	83 8
44	85 8
44	79 31
44	84 9
44	84 10
44	83 10
44	85 10
44	79 34
44	84 11
44	84 12
44	83 12
44	85 12
44	79 25
44	84 13
44	84 14
44	83 14
44	85 14
44	79 29
44	84 15
44	84 16
44	83 16
44	85 16
44	79 28
44	84 17
44	84 18
44	83 18
44	85 18
44	79 23
44	84 19
44	84 20
44	83 20
44	85 20
44	79 31
44	84 1
44	84 2
44	83 2
44	85 2
44	79 26
44	84 3
44	84 4
44	83 4
44	85 4
44	79 26
44	84 5
44	84 6
44	83 6
44	85 6
44	79 29
44	84 7
44	84 8
44	83 8
44	85 8
44	79 31
44	84 9
44	84 10
44	TEST_NUMBER 2
44	SENT_TOTAL 250
44	RECEIVED_TOTAL 124
44	TIME_TOTAL 29731
44	RECEIVED_RADIO_1 125
44	RECEIVED_RADIO_2 0
44	SENT_RADIO_1 125
44	SENT_RADIO_2 125
44	RADIO_TIME_1 29780
44	RADIO_TIME_2 19763
44	RETRANSMISSIONS_1 0
44	RETRANSMISSIONS_2 0
44	DROPPED_1 0
44	DROPPED_2 0
44	MAX_QUEUE 1
44	DUPLICATED_1 0
44	DUPLICATED_2 0
44	EBUSY_RADIO_1 0
44	EBUSY_RADIO_2 0
44	83 0
44	85 10
44	86 2
44	84 1
44	84 2
44	83 2
44	85 2
44	79 29
44	84 3
44	84 4
44	83 4
44	85 4
44	79 29
44	84 5
44	84 6
44	83 6
44	85 6
44	79 29
44	84 7
44	84 8
44	83 8
44	85 8
44	79 32
44	84 9
44	84 10
44	83 10
44	85 10
44	79 31
44	84 11
44	84 12
44	83 12
44	85 12
44	79 30
44	84 13
44	84 14
44	83 14
44	85 14
44	79 28
44	84 15
44	84 16
44	83 16
44	85 16
44	79 33
44	84 17
44	84 18
44	83 18
44	85 18
44	79 28
44	84 19
44	84 20
44	83 20
44	85 20
44	79 28
44	84 1
44	84 2
44	83 2
44	85 2
44	79 30
44	84 3
44	84 4
44	83 4
44	85 4
44	79 34
44	84 5
44	84 6
44	83 6
44	85 6
44	79 28
44	84 7
44	84 8
44	83 8
44	85 8
44	79 27
44	84 9
44	84 10
44	83 10
44	85 10
44	79 24
44	84 11
44	84 12
44	83 12
44	85 12
44	79 29
44	84 13
44	84 14
44	83 14
44	85 14
44	79 29
44	84 15
44	84 16
44	83 16
44	85 16
44	79 26
44	84 17
44	84 18
44	83 18
44	85 18
44	79 28
44	84 19
44	84 20
44	83 20
44	85 20
44	79 28
44	84 1
44	84 2
44	83 2
44	85 2
44	79 29
44	84 3
44	84 4
44	83 4
44	85 4
44	79 32
44	84 5
44	84 6
44	83 6
44	85 6
44	79 28
44	84 7
44	84 8
44	83 8
44	85 8
44	79 29
44	84 9
44	84 10
44	83 10
44	85 10
44	79 32
44	84 11
44	84 12
44	83 12
44	85 12
44	79 34
44	84 13
44	84 14
44	83 14
44	85 14
44	79 26
44	84 15
44	84 16
44	83 16
44	85 16
44	79 31
44	84 17
44	84 18
44	83 18
44	85 18
44	79 30
44	84 19
44	84 20
44	83 20
44	85 20
44	79 33
44	84 1
44	84 2
44	83 2
44	85 2
44	79 36
44	84 3
44	84 4
44	83 4
44	85 4
44	79 32
44	84 5
44	84 6
44	83 6
44	85 6
44	79 31
44	84 7
44	84 8
44	83 8
44	85 8
44	79 27
44	84 9
44	84 10
44	83 10
44	85 10
44	79 28
44	84 11
44	84 12
44	83 12
44	85 12
44	79 30
44	84 13
44	84 14
44	83 14
44	85 14
44	79 28
44	84 15
44	84 16
44	83 16
44	85 16
44	79 33
44	84 17
44	84 18
44	83 18
44	85 18
44	79 21
44	84 19
44	84 20
44	83 20
44	85 20
44	79 24
44	84 1
44	84 2
44	83 2
44	85 2
44	79 27
44	84 3
44	84 4
44	83 4
44	85 4
44	79 28
44	84 5
44	84 6
44	83 6
44	85 6
44	79 28
44	84 7
44	84 8
44	83 8
44	85 8
44	79 28
44	84 9
44	84 10
44	83 10
44	85 10
44	79 32
44	84 11
44	84 12
44	83 12
44	85 12
44	79 28
44	84 13
44	84 14
44	83 14
44	85 14
44	79 27
44	84 15
44	84 16
44	83 16
44	85 16
44	79 26
44	84 17
44	84 18
44	83 18
44	85 18
44	79 28
44	84 19
44	84 20
44	83 20
44	85 20
44	79 29
44	84 1
44	84 2
44	83 2
44	85 2
44	79 28
44	84 3
44	84 4
44	83 4
44	85 4
44	79 27
44	84 5
44	84 6
44	83 6
44	85 6
44	79 33
44	84 7
44	84 8
44	83 8
44	85 8
44	79 26
44	84 9
44	84 10
44	83 10
44	85 10
44	79 30
44	84 11
44	84 12
44	83 12
44	85 12
44	79 28
44	84 13
44	84 14
44	83 14
44	85 14
44	79 29
44	84 15
44	84 16
44	83 16
44	85 16
44	79 25
44	84 17
44	84 18
44	83 18
44	85 18
44	79 31
44	84 19
44	84 20
44	83 20
44	85 20
44	79 31
44	84 1
44	84 2
44	83 2
44	85 2
44	79 29
44	84 3
44	84 4
44	83 4
44	85 4
44	79 30
44	84 5
44	84 6
44	83 6
44	85 6
44	79 24
44	84 7
44	84 8
44	83 8
44	85 8
44	79 29
44	84 9
44	84 10
44	83 10
44	85 10
44	79 28
44	84 11
44	84 12
44	83 12
44	85 12
44	79 30
44	84 13
44	84 14
44	83 14
44	85 14
44	79 30
44	84 15
44	84 16
44	83 16
44	85 16
44	79 29
44	84 17
44	84 18
44	83 18
44	85 18
44	79 30
44	84 19
44	84 20
44	83 20
44	85 20
44	79 31
44	84 1
44	84 2
44	83 2
44	85 2
44	79 29
44	84 3
44	84 4
44	83 4
44	85 4
44	79 27
44	84 5
44	84 6
44	83 6
44	85 6
44	79 31
44	84 7
44	84 8
44	83 8
44	85 8
44	79 30
44	84 9
44	84 10
44	83 10
44	85 10
44	79 25
44	84 11
44	84 12
44	83 12
44	85 12
44	79 34
44	84 13
44	84 14
44	83 14
44	85 14
44	79 30
44	84 15
44	84 16
44	83 16
44	85 16
44	79 22
44	84 17
44	84 18
44	83 18
44	85 18
44	79 31
44	84 19
44	84 20
44	83 20
44	85 20
44	79 28
44	84 1
44	84 2
44	83 2
44	85 2
44	79 27
44	84 3
44	84 4
44	83 4
44	85 4
44	79 26
44	84 5
44	84 6
44	83 6
44	85 6
44	79 29
44	84 7
44	84 8
44	83 8
44	85 8
44	79 27
44	84 9
44	84 10
44	83 10
44	85 10
44	79 29
44	84 11
44	84 12
44	83 12
44	85 12
44	79 26
44	84 13
44	84 14
44	83 14
44	85 14
44	79 31
44	84 15
44	84 16
44	83 16
44	85 16
44	79 33
44	84 17
44	84 18
44	83 18
44	85 18
44	79 32
44	84 19
44	84 20
44	83 20
44	85 20
44	79 35
44	84 1
44	84 2
44	83 2
44	85 2
44	79 27
44	84 3
44	84 4
44	83 4
44	85 4
44	79 27
44	84 5
44	84 6
44	83 6
44	85 6
44	79 26
44	84 7
44	84 8
44	83 8
44	85 8
44	79 28
44	84 9
44	84 10
44	83 10
44	85 10
44	79 25
44	84 11
44	84 12
44	83 12
44	85 12
44	79 30
44	84 13
44	84 14
44	83 14
44	85 14
44	79 28
44	84 15
44	84 16
44	83 16
44	85 16
44	79 25
44	84 17
44	84 18
44	83 18
44	85 18
44	79 29
44	84 19
44	84 20
44	83 20
44	85 20
44	79 32
44	84 1
44	84 2
44	83 2
44	85 2
44	79 28
44	84 3
44	84 4
44	83 4
44	85 4
44	79 29
44	84 5
44	84 6
44	83 6
44	85 6
44	79 25
44	84 7
44	84 8
44	83 8
44	85 8
44	79 29
44	84 9
44	84 10
44	83 10
44	85 10
44	79 29
44	84 11
44	84 12
44	83 12
44	85 12
44	79 27
44	84 13
44	84 14
44	83 14
44	85 14
44	79 22
44	84 15
44	84 16
44	83 16
44	85 16
44	79 25
44	84 17
44	84 18
44	83 18
44	85 18
44	79 31
44	84 19
44	84 20
44	83 20
44	85 20
44	79 29
44	84 1
44	84 2
44	83 2
44	85 2
44	79 27
44	84 3
44	84 4
44	83 4
44	85 4
44	79 27
44	84 5
44	84 6
44	83 6
44	85 6
44	79 28
44	84 7
44	84 8
44	83 8
44	85 8
44	79 25
44	84 9
44	84 10
44	83 10
44	85 10
44	79 32
44	84 11
44	84 12
44	83 12
44	85 12
44	79 30
44	84 13
44	84 14
44	83 14
44	85 14
44	79 30
44	84 15
44	84 16
44	83 16
44	85 16
44	79 26
44	84 17
44	84 18
44	83 18
44	85 18
44	79 30
44	84 19
44	84 20
44	83 20
44	85 20
44	79 28
44	84 1
44	84 2
44	83 2
44	85 2
44	79 30
44	84 3
44	84 4
44	83 4
44	85 4
44	79 31
44	84 5
44	84 6
44	83 6
44	85 6
44	79 27
44	84 7
44	84 8
44	83 8
44	85 8
44	79 29
44	84 9
44	84 10
44	TEST_NUMBER 3
44	SENT_TOTAL 250
44	RECEIVED_TOTAL 124
44	TIME_TOTAL 29725
44	RECEIVED_RADIO_1 125
44	RECEIVED_RADIO_2 0
44	SENT_RADIO_1 125
44	SENT_RADIO_2 125
44	RADIO_TIME_1 29776
44	RADIO_TIME_2 19763
44	RETRANSMISSIONS_1 0
44	RETRANSMISSIONS_2 0
44	DROPPED_1 0
44	DROPPED_2 0
44	MAX_QUEUE 1
44	DUPLICATED_1 0
44	DUPLICATED_2 0
44	EBUSY_RADIO_1 0
44	EBUSY_RADIO_2 0
44	83 0
44	85 10
44	86 3
44	84 1
44	84 2
44	83 2
44	85 2
44	79 31
44	84 3
44	84 4
44	83 4
44	85 4
44	79 29
44	84 5
44	84 6
44	83 6
44	85 6
44	79 28
44	84 7
44	84 8
44	83 8
44	85 8
44	79 29
44	84 9
44	84 10
44	83 10
44	85 10
44	79 29
44	84 11
44	84 12
44	83 12
44	85 12
44	79 31
44	84 13
44	84 14
44	83 14
44	85 14
44	79 31
44	84 15
44	84 16
44	83 16
44	85 16
44	79 32
44	84 17
44	84 18
44	83 18
44	85 18
44	79 30
44	84 19
44	84 20
44	83 20
44	85 20
44	79 32
44	84 1
44	84 2
44	84 3
44	83 3
44	85 3
44	79 23
44	84 4
44	84 5
44	83 5
44	85 5
44	79 31
44	84 6
44	84 7
44	83 7
44	85 7
44	79 35
44	84 8
44	84 9
44	83 9
44	85 9
44	79 34
44	84 10
44	84 11
44	83 11
44	85 11
44	79 27
44	84 12
44	84 13
44	84 14
44	83 14
44	85 14
44	79 28
44	84 15
44	84 16
44	83 16
44	85 16
44	79 30
44	84 17
44	84 18
44	83 18
44	85 18
44	79 29
44	84 19
44	84 20
44	83 20
44	85 20
44	79 25
44	84 1
44	84 2
44	83 2
44	85 2
44	79 27
44	84 3
44	84 4
44	83 4
44	85 4
44	79 30
44	84 5
44	84 6
44	83 6
44	85 6
44	79 28
44	84 7
44	84 8
44	84 9
44	83 9
44	85 9
44	79 26
44	84 10
44	84 11
44	83 11
44	85 11
44	79 29
44	84 12
44	84 13
44	83 13
44	85 13
44	79 24
44	84 14
44	84 15
44	83 15
44	85 15
44	79 26
44	84 16
44	84 17
44	83 17
44	85 17
44	79 29
44	84 18
44	84 19
44	83 19
44	85 19
44	79 26
44	84 20
44	84 1
44	83 1
44	85 1
44	79 33
44	84 2
44	84 3
44	84 4
44	84 5
44	83 5
44	85 5
44	79 27
44	84 6
44	84 7
44	83 7
44	85 7
44	79 35
44	84 8
44	84 9
44	84 10
44	84 11
44	83 11
44	85 11
44	79 32
44	84 12
44	84 13
44	84 14
44	83 14
44	85 14
44	79 28
44	84 15
44	84 16
44	83 16
44	85 16
44	79 30
44	84 17
44	84 18
44	83 18
44	85 18
44	79 26
44	84 19
44	84 20
44	83 20
44	85 20
44	79 28
44	84 1
44	84 2
44	83 2
44	85 2
44	79 27
44	84 3
44	84 4
44	84 5
44	83 5
44	85 5
44	79 36
44	84 6
44	84 7
44	83 7
44	85 7
44	79 30
44	84 8
44	84 9
44	83 9
44	85 9
44	79 30
44	84 10
44	84 11
44	83 11
44	85 11
44	79 27
44	84 12
44	84 13
44	83 13
44	85 13
44	79 29
44	84 14
44	84 15
44	83 15
44	85 15
44	79 29
44	84 16
44	84 17
44	83 17
44	85 17
44	79 30
44	84 18
44	84 19
44	83 19
44	85 19
44	79 30
44	84 20
44	84 1
44	83 1
44	85 1
44	79 32
44	84 2
44	84 3
44	83 3
44	85 3
44	79 30
44	84 4
44	84 5
44	83 5
44	85 5
44	79 24
44	84 6
44	84 7
44	83 7
44	85 7
44	79 27
44	84 8
44	84 9
44	83 9
44	85 9
44	79 33
44	84 10
44	84 11
44	83 11
44	85 11
44	79 30
44	84 12
44	84 13
44	83 13
44	85 13
44	79 23
44	84 14
44	84 15
44	83 15
44	85 15
44	79 25
44	84 16
44	84 17
44	83 17
44	85 17
44	79 34
44	84 18
44	84 19
44	83 19
44	85 19
44	79 28
44	84 20
44	84 1
44	83 1
44	85 1
44	79 34
44	84 2
44	84 3
44	83 3
44	85 3
44	79 33
44	84 4
44	84 5
44	83 5
44	85 5
44	79 31
44	84 6
44	84 7
44	83 7
44	85 7
44	79 28
44	84 8
44	84 9
44	83 9
44	85 9
44	79 27
44	84 10
44	84 11
44	83 11
44	85 11
44	79 31
44	84 12
44	84 13
44	83 13
44	85 13
44	79 34
44	84 14
44	84 15
44	84 16
44	83 16
44	85 16
44	79 31
44	84 17
44	84 18
44	83 18
44	85 18
44	79 27
44	84 19
44	84 20
44	83 20
44	85 20
44	79 26
44	84 1
44	84 2
44	83 2
44	85 2
44	79 30
44	84 3
44	84 4
44	83 4
44	85 4
44	79 30
44	84 5
44	84 6
44	83 6
44	85 6
44	79 34
44	84 7
44	84 8
44	83 8
44	85 8
44	79 26
44	84 9
44	84 10
44	83 10
44	85 10
44	79 27
44	84 11
44	84 12
44	83 12
44	85 12
44	79 27
44	84 13
44	84 14
44	83 14
44	85 14
44	79 29
44	84 15
44	84 16
44	83 16
44	85 16
44	79 27
44	84 17
44	84 18
44	83 18
44	85 18
44	79 30
44	84 19
44	84 20
44	83 20
44	85 20
44	79 28
44	84 1
44	84 2
44	83 2
44	85 2
44	79 32
44	84 3
44	84 4
44	84 5
44	83 5
44	85 5
44	79 28
44	84 6
44	84 7
44	83 7
44	85 7
44	79 25
44	84 8
44	84 9
44	83 9
44	85 9
44	79 28
44	84 10
44	84 11
44	83 11
44	85 11
44	79 29
44	84 12
44	84 13
44	83 13
44	85 13
44	79 28
44	84 14
44	84 15
44	83 15
44	85 15
44	79 26
44	84 16
44	84 17
44	83 17
44	85 17
44	79 34
44	84 18
44	84 19
44	83 19
44	85 19
44	79 26
44	84 20
44	84 1
44	83 1
44	85 1
44	79 30
44	84 2
44	84 3
44	83 3
44	85 3
44	79 28
44	84 4
44	84 5
44	83 5
44	85 5
44	79 23
44	84 6
44	84 7
44	83 7
44	85 7
44	79 30
44	84 8
44	84 9
44	83 9
44	85 9
44	79 32
44	84 10
44	84 11
44	83 11
44	85 11
44	79 30
44	84 12
44	84 13
44	83 13
44	85 13
44	79 36
44	84 14
44	84 15
44	83 15
44	85 15
44	79 31
44	84 16
44	84 17
44	83 17
44	85 17
44	79 29
44	84 18
44	84 19
44	83 19
44	85 19
44	79 27
44	84 20
44	84 1
44	83 1
44	85 1
44	79 27
44	84 2
44	84 3
44	83 3
44	85 3
44	79 30
44	84 4
44	84 5
44	83 5
44	85 5
44	79 29
44	84 6
44	84 7
44	83 7
44	85 7
44	79 37
44	84 8
44	84 9
44	83 9
44	85 9
44	79 33
44	84 10
44	84 11
44	83 11
44	85 11
44	79 26
44	84 12
44	84 13
44	83 13
44	85 13
44	79 34
44	84 14
44	84 15
44	83 15
44	85 15
44	79 29
44	84 16
44	84 17
44	83 17
44	85 17
44	79 28
44	84 18
44	84 19
44	83 19
44	85 19
44	79 28
44	84 20
44	84 1
44	83 1
44	85 1
44	79 27
44	84 2
44	84 3
44	83 3
44	85 3
44	79 29
44	84 4
44	84 5
44	83 5
44	85 5
44	79 28
44	84 6
44	84 7
44	83 7
44	85 7
44	79 28
44	84 8
44	84 9
44	83 9
44	85 9
44	79 32
44	84 10
44	84 11
44	83 11
44	85 11
44	79 32
44	84 12
44	84 13
44	83 13
44	85 13
44	79 30
44	84 14
44	84 15
44	83 15
44	85 15
44	79 28
44	84 16
44	84 17
44	83 17
44	85 17
44	79 27
44	84 18
44	84 19
44	83 19
44	85 19
44	79 29
44	84 20
44	84 1
44	83 1
44	85 1
44	79 29
44	84 2
44	84 3
44	83 3
44	85 3
44	79 30
44	84 4
44	84 5
44	83 5
44	85 5
44	79 29
44	84 6
44	84 7
44	83 7
44	85 7
44	79 29
44	84 8
44	84 9
44	83 9
44	85 9
44	79 35
44	84 10
44	TEST_NUMBER 4
44	SENT_TOTAL 250
44	RECEIVED_TOTAL 119
44	TIME_TOTAL 29808
44	RECEIVED_RADIO_1 120
44	RECEIVED_RADIO_2 0
44	SENT_RADIO_1 125
44	SENT_RADIO_2 125
44	RADIO_TIME_1 29808
44	RADIO_TIME_2 19763
44	RETRANSMISSIONS_1 0
44	RETRANSMISSIONS_2 0
44	DROPPED_1 0
44	DROPPED_2 0
44	MAX_QUEUE 1
44	DUPLICATED_1 0
44	DUPLICATED_2 0
44	EBUSY_RADIO_1 0
44	EBUSY_RADIO_2 0
44	84 1
44	84 2
44	83 2
44	85 2
44	79 29
44	84 3
44	84 4
44	83 4
44	85 4
44	79 28
44	84 5
44	84 6
44	83 6
44	85 6
44	79 29
44	84 7
44	84 8
44	83 8
44	85 8
44	79 33
44	84 9
44	84 10
44	83 10
44	85 10
44	79 22
44	84 11
44	84 12
44	83 12
44	85 12
44	79 30
44	84 13
44	84 14
44	83 14
44	85 14
44	79 25
44	84 15
44	84 16
44	83 16
44	85 16
44	79 31
44	84 17
44	84 18
44	83 18
44	85 18
44	79 29
44	84 19
44	84 20
44	83 20
44	85 20
44	79 26
44	84 1
44	84 2
44	83 2
44	85 2
44	79 25
44	84 3
44	84 4
44	83 4
44	85 4
44	79 30
44	84 5
44	84 6
44	83 6
44	85 6
44	79 28
44	84 7
44	84 8
44	83 8
44	85 8
44	79 30
44	84 9
44	84 10
44	83 10
44	85 10
44	79 27
44	84 11
44	84 12
44	83 12
44	85 12
44	79 30
44	84 13
44	84 14
44	83 14
44	85 14
44	79 28
44	84 15
44	84 16
44	83 16
44	85 16
44	79 30
44	84 17
44	84 18
44	83 18
44	85 18
44	79 25
44	84 19
44	84 20
44	83 20
44	85 20
44	79 28
44	84 1
44	84 2
44	83 2
44	85 2
44	79 24
44	84 3
44	84 4
44	83 4
44	85 4
44	79 33
44	84 5
44	84 6
44	83 6
44	85 6
44	79 33
44	84 7
44	84 8
44	83 8
44	85 8
44	79 33
44	84 9
44	84 10
44	83 10
44	85 10
44	79 27
44	84 11
44	84 12
44	83 12
44	85 12
44	79 26
44	84 13
44	84 14
44	83 14
44	85 14
44	79 33
44	84 15
44	84 16
44	83 16
44	85 16
44	79 27
44	84 17
44	84 18
44	83 18
44	85 18
44	79 35
44	84 19
44	84 20
44	83 20
44	85 20
44	79 25
44	84 1
44	84 2
44	83 2
44	85 2
44	79 27
44	84 3
44	84 4
44	83 4
44	85 4
44	79 29
44	84 5
44	84 6
44	83 6
44	85 6
44	79 33
44	84 7
44	84 8
44	83 8
44	85 8
44	79 34
44	84 9
44	84 10
44	83 10
44	85 10
44	79 32
44	84 11
44	84 12
44	83 12
44	85 12
44	79 28
44	84 13
44	84 14
44	83 14
44	85 14
44	79 26
44	84 15
44	84 16
44	83 16
44	85 16
44	79 36
44	84 17
44	84 18
44	83 18
44	85 18
44	79 24
44	84 19
44	84 20
44	83 20
44	85 20
44	79 24
44	84 1
44	84 2
44	83 2
44	85 2
44	79 24
44	84 3
44	84 4
44	83 4
44	85 4
44	79 24
44	84 5
44	84 6
44	83 6
44	85 6
44	79 30
44	84 7
44	84 8
44	83 8
44	85 8
44	79 22
44	84 9
44	84 10
44	83 10
44	85 10
44	79 22
44	84 11
44	84 12
44	83 12
44	85 12
44	79 28
44	84 13
44	84 14
44	83 14
44	85 14
44	79 34
44	84 15
44	84 16
44	83 16
44	85 16
44	79 30
44	84 17
44	84 18
44	83 18
44	85 18
44	79 32
44	84 19
44	84 20
44	83 20
44	85 20
44	79 36
44	84 1
44	84 2
44	83 2
44	85 2
44	79 32
44	84 3
44	84 4
44	83 4
44	85 4
44	79 24
44	84 5
44	84 6
44	83 6
44	85 6
44	79 23
44	84 7
44	84 8
44	83 8
44	85 8
44	79 31
44	84 9
44	84 10
44	83 10
44	85 10
44	79 29
44	84 11
44	84 12
44	83 12
44	85 12
44	79 29
44	84 13
44	84 14
44	83 14
44	85 14
44	79 27
44	84 15
44	84 16
44	83 16
44	85 16
44	79 26
44	84 17
44	84 18
44	83 18
44	85 18
44	79 25
44	84 19
44	84 20
44	83 20
44	85 20
44	79 25
44	84 1
44	84 2
44	83 2
44	85 2
44	79 29
44	84 3
44	84 4
44	83 4
44	85 4
44	79 26
44	84 5
44	84 6
44	83 6
44	85 6
44	79 31
44	84 7
44	84 8
44	83 8
44	85 8
44	79 27
44	84 9
44	84 10
44	83 10
44	85 10
44	79 31
44	84 11
44	84 12
44	83 12
44	85 12
44	79 28
44	84 13
44	84 14
44	83 14
44	85 14
44	79 30
44	84 15
44	84 16
44	83 16
44	85 16
44	79 32
44	84 17
44	84 18
44	83 18
44	85 18
44	79 33
44	84 19
44	84 20
44	83 20
44	85 20
44	79 35
44	84 1
44	84 2
44	83 2
44	85 2
44	79 32
44	84 3
44	84 4
44	83 4
44	85 4
44	79 27
44	84 5
44	84 6
44	83 6
44	85 6
44	79 25
44	84 7
44	84 8
44	83 8
44	85 8
44	79 25
44	84 9
44	84 10
44	83 10
44	85 10
44	79 30
44	84 11
44	84 12
44	83 12
44	85 12
44	79 24
44	84 13
44	84 14
44	83 14
44	85 14
44	79 28
44	84 15
44	84 16
44	83 16
44	85 16
44	79 26
44	84 17
44	84 18
44	83 18
44	85 18
44	79 25
44	84 19
44	84 20
44	83 20
44	85 20
44	79 30
44	84 1
44	84 2
44	83 2
44	85 2
44	79 34
44	84 3
44	84 4
44	83 4
44	85 4
44	79 32
44	84 5
44	84 6
44	83 6
44	85 6
44	79 30
44	84 7
44	84 8
44	83 8
44	85 8
44	79 25
44	84 9
44	84 10
44	83 10
44	85 10
44	79 29
44	84 11
44	84 12
44	83 12
44	85 12
44	79 32
44	84 13
44	84 14
44	83 14
44	85 14
44	79 28
44	84 15
44	84 16
44	83 16
44	85 16
44	79 34
44	84 17
44	84 18
44	83 18
44	85 18
44	79 25
44	84 19
44	84 20
44	83 20
44	85 20
44	79 33
44	84 1
44	84 2
44	83 2
44	85 2
44	79 30
44	84 3
44	84 4
44	83 4
44	85 4
44	79 30
44	84 5
44	84 6
44	83 6
44	85 6
44	79 37
44	84 7
44	84 8
44	83 8
44	85 8
44	79 31
44	84 9
44	84 10
44	83 10
44	85 10
44	79 32
44	84 11
44	84 12
44	83 12
44	85 12
44	79 26
44	84 13
44	84 14
44	83 14
44	85 14
44	79 32
44	84 15
44	84 16
44	83 16
44	85 16
44	79 32
44	84 17
44	84 18
44	83 18
44	85 18
44	79 31
44	84 19
44	84 20
44	83 20
44	85 20
44	79 31
44	84 1
44	84 2
44	83 2
44	85 2
44	79 29
44	84 3
44	84 4
44	83 4
44	85 4
44	79 35
44	84 5
44	84 6
44	83 6
44	85 6
44	79 24
44	84 7
44	84 8
44	83 8
44	85 8
44	79 27
44	84 9
44	84 10
44	83 10
44	85 10
44	79 33
44	84 11
44	84 12
44	83 12
44	85 12
44	79 33
44	84 13
44	84 14
44	83 14
44	85 14
44	79 31
44	84 15
44	84 16
44	83 16
44	85 16
44	79 29
44	84 17
44	84 18
44	83 18
44	85 18
44	79 31
44	84 19
44	84 20
44	83 20
44	85 20
44	79 25
44	84 1
44	84 2
44	83 2
44	85 2
44	79 26
44	84 3
44	84 4
44	83 4
44	85 4
44	79 32
44	84 5
44	84 6
44	83 6
44	85 6
44	79 25
44	84 7
44	84 8
44	83 8
44	85 8
44	79 32
44	84 9
44	84 10
44	83 10
44	85 10
44	79 29
44	84 11
44	84 12
44	83 12
44	85 12
44	79 27
44	84 13
44	84 14
44	83 14
44	85 14
44	79 26
44	84 15
44	84 16
44	83 16
44	85 16
44	79 24
44	84 17
44	84 18
44	83 18
44	85 18
44	79 28
44	84 19
44	84 20
44	83 20
44	85 20
44	79 34
44	84 1
44	84 2
44	83 2
44	85 2
44	79 34
44	84 3
44	84 4
44	83 4
44	85 4
44	79 27
44	84 5
44	84 6
44	83 6
44	85 6
44	79 25
44	84 7
44	84 8
44	83 8
44	85 8
44	79 30
44	84 9
44	84 10
44	TEST_NUMBER 5
44	SENT_TOTAL 250
44	RECEIVED_TOTAL 124
44	TIME_TOTAL 19605
44	RECEIVED_RADIO_1 124
44	RECEIVED_RADIO_2 0
44	SENT_RADIO_1 125
44	SENT_RADIO_2 125
44	RADIO_TIME_1 19763
44	RADIO_TIME_2 19763
44	RETRANSMISSIONS_1 0
44	RETRANSMISSIONS_2 0
44	DROPPED_1 0
44	DROPPED_2 0
44	MAX_QUEUE 1
44	DUPLICATED_1 0
44	DUPLICATED_2 0
44	EBUSY_RADIO_1 0
44	EBUSY_RADIO_2 0
44	83 0
44	85 10
44	86 5
44	84 1
44	84 2
44	83 2
44	85 2
44	79 34
44	84 3
44	84 4
44	83 4
44	85 4
44	79 29
44	84 5
44	84 6
44	83 6
44	85 6
44	79 22
44	84 7
44	84 8
44	83 8
44	85 8
44	79 36
44	84 9
44	84 10
44	83 10
44	85 10
44	79 32
44	84 11
44	84 12
44	83 12
44	85 12
44	79 28
44	84 13
44	84 14
44	83 14
44	85 14
44	79 32
44	84 15
44	84 16
44	83 16
44	85 16
44	79 29
44	84 17
44	84 18
44	83 18
44	85 18
44	79 29
44	84 19
44	84 20
44	83 20
44	85 20
44	79 27
44	84 1
44	84 2
44	83 2
44	85 2
44	79 23
44	84 3
44	84 4
44	83 4
44	85 4
44	79 26
44	84 5
44	84 6
44	83 6
44	85 6
44	79 28
44	84 7
44	84 8
44	83 8
44	85 8
44	79 32
44	84 9
44	84 10
44	83 10
44	85 10
44	79 36
44	84 11
44	84 12
44	83 12
44	85 12
44	79 28
44	84 13
44	84 14
44	83 14
44	85 14
44	79 24
44	84 15
44	84 16
44	83 16
44	85 16
44	79 29
44	84 17
44	84 18
44	83 18
44	85 18
44	79 29
44	84 19
44	84 20
44	83 20
44	85 20
44	79 34
44	84 1
44	84 2
44	83 2
44	85 2
44	79 31
44	84 3
44	84 4
44	83 4
44	85 4
44	79 28
44	84 5
44	84 6
44	83 6
44	85 6
44	79 26
44	84 7
44	84 8
44	83 8
44	85 8
44	79 33
44	84 9
44	84 10
44	83 10
44	85 10
44	79 30
44	84 11
44	84 12
44	83 12
44	85 12
44	79 25
44	84 13
44	84 14
44	83 14
44	85 14
44	79 24
44	84 15
44	84 16
44	83 16
44	85 16
44	79 29
44	84 17
44	84 18
44	83 18
44	85 18
44	79 30
44	84 19
44	84 20
44	83 20
44	85 20
44	79 32
44	84 1
44	84 2
44	83 2
44	85 2
44	79 31
44	84 3
44	84 4
44	83 4
44	85 4
44	79 30
44	84 5
44	84 6
44	83 6
44	85 6
44	79 28
44	84 7
44	84 8
44	83 8
44	85 8
44	79 29
44	84 9
44	84 10
44	83 10
44	85 10
44	79 26
44	84 11
44	84 12
44	83 12
44	85 12
44	79 26
44	84 13
44	84 14
44	83 14
44	85 14
44	79 33
44	84 15
44	84 16
44	83 16
44	85 16
44	79 34
44	84 17
44	84 18
44	83 18
44	85 18
44	79 24
44	84 19
44	84 20
44	83 20
44	85 20
44	79 32
44	84 1
44	84 2
44	83 2
44	85 2
44	79 33
44	84 3
44	84 4
44	83 4
44	85 4
44	79 27
44	84 5
44	84 6
44	83 6
44	85 6
44	79 29
44	84 7
44	84 8
44	83 8
44	85 8
44	79 30
44	84 9
44	84 10
44	83 10
44	85 10
44	79 35
44	84 11
44	84 12
44	83 12
44	85 12
44	79 28
44	84 13
44	84 14
44	83 14
44	85 14
44	79 26
44	84 15
44	84 16
44	83 16
44	85 16
44	79 25
44	84 17
44	84 18
44	83 18
44	85 18
44	79 31
44	84 19
44	84 20
44	83 20
44	85 20
44	79 23
44	84 1
44	84 2
44	83 2
44	85 2
44	79 31
44	84 3
44	84 4
44	83 4
44	85 4
44	79 29
44	84 5
44	84 6
44	83 6
44	85 6
44	79 31
44	84 7
44	84 8
44	83 8
44	85 8
44	79 29
44	84 9
44	84 10
44	83 10
44	85 10
44	79 32
44	84 11
44	84 12
44	83 12
44	85 12
44	79 28
44	84 13
44	84 14
44	83 14
44	85 14
44	79 28
44	84 15
44	84 16
44	83 16
44	85 16
44	79 26
44	84 17
44	84 18
44	83 18
44	85 18
44	79 29
44	84 19
44	84 20
44	83 20
44	85 20
44	79 29
44	84 1
44	84 2
44	83 2
44	85 2
44	79 31
44	84 3
44	84 4
44	83 4
44	85 4
44	79 28
44	84 5
44	84 6
44	83 6
44	85 6
44	79 29
44	84 7
44	84 8
44	83 8
44	85 8
44	79 30
44	84 9
44	84 10
44	83 10
44	85 10
44	79 30
44	84 11
44	84 12
44	83 12
44	85 12
44	79 29
44	84 13
44	84 14
44	83 14
44	85 14
44	79 29
44	84 15
44	84 16
44	83 16
44	85 16
44	79 33
44	84 17
44	84 18
44	83 18
44	85 18
44	79 27
44	84 19
44	84 20
44	83 20
44	85 20
44	79 24
44	84 1
44	84 2
44	83 2
44	85 2
44	79 28
44	84 3
44	84 4
44	83 4
44	85 4
44	79 29
44	84 5
44	84 6
44	83 6
44	85 6
44	79 26
44	84 7
44	84 8
44	83 8
44	85 8
44	79 30
44	84 9
44	84 10
44	83 10
44	85 10
44	79 22
44	84 11
44	84 12
44	83 12
44	85 12
44	79 26
44	84 13
44	84 14
44	83 14
44	85 14
44	79 32
44	84 15
44	84 16
44	83 16
44	85 16
44	79 27
44	84 17
44	84 18
44	83 18
44	85 18
44	79 30
44	84 19
44	84 20
44	83 20
44	85 20
44	79 30
44	84 1
44	84 2
44	83 2
44	85 2
44	79 31
44	84 3
44	84 4
44	83 4
44	85 4
44	79 27
44	84 5
44	84 6
44	83 6
44	85 6
44	79 31
44	84 7
44	84 8
44	83 8
44	85 8
44	79 31
44	84 9
44	84 10
44	83 10
44	85 10
44	79 30
44	84 11
44	84 12
44	83 12
44	85 12
44	79 25
44	84 13
44	84 14
44	83 14
44	85 14
44	79 30
44	84 15
44	84 16
44	83 16
44	85 16
44	79 27
44	84 17
44	84 18
44	83 18
44	85 18
44	79 31
44	84 19
44	84 20
44	83 20
44	85 20
44	79 27
44	84 1
44	84 2
44	83 2
44	85 2
44	79 31
44	84 3
44	84 4
44	83 4
44	85 4
44	79 32
44	84 5
44	84 6
44	83 6
44	85 6
44	79 34
44	84 7
44	84 8
44	83 8
44	85 8
44	79 25
44	84 9
44	84 10
44	83 10
44	85 10
44	79 31
44	84 11
44	84 12
44	83 12
44	85 12
44	79 25
44	84 13
44	84 14
44	83 14
44	85 14
44	79 34
44	84 15
44	84 16
44	83 16
44	85 16
44	79 28
44	84 17
44	84 18
44	83 18
44	85 18
44	79 30
44	84 19
44	84 20
44	83 20
44	85 20
44	79 29
44	84 1
44	84 2
44	83 2
44	85 2
44	79 27
44	84 3
44	84 4
44	83 4
44	85 4
44	79 29
44	84 5
44	84 6
44	83 6
44	85 6
44	79 28
44	84 7
44	84 8
44	83 8
44	85 8
44	79 22
44	84 9
44	84 10
44	83 10
44	85 10
44	79 29
44	84 11
44	84 12
44	83 12
44	85 12
44	79 25
44	84 13
44	84 14
44	83 14
44	85 14
44	79 31
44	84 15
44	84 16
44	83 16
44	85 16
44	79 31
44	84 17
44	84 18
44	83 18
44	85 18
44	79 33
44	84 19
44	84 20
44	83 20
44	85 20
44	79 27
44	84 1
44	84 2
44	83 2
44	85 2
44	79 25
44	84 3
44	84 4
44	83 4
44	85 4
44	79 34
44	84 5
44	84 6
44	83 6
44	85 6
44	79 24
44	84 7
44	84 8
44	83 8
44	85 8
44	79 29
44	84 9
44	84 10
44	83 10
44	85 10
44	79 28
44	84 11
44	84 12
44	83 12
44	85 12
44	79 31
44	84 13
44	84 14
44	83 14
44	85 14
44	79 29
44	84 15
44	84 16
44	83 16
44	85 16
44	79 27
44	84 17
44	84 18
44	83 18
44	85 18
44	79 33
44	84 19
44	84 20
44	83 20
44	85 20
44	79 28
44	84 1
44	84 2
44	83 2
44	85 2
44	79 30
44	84 3
44	84 4
44	83 4
44	85 4
44	79 25
44	84 5
44	84 6
44	83 6
44	85 6
44	79 31
44	84 7
44	84 8
44	83 8
44	85 8
44	79 28
44	84 9
44	84 10
44	TEST_NUMBER 6
44	SENT_TOTAL 250
44	RECEIVED_TOTAL 124
44	TIME_TOTAL 29721
44	RECEIVED_RADIO_1 125
44	RECEIVED_RADIO_2 0
44	SENT_RADIO_1 125
44	SENT_RADIO_2 125
44	RADIO_TIME_1 29773
44	RADIO_TIME_2 19763
44	RETRANSMISSIONS_1 0
44	RETRANSMISSIONS_2 0
44	DROPPED_1 0
44	DROPPED_2 0
44	MAX_QUEUE 1
44	DUPLICATED_1 0
44	DUPLICATED_2 0
44	EBUSY_RADIO_1 0
44	EBUSY_RADIO_2 0
44	83 0
44	85 10
44	86 6

73	DESTINATION_NODE 73
73	TEST_NUMBER 0
73	SENT_TOTAL 250
73	RECEIVED_TOTAL 250
73	TIME_TOTAL 19845
73	RECEIVED_RADIO_1 125
73	RECEIVED_RADIO_2 125
73	SENT_RADIO_1 125
73	SENT_RADIO_2 124
73	RADIO_TIME_1 19845
73	RADIO_TIME_2 19845
73	RETRANSMISSIONS_1 0
73	RETRANSMISSIONS_2 0
73	DROPPED_1 0
73	DROPPED_2 0
73	MAX_QUEUE 1
73	DUPLICATED_1 0
73	DUPLICATED_2 0
73	EBUSY_RADIO_1 0
73	EBUSY_RADIO_2 0
73	TEST_NUMBER 1
73	SENT_TOTAL 250
73	RECEIVED_TOTAL 250
73	TIME_TOTAL 19840
73	RECEIVED_RADIO_1 125
73	RECEIVED_RADIO_2 125
73	SENT_RADIO_1 125
73	SENT_RADIO_2 125
73	RADIO_TIME_1 19840
73	RADIO_TIME_2 19840
73	RETRANSMISSIONS_1 0
73	RETRANSMISSIONS_2 0
73	DROPPED_1 0
73	DROPPED_2 0
73	MAX_QUEUE 1
73	DUPLICATED_1 0
73	DUPLICATED_2 0
73	EBUSY_RADIO_1 0
73	EBUSY_RADIO_2 0
73	TEST_NUMBER 2
73	SENT_TOTAL 250
73	RECEIVED_TOTAL 250
73	TIME_TOTAL 19844
73	RECEIVED_RADIO_1 125
73	RECEIVED_RADIO_2 125
73	SENT_RADIO_1 125
73	SENT_RADIO_2 125
73	RADIO_TIME_1 19844
73	RADIO_TIME_2 19844
73	RETRANSMISSIONS_1 0
73	RETRANSMISSIONS_2 0
73	DROPPED_1 0
73	DROPPED_2 0
73	MAX_QUEUE 1
73	DUPLICATED_1 0
73	DUPLICATED_2 0
73	EBUSY_RADIO_1 0
73	EBUSY_RADIO_2 0
73	TEST_NUMBER 3
73	SENT_TOTAL 249
73	RECEIVED_TOTAL 249
73	TIME_TOTAL 19766
73	RECEIVED_RADIO_1 124
73	RECEIVED_RADIO_2 125
73	SENT_RADIO_1 125
73	SENT_RADIO_2 125
73	RADIO_TIME_1 19766
73	RADIO_TIME_2 19766
73	RETRANSMISSIONS_1 0
73	RETRANSMISSIONS_2 0
73	DROPPED_1 0
73	DROPPED_2 0
73	MAX_QUEUE 1
73	DUPLICATED_1 0
73	DUPLICATED_2 0
73	EBUSY_RADIO_1 0
73	EBUSY_RADIO_2 0
73	86 3
73	TEST_NUMBER 4
73	SENT_TOTAL 239
73	RECEIVED_TOTAL 238
73	TIME_TOTAL 29804
73	RECEIVED_RADIO_1 114
73	RECEIVED_RADIO_2 125
73	SENT_RADIO_1 119
73	SENT_RADIO_2 120
73	RADIO_TIME_1 29721
73	RADIO_TIME_2 29804
73	RETRANSMISSIONS_1 0
73	RETRANSMISSIONS_2 0
73	DROPPED_1 0
73	DROPPED_2 0
73	MAX_QUEUE 1
73	DUPLICATED_1 0
73	DUPLICATED_2 0
73	EBUSY_RADIO_1 0
73	EBUSY_RADIO_2 0
73	TEST_NUMBER 5
73	SENT_TOTAL 250
73	RECEIVED_TOTAL 250
73	TIME_TOTAL 19844
73	RECEIVED_RADIO_1 125
73	RECEIVED_RADIO_2 125
73	SENT_RADIO_1 125
73	SENT_RADIO_2 124
73	RADIO_TIME_1 19844
73	RADIO_TIME_2 19844
73	RETRANSMISSIONS_1 0
73	RETRANSMISSIONS_2 0
73	DROPPED_1 0
73	DROPPED_2 0
73	MAX_QUEUE 1
73	DUPLICATED_1 0
73	DUPLICATED_2 0
73	EBUSY_RADIO_1 0
73	EBUSY_RADIO_2 0
73	TEST_NUMBER 6
73	SENT_TOTAL 249
73	RECEIVED_TOTAL 249
73	TIME_TOTAL 19762
73	RECEIVED_RADIO_1 124
73	RECEIVED_RADIO_2 125
73	SENT_RADIO_1 125
73	SENT_RADIO_2 125
73	RADIO_TIME_1 19762
73	RADIO_TIME_2 19762
73	RETRANSMISSIONS_1 0
73	RETRANSMISSIONS_2 0
73	DROPPED_1 0
73	DROPPED_2 0
73	MAX_QUEUE 1
73	DUPLICATED_1 0
73	DUPLICATED_2 0
73	EBUSY_RADIO_1 0
73	EBUSY_RADIO_2 0
73	86 6
