
54	RELAY_NODE 54
54	TEST_NUMBER 0
54	SENT_TOTAL 0
54	RECEIVED_TOTAL 0
54	TIME_TOTAL 0
54	RECEIVED_RADIO_1 82
54	RECEIVED_RADIO_2 106
54	SENT_RADIO_1 106
54	SENT_RADIO_2 82
54	RADIO_TIME_1 17233
54	RADIO_TIME_2 17233
54	RETRANSMISSIONS_1 0
54	RETRANSMISSIONS_2 0
54	DROPPED_1 0
54	DROPPED_2 0
54	MAX_QUEUE 1
54	DUPLICATED_1 0
54	DUPLICATED_2 0
54	EBUSY_RADIO_1 0
54	EBUSY_RADIO_2 0
54	TEST_NUMBER 1
54	SENT_TOTAL 0
54	RECEIVED_TOTAL 0
54	TIME_TOTAL 0
54	RECEIVED_RADIO_1 78
54	RECEIVED_RADIO_2 122
54	SENT_RADIO_1 122
54	SENT_RADIO_2 78
54	RADIO_TIME_1 29738
54	RADIO_TIME_2 29738
54	RETRANSMISSIONS_1 0
54	RETRANSMISSIONS_2 0
54	DROPPED_1 0
54	DROPPED_2 0
54	MAX_QUEUE 1
54	DUPLICATED_1 0
54	DUPLICATED_2 0
54	EBUSY_RADIO_1 0
54	EBUSY_RADIO_2 0
54	TEST_NUMBER 2
54	SENT_TOTAL 0
54	RECEIVED_TOTAL 0
54	TIME_TOTAL 0
54	RECEIVED_RADIO_1 89
54	RECEIVED_RADIO_2 120
54	SENT_RADIO_1 120
54	SENT_RADIO_2 89
54	RADIO_TIME_1 29722
54	RADIO_TIME_2 29722
54	RETRANSMISSIONS_1 0
54	RETRANSMISSIONS_2 0
54	DROPPED_1 0
54	DROPPED_2 0
54	MAX_QUEUE 1
54	DUPLICATED_1 0
54	DUPLICATED_2 0
54	EBUSY_RADIO_1 0
54	EBUSY_RADIO_2 0
54	TEST_NUMBER 3
54	SENT_TOTAL 0
54	RECEIVED_TOTAL 0
54	TIME_TOTAL 0
54	RECEIVED_RADIO_1 91
54	RECEIVED_RADIO_2 116
54	SENT_RADIO_1 116
54	SENT_RADIO_2 91
54	RADIO_TIME_1 29736
54	RADIO_TIME_2 29736
54	RETRANSMISSIONS_1 0
54	RETRANSMISSIONS_2 0
54	DROPPED_1 0
54	DROPPED_2 0
54	MAX_QUEUE 1
54	DUPLICATED_1 0
54	DUPLICATED_2 0
54	EBUSY_RADIO_1 0
54	EBUSY_RADIO_2 0
54	TEST_NUMBER 4
54	SENT_TOTAL 0
54	RECEIVED_TOTAL 0
54	TIME_TOTAL 0
54	RECEIVED_RADIO_1 106
54	RECEIVED_RADIO_2 124
54	SENT_RADIO_1 124
54	SENT_RADIO_2 106
54	RADIO_TIME_1 29737
54	RADIO_TIME_2 29737
54	RETRANSMISSIONS_1 0
54	RETRANSMISSIONS_2 0
54	DROPPED_1 0
54	DROPPED_2 0
54	MAX_QUEUE 1
54	DUPLICATED_1 0
54	DUPLICATED_2 0
54	EBUSY_RADIO_1 0
54	EBUSY_RADIO_2 0
54	TEST_NUMBER 5
54	SENT_TOTAL 0
54	RECEIVED_TOTAL 0
54	TIME_TOTAL 0
54	RECEIVED_RADIO_1 104
54	RECEIVED_RADIO_2 121
54	SENT_RADIO_1 121
54	SENT_RADIO_2 103
54	RADIO_TIME_1 29802
54	RADIO_TIME_2 29802
54	RETRANSMISSIONS_1 0
54	RETRANSMISSIONS_2 0
54	DROPPED_1 0
54	DROPPED_2 0
54	MAX_QUEUE 1
54	DUPLICATED_1 0
54	DUPLICATED_2 0
54	EBUSY_RADIO_1 0
54	EBUSY_RADIO_2 0
54	TEST_NUMBER 6
54	SENT_TOTAL 0
54	RECEIVED_TOTAL 0
54	TIME_TOTAL 0
54	RECEIVED_RADIO_1 104
54	RECEIVED_RADIO_2 124
54	SENT_RADIO_1 124
54	SENT_RADIO_2 105
54	RADIO_TIME_1 29735
54	RADIO_TIME_2 29735
54	RETRANSMISSIONS_1 0
54	RETRANSMISSIONS_2 0
54	DROPPED_1 0
54	DROPPED_2 0
54	MAX_QUEUE 1
54	DUPLICATED_1 0
54	DUPLICATED_2 0
54	EBUSY_RADIO_1 0
54	EBUSY_RADIO_2 0

55	DESTINATION_NODE 55
55	TEST_NUMBER 0
55	SENT_TOTAL 189
55	RECEIVED_TOTAL 189
55	TIME_TOTAL 17762
55	RECEIVED_RADIO_1 109
55	RECEIVED_RADIO_2 80
55	SENT_RADIO_1 95
55	SENT_RADIO_2 94
55	RADIO_TIME_1 17762
55	RADIO_TIME_2 17692
55	RETRANSMISSIONS_1 0
55	RETRANSMISSIONS_2 0
55	DROPPED_1 0
55	DROPPED_2 0
55	MAX_QUEUE 1
55	DUPLICATED_1 0
55	DUPLICATED_2 0
55	EBUSY_RADIO_1 0
55	EBUSY_RADIO_2 0
55	86 0
55	86 0
55	86 0
55	86 0
55	86 0
55	86 0
55	86 0
55	86 0
55	86 0
55	86 0
55	86 0
55	86 0
55	86 0
55	TEST_NUMBER 1
55	SENT_TOTAL 187
55	RECEIVED_TOTAL 174
55	TIME_TOTAL 29794
55	RECEIVED_RADIO_1 120
55	RECEIVED_RADIO_2 67
55	SENT_RADIO_1 93
55	SENT_RADIO_2 94
55	RADIO_TIME_1 29726
55	RADIO_TIME_2 29794
55	RETRANSMISSIONS_1 0
55	RETRANSMISSIONS_2 0
55	DROPPED_1 0
55	DROPPED_2 0
55	MAX_QUEUE 1
55	DUPLICATED_1 0
55	DUPLICATED_2 0
55	EBUSY_RADIO_1 0
55	EBUSY_RADIO_2 0
55	86 1
55	86 1
55	86 1
55	86 1
55	86 1
55	86 1
55	86 1
55	86 1
55	86 1
55	86 1
55	86 1
55	86 1
55	86 1
55	86 1
55	86 1
55	86 1
55	86 1
55	86 1
55	86 1
55	86 1
55	86 1
55	86 1
55	86 1
55	86 1
55	TEST_NUMBER 2
55	SENT_TOTAL 193
55	RECEIVED_TOTAL 169
55	TIME_TOTAL 29723
55	RECEIVED_RADIO_1 117
55	RECEIVED_RADIO_2 76
55	SENT_RADIO_1 97
55	SENT_RADIO_2 96
55	RADIO_TIME_1 29723
55	RADIO_TIME_2 29407
55	RETRANSMISSIONS_1 0
55	RETRANSMISSIONS_2 0
55	DROPPED_1 0
55	DROPPED_2 0
55	MAX_QUEUE 1
55	DUPLICATED_1 0
55	DUPLICATED_2 0
55	EBUSY_RADIO_1 0
55	EBUSY_RADIO_2 0
55	86 2
55	86 2
55	86 2
55	86 2
55	86 2
55	86 2
55	86 2
55	86 2
55	86 2
55	86 2
55	86 2
55	86 2
55	86 2
55	86 2
55	86 2
55	86 2
55	86 2
55	86 2
55	86 2
55	86 2
55	86 2
55	86 2
55	TEST_NUMBER 3
55	SENT_TOTAL 213
55	RECEIVED_TOTAL 191
55	TIME_TOTAL 29795
55	RECEIVED_RADIO_1 115
55	RECEIVED_RADIO_2 98
55	SENT_RADIO_1 106
55	SENT_RADIO_2 107
55	RADIO_TIME_1 29722
55	RADIO_TIME_2 29795
55	RETRANSMISSIONS_1 0
55	RETRANSMISSIONS_2 0
55	DROPPED_1 0
55	DROPPED_2 0
55	MAX_QUEUE 1
55	DUPLICATED_1 0
55	DUPLICATED_2 0
55	EBUSY_RADIO_1 0
55	EBUSY_RADIO_2 0
55	86 3
55	86 3
55	86 3
55	86 3
55	86 3
55	86 3
55	86 3
55	86 3
55	86 3
55	86 3
55	86 3
55	86 3
55	86 3
55	86 3
55	86 3
55	86 3
55	86 3
55	86 3
55	86 3
55	86 3
55	86 3
55	86 3
55	86 3
55	86 3
55	TEST_NUMBER 4
55	SENT_TOTAL 240
55	RECEIVED_TOTAL 216
55	TIME_TOTAL 29788
55	RECEIVED_RADIO_1 124
55	RECEIVED_RADIO_2 116
55	SENT_RADIO_1 120
55	SENT_RADIO_2 120
55	RADIO_TIME_1 29727
55	RADIO_TIME_2 29723
55	RETRANSMISSIONS_1 0
55	RETRANSMISSIONS_2 0
55	DROPPED_1 0
55	DROPPED_2 0
55	MAX_QUEUE 1
55	DUPLICATED_1 0
55	DUPLICATED_2 0
55	EBUSY_RADIO_1 0
55	EBUSY_RADIO_2 0
55	86 4
55	86 4
55	86 4
55	86 4
55	86 4
55	86 4
55	86 4
55	86 4
55	86 4
55	86 4
55	86 4
55	86 4
55	86 4
55	86 4
55	86 4
55	86 4
55	86 4
55	86 4
55	86 4
55	86 4
55	86 4
55	86 4
55	86 4
55	86 4
55	TEST_NUMBER 5
55	SENT_TOTAL 243
55	RECEIVED_TOTAL 219
55	TIME_TOTAL 29791
55	RECEIVED_RADIO_1 121
55	RECEIVED_RADIO_2 122
55	SENT_RADIO_1 122
55	SENT_RADIO_2 121
55	RADIO_TIME_1 29791
55	RADIO_TIME_2 29728
55	RETRANSMISSIONS_1 0
55	RETRANSMISSIONS_2 0
55	DROPPED_1 0
55	DROPPED_2 0
55	MAX_QUEUE 1
55	DUPLICATED_1 0
55	DUPLICATED_2 0
55	EBUSY_RADIO_1 0
55	EBUSY_RADIO_2 0
55	86 5
55	86 5
55	86 5
55	86 5
55	86 5
55	86 5
55	86 5
55	86 5
55	86 5
55	86 5
55	86 5
55	86 5
55	86 5
55	86 5
55	86 5
55	86 5
55	86 5
55	86 5
55	86 5
55	86 5
55	86 5
55	86 5
55	86 5
55	86 5
55	86 5
55	TEST_NUMBER 6
55	SENT_TOTAL 228
55	RECEIVED_TOTAL 203
55	TIME_TOTAL 29786
55	RECEIVED_RADIO_1 123
55	RECEIVED_RADIO_2 105
55	SENT_RADIO_1 114
55	SENT_RADIO_2 114
55	RADIO_TIME_1 29786
55	RADIO_TIME_2 29786
55	RETRANSMISSIONS_1 0
55	RETRANSMISSIONS_2 0
55	DROPPED_1 0
55	DROPPED_2 0
55	MAX_QUEUE 1
55	DUPLICATED_1 0
55	DUPLICATED_2 0
55	EBUSY_RADIO_1 0
55	EBUSY_RADIO_2 0
55	86 6
55	86 6
55	86 6
55	86 6
55	86 6
55	86 6
55	86 6
55	86 6
55	86 6
55	86 6
55	86 6
55	86 6
55	86 6
55	86 6
55	86 6
55	86 6
55	86 6
55	86 6
55	86 6
55	86 6
55	86 6
55	86 6

63	SOURCE_NODE 63
63	84 1
63	83 1
63	85 1
63	79 29
63	84 2
63	83 2
63	85 2
63	79 10
63	84 3
63	83 3
63	85 3
63	79 45
63	84 4
63	83 4
63	85 4
63	79 17
63	84 5
63	83 5
63	85 5
63	79 47
63	84 6
63	83 6
63	85 6
63	79 16
63	84 7
63	84 8
63	83 8
63	85 8
63	79 12
63	84 9
63	83 9
63	85 9
63	79 39
63	84 10
63	84 11
63	83 11
63	85 11
63	79 46
63	84 12
63	83 12
63	85 12
63	79 12
63	84 13
63	84 14
63	83 14
63	85 14
63	79 13
63	84 15
63	83 15
63	85 15
63	79 45
63	84 16
63	83 16
63	85 16
63	79 15
63	84 17
63	83 17
63	85 17
63	79 39
63	84 18
63	83 18
63	85 18
63	79 15
63	84 19
63	84 20
63	83 20
63	85 20
63	79 13
63	84 1
63	84 2
63	83 2
63	85 2
63	79 28
63	84 3
63	83 3
63	85 3
63	79 28
63	84 4
63	83 4
63	85 4
63	79 27
63	84 5
63	83 5
63	85 5
63	79 28
63	84 6
63	83 6
63	85 6
63	79 35
63	84 7
63	83 7
63	85 7
63	79 31
63	84 8
63	83 8
63	85 8
63	79 27
63	84 9
63	83 9
63	85 9
63	79 32
63	84 10
63	83 10
63	85 10
63	79 23
63	84 11
63	83 11
63	85 11
63	79 36
63	84 12
63	83 12
63	85 12
63	79 30
63	84 13
63	83 13
63	85 13
63	79 35
63	84 14
63	83 14
63	85 14
63	79 25
63	84 15
63	84 16
63	84 17
63	83 17
63	85 17
63	79 36
63	84 18
63	83 18
63	85 18
63	79 32
63	84 19
63	83 19
63	85 19
63	79 23
63	84 20
63	83 20
63	85 20
63	79 28
63	84 1
63	83 1
63	85 1
63	79 31
63	84 2
63	83 2
63	85 2
63	79 28
63	84 3
63	83 3
63	85 3
63	79 29
63	84 4
63	83 4
63	85 4
63	79 30
63	84 5
63	83 5
63	85 5
63	79 22
63	84 6
63	83 6
63	85 6
63	79 26
63	84 7
63	83 7
63	85 7
63	79 31
63	84 8
63	83 8
63	85 8
63	79 28
63	84 9
63	83 9
63	85 9
63	79 26
63	84 10
63	83 10
63	85 10
63	79 29
63	84 11
63	83 11
63	85 11
63	79 29
63	84 12
63	83 12
63	85 12
63	79 25
63	84 13
63	83 13
63	85 13
63	79 28
63	84 14
63	83 14
63	85 14
63	79 32
63	84 15
63	83 15
63	85 15
63	79 34
63	84 16
63	83 16
63	85 16
63	79 31
63	84 17
63	83 17
63	85 17
63	79 29
63	84 18
63	83 18
63	85 18
63	79 22
63	84 19
63	83 19
63	85 19
63	79 31
63	84 20
63	84 1
63	83 1
63	85 1
63	79 31
63	84 2
63	83 2
63	85 2
63	79 38
63	84 3
63	84 4
63	83 4
63	85 4
63	79 33
63	84 5
63	83 5
63	85 5
63	79 29
63	84 6
63	83 6
63	85 6
63	79 26
63	84 7
63	84 8
63	83 8
63	85 8
63	79 34
63	84 9
63	83 9
63	85 9
63	79 32
63	84 10
63	84 11
63	83 11
63	85 11
63	79 24
63	84 12
63	83 12
63	85 12
63	79 31
63	84 13
63	83 13
63	85 13
63	79 30
63	84 14
63	84 15
63	83 15
63	85 15
63	79 32
63	84 16
63	83 16
63	85 16
63	79 31
63	84 17
63	83 17
63	85 17
63	79 26
63	84 18
63	83 18
63	85 18
63	79 30
63	84 19
63	83 19
63	85 19
63	79 28
63	84 20
63	83 20
63	85 20
63	79 25
63	84 1
63	83 1
63	85 1
63	79 31
63	84 2
63	83 2
63	85 2
63	79 27
63	84 3
63	83 3
63	85 3
63	79 31
63	84 4
63	83 4
63	85 4
63	79 25
63	84 5
63	83 5
63	85 5
63	79 32
63	84 6
63	83 6
63	85 6
63	79 29
63	84 7
63	83 7
63	85 7
63	79 30
63	84 8
63	83 8
63	85 8
63	79 29
63	84 9
63	83 9
63	85 9
63	79 27
63	84 10
63	83 10
63	85 10
63	79 35
63	84 11
63	83 11
63	85 11
63	79 29
63	84 12
63	83 12
63	85 12
63	79 28
63	84 13
63	83 13
63	85 13
63	79 31
63	84 14
63	84 15
63	83 15
63	85 15
63	79 41
63	84 16
63	83 16
63	85 16
63	79 17
63	84 17
63	83 17
63	85 17
63	79 38
63	84 18
63	84 19
63	84 20
63	83 20
63	85 20
63	79 30
63	84 1
63	83 1
63	85 1
63	79 25
63	84 2
63	83 2
63	85 2
63	79 27
63	84 3
63	84 4
63	84 5
63	83 5
63	85 5
63	79 41
63	84 6
63	83 6
63	85 6
63	79 19
63	84 7
63	84 8
63	83 8
63	85 8
63	79 16
63	84 9
63	83 9
63	85 9
63	79 45
63	84 10
63	83 10
63	85 10
63	79 17
63	84 11
63	83 11
63	85 11
63	79 43
63	84 12
63	83 12
63	85 12
63	79 13
63	84 13
63	83 13
63	85 13
63	79 42
63	84 14
63	83 14
63	85 14
63	79 18
63	84 15
63	83 15
63	85 15
63	79 42
63	84 16
63	83 16
63	85 16
63	79 18
63	84 17
63	83 17
63	85 17
63	79 46
63	84 18
63	83 18
63	85 18
63	79 14
63	84 19
63	83 19
63	85 19
63	79 36
63	84 20
63	83 20
63	85 20
63	79 12
63	84 1
63	83 1
63	85 1
63	79 47
63	84 2
63	83 2
63	85 2
63	79 14
63	84 3
63	83 3
63	85 3
63	79 50
63	84 4
63	84 5
63	83 5
63	85 5
63	79 36
63	84 6
63	84 7
63	83 7
63	85 7
63	79 31
63	84 8
63	84 9
63	83 9
63	85 9
63	79 45
63	84 10
63	83 10
63	85 10
63	79 17
63	84 11
63	84 12
63	83 12
63	85 12
63	79 19
63	84 13
63	83 13
63	85 13
63	79 52
63	84 14
63	83 14
63	85 14
63	79 16
63	84 15
63	83 15
63	85 15
63	79 40
63	84 16
63	83 16
63	85 16
63	79 14
63	84 17
63	83 17
63	85 17
63	79 42
63	84 18
63	84 19
63	83 19
63	85 19
63	79 53
63	84 20
63	84 1
63	84 2
63	84 3
63	83 3
63	85 3
63	79 45
63	84 4
63	84 5
63	84 6
63	84 7
63	83 7
63	85 7
63	79 43
63	84 8
63	83 8
63	85 8
63	79 18
63	84 9
63	83 9
63	85 9
63	79 45
63	84 10
63	84 11
63	83 11
63	85 11
63	79 43
63	84 12
63	83 12
63	85 12
63	79 13
63	84 13
63	83 13
63	85 13
63	79 45
63	84 14
63	83 14
63	85 14
63	79 16
63	84 15
63	83 15
63	85 15
63	79 40
63	84 16
63	83 16
63	85 16
63	79 14
63	84 17
63	83 17
63	85 17
63	79 42
63	84 18
63	83 18
63	85 18
63	79 19
63	84 19
63	84 20
63	83 20
63	85 20
63	79 10
63	84 1
63	83 1
63	85 1
63	79 46
63	84 2
63	84 3
63	84 4
63	84 5
63	83 5
63	85 5
63	79 41
63	84 6
63	84 7
63	83 7
63	85 7
63	79 52
63	84 8
63	84 9
63	84 10
63	84 11
63	83 11
63	85 11
63	79 37
63	84 12
63	84 13
63	84 14
63	84 15
63	83 15
63	85 15
63	79 42
63	84 16
63	84 17
63	84 18
63	84 19
63	83 19
63	85 19
63	79 47
63	84 20
63	83 20
63	85 20
63	79 17
63	84 1
63	83 1
63	85 1
63	79 43
63	84 2
63	83 2
63	85 2
63	79 18
63	84 3
63	83 3
63	85 3
63	79 42
63	84 4
63	84 5
63	84 6
63	84 7
63	84 8
63	84 9
63	84 10
63	84 11
63	84 12
63	84 13
63	84 14
63	84 15
63	83 15
63	85 15
63	79 41
63	84 16
63	84 17
63	83 17
63	85 17
63	79 44
63	84 18
63	84 19
63	84 20
63	84 1
63	83 1
63	85 1
63	79 36
63	84 2
63	84 3
63	84 4
63	83 4
63	85 4
63	79 28
63	84 5
63	84 6
63	84 7
63	83 7
63	85 7
63	79 47
63	84 8
63	84 9
63	84 10
63	83 10
63	85 10
63	79 29
63	84 11
63	84 12
63	84 13
63	83 13
63	85 13
63	79 45
63	84 14
63	84 15
63	84 16
63	84 17
63	83 17
63	85 17
63	79 44
63	84 18
63	84 19
63	83 19
63	85 19
63	79 26
63	84 20
63	83 20
63	85 20
63	79 25
63	84 1
63	83 1
63	85 1
63	79 33
63	84 2
63	84 3
63	83 3
63	85 3
63	79 29
63	84 4
63	83 4
63	85 4
63	79 25
63	84 5
63	84 6
63	84 7
63	83 7
63	85 7
63	79 44
63	84 8
63	84 9
63	84 10
63	84 11
63	83 11
63	85 11
63	79 43
63	84 12
63	84 13
63	84 14
63	84 15
63	83 15
63	85 15
63	79 47
63	84 16
63	84 17
63	84 18
63	84 19
63	84 20
63	84 1
63	83 1
63	85 1
63	79 24
63	84 2
63	84 3
63	83 3
63	85 3
63	79 46
63	84 4
63	84 5
63	84 6
63	84 7
63	83 7
63	85 7
63	79 45
63	84 8
63	84 9
63	84 10
63	TEST_NUMBER 0
63	SENT_TOTAL 250
63	RECEIVED_TOTAL 158
63	TIME_TOTAL 19620
63	RECEIVED_RADIO_1 88
63	RECEIVED_RADIO_2 70
63	SENT_RADIO_1 125
63	SENT_RADIO_2 124
63	RADIO_TIME_1 19763
63	RADIO_TIME_2 19763
63	RETRANSMISSIONS_1 0
63	RETRANSMISSIONS_2 0
63	DROPPED_1 0
63	DROPPED_2 0
63	MAX_QUEUE 1
63	DUPLICATED_1 0
63	DUPLICATED_2 0
63	EBUSY_RADIO_1 0
63	EBUSY_RADIO_2 0
63	84 1
63	83 1
63	85 1
63	79 41
63	84 2
63	83 2
63	85 2
63	79 15
63	84 3
63	84 4
63	83 4
63	85 4
63	79 26
63	84 5
63	83 5
63	85 5
63	79 32
63	84 6
63	83 6
63	85 6
63	79 26
63	84 7
63	84 8
63	83 8
63	85 8
63	79 28
63	84 9
63	84 10
63	83 10
63	85 10
63	79 14
63	84 11
63	83 11
63	85 11
63	79 44
63	84 12
63	84 13
63	84 14
63	83 14
63	85 14
63	79 31
63	84 15
63	83 15
63	85 15
63	79 30
63	84 16
63	83 16
63	85 16
63	79 23
63	84 17
63	83 17
63	85 17
63	79 29
63	84 18
63	84 19
63	83 19
63	85 19
63	79 30
63	84 20
63	84 1
63	83 1
63	85 1
63	79 48
63	84 2
63	83 2
63	85 2
63	79 14
63	84 3
63	84 4
63	83 4
63	85 4
63	79 13
63	84 5
63	83 5
63	85 5
63	79 47
63	84 6
63	84 7
63	84 8
63	84 9
63	83 9
63	85 9
63	79 41
63	84 10
63	83 10
63	85 10
63	79 15
63	84 11
63	83 11
63	85 11
63	79 46
63	84 12
63	84 13
63	83 13
63	85 13
63	79 30
63	84 14
63	83 14
63	85 14
63	79 29
63	84 15
63	83 15
63	85 15
63	79 32
63	84 16
63	84 17
63	83 17
63	85 17
63	79 39
63	84 18
63	83 18
63	85 18
63	79 14
63	84 19
63	84 20
63	83 20
63	85 20
63	79 11
63	84 1
63	83 1
63	85 1
63	79 42
63	84 2
63	83 2
63	85 2
63	79 13
63	84 3
63	83 3
63	85 3
63	79 49
63	84 4
63	83 4
63	85 4
63	79 13
63	84 5
63	83 5
63	85 5
63	79 44
63	84 6
63	83 6
63	85 6
63	79 12
63	84 7
63	83 7
63	85 7
63	79 43
63	84 8
63	83 8
63	85 8
63	79 16
63	84 9
63	83 9
63	85 9
63	79 39
63	84 10
63	83 10
63	85 10
63	79 13
63	84 11
63	83 11
63	85 11
63	79 42
63	84 12
63	84 13
63	83 13
63	85 13
63	79 41
63	84 14
63	83 14
63	85 14
63	79 17
63	84 15
63	83 15
63	85 15
63	79 40
63	84 16
63	84 17
63	84 18
63	83 18
63	85 18
63	79 26
63	84 19
63	83 19
63	85 19
63	79 27
63	84 20
63	83 20
63	85 20
63	79 32
63	84 1
63	83 1
63	85 1
63	79 31
63	84 2
63	84 3
63	83 3
63	85 3
63	79 42
63	84 4
63	84 5
63	84 6
63	84 7
63	83 7
63	85 7
63	79 47
63	84 8
63	84 9
63	84 10
63	84 11
63	84 12
63	83 12
63	85 12
63	79 12
63	84 13
63	83 13
63	85 13
63	79 48
63	84 14
63	84 15
63	84 16
63	83 16
63	85 16
63	79 25
63	84 17
63	83 17
63	85 17
63	79 28
63	84 18
63	84 19
63	83 19
63	85 19
63	79 46
63	84 20
63	84 1
63	83 1
63	85 1
63	79 44
63	84 2
63	84 3
63	84 4
63	84 5
63	83 5
63	85 5
63	79 42
63	84 6
63	83 6
63	85 6
63	79 13
63	84 7
63	84 8
63	84 9
63	83 9
63	85 9
63	79 31
63	84 10
63	84 11
63	83 11
63	85 11
63	79 37
63	84 12
63	84 13
63	84 14
63	83 14
63	85 14
63	79 27
63	84 15
63	84 16
63	83 16
63	85 16
63	79 25
63	84 17
63	84 18
63	84 19
63	83 19
63	85 19
63	79 43
63	84 20
63	84 1
63	83 1
63	85 1
63	79 25
63	84 2
63	84 3
63	83 3
63	85 3
63	79 44
63	84 4
63	84 5
63	83 5
63	85 5
63	79 45
63	84 6
63	84 7
63	84 8
63	84 9
63	83 9
63	85 9
63	79 47
63	84 10
63	84 11
63	84 12
63	84 13
63	83 13
63	85 13
63	79 42
63	84 14
63	84 15
63	84 16
63	84 17
63	83 17
63	85 17
63	79 43
63	84 18
63	84 19
63	83 19
63	85 19
63	79 41
63	84 20
63	83 20
63	85 20
63	79 17
63	84 1
63	83 1
63	85 1
63	79 36
63	84 2
63	83 2
63	85 2
63	79 16
63	84 3
63	84 4
63	84 5
63	84 6
63	84 7
63	83 7
63	85 7
63	79 43
63	84 8
63	84 9
63	83 9
63	85 9
63	79 45
63	84 10
63	84 11
63	83 11
63	85 11
63	79 31
63	84 12
63	84 13
63	83 13
63	85 13
63	79 27
63	84 14
63	84 15
63	83 15
63	85 15
63	79 41
63	84 16
63	84 17
63	84 18
63	84 19
63	84 20
63	84 1
63	84 2
63	84 3
63	84 4
63	83 4
63	85 4
63	79 26
63	84 5
63	84 6
63	83 6
63	85 6
63	79 28
63	84 7
63	84 8
63	84 9
63	83 9
63	85 9
63	79 47
63	84 10
63	84 11
63	84 12
63	84 13
63	84 14
63	84 15
63	84 16
63	83 16
63	85 16
63	79 30
63	84 17
63	84 18
63	84 19
63	83 19
63	85 19
63	79 44
63	84 20
63	84 1
63	83 1
63	85 1
63	79 48
63	84 2
63	83 2
63	85 2
63	79 14
63	84 3
63	83 3
63	85 3
63	79 34
63	84 4
63	83 4
63	85 4
63	79 10
63	84 5
63	83 5
63	85 5
63	79 46
63	84 6
63	84 7
63	84 8
63	84 9
63	83 9
63	85 9
63	79 46
63	84 10
63	84 11
63	83 11
63	85 11
63	79 44
63	84 12
63	83 12
63	85 12
63	79 18
63	84 13
63	84 14
63	84 15
63	83 15
63	85 15
63	79 45
63	84 16
63	83 16
63	85 16
63	79 17
63	84 17
63	84 18
63	83 18
63	85 18
63	79 14
63	84 19
63	83 19
63	85 19
63	79 49
63	84 20
63	83 20
63	85 20
63	79 10
63	84 1
63	83 1
63	85 1
63	79 41
63	84 2
63	84 3
63	83 3
63	85 3
63	79 29
63	84 4
63	84 5
63	83 5
63	85 5
63	79 26
63	84 6
63	83 6
63	85 6
63	79 33
63	84 7
63	83 7
63	85 7
63	79 30
63	84 8
63	84 9
63	83 9
63	85 9
63	79 29
63	84 10
63	83 10
63	85 10
63	79 35
63	84 11
63	83 11
63	85 11
63	79 29
63	84 12
63	83 12
63	85 12
63	79 29
63	84 13
63	83 13
63	85 13
63	79 29
63	84 14
63	83 14
63	85 14
63	79 27
63	84 15
63	83 15
63	85 15
63	79 30
63	84 16
63	83 16
63	85 16
63	79 27
63	84 17
63	83 17
63	85 17
63	79 32
63	84 18
63	83 18
63	85 18
63	79 31
63	84 19
63	83 19
63	85 19
63	79 26
63	84 20
63	83 20
63	85 20
63	79 28
63	84 1
63	84 2
63	84 3
63	84 4
63	84 5
63	84 6
63	84 7
63	83 7
63	85 7
63	79 40
63	84 8
63	84 9
63	84 10
63	83 10
63	85 10
63	79 33
63	84 11
63	84 12
63	84 13
63	84 14
63	83 14
63	85 14
63	79 25
63	84 15
63	83 15
63	85 15
63	79 31
63	84 16
63	84 17
63	83 17
63	85 17
63	79 41
63	84 18
63	83 18
63	85 18
63	79 15
63	84 19
63	83 19
63	85 19
63	79 51
63	84 20
63	83 20
63	85 20
63	79 16
63	84 1
63	83 1
63	85 1
63	79 51
63	84 2
63	83 2
63	85 2
63	79 15
63	84 3
63	83 3
63	85 3
63	79 42
63	84 4
63	83 4
63	85 4
63	79 15
63	84 5
63	83 5
63	85 5
63	79 43
63	84 6
63	84 7
63	83 7
63	85 7
63	79 32
63	84 8
63	84 9
63	83 9
63	85 9
63	79 44
63	84 10
63	83 10
63	85 10
63	79 17
63	84 11
63	83 11
63	85 11
63	79 41
63	84 12
63	83 12
63	85 12
63	79 14
63	84 13
63	83 13
63	85 13
63	79 47
63	84 14
63	83 14
63	85 14
63	79 15
63	84 15
63	83 15
63	85 15
63	79 45
63	84 16
63	83 16
63	85 16
63	79 12
63	84 17
63	84 18
63	83 18
63	85 18
63	79 19
63	84 19
63	83 19
63	85 19
63	79 36
63	84 20
63	83 20
63	85 20
63	79 14
63	84 1
63	83 1
63	85 1
63	79 45
63	84 2
63	83 2
63	85 2
63	79 14
63	84 3
63	84 4
63	83 4
63	85 4
63	79 18
63	84 5
63	83 5
63	85 5
63	79 38
63	84 6
63	83 6
63	85 6
63	79 18
63	84 7
63	83 7
63	85 7
63	79 44
63	84 8
63	83 8
63	85 8
63	79 16
63	84 9
63	83 9
63	85 9
63	79 45
63	84 10
63	TEST_NUMBER 1
63	SENT_TOTAL 250
63	RECEIVED_TOTAL 142
63	TIME_TOTAL 19767
63	RECEIVED_RADIO_1 81
63	RECEIVED_RADIO_2 61
63	SENT_RADIO_1 125
63	SENT_RADIO_2 125
63	RADIO_TIME_1 19808
63	RADIO_TIME_2 19763
63	RETRANSMISSIONS_1 0
63	RETRANSMISSIONS_2 0
63	DROPPED_1 0
63	DROPPED_2 0
63	MAX_QUEUE 1
63	DUPLICATED_1 0
63	DUPLICATED_2 0
63	EBUSY_RADIO_1 0
63	EBUSY_RADIO_2 0
63	83 0
63	85 10
63	86 1
63	84 1
63	83 1
63	85 1
63	79 39
63	84 2
63	84 3
63	83 3
63	85 3
63	79 29
63	84 4
63	83 4
63	85 4
63	79 30
63	84 5
63	83 5
63	85 5
63	79 28
63	84 6
63	83 6
63	85 6
63	79 30
63	84 7
63	84 8
63	83 8
63	85 8
63	79 24
63	84 9
63	84 10
63	83 10
63	85 10
63	79 14
63	84 11
63	83 11
63	85 11
63	79 44
63	84 12
63	83 12
63	85 12
63	79 12
63	84 13
63	83 13
63	85 13
63	79 42
63	84 14
63	83 14
63	85 14
63	79 15
63	84 15
63	83 15
63	85 15
63	79 41
63	84 16
63	83 16
63	85 16
63	79 12
63	84 17
63	83 17
63	85 17
63	79 46
63	84 18
63	84 19
63	83 19
63	85 19
63	79 33
63	84 20
63	83 20
63	85 20
63	79 12
63	84 1
63	84 2
63	83 2
63	85 2
63	79 31
63	84 3
63	83 3
63	85 3
63	79 23
63	84 4
63	84 5
63	84 6
63	84 7
63	83 7
63	85 7
63	79 29
63	84 8
63	83 8
63	85 8
63	79 30
63	84 9
63	84 10
63	83 10
63	85 10
63	79 18
63	84 11
63	83 11
63	85 11
63	79 48
63	84 12
63	84 13
63	84 14
63	83 14
63	85 14
63	79 32
63	84 15
63	83 15
63	85 15
63	79 33
63	84 16
63	83 16
63	85 16
63	79 27
63	84 17
63	83 17
63	85 17
63	79 27
63	84 18
63	83 18
63	85 18
63	79 32
63	84 19
63	83 19
63	85 19
63	79 27
63	84 20
63	84 1
63	83 1
63	85 1
63	79 26
63	84 2
63	83 2
63	85 2
63	79 30
63	84 3
63	83 3
63	85 3
63	79 31
63	84 4
63	83 4
63	85 4
63	79 27
63	84 5
63	83 5
63	85 5
63	79 29
63	84 6
63	83 6
63	85 6
63	79 28
63	84 7
63	83 7
63	85 7
63	79 26
63	84 8
63	83 8
63	85 8
63	79 26
63	84 9
63	83 9
63	85 9
63	79 32
63	84 10
63	83 10
63	85 10
63	79 23
63	84 11
63	83 11
63	85 11
63	79 33
63	84 12
63	83 12
63	85 12
63	79 26
63	84 13
63	83 13
63	85 13
63	79 30
63	84 14
63	83 14
63	85 14
63	79 26
63	84 15
63	83 15
63	85 15
63	79 32
63	84 16
63	83 16
63	85 16
63	79 27
63	84 17
63	83 17
63	85 17
63	79 33
63	84 18
63	84 19
63	83 19
63	85 19
63	79 25
63	84 20
63	83 20
63	85 20
63	79 33
63	84 1
63	83 1
63	85 1
63	79 30
63	84 2
63	83 2
63	85 2
63	79 29
63	84 3
63	83 3
63	85 3
63	79 27
63	84 4
63	83 4
63	85 4
63	79 31
63	84 5
63	83 5
63	85 5
63	79 25
63	84 6
63	84 7
63	83 7
63	85 7
63	79 41
63	84 8
63	84 9
63	83 9
63	85 9
63	79 26
63	84 10
63	84 11
63	83 11
63	85 11
63	79 37
63	84 12
63	84 13
63	84 14
63	84 15
63	83 15
63	85 15
63	79 48
63	84 16
63	84 17
63	84 18
63	84 19
63	83 19
63	85 19
63	79 43
63	84 20
63	84 1
63	83 1
63	85 1
63	79 31
63	84 2
63	83 2
63	85 2
63	79 24
63	84 3
63	84 4
63	84 5
63	83 5
63	85 5
63	79 43
63	84 6
63	84 7
63	83 7
63	85 7
63	79 46
63	84 8
63	83 8
63	85 8
63	79 13
63	84 9
63	83 9
63	85 9
63	79 44
63	84 10
63	83 10
63	85 10
63	79 16
63	84 11
63	83 11
63	85 11
63	79 36
63	84 12
63	83 12
63	85 12
63	79 11
63	84 13
63	83 13
63	85 13
63	79 44
63	84 14
63	83 14
63	85 14
63	79 11
63	84 15
63	83 15
63	85 15
63	79 42
63	84 16
63	83 16
63	85 16
63	79 11
63	84 17
63	83 17
63	85 17
63	79 39
63	84 18
63	84 19
63	83 19
63	85 19
63	79 48
63	84 20
63	84 1
63	84 2
63	84 3
63	84 4
63	84 5
63	84 6
63	83 6
63	85 6
63	79 12
63	84 7
63	83 7
63	85 7
63	79 38
63	84 8
63	84 9
63	83 9
63	85 9
63	79 31
63	84 10
63	84 11
63	83 11
63	85 11
63	79 43
63	84 12
63	84 13
63	83 13
63	85 13
63	79 43
63	84 14
63	84 15
63	83 15
63	85 15
63	79 45
63	84 16
63	84 17
63	84 18
63	84 19
63	84 20
63	84 1
63	84 2
63	84 3
63	84 4
63	84 5
63	84 6
63	83 6
63	85 6
63	79 26
63	84 7
63	84 8
63	84 9
63	84 10
63	84 11
63	84 12
63	83 12
63	85 12
63	79 27
63	84 13
63	84 14
63	84 15
63	83 15
63	85 15
63	79 42
63	84 16
63	84 17
63	84 18
63	84 19
63	83 19
63	85 19
63	79 44
63	84 20
63	84 1
63	83 1
63	85 1
63	79 30
63	84 2
63	84 3
63	83 3
63	85 3
63	79 43
63	84 4
63	84 5
63	83 5
63	85 5
63	79 46
63	84 6
63	83 6
63	85 6
63	79 15
63	84 7
63	83 7
63	85 7
63	79 39
63	84 8
63	84 9
63	83 9
63	85 9
63	79 30
63	84 10
63	84 11
63	83 11
63	85 11
63	79 39
63	84 12
63	84 13
63	84 14
63	83 14
63	85 14
63	79 26
63	84 15
63	84 16
63	83 16
63	85 16
63	79 27
63	84 17
63	84 18
63	84 19
63	83 19
63	85 19
63	79 44
63	84 20
63	84 1
63	84 2
63	83 2
63	85 2
63	79 28
63	84 3
63	84 4
63	83 4
63	85 4
63	79 15
63	84 5
63	84 6
63	83 6
63	85 6
63	79 15
63	84 7
63	83 7
63	85 7
63	79 45
63	84 8
63	84 9
63	84 10
63	83 10
63	85 10
63	79 32
63	84 11
63	83 11
63	85 11
63	79 30
63	84 12
63	83 12
63	85 12
63	79 34
63	84 13
63	83 13
63	85 13
63	79 32
63	84 14
63	83 14
63	85 14
63	79 29
63	84 15
63	83 15
63	85 15
63	79 28
63	84 16
63	83 16
63	85 16
63	79 28
63	84 17
63	83 17
63	85 17
63	79 27
63	84 18
63	83 18
63	85 18
63	79 28
63	84 19
63	84 20
63	83 20
63	85 20
63	79 31
63	84 1
63	83 1
63	85 1
63	79 29
63	84 2
63	83 2
63	85 2
63	79 28
63	84 3
63	83 3
63	85 3
63	79 35
63	84 4
63	83 4
63	85 4
63	79 31
63	84 5
63	84 6
63	83 6
63	85 6
63	79 27
63	84 7
63	84 8
63	83 8
63	85 8
63	79 31
63	84 9
63	84 10
63	83 10
63	85 10
63	79 28
63	84 11
63	83 11
63	85 11
63	79 30
63	84 12
63	83 12
63	85 12
63	79 25
63	84 13
63	84 14
63	83 14
63	85 14
63	79 28
63	84 15
63	83 15
63	85 15
63	79 28
63	84 16
63	83 16
63	85 16
63	79 30
63	84 17
63	84 18
63	84 19
63	84 20
63	84 1
63	83 1
63	85 1
63	79 41
63	84 2
63	84 3
63	83 3
63	85 3
63	79 35
63	84 4
63	83 4
63	85 4
63	79 26
63	84 5
63	84 6
63	84 7
63	84 8
63	84 9
63	84 10
63	84 11
63	83 11
63	85 11
63	79 45
63	84 12
63	84 13
63	84 14
63	84 15
63	83 15
63	85 15
63	79 50
63	84 16
63	84 17
63	84 18
63	84 19
63	84 20
63	84 1
63	84 2
63	84 3
63	83 3
63	85 3
63	79 46
63	84 4
63	84 5
63	84 6
63	84 7
63	84 8
63	83 8
63	85 8
63	79 15
63	84 9
63	83 9
63	85 9
63	79 46
63	84 10
63	84 11
63	84 12
63	84 13
63	84 14
63	84 15
63	84 16
63	84 17
63	83 17
63	85 17
63	79 42
63	84 18
63	83 18
63	85 18
63	79 14
63	84 19
63	83 19
63	85 19
63	79 42
63	84 20
63	83 20
63	85 20
63	79 14
63	84 1
63	83 1
63	85 1
63	79 35
63	84 2
63	84 3
63	83 3
63	85 3
63	79 24
63	84 4
63	83 4
63	85 4
63	79 29
63	84 5
63	84 6
63	84 7
63	83 7
63	85 7
63	79 37
63	84 8
63	83 8
63	85 8
63	79 30
63	84 9
63	83 9
63	85 9
63	79 29
63	84 10
63	TEST_NUMBER 2
63	SENT_TOTAL 250
63	RECEIVED_TOTAL 136
63	TIME_TOTAL 29818
63	RECEIVED_RADIO_1 81
63	RECEIVED_RADIO_2 56
63	SENT_RADIO_1 125
63	SENT_RADIO_2 125
63	RADIO_TIME_1 19763
63	RADIO_TIME_2 29868
63	RETRANSMISSIONS_1 0
63	RETRANSMISSIONS_2 0
63	DROPPED_1 0
63	DROPPED_2 0
63	MAX_QUEUE 1
63	DUPLICATED_1 0
63	DUPLICATED_2 0
63	EBUSY_RADIO_1 0
63	EBUSY_RADIO_2 0
63	83 0
63	85 10
63	86 2
63	84 1
63	83 1
63	85 1
63	79 28
63	84 2
63	83 2
63	85 2
63	79 26
63	84 3
63	83 3
63	85 3
63	79 31
63	84 4
63	83 4
63	85 4
63	79 31
63	84 5
63	84 6
63	84 7
63	83 7
63	85 7
63	79 43
63	84 8
63	84 9
63	83 9
63	85 9
63	79 27
63	84 10
63	83 10
63	85 10
63	79 27
63	84 11
63	83 11
63	85 11
63	79 31
63	84 12
63	84 13
63	83 13
63	85 13
63	79 28
63	84 14
63	83 14
63	85 14
63	79 33
63	84 15
63	83 15
63	85 15
63	79 25
63	84 16
63	84 17
63	83 17
63	85 17
63	79 47
63	84 18
63	84 19
63	83 19
63	85 19
63	79 33
63	84 20
63	84 1
63	83 1
63	85 1
63	79 26
63	84 2
63	84 3
63	83 3
63	85 3
63	79 47
63	84 4
63	84 5
63	84 6
63	84 7
63	83 7
63	85 7
63	79 47
63	84 8
63	84 9
63	83 9
63	85 9
63	79 26
63	84 10
63	84 11
63	83 11
63	85 11
63	79 43
63	84 12
63	83 12
63	85 12
63	79 14
63	84 13
63	83 13
63	85 13
63	79 45
63	84 14
63	84 15
63	84 16
63	84 17
63	83 17
63	85 17
63	79 43
63	84 18
63	84 19
63	84 20
63	84 1
63	83 1
63	85 1
63	79 44
63	84 2
63	84 3
63	84 4
63	83 4
63	85 4
63	79 29
63	84 5
63	83 5
63	85 5
63	79 29
63	84 6
63	84 7
63	83 7
63	85 7
63	79 40
63	84 8
63	84 9
63	83 9
63	85 9
63	79 40
63	84 10
63	84 11
63	84 12
63	84 13
63	84 14
63	83 14
63	85 14
63	79 28
63	84 15
63	84 16
63	83 16
63	85 16
63	79 15
63	84 17
63	84 18
63	83 18
63	85 18
63	79 12
63	84 19
63	84 20
63	83 20
63	85 20
63	79 15
63	84 1
63	84 2
63	84 3
63	84 4
63	84 5
63	83 5
63	85 5
63	79 41
63	84 6
63	84 7
63	83 7
63	85 7
63	79 43
63	84 8
63	83 8
63	85 8
63	79 14
63	84 9
63	84 10
63	83 10
63	85 10
63	79 17
63	84 11
63	83 11
63	85 11
63	79 45
63	84 12
63	83 12
63	85 12
63	79 15
63	84 13
63	83 13
63	85 13
63	79 44
63	84 14
63	83 14
63	85 14
63	79 16
63	84 15
63	84 16
63	83 16
63	85 16
63	79 28
63	84 17
63	83 17
63	85 17
63	79 30
63	84 18
63	83 18
63	85 18
63	79 30
63	84 19
63	84 20
63	83 20
63	85 20
63	79 15
63	84 1
63	83 1
63	85 1
63	79 47
63	84 2
63	83 2
63	85 2
63	79 16
63	84 3
63	83 3
63	85 3
63	79 48
63	84 4
63	84 5
63	83 5
63	85 5
63	79 46
63	84 6
63	84 7
63	83 7
63	85 7
63	79 34
63	84 8
63	83 8
63	85 8
63	79 22
63	84 9
63	84 10
63	84 11
63	84 12
63	83 12
63	85 12
63	79 17
63	84 13
63	83 13
63	85 13
63	79 46
63	84 14
63	83 14
63	85 14
63	79 14
63	84 15
63	83 15
63	85 15
63	79 48
63	84 16
63	84 17
63	83 17
63	85 17
63	79 35
63	84 18
63	83 18
63	85 18
63	79 32
63	84 19
63	83 19
63	85 19
63	79 30
63	84 20
63	83 20
63	85 20
63	79 29
63	84 1
63	83 1
63	85 1
63	79 29
63	84 2
63	83 2
63	85 2
63	79 27
63	84 3
63	83 3
63	85 3
63	79 30
63	84 4
63	83 4
63	85 4
63	79 29
63	84 5
63	84 6
63	83 6
63	85 6
63	79 34
63	84 7
63	83 7
63	85 7
63	79 29
63	84 8
63	83 8
63	85 8
63	79 26
63	84 9
63	84 10
63	83 10
63	85 10
63	79 28
63	84 11
63	83 11
63	85 11
63	79 29
63	84 12
63	83 12
63	85 12
63	79 29
63	84 13
63	83 13
63	85 13
63	79 29
63	84 14
63	83 14
63	85 14
63	79 27
63	84 15
63	83 15
63	85 15
63	79 30
63	84 16
63	83 16
63	85 16
63	79 25
63	84 17
63	83 17
63	85 17
63	79 31
63	84 18
63	83 18
63	85 18
63	79 28
63	84 19
63	83 19
63	85 19
63	79 26
63	84 20
63	83 20
63	85 20
63	79 26
63	84 1
63	83 1
63	85 1
63	79 28
63	84 2
63	83 2
63	85 2
63	79 30
63	84 3
63	83 3
63	85 3
63	79 33
63	84 4
63	83 4
63	85 4
63	79 31
63	84 5
63	83 5
63	85 5
63	79 29
63	84 6
63	83 6
63	85 6
63	79 28
63	84 7
63	83 7
63	85 7
63	79 30
63	84 8
63	84 9
63	83 9
63	85 9
63	79 28
63	84 10
63	84 11
63	83 11
63	85 11
63	79 28
63	84 12
63	83 12
63	85 12
63	79 31
63	84 13
63	83 13
63	85 13
63	79 30
63	84 14
63	83 14
63	85 14
63	79 29
63	84 15
63	83 15
63	85 15
63	79 26
63	84 16
63	83 16
63	85 16
63	79 32
63	84 17
63	83 17
63	85 17
63	79 26
63	84 18
63	83 18
63	85 18
63	79 32
63	84 19
63	83 19
63	85 19
63	79 30
63	84 20
63	83 20
63	85 20
63	79 31
63	84 1
63	83 1
63	85 1
63	79 33
63	84 2
63	83 2
63	85 2
63	79 37
63	84 3
63	84 4
63	83 4
63	85 4
63	79 17
63	84 5
63	83 5
63	85 5
63	79 46
63	84 6
63	83 6
63	85 6
63	79 15
63	84 7
63	83 7
63	85 7
63	79 41
63	84 8
63	83 8
63	85 8
63	79 13
63	84 9
63	83 9
63	85 9
63	79 41
63	84 10
63	83 10
63	85 10
63	79 15
63	84 11
63	83 11
63	85 11
63	79 47
63	84 12
63	83 12
63	85 12
63	79 17
63	84 13
63	83 13
63	85 13
63	79 52
63	84 14
63	83 14
63	85 14
63	79 17
63	84 15
63	83 15
63	85 15
63	79 38
63	84 16
63	84 17
63	84 18
63	84 19
63	83 19
63	85 19
63	79 38
63	84 20
63	83 20
63	85 20
63	79 11
63	84 1
63	83 1
63	85 1
63	79 49
63	84 2
63	84 3
63	83 3
63	85 3
63	79 35
63	84 4
63	83 4
63	85 4
63	79 26
63	84 5
63	83 5
63	85 5
63	79 30
63	84 6
63	83 6
63	85 6
63	79 26
63	84 7
63	83 7
63	85 7
63	79 28
63	84 8
63	83 8
63	85 8
63	79 32
63	84 9
63	84 10
63	84 11
63	83 11
63	85 11
63	79 42
63	84 12
63	83 12
63	85 12
63	79 12
63	84 13
63	83 13
63	85 13
63	79 46
63	84 14
63	83 14
63	85 14
63	79 16
63	84 15
63	84 16
63	83 16
63	85 16
63	79 11
63	84 17
63	83 17
63	85 17
63	79 43
63	84 18
63	83 18
63	85 18
63	79 14
63	84 19
63	83 19
63	85 19
63	79 47
63	84 20
63	83 20
63	85 20
63	79 14
63	84 1
63	83 1
63	85 1
63	79 43
63	84 2
63	83 2
63	85 2
63	79 18
63	84 3
63	83 3
63	85 3
63	79 42
63	84 4
63	83 4
63	85 4
63	79 14
63	84 5
63	84 6
63	83 6
63	85 6
63	79 10
63	84 7
63	83 7
63	85 7
63	79 50
63	84 8
63	83 8
63	85 8
63	79 16
63	84 9
63	83 9
63	85 9
63	79 49
63	84 10
63	83 10
63	85 10
63	79 11
63	84 11
63	83 11
63	85 11
63	79 51
63	84 12
63	83 12
63	85 12
63	79 16
63	84 13
63	83 13
63	85 13
63	79 44
63	84 14
63	83 14
63	85 14
63	79 15
63	84 15
63	83 15
63	85 15
63	79 40
63	84 16
63	83 16
63	85 16
63	79 12
63	84 17
63	83 17
63	85 17
63	79 42
63	84 18
63	83 18
63	85 18
63	79 14
63	84 19
63	83 19
63	85 19
63	79 45
63	84 20
63	83 20
63	85 20
63	79 15
63	84 1
63	83 1
63	85 1
63	79 43
63	84 2
63	83 2
63	85 2
63	79 16
63	84 3
63	83 3
63	85 3
63	79 45
63	84 4
63	83 4
63	85 4
63	79 16
63	84 5
63	83 5
63	85 5
63	79 40
63	84 6
63	84 7
63	83 7
63	85 7
63	79 24
63	84 8
63	83 8
63	85 8
63	79 32
63	84 9
63	83 9
63	85 9
63	79 27
63	84 10
63	84 11
63	84 12
63	83 12
63	85 12
63	79 35
63	84 13
63	84 14
63	83 14
63	85 14
63	79 14
63	84 15
63	84 16
63	83 16
63	85 16
63	79 13
63	84 17
63	83 17
63	85 17
63	79 44
63	84 18
63	84 19
63	83 19
63	85 19
63	79 30
63	84 20
63	83 20
63	85 20
63	79 26
63	84 1
63	84 2
63	83 2
63	85 2
63	79 13
63	84 3
63	83 3
63	85 3
63	79 43
63	84 4
63	84 5
63	83 5
63	85 5
63	79 40
63	84 6
63	83 6
63	85 6
63	79 14
63	84 7
63	83 7
63	85 7
63	79 43
63	84 8
63	84 9
63	83 9
63	85 9
63	79 29
63	84 10
63	83 10
63	85 10
63	79 25
63	84 11
63	83 11
63	85 11
63	79 29
63	84 12
63	84 13
63	83 13
63	85 13
63	79 25
63	84 14
63	83 14
63	85 14
63	79 28
63	84 15
63	83 15
63	85 15
63	79 30
63	84 16
63	83 16
63	85 16
63	79 32
63	84 17
63	84 18
63	83 18
63	85 18
63	79 29
63	84 19
63	83 19
63	85 19
63	79 28
63	84 20
63	83 20
63	85 20
63	79 28
63	84 1
63	83 1
63	85 1
63	79 31
63	84 2
63	84 3
63	83 3
63	85 3
63	79 28
63	84 4
63	83 4
63	85 4
63	79 32
63	84 5
63	83 5
63	85 5
63	79 25
63	84 6
63	84 7
63	83 7
63	85 7
63	79 46
63	84 8
63	83 8
63	85 8
63	79 18
63	84 9
63	83 9
63	85 9
63	79 44
63	84 10
63	TEST_NUMBER 3
63	SENT_TOTAL 250
63	RECEIVED_TOTAL 179
63	TIME_TOTAL 29816
63	RECEIVED_RADIO_1 92
63	RECEIVED_RADIO_2 88
63	SENT_RADIO_1 125
63	SENT_RADIO_2 125
63	RADIO_TIME_1 29816
63	RADIO_TIME_2 19815
63	RETRANSMISSIONS_1 0
63	RETRANSMISSIONS_2 0
63	DROPPED_1 0
63	DROPPED_2 0
63	MAX_QUEUE 1
63	DUPLICATED_1 0
63	DUPLICATED_2 0
63	EBUSY_RADIO_1 0
63	EBUSY_RADIO_2 0
63	83 0
63	85 10
63	86 3
63	84 1
63	83 1
63	85 1
63	79 47
63	84 2
63	83 2
63	85 2
63	79 16
63	84 3
63	83 3
63	85 3
63	79 44
63	84 4
63	84 5
63	83 5
63	85 5
63	79 44
63	84 6
63	83 6
63	85 6
63	79 14
63	84 7
63	83 7
63	85 7
63	79 48
63	84 8
63	83 8
63	85 8
63	79 13
63	84 9
63	83 9
63	85 9
63	79 44
63	84 10
63	83 10
63	85 10
63	79 13
63	84 11
63	83 11
63	85 11
63	79 46
63	84 12
63	83 12
63	85 12
63	79 14
63	84 13
63	83 13
63	85 13
63	79 36
63	84 14
63	83 14
63	85 14
63	79 13
63	84 15
63	83 15
63	85 15
63	79 44
63	84 16
63	83 16
63	85 16
63	79 15
63	84 17
63	83 17
63	85 17
63	79 46
63	84 18
63	83 18
63	85 18
63	79 14
63	84 19
63	84 20
63	83 20
63	85 20
63	79 15
63	84 1
63	83 1
63	85 1
63	79 43
63	84 2
63	84 3
63	83 3
63	85 3
63	79 31
63	84 4
63	83 4
63	85 4
63	79 29
63	84 5
63	83 5
63	85 5
63	79 27
63	84 6
63	83 6
63	85 6
63	79 31
63	84 7
63	83 7
63	85 7
63	79 32
63	84 8
63	84 9
63	83 9
63	85 9
63	79 32
63	84 10
63	83 10
63	85 10
63	79 26
63	84 11
63	83 11
63	85 11
63	79 34
63	84 12
63	84 13
63	84 14
63	83 14
63	85 14
63	79 32
63	84 15
63	83 15
63	85 15
63	79 28
63	84 16
63	83 16
63	85 16
63	79 27
63	84 17
63	83 17
63	85 17
63	79 29
63	84 18
63	83 18
63	85 18
63	79 34
63	84 19
63	83 19
63	85 19
63	79 27
63	84 20
63	84 1
63	83 1
63	85 1
63	79 32
63	84 2
63	83 2
63	85 2
63	79 28
63	84 3
63	83 3
63	85 3
63	79 23
63	84 4
63	83 4
63	85 4
63	79 26
63	84 5
63	83 5
63	85 5
63	79 23
63	84 6
63	83 6
63	85 6
63	79 25
63	84 7
63	83 7
63	85 7
63	79 33
63	84 8
63	83 8
63	85 8
63	79 25
63	84 9
63	83 9
63	85 9
63	79 26
63	84 10
63	83 10
63	85 10
63	79 28
63	84 11
63	83 11
63	85 11
63	79 28
63	84 12
63	83 12
63	85 12
63	79 28
63	84 13
63	83 13
63	85 13
63	79 30
63	84 14
63	84 15
63	83 15
63	85 15
63	79 28
63	84 16
63	84 17
63	83 17
63	85 17
63	79 33
63	84 18
63	83 18
63	85 18
63	79 34
63	84 19
63	83 19
63	85 19
63	79 27
63	84 20
63	83 20
63	85 20
63	79 29
63	84 1
63	83 1
63	85 1
63	79 26
63	84 2
63	84 3
63	83 3
63	85 3
63	79 43
63	84 4
63	83 4
63	85 4
63	79 16
63	84 5
63	83 5
63	85 5
63	79 38
63	84 6
63	83 6
63	85 6
63	79 17
63	84 7
63	83 7
63	85 7
63	79 45
63	84 8
63	84 9
63	83 9
63	85 9
63	79 42
63	84 10
63	84 11
63	83 11
63	85 11
63	79 48
63	84 12
63	84 13
63	83 13
63	85 13
63	79 52
63	84 14
63	83 14
63	85 14
63	79 16
63	84 15
63	83 15
63	85 15
63	79 46
63	84 16
63	83 16
63	85 16
63	79 15
63	84 17
63	83 17
63	85 17
63	79 47
63	84 18
63	84 19
63	83 19
63	85 19
63	79 48
63	84 20
63	84 1
63	83 1
63	85 1
63	79 44
63	84 2
63	84 3
63	83 3
63	85 3
63	79 26
63	84 4
63	83 4
63	85 4
63	79 26
63	84 5
63	83 5
63	85 5
63	79 26
63	84 6
63	83 6
63	85 6
63	79 35
63	84 7
63	84 8
63	83 8
63	85 8
63	79 11
63	84 9
63	83 9
63	85 9
63	79 42
63	84 10
63	83 10
63	85 10
63	79 14
63	84 11
63	83 11
63	85 11
63	79 46
63	84 12
63	83 12
63	85 12
63	79 15
63	84 13
63	83 13
63	85 13
63	79 40
63	84 14
63	83 14
63	85 14
63	79 17
63	84 15
63	84 16
63	83 16
63	85 16
63	79 12
63	84 17
63	83 17
63	85 17
63	79 41
63	84 18
63	83 18
63	85 18
63	79 15
63	84 19
63	84 20
63	83 20
63	85 20
63	79 15
63	84 1
63	83 1
63	85 1
63	79 44
63	84 2
63	83 2
63	85 2
63	79 17
63	84 3
63	83 3
63	85 3
63	79 46
63	84 4
63	83 4
63	85 4
63	79 13
63	84 5
63	83 5
63	85 5
63	79 45
63	84 6
63	83 6
63	85 6
63	79 11
63	84 7
63	83 7
63	85 7
63	79 39
63	84 8
63	83 8
63	85 8
63	79 15
63	84 9
63	83 9
63	85 9
63	79 39
63	84 10
63	83 10
63	85 10
63	79 10
63	84 11
63	83 11
63	85 11
63	79 39
63	84 12
63	84 13
63	83 13
63	85 13
63	79 45
63	84 14
63	83 14
63	85 14
63	79 12
63	84 15
63	83 15
63	85 15
63	79 48
63	84 16
63	83 16
63	85 16
63	79 14
63	84 17
63	83 17
63	85 17
63	79 46
63	84 18
63	83 18
63	85 18
63	79 12
63	84 19
63	83 19
63	85 19
63	79 41
63	84 20
63	83 20
63	85 20
63	79 13
63	84 1
63	83 1
63	85 1
63	79 41
63	84 2
63	83 2
63	85 2
63	79 16
63	84 3
63	83 3
63	85 3
63	79 45
63	84 4
63	83 4
63	85 4
63	79 15
63	84 5
63	83 5
63	85 5
63	79 44
63	84 6
63	83 6
63	85 6
63	79 19
63	84 7
63	83 7
63	85 7
63	79 46
63	84 8
63	83 8
63	85 8
63	79 13
63	84 9
63	83 9
63	85 9
63	79 45
63	84 10
63	84 11
63	84 12
63	84 13
63	84 14
63	83 14
63	85 14
63	79 28
63	84 15
63	83 15
63	85 15
63	79 32
63	84 16
63	83 16
63	85 16
63	79 30
63	84 17
63	83 17
63	85 17
63	79 33
63	84 18
63	83 18
63	85 18
63	79 30
63	84 19
63	83 19
63	85 19
63	79 29
63	84 20
63	83 20
63	85 20
63	79 29
63	84 1
63	83 1
63	85 1
63	79 30
63	84 2
63	83 2
63	85 2
63	79 27
63	84 3
63	83 3
63	85 3
63	79 30
63	84 4
63	83 4
63	85 4
63	79 29
63	84 5
63	83 5
63	85 5
63	79 32
63	84 6
63	83 6
63	85 6
63	79 27
63	84 7
63	83 7
63	85 7
63	79 31
63	84 8
63	83 8
63	85 8
63	79 33
63	84 9
63	83 9
63	85 9
63	79 26
63	84 10
63	83 10
63	85 10
63	79 27
63	84 11
63	83 11
63	85 11
63	79 29
63	84 12
63	83 12
63	85 12
63	79 28
63	84 13
63	83 13
63	85 13
63	79 33
63	84 14
63	83 14
63	85 14
63	79 27
63	84 15
63	83 15
63	85 15
63	79 30
63	84 16
63	84 17
63	83 17
63	85 17
63	79 42
63	84 18
63	83 18
63	85 18
63	79 16
63	84 19
63	83 19
63	85 19
63	79 45
63	84 20
63	83 20
63	85 20
63	79 14
63	84 1
63	83 1
63	85 1
63	79 48
63	84 2
63	83 2
63	85 2
63	79 14
63	84 3
63	83 3
63	85 3
63	79 42
63	84 4
63	83 4
63	85 4
63	79 14
63	84 5
63	84 6
63	83 6
63	85 6
63	79 11
63	84 7
63	83 7
63	85 7
63	79 45
63	84 8
63	83 8
63	85 8
63	79 14
63	84 9
63	83 9
63	85 9
63	79 44
63	84 10
63	83 10
63	85 10
63	79 16
63	84 11
63	83 11
63	85 11
63	79 49
63	84 12
63	83 12
63	85 12
63	79 14
63	84 13
63	83 13
63	85 13
63	79 40
63	84 14
63	83 14
63	85 14
63	79 15
63	84 15
63	83 15
63	85 15
63	79 41
63	84 16
63	83 16
63	85 16
63	79 17
63	84 17
63	83 17
63	85 17
63	79 45
63	84 18
63	83 18
63	85 18
63	79 18
63	84 19
63	84 20
63	83 20
63	85 20
63	79 15
63	84 1
63	83 1
63	85 1
63	79 45
63	84 2
63	83 2
63	85 2
63	79 17
63	84 3
63	83 3
63	85 3
63	79 46
63	84 4
63	83 4
63	85 4
63	79 12
63	84 5
63	83 5
63	85 5
63	79 45
63	84 6
63	83 6
63	85 6
63	79 17
63	84 7
63	83 7
63	85 7
63	79 46
63	84 8
63	83 8
63	85 8
63	79 14
63	84 9
63	83 9
63	85 9
63	79 41
63	84 10
63	83 10
63	85 10
63	79 15
63	84 11
63	84 12
63	83 12
63	85 12
63	79 12
63	84 13
63	83 13
63	85 13
63	79 47
63	84 14
63	84 15
63	83 15
63	85 15
63	79 27
63	84 16
63	84 17
63	83 17
63	85 17
63	79 46
63	84 18
63	83 18
63	85 18
63	79 15
63	84 19
63	83 19
63	85 19
63	79 42
63	84 20
63	83 20
63	85 20
63	79 11
63	84 1
63	83 1
63	85 1
63	79 46
63	84 2
63	83 2
63	85 2
63	79 14
63	84 3
63	83 3
63	85 3
63	79 44
63	84 4
63	83 4
63	85 4
63	79 11
63	84 5
63	83 5
63	85 5
63	79 39
63	84 6
63	83 6
63	85 6
63	79 13
63	84 7
63	83 7
63	85 7
63	79 36
63	84 8
63	83 8
63	85 8
63	79 12
63	84 9
63	83 9
63	85 9
63	79 38
63	84 10
63	83 10
63	85 10
63	79 16
63	84 11
63	83 11
63	85 11
63	79 43
63	84 12
63	83 12
63	85 12
63	79 15
63	84 13
63	83 13
63	85 13
63	79 44
63	84 14
63	83 14
63	85 14
63	79 16
63	84 15
63	83 15
63	85 15
63	79 42
63	84 16
63	83 16
63	85 16
63	79 15
63	84 17
63	83 17
63	85 17
63	79 45
63	84 18
63	83 18
63	85 18
63	79 15
63	84 19
63	84 20
63	83 20
63	85 20
63	79 15
63	84 1
63	83 1
63	85 1
63	79 46
63	84 2
63	83 2
63	85 2
63	79 12
63	84 3
63	84 4
63	83 4
63	85 4
63	79 11
63	84 5
63	83 5
63	85 5
63	79 42
63	84 6
63	83 6
63	85 6
63	79 12
63	84 7
63	84 8
63	83 8
63	85 8
63	79 27
63	84 9
63	83 9
63	85 9
63	79 32
63	84 10
63	83 10
63	85 10
63	79 31
63	84 11
63	83 11
63	85 11
63	79 29
63	84 12
63	83 12
63	85 12
63	79 28
63	84 13
63	83 13
63	85 13
63	79 30
63	84 14
63	83 14
63	85 14
63	79 33
63	84 15
63	83 15
63	85 15
63	79 25
63	84 16
63	83 16
63	85 16
63	79 24
63	84 17
63	83 17
63	85 17
63	79 32
63	84 18
63	83 18
63	85 18
63	79 26
63	84 19
63	83 19
63	85 19
63	79 27
63	84 20
63	83 20
63	85 20
63	79 33
63	84 1
63	84 2
63	83 2
63	85 2
63	79 14
63	84 3
63	83 3
63	85 3
63	79 42
63	84 4
63	83 4
63	85 4
63	79 12
63	84 5
63	83 5
63	85 5
63	79 34
63	84 6
63	83 6
63	85 6
63	79 16
63	84 7
63	83 7
63	85 7
63	79 37
63	84 8
63	83 8
63	85 8
63	79 16
63	84 9
63	83 9
63	85 9
63	79 44
63	84 10
63	TEST_NUMBER 4
63	SENT_TOTAL 250
63	RECEIVED_TOTAL 215
63	TIME_TOTAL 29834
63	RECEIVED_RADIO_1 106
63	RECEIVED_RADIO_2 110
63	SENT_RADIO_1 125
63	SENT_RADIO_2 125
63	RADIO_TIME_1 19807
63	RADIO_TIME_2 29869
63	RETRANSMISSIONS_1 0
63	RETRANSMISSIONS_2 0
63	DROPPED_1 0
63	DROPPED_2 0
63	MAX_QUEUE 1
63	DUPLICATED_1 0
63	DUPLICATED_2 0
63	EBUSY_RADIO_1 0
63	EBUSY_RADIO_2 0
63	83 0
63	85 10
63	86 4
63	84 1
63	83 1
63	85 1
63	79 40
63	84 2
63	83 2
63	85 2
63	79 15
63	84 3
63	83 3
63	85 3
63	79 41
63	84 4
63	84 5
63	83 5
63	85 5
63	79 27
63	84 6
63	83 6
63	85 6
63	79 27
63	84 7
63	83 7
63	85 7
63	79 34
63	84 8
63	83 8
63	85 8
63	79 27
63	84 9
63	83 9
63	85 9
63	79 21
63	84 10
63	84 11
63	83 11
63	85 11
63	79 52
63	84 12
63	83 12
63	85 12
63	79 14
63	84 13
63	83 13
63	85 13
63	79 35
63	84 14
63	83 14
63	85 14
63	79 18
63	84 15
63	83 15
63	85 15
63	79 39
63	84 16
63	83 16
63	85 16
63	79 15
63	84 17
63	83 17
63	85 17
63	79 47
63	84 18
63	83 18
63	85 18
63	79 16
63	84 19
63	83 19
63	85 19
63	79 50
63	84 20
63	83 20
63	85 20
63	79 16
63	84 1
63	83 1
63	85 1
63	79 44
63	84 2
63	83 2
63	85 2
63	79 15
63	84 3
63	83 3
63	85 3
63	79 48
63	84 4
63	83 4
63	85 4
63	79 14
63	84 5
63	84 6
63	83 6
63	85 6
63	79 15
63	84 7
63	83 7
63	85 7
63	79 44
63	84 8
63	83 8
63	85 8
63	79 18
63	84 9
63	83 9
63	85 9
63	79 41
63	84 10
63	83 10
63	85 10
63	79 13
63	84 11
63	83 11
63	85 11
63	79 41
63	84 12
63	84 13
63	83 13
63	85 13
63	79 43
63	84 14
63	83 14
63	85 14
63	79 14
63	84 15
63	84 16
63	83 16
63	85 16
63	79 14
63	84 17
63	83 17
63	85 17
63	79 46
63	84 18
63	83 18
63	85 18
63	79 14
63	84 19
63	83 19
63	85 19
63	79 39
63	84 20
63	83 20
63	85 20
63	79 15
63	84 1
63	83 1
63	85 1
63	79 41
63	84 2
63	83 2
63	85 2
63	79 15
63	84 3
63	83 3
63	85 3
63	79 53
63	84 4
63	83 4
63	85 4
63	79 11
63	84 5
63	83 5
63	85 5
63	79 42
63	84 6
63	83 6
63	85 6
63	79 16
63	84 7
63	84 8
63	83 8
63	85 8
63	79 19
63	84 9
63	83 9
63	85 9
63	79 41
63	84 10
63	84 11
63	83 11
63	85 11
63	79 42
63	84 12
63	83 12
63	85 12
63	79 14
63	84 13
63	84 14
63	83 14
63	85 14
63	79 15
63	84 15
63	84 16
63	83 16
63	85 16
63	79 15
63	84 17
63	84 18
63	83 18
63	85 18
63	79 15
63	84 19
63	83 19
63	85 19
63	79 39
63	84 20
63	83 20
63	85 20
63	79 16
63	84 1
63	83 1
63	85 1
63	79 42
63	84 2
63	83 2
63	85 2
63	79 14
63	84 3
63	83 3
63	85 3
63	79 49
63	84 4
63	83 4
63	85 4
63	79 10
63	84 5
63	83 5
63	85 5
63	79 38
63	84 6
63	83 6
63	85 6
63	79 13
63	84 7
63	84 8
63	84 9
63	83 9
63	85 9
63	79 39
63	84 10
63	84 11
63	83 11
63	85 11
63	79 32
63	84 12
63	83 12
63	85 12
63	79 28
63	84 13
63	83 13
63	85 13
63	79 31
63	84 14
63	83 14
63	85 14
63	79 24
63	84 15
63	83 15
63	85 15
63	79 25
63	84 16
63	83 16
63	85 16
63	79 30
63	84 17
63	83 17
63	85 17
63	79 29
63	84 18
63	83 18
63	85 18
63	79 27
63	84 19
63	83 19
63	85 19
63	79 30
63	84 20
63	84 1
63	83 1
63	85 1
63	79 29
63	84 2
63	84 3
63	83 3
63	85 3
63	79 26
63	84 4
63	83 4
63	85 4
63	79 30
63	84 5
63	83 5
63	85 5
63	79 23
63	84 6
63	84 7
63	83 7
63	85 7
63	79 28
63	84 8
63	83 8
63	85 8
63	79 30
63	84 9
63	83 9
63	85 9
63	79 29
63	84 10
63	83 10
63	85 10
63	79 29
63	84 11
63	83 11
63	85 11
63	79 26
63	84 12
63	83 12
63	85 12
63	79 29
63	84 13
63	83 13
63	85 13
63	79 35
63	84 14
63	84 15
63	83 15
63	85 15
63	79 33
63	84 16
63	83 16
63	85 16
63	79 34
63	84 17
63	83 17
63	85 17
63	79 32
63	84 18
63	83 18
63	85 18
63	79 29
63	84 19
63	83 19
63	85 19
63	79 35
63	84 20
63	83 20
63	85 20
63	79 29
63	84 1
63	83 1
63	85 1
63	79 31
63	84 2
63	83 2
63	85 2
63	79 27
63	84 3
63	83 3
63	85 3
63	79 31
63	84 4
63	83 4
63	85 4
63	79 31
63	84 5
63	83 5
63	85 5
63	79 32
63	84 6
63	83 6
63	85 6
63	79 32
63	84 7
63	83 7
63	85 7
63	79 28
63	84 8
63	83 8
63	85 8
63	79 28
63	84 9
63	83 9
63	85 9
63	79 25
63	84 10
63	83 10
63	85 10
63	79 31
63	84 11
63	83 11
63	85 11
63	79 30
63	84 12
63	83 12
63	85 12
63	79 29
63	84 13
63	83 13
63	85 13
63	79 29
63	84 14
63	83 14
63	85 14
63	79 28
63	84 15
63	83 15
63	85 15
63	79 26
63	84 16
63	83 16
63	85 16
63	79 27
63	84 17
63	83 17
63	85 17
63	79 35
63	84 18
63	83 18
63	85 18
63	79 22
63	84 19
63	84 20
63	83 20
63	85 20
63	79 15
63	84 1
63	83 1
63	85 1
63	79 47
63	84 2
63	83 2
63	85 2
63	79 15
63	84 3
63	83 3
63	85 3
63	79 37
63	84 4
63	83 4
63	85 4
63	79 16
63	84 5
63	83 5
63	85 5
63	79 49
63	84 6
63	83 6
63	85 6
63	79 13
63	84 7
63	83 7
63	85 7
63	79 41
63	84 8
63	83 8
63	85 8
63	79 15
63	84 9
63	83 9
63	85 9
63	79 39
63	84 10
63	83 10
63	85 10
63	79 18
63	84 11
63	83 11
63	85 11
63	79 42
63	84 12
63	83 12
63	85 12
63	79 13
63	84 13
63	83 13
63	85 13
63	79 46
63	84 14
63	83 14
63	85 14
63	79 13
63	84 15
63	84 16
63	83 16
63	85 16
63	79 14
63	84 17
63	84 18
63	83 18
63	85 18
63	79 16
63	84 19
63	83 19
63	85 19
63	79 44
63	84 20
63	83 20
63	85 20
63	79 11
63	84 1
63	83 1
63	85 1
63	79 39
63	84 2
63	83 2
63	85 2
63	79 17
63	84 3
63	83 3
63	85 3
63	79 41
63	84 4
63	83 4
63	85 4
63	79 12
63	84 5
63	83 5
63	85 5
63	79 39
63	84 6
63	83 6
63	85 6
63	79 15
63	84 7
63	83 7
63	85 7
63	79 41
63	84 8
63	83 8
63	85 8
63	79 11
63	84 9
63	84 10
63	83 10
63	85 10
63	79 14
63	84 11
63	84 12
63	83 12
63	85 12
63	79 15
63	84 13
63	83 13
63	85 13
63	79 48
63	84 14
63	84 15
63	83 15
63	85 15
63	79 45
63	84 16
63	83 16
63	85 16
63	79 15
63	84 17
63	83 17
63	85 17
63	79 42
63	84 18
63	83 18
63	85 18
63	79 12
63	84 19
63	83 19
63	85 19
63	79 41
63	84 20
63	83 20
63	85 20
63	79 16
63	84 1
63	84 2
63	83 2
63	85 2
63	79 18
63	84 3
63	84 4
63	83 4
63	85 4
63	79 18
63	84 5
63	83 5
63	85 5
63	79 41
63	84 6
63	83 6
63	85 6
63	79 14
63	84 7
63	83 7
63	85 7
63	79 38
63	84 8
63	83 8
63	85 8
63	79 16
63	84 9
63	84 10
63	84 11
63	83 11
63	85 11
63	79 29
63	84 12
63	83 12
63	85 12
63	79 30
63	84 13
63	83 13
63	85 13
63	79 32
63	84 14
63	83 14
63	85 14
63	79 28
63	84 15
63	83 15
63	85 15
63	79 28
63	84 16
63	83 16
63	85 16
63	79 29
63	84 17
63	83 17
63	85 17
63	79 24
63	84 18
63	83 18
63	85 18
63	79 26
63	84 19
63	83 19
63	85 19
63	79 31
63	84 20
63	83 20
63	85 20
63	79 30
63	84 1
63	83 1
63	85 1
63	79 25
63	84 2
63	83 2
63	85 2
63	79 27
63	84 3
63	83 3
63	85 3
63	79 27
63	84 4
63	83 4
63	85 4
63	79 31
63	84 5
63	83 5
63	85 5
63	79 28
63	84 6
63	83 6
63	85 6
63	79 30
63	84 7
63	83 7
63	85 7
63	79 31
63	84 8
63	83 8
63	85 8
63	79 31
63	84 9
63	83 9
63	85 9
63	79 29
63	84 10
63	83 10
63	85 10
63	79 32
63	84 11
63	83 11
63	85 11
63	79 32
63	84 12
63	83 12
63	85 12
63	79 30
63	84 13
63	83 13
63	85 13
63	79 30
63	84 14
63	83 14
63	85 14
63	79 26
63	84 15
63	83 15
63	85 15
63	79 31
63	84 16
63	84 17
63	83 17
63	85 17
63	79 25
63	84 18
63	83 18
63	85 18
63	79 26
63	84 19
63	83 19
63	85 19
63	79 27
63	84 20
63	83 20
63	85 20
63	79 28
63	84 1
63	83 1
63	85 1
63	79 24
63	84 2
63	83 2
63	85 2
63	79 31
63	84 3
63	83 3
63	85 3
63	79 31
63	84 4
63	83 4
63	85 4
63	79 29
63	84 5
63	83 5
63	85 5
63	79 24
63	84 6
63	83 6
63	85 6
63	79 26
63	84 7
63	83 7
63	85 7
63	79 26
63	84 8
63	83 8
63	85 8
63	79 29
63	84 9
63	83 9
63	85 9
63	79 25
63	84 10
63	83 10
63	85 10
63	79 29
63	84 11
63	83 11
63	85 11
63	79 35
63	84 12
63	84 13
63	83 13
63	85 13
63	79 30
63	84 14
63	83 14
63	85 14
63	79 32
63	84 15
63	83 15
63	85 15
63	79 28
63	84 16
63	83 16
63	85 16
63	79 26
63	84 17
63	83 17
63	85 17
63	79 25
63	84 18
63	83 18
63	85 18
63	79 30
63	84 19
63	83 19
63	85 19
63	79 36
63	84 20
63	83 20
63	85 20
63	79 30
63	84 1
63	83 1
63	85 1
63	79 29
63	84 2
63	83 2
63	85 2
63	79 32
63	84 3
63	83 3
63	85 3
63	79 32
63	84 4
63	83 4
63	85 4
63	79 31
63	84 5
63	83 5
63	85 5
63	79 29
63	84 6
63	83 6
63	85 6
63	79 29
63	84 7
63	83 7
63	85 7
63	79 32
63	84 8
63	84 9
63	83 9
63	85 9
63	79 29
63	84 10
63	83 10
63	85 10
63	79 25
63	84 11
63	83 11
63	85 11
63	79 27
63	84 12
63	83 12
63	85 12
63	79 26
63	84 13
63	83 13
63	85 13
63	79 26
63	84 14
63	83 14
63	85 14
63	79 24
63	84 15
63	83 15
63	85 15
63	79 33
63	84 16
63	83 16
63	85 16
63	79 26
63	84 17
63	83 17
63	85 17
63	79 33
63	84 18
63	84 19
63	83 19
63	85 19
63	79 31
63	84 20
63	83 20
63	85 20
63	79 31
63	84 1
63	83 1
63	85 1
63	79 28
63	84 2
63	83 2
63	85 2
63	79 28
63	84 3
63	84 4
63	83 4
63	85 4
63	79 17
63	84 5
63	83 5
63	85 5
63	79 47
63	84 6
63	83 6
63	85 6
63	79 11
63	84 7
63	83 7
63	85 7
63	79 48
63	84 8
63	83 8
63	85 8
63	79 18
63	84 9
63	83 9
63	85 9
63	79 48
63	84 10
63	TEST_NUMBER 5
63	SENT_TOTAL 250
63	RECEIVED_TOTAL 217
63	TIME_TOTAL 29835
63	RECEIVED_RADIO_1 100
63	RECEIVED_RADIO_2 118
63	SENT_RADIO_1 125
63	SENT_RADIO_2 125
63	RADIO_TIME_1 19811
63	RADIO_TIME_2 29867
63	RETRANSMISSIONS_1 0
63	RETRANSMISSIONS_2 0
63	DROPPED_1 0
63	DROPPED_2 0
63	MAX_QUEUE 1
63	DUPLICATED_1 0
63	DUPLICATED_2 0
63	EBUSY_RADIO_1 0
63	EBUSY_RADIO_2 0
63	83 0
63	85 10
63	86 5
63	84 1
63	83 1
63	85 1
63	79 40
63	84 2
63	83 2
63	85 2
63	79 14
63	84 3
63	83 3
63	85 3
63	79 45
63	84 4
63	84 5
63	83 5
63	85 5
63	79 49
63	84 6
63	83 6
63	85 6
63	79 16
63	84 7
63	83 7
63	85 7
63	79 44
63	84 8
63	84 9
63	83 9
63	85 9
63	79 24
63	84 10
63	84 11
63	83 11
63	85 11
63	79 49
63	84 12
63	83 12
63	85 12
63	79 17
63	84 13
63	83 13
63	85 13
63	79 43
63	84 14
63	83 14
63	85 14
63	79 16
63	84 15
63	83 15
63	85 15
63	79 43
63	84 16
63	83 16
63	85 16
63	79 13
63	84 17
63	84 18
63	83 18
63	85 18
63	79 15
63	84 19
63	83 19
63	85 19
63	79 48
63	84 20
63	83 20
63	85 20
63	79 18
63	84 1
63	83 1
63	85 1
63	79 45
63	84 2
63	84 3
63	83 3
63	85 3
63	79 25
63	84 4
63	84 5
63	84 6
63	84 7
63	84 8
63	84 9
63	83 9
63	85 9
63	79 47
63	84 10
63	84 11
63	83 11
63	85 11
63	79 48
63	84 12
63	84 13
63	84 14
63	84 15
63	83 15
63	85 15
63	79 45
63	84 16
63	84 17
63	84 18
63	83 18
63	85 18
63	79 26
63	84 19
63	84 20
63	84 1
63	83 1
63	85 1
63	79 30
63	84 2
63	83 2
63	85 2
63	79 28
63	84 3
63	83 3
63	85 3
63	79 32
63	84 4
63	83 4
63	85 4
63	79 29
63	84 5
63	84 6
63	84 7
63	83 7
63	85 7
63	79 45
63	84 8
63	83 8
63	85 8
63	79 18
63	84 9
63	83 9
63	85 9
63	79 43
63	84 10
63	83 10
63	85 10
63	79 15
63	84 11
63	83 11
63	85 11
63	79 49
63	84 12
63	83 12
63	85 12
63	79 11
63	84 13
63	83 13
63	85 13
63	79 49
63	84 14
63	83 14
63	85 14
63	79 14
63	84 15
63	83 15
63	85 15
63	79 45
63	84 16
63	83 16
63	85 16
63	79 14
63	84 17
63	83 17
63	85 17
63	79 45
63	84 18
63	84 19
63	83 19
63	85 19
63	79 45
63	84 20
63	84 1
63	84 2
63	83 2
63	85 2
63	79 26
63	84 3
63	84 4
63	83 4
63	85 4
63	79 31
63	84 5
63	83 5
63	85 5
63	79 28
63	84 6
63	83 6
63	85 6
63	79 30
63	84 7
63	84 8
63	83 8
63	85 8
63	79 30
63	84 9
63	84 10
63	84 11
63	83 11
63	85 11
63	79 32
63	84 12
63	83 12
63	85 12
63	79 31
63	84 13
63	83 13
63	85 13
63	79 26
63	84 14
63	83 14
63	85 14
63	79 27
63	84 15
63	83 15
63	85 15
63	79 32
63	84 16
63	83 16
63	85 16
63	79 30
63	84 17
63	83 17
63	85 17
63	79 32
63	84 18
63	83 18
63	85 18
63	79 27
63	84 19
63	83 19
63	85 19
63	79 32
63	84 20
63	83 20
63	85 20
63	79 24
63	84 1
63	84 2
63	83 2
63	85 2
63	79 28
63	84 3
63	83 3
63	85 3
63	79 30
63	84 4
63	83 4
63	85 4
63	79 36
63	84 5
63	83 5
63	85 5
63	79 32
63	84 6
63	83 6
63	85 6
63	79 34
63	84 7
63	83 7
63	85 7
63	79 30
63	84 8
63	83 8
63	85 8
63	79 27
63	84 9
63	84 10
63	83 10
63	85 10
63	79 30
63	84 11
63	83 11
63	85 11
63	79 25
63	84 12
63	83 12
63	85 12
63	79 30
63	84 13
63	83 13
63	85 13
63	79 31
63	84 14
63	83 14
63	85 14
63	79 33
63	84 15
63	83 15
63	85 15
63	79 35
63	84 16
63	83 16
63	85 16
63	79 31
63	84 17
63	83 17
63	85 17
63	79 29
63	84 18
63	83 18
63	85 18
63	79 28
63	84 19
63	83 19
63	85 19
63	79 32
63	84 20
63	83 20
63	85 20
63	79 29
63	84 1
63	83 1
63	85 1
63	79 30
63	84 2
63	83 2
63	85 2
63	79 30
63	84 3
63	84 4
63	83 4
63	85 4
63	79 26
63	84 5
63	83 5
63	85 5
63	79 31
63	84 6
63	84 7
63	83 7
63	85 7
63	79 31
63	84 8
63	83 8
63	85 8
63	79 30
63	84 9
63	84 10
63	83 10
63	85 10
63	79 28
63	84 11
63	84 12
63	83 12
63	85 12
63	79 30
63	84 13
63	83 13
63	85 13
63	79 32
63	84 14
63	83 14
63	85 14
63	79 29
63	84 15
63	83 15
63	85 15
63	79 28
63	84 16
63	84 17
63	83 17
63	85 17
63	79 39
63	84 18
63	84 19
63	84 20
63	83 20
63	85 20
63	79 28
63	84 1
63	83 1
63	85 1
63	79 30
63	84 2
63	83 2
63	85 2
63	79 27
63	84 3
63	83 3
63	85 3
63	79 30
63	84 4
63	84 5
63	83 5
63	85 5
63	79 31
63	84 6
63	84 7
63	83 7
63	85 7
63	79 27
63	84 8
63	83 8
63	85 8
63	79 23
63	84 9
63	84 10
63	83 10
63	85 10
63	79 26
63	84 11
63	83 11
63	85 11
63	79 25
63	84 12
63	83 12
63	85 12
63	79 33
63	84 13
63	83 13
63	85 13
63	79 28
63	84 14
63	83 14
63	85 14
63	79 26
63	84 15
63	83 15
63	85 15
63	79 24
63	84 16
63	83 16
63	85 16
63	79 30
63	84 17
63	83 17
63	85 17
63	79 34
63	84 18
63	84 19
63	83 19
63	85 19
63	79 35
63	84 20
63	83 20
63	85 20
63	79 28
63	84 1
63	83 1
63	85 1
63	79 28
63	84 2
63	83 2
63	85 2
63	79 31
63	84 3
63	84 4
63	83 4
63	85 4
63	79 29
63	84 5
63	83 5
63	85 5
63	79 27
63	84 6
63	84 7
63	83 7
63	85 7
63	79 24
63	84 8
63	84 9
63	83 9
63	85 9
63	79 47
63	84 10
63	84 11
63	84 12
63	83 12
63	85 12
63	79 25
63	84 13
63	84 14
63	83 14
63	85 14
63	79 30
63	84 15
63	83 15
63	85 15
63	79 25
63	84 16
63	83 16
63	85 16
63	79 33
63	84 17
63	84 18
63	83 18
63	85 18
63	79 33
63	84 19
63	83 19
63	85 19
63	79 27
63	84 20
63	83 20
63	85 20
63	79 27
63	84 1
63	83 1
63	85 1
63	79 30
63	84 2
63	83 2
63	85 2
63	79 32
63	84 3
63	83 3
63	85 3
63	79 25
63	84 4
63	83 4
63	85 4
63	79 29
63	84 5
63	83 5
63	85 5
63	79 30
63	84 6
63	83 6
63	85 6
63	79 27
63	84 7
63	83 7
63	85 7
63	79 26
63	84 8
63	83 8
63	85 8
63	79 28
63	84 9
63	83 9
63	85 9
63	79 30
63	84 10
63	83 10
63	85 10
63	79 25
63	84 11
63	83 11
63	85 11
63	79 31
63	84 12
63	83 12
63	85 12
63	79 26
63	84 13
63	83 13
63	85 13
63	79 33
63	84 14
63	83 14
63	85 14
63	79 32
63	84 15
63	83 15
63	85 15
63	79 27
63	84 16
63	83 16
63	85 16
63	79 31
63	84 17
63	83 17
63	85 17
63	79 32
63	84 18
63	83 18
63	85 18
63	79 26
63	84 19
63	83 19
63	85 19
63	79 27
63	84 20
63	83 20
63	85 20
63	79 34
63	84 1
63	83 1
63	85 1
63	79 26
63	84 2
63	83 2
63	85 2
63	79 30
63	84 3
63	83 3
63	85 3
63	79 24
63	84 4
63	83 4
63	85 4
63	79 29
63	84 5
63	83 5
63	85 5
63	79 30
63	84 6
63	83 6
63	85 6
63	79 28
63	84 7
63	83 7
63	85 7
63	79 25
63	84 8
63	83 8
63	85 8
63	79 32
63	84 9
63	83 9
63	85 9
63	79 31
63	84 10
63	83 10
63	85 10
63	79 29
63	84 11
63	83 11
63	85 11
63	79 34
63	84 12
63	83 12
63	85 12
63	79 28
63	84 13
63	83 13
63	85 13
63	79 28
63	84 14
63	83 14
63	85 14
63	79 26
63	84 15
63	83 15
63	85 15
63	79 29
63	84 16
63	84 17
63	83 17
63	85 17
63	79 29
63	84 18
63	84 19
63	83 19
63	85 19
63	79 44
63	84 20
63	84 1
63	83 1
63	85 1
63	79 36
63	84 2
63	84 3
63	84 4
63	83 4
63	85 4
63	79 30
63	84 5
63	84 6
63	84 7
63	83 7
63	85 7
63	79 46
63	84 8
63	84 9
63	84 10
63	84 11
63	83 11
63	85 11
63	79 49
63	84 12
63	83 12
63	85 12
63	79 16
63	84 13
63	83 13
63	85 13
63	79 44
63	84 14
63	83 14
63	85 14
63	79 19
63	84 15
63	83 15
63	85 15
63	79 43
63	84 16
63	83 16
63	85 16
63	79 19
63	84 17
63	83 17
63	85 17
63	79 44
63	84 18
63	83 18
63	85 18
63	79 13
63	84 19
63	83 19
63	85 19
63	79 48
63	84 20
63	84 1
63	83 1
63	85 1
63	79 40
63	84 2
63	84 3
63	83 3
63	85 3
63	79 27
63	84 4
63	83 4
63	85 4
63	79 31
63	84 5
63	83 5
63	85 5
63	79 28
63	84 6
63	83 6
63	85 6
63	79 23
63	84 7
63	83 7
63	85 7
63	79 33
63	84 8
63	83 8
63	85 8
63	79 26
63	84 9
63	84 10
63	84 11
63	83 11
63	85 11
63	79 49
63	84 12
63	83 12
63	85 12
63	79 17
63	84 13
63	83 13
63	85 13
63	79 39
63	84 14
63	83 14
63	85 14
63	79 12
63	84 15
63	83 15
63	85 15
63	79 43
63	84 16
63	83 16
63	85 16
63	79 12
63	84 17
63	84 18
63	84 19
63	84 20
63	83 20
63	85 20
63	79 33
63	84 1
63	84 2
63	84 3
63	83 3
63	85 3
63	79 43
63	84 4
63	84 5
63	83 5
63	85 5
63	79 29
63	84 6
63	83 6
63	85 6
63	79 30
63	84 7
63	83 7
63	85 7
63	79 28
63	84 8
63	83 8
63	85 8
63	79 29
63	84 9
63	83 9
63	85 9
63	79 24
63	84 10
63	TEST_NUMBER 6
63	SENT_TOTAL 250
63	RECEIVED_TOTAL 182
63	TIME_TOTAL 29813
63	RECEIVED_RADIO_1 101
63	RECEIVED_RADIO_2 82
63	SENT_RADIO_1 125
63	SENT_RADIO_2 125
63	RADIO_TIME_1 19763
63	RADIO_TIME_2 29868
63	RETRANSMISSIONS_1 0
63	RETRANSMISSIONS_2 0
63	DROPPED_1 0
63	DROPPED_2 0
63	MAX_QUEUE 1
63	DUPLICATED_1 0
63	DUPLICATED_2 0
63	EBUSY_RADIO_1 0
63	EBUSY_RADIO_2 0
63	83 0
63	85 10
63	86 6

65	RELAY_NODE 65
65	TEST_NUMBER 0
65	SENT_TOTAL 0
65	RECEIVED_TOTAL 0
65	TIME_TOTAL 0
65	RECEIVED_RADIO_1 117
65	RECEIVED_RADIO_2 88
65	SENT_RADIO_1 88
65	SENT_RADIO_2 117
65	RADIO_TIME_1 18967
65	RADIO_TIME_2 18967
65	RETRANSMISSIONS_1 0
65	RETRANSMISSIONS_2 0
65	DROPPED_1 0
65	DROPPED_2 0
65	MAX_QUEUE 1
65	DUPLICATED_1 0
65	DUPLICATED_2 0
65	EBUSY_RADIO_1 0
65	EBUSY_RADIO_2 0
65	TEST_NUMBER 1
65	SENT_TOTAL 0
65	RECEIVED_TOTAL 0
65	TIME_TOTAL 0
65	RECEIVED_RADIO_1 122
65	RECEIVED_RADIO_2 81
65	SENT_RADIO_1 81
65	SENT_RADIO_2 122
65	RADIO_TIME_1 29748
65	RADIO_TIME_2 29748
65	RETRANSMISSIONS_1 0
65	RETRANSMISSIONS_2 0
65	DROPPED_1 0
65	DROPPED_2 0
65	MAX_QUEUE 1
65	DUPLICATED_1 0
65	DUPLICATED_2 0
65	EBUSY_RADIO_1 0
65	EBUSY_RADIO_2 0
65	TEST_NUMBER 2
65	SENT_TOTAL 0
65	RECEIVED_TOTAL 0
65	TIME_TOTAL 0
65	RECEIVED_RADIO_1 120
65	RECEIVED_RADIO_2 84
65	SENT_RADIO_1 84
65	SENT_RADIO_2 120
65	RADIO_TIME_1 29748
65	RADIO_TIME_2 29748
65	RETRANSMISSIONS_1 0
65	RETRANSMISSIONS_2 0
65	DROPPED_1 0
65	DROPPED_2 0
65	MAX_QUEUE 1
65	DUPLICATED_1 0
65	DUPLICATED_2 0
65	EBUSY_RADIO_1 0
65	EBUSY_RADIO_2 0
65	TEST_NUMBER 3
65	SENT_TOTAL 0
65	RECEIVED_TOTAL 0
65	TIME_TOTAL 0
65	RECEIVED_RADIO_1 115
65	RECEIVED_RADIO_2 94
65	SENT_RADIO_1 94
65	SENT_RADIO_2 115
65	RADIO_TIME_1 29817
65	RADIO_TIME_2 29817
65	RETRANSMISSIONS_1 0
65	RETRANSMISSIONS_2 0
65	DROPPED_1 0
65	DROPPED_2 0
65	MAX_QUEUE 1
65	DUPLICATED_1 0
65	DUPLICATED_2 0
65	EBUSY_RADIO_1 0
65	EBUSY_RADIO_2 0
65	TEST_NUMBER 4
65	SENT_TOTAL 0
65	RECEIVED_TOTAL 0
65	TIME_TOTAL 0
65	RECEIVED_RADIO_1 124
65	RECEIVED_RADIO_2 106
65	SENT_RADIO_1 106
65	SENT_RADIO_2 124
65	RADIO_TIME_1 29823
65	RADIO_TIME_2 29823
65	RETRANSMISSIONS_1 0
65	RETRANSMISSIONS_2 0
65	DROPPED_1 0
65	DROPPED_2 0
65	MAX_QUEUE 1
65	DUPLICATED_1 0
65	DUPLICATED_2 0
65	EBUSY_RADIO_1 0
65	EBUSY_RADIO_2 0
65	TEST_NUMBER 5
65	SENT_TOTAL 0
65	RECEIVED_TOTAL 0
65	TIME_TOTAL 0
65	RECEIVED_RADIO_1 122
65	RECEIVED_RADIO_2 103
65	SENT_RADIO_1 103
65	SENT_RADIO_2 122
65	RADIO_TIME_1 29660
65	RADIO_TIME_2 29660
65	RETRANSMISSIONS_1 0
65	RETRANSMISSIONS_2 0
65	DROPPED_1 0
65	DROPPED_2 0
65	MAX_QUEUE 1
65	DUPLICATED_1 0
65	DUPLICATED_2 0
65	EBUSY_RADIO_1 0
65	EBUSY_RADIO_2 0
65	TEST_NUMBER 6
65	SENT_TOTAL 0
65	RECEIVED_TOTAL 0
65	TIME_TOTAL 0
65	RECEIVED_RADIO_1 124
65	RECEIVED_RADIO_2 105
65	SENT_RADIO_1 105
65	SENT_RADIO_2 124
65	RADIO_TIME_1 29822
65	RADIO_TIME_2 29822
65	RETRANSMISSIONS_1 0
65	RETRANSMISSIONS_2 0
65	DROPPED_1 0
65	DROPPED_2 0
65	MAX_QUEUE 1
65	DUPLICATED_1 0
65	DUPLICATED_2 0
65	EBUSY_RADIO_1 0
65	EBUSY_RADIO_2 0
