
54	RELAY_NODE 54
54	TEST_NUMBER 0
54	SENT_TOTAL 0
54	RECEIVED_TOTAL 0
54	TIME_TOTAL 0
54	RECEIVED_RADIO_1 125
54	RECEIVED_RADIO_2 193
54	SENT_RADIO_1 193
54	SENT_RADIO_2 125
54	RADIO_TIME_1 19862
54	RADIO_TIME_2 19862
54	RETRANSMISSIONS_1 9
54	RETRANSMISSIONS_2 0
54	DROPPED_1 0
54	DROPPED_2 0
54	MAX_QUEUE 1
54	DUPLICATED_1 0
54	DUPLICATED_2 0
54	EBUSY_RADIO_1 0
54	EBUSY_RADIO_2 0
54	TEST_NUMBER 1
54	SENT_TOTAL 0
54	RECEIVED_TOTAL 0
54	TIME_TOTAL 0
54	RECEIVED_RADIO_1 125
54	RECEIVED_RADIO_2 192
54	SENT_RADIO_1 192
54	SENT_RADIO_2 125
54	RADIO_TIME_1 19949
54	RADIO_TIME_2 19949
54	RETRANSMISSIONS_1 4
54	RETRANSMISSIONS_2 0
54	DROPPED_1 0
54	DROPPED_2 0
54	MAX_QUEUE 1
54	DUPLICATED_1 0
54	DUPLICATED_2 2
54	EBUSY_RADIO_1 0
54	EBUSY_RADIO_2 0
54	TEST_NUMBER 2
54	SENT_TOTAL 0
54	RECEIVED_TOTAL 0
54	TIME_TOTAL 0
54	RECEIVED_RADIO_1 125
54	RECEIVED_RADIO_2 192
54	SENT_RADIO_1 192
54	SENT_RADIO_2 125
54	RADIO_TIME_1 19858
54	RADIO_TIME_2 19858
54	RETRANSMISSIONS_1 3
54	RETRANSMISSIONS_2 0
54	DROPPED_1 0
54	DROPPED_2 0
54	MAX_QUEUE 1
54	DUPLICATED_1 0
54	DUPLICATED_2 0
54	EBUSY_RADIO_1 0
54	EBUSY_RADIO_2 0
54	TEST_NUMBER 3
54	SENT_TOTAL 0
54	RECEIVED_TOTAL 0
54	TIME_TOTAL 0
54	RECEIVED_RADIO_1 125
54	RECEIVED_RADIO_2 194
54	SENT_RADIO_1 194
54	SENT_RADIO_2 125
54	RADIO_TIME_1 19862
54	RADIO_TIME_2 19862
54	RETRANSMISSIONS_1 2
54	RETRANSMISSIONS_2 0
54	DROPPED_1 0
54	DROPPED_2 0
54	MAX_QUEUE 1
54	DUPLICATED_1 0
54	DUPLICATED_2 2
54	EBUSY_RADIO_1 0
54	EBUSY_RADIO_2 0
54	TEST_NUMBER 4
54	SENT_TOTAL 0
54	RECEIVED_TOTAL 0
54	TIME_TOTAL 0
54	RECEIVED_RADIO_1 125
54	RECEIVED_RADIO_2 191
54	SENT_RADIO_1 191
54	SENT_RADIO_2 125
54	RADIO_TIME_1 19855
54	RADIO_TIME_2 19855
54	RETRANSMISSIONS_1 7
54	RETRANSMISSIONS_2 0
54	DROPPED_1 0
54	DROPPED_2 0
54	MAX_QUEUE 1
54	DUPLICATED_1 0
54	DUPLICATED_2 0
54	EBUSY_RADIO_1 0
54	EBUSY_RADIO_2 0
54	TEST_NUMBER 5
54	SENT_TOTAL 0
54	RECEIVED_TOTAL 0
54	TIME_TOTAL 0
54	RECEIVED_RADIO_1 125
54	RECEIVED_RADIO_2 191
54	SENT_RADIO_1 191
54	SENT_RADIO_2 125
54	RADIO_TIME_1 19789
54	RADIO_TIME_2 19789
54	RETRANSMISSIONS_1 5
54	RETRANSMISSIONS_2 0
54	DROPPED_1 0
54	DROPPED_2 0
54	MAX_QUEUE 1
54	DUPLICATED_1 0
54	DUPLICATED_2 5
54	EBUSY_RADIO_1 0
54	EBUSY_RADIO_2 0
54	TEST_NUMBER 6
54	SENT_TOTAL 0
54	RECEIVED_TOTAL 0
54	TIME_TOTAL 0
54	RECEIVED_RADIO_1 125
54	RECEIVED_RADIO_2 191
54	SENT_RADIO_1 191
54	SENT_RADIO_2 125
54	RADIO_TIME_1 19859
54	RADIO_TIME_2 19859
54	RETRANSMISSIONS_1 8
54	RETRANSMISSIONS_2 0
54	DROPPED_1 0
54	DROPPED_2 0
54	MAX_QUEUE 1
54	DUPLICATED_1 0
54	DUPLICATED_2 4
54	EBUSY_RADIO_1 0
54	EBUSY_RADIO_2 0

55	SOURCE_NODE 55
55	84 1
55	84 2
55	83 2
55	85 2
55	79 19
55	84 3
55	84 4
55	83 4
55	85 3
55	79 108
55	83 4
55	85 4
55	79 34
55	84 5
55	84 6
55	83 6
55	85 6
55	79 28
55	84 7
55	84 8
55	83 8
55	85 7
55	79 112
55	83 8
55	85 8
55	79 50
55	84 9
55	84 10
55	83 10
55	85 10
55	79 25
55	84 11
55	84 12
55	83 12
55	85 11
55	79 107
55	83 12
55	85 12
55	79 41
55	84 13
55	84 14
55	83 14
55	85 14
55	79 26
55	84 15
55	84 16
55	83 16
55	85 15
55	79 105
55	83 16
55	85 16
55	79 33
55	84 17
55	83 17
55	85 17
55	79 42
55	84 18
55	84 19
55	83 19
55	85 19
55	79 27
55	84 20
55	84 1
55	83 1
55	85 20
55	79 107
55	83 1
55	85 1
55	79 45
55	84 2
55	84 3
55	83 3
55	85 3
55	79 25
55	84 4
55	84 5
55	83 5
55	85 4
55	79 108
55	83 5
55	85 5
55	79 36
55	84 6
55	83 6
55	85 6
55	79 36
55	84 7
55	84 8
55	83 8
55	85 8
55	79 28
55	84 9
55	84 10
55	83 10
55	85 9
55	79 110
55	83 10
55	85 10
55	79 41
55	84 11
55	84 12
55	83 12
55	85 12
55	79 27
55	84 13
55	84 14
55	83 14
55	85 13
55	79 108
55	83 14
55	85 14
55	79 44
55	84 15
55	83 15
55	85 15
55	79 32
55	84 16
55	84 17
55	83 17
55	85 17
55	79 30
55	84 18
55	84 19
55	83 19
55	85 18
55	79 106
55	83 19
55	85 19
55	79 33
55	84 20
55	83 20
55	85 20
55	79 40
55	84 1
55	84 2
55	83 2
55	85 2
55	79 27
55	84 3
55	84 4
55	83 4
55	85 3
55	79 105
55	83 4
55	85 4
55	79 34
55	84 5
55	83 5
55	85 5
55	79 45
55	84 6
55	84 7
55	83 7
55	85 7
55	79 30
55	84 8
55	84 9
55	83 9
55	85 8
55	79 105
55	83 9
55	85 9
55	79 32
55	84 10
55	83 10
55	85 10
55	79 43
55	84 11
55	84 12
55	83 12
55	85 12
55	79 25
55	84 13
55	84 14
55	83 14
55	85 13
55	79 109
55	83 14
55	85 14
55	79 34
55	84 15
55	83 15
55	85 15
55	79 32
55	84 16
55	84 17
55	83 17
55	85 17
55	79 30
55	84 18
55	84 19
55	83 19
55	85 18
55	79 107
55	83 19
55	85 19
55	79 44
55	84 20
55	84 1
55	83 1
55	85 1
55	79 28
55	84 2
55	84 3
55	83 3
55	85 2
55	79 111
55	83 3
55	85 3
55	79 39
55	84 4
55	84 5
55	83 5
55	85 5
55	79 29
55	84 6
55	84 7
55	83 7
55	85 6
55	79 105
55	83 7
55	85 7
55	79 34
55	84 8
55	84 9
55	83 9
55	85 9
55	79 30
55	84 10
55	84 11
55	83 11
55	85 10
55	79 110
55	83 11
55	85 11
55	79 38
55	84 12
55	84 13
55	83 13
55	85 13
55	79 27
55	84 14
55	84 15
55	83 15
55	85 14
55	79 104
55	83 15
55	85 15
55	79 44
55	84 16
55	84 17
55	83 17
55	85 17
55	79 27
55	84 18
55	84 19
55	83 19
55	85 18
55	79 107
55	83 19
55	85 19
55	79 34
55	84 20
55	84 1
55	83 1
55	85 1
55	79 26
55	84 2
55	84 3
55	83 3
55	85 2
55	79 108
55	83 3
55	85 3
55	79 38
55	84 4
55	83 4
55	85 4
55	79 35
55	84 5
55	84 6
55	83 6
55	85 6
55	79 27
55	84 7
55	84 8
55	83 8
55	85 7
55	79 110
55	83 8
55	85 8
55	79 47
55	84 9
55	84 10
55	83 10
55	85 10
55	79 28
55	84 11
55	84 12
55	83 12
55	85 11
55	79 114
55	83 12
55	85 12
55	79 40
55	84 13
55	84 14
55	83 14
55	85 14
55	79 27
55	84 15
55	84 16
55	83 16
55	85 15
55	79 108
55	83 16
55	85 16
55	79 39
55	84 17
55	83 17
55	85 17
55	79 31
55	84 18
55	84 19
55	83 19
55	85 19
55	79 26
55	84 20
55	84 1
55	83 1
55	85 20
55	79 104
55	83 1
55	85 1
55	79 31
55	84 2
55	84 3
55	83 3
55	85 3
55	79 26
55	84 4
55	84 5
55	83 5
55	85 4
55	79 102
55	83 5
55	85 5
55	79 35
55	84 6
55	83 6
55	85 6
55	79 36
55	84 7
55	84 8
55	83 8
55	85 8
55	79 29
55	84 9
55	84 10
55	83 10
55	85 9
55	79 112
55	83 10
55	85 10
55	79 41
55	84 11
55	84 12
55	83 12
55	85 12
55	79 28
55	84 13
55	84 14
55	83 14
55	85 13
55	79 103
55	83 14
55	85 14
55	79 31
55	84 15
55	83 15
55	85 15
55	79 35
55	84 16
55	84 17
55	83 17
55	85 17
55	79 30
55	84 18
55	84 19
55	83 19
55	85 18
55	79 104
55	83 19
55	85 19
55	79 32
55	84 20
55	83 20
55	85 20
55	79 37
55	84 1
55	84 2
55	83 2
55	85 2
55	79 27
55	84 3
55	84 4
55	83 4
55	85 3
55	79 109
55	83 4
55	85 4
55	79 39
55	84 5
55	84 6
55	83 6
55	85 6
55	79 31
55	84 7
55	84 8
55	83 8
55	85 7
55	79 110
55	83 8
55	85 8
55	79 37
55	84 9
55	83 9
55	85 9
55	79 31
55	84 10
55	84 11
55	83 11
55	85 11
55	79 27
55	84 12
55	84 13
55	83 13
55	85 12
55	79 107
55	83 13
55	85 13
55	79 35
55	84 14
55	83 14
55	85 14
55	79 40
55	84 15
55	84 16
55	83 16
55	85 16
55	79 28
55	84 17
55	84 18
55	83 18
55	85 17
55	79 113
55	83 18
55	85 18
55	79 40
55	84 19
55	84 20
55	83 20
55	85 20
55	79 24
55	84 1
55	84 2
55	83 2
55	85 1
55	79 107
55	83 2
55	85 2
55	79 41
55	84 3
55	84 4
55	83 4
55	85 4
55	79 21
55	84 5
55	84 6
55	83 6
55	85 5
55	79 107
55	83 6
55	85 6
55	79 34
55	84 7
55	84 8
55	83 8
55	85 8
55	79 25
55	84 9
55	84 10
55	83 10
55	85 9
55	79 112
55	83 10
55	85 10
55	79 49
55	84 11
55	84 12
55	83 12
55	85 12
55	79 24
55	84 13
55	84 14
55	83 14
55	85 13
55	79 110
55	83 14
55	85 14
55	79 39
55	84 15
55	83 15
55	85 15
55	79 32
55	84 16
55	84 17
55	83 17
55	85 17
55	79 25
55	84 18
55	84 19
55	83 19
55	85 18
55	79 107
55	83 19
55	85 19
55	79 37
55	84 20
55	84 1
55	83 1
55	85 1
55	79 24
55	84 2
55	84 3
55	83 3
55	85 2
55	79 104
55	83 3
55	85 3
55	79 33
55	84 4
55	83 4
55	85 4
55	79 32
55	84 5
55	84 6
55	83 6
55	85 6
55	79 23
55	84 7
55	84 8
55	83 8
55	85 7
55	79 103
55	83 8
55	85 8
55	79 40
55	84 9
55	83 9
55	85 9
55	79 35
55	84 10
55	84 11
55	83 11
55	85 11
55	79 29
55	84 12
55	84 13
55	83 13
55	85 12
55	79 103
55	83 13
55	85 13
55	79 33
55	84 14
55	83 14
55	85 14
55	79 31
55	84 15
55	84 16
55	83 16
55	85 16
55	79 23
55	84 17
55	84 18
55	83 18
55	85 17
55	79 103
55	83 18
55	85 18
55	79 33
55	84 19
55	83 19
55	85 19
55	79 32
55	84 20
55	84 1
55	83 1
55	85 1
55	79 26
55	84 2
55	84 3
55	83 3
55	85 2
55	79 109
55	84 4
55	83 4
55	85 4
55	79 28
55	84 5
55	84 6
55	83 6
55	85 5
55	79 111
55	83 6
55	85 6
55	79 38
55	84 7
55	83 7
55	85 7
55	79 37
55	84 8
55	84 9
55	83 9
55	85 9
55	79 28
55	84 10
55	84 11
55	83 11
55	85 10
55	79 108
55	83 11
55	85 11
55	79 37
55	84 12
55	84 13
55	83 13
55	85 13
55	79 30
55	84 14
55	84 15
55	83 15
55	85 14
55	79 103
55	83 15
55	85 15
55	79 36
55	84 16
55	83 16
55	85 16
55	79 38
55	84 17
55	84 18
55	83 18
55	85 18
55	79 21
55	84 19
55	84 20
55	83 20
55	85 19
55	79 110
55	83 20
55	85 20
55	79 36
55	84 1
55	84 2
55	83 2
55	85 2
55	79 27
55	84 3
55	84 4
55	83 4
55	85 3
55	79 114
55	83 4
55	85 4
55	79 52
55	84 5
55	84 6
55	83 6
55	85 6
55	79 30
55	84 7
55	84 8
55	83 8
55	85 7
55	79 107
55	83 8
55	85 8
55	79 36
55	84 9
55	83 9
55	85 9
55	79 31
55	84 10
55	84 11
55	83 11
55	85 11
55	79 26
55	84 12
55	84 13
55	83 13
55	85 12
55	79 112
55	83 13
55	85 13
55	79 38
55	84 14
55	84 15
55	83 15
55	85 15
55	79 28
55	84 16
55	84 17
55	83 17
55	85 16
55	79 105
55	83 17
55	85 17
55	79 32
55	84 18
55	83 18
55	85 18
55	79 50
55	84 19
55	84 20
55	83 20
55	85 20
55	79 22
55	84 1
55	84 2
55	83 2
55	85 1
55	79 110
55	83 2
55	85 2
55	79 39
55	84 3
55	83 3
55	85 3
55	79 36
55	84 4
55	84 5
55	83 5
55	85 5
55	79 26
55	84 6
55	84 7
55	83 7
55	85 6
55	79 108
55	84 8
55	83 8
55	85 8
55	79 23
55	84 9
55	84 10
55	83 10
55	85 9
55	79 114
55	83 10
55	85 10
55	79 42
55	84 11
55	84 12
55	83 12
55	85 12
55	79 25
55	84 13
55	84 14
55	83 14
55	85 13
55	79 106
55	83 14
55	85 14
55	79 42
55	84 15
55	83 15
55	85 15
55	79 33
55	84 16
55	84 17
55	83 17
55	85 17
55	79 28
55	84 18
55	84 19
55	83 19
55	85 18
55	79 103
55	83 19
55	85 19
55	79 40
55	84 20
55	84 1
55	83 1
55	85 1
55	79 28
55	84 2
55	84 3
55	83 3
55	85 2
55	79 107
55	83 3
55	85 3
55	79 36
55	84 4
55	83 4
55	85 4
55	79 36
55	84 5
55	84 6
55	83 6
55	85 6
55	79 24
55	84 7
55	84 8
55	83 8
55	85 7
55	79 109
55	83 8
55	85 8
55	79 49
55	84 9
55	84 10
55	TEST_NUMBER 0
55	SENT_TOTAL 250
55	RECEIVED_TOTAL 192
55	TIME_TOTAL 19634
55	RECEIVED_RADIO_1 192
55	RECEIVED_RADIO_2 0
55	SENT_RADIO_1 125
55	SENT_RADIO_2 124
55	RADIO_TIME_1 19763
55	RADIO_TIME_2 19763
55	RETRANSMISSIONS_1 0
55	RETRANSMISSIONS_2 0
55	DROPPED_1 0
55	DROPPED_2 0
55	MAX_QUEUE 1
55	DUPLICATED_1 9
55	DUPLICATED_2 0
55	EBUSY_RADIO_1 0
55	EBUSY_RADIO_2 0
55	83 0
55	85 10
55	86 0
55	84 1
55	84 2
55	83 2
55	85 1
55	79 106
55	83 2
55	85 2
55	79 40
55	84 3
55	84 4
55	83 4
55	85 4
55	79 28
55	84 5
55	84 6
55	83 6
55	85 5
55	79 107
55	83 6
55	85 6
55	79 44
55	84 7
55	84 8
55	83 8
55	85 8
55	79 27
55	84 9
55	84 10
55	83 10
55	85 9
55	79 101
55	83 10
55	85 10
55	79 30
55	84 11
55	83 11
55	85 11
55	79 45
55	84 12
55	84 13
55	83 13
55	85 13
55	79 25
55	84 14
55	84 15
55	83 15
55	85 14
55	79 112
55	83 15
55	85 15
55	79 38
55	84 16
55	84 17
55	83 17
55	85 17
55	79 29
55	84 18
55	84 19
55	83 19
55	85 18
55	79 104
55	83 19
55	85 19
55	79 31
55	84 20
55	83 20
55	85 20
55	79 35
55	84 1
55	84 2
55	83 2
55	85 2
55	79 27
55	84 3
55	84 4
55	83 4
55	85 3
55	79 114
55	83 4
55	85 4
55	79 40
55	84 5
55	84 6
55	83 6
55	85 6
55	79 30
55	84 7
55	84 8
55	83 8
55	85 7
55	79 104
55	83 8
55	85 8
55	79 33
55	84 9
55	83 9
55	85 9
55	79 35
55	84 10
55	84 11
55	83 11
55	85 11
55	79 31
55	84 12
55	84 13
55	83 13
55	85 12
55	79 105
55	83 13
55	85 13
55	79 32
55	84 14
55	83 14
55	85 14
55	79 38
55	84 15
55	84 16
55	83 16
55	85 16
55	79 25
55	84 17
55	84 18
55	83 18
55	85 17
55	79 108
55	83 18
55	85 18
55	79 35
55	84 19
55	83 19
55	85 19
55	79 39
55	84 20
55	84 1
55	83 1
55	85 1
55	79 29
55	84 2
55	84 3
55	83 3
55	85 2
55	79 102
55	83 3
55	85 3
55	79 39
55	84 4
55	83 4
55	85 4
55	79 41
55	84 5
55	84 6
55	83 6
55	85 6
55	79 24
55	84 7
55	84 8
55	83 8
55	85 7
55	79 104
55	83 8
55	85 8
55	79 41
55	84 9
55	84 10
55	83 10
55	85 10
55	79 27
55	84 11
55	84 12
55	83 12
55	85 11
55	79 110
55	83 12
55	85 12
55	79 38
55	84 13
55	83 13
55	85 13
55	79 32
55	84 14
55	84 15
55	83 15
55	85 15
55	79 29
55	84 16
55	84 17
55	83 17
55	85 16
55	79 113
55	83 17
55	85 17
55	79 41
55	84 18
55	84 19
55	83 19
55	85 19
55	79 29
55	84 20
55	84 1
55	83 1
55	85 20
55	79 105
55	83 1
55	85 1
55	79 34
55	84 2
55	84 3
55	83 3
55	85 3
55	79 31
55	84 4
55	84 5
55	83 5
55	85 4
55	79 107
55	83 5
55	85 5
55	79 37
55	84 6
55	84 7
55	83 7
55	85 7
55	79 26
55	84 8
55	84 9
55	83 9
55	85 8
55	79 111
55	83 9
55	85 9
55	79 41
55	84 10
55	84 11
55	83 11
55	85 11
55	79 27
55	84 12
55	84 13
55	83 13
55	85 12
55	79 107
55	83 13
55	85 13
55	79 32
55	84 14
55	84 15
55	83 15
55	85 15
55	79 27
55	84 16
55	84 17
55	83 17
55	85 16
55	79 107
55	83 17
55	85 17
55	79 36
55	84 18
55	84 19
55	83 19
55	85 19
55	79 25
55	84 20
55	84 1
55	83 1
55	85 20
55	79 108
55	83 1
55	85 1
55	79 35
55	84 2
55	84 3
55	83 3
55	85 3
55	79 24
55	84 4
55	84 5
55	83 5
55	85 4
55	79 109
55	83 5
55	85 5
55	79 42
55	84 6
55	84 7
55	83 7
55	85 7
55	79 33
55	84 8
55	84 9
55	83 9
55	85 8
55	79 110
55	83 9
55	85 9
55	79 39
55	84 10
55	84 11
55	83 11
55	85 11
55	79 31
55	84 12
55	84 13
55	83 13
55	85 12
55	79 111
55	83 13
55	85 13
55	79 38
55	84 14
55	84 15
55	83 15
55	85 15
55	79 29
55	84 16
55	84 17
55	83 17
55	85 16
55	79 104
55	83 17
55	85 17
55	79 33
55	84 18
55	84 19
55	83 19
55	85 19
55	79 29
55	84 20
55	84 1
55	83 1
55	85 20
55	79 107
55	83 1
55	85 1
55	79 37
55	84 2
55	84 3
55	83 3
55	85 3
55	79 27
55	84 4
55	84 5
55	83 5
55	85 4
55	79 108
55	83 5
55	85 5
55	79 40
55	84 6
55	83 6
55	85 6
55	79 34
55	84 7
55	84 8
55	83 8
55	85 8
55	79 25
55	84 9
55	84 10
55	83 10
55	85 9
55	79 109
55	83 10
55	85 10
55	79 36
55	84 11
55	84 12
55	83 12
55	85 12
55	79 27
55	84 13
55	84 14
55	83 14
55	85 13
55	79 109
55	83 14
55	85 14
55	79 34
55	84 15
55	84 16
55	83 16
55	85 16
55	79 22
55	84 17
55	84 18
55	83 18
55	85 17
55	79 112
55	83 18
55	85 18
55	79 51
55	84 19
55	84 20
55	83 20
55	85 20
55	79 26
55	84 1
55	84 2
55	83 2
55	85 1
55	79 123
55	84 3
55	84 4
55	83 4
55	85 2
55	79 186
55	84 5
55	83 5
55	85 4
55	79 108
55	83 5
55	85 5
55	79 34
55	84 6
55	83 6
55	85 6
55	79 32
55	84 7
55	84 8
55	83 8
55	85 8
55	79 26
55	84 9
55	84 10
55	83 10
55	85 9
55	79 104
55	83 10
55	85 10
55	79 35
55	84 11
55	83 11
55	85 11
55	79 34
55	84 12
55	84 13
55	83 13
55	85 13
55	79 28
55	84 14
55	84 15
55	83 15
55	85 14
55	79 107
55	83 15
55	85 15
55	79 36
55	84 16
55	84 17
55	83 17
55	85 17
55	79 27
55	84 18
55	84 19
55	83 19
55	85 18
55	79 106
55	83 19
55	85 19
55	79 33
55	84 20
55	84 1
55	83 1
55	85 1
55	79 25
55	84 2
55	84 3
55	83 3
55	85 2
55	79 109
55	83 3
55	85 3
55	79 37
55	84 4
55	84 5
55	83 5
55	85 5
55	79 28
55	84 6
55	84 7
55	83 7
55	85 6
55	79 108
55	83 7
55	85 7
55	79 35
55	84 8
55	83 8
55	85 8
55	79 38
55	84 9
55	84 10
55	83 10
55	85 10
55	79 23
55	84 11
55	84 12
55	83 12
55	85 11
55	79 104
55	83 12
55	85 12
55	79 31
55	84 13
55	83 13
55	85 13
55	79 31
55	84 14
55	84 15
55	83 15
55	85 15
55	79 32
55	84 16
55	84 17
55	83 17
55	85 16
55	79 104
55	83 17
55	85 17
55	79 39
55	84 18
55	84 19
55	83 19
55	85 19
55	79 33
55	84 20
55	84 1
55	83 1
55	85 20
55	79 102
55	83 1
55	85 1
55	79 29
55	84 2
55	83 2
55	85 2
55	79 42
55	84 3
55	84 4
55	83 4
55	85 4
55	79 23
55	84 5
55	84 6
55	83 6
55	85 5
55	79 112
55	83 6
55	85 6
55	79 40
55	84 7
55	84 8
55	83 8
55	85 8
55	79 24
55	84 9
55	84 10
55	83 10
55	85 9
55	79 104
55	83 10
55	85 10
55	79 35
55	84 11
55	83 11
55	85 11
55	79 33
55	84 12
55	84 13
55	83 13
55	85 13
55	79 30
55	84 14
55	84 15
55	83 15
55	85 14
55	79 105
55	83 15
55	85 15
55	79 36
55	84 16
55	83 16
55	85 16
55	79 36
55	84 17
55	84 18
55	83 18
55	85 18
55	79 27
55	84 19
55	84 20
55	83 20
55	85 19
55	79 110
55	84 1
55	83 1
55	85 1
55	79 30
55	84 2
55	84 3
55	83 3
55	85 2
55	79 105
55	83 3
55	85 3
55	79 33
55	84 4
55	84 5
55	83 5
55	85 5
55	79 30
55	84 6
55	84 7
55	83 7
55	85 6
55	79 106
55	83 7
55	85 7
55	79 36
55	84 8
55	84 9
55	83 9
55	85 9
55	79 24
55	84 10
55	84 11
55	83 11
55	85 10
55	79 105
55	83 11
55	85 11
55	79 34
55	84 12
55	84 13
55	83 13
55	85 13
55	79 26
55	84 14
55	84 15
55	83 15
55	85 14
55	79 103
55	83 15
55	85 15
55	79 40
55	84 16
55	83 16
55	85 16
55	79 37
55	84 17
55	84 18
55	83 18
55	85 18
55	79 28
55	84 19
55	84 20
55	83 20
55	85 19
55	79 108
55	83 20
55	85 20
55	79 38
55	84 1
55	84 2
55	83 2
55	85 2
55	79 23
55	84 3
55	84 4
55	83 4
55	85 3
55	79 111
55	83 4
55	85 4
55	79 38
55	84 5
55	83 5
55	85 5
55	79 32
55	84 6
55	84 7
55	83 7
55	85 7
55	79 31
55	84 8
55	84 9
55	83 9
55	85 8
55	79 113
55	83 9
55	85 9
55	79 39
55	84 10
55	84 11
55	83 11
55	85 11
55	79 25
55	84 12
55	84 13
55	83 13
55	85 12
55	79 110
55	83 13
55	85 13
55	79 47
55	84 14
55	84 15
55	83 15
55	85 15
55	79 29
55	84 16
55	84 17
55	83 17
55	85 16
55	79 107
55	83 17
55	85 17
55	79 34
55	84 18
55	83 18
55	85 18
55	79 35
55	84 19
55	84 20
55	83 20
55	85 20
55	79 26
55	84 1
55	84 2
55	83 2
55	85 1
55	79 107
55	84 3
55	83 3
55	85 3
55	79 25
55	84 4
55	84 5
55	83 5
55	85 4
55	79 108
55	83 5
55	85 5
55	79 44
55	84 6
55	83 6
55	85 6
55	79 36
55	84 7
55	84 8
55	83 8
55	85 8
55	79 23
55	84 9
55	84 10
55	83 10
55	85 9
55	79 107
55	83 10
55	85 10
55	79 34
55	84 11
55	83 11
55	85 11
55	79 39
55	84 12
55	84 13
55	83 13
55	85 13
55	79 29
55	84 14
55	84 15
55	83 15
55	85 14
55	79 108
55	84 16
55	83 16
55	85 16
55	79 26
55	84 17
55	84 18
55	83 18
55	85 17
55	79 109
55	83 18
55	85 18
55	79 36
55	84 19
55	84 20
55	83 20
55	85 20
55	79 21
55	84 1
55	84 2
55	83 2
55	85 1
55	79 107
55	83 2
55	85 2
55	79 45
55	84 3
55	84 4
55	83 4
55	85 4
55	79 24
55	84 5
55	84 6
55	83 6
55	85 5
55	79 105
55	83 6
55	85 6
55	79 32
55	84 7
55	83 7
55	85 7
55	79 31
55	84 8
55	84 9
55	83 9
55	85 9
55	79 31
55	84 10
55	TEST_NUMBER 1
55	SENT_TOTAL 250
55	RECEIVED_TOTAL 191
55	TIME_TOTAL 29803
55	RECEIVED_RADIO_1 192
55	RECEIVED_RADIO_2 0
55	SENT_RADIO_1 125
55	SENT_RADIO_2 125
55	RADIO_TIME_1 29803
55	RADIO_TIME_2 19763
55	RETRANSMISSIONS_1 0
55	RETRANSMISSIONS_2 0
55	DROPPED_1 0
55	DROPPED_2 0
55	MAX_QUEUE 1
55	DUPLICATED_1 4
55	DUPLICATED_2 0
55	EBUSY_RADIO_1 0
55	EBUSY_RADIO_2 0
55	83 0
55	85 10
55	86 1
55	84 1
55	84 2
55	83 2
55	85 2
55	79 29
55	84 3
55	84 4
55	83 4
55	85 3
55	79 102
55	83 4
55	85 4
55	79 43
55	84 5
55	84 6
55	83 6
55	85 6
55	79 22
55	84 7
55	84 8
55	83 8
55	85 7
55	79 106
55	83 8
55	85 8
55	79 41
55	84 9
55	84 10
55	83 10
55	85 10
55	79 27
55	84 11
55	84 12
55	83 12
55	85 11
55	79 111
55	83 12
55	85 12
55	79 39
55	84 13
55	83 13
55	85 13
55	79 31
55	84 14
55	84 15
55	83 15
55	85 15
55	79 26
55	84 16
55	84 17
55	83 17
55	85 16
55	79 106
55	83 17
55	85 17
55	79 35
55	84 18
55	83 18
55	85 18
55	79 36
55	84 19
55	84 20
55	83 20
55	85 20
55	79 30
55	84 1
55	84 2
55	83 2
55	85 1
55	79 107
55	83 2
55	85 2
55	79 47
55	84 3
55	84 4
55	83 4
55	85 4
55	79 26
55	84 5
55	84 6
55	83 6
55	85 5
55	79 109
55	83 6
55	85 6
55	79 39
55	84 7
55	84 8
55	83 8
55	85 8
55	79 29
55	84 9
55	84 10
55	83 10
55	85 9
55	79 113
55	84 11
55	83 11
55	85 11
55	79 29
55	84 12
55	84 13
55	83 13
55	85 12
55	79 106
55	83 13
55	85 13
55	79 36
55	84 14
55	83 14
55	85 14
55	79 34
55	84 15
55	84 16
55	83 16
55	85 16
55	79 23
55	84 17
55	84 18
55	83 18
55	85 17
55	79 106
55	83 18
55	85 18
55	79 35
55	84 19
55	84 20
55	83 20
55	85 20
55	79 24
55	84 1
55	84 2
55	83 2
55	85 1
55	79 108
55	83 2
55	85 2
55	79 44
55	84 3
55	84 4
55	83 4
55	85 4
55	79 27
55	84 5
55	84 6
55	83 6
55	85 5
55	79 106
55	83 6
55	85 6
55	79 35
55	84 7
55	83 7
55	85 7
55	79 30
55	84 8
55	84 9
55	83 9
55	85 9
55	79 27
55	84 10
55	84 11
55	83 11
55	85 10
55	79 106
55	83 11
55	85 11
55	79 32
55	84 12
55	84 13
55	83 13
55	85 13
55	79 24
55	84 14
55	84 15
55	83 15
55	85 14
55	79 111
55	83 15
55	85 15
55	79 41
55	84 16
55	83 16
55	85 16
55	79 42
55	84 17
55	84 18
55	83 18
55	85 18
55	79 32
55	84 19
55	84 20
55	83 20
55	85 19
55	79 107
55	83 20
55	85 20
55	79 36
55	84 1
55	83 1
55	85 1
55	79 39
55	84 2
55	84 3
55	83 3
55	85 3
55	79 28
55	84 4
55	84 5
55	83 5
55	85 4
55	79 112
55	83 5
55	85 5
55	79 42
55	84 6
55	84 7
55	83 7
55	85 7
55	79 29
55	84 8
55	84 9
55	83 9
55	85 8
55	79 107
55	84 10
55	83 10
55	85 10
55	79 25
55	84 11
55	84 12
55	83 12
55	85 11
55	79 109
55	83 12
55	85 12
55	79 38
55	84 13
55	84 14
55	83 14
55	85 14
55	79 27
55	84 15
55	84 16
55	83 16
55	85 15
55	79 107
55	83 16
55	85 16
55	79 34
55	84 17
55	84 18
55	83 18
55	85 18
55	79 29
55	84 19
55	84 20
55	83 20
55	85 19
55	79 106
55	83 20
55	85 20
55	79 31
55	84 1
55	84 2
55	83 2
55	85 2
55	79 24
55	84 3
55	84 4
55	83 4
55	85 3
55	79 104
55	83 4
55	85 4
55	79 42
55	84 5
55	84 6
55	83 6
55	85 6
55	79 26
55	84 7
55	84 8
55	83 8
55	85 7
55	79 106
55	83 8
55	85 8
55	79 34
55	84 9
55	83 9
55	85 9
55	79 35
55	84 10
55	84 11
55	83 11
55	85 11
55	79 28
55	84 12
55	84 13
55	83 13
55	85 12
55	79 102
55	83 13
55	85 13
55	79 41
55	84 14
55	84 15
55	83 15
55	85 15
55	79 25
55	84 16
55	84 17
55	83 17
55	85 16
55	79 102
55	83 17
55	85 17
55	79 40
55	84 18
55	84 19
55	83 19
55	85 19
55	79 30
55	84 20
55	84 1
55	83 1
55	85 20
55	79 108
55	83 1
55	85 1
55	79 36
55	84 2
55	84 3
55	83 3
55	85 3
55	79 29
55	84 4
55	84 5
55	83 5
55	85 4
55	79 105
55	83 5
55	85 5
55	79 33
55	84 6
55	83 6
55	85 6
55	79 36
55	84 7
55	84 8
55	83 8
55	85 8
55	79 29
55	84 9
55	84 10
55	83 10
55	85 9
55	79 107
55	83 10
55	85 10
55	79 35
55	84 11
55	83 11
55	85 11
55	79 35
55	84 12
55	84 13
55	83 13
55	85 13
55	79 27
55	84 14
55	84 15
55	83 15
55	85 14
55	79 110
55	84 16
55	83 16
55	85 16
55	79 33
55	84 17
55	84 18
55	83 18
55	85 17
55	79 101
55	83 18
55	85 18
55	79 30
55	84 19
55	83 19
55	85 19
55	79 41
55	84 20
55	84 1
55	83 1
55	85 1
55	79 24
55	84 2
55	84 3
55	83 3
55	85 2
55	79 104
55	83 3
55	85 3
55	79 31
55	84 4
55	83 4
55	85 4
55	79 37
55	84 5
55	84 6
55	83 6
55	85 6
55	79 26
55	84 7
55	84 8
55	83 8
55	85 7
55	79 105
55	83 8
55	85 8
55	79 35
55	84 9
55	83 9
55	85 9
55	79 37
55	84 10
55	84 11
55	83 11
55	85 11
55	79 27
55	84 12
55	84 13
55	83 13
55	85 12
55	79 107
55	83 13
55	85 13
55	79 35
55	84 14
55	83 14
55	85 14
55	79 36
55	84 15
55	84 16
55	83 16
55	85 16
55	79 26
55	84 17
55	84 18
55	83 18
55	85 17
55	79 109
55	83 18
55	85 18
55	79 39
55	84 19
55	83 19
55	85 19
55	79 38
55	84 20
55	84 1
55	83 1
55	85 1
55	79 27
55	84 2
55	84 3
55	83 3
55	85 2
55	79 107
55	83 3
55	85 3
55	79 45
55	84 4
55	83 4
55	85 4
55	79 38
55	84 5
55	84 6
55	83 6
55	85 6
55	79 26
55	84 7
55	84 8
55	83 8
55	85 7
55	79 103
55	83 8
55	85 8
55	79 31
55	84 9
55	83 9
55	85 9
55	79 31
55	84 10
55	84 11
55	83 11
55	85 11
55	79 31
55	84 12
55	84 13
55	83 13
55	85 12
55	79 110
55	83 13
55	85 13
55	79 37
55	84 14
55	84 15
55	83 15
55	85 15
55	79 32
55	84 16
55	84 17
55	83 17
55	85 16
55	79 104
55	83 17
55	85 17
55	79 30
55	84 18
55	83 18
55	85 18
55	79 32
55	84 19
55	84 20
55	83 20
55	85 20
55	79 28
55	84 1
55	84 2
55	83 2
55	85 1
55	79 110
55	83 2
55	85 2
55	79 38
55	84 3
55	84 4
55	83 4
55	85 4
55	79 27
55	84 5
55	84 6
55	83 6
55	85 5
55	79 114
55	83 6
55	85 6
55	79 45
55	84 7
55	83 7
55	85 7
55	79 38
55	84 8
55	84 9
55	83 9
55	85 9
55	79 29
55	84 10
55	84 11
55	83 11
55	85 10
55	79 105
55	83 11
55	85 11
55	79 36
55	84 12
55	84 13
55	83 13
55	85 13
55	79 29
55	84 14
55	84 15
55	83 15
55	85 14
55	79 103
55	83 15
55	85 15
55	79 33
55	84 16
55	83 16
55	85 16
55	79 39
55	84 17
55	84 18
55	83 18
55	85 18
55	79 23
55	84 19
55	84 20
55	83 20
55	85 19
55	79 110
55	84 1
55	83 1
55	85 1
55	79 28
55	84 2
55	84 3
55	83 3
55	85 2
55	79 104
55	83 3
55	85 3
55	79 39
55	84 4
55	84 5
55	83 5
55	85 5
55	79 26
55	84 6
55	84 7
55	83 7
55	85 6
55	79 108
55	83 7
55	85 7
55	79 37
55	84 8
55	84 9
55	83 9
55	85 9
55	79 27
55	84 10
55	84 11
55	83 11
55	85 10
55	79 107
55	83 11
55	85 11
55	79 42
55	84 12
55	84 13
55	83 13
55	85 13
55	79 32
55	84 14
55	84 15
55	83 15
55	85 14
55	79 108
55	83 15
55	85 15
55	79 35
55	84 16
55	84 17
55	83 17
55	85 17
55	79 29
55	84 18
55	84 19
55	83 19
55	85 18
55	79 108
55	83 19
55	85 19
55	79 44
55	84 20
55	84 1
55	83 1
55	85 1
55	79 31
55	84 2
55	84 3
55	83 3
55	85 2
55	79 108
55	83 3
55	85 3
55	79 45
55	84 4
55	83 4
55	85 4
55	79 30
55	84 5
55	84 6
55	83 6
55	85 6
55	79 28
55	84 7
55	84 8
55	83 8
55	85 7
55	79 110
55	83 8
55	85 8
55	79 40
55	84 9
55	84 10
55	83 10
55	85 10
55	79 31
55	84 11
55	84 12
55	83 12
55	85 11
55	79 111
55	83 12
55	85 12
55	79 40
55	84 13
55	83 13
55	85 13
55	79 32
55	84 14
55	84 15
55	83 15
55	85 15
55	79 29
55	84 16
55	84 17
55	83 17
55	85 16
55	79 107
55	84 18
55	83 18
55	85 18
55	79 23
55	84 19
55	84 20
55	83 20
55	85 19
55	79 106
55	83 20
55	85 20
55	79 42
55	84 1
55	84 2
55	83 2
55	85 2
55	79 26
55	84 3
55	84 4
55	83 4
55	85 3
55	79 106
55	83 4
55	85 4
55	79 33
55	84 5
55	83 5
55	85 5
55	79 32
55	84 6
55	84 7
55	83 7
55	85 7
55	79 25
55	84 8
55	84 9
55	83 9
55	85 8
55	79 103
55	83 9
55	85 9
55	79 31
55	84 10
55	83 10
55	85 10
55	79 37
55	84 11
55	84 12
55	83 12
55	85 12
55	79 24
55	84 13
55	84 14
55	83 14
55	85 13
55	79 112
55	83 14
55	85 14
55	79 41
55	84 15
55	84 16
55	83 16
55	85 16
55	79 27
55	84 17
55	84 18
55	83 18
55	85 17
55	79 107
55	83 18
55	85 18
55	79 37
55	84 19
55	83 19
55	85 19
55	79 36
55	84 20
55	84 1
55	83 1
55	85 1
55	79 30
55	84 2
55	84 3
55	83 3
55	85 2
55	79 105
55	83 3
55	85 3
55	79 34
55	84 4
55	84 5
55	83 5
55	85 5
55	79 29
55	84 6
55	84 7
55	83 7
55	85 6
55	79 110
55	83 7
55	85 7
55	79 35
55	84 8
55	83 8
55	85 8
55	79 34
55	84 9
55	84 10
55	TEST_NUMBER 2
55	SENT_TOTAL 250
55	RECEIVED_TOTAL 191
55	TIME_TOTAL 29637
55	RECEIVED_RADIO_1 192
55	RECEIVED_RADIO_2 0
55	SENT_RADIO_1 125
55	SENT_RADIO_2 125
55	RADIO_TIME_1 29683
55	RADIO_TIME_2 19763
55	RETRANSMISSIONS_1 0
55	RETRANSMISSIONS_2 0
55	DROPPED_1 0
55	DROPPED_2 0
55	MAX_QUEUE 1
55	DUPLICATED_1 3
55	DUPLICATED_2 0
55	EBUSY_RADIO_1 0
55	EBUSY_RADIO_2 0
55	83 0
55	85 10
55	86 2
55	84 1
55	84 2
55	83 2
55	85 1
55	79 112
55	83 2
55	85 2
55	79 40
55	84 3
55	83 3
55	85 3
55	79 38
55	84 4
55	84 5
55	83 5
55	85 5
55	79 32
55	84 6
55	84 7
55	83 7
55	85 6
55	79 102
55	83 7
55	85 7
55	79 31
55	84 8
55	83 8
55	85 8
55	79 34
55	84 9
55	84 10
55	83 10
55	85 10
55	79 25
55	84 11
55	84 12
55	83 12
55	85 11
55	79 107
55	83 12
55	85 12
55	79 33
55	84 13
55	83 13
55	85 13
55	79 40
55	84 14
55	84 15
55	83 15
55	85 15
55	79 29
55	84 16
55	84 17
55	83 17
55	85 16
55	79 108
55	84 18
55	83 18
55	85 18
55	79 26
55	84 19
55	84 20
55	83 20
55	85 19
55	79 107
55	83 20
55	85 20
55	79 37
55	84 1
55	83 1
55	85 1
55	79 38
55	84 2
55	84 3
55	83 3
55	85 3
55	79 30
55	84 4
55	84 5
55	83 5
55	85 4
55	79 103
55	83 5
55	85 5
55	79 33
55	84 6
55	83 6
55	85 6
55	79 35
55	84 7
55	84 8
55	83 8
55	85 8
55	79 28
55	84 9
55	84 10
55	83 10
55	85 9
55	79 109
55	83 10
55	85 10
55	79 38
55	84 11
55	84 12
55	83 12
55	85 12
55	79 29
55	84 13
55	84 14
55	83 14
55	85 13
55	79 110
55	83 14
55	85 14
55	79 37
55	84 15
55	84 16
55	83 16
55	85 16
55	79 26
55	84 17
55	84 18
55	83 18
55	85 17
55	79 106
55	83 18
55	85 18
55	79 33
55	84 19
55	83 19
55	85 19
55	79 36
55	84 20
55	84 1
55	83 1
55	85 1
55	79 29
55	84 2
55	84 3
55	83 3
55	85 2
55	79 108
55	83 3
55	85 3
55	79 35
55	84 4
55	84 5
55	83 5
55	85 5
55	79 28
55	84 6
55	84 7
55	83 7
55	85 6
55	79 105
55	83 7
55	85 7
55	79 30
55	84 8
55	84 9
55	83 9
55	85 9
55	79 28
55	84 10
55	84 11
55	83 11
55	85 10
55	79 109
55	83 11
55	85 11
55	79 38
55	84 12
55	84 13
55	83 13
55	85 13
55	79 31
55	84 14
55	84 15
55	83 15
55	85 14
55	79 105
55	83 15
55	85 15
55	79 53
55	84 16
55	84 17
55	83 17
55	85 17
55	79 27
55	84 18
55	84 19
55	83 19
55	85 18
55	79 107
55	83 19
55	85 19
55	79 36
55	84 20
55	84 1
55	83 1
55	85 1
55	79 31
55	84 2
55	84 3
55	83 3
55	85 2
55	79 109
55	83 3
55	85 3
55	79 36
55	84 4
55	84 5
55	83 5
55	85 5
55	79 21
55	84 6
55	84 7
55	83 7
55	85 6
55	79 109
55	83 7
55	85 7
55	79 43
55	84 8
55	84 9
55	83 9
55	85 9
55	79 23
55	84 10
55	84 11
55	83 11
55	85 10
55	79 103
55	83 11
55	85 11
55	79 31
55	84 12
55	83 12
55	85 12
55	79 36
55	84 13
55	84 14
55	83 14
55	85 14
55	79 23
55	84 15
55	84 16
55	83 16
55	85 15
55	79 107
55	83 16
55	85 16
55	79 39
55	84 17
55	84 18
55	83 18
55	85 18
55	79 25
55	84 19
55	84 20
55	83 20
55	85 19
55	79 103
55	83 20
55	85 20
55	79 30
55	84 1
55	83 1
55	85 1
55	79 32
55	84 2
55	84 3
55	83 3
55	85 3
55	79 30
55	84 4
55	84 5
55	83 5
55	85 4
55	79 106
55	83 5
55	85 5
55	79 34
55	84 6
55	84 7
55	83 7
55	85 7
55	79 26
55	84 8
55	84 9
55	83 9
55	85 8
55	79 110
55	83 9
55	85 9
55	79 38
55	84 10
55	84 11
55	83 11
55	85 11
55	79 27
55	84 12
55	84 13
55	83 13
55	85 12
55	79 108
55	83 13
55	85 13
55	79 37
55	84 14
55	83 14
55	85 14
55	79 29
55	84 15
55	84 16
55	83 16
55	85 16
55	79 26
55	84 17
55	84 18
55	83 18
55	85 17
55	79 105
55	83 18
55	85 18
55	79 31
55	84 19
55	83 19
55	85 19
55	79 34
55	84 20
55	84 1
55	83 1
55	85 1
55	79 27
55	84 2
55	84 3
55	83 3
55	85 2
55	79 105
55	83 3
55	85 3
55	79 32
55	84 4
55	83 4
55	85 4
55	79 38
55	84 5
55	84 6
55	83 6
55	85 6
55	79 24
55	84 7
55	84 8
55	83 8
55	85 7
55	79 106
55	83 8
55	85 8
55	79 36
55	84 9
55	84 10
55	83 10
55	85 10
55	79 31
55	84 11
55	84 12
55	83 12
55	85 11
55	79 110
55	83 12
55	85 12
55	79 41
55	84 13
55	84 14
55	83 14
55	85 14
55	79 26
55	84 15
55	84 16
55	83 16
55	85 15
55	79 104
55	83 16
55	85 16
55	79 31
55	84 17
55	83 17
55	85 17
55	79 42
55	84 18
55	84 19
55	83 19
55	85 19
55	79 28
55	84 20
55	84 1
55	83 1
55	85 20
55	79 108
55	83 1
55	85 1
55	79 38
55	84 2
55	83 2
55	85 2
55	79 38
55	84 3
55	84 4
55	83 4
55	85 4
55	79 25
55	84 5
55	84 6
55	83 6
55	85 5
55	79 105
55	83 6
55	85 6
55	79 34
55	84 7
55	83 7
55	85 7
55	79 38
55	84 8
55	84 9
55	83 9
55	85 9
55	79 26
55	84 10
55	84 11
55	83 11
55	85 10
55	79 104
55	83 11
55	85 11
55	79 32
55	84 12
55	84 13
55	83 13
55	85 13
55	79 27
55	84 14
55	84 15
55	83 15
55	85 14
55	79 108
55	83 15
55	85 15
55	79 46
55	84 16
55	83 16
55	85 16
55	79 37
55	84 17
55	84 18
55	83 18
55	85 18
55	79 24
55	84 19
55	84 20
55	83 20
55	85 19
55	79 108
55	83 20
55	85 20
55	79 38
55	84 1
55	83 1
55	85 1
55	79 32
55	84 2
55	84 3
55	83 3
55	85 3
55	79 30
55	84 4
55	84 5
55	83 5
55	85 4
55	79 103
55	84 6
55	83 6
55	85 6
55	79 31
55	84 7
55	84 8
55	83 8
55	85 7
55	79 107
55	83 8
55	85 8
55	79 44
55	84 9
55	84 10
55	83 10
55	85 10
55	79 26
55	84 11
55	84 12
55	83 12
55	85 11
55	79 105
55	83 12
55	85 12
55	79 34
55	84 13
55	83 13
55	85 13
55	79 31
55	84 14
55	84 15
55	83 15
55	85 15
55	79 28
55	84 16
55	84 17
55	83 17
55	85 16
55	79 105
55	83 17
55	85 17
55	79 31
55	84 18
55	84 19
55	83 19
55	85 19
55	79 26
55	84 20
55	84 1
55	83 1
55	85 20
55	79 106
55	83 1
55	85 1
55	79 35
55	84 2
55	83 2
55	85 2
55	79 34
55	84 3
55	84 4
55	83 4
55	85 4
55	79 24
55	84 5
55	84 6
55	83 6
55	85 5
55	79 107
55	83 6
55	85 6
55	79 35
55	84 7
55	83 7
55	85 7
55	79 35
55	84 8
55	84 9
55	83 9
55	85 9
55	79 30
55	84 10
55	84 11
55	83 11
55	85 10
55	79 104
55	83 11
55	85 11
55	79 33
55	84 12
55	84 13
55	83 13
55	85 13
55	79 27
55	84 14
55	84 15
55	83 15
55	85 14
55	79 107
55	83 15
55	85 15
55	79 34
55	84 16
55	84 17
55	83 17
55	85 17
55	79 26
55	84 18
55	84 19
55	83 19
55	85 18
55	79 108
55	84 20
55	83 20
55	85 20
55	79 25
55	84 1
55	84 2
55	83 2
55	85 1
55	79 107
55	83 2
55	85 2
55	79 33
55	84 3
55	83 3
55	85 3
55	79 44
55	84 4
55	84 5
55	83 5
55	85 5
55	79 30
55	84 6
55	84 7
55	83 7
55	85 6
55	79 109
55	83 7
55	85 7
55	79 39
55	84 8
55	84 9
55	83 9
55	85 9
55	79 23
55	84 10
55	84 11
55	83 11
55	85 10
55	79 108
55	83 11
55	85 11
55	79 38
55	84 12
55	84 13
55	83 13
55	85 13
55	79 27
55	84 14
55	84 15
55	83 15
55	85 14
55	79 109
55	83 15
55	85 15
55	79 37
55	84 16
55	83 16
55	85 16
55	79 39
55	84 17
55	84 18
55	83 18
55	85 18
55	79 29
55	84 19
55	84 20
55	83 20
55	85 19
55	79 110
55	83 20
55	85 20
55	79 38
55	84 1
55	83 1
55	85 1
55	79 32
55	84 2
55	84 3
55	83 3
55	85 3
55	79 27
55	84 4
55	84 5
55	83 5
55	85 4
55	79 102
55	83 5
55	85 5
55	79 32
55	84 6
55	83 6
55	85 6
55	79 37
55	84 7
55	84 8
55	83 8
55	85 8
55	79 28
55	84 9
55	84 10
55	83 10
55	85 9
55	79 108
55	83 10
55	85 10
55	79 38
55	84 11
55	83 11
55	85 11
55	79 36
55	84 12
55	84 13
55	83 13
55	85 13
55	79 26
55	84 14
55	84 15
55	83 15
55	85 14
55	79 105
55	83 15
55	85 15
55	79 32
55	84 16
55	83 16
55	85 16
55	79 32
55	84 17
55	84 18
55	83 18
55	85 18
55	79 28
55	84 19
55	84 20
55	83 20
55	85 19
55	79 105
55	83 20
55	85 20
55	79 37
55	84 1
55	83 1
55	85 1
55	79 34
55	84 2
55	84 3
55	83 3
55	85 3
55	79 30
55	84 4
55	84 5
55	83 5
55	85 4
55	79 106
55	83 5
55	85 5
55	79 36
55	84 6
55	83 6
55	85 6
55	79 41
55	84 7
55	84 8
55	83 8
55	85 8
55	79 27
55	84 9
55	84 10
55	83 10
55	85 9
55	79 109
55	83 10
55	85 10
55	79 39
55	84 11
55	84 12
55	83 12
55	85 12
55	79 28
55	84 13
55	84 14
55	83 14
55	85 13
55	79 107
55	83 14
55	85 14
55	79 35
55	84 15
55	84 16
55	83 16
55	85 16
55	79 27
55	84 17
55	84 18
55	83 18
55	85 17
55	79 110
55	83 18
55	85 18
55	79 37
55	84 19
55	83 19
55	85 19
55	79 38
55	84 20
55	84 1
55	83 1
55	85 1
55	79 30
55	84 2
55	84 3
55	83 3
55	85 2
55	79 107
55	84 4
55	83 4
55	85 4
55	79 31
55	84 5
55	84 6
55	83 6
55	85 5
55	79 108
55	83 6
55	85 6
55	79 47
55	84 7
55	84 8
55	83 8
55	85 8
55	79 27
55	84 9
55	84 10
55	TEST_NUMBER 3
55	SENT_TOTAL 250
55	RECEIVED_TOTAL 192
55	TIME_TOTAL 29721
55	RECEIVED_RADIO_1 193
55	RECEIVED_RADIO_2 0
55	SENT_RADIO_1 125
55	SENT_RADIO_2 125
55	RADIO_TIME_1 29774
55	RADIO_TIME_2 19763
55	RETRANSMISSIONS_1 0
55	RETRANSMISSIONS_2 0
55	DROPPED_1 0
55	DROPPED_2 0
55	MAX_QUEUE 1
55	DUPLICATED_1 2
55	DUPLICATED_2 0
55	EBUSY_RADIO_1 0
55	EBUSY_RADIO_2 0
55	83 0
55	85 9
55	86 3
55	83 0
55	85 10
55	86 3
55	84 1
55	84 2
55	83 2
55	85 2
55	79 29
55	84 3
55	84 4
55	83 4
55	85 3
55	79 103
55	83 4
55	85 4
55	79 33
55	84 5
55	84 6
55	83 6
55	85 6
55	79 24
55	84 7
55	84 8
55	83 8
55	85 7
55	79 113
55	83 8
55	85 8
55	79 46
55	84 9
55	83 9
55	85 9
55	79 35
55	84 10
55	84 11
55	83 11
55	85 11
55	79 23
55	84 12
55	84 13
55	83 13
55	85 12
55	79 110
55	83 13
55	85 13
55	79 36
55	84 14
55	84 15
55	83 15
55	85 15
55	79 28
55	84 16
55	84 17
55	83 17
55	85 16
55	79 108
55	83 17
55	85 17
55	79 35
55	84 18
55	83 18
55	85 18
55	79 39
55	84 19
55	84 20
55	83 20
55	85 20
55	79 25
55	84 1
55	84 2
55	83 2
55	85 1
55	79 106
55	83 2
55	85 2
55	79 34
55	84 3
55	84 4
55	83 4
55	85 4
55	79 25
55	84 5
55	84 6
55	83 6
55	85 5
55	79 114
55	83 6
55	85 6
55	79 47
55	84 7
55	84 8
55	83 8
55	85 8
55	79 29
55	84 9
55	84 10
55	83 10
55	85 9
55	79 111
55	84 11
55	83 11
55	85 11
55	79 32
55	84 12
55	84 13
55	83 13
55	85 12
55	79 107
55	83 13
55	85 13
55	79 33
55	84 14
55	84 15
55	83 15
55	85 15
55	79 29
55	84 16
55	84 17
55	83 17
55	85 16
55	79 111
55	83 17
55	85 17
55	79 41
55	84 18
55	83 18
55	85 18
55	79 38
55	84 19
55	84 20
55	83 20
55	85 20
55	79 24
55	84 1
55	84 2
55	83 2
55	85 1
55	79 106
55	83 2
55	85 2
55	79 35
55	84 3
55	83 3
55	85 3
55	79 30
55	84 4
55	84 5
55	83 5
55	85 5
55	79 25
55	84 6
55	84 7
55	83 7
55	85 6
55	79 105
55	83 7
55	85 7
55	79 34
55	84 8
55	84 9
55	83 9
55	85 9
55	79 26
55	84 10
55	84 11
55	83 11
55	85 10
55	79 114
55	84 12
55	83 12
55	85 12
55	79 24
55	84 13
55	84 14
55	83 14
55	85 13
55	79 108
55	84 15
55	83 15
55	85 15
55	79 28
55	84 16
55	84 17
55	83 17
55	85 16
55	79 106
55	83 17
55	85 17
55	79 36
55	84 18
55	83 18
55	85 18
55	79 40
55	84 19
55	84 20
55	83 20
55	85 20
55	79 26
55	84 1
55	84 2
55	83 2
55	85 1
55	79 108
55	83 2
55	85 2
55	79 35
55	84 3
55	83 3
55	85 3
55	79 38
55	84 4
55	84 5
55	83 5
55	85 5
55	79 29
55	84 6
55	84 7
55	83 7
55	85 6
55	79 105
55	83 7
55	85 7
55	79 31
55	84 8
55	84 9
55	83 9
55	85 9
55	79 26
55	84 10
55	84 11
55	83 11
55	85 10
55	79 104
55	83 11
55	85 11
55	79 34
55	84 12
55	84 13
55	83 13
55	85 13
55	79 27
55	84 14
55	84 15
55	83 15
55	85 14
55	79 104
55	83 15
55	85 15
55	79 31
55	84 16
55	84 17
55	83 17
55	85 17
55	79 27
55	84 18
55	84 19
55	83 19
55	85 18
55	79 106
55	83 19
55	85 19
55	79 42
55	84 20
55	84 1
55	83 1
55	85 1
55	79 28
55	84 2
55	84 3
55	83 3
55	85 2
55	79 106
55	83 3
55	85 3
55	79 34
55	84 4
55	83 4
55	85 4
55	79 34
55	84 5
55	84 6
55	83 6
55	85 6
55	79 27
55	84 7
55	84 8
55	83 8
55	85 7
55	79 105
55	83 8
55	85 8
55	79 40
55	84 9
55	83 9
55	85 9
55	79 38
55	84 10
55	84 11
55	83 11
55	85 11
55	79 33
55	84 12
55	84 13
55	83 13
55	85 12
55	79 109
55	83 13
55	85 13
55	79 35
55	84 14
55	84 15
55	83 15
55	85 15
55	79 25
55	84 16
55	84 17
55	83 17
55	85 16
55	79 109
55	84 18
55	83 18
55	85 18
55	79 25
55	84 19
55	84 20
55	83 20
55	85 19
55	79 108
55	83 20
55	85 20
55	79 37
55	84 1
55	84 2
55	83 2
55	85 2
55	79 28
55	84 3
55	84 4
55	83 4
55	85 3
55	79 112
55	83 4
55	85 4
55	79 40
55	84 5
55	84 6
55	83 6
55	85 6
55	79 26
55	84 7
55	84 8
55	83 8
55	85 7
55	79 108
55	83 8
55	85 8
55	79 35
55	84 9
55	83 9
55	85 9
55	79 43
55	84 10
55	84 11
55	83 11
55	85 11
55	79 26
55	84 12
55	84 13
55	83 13
55	85 12
55	79 107
55	83 13
55	85 13
55	79 37
55	84 14
55	83 14
55	85 14
55	79 33
55	84 15
55	84 16
55	83 16
55	85 16
55	79 27
55	84 17
55	84 18
55	83 18
55	85 17
55	79 107
55	83 18
55	85 18
55	79 41
55	84 19
55	84 20
55	83 20
55	85 20
55	79 27
55	84 1
55	84 2
55	83 2
55	85 1
55	79 101
55	83 2
55	85 2
55	79 31
55	84 3
55	83 3
55	85 3
55	79 32
55	84 4
55	84 5
55	83 5
55	85 5
55	79 31
55	84 6
55	84 7
55	83 7
55	85 6
55	79 108
55	84 8
55	83 8
55	85 8
55	79 25
55	84 9
55	84 10
55	83 10
55	85 9
55	79 105
55	83 10
55	85 10
55	79 33
55	84 11
55	83 11
55	85 11
55	79 33
55	84 12
55	84 13
55	83 13
55	85 13
55	79 24
55	84 14
55	84 15
55	83 15
55	85 14
55	79 106
55	83 15
55	85 15
55	79 35
55	84 16
55	84 17
55	83 17
55	85 17
55	79 24
55	84 18
55	84 19
55	83 19
55	85 18
55	79 110
55	83 19
55	85 19
55	79 39
55	84 20
55	84 1
55	83 1
55	85 1
55	79 30
55	84 2
55	84 3
55	83 3
55	85 2
55	79 113
55	83 3
55	85 3
55	79 53
55	84 4
55	84 5
55	83 5
55	85 5
55	79 26
55	84 6
55	84 7
55	83 7
55	85 6
55	79 111
55	83 7
55	85 7
55	79 41
55	84 8
55	84 9
55	83 9
55	85 9
55	79 31
55	84 10
55	84 11
55	83 11
55	85 10
55	79 107
55	83 11
55	85 11
55	79 43
55	84 12
55	84 13
55	83 13
55	85 13
55	79 26
55	84 14
55	84 15
55	83 15
55	85 14
55	79 106
55	83 15
55	85 15
55	79 40
55	84 16
55	83 16
55	85 16
55	79 35
55	84 17
55	84 18
55	83 18
55	85 18
55	79 23
55	84 19
55	84 20
55	83 20
55	85 19
55	79 112
55	83 20
55	85 20
55	79 42
55	84 1
55	84 2
55	83 2
55	85 2
55	79 27
55	84 3
55	84 4
55	83 4
55	85 3
55	79 108
55	83 4
55	85 4
55	79 35
55	84 5
55	84 6
55	83 6
55	85 6
55	79 24
55	84 7
55	84 8
55	83 8
55	85 7
55	79 107
55	83 8
55	85 8
55	79 38
55	84 9
55	83 9
55	85 9
55	79 38
55	84 10
55	84 11
55	83 11
55	85 11
55	79 28
55	84 12
55	84 13
55	83 13
55	85 12
55	79 103
55	83 13
55	85 13
55	79 41
55	84 14
55	84 15
55	83 15
55	85 15
55	79 26
55	84 16
55	84 17
55	83 17
55	85 16
55	79 104
55	83 17
55	85 17
55	79 31
55	84 18
55	83 18
55	85 18
55	79 39
55	84 19
55	84 20
55	83 20
55	85 20
55	79 28
55	84 1
55	84 2
55	83 2
55	85 1
55	79 104
55	83 2
55	85 2
55	79 30
55	84 3
55	83 3
55	85 3
55	79 33
55	84 4
55	84 5
55	83 5
55	85 5
55	79 28
55	84 6
55	84 7
55	83 7
55	85 6
55	79 103
55	83 7
55	85 7
55	79 29
55	84 8
55	84 9
55	83 9
55	85 9
55	79 31
55	84 10
55	84 11
55	83 11
55	85 10
55	79 111
55	83 11
55	85 11
55	79 37
55	84 12
55	84 13
55	83 13
55	85 13
55	79 28
55	84 14
55	84 15
55	83 15
55	85 14
55	79 109
55	83 15
55	85 15
55	79 41
55	84 16
55	84 17
55	83 17
55	85 17
55	79 29
55	84 18
55	84 19
55	83 19
55	85 18
55	79 111
55	83 19
55	85 19
55	79 39
55	84 20
55	84 1
55	83 1
55	85 1
55	79 28
55	84 2
55	84 3
55	83 3
55	85 2
55	79 107
55	83 3
55	85 3
55	79 36
55	84 4
55	84 5
55	83 5
55	85 5
55	79 30
55	84 6
55	84 7
55	83 7
55	85 6
55	79 104
55	83 7
55	85 7
55	79 32
55	84 8
55	83 8
55	85 8
55	79 32
55	84 9
55	84 10
55	83 10
55	85 10
55	79 24
55	84 11
55	84 12
55	83 12
55	85 11
55	79 106
55	83 12
55	85 12
55	79 41
55	84 13
55	84 14
55	83 14
55	85 14
55	79 26
55	84 15
55	84 16
55	83 16
55	85 15
55	79 106
55	83 16
55	85 16
55	79 35
55	84 17
55	83 17
55	85 17
55	79 36
55	84 18
55	84 19
55	83 19
55	85 19
55	79 26
55	84 20
55	84 1
55	83 1
55	85 20
55	79 108
55	83 1
55	85 1
55	79 37
55	84 2
55	83 2
55	85 2
55	79 33
55	84 3
55	84 4
55	83 4
55	85 4
55	79 23
55	84 5
55	84 6
55	83 6
55	85 5
55	79 104
55	83 6
55	85 6
55	79 34
55	84 7
55	83 7
55	85 7
55	79 42
55	84 8
55	84 9
55	83 9
55	85 9
55	79 29
55	84 10
55	84 11
55	83 11
55	85 10
55	79 108
55	83 11
55	85 11
55	79 35
55	84 12
55	84 13
55	83 13
55	85 13
55	79 25
55	84 14
55	84 15
55	83 15
55	85 14
55	79 108
55	83 15
55	85 15
55	79 37
55	84 16
55	83 16
55	85 16
55	79 44
55	84 17
55	84 18
55	83 18
55	85 18
55	79 26
55	84 19
55	84 20
55	83 20
55	85 19
55	79 101
55	83 20
55	85 20
55	79 38
55	84 1
55	83 1
55	85 1
55	79 35
55	84 2
55	84 3
55	83 3
55	85 3
55	79 27
55	84 4
55	84 5
55	83 5
55	85 4
55	79 108
55	84 6
55	83 6
55	85 6
55	79 21
55	84 7
55	84 8
55	83 8
55	85 7
55	79 108
55	83 8
55	85 8
55	79 48
55	84 9
55	84 10
55	TEST_NUMBER 4
55	SENT_TOTAL 250
55	RECEIVED_TOTAL 190
55	TIME_TOTAL 29749
55	RECEIVED_RADIO_1 192
55	RECEIVED_RADIO_2 0
55	SENT_RADIO_1 125
55	SENT_RADIO_2 125
55	RADIO_TIME_1 29781
55	RADIO_TIME_2 19763
55	RETRANSMISSIONS_1 0
55	RETRANSMISSIONS_2 0
55	DROPPED_1 0
55	DROPPED_2 0
55	MAX_QUEUE 1
55	DUPLICATED_1 7
55	DUPLICATED_2 0
55	EBUSY_RADIO_1 0
55	EBUSY_RADIO_2 0
55	83 0
55	85 10
55	86 4
55	84 1
55	84 2
55	83 2
55	85 1
55	79 109
55	83 2
55	85 2
55	79 38
55	84 3
55	83 3
55	85 3
55	79 36
55	84 4
55	84 5
55	83 5
55	85 5
55	79 28
55	84 6
55	84 7
55	83 7
55	85 6
55	79 105
55	83 7
55	85 7
55	79 33
55	84 8
55	84 9
55	83 9
55	85 9
55	79 31
55	84 10
55	84 11
55	83 11
55	85 10
55	79 103
55	83 11
55	85 11
55	79 31
55	84 12
55	83 12
55	85 12
55	79 43
55	84 13
55	84 14
55	83 14
55	85 14
55	79 27
55	84 15
55	84 16
55	83 16
55	85 15
55	79 105
55	83 16
55	85 16
55	79 42
55	84 17
55	83 17
55	85 17
55	79 36
55	84 18
55	84 19
55	83 19
55	85 19
55	79 25
55	84 20
55	84 1
55	83 1
55	85 20
55	79 102
55	84 2
55	83 2
55	85 2
55	79 29
55	84 3
55	84 4
55	83 4
55	85 3
55	79 109
55	84 5
55	83 5
55	85 5
55	79 27
55	84 6
55	84 7
55	83 7
55	85 6
55	79 106
55	83 7
55	85 7
55	79 36
55	84 8
55	83 8
55	85 8
55	79 34
55	84 9
55	84 10
55	83 10
55	85 10
55	79 27
55	84 11
55	84 12
55	83 12
55	85 11
55	79 107
55	83 12
55	85 12
55	79 45
55	84 13
55	84 14
55	83 14
55	85 14
55	79 26
55	84 15
55	84 16
55	83 16
55	85 15
55	79 102
55	83 16
55	85 16
55	79 53
55	84 17
55	84 18
55	83 18
55	85 18
55	79 26
55	84 19
55	84 20
55	83 20
55	85 19
55	79 105
55	83 20
55	85 20
55	79 36
55	84 1
55	83 1
55	85 1
55	79 35
55	84 2
55	84 3
55	83 3
55	85 3
55	79 33
55	84 4
55	84 5
55	83 5
55	85 4
55	79 107
55	83 5
55	85 5
55	79 35
55	84 6
55	84 7
55	83 7
55	85 7
55	79 27
55	84 8
55	84 9
55	83 9
55	85 8
55	79 107
55	83 9
55	85 9
55	79 34
55	84 10
55	84 11
55	83 11
55	85 11
55	79 29
55	84 12
55	84 13
55	83 13
55	85 12
55	79 109
55	83 13
55	85 13
55	79 37
55	84 14
55	84 15
55	83 15
55	85 15
55	79 30
55	84 16
55	84 17
55	83 17
55	85 16
55	79 109
55	83 17
55	85 17
55	79 43
55	84 18
55	84 19
55	83 19
55	85 19
55	79 28
55	84 20
55	84 1
55	83 1
55	85 20
55	79 108
55	84 2
55	83 2
55	85 2
55	79 28
55	84 3
55	84 4
55	83 4
55	85 3
55	79 110
55	83 4
55	85 4
55	79 42
55	84 5
55	84 6
55	83 6
55	85 6
55	79 23
55	84 7
55	84 8
55	83 8
55	85 7
55	79 107
55	83 8
55	85 8
55	79 34
55	84 9
55	83 9
55	85 9
55	79 32
55	84 10
55	84 11
55	83 11
55	85 11
55	79 27
55	84 12
55	84 13
55	83 13
55	85 12
55	79 105
55	83 13
55	85 13
55	79 35
55	84 14
55	84 15
55	83 15
55	85 15
55	79 27
55	84 16
55	84 17
55	83 17
55	85 16
55	79 106
55	83 17
55	85 17
55	79 33
55	84 18
55	83 18
55	85 18
55	79 42
55	84 19
55	84 20
55	83 20
55	85 20
55	79 24
55	84 1
55	84 2
55	83 2
55	85 1
55	79 105
55	83 2
55	85 2
55	79 33
55	84 3
55	83 3
55	85 3
55	79 36
55	84 4
55	84 5
55	83 5
55	85 5
55	79 31
55	84 6
55	84 7
55	83 7
55	85 6
55	79 109
55	83 7
55	85 7
55	79 36
55	84 8
55	83 8
55	85 8
55	79 39
55	84 9
55	84 10
55	83 10
55	85 10
55	79 21
55	84 11
55	84 12
55	83 12
55	85 11
55	79 108
55	83 12
55	85 12
55	79 42
55	84 13
55	84 14
55	83 14
55	85 14
55	79 24
55	84 15
55	84 16
55	83 16
55	85 15
55	79 112
55	84 17
55	83 17
55	85 17
55	79 26
55	84 18
55	84 19
55	83 19
55	85 18
55	79 104
55	83 19
55	85 19
55	79 35
55	84 20
55	83 20
55	85 20
55	79 38
55	84 1
55	84 2
55	83 2
55	85 2
55	79 28
55	84 3
55	84 4
55	83 4
55	85 3
55	79 109
55	83 4
55	85 4
55	79 38
55	84 5
55	83 5
55	85 5
55	79 45
55	84 6
55	84 7
55	83 7
55	85 7
55	79 28
55	84 8
55	84 9
55	83 9
55	85 8
55	79 108
55	83 9
55	85 9
55	79 35
55	84 10
55	84 11
55	83 11
55	85 11
55	79 28
55	84 12
55	84 13
55	83 13
55	85 12
55	79 109
55	83 13
55	85 13
55	79 39
55	84 14
55	84 15
55	83 15
55	85 15
55	79 27
55	84 16
55	84 17
55	83 17
55	85 16
55	79 107
55	83 17
55	85 17
55	79 33
55	84 18
55	84 19
55	83 19
55	85 19
55	79 32
55	84 20
55	84 1
55	83 1
55	85 20
55	79 106
55	83 1
55	85 1
55	79 34
55	84 2
55	83 2
55	85 2
55	79 37
55	84 3
55	84 4
55	83 4
55	85 4
55	79 28
55	84 5
55	84 6
55	83 6
55	85 5
55	79 107
55	83 6
55	85 6
55	79 40
55	84 7
55	84 8
55	83 8
55	85 8
55	79 24
55	84 9
55	84 10
55	83 10
55	85 9
55	79 118
55	83 10
55	85 10
55	79 44
55	84 11
55	84 12
55	83 12
55	85 12
55	79 23
55	84 13
55	84 14
55	83 14
55	85 13
55	79 113
55	84 15
55	84 16
55	83 16
55	85 15
55	79 108
55	83 16
55	85 16
55	79 37
55	84 17
55	83 17
55	85 17
55	79 50
55	84 18
55	84 19
55	83 19
55	85 19
55	79 27
55	84 20
55	84 1
55	83 1
55	85 20
55	79 111
55	83 1
55	85 1
55	79 40
55	84 2
55	83 2
55	85 2
55	79 33
55	84 3
55	84 4
55	83 4
55	85 4
55	79 25
55	84 5
55	84 6
55	83 6
55	85 5
55	79 106
55	84 7
55	84 8
55	83 8
55	85 7
55	79 116
55	83 8
55	85 8
55	79 52
55	84 9
55	83 9
55	85 9
55	79 33
55	84 10
55	84 11
55	83 11
55	85 11
55	79 30
55	84 12
55	84 13
55	83 13
55	85 12
55	79 104
55	83 13
55	85 13
55	79 31
55	84 14
55	83 14
55	85 14
55	79 34
55	84 15
55	84 16
55	83 16
55	85 16
55	79 30
55	84 17
55	84 18
55	83 18
55	85 17
55	79 107
55	83 18
55	85 18
55	79 37
55	84 19
55	83 19
55	85 19
55	79 36
55	84 20
55	84 1
55	83 1
55	85 1
55	79 25
55	84 2
55	84 3
55	83 3
55	85 2
55	79 105
55	83 3
55	85 3
55	79 40
55	84 4
55	84 5
55	83 5
55	85 5
55	79 26
55	84 6
55	84 7
55	83 7
55	85 6
55	79 107
55	83 7
55	85 7
55	79 34
55	84 8
55	83 8
55	85 8
55	79 32
55	84 9
55	84 10
55	83 10
55	85 10
55	79 26
55	84 11
55	84 12
55	83 12
55	85 11
55	79 104
55	83 12
55	85 12
55	79 54
55	84 13
55	84 14
55	83 14
55	85 14
55	79 29
55	84 15
55	84 16
55	83 16
55	85 15
55	79 105
55	83 16
55	85 16
55	79 33
55	84 17
55	83 17
55	85 17
55	79 46
55	84 18
55	84 19
55	83 19
55	85 19
55	79 27
55	84 20
55	84 1
55	83 1
55	85 20
55	79 109
55	83 1
55	85 1
55	79 34
55	84 2
55	84 3
55	83 3
55	85 3
55	79 25
55	84 4
55	84 5
55	83 5
55	85 4
55	79 107
55	83 5
55	85 5
55	79 34
55	84 6
55	84 7
55	83 7
55	85 7
55	79 27
55	84 8
55	84 9
55	83 9
55	85 8
55	79 111
55	84 10
55	83 10
55	85 10
55	79 38
55	84 11
55	84 12
55	83 12
55	85 11
55	79 108
55	83 12
55	85 12
55	79 40
55	84 13
55	84 14
55	83 14
55	85 14
55	79 28
55	84 15
55	84 16
55	83 16
55	85 15
55	79 111
55	83 16
55	85 16
55	79 39
55	84 17
55	84 18
55	83 18
55	85 18
55	79 27
55	84 19
55	84 20
55	83 20
55	85 19
55	79 105
55	83 20
55	85 20
55	79 45
55	84 1
55	84 2
55	83 2
55	85 2
55	79 27
55	84 3
55	84 4
55	83 4
55	85 3
55	79 109
55	83 4
55	85 4
55	79 39
55	84 5
55	83 5
55	85 5
55	79 34
55	84 6
55	84 7
55	83 7
55	85 7
55	79 25
55	84 8
55	84 9
55	83 9
55	85 8
55	79 106
55	83 9
55	85 9
55	79 36
55	84 10
55	83 10
55	85 10
55	79 34
55	84 11
55	84 12
55	83 12
55	85 12
55	79 28
55	84 13
55	84 14
55	83 14
55	85 13
55	79 112
55	83 14
55	85 14
55	79 42
55	84 15
55	84 16
55	83 16
55	85 16
55	79 26
55	84 17
55	84 18
55	83 18
55	85 17
55	79 112
55	84 19
55	83 19
55	85 19
55	79 31
55	84 20
55	84 1
55	83 1
55	85 20
55	79 111
55	83 1
55	85 1
55	79 39
55	84 2
55	84 3
55	83 3
55	85 3
55	79 26
55	84 4
55	84 5
55	83 5
55	85 4
55	79 110
55	83 5
55	85 5
55	79 47
55	84 6
55	83 6
55	85 6
55	79 37
55	84 7
55	84 8
55	83 8
55	85 8
55	79 24
55	84 9
55	84 10
55	83 10
55	85 9
55	79 104
55	83 10
55	85 10
55	79 31
55	84 11
55	83 11
55	85 11
55	79 31
55	84 12
55	84 13
55	83 13
55	85 13
55	79 26
55	84 14
55	84 15
55	83 15
55	85 14
55	79 107
55	83 15
55	85 15
55	79 34
55	84 16
55	83 16
55	85 16
55	79 45
55	84 17
55	84 18
55	83 18
55	85 18
55	79 32
55	84 19
55	84 20
55	83 20
55	85 19
55	79 107
55	83 20
55	85 20
55	79 33
55	84 1
55	83 1
55	85 1
55	79 47
55	84 2
55	84 3
55	83 3
55	85 3
55	79 26
55	84 4
55	84 5
55	83 5
55	85 4
55	79 107
55	83 5
55	85 5
55	79 34
55	84 6
55	84 7
55	83 7
55	85 7
55	79 26
55	84 8
55	84 9
55	83 9
55	85 8
55	79 105
55	83 9
55	85 9
55	79 39
55	84 10
55	TEST_NUMBER 5
55	SENT_TOTAL 250
55	RECEIVED_TOTAL 191
55	TIME_TOTAL 29817
55	RECEIVED_RADIO_1 192
55	RECEIVED_RADIO_2 0
55	SENT_RADIO_1 125
55	SENT_RADIO_2 125
55	RADIO_TIME_1 29817
55	RADIO_TIME_2 19763
55	RETRANSMISSIONS_1 0
55	RETRANSMISSIONS_2 0
55	DROPPED_1 0
55	DROPPED_2 0
55	MAX_QUEUE 1
55	DUPLICATED_1 5
55	DUPLICATED_2 0
55	EBUSY_RADIO_1 0
55	EBUSY_RADIO_2 0
55	84 1
55	83 1
55	85 1
55	79 27
55	84 2
55	84 3
55	83 3
55	85 2
55	79 108
55	83 3
55	85 3
55	79 43
55	84 4
55	84 5
55	83 5
55	85 5
55	79 29
55	84 6
55	84 7
55	83 7
55	85 6
55	79 109
55	83 7
55	85 7
55	79 40
55	84 8
55	84 9
55	83 9
55	85 9
55	79 30
55	84 10
55	84 11
55	83 11
55	85 10
55	79 114
55	83 11
55	85 11
55	79 43
55	84 12
55	84 13
55	83 13
55	85 13
55	79 28
55	84 14
55	84 15
55	83 15
55	85 14
55	79 107
55	83 15
55	85 15
55	79 35
55	84 16
55	84 17
55	83 17
55	85 17
55	79 28
55	84 18
55	84 19
55	83 19
55	85 18
55	79 108
55	83 19
55	85 19
55	79 35
55	84 20
55	83 20
55	85 20
55	79 35
55	84 1
55	84 2
55	83 2
55	85 2
55	79 27
55	84 3
55	84 4
55	83 4
55	85 3
55	79 107
55	83 4
55	85 4
55	79 34
55	84 5
55	83 5
55	85 5
55	79 31
55	84 6
55	84 7
55	83 7
55	85 7
55	79 28
55	84 8
55	84 9
55	83 9
55	85 8
55	79 110
55	83 9
55	85 9
55	79 45
55	84 10
55	84 11
55	83 11
55	85 11
55	79 28
55	84 12
55	84 13
55	83 13
55	85 12
55	79 110
55	83 13
55	85 13
55	79 41
55	84 14
55	84 15
55	83 15
55	85 15
55	79 27
55	84 16
55	84 17
55	83 17
55	85 16
55	79 107
55	83 17
55	85 17
55	79 37
55	84 18
55	84 19
55	83 19
55	85 19
55	79 29
55	84 20
55	84 1
55	83 1
55	85 20
55	79 108
55	83 1
55	85 1
55	79 38
55	84 2
55	84 3
55	83 3
55	85 3
55	79 30
55	84 4
55	84 5
55	83 5
55	85 4
55	79 108
55	83 5
55	85 5
55	79 47
55	84 6
55	84 7
55	83 7
55	85 7
55	79 27
55	84 8
55	84 9
55	83 9
55	85 8
55	79 108
55	83 9
55	85 9
55	79 34
55	84 10
55	84 11
55	83 11
55	85 11
55	79 30
55	84 12
55	84 13
55	83 13
55	85 12
55	79 104
55	84 14
55	83 14
55	85 14
55	79 30
55	84 15
55	84 16
55	83 16
55	85 15
55	79 106
55	83 16
55	85 16
55	79 44
55	84 17
55	83 17
55	85 17
55	79 33
55	84 18
55	84 19
55	83 19
55	85 19
55	79 31
55	84 20
55	84 1
55	83 1
55	85 20
55	79 106
55	84 2
55	83 2
55	85 2
55	79 28
55	84 3
55	84 4
55	83 4
55	85 3
55	79 106
55	83 4
55	85 4
55	79 39
55	84 5
55	84 6
55	83 6
55	85 6
55	79 23
55	84 7
55	84 8
55	83 8
55	85 7
55	79 106
55	83 8
55	85 8
55	79 34
55	84 9
55	83 9
55	85 9
55	79 36
55	84 10
55	84 11
55	83 11
55	85 11
55	79 27
55	84 12
55	84 13
55	83 13
55	85 12
55	79 108
55	83 13
55	85 13
55	79 45
55	84 14
55	84 15
55	83 15
55	85 15
55	79 26
55	84 16
55	84 17
55	83 17
55	85 16
55	79 106
55	83 17
55	85 17
55	79 35
55	84 18
55	83 18
55	85 18
55	79 40
55	84 19
55	84 20
55	83 20
55	85 20
55	79 25
55	84 1
55	84 2
55	83 2
55	85 1
55	79 108
55	83 2
55	85 2
55	79 35
55	84 3
55	83 3
55	85 3
55	79 35
55	84 4
55	84 5
55	83 5
55	85 5
55	79 29
55	84 6
55	84 7
55	83 7
55	85 6
55	79 109
55	83 7
55	85 7
55	79 37
55	84 8
55	83 8
55	85 8
55	79 37
55	84 9
55	84 10
55	83 10
55	85 10
55	79 25
55	84 11
55	84 12
55	83 12
55	85 11
55	79 102
55	83 12
55	85 12
55	79 37
55	84 13
55	84 14
55	83 14
55	85 14
55	79 29
55	84 15
55	84 16
55	83 16
55	85 15
55	79 107
55	83 16
55	85 16
55	79 37
55	84 17
55	83 17
55	85 17
55	79 35
55	84 18
55	84 19
55	83 19
55	85 19
55	79 27
55	84 20
55	84 1
55	83 1
55	85 20
55	79 111
55	83 1
55	85 1
55	79 41
55	84 2
55	84 3
55	83 3
55	85 3
55	79 30
55	84 4
55	84 5
55	83 5
55	85 4
55	79 104
55	83 5
55	85 5
55	79 43
55	84 6
55	84 7
55	83 7
55	85 7
55	79 28
55	84 8
55	84 9
55	83 9
55	85 8
55	79 104
55	83 9
55	85 9
55	79 31
55	84 10
55	84 11
55	83 11
55	85 11
55	79 28
55	84 12
55	84 13
55	83 13
55	85 12
55	79 108
55	84 14
55	83 14
55	85 14
55	79 27
55	84 15
55	84 16
55	83 16
55	85 15
55	79 112
55	84 17
55	83 17
55	85 17
55	79 27
55	84 18
55	84 19
55	83 19
55	85 18
55	79 107
55	83 19
55	85 19
55	79 42
55	84 20
55	83 20
55	85 20
55	79 38
55	84 1
55	84 2
55	83 2
55	85 2
55	79 20
55	84 3
55	84 4
55	83 4
55	85 3
55	79 109
55	83 4
55	85 4
55	79 38
55	84 5
55	84 6
55	83 6
55	85 6
55	79 29
55	84 7
55	84 8
55	83 8
55	85 7
55	79 108
55	84 9
55	83 9
55	85 9
55	79 27
55	84 10
55	84 11
55	83 11
55	85 10
55	79 107
55	84 12
55	83 12
55	85 12
55	79 28
55	84 13
55	84 14
55	83 14
55	85 13
55	79 106
55	83 14
55	85 14
55	79 42
55	84 15
55	83 15
55	85 15
55	79 33
55	84 16
55	84 17
55	83 17
55	85 17
55	79 31
55	84 18
55	84 19
55	83 19
55	85 18
55	79 109
55	83 19
55	85 19
55	79 49
55	84 20
55	84 1
55	83 1
55	85 1
55	79 26
55	84 2
55	84 3
55	83 3
55	85 2
55	79 107
55	83 3
55	85 3
55	79 37
55	84 4
55	83 4
55	85 4
55	79 38
55	84 5
55	84 6
55	83 6
55	85 6
55	79 30
55	84 7
55	84 8
55	83 8
55	85 7
55	79 113
55	84 9
55	83 9
55	85 9
55	79 27
55	84 10
55	84 11
55	83 11
55	85 10
55	79 105
55	83 11
55	85 11
55	79 35
55	84 12
55	83 12
55	85 12
55	79 36
55	84 13
55	84 14
55	83 14
55	85 14
55	79 28
55	84 15
55	84 16
55	83 16
55	85 15
55	79 107
55	83 16
55	85 16
55	79 42
55	84 17
55	84 18
55	83 18
55	85 18
55	79 25
55	84 19
55	84 20
55	83 20
55	85 19
55	79 106
55	83 20
55	85 20
55	79 35
55	84 1
55	83 1
55	85 1
55	79 32
55	84 2
55	84 3
55	83 3
55	85 3
55	79 30
55	84 4
55	84 5
55	83 5
55	85 4
55	79 107
55	83 5
55	85 5
55	79 41
55	84 6
55	84 7
55	83 7
55	85 7
55	79 29
55	84 8
55	84 9
55	83 9
55	85 8
55	79 109
55	83 9
55	85 9
55	79 38
55	84 10
55	83 10
55	85 10
55	79 34
55	84 11
55	84 12
55	83 12
55	85 12
55	79 33
55	84 13
55	84 14
55	83 14
55	85 13
55	79 107
55	83 14
55	85 14
55	79 34
55	84 15
55	83 15
55	85 15
55	79 40
55	84 16
55	84 17
55	83 17
55	85 17
55	79 27
55	84 18
55	84 19
55	83 19
55	85 18
55	79 107
55	83 19
55	85 19
55	79 36
55	84 20
55	84 1
55	83 1
55	85 1
55	79 26
55	84 2
55	84 3
55	83 3
55	85 2
55	79 109
55	83 3
55	85 3
55	79 35
55	84 4
55	84 5
55	83 5
55	85 5
55	79 25
55	84 6
55	84 7
55	83 7
55	85 6
55	79 102
55	83 7
55	85 7
55	79 33
55	84 8
55	83 8
55	85 8
55	79 42
55	84 9
55	84 10
55	83 10
55	85 10
55	79 24
55	84 11
55	84 12
55	83 12
55	85 11
55	79 111
55	83 12
55	85 12
55	79 37
55	84 13
55	83 13
55	85 13
55	79 33
55	84 14
55	84 15
55	83 15
55	85 15
55	79 30
55	84 16
55	84 17
55	83 17
55	85 16
55	79 109
55	83 17
55	85 17
55	79 38
55	84 18
55	84 19
55	83 19
55	85 19
55	79 25
55	84 20
55	84 1
55	83 1
55	85 20
55	79 103
55	83 1
55	85 1
55	79 33
55	84 2
55	83 2
55	85 2
55	79 37
55	84 3
55	84 4
55	83 4
55	85 4
55	79 28
55	84 5
55	84 6
55	83 6
55	85 5
55	79 105
55	83 6
55	85 6
55	79 38
55	84 7
55	83 7
55	85 7
55	79 33
55	84 8
55	84 9
55	83 9
55	85 9
55	79 29
55	84 10
55	84 11
55	83 11
55	85 10
55	79 105
55	83 11
55	85 11
55	79 34
55	84 12
55	84 13
55	83 13
55	85 13
55	79 29
55	84 14
55	84 15
55	83 15
55	85 14
55	79 105
55	83 15
55	85 15
55	79 32
55	84 16
55	84 17
55	83 17
55	85 17
55	79 28
55	84 18
55	84 19
55	83 19
55	85 18
55	79 106
55	83 19
55	85 19
55	79 33
55	84 20
55	84 1
55	83 1
55	85 1
55	79 30
55	84 2
55	84 3
55	83 3
55	85 2
55	79 108
55	84 4
55	83 4
55	85 4
55	79 25
55	84 5
55	84 6
55	83 6
55	85 5
55	79 112
55	83 6
55	85 6
55	79 51
55	84 7
55	84 8
55	83 8
55	85 8
55	79 25
55	84 9
55	84 10
55	83 10
55	85 9
55	79 111
55	83 10
55	85 10
55	79 41
55	84 11
55	84 12
55	83 12
55	85 12
55	79 28
55	84 13
55	84 14
55	83 14
55	85 13
55	79 109
55	83 14
55	85 14
55	79 40
55	84 15
55	84 16
55	83 16
55	85 16
55	79 28
55	84 17
55	84 18
55	83 18
55	85 17
55	79 113
55	83 18
55	85 18
55	79 41
55	84 19
55	83 19
55	85 19
55	79 34
55	84 20
55	84 1
55	83 1
55	85 1
55	79 26
55	84 2
55	84 3
55	83 3
55	85 2
55	79 103
55	83 3
55	85 3
55	79 36
55	84 4
55	84 5
55	83 5
55	85 5
55	79 32
55	84 6
55	84 7
55	83 7
55	85 6
55	79 105
55	83 7
55	85 7
55	79 32
55	84 8
55	83 8
55	85 8
55	79 35
55	84 9
55	84 10
55	TEST_NUMBER 6
55	SENT_TOTAL 250
55	RECEIVED_TOTAL 190
55	TIME_TOTAL 19691
55	RECEIVED_RADIO_1 190
55	RECEIVED_RADIO_2 0
55	SENT_RADIO_1 125
55	SENT_RADIO_2 125
55	RADIO_TIME_1 19763
55	RADIO_TIME_2 19763
55	RETRANSMISSIONS_1 0
55	RETRANSMISSIONS_2 0
55	DROPPED_1 0
55	DROPPED_2 0
55	MAX_QUEUE 1
55	DUPLICATED_1 8
55	DUPLICATED_2 0
55	EBUSY_RADIO_1 0
55	EBUSY_RADIO_2 0
55	83 0
55	85 10
55	86 6

86	RELAY_NODE 86
86	TEST_NUMBER 0
86	SENT_TOTAL 0
86	RECEIVED_TOTAL 0
86	TIME_TOTAL 0
86	RECEIVED_RADIO_1 0
86	RECEIVED_RADIO_2 119
86	SENT_RADIO_1 119
86	SENT_RADIO_2 0
86	RADIO_TIME_1 18809
86	RADIO_TIME_2 18809
86	RETRANSMISSIONS_1 0
86	RETRANSMISSIONS_2 0
86	DROPPED_1 0
86	DROPPED_2 0
86	MAX_QUEUE 1
86	DUPLICATED_1 0
86	DUPLICATED_2 0
86	EBUSY_RADIO_1 0
86	EBUSY_RADIO_2 0
86	TEST_NUMBER 1
86	SENT_TOTAL 0
86	RECEIVED_TOTAL 0
86	TIME_TOTAL 0
86	RECEIVED_RADIO_1 0
86	RECEIVED_RADIO_2 125
86	SENT_RADIO_1 125
86	SENT_RADIO_2 0
86	RADIO_TIME_1 29727
86	RADIO_TIME_2 29727
86	RETRANSMISSIONS_1 1
86	RETRANSMISSIONS_2 0
86	DROPPED_1 0
86	DROPPED_2 0
86	MAX_QUEUE 1
86	DUPLICATED_1 0
86	DUPLICATED_2 0
86	EBUSY_RADIO_1 0
86	EBUSY_RADIO_2 0
86	TEST_NUMBER 2
86	SENT_TOTAL 0
86	RECEIVED_TOTAL 0
86	TIME_TOTAL 0
86	RECEIVED_RADIO_1 0
86	RECEIVED_RADIO_2 125
86	SENT_RADIO_1 125
86	SENT_RADIO_2 0
86	RADIO_TIME_1 29724
86	RADIO_TIME_2 29724
86	RETRANSMISSIONS_1 0
86	RETRANSMISSIONS_2 0
86	DROPPED_1 0
86	DROPPED_2 0
86	MAX_QUEUE 1
86	DUPLICATED_1 0
86	DUPLICATED_2 0
86	EBUSY_RADIO_1 0
86	EBUSY_RADIO_2 0
86	TEST_NUMBER 3
86	SENT_TOTAL 0
86	RECEIVED_TOTAL 0
86	TIME_TOTAL 0
86	RECEIVED_RADIO_1 0
86	RECEIVED_RADIO_2 125
86	SENT_RADIO_1 125
86	SENT_RADIO_2 0
86	RADIO_TIME_1 29721
86	RADIO_TIME_2 29721
86	RETRANSMISSIONS_1 0
86	RETRANSMISSIONS_2 0
86	DROPPED_1 0
86	DROPPED_2 0
86	MAX_QUEUE 1
86	DUPLICATED_1 0
86	DUPLICATED_2 0
86	EBUSY_RADIO_1 0
86	EBUSY_RADIO_2 0
86	TEST_NUMBER 4
86	SENT_TOTAL 0
86	RECEIVED_TOTAL 0
86	TIME_TOTAL 0
86	RECEIVED_RADIO_1 0
86	RECEIVED_RADIO_2 125
86	SENT_RADIO_1 125
86	SENT_RADIO_2 0
86	RADIO_TIME_1 29723
86	RADIO_TIME_2 29723
86	RETRANSMISSIONS_1 0
86	RETRANSMISSIONS_2 0
86	DROPPED_1 0
86	DROPPED_2 0
86	MAX_QUEUE 1
86	DUPLICATED_1 0
86	DUPLICATED_2 0
86	EBUSY_RADIO_1 0
86	EBUSY_RADIO_2 0
86	TEST_NUMBER 5
86	SENT_TOTAL 0
86	RECEIVED_TOTAL 0
86	TIME_TOTAL 0
86	RECEIVED_RADIO_1 0
86	RECEIVED_RADIO_2 125
86	SENT_RADIO_1 125
86	SENT_RADIO_2 0
86	RADIO_TIME_1 29728
86	RADIO_TIME_2 29728
86	RETRANSMISSIONS_1 0
86	RETRANSMISSIONS_2 0
86	DROPPED_1 0
86	DROPPED_2 0
86	MAX_QUEUE 1
86	DUPLICATED_1 0
86	DUPLICATED_2 0
86	EBUSY_RADIO_1 0
86	EBUSY_RADIO_2 0
86	TEST_NUMBER 6
86	SENT_TOTAL 0
86	RECEIVED_TOTAL 0
86	TIME_TOTAL 0
86	RECEIVED_RADIO_1 0
86	RECEIVED_RADIO_2 125
86	SENT_RADIO_1 125
86	SENT_RADIO_2 0
86	RADIO_TIME_1 29722
86	RADIO_TIME_2 29722
86	RETRANSMISSIONS_1 0
86	RETRANSMISSIONS_2 0
86	DROPPED_1 0
86	DROPPED_2 0
86	MAX_QUEUE 1
86	DUPLICATED_1 0
86	DUPLICATED_2 0
86	EBUSY_RADIO_1 0
86	EBUSY_RADIO_2 0

90	DESTINATION_NODE 90
90	TEST_NUMBER 0
90	SENT_TOTAL 250
90	RECEIVED_TOTAL 250
90	TIME_TOTAL 19850
90	RECEIVED_RADIO_1 125
90	RECEIVED_RADIO_2 125
90	SENT_RADIO_1 0
90	SENT_RADIO_2 193
90	RADIO_TIME_1 19850
90	RADIO_TIME_2 19850
90	RETRANSMISSIONS_1 559
90	RETRANSMISSIONS_2 0
90	DROPPED_1 56
90	DROPPED_2 0
90	MAX_QUEUE 2
90	DUPLICATED_1 0
90	DUPLICATED_2 0
90	EBUSY_RADIO_1 0
90	EBUSY_RADIO_2 0
90	TEST_NUMBER 1
90	SENT_TOTAL 250
90	RECEIVED_TOTAL 250
90	TIME_TOTAL 19849
90	RECEIVED_RADIO_1 125
90	RECEIVED_RADIO_2 125
90	SENT_RADIO_1 0
90	SENT_RADIO_2 192
90	RADIO_TIME_1 19929
90	RADIO_TIME_2 19938
90	RETRANSMISSIONS_1 587
90	RETRANSMISSIONS_2 2
90	DROPPED_1 59
90	DROPPED_2 0
90	MAX_QUEUE 2
90	DUPLICATED_1 0
90	DUPLICATED_2 0
90	EBUSY_RADIO_1 0
90	EBUSY_RADIO_2 0
90	TEST_NUMBER 2
90	SENT_TOTAL 250
90	RECEIVED_TOTAL 250
90	TIME_TOTAL 19848
90	RECEIVED_RADIO_1 125
90	RECEIVED_RADIO_2 125
90	SENT_RADIO_1 0
90	SENT_RADIO_2 192
90	RADIO_TIME_1 19848
90	RADIO_TIME_2 19848
90	RETRANSMISSIONS_1 569
90	RETRANSMISSIONS_2 0
90	DROPPED_1 57
90	DROPPED_2 0
90	MAX_QUEUE 2
90	DUPLICATED_1 0
90	DUPLICATED_2 0
90	EBUSY_RADIO_1 0
90	EBUSY_RADIO_2 0
90	TEST_NUMBER 3
90	SENT_TOTAL 250
90	RECEIVED_TOTAL 250
90	TIME_TOTAL 19837
90	RECEIVED_RADIO_1 125
90	RECEIVED_RADIO_2 125
90	SENT_RADIO_1 0
90	SENT_RADIO_2 194
90	RADIO_TIME_1 19837
90	RADIO_TIME_2 19845
90	RETRANSMISSIONS_1 567
90	RETRANSMISSIONS_2 2
90	DROPPED_1 57
90	DROPPED_2 0
90	MAX_QUEUE 2
90	DUPLICATED_1 0
90	DUPLICATED_2 0
90	EBUSY_RADIO_1 0
90	EBUSY_RADIO_2 0
90	TEST_NUMBER 4
90	SENT_TOTAL 250
90	RECEIVED_TOTAL 250
90	TIME_TOTAL 19842
90	RECEIVED_RADIO_1 125
90	RECEIVED_RADIO_2 125
90	SENT_RADIO_1 0
90	SENT_RADIO_2 191
90	RADIO_TIME_1 19842
90	RADIO_TIME_2 19842
90	RETRANSMISSIONS_1 579
90	RETRANSMISSIONS_2 0
90	DROPPED_1 58
90	DROPPED_2 0
90	MAX_QUEUE 2
90	DUPLICATED_1 0
90	DUPLICATED_2 0
90	EBUSY_RADIO_1 0
90	EBUSY_RADIO_2 0
90	TEST_NUMBER 5
90	SENT_TOTAL 250
90	RECEIVED_TOTAL 250
90	TIME_TOTAL 19846
90	RECEIVED_RADIO_1 125
90	RECEIVED_RADIO_2 125
90	SENT_RADIO_1 0
90	SENT_RADIO_2 191
90	RADIO_TIME_1 19846
90	RADIO_TIME_2 19778
90	RETRANSMISSIONS_1 588
90	RETRANSMISSIONS_2 5
90	DROPPED_1 59
90	DROPPED_2 0
90	MAX_QUEUE 2
90	DUPLICATED_1 0
90	DUPLICATED_2 0
90	EBUSY_RADIO_1 0
90	EBUSY_RADIO_2 0
90	TEST_NUMBER 6
90	SENT_TOTAL 250
90	RECEIVED_TOTAL 250
90	TIME_TOTAL 19845
90	RECEIVED_RADIO_1 125
90	RECEIVED_RADIO_2 125
90	SENT_RADIO_1 0
90	SENT_RADIO_2 191
90	RADIO_TIME_1 19763
90	RADIO_TIME_2 19845
90	RETRANSMISSIONS_1 588
90	RETRANSMISSIONS_2 4
90	DROPPED_1 59
90	DROPPED_2 0
90	MAX_QUEUE 2
90	DUPLICATED_1 0
90	DUPLICATED_2 0
90	EBUSY_RADIO_1 0
90	EBUSY_RADIO_2 0
