
12	RELAY_NODE 12
12	TEST_NUMBER 0
12	SENT_TOTAL 0
12	RECEIVED_TOTAL 0
12	TIME_TOTAL 0
12	RECEIVED_RADIO_1 125
12	RECEIVED_RADIO_2 119
12	SENT_RADIO_1 119
12	SENT_RADIO_2 125
12	RADIO_TIME_1 19794
12	RADIO_TIME_2 19794
12	RETRANSMISSIONS_1 0
12	RETRANSMISSIONS_2 0
12	DROPPED_1 0
12	DROPPED_2 0
12	MAX_QUEUE 1
12	DUPLICATED_1 0
12	DUPLICATED_2 0
12	EBUSY_RADIO_1 0
12	EBUSY_RADIO_2 0
12	TEST_NUMBER 1
12	SENT_TOTAL 0
12	RECEIVED_TOTAL 0
12	TIME_TOTAL 0
12	RECEIVED_RADIO_1 125
12	RECEIVED_RADIO_2 120
12	SENT_RADIO_1 120
12	SENT_RADIO_2 125
12	RADIO_TIME_1 19794
12	RADIO_TIME_2 19794
12	RETRANSMISSIONS_1 0
12	RETRANSMISSIONS_2 0
12	DROPPED_1 0
12	DROPPED_2 0
12	MAX_QUEUE 1
12	DUPLICATED_1 0
12	DUPLICATED_2 0
12	EBUSY_RADIO_1 0
12	EBUSY_RADIO_2 0
12	TEST_NUMBER 2
12	SENT_TOTAL 0
12	RECEIVED_TOTAL 0
12	TIME_TOTAL 0
12	RECEIVED_RADIO_1 125
12	RECEIVED_RADIO_2 122
12	SENT_RADIO_1 122
12	SENT_RADIO_2 125
12	RADIO_TIME_1 19873
12	RADIO_TIME_2 19873
12	RETRANSMISSIONS_1 0
12	RETRANSMISSIONS_2 0
12	DROPPED_1 0
12	DROPPED_2 0
12	MAX_QUEUE 1
12	DUPLICATED_1 0
12	DUPLICATED_2 0
12	EBUSY_RADIO_1 0
12	EBUSY_RADIO_2 0
12	TEST_NUMBER 3
12	SENT_TOTAL 0
12	RECEIVED_TOTAL 0
12	TIME_TOTAL 0
12	RECEIVED_RADIO_1 125
12	RECEIVED_RADIO_2 123
12	SENT_RADIO_1 123
12	SENT_RADIO_2 125
12	RADIO_TIME_1 19875
12	RADIO_TIME_2 19875
12	RETRANSMISSIONS_1 0
12	RETRANSMISSIONS_2 0
12	DROPPED_1 0
12	DROPPED_2 0
12	MAX_QUEUE 1
12	DUPLICATED_1 0
12	DUPLICATED_2 0
12	EBUSY_RADIO_1 0
12	EBUSY_RADIO_2 0
12	TEST_NUMBER 4
12	SENT_TOTAL 0
12	RECEIVED_TOTAL 0
12	TIME_TOTAL 0
12	RECEIVED_RADIO_1 125
12	RECEIVED_RADIO_2 112
12	SENT_RADIO_1 112
12	SENT_RADIO_2 125
12	RADIO_TIME_1 19798
12	RADIO_TIME_2 19798
12	RETRANSMISSIONS_1 0
12	RETRANSMISSIONS_2 0
12	DROPPED_1 0
12	DROPPED_2 0
12	MAX_QUEUE 1
12	DUPLICATED_1 0
12	DUPLICATED_2 0
12	EBUSY_RADIO_1 0
12	EBUSY_RADIO_2 0
12	TEST_NUMBER 5
12	SENT_TOTAL 0
12	RECEIVED_TOTAL 0
12	TIME_TOTAL 0
12	RECEIVED_RADIO_1 125
12	RECEIVED_RADIO_2 109
12	SENT_RADIO_1 109
12	SENT_RADIO_2 125
12	RADIO_TIME_1 19792
12	RADIO_TIME_2 19792
12	RETRANSMISSIONS_1 0
12	RETRANSMISSIONS_2 0
12	DROPPED_1 0
12	DROPPED_2 0
12	MAX_QUEUE 1
12	DUPLICATED_1 0
12	DUPLICATED_2 0
12	EBUSY_RADIO_1 0
12	EBUSY_RADIO_2 0
12	TEST_NUMBER 6
12	SENT_TOTAL 0
12	RECEIVED_TOTAL 0
12	TIME_TOTAL 0
12	RECEIVED_RADIO_1 125
12	RECEIVED_RADIO_2 122
12	SENT_RADIO_1 122
12	SENT_RADIO_2 125
12	RADIO_TIME_1 19877
12	RADIO_TIME_2 19877
12	RETRANSMISSIONS_1 0
12	RETRANSMISSIONS_2 0
12	DROPPED_1 0
12	DROPPED_2 0
12	MAX_QUEUE 1
12	DUPLICATED_1 0
12	DUPLICATED_2 0
12	EBUSY_RADIO_1 0
12	EBUSY_RADIO_2 0

15	SOURCE_NODE 15
15	84 1
15	83 1
15	85 1
15	79 29
15	84 2
15	83 2
15	85 2
15	79 29
15	84 3
15	83 3
15	85 3
15	79 45
15	84 4
15	83 4
15	85 4
15	79 40
15	84 5
15	83 5
15	85 5
15	79 45
15	84 6
15	83 6
15	85 6
15	79 38
15	84 7
15	83 7
15	85 7
15	79 37
15	84 8
15	83 8
15	85 8
15	79 45
15	84 9
15	83 9
15	85 9
15	79 42
15	84 10
15	83 10
15	85 10
15	79 45
15	84 11
15	83 11
15	85 11
15	79 44
15	84 12
15	83 12
15	85 12
15	79 46
15	84 13
15	83 13
15	85 13
15	79 43
15	84 14
15	83 14
15	85 14
15	79 43
15	84 15
15	83 15
15	85 15
15	79 44
15	84 16
15	84 17
15	84 18
15	83 18
15	85 18
15	79 43
15	84 19
15	83 19
15	85 19
15	79 41
15	84 20
15	84 1
15	83 1
15	85 1
15	79 48
15	84 2
15	83 2
15	85 2
15	79 42
15	84 3
15	83 3
15	85 3
15	79 47
15	84 4
15	83 4
15	85 4
15	79 41
15	84 5
15	84 6
15	83 6
15	85 6
15	79 39
15	84 7
15	83 7
15	85 7
15	79 43
15	84 8
15	83 8
15	85 8
15	79 44
15	84 9
15	83 9
15	85 9
15	79 39
15	84 10
15	83 10
15	85 10
15	79 46
15	84 11
15	83 11
15	85 11
15	79 38
15	84 12
15	83 12
15	85 12
15	79 47
15	84 13
15	83 13
15	85 13
15	79 47
15	84 14
15	83 14
15	85 14
15	79 44
15	84 15
15	83 15
15	85 15
15	79 44
15	84 16
15	83 16
15	85 16
15	79 46
15	84 17
15	83 17
15	85 17
15	79 46
15	84 18
15	83 18
15	85 18
15	79 43
15	84 19
15	83 19
15	85 19
15	79 40
15	84 20
15	83 20
15	85 20
15	79 43
15	84 1
15	83 1
15	85 1
15	79 38
15	84 2
15	83 2
15	85 2
15	79 49
15	84 3
15	84 4
15	83 4
15	85 4
15	79 40
15	84 5
15	83 5
15	85 5
15	79 42
15	84 6
15	83 6
15	85 6
15	79 48
15	84 7
15	83 7
15	85 7
15	79 45
15	84 8
15	83 8
15	85 8
15	79 42
15	84 9
15	83 9
15	85 9
15	79 46
15	84 10
15	83 10
15	85 10
15	79 47
15	84 11
15	83 11
15	85 11
15	79 40
15	84 12
15	83 12
15	85 12
15	79 45
15	84 13
15	83 13
15	85 13
15	79 43
15	84 14
15	83 14
15	85 14
15	79 49
15	84 15
15	83 15
15	85 15
15	79 44
15	84 16
15	83 16
15	85 16
15	79 46
15	84 17
15	83 17
15	85 17
15	79 43
15	84 18
15	83 18
15	85 18
15	79 44
15	84 19
15	83 19
15	85 19
15	79 47
15	84 20
15	83 20
15	85 20
15	79 44
15	84 1
15	83 1
15	85 1
15	79 42
15	84 2
15	83 2
15	85 2
15	79 48
15	84 3
15	83 3
15	85 3
15	79 41
15	84 4
15	83 4
15	85 4
15	79 47
15	84 5
15	83 5
15	85 5
15	79 46
15	84 6
15	83 6
15	85 6
15	79 44
15	84 7
15	84 8
15	83 8
15	85 8
15	79 48
15	84 9
15	84 10
15	83 10
15	85 10
15	79 43
15	84 11
15	84 12
15	83 12
15	85 12
15	79 47
15	84 13
15	84 14
15	84 15
15	83 15
15	85 15
15	79 42
15	84 16
15	84 17
15	83 17
15	85 17
15	79 38
15	84 18
15	83 18
15	85 18
15	79 50
15	84 19
15	83 19
15	85 19
15	79 42
15	84 20
15	83 20
15	85 20
15	79 43
15	84 1
15	83 1
15	85 1
15	79 44
15	84 2
15	83 2
15	85 2
15	79 44
15	84 3
15	83 3
15	85 3
15	79 46
15	84 4
15	83 4
15	85 4
15	79 45
15	84 5
15	83 5
15	85 5
15	79 46
15	84 6
15	84 7
15	83 7
15	85 7
15	79 44
15	84 8
15	83 8
15	85 8
15	79 46
15	84 9
15	83 9
15	85 9
15	79 44
15	84 10
15	83 10
15	85 10
15	79 40
15	84 11
15	83 11
15	85 11
15	79 42
15	84 12
15	84 13
15	83 13
15	85 13
15	79 44
15	84 14
15	84 15
15	83 15
15	85 15
15	79 47
15	84 16
15	84 17
15	83 17
15	85 17
15	79 43
15	84 18
15	83 18
15	85 18
15	79 48
15	84 19
15	83 19
15	85 19
15	79 38
15	84 20
15	83 20
15	85 20
15	79 47
15	84 1
15	83 1
15	85 1
15	79 47
15	84 2
15	84 3
15	83 3
15	85 3
15	79 35
15	84 4
15	84 5
15	84 6
15	84 7
15	83 7
15	85 7
15	79 38
15	84 8
15	83 8
15	85 8
15	79 45
15	84 9
15	83 9
15	85 9
15	79 42
15	84 10
15	83 10
15	85 10
15	79 44
15	84 11
15	83 11
15	85 11
15	79 40
15	84 12
15	83 12
15	85 12
15	79 38
15	84 13
15	83 13
15	85 13
15	79 40
15	84 14
15	83 14
15	85 14
15	79 50
15	84 15
15	84 16
15	83 16
15	85 16
15	79 42
15	84 17
15	83 17
15	85 17
15	79 35
15	84 18
15	83 18
15	85 18
15	79 47
15	84 19
15	83 19
15	85 19
15	79 36
15	84 20
15	83 20
15	85 20
15	79 48
15	84 1
15	83 1
15	85 1
15	79 42
15	84 2
15	83 2
15	85 2
15	79 44
15	84 3
15	83 3
15	85 3
15	79 48
15	84 4
15	83 4
15	85 4
15	79 45
15	84 5
15	83 5
15	85 5
15	79 41
15	84 6
15	83 6
15	85 6
15	79 41
15	84 7
15	83 7
15	85 7
15	79 41
15	84 8
15	83 8
15	85 8
15	79 48
15	84 9
15	83 9
15	85 9
15	79 53
15	84 10
15	83 10
15	85 10
15	79 44
15	84 11
15	83 11
15	85 11
15	79 43
15	84 12
15	83 12
15	85 12
15	79 40
15	84 13
15	83 13
15	85 13
15	79 41
15	84 14
15	84 15
15	83 15
15	85 15
15	79 42
15	84 16
15	83 16
15	85 16
15	79 43
15	84 17
15	83 17
15	85 17
15	79 48
15	84 18
15	83 18
15	85 18
15	79 42
15	84 19
15	83 19
15	85 19
15	79 53
15	84 20
15	83 20
15	85 20
15	79 42
15	84 1
15	83 1
15	85 1
15	79 42
15	84 2
15	83 2
15	85 2
15	79 43
15	84 3
15	83 3
15	85 3
15	79 37
15	84 4
15	83 4
15	85 4
15	79 41
15	84 5
15	83 5
15	85 5
15	79 46
15	84 6
15	83 6
15	85 6
15	79 48
15	84 7
15	83 7
15	85 7
15	79 49
15	84 8
15	83 8
15	85 8
15	79 47
15	84 9
15	83 9
15	85 9
15	79 44
15	84 10
15	83 10
15	85 10
15	79 43
15	84 11
15	83 11
15	85 11
15	79 40
15	84 12
15	83 12
15	85 12
15	79 38
15	84 13
15	83 13
15	85 13
15	79 48
15	84 14
15	83 14
15	85 14
15	79 45
15	84 15
15	83 15
15	85 15
15	79 40
15	84 16
15	83 16
15	85 16
15	79 43
15	84 17
15	83 17
15	85 17
15	79 38
15	84 18
15	83 18
15	85 18
15	79 41
15	84 19
15	83 19
15	85 19
15	79 44
15	84 20
15	83 20
15	85 20
15	79 50
15	84 1
15	83 1
15	85 1
15	79 50
15	84 2
15	83 2
15	85 2
15	79 45
15	84 3
15	83 3
15	85 3
15	79 45
15	84 4
15	83 4
15	85 4
15	79 43
15	84 5
15	83 5
15	85 5
15	79 49
15	84 6
15	83 6
15	85 6
15	79 39
15	84 7
15	83 7
15	85 7
15	79 44
15	84 8
15	83 8
15	85 8
15	79 45
15	84 9
15	83 9
15	85 9
15	79 39
15	84 10
15	83 10
15	85 10
15	79 43
15	84 11
15	83 11
15	85 11
15	79 48
15	84 12
15	83 12
15	85 12
15	79 44
15	84 13
15	83 13
15	85 13
15	79 45
15	84 14
15	83 14
15	85 14
15	79 45
15	84 15
15	83 15
15	85 15
15	79 45
15	84 16
15	83 16
15	85 16
15	79 51
15	84 17
15	83 17
15	85 17
15	79 48
15	84 18
15	83 18
15	85 18
15	79 50
15	84 19
15	84 20
15	83 20
15	85 20
15	79 48
15	84 1
15	83 1
15	85 1
15	79 43
15	84 2
15	83 2
15	85 2
15	79 40
15	84 3
15	83 3
15	85 3
15	79 45
15	84 4
15	83 4
15	85 4
15	79 42
15	84 5
15	83 5
15	85 5
15	79 44
15	84 6
15	83 6
15	85 6
15	79 39
15	84 7
15	83 7
15	85 7
15	79 42
15	84 8
15	84 9
15	83 9
15	85 9
15	79 45
15	84 10
15	83 10
15	85 10
15	79 38
15	84 11
15	83 11
15	85 11
15	79 37
15	84 12
15	83 12
15	85 12
15	79 46
15	84 13
15	83 13
15	85 13
15	79 43
15	84 14
15	83 14
15	85 14
15	79 48
15	84 15
15	83 15
15	85 15
15	79 38
15	84 16
15	84 17
15	83 17
15	85 17
15	79 43
15	84 18
15	83 18
15	85 18
15	79 41
15	84 19
15	83 19
15	85 19
15	79 37
15	84 20
15	83 20
15	85 20
15	79 44
15	84 1
15	83 1
15	85 1
15	79 39
15	84 2
15	83 2
15	85 2
15	79 42
15	84 3
15	83 3
15	85 3
15	79 48
15	84 4
15	83 4
15	85 4
15	79 42
15	84 5
15	83 5
15	85 5
15	79 43
15	84 6
15	83 6
15	85 6
15	79 43
15	84 7
15	83 7
15	85 7
15	79 43
15	84 8
15	83 8
15	85 8
15	79 41
15	84 9
15	83 9
15	85 9
15	79 43
15	84 10
15	83 10
15	85 10
15	79 37
15	84 11
15	83 11
15	85 11
15	79 44
15	84 12
15	83 12
15	85 12
15	79 42
15	84 13
15	83 13
15	85 13
15	79 47
15	84 14
15	83 14
15	85 14
15	79 44
15	84 15
15	83 15
15	85 15
15	79 42
15	84 16
15	83 16
15	85 16
15	79 45
15	84 17
15	84 18
15	83 18
15	85 18
15	79 38
15	84 19
15	83 19
15	85 19
15	79 51
15	84 20
15	83 20
15	85 20
15	79 50
15	84 1
15	83 1
15	85 1
15	79 42
15	84 2
15	83 2
15	85 2
15	79 43
15	84 3
15	84 4
15	83 4
15	85 4
15	79 45
15	84 5
15	83 5
15	85 5
15	79 43
15	84 6
15	83 6
15	85 6
15	79 43
15	84 7
15	84 8
15	83 8
15	85 8
15	79 45
15	84 9
15	83 9
15	85 9
15	79 38
15	84 10
15	83 10
15	85 10
15	79 42
15	84 11
15	84 12
15	83 12
15	85 12
15	79 40
15	84 13
15	83 13
15	85 13
15	79 44
15	84 14
15	83 14
15	85 14
15	79 48
15	84 15
15	83 15
15	85 15
15	79 40
15	84 16
15	83 16
15	85 16
15	79 45
15	84 17
15	84 18
15	83 18
15	85 18
15	79 38
15	84 19
15	83 19
15	85 19
15	79 43
15	84 20
15	83 20
15	85 20
15	79 45
15	84 1
15	84 2
15	83 2
15	85 2
15	79 44
15	84 3
15	83 3
15	85 3
15	79 48
15	84 4
15	83 4
15	85 4
15	79 39
15	84 5
15	83 5
15	85 5
15	79 43
15	84 6
15	83 6
15	85 6
15	79 41
15	84 7
15	84 8
15	84 9
15	83 9
15	85 9
15	79 44
15	84 10
15	TEST_NUMBER 0
15	SENT_TOTAL 250
15	RECEIVED_TOTAL 217
15	TIME_TOTAL 19778
15	RECEIVED_RADIO_1 119
15	RECEIVED_RADIO_2 98
15	SENT_RADIO_1 125
15	SENT_RADIO_2 124
15	RADIO_TIME_1 19807
15	RADIO_TIME_2 19763
15	RETRANSMISSIONS_1 0
15	RETRANSMISSIONS_2 0
15	DROPPED_1 0
15	DROPPED_2 0
15	MAX_QUEUE 1
15	DUPLICATED_1 0
15	DUPLICATED_2 0
15	EBUSY_RADIO_1 0
15	EBUSY_RADIO_2 0
15	83 0
15	85 10
15	86 0
15	84 1
15	83 1
15	85 1
15	79 43
15	84 2
15	83 2
15	85 2
15	79 37
15	84 3
15	83 3
15	85 3
15	79 46
15	84 4
15	83 4
15	85 4
15	79 39
15	84 5
15	83 5
15	85 5
15	79 47
15	84 6
15	83 6
15	85 6
15	79 43
15	84 7
15	83 7
15	85 7
15	79 43
15	84 8
15	83 8
15	85 8
15	79 39
15	84 9
15	83 9
15	85 9
15	79 44
15	84 10
15	83 10
15	85 10
15	79 40
15	84 11
15	84 12
15	83 12
15	85 12
15	79 48
15	84 13
15	83 13
15	85 13
15	79 49
15	84 14
15	83 14
15	85 14
15	79 44
15	84 15
15	83 15
15	85 15
15	79 43
15	84 16
15	83 16
15	85 16
15	79 44
15	84 17
15	83 17
15	85 17
15	79 50
15	84 18
15	83 18
15	85 18
15	79 46
15	84 19
15	83 19
15	85 19
15	79 44
15	84 20
15	83 20
15	85 20
15	79 42
15	84 1
15	83 1
15	85 1
15	79 41
15	84 2
15	83 2
15	85 2
15	79 43
15	84 3
15	83 3
15	85 3
15	79 40
15	84 4
15	83 4
15	85 4
15	79 46
15	84 5
15	83 5
15	85 5
15	79 46
15	84 6
15	83 6
15	85 6
15	79 45
15	84 7
15	83 7
15	85 7
15	79 50
15	84 8
15	83 8
15	85 8
15	79 46
15	84 9
15	83 9
15	85 9
15	79 44
15	84 10
15	83 10
15	85 10
15	79 47
15	84 11
15	83 11
15	85 11
15	79 41
15	84 12
15	84 13
15	83 13
15	85 13
15	79 47
15	84 14
15	83 14
15	85 14
15	79 41
15	84 15
15	83 15
15	85 15
15	79 43
15	84 16
15	83 16
15	85 16
15	79 46
15	84 17
15	83 17
15	85 17
15	79 48
15	84 18
15	83 18
15	85 18
15	79 42
15	84 19
15	83 19
15	85 19
15	79 38
15	84 20
15	83 20
15	85 20
15	79 50
15	84 1
15	83 1
15	85 1
15	79 45
15	84 2
15	83 2
15	85 2
15	79 45
15	84 3
15	83 3
15	85 3
15	79 45
15	84 4
15	83 4
15	85 4
15	79 42
15	84 5
15	83 5
15	85 5
15	79 41
15	84 6
15	83 6
15	85 6
15	79 46
15	84 7
15	83 7
15	85 7
15	79 37
15	84 8
15	83 8
15	85 8
15	79 44
15	84 9
15	84 10
15	83 10
15	85 10
15	79 48
15	84 11
15	83 11
15	85 11
15	79 44
15	84 12
15	83 12
15	85 12
15	79 43
15	84 13
15	83 13
15	85 13
15	79 47
15	84 14
15	83 14
15	85 14
15	79 43
15	84 15
15	83 15
15	85 15
15	79 45
15	84 16
15	83 16
15	85 16
15	79 40
15	84 17
15	83 17
15	85 17
15	79 42
15	84 18
15	83 18
15	85 18
15	79 48
15	84 19
15	83 19
15	85 19
15	79 49
15	84 20
15	83 20
15	85 20
15	79 38
15	84 1
15	83 1
15	85 1
15	79 47
15	84 2
15	83 2
15	85 2
15	79 44
15	84 3
15	83 3
15	85 3
15	79 41
15	84 4
15	83 4
15	85 4
15	79 45
15	84 5
15	83 5
15	85 5
15	79 50
15	84 6
15	83 6
15	85 6
15	79 44
15	84 7
15	83 7
15	85 7
15	79 48
15	84 8
15	83 8
15	85 8
15	79 49
15	84 9
15	83 9
15	85 9
15	79 40
15	84 10
15	83 10
15	85 10
15	79 44
15	84 11
15	83 11
15	85 11
15	79 44
15	84 12
15	84 13
15	83 13
15	85 13
15	79 47
15	84 14
15	83 14
15	85 14
15	79 44
15	84 15
15	83 15
15	85 15
15	79 45
15	84 16
15	83 16
15	85 16
15	79 47
15	84 17
15	83 17
15	85 17
15	79 48
15	84 18
15	83 18
15	85 18
15	79 42
15	84 19
15	83 19
15	85 19
15	79 40
15	84 20
15	84 1
15	83 1
15	85 1
15	79 49
15	84 2
15	84 3
15	83 3
15	85 3
15	79 41
15	84 4
15	83 4
15	85 4
15	79 47
15	84 5
15	83 5
15	85 5
15	79 43
15	84 6
15	83 6
15	85 6
15	79 40
15	84 7
15	83 7
15	85 7
15	79 47
15	84 8
15	83 8
15	85 8
15	79 47
15	84 9
15	83 9
15	85 9
15	79 41
15	84 10
15	83 10
15	85 10
15	79 44
15	84 11
15	83 11
15	85 11
15	79 45
15	84 12
15	83 12
15	85 12
15	79 44
15	84 13
15	83 13
15	85 13
15	79 49
15	84 14
15	83 14
15	85 14
15	79 47
15	84 15
15	83 15
15	85 15
15	79 44
15	84 16
15	83 16
15	85 16
15	79 50
15	84 17
15	83 17
15	85 17
15	79 45
15	84 18
15	83 18
15	85 18
15	79 42
15	84 19
15	83 19
15	85 19
15	79 46
15	84 20
15	83 20
15	85 20
15	79 41
15	84 1
15	83 1
15	85 1
15	79 46
15	84 2
15	83 2
15	85 2
15	79 39
15	84 3
15	83 3
15	85 3
15	79 44
15	84 4
15	83 4
15	85 4
15	79 47
15	84 5
15	83 5
15	85 5
15	79 45
15	84 6
15	83 6
15	85 6
15	79 43
15	84 7
15	83 7
15	85 7
15	79 45
15	84 8
15	83 8
15	85 8
15	79 44
15	84 9
15	83 9
15	85 9
15	79 47
15	84 10
15	83 10
15	85 10
15	79 43
15	84 11
15	83 11
15	85 11
15	79 45
15	84 12
15	83 12
15	85 12
15	79 39
15	84 13
15	83 13
15	85 13
15	79 48
15	84 14
15	83 14
15	85 14
15	79 42
15	84 15
15	83 15
15	85 15
15	79 42
15	84 16
15	83 16
15	85 16
15	79 43
15	84 17
15	83 17
15	85 17
15	79 40
15	84 18
15	83 18
15	85 18
15	79 39
15	84 19
15	83 19
15	85 19
15	79 42
15	84 20
15	83 20
15	85 20
15	79 53
15	84 1
15	83 1
15	85 1
15	79 38
15	84 2
15	83 2
15	85 2
15	79 36
15	84 3
15	83 3
15	85 3
15	79 43
15	84 4
15	84 5
15	83 5
15	85 5
15	79 46
15	84 6
15	83 6
15	85 6
15	79 47
15	84 7
15	83 7
15	85 7
15	79 41
15	84 8
15	83 8
15	85 8
15	79 44
15	84 9
15	83 9
15	85 9
15	79 44
15	84 10
15	83 10
15	85 10
15	79 43
15	84 11
15	83 11
15	85 11
15	79 49
15	84 12
15	83 12
15	85 12
15	79 45
15	84 13
15	83 13
15	85 13
15	79 41
15	84 14
15	83 14
15	85 14
15	79 38
15	84 15
15	83 15
15	85 15
15	79 41
15	84 16
15	83 16
15	85 16
15	79 50
15	84 17
15	83 17
15	85 17
15	79 46
15	84 18
15	83 18
15	85 18
15	79 40
15	84 19
15	83 19
15	85 19
15	79 46
15	84 20
15	83 20
15	85 20
15	79 37
15	84 1
15	83 1
15	85 1
15	79 46
15	84 2
15	83 2
15	85 2
15	79 41
15	84 3
15	84 4
15	83 4
15	85 4
15	79 42
15	84 5
15	83 5
15	85 5
15	79 43
15	84 6
15	83 6
15	85 6
15	79 45
15	84 7
15	83 7
15	85 7
15	79 35
15	84 8
15	83 8
15	85 8
15	79 41
15	84 9
15	83 9
15	85 9
15	79 40
15	84 10
15	83 10
15	85 10
15	79 41
15	84 11
15	84 12
15	84 13
15	83 13
15	85 13
15	79 49
15	84 14
15	84 15
15	83 15
15	85 15
15	79 47
15	84 16
15	83 16
15	85 16
15	79 46
15	84 17
15	83 17
15	85 17
15	79 47
15	84 18
15	83 18
15	85 18
15	79 49
15	84 19
15	83 19
15	85 19
15	79 46
15	84 20
15	84 1
15	83 1
15	85 1
15	79 51
15	84 2
15	84 3
15	83 3
15	85 3
15	79 37
15	84 4
15	84 5
15	84 6
15	83 6
15	85 6
15	79 46
15	84 7
15	83 7
15	85 7
15	79 45
15	84 8
15	83 8
15	85 8
15	79 43
15	84 9
15	84 10
15	83 10
15	85 10
15	79 38
15	84 11
15	84 12
15	83 12
15	85 12
15	79 44
15	84 13
15	84 14
15	83 14
15	85 14
15	79 47
15	84 15
15	83 15
15	85 15
15	79 49
15	84 16
15	83 16
15	85 16
15	79 39
15	84 17
15	83 17
15	85 17
15	79 44
15	84 18
15	83 18
15	85 18
15	79 42
15	84 19
15	83 19
15	85 19
15	79 43
15	84 20
15	83 20
15	85 20
15	79 45
15	84 1
15	84 2
15	83 2
15	85 2
15	79 40
15	84 3
15	84 4
15	83 4
15	85 4
15	79 43
15	84 5
15	83 5
15	85 5
15	79 47
15	84 6
15	83 6
15	85 6
15	79 35
15	84 7
15	83 7
15	85 7
15	79 44
15	84 8
15	83 8
15	85 8
15	79 51
15	84 9
15	84 10
15	83 10
15	85 10
15	79 41
15	84 11
15	83 11
15	85 11
15	79 46
15	84 12
15	83 12
15	85 12
15	79 45
15	84 13
15	83 13
15	85 13
15	79 40
15	84 14
15	83 14
15	85 14
15	79 41
15	84 15
15	83 15
15	85 15
15	79 46
15	84 16
15	83 16
15	85 16
15	79 45
15	84 17
15	83 17
15	85 17
15	79 49
15	84 18
15	83 18
15	85 18
15	79 42
15	84 19
15	84 20
15	83 20
15	85 20
15	79 48
15	84 1
15	83 1
15	85 1
15	79 44
15	84 2
15	83 2
15	85 2
15	79 49
15	84 3
15	83 3
15	85 3
15	79 42
15	84 4
15	84 5
15	83 5
15	85 5
15	79 43
15	84 6
15	83 6
15	85 6
15	79 40
15	84 7
15	83 7
15	85 7
15	79 45
15	84 8
15	84 9
15	83 9
15	85 9
15	79 48
15	84 10
15	83 10
15	85 10
15	79 46
15	84 11
15	83 11
15	85 11
15	79 43
15	84 12
15	83 12
15	85 12
15	79 43
15	84 13
15	83 13
15	85 13
15	79 40
15	84 14
15	83 14
15	85 14
15	79 47
15	84 15
15	83 15
15	85 15
15	79 43
15	84 16
15	84 17
15	83 17
15	85 17
15	79 44
15	84 18
15	83 18
15	85 18
15	79 49
15	84 19
15	83 19
15	85 19
15	79 48
15	84 20
15	83 20
15	85 20
15	79 43
15	84 1
15	83 1
15	85 1
15	79 51
15	84 2
15	83 2
15	85 2
15	79 45
15	84 3
15	83 3
15	85 3
15	79 48
15	84 4
15	83 4
15	85 4
15	79 43
15	84 5
15	83 5
15	85 5
15	79 43
15	84 6
15	83 6
15	85 6
15	79 38
15	84 7
15	83 7
15	85 7
15	79 48
15	84 8
15	83 8
15	85 8
15	79 39
15	84 9
15	83 9
15	85 9
15	79 40
15	84 10
15	83 10
15	85 10
15	79 45
15	84 11
15	83 11
15	85 11
15	79 45
15	84 12
15	83 12
15	85 12
15	79 44
15	84 13
15	83 13
15	85 13
15	79 43
15	84 14
15	83 14
15	85 14
15	79 39
15	84 15
15	83 15
15	85 15
15	79 50
15	84 16
15	83 16
15	85 16
15	79 37
15	84 17
15	83 17
15	85 17
15	79 42
15	84 18
15	83 18
15	85 18
15	79 41
15	84 19
15	83 19
15	85 19
15	79 38
15	84 20
15	83 20
15	85 20
15	79 36
15	84 1
15	83 1
15	85 1
15	79 42
15	84 2
15	83 2
15	85 2
15	79 45
15	84 3
15	83 3
15	85 3
15	79 42
15	84 4
15	83 4
15	85 4
15	79 44
15	84 5
15	83 5
15	85 5
15	79 35
15	84 6
15	83 6
15	85 6
15	79 44
15	84 7
15	83 7
15	85 7
15	79 48
15	84 8
15	84 9
15	83 9
15	85 9
15	79 46
15	84 10
15	TEST_NUMBER 1
15	SENT_TOTAL 250
15	RECEIVED_TOTAL 223
15	TIME_TOTAL 29809
15	RECEIVED_RADIO_1 120
15	RECEIVED_RADIO_2 104
15	SENT_RADIO_1 125
15	SENT_RADIO_2 125
15	RADIO_TIME_1 19809
15	RADIO_TIME_2 29842
15	RETRANSMISSIONS_1 0
15	RETRANSMISSIONS_2 0
15	DROPPED_1 0
15	DROPPED_2 0
15	MAX_QUEUE 1
15	DUPLICATED_1 0
15	DUPLICATED_2 0
15	EBUSY_RADIO_1 0
15	EBUSY_RADIO_2 0
15	83 0
15	85 10
15	86 1
15	84 1
15	83 1
15	85 1
15	79 46
15	84 2
15	83 2
15	85 2
15	79 42
15	84 3
15	83 3
15	85 3
15	79 51
15	84 4
15	83 4
15	85 4
15	79 47
15	84 5
15	83 5
15	85 5
15	79 48
15	84 6
15	83 6
15	85 6
15	79 45
15	84 7
15	83 7
15	85 7
15	79 48
15	84 8
15	83 8
15	85 8
15	79 43
15	84 9
15	83 9
15	85 9
15	79 41
15	84 10
15	83 10
15	85 10
15	79 48
15	84 11
15	83 11
15	85 11
15	79 46
15	84 12
15	83 12
15	85 12
15	79 43
15	84 13
15	83 13
15	85 13
15	79 46
15	84 14
15	83 14
15	85 14
15	79 50
15	84 15
15	83 15
15	85 15
15	79 42
15	84 16
15	83 16
15	85 16
15	79 41
15	84 17
15	83 17
15	85 17
15	79 45
15	84 18
15	84 19
15	83 19
15	85 19
15	79 43
15	84 20
15	83 20
15	85 20
15	79 46
15	84 1
15	83 1
15	85 1
15	79 43
15	84 2
15	83 2
15	85 2
15	79 40
15	84 3
15	83 3
15	85 3
15	79 41
15	84 4
15	83 4
15	85 4
15	79 43
15	84 5
15	83 5
15	85 5
15	79 47
15	84 6
15	83 6
15	85 6
15	79 42
15	84 7
15	83 7
15	85 7
15	79 43
15	84 8
15	83 8
15	85 8
15	79 45
15	84 9
15	83 9
15	85 9
15	79 41
15	84 10
15	83 10
15	85 10
15	79 44
15	84 11
15	83 11
15	85 11
15	79 48
15	84 12
15	83 12
15	85 12
15	79 41
15	84 13
15	83 13
15	85 13
15	79 45
15	84 14
15	83 14
15	85 14
15	79 43
15	84 15
15	83 15
15	85 15
15	79 45
15	84 16
15	83 16
15	85 16
15	79 53
15	84 17
15	83 17
15	85 17
15	79 44
15	84 18
15	83 18
15	85 18
15	79 42
15	84 19
15	83 19
15	85 19
15	79 44
15	84 20
15	83 20
15	85 20
15	79 39
15	84 1
15	83 1
15	85 1
15	79 41
15	84 2
15	83 2
15	85 2
15	79 47
15	84 3
15	83 3
15	85 3
15	79 47
15	84 4
15	83 4
15	85 4
15	79 44
15	84 5
15	83 5
15	85 5
15	79 41
15	84 6
15	83 6
15	85 6
15	79 49
15	84 7
15	83 7
15	85 7
15	79 43
15	84 8
15	83 8
15	85 8
15	79 40
15	84 9
15	83 9
15	85 9
15	79 50
15	84 10
15	83 10
15	85 10
15	79 43
15	84 11
15	83 11
15	85 11
15	79 49
15	84 12
15	83 12
15	85 12
15	79 44
15	84 13
15	83 13
15	85 13
15	79 43
15	84 14
15	83 14
15	85 14
15	79 35
15	84 15
15	83 15
15	85 15
15	79 46
15	84 16
15	83 16
15	85 16
15	79 44
15	84 17
15	83 17
15	85 17
15	79 51
15	84 18
15	83 18
15	85 18
15	79 48
15	84 19
15	83 19
15	85 19
15	79 47
15	84 20
15	83 20
15	85 20
15	79 42
15	84 1
15	84 2
15	83 2
15	85 2
15	79 47
15	84 3
15	83 3
15	85 3
15	79 43
15	84 4
15	83 4
15	85 4
15	79 48
15	84 5
15	83 5
15	85 5
15	79 44
15	84 6
15	83 6
15	85 6
15	79 37
15	84 7
15	83 7
15	85 7
15	79 48
15	84 8
15	83 8
15	85 8
15	79 46
15	84 9
15	83 9
15	85 9
15	79 47
15	84 10
15	83 10
15	85 10
15	79 42
15	84 11
15	83 11
15	85 11
15	79 45
15	84 12
15	83 12
15	85 12
15	79 40
15	84 13
15	83 13
15	85 13
15	79 50
15	84 14
15	83 14
15	85 14
15	79 43
15	84 15
15	83 15
15	85 15
15	79 40
15	84 16
15	83 16
15	85 16
15	79 42
15	84 17
15	83 17
15	85 17
15	79 48
15	84 18
15	83 18
15	85 18
15	79 44
15	84 19
15	83 19
15	85 19
15	79 45
15	84 20
15	83 20
15	85 20
15	79 51
15	84 1
15	83 1
15	85 1
15	79 45
15	84 2
15	83 2
15	85 2
15	79 49
15	84 3
15	83 3
15	85 3
15	79 37
15	84 4
15	83 4
15	85 4
15	79 48
15	84 5
15	83 5
15	85 5
15	79 54
15	84 6
15	83 6
15	85 6
15	79 44
15	84 7
15	83 7
15	85 7
15	79 34
15	84 8
15	83 8
15	85 8
15	79 42
15	84 9
15	83 9
15	85 9
15	79 44
15	84 10
15	83 10
15	85 10
15	79 43
15	84 11
15	83 11
15	85 11
15	79 40
15	84 12
15	84 13
15	83 13
15	85 13
15	79 48
15	84 14
15	83 14
15	85 14
15	79 43
15	84 15
15	83 15
15	85 15
15	79 45
15	84 16
15	83 16
15	85 16
15	79 43
15	84 17
15	83 17
15	85 17
15	79 39
15	84 18
15	83 18
15	85 18
15	79 42
15	84 19
15	83 19
15	85 19
15	79 51
15	84 20
15	83 20
15	85 20
15	79 44
15	84 1
15	83 1
15	85 1
15	79 43
15	84 2
15	84 3
15	83 3
15	85 3
15	79 40
15	84 4
15	83 4
15	85 4
15	79 37
15	84 5
15	83 5
15	85 5
15	79 42
15	84 6
15	83 6
15	85 6
15	79 43
15	84 7
15	83 7
15	85 7
15	79 39
15	84 8
15	83 8
15	85 8
15	79 50
15	84 9
15	83 9
15	85 9
15	79 47
15	84 10
15	84 11
15	84 12
15	83 12
15	85 12
15	79 43
15	84 13
15	83 13
15	85 13
15	79 41
15	84 14
15	83 14
15	85 14
15	79 37
15	84 15
15	83 15
15	85 15
15	79 45
15	84 16
15	83 16
15	85 16
15	79 44
15	84 17
15	83 17
15	85 17
15	79 40
15	84 18
15	83 18
15	85 18
15	79 42
15	84 19
15	83 19
15	85 19
15	79 44
15	84 20
15	83 20
15	85 20
15	79 44
15	84 1
15	83 1
15	85 1
15	79 41
15	84 2
15	84 3
15	83 3
15	85 3
15	79 41
15	84 4
15	83 4
15	85 4
15	79 37
15	84 5
15	83 5
15	85 5
15	79 45
15	84 6
15	83 6
15	85 6
15	79 36
15	84 7
15	83 7
15	85 7
15	79 41
15	84 8
15	83 8
15	85 8
15	79 41
15	84 9
15	83 9
15	85 9
15	79 37
15	84 10
15	83 10
15	85 10
15	79 49
15	84 11
15	84 12
15	83 12
15	85 12
15	79 40
15	84 13
15	83 13
15	85 13
15	79 43
15	84 14
15	83 14
15	85 14
15	79 43
15	84 15
15	83 15
15	85 15
15	79 44
15	84 16
15	83 16
15	85 16
15	79 44
15	84 17
15	83 17
15	85 17
15	79 46
15	84 18
15	83 18
15	85 18
15	79 43
15	84 19
15	83 19
15	85 19
15	79 45
15	84 20
15	83 20
15	85 20
15	79 47
15	84 1
15	83 1
15	85 1
15	79 37
15	84 2
15	83 2
15	85 2
15	79 38
15	84 3
15	83 3
15	85 3
15	79 53
15	84 4
15	83 4
15	85 4
15	79 39
15	84 5
15	83 5
15	85 5
15	79 43
15	84 6
15	83 6
15	85 6
15	79 44
15	84 7
15	83 7
15	85 7
15	79 43
15	84 8
15	83 8
15	85 8
15	79 47
15	84 9
15	83 9
15	85 9
15	79 44
15	84 10
15	83 10
15	85 10
15	79 51
15	84 11
15	83 11
15	85 11
15	79 40
15	84 12
15	83 12
15	85 12
15	79 50
15	84 13
15	83 13
15	85 13
15	79 45
15	84 14
15	83 14
15	85 14
15	79 46
15	84 15
15	83 15
15	85 15
15	79 50
15	84 16
15	83 16
15	85 16
15	79 47
15	84 17
15	83 17
15	85 17
15	79 42
15	84 18
15	83 18
15	85 18
15	79 47
15	84 19
15	83 19
15	85 19
15	79 46
15	84 20
15	83 20
15	85 20
15	79 51
15	84 1
15	83 1
15	85 1
15	79 39
15	84 2
15	83 2
15	85 2
15	79 41
15	84 3
15	83 3
15	85 3
15	79 42
15	84 4
15	83 4
15	85 4
15	79 48
15	84 5
15	83 5
15	85 5
15	79 44
15	84 6
15	83 6
15	85 6
15	79 43
15	84 7
15	83 7
15	85 7
15	79 52
15	84 8
15	83 8
15	85 8
15	79 45
15	84 9
15	83 9
15	85 9
15	79 45
15	84 10
15	83 10
15	85 10
15	79 44
15	84 11
15	83 11
15	85 11
15	79 44
15	84 12
15	83 12
15	85 12
15	79 43
15	84 13
15	83 13
15	85 13
15	79 42
15	84 14
15	83 14
15	85 14
15	79 47
15	84 15
15	83 15
15	85 15
15	79 45
15	84 16
15	83 16
15	85 16
15	79 42
15	84 17
15	83 17
15	85 17
15	79 45
15	84 18
15	83 18
15	85 18
15	79 46
15	84 19
15	83 19
15	85 19
15	79 40
15	84 20
15	83 20
15	85 20
15	79 47
15	84 1
15	83 1
15	85 1
15	79 42
15	84 2
15	83 2
15	85 2
15	79 49
15	84 3
15	83 3
15	85 3
15	79 46
15	84 4
15	84 5
15	84 6
15	83 6
15	85 6
15	79 44
15	84 7
15	83 7
15	85 7
15	79 36
15	84 8
15	83 8
15	85 8
15	79 42
15	84 9
15	83 9
15	85 9
15	79 47
15	84 10
15	83 10
15	85 10
15	79 46
15	84 11
15	83 11
15	85 11
15	79 48
15	84 12
15	83 12
15	85 12
15	79 50
15	84 13
15	83 13
15	85 13
15	79 44
15	84 14
15	83 14
15	85 14
15	79 43
15	84 15
15	83 15
15	85 15
15	79 44
15	84 16
15	83 16
15	85 16
15	79 44
15	84 17
15	83 17
15	85 17
15	79 40
15	84 18
15	83 18
15	85 18
15	79 41
15	84 19
15	83 19
15	85 19
15	79 42
15	84 20
15	83 20
15	85 20
15	79 40
15	84 1
15	83 1
15	85 1
15	79 46
15	84 2
15	83 2
15	85 2
15	79 42
15	84 3
15	83 3
15	85 3
15	79 44
15	84 4
15	83 4
15	85 4
15	79 43
15	84 5
15	83 5
15	85 5
15	79 42
15	84 6
15	83 6
15	85 6
15	79 42
15	84 7
15	83 7
15	85 7
15	79 47
15	84 8
15	83 8
15	85 8
15	79 42
15	84 9
15	84 10
15	83 10
15	85 10
15	79 46
15	84 11
15	83 11
15	85 11
15	79 46
15	84 12
15	83 12
15	85 12
15	79 48
15	84 13
15	83 13
15	85 13
15	79 49
15	84 14
15	83 14
15	85 14
15	79 43
15	84 15
15	83 15
15	85 15
15	79 44
15	84 16
15	83 16
15	85 16
15	79 47
15	84 17
15	83 17
15	85 17
15	79 38
15	84 18
15	83 18
15	85 18
15	79 50
15	84 19
15	83 19
15	85 19
15	79 46
15	84 20
15	83 20
15	85 20
15	79 50
15	84 1
15	83 1
15	85 1
15	79 48
15	84 2
15	83 2
15	85 2
15	79 46
15	84 3
15	83 3
15	85 3
15	79 48
15	84 4
15	83 4
15	85 4
15	79 42
15	84 5
15	83 5
15	85 5
15	79 49
15	84 6
15	83 6
15	85 6
15	79 41
15	84 7
15	83 7
15	85 7
15	79 45
15	84 8
15	83 8
15	85 8
15	79 44
15	84 9
15	83 9
15	85 9
15	79 40
15	84 10
15	83 10
15	85 10
15	79 43
15	84 11
15	83 11
15	85 11
15	79 39
15	84 12
15	83 12
15	85 12
15	79 46
15	84 13
15	83 13
15	85 13
15	79 43
15	84 14
15	83 14
15	85 14
15	79 44
15	84 15
15	83 15
15	85 15
15	79 41
15	84 16
15	83 16
15	85 16
15	79 40
15	84 17
15	83 17
15	85 17
15	79 39
15	84 18
15	83 18
15	85 18
15	79 43
15	84 19
15	83 19
15	85 19
15	79 42
15	84 20
15	83 20
15	85 20
15	79 44
15	84 1
15	83 1
15	85 1
15	79 51
15	84 2
15	83 2
15	85 2
15	79 45
15	84 3
15	83 3
15	85 3
15	79 40
15	84 4
15	83 4
15	85 4
15	79 47
15	84 5
15	83 5
15	85 5
15	79 47
15	84 6
15	83 6
15	85 6
15	79 43
15	84 7
15	83 7
15	85 7
15	79 45
15	84 8
15	83 8
15	85 8
15	79 47
15	84 9
15	83 9
15	85 9
15	79 45
15	84 10
15	TEST_NUMBER 2
15	SENT_TOTAL 250
15	RECEIVED_TOTAL 238
15	TIME_TOTAL 29805
15	RECEIVED_RADIO_1 121
15	RECEIVED_RADIO_2 118
15	SENT_RADIO_1 125
15	SENT_RADIO_2 125
15	RADIO_TIME_1 19763
15	RADIO_TIME_2 29839
15	RETRANSMISSIONS_1 0
15	RETRANSMISSIONS_2 0
15	DROPPED_1 0
15	DROPPED_2 0
15	MAX_QUEUE 1
15	DUPLICATED_1 0
15	DUPLICATED_2 0
15	EBUSY_RADIO_1 0
15	EBUSY_RADIO_2 0
15	83 0
15	85 10
15	86 2
15	84 1
15	83 1
15	85 1
15	79 50
15	84 2
15	83 2
15	85 2
15	79 46
15	84 3
15	83 3
15	85 3
15	79 41
15	84 4
15	83 4
15	85 4
15	79 43
15	84 5
15	83 5
15	85 5
15	79 48
15	84 6
15	83 6
15	85 6
15	79 42
15	84 7
15	83 7
15	85 7
15	79 40
15	84 8
15	83 8
15	85 8
15	79 41
15	84 9
15	83 9
15	85 9
15	79 42
15	84 10
15	83 10
15	85 10
15	79 44
15	84 11
15	83 11
15	85 11
15	79 50
15	84 12
15	83 12
15	85 12
15	79 47
15	84 13
15	83 13
15	85 13
15	79 43
15	84 14
15	83 14
15	85 14
15	79 44
15	84 15
15	83 15
15	85 15
15	79 46
15	84 16
15	83 16
15	85 16
15	79 41
15	84 17
15	83 17
15	85 17
15	79 46
15	84 18
15	83 18
15	85 18
15	79 40
15	84 19
15	83 19
15	85 19
15	79 46
15	84 20
15	83 20
15	85 20
15	79 45
15	84 1
15	83 1
15	85 1
15	79 42
15	84 2
15	83 2
15	85 2
15	79 46
15	84 3
15	83 3
15	85 3
15	79 41
15	84 4
15	83 4
15	85 4
15	79 42
15	84 5
15	83 5
15	85 5
15	79 49
15	84 6
15	83 6
15	85 6
15	79 42
15	84 7
15	83 7
15	85 7
15	79 43
15	84 8
15	83 8
15	85 8
15	79 44
15	84 9
15	83 9
15	85 9
15	79 44
15	84 10
15	83 10
15	85 10
15	79 50
15	84 11
15	83 11
15	85 11
15	79 41
15	84 12
15	83 12
15	85 12
15	79 48
15	84 13
15	83 13
15	85 13
15	79 45
15	84 14
15	83 14
15	85 14
15	79 46
15	84 15
15	83 15
15	85 15
15	79 46
15	84 16
15	83 16
15	85 16
15	79 44
15	84 17
15	83 17
15	85 17
15	79 47
15	84 18
15	84 19
15	83 19
15	85 19
15	79 50
15	84 20
15	83 20
15	85 20
15	79 45
15	84 1
15	83 1
15	85 1
15	79 47
15	84 2
15	83 2
15	85 2
15	79 40
15	84 3
15	83 3
15	85 3
15	79 48
15	84 4
15	83 4
15	85 4
15	79 46
15	84 5
15	83 5
15	85 5
15	79 39
15	84 6
15	83 6
15	85 6
15	79 44
15	84 7
15	83 7
15	85 7
15	79 44
15	84 8
15	83 8
15	85 8
15	79 47
15	84 9
15	83 9
15	85 9
15	79 46
15	84 10
15	83 10
15	85 10
15	79 40
15	84 11
15	83 11
15	85 11
15	79 47
15	84 12
15	83 12
15	85 12
15	79 44
15	84 13
15	83 13
15	85 13
15	79 52
15	84 14
15	83 14
15	85 14
15	79 41
15	84 15
15	83 15
15	85 15
15	79 43
15	84 16
15	83 16
15	85 16
15	79 49
15	84 17
15	83 17
15	85 17
15	79 37
15	84 18
15	83 18
15	85 18
15	79 40
15	84 19
15	83 19
15	85 19
15	79 41
15	84 20
15	83 20
15	85 20
15	79 39
15	84 1
15	83 1
15	85 1
15	79 48
15	84 2
15	83 2
15	85 2
15	79 45
15	84 3
15	83 3
15	85 3
15	79 43
15	84 4
15	83 4
15	85 4
15	79 45
15	84 5
15	83 5
15	85 5
15	79 36
15	84 6
15	83 6
15	85 6
15	79 44
15	84 7
15	83 7
15	85 7
15	79 41
15	84 8
15	83 8
15	85 8
15	79 44
15	84 9
15	83 9
15	85 9
15	79 42
15	84 10
15	83 10
15	85 10
15	79 49
15	84 11
15	83 11
15	85 11
15	79 46
15	84 12
15	83 12
15	85 12
15	79 42
15	84 13
15	83 13
15	85 13
15	79 40
15	84 14
15	83 14
15	85 14
15	79 43
15	84 15
15	83 15
15	85 15
15	79 42
15	84 16
15	83 16
15	85 16
15	79 50
15	84 17
15	83 17
15	85 17
15	79 49
15	84 18
15	83 18
15	85 18
15	79 40
15	84 19
15	83 19
15	85 19
15	79 44
15	84 20
15	83 20
15	85 20
15	79 44
15	84 1
15	83 1
15	85 1
15	79 46
15	84 2
15	83 2
15	85 2
15	79 42
15	84 3
15	83 3
15	85 3
15	79 46
15	84 4
15	83 4
15	85 4
15	79 44
15	84 5
15	83 5
15	85 5
15	79 46
15	84 6
15	83 6
15	85 6
15	79 39
15	84 7
15	83 7
15	85 7
15	79 45
15	84 8
15	83 8
15	85 8
15	79 40
15	84 9
15	83 9
15	85 9
15	79 52
15	84 10
15	83 10
15	85 10
15	79 47
15	84 11
15	83 11
15	85 11
15	79 37
15	84 12
15	83 12
15	85 12
15	79 38
15	84 13
15	83 13
15	85 13
15	79 46
15	84 14
15	83 14
15	85 14
15	79 44
15	84 15
15	83 15
15	85 15
15	79 42
15	84 16
15	84 17
15	83 17
15	85 17
15	79 42
15	84 18
15	83 18
15	85 18
15	79 43
15	84 19
15	83 19
15	85 19
15	79 41
15	84 20
15	83 20
15	85 20
15	79 47
15	84 1
15	83 1
15	85 1
15	79 46
15	84 2
15	83 2
15	85 2
15	79 46
15	84 3
15	83 3
15	85 3
15	79 46
15	84 4
15	83 4
15	85 4
15	79 45
15	84 5
15	83 5
15	85 5
15	79 52
15	84 6
15	83 6
15	85 6
15	79 51
15	84 7
15	83 7
15	85 7
15	79 41
15	84 8
15	83 8
15	85 8
15	79 37
15	84 9
15	83 9
15	85 9
15	79 38
15	84 10
15	83 10
15	85 10
15	79 50
15	84 11
15	83 11
15	85 11
15	79 46
15	84 12
15	83 12
15	85 12
15	79 48
15	84 13
15	83 13
15	85 13
15	79 47
15	84 14
15	83 14
15	85 14
15	79 41
15	84 15
15	83 15
15	85 15
15	79 37
15	84 16
15	83 16
15	85 16
15	79 34
15	84 17
15	83 17
15	85 17
15	79 49
15	84 18
15	83 18
15	85 18
15	79 48
15	84 19
15	83 19
15	85 19
15	79 43
15	84 20
15	83 20
15	85 20
15	79 43
15	84 1
15	83 1
15	85 1
15	79 40
15	84 2
15	83 2
15	85 2
15	79 42
15	84 3
15	83 3
15	85 3
15	79 42
15	84 4
15	83 4
15	85 4
15	79 46
15	84 5
15	83 5
15	85 5
15	79 39
15	84 6
15	83 6
15	85 6
15	79 45
15	84 7
15	83 7
15	85 7
15	79 39
15	84 8
15	83 8
15	85 8
15	79 44
15	84 9
15	83 9
15	85 9
15	79 44
15	84 10
15	84 11
15	83 11
15	85 11
15	79 40
15	84 12
15	83 12
15	85 12
15	79 42
15	84 13
15	83 13
15	85 13
15	79 41
15	84 14
15	83 14
15	85 14
15	79 38
15	84 15
15	83 15
15	85 15
15	79 43
15	84 16
15	83 16
15	85 16
15	79 33
15	84 17
15	83 17
15	85 17
15	79 43
15	84 18
15	83 18
15	85 18
15	79 43
15	84 19
15	83 19
15	85 19
15	79 44
15	84 20
15	83 20
15	85 20
15	79 46
15	84 1
15	83 1
15	85 1
15	79 45
15	84 2
15	83 2
15	85 2
15	79 39
15	84 3
15	83 3
15	85 3
15	79 43
15	84 4
15	83 4
15	85 4
15	79 43
15	84 5
15	84 6
15	83 6
15	85 6
15	79 40
15	84 7
15	83 7
15	85 7
15	79 46
15	84 8
15	83 8
15	85 8
15	79 44
15	84 9
15	83 9
15	85 9
15	79 41
15	84 10
15	83 10
15	85 10
15	79 38
15	84 11
15	83 11
15	85 11
15	79 46
15	84 12
15	83 12
15	85 12
15	79 39
15	84 13
15	83 13
15	85 13
15	79 46
15	84 14
15	83 14
15	85 14
15	79 38
15	84 15
15	83 15
15	85 15
15	79 45
15	84 16
15	83 16
15	85 16
15	79 41
15	84 17
15	83 17
15	85 17
15	79 42
15	84 18
15	83 18
15	85 18
15	79 40
15	84 19
15	83 19
15	85 19
15	79 37
15	84 20
15	83 20
15	85 20
15	79 46
15	84 1
15	83 1
15	85 1
15	79 41
15	84 2
15	83 2
15	85 2
15	79 50
15	84 3
15	83 3
15	85 3
15	79 46
15	84 4
15	83 4
15	85 4
15	79 44
15	84 5
15	83 5
15	85 5
15	79 42
15	84 6
15	83 6
15	85 6
15	79 41
15	84 7
15	83 7
15	85 7
15	79 52
15	84 8
15	83 8
15	85 8
15	79 41
15	84 9
15	83 9
15	85 9
15	79 40
15	84 10
15	83 10
15	85 10
15	79 41
15	84 11
15	83 11
15	85 11
15	79 45
15	84 12
15	83 12
15	85 12
15	79 45
15	84 13
15	83 13
15	85 13
15	79 53
15	84 14
15	83 14
15	85 14
15	79 42
15	84 15
15	83 15
15	85 15
15	79 44
15	84 16
15	83 16
15	85 16
15	79 42
15	84 17
15	83 17
15	85 17
15	79 38
15	84 18
15	83 18
15	85 18
15	79 46
15	84 19
15	83 19
15	85 19
15	79 41
15	84 20
15	83 20
15	85 20
15	79 49
15	84 1
15	83 1
15	85 1
15	79 43
15	84 2
15	83 2
15	85 2
15	79 53
15	84 3
15	83 3
15	85 3
15	79 42
15	84 4
15	83 4
15	85 4
15	79 50
15	84 5
15	83 5
15	85 5
15	79 45
15	84 6
15	83 6
15	85 6
15	79 44
15	84 7
15	83 7
15	85 7
15	79 48
15	84 8
15	83 8
15	85 8
15	79 42
15	84 9
15	83 9
15	85 9
15	79 46
15	84 10
15	83 10
15	85 10
15	79 46
15	84 11
15	84 12
15	83 12
15	85 12
15	79 38
15	84 13
15	83 13
15	85 13
15	79 38
15	84 14
15	83 14
15	85 14
15	79 38
15	84 15
15	83 15
15	85 15
15	79 42
15	84 16
15	83 16
15	85 16
15	79 49
15	84 17
15	83 17
15	85 17
15	79 45
15	84 18
15	83 18
15	85 18
15	79 41
15	84 19
15	83 19
15	85 19
15	79 42
15	84 20
15	83 20
15	85 20
15	79 46
15	84 1
15	83 1
15	85 1
15	79 46
15	84 2
15	83 2
15	85 2
15	79 42
15	84 3
15	83 3
15	85 3
15	79 45
15	84 4
15	83 4
15	85 4
15	79 44
15	84 5
15	83 5
15	85 5
15	79 40
15	84 6
15	83 6
15	85 6
15	79 40
15	84 7
15	83 7
15	85 7
15	79 41
15	84 8
15	83 8
15	85 8
15	79 39
15	84 9
15	83 9
15	85 9
15	79 46
15	84 10
15	83 10
15	85 10
15	79 47
15	84 11
15	83 11
15	85 11
15	79 45
15	84 12
15	83 12
15	85 12
15	79 45
15	84 13
15	83 13
15	85 13
15	79 42
15	84 14
15	83 14
15	85 14
15	79 47
15	84 15
15	83 15
15	85 15
15	79 45
15	84 16
15	83 16
15	85 16
15	79 45
15	84 17
15	83 17
15	85 17
15	79 48
15	84 18
15	83 18
15	85 18
15	79 46
15	84 19
15	83 19
15	85 19
15	79 44
15	84 20
15	83 20
15	85 20
15	79 52
15	84 1
15	83 1
15	85 1
15	79 49
15	84 2
15	83 2
15	85 2
15	79 43
15	84 3
15	83 3
15	85 3
15	79 40
15	84 4
15	83 4
15	85 4
15	79 44
15	84 5
15	83 5
15	85 5
15	79 48
15	84 6
15	83 6
15	85 6
15	79 45
15	84 7
15	83 7
15	85 7
15	79 47
15	84 8
15	83 8
15	85 8
15	79 39
15	84 9
15	83 9
15	85 9
15	79 50
15	84 10
15	83 10
15	85 10
15	79 49
15	84 11
15	83 11
15	85 11
15	79 41
15	84 12
15	83 12
15	85 12
15	79 47
15	84 13
15	83 13
15	85 13
15	79 43
15	84 14
15	83 14
15	85 14
15	79 42
15	84 15
15	83 15
15	85 15
15	79 42
15	84 16
15	83 16
15	85 16
15	79 41
15	84 17
15	83 17
15	85 17
15	79 45
15	84 18
15	83 18
15	85 18
15	79 43
15	84 19
15	83 19
15	85 19
15	79 46
15	84 20
15	83 20
15	85 20
15	79 39
15	84 1
15	83 1
15	85 1
15	79 47
15	84 2
15	83 2
15	85 2
15	79 46
15	84 3
15	83 3
15	85 3
15	79 42
15	84 4
15	83 4
15	85 4
15	79 39
15	84 5
15	83 5
15	85 5
15	79 44
15	84 6
15	83 6
15	85 6
15	79 44
15	84 7
15	83 7
15	85 7
15	79 48
15	84 8
15	83 8
15	85 8
15	79 42
15	84 9
15	83 9
15	85 9
15	79 40
15	84 10
15	TEST_NUMBER 3
15	SENT_TOTAL 250
15	RECEIVED_TOTAL 244
15	TIME_TOTAL 29799
15	RECEIVED_RADIO_1 123
15	RECEIVED_RADIO_2 122
15	SENT_RADIO_1 125
15	SENT_RADIO_2 125
15	RADIO_TIME_1 29759
15	RADIO_TIME_2 19793
15	RETRANSMISSIONS_1 0
15	RETRANSMISSIONS_2 0
15	DROPPED_1 0
15	DROPPED_2 0
15	MAX_QUEUE 1
15	DUPLICATED_1 0
15	DUPLICATED_2 0
15	EBUSY_RADIO_1 0
15	EBUSY_RADIO_2 0
15	83 0
15	85 10
15	86 3
15	84 1
15	83 1
15	85 1
15	79 46
15	84 2
15	83 2
15	85 2
15	79 43
15	84 3
15	83 3
15	85 3
15	79 44
15	84 4
15	83 4
15	85 4
15	79 47
15	84 5
15	83 5
15	85 5
15	79 43
15	84 6
15	83 6
15	85 6
15	79 46
15	84 7
15	83 7
15	85 7
15	79 43
15	84 8
15	83 8
15	85 8
15	79 50
15	84 9
15	83 9
15	85 9
15	79 44
15	84 10
15	83 10
15	85 10
15	79 42
15	84 11
15	83 11
15	85 11
15	79 38
15	84 12
15	83 12
15	85 12
15	79 48
15	84 13
15	83 13
15	85 13
15	79 45
15	84 14
15	83 14
15	85 14
15	79 43
15	84 15
15	84 16
15	83 16
15	85 16
15	79 48
15	84 17
15	84 18
15	83 18
15	85 18
15	79 55
15	84 19
15	84 20
15	83 20
15	85 20
15	79 47
15	84 1
15	84 2
15	83 2
15	85 2
15	79 40
15	84 3
15	84 4
15	84 5
15	83 5
15	85 5
15	79 45
15	84 6
15	83 6
15	85 6
15	79 41
15	84 7
15	83 7
15	85 7
15	79 45
15	84 8
15	84 9
15	83 9
15	85 9
15	79 50
15	84 10
15	84 11
15	83 11
15	85 11
15	79 44
15	84 12
15	84 13
15	83 13
15	85 13
15	79 53
15	84 14
15	83 14
15	85 14
15	79 41
15	84 15
15	83 15
15	85 15
15	79 42
15	84 16
15	83 16
15	85 16
15	79 42
15	84 17
15	83 17
15	85 17
15	79 46
15	84 18
15	83 18
15	85 18
15	79 47
15	84 19
15	83 19
15	85 19
15	79 48
15	84 20
15	84 1
15	83 1
15	85 1
15	79 41
15	84 2
15	83 2
15	85 2
15	79 48
15	84 3
15	83 3
15	85 3
15	79 46
15	84 4
15	83 4
15	85 4
15	79 47
15	84 5
15	83 5
15	85 5
15	79 42
15	84 6
15	83 6
15	85 6
15	79 41
15	84 7
15	83 7
15	85 7
15	79 44
15	84 8
15	83 8
15	85 8
15	79 43
15	84 9
15	83 9
15	85 9
15	79 46
15	84 10
15	83 10
15	85 10
15	79 42
15	84 11
15	83 11
15	85 11
15	79 50
15	84 12
15	84 13
15	83 13
15	85 13
15	79 53
15	84 14
15	84 15
15	83 15
15	85 15
15	79 49
15	84 16
15	84 17
15	83 17
15	85 17
15	79 43
15	84 18
15	84 19
15	83 19
15	85 19
15	79 44
15	84 20
15	84 1
15	83 1
15	85 1
15	79 46
15	84 2
15	84 3
15	83 3
15	85 3
15	79 46
15	84 4
15	84 5
15	83 5
15	85 5
15	79 43
15	84 6
15	84 7
15	84 8
15	84 9
15	83 9
15	85 9
15	79 42
15	84 10
15	84 11
15	84 12
15	84 13
15	83 13
15	85 13
15	79 52
15	84 14
15	84 15
15	84 16
15	84 17
15	83 17
15	85 17
15	79 37
15	84 18
15	84 19
15	84 20
15	84 1
15	83 1
15	85 1
15	79 45
15	84 2
15	84 3
15	84 4
15	84 5
15	83 5
15	85 5
15	79 40
15	84 6
15	84 7
15	84 8
15	84 9
15	83 9
15	85 9
15	79 42
15	84 10
15	84 11
15	83 11
15	85 11
15	79 42
15	84 12
15	83 12
15	85 12
15	79 45
15	84 13
15	84 14
15	84 15
15	84 16
15	83 16
15	85 16
15	79 40
15	84 17
15	84 18
15	83 18
15	85 18
15	79 40
15	84 19
15	83 19
15	85 19
15	79 47
15	84 20
15	83 20
15	85 20
15	79 49
15	84 1
15	83 1
15	85 1
15	79 42
15	84 2
15	83 2
15	85 2
15	79 40
15	84 3
15	83 3
15	85 3
15	79 48
15	84 4
15	83 4
15	85 4
15	79 42
15	84 5
15	83 5
15	85 5
15	79 49
15	84 6
15	83 6
15	85 6
15	79 45
15	84 7
15	84 8
15	83 8
15	85 8
15	79 48
15	84 9
15	83 9
15	85 9
15	79 51
15	84 10
15	83 10
15	85 10
15	79 40
15	84 11
15	83 11
15	85 11
15	79 44
15	84 12
15	84 13
15	83 13
15	85 13
15	79 47
15	84 14
15	83 14
15	85 14
15	79 43
15	84 15
15	83 15
15	85 15
15	79 45
15	84 16
15	83 16
15	85 16
15	79 35
15	84 17
15	83 17
15	85 17
15	79 45
15	84 18
15	83 18
15	85 18
15	79 36
15	84 19
15	83 19
15	85 19
15	79 49
15	84 20
15	83 20
15	85 20
15	79 41
15	84 1
15	83 1
15	85 1
15	79 39
15	84 2
15	83 2
15	85 2
15	79 47
15	84 3
15	83 3
15	85 3
15	79 44
15	84 4
15	83 4
15	85 4
15	79 38
15	84 5
15	83 5
15	85 5
15	79 49
15	84 6
15	83 6
15	85 6
15	79 39
15	84 7
15	83 7
15	85 7
15	79 50
15	84 8
15	83 8
15	85 8
15	79 43
15	84 9
15	83 9
15	85 9
15	79 50
15	84 10
15	83 10
15	85 10
15	79 49
15	84 11
15	83 11
15	85 11
15	79 42
15	84 12
15	83 12
15	85 12
15	79 38
15	84 13
15	83 13
15	85 13
15	79 48
15	84 14
15	83 14
15	85 14
15	79 49
15	84 15
15	83 15
15	85 15
15	79 41
15	84 16
15	83 16
15	85 16
15	79 42
15	84 17
15	83 17
15	85 17
15	79 38
15	84 18
15	83 18
15	85 18
15	79 45
15	84 19
15	83 19
15	85 19
15	79 43
15	84 20
15	83 20
15	85 20
15	79 44
15	84 1
15	84 2
15	83 2
15	85 2
15	79 49
15	84 3
15	83 3
15	85 3
15	79 39
15	84 4
15	83 4
15	85 4
15	79 39
15	84 5
15	83 5
15	85 5
15	79 43
15	84 6
15	83 6
15	85 6
15	79 34
15	84 7
15	83 7
15	85 7
15	79 38
15	84 8
15	83 8
15	85 8
15	79 40
15	84 9
15	83 9
15	85 9
15	79 46
15	84 10
15	83 10
15	85 10
15	79 44
15	84 11
15	83 11
15	85 11
15	79 45
15	84 12
15	83 12
15	85 12
15	79 41
15	84 13
15	83 13
15	85 13
15	79 42
15	84 14
15	83 14
15	85 14
15	79 45
15	84 15
15	83 15
15	85 15
15	79 47
15	84 16
15	83 16
15	85 16
15	79 44
15	84 17
15	83 17
15	85 17
15	79 48
15	84 18
15	83 18
15	85 18
15	79 44
15	84 19
15	83 19
15	85 19
15	79 44
15	84 20
15	83 20
15	85 20
15	79 42
15	84 1
15	83 1
15	85 1
15	79 44
15	84 2
15	83 2
15	85 2
15	79 45
15	84 3
15	83 3
15	85 3
15	79 45
15	84 4
15	83 4
15	85 4
15	79 44
15	84 5
15	83 5
15	85 5
15	79 43
15	84 6
15	83 6
15	85 6
15	79 47
15	84 7
15	83 7
15	85 7
15	79 44
15	84 8
15	83 8
15	85 8
15	79 45
15	84 9
15	83 9
15	85 9
15	79 44
15	84 10
15	83 10
15	85 10
15	79 48
15	84 11
15	83 11
15	85 11
15	79 40
15	84 12
15	83 12
15	85 12
15	79 46
15	84 13
15	83 13
15	85 13
15	79 46
15	84 14
15	83 14
15	85 14
15	79 48
15	84 15
15	83 15
15	85 15
15	79 42
15	84 16
15	83 16
15	85 16
15	79 47
15	84 17
15	84 18
15	83 18
15	85 18
15	79 45
15	84 19
15	83 19
15	85 19
15	79 41
15	84 20
15	83 20
15	85 20
15	79 43
15	84 1
15	83 1
15	85 1
15	79 48
15	84 2
15	83 2
15	85 2
15	79 45
15	84 3
15	83 3
15	85 3
15	79 43
15	84 4
15	83 4
15	85 4
15	79 47
15	84 5
15	83 5
15	85 5
15	79 40
15	84 6
15	83 6
15	85 6
15	79 40
15	84 7
15	83 7
15	85 7
15	79 35
15	84 8
15	84 9
15	83 9
15	85 9
15	79 49
15	84 10
15	83 10
15	85 10
15	79 41
15	84 11
15	83 11
15	85 11
15	79 48
15	84 12
15	83 12
15	85 12
15	79 45
15	84 13
15	83 13
15	85 13
15	79 44
15	84 14
15	84 15
15	83 15
15	85 15
15	79 45
15	84 16
15	83 16
15	85 16
15	79 40
15	84 17
15	83 17
15	85 17
15	79 39
15	84 18
15	83 18
15	85 18
15	79 43
15	84 19
15	83 19
15	85 19
15	79 41
15	84 20
15	83 20
15	85 20
15	79 43
15	84 1
15	83 1
15	85 1
15	79 43
15	84 2
15	83 2
15	85 2
15	79 41
15	84 3
15	83 3
15	85 3
15	79 43
15	84 4
15	83 4
15	85 4
15	79 45
15	84 5
15	83 5
15	85 5
15	79 45
15	84 6
15	83 6
15	85 6
15	79 46
15	84 7
15	83 7
15	85 7
15	79 47
15	84 8
15	83 8
15	85 8
15	79 43
15	84 9
15	83 9
15	85 9
15	79 41
15	84 10
15	83 10
15	85 10
15	79 48
15	84 11
15	83 11
15	85 11
15	79 46
15	84 12
15	83 12
15	85 12
15	79 42
15	84 13
15	83 13
15	85 13
15	79 45
15	84 14
15	83 14
15	85 14
15	79 47
15	84 15
15	83 15
15	85 15
15	79 45
15	84 16
15	83 16
15	85 16
15	79 44
15	84 17
15	83 17
15	85 17
15	79 48
15	84 18
15	83 18
15	85 18
15	79 46
15	84 19
15	83 19
15	85 19
15	79 41
15	84 20
15	83 20
15	85 20
15	79 42
15	84 1
15	83 1
15	85 1
15	79 42
15	84 2
15	83 2
15	85 2
15	79 42
15	84 3
15	83 3
15	85 3
15	79 38
15	84 4
15	83 4
15	85 4
15	79 46
15	84 5
15	83 5
15	85 5
15	79 45
15	84 6
15	84 7
15	83 7
15	85 7
15	79 42
15	84 8
15	83 8
15	85 8
15	79 47
15	84 9
15	83 9
15	85 9
15	79 45
15	84 10
15	83 10
15	85 10
15	79 47
15	84 11
15	83 11
15	85 11
15	79 44
15	84 12
15	83 12
15	85 12
15	79 46
15	84 13
15	83 13
15	85 13
15	79 45
15	84 14
15	83 14
15	85 14
15	79 46
15	84 15
15	83 15
15	85 15
15	79 43
15	84 16
15	83 16
15	85 16
15	79 46
15	84 17
15	83 17
15	85 17
15	79 41
15	84 18
15	83 18
15	85 18
15	79 42
15	84 19
15	83 19
15	85 19
15	79 38
15	84 20
15	83 20
15	85 20
15	79 44
15	84 1
15	83 1
15	85 1
15	79 46
15	84 2
15	83 2
15	85 2
15	79 43
15	84 3
15	83 3
15	85 3
15	79 43
15	84 4
15	83 4
15	85 4
15	79 44
15	84 5
15	83 5
15	85 5
15	79 45
15	84 6
15	84 7
15	83 7
15	85 7
15	79 46
15	84 8
15	84 9
15	83 9
15	85 9
15	79 50
15	84 10
15	TEST_NUMBER 4
15	SENT_TOTAL 250
15	RECEIVED_TOTAL 200
15	TIME_TOTAL 29807
15	RECEIVED_RADIO_1 113
15	RECEIVED_RADIO_2 88
15	SENT_RADIO_1 125
15	SENT_RADIO_2 125
15	RADIO_TIME_1 29807
15	RADIO_TIME_2 19797
15	RETRANSMISSIONS_1 0
15	RETRANSMISSIONS_2 0
15	DROPPED_1 0
15	DROPPED_2 0
15	MAX_QUEUE 1
15	DUPLICATED_1 0
15	DUPLICATED_2 0
15	EBUSY_RADIO_1 0
15	EBUSY_RADIO_2 0
15	83 0
15	85 10
15	86 4
15	84 1
15	83 1
15	85 1
15	79 44
15	84 2
15	84 3
15	83 3
15	85 3
15	79 45
15	84 4
15	83 4
15	85 4
15	79 39
15	84 5
15	83 5
15	85 5
15	79 42
15	84 6
15	83 6
15	85 6
15	79 45
15	84 7
15	83 7
15	85 7
15	79 41
15	84 8
15	83 8
15	85 8
15	79 42
15	84 9
15	83 9
15	85 9
15	79 41
15	84 10
15	84 11
15	83 11
15	85 11
15	79 47
15	84 12
15	83 12
15	85 12
15	79 40
15	84 13
15	83 13
15	85 13
15	79 40
15	84 14
15	83 14
15	85 14
15	79 47
15	84 15
15	83 15
15	85 15
15	79 41
15	84 16
15	83 16
15	85 16
15	79 45
15	84 17
15	83 17
15	85 17
15	79 46
15	84 18
15	83 18
15	85 18
15	79 40
15	84 19
15	83 19
15	85 19
15	79 44
15	84 20
15	83 20
15	85 20
15	79 40
15	84 1
15	83 1
15	85 1
15	79 43
15	84 2
15	83 2
15	85 2
15	79 46
15	84 3
15	83 3
15	85 3
15	79 46
15	84 4
15	83 4
15	85 4
15	79 40
15	84 5
15	83 5
15	85 5
15	79 39
15	84 6
15	83 6
15	85 6
15	79 52
15	84 7
15	83 7
15	85 7
15	79 44
15	84 8
15	83 8
15	85 8
15	79 43
15	84 9
15	83 9
15	85 9
15	79 47
15	84 10
15	83 10
15	85 10
15	79 39
15	84 11
15	83 11
15	85 11
15	79 53
15	84 12
15	83 12
15	85 12
15	79 42
15	84 13
15	83 13
15	85 13
15	79 44
15	84 14
15	84 15
15	83 15
15	85 15
15	79 44
15	84 16
15	83 16
15	85 16
15	79 45
15	84 17
15	83 17
15	85 17
15	79 40
15	84 18
15	83 18
15	85 18
15	79 48
15	84 19
15	83 19
15	85 19
15	79 45
15	84 20
15	83 20
15	85 20
15	79 44
15	84 1
15	83 1
15	85 1
15	79 47
15	84 2
15	83 2
15	85 2
15	79 47
15	84 3
15	83 3
15	85 3
15	79 43
15	84 4
15	83 4
15	85 4
15	79 39
15	84 5
15	83 5
15	85 5
15	79 51
15	84 6
15	83 6
15	85 6
15	79 48
15	84 7
15	83 7
15	85 7
15	79 44
15	84 8
15	83 8
15	85 8
15	79 47
15	84 9
15	83 9
15	85 9
15	79 41
15	84 10
15	83 10
15	85 10
15	79 45
15	84 11
15	83 11
15	85 11
15	79 38
15	84 12
15	83 12
15	85 12
15	79 45
15	84 13
15	83 13
15	85 13
15	79 41
15	84 14
15	83 14
15	85 14
15	79 45
15	84 15
15	83 15
15	85 15
15	79 47
15	84 16
15	83 16
15	85 16
15	79 43
15	84 17
15	83 17
15	85 17
15	79 44
15	84 18
15	83 18
15	85 18
15	79 45
15	84 19
15	84 20
15	84 1
15	83 1
15	85 1
15	79 40
15	84 2
15	84 3
15	84 4
15	84 5
15	83 5
15	85 5
15	79 46
15	84 6
15	84 7
15	83 7
15	85 7
15	79 43
15	84 8
15	84 9
15	84 10
15	84 11
15	83 11
15	85 11
15	79 43
15	84 12
15	84 13
15	83 13
15	85 13
15	79 42
15	84 14
15	84 15
15	83 15
15	85 15
15	79 42
15	84 16
15	84 17
15	83 17
15	85 17
15	79 43
15	84 18
15	83 18
15	85 18
15	79 47
15	84 19
15	83 19
15	85 19
15	79 46
15	84 20
15	83 20
15	85 20
15	79 44
15	84 1
15	83 1
15	85 1
15	79 41
15	84 2
15	84 3
15	83 3
15	85 3
15	79 47
15	84 4
15	84 5
15	83 5
15	85 5
15	79 42
15	84 6
15	84 7
15	84 8
15	83 8
15	85 8
15	79 45
15	84 9
15	83 9
15	85 9
15	79 44
15	84 10
15	83 10
15	85 10
15	79 41
15	84 11
15	83 11
15	85 11
15	79 50
15	84 12
15	84 13
15	83 13
15	85 13
15	79 46
15	84 14
15	84 15
15	84 16
15	83 16
15	85 16
15	79 55
15	84 17
15	83 17
15	85 17
15	79 41
15	84 18
15	83 18
15	85 18
15	79 41
15	84 19
15	83 19
15	85 19
15	79 48
15	84 20
15	83 20
15	85 20
15	79 38
15	84 1
15	83 1
15	85 1
15	79 46
15	84 2
15	83 2
15	85 2
15	79 41
15	84 3
15	83 3
15	85 3
15	79 38
15	84 4
15	83 4
15	85 4
15	79 46
15	84 5
15	84 6
15	83 6
15	85 6
15	79 44
15	84 7
15	83 7
15	85 7
15	79 45
15	84 8
15	84 9
15	83 9
15	85 9
15	79 38
15	84 10
15	83 10
15	85 10
15	79 43
15	84 11
15	83 11
15	85 11
15	79 46
15	84 12
15	83 12
15	85 12
15	79 41
15	84 13
15	84 14
15	84 15
15	83 15
15	85 15
15	79 43
15	84 16
15	84 17
15	84 18
15	84 19
15	84 20
15	84 1
15	84 2
15	84 3
15	83 3
15	85 3
15	79 47
15	84 4
15	84 5
15	84 6
15	84 7
15	83 7
15	85 7
15	79 45
15	84 8
15	84 9
15	84 10
15	84 11
15	83 11
15	85 11
15	79 46
15	84 12
15	84 13
15	84 14
15	84 15
15	84 16
15	83 16
15	85 16
15	79 45
15	84 17
15	83 17
15	85 17
15	79 49
15	84 18
15	83 18
15	85 18
15	79 43
15	84 19
15	83 19
15	85 19
15	79 36
15	84 20
15	83 20
15	85 20
15	79 43
15	84 1
15	84 2
15	83 2
15	85 2
15	79 42
15	84 3
15	84 4
15	83 4
15	85 4
15	79 48
15	84 5
15	83 5
15	85 5
15	79 44
15	84 6
15	83 6
15	85 6
15	79 47
15	84 7
15	83 7
15	85 7
15	79 50
15	84 8
15	83 8
15	85 8
15	79 44
15	84 9
15	84 10
15	83 10
15	85 10
15	79 40
15	84 11
15	84 12
15	83 12
15	85 12
15	79 39
15	84 13
15	84 14
15	83 14
15	85 14
15	79 42
15	84 15
15	84 16
15	84 17
15	83 17
15	85 17
15	79 39
15	84 18
15	84 19
15	84 20
15	84 1
15	83 1
15	85 1
15	79 47
15	84 2
15	84 3
15	83 3
15	85 3
15	79 42
15	84 4
15	84 5
15	83 5
15	85 5
15	79 48
15	84 6
15	84 7
15	84 8
15	83 8
15	85 8
15	79 48
15	84 9
15	83 9
15	85 9
15	79 47
15	84 10
15	83 10
15	85 10
15	79 47
15	84 11
15	83 11
15	85 11
15	79 44
15	84 12
15	83 12
15	85 12
15	79 41
15	84 13
15	83 13
15	85 13
15	79 44
15	84 14
15	84 15
15	83 15
15	85 15
15	79 43
15	84 16
15	84 17
15	83 17
15	85 17
15	79 43
15	84 18
15	84 19
15	84 20
15	83 20
15	85 20
15	79 43
15	84 1
15	83 1
15	85 1
15	79 45
15	84 2
15	83 2
15	85 2
15	79 44
15	84 3
15	84 4
15	83 4
15	85 4
15	79 46
15	84 5
15	83 5
15	85 5
15	79 42
15	84 6
15	83 6
15	85 6
15	79 48
15	84 7
15	84 8
15	83 8
15	85 8
15	79 41
15	84 9
15	84 10
15	83 10
15	85 10
15	79 47
15	84 11
15	83 11
15	85 11
15	79 45
15	84 12
15	83 12
15	85 12
15	79 45
15	84 13
15	83 13
15	85 13
15	79 41
15	84 14
15	83 14
15	85 14
15	79 37
15	84 15
15	83 15
15	85 15
15	79 44
15	84 16
15	83 16
15	85 16
15	79 46
15	84 17
15	84 18
15	84 19
15	83 19
15	85 19
15	79 43
15	84 20
15	83 20
15	85 20
15	79 44
15	84 1
15	83 1
15	85 1
15	79 44
15	84 2
15	83 2
15	85 2
15	79 46
15	84 3
15	83 3
15	85 3
15	79 47
15	84 4
15	84 5
15	83 5
15	85 5
15	79 39
15	84 6
15	83 6
15	85 6
15	79 38
15	84 7
15	83 7
15	85 7
15	79 45
15	84 8
15	84 9
15	83 9
15	85 9
15	79 48
15	84 10
15	83 10
15	85 10
15	79 42
15	84 11
15	83 11
15	85 11
15	79 43
15	84 12
15	83 12
15	85 12
15	79 41
15	84 13
15	83 13
15	85 13
15	79 38
15	84 14
15	83 14
15	85 14
15	79 41
15	84 15
15	83 15
15	85 15
15	79 37
15	84 16
15	83 16
15	85 16
15	79 44
15	84 17
15	83 17
15	85 17
15	79 49
15	84 18
15	83 18
15	85 18
15	79 38
15	84 19
15	83 19
15	85 19
15	79 46
15	84 20
15	83 20
15	85 20
15	79 43
15	84 1
15	83 1
15	85 1
15	79 52
15	84 2
15	83 2
15	85 2
15	79 46
15	84 3
15	83 3
15	85 3
15	79 43
15	84 4
15	83 4
15	85 4
15	79 45
15	84 5
15	83 5
15	85 5
15	79 41
15	84 6
15	83 6
15	85 6
15	79 42
15	84 7
15	83 7
15	85 7
15	79 45
15	84 8
15	83 8
15	85 8
15	79 42
15	84 9
15	83 9
15	85 9
15	79 43
15	84 10
15	83 10
15	85 10
15	79 44
15	84 11
15	83 11
15	85 11
15	79 46
15	84 12
15	83 12
15	85 12
15	79 37
15	84 13
15	83 13
15	85 13
15	79 40
15	84 14
15	83 14
15	85 14
15	79 41
15	84 15
15	83 15
15	85 15
15	79 45
15	84 16
15	84 17
15	83 17
15	85 17
15	79 43
15	84 18
15	83 18
15	85 18
15	79 47
15	84 19
15	83 19
15	85 19
15	79 50
15	84 20
15	83 20
15	85 20
15	79 53
15	84 1
15	83 1
15	85 1
15	79 48
15	84 2
15	83 2
15	85 2
15	79 49
15	84 3
15	83 3
15	85 3
15	79 46
15	84 4
15	84 5
15	83 5
15	85 5
15	79 46
15	84 6
15	84 7
15	83 7
15	85 7
15	79 44
15	84 8
15	83 8
15	85 8
15	79 43
15	84 9
15	83 9
15	85 9
15	79 46
15	84 10
15	TEST_NUMBER 5
15	SENT_TOTAL 250
15	RECEIVED_TOTAL 178
15	TIME_TOTAL 29810
15	RECEIVED_RADIO_1 109
15	RECEIVED_RADIO_2 70
15	SENT_RADIO_1 125
15	SENT_RADIO_2 125
15	RADIO_TIME_1 19809
15	RADIO_TIME_2 29844
15	RETRANSMISSIONS_1 0
15	RETRANSMISSIONS_2 0
15	DROPPED_1 0
15	DROPPED_2 0
15	MAX_QUEUE 1
15	DUPLICATED_1 0
15	DUPLICATED_2 0
15	EBUSY_RADIO_1 0
15	EBUSY_RADIO_2 0
15	83 0
15	85 10
15	86 5
15	84 1
15	83 1
15	85 1
15	79 49
15	84 2
15	83 2
15	85 2
15	79 44
15	84 3
15	83 3
15	85 3
15	79 49
15	84 4
15	83 4
15	85 4
15	79 46
15	84 5
15	83 5
15	85 5
15	79 44
15	84 6
15	84 7
15	83 7
15	85 7
15	79 44
15	84 8
15	83 8
15	85 8
15	79 48
15	84 9
15	83 9
15	85 9
15	79 42
15	84 10
15	83 10
15	85 10
15	79 35
15	84 11
15	83 11
15	85 11
15	79 43
15	84 12
15	84 13
15	83 13
15	85 13
15	79 41
15	84 14
15	84 15
15	83 15
15	85 15
15	79 47
15	84 16
15	83 16
15	85 16
15	79 38
15	84 17
15	83 17
15	85 17
15	79 39
15	84 18
15	83 18
15	85 18
15	79 40
15	84 19
15	83 19
15	85 19
15	79 41
15	84 20
15	83 20
15	85 20
15	79 48
15	84 1
15	83 1
15	85 1
15	79 40
15	84 2
15	83 2
15	85 2
15	79 41
15	84 3
15	83 3
15	85 3
15	79 42
15	84 4
15	83 4
15	85 4
15	79 45
15	84 5
15	83 5
15	85 5
15	79 44
15	84 6
15	83 6
15	85 6
15	79 37
15	84 7
15	83 7
15	85 7
15	79 50
15	84 8
15	83 8
15	85 8
15	79 49
15	84 9
15	83 9
15	85 9
15	79 39
15	84 10
15	83 10
15	85 10
15	79 42
15	84 11
15	83 11
15	85 11
15	79 43
15	84 12
15	83 12
15	85 12
15	79 46
15	84 13
15	83 13
15	85 13
15	79 47
15	84 14
15	83 14
15	85 14
15	79 41
15	84 15
15	83 15
15	85 15
15	79 44
15	84 16
15	83 16
15	85 16
15	79 47
15	84 17
15	83 17
15	85 17
15	79 44
15	84 18
15	83 18
15	85 18
15	79 36
15	84 19
15	83 19
15	85 19
15	79 40
15	84 20
15	83 20
15	85 20
15	79 48
15	84 1
15	83 1
15	85 1
15	79 35
15	84 2
15	83 2
15	85 2
15	79 43
15	84 3
15	83 3
15	85 3
15	79 40
15	84 4
15	83 4
15	85 4
15	79 43
15	84 5
15	83 5
15	85 5
15	79 41
15	84 6
15	83 6
15	85 6
15	79 46
15	84 7
15	83 7
15	85 7
15	79 46
15	84 8
15	83 8
15	85 8
15	79 47
15	84 9
15	83 9
15	85 9
15	79 48
15	84 10
15	83 10
15	85 10
15	79 52
15	84 11
15	83 11
15	85 11
15	79 47
15	84 12
15	84 13
15	83 13
15	85 13
15	79 44
15	84 14
15	83 14
15	85 14
15	79 44
15	84 15
15	83 15
15	85 15
15	79 39
15	84 16
15	83 16
15	85 16
15	79 45
15	84 17
15	83 17
15	85 17
15	79 45
15	84 18
15	83 18
15	85 18
15	79 45
15	84 19
15	83 19
15	85 19
15	79 47
15	84 20
15	83 20
15	85 20
15	79 43
15	84 1
15	83 1
15	85 1
15	79 44
15	84 2
15	83 2
15	85 2
15	79 45
15	84 3
15	83 3
15	85 3
15	79 49
15	84 4
15	83 4
15	85 4
15	79 50
15	84 5
15	83 5
15	85 5
15	79 44
15	84 6
15	83 6
15	85 6
15	79 44
15	84 7
15	83 7
15	85 7
15	79 42
15	84 8
15	83 8
15	85 8
15	79 42
15	84 9
15	83 9
15	85 9
15	79 41
15	84 10
15	83 10
15	85 10
15	79 43
15	84 11
15	83 11
15	85 11
15	79 38
15	84 12
15	83 12
15	85 12
15	79 42
15	84 13
15	83 13
15	85 13
15	79 38
15	84 14
15	83 14
15	85 14
15	79 47
15	84 15
15	84 16
15	83 16
15	85 16
15	79 37
15	84 17
15	83 17
15	85 17
15	79 45
15	84 18
15	83 18
15	85 18
15	79 44
15	84 19
15	83 19
15	85 19
15	79 47
15	84 20
15	83 20
15	85 20
15	79 46
15	84 1
15	83 1
15	85 1
15	79 35
15	84 2
15	83 2
15	85 2
15	79 44
15	84 3
15	83 3
15	85 3
15	79 43
15	84 4
15	83 4
15	85 4
15	79 47
15	84 5
15	84 6
15	83 6
15	85 6
15	79 46
15	84 7
15	83 7
15	85 7
15	79 51
15	84 8
15	83 8
15	85 8
15	79 44
15	84 9
15	83 9
15	85 9
15	79 45
15	84 10
15	83 10
15	85 10
15	79 43
15	84 11
15	83 11
15	85 11
15	79 45
15	84 12
15	83 12
15	85 12
15	79 48
15	84 13
15	83 13
15	85 13
15	79 43
15	84 14
15	83 14
15	85 14
15	79 46
15	84 15
15	83 15
15	85 15
15	79 46
15	84 16
15	83 16
15	85 16
15	79 42
15	84 17
15	83 17
15	85 17
15	79 42
15	84 18
15	83 18
15	85 18
15	79 44
15	84 19
15	83 19
15	85 19
15	79 44
15	84 20
15	83 20
15	85 20
15	79 44
15	84 1
15	83 1
15	85 1
15	79 41
15	84 2
15	83 2
15	85 2
15	79 46
15	84 3
15	83 3
15	85 3
15	79 40
15	84 4
15	83 4
15	85 4
15	79 41
15	84 5
15	84 6
15	83 6
15	85 6
15	79 44
15	84 7
15	83 7
15	85 7
15	79 41
15	84 8
15	83 8
15	85 8
15	79 42
15	84 9
15	83 9
15	85 9
15	79 44
15	84 10
15	83 10
15	85 10
15	79 45
15	84 11
15	83 11
15	85 11
15	79 42
15	84 12
15	83 12
15	85 12
15	79 45
15	84 13
15	83 13
15	85 13
15	79 45
15	84 14
15	83 14
15	85 14
15	79 38
15	84 15
15	83 15
15	85 15
15	79 41
15	84 16
15	83 16
15	85 16
15	79 47
15	84 17
15	83 17
15	85 17
15	79 41
15	84 18
15	83 18
15	85 18
15	79 47
15	84 19
15	83 19
15	85 19
15	79 50
15	84 20
15	83 20
15	85 20
15	79 39
15	84 1
15	83 1
15	85 1
15	79 44
15	84 2
15	83 2
15	85 2
15	79 42
15	84 3
15	83 3
15	85 3
15	79 42
15	84 4
15	83 4
15	85 4
15	79 40
15	84 5
15	83 5
15	85 5
15	79 39
15	84 6
15	83 6
15	85 6
15	79 45
15	84 7
15	83 7
15	85 7
15	79 39
15	84 8
15	83 8
15	85 8
15	79 44
15	84 9
15	83 9
15	85 9
15	79 41
15	84 10
15	83 10
15	85 10
15	79 43
15	84 11
15	83 11
15	85 11
15	79 46
15	84 12
15	83 12
15	85 12
15	79 47
15	84 13
15	83 13
15	85 13
15	79 46
15	84 14
15	83 14
15	85 14
15	79 48
15	84 15
15	83 15
15	85 15
15	79 44
15	84 16
15	83 16
15	85 16
15	79 39
15	84 17
15	83 17
15	85 17
15	79 46
15	84 18
15	83 18
15	85 18
15	79 37
15	84 19
15	83 19
15	85 19
15	79 48
15	84 20
15	83 20
15	85 20
15	79 41
15	84 1
15	83 1
15	85 1
15	79 49
15	84 2
15	83 2
15	85 2
15	79 45
15	84 3
15	83 3
15	85 3
15	79 45
15	84 4
15	83 4
15	85 4
15	79 44
15	84 5
15	83 5
15	85 5
15	79 41
15	84 6
15	83 6
15	85 6
15	79 40
15	84 7
15	83 7
15	85 7
15	79 44
15	84 8
15	83 8
15	85 8
15	79 44
15	84 9
15	84 10
15	83 10
15	85 10
15	79 44
15	84 11
15	83 11
15	85 11
15	79 45
15	84 12
15	83 12
15	85 12
15	79 40
15	84 13
15	83 13
15	85 13
15	79 41
15	84 14
15	83 14
15	85 14
15	79 41
15	84 15
15	83 15
15	85 15
15	79 45
15	84 16
15	83 16
15	85 16
15	79 51
15	84 17
15	83 17
15	85 17
15	79 45
15	84 18
15	83 18
15	85 18
15	79 45
15	84 19
15	83 19
15	85 19
15	79 46
15	84 20
15	83 20
15	85 20
15	79 44
15	84 1
15	83 1
15	85 1
15	79 48
15	84 2
15	83 2
15	85 2
15	79 41
15	84 3
15	83 3
15	85 3
15	79 51
15	84 4
15	83 4
15	85 4
15	79 42
15	84 5
15	83 5
15	85 5
15	79 47
15	84 6
15	83 6
15	85 6
15	79 40
15	84 7
15	83 7
15	85 7
15	79 54
15	84 8
15	83 8
15	85 8
15	79 46
15	84 9
15	83 9
15	85 9
15	79 41
15	84 10
15	83 10
15	85 10
15	79 46
15	84 11
15	83 11
15	85 11
15	79 37
15	84 12
15	83 12
15	85 12
15	79 41
15	84 13
15	83 13
15	85 13
15	79 42
15	84 14
15	83 14
15	85 14
15	79 39
15	84 15
15	83 15
15	85 15
15	79 36
15	84 16
15	83 16
15	85 16
15	79 44
15	84 17
15	83 17
15	85 17
15	79 48
15	84 18
15	83 18
15	85 18
15	79 38
15	84 19
15	83 19
15	85 19
15	79 47
15	84 20
15	83 20
15	85 20
15	79 41
15	84 1
15	83 1
15	85 1
15	79 42
15	84 2
15	83 2
15	85 2
15	79 34
15	84 3
15	83 3
15	85 3
15	79 51
15	84 4
15	83 4
15	85 4
15	79 39
15	84 5
15	83 5
15	85 5
15	79 54
15	84 6
15	83 6
15	85 6
15	79 44
15	84 7
15	83 7
15	85 7
15	79 45
15	84 8
15	83 8
15	85 8
15	79 40
15	84 9
15	83 9
15	85 9
15	79 38
15	84 10
15	83 10
15	85 10
15	79 40
15	84 11
15	83 11
15	85 11
15	79 43
15	84 12
15	83 12
15	85 12
15	79 43
15	84 13
15	83 13
15	85 13
15	79 39
15	84 14
15	83 14
15	85 14
15	79 46
15	84 15
15	83 15
15	85 15
15	79 43
15	84 16
15	83 16
15	85 16
15	79 44
15	84 17
15	83 17
15	85 17
15	79 41
15	84 18
15	83 18
15	85 18
15	79 40
15	84 19
15	83 19
15	85 19
15	79 42
15	84 20
15	83 20
15	85 20
15	79 43
15	84 1
15	83 1
15	85 1
15	79 48
15	84 2
15	83 2
15	85 2
15	79 50
15	84 3
15	83 3
15	85 3
15	79 45
15	84 4
15	83 4
15	85 4
15	79 43
15	84 5
15	83 5
15	85 5
15	79 45
15	84 6
15	83 6
15	85 6
15	79 49
15	84 7
15	83 7
15	85 7
15	79 43
15	84 8
15	83 8
15	85 8
15	79 47
15	84 9
15	83 9
15	85 9
15	79 42
15	84 10
15	83 10
15	85 10
15	79 39
15	84 11
15	83 11
15	85 11
15	79 41
15	84 12
15	83 12
15	85 12
15	79 43
15	84 13
15	83 13
15	85 13
15	79 48
15	84 14
15	84 15
15	83 15
15	85 15
15	79 48
15	84 16
15	83 16
15	85 16
15	79 41
15	84 17
15	83 17
15	85 17
15	79 40
15	84 18
15	83 18
15	85 18
15	79 49
15	84 19
15	83 19
15	85 19
15	79 44
15	84 20
15	83 20
15	85 20
15	79 41
15	84 1
15	83 1
15	85 1
15	79 41
15	84 2
15	83 2
15	85 2
15	79 47
15	84 3
15	83 3
15	85 3
15	79 48
15	84 4
15	83 4
15	85 4
15	79 45
15	84 5
15	83 5
15	85 5
15	79 43
15	84 6
15	83 6
15	85 6
15	79 47
15	84 7
15	83 7
15	85 7
15	79 50
15	84 8
15	83 8
15	85 8
15	79 47
15	84 9
15	83 9
15	85 9
15	79 41
15	84 10
15	83 10
15	85 10
15	79 41
15	84 11
15	83 11
15	85 11
15	79 50
15	84 12
15	83 12
15	85 12
15	79 45
15	84 13
15	83 13
15	85 13
15	79 43
15	84 14
15	83 14
15	85 14
15	79 47
15	84 15
15	83 15
15	85 15
15	79 41
15	84 16
15	83 16
15	85 16
15	79 41
15	84 17
15	83 17
15	85 17
15	79 46
15	84 18
15	83 18
15	85 18
15	79 38
15	84 19
15	83 19
15	85 19
15	79 45
15	84 20
15	83 20
15	85 20
15	79 42
15	84 1
15	83 1
15	85 1
15	79 43
15	84 2
15	83 2
15	85 2
15	79 46
15	84 3
15	83 3
15	85 3
15	79 45
15	84 4
15	83 4
15	85 4
15	79 43
15	84 5
15	83 5
15	85 5
15	79 40
15	84 6
15	83 6
15	85 6
15	79 42
15	84 7
15	83 7
15	85 7
15	79 47
15	84 8
15	83 8
15	85 8
15	79 44
15	84 9
15	83 9
15	85 9
15	79 39
15	84 10
15	TEST_NUMBER 6
15	SENT_TOTAL 250
15	RECEIVED_TOTAL 240
15	TIME_TOTAL 29802
15	RECEIVED_RADIO_1 121
15	RECEIVED_RADIO_2 120
15	SENT_RADIO_1 125
15	SENT_RADIO_2 125
15	RADIO_TIME_1 19763
15	RADIO_TIME_2 29842
15	RETRANSMISSIONS_1 0
15	RETRANSMISSIONS_2 0
15	DROPPED_1 0
15	DROPPED_2 0
15	MAX_QUEUE 1
15	DUPLICATED_1 0
15	DUPLICATED_2 0
15	EBUSY_RADIO_1 0
15	EBUSY_RADIO_2 0
15	83 0
15	85 10
15	86 6

17	RELAY_NODE 17
17	TEST_NUMBER 0
17	SENT_TOTAL 0
17	RECEIVED_TOTAL 0
17	TIME_TOTAL 0
17	RECEIVED_RADIO_1 123
17	RECEIVED_RADIO_2 121
17	SENT_RADIO_1 121
17	SENT_RADIO_2 123
17	RADIO_TIME_1 19793
17	RADIO_TIME_2 19793
17	RETRANSMISSIONS_1 0
17	RETRANSMISSIONS_2 0
17	DROPPED_1 0
17	DROPPED_2 0
17	MAX_QUEUE 1
17	DUPLICATED_1 0
17	DUPLICATED_2 0
17	EBUSY_RADIO_1 0
17	EBUSY_RADIO_2 0
17	TEST_NUMBER 1
17	SENT_TOTAL 0
17	RECEIVED_TOTAL 0
17	TIME_TOTAL 0
17	RECEIVED_RADIO_1 122
17	RECEIVED_RADIO_2 119
17	SENT_RADIO_1 119
17	SENT_RADIO_2 122
17	RADIO_TIME_1 19796
17	RADIO_TIME_2 19796
17	RETRANSMISSIONS_1 0
17	RETRANSMISSIONS_2 0
17	DROPPED_1 0
17	DROPPED_2 0
17	MAX_QUEUE 1
17	DUPLICATED_1 0
17	DUPLICATED_2 0
17	EBUSY_RADIO_1 0
17	EBUSY_RADIO_2 0
17	TEST_NUMBER 2
17	SENT_TOTAL 0
17	RECEIVED_TOTAL 0
17	TIME_TOTAL 0
17	RECEIVED_RADIO_1 123
17	RECEIVED_RADIO_2 123
17	SENT_RADIO_1 123
17	SENT_RADIO_2 123
17	RADIO_TIME_1 19766
17	RADIO_TIME_2 19766
17	RETRANSMISSIONS_1 0
17	RETRANSMISSIONS_2 0
17	DROPPED_1 0
17	DROPPED_2 0
17	MAX_QUEUE 1
17	DUPLICATED_1 0
17	DUPLICATED_2 0
17	EBUSY_RADIO_1 0
17	EBUSY_RADIO_2 0
17	TEST_NUMBER 3
17	SENT_TOTAL 0
17	RECEIVED_TOTAL 0
17	TIME_TOTAL 0
17	RECEIVED_RADIO_1 124
17	RECEIVED_RADIO_2 124
17	SENT_RADIO_1 124
17	SENT_RADIO_2 124
17	RADIO_TIME_1 19810
17	RADIO_TIME_2 19810
17	RETRANSMISSIONS_1 0
17	RETRANSMISSIONS_2 0
17	DROPPED_1 0
17	DROPPED_2 0
17	MAX_QUEUE 1
17	DUPLICATED_1 0
17	DUPLICATED_2 0
17	EBUSY_RADIO_1 0
17	EBUSY_RADIO_2 0
17	TEST_NUMBER 4
17	SENT_TOTAL 0
17	RECEIVED_TOTAL 0
17	TIME_TOTAL 0
17	RECEIVED_RADIO_1 116
17	RECEIVED_RADIO_2 106
17	SENT_RADIO_1 106
17	SENT_RADIO_2 116
17	RADIO_TIME_1 19840
17	RADIO_TIME_2 19840
17	RETRANSMISSIONS_1 0
17	RETRANSMISSIONS_2 0
17	DROPPED_1 0
17	DROPPED_2 0
17	MAX_QUEUE 1
17	DUPLICATED_1 0
17	DUPLICATED_2 0
17	EBUSY_RADIO_1 0
17	EBUSY_RADIO_2 0
17	TEST_NUMBER 5
17	SENT_TOTAL 0
17	RECEIVED_TOTAL 0
17	TIME_TOTAL 0
17	RECEIVED_RADIO_1 114
17	RECEIVED_RADIO_2 104
17	SENT_RADIO_1 104
17	SENT_RADIO_2 114
17	RADIO_TIME_1 19786
17	RADIO_TIME_2 19786
17	RETRANSMISSIONS_1 0
17	RETRANSMISSIONS_2 0
17	DROPPED_1 0
17	DROPPED_2 0
17	MAX_QUEUE 1
17	DUPLICATED_1 0
17	DUPLICATED_2 0
17	EBUSY_RADIO_1 0
17	EBUSY_RADIO_2 0
17	TEST_NUMBER 6
17	SENT_TOTAL 0
17	RECEIVED_TOTAL 0
17	TIME_TOTAL 0
17	RECEIVED_RADIO_1 124
17	RECEIVED_RADIO_2 124
17	SENT_RADIO_1 124
17	SENT_RADIO_2 124
17	RADIO_TIME_1 19765
17	RADIO_TIME_2 19766
17	RETRANSMISSIONS_1 0
17	RETRANSMISSIONS_2 0
17	DROPPED_1 0
17	DROPPED_2 0
17	MAX_QUEUE 1
17	DUPLICATED_1 0
17	DUPLICATED_2 0
17	EBUSY_RADIO_1 0
17	EBUSY_RADIO_2 0

18	DESTINATION_NODE 18
18	TEST_NUMBER 0
18	SENT_TOTAL 243
18	RECEIVED_TOTAL 243
18	TIME_TOTAL 19529
18	RECEIVED_RADIO_1 123
18	RECEIVED_RADIO_2 120
18	SENT_RADIO_1 122
18	SENT_RADIO_2 121
18	RADIO_TIME_1 19529
18	RADIO_TIME_2 19449
18	RETRANSMISSIONS_1 0
18	RETRANSMISSIONS_2 0
18	DROPPED_1 0
18	DROPPED_2 0
18	MAX_QUEUE 1
18	DUPLICATED_1 0
18	DUPLICATED_2 0
18	EBUSY_RADIO_1 0
18	EBUSY_RADIO_2 0
18	86 0
18	86 0
18	86 0
18	TEST_NUMBER 1
18	SENT_TOTAL 243
18	RECEIVED_TOTAL 240
18	TIME_TOTAL 29807
18	RECEIVED_RADIO_1 125
18	RECEIVED_RADIO_2 118
18	SENT_RADIO_1 121
18	SENT_RADIO_2 122
18	RADIO_TIME_1 29723
18	RADIO_TIME_2 29807
18	RETRANSMISSIONS_1 0
18	RETRANSMISSIONS_2 0
18	DROPPED_1 0
18	DROPPED_2 0
18	MAX_QUEUE 1
18	DUPLICATED_1 0
18	DUPLICATED_2 0
18	EBUSY_RADIO_1 0
18	EBUSY_RADIO_2 0
18	86 1
18	86 1
18	86 1
18	86 1
18	TEST_NUMBER 2
18	SENT_TOTAL 247
18	RECEIVED_TOTAL 243
18	TIME_TOTAL 29799
18	RECEIVED_RADIO_1 124
18	RECEIVED_RADIO_2 123
18	SENT_RADIO_1 123
18	SENT_RADIO_2 123
18	RADIO_TIME_1 29799
18	RADIO_TIME_2 29724
18	RETRANSMISSIONS_1 0
18	RETRANSMISSIONS_2 0
18	DROPPED_1 0
18	DROPPED_2 0
18	MAX_QUEUE 1
18	DUPLICATED_1 0
18	DUPLICATED_2 0
18	EBUSY_RADIO_1 0
18	EBUSY_RADIO_2 0
18	86 2
18	86 2
18	86 2
18	86 2
18	TEST_NUMBER 3
18	SENT_TOTAL 248
18	RECEIVED_TOTAL 244
18	TIME_TOTAL 29806
18	RECEIVED_RADIO_1 124
18	RECEIVED_RADIO_2 124
18	SENT_RADIO_1 124
18	SENT_RADIO_2 124
18	RADIO_TIME_1 29806
18	RADIO_TIME_2 29806
18	RETRANSMISSIONS_1 0
18	RETRANSMISSIONS_2 0
18	DROPPED_1 0
18	DROPPED_2 0
18	MAX_QUEUE 1
18	DUPLICATED_1 0
18	DUPLICATED_2 0
18	EBUSY_RADIO_1 0
18	EBUSY_RADIO_2 0
18	86 3
18	86 3
18	86 3
18	86 3
18	TEST_NUMBER 4
18	SENT_TOTAL 231
18	RECEIVED_TOTAL 227
18	TIME_TOTAL 29799
18	RECEIVED_RADIO_1 125
18	RECEIVED_RADIO_2 106
18	SENT_RADIO_1 116
18	SENT_RADIO_2 115
18	RADIO_TIME_1 29723
18	RADIO_TIME_2 29799
18	RETRANSMISSIONS_1 0
18	RETRANSMISSIONS_2 0
18	DROPPED_1 0
18	DROPPED_2 0
18	MAX_QUEUE 1
18	DUPLICATED_1 0
18	DUPLICATED_2 0
18	EBUSY_RADIO_1 0
18	EBUSY_RADIO_2 0
18	86 4
18	86 4
18	86 4
18	86 4
18	TEST_NUMBER 5
18	SENT_TOTAL 228
18	RECEIVED_TOTAL 224
18	TIME_TOTAL 29801
18	RECEIVED_RADIO_1 124
18	RECEIVED_RADIO_2 104
18	SENT_RADIO_1 114
18	SENT_RADIO_2 115
18	RADIO_TIME_1 29727
18	RADIO_TIME_2 29728
18	RETRANSMISSIONS_1 0
18	RETRANSMISSIONS_2 0
18	DROPPED_1 0
18	DROPPED_2 0
18	MAX_QUEUE 1
18	DUPLICATED_1 0
18	DUPLICATED_2 0
18	EBUSY_RADIO_1 0
18	EBUSY_RADIO_2 0
18	86 5
18	86 5
18	86 5
18	86 5
18	TEST_NUMBER 6
18	SENT_TOTAL 249
18	RECEIVED_TOTAL 245
18	TIME_TOTAL 29807
18	RECEIVED_RADIO_1 125
18	RECEIVED_RADIO_2 124
18	SENT_RADIO_1 124
18	SENT_RADIO_2 124
18	RADIO_TIME_1 29807
18	RADIO_TIME_2 29726
18	RETRANSMISSIONS_1 0
18	RETRANSMISSIONS_2 0
18	DROPPED_1 0
18	DROPPED_2 0
18	MAX_QUEUE 1
18	DUPLICATED_1 0
18	DUPLICATED_2 0
18	EBUSY_RADIO_1 0
18	EBUSY_RADIO_2 0
18	86 6
18	86 6
18	86 6
18	86 6

19	RELAY_NODE 19
19	TEST_NUMBER 0
19	SENT_TOTAL 0
19	RECEIVED_TOTAL 0
19	TIME_TOTAL 0
19	RECEIVED_RADIO_1 123
19	RECEIVED_RADIO_2 125
19	SENT_RADIO_1 125
19	SENT_RADIO_2 123
19	RADIO_TIME_1 19784
19	RADIO_TIME_2 19785
19	RETRANSMISSIONS_1 0
19	RETRANSMISSIONS_2 0
19	DROPPED_1 0
19	DROPPED_2 0
19	MAX_QUEUE 1
19	DUPLICATED_1 0
19	DUPLICATED_2 0
19	EBUSY_RADIO_1 0
19	EBUSY_RADIO_2 0
19	TEST_NUMBER 1
19	SENT_TOTAL 0
19	RECEIVED_TOTAL 0
19	TIME_TOTAL 0
19	RECEIVED_RADIO_1 122
19	RECEIVED_RADIO_2 125
19	SENT_RADIO_1 125
19	SENT_RADIO_2 122
19	RADIO_TIME_1 19776
19	RADIO_TIME_2 19776
19	RETRANSMISSIONS_1 0
19	RETRANSMISSIONS_2 0
19	DROPPED_1 0
19	DROPPED_2 0
19	MAX_QUEUE 1
19	DUPLICATED_1 0
19	DUPLICATED_2 0
19	EBUSY_RADIO_1 0
19	EBUSY_RADIO_2 0
19	TEST_NUMBER 2
19	SENT_TOTAL 0
19	RECEIVED_TOTAL 0
19	TIME_TOTAL 0
19	RECEIVED_RADIO_1 124
19	RECEIVED_RADIO_2 124
19	SENT_RADIO_1 124
19	SENT_RADIO_2 124
19	RADIO_TIME_1 19857
19	RADIO_TIME_2 19857
19	RETRANSMISSIONS_1 0
19	RETRANSMISSIONS_2 0
19	DROPPED_1 0
19	DROPPED_2 0
19	MAX_QUEUE 1
19	DUPLICATED_1 0
19	DUPLICATED_2 0
19	EBUSY_RADIO_1 0
19	EBUSY_RADIO_2 0
19	TEST_NUMBER 3
19	SENT_TOTAL 0
19	RECEIVED_TOTAL 0
19	TIME_TOTAL 0
19	RECEIVED_RADIO_1 124
19	RECEIVED_RADIO_2 124
19	SENT_RADIO_1 124
19	SENT_RADIO_2 124
19	RADIO_TIME_1 19859
19	RADIO_TIME_2 19859
19	RETRANSMISSIONS_1 0
19	RETRANSMISSIONS_2 0
19	DROPPED_1 0
19	DROPPED_2 0
19	MAX_QUEUE 1
19	DUPLICATED_1 0
19	DUPLICATED_2 0
19	EBUSY_RADIO_1 0
19	EBUSY_RADIO_2 0
19	TEST_NUMBER 4
19	SENT_TOTAL 0
19	RECEIVED_TOTAL 0
19	TIME_TOTAL 0
19	RECEIVED_RADIO_1 115
19	RECEIVED_RADIO_2 125
19	SENT_RADIO_1 125
19	SENT_RADIO_2 115
19	RADIO_TIME_1 19780
19	RADIO_TIME_2 19780
19	RETRANSMISSIONS_1 0
19	RETRANSMISSIONS_2 0
19	DROPPED_1 0
19	DROPPED_2 0
19	MAX_QUEUE 1
19	DUPLICATED_1 0
19	DUPLICATED_2 0
19	EBUSY_RADIO_1 0
19	EBUSY_RADIO_2 0
19	TEST_NUMBER 5
19	SENT_TOTAL 0
19	RECEIVED_TOTAL 0
19	TIME_TOTAL 0
19	RECEIVED_RADIO_1 114
19	RECEIVED_RADIO_2 124
19	SENT_RADIO_1 124
19	SENT_RADIO_2 114
19	RADIO_TIME_1 19777
19	RADIO_TIME_2 19777
19	RETRANSMISSIONS_1 0
19	RETRANSMISSIONS_2 0
19	DROPPED_1 0
19	DROPPED_2 0
19	MAX_QUEUE 1
19	DUPLICATED_1 0
19	DUPLICATED_2 0
19	EBUSY_RADIO_1 0
19	EBUSY_RADIO_2 0
19	TEST_NUMBER 6
19	SENT_TOTAL 0
19	RECEIVED_TOTAL 0
19	TIME_TOTAL 0
19	RECEIVED_RADIO_1 125
19	RECEIVED_RADIO_2 125
19	SENT_RADIO_1 125
19	SENT_RADIO_2 125
19	RADIO_TIME_1 19861
19	RADIO_TIME_2 19861
19	RETRANSMISSIONS_1 0
19	RETRANSMISSIONS_2 0
19	DROPPED_1 0
19	DROPPED_2 0
19	MAX_QUEUE 1
19	DUPLICATED_1 0
19	DUPLICATED_2 0
19	EBUSY_RADIO_1 0
19	EBUSY_RADIO_2 0

20	RELAY_NODE 20
20	TEST_NUMBER 0
20	SENT_TOTAL 0
20	RECEIVED_TOTAL 0
20	TIME_TOTAL 0
20	RECEIVED_RADIO_1 121
20	RECEIVED_RADIO_2 123
20	SENT_RADIO_1 123
20	SENT_RADIO_2 121
20	RADIO_TIME_1 19783
20	RADIO_TIME_2 19783
20	RETRANSMISSIONS_1 0
20	RETRANSMISSIONS_2 0
20	DROPPED_1 0
20	DROPPED_2 0
20	MAX_QUEUE 1
20	DUPLICATED_1 0
20	DUPLICATED_2 0
20	EBUSY_RADIO_1 0
20	EBUSY_RADIO_2 0
20	TEST_NUMBER 1
20	SENT_TOTAL 0
20	RECEIVED_TOTAL 0
20	TIME_TOTAL 0
20	RECEIVED_RADIO_1 119
20	RECEIVED_RADIO_2 122
20	SENT_RADIO_1 122
20	SENT_RADIO_2 119
20	RADIO_TIME_1 19783
20	RADIO_TIME_2 19783
20	RETRANSMISSIONS_1 0
20	RETRANSMISSIONS_2 0
20	DROPPED_1 0
20	DROPPED_2 0
20	MAX_QUEUE 1
20	DUPLICATED_1 0
20	DUPLICATED_2 0
20	EBUSY_RADIO_1 0
20	EBUSY_RADIO_2 0
20	TEST_NUMBER 2
20	SENT_TOTAL 0
20	RECEIVED_TOTAL 0
20	TIME_TOTAL 0
20	RECEIVED_RADIO_1 123
20	RECEIVED_RADIO_2 123
20	SENT_RADIO_1 123
20	SENT_RADIO_2 123
20	RADIO_TIME_1 19769
20	RADIO_TIME_2 19769
20	RETRANSMISSIONS_1 0
20	RETRANSMISSIONS_2 0
20	DROPPED_1 0
20	DROPPED_2 0
20	MAX_QUEUE 1
20	DUPLICATED_1 0
20	DUPLICATED_2 0
20	EBUSY_RADIO_1 0
20	EBUSY_RADIO_2 0
20	TEST_NUMBER 3
20	SENT_TOTAL 0
20	RECEIVED_TOTAL 0
20	TIME_TOTAL 0
20	RECEIVED_RADIO_1 124
20	RECEIVED_RADIO_2 124
20	SENT_RADIO_1 124
20	SENT_RADIO_2 124
20	RADIO_TIME_1 19827
20	RADIO_TIME_2 19827
20	RETRANSMISSIONS_1 0
20	RETRANSMISSIONS_2 0
20	DROPPED_1 0
20	DROPPED_2 0
20	MAX_QUEUE 1
20	DUPLICATED_1 0
20	DUPLICATED_2 0
20	EBUSY_RADIO_1 0
20	EBUSY_RADIO_2 0
20	TEST_NUMBER 4
20	SENT_TOTAL 0
20	RECEIVED_TOTAL 0
20	TIME_TOTAL 0
20	RECEIVED_RADIO_1 106
20	RECEIVED_RADIO_2 116
20	SENT_RADIO_1 116
20	SENT_RADIO_2 106
20	RADIO_TIME_1 19839
20	RADIO_TIME_2 19839
20	RETRANSMISSIONS_1 0
20	RETRANSMISSIONS_2 0
20	DROPPED_1 0
20	DROPPED_2 0
20	MAX_QUEUE 1
20	DUPLICATED_1 0
20	DUPLICATED_2 0
20	EBUSY_RADIO_1 0
20	EBUSY_RADIO_2 0
20	TEST_NUMBER 5
20	SENT_TOTAL 0
20	RECEIVED_TOTAL 0
20	TIME_TOTAL 0
20	RECEIVED_RADIO_1 104
20	RECEIVED_RADIO_2 114
20	SENT_RADIO_1 114
20	SENT_RADIO_2 104
20	RADIO_TIME_1 19774
20	RADIO_TIME_2 19774
20	RETRANSMISSIONS_1 0
20	RETRANSMISSIONS_2 0
20	DROPPED_1 0
20	DROPPED_2 0
20	MAX_QUEUE 1
20	DUPLICATED_1 0
20	DUPLICATED_2 0
20	EBUSY_RADIO_1 0
20	EBUSY_RADIO_2 0
20	TEST_NUMBER 6
20	SENT_TOTAL 0
20	RECEIVED_TOTAL 0
20	TIME_TOTAL 0
20	RECEIVED_RADIO_1 124
20	RECEIVED_RADIO_2 124
20	SENT_RADIO_1 124
20	SENT_RADIO_2 124
20	RADIO_TIME_1 19765
20	RADIO_TIME_2 19765
20	RETRANSMISSIONS_1 0
20	RETRANSMISSIONS_2 0
20	DROPPED_1 0
20	DROPPED_2 0
20	MAX_QUEUE 1
20	DUPLICATED_1 0
20	DUPLICATED_2 0
20	EBUSY_RADIO_1 0
20	EBUSY_RADIO_2 0
