
35	SOURCE_NODE 35
35	84 1
35	84 2
35	84 3
35	84 4
35	84 5
35	84 6
35	84 7
35	84 8
35	84 9
35	84 10
35	84 11
35	84 12
35	84 13
35	84 14
35	84 15
35	84 16
35	84 17
35	84 18
35	84 19
35	84 20
35	84 1
35	84 2
35	84 3
35	84 4
35	84 5
35	84 6
35	84 7
35	84 8
35	84 9
35	84 10
35	84 11
35	84 12
35	84 13
35	84 14
35	84 15
35	84 16
35	84 17
35	84 18
35	84 19
35	84 20
35	84 1
35	84 2
35	84 3
35	84 4
35	84 5
35	84 6
35	84 7
35	84 8
35	84 9
35	84 10
35	84 11
35	84 12
35	84 13
35	84 14
35	84 15
35	84 16
35	84 17
35	84 18
35	84 19
35	84 20
35	84 1
35	84 2
35	84 3
35	84 4
35	84 5
35	84 6
35	84 7
35	84 8
35	84 9
35	84 10
35	84 11
35	84 12
35	84 13
35	84 14
35	84 15
35	84 16
35	84 17
35	84 18
35	84 19
35	84 20
35	84 1
35	84 2
35	84 3
35	84 4
35	84 5
35	84 6
35	84 7
35	84 8
35	84 9
35	84 10
35	84 11
35	84 12
35	84 13
35	84 14
35	84 15
35	84 16
35	84 17
35	84 18
35	84 19
35	84 20
35	84 1
35	84 2
35	84 3
35	84 4
35	84 5
35	84 6
35	84 7
35	84 8
35	84 9
35	84 10
35	84 11
35	84 12
35	84 13
35	84 14
35	84 15
35	84 16
35	84 17
35	84 18
35	84 19
35	84 20
35	84 1
35	84 2
35	84 3
35	84 4
35	84 5
35	84 6
35	84 7
35	84 8
35	84 9
35	84 10
35	84 11
35	84 12
35	84 13
35	84 14
35	84 15
35	84 16
35	84 17
35	84 18
35	84 19
35	84 20
35	84 1
35	84 2
35	84 3
35	84 4
35	84 5
35	84 6
35	84 7
35	84 8
35	84 9
35	84 10
35	84 11
35	84 12
35	84 13
35	84 14
35	84 15
35	84 16
35	84 17
35	84 18
35	84 19
35	84 20
35	84 1
35	84 2
35	84 3
35	84 4
35	84 5
35	84 6
35	84 7
35	84 8
35	84 9
35	84 10
35	84 11
35	84 12
35	84 13
35	84 14
35	84 15
35	84 16
35	84 17
35	84 18
35	84 19
35	84 20
35	84 1
35	84 2
35	84 3
35	84 4
35	84 5
35	84 6
35	84 7
35	84 8
35	84 9
35	84 10
35	84 11
35	84 12
35	84 13
35	84 14
35	84 15
35	84 16
35	84 17
35	84 18
35	84 19
35	84 20
35	84 1
35	84 2
35	84 3
35	84 4
35	84 5
35	84 6
35	84 7
35	84 8
35	84 9
35	84 10
35	84 11
35	84 12
35	84 13
35	84 14
35	84 15
35	84 16
35	84 17
35	84 18
35	84 19
35	84 20
35	84 1
35	84 2
35	84 3
35	84 4
35	84 5
35	84 6
35	84 7
35	84 8
35	84 9
35	84 10
35	84 11
35	84 12
35	84 13
35	84 14
35	84 15
35	84 16
35	84 17
35	84 18
35	84 19
35	84 20
35	84 1
35	84 2
35	84 3
35	84 4
35	84 5
35	84 6
35	84 7
35	84 8
35	84 9
35	84 10
35	TEST_NUMBER 0
35	SENT_TOTAL 250
35	RECEIVED_TOTAL 0
35	TIME_TOTAL 0
35	RECEIVED_RADIO_1 0
35	RECEIVED_RADIO_2 0
35	SENT_RADIO_1 0
35	SENT_RADIO_2 0
35	RADIO_TIME_1 19780
35	RADIO_TIME_2 19763
35	RETRANSMISSIONS_1 1237
35	RETRANSMISSIONS_2 1229
35	DROPPED_1 124
35	DROPPED_2 123
35	MAX_QUEUE 2
35	DUPLICATED_1 0
35	DUPLICATED_2 0
35	EBUSY_RADIO_1 0
35	EBUSY_RADIO_2 0
35	84 1
35	84 2
35	84 3
35	84 4
35	84 5
35	84 6
35	84 7
35	84 8
35	84 9
35	84 10
35	84 11
35	84 12
35	84 13
35	84 14
35	84 15
35	84 16
35	84 17
35	84 18
35	84 19
35	84 20
35	84 1
35	84 2
35	84 3
35	84 4
35	84 5
35	84 6
35	84 7
35	84 8
35	84 9
35	84 10
35	84 11
35	84 12
35	84 13
35	84 14
35	84 15
35	84 16
35	84 17
35	84 18
35	84 19
35	84 20
35	84 1
35	84 2
35	84 3
35	84 4
35	84 5
35	84 6
35	84 7
35	84 8
35	84 9
35	84 10
35	84 11
35	84 12
35	84 13
35	84 14
35	84 15
35	84 16
35	84 17
35	84 18
35	84 19
35	84 20
35	84 1
35	84 2
35	84 3
35	84 4
35	84 5
35	84 6
35	84 7
35	84 8
35	84 9
35	84 10
35	84 11
35	84 12
35	84 13
35	84 14
35	84 15
35	84 16
35	84 17
35	84 18
35	84 19
35	84 20
35	84 1
35	84 2
35	84 3
35	84 4
35	84 5
35	84 6
35	84 7
35	84 8
35	84 9
35	84 10
35	84 11
35	84 12
35	84 13
35	84 14
35	84 15
35	84 16
35	84 17
35	84 18
35	84 19
35	84 20
35	84 1
35	84 2
35	84 3
35	84 4
35	84 5
35	84 6
35	84 7
35	84 8
35	84 9
35	84 10
35	84 11
35	84 12
35	84 13
35	84 14
35	84 15
35	84 16
35	84 17
35	84 18
35	84 19
35	84 20
35	84 1
35	84 2
35	84 3
35	84 4
35	84 5
35	84 6
35	84 7
35	84 8
35	84 9
35	84 10
35	84 11
35	84 12
35	84 13
35	84 14
35	84 15
35	84 16
35	84 17
35	84 18
35	84 19
35	84 20
35	84 1
35	84 2
35	84 3
35	84 4
35	84 5
35	84 6
35	84 7
35	84 8
35	84 9
35	84 10
35	84 11
35	84 12
35	84 13
35	84 14
35	84 15
35	84 16
35	84 17
35	84 18
35	84 19
35	84 20
35	84 1
35	84 2
35	84 3
35	84 4
35	84 5
35	84 6
35	84 7
35	84 8
35	84 9
35	84 10
35	84 11
35	84 12
35	84 13
35	84 14
35	84 15
35	84 16
35	84 17
35	84 18
35	84 19
35	84 20
35	84 1
35	84 2
35	84 3
35	84 4
35	84 5
35	84 6
35	84 7
35	84 8
35	84 9
35	84 10
35	84 11
35	84 12
35	84 13
35	84 14
35	84 15
35	84 16
35	84 17
35	84 18
35	84 19
35	84 20
35	84 1
35	84 2
35	84 3
35	84 4
35	84 5
35	84 6
35	84 7
35	84 8
35	84 9
35	84 10
35	84 11
35	84 12
35	84 13
35	84 14
35	84 15
35	84 16
35	84 17
35	84 18
35	84 19
35	84 20
35	84 1
35	84 2
35	84 3
35	84 4
35	84 5
35	84 6
35	84 7
35	84 8
35	84 9
35	84 10
35	84 11
35	84 12
35	84 13
35	84 14
35	84 15
35	84 16
35	84 17
35	84 18
35	84 19
35	84 20
35	84 1
35	84 2
35	84 3
35	84 4
35	84 5
35	84 6
35	84 7
35	84 8
35	84 9
35	84 10
35	TEST_NUMBER 1
35	SENT_TOTAL 250
35	RECEIVED_TOTAL 0
35	TIME_TOTAL 0
35	RECEIVED_RADIO_1 0
35	RECEIVED_RADIO_2 0
35	SENT_RADIO_1 0
35	SENT_RADIO_2 0
35	RADIO_TIME_1 29862
35	RADIO_TIME_2 29870
35	RETRANSMISSIONS_1 1246
35	RETRANSMISSIONS_2 1251
35	DROPPED_1 125
35	DROPPED_2 125
35	MAX_QUEUE 2
35	DUPLICATED_1 0
35	DUPLICATED_2 0
35	EBUSY_RADIO_1 0
35	EBUSY_RADIO_2 0
35	84 1
35	84 2
35	84 3
35	84 4
35	84 5
35	84 6
35	84 7
35	84 8
35	84 9
35	84 10
35	84 11
35	84 12
35	84 13
35	84 14
35	84 15
35	84 16
35	84 17
35	84 18
35	84 19
35	84 20
35	84 1
35	84 2
35	84 3
35	84 4
35	84 5
35	84 6
35	84 7
35	84 8
35	84 9
35	84 10
35	84 11
35	84 12
35	84 13
35	84 14
35	84 15
35	84 16
35	84 17
35	84 18
35	84 19
35	84 20
35	84 1
35	84 2
35	84 3
35	84 4
35	84 5
35	84 6
35	84 7
35	84 8
35	84 9
35	84 10
35	84 11
35	84 12
35	84 13
35	84 14
35	84 15
35	84 16
35	84 17
35	84 18
35	84 19
35	84 20
35	84 1
35	84 2
35	84 3
35	84 4
35	84 5
35	84 6
35	84 7
35	84 8
35	84 9
35	84 10
35	84 11
35	84 12
35	84 13
35	84 14
35	84 15
35	84 16
35	84 17
35	84 18
35	84 19
35	84 20
35	84 1
35	84 2
35	84 3
35	84 4
35	84 5
35	84 6
35	84 7
35	84 8
35	84 9
35	84 10
35	84 11
35	84 12
35	84 13
35	84 14
35	84 15
35	84 16
35	84 17
35	84 18
35	84 19
35	84 20
35	84 1
35	84 2
35	84 3
35	84 4
35	84 5
35	84 6
35	84 7
35	84 8
35	84 9
35	84 10
35	84 11
35	84 12
35	84 13
35	84 14
35	84 15
35	84 16
35	84 17
35	84 18
35	84 19
35	84 20
35	84 1
35	84 2
35	84 3
35	84 4
35	84 5
35	84 6
35	84 7
35	84 8
35	84 9
35	84 10
35	84 11
35	84 12
35	84 13
35	84 14
35	84 15
35	84 16
35	84 17
35	84 18
35	84 19
35	84 20
35	84 1
35	84 2
35	84 3
35	84 4
35	84 5
35	84 6
35	84 7
35	84 8
35	84 9
35	84 10
35	84 11
35	84 12
35	84 13
35	84 14
35	84 15
35	84 16
35	84 17
35	84 18
35	84 19
35	84 20
35	84 1
35	84 2
35	84 3
35	84 4
35	84 5
35	84 6
35	84 7
35	84 8
35	84 9
35	84 10
35	84 11
35	84 12
35	84 13
35	84 14
35	84 15
35	84 16
35	84 17
35	84 18
35	84 19
35	84 20
35	84 1
35	84 2
35	84 3
35	84 4
35	84 5
35	84 6
35	84 7
35	84 8
35	84 9
35	84 10
35	84 11
35	84 12
35	84 13
35	84 14
35	84 15
35	84 16
35	84 17
35	84 18
35	84 19
35	84 20
35	84 1
35	84 2
35	84 3
35	84 4
35	84 5
35	84 6
35	84 7
35	84 8
35	84 9
35	84 10
35	84 11
35	84 12
35	84 13
35	84 14
35	84 15
35	84 16
35	84 17
35	84 18
35	84 19
35	84 20
35	84 1
35	84 2
35	84 3
35	84 4
35	84 5
35	84 6
35	84 7
35	84 8
35	84 9
35	84 10
35	84 11
35	84 12
35	84 13
35	84 14
35	84 15
35	84 16
35	84 17
35	84 18
35	84 19
35	84 20
35	84 1
35	84 2
35	84 3
35	84 4
35	84 5
35	84 6
35	84 7
35	84 8
35	84 9
35	84 10
35	TEST_NUMBER 2
35	SENT_TOTAL 250
35	RECEIVED_TOTAL 0
35	TIME_TOTAL 0
35	RECEIVED_RADIO_1 0
35	RECEIVED_RADIO_2 0
35	SENT_RADIO_1 0
35	SENT_RADIO_2 0
35	RADIO_TIME_1 29882
35	RADIO_TIME_2 29872
35	RETRANSMISSIONS_1 1245
35	RETRANSMISSIONS_2 1246
35	DROPPED_1 125
35	DROPPED_2 125
35	MAX_QUEUE 2
35	DUPLICATED_1 0
35	DUPLICATED_2 0
35	EBUSY_RADIO_1 0
35	EBUSY_RADIO_2 0
35	84 1
35	84 2
35	84 3
35	84 4
35	84 5
35	84 6
35	84 7
35	84 8
35	84 9
35	84 10
35	84 11
35	84 12
35	84 13
35	84 14
35	84 15
35	84 16
35	84 17
35	84 18
35	84 19
35	84 20
35	84 1
35	84 2
35	84 3
35	84 4
35	84 5
35	84 6
35	84 7
35	84 8
35	84 9
35	84 10
35	84 11
35	84 12
35	84 13
35	84 14
35	84 15
35	84 16
35	84 17
35	84 18
35	84 19
35	84 20
35	84 1
35	84 2
35	84 3
35	84 4
35	84 5
35	84 6
35	84 7
35	84 8
35	84 9
35	84 10
35	84 11
35	84 12
35	84 13
35	84 14
35	84 15
35	84 16
35	84 17
35	84 18
35	84 19
35	84 20
35	84 1
35	84 2
35	84 3
35	84 4
35	84 5
35	84 6
35	84 7
35	84 8
35	84 9
35	84 10
35	84 11
35	84 12
35	84 13
35	84 14
35	84 15
35	84 16
35	84 17
35	84 18
35	84 19
35	84 20
35	84 1
35	84 2
35	84 3
35	84 4
35	84 5
35	84 6
35	84 7
35	84 8
35	84 9
35	84 10
35	84 11
35	84 12
35	84 13
35	84 14
35	84 15
35	84 16
35	84 17
35	84 18
35	84 19
35	84 20
35	84 1
35	84 2
35	84 3
35	84 4
35	84 5
35	84 6
35	84 7
35	84 8
35	84 9
35	84 10
35	84 11
35	84 12
35	84 13
35	84 14
35	84 15
35	84 16
35	84 17
35	84 18
35	84 19
35	84 20
35	84 1
35	84 2
35	84 3
35	84 4
35	84 5
35	84 6
35	84 7
35	84 8
35	84 9
35	84 10
35	84 11
35	84 12
35	84 13
35	84 14
35	84 15
35	84 16
35	84 17
35	84 18
35	84 19
35	84 20
35	84 1
35	84 2
35	84 3
35	84 4
35	84 5
35	84 6
35	84 7
35	84 8
35	84 9
35	84 10
35	84 11
35	84 12
35	84 13
35	84 14
35	84 15
35	84 16
35	84 17
35	84 18
35	84 19
35	84 20
35	84 1
35	84 2
35	84 3
35	84 4
35	84 5
35	84 6
35	84 7
35	84 8
35	84 9
35	84 10
35	84 11
35	84 12
35	84 13
35	84 14
35	84 15
35	84 16
35	84 17
35	84 18
35	84 19
35	84 20
35	84 1
35	84 2
35	84 3
35	84 4
35	84 5
35	84 6
35	84 7
35	84 8
35	84 9
35	84 10
35	84 11
35	84 12
35	84 13
35	84 14
35	84 15
35	84 16
35	84 17
35	84 18
35	84 19
35	84 20
35	84 1
35	84 2
35	84 3
35	84 4
35	84 5
35	84 6
35	84 7
35	84 8
35	84 9
35	84 10
35	84 11
35	84 12
35	84 13
35	84 14
35	84 15
35	84 16
35	84 17
35	84 18
35	84 19
35	84 20
35	84 1
35	84 2
35	84 3
35	84 4
35	84 5
35	84 6
35	84 7
35	84 8
35	84 9
35	84 10
35	84 11
35	84 12
35	84 13
35	84 14
35	84 15
35	84 16
35	84 17
35	84 18
35	84 19
35	84 20
35	84 1
35	84 2
35	84 3
35	84 4
35	84 5
35	84 6
35	84 7
35	84 8
35	84 9
35	84 10
35	TEST_NUMBER 3
35	SENT_TOTAL 250
35	RECEIVED_TOTAL 0
35	TIME_TOTAL 0
35	RECEIVED_RADIO_1 0
35	RECEIVED_RADIO_2 0
35	SENT_RADIO_1 0
35	SENT_RADIO_2 0
35	RADIO_TIME_1 29876
35	RADIO_TIME_2 29872
35	RETRANSMISSIONS_1 1246
35	RETRANSMISSIONS_2 1246
35	DROPPED_1 125
35	DROPPED_2 125
35	MAX_QUEUE 2
35	DUPLICATED_1 0
35	DUPLICATED_2 0
35	EBUSY_RADIO_1 0
35	EBUSY_RADIO_2 0
35	84 1
35	84 2
35	84 3
35	84 4
35	84 5
35	84 6
35	84 7
35	84 8
35	84 9
35	84 10
35	84 11
35	84 12
35	84 13
35	84 14
35	84 15
35	84 16
35	84 17
35	84 18
35	84 19
35	84 20
35	84 1
35	84 2
35	84 3
35	84 4
35	84 5
35	84 6
35	84 7
35	84 8
35	84 9
35	84 10
35	84 11
35	84 12
35	84 13
35	84 14
35	84 15
35	84 16
35	84 17
35	84 18
35	84 19
35	84 20
35	84 1
35	84 2
35	84 3
35	84 4
35	84 5
35	84 6
35	84 7
35	84 8
35	84 9
35	84 10
35	84 11
35	84 12
35	84 13
35	84 14
35	84 15
35	84 16
35	84 17
35	84 18
35	84 19
35	84 20
35	84 1
35	84 2
35	84 3
35	84 4
35	84 5
35	84 6
35	84 7
35	84 8
35	84 9
35	84 10
35	84 11
35	84 12
35	84 13
35	84 14
35	84 15
35	84 16
35	84 17
35	84 18
35	84 19
35	84 20
35	84 1
35	84 2
35	84 3
35	84 4
35	84 5
35	84 6
35	84 7
35	84 8
35	84 9
35	84 10
35	84 11
35	84 12
35	84 13
35	84 14
35	84 15
35	84 16
35	84 17
35	84 18
35	84 19
35	84 20
35	84 1
35	84 2
35	84 3
35	84 4
35	84 5
35	84 6
35	84 7
35	84 8
35	84 9
35	84 10
35	84 11
35	84 12
35	84 13
35	84 14
35	84 15
35	84 16
35	84 17
35	84 18
35	84 19
35	84 20
35	84 1
35	84 2
35	84 3
35	84 4
35	84 5
35	84 6
35	84 7
35	84 8
35	84 9
35	84 10
35	84 11
35	84 12
35	84 13
35	84 14
35	84 15
35	84 16
35	84 17
35	84 18
35	84 19
35	84 20
35	84 1
35	84 2
35	84 3
35	84 4
35	84 5
35	84 6
35	84 7
35	84 8
35	84 9
35	84 10
35	84 11
35	84 12
35	84 13
35	84 14
35	84 15
35	84 16
35	84 17
35	84 18
35	84 19
35	84 20
35	84 1
35	84 2
35	84 3
35	84 4
35	84 5
35	84 6
35	84 7
35	84 8
35	84 9
35	84 10
35	84 11
35	84 12
35	84 13
35	84 14
35	84 15
35	84 16
35	84 17
35	84 18
35	84 19
35	84 20
35	84 1
35	84 2
35	84 3
35	84 4
35	84 5
35	84 6
35	84 7
35	84 8
35	84 9
35	84 10
35	84 11
35	84 12
35	84 13
35	84 14
35	84 15
35	84 16
35	84 17
35	84 18
35	84 19
35	84 20
35	84 1
35	84 2
35	84 3
35	84 4
35	84 5
35	84 6
35	84 7
35	84 8
35	84 9
35	84 10
35	84 11
35	84 12
35	84 13
35	84 14
35	84 15
35	84 16
35	84 17
35	84 18
35	84 19
35	84 20
35	84 1
35	84 2
35	84 3
35	84 4
35	84 5
35	84 6
35	84 7
35	84 8
35	84 9
35	84 10
35	84 11
35	84 12
35	84 13
35	84 14
35	84 15
35	84 16
35	84 17
35	84 18
35	84 19
35	84 20
35	84 1
35	84 2
35	84 3
35	84 4
35	84 5
35	84 6
35	84 7
35	84 8
35	84 9
35	84 10
35	TEST_NUMBER 4
35	SENT_TOTAL 250
35	RECEIVED_TOTAL 0
35	TIME_TOTAL 0
35	RECEIVED_RADIO_1 0
35	RECEIVED_RADIO_2 0
35	SENT_RADIO_1 0
35	SENT_RADIO_2 0
35	RADIO_TIME_1 29875
35	RADIO_TIME_2 29874
35	RETRANSMISSIONS_1 1246
35	RETRANSMISSIONS_2 1247
35	DROPPED_1 125
35	DROPPED_2 125
35	MAX_QUEUE 2
35	DUPLICATED_1 0
35	DUPLICATED_2 0
35	EBUSY_RADIO_1 0
35	EBUSY_RADIO_2 0
35	84 1
35	84 2
35	84 3
35	84 4
35	84 5
35	84 6
35	84 7
35	84 8
35	84 9
35	84 10
35	84 11
35	84 12
35	84 13
35	84 14
35	84 15
35	84 16
35	84 17
35	84 18
35	84 19
35	84 20
35	84 1
35	84 2
35	84 3
35	84 4
35	84 5
35	84 6
35	84 7
35	84 8
35	84 9
35	84 10
35	84 11
35	84 12
35	84 13
35	84 14
35	84 15
35	84 16
35	84 17
35	84 18
35	84 19
35	84 20
35	84 1
35	84 2
35	84 3
35	84 4
35	84 5
35	84 6
35	84 7
35	84 8
35	84 9
35	84 10
35	84 11
35	84 12
35	84 13
35	84 14
35	84 15
35	84 16
35	84 17
35	84 18
35	84 19
35	84 20
35	84 1
35	84 2
35	84 3
35	84 4
35	84 5
35	84 6
35	84 7
35	84 8
35	84 9
35	84 10
35	84 11
35	84 12
35	84 13
35	84 14
35	84 15
35	84 16
35	84 17
35	84 18
35	84 19
35	84 20
35	84 1
35	84 2
35	84 3
35	84 4
35	84 5
35	84 6
35	84 7
35	84 8
35	84 9
35	84 10
35	84 11
35	84 12
35	84 13
35	84 14
35	84 15
35	84 16
35	84 17
35	84 18
35	84 19
35	84 20
35	84 1
35	84 2
35	84 3
35	84 4
35	84 5
35	84 6
35	84 7
35	84 8
35	84 9
35	84 10
35	84 11
35	84 12
35	84 13
35	84 14
35	84 15
35	84 16
35	84 17
35	84 18
35	84 19
35	84 20
35	84 1
35	84 2
35	84 3
35	84 4
35	84 5
35	84 6
35	84 7
35	84 8
35	84 9
35	84 10
35	84 11
35	84 12
35	84 13
35	84 14
35	84 15
35	84 16
35	84 17
35	84 18
35	84 19
35	84 20
35	84 1
35	84 2
35	84 3
35	84 4
35	84 5
35	84 6
35	84 7
35	84 8
35	84 9
35	84 10
35	84 11
35	84 12
35	84 13
35	84 14
35	84 15
35	84 16
35	84 17
35	84 18
35	84 19
35	84 20
35	84 1
35	84 2
35	84 3
35	84 4
35	84 5
35	84 6
35	84 7
35	84 8
35	84 9
35	84 10
35	84 11
35	84 12
35	84 13
35	84 14
35	84 15
35	84 16
35	84 17
35	84 18
35	84 19
35	84 20
35	84 1
35	84 2
35	84 3
35	84 4
35	84 5
35	84 6
35	84 7
35	84 8
35	84 9
35	84 10
35	84 11
35	84 12
35	84 13
35	84 14
35	84 15
35	84 16
35	84 17
35	84 18
35	84 19
35	84 20
35	84 1
35	84 2
35	84 3
35	84 4
35	84 5
35	84 6
35	84 7
35	84 8
35	84 9
35	84 10
35	84 11
35	84 12
35	84 13
35	84 14
35	84 15
35	84 16
35	84 17
35	84 18
35	84 19
35	84 20
35	84 1
35	84 2
35	84 3
35	84 4
35	84 5
35	84 6
35	84 7
35	84 8
35	84 9
35	84 10
35	84 11
35	84 12
35	84 13
35	84 14
35	84 15
35	84 16
35	84 17
35	84 18
35	84 19
35	84 20
35	84 1
35	84 2
35	84 3
35	84 4
35	84 5
35	84 6
35	84 7
35	84 8
35	84 9
35	84 10
35	TEST_NUMBER 5
35	SENT_TOTAL 250
35	RECEIVED_TOTAL 0
35	TIME_TOTAL 0
35	RECEIVED_RADIO_1 0
35	RECEIVED_RADIO_2 0
35	SENT_RADIO_1 0
35	SENT_RADIO_2 0
35	RADIO_TIME_1 29868
35	RADIO_TIME_2 29875
35	RETRANSMISSIONS_1 1247
35	RETRANSMISSIONS_2 1246
35	DROPPED_1 125
35	DROPPED_2 125
35	MAX_QUEUE 2
35	DUPLICATED_1 0
35	DUPLICATED_2 0
35	EBUSY_RADIO_1 0
35	EBUSY_RADIO_2 0
35	84 1
35	84 2
35	84 3
35	84 4
35	84 5
35	84 6
35	84 7
35	84 8
35	84 9
35	84 10
35	84 11
35	84 12
35	84 13
35	84 14
35	84 15
35	84 16
35	84 17
35	84 18
35	84 19
35	84 20
35	84 1
35	84 2
35	84 3
35	84 4
35	84 5
35	84 6
35	84 7
35	84 8
35	84 9
35	84 10
35	84 11
35	84 12
35	84 13
35	84 14
35	84 15
35	84 16
35	84 17
35	84 18
35	84 19
35	84 20
35	84 1
35	84 2
35	84 3
35	84 4
35	84 5
35	84 6
35	84 7
35	84 8
35	84 9
35	84 10
35	84 11
35	84 12
35	84 13
35	84 14
35	84 15
35	84 16
35	84 17
35	84 18
35	84 19
35	84 20
35	84 1
35	84 2
35	84 3
35	84 4
35	84 5
35	84 6
35	84 7
35	84 8
35	84 9
35	84 10
35	84 11
35	84 12
35	84 13
35	84 14
35	84 15
35	84 16
35	84 17
35	84 18
35	84 19
35	84 20
35	84 1
35	84 2
35	84 3
35	84 4
35	84 5
35	84 6
35	84 7
35	84 8
35	84 9
35	84 10
35	84 11
35	84 12
35	84 13
35	84 14
35	84 15
35	84 16
35	84 17
35	84 18
35	84 19
35	84 20
35	84 1
35	84 2
35	84 3
35	84 4
35	84 5
35	84 6
35	84 7
35	84 8
35	84 9
35	84 10
35	84 11
35	84 12
35	84 13
35	84 14
35	84 15
35	84 16
35	84 17
35	84 18
35	84 19
35	84 20
35	84 1
35	84 2
35	84 3
35	84 4
35	84 5
35	84 6
35	84 7
35	84 8
35	84 9
35	84 10
35	84 11
35	84 12
35	84 13
35	84 14
35	84 15
35	84 16
35	84 17
35	84 18
35	84 19
35	84 20
35	84 1
35	84 2
35	84 3
35	84 4
35	84 5
35	84 6
35	84 7
35	84 8
35	84 9
35	84 10
35	84 11
35	84 12
35	84 13
35	84 14
35	84 15
35	84 16
35	84 17
35	84 18
35	84 19
35	84 20
35	84 1
35	84 2
35	84 3
35	84 4
35	84 5
35	84 6
35	84 7
35	84 8
35	84 9
35	84 10
35	84 11
35	84 12
35	84 13
35	84 14
35	84 15
35	84 16
35	84 17
35	84 18
35	84 19
35	84 20
35	84 1
35	84 2
35	84 3
35	84 4
35	84 5
35	84 6
35	84 7
35	84 8
35	84 9
35	84 10
35	84 11
35	84 12
35	84 13
35	84 14
35	84 15
35	84 16
35	84 17
35	84 18
35	84 19
35	84 20
35	84 1
35	84 2
35	84 3
35	84 4
35	84 5
35	84 6
35	84 7
35	84 8
35	84 9
35	84 10
35	84 11
35	84 12
35	84 13
35	84 14
35	84 15
35	84 16
35	84 17
35	84 18
35	84 19
35	84 20
35	84 1
35	84 2
35	84 3
35	84 4
35	84 5
35	84 6
35	84 7
35	84 8
35	84 9
35	84 10
35	84 11
35	84 12
35	84 13
35	84 14
35	84 15
35	84 16
35	84 17
35	84 18
35	84 19
35	84 20
35	84 1
35	84 2
35	84 3
35	84 4
35	84 5
35	84 6
35	84 7
35	84 8
35	84 9
35	84 10
35	TEST_NUMBER 6
35	SENT_TOTAL 250
35	RECEIVED_TOTAL 0
35	TIME_TOTAL 0
35	RECEIVED_RADIO_1 0
35	RECEIVED_RADIO_2 0
35	SENT_RADIO_1 0
35	SENT_RADIO_2 0
35	RADIO_TIME_1 29867
35	RADIO_TIME_2 29875
35	RETRANSMISSIONS_1 1246
35	RETRANSMISSIONS_2 1245
35	DROPPED_1 125
35	DROPPED_2 125
35	MAX_QUEUE 2
35	DUPLICATED_1 0
35	DUPLICATED_2 0
35	EBUSY_RADIO_1 0
35	EBUSY_RADIO_2 0
