
13	DESTINATION_NODE 13
13	TEST_NUMBER 0
13	SENT_TOTAL 152
13	RECEIVED_TOTAL 152
13	TIME_TOTAL 17214
13	RECEIVED_RADIO_1 0
13	RECEIVED_RADIO_2 152
13	SENT_RADIO_1 73
13	SENT_RADIO_2 79
13	RADIO_TIME_1 17072
13	RADIO_TIME_2 17214
13	RETRANSMISSIONS_1 7
13	RETRANSMISSIONS_2 1
13	DROPPED_1 0
13	DROPPED_2 0
13	MAX_QUEUE 2
13	DUPLICATED_1 0
13	DUPLICATED_2 3
13	EBUSY_RADIO_1 0
13	EBUSY_RADIO_2 0
13	86 0
13	86 0
13	86 0
13	86 0
13	86 0
13	86 0
13	86 0
13	86 0
13	86 0
13	86 0
13	86 0
13	86 0
13	86 0
13	86 0
13	86 0
13	86 0
13	86 0
13	86 0
13	86 0
13	86 0
13	86 0
13	86 0
13	86 0
13	TEST_NUMBER 1
13	SENT_TOTAL 175
13	RECEIVED_TOTAL 152
13	TIME_TOTAL 29707
13	RECEIVED_RADIO_1 0
13	RECEIVED_RADIO_2 175
13	SENT_RADIO_1 85
13	SENT_RADIO_2 90
13	RADIO_TIME_1 29604
13	RADIO_TIME_2 29707
13	RETRANSMISSIONS_1 5
13	RETRANSMISSIONS_2 0
13	DROPPED_1 0
13	DROPPED_2 0
13	MAX_QUEUE 1
13	DUPLICATED_1 0
13	DUPLICATED_2 2
13	EBUSY_RADIO_1 0
13	EBUSY_RADIO_2 0
13	86 1
13	86 1
13	86 1
13	86 1
13	86 1
13	86 1
13	86 1
13	86 1
13	86 1
13	86 1
13	86 1
13	86 1
13	86 1
13	86 1
13	86 1
13	86 1
13	86 1
13	86 1
13	86 1
13	86 1
13	86 1
13	86 1
13	86 1
13	TEST_NUMBER 2
13	SENT_TOTAL 174
13	RECEIVED_TOTAL 151
13	TIME_TOTAL 29732
13	RECEIVED_RADIO_1 0
13	RECEIVED_RADIO_2 174
13	SENT_RADIO_1 84
13	SENT_RADIO_2 90
13	RADIO_TIME_1 29657
13	RADIO_TIME_2 29732
13	RETRANSMISSIONS_1 7
13	RETRANSMISSIONS_2 1
13	DROPPED_1 0
13	DROPPED_2 0
13	MAX_QUEUE 2
13	DUPLICATED_1 0
13	DUPLICATED_2 2
13	EBUSY_RADIO_1 0
13	EBUSY_RADIO_2 0
13	86 2
13	86 2
13	86 2
13	86 2
13	86 2
13	86 2
13	86 2
13	86 2
13	86 2
13	86 2
13	86 2
13	86 2
13	86 2
13	86 2
13	86 2
13	86 2
13	86 2
13	86 2
13	86 2
13	86 2
13	86 2
13	86 2
13	TEST_NUMBER 3
13	SENT_TOTAL 167
13	RECEIVED_TOTAL 145
13	TIME_TOTAL 29751
13	RECEIVED_RADIO_1 0
13	RECEIVED_RADIO_2 167
13	SENT_RADIO_1 82
13	SENT_RADIO_2 85
13	RADIO_TIME_1 29751
13	RADIO_TIME_2 29751
13	RETRANSMISSIONS_1 4
13	RETRANSMISSIONS_2 0
13	DROPPED_1 0
13	DROPPED_2 0
13	MAX_QUEUE 1
13	DUPLICATED_1 0
13	DUPLICATED_2 0
13	EBUSY_RADIO_1 0
13	EBUSY_RADIO_2 0
13	86 3
13	86 3
13	86 3
13	86 3
13	86 3
13	86 3
13	86 3
13	86 3
13	86 3
13	86 3
13	86 3
13	86 3
13	86 3
13	86 3
13	86 3
13	86 3
13	86 3
13	86 3
13	86 3
13	86 3
13	86 3
13	86 3
13	TEST_NUMBER 4
13	SENT_TOTAL 167
13	RECEIVED_TOTAL 145
13	TIME_TOTAL 29830
13	RECEIVED_RADIO_1 0
13	RECEIVED_RADIO_2 167
13	SENT_RADIO_1 11
13	SENT_RADIO_2 111
13	RADIO_TIME_1 29665
13	RADIO_TIME_2 29830
13	RETRANSMISSIONS_1 429
13	RETRANSMISSIONS_2 1
13	DROPPED_1 42
13	DROPPED_2 0
13	MAX_QUEUE 2
13	DUPLICATED_1 0
13	DUPLICATED_2 0
13	EBUSY_RADIO_1 0
13	EBUSY_RADIO_2 0
13	86 4
13	86 4
13	86 4
13	86 4
13	86 4
13	86 4
13	86 4
13	86 4
13	86 4
13	86 4
13	86 4
13	86 4
13	86 4
13	86 4
13	86 4
13	86 4
13	86 4
13	86 4
13	86 4
13	86 4
13	86 4
13	86 4
13	TEST_NUMBER 5
13	SENT_TOTAL 168
13	RECEIVED_TOTAL 146
13	TIME_TOTAL 29731
13	RECEIVED_RADIO_1 0
13	RECEIVED_RADIO_2 168
13	SENT_RADIO_1 0
13	SENT_RADIO_2 122
13	RADIO_TIME_1 29865
13	RADIO_TIME_2 29863
13	RETRANSMISSIONS_1 480
13	RETRANSMISSIONS_2 1
13	DROPPED_1 49
13	DROPPED_2 0
13	MAX_QUEUE 2
13	DUPLICATED_1 0
13	DUPLICATED_2 2
13	EBUSY_RADIO_1 0
13	EBUSY_RADIO_2 0
13	86 5
13	86 5
13	86 5
13	86 5
13	86 5
13	86 5
13	86 5
13	86 5
13	86 5
13	86 5
13	86 5
13	86 5
13	86 5
13	86 5
13	86 5
13	86 5
13	86 5
13	86 5
13	86 5
13	86 5
13	86 5
13	TEST_NUMBER 6
13	SENT_TOTAL 170
13	RECEIVED_TOTAL 149
13	TIME_TOTAL 29648
13	RECEIVED_RADIO_1 0
13	RECEIVED_RADIO_2 170
13	SENT_RADIO_1 0
13	SENT_RADIO_2 119
13	RADIO_TIME_1 29565
13	RADIO_TIME_2 29648
13	RETRANSMISSIONS_1 500
13	RETRANSMISSIONS_2 0
13	DROPPED_1 50
13	DROPPED_2 0
13	MAX_QUEUE 2
13	DUPLICATED_1 0
13	DUPLICATED_2 0
13	EBUSY_RADIO_1 0
13	EBUSY_RADIO_2 0
13	86 6
13	86 6
13	86 6
13	86 6
13	86 6
13	86 6
13	86 6
13	86 6
13	86 6
13	86 6
13	86 6
13	86 6
13	86 6
13	86 6
13	86 6
13	86 6
13	86 6
13	86 6
13	86 6
13	86 6
13	86 6
13	86 6

14	RELAY_NODE 14
14	TEST_NUMBER 0
14	SENT_TOTAL 0
14	RECEIVED_TOTAL 0
14	TIME_TOTAL 0
14	RECEIVED_RADIO_1 71
14	RECEIVED_RADIO_2 11
14	SENT_RADIO_1 0
14	SENT_RADIO_2 32
14	RADIO_TIME_1 16645
14	RADIO_TIME_2 16645
14	RETRANSMISSIONS_1 90
14	RETRANSMISSIONS_2 455
14	DROPPED_1 9
14	DROPPED_2 39
14	MAX_QUEUE 3
14	DUPLICATED_1 7
14	DUPLICATED_2 0
14	EBUSY_RADIO_1 0
14	EBUSY_RADIO_2 0
14	TEST_NUMBER 1
14	SENT_TOTAL 0
14	RECEIVED_TOTAL 0
14	TIME_TOTAL 0
14	RECEIVED_RADIO_1 85
14	RECEIVED_RADIO_2 37
14	SENT_RADIO_1 0
14	SENT_RADIO_2 73
14	RADIO_TIME_1 29560
14	RADIO_TIME_2 29779
14	RETRANSMISSIONS_1 339
14	RETRANSMISSIONS_2 242
14	DROPPED_1 34
14	DROPPED_2 17
14	MAX_QUEUE 3
14	DUPLICATED_1 3
14	DUPLICATED_2 0
14	EBUSY_RADIO_1 0
14	EBUSY_RADIO_2 0
14	TEST_NUMBER 2
14	SENT_TOTAL 0
14	RECEIVED_TOTAL 0
14	TIME_TOTAL 0
14	RECEIVED_RADIO_1 83
14	RECEIVED_RADIO_2 54
14	SENT_RADIO_1 0
14	SENT_RADIO_2 78
14	RADIO_TIME_1 29496
14	RADIO_TIME_2 29496
14	RETRANSMISSIONS_1 430
14	RETRANSMISSIONS_2 200
14	DROPPED_1 43
14	DROPPED_2 15
14	MAX_QUEUE 3
14	DUPLICATED_1 8
14	DUPLICATED_2 0
14	EBUSY_RADIO_1 0
14	EBUSY_RADIO_2 0
14	TEST_NUMBER 3
14	SENT_TOTAL 0
14	RECEIVED_TOTAL 0
14	TIME_TOTAL 0
14	RECEIVED_RADIO_1 82
14	RECEIVED_RADIO_2 42
14	SENT_RADIO_1 0
14	SENT_RADIO_2 66
14	RADIO_TIME_1 29786
14	RADIO_TIME_2 29639
14	RETRANSMISSIONS_1 385
14	RETRANSMISSIONS_2 328
14	DROPPED_1 38
14	DROPPED_2 19
14	MAX_QUEUE 3
14	DUPLICATED_1 4
14	DUPLICATED_2 0
14	EBUSY_RADIO_1 0
14	EBUSY_RADIO_2 0
14	TEST_NUMBER 4
14	SENT_TOTAL 0
14	RECEIVED_TOTAL 0
14	TIME_TOTAL 0
14	RECEIVED_RADIO_1 14
14	RECEIVED_RADIO_2 63
14	SENT_RADIO_1 0
14	SENT_RADIO_2 13
14	RADIO_TIME_1 29872
14	RADIO_TIME_2 29821
14	RETRANSMISSIONS_1 605
14	RETRANSMISSIONS_2 50
14	DROPPED_1 61
14	DROPPED_2 3
14	MAX_QUEUE 3
14	DUPLICATED_1 1
14	DUPLICATED_2 0
14	EBUSY_RADIO_1 0
14	EBUSY_RADIO_2 0
14	TEST_NUMBER 5
14	SENT_TOTAL 0
14	RECEIVED_TOTAL 0
14	TIME_TOTAL 0
14	RECEIVED_RADIO_1 0
14	RECEIVED_RADIO_2 73
14	SENT_RADIO_1 0
14	SENT_RADIO_2 0
14	RADIO_TIME_1 29860
14	RADIO_TIME_2 29421
14	RETRANSMISSIONS_1 735
14	RETRANSMISSIONS_2 0
14	DROPPED_1 74
14	DROPPED_2 0
14	MAX_QUEUE 4
14	DUPLICATED_1 0
14	DUPLICATED_2 3
14	EBUSY_RADIO_1 0
14	EBUSY_RADIO_2 0
14	TEST_NUMBER 6
14	SENT_TOTAL 0
14	RECEIVED_TOTAL 0
14	TIME_TOTAL 0
14	RECEIVED_RADIO_1 0
14	RECEIVED_RADIO_2 52
14	SENT_RADIO_1 0
14	SENT_RADIO_2 0
14	RADIO_TIME_1 29724
14	RADIO_TIME_2 29548
14	RETRANSMISSIONS_1 517
14	RETRANSMISSIONS_2 0
14	DROPPED_1 51
14	DROPPED_2 0
14	MAX_QUEUE 4
14	DUPLICATED_1 0
14	DUPLICATED_2 3
14	EBUSY_RADIO_1 0
14	EBUSY_RADIO_2 0

16	SOURCE_NODE 16
16	84 1
16	84 2
16	83 2
16	85 2
16	79 29
16	84 3
16	84 4
16	83 4
16	85 3
16	79 90
16	84 5
16	83 5
16	85 5
16	79 24
16	84 6
16	84 7
16	84 8
16	83 8
16	85 8
16	79 63
16	84 9
16	84 10
16	84 11
16	83 11
16	85 11
16	79 42
16	83 11
16	85 4
16	79 602
16	84 12
16	84 13
16	84 14
16	84 15
16	83 15
16	85 15
16	79 12
16	84 16
16	84 17
16	84 18
16	83 18
16	85 13
16	79 411
16	83 18
16	85 18
16	79 13
16	84 19
16	84 20
16	83 20
16	85 20
16	79 34
16	84 1
16	83 1
16	85 16
16	79 429
16	84 2
16	83 2
16	85 19
16	79 291
16	83 2
16	85 2
16	79 58
16	84 3
16	84 4
16	83 4
16	85 3
16	79 98
16	84 5
16	84 6
16	83 6
16	85 6
16	79 15
16	84 7
16	84 8
16	83 8
16	85 8
16	79 25
16	84 9
16	84 10
16	84 11
16	83 11
16	85 11
16	79 15
16	84 12
16	84 13
16	83 13
16	85 4
16	79 763
16	84 14
16	83 14
16	85 14
16	79 17
16	84 15
16	84 16
16	84 17
16	83 17
16	85 17
16	79 55
16	84 18
16	84 19
16	84 20
16	84 1
16	83 1
16	85 20
16	79 92
16	83 1
16	85 1
16	79 35
16	84 2
16	83 2
16	85 16
16	79 517
16	84 3
16	84 4
16	83 4
16	85 4
16	79 15
16	84 5
16	84 6
16	84 7
16	83 7
16	85 19
16	79 658
16	83 7
16	85 2
16	79 432
16	84 8
16	83 8
16	85 7
16	79 97
16	84 9
16	84 10
16	84 11
16	83 11
16	85 11
16	79 14
16	84 12
16	84 13
16	84 14
16	83 14
16	85 14
16	79 18
16	84 15
16	84 16
16	83 16
16	85 16
16	79 21
16	84 17
16	84 18
16	83 18
16	85 9
16	79 784
16	83 18
16	85 12
16	79 552
16	84 19
16	84 20
16	83 20
16	85 20
16	79 15
16	84 1
16	84 2
16	83 2
16	85 18
16	79 386
16	84 3
16	83 3
16	85 1
16	79 162
16	83 3
16	85 3
16	79 13
16	84 4
16	84 5
16	84 6
16	83 6
16	85 6
16	79 11
16	84 7
16	84 8
16	83 8
16	85 8
16	79 22
16	83 8
16	85 4
16	79 378
16	84 9
16	84 10
16	84 11
16	83 11
16	85 11
16	79 19
16	84 12
16	84 13
16	84 14
16	83 14
16	85 14
16	79 17
16	83 14
16	85 7
16	79 604
16	84 15
16	83 15
16	85 9
16	79 494
16	84 16
16	83 16
16	85 16
16	79 21
16	84 17
16	84 18
16	84 19
16	83 19
16	85 19
16	79 32
16	84 20
16	83 20
16	85 12
16	79 688
16	84 1
16	84 2
16	84 3
16	83 3
16	85 2
16	79 98
16	84 4
16	84 5
16	83 5
16	85 5
16	79 16
16	84 6
16	84 7
16	83 7
16	85 6
16	79 98
16	83 7
16	85 7
16	79 25
16	84 8
16	84 9
16	83 9
16	85 9
16	79 27
16	84 10
16	84 11
16	84 12
16	83 12
16	85 12
16	79 15
16	84 13
16	84 14
16	83 14
16	85 14
16	79 24
16	84 15
16	84 16
16	84 17
16	83 17
16	85 17
16	79 18
16	84 18
16	83 18
16	85 15
16	79 307
16	84 19
16	84 20
16	83 20
16	85 20
16	79 15
16	84 1
16	84 2
16	84 3
16	83 3
16	85 3
16	79 15
16	84 4
16	84 5
16	84 6
16	83 6
16	85 6
16	79 18
16	84 7
16	84 8
16	84 9
16	83 9
16	85 9
16	79 18
16	84 10
16	84 11
16	83 11
16	85 11
16	79 32
16	84 12
16	84 13
16	84 14
16	84 15
16	83 15
16	85 14
16	79 102
16	83 15
16	85 10
16	79 423
16	84 16
16	84 17
16	83 17
16	85 17
16	79 16
16	84 18
16	84 19
16	83 19
16	85 18
16	79 96
16	84 20
16	84 1
16	83 1
16	85 1
16	79 25
16	84 2
16	83 2
16	85 13
16	79 729
16	84 3
16	84 4
16	83 4
16	85 4
16	79 25
16	84 5
16	84 6
16	84 7
16	83 7
16	85 7
16	79 25
16	84 8
16	84 9
16	84 10
16	84 11
16	83 11
16	85 10
16	79 91
16	84 12
16	83 12
16	85 3
16	79 757
16	83 12
16	85 9
16	79 288
16	84 13
16	83 13
16	85 13
16	79 20
16	84 14
16	84 15
16	84 16
16	83 16
16	85 16
16	79 35
16	84 17
16	84 18
16	84 19
16	84 20
16	83 20
16	85 19
16	79 100
16	84 1
16	84 2
16	83 2
16	85 2
16	79 13
16	84 3
16	84 4
16	83 4
16	85 4
16	79 17
16	84 5
16	84 6
16	83 6
16	85 6
16	79 21
16	84 7
16	84 8
16	84 9
16	83 9
16	85 9
16	79 17
16	84 10
16	84 11
16	84 12
16	83 12
16	85 12
16	79 17
16	84 13
16	84 14
16	84 15
16	83 15
16	85 15
16	79 18
16	84 16
16	84 17
16	83 17
16	85 5
16	79 972
16	83 17
16	85 7
16	79 821
16	84 18
16	83 18
16	85 18
16	79 14
16	84 19
16	84 20
16	84 1
16	83 1
16	85 1
16	79 13
16	84 2
16	84 3
16	83 3
16	85 3
16	79 24
16	84 4
16	84 5
16	84 6
16	83 6
16	85 6
16	79 43
16	84 7
16	84 8
16	84 9
16	84 10
16	83 10
16	85 9
16	79 102
16	84 11
16	84 12
16	83 12
16	85 12
16	79 24
16	84 13
16	83 13
16	85 8
16	79 428
16	84 14
16	84 15
16	83 15
16	85 15
16	79 41
16	84 16
16	84 17
16	84 18
16	83 18
16	85 18
16	79 39
16	84 19
16	84 20
16	84 1
16	84 2
16	83 2
16	85 1
16	79 100
16	84 3
16	84 4
16	83 4
16	85 4
16	79 15
16	84 5
16	84 6
16	84 7
16	83 7
16	85 7
16	79 16
16	84 8
16	84 9
16	84 10
16	83 10
16	85 10
16	79 17
16	83 10
16	85 11
16	79 1591
16	84 11
16	83 11
16	85 5
16	79 482
16	84 12
16	83 12
16	85 12
16	79 20
16	84 13
16	84 14
16	84 15
16	84 16
16	83 16
16	85 15
16	79 97
16	84 17
16	83 17
16	85 17
16	79 17
16	84 18
16	84 19
16	84 20
16	84 1
16	83 1
16	85 20
16	79 83
16	84 2
16	84 3
16	84 4
16	83 4
16	85 3
16	79 91
16	84 5
16	84 6
16	83 6
16	85 6
16	79 12
16	84 7
16	84 8
16	84 9
16	83 9
16	85 9
16	79 15
16	84 10
16	84 11
16	84 12
16	83 12
16	85 12
16	79 18
16	84 13
16	84 14
16	84 15
16	83 15
16	85 15
16	79 12
16	84 16
16	84 17
16	84 18
16	83 18
16	85 18
16	79 14
16	84 19
16	84 20
16	84 1
16	83 1
16	85 16
16	79 412
16	83 1
16	85 1
16	79 14
16	84 2
16	84 3
16	84 4
16	83 4
16	85 4
16	79 14
16	84 5
16	84 6
16	83 6
16	85 6
16	79 18
16	84 7
16	84 8
16	84 9
16	83 9
16	85 9
16	79 16
16	84 10
16	84 11
16	84 12
16	83 12
16	85 12
16	79 15
16	84 13
16	84 14
16	83 14
16	85 14
16	79 22
16	84 15
16	83 15
16	85 15
16	79 34
16	84 16
16	84 17
16	84 18
16	83 18
16	85 18
16	79 42
16	84 19
16	84 20
16	84 1
16	83 1
16	85 1
16	79 62
16	84 2
16	84 3
16	84 4
16	83 4
16	85 4
16	79 61
16	84 5
16	84 6
16	84 7
16	83 7
16	85 7
16	79 21
16	84 8
16	83 8
16	85 3
16	79 402
16	84 9
16	83 9
16	85 6
16	79 282
16	84 10
16	TEST_NUMBER 0
16	SENT_TOTAL 250
16	RECEIVED_TOTAL 121
16	TIME_TOTAL 19697
16	RECEIVED_RADIO_1 31
16	RECEIVED_RADIO_2 90
16	SENT_RADIO_1 46
16	SENT_RADIO_2 174
16	RADIO_TIME_1 19843
16	RADIO_TIME_2 19683
16	RETRANSMISSIONS_1 437
16	RETRANSMISSIONS_2 4
16	DROPPED_1 28
16	DROPPED_2 0
16	MAX_QUEUE 2
16	DUPLICATED_1 5
16	DUPLICATED_2 1
16	EBUSY_RADIO_1 0
16	EBUSY_RADIO_2 0
16	83 0
16	85 10
16	86 0
16	83 0
16	85 9
16	86 0
16	84 1
16	84 2
16	84 3
16	84 4
16	83 4
16	85 4
16	79 12
16	84 5
16	84 6
16	84 7
16	84 8
16	83 8
16	85 7
16	79 102
16	84 9
16	83 9
16	85 2
16	79 577
16	83 9
16	85 9
16	79 28
16	84 10
16	84 11
16	84 12
16	83 12
16	85 12
16	79 34
16	84 13
16	84 14
16	84 15
16	84 16
16	83 16
16	85 16
16	79 16
16	84 17
16	84 18
16	84 19
16	83 19
16	85 19
16	79 17
16	84 20
16	84 1
16	83 1
16	85 14
16	79 583
16	84 2
16	83 2
16	85 2
16	79 14
16	84 3
16	84 4
16	83 4
16	85 4
16	79 28
16	84 5
16	84 6
16	83 6
16	85 17
16	79 765
16	84 7
16	84 8
16	83 8
16	85 7
16	79 93
16	83 8
16	85 3
16	79 478
16	84 9
16	83 9
16	85 9
16	79 21
16	83 9
16	85 6
16	79 300
16	84 10
16	84 11
16	84 12
16	84 13
16	83 13
16	85 12
16	79 92
16	84 14
16	83 14
16	85 14
16	79 25
16	84 15
16	84 16
16	84 17
16	83 17
16	85 17
16	79 31
16	84 18
16	83 18
16	85 8
16	79 874
16	84 19
16	84 20
16	83 20
16	85 20
16	79 37
16	84 1
16	84 2
16	84 3
16	83 3
16	85 3
16	79 33
16	84 4
16	84 5
16	83 5
16	85 16
16	79 758
16	84 6
16	83 6
16	85 19
16	79 579
16	83 6
16	85 2
16	79 354
16	83 6
16	85 6
16	79 68
16	84 7
16	84 8
16	83 8
16	85 5
16	79 280
16	84 9
16	83 9
16	85 9
16	79 26
16	84 10
16	83 10
16	85 8
16	79 182
16	84 11
16	84 12
16	83 12
16	85 12
16	79 43
16	84 13
16	84 14
16	84 15
16	83 15
16	85 15
16	79 56
16	84 16
16	84 17
16	84 18
16	84 19
16	83 19
16	85 18
16	79 92
16	84 20
16	84 1
16	83 1
16	85 1
16	79 18
16	84 2
16	84 3
16	83 3
16	85 3
16	79 20
16	84 4
16	84 5
16	84 6
16	83 6
16	85 6
16	79 15
16	84 7
16	83 7
16	85 17
16	79 857
16	83 7
16	85 2
16	79 472
16	84 8
16	83 8
16	85 8
16	79 19
16	84 9
16	83 9
16	85 4
16	79 411
16	84 10
16	84 11
16	83 11
16	85 11
16	79 16
16	84 12
16	84 13
16	84 14
16	83 14
16	85 14
16	79 73
16	84 15
16	83 15
16	85 7
16	79 643
16	84 16
16	83 16
16	85 9
16	79 594
16	84 17
16	83 17
16	85 16
16	79 157
16	84 18
16	83 18
16	85 17
16	79 94
16	84 19
16	84 20
16	83 20
16	85 20
16	79 18
16	84 1
16	83 1
16	85 18
16	79 287
16	84 2
16	84 3
16	83 3
16	85 3
16	79 15
16	84 4
16	84 5
16	83 5
16	85 1
16	79 385
16	84 6
16	84 7
16	83 7
16	85 6
16	79 102
16	84 8
16	84 9
16	83 9
16	85 9
16	79 16
16	84 10
16	84 11
16	83 11
16	85 10
16	79 103
16	84 12
16	83 12
16	85 5
16	79 610
16	83 12
16	85 7
16	79 461
16	83 12
16	85 12
16	79 77
16	84 13
16	84 14
16	83 14
16	85 13
16	79 95
16	84 15
16	83 15
16	85 15
16	79 19
16	84 16
16	84 17
16	84 18
16	83 18
16	85 14
16	79 337
16	84 19
16	83 19
16	85 18
16	79 92
16	84 20
16	83 20
16	85 20
16	79 28
16	84 1
16	84 2
16	84 3
16	83 3
16	85 17
16	79 497
16	83 3
16	85 3
16	79 28
16	83 3
16	85 19
16	79 363
16	84 4
16	84 5
16	84 6
16	83 6
16	85 6
16	79 62
16	84 7
16	84 8
16	84 9
16	83 9
16	85 9
16	79 20
16	84 10
16	84 11
16	84 12
16	83 12
16	85 12
16	79 46
16	84 13
16	84 14
16	84 15
16	83 15
16	85 15
16	79 49
16	84 16
16	84 17
16	83 17
16	85 2
16	79 1264
16	83 17
16	85 14
16	79 312
16	84 18
16	84 19
16	83 19
16	85 19
16	79 14
16	84 20
16	84 1
16	84 2
16	83 2
16	85 17
16	79 399
16	83 2
16	85 2
16	79 14
16	84 3
16	84 4
16	84 5
16	83 5
16	85 5
16	79 14
16	84 6
16	84 7
16	83 7
16	85 7
16	79 26
16	84 8
16	83 8
16	85 3
16	79 457
16	84 9
16	84 10
16	83 10
16	85 10
16	79 42
16	84 11
16	84 12
16	84 13
16	84 14
16	83 14
16	85 13
16	79 99
16	83 14
16	85 14
16	79 27
16	84 15
16	83 15
16	85 6
16	79 747
16	84 16
16	83 16
16	85 16
16	79 25
16	84 17
16	84 18
16	83 18
16	85 18
16	79 20
16	84 19
16	84 20
16	84 1
16	83 1
16	85 1
16	79 15
16	84 2
16	84 3
16	84 4
16	83 4
16	85 4
16	79 18
16	83 4
16	85 12
16	79 981
16	83 4
16	85 17
16	79 591
16	83 4
16	85 19
16	79 454
16	84 5
16	84 6
16	83 6
16	85 6
16	79 24
16	84 7
16	84 8
16	83 8
16	85 2
16	79 510
16	84 9
16	83 9
16	85 9
16	79 18
16	84 10
16	83 10
16	85 5
16	79 456
16	84 11
16	83 11
16	85 7
16	79 342
16	84 12
16	83 12
16	85 12
16	79 15
16	84 13
16	84 14
16	83 14
16	85 10
16	79 373
16	84 15
16	83 15
16	85 15
16	79 15
16	84 16
16	84 17
16	83 17
16	85 17
16	79 19
16	84 18
16	84 19
16	84 20
16	84 1
16	83 1
16	85 1
16	79 14
16	84 2
16	84 3
16	83 3
16	85 3
16	79 19
16	84 4
16	83 4
16	85 19
16	79 416
16	84 5
16	84 6
16	83 6
16	85 6
16	79 12
16	84 7
16	84 8
16	84 9
16	83 9
16	85 2
16	79 568
16	83 9
16	85 9
16	79 30
16	84 10
16	84 11
16	83 11
16	85 8
16	79 285
16	84 12
16	84 13
16	83 13
16	85 12
16	79 95
16	84 14
16	83 14
16	85 14
16	79 22
16	84 15
16	84 16
16	84 17
16	83 17
16	85 13
16	79 339
16	83 17
16	85 17
16	79 48
16	84 18
16	84 19
16	84 20
16	83 20
16	85 20
16	79 74
16	84 1
16	84 2
16	83 2
16	85 16
16	79 541
16	83 2
16	85 19
16	79 307
16	83 2
16	85 2
16	79 78
16	84 3
16	84 4
16	83 4
16	85 4
16	79 13
16	84 5
16	84 6
16	84 7
16	83 7
16	85 7
16	79 55
16	84 8
16	83 8
16	85 6
16	79 190
16	84 9
16	84 10
16	84 11
16	83 11
16	85 10
16	79 92
16	84 12
16	84 13
16	83 13
16	85 13
16	79 19
16	84 14
16	84 15
16	84 16
16	83 16
16	85 16
16	79 13
16	84 17
16	84 18
16	83 18
16	85 11
16	79 612
16	84 19
16	83 19
16	85 19
16	79 15
16	83 19
16	85 14
16	79 479
16	84 20
16	84 1
16	83 1
16	85 1
16	79 22
16	84 2
16	84 3
16	84 4
16	84 5
16	83 5
16	85 5
16	79 12
16	84 6
16	84 7
16	84 8
16	83 8
16	85 8
16	79 16
16	84 9
16	84 10
16	83 10
16	85 3
16	79 565
16	84 11
16	83 11
16	85 11
16	79 15
16	84 12
16	84 13
16	83 13
16	85 13
16	79 20
16	83 13
16	85 6
16	79 595
16	83 13
16	85 9
16	79 365
16	84 14
16	83 14
16	85 14
16	79 31
16	84 15
16	84 16
16	84 17
16	83 17
16	85 17
16	79 39
16	84 18
16	83 18
16	85 12
16	79 481
16	83 18
16	85 16
16	79 179
16	84 19
16	84 20
16	83 20
16	85 20
16	79 53
16	84 1
16	84 2
16	84 3
16	84 4
16	83 4
16	85 4
16	79 13
16	84 5
16	83 5
16	85 19
16	79 505
16	83 5
16	85 2
16	79 282
16	84 6
16	84 7
16	83 7
16	85 7
16	79 17
16	84 8
16	84 9
16	83 9
16	85 9
16	79 21
16	84 10
16	84 11
16	83 11
16	85 8
16	79 310
16	84 12
16	83 12
16	85 12
16	79 25
16	84 13
16	84 14
16	84 15
16	84 16
16	84 17
16	84 18
16	84 19
16	83 19
16	85 11
16	79 647
16	83 19
16	85 15
16	79 342
16	83 19
16	85 19
16	79 32
16	83 19
16	85 14
16	79 467
16	84 20
16	83 20
16	85 16
16	79 342
16	83 20
16	85 18
16	79 192
16	83 20
16	85 20
16	79 43
16	84 1
16	84 2
16	84 3
16	84 4
16	83 4
16	85 3
16	79 98
16	84 5
16	83 5
16	85 5
16	79 31
16	84 6
16	84 7
16	83 7
16	85 7
16	79 21
16	84 8
16	84 9
16	83 9
16	85 9
16	79 24
16	84 10
16	TEST_NUMBER 1
16	SENT_TOTAL 250
16	RECEIVED_TOTAL 149
16	TIME_TOTAL 29737
16	RECEIVED_RADIO_1 60
16	RECEIVED_RADIO_2 91
16	SENT_RADIO_1 53
16	SENT_RADIO_2 176
16	RADIO_TIME_1 29876
16	RADIO_TIME_2 29753
16	RETRANSMISSIONS_1 387
16	RETRANSMISSIONS_2 2
16	DROPPED_1 22
16	DROPPED_2 0
16	MAX_QUEUE 2
16	DUPLICATED_1 27
16	DUPLICATED_2 0
16	EBUSY_RADIO_1 0
16	EBUSY_RADIO_2 0
16	83 0
16	85 2
16	86 1
16	83 0
16	85 4
16	86 1
16	84 1
16	84 2
16	84 3
16	83 3
16	85 2
16	79 100
16	84 4
16	83 4
16	85 4
16	79 26
16	84 5
16	84 6
16	83 6
16	85 6
16	79 22
16	84 7
16	84 8
16	83 8
16	85 1
16	79 605
16	84 9
16	83 9
16	85 3
16	79 496
16	84 10
16	83 10
16	85 10
16	79 16
16	84 11
16	84 12
16	83 12
16	85 8
16	79 368
16	84 13
16	83 13
16	85 13
16	79 12
16	84 14
16	84 15
16	84 16
16	83 16
16	85 16
16	79 15
16	84 17
16	84 18
16	84 19
16	83 19
16	85 19
16	79 16
16	84 20
16	84 1
16	84 2
16	83 2
16	85 2
16	79 15
16	84 3
16	83 3
16	85 3
16	79 45
16	83 3
16	85 17
16	79 539
16	84 4
16	84 5
16	84 6
16	84 7
16	83 7
16	85 6
16	79 92
16	84 8
16	84 9
16	83 9
16	85 5
16	79 393
16	84 10
16	83 10
16	85 9
16	79 82
16	84 11
16	84 12
16	84 13
16	83 13
16	85 13
16	79 15
16	83 13
16	85 8
16	79 423
16	84 14
16	84 15
16	84 16
16	83 16
16	85 16
16	79 18
16	84 17
16	84 18
16	83 18
16	85 18
16	79 24
16	83 18
16	85 11
16	79 592
16	84 19
16	84 20
16	84 1
16	84 2
16	83 2
16	85 1
16	79 92
16	84 3
16	83 3
16	85 3
16	79 22
16	83 3
16	85 14
16	79 746
16	83 3
16	85 20
16	79 274
16	84 4
16	84 5
16	84 6
16	83 6
16	85 6
16	79 38
16	84 7
16	83 7
16	85 2
16	79 420
16	84 8
16	83 8
16	85 5
16	79 280
16	84 9
16	84 10
16	83 10
16	85 9
16	79 99
16	83 10
16	85 8
16	79 209
16	84 11
16	84 12
16	83 12
16	85 12
16	79 14
16	84 13
16	84 14
16	83 14
16	85 14
16	79 22
16	84 15
16	84 16
16	84 17
16	83 17
16	85 17
16	79 43
16	84 18
16	83 18
16	85 10
16	79 659
16	84 19
16	84 20
16	84 1
16	83 1
16	85 20
16	79 95
16	84 2
16	83 2
16	85 16
16	79 497
16	84 3
16	84 4
16	83 4
16	85 3
16	79 94
16	84 5
16	84 6
16	83 6
16	85 6
16	79 12
16	84 7
16	84 8
16	83 8
16	85 19
16	79 754
16	83 8
16	85 4
16	79 363
16	84 9
16	83 9
16	85 9
16	79 15
16	84 10
16	84 11
16	83 11
16	85 11
16	79 22
16	83 11
16	85 7
16	79 391
16	84 12
16	84 13
16	84 14
16	84 15
16	83 15
16	85 14
16	79 98
16	84 16
16	83 16
16	85 16
16	79 20
16	83 16
16	85 13
16	79 289
16	84 17
16	84 18
16	83 18
16	85 18
16	79 23
16	84 19
16	84 20
16	84 1
16	83 1
16	85 1
16	79 14
16	84 2
16	84 3
16	83 3
16	85 19
16	79 373
16	84 4
16	83 4
16	85 4
16	79 15
16	84 5
16	84 6
16	83 6
16	85 6
16	79 24
16	84 7
16	84 8
16	84 9
16	83 9
16	85 9
16	79 13
16	84 10
16	84 11
16	83 11
16	85 2
16	79 796
16	84 12
16	83 12
16	85 5
16	79 567
16	83 12
16	85 12
16	79 16
16	83 12
16	85 7
16	79 446
16	84 13
16	84 14
16	84 15
16	83 15
16	85 15
16	79 13
16	84 16
16	84 17
16	84 18
16	83 18
16	85 18
16	79 44
16	84 19
16	84 20
16	84 1
16	83 1
16	85 1
16	79 23
16	84 2
16	84 3
16	84 4
16	84 5
16	83 5
16	85 4
16	79 91
16	83 5
16	85 17
16	79 695
16	84 6
16	83 6
16	85 3
16	79 255
16	84 7
16	83 7
16	85 7
16	79 15
16	84 8
16	84 9
16	83 9
16	85 9
16	79 22
16	84 10
16	83 10
16	85 5
16	79 459
16	83 10
16	85 8
16	79 240
16	84 11
16	84 12
16	84 13
16	83 13
16	85 13
16	79 19
16	84 14
16	84 15
16	84 16
16	83 16
16	85 16
16	79 13
16	84 17
16	84 18
16	84 19
16	84 20
16	83 20
16	85 20
16	79 13
16	84 1
16	83 1
16	85 11
16	79 854
16	83 1
16	85 18
16	79 304
16	84 2
16	84 3
16	83 3
16	85 3
16	79 13
16	84 4
16	84 5
16	83 5
16	85 5
16	79 24
16	84 6
16	84 7
16	84 8
16	84 9
16	83 9
16	85 8
16	79 92
16	84 10
16	84 11
16	83 11
16	85 1
16	79 798
16	83 11
16	85 7
16	79 328
16	83 11
16	85 11
16	79 16
16	84 12
16	84 13
16	84 14
16	83 14
16	85 14
16	79 16
16	84 15
16	84 16
16	84 17
16	83 17
16	85 17
16	79 14
16	83 17
16	85 9
16	79 671
16	83 17
16	85 12
16	79 441
16	84 18
16	84 19
16	84 20
16	83 20
16	85 20
16	79 15
16	84 1
16	84 2
16	84 3
16	84 4
16	83 4
16	85 3
16	79 96
16	84 5
16	84 6
16	83 6
16	85 6
16	79 76
16	84 7
16	84 8
16	84 9
16	83 9
16	85 9
16	79 26
16	84 10
16	84 11
16	83 11
16	85 2
16	79 773
16	84 12
16	83 12
16	85 12
16	79 44
16	84 13
16	83 13
16	85 8
16	79 443
16	84 14
16	83 14
16	85 11
16	79 294
16	84 15
16	84 16
16	83 16
16	85 15
16	79 94
16	83 16
16	85 14
16	79 219
16	84 17
16	84 18
16	83 18
16	85 18
16	79 18
16	84 19
16	84 20
16	84 1
16	83 1
16	85 1
16	79 64
16	84 2
16	84 3
16	84 4
16	84 5
16	83 5
16	85 4
16	79 94
16	84 6
16	84 7
16	83 7
16	85 20
16	79 560
16	83 7
16	85 3
16	79 339
16	84 8
16	83 8
16	85 7
16	79 92
16	83 8
16	85 6
16	79 212
16	84 9
16	83 9
16	85 9
16	79 31
16	84 10
16	84 11
16	84 12
16	83 12
16	85 12
16	79 28
16	84 13
16	84 14
16	83 14
16	85 8
16	79 547
16	83 14
16	85 11
16	79 317
16	84 15
16	84 16
16	83 16
16	85 15
16	79 98
16	83 16
16	85 14
16	79 206
16	84 17
16	83 17
16	85 17
16	79 24
16	84 18
16	84 19
16	83 19
16	85 19
16	79 18
16	84 20
16	84 1
16	83 1
16	85 16
16	79 449
16	83 1
16	85 20
16	79 142
16	84 2
16	83 2
16	85 2
16	79 17
16	84 3
16	84 4
16	83 4
16	85 4
16	79 24
16	84 5
16	84 6
16	84 7
16	83 7
16	85 7
16	79 15
16	84 8
16	84 9
16	84 10
16	83 10
16	85 10
16	79 15
16	84 11
16	84 12
16	84 13
16	83 13
16	85 13
16	79 18
16	83 13
16	85 3
16	79 864
16	84 14
16	83 14
16	85 5
16	79 718
16	83 14
16	85 8
16	79 498
16	84 15
16	84 16
16	84 17
16	83 17
16	85 16
16	79 91
16	84 18
16	83 18
16	85 18
16	79 26
16	84 19
16	84 20
16	84 1
16	84 2
16	83 2
16	85 2
16	79 15
16	84 3
16	83 3
16	85 15
16	79 705
16	83 3
16	85 17
16	79 556
16	84 4
16	84 5
16	83 5
16	85 5
16	79 14
16	84 6
16	84 7
16	83 7
16	85 7
16	79 25
16	84 8
16	83 8
16	85 3
16	79 399
16	83 8
16	85 6
16	79 210
16	84 9
16	84 10
16	83 10
16	85 10
16	79 17
16	84 11
16	84 12
16	83 12
16	85 12
16	79 26
16	84 13
16	84 14
16	84 15
16	83 15
16	85 11
16	79 324
16	84 16
16	83 16
16	85 15
16	79 91
16	84 17
16	83 17
16	85 17
16	79 21
16	84 18
16	83 18
16	85 14
16	79 336
16	84 19
16	83 19
16	85 16
16	79 276
16	84 20
16	83 20
16	85 20
16	79 46
16	84 1
16	84 2
16	84 3
16	84 4
16	83 4
16	85 3
16	79 101
16	84 5
16	83 5
16	85 5
16	79 25
16	83 5
16	85 19
16	79 519
16	83 5
16	85 2
16	79 287
16	84 6
16	83 6
16	85 4
16	79 182
16	84 7
16	83 7
16	85 7
16	79 19
16	84 8
16	84 9
16	84 10
16	83 10
16	85 10
16	79 15
16	84 11
16	84 12
16	83 12
16	85 8
16	79 377
16	84 13
16	83 13
16	85 13
16	79 29
16	84 14
16	84 15
16	84 16
16	83 16
16	85 16
16	79 61
16	84 17
16	83 17
16	85 12
16	79 456
16	84 18
16	84 19
16	84 20
16	83 20
16	85 20
16	79 17
16	84 1
16	84 2
16	83 2
16	85 2
16	79 20
16	84 3
16	84 4
16	83 4
16	85 18
16	79 533
16	84 5
16	84 6
16	83 6
16	85 5
16	79 100
16	84 7
16	83 7
16	85 1
16	79 502
16	83 7
16	85 4
16	79 282
16	84 8
16	83 8
16	85 8
16	79 13
16	84 9
16	84 10
16	TEST_NUMBER 2
16	SENT_TOTAL 250
16	RECEIVED_TOTAL 151
16	TIME_TOTAL 29690
16	RECEIVED_RADIO_1 64
16	RECEIVED_RADIO_2 89
16	SENT_RADIO_1 55
16	SENT_RADIO_2 172
16	RADIO_TIME_1 29836
16	RADIO_TIME_2 19839
16	RETRANSMISSIONS_1 408
16	RETRANSMISSIONS_2 2
16	DROPPED_1 22
16	DROPPED_2 0
16	MAX_QUEUE 2
16	DUPLICATED_1 17
16	DUPLICATED_2 0
16	EBUSY_RADIO_1 0
16	EBUSY_RADIO_2 0
16	83 0
16	85 9
16	86 2
16	84 1
16	84 2
16	83 2
16	85 2
16	79 44
16	84 3
16	83 3
16	85 6
16	86 2
16	84 4
16	84 5
16	84 6
16	83 6
16	85 6
16	79 15
16	84 7
16	84 8
16	83 8
16	85 8
16	79 24
16	83 8
16	85 7
16	79 145
16	84 9
16	84 10
16	83 10
16	85 10
16	79 47
16	84 11
16	83 11
16	85 11
16	79 54
16	84 12
16	84 13
16	84 14
16	83 14
16	85 14
16	79 38
16	84 15
16	84 16
16	84 17
16	84 18
16	83 18
16	85 17
16	79 99
16	84 19
16	83 19
16	85 19
16	79 20
16	83 19
16	85 16
16	79 272
16	84 20
16	84 1
16	83 1
16	85 1
16	79 19
16	84 2
16	84 3
16	83 3
16	85 3
16	79 25
16	84 4
16	84 5
16	84 6
16	83 6
16	85 6
16	79 17
16	84 7
16	84 8
16	84 9
16	83 9
16	85 9
16	79 19
16	84 10
16	84 11
16	83 11
16	85 11
16	79 24
16	84 12
16	84 13
16	84 14
16	83 14
16	85 14
16	79 29
16	84 15
16	83 15
16	85 2
16	79 1068
16	84 16
16	84 17
16	84 18
16	83 18
16	85 18
16	79 14
16	84 19
16	84 20
16	83 20
16	85 10
16	79 859
16	83 20
16	85 13
16	79 625
16	84 1
16	83 1
16	85 1
16	79 23
16	84 2
16	84 3
16	84 4
16	83 4
16	85 4
16	79 36
16	84 5
16	84 6
16	84 7
16	83 7
16	85 7
16	79 21
16	84 8
16	84 9
16	84 10
16	84 11
16	83 11
16	85 16
16	79 1211
16	83 11
16	85 11
16	79 16
16	83 11
16	85 6
16	79 424
16	84 12
16	84 13
16	84 14
16	83 14
16	85 14
16	79 13
16	84 15
16	83 15
16	85 12
16	79 314
16	84 16
16	83 16
16	85 15
16	79 151
16	84 17
16	83 17
16	85 17
16	79 15
16	84 18
16	84 19
16	84 20
16	84 1
16	83 1
16	85 1
16	79 15
16	84 2
16	84 3
16	83 3
16	85 19
16	79 357
16	83 3
16	85 3
16	79 60
16	84 4
16	84 5
16	83 5
16	85 5
16	79 14
16	84 6
16	84 7
16	84 8
16	83 8
16	85 6
16	79 170
16	83 8
16	85 8
16	79 13
16	84 9
16	84 10
16	84 11
16	83 11
16	85 11
16	79 12
16	84 12
16	84 13
16	83 13
16	85 13
16	79 23
16	84 14
16	83 14
16	85 9
16	79 406
16	84 15
16	84 16
16	83 16
16	85 16
16	79 13
16	83 16
16	85 14
16	79 177
16	84 17
16	84 18
16	84 19
16	83 19
16	85 19
16	79 15
16	84 20
16	84 1
16	83 1
16	85 17
16	79 376
16	84 2
16	83 2
16	85 2
16	79 22
16	83 2
16	85 1
16	79 131
16	84 3
16	84 4
16	84 5
16	83 5
16	85 5
16	79 45
16	84 6
16	84 7
16	84 8
16	84 9
16	83 9
16	85 4
16	79 408
16	83 9
16	85 9
16	79 17
16	84 10
16	84 11
16	84 12
16	83 12
16	85 12
16	79 15
16	84 13
16	84 14
16	84 15
16	83 15
16	85 15
16	79 14
16	84 16
16	84 17
16	84 18
16	83 18
16	85 7
16	79 879
16	83 18
16	85 10
16	79 647
16	83 18
16	85 18
16	79 15
16	83 18
16	85 13
16	79 414
16	84 19
16	84 20
16	84 1
16	83 1
16	85 1
16	79 16
16	84 2
16	84 3
16	84 4
16	83 4
16	85 4
16	79 51
16	84 5
16	84 6
16	84 7
16	83 7
16	85 7
16	79 32
16	84 8
16	84 9
16	84 10
16	83 10
16	85 10
16	79 71
16	84 11
16	83 11
16	85 6
16	79 437
16	84 12
16	84 13
16	84 14
16	83 14
16	85 13
16	79 102
16	84 15
16	84 16
16	83 16
16	85 16
16	79 16
16	84 17
16	84 18
16	83 18
16	85 9
16	79 731
16	84 19
16	83 19
16	85 19
16	79 15
16	84 20
16	84 1
16	84 2
16	83 2
16	85 2
16	79 15
16	84 3
16	84 4
16	84 5
16	83 5
16	85 17
16	79 640
16	83 5
16	85 5
16	79 15
16	84 6
16	83 6
16	85 20
16	79 515
16	84 7
16	84 8
16	83 8
16	85 8
16	79 13
16	84 9
16	84 10
16	83 10
16	85 10
16	79 22
16	84 11
16	83 11
16	85 11
16	79 33
16	84 12
16	84 13
16	83 13
16	85 6
16	79 612
16	84 14
16	83 14
16	85 14
16	79 31
16	84 15
16	83 15
16	85 9
16	79 539
16	84 16
16	84 17
16	83 17
16	85 17
16	79 50
16	84 18
16	84 19
16	84 20
16	83 20
16	85 20
16	79 23
16	84 1
16	83 1
16	85 16
16	79 427
16	84 2
16	84 3
16	83 3
16	85 3
16	79 19
16	84 4
16	84 5
16	84 6
16	83 6
16	85 6
16	79 73
16	84 7
16	84 8
16	83 8
16	85 19
16	79 757
16	83 8
16	85 5
16	79 288
16	84 9
16	83 9
16	85 9
16	79 20
16	84 10
16	83 10
16	85 8
16	79 240
16	84 11
16	84 12
16	84 13
16	83 13
16	85 13
16	79 11
16	84 14
16	84 15
16	84 16
16	83 16
16	85 16
16	79 14
16	84 17
16	84 18
16	84 19
16	83 19
16	85 19
16	79 14
16	84 20
16	84 1
16	83 1
16	85 17
16	79 362
16	84 2
16	83 2
16	85 2
16	79 22
16	84 3
16	84 4
16	83 4
16	85 1
16	79 298
16	84 5
16	83 5
16	85 5
16	79 39
16	84 6
16	84 7
16	84 8
16	83 8
16	85 8
16	79 75
16	84 9
16	83 9
16	85 4
16	79 429
16	84 10
16	84 11
16	84 12
16	83 12
16	85 11
16	79 92
16	84 13
16	83 13
16	85 13
16	79 26
16	84 14
16	84 15
16	83 15
16	85 7
16	79 684
16	83 15
16	85 10
16	79 454
16	83 15
16	85 12
16	79 302
16	84 16
16	84 17
16	83 17
16	85 17
16	79 16
16	84 18
16	84 19
16	84 20
16	83 20
16	85 20
16	79 15
16	84 1
16	83 1
16	85 15
16	79 549
16	84 2
16	84 3
16	83 3
16	85 3
16	79 14
16	84 4
16	84 5
16	84 6
16	83 6
16	85 6
16	79 17
16	84 7
16	84 8
16	84 9
16	83 9
16	85 9
16	79 40
16	84 10
16	84 11
16	83 11
16	85 4
16	79 609
16	84 12
16	83 12
16	85 12
16	79 41
16	84 13
16	84 14
16	84 15
16	83 15
16	85 15
16	79 64
16	84 16
16	83 16
16	85 8
16	79 653
16	83 16
16	85 11
16	79 420
16	84 17
16	84 18
16	84 19
16	83 19
16	85 18
16	79 94
16	84 20
16	83 20
16	85 14
16	79 505
16	83 20
16	85 17
16	79 274
16	84 1
16	83 1
16	85 1
16	79 19
16	84 2
16	84 3
16	84 4
16	83 4
16	85 4
16	79 16
16	84 5
16	84 6
16	84 7
16	83 7
16	85 7
16	79 14
16	84 8
16	84 9
16	83 9
16	85 19
16	79 837
16	84 10
16	83 10
16	85 10
16	79 13
16	83 10
16	85 2
16	79 656
16	84 11
16	84 12
16	84 13
16	83 13
16	85 13
16	79 14
16	84 14
16	84 15
16	83 15
16	85 11
16	79 362
16	84 16
16	83 16
16	85 16
16	79 14
16	84 17
16	84 18
16	84 19
16	83 19
16	85 19
16	79 14
16	84 20
16	84 1
16	84 2
16	83 2
16	85 2
16	79 14
16	84 3
16	84 4
16	84 5
16	83 5
16	85 5
16	79 12
16	84 6
16	84 7
16	83 7
16	85 6
16	79 91
16	84 8
16	84 9
16	83 9
16	85 9
16	79 21
16	84 10
16	84 11
16	84 12
16	83 12
16	85 12
16	79 60
16	84 13
16	84 14
16	83 14
16	85 3
16	79 927
16	84 15
16	83 15
16	85 8
16	79 560
16	83 15
16	85 15
16	79 74
16	84 16
16	84 17
16	84 18
16	83 18
16	85 18
16	79 20
16	83 18
16	85 11
16	79 637
16	84 19
16	83 19
16	85 14
16	79 450
16	84 20
16	84 1
16	83 1
16	85 1
16	79 43
16	84 2
16	84 3
16	83 3
16	85 17
16	79 542
16	84 4
16	83 4
16	85 4
16	79 77
16	84 5
16	84 6
16	83 6
16	85 20
16	79 541
16	84 7
16	84 8
16	83 8
16	85 7
16	79 94
16	84 9
16	84 10
16	TEST_NUMBER 3
16	SENT_TOTAL 250
16	RECEIVED_TOTAL 136
16	TIME_TOTAL 29723
16	RECEIVED_RADIO_1 53
16	RECEIVED_RADIO_2 85
16	SENT_RADIO_1 73
16	SENT_RADIO_2 167
16	RADIO_TIME_1 19683
16	RADIO_TIME_2 29868
16	RETRANSMISSIONS_1 317
16	RETRANSMISSIONS_2 0
16	DROPPED_1 10
16	DROPPED_2 0
16	MAX_QUEUE 2
16	DUPLICATED_1 21
16	DUPLICATED_2 0
16	EBUSY_RADIO_1 0
16	EBUSY_RADIO_2 0
16	83 0
16	85 10
16	86 3
16	84 1
16	83 1
16	85 3
16	86 3
16	84 2
16	83 2
16	85 6
16	86 3
16	84 3
16	83 3
16	85 3
16	79 17
16	84 4
16	84 5
16	84 6
16	83 6
16	85 6
16	79 14
16	84 7
16	84 8
16	83 8
16	85 7
16	79 153
16	84 9
16	84 10
16	83 10
16	85 10
16	79 29
16	84 11
16	83 11
16	85 8
16	86 3
16	84 12
16	84 13
16	83 13
16	85 12
16	79 111
16	83 13
16	85 13
16	79 38
16	84 14
16	84 15
16	84 16
16	84 17
16	83 17
16	85 17
16	79 18
16	84 18
16	84 19
16	84 20
16	83 20
16	85 18
16	79 173
16	83 20
16	85 20
16	79 19
16	84 1
16	84 2
16	83 2
16	85 2
16	79 24
16	84 3
16	84 4
16	84 5
16	83 5
16	85 4
16	79 127
16	84 6
16	84 7
16	83 7
16	85 7
16	79 33
16	84 8
16	84 9
16	84 10
16	83 10
16	85 9
16	79 116
16	84 11
16	84 12
16	83 12
16	85 12
16	79 12
16	84 13
16	84 14
16	84 15
16	83 15
16	85 14
16	79 124
16	84 16
16	84 17
16	83 17
16	85 17
16	79 73
16	84 18
16	84 19
16	84 20
16	83 20
16	85 19
16	79 115
16	84 1
16	84 2
16	83 2
16	85 2
16	79 16
16	84 3
16	84 4
16	83 4
16	85 3
16	79 154
16	84 5
16	84 6
16	84 7
16	83 7
16	85 6
16	79 92
16	84 8
16	83 8
16	85 7
16	79 103
16	83 8
16	85 8
16	79 30
16	84 9
16	84 10
16	84 11
16	83 11
16	85 11
16	79 62
16	84 12
16	84 13
16	84 14
16	83 14
16	85 13
16	79 109
16	84 15
16	84 16
16	83 16
16	85 16
16	79 14
16	84 17
16	84 18
16	83 18
16	85 17
16	79 159
16	84 19
16	84 20
16	84 1
16	84 2
16	84 3
16	83 3
16	85 20
16	79 262
16	83 3
16	85 1
16	79 191
16	84 4
16	84 5
16	83 5
16	85 3
16	79 164
16	84 6
16	83 6
16	85 6
16	79 20
16	84 7
16	84 8
16	84 9
16	83 9
16	85 8
16	79 111
16	84 10
16	83 10
16	85 10
16	79 23
16	84 11
16	84 12
16	84 13
16	83 13
16	85 12
16	79 108
16	84 14
16	84 15
16	83 15
16	85 15
16	79 17
16	84 16
16	84 17
16	84 18
16	83 18
16	85 16
16	79 162
16	84 19
16	83 19
16	85 19
16	79 48
16	84 20
16	84 1
16	84 2
16	83 2
16	85 1
16	79 130
16	84 3
16	84 4
16	83 4
16	85 4
16	79 18
16	84 5
16	84 6
16	83 6
16	85 5
16	79 128
16	84 7
16	84 8
16	84 9
16	83 9
16	85 8
16	79 93
16	84 10
16	83 10
16	85 9
16	79 117
16	84 11
16	84 12
16	83 12
16	85 12
16	79 18
16	84 13
16	84 14
16	84 15
16	83 15
16	85 14
16	79 113
16	84 16
16	84 17
16	83 17
16	85 17
16	79 25
16	84 18
16	84 19
16	84 20
16	83 20
16	85 19
16	79 108
16	84 1
16	84 2
16	83 2
16	85 2
16	79 15
16	84 3
16	84 4
16	84 5
16	83 5
16	85 4
16	79 111
16	83 5
16	85 5
16	79 40
16	84 6
16	84 7
16	83 7
16	85 7
16	79 19
16	84 8
16	84 9
16	84 10
16	83 10
16	85 10
16	79 12
16	84 11
16	84 12
16	83 12
16	85 11
16	79 159
16	84 13
16	84 14
16	83 14
16	85 14
16	79 39
16	84 15
16	84 16
16	84 17
16	83 17
16	85 16
16	79 104
16	84 18
16	84 19
16	83 19
16	85 19
16	79 15
16	84 20
16	84 1
16	83 1
16	85 20
16	79 128
16	84 2
16	84 3
16	83 3
16	85 3
16	79 27
16	84 4
16	84 5
16	84 6
16	83 6
16	85 5
16	79 115
16	84 7
16	84 8
16	83 8
16	85 8
16	79 12
16	84 9
16	84 10
16	83 10
16	85 9
16	79 130
16	84 11
16	84 12
16	84 13
16	83 13
16	85 13
16	79 13
16	84 14
16	84 15
16	83 15
16	85 14
16	79 111
16	84 16
16	84 17
16	83 17
16	85 17
16	79 45
16	84 18
16	84 19
16	84 20
16	83 20
16	85 19
16	79 107
16	84 1
16	84 2
16	83 2
16	85 2
16	79 18
16	84 3
16	84 4
16	83 4
16	85 3
16	79 130
16	84 5
16	84 6
16	84 7
16	83 7
16	85 6
16	79 95
16	84 8
16	83 8
16	85 7
16	79 108
16	84 9
16	84 10
16	83 10
16	85 10
16	79 15
16	84 11
16	84 12
16	83 12
16	85 11
16	79 112
16	83 12
16	85 12
16	79 39
16	84 13
16	84 14
16	83 14
16	85 14
16	79 64
16	84 15
16	84 16
16	84 17
16	83 17
16	85 17
16	79 16
16	84 18
16	84 19
16	84 20
16	83 20
16	85 18
16	79 172
16	83 20
16	85 20
16	79 19
16	84 1
16	84 2
16	84 3
16	83 3
16	85 3
16	79 16
16	84 4
16	84 5
16	83 5
16	85 4
16	79 151
16	84 6
16	84 7
16	84 8
16	83 8
16	85 8
16	79 15
16	84 9
16	84 10
16	84 11
16	83 11
16	85 10
16	79 100
16	83 11
16	85 11
16	79 28
16	84 12
16	84 13
16	84 14
16	84 15
16	83 15
16	85 15
16	79 17
16	84 16
16	84 17
16	84 18
16	83 18
16	85 16
16	79 178
16	83 18
16	85 18
16	79 27
16	84 19
16	84 20
16	84 1
16	83 1
16	85 1
16	79 18
16	84 2
16	84 3
16	84 4
16	83 4
16	85 2
16	79 171
16	83 4
16	85 4
16	79 18
16	84 5
16	83 5
16	85 5
16	79 78
16	84 6
16	84 7
16	84 8
16	83 8
16	85 8
16	79 49
16	84 9
16	84 10
16	84 11
16	83 11
16	85 10
16	79 102
16	84 12
16	84 13
16	83 13
16	85 13
16	79 15
16	84 14
16	84 15
16	83 15
16	85 14
16	79 104
16	84 16
16	84 17
16	83 17
16	85 17
16	79 41
16	84 18
16	84 19
16	84 20
16	83 20
16	85 19
16	79 106
16	84 1
16	84 2
16	83 2
16	85 2
16	79 15
16	84 3
16	84 4
16	84 5
16	83 5
16	85 3
16	79 176
16	84 6
16	83 6
16	85 6
16	79 19
16	84 7
16	84 8
16	84 9
16	83 9
16	85 8
16	79 102
16	84 10
16	84 11
16	83 11
16	85 11
16	79 13
16	84 12
16	84 13
16	83 13
16	85 12
16	79 113
16	84 14
16	84 15
16	83 15
16	85 15
16	79 26
16	84 16
16	84 17
16	84 18
16	83 18
16	85 17
16	79 118
16	83 18
16	85 18
16	79 46
16	84 19
16	84 20
16	84 1
16	83 1
16	85 1
16	79 24
16	84 2
16	84 3
16	84 4
16	83 4
16	85 3
16	79 104
16	84 5
16	84 6
16	83 6
16	85 6
16	79 13
16	84 7
16	84 8
16	83 8
16	85 7
16	79 160
16	84 9
16	84 10
16	84 11
16	83 11
16	85 10
16	79 99
16	83 11
16	85 11
16	79 29
16	84 12
16	84 13
16	83 13
16	85 12
16	79 101
16	84 14
16	84 15
16	84 16
16	83 16
16	85 15
16	79 98
16	83 16
16	85 16
16	79 25
16	84 17
16	84 18
16	84 19
16	83 19
16	85 18
16	79 107
16	84 20
16	84 1
16	83 1
16	85 1
16	79 14
16	84 2
16	84 3
16	83 3
16	85 2
16	79 109
16	83 3
16	85 3
16	79 46
16	84 4
16	84 5
16	83 5
16	85 5
16	79 69
16	84 6
16	84 7
16	84 8
16	84 9
16	83 9
16	85 8
16	79 94
16	84 10
16	TEST_NUMBER 4
16	SENT_TOTAL 250
16	RECEIVED_TOTAL 116
16	TIME_TOTAL 29804
16	RECEIVED_RADIO_1 3
16	RECEIVED_RADIO_2 117
16	SENT_RADIO_1 76
16	SENT_RADIO_2 167
16	RADIO_TIME_1 19763
16	RADIO_TIME_2 29869
16	RETRANSMISSIONS_1 333
16	RETRANSMISSIONS_2 1
16	DROPPED_1 7
16	DROPPED_2 0
16	MAX_QUEUE 2
16	DUPLICATED_1 0
16	DUPLICATED_2 1
16	EBUSY_RADIO_1 0
16	EBUSY_RADIO_2 0
16	83 0
16	85 10
16	86 4
16	84 1
16	84 2
16	84 3
16	83 3
16	85 3
16	79 13
16	84 4
16	84 5
16	84 6
16	83 6
16	85 4
16	79 173
16	84 7
16	83 7
16	85 7
16	79 25
16	84 8
16	84 9
16	84 10
16	83 10
16	85 9
16	79 118
16	84 11
16	84 12
16	83 12
16	85 12
16	79 18
16	84 13
16	84 14
16	84 15
16	83 15
16	85 13
16	79 174
16	83 15
16	85 15
16	79 31
16	84 16
16	84 17
16	84 18
16	83 18
16	85 18
16	79 40
16	84 19
16	84 20
16	84 1
16	83 1
16	85 20
16	79 100
16	84 2
16	84 3
16	83 3
16	85 3
16	79 17
16	84 4
16	84 5
16	83 5
16	85 4
16	79 128
16	84 6
16	84 7
16	84 8
16	83 8
16	85 7
16	79 92
16	84 9
16	83 9
16	85 8
16	79 103
16	83 9
16	85 9
16	79 30
16	84 10
16	84 11
16	83 11
16	85 11
16	79 16
16	84 12
16	84 13
16	84 14
16	83 14
16	85 14
16	79 14
16	84 15
16	84 16
16	83 16
16	85 15
16	79 102
16	83 16
16	85 16
16	79 29
16	84 17
16	84 18
16	84 19
16	83 19
16	85 18
16	79 82
16	84 20
16	84 1
16	83 1
16	85 1
16	79 13
16	84 2
16	84 3
16	83 3
16	85 2
16	79 102
16	83 3
16	85 3
16	79 31
16	84 4
16	84 5
16	84 6
16	83 6
16	85 5
16	79 107
16	84 7
16	84 8
16	83 8
16	85 8
16	79 13
16	84 9
16	84 10
16	84 11
16	83 11
16	85 10
16	79 102
16	83 11
16	85 11
16	79 28
16	84 12
16	84 13
16	84 14
16	83 14
16	85 14
16	79 25
16	84 15
16	84 16
16	84 17
16	83 17
16	85 16
16	79 113
16	84 18
16	84 19
16	83 19
16	85 19
16	79 15
16	84 20
16	84 1
16	83 1
16	85 20
16	79 116
16	84 2
16	84 3
16	84 4
16	83 4
16	85 3
16	79 97
16	83 4
16	85 4
16	79 26
16	84 5
16	84 6
16	83 6
16	85 5
16	79 116
16	84 7
16	84 8
16	84 9
16	83 9
16	85 8
16	79 90
16	84 10
16	84 11
16	83 11
16	85 10
16	79 101
16	83 11
16	85 11
16	79 27
16	84 12
16	84 13
16	83 13
16	85 13
16	79 21
16	84 14
16	84 15
16	84 16
16	83 16
16	85 16
16	79 15
16	84 17
16	84 18
16	83 18
16	85 17
16	79 111
16	83 18
16	85 18
16	79 39
16	84 19
16	84 20
16	84 1
16	83 1
16	85 20
16	79 88
16	84 2
16	84 3
16	83 3
16	85 3
16	79 36
16	84 4
16	84 5
16	84 6
16	83 6
16	85 5
16	79 102
16	83 6
16	85 6
16	79 30
16	84 7
16	84 8
16	84 9
16	84 10
16	83 10
16	85 10
16	79 12
16	84 11
16	84 12
16	84 13
16	83 13
16	85 11
16	79 162
16	84 14
16	83 14
16	85 14
16	79 77
16	84 15
16	84 16
16	84 17
16	83 17
16	85 16
16	79 116
16	84 18
16	84 19
16	83 19
16	85 19
16	79 15
16	84 20
16	84 1
16	84 2
16	83 2
16	85 1
16	79 103
16	83 2
16	85 2
16	79 30
16	84 3
16	84 4
16	84 5
16	83 5
16	85 5
16	79 23
16	84 6
16	84 7
16	84 8
16	83 8
16	85 7
16	79 107
16	84 9
16	84 10
16	83 10
16	85 10
16	79 13
16	84 11
16	84 12
16	84 13
16	83 13
16	85 12
16	79 124
16	84 14
16	84 15
16	84 16
16	83 16
16	85 16
16	79 13
16	84 17
16	84 18
16	83 18
16	85 17
16	79 157
16	84 19
16	84 20
16	83 20
16	85 20
16	79 79
16	84 1
16	84 2
16	84 3
16	83 3
16	85 2
16	79 103
16	84 4
16	84 5
16	83 5
16	85 5
16	79 14
16	84 6
16	84 7
16	84 8
16	83 8
16	85 6
16	79 176
16	84 9
16	84 10
16	83 10
16	85 9
16	79 97
16	83 10
16	85 10
16	79 25
16	84 11
16	84 12
16	84 13
16	83 13
16	85 12
16	79 89
16	84 14
16	84 15
16	83 15
16	85 15
16	79 17
16	84 16
16	84 17
16	84 18
16	83 18
16	85 16
16	79 161
16	84 19
16	83 19
16	85 19
16	79 25
16	84 20
16	84 1
16	84 2
16	83 2
16	85 1
16	79 101
16	83 2
16	85 2
16	79 27
16	84 3
16	84 4
16	84 5
16	84 6
16	83 6
16	85 5
16	79 85
16	84 7
16	84 8
16	83 8
16	85 7
16	79 121
16	84 9
16	84 10
16	83 10
16	85 10
16	79 14
16	84 11
16	84 12
16	83 12
16	85 11
16	79 145
16	84 13
16	84 14
16	83 14
16	85 14
16	79 33
16	84 15
16	84 16
16	84 17
16	83 17
16	85 16
16	79 110
16	84 18
16	84 19
16	83 19
16	85 19
16	79 12
16	84 20
16	84 1
16	84 2
16	83 2
16	85 1
16	79 103
16	84 3
16	84 4
16	83 4
16	85 4
16	79 18
16	84 5
16	84 6
16	84 7
16	83 7
16	85 5
16	79 174
16	83 7
16	85 7
16	79 21
16	84 8
16	84 9
16	84 10
16	83 10
16	85 10
16	79 18
16	84 11
16	84 12
16	83 12
16	85 11
16	79 135
16	84 13
16	84 14
16	83 14
16	85 14
16	79 36
16	84 15
16	84 16
16	84 17
16	83 17
16	85 16
16	79 108
16	84 18
16	83 18
16	85 18
16	79 22
16	84 19
16	84 20
16	83 20
16	85 19
16	79 109
16	84 1
16	84 2
16	83 2
16	85 2
16	79 43
16	84 3
16	84 4
16	84 5
16	83 5
16	85 4
16	79 125
16	84 6
16	84 7
16	83 7
16	85 7
16	79 79
16	84 8
16	84 9
16	84 10
16	83 10
16	85 9
16	79 108
16	84 11
16	83 11
16	85 11
16	79 29
16	84 12
16	84 13
16	84 14
16	83 14
16	85 13
16	79 110
16	84 15
16	84 16
16	83 16
16	85 16
16	79 15
16	84 17
16	84 18
16	84 19
16	83 19
16	85 17
16	79 175
16	83 19
16	85 19
16	79 21
16	84 20
16	84 1
16	84 2
16	83 2
16	85 2
16	79 16
16	84 3
16	84 4
16	83 4
16	85 3
16	79 156
16	84 5
16	84 6
16	83 6
16	85 6
16	79 44
16	84 7
16	84 8
16	84 9
16	83 9
16	85 8
16	79 105
16	84 10
16	84 11
16	83 11
16	85 11
16	79 13
16	84 12
16	84 13
16	83 13
16	85 12
16	79 137
16	84 14
16	84 15
16	83 15
16	85 15
16	79 66
16	84 16
16	84 17
16	84 18
16	83 18
16	85 17
16	79 98
16	83 18
16	85 18
16	79 25
16	84 19
16	84 20
16	84 1
16	83 1
16	85 1
16	79 21
16	84 2
16	84 3
16	84 4
16	83 4
16	85 3
16	79 115
16	84 5
16	84 6
16	83 6
16	85 6
16	79 17
16	84 7
16	84 8
16	83 8
16	85 7
16	79 151
16	84 9
16	84 10
16	83 10
16	85 10
16	79 67
16	84 11
16	84 12
16	84 13
16	83 13
16	85 12
16	79 121
16	84 14
16	84 15
16	83 15
16	85 15
16	79 18
16	84 16
16	84 17
16	83 17
16	85 16
16	79 151
16	84 18
16	84 19
16	83 19
16	85 19
16	79 24
16	84 20
16	84 1
16	84 2
16	83 2
16	85 1
16	79 110
16	84 3
16	83 3
16	85 3
16	79 29
16	84 4
16	84 5
16	84 6
16	83 6
16	85 5
16	79 111
16	84 7
16	84 8
16	83 8
16	85 8
16	79 13
16	84 9
16	84 10
16	TEST_NUMBER 5
16	SENT_TOTAL 250
16	RECEIVED_TOTAL 117
16	TIME_TOTAL 29626
16	RECEIVED_RADIO_1 0
16	RECEIVED_RADIO_2 118
16	SENT_RADIO_1 75
16	SENT_RADIO_2 168
16	RADIO_TIME_1 19843
16	RADIO_TIME_2 29698
16	RETRANSMISSIONS_1 339
16	RETRANSMISSIONS_2 2
16	DROPPED_1 8
16	DROPPED_2 0
16	MAX_QUEUE 2
16	DUPLICATED_1 0
16	DUPLICATED_2 0
16	EBUSY_RADIO_1 0
16	EBUSY_RADIO_2 0
16	83 0
16	85 9
16	86 5
16	84 1
16	84 2
16	84 3
16	83 3
16	85 3
16	79 14
16	84 4
16	84 5
16	83 5
16	85 4
16	79 134
16	84 6
16	84 7
16	84 8
16	83 8
16	85 7
16	79 97
16	83 8
16	85 8
16	79 22
16	84 9
16	84 10
16	84 11
16	83 11
16	85 10
16	79 100
16	84 12
16	84 13
16	83 13
16	85 13
16	79 13
16	84 14
16	84 15
16	84 16
16	83 16
16	85 14
16	79 173
16	84 17
16	83 17
16	85 17
16	79 27
16	84 18
16	84 19
16	84 20
16	83 20
16	85 19
16	79 102
16	84 1
16	84 2
16	83 2
16	85 2
16	79 13
16	84 3
16	84 4
16	83 4
16	85 3
16	79 101
16	83 4
16	85 4
16	79 27
16	84 5
16	84 6
16	84 7
16	83 7
16	85 6
16	79 84
16	84 8
16	83 8
16	85 8
16	79 31
16	84 9
16	84 10
16	84 11
16	83 11
16	85 10
16	79 121
16	84 12
16	84 13
16	84 14
16	83 14
16	85 14
16	79 14
16	84 15
16	84 16
16	83 16
16	85 15
16	79 119
16	84 17
16	84 18
16	84 19
16	83 19
16	85 19
16	79 13
16	84 20
16	84 1
16	84 2
16	83 2
16	85 20
16	79 173
16	83 2
16	85 2
16	79 20
16	84 3
16	84 4
16	84 5
16	83 5
16	85 5
16	79 15
16	84 6
16	84 7
16	83 7
16	85 6
16	79 123
16	84 8
16	84 9
16	84 10
16	83 10
16	85 9
16	79 101
16	83 10
16	85 10
16	79 31
16	84 11
16	84 12
16	83 12
16	85 11
16	79 108
16	84 13
16	84 14
16	84 15
16	83 15
16	85 14
16	79 98
16	83 15
16	85 15
16	79 25
16	84 16
16	84 17
16	83 17
16	85 16
16	79 111
16	84 18
16	84 19
16	84 20
16	83 20
16	85 19
16	79 100
16	83 20
16	85 20
16	79 30
16	84 1
16	84 2
16	84 3
16	83 3
16	85 2
16	79 100
16	84 4
16	84 5
16	83 5
16	85 5
16	79 16
16	84 6
16	84 7
16	84 8
16	83 8
16	85 6
16	79 161
16	84 9
16	83 9
16	85 9
16	79 31
16	84 10
16	84 11
16	84 12
16	83 12
16	85 11
16	79 137
16	84 13
16	83 13
16	85 13
16	79 19
16	84 14
16	84 15
16	84 16
16	83 16
16	85 15
16	79 106
16	84 17
16	83 17
16	85 17
16	79 20
16	84 18
16	84 19
16	84 20
16	83 20
16	85 19
16	79 118
16	84 1
16	83 1
16	85 1
16	79 23
16	84 2
16	84 3
16	84 4
16	83 4
16	85 3
16	79 104
16	83 4
16	85 4
16	79 33
16	84 5
16	84 6
16	84 7
16	83 7
16	85 7
16	79 66
16	84 8
16	84 9
16	84 10
16	83 10
16	85 9
16	79 118
16	84 11
16	84 12
16	83 12
16	85 12
16	79 15
16	84 13
16	84 14
16	84 15
16	83 15
16	85 14
16	79 101
16	84 16
16	84 17
16	84 18
16	83 18
16	85 17
16	79 87
16	84 19
16	84 20
16	83 20
16	85 19
16	79 134
16	84 1
16	84 2
16	83 2
16	85 2
16	79 79
16	84 3
16	84 4
16	84 5
16	83 5
16	85 4
16	79 109
16	84 6
16	84 7
16	83 7
16	85 7
16	79 16
16	84 8
16	84 9
16	83 9
16	85 8
16	79 111
16	84 10
16	84 11
16	83 11
16	85 11
16	79 64
16	84 12
16	84 13
16	84 14
16	83 14
16	85 13
16	79 121
16	84 15
16	84 16
16	83 16
16	85 16
16	79 13
16	84 17
16	84 18
16	83 18
16	85 17
16	79 98
16	83 18
16	85 18
16	79 25
16	84 19
16	84 20
16	84 1
16	83 1
16	85 20
16	79 86
16	84 2
16	84 3
16	83 3
16	85 3
16	79 17
16	84 4
16	84 5
16	84 6
16	83 6
16	85 5
16	79 99
16	84 7
16	83 7
16	85 7
16	79 20
16	84 8
16	84 9
16	84 10
16	83 10
16	85 9
16	79 105
16	84 11
16	84 12
16	83 12
16	85 12
16	79 15
16	84 13
16	84 14
16	83 14
16	85 13
16	79 113
16	84 15
16	84 16
16	83 16
16	85 16
16	79 42
16	84 17
16	84 18
16	84 19
16	83 19
16	85 18
16	79 116
16	84 20
16	84 1
16	84 2
16	83 2
16	85 1
16	79 96
16	83 2
16	85 2
16	79 25
16	84 3
16	84 4
16	83 4
16	85 3
16	79 104
16	84 5
16	84 6
16	83 6
16	85 6
16	79 49
16	84 7
16	84 8
16	84 9
16	83 9
16	85 8
16	79 103
16	84 10
16	84 11
16	83 11
16	85 11
16	79 18
16	84 12
16	84 13
16	83 13
16	85 12
16	79 124
16	84 14
16	84 15
16	83 15
16	85 15
16	79 47
16	84 16
16	84 17
16	84 18
16	83 18
16	85 17
16	79 114
16	84 19
16	84 20
16	83 20
16	85 20
16	79 61
16	84 1
16	84 2
16	84 3
16	83 3
16	85 2
16	79 127
16	84 4
16	84 5
16	83 5
16	85 5
16	79 18
16	84 6
16	84 7
16	83 7
16	85 6
16	79 102
16	83 7
16	85 7
16	79 31
16	84 8
16	84 9
16	84 10
16	83 10
16	85 9
16	79 90
16	84 11
16	84 12
16	83 12
16	85 12
16	79 14
16	84 13
16	84 14
16	83 14
16	85 13
16	79 98
16	83 14
16	85 14
16	79 26
16	84 15
16	84 16
16	84 17
16	83 17
16	85 16
16	79 97
16	84 18
16	84 19
16	83 19
16	85 19
16	79 13
16	84 20
16	84 1
16	83 1
16	85 20
16	79 100
16	83 1
16	85 1
16	79 26
16	84 2
16	84 3
16	84 4
16	83 4
16	85 3
16	79 84
16	84 5
16	83 5
16	85 5
16	79 19
16	84 6
16	84 7
16	84 8
16	83 8
16	85 7
16	79 108
16	84 9
16	84 10
16	83 10
16	85 10
16	79 15
16	84 11
16	84 12
16	83 12
16	85 11
16	79 129
16	84 13
16	84 14
16	83 14
16	85 14
16	79 21
16	84 15
16	84 16
16	84 17
16	83 17
16	85 16
16	79 114
16	84 18
16	83 18
16	85 18
16	79 18
16	84 19
16	84 20
16	84 1
16	83 1
16	85 20
16	79 106
16	84 2
16	84 3
16	83 3
16	85 3
16	79 16
16	84 4
16	84 5
16	83 5
16	85 4
16	79 152
16	84 6
16	84 7
16	84 8
16	83 8
16	85 7
16	79 98
16	83 8
16	85 8
16	79 26
16	84 9
16	84 10
16	84 11
16	83 11
16	85 10
16	79 110
16	84 12
16	84 13
16	83 13
16	85 13
16	79 12
16	84 14
16	84 15
16	84 16
16	83 16
16	85 14
16	79 178
16	84 17
16	83 17
16	85 17
16	79 23
16	84 18
16	84 19
16	84 20
16	83 20
16	85 19
16	79 119
16	84 1
16	84 2
16	83 2
16	85 2
16	79 18
16	84 3
16	84 4
16	84 5
16	83 5
16	85 3
16	79 163
16	84 6
16	83 6
16	85 6
16	79 22
16	84 7
16	84 8
16	84 9
16	83 9
16	85 8
16	79 98
16	84 10
16	84 11
16	83 11
16	85 11
16	79 18
16	84 12
16	84 13
16	83 13
16	85 12
16	79 123
16	84 14
16	84 15
16	83 15
16	85 15
16	79 23
16	84 16
16	84 17
16	84 18
16	83 18
16	85 17
16	79 111
16	84 19
16	84 20
16	83 20
16	85 20
16	79 13
16	84 1
16	84 2
16	84 3
16	83 3
16	85 1
16	79 188
16	84 4
16	84 5
16	83 5
16	85 5
16	79 13
16	84 6
16	84 7
16	84 8
16	83 8
16	85 6
16	79 173
16	83 8
16	85 8
16	79 21
16	84 9
16	84 10
16	TEST_NUMBER 6
16	SENT_TOTAL 250
16	RECEIVED_TOTAL 119
16	TIME_TOTAL 29702
16	RECEIVED_RADIO_1 0
16	RECEIVED_RADIO_2 120
16	SENT_RADIO_1 60
16	SENT_RADIO_2 169
16	RADIO_TIME_1 19753
16	RADIO_TIME_2 29840
16	RETRANSMISSIONS_1 376
16	RETRANSMISSIONS_2 2
16	DROPPED_1 19
16	DROPPED_2 0
16	MAX_QUEUE 2
16	DUPLICATED_1 0
16	DUPLICATED_2 0
16	EBUSY_RADIO_1 0
16	EBUSY_RADIO_2 0
16	83 0
16	85 10
16	86 6

19	RELAY_NODE 19
19	TEST_NUMBER 0
19	SENT_TOTAL 0
19	RECEIVED_TOTAL 0
19	TIME_TOTAL 0
19	RECEIVED_RADIO_1 48
19	RECEIVED_RADIO_2 29
19	SENT_RADIO_1 28
19	SENT_RADIO_2 48
19	RADIO_TIME_1 18437
19	RADIO_TIME_2 18437
19	RETRANSMISSIONS_1 8
19	RETRANSMISSIONS_2 1
19	DROPPED_1 0
19	DROPPED_2 0
19	MAX_QUEUE 1
19	DUPLICATED_1 0
19	DUPLICATED_2 0
19	EBUSY_RADIO_1 0
19	EBUSY_RADIO_2 0
19	TEST_NUMBER 1
19	SENT_TOTAL 0
19	RECEIVED_TOTAL 0
19	TIME_TOTAL 0
19	RECEIVED_RADIO_1 58
19	RECEIVED_RADIO_2 60
19	SENT_RADIO_1 59
19	SENT_RADIO_2 58
19	RADIO_TIME_1 29385
19	RADIO_TIME_2 29385
19	RETRANSMISSIONS_1 62
19	RETRANSMISSIONS_2 10
19	DROPPED_1 0
19	DROPPED_2 1
19	MAX_QUEUE 2
19	DUPLICATED_1 2
19	DUPLICATED_2 1
19	EBUSY_RADIO_1 0
19	EBUSY_RADIO_2 0
19	TEST_NUMBER 2
19	SENT_TOTAL 0
19	RECEIVED_TOTAL 0
19	TIME_TOTAL 0
19	RECEIVED_RADIO_1 62
19	RECEIVED_RADIO_2 64
19	SENT_RADIO_1 65
19	SENT_RADIO_2 62
19	RADIO_TIME_1 29793
19	RADIO_TIME_2 29793
19	RETRANSMISSIONS_1 47
19	RETRANSMISSIONS_2 1
19	DROPPED_1 0
19	DROPPED_2 0
19	MAX_QUEUE 2
19	DUPLICATED_1 1
19	DUPLICATED_2 4
19	EBUSY_RADIO_1 0
19	EBUSY_RADIO_2 0
19	TEST_NUMBER 3
19	SENT_TOTAL 0
19	RECEIVED_TOTAL 0
19	TIME_TOTAL 0
19	RECEIVED_RADIO_1 73
19	RECEIVED_RADIO_2 53
19	SENT_RADIO_1 52
19	SENT_RADIO_2 73
19	RADIO_TIME_1 29363
19	RADIO_TIME_2 29363
19	RETRANSMISSIONS_1 34
19	RETRANSMISSIONS_2 1
19	DROPPED_1 0
19	DROPPED_2 0
19	MAX_QUEUE 2
19	DUPLICATED_1 1
19	DUPLICATED_2 1
19	EBUSY_RADIO_1 0
19	EBUSY_RADIO_2 0
19	TEST_NUMBER 4
19	SENT_TOTAL 0
19	RECEIVED_TOTAL 0
19	TIME_TOTAL 0
19	RECEIVED_RADIO_1 77
19	RECEIVED_RADIO_2 6
19	SENT_RADIO_1 7
19	SENT_RADIO_2 77
19	RADIO_TIME_1 29674
19	RADIO_TIME_2 29674
19	RETRANSMISSIONS_1 7
19	RETRANSMISSIONS_2 1
19	DROPPED_1 0
19	DROPPED_2 0
19	MAX_QUEUE 1
19	DUPLICATED_1 2
19	DUPLICATED_2 0
19	EBUSY_RADIO_1 0
19	EBUSY_RADIO_2 0
19	TEST_NUMBER 5
19	SENT_TOTAL 0
19	RECEIVED_TOTAL 0
19	TIME_TOTAL 0
19	RECEIVED_RADIO_1 76
19	RECEIVED_RADIO_2 0
19	SENT_RADIO_1 0
19	SENT_RADIO_2 76
19	RADIO_TIME_1 29658
19	RADIO_TIME_2 29658
19	RETRANSMISSIONS_1 0
19	RETRANSMISSIONS_2 3
19	DROPPED_1 0
19	DROPPED_2 0
19	MAX_QUEUE 1
19	DUPLICATED_1 0
19	DUPLICATED_2 0
19	EBUSY_RADIO_1 0
19	EBUSY_RADIO_2 0
19	TEST_NUMBER 6
19	SENT_TOTAL 0
19	RECEIVED_TOTAL 0
19	TIME_TOTAL 0
19	RECEIVED_RADIO_1 65
19	RECEIVED_RADIO_2 0
19	SENT_RADIO_1 0
19	SENT_RADIO_2 64
19	RADIO_TIME_1 29816
19	RADIO_TIME_2 29816
19	RETRANSMISSIONS_1 0
19	RETRANSMISSIONS_2 1
19	DROPPED_1 0
19	DROPPED_2 0
19	MAX_QUEUE 1
19	DUPLICATED_1 4
19	DUPLICATED_2 0
19	EBUSY_RADIO_1 0
19	EBUSY_RADIO_2 0

21	RELAY_NODE 21
21	TEST_NUMBER 0
21	SENT_TOTAL 0
21	RECEIVED_TOTAL 0
21	TIME_TOTAL 0
21	RECEIVED_RADIO_1 48
21	RECEIVED_RADIO_2 38
21	SENT_RADIO_1 30
21	SENT_RADIO_2 11
21	RADIO_TIME_1 19909
21	RADIO_TIME_2 19915
21	RETRANSMISSIONS_1 179
21	RETRANSMISSIONS_2 390
21	DROPPED_1 7
21	DROPPED_2 37
21	MAX_QUEUE 4
21	DUPLICATED_1 14
21	DUPLICATED_2 4
21	EBUSY_RADIO_1 0
21	EBUSY_RADIO_2 0
21	TEST_NUMBER 1
21	SENT_TOTAL 0
21	RECEIVED_TOTAL 0
21	TIME_TOTAL 0
21	RECEIVED_RADIO_1 53
21	RECEIVED_RADIO_2 83
21	SENT_RADIO_1 57
21	SENT_RADIO_2 43
21	RADIO_TIME_1 19853
21	RADIO_TIME_2 19882
21	RETRANSMISSIONS_1 428
21	RETRANSMISSIONS_2 189
21	DROPPED_1 24
21	DROPPED_2 13
21	MAX_QUEUE 2
21	DUPLICATED_1 16
21	DUPLICATED_2 8
21	EBUSY_RADIO_1 1
21	EBUSY_RADIO_2 0
21	TEST_NUMBER 2
21	SENT_TOTAL 0
21	RECEIVED_TOTAL 0
21	TIME_TOTAL 0
21	RECEIVED_RADIO_1 58
21	RECEIVED_RADIO_2 78
21	SENT_RADIO_1 56
21	SENT_RADIO_2 51
21	RADIO_TIME_1 19861
21	RADIO_TIME_2 19861
21	RETRANSMISSIONS_1 330
21	RETRANSMISSIONS_2 204
21	DROPPED_1 15
21	DROPPED_2 12
21	MAX_QUEUE 3
21	DUPLICATED_1 9
21	DUPLICATED_2 5
21	EBUSY_RADIO_1 1
21	EBUSY_RADIO_2 0
21	TEST_NUMBER 3
21	SENT_TOTAL 0
21	RECEIVED_TOTAL 0
21	TIME_TOTAL 0
21	RECEIVED_RADIO_1 72
21	RECEIVED_RADIO_2 66
21	SENT_RADIO_1 50
21	SENT_RADIO_2 45
21	RADIO_TIME_1 19458
21	RADIO_TIME_2 19451
21	RETRANSMISSIONS_1 335
21	RETRANSMISSIONS_2 368
21	DROPPED_1 21
21	DROPPED_2 22
21	MAX_QUEUE 3
21	DUPLICATED_1 22
21	DUPLICATED_2 9
21	EBUSY_RADIO_1 1
21	EBUSY_RADIO_2 0
21	TEST_NUMBER 4
21	SENT_TOTAL 0
21	RECEIVED_TOTAL 0
21	TIME_TOTAL 0
21	RECEIVED_RADIO_1 78
21	RECEIVED_RADIO_2 1
21	SENT_RADIO_1 2
21	SENT_RADIO_2 65
21	RADIO_TIME_1 19362
21	RADIO_TIME_2 19371
21	RETRANSMISSIONS_1 19
21	RETRANSMISSIONS_2 266
21	DROPPED_1 1
21	DROPPED_2 13
21	MAX_QUEUE 3
21	DUPLICATED_1 16
21	DUPLICATED_2 1
21	EBUSY_RADIO_1 0
21	EBUSY_RADIO_2 0
21	TEST_NUMBER 5
21	SENT_TOTAL 0
21	RECEIVED_TOTAL 0
21	TIME_TOTAL 0
21	RECEIVED_RADIO_1 78
21	RECEIVED_RADIO_2 0
21	SENT_RADIO_1 0
21	SENT_RADIO_2 73
21	RADIO_TIME_1 19790
21	RADIO_TIME_2 19808
21	RETRANSMISSIONS_1 0
21	RETRANSMISSIONS_2 148
21	DROPPED_1 0
21	DROPPED_2 5
21	MAX_QUEUE 3
21	DUPLICATED_1 14
21	DUPLICATED_2 0
21	EBUSY_RADIO_1 0
21	EBUSY_RADIO_2 0
21	TEST_NUMBER 6
21	SENT_TOTAL 0
21	RECEIVED_TOTAL 0
21	TIME_TOTAL 0
21	RECEIVED_RADIO_1 60
21	RECEIVED_RADIO_2 0
21	SENT_RADIO_1 0
21	SENT_RADIO_2 52
21	RADIO_TIME_1 17962
21	RADIO_TIME_2 17962
21	RETRANSMISSIONS_1 0
21	RETRANSMISSIONS_2 222
21	DROPPED_1 0
21	DROPPED_2 8
21	MAX_QUEUE 3
21	DUPLICATED_1 9
21	DUPLICATED_2 0
21	EBUSY_RADIO_1 0
21	EBUSY_RADIO_2 0

22	RELAY_NODE 22
22	TEST_NUMBER 0
22	SENT_TOTAL 0
22	RECEIVED_TOTAL 0
22	TIME_TOTAL 0
22	RECEIVED_RADIO_1 30
22	RECEIVED_RADIO_2 45
22	SENT_RADIO_1 39
22	SENT_RADIO_2 29
22	RADIO_TIME_1 17434
22	RADIO_TIME_2 17434
22	RETRANSMISSIONS_1 110
22	RETRANSMISSIONS_2 30
22	DROPPED_1 4
22	DROPPED_2 3
22	MAX_QUEUE 2
22	DUPLICATED_1 8
22	DUPLICATED_2 0
22	EBUSY_RADIO_1 1
22	EBUSY_RADIO_2 0
22	TEST_NUMBER 1
22	SENT_TOTAL 0
22	RECEIVED_TOTAL 0
22	TIME_TOTAL 0
22	RECEIVED_RADIO_1 56
22	RECEIVED_RADIO_2 59
22	SENT_RADIO_1 58
22	SENT_RADIO_2 56
22	RADIO_TIME_1 29732
22	RADIO_TIME_2 29724
22	RETRANSMISSIONS_1 104
22	RETRANSMISSIONS_2 11
22	DROPPED_1 0
22	DROPPED_2 1
22	MAX_QUEUE 2
22	DUPLICATED_1 12
22	DUPLICATED_2 0
22	EBUSY_RADIO_1 1
22	EBUSY_RADIO_2 0
22	TEST_NUMBER 2
22	SENT_TOTAL 0
22	RECEIVED_TOTAL 0
22	TIME_TOTAL 0
22	RECEIVED_RADIO_1 65
22	RECEIVED_RADIO_2 59
22	SENT_RADIO_1 55
22	SENT_RADIO_2 64
22	RADIO_TIME_1 29549
22	RADIO_TIME_2 29513
22	RETRANSMISSIONS_1 69
22	RETRANSMISSIONS_2 34
22	DROPPED_1 1
22	DROPPED_2 3
22	MAX_QUEUE 2
22	DUPLICATED_1 22
22	DUPLICATED_2 0
22	EBUSY_RADIO_1 0
22	EBUSY_RADIO_2 0
22	TEST_NUMBER 3
22	SENT_TOTAL 0
22	RECEIVED_TOTAL 0
22	TIME_TOTAL 0
22	RECEIVED_RADIO_1 54
22	RECEIVED_RADIO_2 72
22	SENT_RADIO_1 70
22	SENT_RADIO_2 54
22	RADIO_TIME_1 29569
22	RADIO_TIME_2 29550
22	RETRANSMISSIONS_1 129
22	RETRANSMISSIONS_2 12
22	DROPPED_1 1
22	DROPPED_2 1
22	MAX_QUEUE 2
22	DUPLICATED_1 19
22	DUPLICATED_2 0
22	EBUSY_RADIO_1 0
22	EBUSY_RADIO_2 0
22	TEST_NUMBER 4
22	SENT_TOTAL 0
22	RECEIVED_TOTAL 0
22	TIME_TOTAL 0
22	RECEIVED_RADIO_1 9
22	RECEIVED_RADIO_2 80
22	SENT_RADIO_1 79
22	SENT_RADIO_2 9
22	RADIO_TIME_1 29669
22	RADIO_TIME_2 29669
22	RETRANSMISSIONS_1 120
22	RETRANSMISSIONS_2 10
22	DROPPED_1 1
22	DROPPED_2 1
22	MAX_QUEUE 2
22	DUPLICATED_1 4
22	DUPLICATED_2 0
22	EBUSY_RADIO_1 1
22	EBUSY_RADIO_2 0
22	TEST_NUMBER 5
22	SENT_TOTAL 0
22	RECEIVED_TOTAL 0
22	TIME_TOTAL 0
22	RECEIVED_RADIO_1 0
22	RECEIVED_RADIO_2 74
22	SENT_RADIO_1 72
22	SENT_RADIO_2 0
22	RADIO_TIME_1 29646
22	RADIO_TIME_2 29588
22	RETRANSMISSIONS_1 122
22	RETRANSMISSIONS_2 0
22	DROPPED_1 1
22	DROPPED_2 0
22	MAX_QUEUE 2
22	DUPLICATED_1 0
22	DUPLICATED_2 1
22	EBUSY_RADIO_1 0
22	EBUSY_RADIO_2 0
22	TEST_NUMBER 6
22	SENT_TOTAL 0
22	RECEIVED_TOTAL 0
22	TIME_TOTAL 0
22	RECEIVED_RADIO_1 0
22	RECEIVED_RADIO_2 64
22	SENT_RADIO_1 62
22	SENT_RADIO_2 0
22	RADIO_TIME_1 29559
22	RADIO_TIME_2 29559
22	RETRANSMISSIONS_1 110
22	RETRANSMISSIONS_2 0
22	DROPPED_1 2
22	DROPPED_2 0
22	MAX_QUEUE 2
22	DUPLICATED_1 0
22	DUPLICATED_2 0
22	EBUSY_RADIO_1 1
22	EBUSY_RADIO_2 0
