
12	RELAY_NODE 12
12	TEST_NUMBER 0
12	SENT_TOTAL 0
12	RECEIVED_TOTAL 0
12	TIME_TOTAL 0
12	RECEIVED_RADIO_1 0
12	RECEIVED_RADIO_2 125
12	SENT_RADIO_1 125
12	SENT_RADIO_2 0
12	RADIO_TIME_1 19767
12	RADIO_TIME_2 19767
12	RETRANSMISSIONS_1 1
12	RETRANSMISSIONS_2 0
12	DROPPED_1 0
12	DROPPED_2 0
12	MAX_QUEUE 1
12	DUPLICATED_1 0
12	DUPLICATED_2 0
12	EBUSY_RADIO_1 0
12	EBUSY_RADIO_2 0
12	TEST_NUMBER 1
12	SENT_TOTAL 0
12	RECEIVED_TOTAL 0
12	TIME_TOTAL 0
12	RECEIVED_RADIO_1 0
12	RECEIVED_RADIO_2 125
12	SENT_RADIO_1 125
12	SENT_RADIO_2 0
12	RADIO_TIME_1 19761
12	RADIO_TIME_2 19761
12	RETRANSMISSIONS_1 1
12	RETRANSMISSIONS_2 0
12	DROPPED_1 0
12	DROPPED_2 0
12	MAX_QUEUE 1
12	DUPLICATED_1 0
12	DUPLICATED_2 0
12	EBUSY_RADIO_1 0
12	EBUSY_RADIO_2 0
12	TEST_NUMBER 2
12	SENT_TOTAL 0
12	RECEIVED_TOTAL 0
12	TIME_TOTAL 0
12	RECEIVED_RADIO_1 0
12	RECEIVED_RADIO_2 125
12	SENT_RADIO_1 125
12	SENT_RADIO_2 0
12	RADIO_TIME_1 19763
12	RADIO_TIME_2 19763
12	RETRANSMISSIONS_1 1
12	RETRANSMISSIONS_2 0
12	DROPPED_1 0
12	DROPPED_2 0
12	MAX_QUEUE 1
12	DUPLICATED_1 0
12	DUPLICATED_2 0
12	EBUSY_RADIO_1 0
12	EBUSY_RADIO_2 0
12	TEST_NUMBER 3
12	SENT_TOTAL 0
12	RECEIVED_TOTAL 0
12	TIME_TOTAL 0
12	RECEIVED_RADIO_1 0
12	RECEIVED_RADIO_2 125
12	SENT_RADIO_1 81
12	SENT_RADIO_2 0
12	RADIO_TIME_1 19860
12	RADIO_TIME_2 19762
12	RETRANSMISSIONS_1 430
12	RETRANSMISSIONS_2 0
12	DROPPED_1 43
12	DROPPED_2 0
12	MAX_QUEUE 1
12	DUPLICATED_1 0
12	DUPLICATED_2 0
12	EBUSY_RADIO_1 0
12	EBUSY_RADIO_2 0
12	TEST_NUMBER 4
12	SENT_TOTAL 0
12	RECEIVED_TOTAL 0
12	TIME_TOTAL 0
12	RECEIVED_RADIO_1 0
12	RECEIVED_RADIO_2 125
12	SENT_RADIO_1 0
12	SENT_RADIO_2 0
12	RADIO_TIME_1 19851
12	RADIO_TIME_2 19764
12	RETRANSMISSIONS_1 1246
12	RETRANSMISSIONS_2 0
12	DROPPED_1 125
12	DROPPED_2 0
12	MAX_QUEUE 1
12	DUPLICATED_1 0
12	DUPLICATED_2 0
12	EBUSY_RADIO_1 0
12	EBUSY_RADIO_2 0
12	TEST_NUMBER 5
12	SENT_TOTAL 0
12	RECEIVED_TOTAL 0
12	TIME_TOTAL 0
12	RECEIVED_RADIO_1 0
12	RECEIVED_RADIO_2 125
12	SENT_RADIO_1 0
12	SENT_RADIO_2 0
12	RADIO_TIME_1 19853
12	RADIO_TIME_2 19762
12	RETRANSMISSIONS_1 1246
12	RETRANSMISSIONS_2 0
12	DROPPED_1 125
12	DROPPED_2 0
12	MAX_QUEUE 1
12	DUPLICATED_1 0
12	DUPLICATED_2 0
12	EBUSY_RADIO_1 0
12	EBUSY_RADIO_2 0
12	TEST_NUMBER 6
12	SENT_TOTAL 0
12	RECEIVED_TOTAL 0
12	TIME_TOTAL 0
12	RECEIVED_RADIO_1 0
12	RECEIVED_RADIO_2 124
12	SENT_RADIO_1 0
12	SENT_RADIO_2 0
12	RADIO_TIME_1 19773
12	RADIO_TIME_2 19680
12	RETRANSMISSIONS_1 1236
12	RETRANSMISSIONS_2 0
12	DROPPED_1 124
12	DROPPED_2 0
12	MAX_QUEUE 1
12	DUPLICATED_1 0
12	DUPLICATED_2 1
12	EBUSY_RADIO_1 0
12	EBUSY_RADIO_2 0

13	DESTINATION_NODE 13
13	TEST_NUMBER 0
13	SENT_TOTAL 214
13	RECEIVED_TOTAL 214
13	TIME_TOTAL 17612
13	RECEIVED_RADIO_1 111
13	RECEIVED_RADIO_2 103
13	SENT_RADIO_1 0
13	SENT_RADIO_2 100
13	RADIO_TIME_1 17643
13	RADIO_TIME_2 17641
13	RETRANSMISSIONS_1 709
13	RETRANSMISSIONS_2 512
13	DROPPED_1 71
13	DROPPED_2 41
13	MAX_QUEUE 3
13	DUPLICATED_1 1
13	DUPLICATED_2 22
13	EBUSY_RADIO_1 0
13	EBUSY_RADIO_2 0
13	86 0
13	86 0
13	86 0
13	86 0
13	86 0
13	86 0
13	86 0
13	86 0
13	86 0
13	86 0
13	86 0
13	86 0
13	86 0
13	86 0
13	86 0
13	86 0
13	86 0
13	86 0
13	86 0
13	86 0
13	86 0
13	86 0
13	TEST_NUMBER 1
13	SENT_TOTAL 139
13	RECEIVED_TOTAL 117
13	TIME_TOTAL 29722
13	RECEIVED_RADIO_1 125
13	RECEIVED_RADIO_2 14
13	SENT_RADIO_1 0
13	SENT_RADIO_2 5
13	RADIO_TIME_1 29798
13	RADIO_TIME_2 29722
13	RETRANSMISSIONS_1 716
13	RETRANSMISSIONS_2 645
13	DROPPED_1 71
13	DROPPED_2 63
13	MAX_QUEUE 3
13	DUPLICATED_1 1
13	DUPLICATED_2 5
13	EBUSY_RADIO_1 0
13	EBUSY_RADIO_2 0
13	86 1
13	86 1
13	86 1
13	86 1
13	86 1
13	86 1
13	86 1
13	86 1
13	86 1
13	86 1
13	86 1
13	86 1
13	86 1
13	86 1
13	86 1
13	86 1
13	86 1
13	86 1
13	86 1
13	86 1
13	TEST_NUMBER 2
13	SENT_TOTAL 174
13	RECEIVED_TOTAL 154
13	TIME_TOTAL 29730
13	RECEIVED_RADIO_1 125
13	RECEIVED_RADIO_2 49
13	SENT_RADIO_1 0
13	SENT_RADIO_2 13
13	RADIO_TIME_1 29874
13	RADIO_TIME_2 29866
13	RETRANSMISSIONS_1 848
13	RETRANSMISSIONS_2 782
13	DROPPED_1 85
13	DROPPED_2 75
13	MAX_QUEUE 3
13	DUPLICATED_1 0
13	DUPLICATED_2 45
13	EBUSY_RADIO_1 0
13	EBUSY_RADIO_2 0
13	86 2
13	86 2
13	86 2
13	86 2
13	86 2
13	86 2
13	86 2
13	86 2
13	86 2
13	86 2
13	86 2
13	86 2
13	86 2
13	86 2
13	86 2
13	86 2
13	86 2
13	86 2
13	86 2
13	86 2
13	86 2
13	86 2
13	86 2
13	86 2
13	86 2
13	86 2
13	86 2
13	86 2
13	TEST_NUMBER 3
13	SENT_TOTAL 192
13	RECEIVED_TOTAL 164
13	TIME_TOTAL 26953
13	RECEIVED_RADIO_1 95
13	RECEIVED_RADIO_2 97
13	SENT_RADIO_1 0
13	SENT_RADIO_2 72
13	RADIO_TIME_1 26982
13	RADIO_TIME_2 27034
13	RETRANSMISSIONS_1 729
13	RETRANSMISSIONS_2 537
13	DROPPED_1 74
13	DROPPED_2 47
13	MAX_QUEUE 3
13	DUPLICATED_1 0
13	DUPLICATED_2 25
13	EBUSY_RADIO_1 0
13	EBUSY_RADIO_2 0
13	TEST_NUMBER 4
13	SENT_TOTAL 1
13	RECEIVED_TOTAL 1
13	TIME_TOTAL 0
13	RECEIVED_RADIO_1 0
13	RECEIVED_RADIO_2 1
13	SENT_RADIO_1 0
13	SENT_RADIO_2 0
13	RADIO_TIME_1 96
13	RADIO_TIME_2 92
13	RETRANSMISSIONS_1 10
13	RETRANSMISSIONS_2 9
13	DROPPED_1 1
13	DROPPED_2 1
13	MAX_QUEUE 1
13	DUPLICATED_1 0
13	DUPLICATED_2 0
13	EBUSY_RADIO_1 0
13	EBUSY_RADIO_2 0
13	86 4
13	86 4
13	86 4
13	86 4
13	86 4
13	86 4
13	86 4
13	86 4
13	86 4
13	86 4
13	TEST_NUMBER 5
13	SENT_TOTAL 52
13	RECEIVED_TOTAL 42
13	TIME_TOTAL 29649
13	RECEIVED_RADIO_1 0
13	RECEIVED_RADIO_2 52
13	SENT_RADIO_1 0
13	SENT_RADIO_2 19
13	RADIO_TIME_1 29629
13	RADIO_TIME_2 29649
13	RETRANSMISSIONS_1 180
13	RETRANSMISSIONS_2 169
13	DROPPED_1 18
13	DROPPED_2 13
13	MAX_QUEUE 2
13	DUPLICATED_1 0
13	DUPLICATED_2 16
13	EBUSY_RADIO_1 0
13	EBUSY_RADIO_2 0
13	86 5
13	86 5
13	86 5
13	86 5
13	86 5
13	86 5
13	86 5
13	86 5
13	86 5
13	86 5
13	86 5
13	86 5
13	86 5
13	TEST_NUMBER 6
13	SENT_TOTAL 120
13	RECEIVED_TOTAL 107
13	TIME_TOTAL 29649
13	RECEIVED_RADIO_1 0
13	RECEIVED_RADIO_2 120
13	SENT_RADIO_1 0
13	SENT_RADIO_2 74
13	RADIO_TIME_1 29801
13	RADIO_TIME_2 29801
13	RETRANSMISSIONS_1 409
13	RETRANSMISSIONS_2 142
13	DROPPED_1 41
13	DROPPED_2 6
13	MAX_QUEUE 2
13	DUPLICATED_1 0
13	DUPLICATED_2 18
13	EBUSY_RADIO_1 0
13	EBUSY_RADIO_2 0
13	86 6
13	86 6
13	86 6
13	86 6
13	86 6
13	86 6
13	86 6
13	86 6
13	86 6
13	86 6
13	86 6
13	86 6
13	86 6
13	86 6

16	SOURCE_NODE 16
16	84 1
16	84 2
16	84 3
16	84 4
16	84 5
16	84 6
16	84 7
16	84 8
16	84 9
16	84 10
16	84 11
16	84 12
16	84 13
16	84 14
16	84 15
16	83 15
16	85 13
16	79 240
16	84 16
16	84 17
16	84 18
16	84 19
16	84 20
16	84 1
16	84 2
16	84 3
16	84 4
16	84 5
16	84 6
16	84 7
16	84 8
16	83 8
16	85 5
16	79 265
16	83 8
16	85 7
16	79 120
16	84 9
16	84 10
16	84 11
16	84 12
16	84 13
16	84 14
16	84 15
16	84 16
16	84 17
16	84 18
16	84 19
16	84 20
16	84 1
16	84 2
16	84 3
16	83 3
16	85 2
16	79 139
16	84 4
16	84 5
16	83 5
16	85 3
16	79 226
16	84 6
16	84 7
16	84 8
16	84 9
16	84 10
16	84 11
16	84 12
16	84 13
16	84 14
16	83 14
16	85 12
16	79 217
16	83 14
16	85 14
16	79 68
16	84 15
16	84 16
16	83 16
16	85 15
16	79 152
16	84 17
16	83 17
16	85 16
16	79 116
16	84 18
16	84 19
16	83 19
16	85 17
16	79 176
16	84 20
16	83 20
16	85 19
16	79 126
16	84 1
16	84 2
16	84 3
16	84 4
16	83 4
16	85 2
16	79 170
16	84 5
16	84 6
16	83 6
16	85 5
16	79 145
16	84 7
16	83 7
16	85 6
16	79 129
16	84 8
16	83 8
16	85 8
16	79 33
16	84 9
16	84 10
16	83 10
16	85 9
16	79 114
16	84 11
16	83 11
16	85 11
16	79 23
16	84 12
16	84 13
16	83 13
16	85 12
16	79 118
16	83 13
16	85 13
16	79 47
16	84 14
16	84 15
16	83 15
16	85 15
16	79 28
16	84 16
16	84 17
16	83 17
16	85 16
16	79 106
16	84 18
16	83 18
16	85 17
16	79 127
16	84 19
16	83 19
16	85 19
16	79 27
16	84 20
16	84 1
16	84 2
16	83 2
16	85 20
16	79 194
16	83 2
16	85 2
16	79 51
16	84 3
16	84 4
16	83 4
16	85 3
16	79 104
16	84 5
16	83 5
16	85 4
16	79 112
16	84 6
16	83 6
16	85 6
16	79 23
16	84 7
16	84 8
16	83 8
16	85 7
16	79 104
16	83 8
16	85 8
16	79 30
16	84 9
16	84 10
16	84 11
16	83 11
16	85 9
16	79 208
16	84 12
16	84 13
16	83 13
16	85 11
16	79 188
16	84 14
16	83 14
16	85 13
16	79 105
16	84 15
16	83 15
16	85 14
16	79 128
16	84 16
16	83 16
16	85 16
16	79 28
16	84 17
16	84 18
16	83 18
16	85 17
16	79 109
16	83 18
16	85 18
16	79 46
16	84 19
16	84 20
16	83 20
16	85 20
16	79 28
16	84 1
16	84 2
16	83 2
16	85 1
16	79 113
16	83 2
16	85 2
16	79 41
16	84 3
16	84 4
16	84 5
16	83 5
16	85 3
16	79 200
16	83 5
16	85 5
16	79 51
16	84 6
16	84 7
16	83 7
16	85 6
16	79 119
16	84 8
16	84 9
16	83 9
16	85 7
16	79 191
16	83 9
16	85 9
16	79 38
16	84 10
16	84 11
16	84 12
16	83 12
16	85 10
16	79 186
16	84 13
16	83 13
16	85 12
16	79 107
16	83 13
16	85 13
16	79 33
16	84 14
16	83 14
16	85 14
16	79 34
16	84 15
16	84 16
16	83 16
16	85 16
16	79 31
16	84 17
16	84 18
16	83 18
16	85 17
16	79 108
16	83 18
16	85 18
16	79 47
16	84 19
16	84 20
16	83 20
16	85 20
16	79 26
16	84 1
16	84 2
16	83 2
16	85 1
16	79 109
16	84 3
16	84 4
16	83 4
16	85 3
16	79 120
16	83 4
16	85 4
16	79 46
16	84 5
16	84 6
16	83 6
16	85 5
16	79 94
16	84 7
16	83 7
16	85 7
16	79 30
16	84 8
16	84 9
16	83 9
16	85 8
16	79 104
16	84 10
16	84 11
16	84 12
16	83 12
16	85 11
16	79 108
16	84 13
16	84 14
16	83 14
16	85 12
16	79 232
16	84 15
16	83 15
16	85 14
16	79 117
16	83 15
16	85 15
16	79 46
16	84 16
16	84 17
16	84 18
16	84 19
16	84 20
16	84 1
16	84 2
16	84 3
16	83 3
16	85 1
16	79 227
16	84 4
16	83 4
16	85 3
16	79 121
16	83 4
16	85 4
16	79 47
16	84 5
16	83 5
16	85 5
16	79 53
16	84 6
16	84 7
16	84 8
16	84 9
16	84 10
16	84 11
16	84 12
16	83 12
16	85 12
16	79 29
16	84 13
16	84 14
16	83 14
16	85 11
16	79 272
16	83 14
16	85 14
16	79 48
16	83 14
16	85 13
16	79 137
16	84 15
16	83 15
16	85 15
16	79 62
16	84 16
16	84 17
16	83 17
16	85 17
16	79 29
16	84 18
16	84 19
16	83 19
16	85 18
16	79 106
16	83 19
16	85 19
16	79 37
16	84 20
16	84 1
16	84 2
16	84 3
16	83 3
16	85 20
16	79 267
16	83 3
16	85 1
16	79 210
16	83 3
16	85 3
16	79 57
16	84 4
16	84 5
16	83 5
16	85 4
16	79 99
16	84 6
16	83 6
16	85 6
16	79 39
16	84 7
16	84 8
16	83 8
16	85 7
16	79 115
16	83 8
16	85 8
16	79 53
16	84 9
16	84 10
16	84 11
16	84 12
16	84 13
16	84 14
16	84 15
16	84 16
16	84 17
16	84 18
16	84 19
16	84 20
16	84 1
16	83 1
16	85 19
16	79 234
16	84 2
16	84 3
16	84 4
16	84 5
16	84 6
16	84 7
16	84 8
16	84 9
16	83 9
16	85 8
16	79 122
16	83 9
16	85 7
16	79 212
16	84 10
16	83 10
16	85 9
16	79 123
16	83 10
16	85 10
16	79 50
16	84 11
16	83 11
16	85 11
16	79 56
16	84 12
16	84 13
16	83 13
16	85 13
16	79 33
16	84 14
16	84 15
16	83 15
16	85 14
16	79 107
16	83 15
16	85 15
16	79 36
16	84 16
16	84 17
16	84 18
16	84 19
16	84 20
16	84 1
16	84 2
16	84 3
16	84 4
16	84 5
16	84 6
16	83 6
16	85 3
16	79 248
16	84 7
16	84 8
16	84 9
16	83 9
16	85 8
16	79 143
16	84 10
16	84 11
16	84 12
16	83 12
16	85 10
16	79 223
16	84 13
16	83 13
16	85 11
16	79 190
16	84 14
16	84 15
16	83 15
16	85 13
16	79 161
16	83 15
16	85 14
16	79 119
16	83 15
16	85 15
16	79 48
16	84 16
16	84 17
16	84 18
16	83 18
16	85 16
16	79 202
16	83 18
16	85 18
16	79 50
16	84 19
16	84 20
16	84 1
16	84 2
16	84 3
16	84 4
16	84 5
16	84 6
16	84 7
16	84 8
16	84 9
16	84 10
16	83 10
16	85 7
16	79 318
16	84 11
16	84 12
16	84 13
16	84 14
16	84 15
16	84 16
16	83 16
16	85 12
16	79 360
16	83 16
16	85 13
16	79 289
16	83 16
16	85 15
16	79 138
16	83 16
16	85 16
16	79 77
16	84 17
16	84 18
16	84 19
16	84 20
16	84 1
16	84 2
16	84 3
16	84 4
16	84 5
16	84 6
16	84 7
16	84 8
16	84 9
16	84 10
16	TEST_NUMBER 0
16	SENT_TOTAL 250
16	RECEIVED_TOTAL 105
16	TIME_TOTAL 17608
16	RECEIVED_RADIO_1 105
16	RECEIVED_RADIO_2 0
16	SENT_RADIO_1 125
16	SENT_RADIO_2 124
16	RADIO_TIME_1 19763
16	RADIO_TIME_2 19763
16	RETRANSMISSIONS_1 0
16	RETRANSMISSIONS_2 0
16	DROPPED_1 0
16	DROPPED_2 0
16	MAX_QUEUE 1
16	DUPLICATED_1 6
16	DUPLICATED_2 0
16	EBUSY_RADIO_1 0
16	EBUSY_RADIO_2 0
16	84 1
16	84 2
16	84 3
16	84 4
16	84 5
16	84 6
16	84 7
16	84 8
16	84 9
16	84 10
16	84 11
16	84 12
16	84 13
16	84 14
16	84 15
16	84 16
16	84 17
16	84 18
16	84 19
16	84 20
16	84 1
16	84 2
16	84 3
16	84 4
16	84 5
16	84 6
16	84 7
16	84 8
16	84 9
16	84 10
16	84 11
16	84 12
16	84 13
16	84 14
16	84 15
16	84 16
16	84 17
16	84 18
16	84 19
16	84 20
16	84 1
16	84 2
16	84 3
16	84 4
16	84 5
16	84 6
16	84 7
16	84 8
16	84 9
16	84 10
16	84 11
16	84 12
16	84 13
16	84 14
16	84 15
16	84 16
16	84 17
16	84 18
16	84 19
16	84 20
16	84 1
16	84 2
16	84 3
16	84 4
16	84 5
16	84 6
16	84 7
16	84 8
16	84 9
16	84 10
16	84 11
16	84 12
16	84 13
16	84 14
16	84 15
16	84 16
16	84 17
16	84 18
16	84 19
16	84 20
16	84 1
16	84 2
16	84 3
16	84 4
16	84 5
16	84 6
16	84 7
16	84 8
16	84 9
16	84 10
16	84 11
16	84 12
16	84 13
16	84 14
16	84 15
16	84 16
16	84 17
16	84 18
16	84 19
16	84 20
16	84 1
16	84 2
16	84 3
16	84 4
16	84 5
16	84 6
16	84 7
16	84 8
16	84 9
16	84 10
16	84 11
16	84 12
16	84 13
16	84 14
16	84 15
16	84 16
16	84 17
16	84 18
16	84 19
16	84 20
16	84 1
16	84 2
16	84 3
16	84 4
16	84 5
16	84 6
16	84 7
16	84 8
16	84 9
16	84 10
16	84 11
16	84 12
16	84 13
16	84 14
16	84 15
16	84 16
16	84 17
16	84 18
16	84 19
16	84 20
16	84 1
16	84 2
16	84 3
16	84 4
16	84 5
16	84 6
16	84 7
16	84 8
16	84 9
16	84 10
16	84 11
16	84 12
16	84 13
16	84 14
16	84 15
16	84 16
16	84 17
16	84 18
16	84 19
16	84 20
16	84 1
16	84 2
16	84 3
16	84 4
16	84 5
16	84 6
16	84 7
16	84 8
16	84 9
16	84 10
16	84 11
16	84 12
16	84 13
16	84 14
16	84 15
16	84 16
16	84 17
16	84 18
16	84 19
16	84 20
16	84 1
16	84 2
16	84 3
16	84 4
16	84 5
16	84 6
16	84 7
16	84 8
16	84 9
16	84 10
16	84 11
16	84 12
16	84 13
16	84 14
16	84 15
16	84 16
16	84 17
16	84 18
16	84 19
16	84 20
16	84 1
16	84 2
16	84 3
16	84 4
16	84 5
16	84 6
16	84 7
16	84 8
16	84 9
16	84 10
16	84 11
16	84 12
16	84 13
16	84 14
16	84 15
16	84 16
16	84 17
16	84 18
16	84 19
16	84 20
16	84 1
16	84 2
16	84 3
16	84 4
16	84 5
16	84 6
16	84 7
16	84 8
16	84 9
16	84 10
16	84 11
16	84 12
16	84 13
16	84 14
16	84 15
16	84 16
16	84 17
16	84 18
16	84 19
16	84 20
16	84 1
16	84 2
16	84 3
16	84 4
16	84 5
16	84 6
16	84 7
16	84 8
16	84 9
16	84 10
16	TEST_NUMBER 1
16	SENT_TOTAL 250
16	RECEIVED_TOTAL 0
16	TIME_TOTAL 0
16	RECEIVED_RADIO_1 0
16	RECEIVED_RADIO_2 0
16	SENT_RADIO_1 125
16	SENT_RADIO_2 125
16	RADIO_TIME_1 19763
16	RADIO_TIME_2 19763
16	RETRANSMISSIONS_1 0
16	RETRANSMISSIONS_2 0
16	DROPPED_1 0
16	DROPPED_2 0
16	MAX_QUEUE 1
16	DUPLICATED_1 0
16	DUPLICATED_2 0
16	EBUSY_RADIO_1 0
16	EBUSY_RADIO_2 0
16	84 1
16	84 2
16	84 3
16	84 4
16	84 5
16	84 6
16	84 7
16	84 8
16	84 9
16	84 10
16	84 11
16	84 12
16	84 13
16	84 14
16	84 15
16	84 16
16	84 17
16	84 18
16	84 19
16	84 20
16	84 1
16	84 2
16	84 3
16	84 4
16	84 5
16	84 6
16	84 7
16	84 8
16	84 9
16	84 10
16	84 11
16	84 12
16	84 13
16	84 14
16	84 15
16	84 16
16	84 17
16	84 18
16	84 19
16	84 20
16	84 1
16	84 2
16	84 3
16	84 4
16	84 5
16	84 6
16	84 7
16	84 8
16	84 9
16	84 10
16	84 11
16	84 12
16	84 13
16	84 14
16	84 15
16	84 16
16	84 17
16	84 18
16	84 19
16	84 20
16	84 1
16	84 2
16	84 3
16	84 4
16	84 5
16	84 6
16	84 7
16	84 8
16	84 9
16	84 10
16	84 11
16	84 12
16	84 13
16	84 14
16	84 15
16	84 16
16	84 17
16	84 18
16	84 19
16	84 20
16	84 1
16	84 2
16	84 3
16	84 4
16	84 5
16	84 6
16	84 7
16	84 8
16	84 9
16	84 10
16	84 11
16	83 11
16	85 9
16	79 164
16	83 11
16	85 11
16	79 42
16	84 12
16	84 13
16	83 13
16	85 12
16	79 124
16	84 14
16	84 15
16	84 16
16	84 17
16	83 17
16	85 16
16	79 156
16	84 18
16	83 18
16	85 15
16	79 246
16	83 18
16	85 17
16	79 106
16	83 18
16	85 18
16	79 50
16	84 19
16	84 20
16	84 1
16	84 2
16	84 3
16	83 3
16	85 19
16	79 326
16	83 3
16	85 2
16	79 99
16	84 4
16	83 4
16	85 1
16	79 284
16	84 5
16	84 6
16	84 7
16	84 8
16	84 9
16	84 10
16	84 11
16	84 12
16	84 13
16	84 14
16	84 15
16	84 16
16	84 17
16	84 18
16	84 19
16	84 20
16	84 1
16	84 2
16	84 3
16	84 4
16	84 5
16	84 6
16	84 7
16	84 8
16	84 9
16	84 10
16	84 11
16	84 12
16	84 13
16	84 14
16	84 15
16	84 16
16	84 17
16	84 18
16	84 19
16	84 20
16	84 1
16	84 2
16	84 3
16	83 3
16	85 20
16	79 290
16	83 3
16	85 1
16	79 219
16	83 3
16	85 3
16	79 70
16	84 4
16	84 5
16	84 6
16	84 7
16	84 8
16	84 9
16	84 10
16	84 11
16	84 12
16	84 13
16	84 14
16	84 15
16	84 16
16	84 17
16	84 18
16	84 19
16	84 20
16	84 1
16	84 2
16	84 3
16	84 4
16	84 5
16	84 6
16	84 7
16	84 8
16	84 9
16	84 10
16	84 11
16	84 12
16	84 13
16	84 14
16	84 15
16	84 16
16	84 17
16	84 18
16	84 19
16	84 20
16	84 1
16	84 2
16	84 3
16	84 4
16	84 5
16	84 6
16	84 7
16	84 8
16	84 9
16	84 10
16	84 11
16	84 12
16	84 13
16	84 14
16	84 15
16	84 16
16	84 17
16	84 18
16	84 19
16	84 20
16	84 1
16	84 2
16	84 3
16	84 4
16	84 5
16	84 6
16	84 7
16	84 8
16	84 9
16	84 10
16	84 11
16	84 12
16	84 13
16	84 14
16	84 15
16	84 16
16	84 17
16	84 18
16	84 19
16	84 20
16	84 1
16	84 2
16	84 3
16	84 4
16	84 5
16	84 6
16	84 7
16	84 8
16	84 9
16	84 10
16	84 11
16	84 12
16	84 13
16	84 14
16	84 15
16	84 16
16	84 17
16	84 18
16	84 19
16	84 20
16	84 1
16	84 2
16	84 3
16	84 4
16	84 5
16	84 6
16	84 7
16	84 8
16	84 9
16	84 10
16	TEST_NUMBER 2
16	SENT_TOTAL 250
16	RECEIVED_TOTAL 13
16	TIME_TOTAL 4210
16	RECEIVED_RADIO_1 13
16	RECEIVED_RADIO_2 0
16	SENT_RADIO_1 125
16	SENT_RADIO_2 125
16	RADIO_TIME_1 19763
16	RADIO_TIME_2 19763
16	RETRANSMISSIONS_1 0
16	RETRANSMISSIONS_2 0
16	DROPPED_1 0
16	DROPPED_2 0
16	MAX_QUEUE 1
16	DUPLICATED_1 1
16	DUPLICATED_2 0
16	EBUSY_RADIO_1 0
16	EBUSY_RADIO_2 0
16	84 1
16	84 2
16	84 3
16	84 4
16	84 5
16	84 6
16	84 7
16	84 8
16	84 9
16	84 10
16	84 11
16	84 12
16	84 13
16	84 14
16	84 15
16	84 16
16	84 17
16	84 18
16	83 18
16	85 16
16	79 232
16	84 19
16	83 19
16	85 15
16	79 351
16	83 19
16	85 17
16	79 200
16	83 19
16	85 19
16	79 50
16	84 20
16	83 20
16	85 20
16	79 43
16	84 1
16	84 2
16	83 2
16	85 2
16	79 29
16	84 3
16	84 4
16	84 5
16	84 6
16	83 6
16	85 5
16	79 118
16	83 6
16	85 6
16	79 46
16	84 7
16	84 8
16	83 8
16	85 8
16	79 25
16	84 9
16	84 10
16	83 10
16	85 9
16	79 111
16	84 11
16	83 11
16	85 11
16	79 29
16	84 12
16	84 13
16	84 14
16	84 15
16	84 16
16	84 17
16	84 18
16	84 19
16	83 19
16	85 17
16	79 212
16	83 19
16	85 19
16	79 59
16	84 20
16	84 1
16	84 2
16	83 2
16	85 20
16	79 184
16	84 3
16	83 3
16	85 2
16	79 105
16	83 3
16	85 3
16	79 32
16	84 4
16	83 4
16	85 4
16	79 35
16	84 5
16	84 6
16	83 6
16	85 6
16	79 28
16	84 7
16	84 8
16	83 8
16	85 7
16	79 108
16	83 8
16	85 8
16	79 37
16	84 9
16	83 9
16	85 9
16	79 31
16	84 10
16	84 11
16	83 11
16	85 11
16	79 29
16	84 12
16	84 13
16	83 13
16	85 12
16	79 109
16	83 13
16	85 13
16	79 38
16	84 14
16	83 14
16	85 14
16	79 37
16	84 15
16	84 16
16	83 16
16	85 16
16	79 29
16	84 17
16	84 18
16	83 18
16	85 17
16	79 108
16	83 18
16	85 18
16	79 40
16	84 19
16	84 20
16	84 1
16	84 2
16	83 2
16	85 20
16	79 199
16	83 2
16	85 2
16	79 49
16	84 3
16	84 4
16	84 5
16	84 6
16	84 7
16	84 8
16	83 8
16	85 6
16	79 194
16	83 8
16	85 7
16	79 126
16	84 9
16	84 10
16	84 11
16	84 12
16	84 13
16	84 14
16	83 14
16	85 11
16	79 283
16	83 14
16	85 14
16	79 50
16	84 15
16	84 16
16	83 16
16	85 13
16	79 287
16	84 17
16	83 17
16	85 16
16	79 116
16	83 17
16	85 17
16	79 44
16	84 18
16	84 19
16	84 20
16	84 1
16	83 1
16	85 18
16	79 288
16	83 1
16	85 19
16	79 217
16	84 2
16	83 2
16	85 1
16	79 119
16	83 2
16	85 2
16	79 45
16	84 3
16	83 3
16	85 3
16	79 60
16	84 4
16	84 5
16	83 5
16	85 5
16	79 27
16	84 6
16	84 7
16	83 7
16	85 6
16	79 106
16	83 7
16	85 7
16	79 34
16	84 8
16	84 9
16	83 9
16	85 9
16	79 32
16	84 10
16	84 11
16	83 11
16	85 10
16	79 117
16	83 11
16	85 11
16	79 46
16	84 12
16	84 13
16	83 13
16	85 13
16	79 30
16	84 14
16	84 15
16	83 15
16	85 14
16	79 109
16	84 16
16	84 17
16	84 18
16	83 18
16	85 16
16	79 191
16	84 19
16	84 20
16	84 1
16	84 2
16	84 3
16	84 4
16	84 5
16	83 5
16	85 3
16	79 216
16	83 5
16	85 4
16	79 146
16	84 6
16	84 7
16	83 7
16	85 6
16	79 113
16	84 8
16	84 9
16	84 10
16	83 10
16	85 9
16	79 117
16	84 11
16	84 12
16	84 13
16	84 14
16	84 15
16	84 16
16	84 17
16	84 18
16	84 19
16	84 20
16	84 1
16	84 2
16	84 3
16	84 4
16	84 5
16	84 6
16	84 7
16	84 8
16	84 9
16	84 10
16	84 11
16	84 12
16	84 13
16	84 14
16	84 15
16	84 16
16	83 16
16	85 12
16	79 372
16	84 17
16	84 18
16	84 19
16	84 20
16	84 1
16	84 2
16	84 3
16	84 4
16	84 5
16	84 6
16	84 7
16	83 7
16	85 4
16	79 278
16	83 7
16	85 5
16	79 210
16	83 7
16	85 7
16	79 58
16	84 8
16	84 9
16	84 10
16	84 11
16	84 12
16	84 13
16	83 13
16	85 12
16	79 127
16	83 13
16	85 11
16	79 223
16	83 13
16	85 13
16	79 70
16	84 14
16	84 15
16	84 16
16	83 16
16	85 14
16	79 224
16	83 16
16	85 16
16	79 71
16	84 17
16	84 18
16	84 19
16	83 19
16	85 18
16	79 82
16	84 20
16	83 20
16	85 19
16	79 120
16	83 20
16	85 20
16	79 46
16	84 1
16	84 2
16	84 3
16	83 3
16	85 2
16	79 157
16	84 4
16	83 4
16	85 3
16	79 93
16	84 5
16	84 6
16	83 6
16	85 5
16	79 109
16	84 7
16	84 8
16	84 9
16	84 10
16	84 11
16	83 11
16	85 9
16	79 201
16	83 11
16	85 11
16	79 47
16	84 12
16	84 13
16	84 14
16	84 15
16	84 16
16	84 17
16	84 18
16	84 19
16	84 20
16	84 1
16	84 2
16	84 3
16	84 4
16	84 5
16	84 6
16	84 7
16	84 8
16	84 9
16	84 10
16	84 11
16	84 12
16	84 13
16	84 14
16	84 15
16	84 16
16	84 17
16	84 18
16	84 19
16	84 20
16	84 1
16	84 2
16	84 3
16	84 4
16	84 5
16	84 6
16	84 7
16	84 8
16	84 9
16	84 10
16	84 11
16	84 12
16	84 13
16	84 14
16	84 15
16	84 16
16	84 17
16	84 18
16	84 19
16	84 20
16	84 1
16	84 2
16	84 3
16	84 4
16	84 5
16	84 6
16	84 7
16	84 8
16	84 9
16	84 10
16	84 11
16	84 12
16	84 13
16	84 14
16	84 15
16	84 16
16	84 17
16	84 18
16	84 19
16	84 20
16	84 1
16	84 2
16	84 3
16	84 4
16	84 5
16	84 6
16	84 7
16	84 8
16	84 9
16	84 10
16	TEST_NUMBER 3
16	SENT_TOTAL 250
16	RECEIVED_TOTAL 72
16	TIME_TOTAL 12168
16	RECEIVED_RADIO_1 72
16	RECEIVED_RADIO_2 0
16	SENT_RADIO_1 125
16	SENT_RADIO_2 125
16	RADIO_TIME_1 19763
16	RADIO_TIME_2 19763
16	RETRANSMISSIONS_1 0
16	RETRANSMISSIONS_2 0
16	DROPPED_1 0
16	DROPPED_2 0
16	MAX_QUEUE 1
16	DUPLICATED_1 2
16	DUPLICATED_2 0
16	EBUSY_RADIO_1 0
16	EBUSY_RADIO_2 0
16	84 1
16	84 2
16	84 3
16	84 4
16	84 5
16	84 6
16	84 7
16	84 8
16	84 9
16	84 10
16	84 11
16	84 12
16	84 13
16	84 14
16	84 15
16	84 16
16	84 17
16	84 18
16	84 19
16	84 20
16	84 1
16	84 2
16	84 3
16	84 4
16	84 5
16	84 6
16	84 7
16	84 8
16	84 9
16	84 10
16	84 11
16	84 12
16	84 13
16	84 14
16	84 15
16	84 16
16	84 17
16	84 18
16	84 19
16	84 20
16	84 1
16	84 2
16	84 3
16	84 4
16	84 5
16	84 6
16	84 7
16	84 8
16	84 9
16	84 10
16	84 11
16	84 12
16	84 13
16	84 14
16	84 15
16	84 16
16	84 17
16	84 18
16	84 19
16	84 20
16	84 1
16	84 2
16	84 3
16	84 4
16	84 5
16	84 6
16	84 7
16	84 8
16	84 9
16	84 10
16	84 11
16	84 12
16	84 13
16	84 14
16	84 15
16	84 16
16	84 17
16	84 18
16	84 19
16	84 20
16	84 1
16	84 2
16	84 3
16	84 4
16	84 5
16	84 6
16	84 7
16	84 8
16	84 9
16	84 10
16	84 11
16	84 12
16	84 13
16	84 14
16	84 15
16	84 16
16	84 17
16	84 18
16	84 19
16	84 20
16	84 1
16	84 2
16	84 3
16	84 4
16	84 5
16	84 6
16	84 7
16	84 8
16	84 9
16	84 10
16	84 11
16	84 12
16	84 13
16	84 14
16	84 15
16	84 16
16	84 17
16	84 18
16	84 19
16	84 20
16	84 1
16	84 2
16	84 3
16	84 4
16	84 5
16	84 6
16	84 7
16	84 8
16	84 9
16	84 10
16	84 11
16	84 12
16	84 13
16	84 14
16	84 15
16	84 16
16	84 17
16	84 18
16	84 19
16	84 20
16	84 1
16	84 2
16	84 3
16	84 4
16	84 5
16	84 6
16	84 7
16	84 8
16	84 9
16	84 10
16	84 11
16	84 12
16	84 13
16	84 14
16	84 15
16	84 16
16	84 17
16	84 18
16	84 19
16	84 20
16	84 1
16	84 2
16	84 3
16	84 4
16	84 5
16	84 6
16	84 7
16	84 8
16	84 9
16	84 10
16	84 11
16	84 12
16	84 13
16	84 14
16	84 15
16	84 16
16	84 17
16	84 18
16	84 19
16	84 20
16	84 1
16	84 2
16	84 3
16	84 4
16	84 5
16	84 6
16	84 7
16	84 8
16	84 9
16	84 10
16	84 11
16	84 12
16	84 13
16	84 14
16	84 15
16	84 16
16	84 17
16	84 18
16	84 19
16	84 20
16	84 1
16	84 2
16	84 3
16	84 4
16	84 5
16	84 6
16	84 7
16	84 8
16	84 9
16	84 10
16	84 11
16	84 12
16	84 13
16	84 14
16	84 15
16	84 16
16	84 17
16	84 18
16	84 19
16	84 20
16	84 1
16	84 2
16	84 3
16	84 4
16	84 5
16	84 6
16	83 6
16	85 3
16	79 296
16	84 7
16	84 8
16	84 9
16	84 10
16	84 11
16	84 12
16	84 13
16	84 14
16	84 15
16	84 16
16	84 17
16	84 18
16	84 19
16	84 20
16	84 1
16	84 2
16	84 3
16	84 4
16	84 5
16	84 6
16	84 7
16	84 8
16	84 9
16	84 10
16	TEST_NUMBER 4
16	SENT_TOTAL 250
16	RECEIVED_TOTAL 1
16	TIME_TOTAL 0
16	RECEIVED_RADIO_1 1
16	RECEIVED_RADIO_2 0
16	SENT_RADIO_1 125
16	SENT_RADIO_2 125
16	RADIO_TIME_1 19763
16	RADIO_TIME_2 19763
16	RETRANSMISSIONS_1 0
16	RETRANSMISSIONS_2 0
16	DROPPED_1 0
16	DROPPED_2 0
16	MAX_QUEUE 1
16	DUPLICATED_1 0
16	DUPLICATED_2 0
16	EBUSY_RADIO_1 0
16	EBUSY_RADIO_2 0
16	84 1
16	84 2
16	84 3
16	84 4
16	84 5
16	84 6
16	84 7
16	84 8
16	84 9
16	84 10
16	84 11
16	84 12
16	84 13
16	84 14
16	84 15
16	84 16
16	84 17
16	84 18
16	84 19
16	84 20
16	84 1
16	84 2
16	84 3
16	84 4
16	84 5
16	84 6
16	84 7
16	84 8
16	84 9
16	84 10
16	84 11
16	84 12
16	84 13
16	84 14
16	84 15
16	84 16
16	84 17
16	84 18
16	84 19
16	84 20
16	84 1
16	84 2
16	84 3
16	84 4
16	84 5
16	84 6
16	84 7
16	84 8
16	84 9
16	84 10
16	84 11
16	84 12
16	84 13
16	84 14
16	84 15
16	84 16
16	84 17
16	84 18
16	84 19
16	84 20
16	84 1
16	84 2
16	84 3
16	84 4
16	84 5
16	84 6
16	84 7
16	84 8
16	84 9
16	84 10
16	84 11
16	84 12
16	84 13
16	84 14
16	84 15
16	84 16
16	84 17
16	84 18
16	84 19
16	84 20
16	84 1
16	84 2
16	84 3
16	84 4
16	84 5
16	84 6
16	84 7
16	84 8
16	84 9
16	84 10
16	84 11
16	84 12
16	84 13
16	84 14
16	84 15
16	84 16
16	84 17
16	84 18
16	84 19
16	84 20
16	84 1
16	84 2
16	84 3
16	84 4
16	84 5
16	84 6
16	84 7
16	84 8
16	84 9
16	84 10
16	84 11
16	84 12
16	84 13
16	84 14
16	84 15
16	84 16
16	84 17
16	84 18
16	84 19
16	84 20
16	84 1
16	84 2
16	84 3
16	84 4
16	84 5
16	84 6
16	84 7
16	84 8
16	84 9
16	84 10
16	84 11
16	84 12
16	84 13
16	84 14
16	84 15
16	84 16
16	84 17
16	84 18
16	84 19
16	84 20
16	84 1
16	84 2
16	84 3
16	84 4
16	84 5
16	84 6
16	84 7
16	84 8
16	84 9
16	84 10
16	84 11
16	84 12
16	84 13
16	84 14
16	84 15
16	84 16
16	84 17
16	84 18
16	84 19
16	84 20
16	84 1
16	84 2
16	84 3
16	84 4
16	83 4
16	85 19
16	79 421
16	83 4
16	85 3
16	79 119
16	84 5
16	83 5
16	85 5
16	79 60
16	84 6
16	84 7
16	84 8
16	84 9
16	83 9
16	85 9
16	79 26
16	84 10
16	84 11
16	84 12
16	84 13
16	84 14
16	83 14
16	85 11
16	79 249
16	83 14
16	85 13
16	79 97
16	84 15
16	83 15
16	85 15
16	79 40
16	84 16
16	84 17
16	84 18
16	84 19
16	84 20
16	84 1
16	84 2
16	84 3
16	84 4
16	84 5
16	84 6
16	83 6
16	85 3
16	79 275
16	84 7
16	83 7
16	85 7
16	79 29
16	84 8
16	84 9
16	84 10
16	84 11
16	84 12
16	84 13
16	83 13
16	85 9
16	79 353
16	83 13
16	85 13
16	79 47
16	84 14
16	84 15
16	84 16
16	84 17
16	84 18
16	84 19
16	84 20
16	84 1
16	84 2
16	83 2
16	85 15
16	79 564
16	83 2
16	85 19
16	79 270
16	84 3
16	84 4
16	84 5
16	84 6
16	84 7
16	83 7
16	85 1
16	79 519
16	84 8
16	84 9
16	84 10
16	84 11
16	84 12
16	84 13
16	84 14
16	84 15
16	83 15
16	85 11
16	79 351
16	83 15
16	85 13
16	79 206
16	83 15
16	85 15
16	79 51
16	84 16
16	84 17
16	84 18
16	83 18
16	85 17
16	79 100
16	84 19
16	84 20
16	84 1
16	84 2
16	84 3
16	83 3
16	85 1
16	79 191
16	83 3
16	85 3
16	79 45
16	84 4
16	84 5
16	84 6
16	84 7
16	84 8
16	84 9
16	83 9
16	85 5
16	79 370
16	83 9
16	85 9
16	79 60
16	84 10
16	84 11
16	84 12
16	83 12
16	85 11
16	79 124
16	84 13
16	84 14
16	84 15
16	84 16
16	84 17
16	83 17
16	85 15
16	79 239
16	84 18
16	83 18
16	85 17
16	79 96
16	84 19
16	84 20
16	84 1
16	84 2
16	84 3
16	83 3
16	85 19
16	79 346
16	84 4
16	83 4
16	85 3
16	79 144
16	84 5
16	84 6
16	84 7
16	84 8
16	84 9
16	83 9
16	85 7
16	79 201
16	83 9
16	85 9
16	79 47
16	84 10
16	TEST_NUMBER 5
16	SENT_TOTAL 250
16	RECEIVED_TOTAL 29
16	TIME_TOTAL 6799
16	RECEIVED_RADIO_1 29
16	RECEIVED_RADIO_2 0
16	SENT_RADIO_1 125
16	SENT_RADIO_2 125
16	RADIO_TIME_1 19810
16	RADIO_TIME_2 19763
16	RETRANSMISSIONS_1 0
16	RETRANSMISSIONS_2 0
16	DROPPED_1 0
16	DROPPED_2 0
16	MAX_QUEUE 1
16	DUPLICATED_1 3
16	DUPLICATED_2 0
16	EBUSY_RADIO_1 0
16	EBUSY_RADIO_2 0
16	84 1
16	84 2
16	84 3
16	84 4
16	83 4
16	85 1
16	79 255
16	83 4
16	85 3
16	79 105
16	84 5
16	83 5
16	85 5
16	79 54
16	84 6
16	84 7
16	84 8
16	84 9
16	83 9
16	85 9
16	79 30
16	84 10
16	84 11
16	84 12
16	84 13
16	84 14
16	84 15
16	83 15
16	85 11
16	79 354
16	84 16
16	83 16
16	85 15
16	79 138
16	84 17
16	84 18
16	84 19
16	84 20
16	84 1
16	84 2
16	83 2
16	85 19
16	79 249
16	84 3
16	83 3
16	85 1
16	79 208
16	84 4
16	83 4
16	85 4
16	79 39
16	84 5
16	84 6
16	84 7
16	84 8
16	84 9
16	84 10
16	84 11
16	84 12
16	84 13
16	84 14
16	84 15
16	84 16
16	84 17
16	84 18
16	84 19
16	84 20
16	83 20
16	85 12
16	79 653
16	83 20
16	85 18
16	79 189
16	84 1
16	83 1
16	85 20
16	79 101
16	84 2
16	84 3
16	84 4
16	83 4
16	85 4
16	79 28
16	84 5
16	84 6
16	84 7
16	83 7
16	85 6
16	79 126
16	84 8
16	84 9
16	84 10
16	84 11
16	84 12
16	83 12
16	85 10
16	79 194
16	83 12
16	85 12
16	79 45
16	84 13
16	84 14
16	84 15
16	83 15
16	85 14
16	79 111
16	84 16
16	84 17
16	84 18
16	83 18
16	85 18
16	79 27
16	84 19
16	84 20
16	84 1
16	84 2
16	84 3
16	84 4
16	84 5
16	83 5
16	85 20
16	79 404
16	83 5
16	85 4
16	79 134
16	84 6
16	84 7
16	84 8
16	84 9
16	84 10
16	83 10
16	85 8
16	79 195
16	83 10
16	85 10
16	79 45
16	84 11
16	84 12
16	84 13
16	84 14
16	84 15
16	84 16
16	83 16
16	85 12
16	79 348
16	84 17
16	84 18
16	84 19
16	84 20
16	83 20
16	85 16
16	79 362
16	84 1
16	84 2
16	84 3
16	84 4
16	83 4
16	85 20
16	79 350
16	84 5
16	84 6
16	84 7
16	84 8
16	83 8
16	85 4
16	79 355
16	84 9
16	84 10
16	84 11
16	84 12
16	84 13
16	84 14
16	84 15
16	84 16
16	84 17
16	84 18
16	84 19
16	84 20
16	84 1
16	84 2
16	83 2
16	85 20
16	79 206
16	84 3
16	84 4
16	84 5
16	84 6
16	84 7
16	84 8
16	83 8
16	85 2
16	79 534
16	83 8
16	85 6
16	79 224
16	83 8
16	85 8
16	79 71
16	84 9
16	84 10
16	84 11
16	84 12
16	84 13
16	84 14
16	84 15
16	84 16
16	84 17
16	84 18
16	83 18
16	85 14
16	79 378
16	84 19
16	84 20
16	83 20
16	85 16
16	79 352
16	83 20
16	85 20
16	79 41
16	84 1
16	84 2
16	84 3
16	83 3
16	85 2
16	79 116
16	84 4
16	84 5
16	84 6
16	84 7
16	84 8
16	84 9
16	84 10
16	84 11
16	84 12
16	84 13
16	84 14
16	84 15
16	84 16
16	84 17
16	84 18
16	84 19
16	84 20
16	83 20
16	85 14
16	79 536
16	84 1
16	83 1
16	85 18
16	79 247
16	84 2
16	83 2
16	85 20
16	79 194
16	83 2
16	85 2
16	79 44
16	84 3
16	84 4
16	83 4
16	85 4
16	79 65
16	84 5
16	84 6
16	84 7
16	84 8
16	83 8
16	85 8
16	79 40
16	84 9
16	84 10
16	84 11
16	83 11
16	85 10
16	79 126
16	84 12
16	84 13
16	84 14
16	83 14
16	85 14
16	79 29
16	84 15
16	84 16
16	84 17
16	83 17
16	85 16
16	79 143
16	84 18
16	84 19
16	84 20
16	83 20
16	85 20
16	79 31
16	84 1
16	84 2
16	84 3
16	84 4
16	84 5
16	84 6
16	83 6
16	85 2
16	79 346
16	84 7
16	83 7
16	85 6
16	79 134
16	84 8
16	84 9
16	84 10
16	83 10
16	85 10
16	79 24
16	84 11
16	84 12
16	84 13
16	83 13
16	85 12
16	79 134
16	84 14
16	84 15
16	84 16
16	83 16
16	85 16
16	79 26
16	84 17
16	84 18
16	84 19
16	83 19
16	85 18
16	79 140
16	84 20
16	84 1
16	84 2
16	83 2
16	85 2
16	79 32
16	84 3
16	84 4
16	84 5
16	83 5
16	85 4
16	79 127
16	84 6
16	84 7
16	84 8
16	83 8
16	85 8
16	79 25
16	84 9
16	84 10
16	84 11
16	83 11
16	85 10
16	79 130
16	84 12
16	84 13
16	84 14
16	83 14
16	85 14
16	79 27
16	84 15
16	84 16
16	84 17
16	83 17
16	85 16
16	79 135
16	84 18
16	84 19
16	84 20
16	84 1
16	84 2
16	83 2
16	85 20
16	79 193
16	83 2
16	85 2
16	79 43
16	84 3
16	84 4
16	84 5
16	84 6
16	84 7
16	84 8
16	83 8
16	85 4
16	79 344
16	84 9
16	83 9
16	85 8
16	79 143
16	84 10
16	84 11
16	84 12
16	83 12
16	85 12
16	79 26
16	84 13
16	84 14
16	84 15
16	83 15
16	85 14
16	79 125
16	84 16
16	84 17
16	84 18
16	83 18
16	85 18
16	79 32
16	84 19
16	84 20
16	84 1
16	84 2
16	84 3
16	84 4
16	84 5
16	84 6
16	84 7
16	84 8
16	84 9
16	84 10
16	83 10
16	85 8
16	79 230
16	84 11
16	83 11
16	85 10
16	79 81
16	84 12
16	84 13
16	83 13
16	85 12
16	79 83
16	84 14
16	84 15
16	84 16
16	83 16
16	85 16
16	79 28
16	84 17
16	84 18
16	84 19
16	83 19
16	85 18
16	79 131
16	84 20
16	84 1
16	84 2
16	83 2
16	85 2
16	79 31
16	84 3
16	84 4
16	84 5
16	83 5
16	85 4
16	79 138
16	84 6
16	84 7
16	84 8
16	83 8
16	85 8
16	79 30
16	84 9
16	84 10
16	TEST_NUMBER 6
16	SENT_TOTAL 250
16	RECEIVED_TOTAL 71
16	TIME_TOTAL 19458
16	RECEIVED_RADIO_1 71
16	RECEIVED_RADIO_2 0
16	SENT_RADIO_1 125
16	SENT_RADIO_2 125
16	RADIO_TIME_1 19843
16	RADIO_TIME_2 19683
16	RETRANSMISSIONS_1 0
16	RETRANSMISSIONS_2 1
16	DROPPED_1 0
16	DROPPED_2 0
16	MAX_QUEUE 1
16	DUPLICATED_1 4
16	DUPLICATED_2 0
16	EBUSY_RADIO_1 0
16	EBUSY_RADIO_2 0

20	RELAY_NODE 20
20	TEST_NUMBER 0
20	SENT_TOTAL 0
20	RECEIVED_TOTAL 0
20	TIME_TOTAL 0
20	RECEIVED_RADIO_1 125
20	RECEIVED_RADIO_2 105
20	SENT_RADIO_1 105
20	SENT_RADIO_2 103
20	RADIO_TIME_1 19765
20	RADIO_TIME_2 19858
20	RETRANSMISSIONS_1 6
20	RETRANSMISSIONS_2 299
20	DROPPED_1 0
20	DROPPED_2 21
20	MAX_QUEUE 1
20	DUPLICATED_1 0
20	DUPLICATED_2 1
20	EBUSY_RADIO_1 0
20	EBUSY_RADIO_2 0
20	TEST_NUMBER 1
20	SENT_TOTAL 0
20	RECEIVED_TOTAL 0
20	TIME_TOTAL 0
20	RECEIVED_RADIO_1 125
20	RECEIVED_RADIO_2 0
20	SENT_RADIO_1 0
20	SENT_RADIO_2 3
20	RADIO_TIME_1 19764
20	RADIO_TIME_2 19856
20	RETRANSMISSIONS_1 0
20	RETRANSMISSIONS_2 1233
20	DROPPED_1 0
20	DROPPED_2 122
20	MAX_QUEUE 1
20	DUPLICATED_1 0
20	DUPLICATED_2 0
20	EBUSY_RADIO_1 0
20	EBUSY_RADIO_2 0
20	TEST_NUMBER 2
20	SENT_TOTAL 0
20	RECEIVED_TOTAL 0
20	TIME_TOTAL 0
20	RECEIVED_RADIO_1 125
20	RECEIVED_RADIO_2 13
20	SENT_RADIO_1 13
20	SENT_RADIO_2 40
20	RADIO_TIME_1 19764
20	RADIO_TIME_2 19869
20	RETRANSMISSIONS_1 11
20	RETRANSMISSIONS_2 935
20	DROPPED_1 1
20	DROPPED_2 84
20	MAX_QUEUE 2
20	DUPLICATED_1 0
20	DUPLICATED_2 0
20	EBUSY_RADIO_1 0
20	EBUSY_RADIO_2 0
20	TEST_NUMBER 3
20	SENT_TOTAL 0
20	RECEIVED_TOTAL 0
20	TIME_TOTAL 0
20	RECEIVED_RADIO_1 125
20	RECEIVED_RADIO_2 72
20	SENT_RADIO_1 72
20	SENT_RADIO_2 73
20	RADIO_TIME_1 19762
20	RADIO_TIME_2 19854
20	RETRANSMISSIONS_1 12
20	RETRANSMISSIONS_2 596
20	DROPPED_1 1
20	DROPPED_2 51
20	MAX_QUEUE 2
20	DUPLICATED_1 0
20	DUPLICATED_2 0
20	EBUSY_RADIO_1 0
20	EBUSY_RADIO_2 0
20	TEST_NUMBER 4
20	SENT_TOTAL 0
20	RECEIVED_TOTAL 0
20	TIME_TOTAL 0
20	RECEIVED_RADIO_1 125
20	RECEIVED_RADIO_2 1
20	SENT_RADIO_1 1
20	SENT_RADIO_2 9
20	RADIO_TIME_1 19762
20	RADIO_TIME_2 19762
20	RETRANSMISSIONS_1 0
20	RETRANSMISSIONS_2 1171
20	DROPPED_1 0
20	DROPPED_2 116
20	MAX_QUEUE 1
20	DUPLICATED_1 0
20	DUPLICATED_2 0
20	EBUSY_RADIO_1 0
20	EBUSY_RADIO_2 0
20	TEST_NUMBER 5
20	SENT_TOTAL 0
20	RECEIVED_TOTAL 0
20	TIME_TOTAL 0
20	RECEIVED_RADIO_1 125
20	RECEIVED_RADIO_2 29
20	SENT_RADIO_1 29
20	SENT_RADIO_2 48
20	RADIO_TIME_1 19796
20	RADIO_TIME_2 19794
20	RETRANSMISSIONS_1 3
20	RETRANSMISSIONS_2 818
20	DROPPED_1 0
20	DROPPED_2 78
20	MAX_QUEUE 2
20	DUPLICATED_1 0
20	DUPLICATED_2 0
20	EBUSY_RADIO_1 0
20	EBUSY_RADIO_2 0
20	TEST_NUMBER 6
20	SENT_TOTAL 0
20	RECEIVED_TOTAL 0
20	TIME_TOTAL 0
20	RECEIVED_RADIO_1 126
20	RECEIVED_RADIO_2 71
20	SENT_RADIO_1 71
20	SENT_RADIO_2 116
20	RADIO_TIME_1 19844
20	RADIO_TIME_2 19844
20	RETRANSMISSIONS_1 4
20	RETRANSMISSIONS_2 134
20	DROPPED_1 0
20	DROPPED_2 10
20	MAX_QUEUE 1
20	DUPLICATED_1 0
20	DUPLICATED_2 0
20	EBUSY_RADIO_1 0
20	EBUSY_RADIO_2 0
