
19	RELAY_NODE 19
19	TEST_NUMBER 0
19	SENT_TOTAL 0
19	RECEIVED_TOTAL 0
19	TIME_TOTAL 0
19	RECEIVED_RADIO_1 0
19	RECEIVED_RADIO_2 125
19	SENT_RADIO_1 125
19	SENT_RADIO_2 0
19	RADIO_TIME_1 19766
19	RADIO_TIME_2 19766
19	RETRANSMISSIONS_1 0
19	RETRANSMISSIONS_2 0
19	DROPPED_1 0
19	DROPPED_2 0
19	MAX_QUEUE 1
19	DUPLICATED_1 0
19	DUPLICATED_2 0
19	EBUSY_RADIO_1 0
19	EBUSY_RADIO_2 0
19	TEST_NUMBER 1
19	SENT_TOTAL 0
19	RECEIVED_TOTAL 0
19	TIME_TOTAL 0
19	RECEIVED_RADIO_1 0
19	RECEIVED_RADIO_2 125
19	SENT_RADIO_1 125
19	SENT_RADIO_2 0
19	RADIO_TIME_1 19682
19	RADIO_TIME_2 19682
19	RETRANSMISSIONS_1 0
19	RETRANSMISSIONS_2 0
19	DROPPED_1 0
19	DROPPED_2 0
19	MAX_QUEUE 1
19	DUPLICATED_1 0
19	DUPLICATED_2 0
19	EBUSY_RADIO_1 0
19	EBUSY_RADIO_2 0
19	TEST_NUMBER 2
19	SENT_TOTAL 0
19	RECEIVED_TOTAL 0
19	TIME_TOTAL 0
19	RECEIVED_RADIO_1 0
19	RECEIVED_RADIO_2 126
19	SENT_RADIO_1 126
19	SENT_RADIO_2 0
19	RADIO_TIME_1 19763
19	RADIO_TIME_2 19763
19	RETRANSMISSIONS_1 0
19	RETRANSMISSIONS_2 0
19	DROPPED_1 0
19	DROPPED_2 0
19	MAX_QUEUE 1
19	DUPLICATED_1 0
19	DUPLICATED_2 0
19	EBUSY_RADIO_1 0
19	EBUSY_RADIO_2 0
19	TEST_NUMBER 3
19	SENT_TOTAL 0
19	RECEIVED_TOTAL 0
19	TIME_TOTAL 0
19	RECEIVED_RADIO_1 0
19	RECEIVED_RADIO_2 126
19	SENT_RADIO_1 126
19	SENT_RADIO_2 0
19	RADIO_TIME_1 19762
19	RADIO_TIME_2 19762
19	RETRANSMISSIONS_1 0
19	RETRANSMISSIONS_2 0
19	DROPPED_1 0
19	DROPPED_2 0
19	MAX_QUEUE 1
19	DUPLICATED_1 0
19	DUPLICATED_2 0
19	EBUSY_RADIO_1 0
19	EBUSY_RADIO_2 0
19	TEST_NUMBER 4
19	SENT_TOTAL 0
19	RECEIVED_TOTAL 0
19	TIME_TOTAL 0
19	RECEIVED_RADIO_1 0
19	RECEIVED_RADIO_2 126
19	SENT_RADIO_1 126
19	SENT_RADIO_2 0
19	RADIO_TIME_1 19847
19	RADIO_TIME_2 19847
19	RETRANSMISSIONS_1 0
19	RETRANSMISSIONS_2 0
19	DROPPED_1 0
19	DROPPED_2 0
19	MAX_QUEUE 1
19	DUPLICATED_1 0
19	DUPLICATED_2 0
19	EBUSY_RADIO_1 0
19	EBUSY_RADIO_2 0
19	TEST_NUMBER 5
19	SENT_TOTAL 0
19	RECEIVED_TOTAL 0
19	TIME_TOTAL 0
19	RECEIVED_RADIO_1 0
19	RECEIVED_RADIO_2 125
19	SENT_RADIO_1 125
19	SENT_RADIO_2 0
19	RADIO_TIME_1 19682
19	RADIO_TIME_2 19682
19	RETRANSMISSIONS_1 0
19	RETRANSMISSIONS_2 0
19	DROPPED_1 0
19	DROPPED_2 0
19	MAX_QUEUE 1
19	DUPLICATED_1 0
19	DUPLICATED_2 0
19	EBUSY_RADIO_1 0
19	EBUSY_RADIO_2 0
19	TEST_NUMBER 6
19	SENT_TOTAL 0
19	RECEIVED_TOTAL 0
19	TIME_TOTAL 0
19	RECEIVED_RADIO_1 0
19	RECEIVED_RADIO_2 126
19	SENT_RADIO_1 126
19	SENT_RADIO_2 0
19	RADIO_TIME_1 19844
19	RADIO_TIME_2 19844
19	RETRANSMISSIONS_1 0
19	RETRANSMISSIONS_2 0
19	DROPPED_1 0
19	DROPPED_2 0
19	MAX_QUEUE 1
19	DUPLICATED_1 0
19	DUPLICATED_2 0
19	EBUSY_RADIO_1 0
19	EBUSY_RADIO_2 0

71	DESTINATION_NODE 71
71	TEST_NUMBER 0
71	SENT_TOTAL 204
71	RECEIVED_TOTAL 204
71	TIME_TOTAL 16178
71	RECEIVED_RADIO_1 102
71	RECEIVED_RADIO_2 102
71	SENT_RADIO_1 0
71	SENT_RADIO_2 155
71	RADIO_TIME_1 16178
71	RADIO_TIME_2 16178
71	RETRANSMISSIONS_1 480
71	RETRANSMISSIONS_2 5
71	DROPPED_1 48
71	DROPPED_2 0
71	MAX_QUEUE 2
71	DUPLICATED_1 0
71	DUPLICATED_2 0
71	EBUSY_RADIO_1 0
71	EBUSY_RADIO_2 0
71	86 0
71	86 0
71	86 0
71	86 0
71	86 0
71	86 0
71	86 0
71	86 0
71	86 0
71	86 0
71	86 0
71	86 0
71	86 0
71	86 0
71	86 0
71	86 0
71	86 0
71	86 0
71	86 0
71	86 0
71	86 0
71	86 0
71	86 0
71	86 0
71	86 0
71	86 0
71	86 0
71	86 0
71	86 0
71	86 0
71	86 0
71	86 0
71	86 0
71	86 0
71	86 0
71	86 0
71	86 0
71	86 0
71	86 0
71	86 0
71	86 0
71	86 0
71	86 0
71	86 0
71	86 0
71	86 0
71	TEST_NUMBER 1
71	SENT_TOTAL 250
71	RECEIVED_TOTAL 204
71	TIME_TOTAL 29808
71	RECEIVED_RADIO_1 125
71	RECEIVED_RADIO_2 125
71	SENT_RADIO_1 0
71	SENT_RADIO_2 190
71	RADIO_TIME_1 29727
71	RADIO_TIME_2 29808
71	RETRANSMISSIONS_1 588
71	RETRANSMISSIONS_2 1
71	DROPPED_1 59
71	DROPPED_2 0
71	MAX_QUEUE 2
71	DUPLICATED_1 0
71	DUPLICATED_2 0
71	EBUSY_RADIO_1 0
71	EBUSY_RADIO_2 0
71	86 1
71	86 1
71	86 1
71	86 1
71	86 1
71	86 1
71	86 1
71	86 1
71	86 1
71	86 1
71	86 1
71	86 1
71	86 1
71	86 1
71	86 1
71	86 1
71	86 1
71	86 1
71	86 1
71	86 1
71	86 1
71	86 1
71	86 1
71	86 1
71	86 1
71	86 1
71	86 1
71	86 1
71	86 1
71	86 1
71	86 1
71	86 1
71	86 1
71	86 1
71	86 1
71	86 1
71	86 1
71	86 1
71	86 1
71	86 1
71	86 1
71	86 1
71	86 1
71	86 1
71	86 1
71	86 1
71	TEST_NUMBER 2
71	SENT_TOTAL 250
71	RECEIVED_TOTAL 204
71	TIME_TOTAL 29801
71	RECEIVED_RADIO_1 126
71	RECEIVED_RADIO_2 124
71	SENT_RADIO_1 0
71	SENT_RADIO_2 193
71	RADIO_TIME_1 29801
71	RADIO_TIME_2 29645
71	RETRANSMISSIONS_1 568
71	RETRANSMISSIONS_2 1
71	DROPPED_1 57
71	DROPPED_2 0
71	MAX_QUEUE 2
71	DUPLICATED_1 0
71	DUPLICATED_2 0
71	EBUSY_RADIO_1 0
71	EBUSY_RADIO_2 0
71	86 2
71	86 2
71	86 2
71	86 2
71	86 2
71	86 2
71	86 2
71	86 2
71	86 2
71	86 2
71	86 2
71	86 2
71	86 2
71	86 2
71	86 2
71	86 2
71	86 2
71	86 2
71	86 2
71	86 2
71	86 2
71	86 2
71	86 2
71	86 2
71	86 2
71	86 2
71	86 2
71	86 2
71	86 2
71	86 2
71	86 2
71	86 2
71	86 2
71	86 2
71	86 2
71	86 2
71	86 2
71	86 2
71	86 2
71	86 2
71	86 2
71	86 2
71	86 2
71	86 2
71	86 2
71	86 2
71	TEST_NUMBER 3
71	SENT_TOTAL 250
71	RECEIVED_TOTAL 204
71	TIME_TOTAL 29808
71	RECEIVED_RADIO_1 126
71	RECEIVED_RADIO_2 124
71	SENT_RADIO_1 0
71	SENT_RADIO_2 192
71	RADIO_TIME_1 29875
71	RADIO_TIME_2 29808
71	RETRANSMISSIONS_1 578
71	RETRANSMISSIONS_2 0
71	DROPPED_1 58
71	DROPPED_2 0
71	MAX_QUEUE 2
71	DUPLICATED_1 0
71	DUPLICATED_2 0
71	EBUSY_RADIO_1 0
71	EBUSY_RADIO_2 0
71	86 3
71	86 3
71	86 3
71	86 3
71	86 3
71	86 3
71	86 3
71	86 3
71	86 3
71	86 3
71	86 3
71	86 3
71	86 3
71	86 3
71	86 3
71	86 3
71	86 3
71	86 3
71	86 3
71	86 3
71	86 3
71	86 3
71	86 3
71	86 3
71	86 3
71	86 3
71	86 3
71	86 3
71	86 3
71	86 3
71	86 3
71	86 3
71	86 3
71	86 3
71	86 3
71	86 3
71	86 3
71	86 3
71	86 3
71	86 3
71	86 3
71	86 3
71	86 3
71	86 3
71	86 3
71	86 3
71	TEST_NUMBER 4
71	SENT_TOTAL 250
71	RECEIVED_TOTAL 204
71	TIME_TOTAL 29800
71	RECEIVED_RADIO_1 125
71	RECEIVED_RADIO_2 125
71	SENT_RADIO_1 0
71	SENT_RADIO_2 191
71	RADIO_TIME_1 29793
71	RADIO_TIME_2 29800
71	RETRANSMISSIONS_1 588
71	RETRANSMISSIONS_2 4
71	DROPPED_1 59
71	DROPPED_2 0
71	MAX_QUEUE 2
71	DUPLICATED_1 0
71	DUPLICATED_2 0
71	EBUSY_RADIO_1 0
71	EBUSY_RADIO_2 0
71	86 4
71	86 4
71	86 4
71	86 4
71	86 4
71	86 4
71	86 4
71	86 4
71	86 4
71	86 4
71	86 4
71	86 4
71	86 4
71	86 4
71	86 4
71	86 4
71	86 4
71	86 4
71	86 4
71	86 4
71	86 4
71	86 4
71	86 4
71	86 4
71	86 4
71	86 4
71	86 4
71	86 4
71	86 4
71	86 4
71	86 4
71	86 4
71	86 4
71	86 4
71	86 4
71	86 4
71	86 4
71	86 4
71	86 4
71	86 4
71	86 4
71	86 4
71	86 4
71	86 4
71	86 4
71	86 4
71	TEST_NUMBER 5
71	SENT_TOTAL 250
71	RECEIVED_TOTAL 204
71	TIME_TOTAL 29806
71	RECEIVED_RADIO_1 126
71	RECEIVED_RADIO_2 124
71	SENT_RADIO_1 0
71	SENT_RADIO_2 191
71	RADIO_TIME_1 29732
71	RADIO_TIME_2 29725
71	RETRANSMISSIONS_1 588
71	RETRANSMISSIONS_2 4
71	DROPPED_1 59
71	DROPPED_2 0
71	MAX_QUEUE 2
71	DUPLICATED_1 0
71	DUPLICATED_2 0
71	EBUSY_RADIO_1 0
71	EBUSY_RADIO_2 0
71	86 5
71	86 5
71	86 5
71	86 5
71	86 5
71	86 5
71	86 5
71	86 5
71	86 5
71	86 5
71	86 5
71	86 5
71	86 5
71	86 5
71	86 5
71	86 5
71	86 5
71	86 5
71	86 5
71	86 5
71	86 5
71	86 5
71	86 5
71	86 5
71	86 5
71	86 5
71	86 5
71	86 5
71	86 5
71	86 5
71	86 5
71	86 5
71	86 5
71	86 5
71	86 5
71	86 5
71	86 5
71	86 5
71	86 5
71	86 5
71	86 5
71	86 5
71	86 5
71	86 5
71	86 5
71	86 5
71	TEST_NUMBER 6
71	SENT_TOTAL 250
71	RECEIVED_TOTAL 204
71	TIME_TOTAL 29808
71	RECEIVED_RADIO_1 126
71	RECEIVED_RADIO_2 124
71	SENT_RADIO_1 0
71	SENT_RADIO_2 191
71	RADIO_TIME_1 29808
71	RADIO_TIME_2 29645
71	RETRANSMISSIONS_1 597
71	RETRANSMISSIONS_2 3
71	DROPPED_1 59
71	DROPPED_2 0
71	MAX_QUEUE 2
71	DUPLICATED_1 0
71	DUPLICATED_2 0
71	EBUSY_RADIO_1 0
71	EBUSY_RADIO_2 0
71	86 6
71	86 6
71	86 6
71	86 6
71	86 6
71	86 6
71	86 6
71	86 6
71	86 6
71	86 6
71	86 6
71	86 6
71	86 6
71	86 6
71	86 6
71	86 6
71	86 6
71	86 6
71	86 6
71	86 6
71	86 6
71	86 6
71	86 6
71	86 6
71	86 6
71	86 6
71	86 6
71	86 6
71	86 6
71	86 6
71	86 6
71	86 6
71	86 6
71	86 6
71	86 6
71	86 6
71	86 6
71	86 6
71	86 6
71	86 6
71	86 6
71	86 6
71	86 6
71	86 6
71	86 6
71	86 6

72	RELAY_NODE 72
72	TEST_NUMBER 0
72	SENT_TOTAL 0
72	RECEIVED_TOTAL 0
72	TIME_TOTAL 0
72	RECEIVED_RADIO_1 125
72	RECEIVED_RADIO_2 190
72	SENT_RADIO_1 190
72	SENT_RADIO_2 125
72	RADIO_TIME_1 19792
72	RADIO_TIME_2 19783
72	RETRANSMISSIONS_1 10
72	RETRANSMISSIONS_2 0
72	DROPPED_1 0
72	DROPPED_2 0
72	MAX_QUEUE 1
72	DUPLICATED_1 0
72	DUPLICATED_2 6
72	EBUSY_RADIO_1 0
72	EBUSY_RADIO_2 0
72	TEST_NUMBER 1
72	SENT_TOTAL 0
72	RECEIVED_TOTAL 0
72	TIME_TOTAL 0
72	RECEIVED_RADIO_1 125
72	RECEIVED_RADIO_2 192
72	SENT_RADIO_1 192
72	SENT_RADIO_2 125
72	RADIO_TIME_1 19865
72	RADIO_TIME_2 19865
72	RETRANSMISSIONS_1 6
72	RETRANSMISSIONS_2 0
72	DROPPED_1 0
72	DROPPED_2 0
72	MAX_QUEUE 1
72	DUPLICATED_1 0
72	DUPLICATED_2 0
72	EBUSY_RADIO_1 0
72	EBUSY_RADIO_2 0
72	TEST_NUMBER 2
72	SENT_TOTAL 0
72	RECEIVED_TOTAL 0
72	TIME_TOTAL 0
72	RECEIVED_RADIO_1 124
72	RECEIVED_RADIO_2 192
72	SENT_RADIO_1 192
72	SENT_RADIO_2 124
72	RADIO_TIME_1 19782
72	RADIO_TIME_2 19782
72	RETRANSMISSIONS_1 5
72	RETRANSMISSIONS_2 0
72	DROPPED_1 0
72	DROPPED_2 0
72	MAX_QUEUE 1
72	DUPLICATED_1 0
72	DUPLICATED_2 1
72	EBUSY_RADIO_1 0
72	EBUSY_RADIO_2 0
72	TEST_NUMBER 3
72	SENT_TOTAL 0
72	RECEIVED_TOTAL 0
72	TIME_TOTAL 0
72	RECEIVED_RADIO_1 124
72	RECEIVED_RADIO_2 193
72	SENT_RADIO_1 193
72	SENT_RADIO_2 124
72	RADIO_TIME_1 19784
72	RADIO_TIME_2 19784
72	RETRANSMISSIONS_1 5
72	RETRANSMISSIONS_2 0
72	DROPPED_1 0
72	DROPPED_2 0
72	MAX_QUEUE 1
72	DUPLICATED_1 0
72	DUPLICATED_2 0
72	EBUSY_RADIO_1 0
72	EBUSY_RADIO_2 0
72	TEST_NUMBER 4
72	SENT_TOTAL 0
72	RECEIVED_TOTAL 0
72	TIME_TOTAL 0
72	RECEIVED_RADIO_1 124
72	RECEIVED_RADIO_2 190
72	SENT_RADIO_1 190
72	SENT_RADIO_2 124
72	RADIO_TIME_1 19713
72	RADIO_TIME_2 19713
72	RETRANSMISSIONS_1 8
72	RETRANSMISSIONS_2 0
72	DROPPED_1 0
72	DROPPED_2 0
72	MAX_QUEUE 1
72	DUPLICATED_1 0
72	DUPLICATED_2 5
72	EBUSY_RADIO_1 0
72	EBUSY_RADIO_2 0
72	TEST_NUMBER 5
72	SENT_TOTAL 0
72	RECEIVED_TOTAL 0
72	TIME_TOTAL 0
72	RECEIVED_RADIO_1 125
72	RECEIVED_RADIO_2 191
72	SENT_RADIO_1 191
72	SENT_RADIO_2 125
72	RADIO_TIME_1 19871
72	RADIO_TIME_2 19861
72	RETRANSMISSIONS_1 8
72	RETRANSMISSIONS_2 0
72	DROPPED_1 0
72	DROPPED_2 0
72	MAX_QUEUE 1
72	DUPLICATED_1 0
72	DUPLICATED_2 4
72	EBUSY_RADIO_1 0
72	EBUSY_RADIO_2 0
72	TEST_NUMBER 6
72	SENT_TOTAL 0
72	RECEIVED_TOTAL 0
72	TIME_TOTAL 0
72	RECEIVED_RADIO_1 124
72	RECEIVED_RADIO_2 191
72	SENT_RADIO_1 191
72	SENT_RADIO_2 124
72	RADIO_TIME_1 19791
72	RADIO_TIME_2 19791
72	RETRANSMISSIONS_1 10
72	RETRANSMISSIONS_2 0
72	DROPPED_1 0
72	DROPPED_2 0
72	MAX_QUEUE 1
72	DUPLICATED_1 0
72	DUPLICATED_2 2
72	EBUSY_RADIO_1 0
72	EBUSY_RADIO_2 0

73	SOURCE_NODE 73
73	84 1
73	84 2
73	83 2
73	85 2
73	79 19
73	84 3
73	84 4
73	83 4
73	85 3
73	79 108
73	83 4
73	85 4
73	79 36
73	84 5
73	83 5
73	85 5
73	79 37
73	84 6
73	84 7
73	83 7
73	85 7
73	79 30
73	84 8
73	84 9
73	83 9
73	85 8
73	79 106
73	84 10
73	83 10
73	85 10
73	79 28
73	84 11
73	84 12
73	83 12
73	85 11
73	79 105
73	83 12
73	85 12
73	79 41
73	84 13
73	83 13
73	85 13
73	79 32
73	84 14
73	84 15
73	83 15
73	85 15
73	79 29
73	84 16
73	84 17
73	83 17
73	85 16
73	79 103
73	83 17
73	85 17
73	79 33
73	84 18
73	84 19
73	83 19
73	85 19
73	79 30
73	84 20
73	84 1
73	83 1
73	85 20
73	79 106
73	83 1
73	85 1
73	79 44
73	84 2
73	83 2
73	85 2
73	79 35
73	84 3
73	84 4
73	83 4
73	85 4
73	79 25
73	84 5
73	84 6
73	83 6
73	85 5
73	79 110
73	83 6
73	85 6
73	79 36
73	84 7
73	84 8
73	83 8
73	85 8
73	79 25
73	84 9
73	84 10
73	83 10
73	85 9
73	79 108
73	83 10
73	85 10
73	79 36
73	84 11
73	84 12
73	83 12
73	85 12
73	79 24
73	84 13
73	84 14
73	83 14
73	85 13
73	79 108
73	83 14
73	85 14
73	79 39
73	84 15
73	84 16
73	83 16
73	85 16
73	79 28
73	84 17
73	84 18
73	83 18
73	85 17
73	79 122
73	83 18
73	85 18
73	79 48
73	84 19
73	84 20
73	83 20
73	85 20
73	79 27
73	84 1
73	84 2
73	83 2
73	85 1
73	79 109
73	83 2
73	85 2
73	79 40
73	84 3
73	83 3
73	85 3
73	79 38
73	84 4
73	84 5
73	83 5
73	85 5
73	79 31
73	84 6
73	84 7
73	83 7
73	85 6
73	79 110
73	83 7
73	85 7
73	79 49
73	84 8
73	83 8
73	85 8
73	79 39
73	84 9
73	84 10
73	83 10
73	85 10
73	79 23
73	84 11
73	84 12
73	83 12
73	85 11
73	79 108
73	83 12
73	85 12
73	79 38
73	84 13
73	84 14
73	83 14
73	85 14
73	79 26
73	84 15
73	84 16
73	83 16
73	85 15
73	79 113
73	83 16
73	85 16
73	79 42
73	84 17
73	84 18
73	83 18
73	85 18
73	79 24
73	84 19
73	84 20
73	83 20
73	85 19
73	79 105
73	83 20
73	85 20
73	79 32
73	84 1
73	83 1
73	85 1
73	79 34
73	84 2
73	84 3
73	83 3
73	85 3
73	79 25
73	84 4
73	84 5
73	83 5
73	85 4
73	79 107
73	83 5
73	85 5
73	79 37
73	84 6
73	84 7
73	83 7
73	85 7
73	79 29
73	84 8
73	84 9
73	83 9
73	85 8
73	79 106
73	83 9
73	85 9
73	79 36
73	84 10
73	83 10
73	85 10
73	79 38
73	84 11
73	84 12
73	83 12
73	85 12
73	79 29
73	84 13
73	84 14
73	83 14
73	85 13
73	79 110
73	83 14
73	85 14
73	79 38
73	84 15
73	84 16
73	83 16
73	85 16
73	79 23
73	84 17
73	84 18
73	83 18
73	85 17
73	79 107
73	83 18
73	85 18
73	79 41
73	84 19
73	84 20
73	83 20
73	85 20
73	79 25
73	84 1
73	84 2
73	83 2
73	85 1
73	79 104
73	83 2
73	85 2
73	79 35
73	84 3
73	83 3
73	85 3
73	79 46
73	84 4
73	84 5
73	83 5
73	85 5
73	79 30
73	84 6
73	84 7
73	83 7
73	85 6
73	79 105
73	84 8
73	84 9
73	83 9
73	85 8
73	79 108
73	83 9
73	85 9
73	79 35
73	84 10
73	83 10
73	85 10
73	79 44
73	84 11
73	84 12
73	83 12
73	85 12
73	79 26
73	84 13
73	84 14
73	83 14
73	85 13
73	79 112
73	83 14
73	85 14
73	79 41
73	84 15
73	84 16
73	83 16
73	85 16
73	79 26
73	84 17
73	84 18
73	83 18
73	85 17
73	79 104
73	83 18
73	85 18
73	79 41
73	84 19
73	83 19
73	85 19
73	79 37
73	84 20
73	84 1
73	83 1
73	85 1
73	79 30
73	84 2
73	84 3
73	83 3
73	85 2
73	79 105
73	83 3
73	85 3
73	79 35
73	84 4
73	83 4
73	85 4
73	79 34
73	84 5
73	84 6
73	83 6
73	85 6
73	79 26
73	84 7
73	84 8
73	83 8
73	85 7
73	79 110
73	83 8
73	85 8
73	79 37
73	84 9
73	84 10
73	83 10
73	85 10
73	79 28
73	84 11
73	84 12
73	83 12
73	85 11
73	79 105
73	83 12
73	85 12
73	79 34
73	84 13
73	84 14
73	83 14
73	85 14
73	79 28
73	84 15
73	84 16
73	83 16
73	85 15
73	79 109
73	83 16
73	85 16
73	79 42
73	84 17
73	84 18
73	83 18
73	85 18
73	79 27
73	84 19
73	84 20
73	83 20
73	85 19
73	79 109
73	83 20
73	85 20
73	79 35
73	84 1
73	84 2
73	83 2
73	85 2
73	79 31
73	84 3
73	84 4
73	83 4
73	85 3
73	79 111
73	83 4
73	85 4
73	79 39
73	84 5
73	83 5
73	85 5
73	79 38
73	84 6
73	84 7
73	83 7
73	85 7
73	79 26
73	84 8
73	84 9
73	83 9
73	85 8
73	79 103
73	83 9
73	85 9
73	79 39
73	84 10
73	84 11
73	83 11
73	85 11
73	79 28
73	84 12
73	84 13
73	83 13
73	85 12
73	79 108
73	83 13
73	85 13
73	79 38
73	84 14
73	84 15
73	83 15
73	85 15
73	79 28
73	84 16
73	84 17
73	83 17
73	85 16
73	79 107
73	83 17
73	85 17
73	79 33
73	84 18
73	84 19
73	83 19
73	85 19
73	79 27
73	84 20
73	84 1
73	83 1
73	85 20
73	79 103
73	83 1
73	85 1
73	79 43
73	84 2
73	83 2
73	85 2
73	79 48
73	84 3
73	84 4
73	83 4
73	85 4
73	79 29
73	84 5
73	84 6
73	83 6
73	85 5
73	79 107
73	83 6
73	85 6
73	79 36
73	84 7
73	83 7
73	85 7
73	79 37
73	84 8
73	84 9
73	83 9
73	85 9
73	79 28
73	84 10
73	84 11
73	83 11
73	85 10
73	79 105
73	84 12
73	83 12
73	85 12
73	79 27
73	84 13
73	84 14
73	83 14
73	85 13
73	79 102
73	83 14
73	85 14
73	79 31
73	84 15
73	83 15
73	85 15
73	79 42
73	84 16
73	84 17
73	83 17
73	85 17
73	79 33
73	84 18
73	84 19
73	83 19
73	85 18
73	79 106
73	83 19
73	85 19
73	79 33
73	84 20
73	83 20
73	85 20
73	79 34
73	84 1
73	84 2
73	83 2
73	85 2
73	79 25
73	84 3
73	84 4
73	83 4
73	85 3
73	79 107
73	83 4
73	85 4
73	79 35
73	84 5
73	84 6
73	83 6
73	85 6
73	79 26
73	84 7
73	84 8
73	83 8
73	85 7
73	79 110
73	83 8
73	85 8
73	79 42
73	84 9
73	84 10
73	83 10
73	85 10
73	79 33
73	84 11
73	84 12
73	83 12
73	85 11
73	79 108
73	84 13
73	84 14
73	83 14
73	85 13
73	79 108
73	83 14
73	85 14
73	79 35
73	84 15
73	83 15
73	85 15
73	79 41
73	84 16
73	84 17
73	83 17
73	85 17
73	79 30
73	84 18
73	84 19
73	83 19
73	85 18
73	79 108
73	84 20
73	84 1
73	83 1
73	85 20
73	79 106
73	83 1
73	85 1
73	79 36
73	84 2
73	83 2
73	85 2
73	79 40
73	84 3
73	84 4
73	83 4
73	85 4
73	79 25
73	84 5
73	84 6
73	83 6
73	85 5
73	79 110
73	83 6
73	85 6
73	79 39
73	84 7
73	83 7
73	85 7
73	79 40
73	84 8
73	84 9
73	83 9
73	85 9
73	79 26
73	84 10
73	84 11
73	83 11
73	85 10
73	79 105
73	83 11
73	85 11
73	79 40
73	84 12
73	84 13
73	83 13
73	85 13
73	79 31
73	84 14
73	84 15
73	83 15
73	85 14
73	79 110
73	83 15
73	85 15
73	79 36
73	84 16
73	84 17
73	83 17
73	85 17
73	79 30
73	84 18
73	84 19
73	83 19
73	85 18
73	79 106
73	83 19
73	85 19
73	79 46
73	84 20
73	84 1
73	83 1
73	85 1
73	79 28
73	84 2
73	84 3
73	84 4
73	83 4
73	85 2
73	79 182
73	83 4
73	85 4
73	79 31
73	84 5
73	84 6
73	83 6
73	85 5
73	79 107
73	83 6
73	85 6
73	79 34
73	84 7
73	83 7
73	85 7
73	79 33
73	84 8
73	84 9
73	83 9
73	85 9
73	79 29
73	84 10
73	84 11
73	83 11
73	85 10
73	79 108
73	83 11
73	85 11
73	79 37
73	84 12
73	83 12
73	85 12
73	79 42
73	84 13
73	84 14
73	83 14
73	85 14
73	79 29
73	84 15
73	84 16
73	83 16
73	85 15
73	79 111
73	83 16
73	85 16
73	79 38
73	84 17
73	83 17
73	85 17
73	79 35
73	84 18
73	84 19
73	83 19
73	85 19
73	79 31
73	84 20
73	84 1
73	83 1
73	85 20
73	79 111
73	83 1
73	85 1
73	79 48
73	84 2
73	84 3
73	83 3
73	85 3
73	79 27
73	84 4
73	84 5
73	83 5
73	85 4
73	79 104
73	83 5
73	85 5
73	79 33
73	84 6
73	83 6
73	85 6
73	79 35
73	84 7
73	84 8
73	83 8
73	85 8
73	79 27
73	84 9
73	84 10
73	83 10
73	85 9
73	79 109
73	83 10
73	85 10
73	79 39
73	84 11
73	83 11
73	85 11
73	79 37
73	84 12
73	84 13
73	83 13
73	85 13
73	79 28
73	84 14
73	84 15
73	83 15
73	85 14
73	79 111
73	84 16
73	83 16
73	85 16
73	79 26
73	84 17
73	84 18
73	83 18
73	85 17
73	79 105
73	83 18
73	85 18
73	79 39
73	84 19
73	84 20
73	83 20
73	85 20
73	79 29
73	84 1
73	84 2
73	83 2
73	85 1
73	79 108
73	83 2
73	85 2
73	79 39
73	84 3
73	84 4
73	83 4
73	85 4
73	79 23
73	84 5
73	84 6
73	83 6
73	85 5
73	79 103
73	84 7
73	83 7
73	85 7
73	79 28
73	84 8
73	84 9
73	83 9
73	85 8
73	79 105
73	83 9
73	85 9
73	79 40
73	84 10
73	TEST_NUMBER 0
73	SENT_TOTAL 250
73	RECEIVED_TOTAL 190
73	TIME_TOTAL 19704
73	RECEIVED_RADIO_1 190
73	RECEIVED_RADIO_2 0
73	SENT_RADIO_1 125
73	SENT_RADIO_2 124
73	RADIO_TIME_1 19803
73	RADIO_TIME_2 19763
73	RETRANSMISSIONS_1 0
73	RETRANSMISSIONS_2 0
73	DROPPED_1 0
73	DROPPED_2 0
73	MAX_QUEUE 1
73	DUPLICATED_1 8
73	DUPLICATED_2 0
73	EBUSY_RADIO_1 0
73	EBUSY_RADIO_2 0
73	84 1
73	83 1
73	85 1
73	79 29
73	84 2
73	84 3
73	83 3
73	85 2
73	79 106
73	83 3
73	85 3
73	79 42
73	84 4
73	83 4
73	85 4
73	79 44
73	84 5
73	84 6
73	83 6
73	85 6
73	79 25
73	84 7
73	84 8
73	83 8
73	85 7
73	79 105
73	83 8
73	85 8
73	79 41
73	84 9
73	84 10
73	83 10
73	85 10
73	79 28
73	84 11
73	84 12
73	83 12
73	85 11
73	79 108
73	83 12
73	85 12
73	79 34
73	84 13
73	84 14
73	83 14
73	85 14
73	79 25
73	84 15
73	84 16
73	83 16
73	85 15
73	79 109
73	83 16
73	85 16
73	79 38
73	84 17
73	83 17
73	85 17
73	79 38
73	84 18
73	84 19
73	83 19
73	85 19
73	79 31
73	84 20
73	84 1
73	83 1
73	85 20
73	79 106
73	83 1
73	85 1
73	79 33
73	84 2
73	83 2
73	85 2
73	79 33
73	84 3
73	84 4
73	83 4
73	85 4
73	79 33
73	84 5
73	84 6
73	83 6
73	85 5
73	79 109
73	83 6
73	85 6
73	79 45
73	84 7
73	84 8
73	83 8
73	85 8
73	79 27
73	84 9
73	84 10
73	83 10
73	85 9
73	79 113
73	83 10
73	85 10
73	79 40
73	84 11
73	83 11
73	85 11
73	79 29
73	84 12
73	84 13
73	83 13
73	85 13
73	79 24
73	84 14
73	84 15
73	83 15
73	85 14
73	79 106
73	83 15
73	85 15
73	79 34
73	84 16
73	84 17
73	83 17
73	85 17
73	79 22
73	84 18
73	84 19
73	83 19
73	85 18
73	79 109
73	83 19
73	85 19
73	79 40
73	84 20
73	83 20
73	85 20
73	79 35
73	84 1
73	84 2
73	83 2
73	85 2
73	79 29
73	84 3
73	84 4
73	83 4
73	85 3
73	79 109
73	83 4
73	85 4
73	79 40
73	84 5
73	83 5
73	85 5
73	79 36
73	84 6
73	84 7
73	83 7
73	85 7
73	79 29
73	84 8
73	84 9
73	83 9
73	85 8
73	79 106
73	83 9
73	85 9
73	79 33
73	84 10
73	84 11
73	83 11
73	85 11
73	79 23
73	84 12
73	84 13
73	83 13
73	85 12
73	79 105
73	83 13
73	85 13
73	79 33
73	84 14
73	84 15
73	83 15
73	85 15
73	79 25
73	84 16
73	84 17
73	83 17
73	85 16
73	79 106
73	83 17
73	85 17
73	79 34
73	84 18
73	84 19
73	83 19
73	85 19
73	79 32
73	84 20
73	84 1
73	83 1
73	85 20
73	79 107
73	83 1
73	85 1
73	79 32
73	84 2
73	83 2
73	85 2
73	79 32
73	84 3
73	84 4
73	83 4
73	85 4
73	79 24
73	84 5
73	84 6
73	83 6
73	85 5
73	79 103
73	83 6
73	85 6
73	79 52
73	84 7
73	84 8
73	83 8
73	85 8
73	79 29
73	84 9
73	84 10
73	83 10
73	85 9
73	79 108
73	83 10
73	85 10
73	79 34
73	84 11
73	83 11
73	85 11
73	79 35
73	84 12
73	84 13
73	83 13
73	85 13
73	79 26
73	84 14
73	84 15
73	83 15
73	85 14
73	79 107
73	83 15
73	85 15
73	79 35
73	84 16
73	84 17
73	83 17
73	85 17
73	79 31
73	84 18
73	84 19
73	83 19
73	85 18
73	79 106
73	83 19
73	85 19
73	79 42
73	84 20
73	84 1
73	83 1
73	85 1
73	79 30
73	84 2
73	84 3
73	83 3
73	85 2
73	79 106
73	83 3
73	85 3
73	79 37
73	84 4
73	84 5
73	83 5
73	85 5
73	79 27
73	84 6
73	84 7
73	83 7
73	85 6
73	79 106
73	83 7
73	85 7
73	79 34
73	84 8
73	84 9
73	83 9
73	85 9
73	79 29
73	84 10
73	84 11
73	83 11
73	85 10
73	79 111
73	83 11
73	85 11
73	79 37
73	84 12
73	84 13
73	83 13
73	85 13
73	79 29
73	84 14
73	84 15
73	83 15
73	85 14
73	79 113
73	84 16
73	84 17
73	83 17
73	85 15
73	79 186
73	84 18
73	83 18
73	85 17
73	79 107
73	83 18
73	85 18
73	79 38
73	84 19
73	83 19
73	85 19
73	79 36
73	84 20
73	84 1
73	83 1
73	85 1
73	79 28
73	84 2
73	84 3
73	83 3
73	85 2
73	79 108
73	83 3
73	85 3
73	79 37
73	84 4
73	83 4
73	85 4
73	79 35
73	84 5
73	84 6
73	83 6
73	85 6
73	79 26
73	84 7
73	84 8
73	83 8
73	85 7
73	79 106
73	83 8
73	85 8
73	79 42
73	84 9
73	84 10
73	83 10
73	85 10
73	79 26
73	84 11
73	84 12
73	83 12
73	85 11
73	79 107
73	83 12
73	85 12
73	79 45
73	84 13
73	84 14
73	83 14
73	85 14
73	79 24
73	84 15
73	84 16
73	83 16
73	85 15
73	79 108
73	83 16
73	85 16
73	79 34
73	84 17
73	83 17
73	85 17
73	79 39
73	84 18
73	84 19
73	83 19
73	85 19
73	79 29
73	84 20
73	84 1
73	83 1
73	85 20
73	79 107
73	83 1
73	85 1
73	79 32
73	84 2
73	83 2
73	85 2
73	79 37
73	84 3
73	84 4
73	83 4
73	85 4
73	79 28
73	84 5
73	84 6
73	83 6
73	85 5
73	79 104
73	83 6
73	85 6
73	79 35
73	84 7
73	83 7
73	85 7
73	79 37
73	84 8
73	84 9
73	83 9
73	85 9
73	79 26
73	84 10
73	84 11
73	83 11
73	85 10
73	79 108
73	83 11
73	85 11
73	79 39
73	84 12
73	84 13
73	83 13
73	85 13
73	79 28
73	84 14
73	84 15
73	83 15
73	85 14
73	79 108
73	83 15
73	85 15
73	79 35
73	84 16
73	84 17
73	83 17
73	85 17
73	79 27
73	84 18
73	84 19
73	83 19
73	85 18
73	79 102
73	83 19
73	85 19
73	79 33
73	84 20
73	83 20
73	85 20
73	79 37
73	84 1
73	84 2
73	83 2
73	85 2
73	79 28
73	84 3
73	84 4
73	83 4
73	85 3
73	79 104
73	84 5
73	83 5
73	85 5
73	79 21
73	84 6
73	84 7
73	83 7
73	85 6
73	79 113
73	84 8
73	83 8
73	85 8
73	79 29
73	84 9
73	84 10
73	83 10
73	85 9
73	79 109
73	84 11
73	83 11
73	85 11
73	79 31
73	84 12
73	84 13
73	83 13
73	85 12
73	79 104
73	83 13
73	85 13
73	79 36
73	84 14
73	83 14
73	85 14
73	79 39
73	84 15
73	84 16
73	83 16
73	85 16
73	79 29
73	84 17
73	84 18
73	83 18
73	85 17
73	79 112
73	83 18
73	85 18
73	79 48
73	84 19
73	84 20
73	83 20
73	85 20
73	79 28
73	84 1
73	84 2
73	83 2
73	85 1
73	79 104
73	83 2
73	85 2
73	79 32
73	84 3
73	84 4
73	83 4
73	85 4
73	79 27
73	84 5
73	84 6
73	83 6
73	85 5
73	79 107
73	83 6
73	85 6
73	79 48
73	84 7
73	84 8
73	83 8
73	85 8
73	79 26
73	84 9
73	84 10
73	83 10
73	85 9
73	79 105
73	83 10
73	85 10
73	79 42
73	84 11
73	84 12
73	83 12
73	85 12
73	79 28
73	84 13
73	84 14
73	83 14
73	85 13
73	79 104
73	83 14
73	85 14
73	79 31
73	84 15
73	84 16
73	83 16
73	85 16
73	79 29
73	84 17
73	84 18
73	83 18
73	85 17
73	79 105
73	83 18
73	85 18
73	79 33
73	84 19
73	84 20
73	83 20
73	85 20
73	79 33
73	84 1
73	84 2
73	83 2
73	85 1
73	79 106
73	83 2
73	85 2
73	79 39
73	84 3
73	83 3
73	85 3
73	79 34
73	84 4
73	84 5
73	83 5
73	85 5
73	79 29
73	84 6
73	84 7
73	83 7
73	85 6
73	79 107
73	84 8
73	83 8
73	85 8
73	79 33
73	84 9
73	84 10
73	83 10
73	85 9
73	79 105
73	83 10
73	85 10
73	79 34
73	84 11
73	84 12
73	83 12
73	85 12
73	79 26
73	84 13
73	84 14
73	83 14
73	85 13
73	79 107
73	83 14
73	85 14
73	79 44
73	84 15
73	84 16
73	83 16
73	85 16
73	79 28
73	84 17
73	84 18
73	83 18
73	85 17
73	79 104
73	83 18
73	85 18
73	79 33
73	84 19
73	84 20
73	83 20
73	85 20
73	79 34
73	84 1
73	84 2
73	83 2
73	85 1
73	79 109
73	83 2
73	85 2
73	79 38
73	84 3
73	84 4
73	83 4
73	85 4
73	79 32
73	84 5
73	84 6
73	83 6
73	85 5
73	79 106
73	83 6
73	85 6
73	79 32
73	84 7
73	83 7
73	85 7
73	79 41
73	84 8
73	84 9
73	83 9
73	85 9
73	79 27
73	84 10
73	84 11
73	83 11
73	85 10
73	79 108
73	83 11
73	85 11
73	79 37
73	84 12
73	83 12
73	85 12
73	79 34
73	84 13
73	84 14
73	83 14
73	85 14
73	79 31
73	84 15
73	84 16
73	83 16
73	85 15
73	79 105
73	83 16
73	85 16
73	79 32
73	84 17
73	84 18
73	83 18
73	85 18
73	79 30
73	84 19
73	84 20
73	83 20
73	85 19
73	79 107
73	83 20
73	85 20
73	79 37
73	84 1
73	84 2
73	83 2
73	85 2
73	79 29
73	84 3
73	84 4
73	83 4
73	85 3
73	79 109
73	83 4
73	85 4
73	79 36
73	84 5
73	84 6
73	83 6
73	85 6
73	79 26
73	84 7
73	84 8
73	83 8
73	85 7
73	79 108
73	83 8
73	85 8
73	79 38
73	84 9
73	83 9
73	85 9
73	79 34
73	84 10
73	84 11
73	83 11
73	85 11
73	79 23
73	84 12
73	84 13
73	83 13
73	85 12
73	79 102
73	83 13
73	85 13
73	79 30
73	84 14
73	83 14
73	85 14
73	79 39
73	84 15
73	84 16
73	83 16
73	85 16
73	79 24
73	84 17
73	84 18
73	83 18
73	85 17
73	79 113
73	83 18
73	85 18
73	79 41
73	84 19
73	84 20
73	83 20
73	85 20
73	79 28
73	84 1
73	84 2
73	83 2
73	85 1
73	79 105
73	83 2
73	85 2
73	79 34
73	84 3
73	84 4
73	83 4
73	85 4
73	79 28
73	84 5
73	84 6
73	83 6
73	85 5
73	79 108
73	83 6
73	85 6
73	79 34
73	84 7
73	84 8
73	83 8
73	85 8
73	79 29
73	84 9
73	84 10
73	TEST_NUMBER 1
73	SENT_TOTAL 250
73	RECEIVED_TOTAL 190
73	TIME_TOTAL 19683
73	RECEIVED_RADIO_1 190
73	RECEIVED_RADIO_2 0
73	SENT_RADIO_1 124
73	SENT_RADIO_2 126
73	RADIO_TIME_1 19843
73	RADIO_TIME_2 19683
73	RETRANSMISSIONS_1 1
73	RETRANSMISSIONS_2 0
73	DROPPED_1 0
73	DROPPED_2 0
73	MAX_QUEUE 1
73	DUPLICATED_1 6
73	DUPLICATED_2 0
73	EBUSY_RADIO_1 0
73	EBUSY_RADIO_2 0
73	83 0
73	85 9
73	86 1
73	83 0
73	85 10
73	86 1
73	84 1
73	84 2
73	83 2
73	85 2
73	79 25
73	84 3
73	84 4
73	83 4
73	85 3
73	79 108
73	83 4
73	85 4
73	79 47
73	84 5
73	84 6
73	83 6
73	85 6
73	79 30
73	84 7
73	84 8
73	83 8
73	85 7
73	79 110
73	83 8
73	85 8
73	79 39
73	84 9
73	84 10
73	83 10
73	85 10
73	79 26
73	84 11
73	84 12
73	83 12
73	85 11
73	79 109
73	83 12
73	85 12
73	79 39
73	84 13
73	84 14
73	83 14
73	85 14
73	79 28
73	84 15
73	84 16
73	83 16
73	85 15
73	79 109
73	83 16
73	85 16
73	79 36
73	84 17
73	83 17
73	85 17
73	79 37
73	84 18
73	84 19
73	83 19
73	85 19
73	79 27
73	84 20
73	84 1
73	83 1
73	85 20
73	79 109
73	83 1
73	85 1
73	79 38
73	84 2
73	83 2
73	85 2
73	79 32
73	84 3
73	84 4
73	83 4
73	85 4
73	79 28
73	84 5
73	84 6
73	83 6
73	85 5
73	79 108
73	83 6
73	85 6
73	79 38
73	84 7
73	83 7
73	85 7
73	79 32
73	84 8
73	84 9
73	83 9
73	85 9
73	79 25
73	84 10
73	84 11
73	83 11
73	85 10
73	79 102
73	83 11
73	85 11
73	79 30
73	84 12
73	83 12
73	85 12
73	79 35
73	84 13
73	84 14
73	83 14
73	85 14
73	79 27
73	84 15
73	84 16
73	83 16
73	85 15
73	79 105
73	83 16
73	85 16
73	79 32
73	84 17
73	83 17
73	85 17
73	79 39
73	84 18
73	84 19
73	83 19
73	85 19
73	79 23
73	84 20
73	84 1
73	83 1
73	85 20
73	79 105
73	84 2
73	83 2
73	85 2
73	79 27
73	84 3
73	84 4
73	83 4
73	85 3
73	79 109
73	83 4
73	85 4
73	79 37
73	84 5
73	83 5
73	85 5
73	79 38
73	84 6
73	84 7
73	83 7
73	85 7
73	79 27
73	84 8
73	84 9
73	83 9
73	85 8
73	79 109
73	83 9
73	85 9
73	79 37
73	84 10
73	83 10
73	85 10
73	79 34
73	84 11
73	84 12
73	83 12
73	85 12
73	79 33
73	84 13
73	84 14
73	83 14
73	85 13
73	79 109
73	83 14
73	85 14
73	79 44
73	84 15
73	84 16
73	83 16
73	85 16
73	79 31
73	84 17
73	84 18
73	83 18
73	85 17
73	79 110
73	83 18
73	85 18
73	79 42
73	84 19
73	84 20
73	83 20
73	85 20
73	79 29
73	84 1
73	84 2
73	83 2
73	85 1
73	79 108
73	83 2
73	85 2
73	79 47
73	84 3
73	84 4
73	83 4
73	85 4
73	79 27
73	84 5
73	84 6
73	83 6
73	85 5
73	79 103
73	83 6
73	85 6
73	79 39
73	84 7
73	84 8
73	83 8
73	85 8
73	79 27
73	84 9
73	84 10
73	83 10
73	85 9
73	79 105
73	83 10
73	85 10
73	79 34
73	84 11
73	84 12
73	83 12
73	85 12
73	79 26
73	84 13
73	84 14
73	83 14
73	85 13
73	79 103
73	83 14
73	85 14
73	79 32
73	84 15
73	84 16
73	83 16
73	85 16
73	79 27
73	84 17
73	84 18
73	83 18
73	85 17
73	79 106
73	83 18
73	85 18
73	79 34
73	84 19
73	84 20
73	83 20
73	85 20
73	79 27
73	84 1
73	84 2
73	83 2
73	85 1
73	79 107
73	83 2
73	85 2
73	79 43
73	84 3
73	83 3
73	85 3
73	79 37
73	84 4
73	84 5
73	83 5
73	85 5
73	79 23
73	84 6
73	84 7
73	83 7
73	85 6
73	79 109
73	83 7
73	85 7
73	79 50
73	84 8
73	84 9
73	83 9
73	85 9
73	79 22
73	84 10
73	84 11
73	83 11
73	85 10
73	79 105
73	83 11
73	85 11
73	79 45
73	84 12
73	84 13
73	83 13
73	85 13
73	79 22
73	84 14
73	84 15
73	83 15
73	85 14
73	79 118
73	83 15
73	85 15
73	79 48
73	84 16
73	84 17
73	83 17
73	85 17
73	79 26
73	84 18
73	84 19
73	83 19
73	85 18
73	79 107
73	83 19
73	85 19
73	79 35
73	84 20
73	83 20
73	85 20
73	79 32
73	84 1
73	84 2
73	83 2
73	85 2
73	79 31
73	84 3
73	84 4
73	83 4
73	85 3
73	79 102
73	83 4
73	85 4
73	79 31
73	84 5
73	83 5
73	85 5
73	79 39
73	84 6
73	84 7
73	83 7
73	85 7
73	79 27
73	84 8
73	84 9
73	83 9
73	85 8
73	79 104
73	83 9
73	85 9
73	79 33
73	84 10
73	83 10
73	85 10
73	79 32
73	84 11
73	84 12
73	83 12
73	85 12
73	79 24
73	84 13
73	84 14
73	83 14
73	85 13
73	79 109
73	83 14
73	85 14
73	79 44
73	84 15
73	84 16
73	83 16
73	85 16
73	79 25
73	84 17
73	84 18
73	83 18
73	85 17
73	79 106
73	83 18
73	85 18
73	79 35
73	84 19
73	84 20
73	83 20
73	85 20
73	79 29
73	84 1
73	84 2
73	83 2
73	85 1
73	79 105
73	83 2
73	85 2
73	79 35
73	84 3
73	83 3
73	85 3
73	79 34
73	84 4
73	84 5
73	83 5
73	85 5
73	79 24
73	84 6
73	84 7
73	83 7
73	85 6
73	79 111
73	83 7
73	85 7
73	79 41
73	84 8
73	84 9
73	83 9
73	85 9
73	79 25
73	84 10
73	84 11
73	84 12
73	83 12
73	85 11
73	79 106
73	83 12
73	85 10
73	79 193
73	84 13
73	83 13
73	85 13
73	79 31
73	84 14
73	84 15
73	83 15
73	85 14
73	79 108
73	83 15
73	85 15
73	79 35
73	84 16
73	83 16
73	85 16
73	79 32
73	84 17
73	84 18
73	83 18
73	85 18
73	79 25
73	84 19
73	84 20
73	83 20
73	85 19
73	79 110
73	83 20
73	85 20
73	79 37
73	84 1
73	83 1
73	85 1
73	79 32
73	84 2
73	84 3
73	83 3
73	85 3
73	79 32
73	84 4
73	84 5
73	83 5
73	85 4
73	79 107
73	83 5
73	85 5
73	79 36
73	84 6
73	84 7
73	83 7
73	85 7
73	79 23
73	84 8
73	84 9
73	83 9
73	85 8
73	79 107
73	83 9
73	85 9
73	79 36
73	84 10
73	84 11
73	83 11
73	85 11
73	79 28
73	84 12
73	84 13
73	83 13
73	85 12
73	79 104
73	83 13
73	85 13
73	79 31
73	84 14
73	83 14
73	85 14
73	79 40
73	84 15
73	84 16
73	83 16
73	85 16
73	79 28
73	84 17
73	84 18
73	83 18
73	85 17
73	79 107
73	83 18
73	85 18
73	79 35
73	84 19
73	83 19
73	85 19
73	79 32
73	84 20
73	84 1
73	83 1
73	85 1
73	79 28
73	84 2
73	84 3
73	83 3
73	85 2
73	79 110
73	83 3
73	85 3
73	79 43
73	84 4
73	84 5
73	83 5
73	85 5
73	79 30
73	84 6
73	84 7
73	83 7
73	85 6
73	79 106
73	83 7
73	85 7
73	79 35
73	84 8
73	83 8
73	85 8
73	79 36
73	84 9
73	84 10
73	83 10
73	85 10
73	79 25
73	84 11
73	84 12
73	83 12
73	85 11
73	79 112
73	84 13
73	83 13
73	85 13
73	79 26
73	84 14
73	84 15
73	83 15
73	85 14
73	79 112
73	83 15
73	85 15
73	79 40
73	84 16
73	84 17
73	83 17
73	85 17
73	79 27
73	84 18
73	84 19
73	83 19
73	85 18
73	79 108
73	84 20
73	83 20
73	85 20
73	79 30
73	84 1
73	84 2
73	83 2
73	85 1
73	79 108
73	83 2
73	85 2
73	79 36
73	84 3
73	83 3
73	85 3
73	79 35
73	84 4
73	84 5
73	83 5
73	85 5
73	79 26
73	84 6
73	84 7
73	83 7
73	85 6
73	79 105
73	83 7
73	85 7
73	79 39
73	84 8
73	84 9
73	83 9
73	85 9
73	79 25
73	84 10
73	84 11
73	83 11
73	85 10
73	79 105
73	83 11
73	85 11
73	79 34
73	84 12
73	83 12
73	85 12
73	79 39
73	84 13
73	84 14
73	83 14
73	85 14
73	79 25
73	84 15
73	84 16
73	83 16
73	85 15
73	79 107
73	83 16
73	85 16
73	79 35
73	84 17
73	83 17
73	85 17
73	79 38
73	84 18
73	84 19
73	83 19
73	85 19
73	79 25
73	84 20
73	84 1
73	83 1
73	85 20
73	79 106
73	83 1
73	85 1
73	79 35
73	84 2
73	84 3
73	83 3
73	85 3
73	79 30
73	84 4
73	84 5
73	83 5
73	85 4
73	79 105
73	83 5
73	85 5
73	79 32
73	84 6
73	84 7
73	84 8
73	83 8
73	85 8
73	79 22
73	84 9
73	83 9
73	85 7
73	79 197
73	83 9
73	85 9
73	79 47
73	84 10
73	84 11
73	83 11
73	85 10
73	79 105
73	83 11
73	85 11
73	79 34
73	84 12
73	84 13
73	83 13
73	85 13
73	79 27
73	84 14
73	84 15
73	83 15
73	85 14
73	79 111
73	84 16
73	83 16
73	85 16
73	79 25
73	84 17
73	84 18
73	83 18
73	85 17
73	79 106
73	83 18
73	85 18
73	79 33
73	84 19
73	84 20
73	83 20
73	85 20
73	79 29
73	84 1
73	84 2
73	83 2
73	85 1
73	79 108
73	83 2
73	85 2
73	79 37
73	84 3
73	84 4
73	83 4
73	85 4
73	79 26
73	84 5
73	84 6
73	83 6
73	85 5
73	79 105
73	84 7
73	83 7
73	85 7
73	79 27
73	84 8
73	84 9
73	83 9
73	85 8
73	79 106
73	83 9
73	85 9
73	79 32
73	84 10
73	83 10
73	85 10
73	79 34
73	84 11
73	84 12
73	83 12
73	85 12
73	79 27
73	84 13
73	84 14
73	83 14
73	85 13
73	79 105
73	83 14
73	85 14
73	79 34
73	84 15
73	84 16
73	83 16
73	85 16
73	79 26
73	84 17
73	84 18
73	83 18
73	85 17
73	79 104
73	83 18
73	85 18
73	79 30
73	84 19
73	83 19
73	85 19
73	79 38
73	84 20
73	84 1
73	83 1
73	85 1
73	79 20
73	84 2
73	84 3
73	83 3
73	85 2
73	79 111
73	83 3
73	85 3
73	79 38
73	84 4
73	83 4
73	85 4
73	79 32
73	84 5
73	84 6
73	83 6
73	85 6
73	79 28
73	84 7
73	84 8
73	83 8
73	85 7
73	79 107
73	83 8
73	85 8
73	79 50
73	84 9
73	84 10
73	TEST_NUMBER 2
73	SENT_TOTAL 250
73	RECEIVED_TOTAL 191
73	TIME_TOTAL 29746
73	RECEIVED_RADIO_1 193
73	RECEIVED_RADIO_2 0
73	SENT_RADIO_1 124
73	SENT_RADIO_2 126
73	RADIO_TIME_1 29855
73	RADIO_TIME_2 19763
73	RETRANSMISSIONS_1 2
73	RETRANSMISSIONS_2 0
73	DROPPED_1 0
73	DROPPED_2 0
73	MAX_QUEUE 1
73	DUPLICATED_1 5
73	DUPLICATED_2 0
73	EBUSY_RADIO_1 0
73	EBUSY_RADIO_2 0
73	83 0
73	85 10
73	86 2
73	84 1
73	84 2
73	83 2
73	85 1
73	79 105
73	83 2
73	85 2
73	79 34
73	84 3
73	84 4
73	83 4
73	85 4
73	79 30
73	84 5
73	84 6
73	83 6
73	85 5
73	79 107
73	83 6
73	85 6
73	79 33
73	84 7
73	83 7
73	85 7
73	79 35
73	84 8
73	84 9
73	83 9
73	85 9
73	79 22
73	84 10
73	84 11
73	83 11
73	85 10
73	79 109
73	83 11
73	85 11
73	79 40
73	84 12
73	84 13
73	83 13
73	85 13
73	79 26
73	84 14
73	84 15
73	83 15
73	85 14
73	79 111
73	83 15
73	85 15
73	79 42
73	84 16
73	83 16
73	85 16
73	79 37
73	84 17
73	84 18
73	83 18
73	85 18
73	79 32
73	84 19
73	84 20
73	83 20
73	85 19
73	79 109
73	83 20
73	85 20
73	79 35
73	84 1
73	83 1
73	85 1
73	79 34
73	84 2
73	84 3
73	83 3
73	85 3
73	79 23
73	84 4
73	84 5
73	83 5
73	85 4
73	79 108
73	84 6
73	83 6
73	85 6
73	79 29
73	84 7
73	84 8
73	83 8
73	85 7
73	79 110
73	83 8
73	85 8
73	79 37
73	84 9
73	84 10
73	83 10
73	85 10
73	79 23
73	84 11
73	84 12
73	83 12
73	85 11
73	79 108
73	83 12
73	85 12
73	79 33
73	84 13
73	83 13
73	85 13
73	79 35
73	84 14
73	84 15
73	83 15
73	85 15
73	79 27
73	84 16
73	84 17
73	83 17
73	85 16
73	79 111
73	83 17
73	85 17
73	79 44
73	84 18
73	84 19
73	83 19
73	85 19
73	79 25
73	84 20
73	84 1
73	83 1
73	85 20
73	79 109
73	83 1
73	85 1
73	79 36
73	84 2
73	84 3
73	83 3
73	85 3
73	79 25
73	84 4
73	84 5
73	83 5
73	85 4
73	79 105
73	83 5
73	85 5
73	79 31
73	84 6
73	83 6
73	85 6
73	79 33
73	84 7
73	84 8
73	83 8
73	85 8
73	79 24
73	84 9
73	84 10
73	83 10
73	85 9
73	79 112
73	83 10
73	85 10
73	79 39
73	84 11
73	84 12
73	83 12
73	85 12
73	79 26
73	84 13
73	84 14
73	83 14
73	85 13
73	79 110
73	83 14
73	85 14
73	79 44
73	84 15
73	84 16
73	83 16
73	85 16
73	79 28
73	84 17
73	84 18
73	83 18
73	85 17
73	79 104
73	83 18
73	85 18
73	79 32
73	84 19
73	83 19
73	85 19
73	79 43
73	84 20
73	84 1
73	83 1
73	85 1
73	79 22
73	84 2
73	84 3
73	83 3
73	85 2
73	79 111
73	83 3
73	85 3
73	79 48
73	84 4
73	84 5
73	83 5
73	85 5
73	79 27
73	84 6
73	84 7
73	83 7
73	85 6
73	79 108
73	83 7
73	85 7
73	79 40
73	84 8
73	83 8
73	85 8
73	79 48
73	84 9
73	84 10
73	83 10
73	85 10
73	79 32
73	84 11
73	84 12
73	83 12
73	85 11
73	79 108
73	83 12
73	85 12
73	79 38
73	84 13
73	83 13
73	85 13
73	79 36
73	84 14
73	84 15
73	83 15
73	85 15
73	79 28
73	84 16
73	84 17
73	83 17
73	85 16
73	79 111
73	83 17
73	85 17
73	79 40
73	84 18
73	84 19
73	83 19
73	85 19
73	79 23
73	84 20
73	84 1
73	83 1
73	85 20
73	79 108
73	83 1
73	85 1
73	79 47
73	84 2
73	84 3
73	83 3
73	85 3
73	79 25
73	84 4
73	84 5
73	83 5
73	85 4
73	79 108
73	83 5
73	85 5
73	79 36
73	84 6
73	84 7
73	83 7
73	85 7
73	79 26
73	84 8
73	84 9
73	83 9
73	85 8
73	79 112
73	83 9
73	85 9
73	79 50
73	84 10
73	84 11
73	83 11
73	85 11
73	79 26
73	84 12
73	84 13
73	83 13
73	85 12
73	79 113
73	83 13
73	85 13
73	79 39
73	84 14
73	84 15
73	83 15
73	85 15
73	79 28
73	84 16
73	84 17
73	83 17
73	85 16
73	79 112
73	83 17
73	85 17
73	79 40
73	84 18
73	83 18
73	85 18
73	79 35
73	84 19
73	84 20
73	83 20
73	85 20
73	79 31
73	84 1
73	84 2
73	83 2
73	85 1
73	79 108
73	83 2
73	85 2
73	79 35
73	84 3
73	84 4
73	83 4
73	85 4
73	79 28
73	84 5
73	84 6
73	83 6
73	85 5
73	79 106
73	83 6
73	85 6
73	79 32
73	84 7
73	84 8
73	83 8
73	85 8
73	79 33
73	84 9
73	84 10
73	83 10
73	85 9
73	79 110
73	83 10
73	85 10
73	79 37
73	84 11
73	84 12
73	83 12
73	85 12
73	79 25
73	84 13
73	84 14
73	83 14
73	85 13
73	79 112
73	83 14
73	85 14
73	79 37
73	84 15
73	84 16
73	83 16
73	85 16
73	79 33
73	84 17
73	84 18
73	83 18
73	85 17
73	79 133
73	84 19
73	84 20
73	83 20
73	85 18
73	79 188
73	84 1
73	83 1
73	85 20
73	79 103
73	83 1
73	85 1
73	79 32
73	84 2
73	83 2
73	85 2
73	79 46
73	84 3
73	84 4
73	83 4
73	85 4
73	79 30
73	84 5
73	84 6
73	83 6
73	85 5
73	79 107
73	83 6
73	85 6
73	79 37
73	84 7
73	83 7
73	85 7
73	79 47
73	84 8
73	84 9
73	83 9
73	85 9
73	79 28
73	84 10
73	84 11
73	83 11
73	85 10
73	79 104
73	83 11
73	85 11
73	79 34
73	84 12
73	84 13
73	83 13
73	85 13
73	79 24
73	84 14
73	84 15
73	83 15
73	85 14
73	79 107
73	83 15
73	85 15
73	79 34
73	84 16
73	84 17
73	83 17
73	85 17
73	79 28
73	84 18
73	84 19
73	83 19
73	85 18
73	79 118
73	84 20
73	84 1
73	83 1
73	85 19
73	79 192
73	84 2
73	83 2
73	85 1
73	79 106
73	83 2
73	85 2
73	79 32
73	84 3
73	83 3
73	85 3
73	79 48
73	84 4
73	84 5
73	83 5
73	85 5
73	79 25
73	84 6
73	84 7
73	83 7
73	85 6
73	79 109
73	83 7
73	85 7
73	79 36
73	84 8
73	83 8
73	85 8
73	79 34
73	84 9
73	84 10
73	83 10
73	85 10
73	79 26
73	84 11
73	84 12
73	83 12
73	85 11
73	79 107
73	83 12
73	85 12
73	79 39
73	84 13
73	84 14
73	83 14
73	85 14
73	79 28
73	84 15
73	84 16
73	83 16
73	85 15
73	79 107
73	83 16
73	85 16
73	79 36
73	84 17
73	84 18
73	83 18
73	85 18
73	79 30
73	84 19
73	84 20
73	83 20
73	85 19
73	79 104
73	83 20
73	85 20
73	79 35
73	84 1
73	84 2
73	83 2
73	85 2
73	79 27
73	84 3
73	84 4
73	83 4
73	85 3
73	79 105
73	83 4
73	85 4
73	79 45
73	84 5
73	84 6
73	83 6
73	85 6
73	79 29
73	84 7
73	84 8
73	83 8
73	85 7
73	79 107
73	83 8
73	85 8
73	79 39
73	84 9
73	83 9
73	85 9
73	79 37
73	84 10
73	84 11
73	83 11
73	85 11
73	79 27
73	84 12
73	84 13
73	83 13
73	85 12
73	79 105
73	83 13
73	85 13
73	79 34
73	84 14
73	83 14
73	85 14
73	79 46
73	84 15
73	84 16
73	83 16
73	85 16
73	79 24
73	84 17
73	84 18
73	83 18
73	85 17
73	79 107
73	83 18
73	85 18
73	79 35
73	84 19
73	83 19
73	85 19
73	79 39
73	84 20
73	84 1
73	83 1
73	85 1
73	79 25
73	84 2
73	84 3
73	83 3
73	85 2
73	79 105
73	83 3
73	85 3
73	79 39
73	84 4
73	83 4
73	85 4
73	79 34
73	84 5
73	84 6
73	83 6
73	85 6
73	79 26
73	84 7
73	84 8
73	83 8
73	85 7
73	79 106
73	83 8
73	85 8
73	79 34
73	84 9
73	84 10
73	83 10
73	85 10
73	79 31
73	84 11
73	84 12
73	83 12
73	85 11
73	79 108
73	83 12
73	85 12
73	79 39
73	84 13
73	84 14
73	83 14
73	85 14
73	79 29
73	84 15
73	84 16
73	83 16
73	85 15
73	79 109
73	83 16
73	85 16
73	79 36
73	84 17
73	84 18
73	83 18
73	85 18
73	79 25
73	84 19
73	84 20
73	83 20
73	85 19
73	79 104
73	83 20
73	85 20
73	79 35
73	84 1
73	83 1
73	85 1
73	79 48
73	84 2
73	84 3
73	83 3
73	85 3
73	79 26
73	84 4
73	84 5
73	83 5
73	85 4
73	79 111
73	83 5
73	85 5
73	79 43
73	84 6
73	84 7
73	83 7
73	85 7
73	79 29
73	84 8
73	84 9
73	83 9
73	85 8
73	79 104
73	83 9
73	85 9
73	79 32
73	84 10
73	83 10
73	85 10
73	79 32
73	84 11
73	84 12
73	83 12
73	85 12
73	79 26
73	84 13
73	84 14
73	83 14
73	85 13
73	79 108
73	83 14
73	85 14
73	79 37
73	84 15
73	84 16
73	83 16
73	85 16
73	79 29
73	84 17
73	84 18
73	83 18
73	85 17
73	79 109
73	83 18
73	85 18
73	79 36
73	84 19
73	84 20
73	83 20
73	85 20
73	79 31
73	84 1
73	84 2
73	83 2
73	85 1
73	79 109
73	83 2
73	85 2
73	79 45
73	84 3
73	83 3
73	85 3
73	79 39
73	84 4
73	84 5
73	83 5
73	85 5
73	79 25
73	84 6
73	84 7
73	83 7
73	85 6
73	79 103
73	83 7
73	85 7
73	79 33
73	84 8
73	83 8
73	85 8
73	79 34
73	84 9
73	84 10
73	83 10
73	85 10
73	79 29
73	84 11
73	84 12
73	83 12
73	85 11
73	79 108
73	83 12
73	85 12
73	79 36
73	84 13
73	84 14
73	83 14
73	85 14
73	79 34
73	84 15
73	84 16
73	83 16
73	85 15
73	79 108
73	83 16
73	85 16
73	79 49
73	84 17
73	83 17
73	85 17
73	79 36
73	84 18
73	84 19
73	83 19
73	85 19
73	79 27
73	84 20
73	84 1
73	83 1
73	85 20
73	79 117
73	83 1
73	85 1
73	79 44
73	84 2
73	84 3
73	83 3
73	85 3
73	79 29
73	84 4
73	84 5
73	83 5
73	85 4
73	79 112
73	83 5
73	85 5
73	79 38
73	84 6
73	83 6
73	85 6
73	79 35
73	84 7
73	84 8
73	83 8
73	85 8
73	79 26
73	84 9
73	84 10
73	TEST_NUMBER 3
73	SENT_TOTAL 250
73	RECEIVED_TOTAL 191
73	TIME_TOTAL 29721
73	RECEIVED_RADIO_1 192
73	RECEIVED_RADIO_2 0
73	SENT_RADIO_1 124
73	SENT_RADIO_2 126
73	RADIO_TIME_1 29854
73	RADIO_TIME_2 19763
73	RETRANSMISSIONS_1 2
73	RETRANSMISSIONS_2 0
73	DROPPED_1 0
73	DROPPED_2 0
73	MAX_QUEUE 1
73	DUPLICATED_1 5
73	DUPLICATED_2 0
73	EBUSY_RADIO_1 0
73	EBUSY_RADIO_2 0
73	83 0
73	85 9
73	86 3
73	83 0
73	85 10
73	86 3
73	84 1
73	84 2
73	83 2
73	85 2
73	79 29
73	84 3
73	84 4
73	83 4
73	85 3
73	79 110
73	83 4
73	85 4
73	79 40
73	84 5
73	83 5
73	85 5
73	79 33
73	84 6
73	84 7
73	83 7
73	85 7
73	79 28
73	84 8
73	84 9
73	83 9
73	85 8
73	79 107
73	83 9
73	85 9
73	79 34
73	84 10
73	84 11
73	83 11
73	85 11
73	79 23
73	84 12
73	84 13
73	83 13
73	85 12
73	79 111
73	83 13
73	85 13
73	79 36
73	84 14
73	83 14
73	85 14
73	79 30
73	84 15
73	84 16
73	83 16
73	85 16
73	79 28
73	84 17
73	84 18
73	83 18
73	85 17
73	79 108
73	83 18
73	85 18
73	79 37
73	84 19
73	84 20
73	83 20
73	85 20
73	79 30
73	84 1
73	84 2
73	83 2
73	85 1
73	79 105
73	83 2
73	85 2
73	79 41
73	84 3
73	84 4
73	83 4
73	85 4
73	79 25
73	84 5
73	84 6
73	83 6
73	85 5
73	79 108
73	83 6
73	85 6
73	79 35
73	84 7
73	84 8
73	83 8
73	85 8
73	79 29
73	84 9
73	84 10
73	83 10
73	85 9
73	79 106
73	83 10
73	85 10
73	79 31
73	84 11
73	84 12
73	83 12
73	85 12
73	79 30
73	84 13
73	84 14
73	83 14
73	85 13
73	79 109
73	84 15
73	83 15
73	85 15
73	79 26
73	84 16
73	84 17
73	83 17
73	85 16
73	79 104
73	83 17
73	85 17
73	79 31
73	84 18
73	83 18
73	85 18
73	79 34
73	84 19
73	84 20
73	83 20
73	85 20
73	79 25
73	84 1
73	84 2
73	84 3
73	83 3
73	85 1
73	79 182
73	83 3
73	85 3
73	79 30
73	84 4
73	84 5
73	83 5
73	85 4
73	79 101
73	83 5
73	85 5
73	79 32
73	84 6
73	83 6
73	85 6
73	79 31
73	84 7
73	84 8
73	83 8
73	85 8
73	79 27
73	84 9
73	84 10
73	83 10
73	85 9
73	79 104
73	83 10
73	85 10
73	79 32
73	84 11
73	83 11
73	85 11
73	79 40
73	84 12
73	84 13
73	83 13
73	85 13
73	79 26
73	84 14
73	84 15
73	83 15
73	85 14
73	79 107
73	83 15
73	85 15
73	79 32
73	84 16
73	83 16
73	85 16
73	79 34
73	84 17
73	84 18
73	83 18
73	85 18
73	79 29
73	84 19
73	84 20
73	83 20
73	85 19
73	79 107
73	83 20
73	85 20
73	79 39
73	84 1
73	83 1
73	85 1
73	79 36
73	84 2
73	84 3
73	83 3
73	85 3
73	79 28
73	84 4
73	84 5
73	83 5
73	85 4
73	79 111
73	83 5
73	85 5
73	79 37
73	84 6
73	84 7
73	83 7
73	85 7
73	79 27
73	84 8
73	84 9
73	83 9
73	85 8
73	79 109
73	83 9
73	85 9
73	79 42
73	84 10
73	83 10
73	85 10
73	79 37
73	84 11
73	84 12
73	83 12
73	85 12
73	79 26
73	84 13
73	84 14
73	83 14
73	85 13
73	79 105
73	83 14
73	85 14
73	79 32
73	84 15
73	84 16
73	83 16
73	85 16
73	79 25
73	84 17
73	84 18
73	83 18
73	85 17
73	79 106
73	83 18
73	85 18
73	79 34
73	84 19
73	84 20
73	83 20
73	85 20
73	79 25
73	84 1
73	84 2
73	83 2
73	85 1
73	79 104
73	83 2
73	85 2
73	79 30
73	84 3
73	84 4
73	83 4
73	85 4
73	79 25
73	84 5
73	84 6
73	83 6
73	85 5
73	79 111
73	84 7
73	84 8
73	83 8
73	85 7
73	79 115
73	83 8
73	85 8
73	79 45
73	84 9
73	83 9
73	85 9
73	79 37
73	84 10
73	84 11
73	83 11
73	85 11
73	79 23
73	84 12
73	84 13
73	83 13
73	85 12
73	79 112
73	84 14
73	83 14
73	85 14
73	79 29
73	84 15
73	84 16
73	83 16
73	85 15
73	79 107
73	83 16
73	85 16
73	79 36
73	84 17
73	84 18
73	83 18
73	85 18
73	79 29
73	84 19
73	84 20
73	83 20
73	85 19
73	79 109
73	84 1
73	83 1
73	85 1
73	79 23
73	84 2
73	84 3
73	83 3
73	85 2
73	79 107
73	84 4
73	83 4
73	85 4
73	79 27
73	84 5
73	84 6
73	83 6
73	85 5
73	79 105
73	83 6
73	85 6
73	79 33
73	84 7
73	83 7
73	85 7
73	79 32
73	84 8
73	84 9
73	83 9
73	85 9
73	79 25
73	84 10
73	84 11
73	83 11
73	85 10
73	79 105
73	83 11
73	85 11
73	79 38
73	84 12
73	83 12
73	85 12
73	79 31
73	84 13
73	84 14
73	83 14
73	85 14
73	79 24
73	84 15
73	84 16
73	83 16
73	85 15
73	79 104
73	83 16
73	85 16
73	79 41
73	84 17
73	84 18
73	83 18
73	85 18
73	79 25
73	84 19
73	84 20
73	83 20
73	85 19
73	79 110
73	83 20
73	85 20
73	79 37
73	84 1
73	84 2
73	83 2
73	85 2
73	79 27
73	84 3
73	84 4
73	83 4
73	85 3
73	79 110
73	83 4
73	85 4
73	79 39
73	84 5
73	84 6
73	83 6
73	85 6
73	79 28
73	84 7
73	84 8
73	83 8
73	85 7
73	79 106
73	83 8
73	85 8
73	79 35
73	84 9
73	84 10
73	83 10
73	85 10
73	79 26
73	84 11
73	84 12
73	83 12
73	85 11
73	79 105
73	83 12
73	85 12
73	79 31
73	84 13
73	84 14
73	83 14
73	85 14
73	79 27
73	84 15
73	84 16
73	83 16
73	85 15
73	79 104
73	83 16
73	85 16
73	79 36
73	84 17
73	83 17
73	85 17
73	79 29
73	84 18
73	84 19
73	83 19
73	85 19
73	79 30
73	84 20
73	84 1
73	83 1
73	85 20
73	79 103
73	83 1
73	85 1
73	79 40
73	84 2
73	84 3
73	83 3
73	85 3
73	79 27
73	84 4
73	84 5
73	83 5
73	85 4
73	79 111
73	83 5
73	85 5
73	79 48
73	84 6
73	83 6
73	85 6
73	79 37
73	84 7
73	84 8
73	83 8
73	85 8
73	79 25
73	84 9
73	84 10
73	83 10
73	85 9
73	79 108
73	83 10
73	85 10
73	79 37
73	84 11
73	83 11
73	85 11
73	79 38
73	84 12
73	84 13
73	83 13
73	85 13
73	79 28
73	84 14
73	84 15
73	83 15
73	85 14
73	79 106
73	83 15
73	85 15
73	79 35
73	84 16
73	83 16
73	85 16
73	79 38
73	84 17
73	84 18
73	83 18
73	85 18
73	79 23
73	84 19
73	84 20
73	83 20
73	85 19
73	79 109
73	83 20
73	85 20
73	79 38
73	84 1
73	84 2
73	83 2
73	85 2
73	79 29
73	84 3
73	84 4
73	83 4
73	85 3
73	79 109
73	84 5
73	83 5
73	85 5
73	79 25
73	84 6
73	84 7
73	83 7
73	85 6
73	79 107
73	83 7
73	85 7
73	79 37
73	84 8
73	83 8
73	85 8
73	79 30
73	84 9
73	84 10
73	83 10
73	85 10
73	79 26
73	84 11
73	84 12
73	83 12
73	85 11
73	79 108
73	83 12
73	85 12
73	79 36
73	84 13
73	84 14
73	83 14
73	85 14
73	79 26
73	84 15
73	84 16
73	83 16
73	85 15
73	79 109
73	84 17
73	84 18
73	83 18
73	85 17
73	79 102
73	83 18
73	85 18
73	79 34
73	84 19
73	83 19
73	85 19
73	79 53
73	84 20
73	84 1
73	83 1
73	85 1
73	79 28
73	84 2
73	84 3
73	83 3
73	85 2
73	79 107
73	83 3
73	85 3
73	79 36
73	84 4
73	83 4
73	85 4
73	79 39
73	84 5
73	84 6
73	83 6
73	85 6
73	79 32
73	84 7
73	84 8
73	83 8
73	85 7
73	79 106
73	83 8
73	85 8
73	79 37
73	84 9
73	84 10
73	83 10
73	85 10
73	79 28
73	84 11
73	84 12
73	83 12
73	85 11
73	79 106
73	83 12
73	85 12
73	79 44
73	84 13
73	83 13
73	85 13
73	79 41
73	84 14
73	84 15
73	83 15
73	85 15
73	79 30
73	84 16
73	84 17
73	83 17
73	85 16
73	79 108
73	83 17
73	85 17
73	79 41
73	84 18
73	84 19
73	83 19
73	85 19
73	79 26
73	84 20
73	84 1
73	83 1
73	85 20
73	79 108
73	83 1
73	85 1
73	79 34
73	84 2
73	83 2
73	85 2
73	79 37
73	84 3
73	84 4
73	83 4
73	85 4
73	79 26
73	84 5
73	84 6
73	83 6
73	85 5
73	79 105
73	83 6
73	85 6
73	79 39
73	84 7
73	84 8
73	83 8
73	85 8
73	79 28
73	84 9
73	84 10
73	83 10
73	85 9
73	79 107
73	84 11
73	83 11
73	85 11
73	79 32
73	84 12
73	84 13
73	83 13
73	85 12
73	79 109
73	83 13
73	85 13
73	79 46
73	84 14
73	83 14
73	85 14
73	79 34
73	84 15
73	84 16
73	83 16
73	85 16
73	79 29
73	84 17
73	84 18
73	83 18
73	85 17
73	79 111
73	83 18
73	85 18
73	79 40
73	84 19
73	84 20
73	83 20
73	85 20
73	79 25
73	84 1
73	84 2
73	83 2
73	85 1
73	79 108
73	84 3
73	83 3
73	85 3
73	79 33
73	84 4
73	84 5
73	83 5
73	85 4
73	79 105
73	83 5
73	85 5
73	79 32
73	84 6
73	83 6
73	85 6
73	79 35
73	84 7
73	84 8
73	83 8
73	85 8
73	79 26
73	84 9
73	84 10
73	83 10
73	85 9
73	79 105
73	83 10
73	85 10
73	79 34
73	84 11
73	84 12
73	83 12
73	85 12
73	79 34
73	84 13
73	84 14
73	83 14
73	85 13
73	79 104
73	83 14
73	85 14
73	79 45
73	84 15
73	84 16
73	83 16
73	85 16
73	79 27
73	84 17
73	84 18
73	83 18
73	85 17
73	79 107
73	83 18
73	85 18
73	79 36
73	84 19
73	83 19
73	85 19
73	79 37
73	84 20
73	84 1
73	83 1
73	85 1
73	79 30
73	84 2
73	84 3
73	83 3
73	85 2
73	79 102
73	83 3
73	85 3
73	79 33
73	84 4
73	84 5
73	83 5
73	85 5
73	79 44
73	84 6
73	83 6
73	85 6
73	79 28
73	84 7
73	84 8
73	83 8
73	85 7
73	79 106
73	83 8
73	85 8
73	79 37
73	84 9
73	83 9
73	85 9
73	79 42
73	84 10
73	TEST_NUMBER 4
73	SENT_TOTAL 250
73	RECEIVED_TOTAL 190
73	TIME_TOTAL 29818
73	RECEIVED_RADIO_1 192
73	RECEIVED_RADIO_2 0
73	SENT_RADIO_1 125
73	SENT_RADIO_2 125
73	RADIO_TIME_1 29818
73	RADIO_TIME_2 19843
73	RETRANSMISSIONS_1 1
73	RETRANSMISSIONS_2 0
73	DROPPED_1 0
73	DROPPED_2 0
73	MAX_QUEUE 1
73	DUPLICATED_1 7
73	DUPLICATED_2 0
73	EBUSY_RADIO_1 0
73	EBUSY_RADIO_2 0
73	84 1
73	83 1
73	85 1
73	79 32
73	84 2
73	84 3
73	83 3
73	85 2
73	79 113
73	83 3
73	85 3
73	79 51
73	84 4
73	84 5
73	83 5
73	85 5
73	79 26
73	84 6
73	84 7
73	83 7
73	85 6
73	79 107
73	84 8
73	83 8
73	85 8
73	79 30
73	84 9
73	84 10
73	83 10
73	85 9
73	79 112
73	83 10
73	85 10
73	79 40
73	84 11
73	84 12
73	83 12
73	85 12
73	79 29
73	84 13
73	84 14
73	83 14
73	85 13
73	79 113
73	84 15
73	83 15
73	85 15
73	79 25
73	84 16
73	84 17
73	83 17
73	85 16
73	79 108
73	83 17
73	85 17
73	79 39
73	84 18
73	84 19
73	83 19
73	85 19
73	79 33
73	84 20
73	84 1
73	83 1
73	85 20
73	79 106
73	83 1
73	85 1
73	79 36
73	84 2
73	84 3
73	83 3
73	85 3
73	79 28
73	84 4
73	84 5
73	83 5
73	85 4
73	79 104
73	83 5
73	85 5
73	79 36
73	84 6
73	83 6
73	85 6
73	79 38
73	84 7
73	84 8
73	83 8
73	85 8
73	79 32
73	84 9
73	84 10
73	83 10
73	85 9
73	79 105
73	83 10
73	85 10
73	79 32
73	84 11
73	83 11
73	85 11
73	79 35
73	84 12
73	84 13
73	83 13
73	85 13
73	79 26
73	84 14
73	84 15
73	83 15
73	85 14
73	79 110
73	83 15
73	85 15
73	79 39
73	84 16
73	84 17
73	83 17
73	85 17
73	79 25
73	84 18
73	84 19
73	83 19
73	85 18
73	79 108
73	83 19
73	85 19
73	79 49
73	84 20
73	83 20
73	85 20
73	79 40
73	84 1
73	84 2
73	83 2
73	85 2
73	79 25
73	84 3
73	84 4
73	83 4
73	85 3
73	79 106
73	83 4
73	85 4
73	79 38
73	84 5
73	83 5
73	85 5
73	79 35
73	84 6
73	84 7
73	83 7
73	85 7
73	79 28
73	84 8
73	84 9
73	83 9
73	85 8
73	79 108
73	83 9
73	85 9
73	79 34
73	84 10
73	83 10
73	85 10
73	79 36
73	84 11
73	84 12
73	83 12
73	85 12
73	79 29
73	84 13
73	84 14
73	83 14
73	85 13
73	79 110
73	83 14
73	85 14
73	79 37
73	84 15
73	84 16
73	83 16
73	85 16
73	79 25
73	84 17
73	84 18
73	83 18
73	85 17
73	79 111
73	83 18
73	85 18
73	79 43
73	84 19
73	84 20
73	83 20
73	85 20
73	79 22
73	84 1
73	84 2
73	83 2
73	85 1
73	79 103
73	83 2
73	85 2
73	79 31
73	84 3
73	83 3
73	85 3
73	79 34
73	84 4
73	84 5
73	83 5
73	85 5
73	79 25
73	84 6
73	84 7
73	83 7
73	85 6
73	79 106
73	83 7
73	85 7
73	79 32
73	84 8
73	84 9
73	83 9
73	85 9
73	79 29
73	84 10
73	84 11
73	83 11
73	85 10
73	79 106
73	83 11
73	85 11
73	79 34
73	84 12
73	84 13
73	83 13
73	85 13
73	79 32
73	84 14
73	84 15
73	83 15
73	85 14
73	79 105
73	83 15
73	85 15
73	79 35
73	84 16
73	83 16
73	85 16
73	79 40
73	84 17
73	84 18
73	83 18
73	85 18
73	79 29
73	84 19
73	84 20
73	83 20
73	85 19
73	79 110
73	83 20
73	85 20
73	79 38
73	84 1
73	83 1
73	85 1
73	79 31
73	84 2
73	84 3
73	83 3
73	85 3
73	79 29
73	84 4
73	84 5
73	83 5
73	85 4
73	79 106
73	83 5
73	85 5
73	79 32
73	84 6
73	84 7
73	83 7
73	85 7
73	79 29
73	84 8
73	84 9
73	83 9
73	85 8
73	79 103
73	83 9
73	85 9
73	79 32
73	84 10
73	84 11
73	83 11
73	85 11
73	79 29
73	84 12
73	84 13
73	83 13
73	85 12
73	79 108
73	83 13
73	85 13
73	79 36
73	84 14
73	84 15
73	83 15
73	85 15
73	79 25
73	84 16
73	84 17
73	83 17
73	85 16
73	79 107
73	83 17
73	85 17
73	79 38
73	84 18
73	84 19
73	83 19
73	85 19
73	79 27
73	84 20
73	84 1
73	83 1
73	85 20
73	79 107
73	84 2
73	83 2
73	85 2
73	79 29
73	84 3
73	84 4
73	83 4
73	85 3
73	79 107
73	83 4
73	85 4
73	79 36
73	84 5
73	83 5
73	85 5
73	79 37
73	84 6
73	84 7
73	83 7
73	85 7
73	79 32
73	84 8
73	84 9
73	83 9
73	85 8
73	79 108
73	83 9
73	85 9
73	79 36
73	84 10
73	84 11
73	83 11
73	85 11
73	79 31
73	84 12
73	84 13
73	83 13
73	85 12
73	79 103
73	83 13
73	85 13
73	79 34
73	84 14
73	83 14
73	85 14
73	79 31
73	84 15
73	84 16
73	83 16
73	85 16
73	79 27
73	84 17
73	84 18
73	83 18
73	85 17
73	79 112
73	83 18
73	85 18
73	79 39
73	84 19
73	84 20
73	83 20
73	85 20
73	79 27
73	84 1
73	84 2
73	83 2
73	85 1
73	79 110
73	83 2
73	85 2
73	79 38
73	84 3
73	84 4
73	83 4
73	85 4
73	79 27
73	84 5
73	84 6
73	83 6
73	85 5
73	79 115
73	83 6
73	85 6
73	79 40
73	84 7
73	84 8
73	83 8
73	85 8
73	79 25
73	84 9
73	84 10
73	83 10
73	85 9
73	79 107
73	83 10
73	85 10
73	79 40
73	84 11
73	84 12
73	83 12
73	85 12
73	79 26
73	84 13
73	84 14
73	83 14
73	85 13
73	79 109
73	83 14
73	85 14
73	79 37
73	84 15
73	84 16
73	83 16
73	85 16
73	79 25
73	84 17
73	84 18
73	83 18
73	85 17
73	79 108
73	83 18
73	85 18
73	79 37
73	84 19
73	83 19
73	85 19
73	79 38
73	84 20
73	84 1
73	83 1
73	85 1
73	79 23
73	84 2
73	84 3
73	83 3
73	85 2
73	79 105
73	84 4
73	83 4
73	85 4
73	79 29
73	84 5
73	84 6
73	83 6
73	85 5
73	79 115
73	83 6
73	85 6
73	79 44
73	84 7
73	84 8
73	83 8
73	85 8
73	79 26
73	84 9
73	84 10
73	83 10
73	85 9
73	79 101
73	83 10
73	85 10
73	79 30
73	84 11
73	83 11
73	85 11
73	79 35
73	84 12
73	84 13
73	83 13
73	85 13
73	79 25
73	84 14
73	84 15
73	83 15
73	85 14
73	79 106
73	83 15
73	85 15
73	79 43
73	84 16
73	83 16
73	85 16
73	79 32
73	84 17
73	84 18
73	84 19
73	83 19
73	85 17
73	79 184
73	83 19
73	85 19
73	79 31
73	84 20
73	84 1
73	83 1
73	85 20
73	79 105
73	84 2
73	83 2
73	85 2
73	79 30
73	84 3
73	84 4
73	83 4
73	85 3
73	79 107
73	83 4
73	85 4
73	79 37
73	84 5
73	84 6
73	83 6
73	85 6
73	79 31
73	84 7
73	84 8
73	83 8
73	85 7
73	79 106
73	83 8
73	85 8
73	79 36
73	84 9
73	84 10
73	83 10
73	85 10
73	79 29
73	84 11
73	84 12
73	83 12
73	85 11
73	79 110
73	83 12
73	85 12
73	79 38
73	84 13
73	83 13
73	85 13
73	79 40
73	84 14
73	84 15
73	83 15
73	85 15
73	79 24
73	84 16
73	84 17
73	83 17
73	85 16
73	79 115
73	83 17
73	85 17
73	79 43
73	84 18
73	84 19
73	83 19
73	85 19
73	79 24
73	84 20
73	84 1
73	83 1
73	85 20
73	79 105
73	83 1
73	85 1
73	79 37
73	84 2
73	83 2
73	85 2
73	79 40
73	84 3
73	84 4
73	83 4
73	85 4
73	79 26
73	84 5
73	84 6
73	83 6
73	85 5
73	79 109
73	83 6
73	85 6
73	79 39
73	84 7
73	83 7
73	85 7
73	79 37
73	84 8
73	84 9
73	83 9
73	85 9
73	79 27
73	84 10
73	84 11
73	83 11
73	85 10
73	79 112
73	83 11
73	85 11
73	79 43
73	84 12
73	84 13
73	83 13
73	85 13
73	79 28
73	84 14
73	84 15
73	83 15
73	85 14
73	79 103
73	83 15
73	85 15
73	79 46
73	84 16
73	84 17
73	83 17
73	85 17
73	79 32
73	84 18
73	84 19
73	83 19
73	85 18
73	79 110
73	83 19
73	85 19
73	79 51
73	84 20
73	84 1
73	83 1
73	85 1
73	79 29
73	84 2
73	84 3
73	83 3
73	85 2
73	79 109
73	84 4
73	83 4
73	85 4
73	79 28
73	84 5
73	84 6
73	83 6
73	85 5
73	79 110
73	83 6
73	85 6
73	79 35
73	84 7
73	84 8
73	83 8
73	85 8
73	79 29
73	84 9
73	84 10
73	83 10
73	85 9
73	79 106
73	83 10
73	85 10
73	79 32
73	84 11
73	84 12
73	83 12
73	85 12
73	79 30
73	84 13
73	84 14
73	83 14
73	85 13
73	79 107
73	83 14
73	85 14
73	79 36
73	84 15
73	84 16
73	83 16
73	85 16
73	79 26
73	84 17
73	84 18
73	83 18
73	85 17
73	79 107
73	83 18
73	85 18
73	79 39
73	84 19
73	84 20
73	83 20
73	85 20
73	79 29
73	84 1
73	84 2
73	83 2
73	85 1
73	79 107
73	83 2
73	85 2
73	79 49
73	84 3
73	83 3
73	85 3
73	79 34
73	84 4
73	84 5
73	83 5
73	85 5
73	79 26
73	84 6
73	84 7
73	83 7
73	85 6
73	79 110
73	84 8
73	83 8
73	85 8
73	79 23
73	84 9
73	84 10
73	83 10
73	85 9
73	79 106
73	83 10
73	85 10
73	79 42
73	84 11
73	84 12
73	83 12
73	85 12
73	79 26
73	84 13
73	84 14
73	83 14
73	85 13
73	79 107
73	83 14
73	85 14
73	79 41
73	84 15
73	84 16
73	83 16
73	85 16
73	79 28
73	84 17
73	84 18
73	83 18
73	85 17
73	79 107
73	83 18
73	85 18
73	79 33
73	84 19
73	84 20
73	83 20
73	85 20
73	79 30
73	84 1
73	84 2
73	83 2
73	85 1
73	79 110
73	83 2
73	85 2
73	79 40
73	84 3
73	84 4
73	83 4
73	85 4
73	79 33
73	84 5
73	84 6
73	83 6
73	85 5
73	79 111
73	83 6
73	85 6
73	79 41
73	84 7
73	84 8
73	83 8
73	85 8
73	79 24
73	84 9
73	84 10
73	TEST_NUMBER 5
73	SENT_TOTAL 250
73	RECEIVED_TOTAL 189
73	TIME_TOTAL 19675
73	RECEIVED_RADIO_1 189
73	RECEIVED_RADIO_2 0
73	SENT_RADIO_1 124
73	SENT_RADIO_2 126
73	RADIO_TIME_1 19843
73	RADIO_TIME_2 19683
73	RETRANSMISSIONS_1 1
73	RETRANSMISSIONS_2 0
73	DROPPED_1 0
73	DROPPED_2 0
73	MAX_QUEUE 1
73	DUPLICATED_1 7
73	DUPLICATED_2 0
73	EBUSY_RADIO_1 0
73	EBUSY_RADIO_2 0
73	83 0
73	85 9
73	86 5
73	83 0
73	85 10
73	86 5
73	84 1
73	84 2
73	83 2
73	85 2
73	79 26
73	84 3
73	84 4
73	83 4
73	85 3
73	79 110
73	83 4
73	85 4
73	79 37
73	84 5
73	84 6
73	83 6
73	85 6
73	79 29
73	84 7
73	84 8
73	83 8
73	85 7
73	79 107
73	83 8
73	85 8
73	79 35
73	84 9
73	84 10
73	83 10
73	85 10
73	79 28
73	84 11
73	84 12
73	83 12
73	85 11
73	79 107
73	83 12
73	85 12
73	79 34
73	84 13
73	83 13
73	85 13
73	79 36
73	84 14
73	84 15
73	83 15
73	85 15
73	79 26
73	84 16
73	84 17
73	83 17
73	85 16
73	79 104
73	83 17
73	85 17
73	79 32
73	84 18
73	84 19
73	83 19
73	85 19
73	79 26
73	84 20
73	84 1
73	83 1
73	85 20
73	79 111
73	83 1
73	85 1
73	79 37
73	84 2
73	83 2
73	85 2
73	79 36
73	84 3
73	84 4
73	83 4
73	85 4
73	79 34
73	84 5
73	84 6
73	83 6
73	85 5
73	79 107
73	83 6
73	85 6
73	79 40
73	84 7
73	84 8
73	83 8
73	85 8
73	79 31
73	84 9
73	84 10
73	83 10
73	85 9
73	79 106
73	83 10
73	85 10
73	79 38
73	84 11
73	84 12
73	83 12
73	85 12
73	79 29
73	84 13
73	84 14
73	83 14
73	85 13
73	79 104
73	84 15
73	83 15
73	85 15
73	79 26
73	84 16
73	84 17
73	83 17
73	85 16
73	79 109
73	83 17
73	85 17
73	79 44
73	84 18
73	84 19
73	84 20
73	83 20
73	85 18
73	79 190
73	83 20
73	85 20
73	79 37
73	84 1
73	84 2
73	83 2
73	85 1
73	79 109
73	83 2
73	85 2
73	79 35
73	84 3
73	84 4
73	83 4
73	85 4
73	79 28
73	84 5
73	84 6
73	83 6
73	85 5
73	79 109
73	83 6
73	85 6
73	79 47
73	84 7
73	83 7
73	85 7
73	79 39
73	84 8
73	84 9
73	83 9
73	85 9
73	79 28
73	84 10
73	84 11
73	83 11
73	85 10
73	79 109
73	84 12
73	83 12
73	85 12
73	79 26
73	84 13
73	84 14
73	83 14
73	85 13
73	79 104
73	83 14
73	85 14
73	79 33
73	84 15
73	83 15
73	85 15
73	79 38
73	84 16
73	84 17
73	83 17
73	85 17
73	79 32
73	84 18
73	84 19
73	83 19
73	85 18
73	79 102
73	83 19
73	85 19
73	79 32
73	84 20
73	83 20
73	85 20
73	79 40
73	84 1
73	84 2
73	83 2
73	85 2
73	79 33
73	84 3
73	84 4
73	83 4
73	85 3
73	79 109
73	83 4
73	85 4
73	79 41
73	84 5
73	84 6
73	83 6
73	85 6
73	79 28
73	84 7
73	84 8
73	83 8
73	85 7
73	79 110
73	83 8
73	85 8
73	79 39
73	84 9
73	83 9
73	85 9
73	79 31
73	84 10
73	84 11
73	83 11
73	85 11
73	79 23
73	84 12
73	84 13
73	83 13
73	85 12
73	79 105
73	83 13
73	85 13
73	79 33
73	84 14
73	84 15
73	83 15
73	85 15
73	79 29
73	84 16
73	84 17
73	83 17
73	85 16
73	79 106
73	83 17
73	85 17
73	79 35
73	84 18
73	83 18
73	85 18
73	79 34
73	84 19
73	84 20
73	83 20
73	85 20
73	79 29
73	84 1
73	84 2
73	83 2
73	85 1
73	79 111
73	83 2
73	85 2
73	79 47
73	84 3
73	83 3
73	85 3
73	79 34
73	84 4
73	84 5
73	83 5
73	85 5
73	79 29
73	84 6
73	84 7
73	83 7
73	85 6
73	79 106
73	83 7
73	85 7
73	79 32
73	84 8
73	84 9
73	83 9
73	85 9
73	79 31
73	84 10
73	84 11
73	83 11
73	85 10
73	79 106
73	83 11
73	85 11
73	79 36
73	84 12
73	83 12
73	85 12
73	79 35
73	84 13
73	84 14
73	83 14
73	85 14
73	79 25
73	84 15
73	84 16
73	83 16
73	85 15
73	79 108
73	84 17
73	83 17
73	85 17
73	79 28
73	84 18
73	84 19
73	83 19
73	85 18
73	79 105
73	83 19
73	85 19
73	79 32
73	84 20
73	83 20
73	85 20
73	79 30
73	84 1
73	84 2
73	83 2
73	85 2
73	79 28
73	84 3
73	84 4
73	83 4
73	85 3
73	79 111
73	83 4
73	85 4
73	79 48
73	84 5
73	83 5
73	85 5
73	79 37
73	84 6
73	84 7
73	83 7
73	85 7
73	79 34
73	84 8
73	84 9
73	83 9
73	85 8
73	79 103
73	84 10
73	83 10
73	85 10
73	79 30
73	84 11
73	84 12
73	83 12
73	85 11
73	79 113
73	83 12
73	85 12
73	79 41
73	84 13
73	84 14
73	83 14
73	85 14
73	79 26
73	84 15
73	84 16
73	83 16
73	85 15
73	79 108
73	83 16
73	85 16
73	79 36
73	84 17
73	83 17
73	85 17
73	79 36
73	84 18
73	84 19
73	83 19
73	85 19
73	79 25
73	84 20
73	84 1
73	83 1
73	85 20
73	79 106
73	83 1
73	85 1
73	79 48
73	84 2
73	84 3
73	83 3
73	85 3
73	79 27
73	84 4
73	84 5
73	83 5
73	85 4
73	79 101
73	83 5
73	85 5
73	79 38
73	84 6
73	84 7
73	83 7
73	85 7
73	79 29
73	84 8
73	84 9
73	83 9
73	85 8
73	79 106
73	83 9
73	85 9
73	79 33
73	84 10
73	84 11
73	83 11
73	85 11
73	79 32
73	84 12
73	84 13
73	83 13
73	85 12
73	79 105
73	84 14
73	83 14
73	85 14
73	79 26
73	84 15
73	84 16
73	83 16
73	85 15
73	79 114
73	83 16
73	85 16
73	79 50
73	84 17
73	84 18
73	83 18
73	85 18
73	79 29
73	84 19
73	84 20
73	83 20
73	85 19
73	79 110
73	83 20
73	85 20
73	79 40
73	84 1
73	83 1
73	85 1
73	79 38
73	84 2
73	84 3
73	83 3
73	85 3
73	79 25
73	84 4
73	84 5
73	83 5
73	85 4
73	79 109
73	83 5
73	85 5
73	79 36
73	84 6
73	84 7
73	83 7
73	85 7
73	79 25
73	84 8
73	84 9
73	83 9
73	85 8
73	79 108
73	83 9
73	85 9
73	79 41
73	84 10
73	84 11
73	83 11
73	85 11
73	79 33
73	84 12
73	84 13
73	83 13
73	85 12
73	79 106
73	83 13
73	85 13
73	79 33
73	84 14
73	84 15
73	83 15
73	85 15
73	79 25
73	84 16
73	84 17
73	83 17
73	85 16
73	79 106
73	83 17
73	85 17
73	79 46
73	84 18
73	84 19
73	83 19
73	85 19
73	79 27
73	84 20
73	84 1
73	83 1
73	85 20
73	79 106
73	83 1
73	85 1
73	79 33
73	84 2
73	83 2
73	85 2
73	79 39
73	84 3
73	84 4
73	83 4
73	85 4
73	79 24
73	84 5
73	84 6
73	83 6
73	85 5
73	79 113
73	83 6
73	85 6
73	79 43
73	84 7
73	84 8
73	83 8
73	85 8
73	79 30
73	84 9
73	84 10
73	83 10
73	85 9
73	79 108
73	83 10
73	85 10
73	79 36
73	84 11
73	83 11
73	85 11
73	79 35
73	84 12
73	84 13
73	83 13
73	85 13
73	79 31
73	84 14
73	84 15
73	83 15
73	85 14
73	79 109
73	83 15
73	85 15
73	79 35
73	84 16
73	83 16
73	85 16
73	79 37
73	84 17
73	84 18
73	83 18
73	85 18
73	79 27
73	84 19
73	84 20
73	83 20
73	85 19
73	79 117
73	84 1
73	83 1
73	85 1
73	79 26
73	84 2
73	84 3
73	83 3
73	85 2
73	79 107
73	83 3
73	85 3
73	79 36
73	84 4
73	84 5
73	83 5
73	85 5
73	79 27
73	84 6
73	84 7
73	83 7
73	85 6
73	79 112
73	84 8
73	83 8
73	85 8
73	79 30
73	84 9
73	84 10
73	83 10
73	85 9
73	79 103
73	83 10
73	85 10
73	79 30
73	84 11
73	83 11
73	85 11
73	79 36
73	84 12
73	84 13
73	83 13
73	85 13
73	79 31
73	84 14
73	84 15
73	83 15
73	85 14
73	79 106
73	83 15
73	85 15
73	79 45
73	84 16
73	84 17
73	83 17
73	85 17
73	79 29
73	84 18
73	84 19
73	83 19
73	85 18
73	79 106
73	83 19
73	85 19
73	79 34
73	84 20
73	84 1
73	83 1
73	85 1
73	79 30
73	84 2
73	84 3
73	83 3
73	85 2
73	79 103
73	83 3
73	85 3
73	79 39
73	84 4
73	83 4
73	85 4
73	79 40
73	84 5
73	84 6
73	83 6
73	85 6
73	79 25
73	84 7
73	84 8
73	83 8
73	85 7
73	79 103
73	83 8
73	85 8
73	79 33
73	84 9
73	83 9
73	85 9
73	79 31
73	84 10
73	84 11
73	83 11
73	85 11
73	79 25
73	84 12
73	84 13
73	83 13
73	85 12
73	79 111
73	83 13
73	85 13
73	79 50
73	84 14
73	84 15
73	83 15
73	85 15
73	79 34
73	84 16
73	84 17
73	83 17
73	85 16
73	79 107
73	83 17
73	85 17
73	79 37
73	84 18
73	84 19
73	83 19
73	85 19
73	79 31
73	84 20
73	84 1
73	83 1
73	85 20
73	79 104
73	83 1
73	85 1
73	79 46
73	84 2
73	84 3
73	83 3
73	85 3
73	79 32
73	84 4
73	84 5
73	83 5
73	85 4
73	79 107
73	83 5
73	85 5
73	79 38
73	84 6
73	84 7
73	83 7
73	85 7
73	79 31
73	84 8
73	84 9
73	83 9
73	85 8
73	79 109
73	83 9
73	85 9
73	79 39
73	84 10
73	84 11
73	83 11
73	85 11
73	79 26
73	84 12
73	84 13
73	83 13
73	85 12
73	79 105
73	83 13
73	85 13
73	79 31
73	84 14
73	84 15
73	83 15
73	85 15
73	79 26
73	84 16
73	84 17
73	83 17
73	85 16
73	79 101
73	83 17
73	85 17
73	79 27
73	84 18
73	84 19
73	83 19
73	85 19
73	79 25
73	84 20
73	84 1
73	83 1
73	85 20
73	79 112
73	84 2
73	83 2
73	85 2
73	79 27
73	84 3
73	84 4
73	83 4
73	85 3
73	79 103
73	83 4
73	85 4
73	79 33
73	84 5
73	83 5
73	85 5
73	79 42
73	84 6
73	84 7
73	83 7
73	85 7
73	79 27
73	84 8
73	84 9
73	83 9
73	85 8
73	79 109
73	83 9
73	85 9
73	79 37
73	84 10
73	TEST_NUMBER 6
73	SENT_TOTAL 250
73	RECEIVED_TOTAL 190
73	TIME_TOTAL 29816
73	RECEIVED_RADIO_1 192
73	RECEIVED_RADIO_2 0
73	SENT_RADIO_1 125
73	SENT_RADIO_2 125
73	RADIO_TIME_1 29816
73	RADIO_TIME_2 19843
73	RETRANSMISSIONS_1 1
73	RETRANSMISSIONS_2 0
73	DROPPED_1 0
73	DROPPED_2 0
73	MAX_QUEUE 1
73	DUPLICATED_1 11
73	DUPLICATED_2 0
73	EBUSY_RADIO_1 0
73	EBUSY_RADIO_2 0
73	83 0
73	85 10
73	86 6
