
21	SOURCE_NODE 21
21	84 1
21	84 2
21	84 3
21	84 4
21	83 4
21	85 2
21	79 223
21	83 4
21	85 4
21	79 71
21	84 5
21	84 6
21	84 7
21	84 8
21	83 8
21	85 7
21	79 144
21	84 9
21	83 9
21	85 9
21	79 69
21	84 10
21	84 11
21	84 12
21	84 13
21	84 14
21	84 15
21	83 15
21	85 14
21	79 98
21	84 16
21	84 17
21	84 18
21	83 18
21	85 17
21	79 135
21	84 19
21	84 20
21	83 20
21	85 20
21	79 59
21	84 1
21	84 2
21	83 2
21	85 2
21	79 60
21	84 3
21	84 4
21	84 5
21	84 6
21	84 7
21	83 7
21	85 5
21	79 210
21	84 8
21	83 8
21	85 7
21	79 86
21	84 9
21	84 10
21	84 11
21	83 11
21	85 10
21	79 134
21	84 12
21	84 13
21	84 14
21	83 14
21	85 13
21	79 136
21	84 15
21	84 16
21	84 17
21	84 18
21	83 18
21	85 16
21	79 218
21	84 19
21	83 19
21	85 18
21	79 86
21	84 20
21	84 1
21	84 2
21	83 2
21	85 1
21	79 137
21	84 3
21	84 4
21	84 5
21	84 6
21	83 6
21	85 5
21	79 130
21	84 7
21	84 8
21	83 8
21	85 8
21	79 61
21	84 9
21	84 10
21	83 10
21	85 10
21	79 66
21	84 11
21	84 12
21	84 13
21	84 14
21	84 15
21	84 16
21	84 17
21	83 17
21	85 13
21	79 372
21	83 17
21	85 17
21	79 59
21	84 18
21	84 19
21	83 19
21	85 19
21	79 58
21	84 20
21	84 1
21	84 2
21	84 3
21	83 3
21	85 2
21	79 140
21	84 4
21	84 5
21	84 6
21	83 6
21	85 6
21	79 50
21	84 7
21	84 8
21	83 8
21	85 8
21	79 77
21	84 9
21	84 10
21	84 11
21	84 12
21	83 12
21	85 11
21	79 142
21	84 13
21	83 13
21	85 13
21	79 76
21	84 14
21	84 15
21	84 16
21	84 17
21	83 17
21	85 16
21	79 130
21	84 18
21	84 19
21	83 19
21	85 19
21	79 69
21	84 20
21	84 1
21	83 1
21	85 1
21	79 59
21	84 2
21	84 3
21	84 4
21	84 5
21	83 5
21	85 4
21	79 133
21	84 6
21	83 6
21	85 6
21	79 78
21	84 7
21	84 8
21	84 9
21	84 10
21	83 10
21	85 9
21	79 131
21	84 11
21	83 11
21	85 11
21	79 73
21	84 12
21	84 13
21	84 14
21	84 15
21	83 15
21	85 14
21	79 144
21	84 16
21	84 17
21	84 18
21	84 19
21	83 19
21	85 18
21	79 142
21	84 20
21	84 1
21	83 1
21	85 1
21	79 58
21	84 2
21	84 3
21	83 3
21	85 3
21	79 68
21	84 4
21	84 5
21	83 5
21	85 5
21	79 56
21	84 6
21	84 7
21	84 8
21	84 9
21	84 10
21	84 11
21	84 12
21	83 12
21	85 8
21	79 365
21	83 12
21	85 12
21	79 60
21	84 13
21	84 14
21	84 15
21	84 16
21	83 16
21	85 14
21	79 221
21	84 17
21	84 18
21	83 18
21	85 17
21	79 149
21	84 19
21	84 20
21	84 1
21	83 1
21	85 20
21	79 132
21	84 2
21	84 3
21	84 4
21	83 4
21	85 3
21	79 136
21	84 5
21	83 5
21	85 5
21	79 69
21	84 6
21	84 7
21	84 8
21	84 9
21	83 9
21	85 8
21	79 142
21	84 10
21	84 11
21	83 11
21	85 11
21	79 64
21	84 12
21	84 13
21	84 14
21	83 14
21	85 14
21	79 57
21	84 15
21	84 16
21	83 16
21	85 16
21	79 60
21	84 17
21	84 18
21	84 19
21	84 20
21	83 20
21	85 19
21	79 151
21	84 1
21	83 1
21	85 1
21	79 61
21	84 2
21	84 3
21	84 4
21	84 5
21	83 5
21	85 4
21	79 141
21	84 6
21	84 7
21	84 8
21	83 8
21	85 8
21	79 60
21	84 9
21	84 10
21	83 10
21	85 10
21	79 64
21	84 11
21	84 12
21	84 13
21	84 14
21	83 14
21	85 13
21	79 136
21	84 15
21	83 15
21	85 15
21	79 72
21	84 16
21	84 17
21	84 18
21	84 19
21	83 19
21	85 18
21	79 138
21	84 20
21	83 20
21	85 20
21	79 70
21	84 1
21	84 2
21	84 3
21	84 4
21	83 4
21	85 3
21	79 140
21	84 5
21	84 6
21	83 6
21	85 6
21	79 48
21	84 7
21	84 8
21	83 8
21	85 8
21	79 74
21	84 9
21	84 10
21	84 11
21	84 12
21	83 12
21	85 11
21	79 135
21	84 13
21	84 14
21	84 15
21	84 16
21	84 17
21	84 18
21	83 18
21	85 14
21	79 366
21	83 18
21	85 18
21	79 57
21	84 19
21	84 20
21	84 1
21	83 1
21	85 1
21	79 54
21	84 2
21	84 3
21	83 3
21	85 3
21	79 70
21	84 4
21	83 4
21	85 4
21	79 73
21	84 5
21	84 6
21	84 7
21	84 8
21	83 8
21	85 7
21	79 134
21	84 9
21	84 10
21	84 11
21	83 11
21	85 10
21	79 141
21	84 12
21	84 13
21	83 13
21	85 13
21	79 57
21	84 14
21	84 15
21	83 15
21	85 15
21	79 59
21	84 16
21	84 17
21	84 18
21	84 19
21	83 19
21	85 18
21	79 139
21	84 20
21	84 1
21	84 2
21	84 3
21	83 3
21	85 2
21	79 135
21	84 4
21	84 5
21	84 6
21	83 6
21	85 5
21	79 130
21	84 7
21	84 8
21	83 8
21	85 8
21	79 65
21	84 9
21	84 10
21	84 11
21	83 11
21	85 11
21	79 52
21	84 12
21	84 13
21	83 13
21	85 13
21	79 70
21	84 14
21	84 15
21	84 16
21	84 17
21	83 17
21	85 16
21	79 138
21	84 18
21	83 18
21	85 18
21	79 69
21	84 19
21	84 20
21	84 1
21	84 2
21	83 2
21	85 1
21	79 134
21	84 3
21	84 4
21	84 5
21	83 5
21	85 4
21	79 136
21	84 6
21	84 7
21	84 8
21	83 8
21	85 8
21	79 53
21	84 9
21	84 10
21	83 10
21	85 10
21	79 75
21	84 11
21	84 12
21	84 13
21	84 14
21	83 14
21	85 13
21	79 129
21	84 15
21	84 16
21	83 16
21	85 16
21	79 65
21	84 17
21	84 18
21	83 18
21	85 18
21	79 71
21	84 19
21	83 19
21	85 18
21	79 84
21	83 19
21	85 18
21	79 133
21	83 19
21	85 18
21	79 143
21	84 20
21	83 20
21	85 16
21	79 322
21	83 20
21	85 17
21	79 278
21	83 20
21	85 16
21	79 371
21	83 20
21	85 18
21	79 229
21	84 1
21	83 1
21	85 17
21	79 322
21	83 1
21	85 16
21	79 414
21	83 1
21	85 17
21	79 340
21	83 1
21	85 17
21	79 352
21	83 1
21	85 18
21	79 306
21	84 2
21	83 2
21	85 16
21	79 547
21	84 3
21	84 4
21	83 4
21	85 16
21	79 645
21	84 5
21	84 6
21	83 6
21	85 16
21	79 808
21	83 6
21	85 16
21	79 827
21	83 6
21	85 18
21	79 693
21	84 7
21	84 8
21	83 8
21	85 17
21	79 877
21	83 8
21	85 18
21	79 817
21	84 9
21	83 9
21	85 17
21	79 1020
21	83 9
21	85 18
21	79 947
21	83 9
21	85 16
21	79 1113
21	84 10
21	TEST_NUMBER 0
21	SENT_TOTAL 250
21	RECEIVED_TOTAL 108
21	TIME_TOTAL 19538
21	RECEIVED_RADIO_1 0
21	RECEIVED_RADIO_2 108
21	SENT_RADIO_1 0
21	SENT_RADIO_2 188
21	RADIO_TIME_1 19763
21	RADIO_TIME_2 19763
21	RETRANSMISSIONS_1 599
21	RETRANSMISSIONS_2 3
21	DROPPED_1 60
21	DROPPED_2 0
21	MAX_QUEUE 2
21	DUPLICATED_1 0
21	DUPLICATED_2 1
21	EBUSY_RADIO_1 0
21	EBUSY_RADIO_2 0
21	83 0
21	85 17
21	86 0
21	83 0
21	85 16
21	86 0
21	83 0
21	85 18
21	86 0
21	83 0
21	85 16
21	86 0
21	83 0
21	85 18
21	86 0
21	83 0
21	85 17
21	86 0
21	83 0
21	85 16
21	86 0
21	83 0
21	85 18
21	86 0
21	83 0
21	85 17
21	86 0
21	83 0
21	85 16
21	86 0
21	83 0
21	85 18
21	86 0
21	83 0
21	85 17
21	86 0
21	83 0
21	85 16
21	86 0
21	83 0
21	85 19
21	86 0
21	84 1
21	84 2
21	83 2
21	85 2
21	86 0
21	83 2
21	85 1
21	79 152
21	84 3
21	84 4
21	84 5
21	84 6
21	83 6
21	85 5
21	79 134
21	84 7
21	84 8
21	83 8
21	85 8
21	79 63
21	84 9
21	84 10
21	83 10
21	85 10
21	79 74
21	84 11
21	84 12
21	84 13
21	84 14
21	83 14
21	85 13
21	79 137
21	84 15
21	84 16
21	84 17
21	84 18
21	83 18
21	85 17
21	79 128
21	84 19
21	84 20
21	83 20
21	85 20
21	79 54
21	84 1
21	84 2
21	83 2
21	85 2
21	79 65
21	84 3
21	84 4
21	84 5
21	84 6
21	83 6
21	85 5
21	79 133
21	84 7
21	84 8
21	84 9
21	84 10
21	83 10
21	85 9
21	79 128
21	84 11
21	84 12
21	83 12
21	85 12
21	79 56
21	84 13
21	84 14
21	83 14
21	85 14
21	79 59
21	84 15
21	84 16
21	84 17
21	84 18
21	83 18
21	85 17
21	79 136
21	84 19
21	84 20
21	83 20
21	85 20
21	79 67
21	84 1
21	84 2
21	83 2
21	85 2
21	79 67
21	84 3
21	84 4
21	84 5
21	84 6
21	83 6
21	85 5
21	79 136
21	84 7
21	84 8
21	83 8
21	85 8
21	79 63
21	84 9
21	84 10
21	83 10
21	85 9
21	79 131
21	84 11
21	84 12
21	84 13
21	84 14
21	83 14
21	85 13
21	79 145
21	84 15
21	83 15
21	85 15
21	79 70
21	84 16
21	84 17
21	84 18
21	84 19
21	83 19
21	85 18
21	79 128
21	84 20
21	84 1
21	84 2
21	84 3
21	83 3
21	85 1
21	79 224
21	84 4
21	84 5
21	84 6
21	84 7
21	84 8
21	83 8
21	85 3
21	79 403
21	84 9
21	84 10
21	84 11
21	83 11
21	85 7
21	79 375
21	83 11
21	85 10
21	79 143
21	84 12
21	84 13
21	83 13
21	85 13
21	79 55
21	84 14
21	84 15
21	83 15
21	85 15
21	79 68
21	84 16
21	84 17
21	84 18
21	84 19
21	83 19
21	85 18
21	79 144
21	84 20
21	84 1
21	84 2
21	84 3
21	83 3
21	85 1
21	79 232
21	84 4
21	84 5
21	83 5
21	85 5
21	79 63
21	84 6
21	84 7
21	84 8
21	83 8
21	85 8
21	79 52
21	84 9
21	84 10
21	84 11
21	84 12
21	83 12
21	85 10
21	79 223
21	84 13
21	84 14
21	84 15
21	84 16
21	84 17
21	84 18
21	84 19
21	84 20
21	83 20
21	85 17
21	79 302
21	83 20
21	85 20
21	79 68
21	84 1
21	84 2
21	84 3
21	84 4
21	83 4
21	85 2
21	79 214
21	84 5
21	84 6
21	83 6
21	85 5
21	79 145
21	84 7
21	84 8
21	84 9
21	84 10
21	83 10
21	85 9
21	79 131
21	84 11
21	84 12
21	83 12
21	85 12
21	79 58
21	84 13
21	84 14
21	84 15
21	84 16
21	84 17
21	84 18
21	83 18
21	85 14
21	79 384
21	84 19
21	83 19
21	85 18
21	79 84
21	84 20
21	84 1
21	84 2
21	83 2
21	85 1
21	79 136
21	84 3
21	84 4
21	83 4
21	85 4
21	79 66
21	84 5
21	84 6
21	83 6
21	85 6
21	79 57
21	84 7
21	84 8
21	84 9
21	84 10
21	84 11
21	83 11
21	85 9
21	79 219
21	83 11
21	85 11
21	79 69
21	84 12
21	84 13
21	84 14
21	84 15
21	83 15
21	85 14
21	79 130
21	84 16
21	84 17
21	83 17
21	85 17
21	79 70
21	84 18
21	84 19
21	84 20
21	83 20
21	85 20
21	79 59
21	84 1
21	84 2
21	83 2
21	85 2
21	79 69
21	84 3
21	84 4
21	84 5
21	84 6
21	83 6
21	85 5
21	79 127
21	84 7
21	83 7
21	85 7
21	79 58
21	84 8
21	84 9
21	84 10
21	84 11
21	83 11
21	85 10
21	79 132
21	84 12
21	84 13
21	83 13
21	85 13
21	79 62
21	84 14
21	84 15
21	83 15
21	85 15
21	79 75
21	84 16
21	84 17
21	84 18
21	84 19
21	83 19
21	85 18
21	79 131
21	84 20
21	84 1
21	84 2
21	84 3
21	84 4
21	84 5
21	83 5
21	85 1
21	79 371
21	83 5
21	85 4
21	79 138
21	84 6
21	84 7
21	83 7
21	85 7
21	79 54
21	84 8
21	84 9
21	83 9
21	85 9
21	79 62
21	84 10
21	84 11
21	84 12
21	83 12
21	85 12
21	79 53
21	84 13
21	84 14
21	83 14
21	85 14
21	79 63
21	84 15
21	84 16
21	83 16
21	85 16
21	79 52
21	84 17
21	84 18
21	83 18
21	85 18
21	79 69
21	84 19
21	84 20
21	84 1
21	83 1
21	85 1
21	79 51
21	84 2
21	84 3
21	83 3
21	85 3
21	79 75
21	84 4
21	84 5
21	84 6
21	83 6
21	85 6
21	79 59
21	84 7
21	84 8
21	83 8
21	85 8
21	79 65
21	84 9
21	84 10
21	84 11
21	83 11
21	85 11
21	79 58
21	84 12
21	84 13
21	84 14
21	83 14
21	85 14
21	79 61
21	84 15
21	84 16
21	83 16
21	85 16
21	79 68
21	84 17
21	84 18
21	84 19
21	83 19
21	85 19
21	79 54
21	84 20
21	84 1
21	83 1
21	85 1
21	79 62
21	84 2
21	84 3
21	84 4
21	84 5
21	84 6
21	84 7
21	84 8
21	84 9
21	84 10
21	83 10
21	85 4
21	79 545
21	83 10
21	85 7
21	79 314
21	84 11
21	83 11
21	85 10
21	79 82
21	84 12
21	84 13
21	84 14
21	84 15
21	84 16
21	83 16
21	85 12
21	79 390
21	84 17
21	84 18
21	84 19
21	83 19
21	85 16
21	79 258
21	84 20
21	83 20
21	85 19
21	79 145
21	84 1
21	83 1
21	85 1
21	79 65
21	84 2
21	84 3
21	84 4
21	84 5
21	83 5
21	85 4
21	79 134
21	84 6
21	84 7
21	84 8
21	84 9
21	83 9
21	85 7
21	79 216
21	84 10
21	84 11
21	83 11
21	85 9
21	79 236
21	84 12
21	84 13
21	84 14
21	84 15
21	84 16
21	83 16
21	85 12
21	79 397
21	84 17
21	83 17
21	85 15
21	79 171
21	84 18
21	84 19
21	84 20
21	83 20
21	85 18
21	79 215
21	84 1
21	83 1
21	85 1
21	79 60
21	84 2
21	84 3
21	83 3
21	85 3
21	79 74
21	84 4
21	84 5
21	84 6
21	84 7
21	83 7
21	85 6
21	79 132
21	84 8
21	84 9
21	84 10
21	TEST_NUMBER 1
21	SENT_TOTAL 250
21	RECEIVED_TOTAL 88
21	TIME_TOTAL 29690
21	RECEIVED_RADIO_1 0
21	RECEIVED_RADIO_2 103
21	SENT_RADIO_1 0
21	SENT_RADIO_2 188
21	RADIO_TIME_1 19843
21	RADIO_TIME_2 29798
21	RETRANSMISSIONS_1 618
21	RETRANSMISSIONS_2 4
21	DROPPED_1 62
21	DROPPED_2 0
21	MAX_QUEUE 2
21	DUPLICATED_1 0
21	DUPLICATED_2 0
21	EBUSY_RADIO_1 0
21	EBUSY_RADIO_2 0
21	83 0
21	85 9
21	86 1
21	84 1
21	84 2
21	83 2
21	85 2
21	79 56
21	84 3
21	84 4
21	84 5
21	84 6
21	83 6
21	85 4
21	79 222
21	84 7
21	84 8
21	83 8
21	85 7
21	79 133
21	84 9
21	84 10
21	83 10
21	85 10
21	79 51
21	84 11
21	84 12
21	84 13
21	83 13
21	85 12
21	79 150
21	84 14
21	84 15
21	84 16
21	84 17
21	84 18
21	84 19
21	84 20
21	83 20
21	85 15
21	79 451
21	83 20
21	85 18
21	79 221
21	84 1
21	84 2
21	84 3
21	84 4
21	83 4
21	85 1
21	79 299
21	84 5
21	84 6
21	84 7
21	83 7
21	85 4
21	79 241
21	84 8
21	84 9
21	83 9
21	85 7
21	79 223
21	84 10
21	84 11
21	83 11
21	85 10
21	79 139
21	84 12
21	83 12
21	85 12
21	79 74
21	84 13
21	84 14
21	84 15
21	84 16
21	83 16
21	85 15
21	79 137
21	84 17
21	84 18
21	83 18
21	85 18
21	79 62
21	84 19
21	84 20
21	84 1
21	84 2
21	83 2
21	85 20
21	79 222
21	84 3
21	84 4
21	83 4
21	85 3
21	79 148
21	84 5
21	84 6
21	83 6
21	85 6
21	79 63
21	84 7
21	84 8
21	84 9
21	83 9
21	85 9
21	79 53
21	84 10
21	84 11
21	83 11
21	85 11
21	79 59
21	84 12
21	84 13
21	84 14
21	83 14
21	85 14
21	79 56
21	84 15
21	84 16
21	83 16
21	85 16
21	79 78
21	84 17
21	84 18
21	84 19
21	84 20
21	83 20
21	85 19
21	79 131
21	84 1
21	84 2
21	83 2
21	85 2
21	79 57
21	84 3
21	84 4
21	84 5
21	84 6
21	84 7
21	84 8
21	83 8
21	85 4
21	79 382
21	83 8
21	85 8
21	79 71
21	84 9
21	84 10
21	84 11
21	83 11
21	85 11
21	79 68
21	84 12
21	84 13
21	84 14
21	83 14
21	85 14
21	79 49
21	84 15
21	84 16
21	83 16
21	85 16
21	79 73
21	84 17
21	84 18
21	84 19
21	84 20
21	84 1
21	84 2
21	83 2
21	85 19
21	79 303
21	83 2
21	85 2
21	79 71
21	84 3
21	84 4
21	84 5
21	83 5
21	85 4
21	79 81
21	84 6
21	84 7
21	84 8
21	83 8
21	85 7
21	79 133
21	84 9
21	84 10
21	84 11
21	83 11
21	85 9
21	79 223
21	84 12
21	84 13
21	83 13
21	85 12
21	79 134
21	84 14
21	84 15
21	84 16
21	84 17
21	84 18
21	83 18
21	85 15
21	79 242
21	83 18
21	85 17
21	79 93
21	84 19
21	84 20
21	84 1
21	83 1
21	85 20
21	79 153
21	84 2
21	84 3
21	84 4
21	84 5
21	83 5
21	85 1
21	79 382
21	83 5
21	85 4
21	79 152
21	84 6
21	84 7
21	84 8
21	84 9
21	84 10
21	83 10
21	85 5
21	79 450
21	83 10
21	85 9
21	79 137
21	83 10
21	85 10
21	79 65
21	84 11
21	84 12
21	84 13
21	84 14
21	83 14
21	85 13
21	79 133
21	84 15
21	84 16
21	84 17
21	84 18
21	83 18
21	85 16
21	79 232
21	84 19
21	84 20
21	84 1
21	84 2
21	84 3
21	83 3
21	85 1
21	79 220
21	83 3
21	85 3
21	79 68
21	84 4
21	84 5
21	84 6
21	84 7
21	83 7
21	85 6
21	79 134
21	84 8
21	84 9
21	83 9
21	85 9
21	79 52
21	84 10
21	84 11
21	83 11
21	85 11
21	79 62
21	84 12
21	83 12
21	85 9
21	79 243
21	83 12
21	85 11
21	79 101
21	83 12
21	85 9
21	79 291
21	83 12
21	85 9
21	79 300
21	84 13
21	83 13
21	85 11
21	79 161
21	83 13
21	85 11
21	79 178
21	83 13
21	85 10
21	79 302
21	84 14
21	83 14
21	85 9
21	79 406
21	83 14
21	85 11
21	79 314
21	84 15
21	84 16
21	83 16
21	85 10
21	79 526
21	83 16
21	85 9
21	79 613
21	83 16
21	85 11
21	79 468
21	84 17
21	83 17
21	85 11
21	79 483
21	83 17
21	85 9
21	79 655
21	83 17
21	85 9
21	79 663
21	83 17
21	85 10
21	79 597
21	84 18
21	83 18
21	85 9
21	79 782
21	83 18
21	85 10
21	79 708
21	83 18
21	85 11
21	79 635
21	84 19
21	83 19
21	85 11
21	79 646
21	83 19
21	85 11
21	79 657
21	83 19
21	85 11
21	79 665
21	83 19
21	85 9
21	79 830
21	83 19
21	85 11
21	79 679
21	83 19
21	85 9
21	79 845
21	84 20
21	83 20
21	85 11
21	79 794
21	84 1
21	83 1
21	85 10
21	79 884
21	83 1
21	85 9
21	79 974
21	83 1
21	85 11
21	79 822
21	83 1
21	85 9
21	79 992
21	83 1
21	85 9
21	79 1002
21	84 2
21	84 3
21	84 4
21	84 5
21	84 6
21	84 7
21	84 8
21	83 8
21	85 2
21	79 545
21	84 9
21	84 10
21	83 10
21	85 9
21	79 145
21	84 11
21	83 11
21	85 11
21	79 70
21	84 12
21	84 13
21	84 14
21	84 15
21	84 16
21	83 16
21	85 14
21	79 163
21	84 17
21	83 17
21	85 17
21	79 70
21	84 18
21	84 19
21	83 19
21	85 19
21	79 77
21	84 20
21	84 1
21	84 2
21	84 3
21	83 3
21	85 2
21	79 142
21	84 4
21	84 5
21	84 6
21	84 7
21	83 7
21	85 6
21	79 132
21	84 8
21	84 9
21	84 10
21	84 11
21	84 12
21	83 12
21	85 9
21	79 254
21	84 13
21	83 13
21	85 12
21	79 88
21	84 14
21	84 15
21	84 16
21	84 17
21	84 18
21	84 19
21	84 20
21	84 1
21	84 2
21	84 3
21	83 3
21	85 20
21	79 243
21	84 4
21	84 5
21	84 6
21	84 7
21	84 8
21	84 9
21	84 10
21	83 10
21	85 8
21	79 178
21	84 11
21	84 12
21	84 13
21	84 14
21	84 15
21	84 16
21	84 17
21	84 18
21	83 18
21	85 11
21	79 563
21	83 18
21	85 14
21	79 338
21	83 18
21	85 15
21	79 276
21	84 19
21	84 20
21	83 20
21	85 17
21	79 294
21	84 1
21	84 2
21	84 3
21	84 4
21	84 5
21	84 6
21	84 7
21	83 7
21	85 5
21	79 237
21	84 8
21	84 9
21	83 9
21	85 8
21	79 155
21	84 10
21	84 11
21	83 11
21	85 11
21	79 57
21	84 12
21	84 13
21	83 13
21	85 13
21	79 68
21	84 14
21	84 15
21	84 16
21	84 17
21	83 17
21	85 16
21	79 83
21	84 18
21	84 19
21	84 20
21	84 1
21	83 1
21	85 18
21	79 299
21	84 2
21	84 3
21	83 3
21	85 2
21	79 135
21	84 4
21	84 5
21	83 5
21	85 5
21	79 56
21	84 6
21	84 7
21	84 8
21	84 9
21	84 10
21	84 11
21	83 11
21	85 7
21	79 389
21	84 12
21	83 12
21	85 10
21	79 163
21	84 13
21	84 14
21	83 14
21	85 14
21	79 58
21	84 15
21	84 16
21	84 17
21	84 18
21	84 19
21	83 19
21	85 16
21	79 261
21	84 20
21	83 20
21	85 19
21	79 150
21	84 1
21	84 2
21	83 2
21	85 2
21	79 55
21	84 3
21	84 4
21	83 4
21	85 4
21	79 75
21	84 5
21	84 6
21	84 7
21	84 8
21	84 9
21	84 10
21	TEST_NUMBER 2
21	SENT_TOTAL 250
21	RECEIVED_TOTAL 111
21	TIME_TOTAL 29323
21	RECEIVED_RADIO_1 0
21	RECEIVED_RADIO_2 112
21	SENT_RADIO_1 0
21	SENT_RADIO_2 191
21	RADIO_TIME_1 29875
21	RADIO_TIME_2 29721
21	RETRANSMISSIONS_1 597
21	RETRANSMISSIONS_2 2
21	DROPPED_1 60
21	DROPPED_2 0
21	MAX_QUEUE 2
21	DUPLICATED_1 0
21	DUPLICATED_2 3
21	EBUSY_RADIO_1 0
21	EBUSY_RADIO_2 0
21	84 1
21	83 1
21	85 7
21	86 2
21	83 1
21	85 1
21	79 61
21	84 2
21	84 3
21	83 3
21	85 3
21	79 66
21	84 4
21	84 5
21	84 6
21	84 7
21	83 7
21	85 6
21	79 138
21	84 8
21	84 9
21	83 9
21	85 9
21	79 57
21	84 10
21	84 11
21	84 12
21	84 13
21	84 14
21	84 15
21	83 15
21	85 11
21	79 372
21	83 15
21	85 14
21	79 151
21	84 16
21	83 16
21	85 16
21	79 71
21	84 17
21	84 18
21	84 19
21	84 20
21	84 1
21	83 1
21	85 19
21	79 223
21	83 1
21	85 1
21	79 70
21	84 2
21	84 3
21	84 4
21	84 5
21	83 5
21	85 4
21	79 131
21	84 6
21	83 6
21	85 6
21	79 78
21	84 7
21	84 8
21	84 9
21	84 10
21	83 10
21	85 9
21	79 146
21	84 11
21	84 12
21	84 13
21	84 14
21	83 14
21	85 13
21	79 144
21	84 15
21	84 16
21	84 17
21	83 17
21	85 15
21	79 232
21	84 18
21	84 19
21	83 19
21	85 18
21	79 154
21	84 20
21	84 1
21	84 2
21	84 3
21	83 3
21	85 2
21	79 143
21	84 4
21	83 4
21	85 4
21	79 71
21	84 5
21	84 6
21	84 7
21	84 8
21	83 8
21	85 7
21	79 132
21	84 9
21	84 10
21	83 10
21	85 10
21	79 53
21	84 11
21	84 12
21	83 12
21	85 12
21	79 80
21	84 13
21	84 14
21	84 15
21	84 16
21	84 17
21	84 18
21	83 18
21	85 15
21	79 265
21	84 19
21	84 20
21	84 1
21	83 1
21	85 18
21	79 305
21	84 2
21	84 3
21	84 4
21	84 5
21	83 5
21	85 20
21	79 432
21	84 6
21	83 6
21	85 4
21	79 216
21	84 7
21	84 8
21	83 8
21	85 7
21	79 157
21	84 9
21	84 10
21	83 10
21	85 10
21	79 58
21	84 11
21	84 12
21	84 13
21	84 14
21	84 15
21	84 16
21	83 16
21	85 13
21	79 275
21	84 17
21	84 18
21	84 19
21	84 20
21	83 20
21	85 18
21	79 210
21	84 1
21	84 2
21	83 2
21	85 1
21	79 135
21	84 3
21	84 4
21	84 5
21	83 5
21	85 4
21	79 132
21	84 6
21	84 7
21	83 7
21	85 7
21	79 65
21	84 8
21	84 9
21	83 9
21	85 9
21	79 65
21	84 10
21	84 11
21	84 12
21	84 13
21	84 14
21	84 15
21	84 16
21	84 17
21	83 17
21	85 12
21	79 408
21	83 17
21	85 14
21	79 258
21	84 18
21	84 19
21	84 20
21	84 1
21	84 2
21	84 3
21	84 4
21	84 5
21	84 6
21	83 6
21	85 2
21	79 381
21	84 7
21	83 7
21	85 5
21	79 182
21	84 8
21	83 8
21	85 8
21	79 59
21	84 9
21	84 10
21	83 10
21	85 9
21	79 144
21	84 11
21	84 12
21	83 12
21	85 12
21	79 53
21	84 13
21	84 14
21	84 15
21	84 16
21	83 16
21	85 14
21	79 220
21	84 17
21	84 18
21	84 19
21	84 20
21	84 1
21	84 2
21	84 3
21	84 4
21	83 4
21	85 2
21	79 219
21	84 5
21	84 6
21	84 7
21	84 8
21	83 8
21	85 5
21	79 247
21	84 9
21	84 10
21	83 10
21	85 7
21	79 243
21	84 11
21	84 12
21	84 13
21	84 14
21	84 15
21	84 16
21	83 16
21	85 13
21	79 308
21	84 17
21	84 18
21	84 19
21	83 19
21	85 18
21	79 156
21	84 20
21	84 1
21	84 2
21	84 3
21	84 4
21	84 5
21	84 6
21	83 6
21	85 2
21	79 369
21	84 7
21	83 7
21	85 4
21	79 250
21	84 8
21	83 8
21	85 8
21	79 68
21	84 9
21	84 10
21	84 11
21	83 11
21	85 11
21	79 75
21	84 12
21	84 13
21	84 14
21	83 14
21	85 14
21	79 77
21	84 15
21	84 16
21	84 17
21	84 18
21	84 19
21	84 20
21	84 1
21	83 1
21	85 18
21	79 243
21	83 1
21	85 20
21	79 149
21	84 2
21	84 3
21	84 4
21	84 5
21	84 6
21	84 7
21	83 7
21	85 3
21	79 320
21	83 7
21	85 7
21	79 63
21	84 8
21	84 9
21	84 10
21	83 10
21	85 9
21	79 133
21	84 11
21	84 12
21	84 13
21	84 14
21	84 15
21	84 16
21	84 17
21	84 18
21	84 19
21	84 20
21	84 1
21	84 2
21	84 3
21	84 4
21	84 5
21	84 6
21	84 7
21	84 8
21	84 9
21	84 10
21	84 11
21	84 12
21	84 13
21	84 14
21	84 15
21	84 16
21	84 17
21	84 18
21	83 18
21	85 12
21	79 482
21	83 18
21	85 14
21	79 359
21	84 19
21	84 20
21	84 1
21	84 2
21	84 3
21	84 4
21	84 5
21	84 6
21	84 7
21	84 8
21	84 9
21	84 10
21	84 11
21	84 12
21	84 13
21	84 14
21	84 15
21	84 16
21	84 17
21	84 18
21	83 18
21	85 15
21	79 241
21	84 19
21	83 19
21	85 17
21	79 221
21	84 20
21	84 1
21	83 1
21	85 20
21	79 142
21	84 2
21	84 3
21	83 3
21	85 3
21	79 59
21	84 4
21	84 5
21	84 6
21	84 7
21	84 8
21	84 9
21	84 10
21	84 11
21	84 12
21	84 13
21	84 14
21	84 15
21	83 15
21	85 7
21	79 678
21	83 15
21	85 13
21	79 207
21	84 16
21	83 16
21	85 16
21	79 65
21	84 17
21	84 18
21	84 19
21	83 19
21	85 18
21	79 93
21	84 20
21	84 1
21	84 2
21	84 3
21	83 3
21	85 1
21	79 206
21	84 4
21	84 5
21	84 6
21	83 6
21	85 4
21	79 208
21	84 7
21	83 7
21	85 6
21	79 83
21	84 8
21	84 9
21	84 10
21	TEST_NUMBER 3
21	SENT_TOTAL 250
21	RECEIVED_TOTAL 68
21	TIME_TOTAL 19553
21	RECEIVED_RADIO_1 0
21	RECEIVED_RADIO_2 69
21	SENT_RADIO_1 0
21	SENT_RADIO_2 188
21	RADIO_TIME_1 19754
21	RADIO_TIME_2 19843
21	RETRANSMISSIONS_1 607
21	RETRANSMISSIONS_2 2
21	DROPPED_1 60
21	DROPPED_2 0
21	MAX_QUEUE 2
21	DUPLICATED_1 0
21	DUPLICATED_2 1
21	EBUSY_RADIO_1 0
21	EBUSY_RADIO_2 0
21	83 0
21	85 9
21	86 3
21	84 1
21	84 2
21	83 2
21	85 2
21	79 70
21	84 3
21	84 4
21	83 4
21	85 4
21	79 57
21	84 5
21	84 6
21	84 7
21	84 8
21	83 8
21	85 7
21	79 127
21	84 9
21	83 9
21	85 9
21	79 67
21	84 10
21	84 11
21	84 12
21	84 13
21	83 13
21	85 12
21	79 138
21	84 14
21	84 15
21	84 16
21	84 17
21	83 17
21	85 16
21	79 137
21	84 18
21	84 19
21	84 20
21	84 1
21	83 1
21	85 20
21	79 130
21	84 2
21	84 3
21	84 4
21	84 5
21	83 5
21	85 3
21	79 221
21	83 5
21	85 5
21	79 73
21	84 6
21	84 7
21	84 8
21	83 8
21	85 8
21	79 49
21	84 9
21	84 10
21	84 11
21	83 11
21	85 10
21	79 80
21	84 12
21	84 13
21	84 14
21	83 14
21	85 13
21	79 136
21	84 15
21	83 15
21	85 15
21	79 71
21	84 16
21	84 17
21	84 18
21	84 19
21	83 19
21	85 18
21	79 136
21	84 20
21	84 1
21	83 1
21	85 1
21	79 64
21	84 2
21	84 3
21	83 3
21	85 3
21	79 67
21	84 4
21	84 5
21	84 6
21	83 6
21	85 6
21	79 53
21	84 7
21	84 8
21	84 9
21	84 10
21	84 11
21	83 11
21	85 8
21	79 304
21	84 12
21	84 13
21	83 13
21	85 12
21	79 129
21	84 14
21	84 15
21	83 15
21	85 15
21	79 58
21	84 16
21	84 17
21	84 18
21	84 19
21	84 20
21	84 1
21	83 1
21	85 17
21	79 369
21	84 2
21	83 2
21	85 2
21	79 62
21	84 3
21	84 4
21	83 4
21	85 4
21	79 60
21	84 5
21	84 6
21	84 7
21	83 7
21	85 7
21	79 54
21	84 8
21	84 9
21	84 10
21	84 11
21	83 11
21	85 9
21	79 210
21	84 12
21	84 13
21	84 14
21	83 14
21	85 12
21	79 226
21	84 15
21	83 15
21	85 14
21	79 82
21	84 16
21	84 17
21	84 18
21	83 18
21	85 17
21	79 131
21	84 19
21	84 20
21	83 20
21	85 19
21	79 86
21	84 1
21	84 2
21	84 3
21	83 3
21	85 2
21	79 141
21	84 4
21	84 5
21	84 6
21	84 7
21	83 7
21	85 5
21	79 225
21	83 7
21	85 7
21	79 72
21	84 8
21	84 9
21	84 10
21	83 10
21	85 10
21	79 55
21	84 11
21	84 12
21	83 12
21	85 12
21	79 74
21	84 13
21	84 14
21	84 15
21	84 16
21	83 16
21	85 16
21	79 62
21	84 17
21	84 18
21	84 19
21	83 19
21	85 19
21	79 47
21	84 20
21	84 1
21	83 1
21	85 1
21	79 73
21	84 2
21	84 3
21	84 4
21	84 5
21	83 5
21	85 4
21	79 136
21	84 6
21	84 7
21	83 7
21	85 7
21	79 57
21	84 8
21	84 9
21	84 10
21	83 10
21	85 10
21	79 66
21	84 11
21	84 12
21	84 13
21	83 13
21	85 13
21	79 59
21	84 14
21	84 15
21	83 15
21	85 15
21	79 65
21	84 16
21	84 17
21	84 18
21	84 19
21	83 19
21	85 18
21	79 129
21	84 20
21	83 20
21	85 20
21	79 75
21	84 1
21	84 2
21	84 3
21	84 4
21	83 4
21	85 3
21	79 143
21	84 5
21	84 6
21	84 7
21	84 8
21	83 8
21	85 7
21	79 134
21	84 9
21	83 9
21	85 9
21	79 62
21	84 10
21	84 11
21	84 12
21	84 13
21	83 13
21	85 12
21	79 136
21	84 14
21	84 15
21	83 15
21	85 15
21	79 55
21	84 16
21	84 17
21	83 17
21	85 17
21	79 78
21	84 18
21	84 19
21	84 20
21	84 1
21	83 1
21	85 20
21	79 132
21	84 2
21	84 3
21	83 3
21	85 2
21	79 83
21	84 4
21	84 5
21	84 6
21	83 6
21	85 5
21	79 134
21	84 7
21	84 8
21	83 8
21	85 8
21	79 60
21	84 9
21	84 10
21	83 10
21	85 10
21	79 65
21	84 11
21	84 12
21	84 13
21	84 14
21	83 14
21	85 13
21	79 132
21	84 15
21	84 16
21	83 16
21	85 16
21	79 56
21	84 17
21	84 18
21	84 19
21	83 19
21	85 19
21	79 57
21	84 20
21	84 1
21	84 2
21	84 3
21	83 3
21	85 1
21	79 225
21	84 4
21	84 5
21	84 6
21	84 7
21	83 7
21	85 5
21	79 220
21	84 8
21	84 9
21	83 9
21	85 9
21	79 69
21	84 10
21	84 11
21	83 11
21	85 10
21	79 82
21	84 12
21	84 13
21	84 14
21	83 14
21	85 13
21	79 131
21	84 15
21	84 16
21	84 17
21	83 17
21	85 15
21	79 221
21	84 18
21	84 19
21	84 20
21	83 20
21	85 18
21	79 176
21	84 1
21	84 2
21	84 3
21	83 3
21	85 1
21	79 217
21	84 4
21	83 4
21	85 3
21	79 94
21	84 5
21	84 6
21	84 7
21	83 7
21	85 6
21	79 144
21	84 8
21	84 9
21	84 10
21	84 11
21	84 12
21	84 13
21	83 13
21	85 9
21	79 332
21	83 13
21	85 13
21	79 51
21	84 14
21	84 15
21	84 16
21	84 17
21	84 18
21	84 19
21	84 20
21	83 20
21	85 15
21	79 400
21	83 20
21	85 19
21	79 95
21	84 1
21	84 2
21	84 3
21	83 3
21	85 2
21	79 131
21	84 4
21	84 5
21	83 5
21	85 4
21	79 82
21	84 6
21	84 7
21	84 8
21	83 8
21	85 7
21	79 139
21	84 9
21	83 9
21	85 9
21	79 78
21	84 10
21	84 11
21	84 12
21	84 13
21	83 13
21	85 12
21	79 145
21	84 14
21	84 15
21	84 16
21	83 16
21	85 15
21	79 132
21	84 17
21	84 18
21	83 18
21	85 18
21	79 62
21	84 19
21	84 20
21	83 20
21	85 20
21	79 75
21	84 1
21	84 2
21	84 3
21	84 4
21	83 4
21	85 3
21	79 125
21	84 5
21	84 6
21	83 6
21	85 6
21	79 60
21	84 7
21	84 8
21	83 8
21	85 8
21	79 64
21	84 9
21	84 10
21	84 11
21	84 12
21	84 13
21	84 14
21	83 14
21	85 11
21	79 318
21	84 15
21	83 15
21	85 15
21	79 52
21	84 16
21	84 17
21	84 18
21	83 18
21	85 18
21	79 54
21	84 19
21	84 20
21	83 20
21	85 20
21	79 79
21	84 1
21	84 2
21	84 3
21	83 3
21	85 3
21	79 64
21	84 4
21	84 5
21	83 5
21	85 5
21	79 77
21	84 6
21	84 7
21	84 8
21	84 9
21	84 10
21	TEST_NUMBER 4
21	SENT_TOTAL 250
21	RECEIVED_TOTAL 89
21	TIME_TOTAL 29507
21	RECEIVED_RADIO_1 0
21	RECEIVED_RADIO_2 90
21	SENT_RADIO_1 0
21	SENT_RADIO_2 192
21	RADIO_TIME_1 29881
21	RADIO_TIME_2 29806
21	RETRANSMISSIONS_1 589
21	RETRANSMISSIONS_2 2
21	DROPPED_1 60
21	DROPPED_2 0
21	MAX_QUEUE 2
21	DUPLICATED_1 0
21	DUPLICATED_2 0
21	EBUSY_RADIO_1 0
21	EBUSY_RADIO_2 0
21	84 1
21	84 2
21	84 3
21	83 3
21	85 8
21	86 4
21	84 4
21	84 5
21	83 5
21	85 3
21	79 205
21	84 6
21	84 7
21	84 8
21	84 9
21	84 10
21	83 10
21	85 8
21	79 223
21	84 11
21	84 12
21	83 12
21	85 10
21	79 229
21	84 13
21	83 13
21	85 12
21	79 86
21	84 14
21	84 15
21	84 16
21	83 16
21	85 15
21	79 147
21	84 17
21	84 18
21	83 18
21	85 17
21	79 148
21	84 19
21	84 20
21	84 1
21	84 2
21	84 3
21	83 3
21	85 3
21	79 58
21	84 4
21	84 5
21	84 6
21	84 7
21	83 7
21	85 5
21	79 223
21	84 8
21	84 9
21	84 10
21	84 11
21	83 11
21	85 9
21	79 237
21	84 12
21	84 13
21	84 14
21	84 15
21	83 15
21	85 13
21	79 223
21	84 16
21	84 17
21	84 18
21	83 18
21	85 16
21	79 206
21	84 19
21	84 20
21	84 1
21	84 2
21	84 3
21	83 3
21	85 3
21	79 57
21	84 4
21	84 5
21	83 5
21	85 5
21	79 74
21	84 6
21	84 7
21	84 8
21	84 9
21	84 10
21	84 11
21	83 11
21	85 8
21	79 258
21	84 12
21	83 12
21	85 11
21	79 156
21	84 13
21	84 14
21	83 14
21	85 12
21	79 236
21	84 15
21	84 16
21	84 17
21	84 18
21	84 19
21	84 20
21	83 20
21	85 19
21	79 139
21	84 1
21	84 2
21	84 3
21	84 4
21	83 4
21	85 3
21	79 134
21	84 5
21	84 6
21	84 7
21	84 8
21	83 8
21	85 6
21	79 205
21	84 9
21	84 10
21	84 11
21	84 12
21	83 12
21	85 9
21	79 274
21	84 13
21	83 13
21	85 12
21	79 158
21	84 14
21	84 15
21	83 15
21	85 15
21	79 70
21	84 16
21	84 17
21	84 18
21	84 19
21	84 20
21	84 1
21	84 2
21	84 3
21	84 4
21	83 4
21	85 2
21	79 228
21	84 5
21	84 6
21	84 7
21	83 7
21	85 5
21	79 201
21	84 8
21	84 9
21	84 10
21	84 11
21	84 12
21	84 13
21	84 14
21	83 14
21	85 12
21	79 173
21	84 15
21	84 16
21	84 17
21	83 17
21	85 15
21	79 232
21	84 18
21	84 19
21	83 19
21	85 18
21	79 146
21	84 20
21	84 1
21	83 1
21	85 20
21	79 111
21	84 2
21	84 3
21	84 4
21	84 5
21	84 6
21	84 7
21	84 8
21	84 9
21	84 10
21	84 11
21	84 12
21	84 13
21	84 14
21	84 15
21	84 16
21	84 17
21	84 18
21	84 19
21	84 20
21	84 1
21	84 2
21	83 2
21	85 20
21	79 218
21	84 3
21	83 3
21	85 3
21	79 64
21	84 4
21	84 5
21	84 6
21	84 7
21	84 8
21	83 8
21	85 5
21	79 254
21	84 9
21	84 10
21	84 11
21	84 12
21	84 13
21	84 14
21	84 15
21	84 16
21	84 17
21	84 18
21	84 19
21	84 20
21	84 1
21	84 2
21	84 3
21	84 4
21	84 5
21	84 6
21	84 7
21	84 8
21	84 9
21	83 9
21	85 7
21	79 177
21	83 9
21	85 9
21	79 77
21	84 10
21	84 11
21	84 12
21	84 13
21	83 13
21	85 12
21	79 130
21	84 14
21	84 15
21	84 16
21	83 16
21	85 15
21	79 148
21	84 17
21	84 18
21	83 18
21	85 18
21	79 54
21	84 19
21	84 20
21	84 1
21	84 2
21	83 2
21	85 20
21	79 218
21	84 3
21	84 4
21	84 5
21	84 6
21	84 7
21	84 8
21	84 9
21	83 9
21	85 3
21	79 514
21	84 10
21	84 11
21	84 12
21	83 12
21	85 7
21	79 400
21	83 12
21	85 9
21	79 265
21	84 13
21	84 14
21	84 15
21	84 16
21	84 17
21	84 18
21	83 18
21	85 16
21	79 172
21	84 19
21	84 20
21	84 1
21	83 1
21	85 19
21	79 226
21	84 2
21	84 3
21	83 3
21	85 2
21	79 153
21	84 4
21	84 5
21	84 6
21	84 7
21	84 8
21	83 8
21	85 5
21	79 241
21	84 9
21	84 10
21	83 10
21	85 8
21	79 220
21	84 11
21	84 12
21	84 13
21	83 13
21	85 11
21	79 215
21	84 14
21	84 15
21	83 15
21	85 14
21	79 154
21	84 16
21	84 17
21	84 18
21	83 18
21	85 16
21	79 212
21	84 19
21	84 20
21	83 20
21	85 19
21	79 146
21	84 1
21	84 2
21	84 3
21	84 4
21	83 4
21	85 3
21	79 148
21	84 5
21	84 6
21	83 6
21	85 6
21	79 66
21	84 7
21	84 8
21	84 9
21	84 10
21	83 10
21	85 8
21	79 212
21	84 11
21	84 12
21	83 12
21	85 11
21	79 143
21	84 13
21	84 14
21	83 14
21	85 14
21	79 69
21	84 15
21	84 16
21	84 17
21	83 17
21	85 16
21	79 144
21	84 18
21	84 19
21	83 19
21	85 19
21	79 80
21	84 20
21	84 1
21	83 1
21	85 1
21	79 67
21	84 2
21	84 3
21	83 3
21	85 3
21	79 62
21	84 4
21	84 5
21	84 6
21	84 7
21	83 7
21	85 5
21	79 221
21	84 8
21	84 9
21	84 10
21	83 10
21	85 8
21	79 177
21	84 11
21	84 12
21	84 13
21	83 13
21	85 11
21	79 219
21	84 14
21	84 15
21	83 15
21	85 13
21	79 227
21	84 16
21	84 17
21	84 18
21	84 19
21	83 19
21	85 17
21	79 213
21	84 20
21	84 1
21	84 2
21	83 2
21	85 20
21	79 164
21	84 3
21	84 4
21	84 5
21	84 6
21	83 6
21	85 3
21	79 276
21	83 6
21	85 6
21	79 74
21	84 7
21	84 8
21	83 8
21	85 7
21	79 144
21	84 9
21	84 10
21	TEST_NUMBER 5
21	SENT_TOTAL 250
21	RECEIVED_TOTAL 67
21	TIME_TOTAL 19535
21	RECEIVED_RADIO_1 0
21	RECEIVED_RADIO_2 68
21	SENT_RADIO_1 0
21	SENT_RADIO_2 188
21	RADIO_TIME_1 19683
21	RADIO_TIME_2 19843
21	RETRANSMISSIONS_1 609
21	RETRANSMISSIONS_2 8
21	DROPPED_1 61
21	DROPPED_2 0
21	MAX_QUEUE 2
21	DUPLICATED_1 0
21	DUPLICATED_2 0
21	EBUSY_RADIO_1 0
21	EBUSY_RADIO_2 0
21	83 0
21	85 10
21	86 5
21	84 1
21	84 2
21	83 2
21	85 2
21	79 65
21	84 3
21	84 4
21	84 5
21	83 5
21	85 5
21	79 56
21	84 6
21	84 7
21	83 7
21	85 7
21	79 67
21	84 8
21	84 9
21	84 10
21	84 11
21	83 11
21	85 10
21	79 139
21	84 12
21	84 13
21	84 14
21	84 15
21	83 15
21	85 13
21	79 234
21	84 16
21	84 17
21	83 17
21	85 15
21	79 222
21	84 18
21	84 19
21	83 19
21	85 17
21	79 230
21	84 20
21	84 1
21	83 1
21	85 1
21	79 53
21	84 2
21	84 3
21	84 4
21	84 5
21	83 5
21	85 3
21	79 217
21	84 6
21	84 7
21	84 8
21	84 9
21	84 10
21	83 10
21	85 6
21	79 371
21	84 11
21	84 12
21	83 12
21	85 10
21	79 230
21	84 13
21	84 14
21	84 15
21	83 15
21	85 12
21	79 251
21	84 16
21	84 17
21	84 18
21	84 19
21	83 19
21	85 15
21	79 320
21	84 20
21	84 1
21	83 1
21	85 18
21	79 265
21	84 2
21	84 3
21	84 4
21	84 5
21	83 5
21	85 2
21	79 295
21	84 6
21	83 6
21	85 4
21	79 236
21	84 7
21	84 8
21	83 8
21	85 7
21	79 158
21	84 9
21	84 10
21	84 11
21	84 12
21	84 13
21	84 14
21	84 15
21	83 15
21	85 8
21	79 581
21	83 15
21	85 12
21	79 268
21	84 16
21	84 17
21	83 17
21	85 15
21	79 214
21	84 18
21	84 19
21	84 20
21	83 20
21	85 18
21	79 165
21	84 1
21	84 2
21	84 3
21	83 3
21	85 1
21	79 226
21	84 4
21	84 5
21	83 5
21	85 3
21	79 232
21	84 6
21	84 7
21	84 8
21	83 8
21	85 6
21	79 204
21	84 9
21	84 10
21	84 11
21	84 12
21	84 13
21	84 14
21	84 15
21	84 16
21	83 16
21	85 10
21	79 509
21	84 17
21	83 17
21	85 15
21	79 235
21	84 18
21	84 19
21	84 20
21	83 20
21	85 18
21	79 161
21	84 1
21	84 2
21	84 3
21	84 4
21	83 4
21	85 2
21	79 162
21	84 5
21	84 6
21	84 7
21	84 8
21	84 9
21	84 10
21	83 10
21	85 8
21	79 175
21	84 11
21	84 12
21	84 13
21	83 13
21	85 11
21	79 223
21	84 14
21	84 15
21	83 15
21	85 13
21	79 238
21	84 16
21	84 17
21	83 17
21	85 16
21	79 139
21	84 18
21	84 19
21	83 19
21	85 19
21	79 63
21	84 20
21	84 1
21	84 2
21	84 3
21	84 4
21	84 5
21	84 6
21	84 7
21	83 7
21	85 1
21	79 517
21	84 8
21	84 9
21	84 10
21	83 10
21	85 4
21	79 557
21	84 11
21	84 12
21	84 13
21	83 13
21	85 8
21	79 404
21	83 13
21	85 11
21	79 193
21	84 14
21	84 15
21	84 16
21	84 17
21	84 18
21	83 18
21	85 14
21	79 331
21	84 19
21	84 20
21	83 20
21	85 18
21	79 233
21	84 1
21	84 2
21	84 3
21	84 4
21	84 5
21	83 5
21	85 2
21	79 271
21	84 6
21	84 7
21	84 8
21	84 9
21	84 10
21	84 11
21	83 11
21	85 9
21	79 210
21	84 12
21	84 13
21	84 14
21	84 15
21	84 16
21	84 17
21	84 18
21	83 18
21	85 11
21	79 564
21	83 18
21	85 15
21	79 264
21	84 19
21	84 20
21	84 1
21	84 2
21	84 3
21	84 4
21	84 5
21	84 6
21	83 6
21	85 19
21	79 584
21	84 7
21	84 8
21	84 9
21	83 9
21	85 3
21	79 481
21	84 10
21	84 11
21	84 12
21	84 13
21	84 14
21	84 15
21	84 16
21	84 17
21	84 18
21	84 19
21	84 20
21	84 1
21	84 2
21	84 3
21	83 3
21	85 19
21	79 358
21	84 4
21	84 5
21	84 6
21	84 7
21	84 8
21	83 8
21	85 3
21	79 465
21	83 8
21	85 5
21	79 314
21	84 9
21	84 10
21	84 11
21	84 12
21	84 13
21	84 14
21	84 15
21	84 16
21	84 17
21	83 17
21	85 11
21	79 554
21	84 18
21	83 18
21	85 14
21	79 323
21	84 19
21	84 20
21	84 1
21	84 2
21	84 3
21	84 4
21	84 5
21	84 6
21	84 7
21	84 8
21	84 9
21	83 9
21	85 18
21	79 895
21	83 9
21	85 1
21	79 668
21	83 9
21	85 5
21	79 356
21	84 10
21	84 11
21	84 12
21	83 12
21	85 10
21	79 215
21	84 13
21	84 14
21	84 15
21	84 16
21	83 16
21	85 13
21	79 240
21	84 17
21	84 18
21	84 19
21	84 20
21	84 1
21	84 2
21	84 3
21	84 4
21	84 5
21	84 6
21	84 7
21	83 7
21	85 4
21	79 284
21	84 8
21	84 9
21	84 10
21	84 11
21	84 12
21	84 13
21	84 14
21	83 14
21	85 12
21	79 224
21	84 15
21	84 16
21	84 17
21	84 18
21	83 18
21	85 15
21	79 289
21	84 19
21	84 20
21	83 20
21	85 18
21	79 225
21	84 1
21	84 2
21	84 3
21	83 3
21	85 20
21	79 279
21	84 4
21	84 5
21	84 6
21	84 7
21	84 8
21	84 9
21	84 10
21	84 11
21	84 12
21	84 13
21	84 14
21	84 15
21	84 16
21	84 17
21	84 18
21	84 19
21	84 20
21	84 1
21	83 1
21	85 12
21	79 726
21	83 1
21	85 18
21	79 259
21	84 2
21	84 3
21	83 3
21	85 20
21	79 250
21	84 4
21	84 5
21	84 6
21	84 7
21	83 7
21	85 3
21	79 321
21	83 7
21	85 7
21	79 55
21	84 8
21	84 9
21	84 10
21	TEST_NUMBER 6
21	SENT_TOTAL 250
21	RECEIVED_TOTAL 65
21	TIME_TOTAL 29638
21	RECEIVED_RADIO_1 0
21	RECEIVED_RADIO_2 66
21	SENT_RADIO_1 0
21	SENT_RADIO_2 189
21	RADIO_TIME_1 19843
21	RADIO_TIME_2 29752
21	RETRANSMISSIONS_1 617
21	RETRANSMISSIONS_2 4
21	DROPPED_1 62
21	DROPPED_2 0
21	MAX_QUEUE 2
21	DUPLICATED_1 0
21	DUPLICATED_2 0
21	EBUSY_RADIO_1 0
21	EBUSY_RADIO_2 0

31	RELAY_NODE 31
31	TEST_NUMBER 0
31	SENT_TOTAL 0
31	RECEIVED_TOTAL 0
31	TIME_TOTAL 0
31	RECEIVED_RADIO_1 0
31	RECEIVED_RADIO_2 82
31	SENT_RADIO_1 82
31	SENT_RADIO_2 0
31	RADIO_TIME_1 16418
31	RADIO_TIME_2 16412
31	RETRANSMISSIONS_1 37
31	RETRANSMISSIONS_2 0
31	DROPPED_1 0
31	DROPPED_2 0
31	MAX_QUEUE 1
31	DUPLICATED_1 0
31	DUPLICATED_2 1
31	EBUSY_RADIO_1 0
31	EBUSY_RADIO_2 0
31	TEST_NUMBER 1
31	SENT_TOTAL 0
31	RECEIVED_TOTAL 0
31	TIME_TOTAL 0
31	RECEIVED_RADIO_1 0
31	RECEIVED_RADIO_2 156
31	SENT_RADIO_1 155
31	SENT_RADIO_2 0
31	RADIO_TIME_1 29811
31	RADIO_TIME_2 29811
31	RETRANSMISSIONS_1 116
31	RETRANSMISSIONS_2 0
31	DROPPED_1 0
31	DROPPED_2 0
31	MAX_QUEUE 22
31	DUPLICATED_1 0
31	DUPLICATED_2 11
31	EBUSY_RADIO_1 0
31	EBUSY_RADIO_2 0
31	TEST_NUMBER 2
31	SENT_TOTAL 0
31	RECEIVED_TOTAL 0
31	TIME_TOTAL 0
31	RECEIVED_RADIO_1 0
31	RECEIVED_RADIO_2 158
31	SENT_RADIO_1 5
31	SENT_RADIO_2 0
31	RADIO_TIME_1 29732
31	RADIO_TIME_2 29503
31	RETRANSMISSIONS_1 1191
31	RETRANSMISSIONS_2 0
31	DROPPED_1 119
31	DROPPED_2 0
31	MAX_QUEUE 59
31	DUPLICATED_1 0
31	DUPLICATED_2 7
31	EBUSY_RADIO_1 1
31	EBUSY_RADIO_2 0
31	TEST_NUMBER 3
31	SENT_TOTAL 0
31	RECEIVED_TOTAL 0
31	TIME_TOTAL 0
31	RECEIVED_RADIO_1 0
31	RECEIVED_RADIO_2 86
31	SENT_RADIO_1 0
31	SENT_RADIO_2 0
31	RADIO_TIME_1 29669
31	RADIO_TIME_2 29519
31	RETRANSMISSIONS_1 1194
31	RETRANSMISSIONS_2 0
31	DROPPED_1 120
31	DROPPED_2 0
31	MAX_QUEUE 35
31	DUPLICATED_1 0
31	DUPLICATED_2 0
31	EBUSY_RADIO_1 0
31	EBUSY_RADIO_2 0
31	TEST_NUMBER 4
31	SENT_TOTAL 0
31	RECEIVED_TOTAL 0
31	TIME_TOTAL 0
31	RECEIVED_RADIO_1 0
31	RECEIVED_RADIO_2 98
31	SENT_RADIO_1 0
31	SENT_RADIO_2 0
31	RADIO_TIME_1 29548
31	RADIO_TIME_2 29463
31	RETRANSMISSIONS_1 976
31	RETRANSMISSIONS_2 0
31	DROPPED_1 97
31	DROPPED_2 0
31	MAX_QUEUE 2
31	DUPLICATED_1 0
31	DUPLICATED_2 1
31	EBUSY_RADIO_1 0
31	EBUSY_RADIO_2 0
31	TEST_NUMBER 5
31	SENT_TOTAL 0
31	RECEIVED_TOTAL 0
31	TIME_TOTAL 0
31	RECEIVED_RADIO_1 0
31	RECEIVED_RADIO_2 86
31	SENT_RADIO_1 0
31	SENT_RADIO_2 0
31	RADIO_TIME_1 29811
31	RADIO_TIME_2 29578
31	RETRANSMISSIONS_1 858
31	RETRANSMISSIONS_2 0
31	DROPPED_1 87
31	DROPPED_2 0
31	MAX_QUEUE 3
31	DUPLICATED_1 0
31	DUPLICATED_2 1
31	EBUSY_RADIO_1 0
31	EBUSY_RADIO_2 0
31	TEST_NUMBER 6
31	SENT_TOTAL 0
31	RECEIVED_TOTAL 0
31	TIME_TOTAL 0
31	RECEIVED_RADIO_1 0
31	RECEIVED_RADIO_2 87
31	SENT_RADIO_1 0
31	SENT_RADIO_2 0
31	RADIO_TIME_1 29216
31	RADIO_TIME_2 29130
31	RETRANSMISSIONS_1 867
31	RETRANSMISSIONS_2 0
31	DROPPED_1 87
31	DROPPED_2 0
31	MAX_QUEUE 3
31	DUPLICATED_1 0
31	DUPLICATED_2 2
31	EBUSY_RADIO_1 0
31	EBUSY_RADIO_2 0

40	RELAY_NODE 40
40	TEST_NUMBER 0
40	SENT_TOTAL 0
40	RECEIVED_TOTAL 0
40	TIME_TOTAL 0
40	RECEIVED_RADIO_1 84
40	RECEIVED_RADIO_2 0
40	SENT_RADIO_1 0
40	SENT_RADIO_2 1
40	RADIO_TIME_1 16831
40	RADIO_TIME_2 16915
40	RETRANSMISSIONS_1 0
40	RETRANSMISSIONS_2 807
40	DROPPED_1 0
40	DROPPED_2 80
40	MAX_QUEUE 3
40	DUPLICATED_1 4
40	DUPLICATED_2 0
40	EBUSY_RADIO_1 0
40	EBUSY_RADIO_2 0
40	TEST_NUMBER 1
40	SENT_TOTAL 0
40	RECEIVED_TOTAL 0
40	TIME_TOTAL 0
40	RECEIVED_RADIO_1 154
40	RECEIVED_RADIO_2 0
40	SENT_RADIO_1 0
40	SENT_RADIO_2 0
40	RADIO_TIME_1 29491
40	RADIO_TIME_2 29637
40	RETRANSMISSIONS_1 0
40	RETRANSMISSIONS_2 1545
40	DROPPED_1 0
40	DROPPED_2 156
40	MAX_QUEUE 52
40	DUPLICATED_1 15
40	DUPLICATED_2 0
40	EBUSY_RADIO_1 0
40	EBUSY_RADIO_2 0
40	TEST_NUMBER 2
40	SENT_TOTAL 0
40	RECEIVED_TOTAL 0
40	TIME_TOTAL 0
40	RECEIVED_RADIO_1 3
40	RECEIVED_RADIO_2 0
40	SENT_RADIO_1 0
40	SENT_RADIO_2 0
40	RADIO_TIME_1 188
40	RADIO_TIME_2 321
40	RETRANSMISSIONS_1 0
40	RETRANSMISSIONS_2 30
40	DROPPED_1 0
40	DROPPED_2 3
40	MAX_QUEUE 2
40	DUPLICATED_1 0
40	DUPLICATED_2 0
40	EBUSY_RADIO_1 0
40	EBUSY_RADIO_2 0
40	TEST_NUMBER 3
40	SENT_TOTAL 0
40	RECEIVED_TOTAL 0
40	TIME_TOTAL 0
40	RECEIVED_RADIO_1 0
40	RECEIVED_RADIO_2 0
40	SENT_RADIO_1 0
40	SENT_RADIO_2 0
40	RADIO_TIME_1 24559
40	RADIO_TIME_2 24693
40	RETRANSMISSIONS_1 0
40	RETRANSMISSIONS_2 0
40	DROPPED_1 0
40	DROPPED_2 0
40	MAX_QUEUE 0
40	DUPLICATED_1 0
40	DUPLICATED_2 0
40	EBUSY_RADIO_1 0
40	EBUSY_RADIO_2 0
40	TEST_NUMBER 4
40	SENT_TOTAL 0
40	RECEIVED_TOTAL 0
40	TIME_TOTAL 0
40	RECEIVED_RADIO_1 0
40	RECEIVED_RADIO_2 0
40	SENT_RADIO_1 0
40	SENT_RADIO_2 0
40	RADIO_TIME_1 24559
40	RADIO_TIME_2 24693
40	RETRANSMISSIONS_1 0
40	RETRANSMISSIONS_2 0
40	DROPPED_1 0
40	DROPPED_2 0
40	MAX_QUEUE 0
40	DUPLICATED_1 0
40	DUPLICATED_2 0
40	EBUSY_RADIO_1 0
40	EBUSY_RADIO_2 0
40	TEST_NUMBER 5
40	SENT_TOTAL 0
40	RECEIVED_TOTAL 0
40	TIME_TOTAL 0
40	RECEIVED_RADIO_1 0
40	RECEIVED_RADIO_2 0
40	SENT_RADIO_1 0
40	SENT_RADIO_2 0
40	RADIO_TIME_1 24559
40	RADIO_TIME_2 24693
40	RETRANSMISSIONS_1 0
40	RETRANSMISSIONS_2 0
40	DROPPED_1 0
40	DROPPED_2 0
40	MAX_QUEUE 0
40	DUPLICATED_1 0
40	DUPLICATED_2 0
40	EBUSY_RADIO_1 0
40	EBUSY_RADIO_2 0
40	TEST_NUMBER 6
40	SENT_TOTAL 0
40	RECEIVED_TOTAL 0
40	TIME_TOTAL 0
40	RECEIVED_RADIO_1 0
40	RECEIVED_RADIO_2 0
40	SENT_RADIO_1 0
40	SENT_RADIO_2 0
40	RADIO_TIME_1 24559
40	RADIO_TIME_2 24693
40	RETRANSMISSIONS_1 0
40	RETRANSMISSIONS_2 0
40	DROPPED_1 0
40	DROPPED_2 0
40	MAX_QUEUE 0
40	DUPLICATED_1 0
40	DUPLICATED_2 0
40	EBUSY_RADIO_1 0
40	EBUSY_RADIO_2 0

59	RELAY_NODE 59
59	TEST_NUMBER 0
59	SENT_TOTAL 0
59	RECEIVED_TOTAL 0
59	TIME_TOTAL 0
59	RECEIVED_RADIO_1 78
59	RECEIVED_RADIO_2 161
59	SENT_RADIO_1 159
59	SENT_RADIO_2 79
59	RADIO_TIME_1 16853
59	RADIO_TIME_2 16853
59	RETRANSMISSIONS_1 35
59	RETRANSMISSIONS_2 5
59	DROPPED_1 1
59	DROPPED_2 0
59	MAX_QUEUE 3
59	DUPLICATED_1 7
59	DUPLICATED_2 8
59	EBUSY_RADIO_1 0
59	EBUSY_RADIO_2 0
59	TEST_NUMBER 1
59	SENT_TOTAL 0
59	RECEIVED_TOTAL 0
59	TIME_TOTAL 0
59	RECEIVED_RADIO_1 125
59	RECEIVED_RADIO_2 184
59	SENT_RADIO_1 183
59	SENT_RADIO_2 126
59	RADIO_TIME_1 29803
59	RADIO_TIME_2 29803
59	RETRANSMISSIONS_1 20
59	RETRANSMISSIONS_2 19
59	DROPPED_1 0
59	DROPPED_2 0
59	MAX_QUEUE 8
59	DUPLICATED_1 40
59	DUPLICATED_2 4
59	EBUSY_RADIO_1 0
59	EBUSY_RADIO_2 2
59	TEST_NUMBER 2
59	SENT_TOTAL 0
59	RECEIVED_TOTAL 0
59	TIME_TOTAL 0
59	RECEIVED_RADIO_1 120
59	RECEIVED_RADIO_2 179
59	SENT_RADIO_1 177
59	SENT_RADIO_2 122
59	RADIO_TIME_1 29660
59	RADIO_TIME_2 29660
59	RETRANSMISSIONS_1 29
59	RETRANSMISSIONS_2 10
59	DROPPED_1 0
59	DROPPED_2 0
59	MAX_QUEUE 4
59	DUPLICATED_1 39
59	DUPLICATED_2 2
59	EBUSY_RADIO_1 0
59	EBUSY_RADIO_2 0
59	TEST_NUMBER 3
59	SENT_TOTAL 0
59	RECEIVED_TOTAL 0
59	TIME_TOTAL 0
59	RECEIVED_RADIO_1 74
59	RECEIVED_RADIO_2 159
59	SENT_RADIO_1 158
59	SENT_RADIO_2 74
59	RADIO_TIME_1 29456
59	RADIO_TIME_2 29456
59	RETRANSMISSIONS_1 34
59	RETRANSMISSIONS_2 16
59	DROPPED_1 1
59	DROPPED_2 0
59	MAX_QUEUE 2
59	DUPLICATED_1 10
59	DUPLICATED_2 6
59	EBUSY_RADIO_1 0
59	EBUSY_RADIO_2 0
59	TEST_NUMBER 4
59	SENT_TOTAL 0
59	RECEIVED_TOTAL 0
59	TIME_TOTAL 0
59	RECEIVED_RADIO_1 89
59	RECEIVED_RADIO_2 188
59	SENT_RADIO_1 188
59	SENT_RADIO_2 89
59	RADIO_TIME_1 29703
59	RADIO_TIME_2 29703
59	RETRANSMISSIONS_1 26
59	RETRANSMISSIONS_2 7
59	DROPPED_1 0
59	DROPPED_2 0
59	MAX_QUEUE 2
59	DUPLICATED_1 9
59	DUPLICATED_2 6
59	EBUSY_RADIO_1 0
59	EBUSY_RADIO_2 0
59	TEST_NUMBER 5
59	SENT_TOTAL 0
59	RECEIVED_TOTAL 0
59	TIME_TOTAL 0
59	RECEIVED_RADIO_1 73
59	RECEIVED_RADIO_2 160
59	SENT_RADIO_1 157
59	SENT_RADIO_2 73
59	RADIO_TIME_1 29736
59	RADIO_TIME_2 29736
59	RETRANSMISSIONS_1 36
59	RETRANSMISSIONS_2 7
59	DROPPED_1 2
59	DROPPED_2 0
59	MAX_QUEUE 2
59	DUPLICATED_1 15
59	DUPLICATED_2 6
59	EBUSY_RADIO_1 0
59	EBUSY_RADIO_2 0
59	TEST_NUMBER 6
59	SENT_TOTAL 0
59	RECEIVED_TOTAL 0
59	TIME_TOTAL 0
59	RECEIVED_RADIO_1 79
59	RECEIVED_RADIO_2 167
59	SENT_RADIO_1 166
59	SENT_RADIO_2 79
59	RADIO_TIME_1 29853
59	RADIO_TIME_2 29853
59	RETRANSMISSIONS_1 36
59	RETRANSMISSIONS_2 24
59	DROPPED_1 1
59	DROPPED_2 0
59	MAX_QUEUE 2
59	DUPLICATED_1 10
59	DUPLICATED_2 6
59	EBUSY_RADIO_1 0
59	EBUSY_RADIO_2 0

60	DESTINATION_NODE 60
60	TEST_NUMBER 0
60	SENT_TOTAL 159
60	RECEIVED_TOTAL 159
60	TIME_TOTAL 16660
60	RECEIVED_RADIO_1 157
60	RECEIVED_RADIO_2 2
60	SENT_RADIO_1 77
60	SENT_RADIO_2 82
60	RADIO_TIME_1 16660
60	RADIO_TIME_2 16415
60	RETRANSMISSIONS_1 8
60	RETRANSMISSIONS_2 1
60	DROPPED_1 0
60	DROPPED_2 0
60	MAX_QUEUE 1
60	DUPLICATED_1 24
60	DUPLICATED_2 0
60	EBUSY_RADIO_1 0
60	EBUSY_RADIO_2 1
60	86 0
60	86 0
60	86 0
60	86 0
60	86 0
60	86 0
60	86 0
60	86 0
60	86 0
60	86 0
60	86 0
60	86 0
60	86 0
60	86 0
60	86 0
60	86 0
60	86 0
60	86 0
60	86 0
60	86 0
60	86 0
60	86 0
60	86 0
60	86 0
60	86 0
60	86 0
60	86 0
60	86 0
60	86 0
60	86 0
60	86 0
60	86 0
60	86 0
60	86 0
60	86 0
60	86 0
60	86 0
60	86 0
60	86 0
60	86 0
60	86 0
60	86 0
60	86 0
60	86 0
60	86 0
60	86 0
60	86 0
60	86 0
60	86 0
60	86 0
60	86 0
60	86 0
60	86 0
60	86 0
60	86 0
60	86 0
60	86 0
60	86 0
60	86 0
60	86 0
60	86 0
60	86 0
60	86 0
60	86 0
60	86 0
60	86 0
60	86 0
60	86 0
60	86 0
60	86 0
60	86 0
60	86 0
60	86 0
60	86 0
60	86 0
60	86 0
60	86 0
60	86 0
60	86 0
60	86 0
60	86 0
60	86 0
60	86 0
60	86 0
60	86 0
60	86 0
60	86 0
60	86 0
60	86 0
60	86 0
60	86 0
60	86 0
60	86 0
60	86 0
60	86 0
60	86 0
60	86 0
60	86 0
60	86 0
60	86 0
60	86 0
60	86 0
60	86 0
60	86 0
60	86 0
60	86 0
60	86 0
60	86 0
60	86 0
60	86 0
60	86 0
60	86 0
60	86 0
60	86 0
60	86 0
60	86 0
60	86 0
60	86 0
60	86 0
60	86 0
60	86 0
60	86 0
60	86 0
60	86 0
60	TEST_NUMBER 1
60	SENT_TOTAL 280
60	RECEIVED_TOTAL 158
60	TIME_TOTAL 29645
60	RECEIVED_RADIO_1 436
60	RECEIVED_RADIO_2 1
60	SENT_RADIO_1 126
60	SENT_RADIO_2 155
60	RADIO_TIME_1 29663
60	RADIO_TIME_2 29655
60	RETRANSMISSIONS_1 45
60	RETRANSMISSIONS_2 23
60	DROPPED_1 0
60	DROPPED_2 0
60	MAX_QUEUE 98
60	DUPLICATED_1 19
60	DUPLICATED_2 0
60	EBUSY_RADIO_1 0
60	EBUSY_RADIO_2 3
60	86 1
60	86 1
60	86 1
60	86 1
60	86 1
60	86 1
60	86 1
60	86 1
60	86 1
60	86 1
60	86 1
60	86 1
60	86 1
60	86 1
60	86 1
60	86 1
60	86 1
60	86 1
60	86 1
60	86 1
60	86 1
60	86 1
60	86 1
60	86 1
60	86 1
60	86 1
60	86 1
60	86 1
60	86 1
60	86 1
60	TEST_NUMBER 2
60	SENT_TOTAL 277
60	RECEIVED_TOTAL 404
60	TIME_TOTAL 29798
60	RECEIVED_RADIO_1 432
60	RECEIVED_RADIO_2 2
60	SENT_RADIO_1 119
60	SENT_RADIO_2 159
60	RADIO_TIME_1 29798
60	RADIO_TIME_2 29659
60	RETRANSMISSIONS_1 51
60	RETRANSMISSIONS_2 12
60	DROPPED_1 0
60	DROPPED_2 0
60	MAX_QUEUE 98
60	DUPLICATED_1 24
60	DUPLICATED_2 0
60	EBUSY_RADIO_1 3
60	EBUSY_RADIO_2 1
60	86 2
60	86 2
60	86 2
60	86 2
60	86 2
60	86 2
60	86 2
60	86 2
60	86 2
60	86 2
60	86 2
60	86 2
60	86 2
60	86 2
60	86 2
60	86 2
60	86 2
60	86 2
60	86 2
60	86 2
60	86 2
60	86 2
60	86 2
60	86 2
60	86 2
60	86 2
60	86 2
60	86 2
60	86 2
60	86 2
60	TEST_NUMBER 3
60	SENT_TOTAL 161
60	RECEIVED_TOTAL 131
60	TIME_TOTAL 29684
60	RECEIVED_RADIO_1 160
60	RECEIVED_RADIO_2 1
60	SENT_RADIO_1 75
60	SENT_RADIO_2 86
60	RADIO_TIME_1 29684
60	RADIO_TIME_2 29519
60	RETRANSMISSIONS_1 13
60	RETRANSMISSIONS_2 3
60	DROPPED_1 0
60	DROPPED_2 0
60	MAX_QUEUE 2
60	DUPLICATED_1 24
60	DUPLICATED_2 2
60	EBUSY_RADIO_1 0
60	EBUSY_RADIO_2 0
60	86 3
60	86 3
60	86 3
60	86 3
60	86 3
60	86 3
60	86 3
60	86 3
60	86 3
60	86 3
60	86 3
60	86 3
60	86 3
60	86 3
60	86 3
60	86 3
60	86 3
60	86 3
60	86 3
60	86 3
60	86 3
60	86 3
60	86 3
60	86 3
60	86 3
60	86 3
60	TEST_NUMBER 4
60	SENT_TOTAL 186
60	RECEIVED_TOTAL 160
60	TIME_TOTAL 29468
60	RECEIVED_RADIO_1 186
60	RECEIVED_RADIO_2 0
60	SENT_RADIO_1 88
60	SENT_RADIO_2 98
60	RADIO_TIME_1 29468
60	RADIO_TIME_2 29468
60	RETRANSMISSIONS_1 11
60	RETRANSMISSIONS_2 2
60	DROPPED_1 0
60	DROPPED_2 0
60	MAX_QUEUE 1
60	DUPLICATED_1 26
60	DUPLICATED_2 0
60	EBUSY_RADIO_1 0
60	EBUSY_RADIO_2 0
60	86 4
60	86 4
60	86 4
60	86 4
60	86 4
60	86 4
60	86 4
60	86 4
60	86 4
60	86 4
60	86 4
60	86 4
60	86 4
60	86 4
60	86 4
60	86 4
60	86 4
60	86 4
60	86 4
60	86 4
60	86 4
60	86 4
60	86 4
60	86 4
60	86 4
60	86 4
60	86 4
60	86 4
60	TEST_NUMBER 5
60	SENT_TOTAL 159
60	RECEIVED_TOTAL 131
60	TIME_TOTAL 29644
60	RECEIVED_RADIO_1 157
60	RECEIVED_RADIO_2 2
60	SENT_RADIO_1 73
60	SENT_RADIO_2 86
60	RADIO_TIME_1 29644
60	RADIO_TIME_2 29578
60	RETRANSMISSIONS_1 18
60	RETRANSMISSIONS_2 3
60	DROPPED_1 0
60	DROPPED_2 0
60	MAX_QUEUE 2
60	DUPLICATED_1 15
60	DUPLICATED_2 0
60	EBUSY_RADIO_1 2
60	EBUSY_RADIO_2 0
60	86 5
60	86 5
60	86 5
60	86 5
60	86 5
60	86 5
60	86 5
60	86 5
60	86 5
60	86 5
60	86 5
60	86 5
60	86 5
60	86 5
60	86 5
60	86 5
60	86 5
60	86 5
60	86 5
60	86 5
60	86 5
60	86 5
60	86 5
60	86 5
60	86 5
60	86 5
60	86 5
60	86 5
60	86 5
60	86 5
60	TEST_NUMBER 6
60	SENT_TOTAL 167
60	RECEIVED_TOTAL 137
60	TIME_TOTAL 29341
60	RECEIVED_RADIO_1 166
60	RECEIVED_RADIO_2 1
60	SENT_RADIO_1 79
60	SENT_RADIO_2 87
60	RADIO_TIME_1 29341
60	RADIO_TIME_2 29130
60	RETRANSMISSIONS_1 14
60	RETRANSMISSIONS_2 5
60	DROPPED_1 0
60	DROPPED_2 0
60	MAX_QUEUE 1
60	DUPLICATED_1 25
60	DUPLICATED_2 0
60	EBUSY_RADIO_1 0
60	EBUSY_RADIO_2 0
60	86 6
60	86 6
60	86 6
60	86 6
60	86 6
60	86 6
60	86 6
60	86 6
60	86 6
60	86 6
60	86 6
60	86 6
60	86 6
60	86 6
60	86 6
60	86 6
60	86 6
60	86 6
60	86 6
60	86 6
60	86 6
60	86 6

61	RELAY_NODE 61
61	TEST_NUMBER 0
61	SENT_TOTAL 0
61	RECEIVED_TOTAL 0
61	TIME_TOTAL 0
61	RECEIVED_RADIO_1 171
61	RECEIVED_RADIO_2 81
61	SENT_RADIO_1 81
61	SENT_RADIO_2 171
61	RADIO_TIME_1 17865
61	RADIO_TIME_2 17865
61	RETRANSMISSIONS_1 2
61	RETRANSMISSIONS_2 13
61	DROPPED_1 0
61	DROPPED_2 0
61	MAX_QUEUE 1
61	DUPLICATED_1 4
61	DUPLICATED_2 3
61	EBUSY_RADIO_1 0
61	EBUSY_RADIO_2 0
61	TEST_NUMBER 1
61	SENT_TOTAL 0
61	RECEIVED_TOTAL 0
61	TIME_TOTAL 0
61	RECEIVED_RADIO_1 187
61	RECEIVED_RADIO_2 126
61	SENT_RADIO_1 122
61	SENT_RADIO_2 183
61	RADIO_TIME_1 29815
61	RADIO_TIME_2 29816
61	RETRANSMISSIONS_1 73
61	RETRANSMISSIONS_2 48
61	DROPPED_1 4
61	DROPPED_2 4
61	MAX_QUEUE 10
61	DUPLICATED_1 13
61	DUPLICATED_2 7
61	EBUSY_RADIO_1 0
61	EBUSY_RADIO_2 2
61	TEST_NUMBER 2
61	SENT_TOTAL 0
61	RECEIVED_TOTAL 0
61	TIME_TOTAL 0
61	RECEIVED_RADIO_1 187
61	RECEIVED_RADIO_2 120
61	SENT_RADIO_1 119
61	SENT_RADIO_2 181
61	RADIO_TIME_1 29769
61	RADIO_TIME_2 29769
61	RETRANSMISSIONS_1 16
61	RETRANSMISSIONS_2 107
61	DROPPED_1 0
61	DROPPED_2 6
61	MAX_QUEUE 2
61	DUPLICATED_1 12
61	DUPLICATED_2 5
61	EBUSY_RADIO_1 0
61	EBUSY_RADIO_2 0
61	TEST_NUMBER 3
61	SENT_TOTAL 0
61	RECEIVED_TOTAL 0
61	TIME_TOTAL 0
61	RECEIVED_RADIO_1 189
61	RECEIVED_RADIO_2 72
61	SENT_RADIO_1 68
61	SENT_RADIO_2 158
61	RADIO_TIME_1 29713
61	RADIO_TIME_2 29713
61	RETRANSMISSIONS_1 104
61	RETRANSMISSIONS_2 446
61	DROPPED_1 8
61	DROPPED_2 27
61	MAX_QUEUE 3
61	DUPLICATED_1 5
61	DUPLICATED_2 4
61	EBUSY_RADIO_1 0
61	EBUSY_RADIO_2 0
61	TEST_NUMBER 4
61	SENT_TOTAL 0
61	RECEIVED_TOTAL 0
61	TIME_TOTAL 0
61	RECEIVED_RADIO_1 190
61	RECEIVED_RADIO_2 90
61	SENT_RADIO_1 90
61	SENT_RADIO_2 187
61	RADIO_TIME_1 29682
61	RADIO_TIME_2 29682
61	RETRANSMISSIONS_1 13
61	RETRANSMISSIONS_2 71
61	DROPPED_1 1
61	DROPPED_2 3
61	MAX_QUEUE 2
61	DUPLICATED_1 13
61	DUPLICATED_2 3
61	EBUSY_RADIO_1 0
61	EBUSY_RADIO_2 0
61	TEST_NUMBER 5
61	SENT_TOTAL 0
61	RECEIVED_TOTAL 0
61	TIME_TOTAL 0
61	RECEIVED_RADIO_1 190
61	RECEIVED_RADIO_2 72
61	SENT_RADIO_1 67
61	SENT_RADIO_2 160
61	RADIO_TIME_1 29840
61	RADIO_TIME_2 29839
61	RETRANSMISSIONS_1 76
61	RETRANSMISSIONS_2 497
61	DROPPED_1 6
61	DROPPED_2 28
61	MAX_QUEUE 3
61	DUPLICATED_1 9
61	DUPLICATED_2 4
61	EBUSY_RADIO_1 0
61	EBUSY_RADIO_2 0
61	TEST_NUMBER 6
61	SENT_TOTAL 0
61	RECEIVED_TOTAL 0
61	TIME_TOTAL 0
61	RECEIVED_RADIO_1 185
61	RECEIVED_RADIO_2 76
61	SENT_RADIO_1 69
61	SENT_RADIO_2 164
61	RADIO_TIME_1 29656
61	RADIO_TIME_2 29757
61	RETRANSMISSIONS_1 138
61	RETRANSMISSIONS_2 491
61	DROPPED_1 12
61	DROPPED_2 16
61	MAX_QUEUE 4
61	DUPLICATED_1 6
61	DUPLICATED_2 9
61	EBUSY_RADIO_1 0
61	EBUSY_RADIO_2 2

66	RELAY_NODE 66
66	TEST_NUMBER 0
66	SENT_TOTAL 0
66	RECEIVED_TOTAL 0
66	TIME_TOTAL 0
66	RECEIVED_RADIO_1 83
66	RECEIVED_RADIO_2 175
66	SENT_RADIO_1 175
66	SENT_RADIO_2 83
66	RADIO_TIME_1 18333
66	RADIO_TIME_2 18333
66	RETRANSMISSIONS_1 14
66	RETRANSMISSIONS_2 0
66	DROPPED_1 0
66	DROPPED_2 0
66	MAX_QUEUE 2
66	DUPLICATED_1 1
66	DUPLICATED_2 3
66	EBUSY_RADIO_1 0
66	EBUSY_RADIO_2 0
66	TEST_NUMBER 1
66	SENT_TOTAL 0
66	RECEIVED_TOTAL 0
66	TIME_TOTAL 0
66	RECEIVED_RADIO_1 122
66	RECEIVED_RADIO_2 189
66	SENT_RADIO_1 187
66	SENT_RADIO_2 122
66	RADIO_TIME_1 29803
66	RADIO_TIME_2 29803
66	RETRANSMISSIONS_1 38
66	RETRANSMISSIONS_2 11
66	DROPPED_1 0
66	DROPPED_2 1
66	MAX_QUEUE 3
66	DUPLICATED_1 23
66	DUPLICATED_2 3
66	EBUSY_RADIO_1 0
66	EBUSY_RADIO_2 0
66	TEST_NUMBER 2
66	SENT_TOTAL 0
66	RECEIVED_TOTAL 0
66	TIME_TOTAL 0
66	RECEIVED_RADIO_1 119
66	RECEIVED_RADIO_2 190
66	SENT_RADIO_1 187
66	SENT_RADIO_2 113
66	RADIO_TIME_1 29730
66	RADIO_TIME_2 29730
66	RETRANSMISSIONS_1 112
66	RETRANSMISSIONS_2 43
66	DROPPED_1 6
66	DROPPED_2 4
66	MAX_QUEUE 11
66	DUPLICATED_1 10
66	DUPLICATED_2 3
66	EBUSY_RADIO_1 1
66	EBUSY_RADIO_2 0
66	TEST_NUMBER 3
66	SENT_TOTAL 0
66	RECEIVED_TOTAL 0
66	TIME_TOTAL 0
66	RECEIVED_RADIO_1 67
66	RECEIVED_RADIO_2 189
66	SENT_RADIO_1 189
66	SENT_RADIO_2 67
66	RADIO_TIME_1 29723
66	RADIO_TIME_2 29723
66	RETRANSMISSIONS_1 7
66	RETRANSMISSIONS_2 1
66	DROPPED_1 0
66	DROPPED_2 0
66	MAX_QUEUE 1
66	DUPLICATED_1 21
66	DUPLICATED_2 2
66	EBUSY_RADIO_1 0
66	EBUSY_RADIO_2 0
66	TEST_NUMBER 4
66	SENT_TOTAL 0
66	RECEIVED_TOTAL 0
66	TIME_TOTAL 0
66	RECEIVED_RADIO_1 91
66	RECEIVED_RADIO_2 192
66	SENT_RADIO_1 192
66	SENT_RADIO_2 91
66	RADIO_TIME_1 29814
66	RADIO_TIME_2 29812
66	RETRANSMISSIONS_1 13
66	RETRANSMISSIONS_2 0
66	DROPPED_1 0
66	DROPPED_2 0
66	MAX_QUEUE 1
66	DUPLICATED_1 2
66	DUPLICATED_2 2
66	EBUSY_RADIO_1 0
66	EBUSY_RADIO_2 0
66	TEST_NUMBER 5
66	SENT_TOTAL 0
66	RECEIVED_TOTAL 0
66	TIME_TOTAL 0
66	RECEIVED_RADIO_1 68
66	RECEIVED_RADIO_2 189
66	SENT_RADIO_1 189
66	SENT_RADIO_2 67
66	RADIO_TIME_1 29786
66	RADIO_TIME_2 29786
66	RETRANSMISSIONS_1 10
66	RETRANSMISSIONS_2 0
66	DROPPED_1 0
66	DROPPED_2 0
66	MAX_QUEUE 2
66	DUPLICATED_1 13
66	DUPLICATED_2 7
66	EBUSY_RADIO_1 0
66	EBUSY_RADIO_2 0
66	TEST_NUMBER 6
66	SENT_TOTAL 0
66	RECEIVED_TOTAL 0
66	TIME_TOTAL 0
66	RECEIVED_RADIO_1 67
66	RECEIVED_RADIO_2 187
66	SENT_RADIO_1 186
66	SENT_RADIO_2 68
66	RADIO_TIME_1 29653
66	RADIO_TIME_2 29649
66	RETRANSMISSIONS_1 64
66	RETRANSMISSIONS_2 10
66	DROPPED_1 0
66	DROPPED_2 1
66	MAX_QUEUE 2
66	DUPLICATED_1 17
66	DUPLICATED_2 5
66	EBUSY_RADIO_1 1
66	EBUSY_RADIO_2 0
